Timeslice,Start_NS,End_NS,Metric,Unit,Stat,Value
0,1780552934323170560,1780552935323170560,Active Decode Throughput,tokens/sec,avg,30.00
0,1780552934323170560,1780552935323170560,Active Decode Throughput,tokens/sec,min,29.99
0,1780552934323170560,1780552935323170560,Active Decode Throughput,tokens/sec,max,60.01
0,1780552934323170560,1780552935323170560,Active Decode Throughput,tokens/sec,p50,30.00
0,1780552934323170560,1780552935323170560,Active Decode Throughput,tokens/sec,p90,30.01
0,1780552934323170560,1780552935323170560,Active Decode Throughput,tokens/sec,p95,30.01
0,1780552934323170560,1780552935323170560,Active Decode Throughput,tokens/sec,p99,30.01
0,1780552934323170560,1780552935323170560,Active Decode Throughput,tokens/sec,std,0.04
0,1780552934323170560,1780552935323170560,Active Decode Throughput Per User,tokens/sec/user,avg,30.00
0,1780552934323170560,1780552935323170560,Active Decode Throughput Per User,tokens/sec/user,min,29.99
0,1780552934323170560,1780552935323170560,Active Decode Throughput Per User,tokens/sec/user,max,60.01
0,1780552934323170560,1780552935323170560,Active Decode Throughput Per User,tokens/sec/user,p50,30.00
0,1780552934323170560,1780552935323170560,Active Decode Throughput Per User,tokens/sec/user,p90,30.01
0,1780552934323170560,1780552935323170560,Active Decode Throughput Per User,tokens/sec/user,p95,30.01
0,1780552934323170560,1780552935323170560,Active Decode Throughput Per User,tokens/sec/user,p99,30.01
0,1780552934323170560,1780552935323170560,Active Decode Throughput Per User,tokens/sec/user,std,0.04
0,1780552934323170560,1780552935323170560,Active Prefill Throughput,tokens/sec,avg,180286.70
0,1780552934323170560,1780552935323170560,Active Prefill Throughput,tokens/sec,min,180286.70
0,1780552934323170560,1780552935323170560,Active Prefill Throughput,tokens/sec,max,180286.70
0,1780552934323170560,1780552935323170560,Active Prefill Throughput,tokens/sec,p50,180286.70
0,1780552934323170560,1780552935323170560,Active Prefill Throughput,tokens/sec,p90,180286.70
0,1780552934323170560,1780552935323170560,Active Prefill Throughput,tokens/sec,p95,180286.70
0,1780552934323170560,1780552935323170560,Active Prefill Throughput,tokens/sec,p99,180286.70
0,1780552934323170560,1780552935323170560,Active Prefill Throughput,tokens/sec,std,0.00
0,1780552934323170560,1780552935323170560,Active Prefill Throughput Per User,tokens/sec/user,avg,180286.70
0,1780552934323170560,1780552935323170560,Active Prefill Throughput Per User,tokens/sec/user,min,180286.70
0,1780552934323170560,1780552935323170560,Active Prefill Throughput Per User,tokens/sec/user,max,180286.70
0,1780552934323170560,1780552935323170560,Active Prefill Throughput Per User,tokens/sec/user,p50,180286.70
0,1780552934323170560,1780552935323170560,Active Prefill Throughput Per User,tokens/sec/user,p90,180286.70
0,1780552934323170560,1780552935323170560,Active Prefill Throughput Per User,tokens/sec/user,p95,180286.70
0,1780552934323170560,1780552935323170560,Active Prefill Throughput Per User,tokens/sec/user,p99,180286.70
0,1780552934323170560,1780552935323170560,Active Prefill Throughput Per User,tokens/sec/user,std,0.00
0,1780552934323170560,1780552935323170560,Active Total Throughput,tokens/sec,avg,122488.81
0,1780552934323170560,1780552935323170560,Active Total Throughput,tokens/sec,min,5.64
0,1780552934323170560,1780552935323170560,Active Total Throughput,tokens/sec,max,180286.70
0,1780552934323170560,1780552935323170560,Active Total Throughput,tokens/sec,p50,180286.70
0,1780552934323170560,1780552935323170560,Active Total Throughput,tokens/sec,p90,180286.70
0,1780552934323170560,1780552935323170560,Active Total Throughput,tokens/sec,p95,180286.70
0,1780552934323170560,1780552935323170560,Active Total Throughput,tokens/sec,p99,180286.70
0,1780552934323170560,1780552935323170560,Active Total Throughput,tokens/sec,std,84138.39
0,1780552934323170560,1780552935323170560,Benchmark Duration,sec,avg,112.29
0,1780552934323170560,1780552935323170560,E2E Output Token Throughput,tokens/sec/user,avg,5.62
0,1780552934323170560,1780552935323170560,E2E Output Token Throughput,tokens/sec/user,min,5.62
0,1780552934323170560,1780552935323170560,E2E Output Token Throughput,tokens/sec/user,max,5.62
0,1780552934323170560,1780552935323170560,E2E Output Token Throughput,tokens/sec/user,sum,5.62
0,1780552934323170560,1780552935323170560,E2E Output Token Throughput,tokens/sec/user,p1,5.62
0,1780552934323170560,1780552935323170560,E2E Output Token Throughput,tokens/sec/user,p5,5.62
0,1780552934323170560,1780552935323170560,E2E Output Token Throughput,tokens/sec/user,p10,5.62
0,1780552934323170560,1780552935323170560,E2E Output Token Throughput,tokens/sec/user,p25,5.62
0,1780552934323170560,1780552935323170560,E2E Output Token Throughput,tokens/sec/user,p50,5.62
0,1780552934323170560,1780552935323170560,E2E Output Token Throughput,tokens/sec/user,p75,5.62
0,1780552934323170560,1780552935323170560,E2E Output Token Throughput,tokens/sec/user,p90,5.62
0,1780552934323170560,1780552935323170560,E2E Output Token Throughput,tokens/sec/user,p95,5.62
0,1780552934323170560,1780552935323170560,E2E Output Token Throughput,tokens/sec/user,p99,5.62
0,1780552934323170560,1780552935323170560,E2E Output Token Throughput,tokens/sec/user,std,0.00
0,1780552934323170560,1780552935323170560,Effective Concurrency,requests,avg,1.00
0,1780552934323170560,1780552935323170560,Effective Concurrency,requests,min,1.00
0,1780552934323170560,1780552935323170560,Effective Concurrency,requests,max,1.00
0,1780552934323170560,1780552935323170560,Effective Concurrency,requests,p50,1.00
0,1780552934323170560,1780552935323170560,Effective Concurrency,requests,p90,1.00
0,1780552934323170560,1780552935323170560,Effective Concurrency,requests,p95,1.00
0,1780552934323170560,1780552935323170560,Effective Concurrency,requests,p99,1.00
0,1780552934323170560,1780552935323170560,Effective Concurrency,requests,std,0.00
0,1780552934323170560,1780552935323170560,Effective Decode Concurrency,requests,avg,0.32
0,1780552934323170560,1780552935323170560,Effective Decode Concurrency,requests,min,0.00
0,1780552934323170560,1780552935323170560,Effective Decode Concurrency,requests,max,1.00
0,1780552934323170560,1780552935323170560,Effective Decode Concurrency,requests,p50,0.00
0,1780552934323170560,1780552935323170560,Effective Decode Concurrency,requests,p90,1.00
0,1780552934323170560,1780552935323170560,Effective Decode Concurrency,requests,p95,1.00
0,1780552934323170560,1780552935323170560,Effective Decode Concurrency,requests,p99,1.00
0,1780552934323170560,1780552935323170560,Effective Decode Concurrency,requests,std,0.47
0,1780552934323170560,1780552935323170560,Effective Decode Throughput,tokens/sec,avg,9.62
0,1780552934323170560,1780552935323170560,Effective Decode Throughput,tokens/sec,min,0.00
0,1780552934323170560,1780552935323170560,Effective Decode Throughput,tokens/sec,max,60.01
0,1780552934323170560,1780552935323170560,Effective Decode Throughput,tokens/sec,p50,0.00
0,1780552934323170560,1780552935323170560,Effective Decode Throughput,tokens/sec,p90,30.01
0,1780552934323170560,1780552935323170560,Effective Decode Throughput,tokens/sec,p95,30.01
0,1780552934323170560,1780552935323170560,Effective Decode Throughput,tokens/sec,p99,30.01
0,1780552934323170560,1780552935323170560,Effective Decode Throughput,tokens/sec,std,14.00
0,1780552934323170560,1780552935323170560,Effective Decode Throughput Per User,tokens/sec/user,avg,9.62
0,1780552934323170560,1780552935323170560,Effective Decode Throughput Per User,tokens/sec/user,min,0.00
0,1780552934323170560,1780552935323170560,Effective Decode Throughput Per User,tokens/sec/user,max,60.01
0,1780552934323170560,1780552935323170560,Effective Decode Throughput Per User,tokens/sec/user,p50,0.00
0,1780552934323170560,1780552935323170560,Effective Decode Throughput Per User,tokens/sec/user,p90,30.01
0,1780552934323170560,1780552935323170560,Effective Decode Throughput Per User,tokens/sec/user,p95,30.01
0,1780552934323170560,1780552935323170560,Effective Decode Throughput Per User,tokens/sec/user,p99,30.01
0,1780552934323170560,1780552935323170560,Effective Decode Throughput Per User,tokens/sec/user,std,14.00
0,1780552934323170560,1780552935323170560,Effective Prefill Concurrency,requests,avg,0.68
0,1780552934323170560,1780552935323170560,Effective Prefill Concurrency,requests,min,0.00
0,1780552934323170560,1780552935323170560,Effective Prefill Concurrency,requests,max,1.00
0,1780552934323170560,1780552935323170560,Effective Prefill Concurrency,requests,p50,1.00
0,1780552934323170560,1780552935323170560,Effective Prefill Concurrency,requests,p90,1.00
0,1780552934323170560,1780552935323170560,Effective Prefill Concurrency,requests,p95,1.00
0,1780552934323170560,1780552935323170560,Effective Prefill Concurrency,requests,p99,1.00
0,1780552934323170560,1780552935323170560,Effective Prefill Concurrency,requests,std,0.47
0,1780552934323170560,1780552935323170560,Effective Prefill Throughput,tokens/sec,avg,122487.00
0,1780552934323170560,1780552935323170560,Effective Prefill Throughput,tokens/sec,min,0.00
0,1780552934323170560,1780552935323170560,Effective Prefill Throughput,tokens/sec,max,180286.70
0,1780552934323170560,1780552935323170560,Effective Prefill Throughput,tokens/sec,p50,180286.70
0,1780552934323170560,1780552935323170560,Effective Prefill Throughput,tokens/sec,p90,180286.70
0,1780552934323170560,1780552935323170560,Effective Prefill Throughput,tokens/sec,p95,180286.70
0,1780552934323170560,1780552935323170560,Effective Prefill Throughput,tokens/sec,p99,180286.70
0,1780552934323170560,1780552935323170560,Effective Prefill Throughput,tokens/sec,std,84141.02
0,1780552934323170560,1780552935323170560,Effective Prefill Throughput Per User,tokens/sec/user,avg,122487.00
0,1780552934323170560,1780552935323170560,Effective Prefill Throughput Per User,tokens/sec/user,min,0.00
0,1780552934323170560,1780552935323170560,Effective Prefill Throughput Per User,tokens/sec/user,max,180286.70
0,1780552934323170560,1780552935323170560,Effective Prefill Throughput Per User,tokens/sec/user,p50,180286.70
0,1780552934323170560,1780552935323170560,Effective Prefill Throughput Per User,tokens/sec/user,p90,180286.70
0,1780552934323170560,1780552935323170560,Effective Prefill Throughput Per User,tokens/sec/user,p95,180286.70
0,1780552934323170560,1780552935323170560,Effective Prefill Throughput Per User,tokens/sec/user,p99,180286.70
0,1780552934323170560,1780552935323170560,Effective Prefill Throughput Per User,tokens/sec/user,std,84141.02
0,1780552934323170560,1780552935323170560,Effective Total Throughput,tokens/sec,avg,122488.81
0,1780552934323170560,1780552935323170560,Effective Total Throughput,tokens/sec,min,5.64
0,1780552934323170560,1780552935323170560,Effective Total Throughput,tokens/sec,max,180286.70
0,1780552934323170560,1780552935323170560,Effective Total Throughput,tokens/sec,p50,180286.70
0,1780552934323170560,1780552935323170560,Effective Total Throughput,tokens/sec,p90,180286.70
0,1780552934323170560,1780552935323170560,Effective Total Throughput,tokens/sec,p95,180286.70
0,1780552934323170560,1780552935323170560,Effective Total Throughput,tokens/sec,p99,180286.70
0,1780552934323170560,1780552935323170560,Effective Total Throughput,tokens/sec,std,84138.39
0,1780552934323170560,1780552935323170560,HTTP Blocked,ms,avg,0.00
0,1780552934323170560,1780552935323170560,HTTP Blocked,ms,min,0.00
0,1780552934323170560,1780552935323170560,HTTP Blocked,ms,max,0.00
0,1780552934323170560,1780552935323170560,HTTP Blocked,ms,sum,0.00
0,1780552934323170560,1780552935323170560,HTTP Blocked,ms,p1,0.00
0,1780552934323170560,1780552935323170560,HTTP Blocked,ms,p5,0.00
0,1780552934323170560,1780552935323170560,HTTP Blocked,ms,p10,0.00
0,1780552934323170560,1780552935323170560,HTTP Blocked,ms,p25,0.00
0,1780552934323170560,1780552935323170560,HTTP Blocked,ms,p50,0.00
0,1780552934323170560,1780552935323170560,HTTP Blocked,ms,p75,0.00
0,1780552934323170560,1780552935323170560,HTTP Blocked,ms,p90,0.00
0,1780552934323170560,1780552935323170560,HTTP Blocked,ms,p95,0.00
0,1780552934323170560,1780552935323170560,HTTP Blocked,ms,p99,0.00
0,1780552934323170560,1780552935323170560,HTTP Blocked,ms,std,0.00
0,1780552934323170560,1780552935323170560,HTTP Chunks Received,count,avg,624.00
0,1780552934323170560,1780552935323170560,HTTP Chunks Received,count,min,624.00
0,1780552934323170560,1780552935323170560,HTTP Chunks Received,count,max,624.00
0,1780552934323170560,1780552935323170560,HTTP Chunks Received,count,sum,624.00
0,1780552934323170560,1780552935323170560,HTTP Chunks Received,count,p1,624.00
0,1780552934323170560,1780552935323170560,HTTP Chunks Received,count,p5,624.00
0,1780552934323170560,1780552935323170560,HTTP Chunks Received,count,p10,624.00
0,1780552934323170560,1780552935323170560,HTTP Chunks Received,count,p25,624.00
0,1780552934323170560,1780552935323170560,HTTP Chunks Received,count,p50,624.00
0,1780552934323170560,1780552935323170560,HTTP Chunks Received,count,p75,624.00
0,1780552934323170560,1780552935323170560,HTTP Chunks Received,count,p90,624.00
0,1780552934323170560,1780552935323170560,HTTP Chunks Received,count,p95,624.00
0,1780552934323170560,1780552935323170560,HTTP Chunks Received,count,p99,624.00
0,1780552934323170560,1780552935323170560,HTTP Chunks Received,count,std,0.00
0,1780552934323170560,1780552935323170560,HTTP Chunks Sent,count,avg,1.00
0,1780552934323170560,1780552935323170560,HTTP Chunks Sent,count,min,1.00
0,1780552934323170560,1780552935323170560,HTTP Chunks Sent,count,max,1.00
0,1780552934323170560,1780552935323170560,HTTP Chunks Sent,count,sum,1.00
0,1780552934323170560,1780552935323170560,HTTP Chunks Sent,count,p1,1.00
0,1780552934323170560,1780552935323170560,HTTP Chunks Sent,count,p5,1.00
0,1780552934323170560,1780552935323170560,HTTP Chunks Sent,count,p10,1.00
0,1780552934323170560,1780552935323170560,HTTP Chunks Sent,count,p25,1.00
0,1780552934323170560,1780552935323170560,HTTP Chunks Sent,count,p50,1.00
0,1780552934323170560,1780552935323170560,HTTP Chunks Sent,count,p75,1.00
0,1780552934323170560,1780552935323170560,HTTP Chunks Sent,count,p90,1.00
0,1780552934323170560,1780552935323170560,HTTP Chunks Sent,count,p95,1.00
0,1780552934323170560,1780552935323170560,HTTP Chunks Sent,count,p99,1.00
0,1780552934323170560,1780552935323170560,HTTP Chunks Sent,count,std,0.00
0,1780552934323170560,1780552935323170560,HTTP Connecting,ms,avg,0.84
0,1780552934323170560,1780552935323170560,HTTP Connecting,ms,min,0.84
0,1780552934323170560,1780552935323170560,HTTP Connecting,ms,max,0.84
0,1780552934323170560,1780552935323170560,HTTP Connecting,ms,sum,0.84
0,1780552934323170560,1780552935323170560,HTTP Connecting,ms,p1,0.84
0,1780552934323170560,1780552935323170560,HTTP Connecting,ms,p5,0.84
0,1780552934323170560,1780552935323170560,HTTP Connecting,ms,p10,0.84
0,1780552934323170560,1780552935323170560,HTTP Connecting,ms,p25,0.84
0,1780552934323170560,1780552935323170560,HTTP Connecting,ms,p50,0.84
0,1780552934323170560,1780552935323170560,HTTP Connecting,ms,p75,0.84
0,1780552934323170560,1780552935323170560,HTTP Connecting,ms,p90,0.84
0,1780552934323170560,1780552935323170560,HTTP Connecting,ms,p95,0.84
0,1780552934323170560,1780552935323170560,HTTP Connecting,ms,p99,0.84
0,1780552934323170560,1780552935323170560,HTTP Connecting,ms,std,0.00
0,1780552934323170560,1780552935323170560,HTTP Connection Overhead,ms,avg,0.84
0,1780552934323170560,1780552935323170560,HTTP Connection Overhead,ms,min,0.84
0,1780552934323170560,1780552935323170560,HTTP Connection Overhead,ms,max,0.84
0,1780552934323170560,1780552935323170560,HTTP Connection Overhead,ms,sum,0.84
0,1780552934323170560,1780552935323170560,HTTP Connection Overhead,ms,p1,0.84
0,1780552934323170560,1780552935323170560,HTTP Connection Overhead,ms,p5,0.84
0,1780552934323170560,1780552935323170560,HTTP Connection Overhead,ms,p10,0.84
0,1780552934323170560,1780552935323170560,HTTP Connection Overhead,ms,p25,0.84
0,1780552934323170560,1780552935323170560,HTTP Connection Overhead,ms,p50,0.84
0,1780552934323170560,1780552935323170560,HTTP Connection Overhead,ms,p75,0.84
0,1780552934323170560,1780552935323170560,HTTP Connection Overhead,ms,p90,0.84
0,1780552934323170560,1780552935323170560,HTTP Connection Overhead,ms,p95,0.84
0,1780552934323170560,1780552935323170560,HTTP Connection Overhead,ms,p99,0.84
0,1780552934323170560,1780552935323170560,HTTP Connection Overhead,ms,std,0.00
0,1780552934323170560,1780552935323170560,HTTP Connection Reused,ratio,avg,0.00
0,1780552934323170560,1780552935323170560,HTTP Connection Reused,ratio,min,0.00
0,1780552934323170560,1780552935323170560,HTTP Connection Reused,ratio,max,0.00
0,1780552934323170560,1780552935323170560,HTTP Connection Reused,ratio,sum,0.00
0,1780552934323170560,1780552935323170560,HTTP Connection Reused,ratio,p1,0.00
0,1780552934323170560,1780552935323170560,HTTP Connection Reused,ratio,p5,0.00
0,1780552934323170560,1780552935323170560,HTTP Connection Reused,ratio,p10,0.00
0,1780552934323170560,1780552935323170560,HTTP Connection Reused,ratio,p25,0.00
0,1780552934323170560,1780552935323170560,HTTP Connection Reused,ratio,p50,0.00
0,1780552934323170560,1780552935323170560,HTTP Connection Reused,ratio,p75,0.00
0,1780552934323170560,1780552935323170560,HTTP Connection Reused,ratio,p90,0.00
0,1780552934323170560,1780552935323170560,HTTP Connection Reused,ratio,p95,0.00
0,1780552934323170560,1780552935323170560,HTTP Connection Reused,ratio,p99,0.00
0,1780552934323170560,1780552935323170560,HTTP Connection Reused,ratio,std,0.00
0,1780552934323170560,1780552935323170560,HTTP Data Received,KB,avg,156.25
0,1780552934323170560,1780552935323170560,HTTP Data Received,KB,min,156.25
0,1780552934323170560,1780552935323170560,HTTP Data Received,KB,max,156.25
0,1780552934323170560,1780552935323170560,HTTP Data Received,KB,sum,156.25
0,1780552934323170560,1780552935323170560,HTTP Data Received,KB,p1,156.25
0,1780552934323170560,1780552935323170560,HTTP Data Received,KB,p5,156.25
0,1780552934323170560,1780552935323170560,HTTP Data Received,KB,p10,156.25
0,1780552934323170560,1780552935323170560,HTTP Data Received,KB,p25,156.25
0,1780552934323170560,1780552935323170560,HTTP Data Received,KB,p50,156.25
0,1780552934323170560,1780552935323170560,HTTP Data Received,KB,p75,156.25
0,1780552934323170560,1780552935323170560,HTTP Data Received,KB,p90,156.25
0,1780552934323170560,1780552935323170560,HTTP Data Received,KB,p95,156.25
0,1780552934323170560,1780552935323170560,HTTP Data Received,KB,p99,156.25
0,1780552934323170560,1780552935323170560,HTTP Data Received,KB,std,0.00
0,1780552934323170560,1780552935323170560,HTTP Data Sent,KB,avg,479.36
0,1780552934323170560,1780552935323170560,HTTP Data Sent,KB,min,479.36
0,1780552934323170560,1780552935323170560,HTTP Data Sent,KB,max,479.36
0,1780552934323170560,1780552935323170560,HTTP Data Sent,KB,sum,479.36
0,1780552934323170560,1780552935323170560,HTTP Data Sent,KB,p1,479.36
0,1780552934323170560,1780552935323170560,HTTP Data Sent,KB,p5,479.36
0,1780552934323170560,1780552935323170560,HTTP Data Sent,KB,p10,479.36
0,1780552934323170560,1780552935323170560,HTTP Data Sent,KB,p25,479.36
0,1780552934323170560,1780552935323170560,HTTP Data Sent,KB,p50,479.36
0,1780552934323170560,1780552935323170560,HTTP Data Sent,KB,p75,479.36
0,1780552934323170560,1780552935323170560,HTTP Data Sent,KB,p90,479.36
0,1780552934323170560,1780552935323170560,HTTP Data Sent,KB,p95,479.36
0,1780552934323170560,1780552935323170560,HTTP Data Sent,KB,p99,479.36
0,1780552934323170560,1780552935323170560,HTTP Data Sent,KB,std,0.00
0,1780552934323170560,1780552935323170560,HTTP DNS Lookup,ms,avg,0.00
0,1780552934323170560,1780552935323170560,HTTP DNS Lookup,ms,min,0.00
0,1780552934323170560,1780552935323170560,HTTP DNS Lookup,ms,max,0.00
0,1780552934323170560,1780552935323170560,HTTP DNS Lookup,ms,sum,0.00
0,1780552934323170560,1780552935323170560,HTTP DNS Lookup,ms,p1,0.00
0,1780552934323170560,1780552935323170560,HTTP DNS Lookup,ms,p5,0.00
0,1780552934323170560,1780552935323170560,HTTP DNS Lookup,ms,p10,0.00
0,1780552934323170560,1780552935323170560,HTTP DNS Lookup,ms,p25,0.00
0,1780552934323170560,1780552935323170560,HTTP DNS Lookup,ms,p50,0.00
0,1780552934323170560,1780552935323170560,HTTP DNS Lookup,ms,p75,0.00
0,1780552934323170560,1780552935323170560,HTTP DNS Lookup,ms,p90,0.00
0,1780552934323170560,1780552935323170560,HTTP DNS Lookup,ms,p95,0.00
0,1780552934323170560,1780552935323170560,HTTP DNS Lookup,ms,p99,0.00
0,1780552934323170560,1780552935323170560,HTTP DNS Lookup,ms,std,0.00
0,1780552934323170560,1780552935323170560,HTTP Duration (excl. conn),ms,avg,112293.78
0,1780552934323170560,1780552935323170560,HTTP Duration (excl. conn),ms,min,112293.78
0,1780552934323170560,1780552935323170560,HTTP Duration (excl. conn),ms,max,112293.78
0,1780552934323170560,1780552935323170560,HTTP Duration (excl. conn),ms,sum,112293.78
0,1780552934323170560,1780552935323170560,HTTP Duration (excl. conn),ms,p1,112293.78
0,1780552934323170560,1780552935323170560,HTTP Duration (excl. conn),ms,p5,112293.78
0,1780552934323170560,1780552935323170560,HTTP Duration (excl. conn),ms,p10,112293.78
0,1780552934323170560,1780552935323170560,HTTP Duration (excl. conn),ms,p25,112293.78
0,1780552934323170560,1780552935323170560,HTTP Duration (excl. conn),ms,p50,112293.78
0,1780552934323170560,1780552935323170560,HTTP Duration (excl. conn),ms,p75,112293.78
0,1780552934323170560,1780552935323170560,HTTP Duration (excl. conn),ms,p90,112293.78
0,1780552934323170560,1780552935323170560,HTTP Duration (excl. conn),ms,p95,112293.78
0,1780552934323170560,1780552935323170560,HTTP Duration (excl. conn),ms,p99,112293.78
0,1780552934323170560,1780552935323170560,HTTP Duration (excl. conn),ms,std,0.00
0,1780552934323170560,1780552935323170560,HTTP Receiving,ms,avg,111614.51
0,1780552934323170560,1780552935323170560,HTTP Receiving,ms,min,111614.51
0,1780552934323170560,1780552935323170560,HTTP Receiving,ms,max,111614.51
0,1780552934323170560,1780552935323170560,HTTP Receiving,ms,sum,111614.51
0,1780552934323170560,1780552935323170560,HTTP Receiving,ms,p1,111614.51
0,1780552934323170560,1780552935323170560,HTTP Receiving,ms,p5,111614.51
0,1780552934323170560,1780552935323170560,HTTP Receiving,ms,p10,111614.51
0,1780552934323170560,1780552935323170560,HTTP Receiving,ms,p25,111614.51
0,1780552934323170560,1780552935323170560,HTTP Receiving,ms,p50,111614.51
0,1780552934323170560,1780552935323170560,HTTP Receiving,ms,p75,111614.51
0,1780552934323170560,1780552935323170560,HTTP Receiving,ms,p90,111614.51
0,1780552934323170560,1780552935323170560,HTTP Receiving,ms,p95,111614.51
0,1780552934323170560,1780552935323170560,HTTP Receiving,ms,p99,111614.51
0,1780552934323170560,1780552935323170560,HTTP Receiving,ms,std,0.00
0,1780552934323170560,1780552935323170560,HTTP Sending,ms,avg,1.19
0,1780552934323170560,1780552935323170560,HTTP Sending,ms,min,1.19
0,1780552934323170560,1780552935323170560,HTTP Sending,ms,max,1.19
0,1780552934323170560,1780552935323170560,HTTP Sending,ms,sum,1.19
0,1780552934323170560,1780552935323170560,HTTP Sending,ms,p1,1.19
0,1780552934323170560,1780552935323170560,HTTP Sending,ms,p5,1.19
0,1780552934323170560,1780552935323170560,HTTP Sending,ms,p10,1.19
0,1780552934323170560,1780552935323170560,HTTP Sending,ms,p25,1.19
0,1780552934323170560,1780552935323170560,HTTP Sending,ms,p50,1.19
0,1780552934323170560,1780552935323170560,HTTP Sending,ms,p75,1.19
0,1780552934323170560,1780552935323170560,HTTP Sending,ms,p90,1.19
0,1780552934323170560,1780552935323170560,HTTP Sending,ms,p95,1.19
0,1780552934323170560,1780552935323170560,HTTP Sending,ms,p99,1.19
0,1780552934323170560,1780552935323170560,HTTP Sending,ms,std,0.00
0,1780552934323170560,1780552935323170560,HTTP Total Time,ms,avg,112294.63
0,1780552934323170560,1780552935323170560,HTTP Total Time,ms,min,112294.63
0,1780552934323170560,1780552935323170560,HTTP Total Time,ms,max,112294.63
0,1780552934323170560,1780552935323170560,HTTP Total Time,ms,sum,112294.63
0,1780552934323170560,1780552935323170560,HTTP Total Time,ms,p1,112294.63
0,1780552934323170560,1780552935323170560,HTTP Total Time,ms,p5,112294.63
0,1780552934323170560,1780552935323170560,HTTP Total Time,ms,p10,112294.63
0,1780552934323170560,1780552935323170560,HTTP Total Time,ms,p25,112294.63
0,1780552934323170560,1780552935323170560,HTTP Total Time,ms,p50,112294.63
0,1780552934323170560,1780552935323170560,HTTP Total Time,ms,p75,112294.63
0,1780552934323170560,1780552935323170560,HTTP Total Time,ms,p90,112294.63
0,1780552934323170560,1780552935323170560,HTTP Total Time,ms,p95,112294.63
0,1780552934323170560,1780552935323170560,HTTP Total Time,ms,p99,112294.63
0,1780552934323170560,1780552935323170560,HTTP Total Time,ms,std,0.00
0,1780552934323170560,1780552935323170560,HTTP Waiting (TTFB),ms,avg,678.08
0,1780552934323170560,1780552935323170560,HTTP Waiting (TTFB),ms,min,678.08
0,1780552934323170560,1780552935323170560,HTTP Waiting (TTFB),ms,max,678.08
0,1780552934323170560,1780552935323170560,HTTP Waiting (TTFB),ms,sum,678.08
0,1780552934323170560,1780552935323170560,HTTP Waiting (TTFB),ms,p1,678.08
0,1780552934323170560,1780552935323170560,HTTP Waiting (TTFB),ms,p5,678.08
0,1780552934323170560,1780552935323170560,HTTP Waiting (TTFB),ms,p10,678.08
0,1780552934323170560,1780552935323170560,HTTP Waiting (TTFB),ms,p25,678.08
0,1780552934323170560,1780552935323170560,HTTP Waiting (TTFB),ms,p50,678.08
0,1780552934323170560,1780552935323170560,HTTP Waiting (TTFB),ms,p75,678.08
0,1780552934323170560,1780552935323170560,HTTP Waiting (TTFB),ms,p90,678.08
0,1780552934323170560,1780552935323170560,HTTP Waiting (TTFB),ms,p95,678.08
0,1780552934323170560,1780552935323170560,HTTP Waiting (TTFB),ms,p99,678.08
0,1780552934323170560,1780552935323170560,HTTP Waiting (TTFB),ms,std,0.00
0,1780552934323170560,1780552935323170560,Input Sequence Length,tokens,avg,122487.00
0,1780552934323170560,1780552935323170560,Input Sequence Length,tokens,min,122487.00
0,1780552934323170560,1780552935323170560,Input Sequence Length,tokens,max,122487.00
0,1780552934323170560,1780552935323170560,Input Sequence Length,tokens,sum,122487.00
0,1780552934323170560,1780552935323170560,Input Sequence Length,tokens,p1,122487.00
0,1780552934323170560,1780552935323170560,Input Sequence Length,tokens,p5,122487.00
0,1780552934323170560,1780552935323170560,Input Sequence Length,tokens,p10,122487.00
0,1780552934323170560,1780552935323170560,Input Sequence Length,tokens,p25,122487.00
0,1780552934323170560,1780552935323170560,Input Sequence Length,tokens,p50,122487.00
0,1780552934323170560,1780552935323170560,Input Sequence Length,tokens,p75,122487.00
0,1780552934323170560,1780552935323170560,Input Sequence Length,tokens,p90,122487.00
0,1780552934323170560,1780552935323170560,Input Sequence Length,tokens,p95,122487.00
0,1780552934323170560,1780552935323170560,Input Sequence Length,tokens,p99,122487.00
0,1780552934323170560,1780552935323170560,Input Sequence Length,tokens,std,0.00
0,1780552934323170560,1780552935323170560,Input Token Throughput,tokens/sec,avg,122487.00
0,1780552934323170560,1780552935323170560,Inter Chunk Latency,ms,avg,34.03
0,1780552934323170560,1780552935323170560,Inter Chunk Latency,ms,min,33.81
0,1780552934323170560,1780552935323170560,Inter Chunk Latency,ms,max,34.28
0,1780552934323170560,1780552935323170560,Inter Chunk Latency,ms,sum,21132.14
0,1780552934323170560,1780552935323170560,Inter Chunk Latency,ms,p1,33.82
0,1780552934323170560,1780552935323170560,Inter Chunk Latency,ms,p5,33.85
0,1780552934323170560,1780552935323170560,Inter Chunk Latency,ms,p10,33.87
0,1780552934323170560,1780552935323170560,Inter Chunk Latency,ms,p25,33.94
0,1780552934323170560,1780552935323170560,Inter Chunk Latency,ms,p50,34.03
0,1780552934323170560,1780552935323170560,Inter Chunk Latency,ms,p75,34.09
0,1780552934323170560,1780552935323170560,Inter Chunk Latency,ms,p90,34.21
0,1780552934323170560,1780552935323170560,Inter Chunk Latency,ms,p95,34.23
0,1780552934323170560,1780552935323170560,Inter Chunk Latency,ms,p99,34.26
0,1780552934323170560,1780552935323170560,Inter Chunk Latency,ms,std,0.12
0,1780552934323170560,1780552935323170560,Inter Token Latency,ms,avg,177.17
0,1780552934323170560,1780552935323170560,Inter Token Latency,ms,min,177.17
0,1780552934323170560,1780552935323170560,Inter Token Latency,ms,max,177.17
0,1780552934323170560,1780552935323170560,Inter Token Latency,ms,sum,177.17
0,1780552934323170560,1780552935323170560,Inter Token Latency,ms,p1,177.17
0,1780552934323170560,1780552935323170560,Inter Token Latency,ms,p5,177.17
0,1780552934323170560,1780552935323170560,Inter Token Latency,ms,p10,177.17
0,1780552934323170560,1780552935323170560,Inter Token Latency,ms,p25,177.17
0,1780552934323170560,1780552935323170560,Inter Token Latency,ms,p50,177.17
0,1780552934323170560,1780552935323170560,Inter Token Latency,ms,p75,177.17
0,1780552934323170560,1780552935323170560,Inter Token Latency,ms,p90,177.17
0,1780552934323170560,1780552935323170560,Inter Token Latency,ms,p95,177.17
0,1780552934323170560,1780552935323170560,Inter Token Latency,ms,p99,177.17
0,1780552934323170560,1780552935323170560,Inter Token Latency,ms,std,0.00
0,1780552934323170560,1780552935323170560,Maximum Response Timestamp,ns,avg,1780553046617080832.00
0,1780552934323170560,1780552935323170560,Minimum Request Timestamp,ns,avg,1780552934323170560.00
0,1780552934323170560,1780552935323170560,OSL Mismatch Count,requests,avg,0.00
0,1780552934323170560,1780552935323170560,OSL Mismatch Diff %,%,avg,0.00
0,1780552934323170560,1780552935323170560,OSL Mismatch Diff %,%,min,0.00
0,1780552934323170560,1780552935323170560,OSL Mismatch Diff %,%,max,0.00
0,1780552934323170560,1780552935323170560,OSL Mismatch Diff %,%,sum,0.00
0,1780552934323170560,1780552935323170560,OSL Mismatch Diff %,%,p1,0.00
0,1780552934323170560,1780552935323170560,OSL Mismatch Diff %,%,p5,0.00
0,1780552934323170560,1780552935323170560,OSL Mismatch Diff %,%,p10,0.00
0,1780552934323170560,1780552935323170560,OSL Mismatch Diff %,%,p25,0.00
0,1780552934323170560,1780552935323170560,OSL Mismatch Diff %,%,p50,0.00
0,1780552934323170560,1780552935323170560,OSL Mismatch Diff %,%,p75,0.00
0,1780552934323170560,1780552935323170560,OSL Mismatch Diff %,%,p90,0.00
0,1780552934323170560,1780552935323170560,OSL Mismatch Diff %,%,p95,0.00
0,1780552934323170560,1780552935323170560,OSL Mismatch Diff %,%,p99,0.00
0,1780552934323170560,1780552935323170560,OSL Mismatch Diff %,%,std,0.00
0,1780552934323170560,1780552935323170560,Output Sequence Length,tokens,avg,631.00
0,1780552934323170560,1780552935323170560,Output Sequence Length,tokens,min,631.00
0,1780552934323170560,1780552935323170560,Output Sequence Length,tokens,max,631.00
0,1780552934323170560,1780552935323170560,Output Sequence Length,tokens,sum,631.00
0,1780552934323170560,1780552935323170560,Output Sequence Length,tokens,p1,631.00
0,1780552934323170560,1780552935323170560,Output Sequence Length,tokens,p5,631.00
0,1780552934323170560,1780552935323170560,Output Sequence Length,tokens,p10,631.00
0,1780552934323170560,1780552935323170560,Output Sequence Length,tokens,p25,631.00
0,1780552934323170560,1780552935323170560,Output Sequence Length,tokens,p50,631.00
0,1780552934323170560,1780552935323170560,Output Sequence Length,tokens,p75,631.00
0,1780552934323170560,1780552935323170560,Output Sequence Length,tokens,p90,631.00
0,1780552934323170560,1780552935323170560,Output Sequence Length,tokens,p95,631.00
0,1780552934323170560,1780552935323170560,Output Sequence Length,tokens,p99,631.00
0,1780552934323170560,1780552935323170560,Output Sequence Length,tokens,std,0.00
0,1780552934323170560,1780552935323170560,Output Token Count,tokens,avg,631.00
0,1780552934323170560,1780552935323170560,Output Token Count,tokens,min,631.00
0,1780552934323170560,1780552935323170560,Output Token Count,tokens,max,631.00
0,1780552934323170560,1780552935323170560,Output Token Count,tokens,sum,631.00
0,1780552934323170560,1780552935323170560,Output Token Count,tokens,p1,631.00
0,1780552934323170560,1780552935323170560,Output Token Count,tokens,p5,631.00
0,1780552934323170560,1780552935323170560,Output Token Count,tokens,p10,631.00
0,1780552934323170560,1780552935323170560,Output Token Count,tokens,p25,631.00
0,1780552934323170560,1780552935323170560,Output Token Count,tokens,p50,631.00
0,1780552934323170560,1780552935323170560,Output Token Count,tokens,p75,631.00
0,1780552934323170560,1780552935323170560,Output Token Count,tokens,p90,631.00
0,1780552934323170560,1780552935323170560,Output Token Count,tokens,p95,631.00
0,1780552934323170560,1780552935323170560,Output Token Count,tokens,p99,631.00
0,1780552934323170560,1780552935323170560,Output Token Count,tokens,std,0.00
0,1780552934323170560,1780552935323170560,Output Token Throughput,tokens/sec,avg,631.00
0,1780552934323170560,1780552935323170560,Output Token Throughput Per User,tokens/sec/user,avg,5.64
0,1780552934323170560,1780552935323170560,Output Token Throughput Per User,tokens/sec/user,min,5.64
0,1780552934323170560,1780552935323170560,Output Token Throughput Per User,tokens/sec/user,max,5.64
0,1780552934323170560,1780552935323170560,Output Token Throughput Per User,tokens/sec/user,sum,5.64
0,1780552934323170560,1780552935323170560,Output Token Throughput Per User,tokens/sec/user,p1,5.64
0,1780552934323170560,1780552935323170560,Output Token Throughput Per User,tokens/sec/user,p5,5.64
0,1780552934323170560,1780552935323170560,Output Token Throughput Per User,tokens/sec/user,p10,5.64
0,1780552934323170560,1780552935323170560,Output Token Throughput Per User,tokens/sec/user,p25,5.64
0,1780552934323170560,1780552935323170560,Output Token Throughput Per User,tokens/sec/user,p50,5.64
0,1780552934323170560,1780552935323170560,Output Token Throughput Per User,tokens/sec/user,p75,5.64
0,1780552934323170560,1780552935323170560,Output Token Throughput Per User,tokens/sec/user,p90,5.64
0,1780552934323170560,1780552935323170560,Output Token Throughput Per User,tokens/sec/user,p95,5.64
0,1780552934323170560,1780552935323170560,Output Token Throughput Per User,tokens/sec/user,p99,5.64
0,1780552934323170560,1780552935323170560,Output Token Throughput Per User,tokens/sec/user,std,0.00
0,1780552934323170560,1780552935323170560,Prefill Throughput Per User,tokens/sec/user,avg,180286.69
0,1780552934323170560,1780552935323170560,Prefill Throughput Per User,tokens/sec/user,min,180286.69
0,1780552934323170560,1780552935323170560,Prefill Throughput Per User,tokens/sec/user,max,180286.69
0,1780552934323170560,1780552935323170560,Prefill Throughput Per User,tokens/sec/user,sum,180286.69
0,1780552934323170560,1780552935323170560,Prefill Throughput Per User,tokens/sec/user,p1,180286.69
0,1780552934323170560,1780552935323170560,Prefill Throughput Per User,tokens/sec/user,p5,180286.69
0,1780552934323170560,1780552935323170560,Prefill Throughput Per User,tokens/sec/user,p10,180286.69
0,1780552934323170560,1780552935323170560,Prefill Throughput Per User,tokens/sec/user,p25,180286.69
0,1780552934323170560,1780552935323170560,Prefill Throughput Per User,tokens/sec/user,p50,180286.69
0,1780552934323170560,1780552935323170560,Prefill Throughput Per User,tokens/sec/user,p75,180286.69
0,1780552934323170560,1780552935323170560,Prefill Throughput Per User,tokens/sec/user,p90,180286.69
0,1780552934323170560,1780552935323170560,Prefill Throughput Per User,tokens/sec/user,p95,180286.69
0,1780552934323170560,1780552935323170560,Prefill Throughput Per User,tokens/sec/user,p99,180286.69
0,1780552934323170560,1780552935323170560,Prefill Throughput Per User,tokens/sec/user,std,0.00
0,1780552934323170560,1780552935323170560,Request Count,requests,avg,1.00
0,1780552934323170560,1780552935323170560,Request Latency,ms,avg,112293.91
0,1780552934323170560,1780552935323170560,Request Latency,ms,min,112293.91
0,1780552934323170560,1780552935323170560,Request Latency,ms,max,112293.91
0,1780552934323170560,1780552935323170560,Request Latency,ms,sum,112293.91
0,1780552934323170560,1780552935323170560,Request Latency,ms,p1,112293.91
0,1780552934323170560,1780552935323170560,Request Latency,ms,p5,112293.91
0,1780552934323170560,1780552935323170560,Request Latency,ms,p10,112293.91
0,1780552934323170560,1780552935323170560,Request Latency,ms,p25,112293.91
0,1780552934323170560,1780552935323170560,Request Latency,ms,p50,112293.91
0,1780552934323170560,1780552935323170560,Request Latency,ms,p75,112293.91
0,1780552934323170560,1780552935323170560,Request Latency,ms,p90,112293.91
0,1780552934323170560,1780552935323170560,Request Latency,ms,p95,112293.91
0,1780552934323170560,1780552935323170560,Request Latency,ms,p99,112293.91
0,1780552934323170560,1780552935323170560,Request Latency,ms,std,0.00
0,1780552934323170560,1780552935323170560,Request Throughput,requests/sec,avg,1.00
0,1780552934323170560,1780552935323170560,Requested OSL,tokens,avg,631.00
0,1780552934323170560,1780552935323170560,Requested OSL,tokens,min,631.00
0,1780552934323170560,1780552935323170560,Requested OSL,tokens,max,631.00
0,1780552934323170560,1780552935323170560,Requested OSL,tokens,sum,631.00
0,1780552934323170560,1780552935323170560,Requested OSL,tokens,p1,631.00
0,1780552934323170560,1780552935323170560,Requested OSL,tokens,p5,631.00
0,1780552934323170560,1780552935323170560,Requested OSL,tokens,p10,631.00
0,1780552934323170560,1780552935323170560,Requested OSL,tokens,p25,631.00
0,1780552934323170560,1780552935323170560,Requested OSL,tokens,p50,631.00
0,1780552934323170560,1780552935323170560,Requested OSL,tokens,p75,631.00
0,1780552934323170560,1780552935323170560,Requested OSL,tokens,p90,631.00
0,1780552934323170560,1780552935323170560,Requested OSL,tokens,p95,631.00
0,1780552934323170560,1780552935323170560,Requested OSL,tokens,p99,631.00
0,1780552934323170560,1780552935323170560,Requested OSL,tokens,std,0.00
0,1780552934323170560,1780552935323170560,Time to First Output Token,ms,avg,679.40
0,1780552934323170560,1780552935323170560,Time to First Output Token,ms,min,679.40
0,1780552934323170560,1780552935323170560,Time to First Output Token,ms,max,679.40
0,1780552934323170560,1780552935323170560,Time to First Output Token,ms,sum,679.40
0,1780552934323170560,1780552935323170560,Time to First Output Token,ms,p1,679.40
0,1780552934323170560,1780552935323170560,Time to First Output Token,ms,p5,679.40
0,1780552934323170560,1780552935323170560,Time to First Output Token,ms,p10,679.40
0,1780552934323170560,1780552935323170560,Time to First Output Token,ms,p25,679.40
0,1780552934323170560,1780552935323170560,Time to First Output Token,ms,p50,679.40
0,1780552934323170560,1780552935323170560,Time to First Output Token,ms,p75,679.40
0,1780552934323170560,1780552935323170560,Time to First Output Token,ms,p90,679.40
0,1780552934323170560,1780552935323170560,Time to First Output Token,ms,p95,679.40
0,1780552934323170560,1780552935323170560,Time to First Output Token,ms,p99,679.40
0,1780552934323170560,1780552935323170560,Time to First Output Token,ms,std,0.00
0,1780552934323170560,1780552935323170560,Time to First Token,ms,avg,679.40
0,1780552934323170560,1780552935323170560,Time to First Token,ms,min,679.40
0,1780552934323170560,1780552935323170560,Time to First Token,ms,max,679.40
0,1780552934323170560,1780552935323170560,Time to First Token,ms,sum,679.40
0,1780552934323170560,1780552935323170560,Time to First Token,ms,p1,679.40
0,1780552934323170560,1780552935323170560,Time to First Token,ms,p5,679.40
0,1780552934323170560,1780552935323170560,Time to First Token,ms,p10,679.40
0,1780552934323170560,1780552935323170560,Time to First Token,ms,p25,679.40
0,1780552934323170560,1780552935323170560,Time to First Token,ms,p50,679.40
0,1780552934323170560,1780552935323170560,Time to First Token,ms,p75,679.40
0,1780552934323170560,1780552935323170560,Time to First Token,ms,p90,679.40
0,1780552934323170560,1780552935323170560,Time to First Token,ms,p95,679.40
0,1780552934323170560,1780552935323170560,Time to First Token,ms,p99,679.40
0,1780552934323170560,1780552935323170560,Time to First Token,ms,std,0.00
0,1780552934323170560,1780552935323170560,Time to Second Token,ms,avg,0.37
0,1780552934323170560,1780552935323170560,Time to Second Token,ms,min,0.37
0,1780552934323170560,1780552935323170560,Time to Second Token,ms,max,0.37
0,1780552934323170560,1780552935323170560,Time to Second Token,ms,sum,0.37
0,1780552934323170560,1780552935323170560,Time to Second Token,ms,p1,0.37
0,1780552934323170560,1780552935323170560,Time to Second Token,ms,p5,0.37
0,1780552934323170560,1780552935323170560,Time to Second Token,ms,p10,0.37
0,1780552934323170560,1780552935323170560,Time to Second Token,ms,p25,0.37
0,1780552934323170560,1780552935323170560,Time to Second Token,ms,p50,0.37
0,1780552934323170560,1780552935323170560,Time to Second Token,ms,p75,0.37
0,1780552934323170560,1780552935323170560,Time to Second Token,ms,p90,0.37
0,1780552934323170560,1780552935323170560,Time to Second Token,ms,p95,0.37
0,1780552934323170560,1780552935323170560,Time to Second Token,ms,p99,0.37
0,1780552934323170560,1780552935323170560,Time to Second Token,ms,std,0.00
0,1780552934323170560,1780552935323170560,Tokens In Flight,tokens,avg,122488.70
0,1780552934323170560,1780552935323170560,Tokens In Flight,tokens,min,122487.00
0,1780552934323170560,1780552935323170560,Tokens In Flight,tokens,max,122497.13
0,1780552934323170560,1780552935323170560,Tokens In Flight,tokens,p50,122487.00
0,1780552934323170560,1780552935323170560,Tokens In Flight,tokens,p90,122494.09
0,1780552934323170560,1780552935323170560,Tokens In Flight,tokens,p95,122496.12
0,1780552934323170560,1780552935323170560,Tokens In Flight,tokens,p99,122497.13
0,1780552934323170560,1780552935323170560,Tokens In Flight,tokens,std,2.94
0,1780552934323170560,1780552935323170560,Total Input Sequence Length,tokens,avg,122487.00
0,1780552934323170560,1780552935323170560,Total Output Sequence Length,tokens,avg,631.00
0,1780552934323170560,1780552935323170560,Total Output Tokens,tokens,avg,631.00
0,1780552934323170560,1780552935323170560,Total Token Throughput,tokens/sec,avg,123118.00
0,1780552934323170560,1780552935323170560,Total Usage Completion Tokens,tokens,avg,631.00
0,1780552934323170560,1780552935323170560,Total Usage Prompt Tokens,tokens,avg,122487.00
0,1780552934323170560,1780552935323170560,Total Usage Total Tokens,tokens,avg,123118.00
0,1780552934323170560,1780552935323170560,Usage Completion Tokens,tokens,avg,631.00
0,1780552934323170560,1780552935323170560,Usage Completion Tokens,tokens,min,631.00
0,1780552934323170560,1780552935323170560,Usage Completion Tokens,tokens,max,631.00
0,1780552934323170560,1780552935323170560,Usage Completion Tokens,tokens,sum,631.00
0,1780552934323170560,1780552935323170560,Usage Completion Tokens,tokens,p1,631.00
0,1780552934323170560,1780552935323170560,Usage Completion Tokens,tokens,p5,631.00
0,1780552934323170560,1780552935323170560,Usage Completion Tokens,tokens,p10,631.00
0,1780552934323170560,1780552935323170560,Usage Completion Tokens,tokens,p25,631.00
0,1780552934323170560,1780552935323170560,Usage Completion Tokens,tokens,p50,631.00
0,1780552934323170560,1780552935323170560,Usage Completion Tokens,tokens,p75,631.00
0,1780552934323170560,1780552935323170560,Usage Completion Tokens,tokens,p90,631.00
0,1780552934323170560,1780552935323170560,Usage Completion Tokens,tokens,p95,631.00
0,1780552934323170560,1780552935323170560,Usage Completion Tokens,tokens,p99,631.00
0,1780552934323170560,1780552935323170560,Usage Completion Tokens,tokens,std,0.00
0,1780552934323170560,1780552935323170560,Usage Prompt Tokens,tokens,avg,122487.00
0,1780552934323170560,1780552935323170560,Usage Prompt Tokens,tokens,min,122487.00
0,1780552934323170560,1780552935323170560,Usage Prompt Tokens,tokens,max,122487.00
0,1780552934323170560,1780552935323170560,Usage Prompt Tokens,tokens,sum,122487.00
0,1780552934323170560,1780552935323170560,Usage Prompt Tokens,tokens,p1,122487.00
0,1780552934323170560,1780552935323170560,Usage Prompt Tokens,tokens,p5,122487.00
0,1780552934323170560,1780552935323170560,Usage Prompt Tokens,tokens,p10,122487.00
0,1780552934323170560,1780552935323170560,Usage Prompt Tokens,tokens,p25,122487.00
0,1780552934323170560,1780552935323170560,Usage Prompt Tokens,tokens,p50,122487.00
0,1780552934323170560,1780552935323170560,Usage Prompt Tokens,tokens,p75,122487.00
0,1780552934323170560,1780552935323170560,Usage Prompt Tokens,tokens,p90,122487.00
0,1780552934323170560,1780552935323170560,Usage Prompt Tokens,tokens,p95,122487.00
0,1780552934323170560,1780552935323170560,Usage Prompt Tokens,tokens,p99,122487.00
0,1780552934323170560,1780552935323170560,Usage Prompt Tokens,tokens,std,0.00
0,1780552934323170560,1780552935323170560,Usage Total Tokens,tokens,avg,123118.00
0,1780552934323170560,1780552935323170560,Usage Total Tokens,tokens,min,123118.00
0,1780552934323170560,1780552935323170560,Usage Total Tokens,tokens,max,123118.00
0,1780552934323170560,1780552935323170560,Usage Total Tokens,tokens,sum,123118.00
0,1780552934323170560,1780552935323170560,Usage Total Tokens,tokens,p1,123118.00
0,1780552934323170560,1780552935323170560,Usage Total Tokens,tokens,p5,123118.00
0,1780552934323170560,1780552935323170560,Usage Total Tokens,tokens,p10,123118.00
0,1780552934323170560,1780552935323170560,Usage Total Tokens,tokens,p25,123118.00
0,1780552934323170560,1780552935323170560,Usage Total Tokens,tokens,p50,123118.00
0,1780552934323170560,1780552935323170560,Usage Total Tokens,tokens,p75,123118.00
0,1780552934323170560,1780552935323170560,Usage Total Tokens,tokens,p90,123118.00
0,1780552934323170560,1780552935323170560,Usage Total Tokens,tokens,p95,123118.00
0,1780552934323170560,1780552935323170560,Usage Total Tokens,tokens,p99,123118.00
0,1780552934323170560,1780552935323170560,Usage Total Tokens,tokens,std,0.00
1,1780552935323170560,1780552936323170560,Active Decode Throughput,tokens/sec,avg,29.98
1,1780552935323170560,1780552936323170560,Active Decode Throughput,tokens/sec,min,0.00
1,1780552935323170560,1780552936323170560,Active Decode Throughput,tokens/sec,max,59.97
1,1780552935323170560,1780552936323170560,Active Decode Throughput,tokens/sec,p50,29.98
1,1780552935323170560,1780552936323170560,Active Decode Throughput,tokens/sec,p90,29.99
1,1780552935323170560,1780552936323170560,Active Decode Throughput,tokens/sec,p95,29.99
1,1780552935323170560,1780552936323170560,Active Decode Throughput,tokens/sec,p99,29.99
1,1780552935323170560,1780552936323170560,Active Decode Throughput,tokens/sec,std,0.04
1,1780552935323170560,1780552936323170560,Active Decode Throughput Per User,tokens/sec/user,avg,29.98
1,1780552935323170560,1780552936323170560,Active Decode Throughput Per User,tokens/sec/user,min,0.00
1,1780552935323170560,1780552936323170560,Active Decode Throughput Per User,tokens/sec/user,max,59.97
1,1780552935323170560,1780552936323170560,Active Decode Throughput Per User,tokens/sec/user,p50,29.98
1,1780552935323170560,1780552936323170560,Active Decode Throughput Per User,tokens/sec/user,p90,29.99
1,1780552935323170560,1780552936323170560,Active Decode Throughput Per User,tokens/sec/user,p95,29.99
1,1780552935323170560,1780552936323170560,Active Decode Throughput Per User,tokens/sec/user,p99,29.99
1,1780552935323170560,1780552936323170560,Active Decode Throughput Per User,tokens/sec/user,std,0.04
1,1780552935323170560,1780552936323170560,Active Prefill Throughput,tokens/sec,avg,126926.76
1,1780552935323170560,1780552936323170560,Active Prefill Throughput,tokens/sec,min,126926.76
1,1780552935323170560,1780552936323170560,Active Prefill Throughput,tokens/sec,max,126926.76
1,1780552935323170560,1780552936323170560,Active Prefill Throughput,tokens/sec,p50,126926.76
1,1780552935323170560,1780552936323170560,Active Prefill Throughput,tokens/sec,p90,126926.76
1,1780552935323170560,1780552936323170560,Active Prefill Throughput,tokens/sec,p95,126926.76
1,1780552935323170560,1780552936323170560,Active Prefill Throughput,tokens/sec,p99,126926.76
1,1780552935323170560,1780552936323170560,Active Prefill Throughput,tokens/sec,std,0.00
1,1780552935323170560,1780552936323170560,Active Prefill Throughput Per User,tokens/sec/user,avg,126926.76
1,1780552935323170560,1780552936323170560,Active Prefill Throughput Per User,tokens/sec/user,min,126926.76
1,1780552935323170560,1780552936323170560,Active Prefill Throughput Per User,tokens/sec/user,max,126926.76
1,1780552935323170560,1780552936323170560,Active Prefill Throughput Per User,tokens/sec/user,p50,126926.76
1,1780552935323170560,1780552936323170560,Active Prefill Throughput Per User,tokens/sec/user,p90,126926.76
1,1780552935323170560,1780552936323170560,Active Prefill Throughput Per User,tokens/sec/user,p95,126926.76
1,1780552935323170560,1780552936323170560,Active Prefill Throughput Per User,tokens/sec/user,p99,126926.76
1,1780552935323170560,1780552936323170560,Active Prefill Throughput Per User,tokens/sec/user,std,0.00
1,1780552935323170560,1780552936323170560,Active Total Throughput,tokens/sec,avg,25320.55
1,1780552935323170560,1780552936323170560,Active Total Throughput,tokens/sec,min,5.64
1,1780552935323170560,1780552936323170560,Active Total Throughput,tokens/sec,max,126932.40
1,1780552935323170560,1780552936323170560,Active Total Throughput,tokens/sec,p50,5.64
1,1780552935323170560,1780552936323170560,Active Total Throughput,tokens/sec,p90,126932.40
1,1780552935323170560,1780552936323170560,Active Total Throughput,tokens/sec,p95,126932.40
1,1780552935323170560,1780552936323170560,Active Total Throughput,tokens/sec,p99,126932.40
1,1780552935323170560,1780552936323170560,Active Total Throughput,tokens/sec,std,50717.79
1,1780552935323170560,1780552936323170560,Benchmark Duration,sec,avg,54.01
1,1780552935323170560,1780552936323170560,E2E Output Token Throughput,tokens/sec/user,avg,3.63
1,1780552935323170560,1780552936323170560,E2E Output Token Throughput,tokens/sec/user,min,3.63
1,1780552935323170560,1780552936323170560,E2E Output Token Throughput,tokens/sec/user,max,3.63
1,1780552935323170560,1780552936323170560,E2E Output Token Throughput,tokens/sec/user,sum,3.63
1,1780552935323170560,1780552936323170560,E2E Output Token Throughput,tokens/sec/user,p1,3.63
1,1780552935323170560,1780552936323170560,E2E Output Token Throughput,tokens/sec/user,p5,3.63
1,1780552935323170560,1780552936323170560,E2E Output Token Throughput,tokens/sec/user,p10,3.63
1,1780552935323170560,1780552936323170560,E2E Output Token Throughput,tokens/sec/user,p25,3.63
1,1780552935323170560,1780552936323170560,E2E Output Token Throughput,tokens/sec/user,p50,3.63
1,1780552935323170560,1780552936323170560,E2E Output Token Throughput,tokens/sec/user,p75,3.63
1,1780552935323170560,1780552936323170560,E2E Output Token Throughput,tokens/sec/user,p90,3.63
1,1780552935323170560,1780552936323170560,E2E Output Token Throughput,tokens/sec/user,p95,3.63
1,1780552935323170560,1780552936323170560,E2E Output Token Throughput,tokens/sec/user,p99,3.63
1,1780552935323170560,1780552936323170560,E2E Output Token Throughput,tokens/sec/user,std,0.00
1,1780552935323170560,1780552936323170560,Effective Concurrency,requests,avg,1.20
1,1780552935323170560,1780552936323170560,Effective Concurrency,requests,min,1.00
1,1780552935323170560,1780552936323170560,Effective Concurrency,requests,max,2.00
1,1780552935323170560,1780552936323170560,Effective Concurrency,requests,p50,1.00
1,1780552935323170560,1780552936323170560,Effective Concurrency,requests,p90,2.00
1,1780552935323170560,1780552936323170560,Effective Concurrency,requests,p95,2.00
1,1780552935323170560,1780552936323170560,Effective Concurrency,requests,p99,2.00
1,1780552935323170560,1780552936323170560,Effective Concurrency,requests,std,0.40
1,1780552935323170560,1780552936323170560,Effective Decode Concurrency,requests,avg,1.00
1,1780552935323170560,1780552936323170560,Effective Decode Concurrency,requests,min,1.00
1,1780552935323170560,1780552936323170560,Effective Decode Concurrency,requests,max,1.00
1,1780552935323170560,1780552936323170560,Effective Decode Concurrency,requests,p50,1.00
1,1780552935323170560,1780552936323170560,Effective Decode Concurrency,requests,p90,1.00
1,1780552935323170560,1780552936323170560,Effective Decode Concurrency,requests,p95,1.00
1,1780552935323170560,1780552936323170560,Effective Decode Concurrency,requests,p99,1.00
1,1780552935323170560,1780552936323170560,Effective Decode Concurrency,requests,std,0.00
1,1780552935323170560,1780552936323170560,Effective Decode Throughput,tokens/sec,avg,29.98
1,1780552935323170560,1780552936323170560,Effective Decode Throughput,tokens/sec,min,0.00
1,1780552935323170560,1780552936323170560,Effective Decode Throughput,tokens/sec,max,59.97
1,1780552935323170560,1780552936323170560,Effective Decode Throughput,tokens/sec,p50,29.98
1,1780552935323170560,1780552936323170560,Effective Decode Throughput,tokens/sec,p90,29.99
1,1780552935323170560,1780552936323170560,Effective Decode Throughput,tokens/sec,p95,29.99
1,1780552935323170560,1780552936323170560,Effective Decode Throughput,tokens/sec,p99,29.99
1,1780552935323170560,1780552936323170560,Effective Decode Throughput,tokens/sec,std,0.04
1,1780552935323170560,1780552936323170560,Effective Decode Throughput Per User,tokens/sec/user,avg,29.98
1,1780552935323170560,1780552936323170560,Effective Decode Throughput Per User,tokens/sec/user,min,0.00
1,1780552935323170560,1780552936323170560,Effective Decode Throughput Per User,tokens/sec/user,max,59.97
1,1780552935323170560,1780552936323170560,Effective Decode Throughput Per User,tokens/sec/user,p50,29.98
1,1780552935323170560,1780552936323170560,Effective Decode Throughput Per User,tokens/sec/user,p90,29.99
1,1780552935323170560,1780552936323170560,Effective Decode Throughput Per User,tokens/sec/user,p95,29.99
1,1780552935323170560,1780552936323170560,Effective Decode Throughput Per User,tokens/sec/user,p99,29.99
1,1780552935323170560,1780552936323170560,Effective Decode Throughput Per User,tokens/sec/user,std,0.04
1,1780552935323170560,1780552936323170560,Effective Prefill Concurrency,requests,avg,0.20
1,1780552935323170560,1780552936323170560,Effective Prefill Concurrency,requests,min,0.00
1,1780552935323170560,1780552936323170560,Effective Prefill Concurrency,requests,max,1.00
1,1780552935323170560,1780552936323170560,Effective Prefill Concurrency,requests,p50,0.00
1,1780552935323170560,1780552936323170560,Effective Prefill Concurrency,requests,p90,1.00
1,1780552935323170560,1780552936323170560,Effective Prefill Concurrency,requests,p95,1.00
1,1780552935323170560,1780552936323170560,Effective Prefill Concurrency,requests,p99,1.00
1,1780552935323170560,1780552936323170560,Effective Prefill Concurrency,requests,std,0.40
1,1780552935323170560,1780552936323170560,Effective Prefill Throughput,tokens/sec,avg,25314.91
1,1780552935323170560,1780552936323170560,Effective Prefill Throughput,tokens/sec,min,0.00
1,1780552935323170560,1780552936323170560,Effective Prefill Throughput,tokens/sec,max,126926.76
1,1780552935323170560,1780552936323170560,Effective Prefill Throughput,tokens/sec,p50,0.00
1,1780552935323170560,1780552936323170560,Effective Prefill Throughput,tokens/sec,p90,126926.76
1,1780552935323170560,1780552936323170560,Effective Prefill Throughput,tokens/sec,p95,126926.76
1,1780552935323170560,1780552936323170560,Effective Prefill Throughput,tokens/sec,p99,126926.76
1,1780552935323170560,1780552936323170560,Effective Prefill Throughput,tokens/sec,std,50717.79
1,1780552935323170560,1780552936323170560,Effective Prefill Throughput Per User,tokens/sec/user,avg,25314.91
1,1780552935323170560,1780552936323170560,Effective Prefill Throughput Per User,tokens/sec/user,min,0.00
1,1780552935323170560,1780552936323170560,Effective Prefill Throughput Per User,tokens/sec/user,max,126926.76
1,1780552935323170560,1780552936323170560,Effective Prefill Throughput Per User,tokens/sec/user,p50,0.00
1,1780552935323170560,1780552936323170560,Effective Prefill Throughput Per User,tokens/sec/user,p90,126926.76
1,1780552935323170560,1780552936323170560,Effective Prefill Throughput Per User,tokens/sec/user,p95,126926.76
1,1780552935323170560,1780552936323170560,Effective Prefill Throughput Per User,tokens/sec/user,p99,126926.76
1,1780552935323170560,1780552936323170560,Effective Prefill Throughput Per User,tokens/sec/user,std,50717.79
1,1780552935323170560,1780552936323170560,Effective Total Throughput,tokens/sec,avg,25320.55
1,1780552935323170560,1780552936323170560,Effective Total Throughput,tokens/sec,min,5.64
1,1780552935323170560,1780552936323170560,Effective Total Throughput,tokens/sec,max,126932.40
1,1780552935323170560,1780552936323170560,Effective Total Throughput,tokens/sec,p50,5.64
1,1780552935323170560,1780552936323170560,Effective Total Throughput,tokens/sec,p90,126932.40
1,1780552935323170560,1780552936323170560,Effective Total Throughput,tokens/sec,p95,126932.40
1,1780552935323170560,1780552936323170560,Effective Total Throughput,tokens/sec,p99,126932.40
1,1780552935323170560,1780552936323170560,Effective Total Throughput,tokens/sec,std,50717.79
1,1780552935323170560,1780552936323170560,HTTP Blocked,ms,avg,0.00
1,1780552935323170560,1780552936323170560,HTTP Blocked,ms,min,0.00
1,1780552935323170560,1780552936323170560,HTTP Blocked,ms,max,0.00
1,1780552935323170560,1780552936323170560,HTTP Blocked,ms,sum,0.00
1,1780552935323170560,1780552936323170560,HTTP Blocked,ms,p1,0.00
1,1780552935323170560,1780552936323170560,HTTP Blocked,ms,p5,0.00
1,1780552935323170560,1780552936323170560,HTTP Blocked,ms,p10,0.00
1,1780552935323170560,1780552936323170560,HTTP Blocked,ms,p25,0.00
1,1780552935323170560,1780552936323170560,HTTP Blocked,ms,p50,0.00
1,1780552935323170560,1780552936323170560,HTTP Blocked,ms,p75,0.00
1,1780552935323170560,1780552936323170560,HTTP Blocked,ms,p90,0.00
1,1780552935323170560,1780552936323170560,HTTP Blocked,ms,p95,0.00
1,1780552935323170560,1780552936323170560,HTTP Blocked,ms,p99,0.00
1,1780552935323170560,1780552936323170560,HTTP Blocked,ms,std,0.00
1,1780552935323170560,1780552936323170560,HTTP Chunks Received,count,avg,195.00
1,1780552935323170560,1780552936323170560,HTTP Chunks Received,count,min,195.00
1,1780552935323170560,1780552936323170560,HTTP Chunks Received,count,max,195.00
1,1780552935323170560,1780552936323170560,HTTP Chunks Received,count,sum,195.00
1,1780552935323170560,1780552936323170560,HTTP Chunks Received,count,p1,195.00
1,1780552935323170560,1780552936323170560,HTTP Chunks Received,count,p5,195.00
1,1780552935323170560,1780552936323170560,HTTP Chunks Received,count,p10,195.00
1,1780552935323170560,1780552936323170560,HTTP Chunks Received,count,p25,195.00
1,1780552935323170560,1780552936323170560,HTTP Chunks Received,count,p50,195.00
1,1780552935323170560,1780552936323170560,HTTP Chunks Received,count,p75,195.00
1,1780552935323170560,1780552936323170560,HTTP Chunks Received,count,p90,195.00
1,1780552935323170560,1780552936323170560,HTTP Chunks Received,count,p95,195.00
1,1780552935323170560,1780552936323170560,HTTP Chunks Received,count,p99,195.00
1,1780552935323170560,1780552936323170560,HTTP Chunks Received,count,std,0.00
1,1780552935323170560,1780552936323170560,HTTP Chunks Sent,count,avg,1.00
1,1780552935323170560,1780552936323170560,HTTP Chunks Sent,count,min,1.00
1,1780552935323170560,1780552936323170560,HTTP Chunks Sent,count,max,1.00
1,1780552935323170560,1780552936323170560,HTTP Chunks Sent,count,sum,1.00
1,1780552935323170560,1780552936323170560,HTTP Chunks Sent,count,p1,1.00
1,1780552935323170560,1780552936323170560,HTTP Chunks Sent,count,p5,1.00
1,1780552935323170560,1780552936323170560,HTTP Chunks Sent,count,p10,1.00
1,1780552935323170560,1780552936323170560,HTTP Chunks Sent,count,p25,1.00
1,1780552935323170560,1780552936323170560,HTTP Chunks Sent,count,p50,1.00
1,1780552935323170560,1780552936323170560,HTTP Chunks Sent,count,p75,1.00
1,1780552935323170560,1780552936323170560,HTTP Chunks Sent,count,p90,1.00
1,1780552935323170560,1780552936323170560,HTTP Chunks Sent,count,p95,1.00
1,1780552935323170560,1780552936323170560,HTTP Chunks Sent,count,p99,1.00
1,1780552935323170560,1780552936323170560,HTTP Chunks Sent,count,std,0.00
1,1780552935323170560,1780552936323170560,HTTP Connecting,ms,avg,0.79
1,1780552935323170560,1780552936323170560,HTTP Connecting,ms,min,0.79
1,1780552935323170560,1780552936323170560,HTTP Connecting,ms,max,0.79
1,1780552935323170560,1780552936323170560,HTTP Connecting,ms,sum,0.79
1,1780552935323170560,1780552936323170560,HTTP Connecting,ms,p1,0.79
1,1780552935323170560,1780552936323170560,HTTP Connecting,ms,p5,0.79
1,1780552935323170560,1780552936323170560,HTTP Connecting,ms,p10,0.79
1,1780552935323170560,1780552936323170560,HTTP Connecting,ms,p25,0.79
1,1780552935323170560,1780552936323170560,HTTP Connecting,ms,p50,0.79
1,1780552935323170560,1780552936323170560,HTTP Connecting,ms,p75,0.79
1,1780552935323170560,1780552936323170560,HTTP Connecting,ms,p90,0.79
1,1780552935323170560,1780552936323170560,HTTP Connecting,ms,p95,0.79
1,1780552935323170560,1780552936323170560,HTTP Connecting,ms,p99,0.79
1,1780552935323170560,1780552936323170560,HTTP Connecting,ms,std,0.00
1,1780552935323170560,1780552936323170560,HTTP Connection Overhead,ms,avg,0.79
1,1780552935323170560,1780552936323170560,HTTP Connection Overhead,ms,min,0.79
1,1780552935323170560,1780552936323170560,HTTP Connection Overhead,ms,max,0.79
1,1780552935323170560,1780552936323170560,HTTP Connection Overhead,ms,sum,0.79
1,1780552935323170560,1780552936323170560,HTTP Connection Overhead,ms,p1,0.79
1,1780552935323170560,1780552936323170560,HTTP Connection Overhead,ms,p5,0.79
1,1780552935323170560,1780552936323170560,HTTP Connection Overhead,ms,p10,0.79
1,1780552935323170560,1780552936323170560,HTTP Connection Overhead,ms,p25,0.79
1,1780552935323170560,1780552936323170560,HTTP Connection Overhead,ms,p50,0.79
1,1780552935323170560,1780552936323170560,HTTP Connection Overhead,ms,p75,0.79
1,1780552935323170560,1780552936323170560,HTTP Connection Overhead,ms,p90,0.79
1,1780552935323170560,1780552936323170560,HTTP Connection Overhead,ms,p95,0.79
1,1780552935323170560,1780552936323170560,HTTP Connection Overhead,ms,p99,0.79
1,1780552935323170560,1780552936323170560,HTTP Connection Overhead,ms,std,0.00
1,1780552935323170560,1780552936323170560,HTTP Connection Reused,ratio,avg,0.00
1,1780552935323170560,1780552936323170560,HTTP Connection Reused,ratio,min,0.00
1,1780552935323170560,1780552936323170560,HTTP Connection Reused,ratio,max,0.00
1,1780552935323170560,1780552936323170560,HTTP Connection Reused,ratio,sum,0.00
1,1780552935323170560,1780552936323170560,HTTP Connection Reused,ratio,p1,0.00
1,1780552935323170560,1780552936323170560,HTTP Connection Reused,ratio,p5,0.00
1,1780552935323170560,1780552936323170560,HTTP Connection Reused,ratio,p10,0.00
1,1780552935323170560,1780552936323170560,HTTP Connection Reused,ratio,p25,0.00
1,1780552935323170560,1780552936323170560,HTTP Connection Reused,ratio,p50,0.00
1,1780552935323170560,1780552936323170560,HTTP Connection Reused,ratio,p75,0.00
1,1780552935323170560,1780552936323170560,HTTP Connection Reused,ratio,p90,0.00
1,1780552935323170560,1780552936323170560,HTTP Connection Reused,ratio,p95,0.00
1,1780552935323170560,1780552936323170560,HTTP Connection Reused,ratio,p99,0.00
1,1780552935323170560,1780552936323170560,HTTP Connection Reused,ratio,std,0.00
1,1780552935323170560,1780552936323170560,HTTP Data Received,KB,avg,49.20
1,1780552935323170560,1780552936323170560,HTTP Data Received,KB,min,49.20
1,1780552935323170560,1780552936323170560,HTTP Data Received,KB,max,49.20
1,1780552935323170560,1780552936323170560,HTTP Data Received,KB,sum,49.20
1,1780552935323170560,1780552936323170560,HTTP Data Received,KB,p1,49.20
1,1780552935323170560,1780552936323170560,HTTP Data Received,KB,p5,49.20
1,1780552935323170560,1780552936323170560,HTTP Data Received,KB,p10,49.20
1,1780552935323170560,1780552936323170560,HTTP Data Received,KB,p25,49.20
1,1780552935323170560,1780552936323170560,HTTP Data Received,KB,p50,49.20
1,1780552935323170560,1780552936323170560,HTTP Data Received,KB,p75,49.20
1,1780552935323170560,1780552936323170560,HTTP Data Received,KB,p90,49.20
1,1780552935323170560,1780552936323170560,HTTP Data Received,KB,p95,49.20
1,1780552935323170560,1780552936323170560,HTTP Data Received,KB,p99,49.20
1,1780552935323170560,1780552936323170560,HTTP Data Received,KB,std,0.00
1,1780552935323170560,1780552936323170560,HTTP Data Sent,KB,avg,345.66
1,1780552935323170560,1780552936323170560,HTTP Data Sent,KB,min,345.66
1,1780552935323170560,1780552936323170560,HTTP Data Sent,KB,max,345.66
1,1780552935323170560,1780552936323170560,HTTP Data Sent,KB,sum,345.66
1,1780552935323170560,1780552936323170560,HTTP Data Sent,KB,p1,345.66
1,1780552935323170560,1780552936323170560,HTTP Data Sent,KB,p5,345.66
1,1780552935323170560,1780552936323170560,HTTP Data Sent,KB,p10,345.66
1,1780552935323170560,1780552936323170560,HTTP Data Sent,KB,p25,345.66
1,1780552935323170560,1780552936323170560,HTTP Data Sent,KB,p50,345.66
1,1780552935323170560,1780552936323170560,HTTP Data Sent,KB,p75,345.66
1,1780552935323170560,1780552936323170560,HTTP Data Sent,KB,p90,345.66
1,1780552935323170560,1780552936323170560,HTTP Data Sent,KB,p95,345.66
1,1780552935323170560,1780552936323170560,HTTP Data Sent,KB,p99,345.66
1,1780552935323170560,1780552936323170560,HTTP Data Sent,KB,std,0.00
1,1780552935323170560,1780552936323170560,HTTP DNS Lookup,ms,avg,0.00
1,1780552935323170560,1780552936323170560,HTTP DNS Lookup,ms,min,0.00
1,1780552935323170560,1780552936323170560,HTTP DNS Lookup,ms,max,0.00
1,1780552935323170560,1780552936323170560,HTTP DNS Lookup,ms,sum,0.00
1,1780552935323170560,1780552936323170560,HTTP DNS Lookup,ms,p1,0.00
1,1780552935323170560,1780552936323170560,HTTP DNS Lookup,ms,p5,0.00
1,1780552935323170560,1780552936323170560,HTTP DNS Lookup,ms,p10,0.00
1,1780552935323170560,1780552936323170560,HTTP DNS Lookup,ms,p25,0.00
1,1780552935323170560,1780552936323170560,HTTP DNS Lookup,ms,p50,0.00
1,1780552935323170560,1780552936323170560,HTTP DNS Lookup,ms,p75,0.00
1,1780552935323170560,1780552936323170560,HTTP DNS Lookup,ms,p90,0.00
1,1780552935323170560,1780552936323170560,HTTP DNS Lookup,ms,p95,0.00
1,1780552935323170560,1780552936323170560,HTTP DNS Lookup,ms,p99,0.00
1,1780552935323170560,1780552936323170560,HTTP DNS Lookup,ms,std,0.00
1,1780552935323170560,1780552936323170560,HTTP Duration (excl. conn),ms,avg,54013.72
1,1780552935323170560,1780552936323170560,HTTP Duration (excl. conn),ms,min,54013.72
1,1780552935323170560,1780552936323170560,HTTP Duration (excl. conn),ms,max,54013.72
1,1780552935323170560,1780552936323170560,HTTP Duration (excl. conn),ms,sum,54013.72
1,1780552935323170560,1780552936323170560,HTTP Duration (excl. conn),ms,p1,54013.72
1,1780552935323170560,1780552936323170560,HTTP Duration (excl. conn),ms,p5,54013.72
1,1780552935323170560,1780552936323170560,HTTP Duration (excl. conn),ms,p10,54013.72
1,1780552935323170560,1780552936323170560,HTTP Duration (excl. conn),ms,p25,54013.72
1,1780552935323170560,1780552936323170560,HTTP Duration (excl. conn),ms,p50,54013.72
1,1780552935323170560,1780552936323170560,HTTP Duration (excl. conn),ms,p75,54013.72
1,1780552935323170560,1780552936323170560,HTTP Duration (excl. conn),ms,p90,54013.72
1,1780552935323170560,1780552936323170560,HTTP Duration (excl. conn),ms,p95,54013.72
1,1780552935323170560,1780552936323170560,HTTP Duration (excl. conn),ms,p99,54013.72
1,1780552935323170560,1780552936323170560,HTTP Duration (excl. conn),ms,std,0.00
1,1780552935323170560,1780552936323170560,HTTP Receiving,ms,avg,53318.01
1,1780552935323170560,1780552936323170560,HTTP Receiving,ms,min,53318.01
1,1780552935323170560,1780552936323170560,HTTP Receiving,ms,max,53318.01
1,1780552935323170560,1780552936323170560,HTTP Receiving,ms,sum,53318.01
1,1780552935323170560,1780552936323170560,HTTP Receiving,ms,p1,53318.01
1,1780552935323170560,1780552936323170560,HTTP Receiving,ms,p5,53318.01
1,1780552935323170560,1780552936323170560,HTTP Receiving,ms,p10,53318.01
1,1780552935323170560,1780552936323170560,HTTP Receiving,ms,p25,53318.01
1,1780552935323170560,1780552936323170560,HTTP Receiving,ms,p50,53318.01
1,1780552935323170560,1780552936323170560,HTTP Receiving,ms,p75,53318.01
1,1780552935323170560,1780552936323170560,HTTP Receiving,ms,p90,53318.01
1,1780552935323170560,1780552936323170560,HTTP Receiving,ms,p95,53318.01
1,1780552935323170560,1780552936323170560,HTTP Receiving,ms,p99,53318.01
1,1780552935323170560,1780552936323170560,HTTP Receiving,ms,std,0.00
1,1780552935323170560,1780552936323170560,HTTP Sending,ms,avg,1.12
1,1780552935323170560,1780552936323170560,HTTP Sending,ms,min,1.12
1,1780552935323170560,1780552936323170560,HTTP Sending,ms,max,1.12
1,1780552935323170560,1780552936323170560,HTTP Sending,ms,sum,1.12
1,1780552935323170560,1780552936323170560,HTTP Sending,ms,p1,1.12
1,1780552935323170560,1780552936323170560,HTTP Sending,ms,p5,1.12
1,1780552935323170560,1780552936323170560,HTTP Sending,ms,p10,1.12
1,1780552935323170560,1780552936323170560,HTTP Sending,ms,p25,1.12
1,1780552935323170560,1780552936323170560,HTTP Sending,ms,p50,1.12
1,1780552935323170560,1780552936323170560,HTTP Sending,ms,p75,1.12
1,1780552935323170560,1780552936323170560,HTTP Sending,ms,p90,1.12
1,1780552935323170560,1780552936323170560,HTTP Sending,ms,p95,1.12
1,1780552935323170560,1780552936323170560,HTTP Sending,ms,p99,1.12
1,1780552935323170560,1780552936323170560,HTTP Sending,ms,std,0.00
1,1780552935323170560,1780552936323170560,HTTP Total Time,ms,avg,54014.51
1,1780552935323170560,1780552936323170560,HTTP Total Time,ms,min,54014.51
1,1780552935323170560,1780552936323170560,HTTP Total Time,ms,max,54014.51
1,1780552935323170560,1780552936323170560,HTTP Total Time,ms,sum,54014.51
1,1780552935323170560,1780552936323170560,HTTP Total Time,ms,p1,54014.51
1,1780552935323170560,1780552936323170560,HTTP Total Time,ms,p5,54014.51
1,1780552935323170560,1780552936323170560,HTTP Total Time,ms,p10,54014.51
1,1780552935323170560,1780552936323170560,HTTP Total Time,ms,p25,54014.51
1,1780552935323170560,1780552936323170560,HTTP Total Time,ms,p50,54014.51
1,1780552935323170560,1780552936323170560,HTTP Total Time,ms,p75,54014.51
1,1780552935323170560,1780552936323170560,HTTP Total Time,ms,p90,54014.51
1,1780552935323170560,1780552936323170560,HTTP Total Time,ms,p95,54014.51
1,1780552935323170560,1780552936323170560,HTTP Total Time,ms,p99,54014.51
1,1780552935323170560,1780552936323170560,HTTP Total Time,ms,std,0.00
1,1780552935323170560,1780552936323170560,HTTP Waiting (TTFB),ms,avg,694.58
1,1780552935323170560,1780552936323170560,HTTP Waiting (TTFB),ms,min,694.58
1,1780552935323170560,1780552936323170560,HTTP Waiting (TTFB),ms,max,694.58
1,1780552935323170560,1780552936323170560,HTTP Waiting (TTFB),ms,sum,694.58
1,1780552935323170560,1780552936323170560,HTTP Waiting (TTFB),ms,p1,694.58
1,1780552935323170560,1780552936323170560,HTTP Waiting (TTFB),ms,p5,694.58
1,1780552935323170560,1780552936323170560,HTTP Waiting (TTFB),ms,p10,694.58
1,1780552935323170560,1780552936323170560,HTTP Waiting (TTFB),ms,p25,694.58
1,1780552935323170560,1780552936323170560,HTTP Waiting (TTFB),ms,p50,694.58
1,1780552935323170560,1780552936323170560,HTTP Waiting (TTFB),ms,p75,694.58
1,1780552935323170560,1780552936323170560,HTTP Waiting (TTFB),ms,p90,694.58
1,1780552935323170560,1780552936323170560,HTTP Waiting (TTFB),ms,p95,694.58
1,1780552935323170560,1780552936323170560,HTTP Waiting (TTFB),ms,p99,694.58
1,1780552935323170560,1780552936323170560,HTTP Waiting (TTFB),ms,std,0.00
1,1780552935323170560,1780552936323170560,Input Sequence Length,tokens,avg,88320.00
1,1780552935323170560,1780552936323170560,Input Sequence Length,tokens,min,88320.00
1,1780552935323170560,1780552936323170560,Input Sequence Length,tokens,max,88320.00
1,1780552935323170560,1780552936323170560,Input Sequence Length,tokens,sum,88320.00
1,1780552935323170560,1780552936323170560,Input Sequence Length,tokens,p1,88320.00
1,1780552935323170560,1780552936323170560,Input Sequence Length,tokens,p5,88320.00
1,1780552935323170560,1780552936323170560,Input Sequence Length,tokens,p10,88320.00
1,1780552935323170560,1780552936323170560,Input Sequence Length,tokens,p25,88320.00
1,1780552935323170560,1780552936323170560,Input Sequence Length,tokens,p50,88320.00
1,1780552935323170560,1780552936323170560,Input Sequence Length,tokens,p75,88320.00
1,1780552935323170560,1780552936323170560,Input Sequence Length,tokens,p90,88320.00
1,1780552935323170560,1780552936323170560,Input Sequence Length,tokens,p95,88320.00
1,1780552935323170560,1780552936323170560,Input Sequence Length,tokens,p99,88320.00
1,1780552935323170560,1780552936323170560,Input Sequence Length,tokens,std,0.00
1,1780552935323170560,1780552936323170560,Input Token Throughput,tokens/sec,avg,88320.00
1,1780552935323170560,1780552936323170560,Inter Chunk Latency,ms,avg,0.59
1,1780552935323170560,1780552936323170560,Inter Chunk Latency,ms,min,0.51
1,1780552935323170560,1780552936323170560,Inter Chunk Latency,ms,max,0.66
1,1780552935323170560,1780552936323170560,Inter Chunk Latency,ms,sum,114.71
1,1780552935323170560,1780552936323170560,Inter Chunk Latency,ms,p1,0.51
1,1780552935323170560,1780552936323170560,Inter Chunk Latency,ms,p5,0.52
1,1780552935323170560,1780552936323170560,Inter Chunk Latency,ms,p10,0.53
1,1780552935323170560,1780552936323170560,Inter Chunk Latency,ms,p25,0.56
1,1780552935323170560,1780552936323170560,Inter Chunk Latency,ms,p50,0.59
1,1780552935323170560,1780552936323170560,Inter Chunk Latency,ms,p75,0.62
1,1780552935323170560,1780552936323170560,Inter Chunk Latency,ms,p90,0.65
1,1780552935323170560,1780552936323170560,Inter Chunk Latency,ms,p95,0.65
1,1780552935323170560,1780552936323170560,Inter Chunk Latency,ms,p99,0.66
1,1780552935323170560,1780552936323170560,Inter Chunk Latency,ms,std,0.04
1,1780552935323170560,1780552936323170560,Inter Token Latency,ms,avg,273.43
1,1780552935323170560,1780552936323170560,Inter Token Latency,ms,min,273.43
1,1780552935323170560,1780552936323170560,Inter Token Latency,ms,max,273.43
1,1780552935323170560,1780552936323170560,Inter Token Latency,ms,sum,273.43
1,1780552935323170560,1780552936323170560,Inter Token Latency,ms,p1,273.43
1,1780552935323170560,1780552936323170560,Inter Token Latency,ms,p5,273.43
1,1780552935323170560,1780552936323170560,Inter Token Latency,ms,p10,273.43
1,1780552935323170560,1780552936323170560,Inter Token Latency,ms,p25,273.43
1,1780552935323170560,1780552936323170560,Inter Token Latency,ms,p50,273.43
1,1780552935323170560,1780552936323170560,Inter Token Latency,ms,p75,273.43
1,1780552935323170560,1780552936323170560,Inter Token Latency,ms,p90,273.43
1,1780552935323170560,1780552936323170560,Inter Token Latency,ms,p95,273.43
1,1780552935323170560,1780552936323170560,Inter Token Latency,ms,p99,273.43
1,1780552935323170560,1780552936323170560,Inter Token Latency,ms,std,0.00
1,1780552935323170560,1780552936323170560,Maximum Response Timestamp,ns,avg,1780552990137571840.00
1,1780552935323170560,1780552936323170560,Minimum Request Timestamp,ns,avg,1780552936123725568.00
1,1780552935323170560,1780552936323170560,OSL Mismatch Count,requests,avg,0.00
1,1780552935323170560,1780552936323170560,OSL Mismatch Diff %,%,avg,0.00
1,1780552935323170560,1780552936323170560,OSL Mismatch Diff %,%,min,0.00
1,1780552935323170560,1780552936323170560,OSL Mismatch Diff %,%,max,0.00
1,1780552935323170560,1780552936323170560,OSL Mismatch Diff %,%,sum,0.00
1,1780552935323170560,1780552936323170560,OSL Mismatch Diff %,%,p1,0.00
1,1780552935323170560,1780552936323170560,OSL Mismatch Diff %,%,p5,0.00
1,1780552935323170560,1780552936323170560,OSL Mismatch Diff %,%,p10,0.00
1,1780552935323170560,1780552936323170560,OSL Mismatch Diff %,%,p25,0.00
1,1780552935323170560,1780552936323170560,OSL Mismatch Diff %,%,p50,0.00
1,1780552935323170560,1780552936323170560,OSL Mismatch Diff %,%,p75,0.00
1,1780552935323170560,1780552936323170560,OSL Mismatch Diff %,%,p90,0.00
1,1780552935323170560,1780552936323170560,OSL Mismatch Diff %,%,p95,0.00
1,1780552935323170560,1780552936323170560,OSL Mismatch Diff %,%,p99,0.00
1,1780552935323170560,1780552936323170560,OSL Mismatch Diff %,%,std,0.00
1,1780552935323170560,1780552936323170560,Output Sequence Length,tokens,avg,196.00
1,1780552935323170560,1780552936323170560,Output Sequence Length,tokens,min,196.00
1,1780552935323170560,1780552936323170560,Output Sequence Length,tokens,max,196.00
1,1780552935323170560,1780552936323170560,Output Sequence Length,tokens,sum,196.00
1,1780552935323170560,1780552936323170560,Output Sequence Length,tokens,p1,196.00
1,1780552935323170560,1780552936323170560,Output Sequence Length,tokens,p5,196.00
1,1780552935323170560,1780552936323170560,Output Sequence Length,tokens,p10,196.00
1,1780552935323170560,1780552936323170560,Output Sequence Length,tokens,p25,196.00
1,1780552935323170560,1780552936323170560,Output Sequence Length,tokens,p50,196.00
1,1780552935323170560,1780552936323170560,Output Sequence Length,tokens,p75,196.00
1,1780552935323170560,1780552936323170560,Output Sequence Length,tokens,p90,196.00
1,1780552935323170560,1780552936323170560,Output Sequence Length,tokens,p95,196.00
1,1780552935323170560,1780552936323170560,Output Sequence Length,tokens,p99,196.00
1,1780552935323170560,1780552936323170560,Output Sequence Length,tokens,std,0.00
1,1780552935323170560,1780552936323170560,Output Token Count,tokens,avg,196.00
1,1780552935323170560,1780552936323170560,Output Token Count,tokens,min,196.00
1,1780552935323170560,1780552936323170560,Output Token Count,tokens,max,196.00
1,1780552935323170560,1780552936323170560,Output Token Count,tokens,sum,196.00
1,1780552935323170560,1780552936323170560,Output Token Count,tokens,p1,196.00
1,1780552935323170560,1780552936323170560,Output Token Count,tokens,p5,196.00
1,1780552935323170560,1780552936323170560,Output Token Count,tokens,p10,196.00
1,1780552935323170560,1780552936323170560,Output Token Count,tokens,p25,196.00
1,1780552935323170560,1780552936323170560,Output Token Count,tokens,p50,196.00
1,1780552935323170560,1780552936323170560,Output Token Count,tokens,p75,196.00
1,1780552935323170560,1780552936323170560,Output Token Count,tokens,p90,196.00
1,1780552935323170560,1780552936323170560,Output Token Count,tokens,p95,196.00
1,1780552935323170560,1780552936323170560,Output Token Count,tokens,p99,196.00
1,1780552935323170560,1780552936323170560,Output Token Count,tokens,std,0.00
1,1780552935323170560,1780552936323170560,Output Token Throughput,tokens/sec,avg,196.00
1,1780552935323170560,1780552936323170560,Output Token Throughput Per User,tokens/sec/user,avg,3.66
1,1780552935323170560,1780552936323170560,Output Token Throughput Per User,tokens/sec/user,min,3.66
1,1780552935323170560,1780552936323170560,Output Token Throughput Per User,tokens/sec/user,max,3.66
1,1780552935323170560,1780552936323170560,Output Token Throughput Per User,tokens/sec/user,sum,3.66
1,1780552935323170560,1780552936323170560,Output Token Throughput Per User,tokens/sec/user,p1,3.66
1,1780552935323170560,1780552936323170560,Output Token Throughput Per User,tokens/sec/user,p5,3.66
1,1780552935323170560,1780552936323170560,Output Token Throughput Per User,tokens/sec/user,p10,3.66
1,1780552935323170560,1780552936323170560,Output Token Throughput Per User,tokens/sec/user,p25,3.66
1,1780552935323170560,1780552936323170560,Output Token Throughput Per User,tokens/sec/user,p50,3.66
1,1780552935323170560,1780552936323170560,Output Token Throughput Per User,tokens/sec/user,p75,3.66
1,1780552935323170560,1780552936323170560,Output Token Throughput Per User,tokens/sec/user,p90,3.66
1,1780552935323170560,1780552936323170560,Output Token Throughput Per User,tokens/sec/user,p95,3.66
1,1780552935323170560,1780552936323170560,Output Token Throughput Per User,tokens/sec/user,p99,3.66
1,1780552935323170560,1780552936323170560,Output Token Throughput Per User,tokens/sec/user,std,0.00
1,1780552935323170560,1780552936323170560,Prefill Throughput Per User,tokens/sec/user,avg,126926.73
1,1780552935323170560,1780552936323170560,Prefill Throughput Per User,tokens/sec/user,min,126926.73
1,1780552935323170560,1780552936323170560,Prefill Throughput Per User,tokens/sec/user,max,126926.73
1,1780552935323170560,1780552936323170560,Prefill Throughput Per User,tokens/sec/user,sum,126926.73
1,1780552935323170560,1780552936323170560,Prefill Throughput Per User,tokens/sec/user,p1,126926.73
1,1780552935323170560,1780552936323170560,Prefill Throughput Per User,tokens/sec/user,p5,126926.73
1,1780552935323170560,1780552936323170560,Prefill Throughput Per User,tokens/sec/user,p10,126926.73
1,1780552935323170560,1780552936323170560,Prefill Throughput Per User,tokens/sec/user,p25,126926.73
1,1780552935323170560,1780552936323170560,Prefill Throughput Per User,tokens/sec/user,p50,126926.73
1,1780552935323170560,1780552936323170560,Prefill Throughput Per User,tokens/sec/user,p75,126926.73
1,1780552935323170560,1780552936323170560,Prefill Throughput Per User,tokens/sec/user,p90,126926.73
1,1780552935323170560,1780552936323170560,Prefill Throughput Per User,tokens/sec/user,p95,126926.73
1,1780552935323170560,1780552936323170560,Prefill Throughput Per User,tokens/sec/user,p99,126926.73
1,1780552935323170560,1780552936323170560,Prefill Throughput Per User,tokens/sec/user,std,0.00
1,1780552935323170560,1780552936323170560,Request Count,requests,avg,1.00
1,1780552935323170560,1780552936323170560,Request Latency,ms,avg,54013.85
1,1780552935323170560,1780552936323170560,Request Latency,ms,min,54013.85
1,1780552935323170560,1780552936323170560,Request Latency,ms,max,54013.85
1,1780552935323170560,1780552936323170560,Request Latency,ms,sum,54013.85
1,1780552935323170560,1780552936323170560,Request Latency,ms,p1,54013.85
1,1780552935323170560,1780552936323170560,Request Latency,ms,p5,54013.85
1,1780552935323170560,1780552936323170560,Request Latency,ms,p10,54013.85
1,1780552935323170560,1780552936323170560,Request Latency,ms,p25,54013.85
1,1780552935323170560,1780552936323170560,Request Latency,ms,p50,54013.85
1,1780552935323170560,1780552936323170560,Request Latency,ms,p75,54013.85
1,1780552935323170560,1780552936323170560,Request Latency,ms,p90,54013.85
1,1780552935323170560,1780552936323170560,Request Latency,ms,p95,54013.85
1,1780552935323170560,1780552936323170560,Request Latency,ms,p99,54013.85
1,1780552935323170560,1780552936323170560,Request Latency,ms,std,0.00
1,1780552935323170560,1780552936323170560,Request Throughput,requests/sec,avg,1.00
1,1780552935323170560,1780552936323170560,Requested OSL,tokens,avg,196.00
1,1780552935323170560,1780552936323170560,Requested OSL,tokens,min,196.00
1,1780552935323170560,1780552936323170560,Requested OSL,tokens,max,196.00
1,1780552935323170560,1780552936323170560,Requested OSL,tokens,sum,196.00
1,1780552935323170560,1780552936323170560,Requested OSL,tokens,p1,196.00
1,1780552935323170560,1780552936323170560,Requested OSL,tokens,p5,196.00
1,1780552935323170560,1780552936323170560,Requested OSL,tokens,p10,196.00
1,1780552935323170560,1780552936323170560,Requested OSL,tokens,p25,196.00
1,1780552935323170560,1780552936323170560,Requested OSL,tokens,p50,196.00
1,1780552935323170560,1780552936323170560,Requested OSL,tokens,p75,196.00
1,1780552935323170560,1780552936323170560,Requested OSL,tokens,p90,196.00
1,1780552935323170560,1780552936323170560,Requested OSL,tokens,p95,196.00
1,1780552935323170560,1780552936323170560,Requested OSL,tokens,p99,196.00
1,1780552935323170560,1780552936323170560,Requested OSL,tokens,std,0.00
1,1780552935323170560,1780552936323170560,Time to First Output Token,ms,avg,695.83
1,1780552935323170560,1780552936323170560,Time to First Output Token,ms,min,695.83
1,1780552935323170560,1780552936323170560,Time to First Output Token,ms,max,695.83
1,1780552935323170560,1780552936323170560,Time to First Output Token,ms,sum,695.83
1,1780552935323170560,1780552936323170560,Time to First Output Token,ms,p1,695.83
1,1780552935323170560,1780552936323170560,Time to First Output Token,ms,p5,695.83
1,1780552935323170560,1780552936323170560,Time to First Output Token,ms,p10,695.83
1,1780552935323170560,1780552936323170560,Time to First Output Token,ms,p25,695.83
1,1780552935323170560,1780552936323170560,Time to First Output Token,ms,p50,695.83
1,1780552935323170560,1780552936323170560,Time to First Output Token,ms,p75,695.83
1,1780552935323170560,1780552936323170560,Time to First Output Token,ms,p90,695.83
1,1780552935323170560,1780552936323170560,Time to First Output Token,ms,p95,695.83
1,1780552935323170560,1780552936323170560,Time to First Output Token,ms,p99,695.83
1,1780552935323170560,1780552936323170560,Time to First Output Token,ms,std,0.00
1,1780552935323170560,1780552936323170560,Time to First Token,ms,avg,695.83
1,1780552935323170560,1780552936323170560,Time to First Token,ms,min,695.83
1,1780552935323170560,1780552936323170560,Time to First Token,ms,max,695.83
1,1780552935323170560,1780552936323170560,Time to First Token,ms,sum,695.83
1,1780552935323170560,1780552936323170560,Time to First Token,ms,p1,695.83
1,1780552935323170560,1780552936323170560,Time to First Token,ms,p5,695.83
1,1780552935323170560,1780552936323170560,Time to First Token,ms,p10,695.83
1,1780552935323170560,1780552936323170560,Time to First Token,ms,p25,695.83
1,1780552935323170560,1780552936323170560,Time to First Token,ms,p50,695.83
1,1780552935323170560,1780552936323170560,Time to First Token,ms,p75,695.83
1,1780552935323170560,1780552936323170560,Time to First Token,ms,p90,695.83
1,1780552935323170560,1780552936323170560,Time to First Token,ms,p95,695.83
1,1780552935323170560,1780552936323170560,Time to First Token,ms,p99,695.83
1,1780552935323170560,1780552936323170560,Time to First Token,ms,std,0.00
1,1780552935323170560,1780552936323170560,Time to Second Token,ms,avg,122.08
1,1780552935323170560,1780552936323170560,Time to Second Token,ms,min,122.08
1,1780552935323170560,1780552936323170560,Time to Second Token,ms,max,122.08
1,1780552935323170560,1780552936323170560,Time to Second Token,ms,sum,122.08
1,1780552935323170560,1780552936323170560,Time to Second Token,ms,p1,122.08
1,1780552935323170560,1780552936323170560,Time to Second Token,ms,p5,122.08
1,1780552935323170560,1780552936323170560,Time to Second Token,ms,p10,122.08
1,1780552935323170560,1780552936323170560,Time to Second Token,ms,p25,122.08
1,1780552935323170560,1780552936323170560,Time to Second Token,ms,p50,122.08
1,1780552935323170560,1780552936323170560,Time to Second Token,ms,p75,122.08
1,1780552935323170560,1780552936323170560,Time to Second Token,ms,p90,122.08
1,1780552935323170560,1780552936323170560,Time to Second Token,ms,p95,122.08
1,1780552935323170560,1780552936323170560,Time to Second Token,ms,p99,122.08
1,1780552935323170560,1780552936323170560,Time to Second Token,ms,std,0.00
1,1780552935323170560,1780552936323170560,Tokens In Flight,tokens,avg,140127.08
1,1780552935323170560,1780552936323170560,Tokens In Flight,tokens,min,122497.13
1,1780552935323170560,1780552936323170560,Tokens In Flight,tokens,max,210847.57
1,1780552935323170560,1780552936323170560,Tokens In Flight,tokens,p50,122512.35
1,1780552935323170560,1780552936323170560,Tokens In Flight,tokens,p90,210844.52
1,1780552935323170560,1780552936323170560,Tokens In Flight,tokens,p95,210845.54
1,1780552935323170560,1780552936323170560,Tokens In Flight,tokens,p99,210846.55
1,1780552935323170560,1780552936323170560,Tokens In Flight,tokens,std,35297.17
1,1780552935323170560,1780552936323170560,Total Input Sequence Length,tokens,avg,88320.00
1,1780552935323170560,1780552936323170560,Total Output Sequence Length,tokens,avg,196.00
1,1780552935323170560,1780552936323170560,Total Output Tokens,tokens,avg,196.00
1,1780552935323170560,1780552936323170560,Total Token Throughput,tokens/sec,avg,88516.00
1,1780552935323170560,1780552936323170560,Total Usage Completion Tokens,tokens,avg,196.00
1,1780552935323170560,1780552936323170560,Total Usage Prompt Tokens,tokens,avg,88320.00
1,1780552935323170560,1780552936323170560,Total Usage Total Tokens,tokens,avg,88516.00
1,1780552935323170560,1780552936323170560,Usage Completion Tokens,tokens,avg,196.00
1,1780552935323170560,1780552936323170560,Usage Completion Tokens,tokens,min,196.00
1,1780552935323170560,1780552936323170560,Usage Completion Tokens,tokens,max,196.00
1,1780552935323170560,1780552936323170560,Usage Completion Tokens,tokens,sum,196.00
1,1780552935323170560,1780552936323170560,Usage Completion Tokens,tokens,p1,196.00
1,1780552935323170560,1780552936323170560,Usage Completion Tokens,tokens,p5,196.00
1,1780552935323170560,1780552936323170560,Usage Completion Tokens,tokens,p10,196.00
1,1780552935323170560,1780552936323170560,Usage Completion Tokens,tokens,p25,196.00
1,1780552935323170560,1780552936323170560,Usage Completion Tokens,tokens,p50,196.00
1,1780552935323170560,1780552936323170560,Usage Completion Tokens,tokens,p75,196.00
1,1780552935323170560,1780552936323170560,Usage Completion Tokens,tokens,p90,196.00
1,1780552935323170560,1780552936323170560,Usage Completion Tokens,tokens,p95,196.00
1,1780552935323170560,1780552936323170560,Usage Completion Tokens,tokens,p99,196.00
1,1780552935323170560,1780552936323170560,Usage Completion Tokens,tokens,std,0.00
1,1780552935323170560,1780552936323170560,Usage Prompt Tokens,tokens,avg,88320.00
1,1780552935323170560,1780552936323170560,Usage Prompt Tokens,tokens,min,88320.00
1,1780552935323170560,1780552936323170560,Usage Prompt Tokens,tokens,max,88320.00
1,1780552935323170560,1780552936323170560,Usage Prompt Tokens,tokens,sum,88320.00
1,1780552935323170560,1780552936323170560,Usage Prompt Tokens,tokens,p1,88320.00
1,1780552935323170560,1780552936323170560,Usage Prompt Tokens,tokens,p5,88320.00
1,1780552935323170560,1780552936323170560,Usage Prompt Tokens,tokens,p10,88320.00
1,1780552935323170560,1780552936323170560,Usage Prompt Tokens,tokens,p25,88320.00
1,1780552935323170560,1780552936323170560,Usage Prompt Tokens,tokens,p50,88320.00
1,1780552935323170560,1780552936323170560,Usage Prompt Tokens,tokens,p75,88320.00
1,1780552935323170560,1780552936323170560,Usage Prompt Tokens,tokens,p90,88320.00
1,1780552935323170560,1780552936323170560,Usage Prompt Tokens,tokens,p95,88320.00
1,1780552935323170560,1780552936323170560,Usage Prompt Tokens,tokens,p99,88320.00
1,1780552935323170560,1780552936323170560,Usage Prompt Tokens,tokens,std,0.00
1,1780552935323170560,1780552936323170560,Usage Total Tokens,tokens,avg,88516.00
1,1780552935323170560,1780552936323170560,Usage Total Tokens,tokens,min,88516.00
1,1780552935323170560,1780552936323170560,Usage Total Tokens,tokens,max,88516.00
1,1780552935323170560,1780552936323170560,Usage Total Tokens,tokens,sum,88516.00
1,1780552935323170560,1780552936323170560,Usage Total Tokens,tokens,p1,88516.00
1,1780552935323170560,1780552936323170560,Usage Total Tokens,tokens,p5,88516.00
1,1780552935323170560,1780552936323170560,Usage Total Tokens,tokens,p10,88516.00
1,1780552935323170560,1780552936323170560,Usage Total Tokens,tokens,p25,88516.00
1,1780552935323170560,1780552936323170560,Usage Total Tokens,tokens,p50,88516.00
1,1780552935323170560,1780552936323170560,Usage Total Tokens,tokens,p75,88516.00
1,1780552935323170560,1780552936323170560,Usage Total Tokens,tokens,p90,88516.00
1,1780552935323170560,1780552936323170560,Usage Total Tokens,tokens,p95,88516.00
1,1780552935323170560,1780552936323170560,Usage Total Tokens,tokens,p99,88516.00
1,1780552935323170560,1780552936323170560,Usage Total Tokens,tokens,std,0.00
2,1780552936323170560,1780552937323170560,Active Decode Throughput,tokens/sec,avg,224.95
2,1780552936323170560,1780552937323170560,Active Decode Throughput,tokens/sec,min,0.00
2,1780552936323170560,1780552937323170560,Active Decode Throughput,tokens/sec,max,3887.87
2,1780552936323170560,1780552937323170560,Active Decode Throughput,tokens/sec,p50,29.96
2,1780552936323170560,1780552937323170560,Active Decode Throughput,tokens/sec,p90,1588.97
2,1780552936323170560,1780552937323170560,Active Decode Throughput,tokens/sec,p95,1740.69
2,1780552936323170560,1780552937323170560,Active Decode Throughput,tokens/sec,p99,1922.31
2,1780552936323170560,1780552937323170560,Active Decode Throughput,tokens/sec,std,543.23
2,1780552936323170560,1780552937323170560,Active Decode Throughput Per User,tokens/sec/user,avg,119.91
2,1780552936323170560,1780552937323170560,Active Decode Throughput Per User,tokens/sec/user,min,0.00
2,1780552936323170560,1780552937323170560,Active Decode Throughput Per User,tokens/sec/user,max,1943.94
2,1780552936323170560,1780552937323170560,Active Decode Throughput Per User,tokens/sec/user,p50,29.96
2,1780552936323170560,1780552937323170560,Active Decode Throughput Per User,tokens/sec/user,p90,794.49
2,1780552936323170560,1780552937323170560,Active Decode Throughput Per User,tokens/sec/user,p95,870.35
2,1780552936323170560,1780552937323170560,Active Decode Throughput Per User,tokens/sec/user,p99,961.16
2,1780552936323170560,1780552937323170560,Active Decode Throughput Per User,tokens/sec/user,std,269.04
2,1780552936323170560,1780552937323170560,Active Prefill Throughput,tokens/sec,avg,84266.79
2,1780552936323170560,1780552937323170560,Active Prefill Throughput,tokens/sec,min,22572.69
2,1780552936323170560,1780552937323170560,Active Prefill Throughput,tokens/sec,max,149499.45
2,1780552936323170560,1780552937323170560,Active Prefill Throughput,tokens/sec,p50,22572.69
2,1780552936323170560,1780552937323170560,Active Prefill Throughput,tokens/sec,p90,149499.45
2,1780552936323170560,1780552937323170560,Active Prefill Throughput,tokens/sec,p95,149499.45
2,1780552936323170560,1780552937323170560,Active Prefill Throughput,tokens/sec,p99,149499.45
2,1780552936323170560,1780552937323170560,Active Prefill Throughput,tokens/sec,std,62250.12
2,1780552936323170560,1780552937323170560,Active Prefill Throughput Per User,tokens/sec/user,avg,33606.26
2,1780552936323170560,1780552937323170560,Active Prefill Throughput Per User,tokens/sec/user,min,11286.35
2,1780552936323170560,1780552937323170560,Active Prefill Throughput Per User,tokens/sec/user,max,126926.76
2,1780552936323170560,1780552937323170560,Active Prefill Throughput Per User,tokens/sec/user,p50,11286.35
2,1780552936323170560,1780552937323170560,Active Prefill Throughput Per User,tokens/sec/user,p90,69933.94
2,1780552936323170560,1780552937323170560,Active Prefill Throughput Per User,tokens/sec/user,p95,69933.94
2,1780552936323170560,1780552937323170560,Active Prefill Throughput Per User,tokens/sec/user,p99,126926.76
2,1780552936323170560,1780552937323170560,Active Prefill Throughput Per User,tokens/sec/user,std,24797.37
2,1780552936323170560,1780552937323170560,Active Total Throughput,tokens/sec,avg,84274.28
2,1780552936323170560,1780552937323170560,Active Total Throughput,tokens/sec,min,22581.99
2,1780552936323170560,1780552937323170560,Active Total Throughput,tokens/sec,max,149505.09
2,1780552936323170560,1780552937323170560,Active Total Throughput,tokens/sec,p50,22581.99
2,1780552936323170560,1780552937323170560,Active Total Throughput,tokens/sec,p90,149505.09
2,1780552936323170560,1780552937323170560,Active Total Throughput,tokens/sec,p95,149505.09
2,1780552936323170560,1780552937323170560,Active Total Throughput,tokens/sec,p99,149505.09
2,1780552936323170560,1780552937323170560,Active Total Throughput,tokens/sec,std,62248.30
2,1780552936323170560,1780552937323170560,Benchmark Duration,sec,avg,98.44
2,1780552936323170560,1780552937323170560,E2E Output Token Throughput,tokens/sec/user,avg,5.66
2,1780552936323170560,1780552937323170560,E2E Output Token Throughput,tokens/sec/user,min,3.22
2,1780552936323170560,1780552937323170560,E2E Output Token Throughput,tokens/sec/user,max,8.09
2,1780552936323170560,1780552937323170560,E2E Output Token Throughput,tokens/sec/user,sum,11.32
2,1780552936323170560,1780552937323170560,E2E Output Token Throughput,tokens/sec/user,p1,3.27
2,1780552936323170560,1780552937323170560,E2E Output Token Throughput,tokens/sec/user,p5,3.47
2,1780552936323170560,1780552937323170560,E2E Output Token Throughput,tokens/sec/user,p10,3.71
2,1780552936323170560,1780552937323170560,E2E Output Token Throughput,tokens/sec/user,p25,4.44
2,1780552936323170560,1780552937323170560,E2E Output Token Throughput,tokens/sec/user,p50,5.66
2,1780552936323170560,1780552937323170560,E2E Output Token Throughput,tokens/sec/user,p75,6.88
2,1780552936323170560,1780552937323170560,E2E Output Token Throughput,tokens/sec/user,p90,7.61
2,1780552936323170560,1780552937323170560,E2E Output Token Throughput,tokens/sec/user,p95,7.85
2,1780552936323170560,1780552937323170560,E2E Output Token Throughput,tokens/sec/user,p99,8.04
2,1780552936323170560,1780552937323170560,E2E Output Token Throughput,tokens/sec/user,std,2.43
2,1780552936323170560,1780552937323170560,Effective Concurrency,requests,avg,3.87
2,1780552936323170560,1780552937323170560,Effective Concurrency,requests,min,2.00
2,1780552936323170560,1780552937323170560,Effective Concurrency,requests,max,4.00
2,1780552936323170560,1780552937323170560,Effective Concurrency,requests,p50,4.00
2,1780552936323170560,1780552937323170560,Effective Concurrency,requests,p90,4.00
2,1780552936323170560,1780552937323170560,Effective Concurrency,requests,p95,4.00
2,1780552936323170560,1780552937323170560,Effective Concurrency,requests,p99,4.00
2,1780552936323170560,1780552937323170560,Effective Concurrency,requests,std,0.38
2,1780552936323170560,1780552937323170560,Effective Decode Concurrency,requests,avg,1.50
2,1780552936323170560,1780552937323170560,Effective Decode Concurrency,requests,min,1.00
2,1780552936323170560,1780552937323170560,Effective Decode Concurrency,requests,max,2.00
2,1780552936323170560,1780552937323170560,Effective Decode Concurrency,requests,p50,2.00
2,1780552936323170560,1780552937323170560,Effective Decode Concurrency,requests,p90,2.00
2,1780552936323170560,1780552937323170560,Effective Decode Concurrency,requests,p95,2.00
2,1780552936323170560,1780552937323170560,Effective Decode Concurrency,requests,p99,2.00
2,1780552936323170560,1780552937323170560,Effective Decode Concurrency,requests,std,0.50
2,1780552936323170560,1780552937323170560,Effective Decode Throughput,tokens/sec,avg,224.95
2,1780552936323170560,1780552937323170560,Effective Decode Throughput,tokens/sec,min,0.00
2,1780552936323170560,1780552937323170560,Effective Decode Throughput,tokens/sec,max,3887.87
2,1780552936323170560,1780552937323170560,Effective Decode Throughput,tokens/sec,p50,29.96
2,1780552936323170560,1780552937323170560,Effective Decode Throughput,tokens/sec,p90,1588.97
2,1780552936323170560,1780552937323170560,Effective Decode Throughput,tokens/sec,p95,1740.69
2,1780552936323170560,1780552937323170560,Effective Decode Throughput,tokens/sec,p99,1922.31
2,1780552936323170560,1780552937323170560,Effective Decode Throughput,tokens/sec,std,543.23
2,1780552936323170560,1780552937323170560,Effective Decode Throughput Per User,tokens/sec/user,avg,119.91
2,1780552936323170560,1780552937323170560,Effective Decode Throughput Per User,tokens/sec/user,min,0.00
2,1780552936323170560,1780552937323170560,Effective Decode Throughput Per User,tokens/sec/user,max,1943.94
2,1780552936323170560,1780552937323170560,Effective Decode Throughput Per User,tokens/sec/user,p50,29.96
2,1780552936323170560,1780552937323170560,Effective Decode Throughput Per User,tokens/sec/user,p90,794.49
2,1780552936323170560,1780552937323170560,Effective Decode Throughput Per User,tokens/sec/user,p95,870.35
2,1780552936323170560,1780552937323170560,Effective Decode Throughput Per User,tokens/sec/user,p99,961.16
2,1780552936323170560,1780552937323170560,Effective Decode Throughput Per User,tokens/sec/user,std,269.04
2,1780552936323170560,1780552937323170560,Effective Prefill Concurrency,requests,avg,2.37
2,1780552936323170560,1780552937323170560,Effective Prefill Concurrency,requests,min,1.00
2,1780552936323170560,1780552937323170560,Effective Prefill Concurrency,requests,max,3.00
2,1780552936323170560,1780552937323170560,Effective Prefill Concurrency,requests,p50,2.00
2,1780552936323170560,1780552937323170560,Effective Prefill Concurrency,requests,p90,3.00
2,1780552936323170560,1780552937323170560,Effective Prefill Concurrency,requests,p95,3.00
2,1780552936323170560,1780552937323170560,Effective Prefill Concurrency,requests,p99,3.00
2,1780552936323170560,1780552937323170560,Effective Prefill Concurrency,requests,std,0.51
2,1780552936323170560,1780552937323170560,Effective Prefill Throughput,tokens/sec,avg,84266.79
2,1780552936323170560,1780552937323170560,Effective Prefill Throughput,tokens/sec,min,22572.69
2,1780552936323170560,1780552937323170560,Effective Prefill Throughput,tokens/sec,max,149499.45
2,1780552936323170560,1780552937323170560,Effective Prefill Throughput,tokens/sec,p50,22572.69
2,1780552936323170560,1780552937323170560,Effective Prefill Throughput,tokens/sec,p90,149499.45
2,1780552936323170560,1780552937323170560,Effective Prefill Throughput,tokens/sec,p95,149499.45
2,1780552936323170560,1780552937323170560,Effective Prefill Throughput,tokens/sec,p99,149499.45
2,1780552936323170560,1780552937323170560,Effective Prefill Throughput,tokens/sec,std,62250.12
2,1780552936323170560,1780552937323170560,Effective Prefill Throughput Per User,tokens/sec/user,avg,33606.26
2,1780552936323170560,1780552937323170560,Effective Prefill Throughput Per User,tokens/sec/user,min,11286.35
2,1780552936323170560,1780552937323170560,Effective Prefill Throughput Per User,tokens/sec/user,max,126926.76
2,1780552936323170560,1780552937323170560,Effective Prefill Throughput Per User,tokens/sec/user,p50,11286.35
2,1780552936323170560,1780552937323170560,Effective Prefill Throughput Per User,tokens/sec/user,p90,69933.94
2,1780552936323170560,1780552937323170560,Effective Prefill Throughput Per User,tokens/sec/user,p95,69933.94
2,1780552936323170560,1780552937323170560,Effective Prefill Throughput Per User,tokens/sec/user,p99,126926.76
2,1780552936323170560,1780552937323170560,Effective Prefill Throughput Per User,tokens/sec/user,std,24797.37
2,1780552936323170560,1780552937323170560,Effective Total Throughput,tokens/sec,avg,84274.28
2,1780552936323170560,1780552937323170560,Effective Total Throughput,tokens/sec,min,22581.99
2,1780552936323170560,1780552937323170560,Effective Total Throughput,tokens/sec,max,149505.09
2,1780552936323170560,1780552937323170560,Effective Total Throughput,tokens/sec,p50,22581.99
2,1780552936323170560,1780552937323170560,Effective Total Throughput,tokens/sec,p90,149505.09
2,1780552936323170560,1780552937323170560,Effective Total Throughput,tokens/sec,p95,149505.09
2,1780552936323170560,1780552937323170560,Effective Total Throughput,tokens/sec,p99,149505.09
2,1780552936323170560,1780552937323170560,Effective Total Throughput,tokens/sec,std,62248.30
2,1780552936323170560,1780552937323170560,HTTP Blocked,ms,avg,0.00
2,1780552936323170560,1780552937323170560,HTTP Blocked,ms,min,0.00
2,1780552936323170560,1780552937323170560,HTTP Blocked,ms,max,0.00
2,1780552936323170560,1780552937323170560,HTTP Blocked,ms,sum,0.00
2,1780552936323170560,1780552937323170560,HTTP Blocked,ms,p1,0.00
2,1780552936323170560,1780552937323170560,HTTP Blocked,ms,p5,0.00
2,1780552936323170560,1780552937323170560,HTTP Blocked,ms,p10,0.00
2,1780552936323170560,1780552937323170560,HTTP Blocked,ms,p25,0.00
2,1780552936323170560,1780552937323170560,HTTP Blocked,ms,p50,0.00
2,1780552936323170560,1780552937323170560,HTTP Blocked,ms,p75,0.00
2,1780552936323170560,1780552937323170560,HTTP Blocked,ms,p90,0.00
2,1780552936323170560,1780552937323170560,HTTP Blocked,ms,p95,0.00
2,1780552936323170560,1780552937323170560,HTTP Blocked,ms,p99,0.00
2,1780552936323170560,1780552937323170560,HTTP Blocked,ms,std,0.00
2,1780552936323170560,1780552937323170560,HTTP Chunks Received,count,avg,187.50
2,1780552936323170560,1780552937323170560,HTTP Chunks Received,count,min,59.00
2,1780552936323170560,1780552937323170560,HTTP Chunks Received,count,max,316.00
2,1780552936323170560,1780552937323170560,HTTP Chunks Received,count,sum,375.00
2,1780552936323170560,1780552937323170560,HTTP Chunks Received,count,p1,61.57
2,1780552936323170560,1780552937323170560,HTTP Chunks Received,count,p5,71.85
2,1780552936323170560,1780552937323170560,HTTP Chunks Received,count,p10,84.70
2,1780552936323170560,1780552937323170560,HTTP Chunks Received,count,p25,123.25
2,1780552936323170560,1780552937323170560,HTTP Chunks Received,count,p50,187.50
2,1780552936323170560,1780552937323170560,HTTP Chunks Received,count,p75,251.75
2,1780552936323170560,1780552937323170560,HTTP Chunks Received,count,p90,290.30
2,1780552936323170560,1780552937323170560,HTTP Chunks Received,count,p95,303.15
2,1780552936323170560,1780552937323170560,HTTP Chunks Received,count,p99,313.43
2,1780552936323170560,1780552937323170560,HTTP Chunks Received,count,std,128.50
2,1780552936323170560,1780552937323170560,HTTP Chunks Sent,count,avg,1.00
2,1780552936323170560,1780552937323170560,HTTP Chunks Sent,count,min,1.00
2,1780552936323170560,1780552937323170560,HTTP Chunks Sent,count,max,1.00
2,1780552936323170560,1780552937323170560,HTTP Chunks Sent,count,sum,2.00
2,1780552936323170560,1780552937323170560,HTTP Chunks Sent,count,p1,1.00
2,1780552936323170560,1780552937323170560,HTTP Chunks Sent,count,p5,1.00
2,1780552936323170560,1780552937323170560,HTTP Chunks Sent,count,p10,1.00
2,1780552936323170560,1780552937323170560,HTTP Chunks Sent,count,p25,1.00
2,1780552936323170560,1780552937323170560,HTTP Chunks Sent,count,p50,1.00
2,1780552936323170560,1780552937323170560,HTTP Chunks Sent,count,p75,1.00
2,1780552936323170560,1780552937323170560,HTTP Chunks Sent,count,p90,1.00
2,1780552936323170560,1780552937323170560,HTTP Chunks Sent,count,p95,1.00
2,1780552936323170560,1780552937323170560,HTTP Chunks Sent,count,p99,1.00
2,1780552936323170560,1780552937323170560,HTTP Chunks Sent,count,std,0.00
2,1780552936323170560,1780552937323170560,HTTP Connecting,ms,avg,0.79
2,1780552936323170560,1780552937323170560,HTTP Connecting,ms,min,0.79
2,1780552936323170560,1780552937323170560,HTTP Connecting,ms,max,0.79
2,1780552936323170560,1780552937323170560,HTTP Connecting,ms,sum,1.58
2,1780552936323170560,1780552937323170560,HTTP Connecting,ms,p1,0.79
2,1780552936323170560,1780552937323170560,HTTP Connecting,ms,p5,0.79
2,1780552936323170560,1780552937323170560,HTTP Connecting,ms,p10,0.79
2,1780552936323170560,1780552937323170560,HTTP Connecting,ms,p25,0.79
2,1780552936323170560,1780552937323170560,HTTP Connecting,ms,p50,0.79
2,1780552936323170560,1780552937323170560,HTTP Connecting,ms,p75,0.79
2,1780552936323170560,1780552937323170560,HTTP Connecting,ms,p90,0.79
2,1780552936323170560,1780552937323170560,HTTP Connecting,ms,p95,0.79
2,1780552936323170560,1780552937323170560,HTTP Connecting,ms,p99,0.79
2,1780552936323170560,1780552937323170560,HTTP Connecting,ms,std,0.00
2,1780552936323170560,1780552937323170560,HTTP Connection Overhead,ms,avg,0.79
2,1780552936323170560,1780552937323170560,HTTP Connection Overhead,ms,min,0.79
2,1780552936323170560,1780552937323170560,HTTP Connection Overhead,ms,max,0.79
2,1780552936323170560,1780552937323170560,HTTP Connection Overhead,ms,sum,1.58
2,1780552936323170560,1780552937323170560,HTTP Connection Overhead,ms,p1,0.79
2,1780552936323170560,1780552937323170560,HTTP Connection Overhead,ms,p5,0.79
2,1780552936323170560,1780552937323170560,HTTP Connection Overhead,ms,p10,0.79
2,1780552936323170560,1780552937323170560,HTTP Connection Overhead,ms,p25,0.79
2,1780552936323170560,1780552937323170560,HTTP Connection Overhead,ms,p50,0.79
2,1780552936323170560,1780552937323170560,HTTP Connection Overhead,ms,p75,0.79
2,1780552936323170560,1780552937323170560,HTTP Connection Overhead,ms,p90,0.79
2,1780552936323170560,1780552937323170560,HTTP Connection Overhead,ms,p95,0.79
2,1780552936323170560,1780552937323170560,HTTP Connection Overhead,ms,p99,0.79
2,1780552936323170560,1780552937323170560,HTTP Connection Overhead,ms,std,0.00
2,1780552936323170560,1780552937323170560,HTTP Connection Reused,ratio,avg,0.00
2,1780552936323170560,1780552937323170560,HTTP Connection Reused,ratio,min,0.00
2,1780552936323170560,1780552937323170560,HTTP Connection Reused,ratio,max,0.00
2,1780552936323170560,1780552937323170560,HTTP Connection Reused,ratio,sum,0.00
2,1780552936323170560,1780552937323170560,HTTP Connection Reused,ratio,p1,0.00
2,1780552936323170560,1780552937323170560,HTTP Connection Reused,ratio,p5,0.00
2,1780552936323170560,1780552937323170560,HTTP Connection Reused,ratio,p10,0.00
2,1780552936323170560,1780552937323170560,HTTP Connection Reused,ratio,p25,0.00
2,1780552936323170560,1780552937323170560,HTTP Connection Reused,ratio,p50,0.00
2,1780552936323170560,1780552937323170560,HTTP Connection Reused,ratio,p75,0.00
2,1780552936323170560,1780552937323170560,HTTP Connection Reused,ratio,p90,0.00
2,1780552936323170560,1780552937323170560,HTTP Connection Reused,ratio,p95,0.00
2,1780552936323170560,1780552937323170560,HTTP Connection Reused,ratio,p99,0.00
2,1780552936323170560,1780552937323170560,HTTP Connection Reused,ratio,std,0.00
2,1780552936323170560,1780552937323170560,HTTP Data Received,KB,avg,47.21
2,1780552936323170560,1780552937323170560,HTTP Data Received,KB,min,15.31
2,1780552936323170560,1780552937323170560,HTTP Data Received,KB,max,79.12
2,1780552936323170560,1780552937323170560,HTTP Data Received,KB,sum,94.43
2,1780552936323170560,1780552937323170560,HTTP Data Received,KB,p1,15.95
2,1780552936323170560,1780552937323170560,HTTP Data Received,KB,p5,18.50
2,1780552936323170560,1780552937323170560,HTTP Data Received,KB,p10,21.69
2,1780552936323170560,1780552937323170560,HTTP Data Received,KB,p25,31.26
2,1780552936323170560,1780552937323170560,HTTP Data Received,KB,p50,47.21
2,1780552936323170560,1780552937323170560,HTTP Data Received,KB,p75,63.17
2,1780552936323170560,1780552937323170560,HTTP Data Received,KB,p90,72.74
2,1780552936323170560,1780552937323170560,HTTP Data Received,KB,p95,75.93
2,1780552936323170560,1780552937323170560,HTTP Data Received,KB,p99,78.48
2,1780552936323170560,1780552937323170560,HTTP Data Received,KB,std,31.91
2,1780552936323170560,1780552937323170560,HTTP Data Sent,KB,avg,214.12
2,1780552936323170560,1780552937323170560,HTTP Data Sent,KB,min,181.47
2,1780552936323170560,1780552937323170560,HTTP Data Sent,KB,max,246.77
2,1780552936323170560,1780552937323170560,HTTP Data Sent,KB,sum,428.24
2,1780552936323170560,1780552937323170560,HTTP Data Sent,KB,p1,182.12
2,1780552936323170560,1780552937323170560,HTTP Data Sent,KB,p5,184.73
2,1780552936323170560,1780552937323170560,HTTP Data Sent,KB,p10,188.00
2,1780552936323170560,1780552937323170560,HTTP Data Sent,KB,p25,197.79
2,1780552936323170560,1780552937323170560,HTTP Data Sent,KB,p50,214.12
2,1780552936323170560,1780552937323170560,HTTP Data Sent,KB,p75,230.45
2,1780552936323170560,1780552937323170560,HTTP Data Sent,KB,p90,240.24
2,1780552936323170560,1780552937323170560,HTTP Data Sent,KB,p95,243.51
2,1780552936323170560,1780552937323170560,HTTP Data Sent,KB,p99,246.12
2,1780552936323170560,1780552937323170560,HTTP Data Sent,KB,std,32.65
2,1780552936323170560,1780552937323170560,HTTP DNS Lookup,ms,avg,0.00
2,1780552936323170560,1780552937323170560,HTTP DNS Lookup,ms,min,0.00
2,1780552936323170560,1780552937323170560,HTTP DNS Lookup,ms,max,0.00
2,1780552936323170560,1780552937323170560,HTTP DNS Lookup,ms,sum,0.00
2,1780552936323170560,1780552937323170560,HTTP DNS Lookup,ms,p1,0.00
2,1780552936323170560,1780552937323170560,HTTP DNS Lookup,ms,p5,0.00
2,1780552936323170560,1780552937323170560,HTTP DNS Lookup,ms,p10,0.00
2,1780552936323170560,1780552937323170560,HTTP DNS Lookup,ms,p25,0.00
2,1780552936323170560,1780552937323170560,HTTP DNS Lookup,ms,p50,0.00
2,1780552936323170560,1780552937323170560,HTTP DNS Lookup,ms,p75,0.00
2,1780552936323170560,1780552937323170560,HTTP DNS Lookup,ms,p90,0.00
2,1780552936323170560,1780552937323170560,HTTP DNS Lookup,ms,p95,0.00
2,1780552936323170560,1780552937323170560,HTTP DNS Lookup,ms,p99,0.00
2,1780552936323170560,1780552937323170560,HTTP DNS Lookup,ms,std,0.00
2,1780552936323170560,1780552937323170560,HTTP Duration (excl. conn),ms,avg,52813.78
2,1780552936323170560,1780552937323170560,HTTP Duration (excl. conn),ms,min,7290.31
2,1780552936323170560,1780552937323170560,HTTP Duration (excl. conn),ms,max,98337.26
2,1780552936323170560,1780552937323170560,HTTP Duration (excl. conn),ms,sum,105627.56
2,1780552936323170560,1780552937323170560,HTTP Duration (excl. conn),ms,p1,8200.78
2,1780552936323170560,1780552937323170560,HTTP Duration (excl. conn),ms,p5,11842.65
2,1780552936323170560,1780552937323170560,HTTP Duration (excl. conn),ms,p10,16395.00
2,1780552936323170560,1780552937323170560,HTTP Duration (excl. conn),ms,p25,30052.04
2,1780552936323170560,1780552937323170560,HTTP Duration (excl. conn),ms,p50,52813.78
2,1780552936323170560,1780552937323170560,HTTP Duration (excl. conn),ms,p75,75575.52
2,1780552936323170560,1780552937323170560,HTTP Duration (excl. conn),ms,p90,89232.56
2,1780552936323170560,1780552937323170560,HTTP Duration (excl. conn),ms,p95,93784.91
2,1780552936323170560,1780552937323170560,HTTP Duration (excl. conn),ms,p99,97426.79
2,1780552936323170560,1780552937323170560,HTTP Duration (excl. conn),ms,std,45523.48
2,1780552936323170560,1780552937323170560,HTTP Receiving,ms,avg,47927.24
2,1780552936323170560,1780552937323170560,HTTP Receiving,ms,min,2353.24
2,1780552936323170560,1780552937323170560,HTTP Receiving,ms,max,93501.23
2,1780552936323170560,1780552937323170560,HTTP Receiving,ms,sum,95854.47
2,1780552936323170560,1780552937323170560,HTTP Receiving,ms,p1,3264.72
2,1780552936323170560,1780552937323170560,HTTP Receiving,ms,p5,6910.64
2,1780552936323170560,1780552937323170560,HTTP Receiving,ms,p10,11468.04
2,1780552936323170560,1780552937323170560,HTTP Receiving,ms,p25,25140.24
2,1780552936323170560,1780552937323170560,HTTP Receiving,ms,p50,47927.24
2,1780552936323170560,1780552937323170560,HTTP Receiving,ms,p75,70714.23
2,1780552936323170560,1780552937323170560,HTTP Receiving,ms,p90,84386.43
2,1780552936323170560,1780552937323170560,HTTP Receiving,ms,p95,88943.83
2,1780552936323170560,1780552937323170560,HTTP Receiving,ms,p99,92589.75
2,1780552936323170560,1780552937323170560,HTTP Receiving,ms,std,45573.99
2,1780552936323170560,1780552937323170560,HTTP Sending,ms,avg,1.16
2,1780552936323170560,1780552937323170560,HTTP Sending,ms,min,1.13
2,1780552936323170560,1780552937323170560,HTTP Sending,ms,max,1.18
2,1780552936323170560,1780552937323170560,HTTP Sending,ms,sum,2.31
2,1780552936323170560,1780552937323170560,HTTP Sending,ms,p1,1.13
2,1780552936323170560,1780552937323170560,HTTP Sending,ms,p5,1.13
2,1780552936323170560,1780552937323170560,HTTP Sending,ms,p10,1.13
2,1780552936323170560,1780552937323170560,HTTP Sending,ms,p25,1.14
2,1780552936323170560,1780552937323170560,HTTP Sending,ms,p50,1.16
2,1780552936323170560,1780552937323170560,HTTP Sending,ms,p75,1.17
2,1780552936323170560,1780552937323170560,HTTP Sending,ms,p90,1.18
2,1780552936323170560,1780552937323170560,HTTP Sending,ms,p95,1.18
2,1780552936323170560,1780552937323170560,HTTP Sending,ms,p99,1.18
2,1780552936323170560,1780552937323170560,HTTP Sending,ms,std,0.03
2,1780552936323170560,1780552937323170560,HTTP Total Time,ms,avg,52814.57
2,1780552936323170560,1780552937323170560,HTTP Total Time,ms,min,7291.09
2,1780552936323170560,1780552937323170560,HTTP Total Time,ms,max,98338.05
2,1780552936323170560,1780552937323170560,HTTP Total Time,ms,sum,105629.14
2,1780552936323170560,1780552937323170560,HTTP Total Time,ms,p1,8201.56
2,1780552936323170560,1780552937323170560,HTTP Total Time,ms,p5,11843.44
2,1780552936323170560,1780552937323170560,HTTP Total Time,ms,p10,16395.79
2,1780552936323170560,1780552937323170560,HTTP Total Time,ms,p25,30052.83
2,1780552936323170560,1780552937323170560,HTTP Total Time,ms,p50,52814.57
2,1780552936323170560,1780552937323170560,HTTP Total Time,ms,p75,75576.31
2,1780552936323170560,1780552937323170560,HTTP Total Time,ms,p90,89233.35
2,1780552936323170560,1780552937323170560,HTTP Total Time,ms,p95,93785.70
2,1780552936323170560,1780552937323170560,HTTP Total Time,ms,p99,97427.58
2,1780552936323170560,1780552937323170560,HTTP Total Time,ms,std,45523.48
2,1780552936323170560,1780552937323170560,HTTP Waiting (TTFB),ms,avg,4885.39
2,1780552936323170560,1780552937323170560,HTTP Waiting (TTFB),ms,min,4834.85
2,1780552936323170560,1780552937323170560,HTTP Waiting (TTFB),ms,max,4935.93
2,1780552936323170560,1780552937323170560,HTTP Waiting (TTFB),ms,sum,9770.78
2,1780552936323170560,1780552937323170560,HTTP Waiting (TTFB),ms,p1,4835.86
2,1780552936323170560,1780552937323170560,HTTP Waiting (TTFB),ms,p5,4839.90
2,1780552936323170560,1780552937323170560,HTTP Waiting (TTFB),ms,p10,4844.96
2,1780552936323170560,1780552937323170560,HTTP Waiting (TTFB),ms,p25,4860.12
2,1780552936323170560,1780552937323170560,HTTP Waiting (TTFB),ms,p50,4885.39
2,1780552936323170560,1780552937323170560,HTTP Waiting (TTFB),ms,p75,4910.66
2,1780552936323170560,1780552937323170560,HTTP Waiting (TTFB),ms,p90,4925.83
2,1780552936323170560,1780552937323170560,HTTP Waiting (TTFB),ms,p95,4930.88
2,1780552936323170560,1780552937323170560,HTTP Waiting (TTFB),ms,p99,4934.92
2,1780552936323170560,1780552937323170560,HTTP Waiting (TTFB),ms,std,50.54
2,1780552936323170560,1780552937323170560,Input Sequence Length,tokens,avg,55236.50
2,1780552936323170560,1780552937323170560,Input Sequence Length,tokens,min,46580.00
2,1780552936323170560,1780552937323170560,Input Sequence Length,tokens,max,63893.00
2,1780552936323170560,1780552937323170560,Input Sequence Length,tokens,sum,110473.00
2,1780552936323170560,1780552937323170560,Input Sequence Length,tokens,p1,46753.13
2,1780552936323170560,1780552937323170560,Input Sequence Length,tokens,p5,47445.65
2,1780552936323170560,1780552937323170560,Input Sequence Length,tokens,p10,48311.30
2,1780552936323170560,1780552937323170560,Input Sequence Length,tokens,p25,50908.25
2,1780552936323170560,1780552937323170560,Input Sequence Length,tokens,p50,55236.50
2,1780552936323170560,1780552937323170560,Input Sequence Length,tokens,p75,59564.75
2,1780552936323170560,1780552937323170560,Input Sequence Length,tokens,p90,62161.70
2,1780552936323170560,1780552937323170560,Input Sequence Length,tokens,p95,63027.35
2,1780552936323170560,1780552937323170560,Input Sequence Length,tokens,p99,63719.87
2,1780552936323170560,1780552937323170560,Input Sequence Length,tokens,std,8656.50
2,1780552936323170560,1780552937323170560,Input Token Throughput,tokens/sec,avg,110473.00
2,1780552936323170560,1780552937323170560,Inter Chunk Latency,ms,avg,5.08
2,1780552936323170560,1780552937323170560,Inter Chunk Latency,ms,min,0.21
2,1780552936323170560,1780552937323170560,Inter Chunk Latency,ms,max,11.21
2,1780552936323170560,1780552937323170560,Inter Chunk Latency,ms,sum,1895.12
2,1780552936323170560,1780552937323170560,Inter Chunk Latency,ms,p1,0.26
2,1780552936323170560,1780552937323170560,Inter Chunk Latency,ms,p5,0.34
2,1780552936323170560,1780552937323170560,Inter Chunk Latency,ms,p10,0.46
2,1780552936323170560,1780552937323170560,Inter Chunk Latency,ms,p25,1.27
2,1780552936323170560,1780552937323170560,Inter Chunk Latency,ms,p50,4.77
2,1780552936323170560,1780552937323170560,Inter Chunk Latency,ms,p75,8.91
2,1780552936323170560,1780552937323170560,Inter Chunk Latency,ms,p90,11.01
2,1780552936323170560,1780552937323170560,Inter Chunk Latency,ms,p95,11.18
2,1780552936323170560,1780552937323170560,Inter Chunk Latency,ms,p99,11.21
2,1780552936323170560,1780552937323170560,Inter Chunk Latency,ms,std,4.04
2,1780552936323170560,1780552937323170560,Inter Token Latency,ms,avg,168.23
2,1780552936323170560,1780552937323170560,Inter Token Latency,ms,min,40.57
2,1780552936323170560,1780552937323170560,Inter Token Latency,ms,max,295.89
2,1780552936323170560,1780552937323170560,Inter Token Latency,ms,sum,336.46
2,1780552936323170560,1780552937323170560,Inter Token Latency,ms,p1,43.13
2,1780552936323170560,1780552937323170560,Inter Token Latency,ms,p5,53.34
2,1780552936323170560,1780552937323170560,Inter Token Latency,ms,p10,66.10
2,1780552936323170560,1780552937323170560,Inter Token Latency,ms,p25,104.40
2,1780552936323170560,1780552937323170560,Inter Token Latency,ms,p50,168.23
2,1780552936323170560,1780552937323170560,Inter Token Latency,ms,p75,232.06
2,1780552936323170560,1780552937323170560,Inter Token Latency,ms,p90,270.36
2,1780552936323170560,1780552937323170560,Inter Token Latency,ms,p95,283.12
2,1780552936323170560,1780552937323170560,Inter Token Latency,ms,p99,293.34
2,1780552936323170560,1780552937323170560,Inter Token Latency,ms,std,127.66
2,1780552936323170560,1780552937323170560,Maximum Response Timestamp,ns,avg,1780553034776527872.00
2,1780552936323170560,1780552937323170560,Minimum Request Timestamp,ns,avg,1780552936338167552.00
2,1780552936323170560,1780552937323170560,OSL Mismatch Count,requests,avg,0.00
2,1780552936323170560,1780552937323170560,OSL Mismatch Diff %,%,avg,0.00
2,1780552936323170560,1780552937323170560,OSL Mismatch Diff %,%,min,0.00
2,1780552936323170560,1780552937323170560,OSL Mismatch Diff %,%,max,0.00
2,1780552936323170560,1780552937323170560,OSL Mismatch Diff %,%,sum,0.00
2,1780552936323170560,1780552937323170560,OSL Mismatch Diff %,%,p1,0.00
2,1780552936323170560,1780552937323170560,OSL Mismatch Diff %,%,p5,0.00
2,1780552936323170560,1780552937323170560,OSL Mismatch Diff %,%,p10,0.00
2,1780552936323170560,1780552937323170560,OSL Mismatch Diff %,%,p25,0.00
2,1780552936323170560,1780552937323170560,OSL Mismatch Diff %,%,p50,0.00
2,1780552936323170560,1780552937323170560,OSL Mismatch Diff %,%,p75,0.00
2,1780552936323170560,1780552937323170560,OSL Mismatch Diff %,%,p90,0.00
2,1780552936323170560,1780552937323170560,OSL Mismatch Diff %,%,p95,0.00
2,1780552936323170560,1780552937323170560,OSL Mismatch Diff %,%,p99,0.00
2,1780552936323170560,1780552937323170560,OSL Mismatch Diff %,%,std,0.00
2,1780552936323170560,1780552937323170560,Output Sequence Length,tokens,avg,188.00
2,1780552936323170560,1780552937323170560,Output Sequence Length,tokens,min,59.00
2,1780552936323170560,1780552937323170560,Output Sequence Length,tokens,max,317.00
2,1780552936323170560,1780552937323170560,Output Sequence Length,tokens,sum,376.00
2,1780552936323170560,1780552937323170560,Output Sequence Length,tokens,p1,61.58
2,1780552936323170560,1780552937323170560,Output Sequence Length,tokens,p5,71.90
2,1780552936323170560,1780552937323170560,Output Sequence Length,tokens,p10,84.80
2,1780552936323170560,1780552937323170560,Output Sequence Length,tokens,p25,123.50
2,1780552936323170560,1780552937323170560,Output Sequence Length,tokens,p50,188.00
2,1780552936323170560,1780552937323170560,Output Sequence Length,tokens,p75,252.50
2,1780552936323170560,1780552937323170560,Output Sequence Length,tokens,p90,291.20
2,1780552936323170560,1780552937323170560,Output Sequence Length,tokens,p95,304.10
2,1780552936323170560,1780552937323170560,Output Sequence Length,tokens,p99,314.42
2,1780552936323170560,1780552937323170560,Output Sequence Length,tokens,std,129.00
2,1780552936323170560,1780552937323170560,Output Token Count,tokens,avg,188.00
2,1780552936323170560,1780552937323170560,Output Token Count,tokens,min,59.00
2,1780552936323170560,1780552937323170560,Output Token Count,tokens,max,317.00
2,1780552936323170560,1780552937323170560,Output Token Count,tokens,sum,376.00
2,1780552936323170560,1780552937323170560,Output Token Count,tokens,p1,61.58
2,1780552936323170560,1780552937323170560,Output Token Count,tokens,p5,71.90
2,1780552936323170560,1780552937323170560,Output Token Count,tokens,p10,84.80
2,1780552936323170560,1780552937323170560,Output Token Count,tokens,p25,123.50
2,1780552936323170560,1780552937323170560,Output Token Count,tokens,p50,188.00
2,1780552936323170560,1780552937323170560,Output Token Count,tokens,p75,252.50
2,1780552936323170560,1780552937323170560,Output Token Count,tokens,p90,291.20
2,1780552936323170560,1780552937323170560,Output Token Count,tokens,p95,304.10
2,1780552936323170560,1780552937323170560,Output Token Count,tokens,p99,314.42
2,1780552936323170560,1780552937323170560,Output Token Count,tokens,std,129.00
2,1780552936323170560,1780552937323170560,Output Token Throughput,tokens/sec,avg,376.00
2,1780552936323170560,1780552937323170560,Output Token Throughput Per User,tokens/sec/user,avg,14.01
2,1780552936323170560,1780552937323170560,Output Token Throughput Per User,tokens/sec/user,min,3.38
2,1780552936323170560,1780552937323170560,Output Token Throughput Per User,tokens/sec/user,max,24.65
2,1780552936323170560,1780552937323170560,Output Token Throughput Per User,tokens/sec/user,sum,28.03
2,1780552936323170560,1780552937323170560,Output Token Throughput Per User,tokens/sec/user,p1,3.59
2,1780552936323170560,1780552937323170560,Output Token Throughput Per User,tokens/sec/user,p5,4.44
2,1780552936323170560,1780552937323170560,Output Token Throughput Per User,tokens/sec/user,p10,5.51
2,1780552936323170560,1780552937323170560,Output Token Throughput Per User,tokens/sec/user,p25,8.70
2,1780552936323170560,1780552937323170560,Output Token Throughput Per User,tokens/sec/user,p50,14.01
2,1780552936323170560,1780552937323170560,Output Token Throughput Per User,tokens/sec/user,p75,19.33
2,1780552936323170560,1780552937323170560,Output Token Throughput Per User,tokens/sec/user,p90,22.52
2,1780552936323170560,1780552937323170560,Output Token Throughput Per User,tokens/sec/user,p95,23.58
2,1780552936323170560,1780552937323170560,Output Token Throughput Per User,tokens/sec/user,p99,24.43
2,1780552936323170560,1780552937323170560,Output Token Throughput Per User,tokens/sec/user,std,10.63
2,1780552936323170560,1780552937323170560,Prefill Throughput Per User,tokens/sec/user,avg,11286.35
2,1780552936323170560,1780552937323170560,Prefill Throughput Per User,tokens/sec/user,min,9631.57
2,1780552936323170560,1780552937323170560,Prefill Throughput Per User,tokens/sec/user,max,12941.12
2,1780552936323170560,1780552937323170560,Prefill Throughput Per User,tokens/sec/user,sum,22572.69
2,1780552936323170560,1780552937323170560,Prefill Throughput Per User,tokens/sec/user,p1,9664.67
2,1780552936323170560,1780552937323170560,Prefill Throughput Per User,tokens/sec/user,p5,9797.05
2,1780552936323170560,1780552937323170560,Prefill Throughput Per User,tokens/sec/user,p10,9962.53
2,1780552936323170560,1780552937323170560,Prefill Throughput Per User,tokens/sec/user,p25,10458.96
2,1780552936323170560,1780552937323170560,Prefill Throughput Per User,tokens/sec/user,p50,11286.35
2,1780552936323170560,1780552937323170560,Prefill Throughput Per User,tokens/sec/user,p75,12113.73
2,1780552936323170560,1780552937323170560,Prefill Throughput Per User,tokens/sec/user,p90,12610.16
2,1780552936323170560,1780552937323170560,Prefill Throughput Per User,tokens/sec/user,p95,12775.64
2,1780552936323170560,1780552937323170560,Prefill Throughput Per User,tokens/sec/user,p99,12908.02
2,1780552936323170560,1780552937323170560,Prefill Throughput Per User,tokens/sec/user,std,1654.77
2,1780552936323170560,1780552937323170560,Request Count,requests,avg,2.00
2,1780552936323170560,1780552937323170560,Request Latency,ms,avg,52813.92
2,1780552936323170560,1780552937323170560,Request Latency,ms,min,7290.44
2,1780552936323170560,1780552937323170560,Request Latency,ms,max,98337.39
2,1780552936323170560,1780552937323170560,Request Latency,ms,sum,105627.83
2,1780552936323170560,1780552937323170560,Request Latency,ms,p1,8200.91
2,1780552936323170560,1780552937323170560,Request Latency,ms,p5,11842.79
2,1780552936323170560,1780552937323170560,Request Latency,ms,p10,16395.14
2,1780552936323170560,1780552937323170560,Request Latency,ms,p25,30052.18
2,1780552936323170560,1780552937323170560,Request Latency,ms,p50,52813.92
2,1780552936323170560,1780552937323170560,Request Latency,ms,p75,75575.65
2,1780552936323170560,1780552937323170560,Request Latency,ms,p90,89232.70
2,1780552936323170560,1780552937323170560,Request Latency,ms,p95,93785.05
2,1780552936323170560,1780552937323170560,Request Latency,ms,p99,97426.92
2,1780552936323170560,1780552937323170560,Request Latency,ms,std,45523.48
2,1780552936323170560,1780552937323170560,Request Throughput,requests/sec,avg,2.00
2,1780552936323170560,1780552937323170560,Requested OSL,tokens,avg,188.00
2,1780552936323170560,1780552937323170560,Requested OSL,tokens,min,59.00
2,1780552936323170560,1780552937323170560,Requested OSL,tokens,max,317.00
2,1780552936323170560,1780552937323170560,Requested OSL,tokens,sum,376.00
2,1780552936323170560,1780552937323170560,Requested OSL,tokens,p1,61.58
2,1780552936323170560,1780552937323170560,Requested OSL,tokens,p5,71.90
2,1780552936323170560,1780552937323170560,Requested OSL,tokens,p10,84.80
2,1780552936323170560,1780552937323170560,Requested OSL,tokens,p25,123.50
2,1780552936323170560,1780552937323170560,Requested OSL,tokens,p50,188.00
2,1780552936323170560,1780552937323170560,Requested OSL,tokens,p75,252.50
2,1780552936323170560,1780552937323170560,Requested OSL,tokens,p90,291.20
2,1780552936323170560,1780552937323170560,Requested OSL,tokens,p95,304.10
2,1780552936323170560,1780552937323170560,Requested OSL,tokens,p99,314.42
2,1780552936323170560,1780552937323170560,Requested OSL,tokens,std,129.00
2,1780552936323170560,1780552937323170560,Time to First Output Token,ms,avg,4886.69
2,1780552936323170560,1780552937323170560,Time to First Output Token,ms,min,4836.18
2,1780552936323170560,1780552937323170560,Time to First Output Token,ms,max,4937.21
2,1780552936323170560,1780552937323170560,Time to First Output Token,ms,sum,9773.39
2,1780552936323170560,1780552937323170560,Time to First Output Token,ms,p1,4837.19
2,1780552936323170560,1780552937323170560,Time to First Output Token,ms,p5,4841.23
2,1780552936323170560,1780552937323170560,Time to First Output Token,ms,p10,4846.28
2,1780552936323170560,1780552937323170560,Time to First Output Token,ms,p25,4861.44
2,1780552936323170560,1780552937323170560,Time to First Output Token,ms,p50,4886.69
2,1780552936323170560,1780552937323170560,Time to First Output Token,ms,p75,4911.95
2,1780552936323170560,1780552937323170560,Time to First Output Token,ms,p90,4927.11
2,1780552936323170560,1780552937323170560,Time to First Output Token,ms,p95,4932.16
2,1780552936323170560,1780552937323170560,Time to First Output Token,ms,p99,4936.20
2,1780552936323170560,1780552937323170560,Time to First Output Token,ms,std,50.52
2,1780552936323170560,1780552937323170560,Time to First Token,ms,avg,4886.69
2,1780552936323170560,1780552937323170560,Time to First Token,ms,min,4836.18
2,1780552936323170560,1780552937323170560,Time to First Token,ms,max,4937.21
2,1780552936323170560,1780552937323170560,Time to First Token,ms,sum,9773.39
2,1780552936323170560,1780552937323170560,Time to First Token,ms,p1,4837.19
2,1780552936323170560,1780552937323170560,Time to First Token,ms,p5,4841.23
2,1780552936323170560,1780552937323170560,Time to First Token,ms,p10,4846.28
2,1780552936323170560,1780552937323170560,Time to First Token,ms,p25,4861.44
2,1780552936323170560,1780552937323170560,Time to First Token,ms,p50,4886.69
2,1780552936323170560,1780552937323170560,Time to First Token,ms,p75,4911.95
2,1780552936323170560,1780552937323170560,Time to First Token,ms,p90,4927.11
2,1780552936323170560,1780552937323170560,Time to First Token,ms,p95,4932.16
2,1780552936323170560,1780552937323170560,Time to First Token,ms,p99,4936.20
2,1780552936323170560,1780552937323170560,Time to First Token,ms,std,50.52
2,1780552936323170560,1780552937323170560,Time to Second Token,ms,avg,199.78
2,1780552936323170560,1780552937323170560,Time to Second Token,ms,min,199.77
2,1780552936323170560,1780552937323170560,Time to Second Token,ms,max,199.79
2,1780552936323170560,1780552937323170560,Time to Second Token,ms,sum,399.56
2,1780552936323170560,1780552937323170560,Time to Second Token,ms,p1,199.77
2,1780552936323170560,1780552937323170560,Time to Second Token,ms,p5,199.77
2,1780552936323170560,1780552937323170560,Time to Second Token,ms,p10,199.77
2,1780552936323170560,1780552937323170560,Time to Second Token,ms,p25,199.78
2,1780552936323170560,1780552937323170560,Time to Second Token,ms,p50,199.78
2,1780552936323170560,1780552937323170560,Time to Second Token,ms,p75,199.78
2,1780552936323170560,1780552937323170560,Time to Second Token,ms,p90,199.79
2,1780552936323170560,1780552937323170560,Time to Second Token,ms,p95,199.79
2,1780552936323170560,1780552937323170560,Time to Second Token,ms,p99,199.79
2,1780552936323170560,1780552937323170560,Time to Second Token,ms,std,0.01
2,1780552936323170560,1780552937323170560,Tokens In Flight,tokens,avg,315063.17
2,1780552936323170560,1780552937323170560,Tokens In Flight,tokens,min,210847.57
2,1780552936323170560,1780552937323170560,Tokens In Flight,tokens,max,321545.99
2,1780552936323170560,1780552937323170560,Tokens In Flight,tokens,p50,321342.80
2,1780552936323170560,1780552937323170560,Tokens In Flight,tokens,p90,321542.94
2,1780552936323170560,1780552937323170560,Tokens In Flight,tokens,p95,321544.97
2,1780552936323170560,1780552937323170560,Tokens In Flight,tokens,p99,321545.99
2,1780552936323170560,1780552937323170560,Tokens In Flight,tokens,std,19051.18
2,1780552936323170560,1780552937323170560,Total Input Sequence Length,tokens,avg,110473.00
2,1780552936323170560,1780552937323170560,Total Output Sequence Length,tokens,avg,376.00
2,1780552936323170560,1780552937323170560,Total Output Tokens,tokens,avg,376.00
2,1780552936323170560,1780552937323170560,Total Token Throughput,tokens/sec,avg,110849.00
2,1780552936323170560,1780552937323170560,Total Usage Completion Tokens,tokens,avg,376.00
2,1780552936323170560,1780552937323170560,Total Usage Prompt Tokens,tokens,avg,110473.00
2,1780552936323170560,1780552937323170560,Total Usage Total Tokens,tokens,avg,110849.00
2,1780552936323170560,1780552937323170560,Usage Completion Tokens,tokens,avg,188.00
2,1780552936323170560,1780552937323170560,Usage Completion Tokens,tokens,min,59.00
2,1780552936323170560,1780552937323170560,Usage Completion Tokens,tokens,max,317.00
2,1780552936323170560,1780552937323170560,Usage Completion Tokens,tokens,sum,376.00
2,1780552936323170560,1780552937323170560,Usage Completion Tokens,tokens,p1,61.58
2,1780552936323170560,1780552937323170560,Usage Completion Tokens,tokens,p5,71.90
2,1780552936323170560,1780552937323170560,Usage Completion Tokens,tokens,p10,84.80
2,1780552936323170560,1780552937323170560,Usage Completion Tokens,tokens,p25,123.50
2,1780552936323170560,1780552937323170560,Usage Completion Tokens,tokens,p50,188.00
2,1780552936323170560,1780552937323170560,Usage Completion Tokens,tokens,p75,252.50
2,1780552936323170560,1780552937323170560,Usage Completion Tokens,tokens,p90,291.20
2,1780552936323170560,1780552937323170560,Usage Completion Tokens,tokens,p95,304.10
2,1780552936323170560,1780552937323170560,Usage Completion Tokens,tokens,p99,314.42
2,1780552936323170560,1780552937323170560,Usage Completion Tokens,tokens,std,129.00
2,1780552936323170560,1780552937323170560,Usage Prompt Tokens,tokens,avg,55236.50
2,1780552936323170560,1780552937323170560,Usage Prompt Tokens,tokens,min,46580.00
2,1780552936323170560,1780552937323170560,Usage Prompt Tokens,tokens,max,63893.00
2,1780552936323170560,1780552937323170560,Usage Prompt Tokens,tokens,sum,110473.00
2,1780552936323170560,1780552937323170560,Usage Prompt Tokens,tokens,p1,46753.13
2,1780552936323170560,1780552937323170560,Usage Prompt Tokens,tokens,p5,47445.65
2,1780552936323170560,1780552937323170560,Usage Prompt Tokens,tokens,p10,48311.30
2,1780552936323170560,1780552937323170560,Usage Prompt Tokens,tokens,p25,50908.25
2,1780552936323170560,1780552937323170560,Usage Prompt Tokens,tokens,p50,55236.50
2,1780552936323170560,1780552937323170560,Usage Prompt Tokens,tokens,p75,59564.75
2,1780552936323170560,1780552937323170560,Usage Prompt Tokens,tokens,p90,62161.70
2,1780552936323170560,1780552937323170560,Usage Prompt Tokens,tokens,p95,63027.35
2,1780552936323170560,1780552937323170560,Usage Prompt Tokens,tokens,p99,63719.87
2,1780552936323170560,1780552937323170560,Usage Prompt Tokens,tokens,std,8656.50
2,1780552936323170560,1780552937323170560,Usage Total Tokens,tokens,avg,55424.50
2,1780552936323170560,1780552937323170560,Usage Total Tokens,tokens,min,46897.00
2,1780552936323170560,1780552937323170560,Usage Total Tokens,tokens,max,63952.00
2,1780552936323170560,1780552937323170560,Usage Total Tokens,tokens,sum,110849.00
2,1780552936323170560,1780552937323170560,Usage Total Tokens,tokens,p1,47067.55
2,1780552936323170560,1780552937323170560,Usage Total Tokens,tokens,p5,47749.75
2,1780552936323170560,1780552937323170560,Usage Total Tokens,tokens,p10,48602.50
2,1780552936323170560,1780552937323170560,Usage Total Tokens,tokens,p25,51160.75
2,1780552936323170560,1780552937323170560,Usage Total Tokens,tokens,p50,55424.50
2,1780552936323170560,1780552937323170560,Usage Total Tokens,tokens,p75,59688.25
2,1780552936323170560,1780552937323170560,Usage Total Tokens,tokens,p90,62246.50
2,1780552936323170560,1780552937323170560,Usage Total Tokens,tokens,p95,63099.25
2,1780552936323170560,1780552937323170560,Usage Total Tokens,tokens,p99,63781.45
2,1780552936323170560,1780552937323170560,Usage Total Tokens,tokens,std,8527.50
3,1780552937323170560,1780552938323170560,Active Decode Throughput,tokens/sec,avg,29.94
3,1780552937323170560,1780552938323170560,Active Decode Throughput,tokens/sec,min,0.00
3,1780552937323170560,1780552938323170560,Active Decode Throughput,tokens/sec,max,59.90
3,1780552937323170560,1780552938323170560,Active Decode Throughput,tokens/sec,p50,29.94
3,1780552937323170560,1780552938323170560,Active Decode Throughput,tokens/sec,p90,29.95
3,1780552937323170560,1780552938323170560,Active Decode Throughput,tokens/sec,p95,29.95
3,1780552937323170560,1780552938323170560,Active Decode Throughput,tokens/sec,p99,29.95
3,1780552937323170560,1780552938323170560,Active Decode Throughput,tokens/sec,std,0.04
3,1780552937323170560,1780552938323170560,Active Decode Throughput Per User,tokens/sec/user,avg,14.97
3,1780552937323170560,1780552938323170560,Active Decode Throughput Per User,tokens/sec/user,min,0.00
3,1780552937323170560,1780552938323170560,Active Decode Throughput Per User,tokens/sec/user,max,29.95
3,1780552937323170560,1780552938323170560,Active Decode Throughput Per User,tokens/sec/user,p50,14.97
3,1780552937323170560,1780552938323170560,Active Decode Throughput Per User,tokens/sec/user,p90,14.97
3,1780552937323170560,1780552938323170560,Active Decode Throughput Per User,tokens/sec/user,p95,14.98
3,1780552937323170560,1780552938323170560,Active Decode Throughput Per User,tokens/sec/user,p99,14.98
3,1780552937323170560,1780552938323170560,Active Decode Throughput Per User,tokens/sec/user,std,0.02
3,1780552937323170560,1780552938323170560,Active Prefill Throughput,tokens/sec,avg,40276.01
3,1780552937323170560,1780552938323170560,Active Prefill Throughput,tokens/sec,min,22572.69
3,1780552937323170560,1780552938323170560,Active Prefill Throughput,tokens/sec,max,56154.77
3,1780552937323170560,1780552938323170560,Active Prefill Throughput,tokens/sec,p50,56154.77
3,1780552937323170560,1780552938323170560,Active Prefill Throughput,tokens/sec,p90,56154.77
3,1780552937323170560,1780552938323170560,Active Prefill Throughput,tokens/sec,p95,56154.77
3,1780552937323170560,1780552938323170560,Active Prefill Throughput,tokens/sec,p99,56154.77
3,1780552937323170560,1780552938323170560,Active Prefill Throughput,tokens/sec,std,16766.24
3,1780552937323170560,1780552938323170560,Active Prefill Throughput Per User,tokens/sec/user,avg,15204.19
3,1780552937323170560,1780552938323170560,Active Prefill Throughput Per User,tokens/sec/user,min,11286.35
3,1780552937323170560,1780552938323170560,Active Prefill Throughput Per User,tokens/sec/user,max,18718.26
3,1780552937323170560,1780552938323170560,Active Prefill Throughput Per User,tokens/sec/user,p50,18718.26
3,1780552937323170560,1780552938323170560,Active Prefill Throughput Per User,tokens/sec/user,p90,18718.26
3,1780552937323170560,1780552938323170560,Active Prefill Throughput Per User,tokens/sec/user,p95,18718.26
3,1780552937323170560,1780552938323170560,Active Prefill Throughput Per User,tokens/sec/user,p99,18718.26
3,1780552937323170560,1780552938323170560,Active Prefill Throughput Per User,tokens/sec/user,std,3710.47
3,1780552937323170560,1780552938323170560,Active Total Throughput,tokens/sec,avg,40285.31
3,1780552937323170560,1780552938323170560,Active Total Throughput,tokens/sec,min,22581.99
3,1780552937323170560,1780552938323170560,Active Total Throughput,tokens/sec,max,56164.07
3,1780552937323170560,1780552938323170560,Active Total Throughput,tokens/sec,p50,56164.07
3,1780552937323170560,1780552938323170560,Active Total Throughput,tokens/sec,p90,56164.07
3,1780552937323170560,1780552938323170560,Active Total Throughput,tokens/sec,p95,56164.07
3,1780552937323170560,1780552938323170560,Active Total Throughput,tokens/sec,p99,56164.07
3,1780552937323170560,1780552938323170560,Active Total Throughput,tokens/sec,std,16766.24
3,1780552937323170560,1780552938323170560,Benchmark Duration,sec,avg,420.54
3,1780552937323170560,1780552938323170560,E2E Output Token Throughput,tokens/sec/user,avg,6.43
3,1780552937323170560,1780552938323170560,E2E Output Token Throughput,tokens/sec/user,min,6.43
3,1780552937323170560,1780552938323170560,E2E Output Token Throughput,tokens/sec/user,max,6.43
3,1780552937323170560,1780552938323170560,E2E Output Token Throughput,tokens/sec/user,sum,6.43
3,1780552937323170560,1780552938323170560,E2E Output Token Throughput,tokens/sec/user,p1,6.43
3,1780552937323170560,1780552938323170560,E2E Output Token Throughput,tokens/sec/user,p5,6.43
3,1780552937323170560,1780552938323170560,E2E Output Token Throughput,tokens/sec/user,p10,6.43
3,1780552937323170560,1780552938323170560,E2E Output Token Throughput,tokens/sec/user,p25,6.43
3,1780552937323170560,1780552938323170560,E2E Output Token Throughput,tokens/sec/user,p50,6.43
3,1780552937323170560,1780552938323170560,E2E Output Token Throughput,tokens/sec/user,p75,6.43
3,1780552937323170560,1780552938323170560,E2E Output Token Throughput,tokens/sec/user,p90,6.43
3,1780552937323170560,1780552938323170560,E2E Output Token Throughput,tokens/sec/user,p95,6.43
3,1780552937323170560,1780552938323170560,E2E Output Token Throughput,tokens/sec/user,p99,6.43
3,1780552937323170560,1780552938323170560,E2E Output Token Throughput,tokens/sec/user,std,0.00
3,1780552937323170560,1780552938323170560,Effective Concurrency,requests,avg,4.53
3,1780552937323170560,1780552938323170560,Effective Concurrency,requests,min,4.00
3,1780552937323170560,1780552938323170560,Effective Concurrency,requests,max,5.00
3,1780552937323170560,1780552938323170560,Effective Concurrency,requests,p50,5.00
3,1780552937323170560,1780552938323170560,Effective Concurrency,requests,p90,5.00
3,1780552937323170560,1780552938323170560,Effective Concurrency,requests,p95,5.00
3,1780552937323170560,1780552938323170560,Effective Concurrency,requests,p99,5.00
3,1780552937323170560,1780552938323170560,Effective Concurrency,requests,std,0.50
3,1780552937323170560,1780552938323170560,Effective Decode Concurrency,requests,avg,2.00
3,1780552937323170560,1780552938323170560,Effective Decode Concurrency,requests,min,2.00
3,1780552937323170560,1780552938323170560,Effective Decode Concurrency,requests,max,2.00
3,1780552937323170560,1780552938323170560,Effective Decode Concurrency,requests,p50,2.00
3,1780552937323170560,1780552938323170560,Effective Decode Concurrency,requests,p90,2.00
3,1780552937323170560,1780552938323170560,Effective Decode Concurrency,requests,p95,2.00
3,1780552937323170560,1780552938323170560,Effective Decode Concurrency,requests,p99,2.00
3,1780552937323170560,1780552938323170560,Effective Decode Concurrency,requests,std,0.00
3,1780552937323170560,1780552938323170560,Effective Decode Throughput,tokens/sec,avg,29.94
3,1780552937323170560,1780552938323170560,Effective Decode Throughput,tokens/sec,min,0.00
3,1780552937323170560,1780552938323170560,Effective Decode Throughput,tokens/sec,max,59.90
3,1780552937323170560,1780552938323170560,Effective Decode Throughput,tokens/sec,p50,29.94
3,1780552937323170560,1780552938323170560,Effective Decode Throughput,tokens/sec,p90,29.95
3,1780552937323170560,1780552938323170560,Effective Decode Throughput,tokens/sec,p95,29.95
3,1780552937323170560,1780552938323170560,Effective Decode Throughput,tokens/sec,p99,29.95
3,1780552937323170560,1780552938323170560,Effective Decode Throughput,tokens/sec,std,0.04
3,1780552937323170560,1780552938323170560,Effective Decode Throughput Per User,tokens/sec/user,avg,14.97
3,1780552937323170560,1780552938323170560,Effective Decode Throughput Per User,tokens/sec/user,min,0.00
3,1780552937323170560,1780552938323170560,Effective Decode Throughput Per User,tokens/sec/user,max,29.95
3,1780552937323170560,1780552938323170560,Effective Decode Throughput Per User,tokens/sec/user,p50,14.97
3,1780552937323170560,1780552938323170560,Effective Decode Throughput Per User,tokens/sec/user,p90,14.97
3,1780552937323170560,1780552938323170560,Effective Decode Throughput Per User,tokens/sec/user,p95,14.98
3,1780552937323170560,1780552938323170560,Effective Decode Throughput Per User,tokens/sec/user,p99,14.98
3,1780552937323170560,1780552938323170560,Effective Decode Throughput Per User,tokens/sec/user,std,0.02
3,1780552937323170560,1780552938323170560,Effective Prefill Concurrency,requests,avg,2.53
3,1780552937323170560,1780552938323170560,Effective Prefill Concurrency,requests,min,2.00
3,1780552937323170560,1780552938323170560,Effective Prefill Concurrency,requests,max,3.00
3,1780552937323170560,1780552938323170560,Effective Prefill Concurrency,requests,p50,3.00
3,1780552937323170560,1780552938323170560,Effective Prefill Concurrency,requests,p90,3.00
3,1780552937323170560,1780552938323170560,Effective Prefill Concurrency,requests,p95,3.00
3,1780552937323170560,1780552938323170560,Effective Prefill Concurrency,requests,p99,3.00
3,1780552937323170560,1780552938323170560,Effective Prefill Concurrency,requests,std,0.50
3,1780552937323170560,1780552938323170560,Effective Prefill Throughput,tokens/sec,avg,40276.01
3,1780552937323170560,1780552938323170560,Effective Prefill Throughput,tokens/sec,min,22572.69
3,1780552937323170560,1780552938323170560,Effective Prefill Throughput,tokens/sec,max,56154.77
3,1780552937323170560,1780552938323170560,Effective Prefill Throughput,tokens/sec,p50,56154.77
3,1780552937323170560,1780552938323170560,Effective Prefill Throughput,tokens/sec,p90,56154.77
3,1780552937323170560,1780552938323170560,Effective Prefill Throughput,tokens/sec,p95,56154.77
3,1780552937323170560,1780552938323170560,Effective Prefill Throughput,tokens/sec,p99,56154.77
3,1780552937323170560,1780552938323170560,Effective Prefill Throughput,tokens/sec,std,16766.24
3,1780552937323170560,1780552938323170560,Effective Prefill Throughput Per User,tokens/sec/user,avg,15204.19
3,1780552937323170560,1780552938323170560,Effective Prefill Throughput Per User,tokens/sec/user,min,11286.35
3,1780552937323170560,1780552938323170560,Effective Prefill Throughput Per User,tokens/sec/user,max,18718.26
3,1780552937323170560,1780552938323170560,Effective Prefill Throughput Per User,tokens/sec/user,p50,18718.26
3,1780552937323170560,1780552938323170560,Effective Prefill Throughput Per User,tokens/sec/user,p90,18718.26
3,1780552937323170560,1780552938323170560,Effective Prefill Throughput Per User,tokens/sec/user,p95,18718.26
3,1780552937323170560,1780552938323170560,Effective Prefill Throughput Per User,tokens/sec/user,p99,18718.26
3,1780552937323170560,1780552938323170560,Effective Prefill Throughput Per User,tokens/sec/user,std,3710.47
3,1780552937323170560,1780552938323170560,Effective Total Throughput,tokens/sec,avg,40285.31
3,1780552937323170560,1780552938323170560,Effective Total Throughput,tokens/sec,min,22581.99
3,1780552937323170560,1780552938323170560,Effective Total Throughput,tokens/sec,max,56164.07
3,1780552937323170560,1780552938323170560,Effective Total Throughput,tokens/sec,p50,56164.07
3,1780552937323170560,1780552938323170560,Effective Total Throughput,tokens/sec,p90,56164.07
3,1780552937323170560,1780552938323170560,Effective Total Throughput,tokens/sec,p95,56164.07
3,1780552937323170560,1780552938323170560,Effective Total Throughput,tokens/sec,p99,56164.07
3,1780552937323170560,1780552938323170560,Effective Total Throughput,tokens/sec,std,16766.24
3,1780552937323170560,1780552938323170560,HTTP Blocked,ms,avg,0.00
3,1780552937323170560,1780552938323170560,HTTP Blocked,ms,min,0.00
3,1780552937323170560,1780552938323170560,HTTP Blocked,ms,max,0.00
3,1780552937323170560,1780552938323170560,HTTP Blocked,ms,sum,0.00
3,1780552937323170560,1780552938323170560,HTTP Blocked,ms,p1,0.00
3,1780552937323170560,1780552938323170560,HTTP Blocked,ms,p5,0.00
3,1780552937323170560,1780552938323170560,HTTP Blocked,ms,p10,0.00
3,1780552937323170560,1780552938323170560,HTTP Blocked,ms,p25,0.00
3,1780552937323170560,1780552938323170560,HTTP Blocked,ms,p50,0.00
3,1780552937323170560,1780552938323170560,HTTP Blocked,ms,p75,0.00
3,1780552937323170560,1780552938323170560,HTTP Blocked,ms,p90,0.00
3,1780552937323170560,1780552938323170560,HTTP Blocked,ms,p95,0.00
3,1780552937323170560,1780552938323170560,HTTP Blocked,ms,p99,0.00
3,1780552937323170560,1780552938323170560,HTTP Blocked,ms,std,0.00
3,1780552937323170560,1780552938323170560,HTTP Chunks Received,count,avg,2701.00
3,1780552937323170560,1780552938323170560,HTTP Chunks Received,count,min,2701.00
3,1780552937323170560,1780552938323170560,HTTP Chunks Received,count,max,2701.00
3,1780552937323170560,1780552938323170560,HTTP Chunks Received,count,sum,2701.00
3,1780552937323170560,1780552938323170560,HTTP Chunks Received,count,p1,2701.00
3,1780552937323170560,1780552938323170560,HTTP Chunks Received,count,p5,2701.00
3,1780552937323170560,1780552938323170560,HTTP Chunks Received,count,p10,2701.00
3,1780552937323170560,1780552938323170560,HTTP Chunks Received,count,p25,2701.00
3,1780552937323170560,1780552938323170560,HTTP Chunks Received,count,p50,2701.00
3,1780552937323170560,1780552938323170560,HTTP Chunks Received,count,p75,2701.00
3,1780552937323170560,1780552938323170560,HTTP Chunks Received,count,p90,2701.00
3,1780552937323170560,1780552938323170560,HTTP Chunks Received,count,p95,2701.00
3,1780552937323170560,1780552938323170560,HTTP Chunks Received,count,p99,2701.00
3,1780552937323170560,1780552938323170560,HTTP Chunks Received,count,std,0.00
3,1780552937323170560,1780552938323170560,HTTP Chunks Sent,count,avg,1.00
3,1780552937323170560,1780552938323170560,HTTP Chunks Sent,count,min,1.00
3,1780552937323170560,1780552938323170560,HTTP Chunks Sent,count,max,1.00
3,1780552937323170560,1780552938323170560,HTTP Chunks Sent,count,sum,1.00
3,1780552937323170560,1780552938323170560,HTTP Chunks Sent,count,p1,1.00
3,1780552937323170560,1780552938323170560,HTTP Chunks Sent,count,p5,1.00
3,1780552937323170560,1780552938323170560,HTTP Chunks Sent,count,p10,1.00
3,1780552937323170560,1780552938323170560,HTTP Chunks Sent,count,p25,1.00
3,1780552937323170560,1780552938323170560,HTTP Chunks Sent,count,p50,1.00
3,1780552937323170560,1780552938323170560,HTTP Chunks Sent,count,p75,1.00
3,1780552937323170560,1780552938323170560,HTTP Chunks Sent,count,p90,1.00
3,1780552937323170560,1780552938323170560,HTTP Chunks Sent,count,p95,1.00
3,1780552937323170560,1780552938323170560,HTTP Chunks Sent,count,p99,1.00
3,1780552937323170560,1780552938323170560,HTTP Chunks Sent,count,std,0.00
3,1780552937323170560,1780552938323170560,HTTP Connecting,ms,avg,0.84
3,1780552937323170560,1780552938323170560,HTTP Connecting,ms,min,0.84
3,1780552937323170560,1780552938323170560,HTTP Connecting,ms,max,0.84
3,1780552937323170560,1780552938323170560,HTTP Connecting,ms,sum,0.84
3,1780552937323170560,1780552938323170560,HTTP Connecting,ms,p1,0.84
3,1780552937323170560,1780552938323170560,HTTP Connecting,ms,p5,0.84
3,1780552937323170560,1780552938323170560,HTTP Connecting,ms,p10,0.84
3,1780552937323170560,1780552938323170560,HTTP Connecting,ms,p25,0.84
3,1780552937323170560,1780552938323170560,HTTP Connecting,ms,p50,0.84
3,1780552937323170560,1780552938323170560,HTTP Connecting,ms,p75,0.84
3,1780552937323170560,1780552938323170560,HTTP Connecting,ms,p90,0.84
3,1780552937323170560,1780552938323170560,HTTP Connecting,ms,p95,0.84
3,1780552937323170560,1780552938323170560,HTTP Connecting,ms,p99,0.84
3,1780552937323170560,1780552938323170560,HTTP Connecting,ms,std,0.00
3,1780552937323170560,1780552938323170560,HTTP Connection Overhead,ms,avg,0.84
3,1780552937323170560,1780552938323170560,HTTP Connection Overhead,ms,min,0.84
3,1780552937323170560,1780552938323170560,HTTP Connection Overhead,ms,max,0.84
3,1780552937323170560,1780552938323170560,HTTP Connection Overhead,ms,sum,0.84
3,1780552937323170560,1780552938323170560,HTTP Connection Overhead,ms,p1,0.84
3,1780552937323170560,1780552938323170560,HTTP Connection Overhead,ms,p5,0.84
3,1780552937323170560,1780552938323170560,HTTP Connection Overhead,ms,p10,0.84
3,1780552937323170560,1780552938323170560,HTTP Connection Overhead,ms,p25,0.84
3,1780552937323170560,1780552938323170560,HTTP Connection Overhead,ms,p50,0.84
3,1780552937323170560,1780552938323170560,HTTP Connection Overhead,ms,p75,0.84
3,1780552937323170560,1780552938323170560,HTTP Connection Overhead,ms,p90,0.84
3,1780552937323170560,1780552938323170560,HTTP Connection Overhead,ms,p95,0.84
3,1780552937323170560,1780552938323170560,HTTP Connection Overhead,ms,p99,0.84
3,1780552937323170560,1780552938323170560,HTTP Connection Overhead,ms,std,0.00
3,1780552937323170560,1780552938323170560,HTTP Connection Reused,ratio,avg,0.00
3,1780552937323170560,1780552938323170560,HTTP Connection Reused,ratio,min,0.00
3,1780552937323170560,1780552938323170560,HTTP Connection Reused,ratio,max,0.00
3,1780552937323170560,1780552938323170560,HTTP Connection Reused,ratio,sum,0.00
3,1780552937323170560,1780552938323170560,HTTP Connection Reused,ratio,p1,0.00
3,1780552937323170560,1780552938323170560,HTTP Connection Reused,ratio,p5,0.00
3,1780552937323170560,1780552938323170560,HTTP Connection Reused,ratio,p10,0.00
3,1780552937323170560,1780552938323170560,HTTP Connection Reused,ratio,p25,0.00
3,1780552937323170560,1780552938323170560,HTTP Connection Reused,ratio,p50,0.00
3,1780552937323170560,1780552938323170560,HTTP Connection Reused,ratio,p75,0.00
3,1780552937323170560,1780552938323170560,HTTP Connection Reused,ratio,p90,0.00
3,1780552937323170560,1780552938323170560,HTTP Connection Reused,ratio,p95,0.00
3,1780552937323170560,1780552938323170560,HTTP Connection Reused,ratio,p99,0.00
3,1780552937323170560,1780552938323170560,HTTP Connection Reused,ratio,std,0.00
3,1780552937323170560,1780552938323170560,HTTP Data Received,KB,avg,666.85
3,1780552937323170560,1780552938323170560,HTTP Data Received,KB,min,666.85
3,1780552937323170560,1780552938323170560,HTTP Data Received,KB,max,666.85
3,1780552937323170560,1780552938323170560,HTTP Data Received,KB,sum,666.85
3,1780552937323170560,1780552938323170560,HTTP Data Received,KB,p1,666.85
3,1780552937323170560,1780552938323170560,HTTP Data Received,KB,p5,666.85
3,1780552937323170560,1780552938323170560,HTTP Data Received,KB,p10,666.85
3,1780552937323170560,1780552938323170560,HTTP Data Received,KB,p25,666.85
3,1780552937323170560,1780552938323170560,HTTP Data Received,KB,p50,666.85
3,1780552937323170560,1780552938323170560,HTTP Data Received,KB,p75,666.85
3,1780552937323170560,1780552938323170560,HTTP Data Received,KB,p90,666.85
3,1780552937323170560,1780552938323170560,HTTP Data Received,KB,p95,666.85
3,1780552937323170560,1780552938323170560,HTTP Data Received,KB,p99,666.85
3,1780552937323170560,1780552938323170560,HTTP Data Received,KB,std,0.00
3,1780552937323170560,1780552938323170560,HTTP Data Sent,KB,avg,455.45
3,1780552937323170560,1780552938323170560,HTTP Data Sent,KB,min,455.45
3,1780552937323170560,1780552938323170560,HTTP Data Sent,KB,max,455.45
3,1780552937323170560,1780552938323170560,HTTP Data Sent,KB,sum,455.45
3,1780552937323170560,1780552938323170560,HTTP Data Sent,KB,p1,455.45
3,1780552937323170560,1780552938323170560,HTTP Data Sent,KB,p5,455.45
3,1780552937323170560,1780552938323170560,HTTP Data Sent,KB,p10,455.45
3,1780552937323170560,1780552938323170560,HTTP Data Sent,KB,p25,455.45
3,1780552937323170560,1780552938323170560,HTTP Data Sent,KB,p50,455.45
3,1780552937323170560,1780552938323170560,HTTP Data Sent,KB,p75,455.45
3,1780552937323170560,1780552938323170560,HTTP Data Sent,KB,p90,455.45
3,1780552937323170560,1780552938323170560,HTTP Data Sent,KB,p95,455.45
3,1780552937323170560,1780552938323170560,HTTP Data Sent,KB,p99,455.45
3,1780552937323170560,1780552938323170560,HTTP Data Sent,KB,std,0.00
3,1780552937323170560,1780552938323170560,HTTP DNS Lookup,ms,avg,0.00
3,1780552937323170560,1780552938323170560,HTTP DNS Lookup,ms,min,0.00
3,1780552937323170560,1780552938323170560,HTTP DNS Lookup,ms,max,0.00
3,1780552937323170560,1780552938323170560,HTTP DNS Lookup,ms,sum,0.00
3,1780552937323170560,1780552938323170560,HTTP DNS Lookup,ms,p1,0.00
3,1780552937323170560,1780552938323170560,HTTP DNS Lookup,ms,p5,0.00
3,1780552937323170560,1780552938323170560,HTTP DNS Lookup,ms,p10,0.00
3,1780552937323170560,1780552938323170560,HTTP DNS Lookup,ms,p25,0.00
3,1780552937323170560,1780552938323170560,HTTP DNS Lookup,ms,p50,0.00
3,1780552937323170560,1780552938323170560,HTTP DNS Lookup,ms,p75,0.00
3,1780552937323170560,1780552938323170560,HTTP DNS Lookup,ms,p90,0.00
3,1780552937323170560,1780552938323170560,HTTP DNS Lookup,ms,p95,0.00
3,1780552937323170560,1780552938323170560,HTTP DNS Lookup,ms,p99,0.00
3,1780552937323170560,1780552938323170560,HTTP DNS Lookup,ms,std,0.00
3,1780552937323170560,1780552938323170560,HTTP Duration (excl. conn),ms,avg,420542.34
3,1780552937323170560,1780552938323170560,HTTP Duration (excl. conn),ms,min,420542.34
3,1780552937323170560,1780552938323170560,HTTP Duration (excl. conn),ms,max,420542.34
3,1780552937323170560,1780552938323170560,HTTP Duration (excl. conn),ms,sum,420542.34
3,1780552937323170560,1780552938323170560,HTTP Duration (excl. conn),ms,p1,420542.34
3,1780552937323170560,1780552938323170560,HTTP Duration (excl. conn),ms,p5,420542.34
3,1780552937323170560,1780552938323170560,HTTP Duration (excl. conn),ms,p10,420542.34
3,1780552937323170560,1780552938323170560,HTTP Duration (excl. conn),ms,p25,420542.34
3,1780552937323170560,1780552938323170560,HTTP Duration (excl. conn),ms,p50,420542.34
3,1780552937323170560,1780552938323170560,HTTP Duration (excl. conn),ms,p75,420542.34
3,1780552937323170560,1780552938323170560,HTTP Duration (excl. conn),ms,p90,420542.34
3,1780552937323170560,1780552938323170560,HTTP Duration (excl. conn),ms,p95,420542.34
3,1780552937323170560,1780552938323170560,HTTP Duration (excl. conn),ms,p99,420542.34
3,1780552937323170560,1780552938323170560,HTTP Duration (excl. conn),ms,std,0.00
3,1780552937323170560,1780552938323170560,HTTP Receiving,ms,avg,417063.14
3,1780552937323170560,1780552938323170560,HTTP Receiving,ms,min,417063.14
3,1780552937323170560,1780552938323170560,HTTP Receiving,ms,max,417063.14
3,1780552937323170560,1780552938323170560,HTTP Receiving,ms,sum,417063.14
3,1780552937323170560,1780552938323170560,HTTP Receiving,ms,p1,417063.14
3,1780552937323170560,1780552938323170560,HTTP Receiving,ms,p5,417063.14
3,1780552937323170560,1780552938323170560,HTTP Receiving,ms,p10,417063.14
3,1780552937323170560,1780552938323170560,HTTP Receiving,ms,p25,417063.14
3,1780552937323170560,1780552938323170560,HTTP Receiving,ms,p50,417063.14
3,1780552937323170560,1780552938323170560,HTTP Receiving,ms,p75,417063.14
3,1780552937323170560,1780552938323170560,HTTP Receiving,ms,p90,417063.14
3,1780552937323170560,1780552938323170560,HTTP Receiving,ms,p95,417063.14
3,1780552937323170560,1780552938323170560,HTTP Receiving,ms,p99,417063.14
3,1780552937323170560,1780552938323170560,HTTP Receiving,ms,std,0.00
3,1780552937323170560,1780552938323170560,HTTP Sending,ms,avg,1.22
3,1780552937323170560,1780552938323170560,HTTP Sending,ms,min,1.22
3,1780552937323170560,1780552938323170560,HTTP Sending,ms,max,1.22
3,1780552937323170560,1780552938323170560,HTTP Sending,ms,sum,1.22
3,1780552937323170560,1780552938323170560,HTTP Sending,ms,p1,1.22
3,1780552937323170560,1780552938323170560,HTTP Sending,ms,p5,1.22
3,1780552937323170560,1780552938323170560,HTTP Sending,ms,p10,1.22
3,1780552937323170560,1780552938323170560,HTTP Sending,ms,p25,1.22
3,1780552937323170560,1780552938323170560,HTTP Sending,ms,p50,1.22
3,1780552937323170560,1780552938323170560,HTTP Sending,ms,p75,1.22
3,1780552937323170560,1780552938323170560,HTTP Sending,ms,p90,1.22
3,1780552937323170560,1780552938323170560,HTTP Sending,ms,p95,1.22
3,1780552937323170560,1780552938323170560,HTTP Sending,ms,p99,1.22
3,1780552937323170560,1780552938323170560,HTTP Sending,ms,std,0.00
3,1780552937323170560,1780552938323170560,HTTP Total Time,ms,avg,420543.18
3,1780552937323170560,1780552938323170560,HTTP Total Time,ms,min,420543.18
3,1780552937323170560,1780552938323170560,HTTP Total Time,ms,max,420543.18
3,1780552937323170560,1780552938323170560,HTTP Total Time,ms,sum,420543.18
3,1780552937323170560,1780552938323170560,HTTP Total Time,ms,p1,420543.18
3,1780552937323170560,1780552938323170560,HTTP Total Time,ms,p5,420543.18
3,1780552937323170560,1780552938323170560,HTTP Total Time,ms,p10,420543.18
3,1780552937323170560,1780552938323170560,HTTP Total Time,ms,p25,420543.18
3,1780552937323170560,1780552938323170560,HTTP Total Time,ms,p50,420543.18
3,1780552937323170560,1780552938323170560,HTTP Total Time,ms,p75,420543.18
3,1780552937323170560,1780552938323170560,HTTP Total Time,ms,p90,420543.18
3,1780552937323170560,1780552938323170560,HTTP Total Time,ms,p95,420543.18
3,1780552937323170560,1780552938323170560,HTTP Total Time,ms,p99,420543.18
3,1780552937323170560,1780552938323170560,HTTP Total Time,ms,std,0.00
3,1780552937323170560,1780552938323170560,HTTP Waiting (TTFB),ms,avg,3477.97
3,1780552937323170560,1780552938323170560,HTTP Waiting (TTFB),ms,min,3477.97
3,1780552937323170560,1780552938323170560,HTTP Waiting (TTFB),ms,max,3477.97
3,1780552937323170560,1780552938323170560,HTTP Waiting (TTFB),ms,sum,3477.97
3,1780552937323170560,1780552938323170560,HTTP Waiting (TTFB),ms,p1,3477.97
3,1780552937323170560,1780552938323170560,HTTP Waiting (TTFB),ms,p5,3477.97
3,1780552937323170560,1780552938323170560,HTTP Waiting (TTFB),ms,p10,3477.97
3,1780552937323170560,1780552938323170560,HTTP Waiting (TTFB),ms,p25,3477.97
3,1780552937323170560,1780552938323170560,HTTP Waiting (TTFB),ms,p50,3477.97
3,1780552937323170560,1780552938323170560,HTTP Waiting (TTFB),ms,p75,3477.97
3,1780552937323170560,1780552938323170560,HTTP Waiting (TTFB),ms,p90,3477.97
3,1780552937323170560,1780552938323170560,HTTP Waiting (TTFB),ms,p95,3477.97
3,1780552937323170560,1780552938323170560,HTTP Waiting (TTFB),ms,p99,3477.97
3,1780552937323170560,1780552938323170560,HTTP Waiting (TTFB),ms,std,0.00
3,1780552937323170560,1780552938323170560,Input Sequence Length,tokens,avg,116844.00
3,1780552937323170560,1780552938323170560,Input Sequence Length,tokens,min,116844.00
3,1780552937323170560,1780552938323170560,Input Sequence Length,tokens,max,116844.00
3,1780552937323170560,1780552938323170560,Input Sequence Length,tokens,sum,116844.00
3,1780552937323170560,1780552938323170560,Input Sequence Length,tokens,p1,116844.00
3,1780552937323170560,1780552938323170560,Input Sequence Length,tokens,p5,116844.00
3,1780552937323170560,1780552938323170560,Input Sequence Length,tokens,p10,116844.00
3,1780552937323170560,1780552938323170560,Input Sequence Length,tokens,p25,116844.00
3,1780552937323170560,1780552938323170560,Input Sequence Length,tokens,p50,116844.00
3,1780552937323170560,1780552938323170560,Input Sequence Length,tokens,p75,116844.00
3,1780552937323170560,1780552938323170560,Input Sequence Length,tokens,p90,116844.00
3,1780552937323170560,1780552938323170560,Input Sequence Length,tokens,p95,116844.00
3,1780552937323170560,1780552938323170560,Input Sequence Length,tokens,p99,116844.00
3,1780552937323170560,1780552938323170560,Input Sequence Length,tokens,std,0.00
3,1780552937323170560,1780552938323170560,Input Token Throughput,tokens/sec,avg,116844.00
3,1780552937323170560,1780552938323170560,Inter Chunk Latency,ms,avg,64.57
3,1780552937323170560,1780552938323170560,Inter Chunk Latency,ms,min,64.42
3,1780552937323170560,1780552938323170560,Inter Chunk Latency,ms,max,64.69
3,1780552937323170560,1780552938323170560,Inter Chunk Latency,ms,sum,102532.73
3,1780552937323170560,1780552938323170560,Inter Chunk Latency,ms,p1,64.43
3,1780552937323170560,1780552938323170560,Inter Chunk Latency,ms,p5,64.44
3,1780552937323170560,1780552938323170560,Inter Chunk Latency,ms,p10,64.46
3,1780552937323170560,1780552938323170560,Inter Chunk Latency,ms,p25,64.50
3,1780552937323170560,1780552938323170560,Inter Chunk Latency,ms,p50,64.57
3,1780552937323170560,1780552938323170560,Inter Chunk Latency,ms,p75,64.64
3,1780552937323170560,1780552938323170560,Inter Chunk Latency,ms,p90,64.67
3,1780552937323170560,1780552938323170560,Inter Chunk Latency,ms,p95,64.68
3,1780552937323170560,1780552938323170560,Inter Chunk Latency,ms,p99,64.69
3,1780552937323170560,1780552938323170560,Inter Chunk Latency,ms,std,0.08
3,1780552937323170560,1780552938323170560,Inter Token Latency,ms,avg,154.41
3,1780552937323170560,1780552938323170560,Inter Token Latency,ms,min,154.41
3,1780552937323170560,1780552938323170560,Inter Token Latency,ms,max,154.41
3,1780552937323170560,1780552938323170560,Inter Token Latency,ms,sum,154.41
3,1780552937323170560,1780552938323170560,Inter Token Latency,ms,p1,154.41
3,1780552937323170560,1780552938323170560,Inter Token Latency,ms,p5,154.41
3,1780552937323170560,1780552938323170560,Inter Token Latency,ms,p10,154.41
3,1780552937323170560,1780552938323170560,Inter Token Latency,ms,p25,154.41
3,1780552937323170560,1780552938323170560,Inter Token Latency,ms,p50,154.41
3,1780552937323170560,1780552938323170560,Inter Token Latency,ms,p75,154.41
3,1780552937323170560,1780552938323170560,Inter Token Latency,ms,p90,154.41
3,1780552937323170560,1780552938323170560,Inter Token Latency,ms,p95,154.41
3,1780552937323170560,1780552938323170560,Inter Token Latency,ms,p99,154.41
3,1780552937323170560,1780552938323170560,Inter Token Latency,ms,std,0.00
3,1780552937323170560,1780552938323170560,Maximum Response Timestamp,ns,avg,1780553358338489088.00
3,1780552937323170560,1780552938323170560,Minimum Request Timestamp,ns,avg,1780552937796004864.00
3,1780552937323170560,1780552938323170560,OSL Mismatch Count,requests,avg,0.00
3,1780552937323170560,1780552938323170560,OSL Mismatch Diff %,%,avg,0.00
3,1780552937323170560,1780552938323170560,OSL Mismatch Diff %,%,min,0.00
3,1780552937323170560,1780552938323170560,OSL Mismatch Diff %,%,max,0.00
3,1780552937323170560,1780552938323170560,OSL Mismatch Diff %,%,sum,0.00
3,1780552937323170560,1780552938323170560,OSL Mismatch Diff %,%,p1,0.00
3,1780552937323170560,1780552938323170560,OSL Mismatch Diff %,%,p5,0.00
3,1780552937323170560,1780552938323170560,OSL Mismatch Diff %,%,p10,0.00
3,1780552937323170560,1780552938323170560,OSL Mismatch Diff %,%,p25,0.00
3,1780552937323170560,1780552938323170560,OSL Mismatch Diff %,%,p50,0.00
3,1780552937323170560,1780552938323170560,OSL Mismatch Diff %,%,p75,0.00
3,1780552937323170560,1780552938323170560,OSL Mismatch Diff %,%,p90,0.00
3,1780552937323170560,1780552938323170560,OSL Mismatch Diff %,%,p95,0.00
3,1780552937323170560,1780552938323170560,OSL Mismatch Diff %,%,p99,0.00
3,1780552937323170560,1780552938323170560,OSL Mismatch Diff %,%,std,0.00
3,1780552937323170560,1780552938323170560,Output Sequence Length,tokens,avg,2702.00
3,1780552937323170560,1780552938323170560,Output Sequence Length,tokens,min,2702.00
3,1780552937323170560,1780552938323170560,Output Sequence Length,tokens,max,2702.00
3,1780552937323170560,1780552938323170560,Output Sequence Length,tokens,sum,2702.00
3,1780552937323170560,1780552938323170560,Output Sequence Length,tokens,p1,2702.00
3,1780552937323170560,1780552938323170560,Output Sequence Length,tokens,p5,2702.00
3,1780552937323170560,1780552938323170560,Output Sequence Length,tokens,p10,2702.00
3,1780552937323170560,1780552938323170560,Output Sequence Length,tokens,p25,2702.00
3,1780552937323170560,1780552938323170560,Output Sequence Length,tokens,p50,2702.00
3,1780552937323170560,1780552938323170560,Output Sequence Length,tokens,p75,2702.00
3,1780552937323170560,1780552938323170560,Output Sequence Length,tokens,p90,2702.00
3,1780552937323170560,1780552938323170560,Output Sequence Length,tokens,p95,2702.00
3,1780552937323170560,1780552938323170560,Output Sequence Length,tokens,p99,2702.00
3,1780552937323170560,1780552938323170560,Output Sequence Length,tokens,std,0.00
3,1780552937323170560,1780552938323170560,Output Token Count,tokens,avg,2702.00
3,1780552937323170560,1780552938323170560,Output Token Count,tokens,min,2702.00
3,1780552937323170560,1780552938323170560,Output Token Count,tokens,max,2702.00
3,1780552937323170560,1780552938323170560,Output Token Count,tokens,sum,2702.00
3,1780552937323170560,1780552938323170560,Output Token Count,tokens,p1,2702.00
3,1780552937323170560,1780552938323170560,Output Token Count,tokens,p5,2702.00
3,1780552937323170560,1780552938323170560,Output Token Count,tokens,p10,2702.00
3,1780552937323170560,1780552938323170560,Output Token Count,tokens,p25,2702.00
3,1780552937323170560,1780552938323170560,Output Token Count,tokens,p50,2702.00
3,1780552937323170560,1780552938323170560,Output Token Count,tokens,p75,2702.00
3,1780552937323170560,1780552938323170560,Output Token Count,tokens,p90,2702.00
3,1780552937323170560,1780552938323170560,Output Token Count,tokens,p95,2702.00
3,1780552937323170560,1780552938323170560,Output Token Count,tokens,p99,2702.00
3,1780552937323170560,1780552938323170560,Output Token Count,tokens,std,0.00
3,1780552937323170560,1780552938323170560,Output Token Throughput,tokens/sec,avg,2702.00
3,1780552937323170560,1780552938323170560,Output Token Throughput Per User,tokens/sec/user,avg,6.48
3,1780552937323170560,1780552938323170560,Output Token Throughput Per User,tokens/sec/user,min,6.48
3,1780552937323170560,1780552938323170560,Output Token Throughput Per User,tokens/sec/user,max,6.48
3,1780552937323170560,1780552938323170560,Output Token Throughput Per User,tokens/sec/user,sum,6.48
3,1780552937323170560,1780552938323170560,Output Token Throughput Per User,tokens/sec/user,p1,6.48
3,1780552937323170560,1780552938323170560,Output Token Throughput Per User,tokens/sec/user,p5,6.48
3,1780552937323170560,1780552938323170560,Output Token Throughput Per User,tokens/sec/user,p10,6.48
3,1780552937323170560,1780552938323170560,Output Token Throughput Per User,tokens/sec/user,p25,6.48
3,1780552937323170560,1780552938323170560,Output Token Throughput Per User,tokens/sec/user,p50,6.48
3,1780552937323170560,1780552938323170560,Output Token Throughput Per User,tokens/sec/user,p75,6.48
3,1780552937323170560,1780552938323170560,Output Token Throughput Per User,tokens/sec/user,p90,6.48
3,1780552937323170560,1780552938323170560,Output Token Throughput Per User,tokens/sec/user,p95,6.48
3,1780552937323170560,1780552938323170560,Output Token Throughput Per User,tokens/sec/user,p99,6.48
3,1780552937323170560,1780552938323170560,Output Token Throughput Per User,tokens/sec/user,std,0.00
3,1780552937323170560,1780552938323170560,Prefill Throughput Per User,tokens/sec/user,avg,33582.08
3,1780552937323170560,1780552938323170560,Prefill Throughput Per User,tokens/sec/user,min,33582.08
3,1780552937323170560,1780552938323170560,Prefill Throughput Per User,tokens/sec/user,max,33582.08
3,1780552937323170560,1780552938323170560,Prefill Throughput Per User,tokens/sec/user,sum,33582.08
3,1780552937323170560,1780552938323170560,Prefill Throughput Per User,tokens/sec/user,p1,33582.08
3,1780552937323170560,1780552938323170560,Prefill Throughput Per User,tokens/sec/user,p5,33582.08
3,1780552937323170560,1780552938323170560,Prefill Throughput Per User,tokens/sec/user,p10,33582.08
3,1780552937323170560,1780552938323170560,Prefill Throughput Per User,tokens/sec/user,p25,33582.08
3,1780552937323170560,1780552938323170560,Prefill Throughput Per User,tokens/sec/user,p50,33582.08
3,1780552937323170560,1780552938323170560,Prefill Throughput Per User,tokens/sec/user,p75,33582.08
3,1780552937323170560,1780552938323170560,Prefill Throughput Per User,tokens/sec/user,p90,33582.08
3,1780552937323170560,1780552938323170560,Prefill Throughput Per User,tokens/sec/user,p95,33582.08
3,1780552937323170560,1780552938323170560,Prefill Throughput Per User,tokens/sec/user,p99,33582.08
3,1780552937323170560,1780552938323170560,Prefill Throughput Per User,tokens/sec/user,std,0.00
3,1780552937323170560,1780552938323170560,Request Count,requests,avg,1.00
3,1780552937323170560,1780552938323170560,Request Latency,ms,avg,420542.48
3,1780552937323170560,1780552938323170560,Request Latency,ms,min,420542.48
3,1780552937323170560,1780552938323170560,Request Latency,ms,max,420542.48
3,1780552937323170560,1780552938323170560,Request Latency,ms,sum,420542.48
3,1780552937323170560,1780552938323170560,Request Latency,ms,p1,420542.48
3,1780552937323170560,1780552938323170560,Request Latency,ms,p5,420542.48
3,1780552937323170560,1780552938323170560,Request Latency,ms,p10,420542.48
3,1780552937323170560,1780552938323170560,Request Latency,ms,p25,420542.48
3,1780552937323170560,1780552938323170560,Request Latency,ms,p50,420542.48
3,1780552937323170560,1780552938323170560,Request Latency,ms,p75,420542.48
3,1780552937323170560,1780552938323170560,Request Latency,ms,p90,420542.48
3,1780552937323170560,1780552938323170560,Request Latency,ms,p95,420542.48
3,1780552937323170560,1780552938323170560,Request Latency,ms,p99,420542.48
3,1780552937323170560,1780552938323170560,Request Latency,ms,std,0.00
3,1780552937323170560,1780552938323170560,Request Throughput,requests/sec,avg,1.00
3,1780552937323170560,1780552938323170560,Requested OSL,tokens,avg,2702.00
3,1780552937323170560,1780552938323170560,Requested OSL,tokens,min,2702.00
3,1780552937323170560,1780552938323170560,Requested OSL,tokens,max,2702.00
3,1780552937323170560,1780552938323170560,Requested OSL,tokens,sum,2702.00
3,1780552937323170560,1780552938323170560,Requested OSL,tokens,p1,2702.00
3,1780552937323170560,1780552938323170560,Requested OSL,tokens,p5,2702.00
3,1780552937323170560,1780552938323170560,Requested OSL,tokens,p10,2702.00
3,1780552937323170560,1780552938323170560,Requested OSL,tokens,p25,2702.00
3,1780552937323170560,1780552938323170560,Requested OSL,tokens,p50,2702.00
3,1780552937323170560,1780552938323170560,Requested OSL,tokens,p75,2702.00
3,1780552937323170560,1780552938323170560,Requested OSL,tokens,p90,2702.00
3,1780552937323170560,1780552938323170560,Requested OSL,tokens,p95,2702.00
3,1780552937323170560,1780552938323170560,Requested OSL,tokens,p99,2702.00
3,1780552937323170560,1780552938323170560,Requested OSL,tokens,std,0.00
3,1780552937323170560,1780552938323170560,Time to First Output Token,ms,avg,3479.36
3,1780552937323170560,1780552938323170560,Time to First Output Token,ms,min,3479.36
3,1780552937323170560,1780552938323170560,Time to First Output Token,ms,max,3479.36
3,1780552937323170560,1780552938323170560,Time to First Output Token,ms,sum,3479.36
3,1780552937323170560,1780552938323170560,Time to First Output Token,ms,p1,3479.36
3,1780552937323170560,1780552938323170560,Time to First Output Token,ms,p5,3479.36
3,1780552937323170560,1780552938323170560,Time to First Output Token,ms,p10,3479.36
3,1780552937323170560,1780552938323170560,Time to First Output Token,ms,p25,3479.36
3,1780552937323170560,1780552938323170560,Time to First Output Token,ms,p50,3479.36
3,1780552937323170560,1780552938323170560,Time to First Output Token,ms,p75,3479.36
3,1780552937323170560,1780552938323170560,Time to First Output Token,ms,p90,3479.36
3,1780552937323170560,1780552938323170560,Time to First Output Token,ms,p95,3479.36
3,1780552937323170560,1780552938323170560,Time to First Output Token,ms,p99,3479.36
3,1780552937323170560,1780552938323170560,Time to First Output Token,ms,std,0.00
3,1780552937323170560,1780552938323170560,Time to First Token,ms,avg,3479.36
3,1780552937323170560,1780552938323170560,Time to First Token,ms,min,3479.36
3,1780552937323170560,1780552938323170560,Time to First Token,ms,max,3479.36
3,1780552937323170560,1780552938323170560,Time to First Token,ms,sum,3479.36
3,1780552937323170560,1780552938323170560,Time to First Token,ms,p1,3479.36
3,1780552937323170560,1780552938323170560,Time to First Token,ms,p5,3479.36
3,1780552937323170560,1780552938323170560,Time to First Token,ms,p10,3479.36
3,1780552937323170560,1780552938323170560,Time to First Token,ms,p25,3479.36
3,1780552937323170560,1780552938323170560,Time to First Token,ms,p50,3479.36
3,1780552937323170560,1780552938323170560,Time to First Token,ms,p75,3479.36
3,1780552937323170560,1780552938323170560,Time to First Token,ms,p90,3479.36
3,1780552937323170560,1780552938323170560,Time to First Token,ms,p95,3479.36
3,1780552937323170560,1780552938323170560,Time to First Token,ms,p99,3479.36
3,1780552937323170560,1780552938323170560,Time to First Token,ms,std,0.00
3,1780552937323170560,1780552938323170560,Time to Second Token,ms,avg,199.79
3,1780552937323170560,1780552938323170560,Time to Second Token,ms,min,199.79
3,1780552937323170560,1780552938323170560,Time to Second Token,ms,max,199.79
3,1780552937323170560,1780552938323170560,Time to Second Token,ms,sum,199.79
3,1780552937323170560,1780552938323170560,Time to Second Token,ms,p1,199.79
3,1780552937323170560,1780552938323170560,Time to Second Token,ms,p5,199.79
3,1780552937323170560,1780552938323170560,Time to Second Token,ms,p10,199.79
3,1780552937323170560,1780552938323170560,Time to Second Token,ms,p25,199.79
3,1780552937323170560,1780552938323170560,Time to Second Token,ms,p50,199.79
3,1780552937323170560,1780552938323170560,Time to Second Token,ms,p75,199.79
3,1780552937323170560,1780552938323170560,Time to Second Token,ms,p90,199.79
3,1780552937323170560,1780552938323170560,Time to Second Token,ms,p95,199.79
3,1780552937323170560,1780552938323170560,Time to Second Token,ms,p99,199.79
3,1780552937323170560,1780552938323170560,Time to Second Token,ms,std,0.00
3,1780552937323170560,1780552938323170560,Tokens In Flight,tokens,avg,383157.16
3,1780552937323170560,1780552938323170560,Tokens In Flight,tokens,min,321545.99
3,1780552937323170560,1780552938323170560,Tokens In Flight,tokens,max,438420.42
3,1780552937323170560,1780552938323170560,Tokens In Flight,tokens,p50,438405.20
3,1780552937323170560,1780552938323170560,Tokens In Flight,tokens,p90,438417.38
3,1780552937323170560,1780552938323170560,Tokens In Flight,tokens,p95,438418.39
3,1780552937323170560,1780552938323170560,Tokens In Flight,tokens,p99,438419.41
3,1780552937323170560,1780552938323170560,Tokens In Flight,tokens,std,58343.18
3,1780552937323170560,1780552938323170560,Total Input Sequence Length,tokens,avg,116844.00
3,1780552937323170560,1780552938323170560,Total Output Sequence Length,tokens,avg,2702.00
3,1780552937323170560,1780552938323170560,Total Output Tokens,tokens,avg,2702.00
3,1780552937323170560,1780552938323170560,Total Token Throughput,tokens/sec,avg,119546.00
3,1780552937323170560,1780552938323170560,Total Usage Completion Tokens,tokens,avg,2702.00
3,1780552937323170560,1780552938323170560,Total Usage Prompt Tokens,tokens,avg,116844.00
3,1780552937323170560,1780552938323170560,Total Usage Total Tokens,tokens,avg,119546.00
3,1780552937323170560,1780552938323170560,Usage Completion Tokens,tokens,avg,2702.00
3,1780552937323170560,1780552938323170560,Usage Completion Tokens,tokens,min,2702.00
3,1780552937323170560,1780552938323170560,Usage Completion Tokens,tokens,max,2702.00
3,1780552937323170560,1780552938323170560,Usage Completion Tokens,tokens,sum,2702.00
3,1780552937323170560,1780552938323170560,Usage Completion Tokens,tokens,p1,2702.00
3,1780552937323170560,1780552938323170560,Usage Completion Tokens,tokens,p5,2702.00
3,1780552937323170560,1780552938323170560,Usage Completion Tokens,tokens,p10,2702.00
3,1780552937323170560,1780552938323170560,Usage Completion Tokens,tokens,p25,2702.00
3,1780552937323170560,1780552938323170560,Usage Completion Tokens,tokens,p50,2702.00
3,1780552937323170560,1780552938323170560,Usage Completion Tokens,tokens,p75,2702.00
3,1780552937323170560,1780552938323170560,Usage Completion Tokens,tokens,p90,2702.00
3,1780552937323170560,1780552938323170560,Usage Completion Tokens,tokens,p95,2702.00
3,1780552937323170560,1780552938323170560,Usage Completion Tokens,tokens,p99,2702.00
3,1780552937323170560,1780552938323170560,Usage Completion Tokens,tokens,std,0.00
3,1780552937323170560,1780552938323170560,Usage Prompt Tokens,tokens,avg,116844.00
3,1780552937323170560,1780552938323170560,Usage Prompt Tokens,tokens,min,116844.00
3,1780552937323170560,1780552938323170560,Usage Prompt Tokens,tokens,max,116844.00
3,1780552937323170560,1780552938323170560,Usage Prompt Tokens,tokens,sum,116844.00
3,1780552937323170560,1780552938323170560,Usage Prompt Tokens,tokens,p1,116844.00
3,1780552937323170560,1780552938323170560,Usage Prompt Tokens,tokens,p5,116844.00
3,1780552937323170560,1780552938323170560,Usage Prompt Tokens,tokens,p10,116844.00
3,1780552937323170560,1780552938323170560,Usage Prompt Tokens,tokens,p25,116844.00
3,1780552937323170560,1780552938323170560,Usage Prompt Tokens,tokens,p50,116844.00
3,1780552937323170560,1780552938323170560,Usage Prompt Tokens,tokens,p75,116844.00
3,1780552937323170560,1780552938323170560,Usage Prompt Tokens,tokens,p90,116844.00
3,1780552937323170560,1780552938323170560,Usage Prompt Tokens,tokens,p95,116844.00
3,1780552937323170560,1780552938323170560,Usage Prompt Tokens,tokens,p99,116844.00
3,1780552937323170560,1780552938323170560,Usage Prompt Tokens,tokens,std,0.00
3,1780552937323170560,1780552938323170560,Usage Total Tokens,tokens,avg,119546.00
3,1780552937323170560,1780552938323170560,Usage Total Tokens,tokens,min,119546.00
3,1780552937323170560,1780552938323170560,Usage Total Tokens,tokens,max,119546.00
3,1780552937323170560,1780552938323170560,Usage Total Tokens,tokens,sum,119546.00
3,1780552937323170560,1780552938323170560,Usage Total Tokens,tokens,p1,119546.00
3,1780552937323170560,1780552938323170560,Usage Total Tokens,tokens,p5,119546.00
3,1780552937323170560,1780552938323170560,Usage Total Tokens,tokens,p10,119546.00
3,1780552937323170560,1780552938323170560,Usage Total Tokens,tokens,p25,119546.00
3,1780552937323170560,1780552938323170560,Usage Total Tokens,tokens,p50,119546.00
3,1780552937323170560,1780552938323170560,Usage Total Tokens,tokens,p75,119546.00
3,1780552937323170560,1780552938323170560,Usage Total Tokens,tokens,p90,119546.00
3,1780552937323170560,1780552938323170560,Usage Total Tokens,tokens,p95,119546.00
3,1780552937323170560,1780552938323170560,Usage Total Tokens,tokens,p99,119546.00
3,1780552937323170560,1780552938323170560,Usage Total Tokens,tokens,std,0.00
4,1780552939323170560,1780552940323170560,Active Decode Throughput,tokens/sec,avg,29.90
4,1780552939323170560,1780552940323170560,Active Decode Throughput,tokens/sec,min,0.00
4,1780552939323170560,1780552940323170560,Active Decode Throughput,tokens/sec,max,59.81
4,1780552939323170560,1780552940323170560,Active Decode Throughput,tokens/sec,p50,29.90
4,1780552939323170560,1780552940323170560,Active Decode Throughput,tokens/sec,p90,29.91
4,1780552939323170560,1780552940323170560,Active Decode Throughput,tokens/sec,p95,29.91
4,1780552939323170560,1780552940323170560,Active Decode Throughput,tokens/sec,p99,29.91
4,1780552939323170560,1780552940323170560,Active Decode Throughput,tokens/sec,std,0.04
4,1780552939323170560,1780552940323170560,Active Decode Throughput Per User,tokens/sec/user,avg,14.95
4,1780552939323170560,1780552940323170560,Active Decode Throughput Per User,tokens/sec/user,min,0.00
4,1780552939323170560,1780552940323170560,Active Decode Throughput Per User,tokens/sec/user,max,29.91
4,1780552939323170560,1780552940323170560,Active Decode Throughput Per User,tokens/sec/user,p50,14.95
4,1780552939323170560,1780552940323170560,Active Decode Throughput Per User,tokens/sec/user,p90,14.96
4,1780552939323170560,1780552940323170560,Active Decode Throughput Per User,tokens/sec/user,p95,14.96
4,1780552939323170560,1780552940323170560,Active Decode Throughput Per User,tokens/sec/user,p99,14.96
4,1780552939323170560,1780552940323170560,Active Decode Throughput Per User,tokens/sec/user,std,0.02
4,1780552939323170560,1780552940323170560,Active Prefill Throughput,tokens/sec,avg,146821.15
4,1780552939323170560,1780552940323170560,Active Prefill Throughput,tokens/sec,min,56154.77
4,1780552939323170560,1780552940323170560,Active Prefill Throughput,tokens/sec,max,215895.81
4,1780552939323170560,1780552940323170560,Active Prefill Throughput,tokens/sec,p50,157300.71
4,1780552939323170560,1780552940323170560,Active Prefill Throughput,tokens/sec,p90,215895.81
4,1780552939323170560,1780552940323170560,Active Prefill Throughput,tokens/sec,p95,215895.81
4,1780552939323170560,1780552940323170560,Active Prefill Throughput,tokens/sec,p99,215895.81
4,1780552939323170560,1780552940323170560,Active Prefill Throughput,tokens/sec,std,74663.50
4,1780552939323170560,1780552940323170560,Active Prefill Throughput Per User,tokens/sec/user,avg,33196.16
4,1780552939323170560,1780552940323170560,Active Prefill Throughput Per User,tokens/sec/user,min,18718.26
4,1780552939323170560,1780552940323170560,Active Prefill Throughput Per User,tokens/sec/user,max,43179.16
4,1780552939323170560,1780552940323170560,Active Prefill Throughput Per User,tokens/sec/user,p50,39325.18
4,1780552939323170560,1780552940323170560,Active Prefill Throughput Per User,tokens/sec/user,p90,43179.16
4,1780552939323170560,1780552940323170560,Active Prefill Throughput Per User,tokens/sec/user,p95,43179.16
4,1780552939323170560,1780552940323170560,Active Prefill Throughput Per User,tokens/sec/user,p99,43179.16
4,1780552939323170560,1780552940323170560,Active Prefill Throughput Per User,tokens/sec/user,std,11632.37
4,1780552939323170560,1780552940323170560,Active Total Throughput,tokens/sec,avg,146830.45
4,1780552939323170560,1780552940323170560,Active Total Throughput,tokens/sec,min,56164.07
4,1780552939323170560,1780552940323170560,Active Total Throughput,tokens/sec,max,215905.11
4,1780552939323170560,1780552940323170560,Active Total Throughput,tokens/sec,p50,157310.01
4,1780552939323170560,1780552940323170560,Active Total Throughput,tokens/sec,p90,215905.11
4,1780552939323170560,1780552940323170560,Active Total Throughput,tokens/sec,p95,215905.11
4,1780552939323170560,1780552940323170560,Active Total Throughput,tokens/sec,p99,215905.11
4,1780552939323170560,1780552940323170560,Active Total Throughput,tokens/sec,std,74663.50
4,1780552939323170560,1780552940323170560,Benchmark Duration,sec,avg,505.85
4,1780552939323170560,1780552940323170560,E2E Output Token Throughput,tokens/sec/user,avg,6.39
4,1780552939323170560,1780552940323170560,E2E Output Token Throughput,tokens/sec/user,min,6.15
4,1780552939323170560,1780552940323170560,E2E Output Token Throughput,tokens/sec/user,max,6.63
4,1780552939323170560,1780552940323170560,E2E Output Token Throughput,tokens/sec/user,sum,12.78
4,1780552939323170560,1780552940323170560,E2E Output Token Throughput,tokens/sec/user,p1,6.15
4,1780552939323170560,1780552940323170560,E2E Output Token Throughput,tokens/sec/user,p5,6.17
4,1780552939323170560,1780552940323170560,E2E Output Token Throughput,tokens/sec/user,p10,6.20
4,1780552939323170560,1780552940323170560,E2E Output Token Throughput,tokens/sec/user,p25,6.27
4,1780552939323170560,1780552940323170560,E2E Output Token Throughput,tokens/sec/user,p50,6.39
4,1780552939323170560,1780552940323170560,E2E Output Token Throughput,tokens/sec/user,p75,6.51
4,1780552939323170560,1780552940323170560,E2E Output Token Throughput,tokens/sec/user,p90,6.58
4,1780552939323170560,1780552940323170560,E2E Output Token Throughput,tokens/sec/user,p95,6.61
4,1780552939323170560,1780552940323170560,E2E Output Token Throughput,tokens/sec/user,p99,6.63
4,1780552939323170560,1780552940323170560,E2E Output Token Throughput,tokens/sec/user,std,0.24
4,1780552939323170560,1780552940323170560,Effective Concurrency,requests,avg,6.10
4,1780552939323170560,1780552940323170560,Effective Concurrency,requests,min,5.00
4,1780552939323170560,1780552940323170560,Effective Concurrency,requests,max,7.00
4,1780552939323170560,1780552940323170560,Effective Concurrency,requests,p50,6.00
4,1780552939323170560,1780552940323170560,Effective Concurrency,requests,p90,7.00
4,1780552939323170560,1780552940323170560,Effective Concurrency,requests,p95,7.00
4,1780552939323170560,1780552940323170560,Effective Concurrency,requests,p99,7.00
4,1780552939323170560,1780552940323170560,Effective Concurrency,requests,std,0.93
4,1780552939323170560,1780552940323170560,Effective Decode Concurrency,requests,avg,2.00
4,1780552939323170560,1780552940323170560,Effective Decode Concurrency,requests,min,2.00
4,1780552939323170560,1780552940323170560,Effective Decode Concurrency,requests,max,2.00
4,1780552939323170560,1780552940323170560,Effective Decode Concurrency,requests,p50,2.00
4,1780552939323170560,1780552940323170560,Effective Decode Concurrency,requests,p90,2.00
4,1780552939323170560,1780552940323170560,Effective Decode Concurrency,requests,p95,2.00
4,1780552939323170560,1780552940323170560,Effective Decode Concurrency,requests,p99,2.00
4,1780552939323170560,1780552940323170560,Effective Decode Concurrency,requests,std,0.00
4,1780552939323170560,1780552940323170560,Effective Decode Throughput,tokens/sec,avg,29.90
4,1780552939323170560,1780552940323170560,Effective Decode Throughput,tokens/sec,min,0.00
4,1780552939323170560,1780552940323170560,Effective Decode Throughput,tokens/sec,max,59.81
4,1780552939323170560,1780552940323170560,Effective Decode Throughput,tokens/sec,p50,29.90
4,1780552939323170560,1780552940323170560,Effective Decode Throughput,tokens/sec,p90,29.91
4,1780552939323170560,1780552940323170560,Effective Decode Throughput,tokens/sec,p95,29.91
4,1780552939323170560,1780552940323170560,Effective Decode Throughput,tokens/sec,p99,29.91
4,1780552939323170560,1780552940323170560,Effective Decode Throughput,tokens/sec,std,0.04
4,1780552939323170560,1780552940323170560,Effective Decode Throughput Per User,tokens/sec/user,avg,14.95
4,1780552939323170560,1780552940323170560,Effective Decode Throughput Per User,tokens/sec/user,min,0.00
4,1780552939323170560,1780552940323170560,Effective Decode Throughput Per User,tokens/sec/user,max,29.91
4,1780552939323170560,1780552940323170560,Effective Decode Throughput Per User,tokens/sec/user,p50,14.95
4,1780552939323170560,1780552940323170560,Effective Decode Throughput Per User,tokens/sec/user,p90,14.96
4,1780552939323170560,1780552940323170560,Effective Decode Throughput Per User,tokens/sec/user,p95,14.96
4,1780552939323170560,1780552940323170560,Effective Decode Throughput Per User,tokens/sec/user,p99,14.96
4,1780552939323170560,1780552940323170560,Effective Decode Throughput Per User,tokens/sec/user,std,0.02
4,1780552939323170560,1780552940323170560,Effective Prefill Concurrency,requests,avg,4.10
4,1780552939323170560,1780552940323170560,Effective Prefill Concurrency,requests,min,3.00
4,1780552939323170560,1780552940323170560,Effective Prefill Concurrency,requests,max,5.00
4,1780552939323170560,1780552940323170560,Effective Prefill Concurrency,requests,p50,4.00
4,1780552939323170560,1780552940323170560,Effective Prefill Concurrency,requests,p90,5.00
4,1780552939323170560,1780552940323170560,Effective Prefill Concurrency,requests,p95,5.00
4,1780552939323170560,1780552940323170560,Effective Prefill Concurrency,requests,p99,5.00
4,1780552939323170560,1780552940323170560,Effective Prefill Concurrency,requests,std,0.93
4,1780552939323170560,1780552940323170560,Effective Prefill Throughput,tokens/sec,avg,146821.15
4,1780552939323170560,1780552940323170560,Effective Prefill Throughput,tokens/sec,min,56154.77
4,1780552939323170560,1780552940323170560,Effective Prefill Throughput,tokens/sec,max,215895.81
4,1780552939323170560,1780552940323170560,Effective Prefill Throughput,tokens/sec,p50,157300.71
4,1780552939323170560,1780552940323170560,Effective Prefill Throughput,tokens/sec,p90,215895.81
4,1780552939323170560,1780552940323170560,Effective Prefill Throughput,tokens/sec,p95,215895.81
4,1780552939323170560,1780552940323170560,Effective Prefill Throughput,tokens/sec,p99,215895.81
4,1780552939323170560,1780552940323170560,Effective Prefill Throughput,tokens/sec,std,74663.50
4,1780552939323170560,1780552940323170560,Effective Prefill Throughput Per User,tokens/sec/user,avg,33196.16
4,1780552939323170560,1780552940323170560,Effective Prefill Throughput Per User,tokens/sec/user,min,18718.26
4,1780552939323170560,1780552940323170560,Effective Prefill Throughput Per User,tokens/sec/user,max,43179.16
4,1780552939323170560,1780552940323170560,Effective Prefill Throughput Per User,tokens/sec/user,p50,39325.18
4,1780552939323170560,1780552940323170560,Effective Prefill Throughput Per User,tokens/sec/user,p90,43179.16
4,1780552939323170560,1780552940323170560,Effective Prefill Throughput Per User,tokens/sec/user,p95,43179.16
4,1780552939323170560,1780552940323170560,Effective Prefill Throughput Per User,tokens/sec/user,p99,43179.16
4,1780552939323170560,1780552940323170560,Effective Prefill Throughput Per User,tokens/sec/user,std,11632.37
4,1780552939323170560,1780552940323170560,Effective Total Throughput,tokens/sec,avg,146830.45
4,1780552939323170560,1780552940323170560,Effective Total Throughput,tokens/sec,min,56164.07
4,1780552939323170560,1780552940323170560,Effective Total Throughput,tokens/sec,max,215905.11
4,1780552939323170560,1780552940323170560,Effective Total Throughput,tokens/sec,p50,157310.01
4,1780552939323170560,1780552940323170560,Effective Total Throughput,tokens/sec,p90,215905.11
4,1780552939323170560,1780552940323170560,Effective Total Throughput,tokens/sec,p95,215905.11
4,1780552939323170560,1780552940323170560,Effective Total Throughput,tokens/sec,p99,215905.11
4,1780552939323170560,1780552940323170560,Effective Total Throughput,tokens/sec,std,74663.50
4,1780552939323170560,1780552940323170560,HTTP Blocked,ms,avg,0.00
4,1780552939323170560,1780552940323170560,HTTP Blocked,ms,min,0.00
4,1780552939323170560,1780552940323170560,HTTP Blocked,ms,max,0.00
4,1780552939323170560,1780552940323170560,HTTP Blocked,ms,sum,0.00
4,1780552939323170560,1780552940323170560,HTTP Blocked,ms,p1,0.00
4,1780552939323170560,1780552940323170560,HTTP Blocked,ms,p5,0.00
4,1780552939323170560,1780552940323170560,HTTP Blocked,ms,p10,0.00
4,1780552939323170560,1780552940323170560,HTTP Blocked,ms,p25,0.00
4,1780552939323170560,1780552940323170560,HTTP Blocked,ms,p50,0.00
4,1780552939323170560,1780552940323170560,HTTP Blocked,ms,p75,0.00
4,1780552939323170560,1780552940323170560,HTTP Blocked,ms,p90,0.00
4,1780552939323170560,1780552940323170560,HTTP Blocked,ms,p95,0.00
4,1780552939323170560,1780552940323170560,HTTP Blocked,ms,p99,0.00
4,1780552939323170560,1780552940323170560,HTTP Blocked,ms,std,0.00
4,1780552939323170560,1780552940323170560,HTTP Chunks Received,count,avg,2198.00
4,1780552939323170560,1780552940323170560,HTTP Chunks Received,count,min,1287.00
4,1780552939323170560,1780552940323170560,HTTP Chunks Received,count,max,3109.00
4,1780552939323170560,1780552940323170560,HTTP Chunks Received,count,sum,4396.00
4,1780552939323170560,1780552940323170560,HTTP Chunks Received,count,p1,1305.22
4,1780552939323170560,1780552940323170560,HTTP Chunks Received,count,p5,1378.10
4,1780552939323170560,1780552940323170560,HTTP Chunks Received,count,p10,1469.20
4,1780552939323170560,1780552940323170560,HTTP Chunks Received,count,p25,1742.50
4,1780552939323170560,1780552940323170560,HTTP Chunks Received,count,p50,2198.00
4,1780552939323170560,1780552940323170560,HTTP Chunks Received,count,p75,2653.50
4,1780552939323170560,1780552940323170560,HTTP Chunks Received,count,p90,2926.80
4,1780552939323170560,1780552940323170560,HTTP Chunks Received,count,p95,3017.90
4,1780552939323170560,1780552940323170560,HTTP Chunks Received,count,p99,3090.78
4,1780552939323170560,1780552940323170560,HTTP Chunks Received,count,std,911.00
4,1780552939323170560,1780552940323170560,HTTP Chunks Sent,count,avg,1.00
4,1780552939323170560,1780552940323170560,HTTP Chunks Sent,count,min,1.00
4,1780552939323170560,1780552940323170560,HTTP Chunks Sent,count,max,1.00
4,1780552939323170560,1780552940323170560,HTTP Chunks Sent,count,sum,2.00
4,1780552939323170560,1780552940323170560,HTTP Chunks Sent,count,p1,1.00
4,1780552939323170560,1780552940323170560,HTTP Chunks Sent,count,p5,1.00
4,1780552939323170560,1780552940323170560,HTTP Chunks Sent,count,p10,1.00
4,1780552939323170560,1780552940323170560,HTTP Chunks Sent,count,p25,1.00
4,1780552939323170560,1780552940323170560,HTTP Chunks Sent,count,p50,1.00
4,1780552939323170560,1780552940323170560,HTTP Chunks Sent,count,p75,1.00
4,1780552939323170560,1780552940323170560,HTTP Chunks Sent,count,p90,1.00
4,1780552939323170560,1780552940323170560,HTTP Chunks Sent,count,p95,1.00
4,1780552939323170560,1780552940323170560,HTTP Chunks Sent,count,p99,1.00
4,1780552939323170560,1780552940323170560,HTTP Chunks Sent,count,std,0.00
4,1780552939323170560,1780552940323170560,HTTP Connecting,ms,avg,0.85
4,1780552939323170560,1780552940323170560,HTTP Connecting,ms,min,0.82
4,1780552939323170560,1780552940323170560,HTTP Connecting,ms,max,0.87
4,1780552939323170560,1780552940323170560,HTTP Connecting,ms,sum,1.69
4,1780552939323170560,1780552940323170560,HTTP Connecting,ms,p1,0.82
4,1780552939323170560,1780552940323170560,HTTP Connecting,ms,p5,0.82
4,1780552939323170560,1780552940323170560,HTTP Connecting,ms,p10,0.83
4,1780552939323170560,1780552940323170560,HTTP Connecting,ms,p25,0.83
4,1780552939323170560,1780552940323170560,HTTP Connecting,ms,p50,0.85
4,1780552939323170560,1780552940323170560,HTTP Connecting,ms,p75,0.86
4,1780552939323170560,1780552940323170560,HTTP Connecting,ms,p90,0.86
4,1780552939323170560,1780552940323170560,HTTP Connecting,ms,p95,0.87
4,1780552939323170560,1780552940323170560,HTTP Connecting,ms,p99,0.87
4,1780552939323170560,1780552940323170560,HTTP Connecting,ms,std,0.02
4,1780552939323170560,1780552940323170560,HTTP Connection Overhead,ms,avg,0.85
4,1780552939323170560,1780552940323170560,HTTP Connection Overhead,ms,min,0.82
4,1780552939323170560,1780552940323170560,HTTP Connection Overhead,ms,max,0.87
4,1780552939323170560,1780552940323170560,HTTP Connection Overhead,ms,sum,1.69
4,1780552939323170560,1780552940323170560,HTTP Connection Overhead,ms,p1,0.82
4,1780552939323170560,1780552940323170560,HTTP Connection Overhead,ms,p5,0.82
4,1780552939323170560,1780552940323170560,HTTP Connection Overhead,ms,p10,0.83
4,1780552939323170560,1780552940323170560,HTTP Connection Overhead,ms,p25,0.83
4,1780552939323170560,1780552940323170560,HTTP Connection Overhead,ms,p50,0.85
4,1780552939323170560,1780552940323170560,HTTP Connection Overhead,ms,p75,0.86
4,1780552939323170560,1780552940323170560,HTTP Connection Overhead,ms,p90,0.86
4,1780552939323170560,1780552940323170560,HTTP Connection Overhead,ms,p95,0.87
4,1780552939323170560,1780552940323170560,HTTP Connection Overhead,ms,p99,0.87
4,1780552939323170560,1780552940323170560,HTTP Connection Overhead,ms,std,0.02
4,1780552939323170560,1780552940323170560,HTTP Connection Reused,ratio,avg,0.00
4,1780552939323170560,1780552940323170560,HTTP Connection Reused,ratio,min,0.00
4,1780552939323170560,1780552940323170560,HTTP Connection Reused,ratio,max,0.00
4,1780552939323170560,1780552940323170560,HTTP Connection Reused,ratio,sum,0.00
4,1780552939323170560,1780552940323170560,HTTP Connection Reused,ratio,p1,0.00
4,1780552939323170560,1780552940323170560,HTTP Connection Reused,ratio,p5,0.00
4,1780552939323170560,1780552940323170560,HTTP Connection Reused,ratio,p10,0.00
4,1780552939323170560,1780552940323170560,HTTP Connection Reused,ratio,p25,0.00
4,1780552939323170560,1780552940323170560,HTTP Connection Reused,ratio,p50,0.00
4,1780552939323170560,1780552940323170560,HTTP Connection Reused,ratio,p75,0.00
4,1780552939323170560,1780552940323170560,HTTP Connection Reused,ratio,p90,0.00
4,1780552939323170560,1780552940323170560,HTTP Connection Reused,ratio,p95,0.00
4,1780552939323170560,1780552940323170560,HTTP Connection Reused,ratio,p99,0.00
4,1780552939323170560,1780552940323170560,HTTP Connection Reused,ratio,std,0.00
4,1780552939323170560,1780552940323170560,HTTP Data Received,KB,avg,544.57
4,1780552939323170560,1780552940323170560,HTTP Data Received,KB,min,319.82
4,1780552939323170560,1780552940323170560,HTTP Data Received,KB,max,769.33
4,1780552939323170560,1780552940323170560,HTTP Data Received,KB,sum,1089.15
4,1780552939323170560,1780552940323170560,HTTP Data Received,KB,p1,324.32
4,1780552939323170560,1780552940323170560,HTTP Data Received,KB,p5,342.30
4,1780552939323170560,1780552940323170560,HTTP Data Received,KB,p10,364.77
4,1780552939323170560,1780552940323170560,HTTP Data Received,KB,p25,432.20
4,1780552939323170560,1780552940323170560,HTTP Data Received,KB,p50,544.57
4,1780552939323170560,1780552940323170560,HTTP Data Received,KB,p75,656.95
4,1780552939323170560,1780552940323170560,HTTP Data Received,KB,p90,724.38
4,1780552939323170560,1780552940323170560,HTTP Data Received,KB,p95,746.85
4,1780552939323170560,1780552940323170560,HTTP Data Received,KB,p99,764.83
4,1780552939323170560,1780552940323170560,HTTP Data Received,KB,std,224.75
4,1780552939323170560,1780552940323170560,HTTP Data Sent,KB,avg,533.71
4,1780552939323170560,1780552940323170560,HTTP Data Sent,KB,min,374.42
4,1780552939323170560,1780552940323170560,HTTP Data Sent,KB,max,693.01
4,1780552939323170560,1780552940323170560,HTTP Data Sent,KB,sum,1067.43
4,1780552939323170560,1780552940323170560,HTTP Data Sent,KB,p1,377.60
4,1780552939323170560,1780552940323170560,HTTP Data Sent,KB,p5,390.35
4,1780552939323170560,1780552940323170560,HTTP Data Sent,KB,p10,406.28
4,1780552939323170560,1780552940323170560,HTTP Data Sent,KB,p25,454.07
4,1780552939323170560,1780552940323170560,HTTP Data Sent,KB,p50,533.71
4,1780552939323170560,1780552940323170560,HTTP Data Sent,KB,p75,613.36
4,1780552939323170560,1780552940323170560,HTTP Data Sent,KB,p90,661.15
4,1780552939323170560,1780552940323170560,HTTP Data Sent,KB,p95,677.08
4,1780552939323170560,1780552940323170560,HTTP Data Sent,KB,p99,689.83
4,1780552939323170560,1780552940323170560,HTTP Data Sent,KB,std,159.30
4,1780552939323170560,1780552940323170560,HTTP DNS Lookup,ms,avg,0.00
4,1780552939323170560,1780552940323170560,HTTP DNS Lookup,ms,min,0.00
4,1780552939323170560,1780552940323170560,HTTP DNS Lookup,ms,max,0.00
4,1780552939323170560,1780552940323170560,HTTP DNS Lookup,ms,sum,0.00
4,1780552939323170560,1780552940323170560,HTTP DNS Lookup,ms,p1,0.00
4,1780552939323170560,1780552940323170560,HTTP DNS Lookup,ms,p5,0.00
4,1780552939323170560,1780552940323170560,HTTP DNS Lookup,ms,p10,0.00
4,1780552939323170560,1780552940323170560,HTTP DNS Lookup,ms,p25,0.00
4,1780552939323170560,1780552940323170560,HTTP DNS Lookup,ms,p50,0.00
4,1780552939323170560,1780552940323170560,HTTP DNS Lookup,ms,p75,0.00
4,1780552939323170560,1780552940323170560,HTTP DNS Lookup,ms,p90,0.00
4,1780552939323170560,1780552940323170560,HTTP DNS Lookup,ms,p95,0.00
4,1780552939323170560,1780552940323170560,HTTP DNS Lookup,ms,p99,0.00
4,1780552939323170560,1780552940323170560,HTTP DNS Lookup,ms,std,0.00
4,1780552939323170560,1780552940323170560,HTTP Duration (excl. conn),ms,avg,350019.80
4,1780552939323170560,1780552940323170560,HTTP Duration (excl. conn),ms,min,194192.01
4,1780552939323170560,1780552940323170560,HTTP Duration (excl. conn),ms,max,505847.59
4,1780552939323170560,1780552940323170560,HTTP Duration (excl. conn),ms,sum,700039.60
4,1780552939323170560,1780552940323170560,HTTP Duration (excl. conn),ms,p1,197308.56
4,1780552939323170560,1780552940323170560,HTTP Duration (excl. conn),ms,p5,209774.79
4,1780552939323170560,1780552940323170560,HTTP Duration (excl. conn),ms,p10,225357.56
4,1780552939323170560,1780552940323170560,HTTP Duration (excl. conn),ms,p25,272105.90
4,1780552939323170560,1780552940323170560,HTTP Duration (excl. conn),ms,p50,350019.80
4,1780552939323170560,1780552940323170560,HTTP Duration (excl. conn),ms,p75,427933.69
4,1780552939323170560,1780552940323170560,HTTP Duration (excl. conn),ms,p90,474682.03
4,1780552939323170560,1780552940323170560,HTTP Duration (excl. conn),ms,p95,490264.81
4,1780552939323170560,1780552940323170560,HTTP Duration (excl. conn),ms,p99,502731.04
4,1780552939323170560,1780552940323170560,HTTP Duration (excl. conn),ms,std,155827.79
4,1780552939323170560,1780552940323170560,HTTP Receiving,ms,avg,348315.84
4,1780552939323170560,1780552940323170560,HTTP Receiving,ms,min,192546.10
4,1780552939323170560,1780552940323170560,HTTP Receiving,ms,max,504085.58
4,1780552939323170560,1780552940323170560,HTTP Receiving,ms,sum,696631.68
4,1780552939323170560,1780552940323170560,HTTP Receiving,ms,p1,195661.49
4,1780552939323170560,1780552940323170560,HTTP Receiving,ms,p5,208123.07
4,1780552939323170560,1780552940323170560,HTTP Receiving,ms,p10,223700.05
4,1780552939323170560,1780552940323170560,HTTP Receiving,ms,p25,270430.97
4,1780552939323170560,1780552940323170560,HTTP Receiving,ms,p50,348315.84
4,1780552939323170560,1780552940323170560,HTTP Receiving,ms,p75,426200.71
4,1780552939323170560,1780552940323170560,HTTP Receiving,ms,p90,472931.63
4,1780552939323170560,1780552940323170560,HTTP Receiving,ms,p95,488508.60
4,1780552939323170560,1780552940323170560,HTTP Receiving,ms,p99,500970.18
4,1780552939323170560,1780552940323170560,HTTP Receiving,ms,std,155769.74
4,1780552939323170560,1780552940323170560,HTTP Sending,ms,avg,1.20
4,1780552939323170560,1780552940323170560,HTTP Sending,ms,min,1.16
4,1780552939323170560,1780552940323170560,HTTP Sending,ms,max,1.25
4,1780552939323170560,1780552940323170560,HTTP Sending,ms,sum,2.41
4,1780552939323170560,1780552940323170560,HTTP Sending,ms,p1,1.16
4,1780552939323170560,1780552940323170560,HTTP Sending,ms,p5,1.17
4,1780552939323170560,1780552940323170560,HTTP Sending,ms,p10,1.17
4,1780552939323170560,1780552940323170560,HTTP Sending,ms,p25,1.18
4,1780552939323170560,1780552940323170560,HTTP Sending,ms,p50,1.20
4,1780552939323170560,1780552940323170560,HTTP Sending,ms,p75,1.23
4,1780552939323170560,1780552940323170560,HTTP Sending,ms,p90,1.24
4,1780552939323170560,1780552940323170560,HTTP Sending,ms,p95,1.24
4,1780552939323170560,1780552940323170560,HTTP Sending,ms,p99,1.25
4,1780552939323170560,1780552940323170560,HTTP Sending,ms,std,0.04
4,1780552939323170560,1780552940323170560,HTTP Total Time,ms,avg,350020.64
4,1780552939323170560,1780552940323170560,HTTP Total Time,ms,min,194192.83
4,1780552939323170560,1780552940323170560,HTTP Total Time,ms,max,505848.46
4,1780552939323170560,1780552940323170560,HTTP Total Time,ms,sum,700041.29
4,1780552939323170560,1780552940323170560,HTTP Total Time,ms,p1,197309.38
4,1780552939323170560,1780552940323170560,HTTP Total Time,ms,p5,209775.61
4,1780552939323170560,1780552940323170560,HTTP Total Time,ms,p10,225358.39
4,1780552939323170560,1780552940323170560,HTTP Total Time,ms,p25,272106.74
4,1780552939323170560,1780552940323170560,HTTP Total Time,ms,p50,350020.64
4,1780552939323170560,1780552940323170560,HTTP Total Time,ms,p75,427934.55
4,1780552939323170560,1780552940323170560,HTTP Total Time,ms,p90,474682.90
4,1780552939323170560,1780552940323170560,HTTP Total Time,ms,p95,490265.68
4,1780552939323170560,1780552940323170560,HTTP Total Time,ms,p99,502731.90
4,1780552939323170560,1780552940323170560,HTTP Total Time,ms,std,155827.82
4,1780552939323170560,1780552940323170560,HTTP Waiting (TTFB),ms,avg,1702.76
4,1780552939323170560,1780552940323170560,HTTP Waiting (TTFB),ms,min,1644.74
4,1780552939323170560,1780552940323170560,HTTP Waiting (TTFB),ms,max,1760.77
4,1780552939323170560,1780552940323170560,HTTP Waiting (TTFB),ms,sum,3405.51
4,1780552939323170560,1780552940323170560,HTTP Waiting (TTFB),ms,p1,1645.90
4,1780552939323170560,1780552940323170560,HTTP Waiting (TTFB),ms,p5,1650.55
4,1780552939323170560,1780552940323170560,HTTP Waiting (TTFB),ms,p10,1656.35
4,1780552939323170560,1780552940323170560,HTTP Waiting (TTFB),ms,p25,1673.75
4,1780552939323170560,1780552940323170560,HTTP Waiting (TTFB),ms,p50,1702.76
4,1780552939323170560,1780552940323170560,HTTP Waiting (TTFB),ms,p75,1731.76
4,1780552939323170560,1780552940323170560,HTTP Waiting (TTFB),ms,p90,1749.16
4,1780552939323170560,1780552940323170560,HTTP Waiting (TTFB),ms,p95,1754.97
4,1780552939323170560,1780552940323170560,HTTP Waiting (TTFB),ms,p99,1759.61
4,1780552939323170560,1780552940323170560,HTTP Waiting (TTFB),ms,std,58.01
4,1780552939323170560,1780552940323170560,Input Sequence Length,tokens,avg,137344.00
4,1780552939323170560,1780552940323170560,Input Sequence Length,tokens,min,96450.00
4,1780552939323170560,1780552940323170560,Input Sequence Length,tokens,max,178238.00
4,1780552939323170560,1780552940323170560,Input Sequence Length,tokens,sum,274688.00
4,1780552939323170560,1780552940323170560,Input Sequence Length,tokens,p1,97267.88
4,1780552939323170560,1780552940323170560,Input Sequence Length,tokens,p5,100539.40
4,1780552939323170560,1780552940323170560,Input Sequence Length,tokens,p10,104628.80
4,1780552939323170560,1780552940323170560,Input Sequence Length,tokens,p25,116897.00
4,1780552939323170560,1780552940323170560,Input Sequence Length,tokens,p50,137344.00
4,1780552939323170560,1780552940323170560,Input Sequence Length,tokens,p75,157791.00
4,1780552939323170560,1780552940323170560,Input Sequence Length,tokens,p90,170059.20
4,1780552939323170560,1780552940323170560,Input Sequence Length,tokens,p95,174148.60
4,1780552939323170560,1780552940323170560,Input Sequence Length,tokens,p99,177420.12
4,1780552939323170560,1780552940323170560,Input Sequence Length,tokens,std,40894.00
4,1780552939323170560,1780552940323170560,Input Token Throughput,tokens/sec,avg,274688.00
4,1780552939323170560,1780552940323170560,Inter Chunk Latency,ms,avg,62.28
4,1780552939323170560,1780552940323170560,Inter Chunk Latency,ms,min,54.24
4,1780552939323170560,1780552940323170560,Inter Chunk Latency,ms,max,65.38
4,1780552939323170560,1780552940323170560,Inter Chunk Latency,ms,sum,273677.85
4,1780552939323170560,1780552940323170560,Inter Chunk Latency,ms,p1,54.26
4,1780552939323170560,1780552940323170560,Inter Chunk Latency,ms,p5,54.38
4,1780552939323170560,1780552940323170560,Inter Chunk Latency,ms,p10,54.58
4,1780552939323170560,1780552940323170560,Inter Chunk Latency,ms,p25,56.76
4,1780552939323170560,1780552940323170560,Inter Chunk Latency,ms,p50,65.07
4,1780552939323170560,1780552940323170560,Inter Chunk Latency,ms,p75,65.23
4,1780552939323170560,1780552940323170560,Inter Chunk Latency,ms,p90,65.31
4,1780552939323170560,1780552940323170560,Inter Chunk Latency,ms,p95,65.34
4,1780552939323170560,1780552940323170560,Inter Chunk Latency,ms,p99,65.37
4,1780552939323170560,1780552940323170560,Inter Chunk Latency,ms,std,4.52
4,1780552939323170560,1780552940323170560,Inter Token Latency,ms,avg,155.87
4,1780552939323170560,1780552940323170560,Inter Token Latency,ms,min,149.61
4,1780552939323170560,1780552940323170560,Inter Token Latency,ms,max,162.14
4,1780552939323170560,1780552940323170560,Inter Token Latency,ms,sum,311.75
4,1780552939323170560,1780552940323170560,Inter Token Latency,ms,p1,149.73
4,1780552939323170560,1780552940323170560,Inter Token Latency,ms,p5,150.23
4,1780552939323170560,1780552940323170560,Inter Token Latency,ms,p10,150.86
4,1780552939323170560,1780552940323170560,Inter Token Latency,ms,p25,152.74
4,1780552939323170560,1780552940323170560,Inter Token Latency,ms,p50,155.87
4,1780552939323170560,1780552940323170560,Inter Token Latency,ms,p75,159.01
4,1780552939323170560,1780552940323170560,Inter Token Latency,ms,p90,160.88
4,1780552939323170560,1780552940323170560,Inter Token Latency,ms,p95,161.51
4,1780552939323170560,1780552940323170560,Inter Token Latency,ms,p99,162.01
4,1780552939323170560,1780552940323170560,Inter Token Latency,ms,std,6.26
4,1780552939323170560,1780552940323170560,Maximum Response Timestamp,ns,avg,1780553445560749824.00
4,1780552939323170560,1780552940323170560,Minimum Request Timestamp,ns,avg,1780552939712998400.00
4,1780552939323170560,1780552940323170560,OSL Mismatch Count,requests,avg,0.00
4,1780552939323170560,1780552940323170560,OSL Mismatch Diff %,%,avg,0.00
4,1780552939323170560,1780552940323170560,OSL Mismatch Diff %,%,min,0.00
4,1780552939323170560,1780552940323170560,OSL Mismatch Diff %,%,max,0.00
4,1780552939323170560,1780552940323170560,OSL Mismatch Diff %,%,sum,0.00
4,1780552939323170560,1780552940323170560,OSL Mismatch Diff %,%,p1,0.00
4,1780552939323170560,1780552940323170560,OSL Mismatch Diff %,%,p5,0.00
4,1780552939323170560,1780552940323170560,OSL Mismatch Diff %,%,p10,0.00
4,1780552939323170560,1780552940323170560,OSL Mismatch Diff %,%,p25,0.00
4,1780552939323170560,1780552940323170560,OSL Mismatch Diff %,%,p50,0.00
4,1780552939323170560,1780552940323170560,OSL Mismatch Diff %,%,p75,0.00
4,1780552939323170560,1780552940323170560,OSL Mismatch Diff %,%,p90,0.00
4,1780552939323170560,1780552940323170560,OSL Mismatch Diff %,%,p95,0.00
4,1780552939323170560,1780552940323170560,OSL Mismatch Diff %,%,p99,0.00
4,1780552939323170560,1780552940323170560,OSL Mismatch Diff %,%,std,0.00
4,1780552939323170560,1780552940323170560,Output Sequence Length,tokens,avg,2199.00
4,1780552939323170560,1780552940323170560,Output Sequence Length,tokens,min,1288.00
4,1780552939323170560,1780552940323170560,Output Sequence Length,tokens,max,3110.00
4,1780552939323170560,1780552940323170560,Output Sequence Length,tokens,sum,4398.00
4,1780552939323170560,1780552940323170560,Output Sequence Length,tokens,p1,1306.22
4,1780552939323170560,1780552940323170560,Output Sequence Length,tokens,p5,1379.10
4,1780552939323170560,1780552940323170560,Output Sequence Length,tokens,p10,1470.20
4,1780552939323170560,1780552940323170560,Output Sequence Length,tokens,p25,1743.50
4,1780552939323170560,1780552940323170560,Output Sequence Length,tokens,p50,2199.00
4,1780552939323170560,1780552940323170560,Output Sequence Length,tokens,p75,2654.50
4,1780552939323170560,1780552940323170560,Output Sequence Length,tokens,p90,2927.80
4,1780552939323170560,1780552940323170560,Output Sequence Length,tokens,p95,3018.90
4,1780552939323170560,1780552940323170560,Output Sequence Length,tokens,p99,3091.78
4,1780552939323170560,1780552940323170560,Output Sequence Length,tokens,std,911.00
4,1780552939323170560,1780552940323170560,Output Token Count,tokens,avg,2199.00
4,1780552939323170560,1780552940323170560,Output Token Count,tokens,min,1288.00
4,1780552939323170560,1780552940323170560,Output Token Count,tokens,max,3110.00
4,1780552939323170560,1780552940323170560,Output Token Count,tokens,sum,4398.00
4,1780552939323170560,1780552940323170560,Output Token Count,tokens,p1,1306.22
4,1780552939323170560,1780552940323170560,Output Token Count,tokens,p5,1379.10
4,1780552939323170560,1780552940323170560,Output Token Count,tokens,p10,1470.20
4,1780552939323170560,1780552940323170560,Output Token Count,tokens,p25,1743.50
4,1780552939323170560,1780552940323170560,Output Token Count,tokens,p50,2199.00
4,1780552939323170560,1780552940323170560,Output Token Count,tokens,p75,2654.50
4,1780552939323170560,1780552940323170560,Output Token Count,tokens,p90,2927.80
4,1780552939323170560,1780552940323170560,Output Token Count,tokens,p95,3018.90
4,1780552939323170560,1780552940323170560,Output Token Count,tokens,p99,3091.78
4,1780552939323170560,1780552940323170560,Output Token Count,tokens,std,911.00
4,1780552939323170560,1780552940323170560,Output Token Throughput,tokens/sec,avg,4398.00
4,1780552939323170560,1780552940323170560,Output Token Throughput Per User,tokens/sec/user,avg,6.43
4,1780552939323170560,1780552940323170560,Output Token Throughput Per User,tokens/sec/user,min,6.17
4,1780552939323170560,1780552940323170560,Output Token Throughput Per User,tokens/sec/user,max,6.68
4,1780552939323170560,1780552940323170560,Output Token Throughput Per User,tokens/sec/user,sum,12.85
4,1780552939323170560,1780552940323170560,Output Token Throughput Per User,tokens/sec/user,p1,6.17
4,1780552939323170560,1780552940323170560,Output Token Throughput Per User,tokens/sec/user,p5,6.19
4,1780552939323170560,1780552940323170560,Output Token Throughput Per User,tokens/sec/user,p10,6.22
4,1780552939323170560,1780552940323170560,Output Token Throughput Per User,tokens/sec/user,p25,6.30
4,1780552939323170560,1780552940323170560,Output Token Throughput Per User,tokens/sec/user,p50,6.43
4,1780552939323170560,1780552940323170560,Output Token Throughput Per User,tokens/sec/user,p75,6.55
4,1780552939323170560,1780552940323170560,Output Token Throughput Per User,tokens/sec/user,p90,6.63
4,1780552939323170560,1780552940323170560,Output Token Throughput Per User,tokens/sec/user,p95,6.66
4,1780552939323170560,1780552940323170560,Output Token Throughput Per User,tokens/sec/user,p99,6.68
4,1780552939323170560,1780552940323170560,Output Token Throughput Per User,tokens/sec/user,std,0.26
4,1780552939323170560,1780552940323170560,Prefill Throughput Per User,tokens/sec/user,avg,79870.52
4,1780552939323170560,1780552940323170560,Prefill Throughput Per User,tokens/sec/user,min,58595.10
4,1780552939323170560,1780552940323170560,Prefill Throughput Per User,tokens/sec/user,max,101145.93
4,1780552939323170560,1780552940323170560,Prefill Throughput Per User,tokens/sec/user,sum,159741.03
4,1780552939323170560,1780552940323170560,Prefill Throughput Per User,tokens/sec/user,p1,59020.61
4,1780552939323170560,1780552940323170560,Prefill Throughput Per User,tokens/sec/user,p5,60722.64
4,1780552939323170560,1780552940323170560,Prefill Throughput Per User,tokens/sec/user,p10,62850.18
4,1780552939323170560,1780552940323170560,Prefill Throughput Per User,tokens/sec/user,p25,69232.81
4,1780552939323170560,1780552940323170560,Prefill Throughput Per User,tokens/sec/user,p50,79870.52
4,1780552939323170560,1780552940323170560,Prefill Throughput Per User,tokens/sec/user,p75,90508.23
4,1780552939323170560,1780552940323170560,Prefill Throughput Per User,tokens/sec/user,p90,96890.85
4,1780552939323170560,1780552940323170560,Prefill Throughput Per User,tokens/sec/user,p95,99018.39
4,1780552939323170560,1780552940323170560,Prefill Throughput Per User,tokens/sec/user,p99,100720.43
4,1780552939323170560,1780552940323170560,Prefill Throughput Per User,tokens/sec/user,std,21275.42
4,1780552939323170560,1780552940323170560,Request Count,requests,avg,2.00
4,1780552939323170560,1780552940323170560,Request Latency,ms,avg,350019.94
4,1780552939323170560,1780552940323170560,Request Latency,ms,min,194192.14
4,1780552939323170560,1780552940323170560,Request Latency,ms,max,505847.75
4,1780552939323170560,1780552940323170560,Request Latency,ms,sum,700039.89
4,1780552939323170560,1780552940323170560,Request Latency,ms,p1,197308.69
4,1780552939323170560,1780552940323170560,Request Latency,ms,p5,209774.92
4,1780552939323170560,1780552940323170560,Request Latency,ms,p10,225357.70
4,1780552939323170560,1780552940323170560,Request Latency,ms,p25,272106.04
4,1780552939323170560,1780552940323170560,Request Latency,ms,p50,350019.94
4,1780552939323170560,1780552940323170560,Request Latency,ms,p75,427933.85
4,1780552939323170560,1780552940323170560,Request Latency,ms,p90,474682.19
4,1780552939323170560,1780552940323170560,Request Latency,ms,p95,490264.97
4,1780552939323170560,1780552940323170560,Request Latency,ms,p99,502731.20
4,1780552939323170560,1780552940323170560,Request Latency,ms,std,155827.81
4,1780552939323170560,1780552940323170560,Request Throughput,requests/sec,avg,2.00
4,1780552939323170560,1780552940323170560,Requested OSL,tokens,avg,2199.00
4,1780552939323170560,1780552940323170560,Requested OSL,tokens,min,1288.00
4,1780552939323170560,1780552940323170560,Requested OSL,tokens,max,3110.00
4,1780552939323170560,1780552940323170560,Requested OSL,tokens,sum,4398.00
4,1780552939323170560,1780552940323170560,Requested OSL,tokens,p1,1306.22
4,1780552939323170560,1780552940323170560,Requested OSL,tokens,p5,1379.10
4,1780552939323170560,1780552940323170560,Requested OSL,tokens,p10,1470.20
4,1780552939323170560,1780552940323170560,Requested OSL,tokens,p25,1743.50
4,1780552939323170560,1780552940323170560,Requested OSL,tokens,p50,2199.00
4,1780552939323170560,1780552940323170560,Requested OSL,tokens,p75,2654.50
4,1780552939323170560,1780552940323170560,Requested OSL,tokens,p90,2927.80
4,1780552939323170560,1780552940323170560,Requested OSL,tokens,p95,3018.90
4,1780552939323170560,1780552940323170560,Requested OSL,tokens,p99,3091.78
4,1780552939323170560,1780552940323170560,Requested OSL,tokens,std,911.00
4,1780552939323170560,1780552940323170560,Time to First Output Token,ms,avg,1704.11
4,1780552939323170560,1780552940323170560,Time to First Output Token,ms,min,1646.04
4,1780552939323170560,1780552940323170560,Time to First Output Token,ms,max,1762.19
4,1780552939323170560,1780552940323170560,Time to First Output Token,ms,sum,3408.23
4,1780552939323170560,1780552940323170560,Time to First Output Token,ms,p1,1647.20
4,1780552939323170560,1780552940323170560,Time to First Output Token,ms,p5,1651.85
4,1780552939323170560,1780552940323170560,Time to First Output Token,ms,p10,1657.66
4,1780552939323170560,1780552940323170560,Time to First Output Token,ms,p25,1675.08
4,1780552939323170560,1780552940323170560,Time to First Output Token,ms,p50,1704.11
4,1780552939323170560,1780552940323170560,Time to First Output Token,ms,p75,1733.15
4,1780552939323170560,1780552940323170560,Time to First Output Token,ms,p90,1750.57
4,1780552939323170560,1780552940323170560,Time to First Output Token,ms,p95,1756.38
4,1780552939323170560,1780552940323170560,Time to First Output Token,ms,p99,1761.03
4,1780552939323170560,1780552940323170560,Time to First Output Token,ms,std,58.07
4,1780552939323170560,1780552940323170560,Time to First Token,ms,avg,1704.11
4,1780552939323170560,1780552940323170560,Time to First Token,ms,min,1646.04
4,1780552939323170560,1780552940323170560,Time to First Token,ms,max,1762.19
4,1780552939323170560,1780552940323170560,Time to First Token,ms,sum,3408.23
4,1780552939323170560,1780552940323170560,Time to First Token,ms,p1,1647.20
4,1780552939323170560,1780552940323170560,Time to First Token,ms,p5,1651.85
4,1780552939323170560,1780552940323170560,Time to First Token,ms,p10,1657.66
4,1780552939323170560,1780552940323170560,Time to First Token,ms,p25,1675.08
4,1780552939323170560,1780552940323170560,Time to First Token,ms,p50,1704.11
4,1780552939323170560,1780552940323170560,Time to First Token,ms,p75,1733.15
4,1780552939323170560,1780552940323170560,Time to First Token,ms,p90,1750.57
4,1780552939323170560,1780552940323170560,Time to First Token,ms,p95,1756.38
4,1780552939323170560,1780552940323170560,Time to First Token,ms,p99,1761.03
4,1780552939323170560,1780552940323170560,Time to First Token,ms,std,58.07
4,1780552939323170560,1780552940323170560,Time to Second Token,ms,avg,0.13
4,1780552939323170560,1780552940323170560,Time to Second Token,ms,min,0.11
4,1780552939323170560,1780552940323170560,Time to Second Token,ms,max,0.15
4,1780552939323170560,1780552940323170560,Time to Second Token,ms,sum,0.26
4,1780552939323170560,1780552940323170560,Time to Second Token,ms,p1,0.11
4,1780552939323170560,1780552940323170560,Time to Second Token,ms,p5,0.11
4,1780552939323170560,1780552940323170560,Time to Second Token,ms,p10,0.11
4,1780552939323170560,1780552940323170560,Time to Second Token,ms,p25,0.12
4,1780552939323170560,1780552940323170560,Time to Second Token,ms,p50,0.13
4,1780552939323170560,1780552940323170560,Time to Second Token,ms,p75,0.14
4,1780552939323170560,1780552940323170560,Time to Second Token,ms,p90,0.15
4,1780552939323170560,1780552940323170560,Time to Second Token,ms,p95,0.15
4,1780552939323170560,1780552940323170560,Time to Second Token,ms,p99,0.15
4,1780552939323170560,1780552940323170560,Time to Second Token,ms,std,0.02
4,1780552939323170560,1780552940323170560,Tokens In Flight,tokens,avg,594873.56
4,1780552939323170560,1780552940323170560,Tokens In Flight,tokens,min,438449.84
4,1780552939323170560,1780552940323170560,Tokens In Flight,tokens,max,713168.28
4,1780552939323170560,1780552940323170560,Tokens In Flight,tokens,p50,616703.06
4,1780552939323170560,1780552940323170560,Tokens In Flight,tokens,p90,713165.23
4,1780552939323170560,1780552940323170560,Tokens In Flight,tokens,p95,713166.25
4,1780552939323170560,1780552940323170560,Tokens In Flight,tokens,p99,713167.26
4,1780552939323170560,1780552940323170560,Tokens In Flight,tokens,std,128475.46
4,1780552939323170560,1780552940323170560,Total Input Sequence Length,tokens,avg,274688.00
4,1780552939323170560,1780552940323170560,Total Output Sequence Length,tokens,avg,4398.00
4,1780552939323170560,1780552940323170560,Total Output Tokens,tokens,avg,4398.00
4,1780552939323170560,1780552940323170560,Total Token Throughput,tokens/sec,avg,279086.00
4,1780552939323170560,1780552940323170560,Total Usage Completion Tokens,tokens,avg,4398.00
4,1780552939323170560,1780552940323170560,Total Usage Prompt Tokens,tokens,avg,274688.00
4,1780552939323170560,1780552940323170560,Total Usage Total Tokens,tokens,avg,279086.00
4,1780552939323170560,1780552940323170560,Usage Completion Tokens,tokens,avg,2199.00
4,1780552939323170560,1780552940323170560,Usage Completion Tokens,tokens,min,1288.00
4,1780552939323170560,1780552940323170560,Usage Completion Tokens,tokens,max,3110.00
4,1780552939323170560,1780552940323170560,Usage Completion Tokens,tokens,sum,4398.00
4,1780552939323170560,1780552940323170560,Usage Completion Tokens,tokens,p1,1306.22
4,1780552939323170560,1780552940323170560,Usage Completion Tokens,tokens,p5,1379.10
4,1780552939323170560,1780552940323170560,Usage Completion Tokens,tokens,p10,1470.20
4,1780552939323170560,1780552940323170560,Usage Completion Tokens,tokens,p25,1743.50
4,1780552939323170560,1780552940323170560,Usage Completion Tokens,tokens,p50,2199.00
4,1780552939323170560,1780552940323170560,Usage Completion Tokens,tokens,p75,2654.50
4,1780552939323170560,1780552940323170560,Usage Completion Tokens,tokens,p90,2927.80
4,1780552939323170560,1780552940323170560,Usage Completion Tokens,tokens,p95,3018.90
4,1780552939323170560,1780552940323170560,Usage Completion Tokens,tokens,p99,3091.78
4,1780552939323170560,1780552940323170560,Usage Completion Tokens,tokens,std,911.00
4,1780552939323170560,1780552940323170560,Usage Prompt Tokens,tokens,avg,137344.00
4,1780552939323170560,1780552940323170560,Usage Prompt Tokens,tokens,min,96450.00
4,1780552939323170560,1780552940323170560,Usage Prompt Tokens,tokens,max,178238.00
4,1780552939323170560,1780552940323170560,Usage Prompt Tokens,tokens,sum,274688.00
4,1780552939323170560,1780552940323170560,Usage Prompt Tokens,tokens,p1,97267.88
4,1780552939323170560,1780552940323170560,Usage Prompt Tokens,tokens,p5,100539.40
4,1780552939323170560,1780552940323170560,Usage Prompt Tokens,tokens,p10,104628.80
4,1780552939323170560,1780552940323170560,Usage Prompt Tokens,tokens,p25,116897.00
4,1780552939323170560,1780552940323170560,Usage Prompt Tokens,tokens,p50,137344.00
4,1780552939323170560,1780552940323170560,Usage Prompt Tokens,tokens,p75,157791.00
4,1780552939323170560,1780552940323170560,Usage Prompt Tokens,tokens,p90,170059.20
4,1780552939323170560,1780552940323170560,Usage Prompt Tokens,tokens,p95,174148.60
4,1780552939323170560,1780552940323170560,Usage Prompt Tokens,tokens,p99,177420.12
4,1780552939323170560,1780552940323170560,Usage Prompt Tokens,tokens,std,40894.00
4,1780552939323170560,1780552940323170560,Usage Total Tokens,tokens,avg,139543.00
4,1780552939323170560,1780552940323170560,Usage Total Tokens,tokens,min,97738.00
4,1780552939323170560,1780552940323170560,Usage Total Tokens,tokens,max,181348.00
4,1780552939323170560,1780552940323170560,Usage Total Tokens,tokens,sum,279086.00
4,1780552939323170560,1780552940323170560,Usage Total Tokens,tokens,p1,98574.10
4,1780552939323170560,1780552940323170560,Usage Total Tokens,tokens,p5,101918.50
4,1780552939323170560,1780552940323170560,Usage Total Tokens,tokens,p10,106099.00
4,1780552939323170560,1780552940323170560,Usage Total Tokens,tokens,p25,118640.50
4,1780552939323170560,1780552940323170560,Usage Total Tokens,tokens,p50,139543.00
4,1780552939323170560,1780552940323170560,Usage Total Tokens,tokens,p75,160445.50
4,1780552939323170560,1780552940323170560,Usage Total Tokens,tokens,p90,172987.00
4,1780552939323170560,1780552940323170560,Usage Total Tokens,tokens,p95,177167.50
4,1780552939323170560,1780552940323170560,Usage Total Tokens,tokens,p99,180511.90
4,1780552939323170560,1780552940323170560,Usage Total Tokens,tokens,std,41805.00
5,1780552940323170560,1780552941323170560,Active Decode Throughput,tokens/sec,avg,134.52
5,1780552940323170560,1780552941323170560,Active Decode Throughput,tokens/sec,min,0.00
5,1780552940323170560,1780552941323170560,Active Decode Throughput,tokens/sec,max,8642.59
5,1780552940323170560,1780552941323170560,Active Decode Throughput,tokens/sec,p50,29.88
5,1780552940323170560,1780552941323170560,Active Decode Throughput,tokens/sec,p90,29.89
5,1780552940323170560,1780552941323170560,Active Decode Throughput,tokens/sec,p95,29.89
5,1780552940323170560,1780552941323170560,Active Decode Throughput,tokens/sec,p99,3497.28
5,1780552940323170560,1780552941323170560,Active Decode Throughput,tokens/sec,std,569.64
5,1780552940323170560,1780552941323170560,Active Decode Throughput Per User,tokens/sec/user,avg,35.45
5,1780552940323170560,1780552941323170560,Active Decode Throughput Per User,tokens/sec/user,min,0.00
5,1780552940323170560,1780552941323170560,Active Decode Throughput Per User,tokens/sec/user,max,1728.52
5,1780552940323170560,1780552941323170560,Active Decode Throughput Per User,tokens/sec/user,p50,14.94
5,1780552940323170560,1780552941323170560,Active Decode Throughput Per User,tokens/sec/user,p90,14.94
5,1780552940323170560,1780552941323170560,Active Decode Throughput Per User,tokens/sec/user,p95,14.94
5,1780552940323170560,1780552941323170560,Active Decode Throughput Per User,tokens/sec/user,p99,699.46
5,1780552940323170560,1780552941323170560,Active Decode Throughput Per User,tokens/sec/user,std,112.39
5,1780552940323170560,1780552941323170560,Active Prefill Throughput,tokens/sec,avg,214378.79
5,1780552940323170560,1780552941323170560,Active Prefill Throughput,tokens/sec,min,166446.07
5,1780552940323170560,1780552941323170560,Active Prefill Throughput,tokens/sec,max,222600.84
5,1780552940323170560,1780552941323170560,Active Prefill Throughput,tokens/sec,p50,215895.81
5,1780552940323170560,1780552941323170560,Active Prefill Throughput,tokens/sec,p90,222600.84
5,1780552940323170560,1780552941323170560,Active Prefill Throughput,tokens/sec,p95,222600.84
5,1780552940323170560,1780552941323170560,Active Prefill Throughput,tokens/sec,p99,222600.84
5,1780552940323170560,1780552941323170560,Active Prefill Throughput,tokens/sec,std,10966.81
5,1780552940323170560,1780552941323170560,Active Prefill Throughput Per User,tokens/sec/user,avg,42999.14
5,1780552940323170560,1780552941323170560,Active Prefill Throughput Per User,tokens/sec/user,min,37100.14
5,1780552940323170560,1780552941323170560,Active Prefill Throughput Per User,tokens/sec/user,max,55482.02
5,1780552940323170560,1780552941323170560,Active Prefill Throughput Per User,tokens/sec/user,p50,43179.16
5,1780552940323170560,1780552941323170560,Active Prefill Throughput Per User,tokens/sec/user,p90,43179.16
5,1780552940323170560,1780552941323170560,Active Prefill Throughput Per User,tokens/sec/user,p95,43179.16
5,1780552940323170560,1780552941323170560,Active Prefill Throughput Per User,tokens/sec/user,p99,55482.02
5,1780552940323170560,1780552941323170560,Active Prefill Throughput Per User,tokens/sec/user,std,3445.40
5,1780552940323170560,1780552941323170560,Active Total Throughput,tokens/sec,avg,214389.74
5,1780552940323170560,1780552941323170560,Active Total Throughput,tokens/sec,min,166489.87
5,1780552940323170560,1780552941323170560,Active Total Throughput,tokens/sec,max,222610.14
5,1780552940323170560,1780552941323170560,Active Total Throughput,tokens/sec,p50,215905.11
5,1780552940323170560,1780552941323170560,Active Total Throughput,tokens/sec,p90,222610.14
5,1780552940323170560,1780552941323170560,Active Total Throughput,tokens/sec,p95,222610.14
5,1780552940323170560,1780552941323170560,Active Total Throughput,tokens/sec,p99,222610.14
5,1780552940323170560,1780552941323170560,Active Total Throughput,tokens/sec,std,10959.61
5,1780552940323170560,1780552941323170560,Benchmark Duration,sec,avg,0.77
5,1780552940323170560,1780552941323170560,Credit Drop Latency,ms,avg,7.26
5,1780552940323170560,1780552941323170560,Credit Drop Latency,ms,min,7.26
5,1780552940323170560,1780552941323170560,Credit Drop Latency,ms,max,7.26
5,1780552940323170560,1780552941323170560,Credit Drop Latency,ms,sum,7.26
5,1780552940323170560,1780552941323170560,Credit Drop Latency,ms,p1,7.26
5,1780552940323170560,1780552941323170560,Credit Drop Latency,ms,p5,7.26
5,1780552940323170560,1780552941323170560,Credit Drop Latency,ms,p10,7.26
5,1780552940323170560,1780552941323170560,Credit Drop Latency,ms,p25,7.26
5,1780552940323170560,1780552941323170560,Credit Drop Latency,ms,p50,7.26
5,1780552940323170560,1780552941323170560,Credit Drop Latency,ms,p75,7.26
5,1780552940323170560,1780552941323170560,Credit Drop Latency,ms,p90,7.26
5,1780552940323170560,1780552941323170560,Credit Drop Latency,ms,p95,7.26
5,1780552940323170560,1780552941323170560,Credit Drop Latency,ms,p99,7.26
5,1780552940323170560,1780552941323170560,Credit Drop Latency,ms,std,0.00
5,1780552940323170560,1780552941323170560,E2E Output Token Throughput,tokens/sec/user,avg,15.65
5,1780552940323170560,1780552941323170560,E2E Output Token Throughput,tokens/sec/user,min,15.65
5,1780552940323170560,1780552941323170560,E2E Output Token Throughput,tokens/sec/user,max,15.65
5,1780552940323170560,1780552941323170560,E2E Output Token Throughput,tokens/sec/user,sum,15.65
5,1780552940323170560,1780552941323170560,E2E Output Token Throughput,tokens/sec/user,p1,15.65
5,1780552940323170560,1780552941323170560,E2E Output Token Throughput,tokens/sec/user,p5,15.65
5,1780552940323170560,1780552941323170560,E2E Output Token Throughput,tokens/sec/user,p10,15.65
5,1780552940323170560,1780552941323170560,E2E Output Token Throughput,tokens/sec/user,p25,15.65
5,1780552940323170560,1780552941323170560,E2E Output Token Throughput,tokens/sec/user,p50,15.65
5,1780552940323170560,1780552941323170560,E2E Output Token Throughput,tokens/sec/user,p75,15.65
5,1780552940323170560,1780552941323170560,E2E Output Token Throughput,tokens/sec/user,p90,15.65
5,1780552940323170560,1780552941323170560,E2E Output Token Throughput,tokens/sec/user,p95,15.65
5,1780552940323170560,1780552941323170560,E2E Output Token Throughput,tokens/sec/user,p99,15.65
5,1780552940323170560,1780552941323170560,E2E Output Token Throughput,tokens/sec/user,std,0.00
5,1780552940323170560,1780552941323170560,Effective Concurrency,requests,avg,7.17
5,1780552940323170560,1780552941323170560,Effective Concurrency,requests,min,7.00
5,1780552940323170560,1780552941323170560,Effective Concurrency,requests,max,8.00
5,1780552940323170560,1780552941323170560,Effective Concurrency,requests,p50,7.00
5,1780552940323170560,1780552941323170560,Effective Concurrency,requests,p90,8.00
5,1780552940323170560,1780552941323170560,Effective Concurrency,requests,p95,8.00
5,1780552940323170560,1780552941323170560,Effective Concurrency,requests,p99,8.00
5,1780552940323170560,1780552941323170560,Effective Concurrency,requests,std,0.38
5,1780552940323170560,1780552941323170560,Effective Decode Concurrency,requests,avg,2.14
5,1780552940323170560,1780552941323170560,Effective Decode Concurrency,requests,min,2.00
5,1780552940323170560,1780552941323170560,Effective Decode Concurrency,requests,max,5.00
5,1780552940323170560,1780552941323170560,Effective Decode Concurrency,requests,p50,2.00
5,1780552940323170560,1780552941323170560,Effective Decode Concurrency,requests,p90,2.00
5,1780552940323170560,1780552941323170560,Effective Decode Concurrency,requests,p95,2.00
5,1780552940323170560,1780552941323170560,Effective Decode Concurrency,requests,p99,5.00
5,1780552940323170560,1780552941323170560,Effective Decode Concurrency,requests,std,0.64
5,1780552940323170560,1780552941323170560,Effective Decode Throughput,tokens/sec,avg,134.52
5,1780552940323170560,1780552941323170560,Effective Decode Throughput,tokens/sec,min,0.00
5,1780552940323170560,1780552941323170560,Effective Decode Throughput,tokens/sec,max,8642.59
5,1780552940323170560,1780552941323170560,Effective Decode Throughput,tokens/sec,p50,29.88
5,1780552940323170560,1780552941323170560,Effective Decode Throughput,tokens/sec,p90,29.89
5,1780552940323170560,1780552941323170560,Effective Decode Throughput,tokens/sec,p95,29.89
5,1780552940323170560,1780552941323170560,Effective Decode Throughput,tokens/sec,p99,3497.28
5,1780552940323170560,1780552941323170560,Effective Decode Throughput,tokens/sec,std,569.64
5,1780552940323170560,1780552941323170560,Effective Decode Throughput Per User,tokens/sec/user,avg,35.45
5,1780552940323170560,1780552941323170560,Effective Decode Throughput Per User,tokens/sec/user,min,0.00
5,1780552940323170560,1780552941323170560,Effective Decode Throughput Per User,tokens/sec/user,max,1728.52
5,1780552940323170560,1780552941323170560,Effective Decode Throughput Per User,tokens/sec/user,p50,14.94
5,1780552940323170560,1780552941323170560,Effective Decode Throughput Per User,tokens/sec/user,p90,14.94
5,1780552940323170560,1780552941323170560,Effective Decode Throughput Per User,tokens/sec/user,p95,14.94
5,1780552940323170560,1780552941323170560,Effective Decode Throughput Per User,tokens/sec/user,p99,699.46
5,1780552940323170560,1780552941323170560,Effective Decode Throughput Per User,tokens/sec/user,std,112.39
5,1780552940323170560,1780552941323170560,Effective Prefill Concurrency,requests,avg,5.03
5,1780552940323170560,1780552941323170560,Effective Prefill Concurrency,requests,min,3.00
5,1780552940323170560,1780552941323170560,Effective Prefill Concurrency,requests,max,6.00
5,1780552940323170560,1780552941323170560,Effective Prefill Concurrency,requests,p50,5.00
5,1780552940323170560,1780552941323170560,Effective Prefill Concurrency,requests,p90,6.00
5,1780552940323170560,1780552941323170560,Effective Prefill Concurrency,requests,p95,6.00
5,1780552940323170560,1780552941323170560,Effective Prefill Concurrency,requests,p99,6.00
5,1780552940323170560,1780552941323170560,Effective Prefill Concurrency,requests,std,0.56
5,1780552940323170560,1780552941323170560,Effective Prefill Throughput,tokens/sec,avg,214378.79
5,1780552940323170560,1780552941323170560,Effective Prefill Throughput,tokens/sec,min,166446.07
5,1780552940323170560,1780552941323170560,Effective Prefill Throughput,tokens/sec,max,222600.84
5,1780552940323170560,1780552941323170560,Effective Prefill Throughput,tokens/sec,p50,215895.81
5,1780552940323170560,1780552941323170560,Effective Prefill Throughput,tokens/sec,p90,222600.84
5,1780552940323170560,1780552941323170560,Effective Prefill Throughput,tokens/sec,p95,222600.84
5,1780552940323170560,1780552941323170560,Effective Prefill Throughput,tokens/sec,p99,222600.84
5,1780552940323170560,1780552941323170560,Effective Prefill Throughput,tokens/sec,std,10966.81
5,1780552940323170560,1780552941323170560,Effective Prefill Throughput Per User,tokens/sec/user,avg,42999.14
5,1780552940323170560,1780552941323170560,Effective Prefill Throughput Per User,tokens/sec/user,min,37100.14
5,1780552940323170560,1780552941323170560,Effective Prefill Throughput Per User,tokens/sec/user,max,55482.02
5,1780552940323170560,1780552941323170560,Effective Prefill Throughput Per User,tokens/sec/user,p50,43179.16
5,1780552940323170560,1780552941323170560,Effective Prefill Throughput Per User,tokens/sec/user,p90,43179.16
5,1780552940323170560,1780552941323170560,Effective Prefill Throughput Per User,tokens/sec/user,p95,43179.16
5,1780552940323170560,1780552941323170560,Effective Prefill Throughput Per User,tokens/sec/user,p99,55482.02
5,1780552940323170560,1780552941323170560,Effective Prefill Throughput Per User,tokens/sec/user,std,3445.40
5,1780552940323170560,1780552941323170560,Effective Total Throughput,tokens/sec,avg,214389.74
5,1780552940323170560,1780552941323170560,Effective Total Throughput,tokens/sec,min,166489.87
5,1780552940323170560,1780552941323170560,Effective Total Throughput,tokens/sec,max,222610.14
5,1780552940323170560,1780552941323170560,Effective Total Throughput,tokens/sec,p50,215905.11
5,1780552940323170560,1780552941323170560,Effective Total Throughput,tokens/sec,p90,222610.14
5,1780552940323170560,1780552941323170560,Effective Total Throughput,tokens/sec,p95,222610.14
5,1780552940323170560,1780552941323170560,Effective Total Throughput,tokens/sec,p99,222610.14
5,1780552940323170560,1780552941323170560,Effective Total Throughput,tokens/sec,std,10959.61
5,1780552940323170560,1780552941323170560,HTTP Blocked,ms,avg,0.00
5,1780552940323170560,1780552941323170560,HTTP Blocked,ms,min,0.00
5,1780552940323170560,1780552941323170560,HTTP Blocked,ms,max,0.00
5,1780552940323170560,1780552941323170560,HTTP Blocked,ms,sum,0.00
5,1780552940323170560,1780552941323170560,HTTP Blocked,ms,p1,0.00
5,1780552940323170560,1780552941323170560,HTTP Blocked,ms,p5,0.00
5,1780552940323170560,1780552941323170560,HTTP Blocked,ms,p10,0.00
5,1780552940323170560,1780552941323170560,HTTP Blocked,ms,p25,0.00
5,1780552940323170560,1780552941323170560,HTTP Blocked,ms,p50,0.00
5,1780552940323170560,1780552941323170560,HTTP Blocked,ms,p75,0.00
5,1780552940323170560,1780552941323170560,HTTP Blocked,ms,p90,0.00
5,1780552940323170560,1780552941323170560,HTTP Blocked,ms,p95,0.00
5,1780552940323170560,1780552941323170560,HTTP Blocked,ms,p99,0.00
5,1780552940323170560,1780552941323170560,HTTP Blocked,ms,std,0.00
5,1780552940323170560,1780552941323170560,HTTP Chunks Received,count,avg,12.00
5,1780552940323170560,1780552941323170560,HTTP Chunks Received,count,min,12.00
5,1780552940323170560,1780552941323170560,HTTP Chunks Received,count,max,12.00
5,1780552940323170560,1780552941323170560,HTTP Chunks Received,count,sum,12.00
5,1780552940323170560,1780552941323170560,HTTP Chunks Received,count,p1,12.00
5,1780552940323170560,1780552941323170560,HTTP Chunks Received,count,p5,12.00
5,1780552940323170560,1780552941323170560,HTTP Chunks Received,count,p10,12.00
5,1780552940323170560,1780552941323170560,HTTP Chunks Received,count,p25,12.00
5,1780552940323170560,1780552941323170560,HTTP Chunks Received,count,p50,12.00
5,1780552940323170560,1780552941323170560,HTTP Chunks Received,count,p75,12.00
5,1780552940323170560,1780552941323170560,HTTP Chunks Received,count,p90,12.00
5,1780552940323170560,1780552941323170560,HTTP Chunks Received,count,p95,12.00
5,1780552940323170560,1780552941323170560,HTTP Chunks Received,count,p99,12.00
5,1780552940323170560,1780552941323170560,HTTP Chunks Received,count,std,0.00
5,1780552940323170560,1780552941323170560,HTTP Chunks Sent,count,avg,1.00
5,1780552940323170560,1780552941323170560,HTTP Chunks Sent,count,min,1.00
5,1780552940323170560,1780552941323170560,HTTP Chunks Sent,count,max,1.00
5,1780552940323170560,1780552941323170560,HTTP Chunks Sent,count,sum,1.00
5,1780552940323170560,1780552941323170560,HTTP Chunks Sent,count,p1,1.00
5,1780552940323170560,1780552941323170560,HTTP Chunks Sent,count,p5,1.00
5,1780552940323170560,1780552941323170560,HTTP Chunks Sent,count,p10,1.00
5,1780552940323170560,1780552941323170560,HTTP Chunks Sent,count,p25,1.00
5,1780552940323170560,1780552941323170560,HTTP Chunks Sent,count,p50,1.00
5,1780552940323170560,1780552941323170560,HTTP Chunks Sent,count,p75,1.00
5,1780552940323170560,1780552941323170560,HTTP Chunks Sent,count,p90,1.00
5,1780552940323170560,1780552941323170560,HTTP Chunks Sent,count,p95,1.00
5,1780552940323170560,1780552941323170560,HTTP Chunks Sent,count,p99,1.00
5,1780552940323170560,1780552941323170560,HTTP Chunks Sent,count,std,0.00
5,1780552940323170560,1780552941323170560,HTTP Connecting,ms,avg,0.75
5,1780552940323170560,1780552941323170560,HTTP Connecting,ms,min,0.75
5,1780552940323170560,1780552941323170560,HTTP Connecting,ms,max,0.75
5,1780552940323170560,1780552941323170560,HTTP Connecting,ms,sum,0.75
5,1780552940323170560,1780552941323170560,HTTP Connecting,ms,p1,0.75
5,1780552940323170560,1780552941323170560,HTTP Connecting,ms,p5,0.75
5,1780552940323170560,1780552941323170560,HTTP Connecting,ms,p10,0.75
5,1780552940323170560,1780552941323170560,HTTP Connecting,ms,p25,0.75
5,1780552940323170560,1780552941323170560,HTTP Connecting,ms,p50,0.75
5,1780552940323170560,1780552941323170560,HTTP Connecting,ms,p75,0.75
5,1780552940323170560,1780552941323170560,HTTP Connecting,ms,p90,0.75
5,1780552940323170560,1780552941323170560,HTTP Connecting,ms,p95,0.75
5,1780552940323170560,1780552941323170560,HTTP Connecting,ms,p99,0.75
5,1780552940323170560,1780552941323170560,HTTP Connecting,ms,std,0.00
5,1780552940323170560,1780552941323170560,HTTP Connection Overhead,ms,avg,0.75
5,1780552940323170560,1780552941323170560,HTTP Connection Overhead,ms,min,0.75
5,1780552940323170560,1780552941323170560,HTTP Connection Overhead,ms,max,0.75
5,1780552940323170560,1780552941323170560,HTTP Connection Overhead,ms,sum,0.75
5,1780552940323170560,1780552941323170560,HTTP Connection Overhead,ms,p1,0.75
5,1780552940323170560,1780552941323170560,HTTP Connection Overhead,ms,p5,0.75
5,1780552940323170560,1780552941323170560,HTTP Connection Overhead,ms,p10,0.75
5,1780552940323170560,1780552941323170560,HTTP Connection Overhead,ms,p25,0.75
5,1780552940323170560,1780552941323170560,HTTP Connection Overhead,ms,p50,0.75
5,1780552940323170560,1780552941323170560,HTTP Connection Overhead,ms,p75,0.75
5,1780552940323170560,1780552941323170560,HTTP Connection Overhead,ms,p90,0.75
5,1780552940323170560,1780552941323170560,HTTP Connection Overhead,ms,p95,0.75
5,1780552940323170560,1780552941323170560,HTTP Connection Overhead,ms,p99,0.75
5,1780552940323170560,1780552941323170560,HTTP Connection Overhead,ms,std,0.00
5,1780552940323170560,1780552941323170560,HTTP Connection Reused,ratio,avg,0.00
5,1780552940323170560,1780552941323170560,HTTP Connection Reused,ratio,min,0.00
5,1780552940323170560,1780552941323170560,HTTP Connection Reused,ratio,max,0.00
5,1780552940323170560,1780552941323170560,HTTP Connection Reused,ratio,sum,0.00
5,1780552940323170560,1780552941323170560,HTTP Connection Reused,ratio,p1,0.00
5,1780552940323170560,1780552941323170560,HTTP Connection Reused,ratio,p5,0.00
5,1780552940323170560,1780552941323170560,HTTP Connection Reused,ratio,p10,0.00
5,1780552940323170560,1780552941323170560,HTTP Connection Reused,ratio,p25,0.00
5,1780552940323170560,1780552941323170560,HTTP Connection Reused,ratio,p50,0.00
5,1780552940323170560,1780552941323170560,HTTP Connection Reused,ratio,p75,0.00
5,1780552940323170560,1780552941323170560,HTTP Connection Reused,ratio,p90,0.00
5,1780552940323170560,1780552941323170560,HTTP Connection Reused,ratio,p95,0.00
5,1780552940323170560,1780552941323170560,HTTP Connection Reused,ratio,p99,0.00
5,1780552940323170560,1780552941323170560,HTTP Connection Reused,ratio,std,0.00
5,1780552940323170560,1780552941323170560,HTTP Data Received,KB,avg,3.59
5,1780552940323170560,1780552941323170560,HTTP Data Received,KB,min,3.59
5,1780552940323170560,1780552941323170560,HTTP Data Received,KB,max,3.59
5,1780552940323170560,1780552941323170560,HTTP Data Received,KB,sum,3.59
5,1780552940323170560,1780552941323170560,HTTP Data Received,KB,p1,3.59
5,1780552940323170560,1780552941323170560,HTTP Data Received,KB,p5,3.59
5,1780552940323170560,1780552941323170560,HTTP Data Received,KB,p10,3.59
5,1780552940323170560,1780552941323170560,HTTP Data Received,KB,p25,3.59
5,1780552940323170560,1780552941323170560,HTTP Data Received,KB,p50,3.59
5,1780552940323170560,1780552941323170560,HTTP Data Received,KB,p75,3.59
5,1780552940323170560,1780552941323170560,HTTP Data Received,KB,p90,3.59
5,1780552940323170560,1780552941323170560,HTTP Data Received,KB,p95,3.59
5,1780552940323170560,1780552941323170560,HTTP Data Received,KB,p99,3.59
5,1780552940323170560,1780552941323170560,HTTP Data Received,KB,std,0.00
5,1780552940323170560,1780552941323170560,HTTP Data Sent,KB,avg,9.83
5,1780552940323170560,1780552941323170560,HTTP Data Sent,KB,min,9.83
5,1780552940323170560,1780552941323170560,HTTP Data Sent,KB,max,9.83
5,1780552940323170560,1780552941323170560,HTTP Data Sent,KB,sum,9.83
5,1780552940323170560,1780552941323170560,HTTP Data Sent,KB,p1,9.83
5,1780552940323170560,1780552941323170560,HTTP Data Sent,KB,p5,9.83
5,1780552940323170560,1780552941323170560,HTTP Data Sent,KB,p10,9.83
5,1780552940323170560,1780552941323170560,HTTP Data Sent,KB,p25,9.83
5,1780552940323170560,1780552941323170560,HTTP Data Sent,KB,p50,9.83
5,1780552940323170560,1780552941323170560,HTTP Data Sent,KB,p75,9.83
5,1780552940323170560,1780552941323170560,HTTP Data Sent,KB,p90,9.83
5,1780552940323170560,1780552941323170560,HTTP Data Sent,KB,p95,9.83
5,1780552940323170560,1780552941323170560,HTTP Data Sent,KB,p99,9.83
5,1780552940323170560,1780552941323170560,HTTP Data Sent,KB,std,0.00
5,1780552940323170560,1780552941323170560,HTTP DNS Lookup,ms,avg,0.00
5,1780552940323170560,1780552941323170560,HTTP DNS Lookup,ms,min,0.00
5,1780552940323170560,1780552941323170560,HTTP DNS Lookup,ms,max,0.00
5,1780552940323170560,1780552941323170560,HTTP DNS Lookup,ms,sum,0.00
5,1780552940323170560,1780552941323170560,HTTP DNS Lookup,ms,p1,0.00
5,1780552940323170560,1780552941323170560,HTTP DNS Lookup,ms,p5,0.00
5,1780552940323170560,1780552941323170560,HTTP DNS Lookup,ms,p10,0.00
5,1780552940323170560,1780552941323170560,HTTP DNS Lookup,ms,p25,0.00
5,1780552940323170560,1780552941323170560,HTTP DNS Lookup,ms,p50,0.00
5,1780552940323170560,1780552941323170560,HTTP DNS Lookup,ms,p75,0.00
5,1780552940323170560,1780552941323170560,HTTP DNS Lookup,ms,p90,0.00
5,1780552940323170560,1780552941323170560,HTTP DNS Lookup,ms,p95,0.00
5,1780552940323170560,1780552941323170560,HTTP DNS Lookup,ms,p99,0.00
5,1780552940323170560,1780552941323170560,HTTP DNS Lookup,ms,std,0.00
5,1780552940323170560,1780552941323170560,HTTP Duration (excl. conn),ms,avg,766.48
5,1780552940323170560,1780552941323170560,HTTP Duration (excl. conn),ms,min,766.48
5,1780552940323170560,1780552941323170560,HTTP Duration (excl. conn),ms,max,766.48
5,1780552940323170560,1780552941323170560,HTTP Duration (excl. conn),ms,sum,766.48
5,1780552940323170560,1780552941323170560,HTTP Duration (excl. conn),ms,p1,766.48
5,1780552940323170560,1780552941323170560,HTTP Duration (excl. conn),ms,p5,766.48
5,1780552940323170560,1780552941323170560,HTTP Duration (excl. conn),ms,p10,766.48
5,1780552940323170560,1780552941323170560,HTTP Duration (excl. conn),ms,p25,766.48
5,1780552940323170560,1780552941323170560,HTTP Duration (excl. conn),ms,p50,766.48
5,1780552940323170560,1780552941323170560,HTTP Duration (excl. conn),ms,p75,766.48
5,1780552940323170560,1780552941323170560,HTTP Duration (excl. conn),ms,p90,766.48
5,1780552940323170560,1780552941323170560,HTTP Duration (excl. conn),ms,p95,766.48
5,1780552940323170560,1780552941323170560,HTTP Duration (excl. conn),ms,p99,766.48
5,1780552940323170560,1780552941323170560,HTTP Duration (excl. conn),ms,std,0.00
5,1780552940323170560,1780552941323170560,HTTP Receiving,ms,avg,416.42
5,1780552940323170560,1780552941323170560,HTTP Receiving,ms,min,416.42
5,1780552940323170560,1780552941323170560,HTTP Receiving,ms,max,416.42
5,1780552940323170560,1780552941323170560,HTTP Receiving,ms,sum,416.42
5,1780552940323170560,1780552941323170560,HTTP Receiving,ms,p1,416.42
5,1780552940323170560,1780552941323170560,HTTP Receiving,ms,p5,416.42
5,1780552940323170560,1780552941323170560,HTTP Receiving,ms,p10,416.42
5,1780552940323170560,1780552941323170560,HTTP Receiving,ms,p25,416.42
5,1780552940323170560,1780552941323170560,HTTP Receiving,ms,p50,416.42
5,1780552940323170560,1780552941323170560,HTTP Receiving,ms,p75,416.42
5,1780552940323170560,1780552941323170560,HTTP Receiving,ms,p90,416.42
5,1780552940323170560,1780552941323170560,HTTP Receiving,ms,p95,416.42
5,1780552940323170560,1780552941323170560,HTTP Receiving,ms,p99,416.42
5,1780552940323170560,1780552941323170560,HTTP Receiving,ms,std,0.00
5,1780552940323170560,1780552941323170560,HTTP Sending,ms,avg,1.08
5,1780552940323170560,1780552941323170560,HTTP Sending,ms,min,1.08
5,1780552940323170560,1780552941323170560,HTTP Sending,ms,max,1.08
5,1780552940323170560,1780552941323170560,HTTP Sending,ms,sum,1.08
5,1780552940323170560,1780552941323170560,HTTP Sending,ms,p1,1.08
5,1780552940323170560,1780552941323170560,HTTP Sending,ms,p5,1.08
5,1780552940323170560,1780552941323170560,HTTP Sending,ms,p10,1.08
5,1780552940323170560,1780552941323170560,HTTP Sending,ms,p25,1.08
5,1780552940323170560,1780552941323170560,HTTP Sending,ms,p50,1.08
5,1780552940323170560,1780552941323170560,HTTP Sending,ms,p75,1.08
5,1780552940323170560,1780552941323170560,HTTP Sending,ms,p90,1.08
5,1780552940323170560,1780552941323170560,HTTP Sending,ms,p95,1.08
5,1780552940323170560,1780552941323170560,HTTP Sending,ms,p99,1.08
5,1780552940323170560,1780552941323170560,HTTP Sending,ms,std,0.00
5,1780552940323170560,1780552941323170560,HTTP Total Time,ms,avg,767.23
5,1780552940323170560,1780552941323170560,HTTP Total Time,ms,min,767.23
5,1780552940323170560,1780552941323170560,HTTP Total Time,ms,max,767.23
5,1780552940323170560,1780552941323170560,HTTP Total Time,ms,sum,767.23
5,1780552940323170560,1780552941323170560,HTTP Total Time,ms,p1,767.23
5,1780552940323170560,1780552941323170560,HTTP Total Time,ms,p5,767.23
5,1780552940323170560,1780552941323170560,HTTP Total Time,ms,p10,767.23
5,1780552940323170560,1780552941323170560,HTTP Total Time,ms,p25,767.23
5,1780552940323170560,1780552941323170560,HTTP Total Time,ms,p50,767.23
5,1780552940323170560,1780552941323170560,HTTP Total Time,ms,p75,767.23
5,1780552940323170560,1780552941323170560,HTTP Total Time,ms,p90,767.23
5,1780552940323170560,1780552941323170560,HTTP Total Time,ms,p95,767.23
5,1780552940323170560,1780552941323170560,HTTP Total Time,ms,p99,767.23
5,1780552940323170560,1780552941323170560,HTTP Total Time,ms,std,0.00
5,1780552940323170560,1780552941323170560,HTTP Waiting (TTFB),ms,avg,348.98
5,1780552940323170560,1780552941323170560,HTTP Waiting (TTFB),ms,min,348.98
5,1780552940323170560,1780552941323170560,HTTP Waiting (TTFB),ms,max,348.98
5,1780552940323170560,1780552941323170560,HTTP Waiting (TTFB),ms,sum,348.98
5,1780552940323170560,1780552941323170560,HTTP Waiting (TTFB),ms,p1,348.98
5,1780552940323170560,1780552941323170560,HTTP Waiting (TTFB),ms,p5,348.98
5,1780552940323170560,1780552941323170560,HTTP Waiting (TTFB),ms,p10,348.98
5,1780552940323170560,1780552941323170560,HTTP Waiting (TTFB),ms,p25,348.98
5,1780552940323170560,1780552941323170560,HTTP Waiting (TTFB),ms,p50,348.98
5,1780552940323170560,1780552941323170560,HTTP Waiting (TTFB),ms,p75,348.98
5,1780552940323170560,1780552941323170560,HTTP Waiting (TTFB),ms,p90,348.98
5,1780552940323170560,1780552941323170560,HTTP Waiting (TTFB),ms,p95,348.98
5,1780552940323170560,1780552941323170560,HTTP Waiting (TTFB),ms,p99,348.98
5,1780552940323170560,1780552941323170560,HTTP Waiting (TTFB),ms,std,0.00
5,1780552940323170560,1780552941323170560,Input Sequence Length,tokens,avg,2348.00
5,1780552940323170560,1780552941323170560,Input Sequence Length,tokens,min,2348.00
5,1780552940323170560,1780552941323170560,Input Sequence Length,tokens,max,2348.00
5,1780552940323170560,1780552941323170560,Input Sequence Length,tokens,sum,2348.00
5,1780552940323170560,1780552941323170560,Input Sequence Length,tokens,p1,2348.00
5,1780552940323170560,1780552941323170560,Input Sequence Length,tokens,p5,2348.00
5,1780552940323170560,1780552941323170560,Input Sequence Length,tokens,p10,2348.00
5,1780552940323170560,1780552941323170560,Input Sequence Length,tokens,p25,2348.00
5,1780552940323170560,1780552941323170560,Input Sequence Length,tokens,p50,2348.00
5,1780552940323170560,1780552941323170560,Input Sequence Length,tokens,p75,2348.00
5,1780552940323170560,1780552941323170560,Input Sequence Length,tokens,p90,2348.00
5,1780552940323170560,1780552941323170560,Input Sequence Length,tokens,p95,2348.00
5,1780552940323170560,1780552941323170560,Input Sequence Length,tokens,p99,2348.00
5,1780552940323170560,1780552941323170560,Input Sequence Length,tokens,std,0.00
5,1780552940323170560,1780552941323170560,Input Token Throughput,tokens/sec,avg,2348.00
5,1780552940323170560,1780552941323170560,Inter Chunk Latency,ms,avg,0.16
5,1780552940323170560,1780552941323170560,Inter Chunk Latency,ms,min,0.11
5,1780552940323170560,1780552941323170560,Inter Chunk Latency,ms,max,0.20
5,1780552940323170560,1780552941323170560,Inter Chunk Latency,ms,sum,1.72
5,1780552940323170560,1780552941323170560,Inter Chunk Latency,ms,p1,0.11
5,1780552940323170560,1780552941323170560,Inter Chunk Latency,ms,p5,0.11
5,1780552940323170560,1780552941323170560,Inter Chunk Latency,ms,p10,0.11
5,1780552940323170560,1780552941323170560,Inter Chunk Latency,ms,p25,0.15
5,1780552940323170560,1780552941323170560,Inter Chunk Latency,ms,p50,0.16
5,1780552940323170560,1780552941323170560,Inter Chunk Latency,ms,p75,0.17
5,1780552940323170560,1780552941323170560,Inter Chunk Latency,ms,p90,0.18
5,1780552940323170560,1780552941323170560,Inter Chunk Latency,ms,p95,0.19
5,1780552940323170560,1780552941323170560,Inter Chunk Latency,ms,p99,0.20
5,1780552940323170560,1780552941323170560,Inter Chunk Latency,ms,std,0.03
5,1780552940323170560,1780552941323170560,Inter Token Latency,ms,avg,37.86
5,1780552940323170560,1780552941323170560,Inter Token Latency,ms,min,37.86
5,1780552940323170560,1780552941323170560,Inter Token Latency,ms,max,37.86
5,1780552940323170560,1780552941323170560,Inter Token Latency,ms,sum,37.86
5,1780552940323170560,1780552941323170560,Inter Token Latency,ms,p1,37.86
5,1780552940323170560,1780552941323170560,Inter Token Latency,ms,p5,37.86
5,1780552940323170560,1780552941323170560,Inter Token Latency,ms,p10,37.86
5,1780552940323170560,1780552941323170560,Inter Token Latency,ms,p25,37.86
5,1780552940323170560,1780552941323170560,Inter Token Latency,ms,p50,37.86
5,1780552940323170560,1780552941323170560,Inter Token Latency,ms,p75,37.86
5,1780552940323170560,1780552941323170560,Inter Token Latency,ms,p90,37.86
5,1780552940323170560,1780552941323170560,Inter Token Latency,ms,p95,37.86
5,1780552940323170560,1780552941323170560,Inter Token Latency,ms,p99,37.86
5,1780552940323170560,1780552941323170560,Inter Token Latency,ms,std,0.00
5,1780552940323170560,1780552941323170560,Maximum Response Timestamp,ns,avg,1780552941915577344.00
5,1780552940323170560,1780552941323170560,Minimum Request Timestamp,ns,avg,1780552941148972032.00
5,1780552940323170560,1780552941323170560,OSL Mismatch Count,requests,avg,0.00
5,1780552940323170560,1780552941323170560,OSL Mismatch Diff %,%,avg,0.00
5,1780552940323170560,1780552941323170560,OSL Mismatch Diff %,%,min,0.00
5,1780552940323170560,1780552941323170560,OSL Mismatch Diff %,%,max,0.00
5,1780552940323170560,1780552941323170560,OSL Mismatch Diff %,%,sum,0.00
5,1780552940323170560,1780552941323170560,OSL Mismatch Diff %,%,p1,0.00
5,1780552940323170560,1780552941323170560,OSL Mismatch Diff %,%,p5,0.00
5,1780552940323170560,1780552941323170560,OSL Mismatch Diff %,%,p10,0.00
5,1780552940323170560,1780552941323170560,OSL Mismatch Diff %,%,p25,0.00
5,1780552940323170560,1780552941323170560,OSL Mismatch Diff %,%,p50,0.00
5,1780552940323170560,1780552941323170560,OSL Mismatch Diff %,%,p75,0.00
5,1780552940323170560,1780552941323170560,OSL Mismatch Diff %,%,p90,0.00
5,1780552940323170560,1780552941323170560,OSL Mismatch Diff %,%,p95,0.00
5,1780552940323170560,1780552941323170560,OSL Mismatch Diff %,%,p99,0.00
5,1780552940323170560,1780552941323170560,OSL Mismatch Diff %,%,std,0.00
5,1780552940323170560,1780552941323170560,Output Sequence Length,tokens,avg,12.00
5,1780552940323170560,1780552941323170560,Output Sequence Length,tokens,min,12.00
5,1780552940323170560,1780552941323170560,Output Sequence Length,tokens,max,12.00
5,1780552940323170560,1780552941323170560,Output Sequence Length,tokens,sum,12.00
5,1780552940323170560,1780552941323170560,Output Sequence Length,tokens,p1,12.00
5,1780552940323170560,1780552941323170560,Output Sequence Length,tokens,p5,12.00
5,1780552940323170560,1780552941323170560,Output Sequence Length,tokens,p10,12.00
5,1780552940323170560,1780552941323170560,Output Sequence Length,tokens,p25,12.00
5,1780552940323170560,1780552941323170560,Output Sequence Length,tokens,p50,12.00
5,1780552940323170560,1780552941323170560,Output Sequence Length,tokens,p75,12.00
5,1780552940323170560,1780552941323170560,Output Sequence Length,tokens,p90,12.00
5,1780552940323170560,1780552941323170560,Output Sequence Length,tokens,p95,12.00
5,1780552940323170560,1780552941323170560,Output Sequence Length,tokens,p99,12.00
5,1780552940323170560,1780552941323170560,Output Sequence Length,tokens,std,0.00
5,1780552940323170560,1780552941323170560,Output Token Count,tokens,avg,12.00
5,1780552940323170560,1780552941323170560,Output Token Count,tokens,min,12.00
5,1780552940323170560,1780552941323170560,Output Token Count,tokens,max,12.00
5,1780552940323170560,1780552941323170560,Output Token Count,tokens,sum,12.00
5,1780552940323170560,1780552941323170560,Output Token Count,tokens,p1,12.00
5,1780552940323170560,1780552941323170560,Output Token Count,tokens,p5,12.00
5,1780552940323170560,1780552941323170560,Output Token Count,tokens,p10,12.00
5,1780552940323170560,1780552941323170560,Output Token Count,tokens,p25,12.00
5,1780552940323170560,1780552941323170560,Output Token Count,tokens,p50,12.00
5,1780552940323170560,1780552941323170560,Output Token Count,tokens,p75,12.00
5,1780552940323170560,1780552941323170560,Output Token Count,tokens,p90,12.00
5,1780552940323170560,1780552941323170560,Output Token Count,tokens,p95,12.00
5,1780552940323170560,1780552941323170560,Output Token Count,tokens,p99,12.00
5,1780552940323170560,1780552941323170560,Output Token Count,tokens,std,0.00
5,1780552940323170560,1780552941323170560,Output Token Throughput,tokens/sec,avg,12.00
5,1780552940323170560,1780552941323170560,Output Token Throughput Per User,tokens/sec/user,avg,26.42
5,1780552940323170560,1780552941323170560,Output Token Throughput Per User,tokens/sec/user,min,26.42
5,1780552940323170560,1780552941323170560,Output Token Throughput Per User,tokens/sec/user,max,26.42
5,1780552940323170560,1780552941323170560,Output Token Throughput Per User,tokens/sec/user,sum,26.42
5,1780552940323170560,1780552941323170560,Output Token Throughput Per User,tokens/sec/user,p1,26.42
5,1780552940323170560,1780552941323170560,Output Token Throughput Per User,tokens/sec/user,p5,26.42
5,1780552940323170560,1780552941323170560,Output Token Throughput Per User,tokens/sec/user,p10,26.42
5,1780552940323170560,1780552941323170560,Output Token Throughput Per User,tokens/sec/user,p25,26.42
5,1780552940323170560,1780552941323170560,Output Token Throughput Per User,tokens/sec/user,p50,26.42
5,1780552940323170560,1780552941323170560,Output Token Throughput Per User,tokens/sec/user,p75,26.42
5,1780552940323170560,1780552941323170560,Output Token Throughput Per User,tokens/sec/user,p90,26.42
5,1780552940323170560,1780552941323170560,Output Token Throughput Per User,tokens/sec/user,p95,26.42
5,1780552940323170560,1780552941323170560,Output Token Throughput Per User,tokens/sec/user,p99,26.42
5,1780552940323170560,1780552941323170560,Output Token Throughput Per User,tokens/sec/user,std,0.00
5,1780552940323170560,1780552941323170560,Prefill Throughput Per User,tokens/sec/user,avg,6705.03
5,1780552940323170560,1780552941323170560,Prefill Throughput Per User,tokens/sec/user,min,6705.03
5,1780552940323170560,1780552941323170560,Prefill Throughput Per User,tokens/sec/user,max,6705.03
5,1780552940323170560,1780552941323170560,Prefill Throughput Per User,tokens/sec/user,sum,6705.03
5,1780552940323170560,1780552941323170560,Prefill Throughput Per User,tokens/sec/user,p1,6705.03
5,1780552940323170560,1780552941323170560,Prefill Throughput Per User,tokens/sec/user,p5,6705.03
5,1780552940323170560,1780552941323170560,Prefill Throughput Per User,tokens/sec/user,p10,6705.03
5,1780552940323170560,1780552941323170560,Prefill Throughput Per User,tokens/sec/user,p25,6705.03
5,1780552940323170560,1780552941323170560,Prefill Throughput Per User,tokens/sec/user,p50,6705.03
5,1780552940323170560,1780552941323170560,Prefill Throughput Per User,tokens/sec/user,p75,6705.03
5,1780552940323170560,1780552941323170560,Prefill Throughput Per User,tokens/sec/user,p90,6705.03
5,1780552940323170560,1780552941323170560,Prefill Throughput Per User,tokens/sec/user,p95,6705.03
5,1780552940323170560,1780552941323170560,Prefill Throughput Per User,tokens/sec/user,p99,6705.03
5,1780552940323170560,1780552941323170560,Prefill Throughput Per User,tokens/sec/user,std,0.00
5,1780552940323170560,1780552941323170560,Request Count,requests,avg,1.00
5,1780552940323170560,1780552941323170560,Request Latency,ms,avg,766.61
5,1780552940323170560,1780552941323170560,Request Latency,ms,min,766.61
5,1780552940323170560,1780552941323170560,Request Latency,ms,max,766.61
5,1780552940323170560,1780552941323170560,Request Latency,ms,sum,766.61
5,1780552940323170560,1780552941323170560,Request Latency,ms,p1,766.61
5,1780552940323170560,1780552941323170560,Request Latency,ms,p5,766.61
5,1780552940323170560,1780552941323170560,Request Latency,ms,p10,766.61
5,1780552940323170560,1780552941323170560,Request Latency,ms,p25,766.61
5,1780552940323170560,1780552941323170560,Request Latency,ms,p50,766.61
5,1780552940323170560,1780552941323170560,Request Latency,ms,p75,766.61
5,1780552940323170560,1780552941323170560,Request Latency,ms,p90,766.61
5,1780552940323170560,1780552941323170560,Request Latency,ms,p95,766.61
5,1780552940323170560,1780552941323170560,Request Latency,ms,p99,766.61
5,1780552940323170560,1780552941323170560,Request Latency,ms,std,0.00
5,1780552940323170560,1780552941323170560,Request Throughput,requests/sec,avg,1.00
5,1780552940323170560,1780552941323170560,Requested OSL,tokens,avg,12.00
5,1780552940323170560,1780552941323170560,Requested OSL,tokens,min,12.00
5,1780552940323170560,1780552941323170560,Requested OSL,tokens,max,12.00
5,1780552940323170560,1780552941323170560,Requested OSL,tokens,sum,12.00
5,1780552940323170560,1780552941323170560,Requested OSL,tokens,p1,12.00
5,1780552940323170560,1780552941323170560,Requested OSL,tokens,p5,12.00
5,1780552940323170560,1780552941323170560,Requested OSL,tokens,p10,12.00
5,1780552940323170560,1780552941323170560,Requested OSL,tokens,p25,12.00
5,1780552940323170560,1780552941323170560,Requested OSL,tokens,p50,12.00
5,1780552940323170560,1780552941323170560,Requested OSL,tokens,p75,12.00
5,1780552940323170560,1780552941323170560,Requested OSL,tokens,p90,12.00
5,1780552940323170560,1780552941323170560,Requested OSL,tokens,p95,12.00
5,1780552940323170560,1780552941323170560,Requested OSL,tokens,p99,12.00
5,1780552940323170560,1780552941323170560,Requested OSL,tokens,std,0.00
5,1780552940323170560,1780552941323170560,Time to First Output Token,ms,avg,350.18
5,1780552940323170560,1780552941323170560,Time to First Output Token,ms,min,350.18
5,1780552940323170560,1780552941323170560,Time to First Output Token,ms,max,350.18
5,1780552940323170560,1780552941323170560,Time to First Output Token,ms,sum,350.18
5,1780552940323170560,1780552941323170560,Time to First Output Token,ms,p1,350.18
5,1780552940323170560,1780552941323170560,Time to First Output Token,ms,p5,350.18
5,1780552940323170560,1780552941323170560,Time to First Output Token,ms,p10,350.18
5,1780552940323170560,1780552941323170560,Time to First Output Token,ms,p25,350.18
5,1780552940323170560,1780552941323170560,Time to First Output Token,ms,p50,350.18
5,1780552940323170560,1780552941323170560,Time to First Output Token,ms,p75,350.18
5,1780552940323170560,1780552941323170560,Time to First Output Token,ms,p90,350.18
5,1780552940323170560,1780552941323170560,Time to First Output Token,ms,p95,350.18
5,1780552940323170560,1780552941323170560,Time to First Output Token,ms,p99,350.18
5,1780552940323170560,1780552941323170560,Time to First Output Token,ms,std,0.00
5,1780552940323170560,1780552941323170560,Time to First Token,ms,avg,350.18
5,1780552940323170560,1780552941323170560,Time to First Token,ms,min,350.18
5,1780552940323170560,1780552941323170560,Time to First Token,ms,max,350.18
5,1780552940323170560,1780552941323170560,Time to First Token,ms,sum,350.18
5,1780552940323170560,1780552941323170560,Time to First Token,ms,p1,350.18
5,1780552940323170560,1780552941323170560,Time to First Token,ms,p5,350.18
5,1780552940323170560,1780552941323170560,Time to First Token,ms,p10,350.18
5,1780552940323170560,1780552941323170560,Time to First Token,ms,p25,350.18
5,1780552940323170560,1780552941323170560,Time to First Token,ms,p50,350.18
5,1780552940323170560,1780552941323170560,Time to First Token,ms,p75,350.18
5,1780552940323170560,1780552941323170560,Time to First Token,ms,p90,350.18
5,1780552940323170560,1780552941323170560,Time to First Token,ms,p95,350.18
5,1780552940323170560,1780552941323170560,Time to First Token,ms,p99,350.18
5,1780552940323170560,1780552941323170560,Time to First Token,ms,std,0.00
5,1780552940323170560,1780552941323170560,Time to Second Token,ms,avg,35.86
5,1780552940323170560,1780552941323170560,Time to Second Token,ms,min,35.86
5,1780552940323170560,1780552941323170560,Time to Second Token,ms,max,35.86
5,1780552940323170560,1780552941323170560,Time to Second Token,ms,sum,35.86
5,1780552940323170560,1780552941323170560,Time to Second Token,ms,p1,35.86
5,1780552940323170560,1780552941323170560,Time to Second Token,ms,p5,35.86
5,1780552940323170560,1780552941323170560,Time to Second Token,ms,p10,35.86
5,1780552940323170560,1780552941323170560,Time to Second Token,ms,p25,35.86
5,1780552940323170560,1780552941323170560,Time to Second Token,ms,p50,35.86
5,1780552940323170560,1780552941323170560,Time to Second Token,ms,p75,35.86
5,1780552940323170560,1780552941323170560,Time to Second Token,ms,p90,35.86
5,1780552940323170560,1780552941323170560,Time to Second Token,ms,p95,35.86
5,1780552940323170560,1780552941323170560,Time to Second Token,ms,p99,35.86
5,1780552940323170560,1780552941323170560,Time to Second Token,ms,std,0.00
5,1780552940323170560,1780552941323170560,Tokens In Flight,tokens,avg,713595.26
5,1780552940323170560,1780552941323170560,Tokens In Flight,tokens,min,713168.28
5,1780552940323170560,1780552941323170560,Tokens In Flight,tokens,max,715651.84
5,1780552940323170560,1780552941323170560,Tokens In Flight,tokens,p50,713182.48
5,1780552940323170560,1780552941323170560,Tokens In Flight,tokens,p90,715542.65
5,1780552940323170560,1780552941323170560,Tokens In Flight,tokens,p95,715544.68
5,1780552940323170560,1780552941323170560,Tokens In Flight,tokens,p99,715643.81
5,1780552940323170560,1780552941323170560,Tokens In Flight,tokens,std,903.96
5,1780552940323170560,1780552941323170560,Total Input Sequence Length,tokens,avg,2348.00
5,1780552940323170560,1780552941323170560,Total Output Sequence Length,tokens,avg,12.00
5,1780552940323170560,1780552941323170560,Total Output Tokens,tokens,avg,12.00
5,1780552940323170560,1780552941323170560,Total Token Throughput,tokens/sec,avg,2360.00
5,1780552940323170560,1780552941323170560,Total Usage Completion Tokens,tokens,avg,12.00
5,1780552940323170560,1780552941323170560,Total Usage Prompt Tokens,tokens,avg,2348.00
5,1780552940323170560,1780552941323170560,Total Usage Total Tokens,tokens,avg,2360.00
5,1780552940323170560,1780552941323170560,Usage Completion Tokens,tokens,avg,12.00
5,1780552940323170560,1780552941323170560,Usage Completion Tokens,tokens,min,12.00
5,1780552940323170560,1780552941323170560,Usage Completion Tokens,tokens,max,12.00
5,1780552940323170560,1780552941323170560,Usage Completion Tokens,tokens,sum,12.00
5,1780552940323170560,1780552941323170560,Usage Completion Tokens,tokens,p1,12.00
5,1780552940323170560,1780552941323170560,Usage Completion Tokens,tokens,p5,12.00
5,1780552940323170560,1780552941323170560,Usage Completion Tokens,tokens,p10,12.00
5,1780552940323170560,1780552941323170560,Usage Completion Tokens,tokens,p25,12.00
5,1780552940323170560,1780552941323170560,Usage Completion Tokens,tokens,p50,12.00
5,1780552940323170560,1780552941323170560,Usage Completion Tokens,tokens,p75,12.00
5,1780552940323170560,1780552941323170560,Usage Completion Tokens,tokens,p90,12.00
5,1780552940323170560,1780552941323170560,Usage Completion Tokens,tokens,p95,12.00
5,1780552940323170560,1780552941323170560,Usage Completion Tokens,tokens,p99,12.00
5,1780552940323170560,1780552941323170560,Usage Completion Tokens,tokens,std,0.00
5,1780552940323170560,1780552941323170560,Usage Prompt Tokens,tokens,avg,2348.00
5,1780552940323170560,1780552941323170560,Usage Prompt Tokens,tokens,min,2348.00
5,1780552940323170560,1780552941323170560,Usage Prompt Tokens,tokens,max,2348.00
5,1780552940323170560,1780552941323170560,Usage Prompt Tokens,tokens,sum,2348.00
5,1780552940323170560,1780552941323170560,Usage Prompt Tokens,tokens,p1,2348.00
5,1780552940323170560,1780552941323170560,Usage Prompt Tokens,tokens,p5,2348.00
5,1780552940323170560,1780552941323170560,Usage Prompt Tokens,tokens,p10,2348.00
5,1780552940323170560,1780552941323170560,Usage Prompt Tokens,tokens,p25,2348.00
5,1780552940323170560,1780552941323170560,Usage Prompt Tokens,tokens,p50,2348.00
5,1780552940323170560,1780552941323170560,Usage Prompt Tokens,tokens,p75,2348.00
5,1780552940323170560,1780552941323170560,Usage Prompt Tokens,tokens,p90,2348.00
5,1780552940323170560,1780552941323170560,Usage Prompt Tokens,tokens,p95,2348.00
5,1780552940323170560,1780552941323170560,Usage Prompt Tokens,tokens,p99,2348.00
5,1780552940323170560,1780552941323170560,Usage Prompt Tokens,tokens,std,0.00
5,1780552940323170560,1780552941323170560,Usage Total Tokens,tokens,avg,2360.00
5,1780552940323170560,1780552941323170560,Usage Total Tokens,tokens,min,2360.00
5,1780552940323170560,1780552941323170560,Usage Total Tokens,tokens,max,2360.00
5,1780552940323170560,1780552941323170560,Usage Total Tokens,tokens,sum,2360.00
5,1780552940323170560,1780552941323170560,Usage Total Tokens,tokens,p1,2360.00
5,1780552940323170560,1780552941323170560,Usage Total Tokens,tokens,p5,2360.00
5,1780552940323170560,1780552941323170560,Usage Total Tokens,tokens,p10,2360.00
5,1780552940323170560,1780552941323170560,Usage Total Tokens,tokens,p25,2360.00
5,1780552940323170560,1780552941323170560,Usage Total Tokens,tokens,p50,2360.00
5,1780552940323170560,1780552941323170560,Usage Total Tokens,tokens,p75,2360.00
5,1780552940323170560,1780552941323170560,Usage Total Tokens,tokens,p90,2360.00
5,1780552940323170560,1780552941323170560,Usage Total Tokens,tokens,p95,2360.00
5,1780552940323170560,1780552941323170560,Usage Total Tokens,tokens,p99,2360.00
5,1780552940323170560,1780552941323170560,Usage Total Tokens,tokens,std,0.00
6,1780552943323170560,1780552944323170560,Active Decode Throughput,tokens/sec,avg,90.08
6,1780552943323170560,1780552944323170560,Active Decode Throughput,tokens/sec,min,60.25
6,1780552943323170560,1780552944323170560,Active Decode Throughput,tokens/sec,max,119.93
6,1780552943323170560,1780552944323170560,Active Decode Throughput,tokens/sec,p50,90.08
6,1780552943323170560,1780552944323170560,Active Decode Throughput,tokens/sec,p90,90.09
6,1780552943323170560,1780552944323170560,Active Decode Throughput,tokens/sec,p95,90.09
6,1780552943323170560,1780552944323170560,Active Decode Throughput,tokens/sec,p99,90.09
6,1780552943323170560,1780552944323170560,Active Decode Throughput,tokens/sec,std,0.05
6,1780552943323170560,1780552944323170560,Active Decode Throughput Per User,tokens/sec/user,avg,14.36
6,1780552943323170560,1780552944323170560,Active Decode Throughput Per User,tokens/sec/user,min,8.61
6,1780552943323170560,1780552944323170560,Active Decode Throughput Per User,tokens/sec/user,max,19.99
6,1780552943323170560,1780552944323170560,Active Decode Throughput Per User,tokens/sec/user,p50,15.01
6,1780552943323170560,1780552944323170560,Active Decode Throughput Per User,tokens/sec/user,p90,15.01
6,1780552943323170560,1780552944323170560,Active Decode Throughput Per User,tokens/sec/user,p95,15.01
6,1780552943323170560,1780552944323170560,Active Decode Throughput Per User,tokens/sec/user,p99,15.01
6,1780552943323170560,1780552944323170560,Active Decode Throughput Per User,tokens/sec/user,std,0.99
6,1780552943323170560,1780552944323170560,Active Prefill Throughput,tokens/sec,avg,81488.56
6,1780552943323170560,1780552944323170560,Active Prefill Throughput,tokens/sec,min,18042.23
6,1780552943323170560,1780552944323170560,Active Prefill Throughput,tokens/sec,max,90704.57
6,1780552943323170560,1780552944323170560,Active Prefill Throughput,tokens/sec,p50,90704.57
6,1780552943323170560,1780552944323170560,Active Prefill Throughput,tokens/sec,p90,90704.57
6,1780552943323170560,1780552944323170560,Active Prefill Throughput,tokens/sec,p95,90704.57
6,1780552943323170560,1780552944323170560,Active Prefill Throughput,tokens/sec,p99,90704.57
6,1780552943323170560,1780552944323170560,Active Prefill Throughput,tokens/sec,std,24181.03
6,1780552943323170560,1780552944323170560,Active Prefill Throughput Per User,tokens/sec/user,avg,41888.46
6,1780552943323170560,1780552944323170560,Active Prefill Throughput Per User,tokens/sec/user,min,18042.23
6,1780552943323170560,1780552944323170560,Active Prefill Throughput Per User,tokens/sec/user,max,45352.29
6,1780552943323170560,1780552944323170560,Active Prefill Throughput Per User,tokens/sec/user,p50,45352.29
6,1780552943323170560,1780552944323170560,Active Prefill Throughput Per User,tokens/sec/user,p90,45352.29
6,1780552943323170560,1780552944323170560,Active Prefill Throughput Per User,tokens/sec/user,p95,45352.29
6,1780552943323170560,1780552944323170560,Active Prefill Throughput Per User,tokens/sec/user,p99,45352.29
6,1780552943323170560,1780552944323170560,Active Prefill Throughput Per User,tokens/sec/user,std,9088.41
6,1780552943323170560,1780552944323170560,Active Total Throughput,tokens/sec,avg,58686.62
6,1780552943323170560,1780552944323170560,Active Total Throughput,tokens/sec,min,56.66
6,1780552943323170560,1780552944323170560,Active Total Throughput,tokens/sec,max,90736.58
6,1780552943323170560,1780552944323170560,Active Total Throughput,tokens/sec,p50,90736.58
6,1780552943323170560,1780552944323170560,Active Total Throughput,tokens/sec,p90,90736.58
6,1780552943323170560,1780552944323170560,Active Total Throughput,tokens/sec,p95,90736.58
6,1780552943323170560,1780552944323170560,Active Total Throughput,tokens/sec,p99,90736.58
6,1780552943323170560,1780552944323170560,Active Total Throughput,tokens/sec,std,41946.97
6,1780552943323170560,1780552944323170560,Benchmark Duration,sec,avg,525.06
6,1780552943323170560,1780552944323170560,E2E Output Token Throughput,tokens/sec/user,avg,4.89
6,1780552943323170560,1780552944323170560,E2E Output Token Throughput,tokens/sec/user,min,3.78
6,1780552943323170560,1780552944323170560,E2E Output Token Throughput,tokens/sec/user,max,6.01
6,1780552943323170560,1780552944323170560,E2E Output Token Throughput,tokens/sec/user,sum,9.79
6,1780552943323170560,1780552944323170560,E2E Output Token Throughput,tokens/sec/user,p1,3.80
6,1780552943323170560,1780552944323170560,E2E Output Token Throughput,tokens/sec/user,p5,3.89
6,1780552943323170560,1780552944323170560,E2E Output Token Throughput,tokens/sec/user,p10,4.00
6,1780552943323170560,1780552944323170560,E2E Output Token Throughput,tokens/sec/user,p25,4.34
6,1780552943323170560,1780552944323170560,E2E Output Token Throughput,tokens/sec/user,p50,4.89
6,1780552943323170560,1780552944323170560,E2E Output Token Throughput,tokens/sec/user,p75,5.45
6,1780552943323170560,1780552944323170560,E2E Output Token Throughput,tokens/sec/user,p90,5.79
6,1780552943323170560,1780552944323170560,E2E Output Token Throughput,tokens/sec/user,p95,5.90
6,1780552943323170560,1780552944323170560,E2E Output Token Throughput,tokens/sec/user,p99,5.99
6,1780552943323170560,1780552944323170560,E2E Output Token Throughput,tokens/sec/user,std,1.11
6,1780552943323170560,1780552944323170560,Effective Concurrency,requests,avg,7.65
6,1780552943323170560,1780552944323170560,Effective Concurrency,requests,min,7.00
6,1780552943323170560,1780552944323170560,Effective Concurrency,requests,max,8.00
6,1780552943323170560,1780552944323170560,Effective Concurrency,requests,p50,8.00
6,1780552943323170560,1780552944323170560,Effective Concurrency,requests,p90,8.00
6,1780552943323170560,1780552944323170560,Effective Concurrency,requests,p95,8.00
6,1780552943323170560,1780552944323170560,Effective Concurrency,requests,p99,8.00
6,1780552943323170560,1780552944323170560,Effective Concurrency,requests,std,0.48
6,1780552943323170560,1780552944323170560,Effective Decode Concurrency,requests,avg,6.31
6,1780552943323170560,1780552944323170560,Effective Decode Concurrency,requests,min,6.00
6,1780552943323170560,1780552944323170560,Effective Decode Concurrency,requests,max,7.00
6,1780552943323170560,1780552944323170560,Effective Decode Concurrency,requests,p50,6.00
6,1780552943323170560,1780552944323170560,Effective Decode Concurrency,requests,p90,7.00
6,1780552943323170560,1780552944323170560,Effective Decode Concurrency,requests,p95,7.00
6,1780552943323170560,1780552944323170560,Effective Decode Concurrency,requests,p99,7.00
6,1780552943323170560,1780552944323170560,Effective Decode Concurrency,requests,std,0.46
6,1780552943323170560,1780552944323170560,Effective Decode Throughput,tokens/sec,avg,90.08
6,1780552943323170560,1780552944323170560,Effective Decode Throughput,tokens/sec,min,60.25
6,1780552943323170560,1780552944323170560,Effective Decode Throughput,tokens/sec,max,119.93
6,1780552943323170560,1780552944323170560,Effective Decode Throughput,tokens/sec,p50,90.08
6,1780552943323170560,1780552944323170560,Effective Decode Throughput,tokens/sec,p90,90.09
6,1780552943323170560,1780552944323170560,Effective Decode Throughput,tokens/sec,p95,90.09
6,1780552943323170560,1780552944323170560,Effective Decode Throughput,tokens/sec,p99,90.09
6,1780552943323170560,1780552944323170560,Effective Decode Throughput,tokens/sec,std,0.05
6,1780552943323170560,1780552944323170560,Effective Decode Throughput Per User,tokens/sec/user,avg,14.36
6,1780552943323170560,1780552944323170560,Effective Decode Throughput Per User,tokens/sec/user,min,8.61
6,1780552943323170560,1780552944323170560,Effective Decode Throughput Per User,tokens/sec/user,max,19.99
6,1780552943323170560,1780552944323170560,Effective Decode Throughput Per User,tokens/sec/user,p50,15.01
6,1780552943323170560,1780552944323170560,Effective Decode Throughput Per User,tokens/sec/user,p90,15.01
6,1780552943323170560,1780552944323170560,Effective Decode Throughput Per User,tokens/sec/user,p95,15.01
6,1780552943323170560,1780552944323170560,Effective Decode Throughput Per User,tokens/sec/user,p99,15.01
6,1780552943323170560,1780552944323170560,Effective Decode Throughput Per User,tokens/sec/user,std,0.99
6,1780552943323170560,1780552944323170560,Effective Prefill Concurrency,requests,avg,1.35
6,1780552943323170560,1780552944323170560,Effective Prefill Concurrency,requests,min,0.00
6,1780552943323170560,1780552944323170560,Effective Prefill Concurrency,requests,max,2.00
6,1780552943323170560,1780552944323170560,Effective Prefill Concurrency,requests,p50,2.00
6,1780552943323170560,1780552944323170560,Effective Prefill Concurrency,requests,p90,2.00
6,1780552943323170560,1780552944323170560,Effective Prefill Concurrency,requests,p95,2.00
6,1780552943323170560,1780552944323170560,Effective Prefill Concurrency,requests,p99,2.00
6,1780552943323170560,1780552944323170560,Effective Prefill Concurrency,requests,std,0.89
6,1780552943323170560,1780552944323170560,Effective Prefill Throughput,tokens/sec,avg,58647.08
6,1780552943323170560,1780552944323170560,Effective Prefill Throughput,tokens/sec,min,0.00
6,1780552943323170560,1780552944323170560,Effective Prefill Throughput,tokens/sec,max,90704.57
6,1780552943323170560,1780552944323170560,Effective Prefill Throughput,tokens/sec,p50,90704.57
6,1780552943323170560,1780552944323170560,Effective Prefill Throughput,tokens/sec,p90,90704.57
6,1780552943323170560,1780552944323170560,Effective Prefill Throughput,tokens/sec,p95,90704.57
6,1780552943323170560,1780552944323170560,Effective Prefill Throughput,tokens/sec,p99,90704.57
6,1780552943323170560,1780552944323170560,Effective Prefill Throughput,tokens/sec,std,41957.23
6,1780552943323170560,1780552944323170560,Effective Prefill Throughput Per User,tokens/sec/user,avg,30147.00
6,1780552943323170560,1780552944323170560,Effective Prefill Throughput Per User,tokens/sec/user,min,0.00
6,1780552943323170560,1780552944323170560,Effective Prefill Throughput Per User,tokens/sec/user,max,45352.29
6,1780552943323170560,1780552944323170560,Effective Prefill Throughput Per User,tokens/sec/user,p50,45352.29
6,1780552943323170560,1780552944323170560,Effective Prefill Throughput Per User,tokens/sec/user,p90,45352.29
6,1780552943323170560,1780552944323170560,Effective Prefill Throughput Per User,tokens/sec/user,p95,45352.29
6,1780552943323170560,1780552944323170560,Effective Prefill Throughput Per User,tokens/sec/user,p99,45352.29
6,1780552943323170560,1780552944323170560,Effective Prefill Throughput Per User,tokens/sec/user,std,20332.64
6,1780552943323170560,1780552944323170560,Effective Total Throughput,tokens/sec,avg,58686.62
6,1780552943323170560,1780552944323170560,Effective Total Throughput,tokens/sec,min,56.66
6,1780552943323170560,1780552944323170560,Effective Total Throughput,tokens/sec,max,90736.58
6,1780552943323170560,1780552944323170560,Effective Total Throughput,tokens/sec,p50,90736.58
6,1780552943323170560,1780552944323170560,Effective Total Throughput,tokens/sec,p90,90736.58
6,1780552943323170560,1780552944323170560,Effective Total Throughput,tokens/sec,p95,90736.58
6,1780552943323170560,1780552944323170560,Effective Total Throughput,tokens/sec,p99,90736.58
6,1780552943323170560,1780552944323170560,Effective Total Throughput,tokens/sec,std,41946.97
6,1780552943323170560,1780552944323170560,HTTP Blocked,ms,avg,0.00
6,1780552943323170560,1780552944323170560,HTTP Blocked,ms,min,0.00
6,1780552943323170560,1780552944323170560,HTTP Blocked,ms,max,0.00
6,1780552943323170560,1780552944323170560,HTTP Blocked,ms,sum,0.00
6,1780552943323170560,1780552944323170560,HTTP Blocked,ms,p1,0.00
6,1780552943323170560,1780552944323170560,HTTP Blocked,ms,p5,0.00
6,1780552943323170560,1780552944323170560,HTTP Blocked,ms,p10,0.00
6,1780552943323170560,1780552944323170560,HTTP Blocked,ms,p25,0.00
6,1780552943323170560,1780552944323170560,HTTP Blocked,ms,p50,0.00
6,1780552943323170560,1780552944323170560,HTTP Blocked,ms,p75,0.00
6,1780552943323170560,1780552944323170560,HTTP Blocked,ms,p90,0.00
6,1780552943323170560,1780552944323170560,HTTP Blocked,ms,p95,0.00
6,1780552943323170560,1780552944323170560,HTTP Blocked,ms,p99,0.00
6,1780552943323170560,1780552944323170560,HTTP Blocked,ms,std,0.00
6,1780552943323170560,1780552944323170560,HTTP Chunks Received,count,avg,1764.00
6,1780552943323170560,1780552944323170560,HTTP Chunks Received,count,min,375.00
6,1780552943323170560,1780552944323170560,HTTP Chunks Received,count,max,3153.00
6,1780552943323170560,1780552944323170560,HTTP Chunks Received,count,sum,3528.00
6,1780552943323170560,1780552944323170560,HTTP Chunks Received,count,p1,402.78
6,1780552943323170560,1780552944323170560,HTTP Chunks Received,count,p5,513.90
6,1780552943323170560,1780552944323170560,HTTP Chunks Received,count,p10,652.80
6,1780552943323170560,1780552944323170560,HTTP Chunks Received,count,p25,1069.50
6,1780552943323170560,1780552944323170560,HTTP Chunks Received,count,p50,1764.00
6,1780552943323170560,1780552944323170560,HTTP Chunks Received,count,p75,2458.50
6,1780552943323170560,1780552944323170560,HTTP Chunks Received,count,p90,2875.20
6,1780552943323170560,1780552944323170560,HTTP Chunks Received,count,p95,3014.10
6,1780552943323170560,1780552944323170560,HTTP Chunks Received,count,p99,3125.22
6,1780552943323170560,1780552944323170560,HTTP Chunks Received,count,std,1389.00
6,1780552943323170560,1780552944323170560,HTTP Chunks Sent,count,avg,1.00
6,1780552943323170560,1780552944323170560,HTTP Chunks Sent,count,min,1.00
6,1780552943323170560,1780552944323170560,HTTP Chunks Sent,count,max,1.00
6,1780552943323170560,1780552944323170560,HTTP Chunks Sent,count,sum,2.00
6,1780552943323170560,1780552944323170560,HTTP Chunks Sent,count,p1,1.00
6,1780552943323170560,1780552944323170560,HTTP Chunks Sent,count,p5,1.00
6,1780552943323170560,1780552944323170560,HTTP Chunks Sent,count,p10,1.00
6,1780552943323170560,1780552944323170560,HTTP Chunks Sent,count,p25,1.00
6,1780552943323170560,1780552944323170560,HTTP Chunks Sent,count,p50,1.00
6,1780552943323170560,1780552944323170560,HTTP Chunks Sent,count,p75,1.00
6,1780552943323170560,1780552944323170560,HTTP Chunks Sent,count,p90,1.00
6,1780552943323170560,1780552944323170560,HTTP Chunks Sent,count,p95,1.00
6,1780552943323170560,1780552944323170560,HTTP Chunks Sent,count,p99,1.00
6,1780552943323170560,1780552944323170560,HTTP Chunks Sent,count,std,0.00
6,1780552943323170560,1780552944323170560,HTTP Connecting,ms,avg,0.42
6,1780552943323170560,1780552944323170560,HTTP Connecting,ms,min,0.00
6,1780552943323170560,1780552944323170560,HTTP Connecting,ms,max,0.85
6,1780552943323170560,1780552944323170560,HTTP Connecting,ms,sum,0.85
6,1780552943323170560,1780552944323170560,HTTP Connecting,ms,p1,0.01
6,1780552943323170560,1780552944323170560,HTTP Connecting,ms,p5,0.04
6,1780552943323170560,1780552944323170560,HTTP Connecting,ms,p10,0.08
6,1780552943323170560,1780552944323170560,HTTP Connecting,ms,p25,0.21
6,1780552943323170560,1780552944323170560,HTTP Connecting,ms,p50,0.42
6,1780552943323170560,1780552944323170560,HTTP Connecting,ms,p75,0.63
6,1780552943323170560,1780552944323170560,HTTP Connecting,ms,p90,0.76
6,1780552943323170560,1780552944323170560,HTTP Connecting,ms,p95,0.80
6,1780552943323170560,1780552944323170560,HTTP Connecting,ms,p99,0.84
6,1780552943323170560,1780552944323170560,HTTP Connecting,ms,std,0.42
6,1780552943323170560,1780552944323170560,HTTP Connection Overhead,ms,avg,0.42
6,1780552943323170560,1780552944323170560,HTTP Connection Overhead,ms,min,0.00
6,1780552943323170560,1780552944323170560,HTTP Connection Overhead,ms,max,0.85
6,1780552943323170560,1780552944323170560,HTTP Connection Overhead,ms,sum,0.85
6,1780552943323170560,1780552944323170560,HTTP Connection Overhead,ms,p1,0.01
6,1780552943323170560,1780552944323170560,HTTP Connection Overhead,ms,p5,0.04
6,1780552943323170560,1780552944323170560,HTTP Connection Overhead,ms,p10,0.08
6,1780552943323170560,1780552944323170560,HTTP Connection Overhead,ms,p25,0.21
6,1780552943323170560,1780552944323170560,HTTP Connection Overhead,ms,p50,0.42
6,1780552943323170560,1780552944323170560,HTTP Connection Overhead,ms,p75,0.63
6,1780552943323170560,1780552944323170560,HTTP Connection Overhead,ms,p90,0.76
6,1780552943323170560,1780552944323170560,HTTP Connection Overhead,ms,p95,0.80
6,1780552943323170560,1780552944323170560,HTTP Connection Overhead,ms,p99,0.84
6,1780552943323170560,1780552944323170560,HTTP Connection Overhead,ms,std,0.42
6,1780552943323170560,1780552944323170560,HTTP Connection Reused,ratio,avg,0.50
6,1780552943323170560,1780552944323170560,HTTP Connection Reused,ratio,min,0.00
6,1780552943323170560,1780552944323170560,HTTP Connection Reused,ratio,max,1.00
6,1780552943323170560,1780552944323170560,HTTP Connection Reused,ratio,sum,1.00
6,1780552943323170560,1780552944323170560,HTTP Connection Reused,ratio,p1,0.01
6,1780552943323170560,1780552944323170560,HTTP Connection Reused,ratio,p5,0.05
6,1780552943323170560,1780552944323170560,HTTP Connection Reused,ratio,p10,0.10
6,1780552943323170560,1780552944323170560,HTTP Connection Reused,ratio,p25,0.25
6,1780552943323170560,1780552944323170560,HTTP Connection Reused,ratio,p50,0.50
6,1780552943323170560,1780552944323170560,HTTP Connection Reused,ratio,p75,0.75
6,1780552943323170560,1780552944323170560,HTTP Connection Reused,ratio,p90,0.90
6,1780552943323170560,1780552944323170560,HTTP Connection Reused,ratio,p95,0.95
6,1780552943323170560,1780552944323170560,HTTP Connection Reused,ratio,p99,0.99
6,1780552943323170560,1780552944323170560,HTTP Connection Reused,ratio,std,0.50
6,1780552943323170560,1780552944323170560,HTTP Data Received,KB,avg,437.93
6,1780552943323170560,1780552944323170560,HTTP Data Received,KB,min,94.02
6,1780552943323170560,1780552944323170560,HTTP Data Received,KB,max,781.83
6,1780552943323170560,1780552944323170560,HTTP Data Received,KB,sum,875.85
6,1780552943323170560,1780552944323170560,HTTP Data Received,KB,p1,100.90
6,1780552943323170560,1780552944323170560,HTTP Data Received,KB,p5,128.41
6,1780552943323170560,1780552944323170560,HTTP Data Received,KB,p10,162.80
6,1780552943323170560,1780552944323170560,HTTP Data Received,KB,p25,265.97
6,1780552943323170560,1780552944323170560,HTTP Data Received,KB,p50,437.93
6,1780552943323170560,1780552944323170560,HTTP Data Received,KB,p75,609.88
6,1780552943323170560,1780552944323170560,HTTP Data Received,KB,p90,713.05
6,1780552943323170560,1780552944323170560,HTTP Data Received,KB,p95,747.44
6,1780552943323170560,1780552944323170560,HTTP Data Received,KB,p99,774.96
6,1780552943323170560,1780552944323170560,HTTP Data Received,KB,std,343.91
6,1780552943323170560,1780552944323170560,HTTP Data Sent,KB,avg,256.92
6,1780552943323170560,1780552944323170560,HTTP Data Sent,KB,min,108.52
6,1780552943323170560,1780552944323170560,HTTP Data Sent,KB,max,405.32
6,1780552943323170560,1780552944323170560,HTTP Data Sent,KB,sum,513.84
6,1780552943323170560,1780552944323170560,HTTP Data Sent,KB,p1,111.49
6,1780552943323170560,1780552944323170560,HTTP Data Sent,KB,p5,123.36
6,1780552943323170560,1780552944323170560,HTTP Data Sent,KB,p10,138.20
6,1780552943323170560,1780552944323170560,HTTP Data Sent,KB,p25,182.72
6,1780552943323170560,1780552944323170560,HTTP Data Sent,KB,p50,256.92
6,1780552943323170560,1780552944323170560,HTTP Data Sent,KB,p75,331.12
6,1780552943323170560,1780552944323170560,HTTP Data Sent,KB,p90,375.64
6,1780552943323170560,1780552944323170560,HTTP Data Sent,KB,p95,390.48
6,1780552943323170560,1780552944323170560,HTTP Data Sent,KB,p99,402.35
6,1780552943323170560,1780552944323170560,HTTP Data Sent,KB,std,148.40
6,1780552943323170560,1780552944323170560,HTTP DNS Lookup,ms,avg,0.00
6,1780552943323170560,1780552944323170560,HTTP DNS Lookup,ms,min,0.00
6,1780552943323170560,1780552944323170560,HTTP DNS Lookup,ms,max,0.00
6,1780552943323170560,1780552944323170560,HTTP DNS Lookup,ms,sum,0.00
6,1780552943323170560,1780552944323170560,HTTP DNS Lookup,ms,p1,0.00
6,1780552943323170560,1780552944323170560,HTTP DNS Lookup,ms,p5,0.00
6,1780552943323170560,1780552944323170560,HTTP DNS Lookup,ms,p10,0.00
6,1780552943323170560,1780552944323170560,HTTP DNS Lookup,ms,p25,0.00
6,1780552943323170560,1780552944323170560,HTTP DNS Lookup,ms,p50,0.00
6,1780552943323170560,1780552944323170560,HTTP DNS Lookup,ms,p75,0.00
6,1780552943323170560,1780552944323170560,HTTP DNS Lookup,ms,p90,0.00
6,1780552943323170560,1780552944323170560,HTTP DNS Lookup,ms,p95,0.00
6,1780552943323170560,1780552944323170560,HTTP DNS Lookup,ms,p99,0.00
6,1780552943323170560,1780552944323170560,HTTP DNS Lookup,ms,std,0.00
6,1780552943323170560,1780552944323170560,HTTP Duration (excl. conn),ms,avg,312196.54
6,1780552943323170560,1780552944323170560,HTTP Duration (excl. conn),ms,min,99424.80
6,1780552943323170560,1780552944323170560,HTTP Duration (excl. conn),ms,max,524968.27
6,1780552943323170560,1780552944323170560,HTTP Duration (excl. conn),ms,sum,624393.07
6,1780552943323170560,1780552944323170560,HTTP Duration (excl. conn),ms,p1,103680.23
6,1780552943323170560,1780552944323170560,HTTP Duration (excl. conn),ms,p5,120701.97
6,1780552943323170560,1780552944323170560,HTTP Duration (excl. conn),ms,p10,141979.15
6,1780552943323170560,1780552944323170560,HTTP Duration (excl. conn),ms,p25,205810.67
6,1780552943323170560,1780552944323170560,HTTP Duration (excl. conn),ms,p50,312196.54
6,1780552943323170560,1780552944323170560,HTTP Duration (excl. conn),ms,p75,418582.41
6,1780552943323170560,1780552944323170560,HTTP Duration (excl. conn),ms,p90,482413.93
6,1780552943323170560,1780552944323170560,HTTP Duration (excl. conn),ms,p95,503691.10
6,1780552943323170560,1780552944323170560,HTTP Duration (excl. conn),ms,p99,520712.84
6,1780552943323170560,1780552944323170560,HTTP Duration (excl. conn),ms,std,212771.74
6,1780552943323170560,1780552944323170560,HTTP Receiving,ms,avg,310711.61
6,1780552943323170560,1780552944323170560,HTTP Receiving,ms,min,97894.22
6,1780552943323170560,1780552944323170560,HTTP Receiving,ms,max,523529.00
6,1780552943323170560,1780552944323170560,HTTP Receiving,ms,sum,621423.22
6,1780552943323170560,1780552944323170560,HTTP Receiving,ms,p1,102150.57
6,1780552943323170560,1780552944323170560,HTTP Receiving,ms,p5,119175.96
6,1780552943323170560,1780552944323170560,HTTP Receiving,ms,p10,140457.70
6,1780552943323170560,1780552944323170560,HTTP Receiving,ms,p25,204302.92
6,1780552943323170560,1780552944323170560,HTTP Receiving,ms,p50,310711.61
6,1780552943323170560,1780552944323170560,HTTP Receiving,ms,p75,417120.30
6,1780552943323170560,1780552944323170560,HTTP Receiving,ms,p90,480965.52
6,1780552943323170560,1780552944323170560,HTTP Receiving,ms,p95,502247.26
6,1780552943323170560,1780552944323170560,HTTP Receiving,ms,p99,519272.65
6,1780552943323170560,1780552944323170560,HTTP Receiving,ms,std,212817.39
6,1780552943323170560,1780552944323170560,HTTP Sending,ms,avg,0.74
6,1780552943323170560,1780552944323170560,HTTP Sending,ms,min,0.26
6,1780552943323170560,1780552944323170560,HTTP Sending,ms,max,1.22
6,1780552943323170560,1780552944323170560,HTTP Sending,ms,sum,1.48
6,1780552943323170560,1780552944323170560,HTTP Sending,ms,p1,0.27
6,1780552943323170560,1780552944323170560,HTTP Sending,ms,p5,0.31
6,1780552943323170560,1780552944323170560,HTTP Sending,ms,p10,0.36
6,1780552943323170560,1780552944323170560,HTTP Sending,ms,p25,0.50
6,1780552943323170560,1780552944323170560,HTTP Sending,ms,p50,0.74
6,1780552943323170560,1780552944323170560,HTTP Sending,ms,p75,0.98
6,1780552943323170560,1780552944323170560,HTTP Sending,ms,p90,1.13
6,1780552943323170560,1780552944323170560,HTTP Sending,ms,p95,1.17
6,1780552943323170560,1780552944323170560,HTTP Sending,ms,p99,1.21
6,1780552943323170560,1780552944323170560,HTTP Sending,ms,std,0.48
6,1780552943323170560,1780552944323170560,HTTP Total Time,ms,avg,312196.96
6,1780552943323170560,1780552944323170560,HTTP Total Time,ms,min,99424.80
6,1780552943323170560,1780552944323170560,HTTP Total Time,ms,max,524969.12
6,1780552943323170560,1780552944323170560,HTTP Total Time,ms,sum,624393.92
6,1780552943323170560,1780552944323170560,HTTP Total Time,ms,p1,103680.24
6,1780552943323170560,1780552944323170560,HTTP Total Time,ms,p5,120702.02
6,1780552943323170560,1780552944323170560,HTTP Total Time,ms,p10,141979.23
6,1780552943323170560,1780552944323170560,HTTP Total Time,ms,p25,205810.88
6,1780552943323170560,1780552944323170560,HTTP Total Time,ms,p50,312196.96
6,1780552943323170560,1780552944323170560,HTTP Total Time,ms,p75,418583.04
6,1780552943323170560,1780552944323170560,HTTP Total Time,ms,p90,482414.69
6,1780552943323170560,1780552944323170560,HTTP Total Time,ms,p95,503691.90
6,1780552943323170560,1780552944323170560,HTTP Total Time,ms,p99,520713.68
6,1780552943323170560,1780552944323170560,HTTP Total Time,ms,std,212772.16
6,1780552943323170560,1780552944323170560,HTTP Waiting (TTFB),ms,avg,1484.19
6,1780552943323170560,1780552944323170560,HTTP Waiting (TTFB),ms,min,1438.05
6,1780552943323170560,1780552944323170560,HTTP Waiting (TTFB),ms,max,1530.32
6,1780552943323170560,1780552944323170560,HTTP Waiting (TTFB),ms,sum,2968.37
6,1780552943323170560,1780552944323170560,HTTP Waiting (TTFB),ms,p1,1438.98
6,1780552943323170560,1780552944323170560,HTTP Waiting (TTFB),ms,p5,1442.67
6,1780552943323170560,1780552944323170560,HTTP Waiting (TTFB),ms,p10,1447.28
6,1780552943323170560,1780552944323170560,HTTP Waiting (TTFB),ms,p25,1461.12
6,1780552943323170560,1780552944323170560,HTTP Waiting (TTFB),ms,p50,1484.19
6,1780552943323170560,1780552944323170560,HTTP Waiting (TTFB),ms,p75,1507.25
6,1780552943323170560,1780552944323170560,HTTP Waiting (TTFB),ms,p90,1521.09
6,1780552943323170560,1780552944323170560,HTTP Waiting (TTFB),ms,p95,1525.70
6,1780552943323170560,1780552944323170560,HTTP Waiting (TTFB),ms,p99,1529.39
6,1780552943323170560,1780552944323170560,HTTP Waiting (TTFB),ms,std,46.13
6,1780552943323170560,1780552944323170560,Input Sequence Length,tokens,avg,66104.50
6,1780552943323170560,1780552944323170560,Input Sequence Length,tokens,min,27617.00
6,1780552943323170560,1780552944323170560,Input Sequence Length,tokens,max,104592.00
6,1780552943323170560,1780552944323170560,Input Sequence Length,tokens,sum,132209.00
6,1780552943323170560,1780552944323170560,Input Sequence Length,tokens,p1,28386.75
6,1780552943323170560,1780552944323170560,Input Sequence Length,tokens,p5,31465.75
6,1780552943323170560,1780552944323170560,Input Sequence Length,tokens,p10,35314.50
6,1780552943323170560,1780552944323170560,Input Sequence Length,tokens,p25,46860.75
6,1780552943323170560,1780552944323170560,Input Sequence Length,tokens,p50,66104.50
6,1780552943323170560,1780552944323170560,Input Sequence Length,tokens,p75,85348.25
6,1780552943323170560,1780552944323170560,Input Sequence Length,tokens,p90,96894.50
6,1780552943323170560,1780552944323170560,Input Sequence Length,tokens,p95,100743.25
6,1780552943323170560,1780552944323170560,Input Sequence Length,tokens,p99,103822.25
6,1780552943323170560,1780552944323170560,Input Sequence Length,tokens,std,38487.50
6,1780552943323170560,1780552944323170560,Input Token Throughput,tokens/sec,avg,132209.00
6,1780552943323170560,1780552944323170560,Inter Chunk Latency,ms,avg,62.09
6,1780552943323170560,1780552944323170560,Inter Chunk Latency,ms,min,30.33
6,1780552943323170560,1780552944323170560,Inter Chunk Latency,ms,max,65.77
6,1780552943323170560,1780552944323170560,Inter Chunk Latency,ms,sum,218873.61
6,1780552943323170560,1780552944323170560,Inter Chunk Latency,ms,p1,30.72
6,1780552943323170560,1780552944323170560,Inter Chunk Latency,ms,p5,33.05
6,1780552943323170560,1780552944323170560,Inter Chunk Latency,ms,p10,33.78
6,1780552943323170560,1780552944323170560,Inter Chunk Latency,ms,p25,65.46
6,1780552943323170560,1780552944323170560,Inter Chunk Latency,ms,p50,65.57
6,1780552943323170560,1780552944323170560,Inter Chunk Latency,ms,p75,65.66
6,1780552943323170560,1780552944323170560,Inter Chunk Latency,ms,p90,65.73
6,1780552943323170560,1780552944323170560,Inter Chunk Latency,ms,p95,65.75
6,1780552943323170560,1780552944323170560,Inter Chunk Latency,ms,p99,65.77
6,1780552943323170560,1780552944323170560,Inter Chunk Latency,ms,std,10.15
6,1780552943323170560,1780552944323170560,Inter Token Latency,ms,avg,213.55
6,1780552943323170560,1780552944323170560,Inter Token Latency,ms,min,166.04
6,1780552943323170560,1780552944323170560,Inter Token Latency,ms,max,261.05
6,1780552943323170560,1780552944323170560,Inter Token Latency,ms,sum,427.09
6,1780552943323170560,1780552944323170560,Inter Token Latency,ms,p1,166.99
6,1780552943323170560,1780552944323170560,Inter Token Latency,ms,p5,170.79
6,1780552943323170560,1780552944323170560,Inter Token Latency,ms,p10,175.54
6,1780552943323170560,1780552944323170560,Inter Token Latency,ms,p25,189.79
6,1780552943323170560,1780552944323170560,Inter Token Latency,ms,p50,213.55
6,1780552943323170560,1780552944323170560,Inter Token Latency,ms,p75,237.30
6,1780552943323170560,1780552944323170560,Inter Token Latency,ms,p90,251.55
6,1780552943323170560,1780552944323170560,Inter Token Latency,ms,p95,256.30
6,1780552943323170560,1780552944323170560,Inter Token Latency,ms,p99,260.10
6,1780552943323170560,1780552944323170560,Inter Token Latency,ms,std,47.50
6,1780552943323170560,1780552944323170560,Maximum Response Timestamp,ns,avg,1780553468663169024.00
6,1780552943323170560,1780552944323170560,Minimum Request Timestamp,ns,avg,1780552943603473408.00
6,1780552943323170560,1780552944323170560,OSL Mismatch Count,requests,avg,0.00
6,1780552943323170560,1780552944323170560,OSL Mismatch Diff %,%,avg,0.00
6,1780552943323170560,1780552944323170560,OSL Mismatch Diff %,%,min,0.00
6,1780552943323170560,1780552944323170560,OSL Mismatch Diff %,%,max,0.00
6,1780552943323170560,1780552944323170560,OSL Mismatch Diff %,%,sum,0.00
6,1780552943323170560,1780552944323170560,OSL Mismatch Diff %,%,p1,0.00
6,1780552943323170560,1780552944323170560,OSL Mismatch Diff %,%,p5,0.00
6,1780552943323170560,1780552944323170560,OSL Mismatch Diff %,%,p10,0.00
6,1780552943323170560,1780552944323170560,OSL Mismatch Diff %,%,p25,0.00
6,1780552943323170560,1780552944323170560,OSL Mismatch Diff %,%,p50,0.00
6,1780552943323170560,1780552944323170560,OSL Mismatch Diff %,%,p75,0.00
6,1780552943323170560,1780552944323170560,OSL Mismatch Diff %,%,p90,0.00
6,1780552943323170560,1780552944323170560,OSL Mismatch Diff %,%,p95,0.00
6,1780552943323170560,1780552944323170560,OSL Mismatch Diff %,%,p99,0.00
6,1780552943323170560,1780552944323170560,OSL Mismatch Diff %,%,std,0.00
6,1780552943323170560,1780552944323170560,Output Sequence Length,tokens,avg,1765.00
6,1780552943323170560,1780552944323170560,Output Sequence Length,tokens,min,376.00
6,1780552943323170560,1780552944323170560,Output Sequence Length,tokens,max,3154.00
6,1780552943323170560,1780552944323170560,Output Sequence Length,tokens,sum,3530.00
6,1780552943323170560,1780552944323170560,Output Sequence Length,tokens,p1,403.78
6,1780552943323170560,1780552944323170560,Output Sequence Length,tokens,p5,514.90
6,1780552943323170560,1780552944323170560,Output Sequence Length,tokens,p10,653.80
6,1780552943323170560,1780552944323170560,Output Sequence Length,tokens,p25,1070.50
6,1780552943323170560,1780552944323170560,Output Sequence Length,tokens,p50,1765.00
6,1780552943323170560,1780552944323170560,Output Sequence Length,tokens,p75,2459.50
6,1780552943323170560,1780552944323170560,Output Sequence Length,tokens,p90,2876.20
6,1780552943323170560,1780552944323170560,Output Sequence Length,tokens,p95,3015.10
6,1780552943323170560,1780552944323170560,Output Sequence Length,tokens,p99,3126.22
6,1780552943323170560,1780552944323170560,Output Sequence Length,tokens,std,1389.00
6,1780552943323170560,1780552944323170560,Output Token Count,tokens,avg,1765.00
6,1780552943323170560,1780552944323170560,Output Token Count,tokens,min,376.00
6,1780552943323170560,1780552944323170560,Output Token Count,tokens,max,3154.00
6,1780552943323170560,1780552944323170560,Output Token Count,tokens,sum,3530.00
6,1780552943323170560,1780552944323170560,Output Token Count,tokens,p1,403.78
6,1780552943323170560,1780552944323170560,Output Token Count,tokens,p5,514.90
6,1780552943323170560,1780552944323170560,Output Token Count,tokens,p10,653.80
6,1780552943323170560,1780552944323170560,Output Token Count,tokens,p25,1070.50
6,1780552943323170560,1780552944323170560,Output Token Count,tokens,p50,1765.00
6,1780552943323170560,1780552944323170560,Output Token Count,tokens,p75,2459.50
6,1780552943323170560,1780552944323170560,Output Token Count,tokens,p90,2876.20
6,1780552943323170560,1780552944323170560,Output Token Count,tokens,p95,3015.10
6,1780552943323170560,1780552944323170560,Output Token Count,tokens,p99,3126.22
6,1780552943323170560,1780552944323170560,Output Token Count,tokens,std,1389.00
6,1780552943323170560,1780552944323170560,Output Token Throughput,tokens/sec,avg,3530.00
6,1780552943323170560,1780552944323170560,Output Token Throughput Per User,tokens/sec/user,avg,4.93
6,1780552943323170560,1780552944323170560,Output Token Throughput Per User,tokens/sec/user,min,3.83
6,1780552943323170560,1780552944323170560,Output Token Throughput Per User,tokens/sec/user,max,6.02
6,1780552943323170560,1780552944323170560,Output Token Throughput Per User,tokens/sec/user,sum,9.85
6,1780552943323170560,1780552944323170560,Output Token Throughput Per User,tokens/sec/user,p1,3.85
6,1780552943323170560,1780552944323170560,Output Token Throughput Per User,tokens/sec/user,p5,3.94
6,1780552943323170560,1780552944323170560,Output Token Throughput Per User,tokens/sec/user,p10,4.05
6,1780552943323170560,1780552944323170560,Output Token Throughput Per User,tokens/sec/user,p25,4.38
6,1780552943323170560,1780552944323170560,Output Token Throughput Per User,tokens/sec/user,p50,4.93
6,1780552943323170560,1780552944323170560,Output Token Throughput Per User,tokens/sec/user,p75,5.47
6,1780552943323170560,1780552944323170560,Output Token Throughput Per User,tokens/sec/user,p90,5.80
6,1780552943323170560,1780552944323170560,Output Token Throughput Per User,tokens/sec/user,p95,5.91
6,1780552943323170560,1780552944323170560,Output Token Throughput Per User,tokens/sec/user,p99,6.00
6,1780552943323170560,1780552944323170560,Output Token Throughput Per User,tokens/sec/user,std,1.10
6,1780552943323170560,1780552944323170560,Prefill Throughput Per User,tokens/sec/user,avg,45352.28
6,1780552943323170560,1780552944323170560,Prefill Throughput Per User,tokens/sec/user,min,18042.23
6,1780552943323170560,1780552944323170560,Prefill Throughput Per User,tokens/sec/user,max,72662.34
6,1780552943323170560,1780552944323170560,Prefill Throughput Per User,tokens/sec/user,sum,90704.57
6,1780552943323170560,1780552944323170560,Prefill Throughput Per User,tokens/sec/user,p1,18588.43
6,1780552943323170560,1780552944323170560,Prefill Throughput Per User,tokens/sec/user,p5,20773.23
6,1780552943323170560,1780552944323170560,Prefill Throughput Per User,tokens/sec/user,p10,23504.24
6,1780552943323170560,1780552944323170560,Prefill Throughput Per User,tokens/sec/user,p25,31697.26
6,1780552943323170560,1780552944323170560,Prefill Throughput Per User,tokens/sec/user,p50,45352.28
6,1780552943323170560,1780552944323170560,Prefill Throughput Per User,tokens/sec/user,p75,59007.31
6,1780552943323170560,1780552944323170560,Prefill Throughput Per User,tokens/sec/user,p90,67200.33
6,1780552943323170560,1780552944323170560,Prefill Throughput Per User,tokens/sec/user,p95,69931.33
6,1780552943323170560,1780552944323170560,Prefill Throughput Per User,tokens/sec/user,p99,72116.14
6,1780552943323170560,1780552944323170560,Prefill Throughput Per User,tokens/sec/user,std,27310.06
6,1780552943323170560,1780552944323170560,Request Count,requests,avg,2.00
6,1780552943323170560,1780552944323170560,Request Latency,ms,avg,312196.66
6,1780552943323170560,1780552944323170560,Request Latency,ms,min,99424.90
6,1780552943323170560,1780552944323170560,Request Latency,ms,max,524968.41
6,1780552943323170560,1780552944323170560,Request Latency,ms,sum,624393.31
6,1780552943323170560,1780552944323170560,Request Latency,ms,p1,103680.33
6,1780552943323170560,1780552944323170560,Request Latency,ms,p5,120702.07
6,1780552943323170560,1780552944323170560,Request Latency,ms,p10,141979.25
6,1780552943323170560,1780552944323170560,Request Latency,ms,p25,205810.78
6,1780552943323170560,1780552944323170560,Request Latency,ms,p50,312196.66
6,1780552943323170560,1780552944323170560,Request Latency,ms,p75,418582.54
6,1780552943323170560,1780552944323170560,Request Latency,ms,p90,482414.06
6,1780552943323170560,1780552944323170560,Request Latency,ms,p95,503691.24
6,1780552943323170560,1780552944323170560,Request Latency,ms,p99,520712.98
6,1780552943323170560,1780552944323170560,Request Latency,ms,std,212771.76
6,1780552943323170560,1780552944323170560,Request Throughput,requests/sec,avg,2.00
6,1780552943323170560,1780552944323170560,Requested OSL,tokens,avg,1765.00
6,1780552943323170560,1780552944323170560,Requested OSL,tokens,min,376.00
6,1780552943323170560,1780552944323170560,Requested OSL,tokens,max,3154.00
6,1780552943323170560,1780552944323170560,Requested OSL,tokens,sum,3530.00
6,1780552943323170560,1780552944323170560,Requested OSL,tokens,p1,403.78
6,1780552943323170560,1780552944323170560,Requested OSL,tokens,p5,514.90
6,1780552943323170560,1780552944323170560,Requested OSL,tokens,p10,653.80
6,1780552943323170560,1780552944323170560,Requested OSL,tokens,p25,1070.50
6,1780552943323170560,1780552944323170560,Requested OSL,tokens,p50,1765.00
6,1780552943323170560,1780552944323170560,Requested OSL,tokens,p75,2459.50
6,1780552943323170560,1780552944323170560,Requested OSL,tokens,p90,2876.20
6,1780552943323170560,1780552944323170560,Requested OSL,tokens,p95,3015.10
6,1780552943323170560,1780552944323170560,Requested OSL,tokens,p99,3126.22
6,1780552943323170560,1780552944323170560,Requested OSL,tokens,std,1389.00
6,1780552943323170560,1780552944323170560,Time to First Output Token,ms,avg,1485.06
6,1780552943323170560,1780552944323170560,Time to First Output Token,ms,min,1439.43
6,1780552943323170560,1780552944323170560,Time to First Output Token,ms,max,1530.69
6,1780552943323170560,1780552944323170560,Time to First Output Token,ms,sum,2970.11
6,1780552943323170560,1780552944323170560,Time to First Output Token,ms,p1,1440.34
6,1780552943323170560,1780552944323170560,Time to First Output Token,ms,p5,1443.99
6,1780552943323170560,1780552944323170560,Time to First Output Token,ms,p10,1448.55
6,1780552943323170560,1780552944323170560,Time to First Output Token,ms,p25,1462.24
6,1780552943323170560,1780552944323170560,Time to First Output Token,ms,p50,1485.06
6,1780552943323170560,1780552944323170560,Time to First Output Token,ms,p75,1507.87
6,1780552943323170560,1780552944323170560,Time to First Output Token,ms,p90,1521.56
6,1780552943323170560,1780552944323170560,Time to First Output Token,ms,p95,1526.12
6,1780552943323170560,1780552944323170560,Time to First Output Token,ms,p99,1529.77
6,1780552943323170560,1780552944323170560,Time to First Output Token,ms,std,45.63
6,1780552943323170560,1780552944323170560,Time to First Token,ms,avg,1485.06
6,1780552943323170560,1780552944323170560,Time to First Token,ms,min,1439.43
6,1780552943323170560,1780552944323170560,Time to First Token,ms,max,1530.69
6,1780552943323170560,1780552944323170560,Time to First Token,ms,sum,2970.11
6,1780552943323170560,1780552944323170560,Time to First Token,ms,p1,1440.34
6,1780552943323170560,1780552944323170560,Time to First Token,ms,p5,1443.99
6,1780552943323170560,1780552944323170560,Time to First Token,ms,p10,1448.55
6,1780552943323170560,1780552944323170560,Time to First Token,ms,p25,1462.24
6,1780552943323170560,1780552944323170560,Time to First Token,ms,p50,1485.06
6,1780552943323170560,1780552944323170560,Time to First Token,ms,p75,1507.87
6,1780552943323170560,1780552944323170560,Time to First Token,ms,p90,1521.56
6,1780552943323170560,1780552944323170560,Time to First Token,ms,p95,1526.12
6,1780552943323170560,1780552944323170560,Time to First Token,ms,p99,1529.77
6,1780552943323170560,1780552944323170560,Time to First Token,ms,std,45.63
6,1780552943323170560,1780552944323170560,Time to Second Token,ms,avg,0.31
6,1780552943323170560,1780552944323170560,Time to Second Token,ms,min,0.28
6,1780552943323170560,1780552944323170560,Time to Second Token,ms,max,0.34
6,1780552943323170560,1780552944323170560,Time to Second Token,ms,sum,0.62
6,1780552943323170560,1780552944323170560,Time to Second Token,ms,p1,0.28
6,1780552943323170560,1780552944323170560,Time to Second Token,ms,p5,0.28
6,1780552943323170560,1780552944323170560,Time to Second Token,ms,p10,0.29
6,1780552943323170560,1780552944323170560,Time to Second Token,ms,p25,0.30
6,1780552943323170560,1780552944323170560,Time to Second Token,ms,p50,0.31
6,1780552943323170560,1780552944323170560,Time to Second Token,ms,p75,0.32
6,1780552943323170560,1780552944323170560,Time to Second Token,ms,p90,0.33
6,1780552943323170560,1780552944323170560,Time to Second Token,ms,p95,0.33
6,1780552943323170560,1780552944323170560,Time to Second Token,ms,p99,0.34
6,1780552943323170560,1780552944323170560,Time to Second Token,ms,std,0.03
6,1780552943323170560,1780552944323170560,Tokens In Flight,tokens,avg,754980.62
6,1780552943323170560,1780552944323170560,Tokens In Flight,tokens,min,677443.95
6,1780552943323170560,1780552944323170560,Tokens In Flight,tokens,max,782097.97
6,1780552943323170560,1780552944323170560,Tokens In Flight,tokens,p50,782054.15
6,1780552943323170560,1780552944323170560,Tokens In Flight,tokens,p90,782088.52
6,1780552943323170560,1780552944323170560,Tokens In Flight,tokens,p95,782094.25
6,1780552943323170560,1780552944323170560,Tokens In Flight,tokens,p99,782097.97
6,1780552943323170560,1780552944323170560,Tokens In Flight,tokens,std,36600.90
6,1780552943323170560,1780552944323170560,Total Input Sequence Length,tokens,avg,132209.00
6,1780552943323170560,1780552944323170560,Total Output Sequence Length,tokens,avg,3530.00
6,1780552943323170560,1780552944323170560,Total Output Tokens,tokens,avg,3530.00
6,1780552943323170560,1780552944323170560,Total Token Throughput,tokens/sec,avg,135739.00
6,1780552943323170560,1780552944323170560,Total Usage Completion Tokens,tokens,avg,3530.00
6,1780552943323170560,1780552944323170560,Total Usage Prompt Tokens,tokens,avg,132209.00
6,1780552943323170560,1780552944323170560,Total Usage Total Tokens,tokens,avg,135739.00
6,1780552943323170560,1780552944323170560,Usage Completion Tokens,tokens,avg,1765.00
6,1780552943323170560,1780552944323170560,Usage Completion Tokens,tokens,min,376.00
6,1780552943323170560,1780552944323170560,Usage Completion Tokens,tokens,max,3154.00
6,1780552943323170560,1780552944323170560,Usage Completion Tokens,tokens,sum,3530.00
6,1780552943323170560,1780552944323170560,Usage Completion Tokens,tokens,p1,403.78
6,1780552943323170560,1780552944323170560,Usage Completion Tokens,tokens,p5,514.90
6,1780552943323170560,1780552944323170560,Usage Completion Tokens,tokens,p10,653.80
6,1780552943323170560,1780552944323170560,Usage Completion Tokens,tokens,p25,1070.50
6,1780552943323170560,1780552944323170560,Usage Completion Tokens,tokens,p50,1765.00
6,1780552943323170560,1780552944323170560,Usage Completion Tokens,tokens,p75,2459.50
6,1780552943323170560,1780552944323170560,Usage Completion Tokens,tokens,p90,2876.20
6,1780552943323170560,1780552944323170560,Usage Completion Tokens,tokens,p95,3015.10
6,1780552943323170560,1780552944323170560,Usage Completion Tokens,tokens,p99,3126.22
6,1780552943323170560,1780552944323170560,Usage Completion Tokens,tokens,std,1389.00
6,1780552943323170560,1780552944323170560,Usage Prompt Tokens,tokens,avg,66104.50
6,1780552943323170560,1780552944323170560,Usage Prompt Tokens,tokens,min,27617.00
6,1780552943323170560,1780552944323170560,Usage Prompt Tokens,tokens,max,104592.00
6,1780552943323170560,1780552944323170560,Usage Prompt Tokens,tokens,sum,132209.00
6,1780552943323170560,1780552944323170560,Usage Prompt Tokens,tokens,p1,28386.75
6,1780552943323170560,1780552944323170560,Usage Prompt Tokens,tokens,p5,31465.75
6,1780552943323170560,1780552944323170560,Usage Prompt Tokens,tokens,p10,35314.50
6,1780552943323170560,1780552944323170560,Usage Prompt Tokens,tokens,p25,46860.75
6,1780552943323170560,1780552944323170560,Usage Prompt Tokens,tokens,p50,66104.50
6,1780552943323170560,1780552944323170560,Usage Prompt Tokens,tokens,p75,85348.25
6,1780552943323170560,1780552944323170560,Usage Prompt Tokens,tokens,p90,96894.50
6,1780552943323170560,1780552944323170560,Usage Prompt Tokens,tokens,p95,100743.25
6,1780552943323170560,1780552944323170560,Usage Prompt Tokens,tokens,p99,103822.25
6,1780552943323170560,1780552944323170560,Usage Prompt Tokens,tokens,std,38487.50
6,1780552943323170560,1780552944323170560,Usage Total Tokens,tokens,avg,67869.50
6,1780552943323170560,1780552944323170560,Usage Total Tokens,tokens,min,27993.00
6,1780552943323170560,1780552944323170560,Usage Total Tokens,tokens,max,107746.00
6,1780552943323170560,1780552944323170560,Usage Total Tokens,tokens,sum,135739.00
6,1780552943323170560,1780552944323170560,Usage Total Tokens,tokens,p1,28790.53
6,1780552943323170560,1780552944323170560,Usage Total Tokens,tokens,p5,31980.65
6,1780552943323170560,1780552944323170560,Usage Total Tokens,tokens,p10,35968.30
6,1780552943323170560,1780552944323170560,Usage Total Tokens,tokens,p25,47931.25
6,1780552943323170560,1780552944323170560,Usage Total Tokens,tokens,p50,67869.50
6,1780552943323170560,1780552944323170560,Usage Total Tokens,tokens,p75,87807.75
6,1780552943323170560,1780552944323170560,Usage Total Tokens,tokens,p90,99770.70
6,1780552943323170560,1780552944323170560,Usage Total Tokens,tokens,p95,103758.35
6,1780552943323170560,1780552944323170560,Usage Total Tokens,tokens,p99,106948.47
6,1780552943323170560,1780552944323170560,Usage Total Tokens,tokens,std,39876.50
7,1780552946323170560,1780552947323170560,Active Decode Throughput,tokens/sec,avg,137.86
7,1780552946323170560,1780552947323170560,Active Decode Throughput,tokens/sec,min,105.32
7,1780552946323170560,1780552947323170560,Active Decode Throughput,tokens/sec,max,170.53
7,1780552946323170560,1780552947323170560,Active Decode Throughput,tokens/sec,p50,137.85
7,1780552946323170560,1780552947323170560,Active Decode Throughput,tokens/sec,p90,137.94
7,1780552946323170560,1780552947323170560,Active Decode Throughput,tokens/sec,p95,137.98
7,1780552946323170560,1780552947323170560,Active Decode Throughput,tokens/sec,p99,138.04
7,1780552946323170560,1780552947323170560,Active Decode Throughput,tokens/sec,std,0.11
7,1780552946323170560,1780552947323170560,Active Decode Throughput Per User,tokens/sec/user,avg,17.23
7,1780552946323170560,1780552947323170560,Active Decode Throughput Per User,tokens/sec/user,min,13.17
7,1780552946323170560,1780552947323170560,Active Decode Throughput Per User,tokens/sec/user,max,21.32
7,1780552946323170560,1780552947323170560,Active Decode Throughput Per User,tokens/sec/user,p50,17.23
7,1780552946323170560,1780552947323170560,Active Decode Throughput Per User,tokens/sec/user,p90,17.24
7,1780552946323170560,1780552947323170560,Active Decode Throughput Per User,tokens/sec/user,p95,17.25
7,1780552946323170560,1780552947323170560,Active Decode Throughput Per User,tokens/sec/user,p99,17.25
7,1780552946323170560,1780552947323170560,Active Decode Throughput Per User,tokens/sec/user,std,0.01
7,1780552946323170560,1780552947323170560,Active Prefill Throughput,tokens/sec,avg,12779.74
7,1780552946323170560,1780552947323170560,Active Prefill Throughput,tokens/sec,min,10267.85
7,1780552946323170560,1780552947323170560,Active Prefill Throughput,tokens/sec,max,13593.24
7,1780552946323170560,1780552947323170560,Active Prefill Throughput,tokens/sec,p50,13593.24
7,1780552946323170560,1780552947323170560,Active Prefill Throughput,tokens/sec,p90,13593.24
7,1780552946323170560,1780552947323170560,Active Prefill Throughput,tokens/sec,p95,13593.24
7,1780552946323170560,1780552947323170560,Active Prefill Throughput,tokens/sec,p99,13593.24
7,1780552946323170560,1780552947323170560,Active Prefill Throughput,tokens/sec,std,1429.48
7,1780552946323170560,1780552947323170560,Active Prefill Throughput Per User,tokens/sec/user,avg,7645.79
7,1780552946323170560,1780552947323170560,Active Prefill Throughput Per User,tokens/sec/user,min,6796.62
7,1780552946323170560,1780552947323170560,Active Prefill Throughput Per User,tokens/sec/user,max,10267.85
7,1780552946323170560,1780552947323170560,Active Prefill Throughput Per User,tokens/sec/user,p50,6796.62
7,1780552946323170560,1780552947323170560,Active Prefill Throughput Per User,tokens/sec/user,p90,10267.85
7,1780552946323170560,1780552947323170560,Active Prefill Throughput Per User,tokens/sec/user,p95,10267.85
7,1780552946323170560,1780552947323170560,Active Prefill Throughput Per User,tokens/sec/user,p99,10267.85
7,1780552946323170560,1780552947323170560,Active Prefill Throughput Per User,tokens/sec/user,std,1492.17
7,1780552946323170560,1780552947323170560,Active Total Throughput,tokens/sec,avg,10595.01
7,1780552946323170560,1780552947323170560,Active Total Throughput,tokens/sec,min,41.86
7,1780552946323170560,1780552947323170560,Active Total Throughput,tokens/sec,max,13635.10
7,1780552946323170560,1780552947323170560,Active Total Throughput,tokens/sec,p50,13635.10
7,1780552946323170560,1780552947323170560,Active Total Throughput,tokens/sec,p90,13635.10
7,1780552946323170560,1780552947323170560,Active Total Throughput,tokens/sec,p95,13635.10
7,1780552946323170560,1780552947323170560,Active Total Throughput,tokens/sec,p99,13635.10
7,1780552946323170560,1780552947323170560,Active Total Throughput,tokens/sec,std,5018.47
7,1780552946323170560,1780552947323170560,Benchmark Duration,sec,avg,60.93
7,1780552946323170560,1780552947323170560,E2E Output Token Throughput,tokens/sec/user,avg,0.86
7,1780552946323170560,1780552947323170560,E2E Output Token Throughput,tokens/sec/user,min,0.22
7,1780552946323170560,1780552947323170560,E2E Output Token Throughput,tokens/sec/user,max,1.49
7,1780552946323170560,1780552947323170560,E2E Output Token Throughput,tokens/sec/user,sum,1.71
7,1780552946323170560,1780552947323170560,E2E Output Token Throughput,tokens/sec/user,p1,0.23
7,1780552946323170560,1780552947323170560,E2E Output Token Throughput,tokens/sec/user,p5,0.28
7,1780552946323170560,1780552947323170560,E2E Output Token Throughput,tokens/sec/user,p10,0.35
7,1780552946323170560,1780552947323170560,E2E Output Token Throughput,tokens/sec/user,p25,0.54
7,1780552946323170560,1780552947323170560,E2E Output Token Throughput,tokens/sec/user,p50,0.86
7,1780552946323170560,1780552947323170560,E2E Output Token Throughput,tokens/sec/user,p75,1.18
7,1780552946323170560,1780552947323170560,E2E Output Token Throughput,tokens/sec/user,p90,1.37
7,1780552946323170560,1780552947323170560,E2E Output Token Throughput,tokens/sec/user,p95,1.43
7,1780552946323170560,1780552947323170560,E2E Output Token Throughput,tokens/sec/user,p99,1.48
7,1780552946323170560,1780552947323170560,E2E Output Token Throughput,tokens/sec/user,std,0.64
7,1780552946323170560,1780552947323170560,Effective Concurrency,requests,avg,9.45
7,1780552946323170560,1780552947323170560,Effective Concurrency,requests,min,8.00
7,1780552946323170560,1780552947323170560,Effective Concurrency,requests,max,10.00
7,1780552946323170560,1780552947323170560,Effective Concurrency,requests,p50,10.00
7,1780552946323170560,1780552947323170560,Effective Concurrency,requests,p90,10.00
7,1780552946323170560,1780552947323170560,Effective Concurrency,requests,p95,10.00
7,1780552946323170560,1780552947323170560,Effective Concurrency,requests,p99,10.00
7,1780552946323170560,1780552947323170560,Effective Concurrency,requests,std,0.77
7,1780552946323170560,1780552947323170560,Effective Decode Concurrency,requests,avg,8.00
7,1780552946323170560,1780552947323170560,Effective Decode Concurrency,requests,min,8.00
7,1780552946323170560,1780552947323170560,Effective Decode Concurrency,requests,max,8.00
7,1780552946323170560,1780552947323170560,Effective Decode Concurrency,requests,p50,8.00
7,1780552946323170560,1780552947323170560,Effective Decode Concurrency,requests,p90,8.00
7,1780552946323170560,1780552947323170560,Effective Decode Concurrency,requests,p95,8.00
7,1780552946323170560,1780552947323170560,Effective Decode Concurrency,requests,p99,8.00
7,1780552946323170560,1780552947323170560,Effective Decode Concurrency,requests,std,0.00
7,1780552946323170560,1780552947323170560,Effective Decode Throughput,tokens/sec,avg,137.86
7,1780552946323170560,1780552947323170560,Effective Decode Throughput,tokens/sec,min,105.32
7,1780552946323170560,1780552947323170560,Effective Decode Throughput,tokens/sec,max,170.53
7,1780552946323170560,1780552947323170560,Effective Decode Throughput,tokens/sec,p50,137.85
7,1780552946323170560,1780552947323170560,Effective Decode Throughput,tokens/sec,p90,137.94
7,1780552946323170560,1780552947323170560,Effective Decode Throughput,tokens/sec,p95,137.98
7,1780552946323170560,1780552947323170560,Effective Decode Throughput,tokens/sec,p99,138.04
7,1780552946323170560,1780552947323170560,Effective Decode Throughput,tokens/sec,std,0.11
7,1780552946323170560,1780552947323170560,Effective Decode Throughput Per User,tokens/sec/user,avg,17.23
7,1780552946323170560,1780552947323170560,Effective Decode Throughput Per User,tokens/sec/user,min,13.17
7,1780552946323170560,1780552947323170560,Effective Decode Throughput Per User,tokens/sec/user,max,21.32
7,1780552946323170560,1780552947323170560,Effective Decode Throughput Per User,tokens/sec/user,p50,17.23
7,1780552946323170560,1780552947323170560,Effective Decode Throughput Per User,tokens/sec/user,p90,17.24
7,1780552946323170560,1780552947323170560,Effective Decode Throughput Per User,tokens/sec/user,p95,17.25
7,1780552946323170560,1780552947323170560,Effective Decode Throughput Per User,tokens/sec/user,p99,17.25
7,1780552946323170560,1780552947323170560,Effective Decode Throughput Per User,tokens/sec/user,std,0.01
7,1780552946323170560,1780552947323170560,Effective Prefill Concurrency,requests,avg,1.45
7,1780552946323170560,1780552947323170560,Effective Prefill Concurrency,requests,min,0.00
7,1780552946323170560,1780552947323170560,Effective Prefill Concurrency,requests,max,2.00
7,1780552946323170560,1780552947323170560,Effective Prefill Concurrency,requests,p50,2.00
7,1780552946323170560,1780552947323170560,Effective Prefill Concurrency,requests,p90,2.00
7,1780552946323170560,1780552947323170560,Effective Prefill Concurrency,requests,p95,2.00
7,1780552946323170560,1780552947323170560,Effective Prefill Concurrency,requests,p99,2.00
7,1780552946323170560,1780552947323170560,Effective Prefill Concurrency,requests,std,0.77
7,1780552946323170560,1780552947323170560,Effective Prefill Throughput,tokens/sec,avg,10553.14
7,1780552946323170560,1780552947323170560,Effective Prefill Throughput,tokens/sec,min,0.00
7,1780552946323170560,1780552947323170560,Effective Prefill Throughput,tokens/sec,max,13593.24
7,1780552946323170560,1780552947323170560,Effective Prefill Throughput,tokens/sec,p50,13593.24
7,1780552946323170560,1780552947323170560,Effective Prefill Throughput,tokens/sec,p90,13593.24
7,1780552946323170560,1780552947323170560,Effective Prefill Throughput,tokens/sec,p95,13593.24
7,1780552946323170560,1780552947323170560,Effective Prefill Throughput,tokens/sec,p99,13593.24
7,1780552946323170560,1780552947323170560,Effective Prefill Throughput,tokens/sec,std,5018.47
7,1780552946323170560,1780552947323170560,Effective Prefill Throughput Per User,tokens/sec/user,avg,6313.67
7,1780552946323170560,1780552947323170560,Effective Prefill Throughput Per User,tokens/sec/user,min,0.00
7,1780552946323170560,1780552947323170560,Effective Prefill Throughput Per User,tokens/sec/user,max,10267.85
7,1780552946323170560,1780552947323170560,Effective Prefill Throughput Per User,tokens/sec/user,p50,6796.62
7,1780552946323170560,1780552947323170560,Effective Prefill Throughput Per User,tokens/sec/user,p90,10267.85
7,1780552946323170560,1780552947323170560,Effective Prefill Throughput Per User,tokens/sec/user,p95,10267.85
7,1780552946323170560,1780552947323170560,Effective Prefill Throughput Per User,tokens/sec/user,p99,10267.85
7,1780552946323170560,1780552947323170560,Effective Prefill Throughput Per User,tokens/sec/user,std,3201.44
7,1780552946323170560,1780552947323170560,Effective Total Throughput,tokens/sec,avg,10595.01
7,1780552946323170560,1780552947323170560,Effective Total Throughput,tokens/sec,min,41.86
7,1780552946323170560,1780552947323170560,Effective Total Throughput,tokens/sec,max,13635.10
7,1780552946323170560,1780552947323170560,Effective Total Throughput,tokens/sec,p50,13635.10
7,1780552946323170560,1780552947323170560,Effective Total Throughput,tokens/sec,p90,13635.10
7,1780552946323170560,1780552947323170560,Effective Total Throughput,tokens/sec,p95,13635.10
7,1780552946323170560,1780552947323170560,Effective Total Throughput,tokens/sec,p99,13635.10
7,1780552946323170560,1780552947323170560,Effective Total Throughput,tokens/sec,std,5018.47
7,1780552946323170560,1780552947323170560,HTTP Blocked,ms,avg,0.00
7,1780552946323170560,1780552947323170560,HTTP Blocked,ms,min,0.00
7,1780552946323170560,1780552947323170560,HTTP Blocked,ms,max,0.00
7,1780552946323170560,1780552947323170560,HTTP Blocked,ms,sum,0.00
7,1780552946323170560,1780552947323170560,HTTP Blocked,ms,p1,0.00
7,1780552946323170560,1780552947323170560,HTTP Blocked,ms,p5,0.00
7,1780552946323170560,1780552947323170560,HTTP Blocked,ms,p10,0.00
7,1780552946323170560,1780552947323170560,HTTP Blocked,ms,p25,0.00
7,1780552946323170560,1780552947323170560,HTTP Blocked,ms,p50,0.00
7,1780552946323170560,1780552947323170560,HTTP Blocked,ms,p75,0.00
7,1780552946323170560,1780552947323170560,HTTP Blocked,ms,p90,0.00
7,1780552946323170560,1780552947323170560,HTTP Blocked,ms,p95,0.00
7,1780552946323170560,1780552947323170560,HTTP Blocked,ms,p99,0.00
7,1780552946323170560,1780552947323170560,HTTP Blocked,ms,std,0.00
7,1780552946323170560,1780552947323170560,HTTP Chunks Received,count,avg,48.50
7,1780552946323170560,1780552947323170560,HTTP Chunks Received,count,min,6.00
7,1780552946323170560,1780552947323170560,HTTP Chunks Received,count,max,91.00
7,1780552946323170560,1780552947323170560,HTTP Chunks Received,count,sum,97.00
7,1780552946323170560,1780552947323170560,HTTP Chunks Received,count,p1,6.85
7,1780552946323170560,1780552947323170560,HTTP Chunks Received,count,p5,10.25
7,1780552946323170560,1780552947323170560,HTTP Chunks Received,count,p10,14.50
7,1780552946323170560,1780552947323170560,HTTP Chunks Received,count,p25,27.25
7,1780552946323170560,1780552947323170560,HTTP Chunks Received,count,p50,48.50
7,1780552946323170560,1780552947323170560,HTTP Chunks Received,count,p75,69.75
7,1780552946323170560,1780552947323170560,HTTP Chunks Received,count,p90,82.50
7,1780552946323170560,1780552947323170560,HTTP Chunks Received,count,p95,86.75
7,1780552946323170560,1780552947323170560,HTTP Chunks Received,count,p99,90.15
7,1780552946323170560,1780552947323170560,HTTP Chunks Received,count,std,42.50
7,1780552946323170560,1780552947323170560,HTTP Chunks Sent,count,avg,1.00
7,1780552946323170560,1780552947323170560,HTTP Chunks Sent,count,min,1.00
7,1780552946323170560,1780552947323170560,HTTP Chunks Sent,count,max,1.00
7,1780552946323170560,1780552947323170560,HTTP Chunks Sent,count,sum,2.00
7,1780552946323170560,1780552947323170560,HTTP Chunks Sent,count,p1,1.00
7,1780552946323170560,1780552947323170560,HTTP Chunks Sent,count,p5,1.00
7,1780552946323170560,1780552947323170560,HTTP Chunks Sent,count,p10,1.00
7,1780552946323170560,1780552947323170560,HTTP Chunks Sent,count,p25,1.00
7,1780552946323170560,1780552947323170560,HTTP Chunks Sent,count,p50,1.00
7,1780552946323170560,1780552947323170560,HTTP Chunks Sent,count,p75,1.00
7,1780552946323170560,1780552947323170560,HTTP Chunks Sent,count,p90,1.00
7,1780552946323170560,1780552947323170560,HTTP Chunks Sent,count,p95,1.00
7,1780552946323170560,1780552947323170560,HTTP Chunks Sent,count,p99,1.00
7,1780552946323170560,1780552947323170560,HTTP Chunks Sent,count,std,0.00
7,1780552946323170560,1780552947323170560,HTTP Connecting,ms,avg,0.87
7,1780552946323170560,1780552947323170560,HTTP Connecting,ms,min,0.86
7,1780552946323170560,1780552947323170560,HTTP Connecting,ms,max,0.89
7,1780552946323170560,1780552947323170560,HTTP Connecting,ms,sum,1.75
7,1780552946323170560,1780552947323170560,HTTP Connecting,ms,p1,0.86
7,1780552946323170560,1780552947323170560,HTTP Connecting,ms,p5,0.86
7,1780552946323170560,1780552947323170560,HTTP Connecting,ms,p10,0.86
7,1780552946323170560,1780552947323170560,HTTP Connecting,ms,p25,0.87
7,1780552946323170560,1780552947323170560,HTTP Connecting,ms,p50,0.87
7,1780552946323170560,1780552947323170560,HTTP Connecting,ms,p75,0.88
7,1780552946323170560,1780552947323170560,HTTP Connecting,ms,p90,0.88
7,1780552946323170560,1780552947323170560,HTTP Connecting,ms,p95,0.89
7,1780552946323170560,1780552947323170560,HTTP Connecting,ms,p99,0.89
7,1780552946323170560,1780552947323170560,HTTP Connecting,ms,std,0.01
7,1780552946323170560,1780552947323170560,HTTP Connection Overhead,ms,avg,0.87
7,1780552946323170560,1780552947323170560,HTTP Connection Overhead,ms,min,0.86
7,1780552946323170560,1780552947323170560,HTTP Connection Overhead,ms,max,0.89
7,1780552946323170560,1780552947323170560,HTTP Connection Overhead,ms,sum,1.75
7,1780552946323170560,1780552947323170560,HTTP Connection Overhead,ms,p1,0.86
7,1780552946323170560,1780552947323170560,HTTP Connection Overhead,ms,p5,0.86
7,1780552946323170560,1780552947323170560,HTTP Connection Overhead,ms,p10,0.86
7,1780552946323170560,1780552947323170560,HTTP Connection Overhead,ms,p25,0.87
7,1780552946323170560,1780552947323170560,HTTP Connection Overhead,ms,p50,0.87
7,1780552946323170560,1780552947323170560,HTTP Connection Overhead,ms,p75,0.88
7,1780552946323170560,1780552947323170560,HTTP Connection Overhead,ms,p90,0.88
7,1780552946323170560,1780552947323170560,HTTP Connection Overhead,ms,p95,0.89
7,1780552946323170560,1780552947323170560,HTTP Connection Overhead,ms,p99,0.89
7,1780552946323170560,1780552947323170560,HTTP Connection Overhead,ms,std,0.01
7,1780552946323170560,1780552947323170560,HTTP Connection Reused,ratio,avg,0.00
7,1780552946323170560,1780552947323170560,HTTP Connection Reused,ratio,min,0.00
7,1780552946323170560,1780552947323170560,HTTP Connection Reused,ratio,max,0.00
7,1780552946323170560,1780552947323170560,HTTP Connection Reused,ratio,sum,0.00
7,1780552946323170560,1780552947323170560,HTTP Connection Reused,ratio,p1,0.00
7,1780552946323170560,1780552947323170560,HTTP Connection Reused,ratio,p5,0.00
7,1780552946323170560,1780552947323170560,HTTP Connection Reused,ratio,p10,0.00
7,1780552946323170560,1780552947323170560,HTTP Connection Reused,ratio,p25,0.00
7,1780552946323170560,1780552947323170560,HTTP Connection Reused,ratio,p50,0.00
7,1780552946323170560,1780552947323170560,HTTP Connection Reused,ratio,p75,0.00
7,1780552946323170560,1780552947323170560,HTTP Connection Reused,ratio,p90,0.00
7,1780552946323170560,1780552947323170560,HTTP Connection Reused,ratio,p95,0.00
7,1780552946323170560,1780552947323170560,HTTP Connection Reused,ratio,p99,0.00
7,1780552946323170560,1780552947323170560,HTTP Connection Reused,ratio,std,0.00
7,1780552946323170560,1780552947323170560,HTTP Data Received,KB,avg,12.68
7,1780552946323170560,1780552947323170560,HTTP Data Received,KB,min,2.09
7,1780552946323170560,1780552947323170560,HTTP Data Received,KB,max,23.27
7,1780552946323170560,1780552947323170560,HTTP Data Received,KB,sum,25.37
7,1780552946323170560,1780552947323170560,HTTP Data Received,KB,p1,2.31
7,1780552946323170560,1780552947323170560,HTTP Data Received,KB,p5,3.15
7,1780552946323170560,1780552947323170560,HTTP Data Received,KB,p10,4.21
7,1780552946323170560,1780552947323170560,HTTP Data Received,KB,p25,7.39
7,1780552946323170560,1780552947323170560,HTTP Data Received,KB,p50,12.68
7,1780552946323170560,1780552947323170560,HTTP Data Received,KB,p75,17.98
7,1780552946323170560,1780552947323170560,HTTP Data Received,KB,p90,21.15
7,1780552946323170560,1780552947323170560,HTTP Data Received,KB,p95,22.21
7,1780552946323170560,1780552947323170560,HTTP Data Received,KB,p99,23.06
7,1780552946323170560,1780552947323170560,HTTP Data Received,KB,std,10.59
7,1780552946323170560,1780552947323170560,HTTP Data Sent,KB,avg,528.35
7,1780552946323170560,1780552947323170560,HTTP Data Sent,KB,min,324.99
7,1780552946323170560,1780552947323170560,HTTP Data Sent,KB,max,731.70
7,1780552946323170560,1780552947323170560,HTTP Data Sent,KB,sum,1056.69
7,1780552946323170560,1780552947323170560,HTTP Data Sent,KB,p1,329.06
7,1780552946323170560,1780552947323170560,HTTP Data Sent,KB,p5,345.33
7,1780552946323170560,1780552947323170560,HTTP Data Sent,KB,p10,365.66
7,1780552946323170560,1780552947323170560,HTTP Data Sent,KB,p25,426.67
7,1780552946323170560,1780552947323170560,HTTP Data Sent,KB,p50,528.35
7,1780552946323170560,1780552947323170560,HTTP Data Sent,KB,p75,630.02
7,1780552946323170560,1780552947323170560,HTTP Data Sent,KB,p90,691.03
7,1780552946323170560,1780552947323170560,HTTP Data Sent,KB,p95,711.36
7,1780552946323170560,1780552947323170560,HTTP Data Sent,KB,p99,727.63
7,1780552946323170560,1780552947323170560,HTTP Data Sent,KB,std,203.35
7,1780552946323170560,1780552947323170560,HTTP DNS Lookup,ms,avg,0.00
7,1780552946323170560,1780552947323170560,HTTP DNS Lookup,ms,min,0.00
7,1780552946323170560,1780552947323170560,HTTP DNS Lookup,ms,max,0.00
7,1780552946323170560,1780552947323170560,HTTP DNS Lookup,ms,sum,0.00
7,1780552946323170560,1780552947323170560,HTTP DNS Lookup,ms,p1,0.00
7,1780552946323170560,1780552947323170560,HTTP DNS Lookup,ms,p5,0.00
7,1780552946323170560,1780552947323170560,HTTP DNS Lookup,ms,p10,0.00
7,1780552946323170560,1780552947323170560,HTTP DNS Lookup,ms,p25,0.00
7,1780552946323170560,1780552947323170560,HTTP DNS Lookup,ms,p50,0.00
7,1780552946323170560,1780552947323170560,HTTP DNS Lookup,ms,p75,0.00
7,1780552946323170560,1780552947323170560,HTTP DNS Lookup,ms,p90,0.00
7,1780552946323170560,1780552947323170560,HTTP DNS Lookup,ms,p95,0.00
7,1780552946323170560,1780552947323170560,HTTP DNS Lookup,ms,p99,0.00
7,1780552946323170560,1780552947323170560,HTTP DNS Lookup,ms,std,0.00
7,1780552946323170560,1780552947323170560,HTTP Duration (excl. conn),ms,avg,44095.01
7,1780552946323170560,1780552947323170560,HTTP Duration (excl. conn),ms,min,27263.10
7,1780552946323170560,1780552947323170560,HTTP Duration (excl. conn),ms,max,60926.91
7,1780552946323170560,1780552947323170560,HTTP Duration (excl. conn),ms,sum,88190.01
7,1780552946323170560,1780552947323170560,HTTP Duration (excl. conn),ms,p1,27599.74
7,1780552946323170560,1780552947323170560,HTTP Duration (excl. conn),ms,p5,28946.29
7,1780552946323170560,1780552947323170560,HTTP Duration (excl. conn),ms,p10,30629.48
7,1780552946323170560,1780552947323170560,HTTP Duration (excl. conn),ms,p25,35679.06
7,1780552946323170560,1780552947323170560,HTTP Duration (excl. conn),ms,p50,44095.01
7,1780552946323170560,1780552947323170560,HTTP Duration (excl. conn),ms,p75,52510.96
7,1780552946323170560,1780552947323170560,HTTP Duration (excl. conn),ms,p90,57560.53
7,1780552946323170560,1780552947323170560,HTTP Duration (excl. conn),ms,p95,59243.72
7,1780552946323170560,1780552947323170560,HTTP Duration (excl. conn),ms,p99,60590.27
7,1780552946323170560,1780552947323170560,HTTP Duration (excl. conn),ms,std,16831.90
7,1780552946323170560,1780552947323170560,HTTP Receiving,ms,avg,22197.93
7,1780552946323170560,1780552947323170560,HTTP Receiving,ms,min,1987.66
7,1780552946323170560,1780552947323170560,HTTP Receiving,ms,max,42408.19
7,1780552946323170560,1780552947323170560,HTTP Receiving,ms,sum,44395.85
7,1780552946323170560,1780552947323170560,HTTP Receiving,ms,p1,2391.87
7,1780552946323170560,1780552947323170560,HTTP Receiving,ms,p5,4008.69
7,1780552946323170560,1780552947323170560,HTTP Receiving,ms,p10,6029.71
7,1780552946323170560,1780552947323170560,HTTP Receiving,ms,p25,12092.79
7,1780552946323170560,1780552947323170560,HTTP Receiving,ms,p50,22197.93
7,1780552946323170560,1780552947323170560,HTTP Receiving,ms,p75,32303.06
7,1780552946323170560,1780552947323170560,HTTP Receiving,ms,p90,38366.14
7,1780552946323170560,1780552947323170560,HTTP Receiving,ms,p95,40387.17
7,1780552946323170560,1780552947323170560,HTTP Receiving,ms,p99,42003.99
7,1780552946323170560,1780552947323170560,HTTP Receiving,ms,std,20210.27
7,1780552946323170560,1780552947323170560,HTTP Sending,ms,avg,1.21
7,1780552946323170560,1780552947323170560,HTTP Sending,ms,min,1.19
7,1780552946323170560,1780552947323170560,HTTP Sending,ms,max,1.23
7,1780552946323170560,1780552947323170560,HTTP Sending,ms,sum,2.42
7,1780552946323170560,1780552947323170560,HTTP Sending,ms,p1,1.19
7,1780552946323170560,1780552947323170560,HTTP Sending,ms,p5,1.19
7,1780552946323170560,1780552947323170560,HTTP Sending,ms,p10,1.20
7,1780552946323170560,1780552947323170560,HTTP Sending,ms,p25,1.20
7,1780552946323170560,1780552947323170560,HTTP Sending,ms,p50,1.21
7,1780552946323170560,1780552947323170560,HTTP Sending,ms,p75,1.22
7,1780552946323170560,1780552947323170560,HTTP Sending,ms,p90,1.23
7,1780552946323170560,1780552947323170560,HTTP Sending,ms,p95,1.23
7,1780552946323170560,1780552947323170560,HTTP Sending,ms,p99,1.23
7,1780552946323170560,1780552947323170560,HTTP Sending,ms,std,0.02
7,1780552946323170560,1780552947323170560,HTTP Total Time,ms,avg,44095.88
7,1780552946323170560,1780552947323170560,HTTP Total Time,ms,min,27263.99
7,1780552946323170560,1780552947323170560,HTTP Total Time,ms,max,60927.77
7,1780552946323170560,1780552947323170560,HTTP Total Time,ms,sum,88191.76
7,1780552946323170560,1780552947323170560,HTTP Total Time,ms,p1,27600.63
7,1780552946323170560,1780552947323170560,HTTP Total Time,ms,p5,28947.18
7,1780552946323170560,1780552947323170560,HTTP Total Time,ms,p10,30630.37
7,1780552946323170560,1780552947323170560,HTTP Total Time,ms,p25,35679.94
7,1780552946323170560,1780552947323170560,HTTP Total Time,ms,p50,44095.88
7,1780552946323170560,1780552947323170560,HTTP Total Time,ms,p75,52511.82
7,1780552946323170560,1780552947323170560,HTTP Total Time,ms,p90,57561.39
7,1780552946323170560,1780552947323170560,HTTP Total Time,ms,p95,59244.58
7,1780552946323170560,1780552947323170560,HTTP Total Time,ms,p99,60591.13
7,1780552946323170560,1780552947323170560,HTTP Total Time,ms,std,16831.89
7,1780552946323170560,1780552947323170560,HTTP Waiting (TTFB),ms,avg,21895.87
7,1780552946323170560,1780552947323170560,HTTP Waiting (TTFB),ms,min,18517.53
7,1780552946323170560,1780552947323170560,HTTP Waiting (TTFB),ms,max,25274.21
7,1780552946323170560,1780552947323170560,HTTP Waiting (TTFB),ms,sum,43791.74
7,1780552946323170560,1780552947323170560,HTTP Waiting (TTFB),ms,p1,18585.09
7,1780552946323170560,1780552947323170560,HTTP Waiting (TTFB),ms,p5,18855.36
7,1780552946323170560,1780552947323170560,HTTP Waiting (TTFB),ms,p10,19193.20
7,1780552946323170560,1780552947323170560,HTTP Waiting (TTFB),ms,p25,20206.70
7,1780552946323170560,1780552947323170560,HTTP Waiting (TTFB),ms,p50,21895.87
7,1780552946323170560,1780552947323170560,HTTP Waiting (TTFB),ms,p75,23585.04
7,1780552946323170560,1780552947323170560,HTTP Waiting (TTFB),ms,p90,24598.54
7,1780552946323170560,1780552947323170560,HTTP Waiting (TTFB),ms,p95,24936.38
7,1780552946323170560,1780552947323170560,HTTP Waiting (TTFB),ms,p99,25206.65
7,1780552946323170560,1780552947323170560,HTTP Waiting (TTFB),ms,std,3378.34
7,1780552946323170560,1780552947323170560,Input Sequence Length,tokens,avg,137100.00
7,1780552946323170560,1780552947323170560,Input Sequence Length,tokens,min,84051.00
7,1780552946323170560,1780552947323170560,Input Sequence Length,tokens,max,190149.00
7,1780552946323170560,1780552947323170560,Input Sequence Length,tokens,sum,274200.00
7,1780552946323170560,1780552947323170560,Input Sequence Length,tokens,p1,85111.98
7,1780552946323170560,1780552947323170560,Input Sequence Length,tokens,p5,89355.90
7,1780552946323170560,1780552947323170560,Input Sequence Length,tokens,p10,94660.80
7,1780552946323170560,1780552947323170560,Input Sequence Length,tokens,p25,110575.50
7,1780552946323170560,1780552947323170560,Input Sequence Length,tokens,p50,137100.00
7,1780552946323170560,1780552947323170560,Input Sequence Length,tokens,p75,163624.50
7,1780552946323170560,1780552947323170560,Input Sequence Length,tokens,p90,179539.20
7,1780552946323170560,1780552947323170560,Input Sequence Length,tokens,p95,184844.10
7,1780552946323170560,1780552947323170560,Input Sequence Length,tokens,p99,189088.02
7,1780552946323170560,1780552947323170560,Input Sequence Length,tokens,std,53049.00
7,1780552946323170560,1780552947323170560,Input Token Throughput,tokens/sec,avg,274200.00
7,1780552946323170560,1780552947323170560,Inter Chunk Latency,ms,avg,0.67
7,1780552946323170560,1780552947323170560,Inter Chunk Latency,ms,min,0.50
7,1780552946323170560,1780552947323170560,Inter Chunk Latency,ms,max,0.71
7,1780552946323170560,1780552947323170560,Inter Chunk Latency,ms,sum,63.94
7,1780552946323170560,1780552947323170560,Inter Chunk Latency,ms,p1,0.50
7,1780552946323170560,1780552947323170560,Inter Chunk Latency,ms,p5,0.61
7,1780552946323170560,1780552947323170560,Inter Chunk Latency,ms,p10,0.66
7,1780552946323170560,1780552947323170560,Inter Chunk Latency,ms,p25,0.67
7,1780552946323170560,1780552947323170560,Inter Chunk Latency,ms,p50,0.68
7,1780552946323170560,1780552947323170560,Inter Chunk Latency,ms,p75,0.69
7,1780552946323170560,1780552947323170560,Inter Chunk Latency,ms,p90,0.70
7,1780552946323170560,1780552947323170560,Inter Chunk Latency,ms,p95,0.71
7,1780552946323170560,1780552947323170560,Inter Chunk Latency,ms,p99,0.71
7,1780552946323170560,1780552947323170560,Inter Chunk Latency,ms,std,0.04
7,1780552946323170560,1780552947323170560,Inter Token Latency,ms,avg,434.37
7,1780552946323170560,1780552947323170560,Inter Token Latency,ms,min,397.53
7,1780552946323170560,1780552947323170560,Inter Token Latency,ms,max,471.20
7,1780552946323170560,1780552947323170560,Inter Token Latency,ms,sum,868.73
7,1780552946323170560,1780552947323170560,Inter Token Latency,ms,p1,398.27
7,1780552946323170560,1780552947323170560,Inter Token Latency,ms,p5,401.21
7,1780552946323170560,1780552947323170560,Inter Token Latency,ms,p10,404.90
7,1780552946323170560,1780552947323170560,Inter Token Latency,ms,p25,415.95
7,1780552946323170560,1780552947323170560,Inter Token Latency,ms,p50,434.37
7,1780552946323170560,1780552947323170560,Inter Token Latency,ms,p75,452.78
7,1780552946323170560,1780552947323170560,Inter Token Latency,ms,p90,463.84
7,1780552946323170560,1780552947323170560,Inter Token Latency,ms,p95,467.52
7,1780552946323170560,1780552947323170560,Inter Token Latency,ms,p99,470.47
7,1780552946323170560,1780552947323170560,Inter Token Latency,ms,std,36.84
7,1780552946323170560,1780552947323170560,Maximum Response Timestamp,ns,avg,1780553007424512256.00
7,1780552946323170560,1780552947323170560,Minimum Request Timestamp,ns,avg,1780552946497399296.00
7,1780552946323170560,1780552947323170560,OSL Mismatch Count,requests,avg,0.00
7,1780552946323170560,1780552947323170560,OSL Mismatch Diff %,%,avg,0.00
7,1780552946323170560,1780552947323170560,OSL Mismatch Diff %,%,min,0.00
7,1780552946323170560,1780552947323170560,OSL Mismatch Diff %,%,max,0.00
7,1780552946323170560,1780552947323170560,OSL Mismatch Diff %,%,sum,0.00
7,1780552946323170560,1780552947323170560,OSL Mismatch Diff %,%,p1,0.00
7,1780552946323170560,1780552947323170560,OSL Mismatch Diff %,%,p5,0.00
7,1780552946323170560,1780552947323170560,OSL Mismatch Diff %,%,p10,0.00
7,1780552946323170560,1780552947323170560,OSL Mismatch Diff %,%,p25,0.00
7,1780552946323170560,1780552947323170560,OSL Mismatch Diff %,%,p50,0.00
7,1780552946323170560,1780552947323170560,OSL Mismatch Diff %,%,p75,0.00
7,1780552946323170560,1780552947323170560,OSL Mismatch Diff %,%,p90,0.00
7,1780552946323170560,1780552947323170560,OSL Mismatch Diff %,%,p95,0.00
7,1780552946323170560,1780552947323170560,OSL Mismatch Diff %,%,p99,0.00
7,1780552946323170560,1780552947323170560,OSL Mismatch Diff %,%,std,0.00
7,1780552946323170560,1780552947323170560,Output Sequence Length,tokens,avg,48.50
7,1780552946323170560,1780552947323170560,Output Sequence Length,tokens,min,6.00
7,1780552946323170560,1780552947323170560,Output Sequence Length,tokens,max,91.00
7,1780552946323170560,1780552947323170560,Output Sequence Length,tokens,sum,97.00
7,1780552946323170560,1780552947323170560,Output Sequence Length,tokens,p1,6.85
7,1780552946323170560,1780552947323170560,Output Sequence Length,tokens,p5,10.25
7,1780552946323170560,1780552947323170560,Output Sequence Length,tokens,p10,14.50
7,1780552946323170560,1780552947323170560,Output Sequence Length,tokens,p25,27.25
7,1780552946323170560,1780552947323170560,Output Sequence Length,tokens,p50,48.50
7,1780552946323170560,1780552947323170560,Output Sequence Length,tokens,p75,69.75
7,1780552946323170560,1780552947323170560,Output Sequence Length,tokens,p90,82.50
7,1780552946323170560,1780552947323170560,Output Sequence Length,tokens,p95,86.75
7,1780552946323170560,1780552947323170560,Output Sequence Length,tokens,p99,90.15
7,1780552946323170560,1780552947323170560,Output Sequence Length,tokens,std,42.50
7,1780552946323170560,1780552947323170560,Output Token Count,tokens,avg,48.50
7,1780552946323170560,1780552947323170560,Output Token Count,tokens,min,6.00
7,1780552946323170560,1780552947323170560,Output Token Count,tokens,max,91.00
7,1780552946323170560,1780552947323170560,Output Token Count,tokens,sum,97.00
7,1780552946323170560,1780552947323170560,Output Token Count,tokens,p1,6.85
7,1780552946323170560,1780552947323170560,Output Token Count,tokens,p5,10.25
7,1780552946323170560,1780552947323170560,Output Token Count,tokens,p10,14.50
7,1780552946323170560,1780552947323170560,Output Token Count,tokens,p25,27.25
7,1780552946323170560,1780552947323170560,Output Token Count,tokens,p50,48.50
7,1780552946323170560,1780552947323170560,Output Token Count,tokens,p75,69.75
7,1780552946323170560,1780552947323170560,Output Token Count,tokens,p90,82.50
7,1780552946323170560,1780552947323170560,Output Token Count,tokens,p95,86.75
7,1780552946323170560,1780552947323170560,Output Token Count,tokens,p99,90.15
7,1780552946323170560,1780552947323170560,Output Token Count,tokens,std,42.50
7,1780552946323170560,1780552947323170560,Output Token Throughput,tokens/sec,avg,97.00
7,1780552946323170560,1780552947323170560,Output Token Throughput Per User,tokens/sec/user,avg,2.32
7,1780552946323170560,1780552947323170560,Output Token Throughput Per User,tokens/sec/user,min,2.12
7,1780552946323170560,1780552947323170560,Output Token Throughput Per User,tokens/sec/user,max,2.52
7,1780552946323170560,1780552947323170560,Output Token Throughput Per User,tokens/sec/user,sum,4.64
7,1780552946323170560,1780552947323170560,Output Token Throughput Per User,tokens/sec/user,p1,2.13
7,1780552946323170560,1780552947323170560,Output Token Throughput Per User,tokens/sec/user,p5,2.14
7,1780552946323170560,1780552947323170560,Output Token Throughput Per User,tokens/sec/user,p10,2.16
7,1780552946323170560,1780552947323170560,Output Token Throughput Per User,tokens/sec/user,p25,2.22
7,1780552946323170560,1780552947323170560,Output Token Throughput Per User,tokens/sec/user,p50,2.32
7,1780552946323170560,1780552947323170560,Output Token Throughput Per User,tokens/sec/user,p75,2.42
7,1780552946323170560,1780552947323170560,Output Token Throughput Per User,tokens/sec/user,p90,2.48
7,1780552946323170560,1780552947323170560,Output Token Throughput Per User,tokens/sec/user,p95,2.50
7,1780552946323170560,1780552947323170560,Output Token Throughput Per User,tokens/sec/user,p99,2.51
7,1780552946323170560,1780552947323170560,Output Token Throughput Per User,tokens/sec/user,std,0.20
7,1780552946323170560,1780552947323170560,Prefill Throughput Per User,tokens/sec/user,avg,6796.62
7,1780552946323170560,1780552947323170560,Prefill Throughput Per User,tokens/sec/user,min,3325.38
7,1780552946323170560,1780552947323170560,Prefill Throughput Per User,tokens/sec/user,max,10267.85
7,1780552946323170560,1780552947323170560,Prefill Throughput Per User,tokens/sec/user,sum,13593.24
7,1780552946323170560,1780552947323170560,Prefill Throughput Per User,tokens/sec/user,p1,3394.81
7,1780552946323170560,1780552947323170560,Prefill Throughput Per User,tokens/sec/user,p5,3672.51
7,1780552946323170560,1780552947323170560,Prefill Throughput Per User,tokens/sec/user,p10,4019.63
7,1780552946323170560,1780552947323170560,Prefill Throughput Per User,tokens/sec/user,p25,5061.00
7,1780552946323170560,1780552947323170560,Prefill Throughput Per User,tokens/sec/user,p50,6796.62
7,1780552946323170560,1780552947323170560,Prefill Throughput Per User,tokens/sec/user,p75,8532.24
7,1780552946323170560,1780552947323170560,Prefill Throughput Per User,tokens/sec/user,p90,9573.61
7,1780552946323170560,1780552947323170560,Prefill Throughput Per User,tokens/sec/user,p95,9920.73
7,1780552946323170560,1780552947323170560,Prefill Throughput Per User,tokens/sec/user,p99,10198.43
7,1780552946323170560,1780552947323170560,Prefill Throughput Per User,tokens/sec/user,std,3471.24
7,1780552946323170560,1780552947323170560,Request Count,requests,avg,2.00
7,1780552946323170560,1780552947323170560,Request Latency,ms,avg,44095.18
7,1780552946323170560,1780552947323170560,Request Latency,ms,min,27263.24
7,1780552946323170560,1780552947323170560,Request Latency,ms,max,60927.11
7,1780552946323170560,1780552947323170560,Request Latency,ms,sum,88190.36
7,1780552946323170560,1780552947323170560,Request Latency,ms,p1,27599.88
7,1780552946323170560,1780552947323170560,Request Latency,ms,p5,28946.44
7,1780552946323170560,1780552947323170560,Request Latency,ms,p10,30629.63
7,1780552946323170560,1780552947323170560,Request Latency,ms,p25,35679.21
7,1780552946323170560,1780552947323170560,Request Latency,ms,p50,44095.18
7,1780552946323170560,1780552947323170560,Request Latency,ms,p75,52511.15
7,1780552946323170560,1780552947323170560,Request Latency,ms,p90,57560.73
7,1780552946323170560,1780552947323170560,Request Latency,ms,p95,59243.92
7,1780552946323170560,1780552947323170560,Request Latency,ms,p99,60590.47
7,1780552946323170560,1780552947323170560,Request Latency,ms,std,16831.93
7,1780552946323170560,1780552947323170560,Request Throughput,requests/sec,avg,2.00
7,1780552946323170560,1780552947323170560,Requested OSL,tokens,avg,48.50
7,1780552946323170560,1780552947323170560,Requested OSL,tokens,min,6.00
7,1780552946323170560,1780552947323170560,Requested OSL,tokens,max,91.00
7,1780552946323170560,1780552947323170560,Requested OSL,tokens,sum,97.00
7,1780552946323170560,1780552947323170560,Requested OSL,tokens,p1,6.85
7,1780552946323170560,1780552947323170560,Requested OSL,tokens,p5,10.25
7,1780552946323170560,1780552947323170560,Requested OSL,tokens,p10,14.50
7,1780552946323170560,1780552947323170560,Requested OSL,tokens,p25,27.25
7,1780552946323170560,1780552947323170560,Requested OSL,tokens,p50,48.50
7,1780552946323170560,1780552947323170560,Requested OSL,tokens,p75,69.75
7,1780552946323170560,1780552947323170560,Requested OSL,tokens,p90,82.50
7,1780552946323170560,1780552947323170560,Requested OSL,tokens,p95,86.75
7,1780552946323170560,1780552947323170560,Requested OSL,tokens,p99,90.15
7,1780552946323170560,1780552947323170560,Requested OSL,tokens,std,42.50
7,1780552946323170560,1780552947323170560,Time to First Output Token,ms,avg,21897.23
7,1780552946323170560,1780552947323170560,Time to First Output Token,ms,min,18518.87
7,1780552946323170560,1780552947323170560,Time to First Output Token,ms,max,25275.59
7,1780552946323170560,1780552947323170560,Time to First Output Token,ms,sum,43794.46
7,1780552946323170560,1780552947323170560,Time to First Output Token,ms,p1,18586.43
7,1780552946323170560,1780552947323170560,Time to First Output Token,ms,p5,18856.70
7,1780552946323170560,1780552947323170560,Time to First Output Token,ms,p10,19194.54
7,1780552946323170560,1780552947323170560,Time to First Output Token,ms,p25,20208.05
7,1780552946323170560,1780552947323170560,Time to First Output Token,ms,p50,21897.23
7,1780552946323170560,1780552947323170560,Time to First Output Token,ms,p75,23586.41
7,1780552946323170560,1780552947323170560,Time to First Output Token,ms,p90,24599.92
7,1780552946323170560,1780552947323170560,Time to First Output Token,ms,p95,24937.75
7,1780552946323170560,1780552947323170560,Time to First Output Token,ms,p99,25208.02
7,1780552946323170560,1780552947323170560,Time to First Output Token,ms,std,3378.36
7,1780552946323170560,1780552947323170560,Time to First Token,ms,avg,21897.23
7,1780552946323170560,1780552947323170560,Time to First Token,ms,min,18518.87
7,1780552946323170560,1780552947323170560,Time to First Token,ms,max,25275.59
7,1780552946323170560,1780552947323170560,Time to First Token,ms,sum,43794.46
7,1780552946323170560,1780552947323170560,Time to First Token,ms,p1,18586.43
7,1780552946323170560,1780552947323170560,Time to First Token,ms,p5,18856.70
7,1780552946323170560,1780552947323170560,Time to First Token,ms,p10,19194.54
7,1780552946323170560,1780552947323170560,Time to First Token,ms,p25,20208.05
7,1780552946323170560,1780552947323170560,Time to First Token,ms,p50,21897.23
7,1780552946323170560,1780552947323170560,Time to First Token,ms,p75,23586.41
7,1780552946323170560,1780552947323170560,Time to First Token,ms,p90,24599.92
7,1780552946323170560,1780552947323170560,Time to First Token,ms,p95,24937.75
7,1780552946323170560,1780552947323170560,Time to First Token,ms,p99,25208.02
7,1780552946323170560,1780552947323170560,Time to First Token,ms,std,3378.36
7,1780552946323170560,1780552947323170560,Time to Second Token,ms,avg,127.49
7,1780552946323170560,1780552947323170560,Time to Second Token,ms,min,101.09
7,1780552946323170560,1780552947323170560,Time to Second Token,ms,max,153.89
7,1780552946323170560,1780552947323170560,Time to Second Token,ms,sum,254.98
7,1780552946323170560,1780552947323170560,Time to Second Token,ms,p1,101.61
7,1780552946323170560,1780552947323170560,Time to Second Token,ms,p5,103.73
7,1780552946323170560,1780552947323170560,Time to Second Token,ms,p10,106.37
7,1780552946323170560,1780552947323170560,Time to Second Token,ms,p25,114.29
7,1780552946323170560,1780552947323170560,Time to Second Token,ms,p50,127.49
7,1780552946323170560,1780552947323170560,Time to Second Token,ms,p75,140.69
7,1780552946323170560,1780552947323170560,Time to Second Token,ms,p90,148.61
7,1780552946323170560,1780552947323170560,Time to Second Token,ms,p95,151.25
7,1780552946323170560,1780552947323170560,Time to Second Token,ms,p99,153.36
7,1780552946323170560,1780552947323170560,Time to Second Token,ms,std,26.40
7,1780552946323170560,1780552947323170560,Tokens In Flight,tokens,avg,991853.07
7,1780552946323170560,1780552947323170560,Tokens In Flight,tokens,min,782336.80
7,1780552946323170560,1780552947323170560,Tokens In Flight,tokens,max,1056673.93
7,1780552946323170560,1780552947323170560,Tokens In Flight,tokens,p50,1056606.72
7,1780552946323170560,1780552947323170560,Tokens In Flight,tokens,p90,1056660.17
7,1780552946323170560,1780552947323170560,Tokens In Flight,tokens,p95,1056667.91
7,1780552946323170560,1780552947323170560,Tokens In Flight,tokens,p99,1056671.93
7,1780552946323170560,1780552947323170560,Tokens In Flight,tokens,std,101686.80
7,1780552946323170560,1780552947323170560,Total Input Sequence Length,tokens,avg,274200.00
7,1780552946323170560,1780552947323170560,Total Output Sequence Length,tokens,avg,97.00
7,1780552946323170560,1780552947323170560,Total Output Tokens,tokens,avg,97.00
7,1780552946323170560,1780552947323170560,Total Token Throughput,tokens/sec,avg,274297.00
7,1780552946323170560,1780552947323170560,Total Usage Completion Tokens,tokens,avg,97.00
7,1780552946323170560,1780552947323170560,Total Usage Prompt Tokens,tokens,avg,274200.00
7,1780552946323170560,1780552947323170560,Total Usage Total Tokens,tokens,avg,274297.00
7,1780552946323170560,1780552947323170560,Usage Completion Tokens,tokens,avg,48.50
7,1780552946323170560,1780552947323170560,Usage Completion Tokens,tokens,min,6.00
7,1780552946323170560,1780552947323170560,Usage Completion Tokens,tokens,max,91.00
7,1780552946323170560,1780552947323170560,Usage Completion Tokens,tokens,sum,97.00
7,1780552946323170560,1780552947323170560,Usage Completion Tokens,tokens,p1,6.85
7,1780552946323170560,1780552947323170560,Usage Completion Tokens,tokens,p5,10.25
7,1780552946323170560,1780552947323170560,Usage Completion Tokens,tokens,p10,14.50
7,1780552946323170560,1780552947323170560,Usage Completion Tokens,tokens,p25,27.25
7,1780552946323170560,1780552947323170560,Usage Completion Tokens,tokens,p50,48.50
7,1780552946323170560,1780552947323170560,Usage Completion Tokens,tokens,p75,69.75
7,1780552946323170560,1780552947323170560,Usage Completion Tokens,tokens,p90,82.50
7,1780552946323170560,1780552947323170560,Usage Completion Tokens,tokens,p95,86.75
7,1780552946323170560,1780552947323170560,Usage Completion Tokens,tokens,p99,90.15
7,1780552946323170560,1780552947323170560,Usage Completion Tokens,tokens,std,42.50
7,1780552946323170560,1780552947323170560,Usage Prompt Tokens,tokens,avg,137100.00
7,1780552946323170560,1780552947323170560,Usage Prompt Tokens,tokens,min,84051.00
7,1780552946323170560,1780552947323170560,Usage Prompt Tokens,tokens,max,190149.00
7,1780552946323170560,1780552947323170560,Usage Prompt Tokens,tokens,sum,274200.00
7,1780552946323170560,1780552947323170560,Usage Prompt Tokens,tokens,p1,85111.98
7,1780552946323170560,1780552947323170560,Usage Prompt Tokens,tokens,p5,89355.90
7,1780552946323170560,1780552947323170560,Usage Prompt Tokens,tokens,p10,94660.80
7,1780552946323170560,1780552947323170560,Usage Prompt Tokens,tokens,p25,110575.50
7,1780552946323170560,1780552947323170560,Usage Prompt Tokens,tokens,p50,137100.00
7,1780552946323170560,1780552947323170560,Usage Prompt Tokens,tokens,p75,163624.50
7,1780552946323170560,1780552947323170560,Usage Prompt Tokens,tokens,p90,179539.20
7,1780552946323170560,1780552947323170560,Usage Prompt Tokens,tokens,p95,184844.10
7,1780552946323170560,1780552947323170560,Usage Prompt Tokens,tokens,p99,189088.02
7,1780552946323170560,1780552947323170560,Usage Prompt Tokens,tokens,std,53049.00
7,1780552946323170560,1780552947323170560,Usage Total Tokens,tokens,avg,137148.50
7,1780552946323170560,1780552947323170560,Usage Total Tokens,tokens,min,84057.00
7,1780552946323170560,1780552947323170560,Usage Total Tokens,tokens,max,190240.00
7,1780552946323170560,1780552947323170560,Usage Total Tokens,tokens,sum,274297.00
7,1780552946323170560,1780552947323170560,Usage Total Tokens,tokens,p1,85118.83
7,1780552946323170560,1780552947323170560,Usage Total Tokens,tokens,p5,89366.15
7,1780552946323170560,1780552947323170560,Usage Total Tokens,tokens,p10,94675.30
7,1780552946323170560,1780552947323170560,Usage Total Tokens,tokens,p25,110602.75
7,1780552946323170560,1780552947323170560,Usage Total Tokens,tokens,p50,137148.50
7,1780552946323170560,1780552947323170560,Usage Total Tokens,tokens,p75,163694.25
7,1780552946323170560,1780552947323170560,Usage Total Tokens,tokens,p90,179621.70
7,1780552946323170560,1780552947323170560,Usage Total Tokens,tokens,p95,184930.85
7,1780552946323170560,1780552947323170560,Usage Total Tokens,tokens,p99,189178.17
7,1780552946323170560,1780552947323170560,Usage Total Tokens,tokens,std,53091.50
8,1780552959323170560,1780552960323170560,Active Decode Throughput,tokens/sec,avg,75.44
8,1780552959323170560,1780552960323170560,Active Decode Throughput,tokens/sec,min,49.06
8,1780552959323170560,1780552960323170560,Active Decode Throughput,tokens/sec,max,101.82
8,1780552959323170560,1780552960323170560,Active Decode Throughput,tokens/sec,p50,75.44
8,1780552959323170560,1780552960323170560,Active Decode Throughput,tokens/sec,p90,75.44
8,1780552959323170560,1780552960323170560,Active Decode Throughput,tokens/sec,p95,75.44
8,1780552959323170560,1780552960323170560,Active Decode Throughput,tokens/sec,p99,75.44
8,1780552959323170560,1780552960323170560,Active Decode Throughput,tokens/sec,std,0.04
8,1780552959323170560,1780552960323170560,Active Decode Throughput Per User,tokens/sec/user,avg,9.43
8,1780552959323170560,1780552960323170560,Active Decode Throughput Per User,tokens/sec/user,min,6.13
8,1780552959323170560,1780552960323170560,Active Decode Throughput Per User,tokens/sec/user,max,12.73
8,1780552959323170560,1780552960323170560,Active Decode Throughput Per User,tokens/sec/user,p50,9.43
8,1780552959323170560,1780552960323170560,Active Decode Throughput Per User,tokens/sec/user,p90,9.43
8,1780552959323170560,1780552960323170560,Active Decode Throughput Per User,tokens/sec/user,p95,9.43
8,1780552959323170560,1780552960323170560,Active Decode Throughput Per User,tokens/sec/user,p99,9.43
8,1780552959323170560,1780552960323170560,Active Decode Throughput Per User,tokens/sec/user,std,0.00
8,1780552959323170560,1780552960323170560,Active Prefill Throughput,tokens/sec,avg,13642.83
8,1780552959323170560,1780552960323170560,Active Prefill Throughput,tokens/sec,min,13593.24
8,1780552959323170560,1780552960323170560,Active Prefill Throughput,tokens/sec,max,15020.60
8,1780552959323170560,1780552960323170560,Active Prefill Throughput,tokens/sec,p50,13593.24
8,1780552959323170560,1780552960323170560,Active Prefill Throughput,tokens/sec,p90,13593.24
8,1780552959323170560,1780552960323170560,Active Prefill Throughput,tokens/sec,p95,13593.24
8,1780552959323170560,1780552960323170560,Active Prefill Throughput,tokens/sec,p99,15020.60
8,1780552959323170560,1780552960323170560,Active Prefill Throughput,tokens/sec,std,261.39
8,1780552959323170560,1780552960323170560,Active Prefill Throughput Per User,tokens/sec/user,avg,6734.44
8,1780552959323170560,1780552960323170560,Active Prefill Throughput Per User,tokens/sec/user,min,5006.87
8,1780552959323170560,1780552960323170560,Active Prefill Throughput Per User,tokens/sec/user,max,6796.62
8,1780552959323170560,1780552960323170560,Active Prefill Throughput Per User,tokens/sec/user,p50,6796.62
8,1780552959323170560,1780552960323170560,Active Prefill Throughput Per User,tokens/sec/user,p90,6796.62
8,1780552959323170560,1780552960323170560,Active Prefill Throughput Per User,tokens/sec/user,p95,6796.62
8,1780552959323170560,1780552960323170560,Active Prefill Throughput Per User,tokens/sec/user,p99,6796.62
8,1780552959323170560,1780552960323170560,Active Prefill Throughput Per User,tokens/sec/user,std,327.76
8,1780552959323170560,1780552960323170560,Active Total Throughput,tokens/sec,avg,13684.69
8,1780552959323170560,1780552960323170560,Active Total Throughput,tokens/sec,min,13635.10
8,1780552959323170560,1780552960323170560,Active Total Throughput,tokens/sec,max,15062.47
8,1780552959323170560,1780552960323170560,Active Total Throughput,tokens/sec,p50,13635.10
8,1780552959323170560,1780552960323170560,Active Total Throughput,tokens/sec,p90,13635.10
8,1780552959323170560,1780552960323170560,Active Total Throughput,tokens/sec,p95,13635.10
8,1780552959323170560,1780552960323170560,Active Total Throughput,tokens/sec,p99,15062.47
8,1780552959323170560,1780552960323170560,Active Total Throughput,tokens/sec,std,261.39
8,1780552959323170560,1780552960323170560,Benchmark Duration,sec,avg,97.76
8,1780552959323170560,1780552960323170560,E2E Output Token Throughput,tokens/sec/user,avg,4.92
8,1780552959323170560,1780552960323170560,E2E Output Token Throughput,tokens/sec/user,min,4.92
8,1780552959323170560,1780552960323170560,E2E Output Token Throughput,tokens/sec/user,max,4.92
8,1780552959323170560,1780552960323170560,E2E Output Token Throughput,tokens/sec/user,sum,4.92
8,1780552959323170560,1780552960323170560,E2E Output Token Throughput,tokens/sec/user,p1,4.92
8,1780552959323170560,1780552960323170560,E2E Output Token Throughput,tokens/sec/user,p5,4.92
8,1780552959323170560,1780552960323170560,E2E Output Token Throughput,tokens/sec/user,p10,4.92
8,1780552959323170560,1780552960323170560,E2E Output Token Throughput,tokens/sec/user,p25,4.92
8,1780552959323170560,1780552960323170560,E2E Output Token Throughput,tokens/sec/user,p50,4.92
8,1780552959323170560,1780552960323170560,E2E Output Token Throughput,tokens/sec/user,p75,4.92
8,1780552959323170560,1780552960323170560,E2E Output Token Throughput,tokens/sec/user,p90,4.92
8,1780552959323170560,1780552960323170560,E2E Output Token Throughput,tokens/sec/user,p95,4.92
8,1780552959323170560,1780552960323170560,E2E Output Token Throughput,tokens/sec/user,p99,4.92
8,1780552959323170560,1780552960323170560,E2E Output Token Throughput,tokens/sec/user,std,0.00
8,1780552959323170560,1780552960323170560,Effective Concurrency,requests,avg,10.03
8,1780552959323170560,1780552960323170560,Effective Concurrency,requests,min,10.00
8,1780552959323170560,1780552960323170560,Effective Concurrency,requests,max,11.00
8,1780552959323170560,1780552960323170560,Effective Concurrency,requests,p50,10.00
8,1780552959323170560,1780552960323170560,Effective Concurrency,requests,p90,10.00
8,1780552959323170560,1780552960323170560,Effective Concurrency,requests,p95,10.00
8,1780552959323170560,1780552960323170560,Effective Concurrency,requests,p99,11.00
8,1780552959323170560,1780552960323170560,Effective Concurrency,requests,std,0.18
8,1780552959323170560,1780552960323170560,Effective Decode Concurrency,requests,avg,8.00
8,1780552959323170560,1780552960323170560,Effective Decode Concurrency,requests,min,8.00
8,1780552959323170560,1780552960323170560,Effective Decode Concurrency,requests,max,8.00
8,1780552959323170560,1780552960323170560,Effective Decode Concurrency,requests,p50,8.00
8,1780552959323170560,1780552960323170560,Effective Decode Concurrency,requests,p90,8.00
8,1780552959323170560,1780552960323170560,Effective Decode Concurrency,requests,p95,8.00
8,1780552959323170560,1780552960323170560,Effective Decode Concurrency,requests,p99,8.00
8,1780552959323170560,1780552960323170560,Effective Decode Concurrency,requests,std,0.00
8,1780552959323170560,1780552960323170560,Effective Decode Throughput,tokens/sec,avg,75.44
8,1780552959323170560,1780552960323170560,Effective Decode Throughput,tokens/sec,min,49.06
8,1780552959323170560,1780552960323170560,Effective Decode Throughput,tokens/sec,max,101.82
8,1780552959323170560,1780552960323170560,Effective Decode Throughput,tokens/sec,p50,75.44
8,1780552959323170560,1780552960323170560,Effective Decode Throughput,tokens/sec,p90,75.44
8,1780552959323170560,1780552960323170560,Effective Decode Throughput,tokens/sec,p95,75.44
8,1780552959323170560,1780552960323170560,Effective Decode Throughput,tokens/sec,p99,75.44
8,1780552959323170560,1780552960323170560,Effective Decode Throughput,tokens/sec,std,0.04
8,1780552959323170560,1780552960323170560,Effective Decode Throughput Per User,tokens/sec/user,avg,9.43
8,1780552959323170560,1780552960323170560,Effective Decode Throughput Per User,tokens/sec/user,min,6.13
8,1780552959323170560,1780552960323170560,Effective Decode Throughput Per User,tokens/sec/user,max,12.73
8,1780552959323170560,1780552960323170560,Effective Decode Throughput Per User,tokens/sec/user,p50,9.43
8,1780552959323170560,1780552960323170560,Effective Decode Throughput Per User,tokens/sec/user,p90,9.43
8,1780552959323170560,1780552960323170560,Effective Decode Throughput Per User,tokens/sec/user,p95,9.43
8,1780552959323170560,1780552960323170560,Effective Decode Throughput Per User,tokens/sec/user,p99,9.43
8,1780552959323170560,1780552960323170560,Effective Decode Throughput Per User,tokens/sec/user,std,0.00
8,1780552959323170560,1780552960323170560,Effective Prefill Concurrency,requests,avg,2.03
8,1780552959323170560,1780552960323170560,Effective Prefill Concurrency,requests,min,2.00
8,1780552959323170560,1780552960323170560,Effective Prefill Concurrency,requests,max,3.00
8,1780552959323170560,1780552960323170560,Effective Prefill Concurrency,requests,p50,2.00
8,1780552959323170560,1780552960323170560,Effective Prefill Concurrency,requests,p90,2.00
8,1780552959323170560,1780552960323170560,Effective Prefill Concurrency,requests,p95,2.00
8,1780552959323170560,1780552960323170560,Effective Prefill Concurrency,requests,p99,3.00
8,1780552959323170560,1780552960323170560,Effective Prefill Concurrency,requests,std,0.18
8,1780552959323170560,1780552960323170560,Effective Prefill Throughput,tokens/sec,avg,13642.83
8,1780552959323170560,1780552960323170560,Effective Prefill Throughput,tokens/sec,min,13593.24
8,1780552959323170560,1780552960323170560,Effective Prefill Throughput,tokens/sec,max,15020.60
8,1780552959323170560,1780552960323170560,Effective Prefill Throughput,tokens/sec,p50,13593.24
8,1780552959323170560,1780552960323170560,Effective Prefill Throughput,tokens/sec,p90,13593.24
8,1780552959323170560,1780552960323170560,Effective Prefill Throughput,tokens/sec,p95,13593.24
8,1780552959323170560,1780552960323170560,Effective Prefill Throughput,tokens/sec,p99,15020.60
8,1780552959323170560,1780552960323170560,Effective Prefill Throughput,tokens/sec,std,261.39
8,1780552959323170560,1780552960323170560,Effective Prefill Throughput Per User,tokens/sec/user,avg,6734.44
8,1780552959323170560,1780552960323170560,Effective Prefill Throughput Per User,tokens/sec/user,min,5006.87
8,1780552959323170560,1780552960323170560,Effective Prefill Throughput Per User,tokens/sec/user,max,6796.62
8,1780552959323170560,1780552960323170560,Effective Prefill Throughput Per User,tokens/sec/user,p50,6796.62
8,1780552959323170560,1780552960323170560,Effective Prefill Throughput Per User,tokens/sec/user,p90,6796.62
8,1780552959323170560,1780552960323170560,Effective Prefill Throughput Per User,tokens/sec/user,p95,6796.62
8,1780552959323170560,1780552960323170560,Effective Prefill Throughput Per User,tokens/sec/user,p99,6796.62
8,1780552959323170560,1780552960323170560,Effective Prefill Throughput Per User,tokens/sec/user,std,327.76
8,1780552959323170560,1780552960323170560,Effective Total Throughput,tokens/sec,avg,13684.69
8,1780552959323170560,1780552960323170560,Effective Total Throughput,tokens/sec,min,13635.10
8,1780552959323170560,1780552960323170560,Effective Total Throughput,tokens/sec,max,15062.47
8,1780552959323170560,1780552960323170560,Effective Total Throughput,tokens/sec,p50,13635.10
8,1780552959323170560,1780552960323170560,Effective Total Throughput,tokens/sec,p90,13635.10
8,1780552959323170560,1780552960323170560,Effective Total Throughput,tokens/sec,p95,13635.10
8,1780552959323170560,1780552960323170560,Effective Total Throughput,tokens/sec,p99,15062.47
8,1780552959323170560,1780552960323170560,Effective Total Throughput,tokens/sec,std,261.39
8,1780552959323170560,1780552960323170560,HTTP Blocked,ms,avg,0.00
8,1780552959323170560,1780552960323170560,HTTP Blocked,ms,min,0.00
8,1780552959323170560,1780552960323170560,HTTP Blocked,ms,max,0.00
8,1780552959323170560,1780552960323170560,HTTP Blocked,ms,sum,0.00
8,1780552959323170560,1780552960323170560,HTTP Blocked,ms,p1,0.00
8,1780552959323170560,1780552960323170560,HTTP Blocked,ms,p5,0.00
8,1780552959323170560,1780552960323170560,HTTP Blocked,ms,p10,0.00
8,1780552959323170560,1780552960323170560,HTTP Blocked,ms,p25,0.00
8,1780552959323170560,1780552960323170560,HTTP Blocked,ms,p50,0.00
8,1780552959323170560,1780552960323170560,HTTP Blocked,ms,p75,0.00
8,1780552959323170560,1780552960323170560,HTTP Blocked,ms,p90,0.00
8,1780552959323170560,1780552960323170560,HTTP Blocked,ms,p95,0.00
8,1780552959323170560,1780552960323170560,HTTP Blocked,ms,p99,0.00
8,1780552959323170560,1780552960323170560,HTTP Blocked,ms,std,0.00
8,1780552959323170560,1780552960323170560,HTTP Chunks Received,count,avg,481.00
8,1780552959323170560,1780552960323170560,HTTP Chunks Received,count,min,481.00
8,1780552959323170560,1780552960323170560,HTTP Chunks Received,count,max,481.00
8,1780552959323170560,1780552960323170560,HTTP Chunks Received,count,sum,481.00
8,1780552959323170560,1780552960323170560,HTTP Chunks Received,count,p1,481.00
8,1780552959323170560,1780552960323170560,HTTP Chunks Received,count,p5,481.00
8,1780552959323170560,1780552960323170560,HTTP Chunks Received,count,p10,481.00
8,1780552959323170560,1780552960323170560,HTTP Chunks Received,count,p25,481.00
8,1780552959323170560,1780552960323170560,HTTP Chunks Received,count,p50,481.00
8,1780552959323170560,1780552960323170560,HTTP Chunks Received,count,p75,481.00
8,1780552959323170560,1780552960323170560,HTTP Chunks Received,count,p90,481.00
8,1780552959323170560,1780552960323170560,HTTP Chunks Received,count,p95,481.00
8,1780552959323170560,1780552960323170560,HTTP Chunks Received,count,p99,481.00
8,1780552959323170560,1780552960323170560,HTTP Chunks Received,count,std,0.00
8,1780552959323170560,1780552960323170560,HTTP Chunks Sent,count,avg,1.00
8,1780552959323170560,1780552960323170560,HTTP Chunks Sent,count,min,1.00
8,1780552959323170560,1780552960323170560,HTTP Chunks Sent,count,max,1.00
8,1780552959323170560,1780552960323170560,HTTP Chunks Sent,count,sum,1.00
8,1780552959323170560,1780552960323170560,HTTP Chunks Sent,count,p1,1.00
8,1780552959323170560,1780552960323170560,HTTP Chunks Sent,count,p5,1.00
8,1780552959323170560,1780552960323170560,HTTP Chunks Sent,count,p10,1.00
8,1780552959323170560,1780552960323170560,HTTP Chunks Sent,count,p25,1.00
8,1780552959323170560,1780552960323170560,HTTP Chunks Sent,count,p50,1.00
8,1780552959323170560,1780552960323170560,HTTP Chunks Sent,count,p75,1.00
8,1780552959323170560,1780552960323170560,HTTP Chunks Sent,count,p90,1.00
8,1780552959323170560,1780552960323170560,HTTP Chunks Sent,count,p95,1.00
8,1780552959323170560,1780552960323170560,HTTP Chunks Sent,count,p99,1.00
8,1780552959323170560,1780552960323170560,HTTP Chunks Sent,count,std,0.00
8,1780552959323170560,1780552960323170560,HTTP Connecting,ms,avg,0.91
8,1780552959323170560,1780552960323170560,HTTP Connecting,ms,min,0.91
8,1780552959323170560,1780552960323170560,HTTP Connecting,ms,max,0.91
8,1780552959323170560,1780552960323170560,HTTP Connecting,ms,sum,0.91
8,1780552959323170560,1780552960323170560,HTTP Connecting,ms,p1,0.91
8,1780552959323170560,1780552960323170560,HTTP Connecting,ms,p5,0.91
8,1780552959323170560,1780552960323170560,HTTP Connecting,ms,p10,0.91
8,1780552959323170560,1780552960323170560,HTTP Connecting,ms,p25,0.91
8,1780552959323170560,1780552960323170560,HTTP Connecting,ms,p50,0.91
8,1780552959323170560,1780552960323170560,HTTP Connecting,ms,p75,0.91
8,1780552959323170560,1780552960323170560,HTTP Connecting,ms,p90,0.91
8,1780552959323170560,1780552960323170560,HTTP Connecting,ms,p95,0.91
8,1780552959323170560,1780552960323170560,HTTP Connecting,ms,p99,0.91
8,1780552959323170560,1780552960323170560,HTTP Connecting,ms,std,0.00
8,1780552959323170560,1780552960323170560,HTTP Connection Overhead,ms,avg,0.91
8,1780552959323170560,1780552960323170560,HTTP Connection Overhead,ms,min,0.91
8,1780552959323170560,1780552960323170560,HTTP Connection Overhead,ms,max,0.91
8,1780552959323170560,1780552960323170560,HTTP Connection Overhead,ms,sum,0.91
8,1780552959323170560,1780552960323170560,HTTP Connection Overhead,ms,p1,0.91
8,1780552959323170560,1780552960323170560,HTTP Connection Overhead,ms,p5,0.91
8,1780552959323170560,1780552960323170560,HTTP Connection Overhead,ms,p10,0.91
8,1780552959323170560,1780552960323170560,HTTP Connection Overhead,ms,p25,0.91
8,1780552959323170560,1780552960323170560,HTTP Connection Overhead,ms,p50,0.91
8,1780552959323170560,1780552960323170560,HTTP Connection Overhead,ms,p75,0.91
8,1780552959323170560,1780552960323170560,HTTP Connection Overhead,ms,p90,0.91
8,1780552959323170560,1780552960323170560,HTTP Connection Overhead,ms,p95,0.91
8,1780552959323170560,1780552960323170560,HTTP Connection Overhead,ms,p99,0.91
8,1780552959323170560,1780552960323170560,HTTP Connection Overhead,ms,std,0.00
8,1780552959323170560,1780552960323170560,HTTP Connection Reused,ratio,avg,0.00
8,1780552959323170560,1780552960323170560,HTTP Connection Reused,ratio,min,0.00
8,1780552959323170560,1780552960323170560,HTTP Connection Reused,ratio,max,0.00
8,1780552959323170560,1780552960323170560,HTTP Connection Reused,ratio,sum,0.00
8,1780552959323170560,1780552960323170560,HTTP Connection Reused,ratio,p1,0.00
8,1780552959323170560,1780552960323170560,HTTP Connection Reused,ratio,p5,0.00
8,1780552959323170560,1780552960323170560,HTTP Connection Reused,ratio,p10,0.00
8,1780552959323170560,1780552960323170560,HTTP Connection Reused,ratio,p25,0.00
8,1780552959323170560,1780552960323170560,HTTP Connection Reused,ratio,p50,0.00
8,1780552959323170560,1780552960323170560,HTTP Connection Reused,ratio,p75,0.00
8,1780552959323170560,1780552960323170560,HTTP Connection Reused,ratio,p90,0.00
8,1780552959323170560,1780552960323170560,HTTP Connection Reused,ratio,p95,0.00
8,1780552959323170560,1780552960323170560,HTTP Connection Reused,ratio,p99,0.00
8,1780552959323170560,1780552960323170560,HTTP Connection Reused,ratio,std,0.00
8,1780552959323170560,1780552960323170560,HTTP Data Received,KB,avg,120.25
8,1780552959323170560,1780552960323170560,HTTP Data Received,KB,min,120.25
8,1780552959323170560,1780552960323170560,HTTP Data Received,KB,max,120.25
8,1780552959323170560,1780552960323170560,HTTP Data Received,KB,sum,120.25
8,1780552959323170560,1780552960323170560,HTTP Data Received,KB,p1,120.25
8,1780552959323170560,1780552960323170560,HTTP Data Received,KB,p5,120.25
8,1780552959323170560,1780552960323170560,HTTP Data Received,KB,p10,120.25
8,1780552959323170560,1780552960323170560,HTTP Data Received,KB,p25,120.25
8,1780552959323170560,1780552960323170560,HTTP Data Received,KB,p50,120.25
8,1780552959323170560,1780552960323170560,HTTP Data Received,KB,p75,120.25
8,1780552959323170560,1780552960323170560,HTTP Data Received,KB,p90,120.25
8,1780552959323170560,1780552960323170560,HTTP Data Received,KB,p95,120.25
8,1780552959323170560,1780552960323170560,HTTP Data Received,KB,p99,120.25
8,1780552959323170560,1780552960323170560,HTTP Data Received,KB,std,0.00
8,1780552959323170560,1780552960323170560,HTTP Data Sent,KB,avg,65.24
8,1780552959323170560,1780552960323170560,HTTP Data Sent,KB,min,65.24
8,1780552959323170560,1780552960323170560,HTTP Data Sent,KB,max,65.24
8,1780552959323170560,1780552960323170560,HTTP Data Sent,KB,sum,65.24
8,1780552959323170560,1780552960323170560,HTTP Data Sent,KB,p1,65.24
8,1780552959323170560,1780552960323170560,HTTP Data Sent,KB,p5,65.24
8,1780552959323170560,1780552960323170560,HTTP Data Sent,KB,p10,65.24
8,1780552959323170560,1780552960323170560,HTTP Data Sent,KB,p25,65.24
8,1780552959323170560,1780552960323170560,HTTP Data Sent,KB,p50,65.24
8,1780552959323170560,1780552960323170560,HTTP Data Sent,KB,p75,65.24
8,1780552959323170560,1780552960323170560,HTTP Data Sent,KB,p90,65.24
8,1780552959323170560,1780552960323170560,HTTP Data Sent,KB,p95,65.24
8,1780552959323170560,1780552960323170560,HTTP Data Sent,KB,p99,65.24
8,1780552959323170560,1780552960323170560,HTTP Data Sent,KB,std,0.00
8,1780552959323170560,1780552960323170560,HTTP DNS Lookup,ms,avg,0.00
8,1780552959323170560,1780552960323170560,HTTP DNS Lookup,ms,min,0.00
8,1780552959323170560,1780552960323170560,HTTP DNS Lookup,ms,max,0.00
8,1780552959323170560,1780552960323170560,HTTP DNS Lookup,ms,sum,0.00
8,1780552959323170560,1780552960323170560,HTTP DNS Lookup,ms,p1,0.00
8,1780552959323170560,1780552960323170560,HTTP DNS Lookup,ms,p5,0.00
8,1780552959323170560,1780552960323170560,HTTP DNS Lookup,ms,p10,0.00
8,1780552959323170560,1780552960323170560,HTTP DNS Lookup,ms,p25,0.00
8,1780552959323170560,1780552960323170560,HTTP DNS Lookup,ms,p50,0.00
8,1780552959323170560,1780552960323170560,HTTP DNS Lookup,ms,p75,0.00
8,1780552959323170560,1780552960323170560,HTTP DNS Lookup,ms,p90,0.00
8,1780552959323170560,1780552960323170560,HTTP DNS Lookup,ms,p95,0.00
8,1780552959323170560,1780552960323170560,HTTP DNS Lookup,ms,p99,0.00
8,1780552959323170560,1780552960323170560,HTTP DNS Lookup,ms,std,0.00
8,1780552959323170560,1780552960323170560,HTTP Duration (excl. conn),ms,avg,97764.15
8,1780552959323170560,1780552960323170560,HTTP Duration (excl. conn),ms,min,97764.15
8,1780552959323170560,1780552960323170560,HTTP Duration (excl. conn),ms,max,97764.15
8,1780552959323170560,1780552960323170560,HTTP Duration (excl. conn),ms,sum,97764.15
8,1780552959323170560,1780552960323170560,HTTP Duration (excl. conn),ms,p1,97764.15
8,1780552959323170560,1780552960323170560,HTTP Duration (excl. conn),ms,p5,97764.15
8,1780552959323170560,1780552960323170560,HTTP Duration (excl. conn),ms,p10,97764.15
8,1780552959323170560,1780552960323170560,HTTP Duration (excl. conn),ms,p25,97764.15
8,1780552959323170560,1780552960323170560,HTTP Duration (excl. conn),ms,p50,97764.15
8,1780552959323170560,1780552960323170560,HTTP Duration (excl. conn),ms,p75,97764.15
8,1780552959323170560,1780552960323170560,HTTP Duration (excl. conn),ms,p90,97764.15
8,1780552959323170560,1780552960323170560,HTTP Duration (excl. conn),ms,p95,97764.15
8,1780552959323170560,1780552960323170560,HTTP Duration (excl. conn),ms,p99,97764.15
8,1780552959323170560,1780552960323170560,HTTP Duration (excl. conn),ms,std,0.00
8,1780552959323170560,1780552960323170560,HTTP Receiving,ms,avg,86077.76
8,1780552959323170560,1780552960323170560,HTTP Receiving,ms,min,86077.76
8,1780552959323170560,1780552960323170560,HTTP Receiving,ms,max,86077.76
8,1780552959323170560,1780552960323170560,HTTP Receiving,ms,sum,86077.76
8,1780552959323170560,1780552960323170560,HTTP Receiving,ms,p1,86077.76
8,1780552959323170560,1780552960323170560,HTTP Receiving,ms,p5,86077.76
8,1780552959323170560,1780552960323170560,HTTP Receiving,ms,p10,86077.76
8,1780552959323170560,1780552960323170560,HTTP Receiving,ms,p25,86077.76
8,1780552959323170560,1780552960323170560,HTTP Receiving,ms,p50,86077.76
8,1780552959323170560,1780552960323170560,HTTP Receiving,ms,p75,86077.76
8,1780552959323170560,1780552960323170560,HTTP Receiving,ms,p90,86077.76
8,1780552959323170560,1780552960323170560,HTTP Receiving,ms,p95,86077.76
8,1780552959323170560,1780552960323170560,HTTP Receiving,ms,p99,86077.76
8,1780552959323170560,1780552960323170560,HTTP Receiving,ms,std,0.00
8,1780552959323170560,1780552960323170560,HTTP Sending,ms,avg,1.27
8,1780552959323170560,1780552960323170560,HTTP Sending,ms,min,1.27
8,1780552959323170560,1780552960323170560,HTTP Sending,ms,max,1.27
8,1780552959323170560,1780552960323170560,HTTP Sending,ms,sum,1.27
8,1780552959323170560,1780552960323170560,HTTP Sending,ms,p1,1.27
8,1780552959323170560,1780552960323170560,HTTP Sending,ms,p5,1.27
8,1780552959323170560,1780552960323170560,HTTP Sending,ms,p10,1.27
8,1780552959323170560,1780552960323170560,HTTP Sending,ms,p25,1.27
8,1780552959323170560,1780552960323170560,HTTP Sending,ms,p50,1.27
8,1780552959323170560,1780552960323170560,HTTP Sending,ms,p75,1.27
8,1780552959323170560,1780552960323170560,HTTP Sending,ms,p90,1.27
8,1780552959323170560,1780552960323170560,HTTP Sending,ms,p95,1.27
8,1780552959323170560,1780552960323170560,HTTP Sending,ms,p99,1.27
8,1780552959323170560,1780552960323170560,HTTP Sending,ms,std,0.00
8,1780552959323170560,1780552960323170560,HTTP Total Time,ms,avg,97765.06
8,1780552959323170560,1780552960323170560,HTTP Total Time,ms,min,97765.06
8,1780552959323170560,1780552960323170560,HTTP Total Time,ms,max,97765.06
8,1780552959323170560,1780552960323170560,HTTP Total Time,ms,sum,97765.06
8,1780552959323170560,1780552960323170560,HTTP Total Time,ms,p1,97765.06
8,1780552959323170560,1780552960323170560,HTTP Total Time,ms,p5,97765.06
8,1780552959323170560,1780552960323170560,HTTP Total Time,ms,p10,97765.06
8,1780552959323170560,1780552960323170560,HTTP Total Time,ms,p25,97765.06
8,1780552959323170560,1780552960323170560,HTTP Total Time,ms,p50,97765.06
8,1780552959323170560,1780552960323170560,HTTP Total Time,ms,p75,97765.06
8,1780552959323170560,1780552960323170560,HTTP Total Time,ms,p90,97765.06
8,1780552959323170560,1780552960323170560,HTTP Total Time,ms,p95,97765.06
8,1780552959323170560,1780552960323170560,HTTP Total Time,ms,p99,97765.06
8,1780552959323170560,1780552960323170560,HTTP Total Time,ms,std,0.00
8,1780552959323170560,1780552960323170560,HTTP Waiting (TTFB),ms,avg,11685.12
8,1780552959323170560,1780552960323170560,HTTP Waiting (TTFB),ms,min,11685.12
8,1780552959323170560,1780552960323170560,HTTP Waiting (TTFB),ms,max,11685.12
8,1780552959323170560,1780552960323170560,HTTP Waiting (TTFB),ms,sum,11685.12
8,1780552959323170560,1780552960323170560,HTTP Waiting (TTFB),ms,p1,11685.12
8,1780552959323170560,1780552960323170560,HTTP Waiting (TTFB),ms,p5,11685.12
8,1780552959323170560,1780552960323170560,HTTP Waiting (TTFB),ms,p10,11685.12
8,1780552959323170560,1780552960323170560,HTTP Waiting (TTFB),ms,p25,11685.12
8,1780552959323170560,1780552960323170560,HTTP Waiting (TTFB),ms,p50,11685.12
8,1780552959323170560,1780552960323170560,HTTP Waiting (TTFB),ms,p75,11685.12
8,1780552959323170560,1780552960323170560,HTTP Waiting (TTFB),ms,p90,11685.12
8,1780552959323170560,1780552960323170560,HTTP Waiting (TTFB),ms,p95,11685.12
8,1780552959323170560,1780552960323170560,HTTP Waiting (TTFB),ms,p99,11685.12
8,1780552959323170560,1780552960323170560,HTTP Waiting (TTFB),ms,std,0.00
8,1780552959323170560,1780552960323170560,Input Sequence Length,tokens,avg,16681.00
8,1780552959323170560,1780552960323170560,Input Sequence Length,tokens,min,16681.00
8,1780552959323170560,1780552960323170560,Input Sequence Length,tokens,max,16681.00
8,1780552959323170560,1780552960323170560,Input Sequence Length,tokens,sum,16681.00
8,1780552959323170560,1780552960323170560,Input Sequence Length,tokens,p1,16681.00
8,1780552959323170560,1780552960323170560,Input Sequence Length,tokens,p5,16681.00
8,1780552959323170560,1780552960323170560,Input Sequence Length,tokens,p10,16681.00
8,1780552959323170560,1780552960323170560,Input Sequence Length,tokens,p25,16681.00
8,1780552959323170560,1780552960323170560,Input Sequence Length,tokens,p50,16681.00
8,1780552959323170560,1780552960323170560,Input Sequence Length,tokens,p75,16681.00
8,1780552959323170560,1780552960323170560,Input Sequence Length,tokens,p90,16681.00
8,1780552959323170560,1780552960323170560,Input Sequence Length,tokens,p95,16681.00
8,1780552959323170560,1780552960323170560,Input Sequence Length,tokens,p99,16681.00
8,1780552959323170560,1780552960323170560,Input Sequence Length,tokens,std,0.00
8,1780552959323170560,1780552960323170560,Input Token Throughput,tokens/sec,avg,16681.00
8,1780552959323170560,1780552960323170560,Inter Chunk Latency,ms,avg,37.46
8,1780552959323170560,1780552960323170560,Inter Chunk Latency,ms,min,34.48
8,1780552959323170560,1780552960323170560,Inter Chunk Latency,ms,max,38.95
8,1780552959323170560,1780552960323170560,Inter Chunk Latency,ms,sum,17981.88
8,1780552959323170560,1780552960323170560,Inter Chunk Latency,ms,p1,34.55
8,1780552959323170560,1780552960323170560,Inter Chunk Latency,ms,p5,34.73
8,1780552959323170560,1780552960323170560,Inter Chunk Latency,ms,p10,34.90
8,1780552959323170560,1780552960323170560,Inter Chunk Latency,ms,p25,35.84
8,1780552959323170560,1780552960323170560,Inter Chunk Latency,ms,p50,38.13
8,1780552959323170560,1780552960323170560,Inter Chunk Latency,ms,p75,38.72
8,1780552959323170560,1780552960323170560,Inter Chunk Latency,ms,p90,38.83
8,1780552959323170560,1780552960323170560,Inter Chunk Latency,ms,p95,38.87
8,1780552959323170560,1780552960323170560,Inter Chunk Latency,ms,p99,38.94
8,1780552959323170560,1780552960323170560,Inter Chunk Latency,ms,std,1.53
8,1780552959323170560,1780552960323170560,Inter Token Latency,ms,avg,179.33
8,1780552959323170560,1780552960323170560,Inter Token Latency,ms,min,179.33
8,1780552959323170560,1780552960323170560,Inter Token Latency,ms,max,179.33
8,1780552959323170560,1780552960323170560,Inter Token Latency,ms,sum,179.33
8,1780552959323170560,1780552960323170560,Inter Token Latency,ms,p1,179.33
8,1780552959323170560,1780552960323170560,Inter Token Latency,ms,p5,179.33
8,1780552959323170560,1780552960323170560,Inter Token Latency,ms,p10,179.33
8,1780552959323170560,1780552960323170560,Inter Token Latency,ms,p25,179.33
8,1780552959323170560,1780552960323170560,Inter Token Latency,ms,p50,179.33
8,1780552959323170560,1780552960323170560,Inter Token Latency,ms,p75,179.33
8,1780552959323170560,1780552960323170560,Inter Token Latency,ms,p90,179.33
8,1780552959323170560,1780552960323170560,Inter Token Latency,ms,p95,179.33
8,1780552959323170560,1780552960323170560,Inter Token Latency,ms,p99,179.33
8,1780552959323170560,1780552960323170560,Inter Token Latency,ms,std,0.00
8,1780552959323170560,1780552960323170560,Maximum Response Timestamp,ns,avg,1780553058052722176.00
8,1780552959323170560,1780552960323170560,Minimum Request Timestamp,ns,avg,1780552960288427008.00
8,1780552959323170560,1780552960323170560,OSL Mismatch Count,requests,avg,0.00
8,1780552959323170560,1780552960323170560,OSL Mismatch Diff %,%,avg,0.00
8,1780552959323170560,1780552960323170560,OSL Mismatch Diff %,%,min,0.00
8,1780552959323170560,1780552960323170560,OSL Mismatch Diff %,%,max,0.00
8,1780552959323170560,1780552960323170560,OSL Mismatch Diff %,%,sum,0.00
8,1780552959323170560,1780552960323170560,OSL Mismatch Diff %,%,p1,0.00
8,1780552959323170560,1780552960323170560,OSL Mismatch Diff %,%,p5,0.00
8,1780552959323170560,1780552960323170560,OSL Mismatch Diff %,%,p10,0.00
8,1780552959323170560,1780552960323170560,OSL Mismatch Diff %,%,p25,0.00
8,1780552959323170560,1780552960323170560,OSL Mismatch Diff %,%,p50,0.00
8,1780552959323170560,1780552960323170560,OSL Mismatch Diff %,%,p75,0.00
8,1780552959323170560,1780552960323170560,OSL Mismatch Diff %,%,p90,0.00
8,1780552959323170560,1780552960323170560,OSL Mismatch Diff %,%,p95,0.00
8,1780552959323170560,1780552960323170560,OSL Mismatch Diff %,%,p99,0.00
8,1780552959323170560,1780552960323170560,OSL Mismatch Diff %,%,std,0.00
8,1780552959323170560,1780552960323170560,Output Sequence Length,tokens,avg,481.00
8,1780552959323170560,1780552960323170560,Output Sequence Length,tokens,min,481.00
8,1780552959323170560,1780552960323170560,Output Sequence Length,tokens,max,481.00
8,1780552959323170560,1780552960323170560,Output Sequence Length,tokens,sum,481.00
8,1780552959323170560,1780552960323170560,Output Sequence Length,tokens,p1,481.00
8,1780552959323170560,1780552960323170560,Output Sequence Length,tokens,p5,481.00
8,1780552959323170560,1780552960323170560,Output Sequence Length,tokens,p10,481.00
8,1780552959323170560,1780552960323170560,Output Sequence Length,tokens,p25,481.00
8,1780552959323170560,1780552960323170560,Output Sequence Length,tokens,p50,481.00
8,1780552959323170560,1780552960323170560,Output Sequence Length,tokens,p75,481.00
8,1780552959323170560,1780552960323170560,Output Sequence Length,tokens,p90,481.00
8,1780552959323170560,1780552960323170560,Output Sequence Length,tokens,p95,481.00
8,1780552959323170560,1780552960323170560,Output Sequence Length,tokens,p99,481.00
8,1780552959323170560,1780552960323170560,Output Sequence Length,tokens,std,0.00
8,1780552959323170560,1780552960323170560,Output Token Count,tokens,avg,481.00
8,1780552959323170560,1780552960323170560,Output Token Count,tokens,min,481.00
8,1780552959323170560,1780552960323170560,Output Token Count,tokens,max,481.00
8,1780552959323170560,1780552960323170560,Output Token Count,tokens,sum,481.00
8,1780552959323170560,1780552960323170560,Output Token Count,tokens,p1,481.00
8,1780552959323170560,1780552960323170560,Output Token Count,tokens,p5,481.00
8,1780552959323170560,1780552960323170560,Output Token Count,tokens,p10,481.00
8,1780552959323170560,1780552960323170560,Output Token Count,tokens,p25,481.00
8,1780552959323170560,1780552960323170560,Output Token Count,tokens,p50,481.00
8,1780552959323170560,1780552960323170560,Output Token Count,tokens,p75,481.00
8,1780552959323170560,1780552960323170560,Output Token Count,tokens,p90,481.00
8,1780552959323170560,1780552960323170560,Output Token Count,tokens,p95,481.00
8,1780552959323170560,1780552960323170560,Output Token Count,tokens,p99,481.00
8,1780552959323170560,1780552960323170560,Output Token Count,tokens,std,0.00
8,1780552959323170560,1780552960323170560,Output Token Throughput,tokens/sec,avg,481.00
8,1780552959323170560,1780552960323170560,Output Token Throughput Per User,tokens/sec/user,avg,5.58
8,1780552959323170560,1780552960323170560,Output Token Throughput Per User,tokens/sec/user,min,5.58
8,1780552959323170560,1780552960323170560,Output Token Throughput Per User,tokens/sec/user,max,5.58
8,1780552959323170560,1780552960323170560,Output Token Throughput Per User,tokens/sec/user,sum,5.58
8,1780552959323170560,1780552960323170560,Output Token Throughput Per User,tokens/sec/user,p1,5.58
8,1780552959323170560,1780552960323170560,Output Token Throughput Per User,tokens/sec/user,p5,5.58
8,1780552959323170560,1780552960323170560,Output Token Throughput Per User,tokens/sec/user,p10,5.58
8,1780552959323170560,1780552960323170560,Output Token Throughput Per User,tokens/sec/user,p25,5.58
8,1780552959323170560,1780552960323170560,Output Token Throughput Per User,tokens/sec/user,p50,5.58
8,1780552959323170560,1780552960323170560,Output Token Throughput Per User,tokens/sec/user,p75,5.58
8,1780552959323170560,1780552960323170560,Output Token Throughput Per User,tokens/sec/user,p90,5.58
8,1780552959323170560,1780552960323170560,Output Token Throughput Per User,tokens/sec/user,p95,5.58
8,1780552959323170560,1780552960323170560,Output Token Throughput Per User,tokens/sec/user,p99,5.58
8,1780552959323170560,1780552960323170560,Output Token Throughput Per User,tokens/sec/user,std,0.00
8,1780552959323170560,1780552960323170560,Prefill Throughput Per User,tokens/sec/user,avg,1427.37
8,1780552959323170560,1780552960323170560,Prefill Throughput Per User,tokens/sec/user,min,1427.37
8,1780552959323170560,1780552960323170560,Prefill Throughput Per User,tokens/sec/user,max,1427.37
8,1780552959323170560,1780552960323170560,Prefill Throughput Per User,tokens/sec/user,sum,1427.37
8,1780552959323170560,1780552960323170560,Prefill Throughput Per User,tokens/sec/user,p1,1427.37
8,1780552959323170560,1780552960323170560,Prefill Throughput Per User,tokens/sec/user,p5,1427.37
8,1780552959323170560,1780552960323170560,Prefill Throughput Per User,tokens/sec/user,p10,1427.37
8,1780552959323170560,1780552960323170560,Prefill Throughput Per User,tokens/sec/user,p25,1427.37
8,1780552959323170560,1780552960323170560,Prefill Throughput Per User,tokens/sec/user,p50,1427.37
8,1780552959323170560,1780552960323170560,Prefill Throughput Per User,tokens/sec/user,p75,1427.37
8,1780552959323170560,1780552960323170560,Prefill Throughput Per User,tokens/sec/user,p90,1427.37
8,1780552959323170560,1780552960323170560,Prefill Throughput Per User,tokens/sec/user,p95,1427.37
8,1780552959323170560,1780552960323170560,Prefill Throughput Per User,tokens/sec/user,p99,1427.37
8,1780552959323170560,1780552960323170560,Prefill Throughput Per User,tokens/sec/user,std,0.00
8,1780552959323170560,1780552960323170560,Request Count,requests,avg,1.00
8,1780552959323170560,1780552960323170560,Request Latency,ms,avg,97764.30
8,1780552959323170560,1780552960323170560,Request Latency,ms,min,97764.30
8,1780552959323170560,1780552960323170560,Request Latency,ms,max,97764.30
8,1780552959323170560,1780552960323170560,Request Latency,ms,sum,97764.30
8,1780552959323170560,1780552960323170560,Request Latency,ms,p1,97764.30
8,1780552959323170560,1780552960323170560,Request Latency,ms,p5,97764.30
8,1780552959323170560,1780552960323170560,Request Latency,ms,p10,97764.30
8,1780552959323170560,1780552960323170560,Request Latency,ms,p25,97764.30
8,1780552959323170560,1780552960323170560,Request Latency,ms,p50,97764.30
8,1780552959323170560,1780552960323170560,Request Latency,ms,p75,97764.30
8,1780552959323170560,1780552960323170560,Request Latency,ms,p90,97764.30
8,1780552959323170560,1780552960323170560,Request Latency,ms,p95,97764.30
8,1780552959323170560,1780552960323170560,Request Latency,ms,p99,97764.30
8,1780552959323170560,1780552960323170560,Request Latency,ms,std,0.00
8,1780552959323170560,1780552960323170560,Request Throughput,requests/sec,avg,1.00
8,1780552959323170560,1780552960323170560,Requested OSL,tokens,avg,481.00
8,1780552959323170560,1780552960323170560,Requested OSL,tokens,min,481.00
8,1780552959323170560,1780552960323170560,Requested OSL,tokens,max,481.00
8,1780552959323170560,1780552960323170560,Requested OSL,tokens,sum,481.00
8,1780552959323170560,1780552960323170560,Requested OSL,tokens,p1,481.00
8,1780552959323170560,1780552960323170560,Requested OSL,tokens,p5,481.00
8,1780552959323170560,1780552960323170560,Requested OSL,tokens,p10,481.00
8,1780552959323170560,1780552960323170560,Requested OSL,tokens,p25,481.00
8,1780552959323170560,1780552960323170560,Requested OSL,tokens,p50,481.00
8,1780552959323170560,1780552960323170560,Requested OSL,tokens,p75,481.00
8,1780552959323170560,1780552960323170560,Requested OSL,tokens,p90,481.00
8,1780552959323170560,1780552960323170560,Requested OSL,tokens,p95,481.00
8,1780552959323170560,1780552960323170560,Requested OSL,tokens,p99,481.00
8,1780552959323170560,1780552960323170560,Requested OSL,tokens,std,0.00
8,1780552959323170560,1780552960323170560,Time to First Output Token,ms,avg,11686.54
8,1780552959323170560,1780552960323170560,Time to First Output Token,ms,min,11686.54
8,1780552959323170560,1780552960323170560,Time to First Output Token,ms,max,11686.54
8,1780552959323170560,1780552960323170560,Time to First Output Token,ms,sum,11686.54
8,1780552959323170560,1780552960323170560,Time to First Output Token,ms,p1,11686.54
8,1780552959323170560,1780552960323170560,Time to First Output Token,ms,p5,11686.54
8,1780552959323170560,1780552960323170560,Time to First Output Token,ms,p10,11686.54
8,1780552959323170560,1780552960323170560,Time to First Output Token,ms,p25,11686.54
8,1780552959323170560,1780552960323170560,Time to First Output Token,ms,p50,11686.54
8,1780552959323170560,1780552960323170560,Time to First Output Token,ms,p75,11686.54
8,1780552959323170560,1780552960323170560,Time to First Output Token,ms,p90,11686.54
8,1780552959323170560,1780552960323170560,Time to First Output Token,ms,p95,11686.54
8,1780552959323170560,1780552960323170560,Time to First Output Token,ms,p99,11686.54
8,1780552959323170560,1780552960323170560,Time to First Output Token,ms,std,0.00
8,1780552959323170560,1780552960323170560,Time to First Token,ms,avg,11686.54
8,1780552959323170560,1780552960323170560,Time to First Token,ms,min,11686.54
8,1780552959323170560,1780552960323170560,Time to First Token,ms,max,11686.54
8,1780552959323170560,1780552960323170560,Time to First Token,ms,sum,11686.54
8,1780552959323170560,1780552960323170560,Time to First Token,ms,p1,11686.54
8,1780552959323170560,1780552960323170560,Time to First Token,ms,p5,11686.54
8,1780552959323170560,1780552960323170560,Time to First Token,ms,p10,11686.54
8,1780552959323170560,1780552960323170560,Time to First Token,ms,p25,11686.54
8,1780552959323170560,1780552960323170560,Time to First Token,ms,p50,11686.54
8,1780552959323170560,1780552960323170560,Time to First Token,ms,p75,11686.54
8,1780552959323170560,1780552960323170560,Time to First Token,ms,p90,11686.54
8,1780552959323170560,1780552960323170560,Time to First Token,ms,p95,11686.54
8,1780552959323170560,1780552960323170560,Time to First Token,ms,p99,11686.54
8,1780552959323170560,1780552960323170560,Time to First Token,ms,std,0.00
8,1780552959323170560,1780552960323170560,Time to Second Token,ms,avg,153.71
8,1780552959323170560,1780552960323170560,Time to Second Token,ms,min,153.71
8,1780552959323170560,1780552960323170560,Time to Second Token,ms,max,153.71
8,1780552959323170560,1780552960323170560,Time to Second Token,ms,sum,153.71
8,1780552959323170560,1780552960323170560,Time to Second Token,ms,p1,153.71
8,1780552959323170560,1780552960323170560,Time to Second Token,ms,p5,153.71
8,1780552959323170560,1780552960323170560,Time to Second Token,ms,p10,153.71
8,1780552959323170560,1780552960323170560,Time to Second Token,ms,p25,153.71
8,1780552959323170560,1780552960323170560,Time to Second Token,ms,p50,153.71
8,1780552959323170560,1780552960323170560,Time to Second Token,ms,p75,153.71
8,1780552959323170560,1780552960323170560,Time to Second Token,ms,p90,153.71
8,1780552959323170560,1780552960323170560,Time to Second Token,ms,p95,153.71
8,1780552959323170560,1780552960323170560,Time to Second Token,ms,p99,153.71
8,1780552959323170560,1780552960323170560,Time to Second Token,ms,std,0.00
8,1780552959323170560,1780552960323170560,Tokens In Flight,tokens,avg,1058763.91
8,1780552959323170560,1780552960323170560,Tokens In Flight,tokens,min,1058146.66
8,1780552959323170560,1780552960323170560,Tokens In Flight,tokens,max,1074903.20
8,1780552959323170560,1780552960323170560,Tokens In Flight,tokens,p50,1058183.58
8,1780552959323170560,1780552960323170560,Tokens In Flight,tokens,p90,1058212.79
8,1780552959323170560,1780552960323170560,Tokens In Flight,tokens,p95,1058217.49
8,1780552959323170560,1780552960323170560,Tokens In Flight,tokens,p99,1074903.20
8,1780552959323170560,1780552960323170560,Tokens In Flight,tokens,std,3061.83
8,1780552959323170560,1780552960323170560,Total Input Sequence Length,tokens,avg,16681.00
8,1780552959323170560,1780552960323170560,Total Output Sequence Length,tokens,avg,481.00
8,1780552959323170560,1780552960323170560,Total Output Tokens,tokens,avg,481.00
8,1780552959323170560,1780552960323170560,Total Token Throughput,tokens/sec,avg,17162.00
8,1780552959323170560,1780552960323170560,Total Usage Completion Tokens,tokens,avg,481.00
8,1780552959323170560,1780552960323170560,Total Usage Prompt Tokens,tokens,avg,16681.00
8,1780552959323170560,1780552960323170560,Total Usage Total Tokens,tokens,avg,17162.00
8,1780552959323170560,1780552960323170560,Usage Completion Tokens,tokens,avg,481.00
8,1780552959323170560,1780552960323170560,Usage Completion Tokens,tokens,min,481.00
8,1780552959323170560,1780552960323170560,Usage Completion Tokens,tokens,max,481.00
8,1780552959323170560,1780552960323170560,Usage Completion Tokens,tokens,sum,481.00
8,1780552959323170560,1780552960323170560,Usage Completion Tokens,tokens,p1,481.00
8,1780552959323170560,1780552960323170560,Usage Completion Tokens,tokens,p5,481.00
8,1780552959323170560,1780552960323170560,Usage Completion Tokens,tokens,p10,481.00
8,1780552959323170560,1780552960323170560,Usage Completion Tokens,tokens,p25,481.00
8,1780552959323170560,1780552960323170560,Usage Completion Tokens,tokens,p50,481.00
8,1780552959323170560,1780552960323170560,Usage Completion Tokens,tokens,p75,481.00
8,1780552959323170560,1780552960323170560,Usage Completion Tokens,tokens,p90,481.00
8,1780552959323170560,1780552960323170560,Usage Completion Tokens,tokens,p95,481.00
8,1780552959323170560,1780552960323170560,Usage Completion Tokens,tokens,p99,481.00
8,1780552959323170560,1780552960323170560,Usage Completion Tokens,tokens,std,0.00
8,1780552959323170560,1780552960323170560,Usage Prompt Tokens,tokens,avg,16681.00
8,1780552959323170560,1780552960323170560,Usage Prompt Tokens,tokens,min,16681.00
8,1780552959323170560,1780552960323170560,Usage Prompt Tokens,tokens,max,16681.00
8,1780552959323170560,1780552960323170560,Usage Prompt Tokens,tokens,sum,16681.00
8,1780552959323170560,1780552960323170560,Usage Prompt Tokens,tokens,p1,16681.00
8,1780552959323170560,1780552960323170560,Usage Prompt Tokens,tokens,p5,16681.00
8,1780552959323170560,1780552960323170560,Usage Prompt Tokens,tokens,p10,16681.00
8,1780552959323170560,1780552960323170560,Usage Prompt Tokens,tokens,p25,16681.00
8,1780552959323170560,1780552960323170560,Usage Prompt Tokens,tokens,p50,16681.00
8,1780552959323170560,1780552960323170560,Usage Prompt Tokens,tokens,p75,16681.00
8,1780552959323170560,1780552960323170560,Usage Prompt Tokens,tokens,p90,16681.00
8,1780552959323170560,1780552960323170560,Usage Prompt Tokens,tokens,p95,16681.00
8,1780552959323170560,1780552960323170560,Usage Prompt Tokens,tokens,p99,16681.00
8,1780552959323170560,1780552960323170560,Usage Prompt Tokens,tokens,std,0.00
8,1780552959323170560,1780552960323170560,Usage Total Tokens,tokens,avg,17162.00
8,1780552959323170560,1780552960323170560,Usage Total Tokens,tokens,min,17162.00
8,1780552959323170560,1780552960323170560,Usage Total Tokens,tokens,max,17162.00
8,1780552959323170560,1780552960323170560,Usage Total Tokens,tokens,sum,17162.00
8,1780552959323170560,1780552960323170560,Usage Total Tokens,tokens,p1,17162.00
8,1780552959323170560,1780552960323170560,Usage Total Tokens,tokens,p5,17162.00
8,1780552959323170560,1780552960323170560,Usage Total Tokens,tokens,p10,17162.00
8,1780552959323170560,1780552960323170560,Usage Total Tokens,tokens,p25,17162.00
8,1780552959323170560,1780552960323170560,Usage Total Tokens,tokens,p50,17162.00
8,1780552959323170560,1780552960323170560,Usage Total Tokens,tokens,p75,17162.00
8,1780552959323170560,1780552960323170560,Usage Total Tokens,tokens,p90,17162.00
8,1780552959323170560,1780552960323170560,Usage Total Tokens,tokens,p95,17162.00
8,1780552959323170560,1780552960323170560,Usage Total Tokens,tokens,p99,17162.00
8,1780552959323170560,1780552960323170560,Usage Total Tokens,tokens,std,0.00
9,1780552966323170560,1780552967323170560,Active Decode Throughput,tokens/sec,avg,75.38
9,1780552966323170560,1780552967323170560,Active Decode Throughput,tokens/sec,min,49.01
9,1780552966323170560,1780552967323170560,Active Decode Throughput,tokens/sec,max,101.75
9,1780552966323170560,1780552967323170560,Active Decode Throughput,tokens/sec,p50,75.38
9,1780552966323170560,1780552967323170560,Active Decode Throughput,tokens/sec,p90,75.38
9,1780552966323170560,1780552967323170560,Active Decode Throughput,tokens/sec,p95,75.38
9,1780552966323170560,1780552967323170560,Active Decode Throughput,tokens/sec,p99,75.38
9,1780552966323170560,1780552967323170560,Active Decode Throughput,tokens/sec,std,0.04
9,1780552966323170560,1780552967323170560,Active Decode Throughput Per User,tokens/sec/user,avg,8.38
9,1780552966323170560,1780552967323170560,Active Decode Throughput Per User,tokens/sec/user,min,5.45
9,1780552966323170560,1780552967323170560,Active Decode Throughput Per User,tokens/sec/user,max,11.31
9,1780552966323170560,1780552967323170560,Active Decode Throughput Per User,tokens/sec/user,p50,8.38
9,1780552966323170560,1780552967323170560,Active Decode Throughput Per User,tokens/sec/user,p90,8.38
9,1780552966323170560,1780552967323170560,Active Decode Throughput Per User,tokens/sec/user,p95,8.38
9,1780552966323170560,1780552967323170560,Active Decode Throughput Per User,tokens/sec/user,p99,8.38
9,1780552966323170560,1780552967323170560,Active Decode Throughput Per User,tokens/sec/user,std,0.00
9,1780552966323170560,1780552967323170560,Active Prefill Throughput,tokens/sec,avg,10166.92
9,1780552966323170560,1780552967323170560,Active Prefill Throughput,tokens/sec,min,4752.75
9,1780552966323170560,1780552967323170560,Active Prefill Throughput,tokens/sec,max,11368.49
9,1780552966323170560,1780552967323170560,Active Prefill Throughput,tokens/sec,p50,11368.49
9,1780552966323170560,1780552967323170560,Active Prefill Throughput,tokens/sec,p90,11368.49
9,1780552966323170560,1780552967323170560,Active Prefill Throughput,tokens/sec,p95,11368.49
9,1780552966323170560,1780552967323170560,Active Prefill Throughput,tokens/sec,p99,11368.49
9,1780552966323170560,1780552967323170560,Active Prefill Throughput,tokens/sec,std,2550.59
9,1780552966323170560,1780552967323170560,Active Prefill Throughput Per User,tokens/sec/user,avg,3532.84
9,1780552966323170560,1780552967323170560,Active Prefill Throughput Per User,tokens/sec/user,min,2376.38
9,1780552966323170560,1780552967323170560,Active Prefill Throughput Per User,tokens/sec/user,max,3789.50
9,1780552966323170560,1780552967323170560,Active Prefill Throughput Per User,tokens/sec/user,p50,3789.50
9,1780552966323170560,1780552967323170560,Active Prefill Throughput Per User,tokens/sec/user,p90,3789.50
9,1780552966323170560,1780552967323170560,Active Prefill Throughput Per User,tokens/sec/user,p95,3789.50
9,1780552966323170560,1780552967323170560,Active Prefill Throughput Per User,tokens/sec/user,p99,3789.50
9,1780552966323170560,1780552967323170560,Active Prefill Throughput Per User,tokens/sec/user,std,544.81
9,1780552966323170560,1780552967323170560,Active Total Throughput,tokens/sec,avg,10210.90
9,1780552966323170560,1780552967323170560,Active Total Throughput,tokens/sec,min,4796.74
9,1780552966323170560,1780552967323170560,Active Total Throughput,tokens/sec,max,11412.47
9,1780552966323170560,1780552967323170560,Active Total Throughput,tokens/sec,p50,11412.47
9,1780552966323170560,1780552967323170560,Active Total Throughput,tokens/sec,p90,11412.47
9,1780552966323170560,1780552967323170560,Active Total Throughput,tokens/sec,p95,11412.47
9,1780552966323170560,1780552967323170560,Active Total Throughput,tokens/sec,p99,11412.47
9,1780552966323170560,1780552967323170560,Active Total Throughput,tokens/sec,std,2550.59
9,1780552966323170560,1780552967323170560,Benchmark Duration,sec,avg,60.80
9,1780552966323170560,1780552967323170560,E2E Output Token Throughput,tokens/sec/user,avg,2.22
9,1780552966323170560,1780552967323170560,E2E Output Token Throughput,tokens/sec/user,min,2.22
9,1780552966323170560,1780552967323170560,E2E Output Token Throughput,tokens/sec/user,max,2.22
9,1780552966323170560,1780552967323170560,E2E Output Token Throughput,tokens/sec/user,sum,2.22
9,1780552966323170560,1780552967323170560,E2E Output Token Throughput,tokens/sec/user,p1,2.22
9,1780552966323170560,1780552967323170560,E2E Output Token Throughput,tokens/sec/user,p5,2.22
9,1780552966323170560,1780552967323170560,E2E Output Token Throughput,tokens/sec/user,p10,2.22
9,1780552966323170560,1780552967323170560,E2E Output Token Throughput,tokens/sec/user,p25,2.22
9,1780552966323170560,1780552967323170560,E2E Output Token Throughput,tokens/sec/user,p50,2.22
9,1780552966323170560,1780552967323170560,E2E Output Token Throughput,tokens/sec/user,p75,2.22
9,1780552966323170560,1780552967323170560,E2E Output Token Throughput,tokens/sec/user,p90,2.22
9,1780552966323170560,1780552967323170560,E2E Output Token Throughput,tokens/sec/user,p95,2.22
9,1780552966323170560,1780552967323170560,E2E Output Token Throughput,tokens/sec/user,p99,2.22
9,1780552966323170560,1780552967323170560,E2E Output Token Throughput,tokens/sec/user,std,0.00
9,1780552966323170560,1780552967323170560,Effective Concurrency,requests,avg,11.82
9,1780552966323170560,1780552967323170560,Effective Concurrency,requests,min,11.00
9,1780552966323170560,1780552967323170560,Effective Concurrency,requests,max,12.00
9,1780552966323170560,1780552967323170560,Effective Concurrency,requests,p50,12.00
9,1780552966323170560,1780552967323170560,Effective Concurrency,requests,p90,12.00
9,1780552966323170560,1780552967323170560,Effective Concurrency,requests,p95,12.00
9,1780552966323170560,1780552967323170560,Effective Concurrency,requests,p99,12.00
9,1780552966323170560,1780552967323170560,Effective Concurrency,requests,std,0.39
9,1780552966323170560,1780552967323170560,Effective Decode Concurrency,requests,avg,9.00
9,1780552966323170560,1780552967323170560,Effective Decode Concurrency,requests,min,9.00
9,1780552966323170560,1780552967323170560,Effective Decode Concurrency,requests,max,9.00
9,1780552966323170560,1780552967323170560,Effective Decode Concurrency,requests,p50,9.00
9,1780552966323170560,1780552967323170560,Effective Decode Concurrency,requests,p90,9.00
9,1780552966323170560,1780552967323170560,Effective Decode Concurrency,requests,p95,9.00
9,1780552966323170560,1780552967323170560,Effective Decode Concurrency,requests,p99,9.00
9,1780552966323170560,1780552967323170560,Effective Decode Concurrency,requests,std,0.00
9,1780552966323170560,1780552967323170560,Effective Decode Throughput,tokens/sec,avg,75.38
9,1780552966323170560,1780552967323170560,Effective Decode Throughput,tokens/sec,min,49.01
9,1780552966323170560,1780552967323170560,Effective Decode Throughput,tokens/sec,max,101.75
9,1780552966323170560,1780552967323170560,Effective Decode Throughput,tokens/sec,p50,75.38
9,1780552966323170560,1780552967323170560,Effective Decode Throughput,tokens/sec,p90,75.38
9,1780552966323170560,1780552967323170560,Effective Decode Throughput,tokens/sec,p95,75.38
9,1780552966323170560,1780552967323170560,Effective Decode Throughput,tokens/sec,p99,75.38
9,1780552966323170560,1780552967323170560,Effective Decode Throughput,tokens/sec,std,0.04
9,1780552966323170560,1780552967323170560,Effective Decode Throughput Per User,tokens/sec/user,avg,8.38
9,1780552966323170560,1780552967323170560,Effective Decode Throughput Per User,tokens/sec/user,min,5.45
9,1780552966323170560,1780552967323170560,Effective Decode Throughput Per User,tokens/sec/user,max,11.31
9,1780552966323170560,1780552967323170560,Effective Decode Throughput Per User,tokens/sec/user,p50,8.38
9,1780552966323170560,1780552967323170560,Effective Decode Throughput Per User,tokens/sec/user,p90,8.38
9,1780552966323170560,1780552967323170560,Effective Decode Throughput Per User,tokens/sec/user,p95,8.38
9,1780552966323170560,1780552967323170560,Effective Decode Throughput Per User,tokens/sec/user,p99,8.38
9,1780552966323170560,1780552967323170560,Effective Decode Throughput Per User,tokens/sec/user,std,0.00
9,1780552966323170560,1780552967323170560,Effective Prefill Concurrency,requests,avg,2.82
9,1780552966323170560,1780552967323170560,Effective Prefill Concurrency,requests,min,2.00
9,1780552966323170560,1780552967323170560,Effective Prefill Concurrency,requests,max,3.00
9,1780552966323170560,1780552967323170560,Effective Prefill Concurrency,requests,p50,3.00
9,1780552966323170560,1780552967323170560,Effective Prefill Concurrency,requests,p90,3.00
9,1780552966323170560,1780552967323170560,Effective Prefill Concurrency,requests,p95,3.00
9,1780552966323170560,1780552967323170560,Effective Prefill Concurrency,requests,p99,3.00
9,1780552966323170560,1780552967323170560,Effective Prefill Concurrency,requests,std,0.39
9,1780552966323170560,1780552967323170560,Effective Prefill Throughput,tokens/sec,avg,10166.92
9,1780552966323170560,1780552967323170560,Effective Prefill Throughput,tokens/sec,min,4752.75
9,1780552966323170560,1780552967323170560,Effective Prefill Throughput,tokens/sec,max,11368.49
9,1780552966323170560,1780552967323170560,Effective Prefill Throughput,tokens/sec,p50,11368.49
9,1780552966323170560,1780552967323170560,Effective Prefill Throughput,tokens/sec,p90,11368.49
9,1780552966323170560,1780552967323170560,Effective Prefill Throughput,tokens/sec,p95,11368.49
9,1780552966323170560,1780552967323170560,Effective Prefill Throughput,tokens/sec,p99,11368.49
9,1780552966323170560,1780552967323170560,Effective Prefill Throughput,tokens/sec,std,2550.59
9,1780552966323170560,1780552967323170560,Effective Prefill Throughput Per User,tokens/sec/user,avg,3532.84
9,1780552966323170560,1780552967323170560,Effective Prefill Throughput Per User,tokens/sec/user,min,2376.38
9,1780552966323170560,1780552967323170560,Effective Prefill Throughput Per User,tokens/sec/user,max,3789.50
9,1780552966323170560,1780552967323170560,Effective Prefill Throughput Per User,tokens/sec/user,p50,3789.50
9,1780552966323170560,1780552967323170560,Effective Prefill Throughput Per User,tokens/sec/user,p90,3789.50
9,1780552966323170560,1780552967323170560,Effective Prefill Throughput Per User,tokens/sec/user,p95,3789.50
9,1780552966323170560,1780552967323170560,Effective Prefill Throughput Per User,tokens/sec/user,p99,3789.50
9,1780552966323170560,1780552967323170560,Effective Prefill Throughput Per User,tokens/sec/user,std,544.81
9,1780552966323170560,1780552967323170560,Effective Total Throughput,tokens/sec,avg,10210.90
9,1780552966323170560,1780552967323170560,Effective Total Throughput,tokens/sec,min,4796.74
9,1780552966323170560,1780552967323170560,Effective Total Throughput,tokens/sec,max,11412.47
9,1780552966323170560,1780552967323170560,Effective Total Throughput,tokens/sec,p50,11412.47
9,1780552966323170560,1780552967323170560,Effective Total Throughput,tokens/sec,p90,11412.47
9,1780552966323170560,1780552967323170560,Effective Total Throughput,tokens/sec,p95,11412.47
9,1780552966323170560,1780552967323170560,Effective Total Throughput,tokens/sec,p99,11412.47
9,1780552966323170560,1780552967323170560,Effective Total Throughput,tokens/sec,std,2550.59
9,1780552966323170560,1780552967323170560,HTTP Blocked,ms,avg,0.00
9,1780552966323170560,1780552967323170560,HTTP Blocked,ms,min,0.00
9,1780552966323170560,1780552967323170560,HTTP Blocked,ms,max,0.00
9,1780552966323170560,1780552967323170560,HTTP Blocked,ms,sum,0.00
9,1780552966323170560,1780552967323170560,HTTP Blocked,ms,p1,0.00
9,1780552966323170560,1780552967323170560,HTTP Blocked,ms,p5,0.00
9,1780552966323170560,1780552967323170560,HTTP Blocked,ms,p10,0.00
9,1780552966323170560,1780552967323170560,HTTP Blocked,ms,p25,0.00
9,1780552966323170560,1780552967323170560,HTTP Blocked,ms,p50,0.00
9,1780552966323170560,1780552967323170560,HTTP Blocked,ms,p75,0.00
9,1780552966323170560,1780552967323170560,HTTP Blocked,ms,p90,0.00
9,1780552966323170560,1780552967323170560,HTTP Blocked,ms,p95,0.00
9,1780552966323170560,1780552967323170560,HTTP Blocked,ms,p99,0.00
9,1780552966323170560,1780552967323170560,HTTP Blocked,ms,std,0.00
9,1780552966323170560,1780552967323170560,HTTP Chunks Received,count,avg,135.00
9,1780552966323170560,1780552967323170560,HTTP Chunks Received,count,min,135.00
9,1780552966323170560,1780552967323170560,HTTP Chunks Received,count,max,135.00
9,1780552966323170560,1780552967323170560,HTTP Chunks Received,count,sum,135.00
9,1780552966323170560,1780552967323170560,HTTP Chunks Received,count,p1,135.00
9,1780552966323170560,1780552967323170560,HTTP Chunks Received,count,p5,135.00
9,1780552966323170560,1780552967323170560,HTTP Chunks Received,count,p10,135.00
9,1780552966323170560,1780552967323170560,HTTP Chunks Received,count,p25,135.00
9,1780552966323170560,1780552967323170560,HTTP Chunks Received,count,p50,135.00
9,1780552966323170560,1780552967323170560,HTTP Chunks Received,count,p75,135.00
9,1780552966323170560,1780552967323170560,HTTP Chunks Received,count,p90,135.00
9,1780552966323170560,1780552967323170560,HTTP Chunks Received,count,p95,135.00
9,1780552966323170560,1780552967323170560,HTTP Chunks Received,count,p99,135.00
9,1780552966323170560,1780552967323170560,HTTP Chunks Received,count,std,0.00
9,1780552966323170560,1780552967323170560,HTTP Chunks Sent,count,avg,1.00
9,1780552966323170560,1780552967323170560,HTTP Chunks Sent,count,min,1.00
9,1780552966323170560,1780552967323170560,HTTP Chunks Sent,count,max,1.00
9,1780552966323170560,1780552967323170560,HTTP Chunks Sent,count,sum,1.00
9,1780552966323170560,1780552967323170560,HTTP Chunks Sent,count,p1,1.00
9,1780552966323170560,1780552967323170560,HTTP Chunks Sent,count,p5,1.00
9,1780552966323170560,1780552967323170560,HTTP Chunks Sent,count,p10,1.00
9,1780552966323170560,1780552967323170560,HTTP Chunks Sent,count,p25,1.00
9,1780552966323170560,1780552967323170560,HTTP Chunks Sent,count,p50,1.00
9,1780552966323170560,1780552967323170560,HTTP Chunks Sent,count,p75,1.00
9,1780552966323170560,1780552967323170560,HTTP Chunks Sent,count,p90,1.00
9,1780552966323170560,1780552967323170560,HTTP Chunks Sent,count,p95,1.00
9,1780552966323170560,1780552967323170560,HTTP Chunks Sent,count,p99,1.00
9,1780552966323170560,1780552967323170560,HTTP Chunks Sent,count,std,0.00
9,1780552966323170560,1780552967323170560,HTTP Connecting,ms,avg,0.87
9,1780552966323170560,1780552967323170560,HTTP Connecting,ms,min,0.87
9,1780552966323170560,1780552967323170560,HTTP Connecting,ms,max,0.87
9,1780552966323170560,1780552967323170560,HTTP Connecting,ms,sum,0.87
9,1780552966323170560,1780552967323170560,HTTP Connecting,ms,p1,0.87
9,1780552966323170560,1780552967323170560,HTTP Connecting,ms,p5,0.87
9,1780552966323170560,1780552967323170560,HTTP Connecting,ms,p10,0.87
9,1780552966323170560,1780552967323170560,HTTP Connecting,ms,p25,0.87
9,1780552966323170560,1780552967323170560,HTTP Connecting,ms,p50,0.87
9,1780552966323170560,1780552967323170560,HTTP Connecting,ms,p75,0.87
9,1780552966323170560,1780552967323170560,HTTP Connecting,ms,p90,0.87
9,1780552966323170560,1780552967323170560,HTTP Connecting,ms,p95,0.87
9,1780552966323170560,1780552967323170560,HTTP Connecting,ms,p99,0.87
9,1780552966323170560,1780552967323170560,HTTP Connecting,ms,std,0.00
9,1780552966323170560,1780552967323170560,HTTP Connection Overhead,ms,avg,0.87
9,1780552966323170560,1780552967323170560,HTTP Connection Overhead,ms,min,0.87
9,1780552966323170560,1780552967323170560,HTTP Connection Overhead,ms,max,0.87
9,1780552966323170560,1780552967323170560,HTTP Connection Overhead,ms,sum,0.87
9,1780552966323170560,1780552967323170560,HTTP Connection Overhead,ms,p1,0.87
9,1780552966323170560,1780552967323170560,HTTP Connection Overhead,ms,p5,0.87
9,1780552966323170560,1780552967323170560,HTTP Connection Overhead,ms,p10,0.87
9,1780552966323170560,1780552967323170560,HTTP Connection Overhead,ms,p25,0.87
9,1780552966323170560,1780552967323170560,HTTP Connection Overhead,ms,p50,0.87
9,1780552966323170560,1780552967323170560,HTTP Connection Overhead,ms,p75,0.87
9,1780552966323170560,1780552967323170560,HTTP Connection Overhead,ms,p90,0.87
9,1780552966323170560,1780552967323170560,HTTP Connection Overhead,ms,p95,0.87
9,1780552966323170560,1780552967323170560,HTTP Connection Overhead,ms,p99,0.87
9,1780552966323170560,1780552967323170560,HTTP Connection Overhead,ms,std,0.00
9,1780552966323170560,1780552967323170560,HTTP Connection Reused,ratio,avg,0.00
9,1780552966323170560,1780552967323170560,HTTP Connection Reused,ratio,min,0.00
9,1780552966323170560,1780552967323170560,HTTP Connection Reused,ratio,max,0.00
9,1780552966323170560,1780552967323170560,HTTP Connection Reused,ratio,sum,0.00
9,1780552966323170560,1780552967323170560,HTTP Connection Reused,ratio,p1,0.00
9,1780552966323170560,1780552967323170560,HTTP Connection Reused,ratio,p5,0.00
9,1780552966323170560,1780552967323170560,HTTP Connection Reused,ratio,p10,0.00
9,1780552966323170560,1780552967323170560,HTTP Connection Reused,ratio,p25,0.00
9,1780552966323170560,1780552967323170560,HTTP Connection Reused,ratio,p50,0.00
9,1780552966323170560,1780552967323170560,HTTP Connection Reused,ratio,p75,0.00
9,1780552966323170560,1780552967323170560,HTTP Connection Reused,ratio,p90,0.00
9,1780552966323170560,1780552967323170560,HTTP Connection Reused,ratio,p95,0.00
9,1780552966323170560,1780552967323170560,HTTP Connection Reused,ratio,p99,0.00
9,1780552966323170560,1780552967323170560,HTTP Connection Reused,ratio,std,0.00
9,1780552966323170560,1780552967323170560,HTTP Data Received,KB,avg,34.20
9,1780552966323170560,1780552967323170560,HTTP Data Received,KB,min,34.20
9,1780552966323170560,1780552967323170560,HTTP Data Received,KB,max,34.20
9,1780552966323170560,1780552967323170560,HTTP Data Received,KB,sum,34.20
9,1780552966323170560,1780552967323170560,HTTP Data Received,KB,p1,34.20
9,1780552966323170560,1780552967323170560,HTTP Data Received,KB,p5,34.20
9,1780552966323170560,1780552967323170560,HTTP Data Received,KB,p10,34.20
9,1780552966323170560,1780552967323170560,HTTP Data Received,KB,p25,34.20
9,1780552966323170560,1780552967323170560,HTTP Data Received,KB,p50,34.20
9,1780552966323170560,1780552967323170560,HTTP Data Received,KB,p75,34.20
9,1780552966323170560,1780552967323170560,HTTP Data Received,KB,p90,34.20
9,1780552966323170560,1780552967323170560,HTTP Data Received,KB,p95,34.20
9,1780552966323170560,1780552967323170560,HTTP Data Received,KB,p99,34.20
9,1780552966323170560,1780552967323170560,HTTP Data Received,KB,std,0.00
9,1780552966323170560,1780552967323170560,HTTP Data Sent,KB,avg,250.11
9,1780552966323170560,1780552967323170560,HTTP Data Sent,KB,min,250.11
9,1780552966323170560,1780552967323170560,HTTP Data Sent,KB,max,250.11
9,1780552966323170560,1780552967323170560,HTTP Data Sent,KB,sum,250.11
9,1780552966323170560,1780552967323170560,HTTP Data Sent,KB,p1,250.11
9,1780552966323170560,1780552967323170560,HTTP Data Sent,KB,p5,250.11
9,1780552966323170560,1780552967323170560,HTTP Data Sent,KB,p10,250.11
9,1780552966323170560,1780552967323170560,HTTP Data Sent,KB,p25,250.11
9,1780552966323170560,1780552967323170560,HTTP Data Sent,KB,p50,250.11
9,1780552966323170560,1780552967323170560,HTTP Data Sent,KB,p75,250.11
9,1780552966323170560,1780552967323170560,HTTP Data Sent,KB,p90,250.11
9,1780552966323170560,1780552967323170560,HTTP Data Sent,KB,p95,250.11
9,1780552966323170560,1780552967323170560,HTTP Data Sent,KB,p99,250.11
9,1780552966323170560,1780552967323170560,HTTP Data Sent,KB,std,0.00
9,1780552966323170560,1780552967323170560,HTTP DNS Lookup,ms,avg,0.00
9,1780552966323170560,1780552967323170560,HTTP DNS Lookup,ms,min,0.00
9,1780552966323170560,1780552967323170560,HTTP DNS Lookup,ms,max,0.00
9,1780552966323170560,1780552967323170560,HTTP DNS Lookup,ms,sum,0.00
9,1780552966323170560,1780552967323170560,HTTP DNS Lookup,ms,p1,0.00
9,1780552966323170560,1780552967323170560,HTTP DNS Lookup,ms,p5,0.00
9,1780552966323170560,1780552967323170560,HTTP DNS Lookup,ms,p10,0.00
9,1780552966323170560,1780552967323170560,HTTP DNS Lookup,ms,p25,0.00
9,1780552966323170560,1780552967323170560,HTTP DNS Lookup,ms,p50,0.00
9,1780552966323170560,1780552967323170560,HTTP DNS Lookup,ms,p75,0.00
9,1780552966323170560,1780552967323170560,HTTP DNS Lookup,ms,p90,0.00
9,1780552966323170560,1780552967323170560,HTTP DNS Lookup,ms,p95,0.00
9,1780552966323170560,1780552967323170560,HTTP DNS Lookup,ms,p99,0.00
9,1780552966323170560,1780552967323170560,HTTP DNS Lookup,ms,std,0.00
9,1780552966323170560,1780552967323170560,HTTP Duration (excl. conn),ms,avg,60795.59
9,1780552966323170560,1780552967323170560,HTTP Duration (excl. conn),ms,min,60795.59
9,1780552966323170560,1780552967323170560,HTTP Duration (excl. conn),ms,max,60795.59
9,1780552966323170560,1780552967323170560,HTTP Duration (excl. conn),ms,sum,60795.59
9,1780552966323170560,1780552967323170560,HTTP Duration (excl. conn),ms,p1,60795.59
9,1780552966323170560,1780552967323170560,HTTP Duration (excl. conn),ms,p5,60795.59
9,1780552966323170560,1780552967323170560,HTTP Duration (excl. conn),ms,p10,60795.59
9,1780552966323170560,1780552967323170560,HTTP Duration (excl. conn),ms,p25,60795.59
9,1780552966323170560,1780552967323170560,HTTP Duration (excl. conn),ms,p50,60795.59
9,1780552966323170560,1780552967323170560,HTTP Duration (excl. conn),ms,p75,60795.59
9,1780552966323170560,1780552967323170560,HTTP Duration (excl. conn),ms,p90,60795.59
9,1780552966323170560,1780552967323170560,HTTP Duration (excl. conn),ms,p95,60795.59
9,1780552966323170560,1780552967323170560,HTTP Duration (excl. conn),ms,p99,60795.59
9,1780552966323170560,1780552967323170560,HTTP Duration (excl. conn),ms,std,0.00
9,1780552966323170560,1780552967323170560,HTTP Receiving,ms,avg,51040.50
9,1780552966323170560,1780552967323170560,HTTP Receiving,ms,min,51040.50
9,1780552966323170560,1780552967323170560,HTTP Receiving,ms,max,51040.50
9,1780552966323170560,1780552967323170560,HTTP Receiving,ms,sum,51040.50
9,1780552966323170560,1780552967323170560,HTTP Receiving,ms,p1,51040.50
9,1780552966323170560,1780552967323170560,HTTP Receiving,ms,p5,51040.50
9,1780552966323170560,1780552967323170560,HTTP Receiving,ms,p10,51040.50
9,1780552966323170560,1780552967323170560,HTTP Receiving,ms,p25,51040.50
9,1780552966323170560,1780552967323170560,HTTP Receiving,ms,p50,51040.50
9,1780552966323170560,1780552967323170560,HTTP Receiving,ms,p75,51040.50
9,1780552966323170560,1780552967323170560,HTTP Receiving,ms,p90,51040.50
9,1780552966323170560,1780552967323170560,HTTP Receiving,ms,p95,51040.50
9,1780552966323170560,1780552967323170560,HTTP Receiving,ms,p99,51040.50
9,1780552966323170560,1780552967323170560,HTTP Receiving,ms,std,0.00
9,1780552966323170560,1780552967323170560,HTTP Sending,ms,avg,1.20
9,1780552966323170560,1780552967323170560,HTTP Sending,ms,min,1.20
9,1780552966323170560,1780552967323170560,HTTP Sending,ms,max,1.20
9,1780552966323170560,1780552967323170560,HTTP Sending,ms,sum,1.20
9,1780552966323170560,1780552967323170560,HTTP Sending,ms,p1,1.20
9,1780552966323170560,1780552967323170560,HTTP Sending,ms,p5,1.20
9,1780552966323170560,1780552967323170560,HTTP Sending,ms,p10,1.20
9,1780552966323170560,1780552967323170560,HTTP Sending,ms,p25,1.20
9,1780552966323170560,1780552967323170560,HTTP Sending,ms,p50,1.20
9,1780552966323170560,1780552967323170560,HTTP Sending,ms,p75,1.20
9,1780552966323170560,1780552967323170560,HTTP Sending,ms,p90,1.20
9,1780552966323170560,1780552967323170560,HTTP Sending,ms,p95,1.20
9,1780552966323170560,1780552967323170560,HTTP Sending,ms,p99,1.20
9,1780552966323170560,1780552967323170560,HTTP Sending,ms,std,0.00
9,1780552966323170560,1780552967323170560,HTTP Total Time,ms,avg,60796.46
9,1780552966323170560,1780552967323170560,HTTP Total Time,ms,min,60796.46
9,1780552966323170560,1780552967323170560,HTTP Total Time,ms,max,60796.46
9,1780552966323170560,1780552967323170560,HTTP Total Time,ms,sum,60796.46
9,1780552966323170560,1780552967323170560,HTTP Total Time,ms,p1,60796.46
9,1780552966323170560,1780552967323170560,HTTP Total Time,ms,p5,60796.46
9,1780552966323170560,1780552967323170560,HTTP Total Time,ms,p10,60796.46
9,1780552966323170560,1780552967323170560,HTTP Total Time,ms,p25,60796.46
9,1780552966323170560,1780552967323170560,HTTP Total Time,ms,p50,60796.46
9,1780552966323170560,1780552967323170560,HTTP Total Time,ms,p75,60796.46
9,1780552966323170560,1780552967323170560,HTTP Total Time,ms,p90,60796.46
9,1780552966323170560,1780552967323170560,HTTP Total Time,ms,p95,60796.46
9,1780552966323170560,1780552967323170560,HTTP Total Time,ms,p99,60796.46
9,1780552966323170560,1780552967323170560,HTTP Total Time,ms,std,0.00
9,1780552966323170560,1780552967323170560,HTTP Waiting (TTFB),ms,avg,9753.89
9,1780552966323170560,1780552967323170560,HTTP Waiting (TTFB),ms,min,9753.89
9,1780552966323170560,1780552967323170560,HTTP Waiting (TTFB),ms,max,9753.89
9,1780552966323170560,1780552967323170560,HTTP Waiting (TTFB),ms,sum,9753.89
9,1780552966323170560,1780552967323170560,HTTP Waiting (TTFB),ms,p1,9753.89
9,1780552966323170560,1780552967323170560,HTTP Waiting (TTFB),ms,p5,9753.89
9,1780552966323170560,1780552967323170560,HTTP Waiting (TTFB),ms,p10,9753.89
9,1780552966323170560,1780552967323170560,HTTP Waiting (TTFB),ms,p25,9753.89
9,1780552966323170560,1780552967323170560,HTTP Waiting (TTFB),ms,p50,9753.89
9,1780552966323170560,1780552967323170560,HTTP Waiting (TTFB),ms,p75,9753.89
9,1780552966323170560,1780552967323170560,HTTP Waiting (TTFB),ms,p90,9753.89
9,1780552966323170560,1780552967323170560,HTTP Waiting (TTFB),ms,p95,9753.89
9,1780552966323170560,1780552967323170560,HTTP Waiting (TTFB),ms,p99,9753.89
9,1780552966323170560,1780552967323170560,HTTP Waiting (TTFB),ms,std,0.00
9,1780552966323170560,1780552967323170560,Input Sequence Length,tokens,avg,64538.00
9,1780552966323170560,1780552967323170560,Input Sequence Length,tokens,min,64538.00
9,1780552966323170560,1780552967323170560,Input Sequence Length,tokens,max,64538.00
9,1780552966323170560,1780552967323170560,Input Sequence Length,tokens,sum,64538.00
9,1780552966323170560,1780552967323170560,Input Sequence Length,tokens,p1,64538.00
9,1780552966323170560,1780552967323170560,Input Sequence Length,tokens,p5,64538.00
9,1780552966323170560,1780552967323170560,Input Sequence Length,tokens,p10,64538.00
9,1780552966323170560,1780552967323170560,Input Sequence Length,tokens,p25,64538.00
9,1780552966323170560,1780552967323170560,Input Sequence Length,tokens,p50,64538.00
9,1780552966323170560,1780552967323170560,Input Sequence Length,tokens,p75,64538.00
9,1780552966323170560,1780552967323170560,Input Sequence Length,tokens,p90,64538.00
9,1780552966323170560,1780552967323170560,Input Sequence Length,tokens,p95,64538.00
9,1780552966323170560,1780552967323170560,Input Sequence Length,tokens,p99,64538.00
9,1780552966323170560,1780552967323170560,Input Sequence Length,tokens,std,0.00
9,1780552966323170560,1780552967323170560,Input Token Throughput,tokens/sec,avg,64538.00
9,1780552966323170560,1780552967323170560,Inter Chunk Latency,ms,avg,0.77
9,1780552966323170560,1780552967323170560,Inter Chunk Latency,ms,min,0.72
9,1780552966323170560,1780552967323170560,Inter Chunk Latency,ms,max,0.84
9,1780552966323170560,1780552967323170560,Inter Chunk Latency,ms,sum,102.98
9,1780552966323170560,1780552967323170560,Inter Chunk Latency,ms,p1,0.72
9,1780552966323170560,1780552967323170560,Inter Chunk Latency,ms,p5,0.73
9,1780552966323170560,1780552967323170560,Inter Chunk Latency,ms,p10,0.73
9,1780552966323170560,1780552967323170560,Inter Chunk Latency,ms,p25,0.74
9,1780552966323170560,1780552967323170560,Inter Chunk Latency,ms,p50,0.77
9,1780552966323170560,1780552967323170560,Inter Chunk Latency,ms,p75,0.79
9,1780552966323170560,1780552967323170560,Inter Chunk Latency,ms,p90,0.82
9,1780552966323170560,1780552967323170560,Inter Chunk Latency,ms,p95,0.83
9,1780552966323170560,1780552967323170560,Inter Chunk Latency,ms,p99,0.84
9,1780552966323170560,1780552967323170560,Inter Chunk Latency,ms,std,0.03
9,1780552966323170560,1780552967323170560,Inter Token Latency,ms,avg,380.90
9,1780552966323170560,1780552967323170560,Inter Token Latency,ms,min,380.90
9,1780552966323170560,1780552967323170560,Inter Token Latency,ms,max,380.90
9,1780552966323170560,1780552967323170560,Inter Token Latency,ms,sum,380.90
9,1780552966323170560,1780552967323170560,Inter Token Latency,ms,p1,380.90
9,1780552966323170560,1780552967323170560,Inter Token Latency,ms,p5,380.90
9,1780552966323170560,1780552967323170560,Inter Token Latency,ms,p10,380.90
9,1780552966323170560,1780552967323170560,Inter Token Latency,ms,p25,380.90
9,1780552966323170560,1780552967323170560,Inter Token Latency,ms,p50,380.90
9,1780552966323170560,1780552967323170560,Inter Token Latency,ms,p75,380.90
9,1780552966323170560,1780552967323170560,Inter Token Latency,ms,p90,380.90
9,1780552966323170560,1780552967323170560,Inter Token Latency,ms,p95,380.90
9,1780552966323170560,1780552967323170560,Inter Token Latency,ms,p99,380.90
9,1780552966323170560,1780552967323170560,Inter Token Latency,ms,std,0.00
9,1780552966323170560,1780552967323170560,Maximum Response Timestamp,ns,avg,1780553027300504832.00
9,1780552966323170560,1780552967323170560,Minimum Request Timestamp,ns,avg,1780552966504793600.00
9,1780552966323170560,1780552967323170560,OSL Mismatch Count,requests,avg,0.00
9,1780552966323170560,1780552967323170560,OSL Mismatch Diff %,%,avg,0.00
9,1780552966323170560,1780552967323170560,OSL Mismatch Diff %,%,min,0.00
9,1780552966323170560,1780552967323170560,OSL Mismatch Diff %,%,max,0.00
9,1780552966323170560,1780552967323170560,OSL Mismatch Diff %,%,sum,0.00
9,1780552966323170560,1780552967323170560,OSL Mismatch Diff %,%,p1,0.00
9,1780552966323170560,1780552967323170560,OSL Mismatch Diff %,%,p5,0.00
9,1780552966323170560,1780552967323170560,OSL Mismatch Diff %,%,p10,0.00
9,1780552966323170560,1780552967323170560,OSL Mismatch Diff %,%,p25,0.00
9,1780552966323170560,1780552967323170560,OSL Mismatch Diff %,%,p50,0.00
9,1780552966323170560,1780552967323170560,OSL Mismatch Diff %,%,p75,0.00
9,1780552966323170560,1780552967323170560,OSL Mismatch Diff %,%,p90,0.00
9,1780552966323170560,1780552967323170560,OSL Mismatch Diff %,%,p95,0.00
9,1780552966323170560,1780552967323170560,OSL Mismatch Diff %,%,p99,0.00
9,1780552966323170560,1780552967323170560,OSL Mismatch Diff %,%,std,0.00
9,1780552966323170560,1780552967323170560,Output Sequence Length,tokens,avg,135.00
9,1780552966323170560,1780552967323170560,Output Sequence Length,tokens,min,135.00
9,1780552966323170560,1780552967323170560,Output Sequence Length,tokens,max,135.00
9,1780552966323170560,1780552967323170560,Output Sequence Length,tokens,sum,135.00
9,1780552966323170560,1780552967323170560,Output Sequence Length,tokens,p1,135.00
9,1780552966323170560,1780552967323170560,Output Sequence Length,tokens,p5,135.00
9,1780552966323170560,1780552967323170560,Output Sequence Length,tokens,p10,135.00
9,1780552966323170560,1780552967323170560,Output Sequence Length,tokens,p25,135.00
9,1780552966323170560,1780552967323170560,Output Sequence Length,tokens,p50,135.00
9,1780552966323170560,1780552967323170560,Output Sequence Length,tokens,p75,135.00
9,1780552966323170560,1780552967323170560,Output Sequence Length,tokens,p90,135.00
9,1780552966323170560,1780552967323170560,Output Sequence Length,tokens,p95,135.00
9,1780552966323170560,1780552967323170560,Output Sequence Length,tokens,p99,135.00
9,1780552966323170560,1780552967323170560,Output Sequence Length,tokens,std,0.00
9,1780552966323170560,1780552967323170560,Output Token Count,tokens,avg,135.00
9,1780552966323170560,1780552967323170560,Output Token Count,tokens,min,135.00
9,1780552966323170560,1780552967323170560,Output Token Count,tokens,max,135.00
9,1780552966323170560,1780552967323170560,Output Token Count,tokens,sum,135.00
9,1780552966323170560,1780552967323170560,Output Token Count,tokens,p1,135.00
9,1780552966323170560,1780552967323170560,Output Token Count,tokens,p5,135.00
9,1780552966323170560,1780552967323170560,Output Token Count,tokens,p10,135.00
9,1780552966323170560,1780552967323170560,Output Token Count,tokens,p25,135.00
9,1780552966323170560,1780552967323170560,Output Token Count,tokens,p50,135.00
9,1780552966323170560,1780552967323170560,Output Token Count,tokens,p75,135.00
9,1780552966323170560,1780552967323170560,Output Token Count,tokens,p90,135.00
9,1780552966323170560,1780552967323170560,Output Token Count,tokens,p95,135.00
9,1780552966323170560,1780552967323170560,Output Token Count,tokens,p99,135.00
9,1780552966323170560,1780552967323170560,Output Token Count,tokens,std,0.00
9,1780552966323170560,1780552967323170560,Output Token Throughput,tokens/sec,avg,135.00
9,1780552966323170560,1780552967323170560,Output Token Throughput Per User,tokens/sec/user,avg,2.63
9,1780552966323170560,1780552967323170560,Output Token Throughput Per User,tokens/sec/user,min,2.63
9,1780552966323170560,1780552967323170560,Output Token Throughput Per User,tokens/sec/user,max,2.63
9,1780552966323170560,1780552967323170560,Output Token Throughput Per User,tokens/sec/user,sum,2.63
9,1780552966323170560,1780552967323170560,Output Token Throughput Per User,tokens/sec/user,p1,2.63
9,1780552966323170560,1780552967323170560,Output Token Throughput Per User,tokens/sec/user,p5,2.63
9,1780552966323170560,1780552967323170560,Output Token Throughput Per User,tokens/sec/user,p10,2.63
9,1780552966323170560,1780552967323170560,Output Token Throughput Per User,tokens/sec/user,p25,2.63
9,1780552966323170560,1780552967323170560,Output Token Throughput Per User,tokens/sec/user,p50,2.63
9,1780552966323170560,1780552967323170560,Output Token Throughput Per User,tokens/sec/user,p75,2.63
9,1780552966323170560,1780552967323170560,Output Token Throughput Per User,tokens/sec/user,p90,2.63
9,1780552966323170560,1780552967323170560,Output Token Throughput Per User,tokens/sec/user,p95,2.63
9,1780552966323170560,1780552967323170560,Output Token Throughput Per User,tokens/sec/user,p99,2.63
9,1780552966323170560,1780552967323170560,Output Token Throughput Per User,tokens/sec/user,std,0.00
9,1780552966323170560,1780552967323170560,Prefill Throughput Per User,tokens/sec/user,avg,6615.74
9,1780552966323170560,1780552967323170560,Prefill Throughput Per User,tokens/sec/user,min,6615.74
9,1780552966323170560,1780552967323170560,Prefill Throughput Per User,tokens/sec/user,max,6615.74
9,1780552966323170560,1780552967323170560,Prefill Throughput Per User,tokens/sec/user,sum,6615.74
9,1780552966323170560,1780552967323170560,Prefill Throughput Per User,tokens/sec/user,p1,6615.74
9,1780552966323170560,1780552967323170560,Prefill Throughput Per User,tokens/sec/user,p5,6615.74
9,1780552966323170560,1780552967323170560,Prefill Throughput Per User,tokens/sec/user,p10,6615.74
9,1780552966323170560,1780552967323170560,Prefill Throughput Per User,tokens/sec/user,p25,6615.74
9,1780552966323170560,1780552967323170560,Prefill Throughput Per User,tokens/sec/user,p50,6615.74
9,1780552966323170560,1780552967323170560,Prefill Throughput Per User,tokens/sec/user,p75,6615.74
9,1780552966323170560,1780552967323170560,Prefill Throughput Per User,tokens/sec/user,p90,6615.74
9,1780552966323170560,1780552967323170560,Prefill Throughput Per User,tokens/sec/user,p95,6615.74
9,1780552966323170560,1780552967323170560,Prefill Throughput Per User,tokens/sec/user,p99,6615.74
9,1780552966323170560,1780552967323170560,Prefill Throughput Per User,tokens/sec/user,std,0.00
9,1780552966323170560,1780552967323170560,Request Count,requests,avg,1.00
9,1780552966323170560,1780552967323170560,Request Latency,ms,avg,60795.71
9,1780552966323170560,1780552967323170560,Request Latency,ms,min,60795.71
9,1780552966323170560,1780552967323170560,Request Latency,ms,max,60795.71
9,1780552966323170560,1780552967323170560,Request Latency,ms,sum,60795.71
9,1780552966323170560,1780552967323170560,Request Latency,ms,p1,60795.71
9,1780552966323170560,1780552967323170560,Request Latency,ms,p5,60795.71
9,1780552966323170560,1780552967323170560,Request Latency,ms,p10,60795.71
9,1780552966323170560,1780552967323170560,Request Latency,ms,p25,60795.71
9,1780552966323170560,1780552967323170560,Request Latency,ms,p50,60795.71
9,1780552966323170560,1780552967323170560,Request Latency,ms,p75,60795.71
9,1780552966323170560,1780552967323170560,Request Latency,ms,p90,60795.71
9,1780552966323170560,1780552967323170560,Request Latency,ms,p95,60795.71
9,1780552966323170560,1780552967323170560,Request Latency,ms,p99,60795.71
9,1780552966323170560,1780552967323170560,Request Latency,ms,std,0.00
9,1780552966323170560,1780552967323170560,Request Throughput,requests/sec,avg,1.00
9,1780552966323170560,1780552967323170560,Requested OSL,tokens,avg,135.00
9,1780552966323170560,1780552967323170560,Requested OSL,tokens,min,135.00
9,1780552966323170560,1780552967323170560,Requested OSL,tokens,max,135.00
9,1780552966323170560,1780552967323170560,Requested OSL,tokens,sum,135.00
9,1780552966323170560,1780552967323170560,Requested OSL,tokens,p1,135.00
9,1780552966323170560,1780552967323170560,Requested OSL,tokens,p5,135.00
9,1780552966323170560,1780552967323170560,Requested OSL,tokens,p10,135.00
9,1780552966323170560,1780552967323170560,Requested OSL,tokens,p25,135.00
9,1780552966323170560,1780552967323170560,Requested OSL,tokens,p50,135.00
9,1780552966323170560,1780552967323170560,Requested OSL,tokens,p75,135.00
9,1780552966323170560,1780552967323170560,Requested OSL,tokens,p90,135.00
9,1780552966323170560,1780552967323170560,Requested OSL,tokens,p95,135.00
9,1780552966323170560,1780552967323170560,Requested OSL,tokens,p99,135.00
9,1780552966323170560,1780552967323170560,Requested OSL,tokens,std,0.00
9,1780552966323170560,1780552967323170560,Time to First Output Token,ms,avg,9755.23
9,1780552966323170560,1780552967323170560,Time to First Output Token,ms,min,9755.23
9,1780552966323170560,1780552967323170560,Time to First Output Token,ms,max,9755.23
9,1780552966323170560,1780552967323170560,Time to First Output Token,ms,sum,9755.23
9,1780552966323170560,1780552967323170560,Time to First Output Token,ms,p1,9755.23
9,1780552966323170560,1780552967323170560,Time to First Output Token,ms,p5,9755.23
9,1780552966323170560,1780552967323170560,Time to First Output Token,ms,p10,9755.23
9,1780552966323170560,1780552967323170560,Time to First Output Token,ms,p25,9755.23
9,1780552966323170560,1780552967323170560,Time to First Output Token,ms,p50,9755.23
9,1780552966323170560,1780552967323170560,Time to First Output Token,ms,p75,9755.23
9,1780552966323170560,1780552967323170560,Time to First Output Token,ms,p90,9755.23
9,1780552966323170560,1780552967323170560,Time to First Output Token,ms,p95,9755.23
9,1780552966323170560,1780552967323170560,Time to First Output Token,ms,p99,9755.23
9,1780552966323170560,1780552967323170560,Time to First Output Token,ms,std,0.00
9,1780552966323170560,1780552967323170560,Time to First Token,ms,avg,9755.23
9,1780552966323170560,1780552967323170560,Time to First Token,ms,min,9755.23
9,1780552966323170560,1780552967323170560,Time to First Token,ms,max,9755.23
9,1780552966323170560,1780552967323170560,Time to First Token,ms,sum,9755.23
9,1780552966323170560,1780552967323170560,Time to First Token,ms,p1,9755.23
9,1780552966323170560,1780552967323170560,Time to First Token,ms,p5,9755.23
9,1780552966323170560,1780552967323170560,Time to First Token,ms,p10,9755.23
9,1780552966323170560,1780552967323170560,Time to First Token,ms,p25,9755.23
9,1780552966323170560,1780552967323170560,Time to First Token,ms,p50,9755.23
9,1780552966323170560,1780552967323170560,Time to First Token,ms,p75,9755.23
9,1780552966323170560,1780552967323170560,Time to First Token,ms,p90,9755.23
9,1780552966323170560,1780552967323170560,Time to First Token,ms,p95,9755.23
9,1780552966323170560,1780552967323170560,Time to First Token,ms,p99,9755.23
9,1780552966323170560,1780552967323170560,Time to First Token,ms,std,0.00
9,1780552966323170560,1780552967323170560,Time to Second Token,ms,avg,174.23
9,1780552966323170560,1780552967323170560,Time to Second Token,ms,min,174.23
9,1780552966323170560,1780552967323170560,Time to Second Token,ms,max,174.23
9,1780552966323170560,1780552967323170560,Time to Second Token,ms,sum,174.23
9,1780552966323170560,1780552967323170560,Time to Second Token,ms,p1,174.23
9,1780552966323170560,1780552967323170560,Time to Second Token,ms,p5,174.23
9,1780552966323170560,1780552967323170560,Time to Second Token,ms,p10,174.23
9,1780552966323170560,1780552967323170560,Time to Second Token,ms,p25,174.23
9,1780552966323170560,1780552967323170560,Time to Second Token,ms,p50,174.23
9,1780552966323170560,1780552967323170560,Time to Second Token,ms,p75,174.23
9,1780552966323170560,1780552967323170560,Time to Second Token,ms,p90,174.23
9,1780552966323170560,1780552967323170560,Time to Second Token,ms,p95,174.23
9,1780552966323170560,1780552967323170560,Time to Second Token,ms,p99,174.23
9,1780552966323170560,1780552967323170560,Time to Second Token,ms,std,0.00
9,1780552966323170560,1780552967323170560,Tokens In Flight,tokens,avg,1128300.62
9,1780552966323170560,1780552967323170560,Tokens In Flight,tokens,min,1075445.52
9,1780552966323170560,1780552967323170560,Tokens In Flight,tokens,max,1140060.76
9,1780552966323170560,1780552967323170560,Tokens In Flight,tokens,p50,1140022.14
9,1780552966323170560,1780552967323170560,Tokens In Flight,tokens,p90,1140052.36
9,1780552966323170560,1780552967323170560,Tokens In Flight,tokens,p95,1140057.06
9,1780552966323170560,1780552967323170560,Tokens In Flight,tokens,p99,1140058.06
9,1780552966323170560,1780552967323170560,Tokens In Flight,tokens,std,24896.08
9,1780552966323170560,1780552967323170560,Total Input Sequence Length,tokens,avg,64538.00
9,1780552966323170560,1780552967323170560,Total Output Sequence Length,tokens,avg,135.00
9,1780552966323170560,1780552967323170560,Total Output Tokens,tokens,avg,135.00
9,1780552966323170560,1780552967323170560,Total Token Throughput,tokens/sec,avg,64673.00
9,1780552966323170560,1780552967323170560,Total Usage Completion Tokens,tokens,avg,135.00
9,1780552966323170560,1780552967323170560,Total Usage Prompt Tokens,tokens,avg,64538.00
9,1780552966323170560,1780552967323170560,Total Usage Total Tokens,tokens,avg,64673.00
9,1780552966323170560,1780552967323170560,Usage Completion Tokens,tokens,avg,135.00
9,1780552966323170560,1780552967323170560,Usage Completion Tokens,tokens,min,135.00
9,1780552966323170560,1780552967323170560,Usage Completion Tokens,tokens,max,135.00
9,1780552966323170560,1780552967323170560,Usage Completion Tokens,tokens,sum,135.00
9,1780552966323170560,1780552967323170560,Usage Completion Tokens,tokens,p1,135.00
9,1780552966323170560,1780552967323170560,Usage Completion Tokens,tokens,p5,135.00
9,1780552966323170560,1780552967323170560,Usage Completion Tokens,tokens,p10,135.00
9,1780552966323170560,1780552967323170560,Usage Completion Tokens,tokens,p25,135.00
9,1780552966323170560,1780552967323170560,Usage Completion Tokens,tokens,p50,135.00
9,1780552966323170560,1780552967323170560,Usage Completion Tokens,tokens,p75,135.00
9,1780552966323170560,1780552967323170560,Usage Completion Tokens,tokens,p90,135.00
9,1780552966323170560,1780552967323170560,Usage Completion Tokens,tokens,p95,135.00
9,1780552966323170560,1780552967323170560,Usage Completion Tokens,tokens,p99,135.00
9,1780552966323170560,1780552967323170560,Usage Completion Tokens,tokens,std,0.00
9,1780552966323170560,1780552967323170560,Usage Prompt Tokens,tokens,avg,64538.00
9,1780552966323170560,1780552967323170560,Usage Prompt Tokens,tokens,min,64538.00
9,1780552966323170560,1780552967323170560,Usage Prompt Tokens,tokens,max,64538.00
9,1780552966323170560,1780552967323170560,Usage Prompt Tokens,tokens,sum,64538.00
9,1780552966323170560,1780552967323170560,Usage Prompt Tokens,tokens,p1,64538.00
9,1780552966323170560,1780552967323170560,Usage Prompt Tokens,tokens,p5,64538.00
9,1780552966323170560,1780552967323170560,Usage Prompt Tokens,tokens,p10,64538.00
9,1780552966323170560,1780552967323170560,Usage Prompt Tokens,tokens,p25,64538.00
9,1780552966323170560,1780552967323170560,Usage Prompt Tokens,tokens,p50,64538.00
9,1780552966323170560,1780552967323170560,Usage Prompt Tokens,tokens,p75,64538.00
9,1780552966323170560,1780552967323170560,Usage Prompt Tokens,tokens,p90,64538.00
9,1780552966323170560,1780552967323170560,Usage Prompt Tokens,tokens,p95,64538.00
9,1780552966323170560,1780552967323170560,Usage Prompt Tokens,tokens,p99,64538.00
9,1780552966323170560,1780552967323170560,Usage Prompt Tokens,tokens,std,0.00
9,1780552966323170560,1780552967323170560,Usage Total Tokens,tokens,avg,64673.00
9,1780552966323170560,1780552967323170560,Usage Total Tokens,tokens,min,64673.00
9,1780552966323170560,1780552967323170560,Usage Total Tokens,tokens,max,64673.00
9,1780552966323170560,1780552967323170560,Usage Total Tokens,tokens,sum,64673.00
9,1780552966323170560,1780552967323170560,Usage Total Tokens,tokens,p1,64673.00
9,1780552966323170560,1780552967323170560,Usage Total Tokens,tokens,p5,64673.00
9,1780552966323170560,1780552967323170560,Usage Total Tokens,tokens,p10,64673.00
9,1780552966323170560,1780552967323170560,Usage Total Tokens,tokens,p25,64673.00
9,1780552966323170560,1780552967323170560,Usage Total Tokens,tokens,p50,64673.00
9,1780552966323170560,1780552967323170560,Usage Total Tokens,tokens,p75,64673.00
9,1780552966323170560,1780552967323170560,Usage Total Tokens,tokens,p90,64673.00
9,1780552966323170560,1780552967323170560,Usage Total Tokens,tokens,p95,64673.00
9,1780552966323170560,1780552967323170560,Usage Total Tokens,tokens,p99,64673.00
9,1780552966323170560,1780552967323170560,Usage Total Tokens,tokens,std,0.00
10,1780552969323170560,1780552970323170560,Active Decode Throughput,tokens/sec,avg,75.35
10,1780552969323170560,1780552970323170560,Active Decode Throughput,tokens/sec,min,48.98
10,1780552969323170560,1780552970323170560,Active Decode Throughput,tokens/sec,max,101.71
10,1780552969323170560,1780552970323170560,Active Decode Throughput,tokens/sec,p50,75.35
10,1780552969323170560,1780552970323170560,Active Decode Throughput,tokens/sec,p90,75.35
10,1780552969323170560,1780552970323170560,Active Decode Throughput,tokens/sec,p95,75.35
10,1780552969323170560,1780552970323170560,Active Decode Throughput,tokens/sec,p99,75.35
10,1780552969323170560,1780552970323170560,Active Decode Throughput,tokens/sec,std,0.04
10,1780552969323170560,1780552970323170560,Active Decode Throughput Per User,tokens/sec/user,avg,8.37
10,1780552969323170560,1780552970323170560,Active Decode Throughput Per User,tokens/sec/user,min,5.44
10,1780552969323170560,1780552970323170560,Active Decode Throughput Per User,tokens/sec/user,max,11.30
10,1780552969323170560,1780552970323170560,Active Decode Throughput Per User,tokens/sec/user,p50,8.37
10,1780552969323170560,1780552970323170560,Active Decode Throughput Per User,tokens/sec/user,p90,8.37
10,1780552969323170560,1780552970323170560,Active Decode Throughput Per User,tokens/sec/user,p95,8.37
10,1780552969323170560,1780552970323170560,Active Decode Throughput Per User,tokens/sec/user,p99,8.37
10,1780552969323170560,1780552970323170560,Active Decode Throughput Per User,tokens/sec/user,std,0.00
10,1780552969323170560,1780552970323170560,Active Prefill Throughput,tokens/sec,avg,15474.13
10,1780552969323170560,1780552970323170560,Active Prefill Throughput,tokens/sec,min,11368.49
10,1780552969323170560,1780552970323170560,Active Prefill Throughput,tokens/sec,max,17540.55
10,1780552969323170560,1780552970323170560,Active Prefill Throughput,tokens/sec,p50,17540.55
10,1780552969323170560,1780552970323170560,Active Prefill Throughput,tokens/sec,p90,17540.55
10,1780552969323170560,1780552970323170560,Active Prefill Throughput,tokens/sec,p95,17540.55
10,1780552969323170560,1780552970323170560,Active Prefill Throughput,tokens/sec,p99,17540.55
10,1780552969323170560,1780552970323170560,Active Prefill Throughput,tokens/sec,std,2912.72
10,1780552969323170560,1780552970323170560,Active Prefill Throughput Per User,tokens/sec/user,avg,4185.72
10,1780552969323170560,1780552970323170560,Active Prefill Throughput Per User,tokens/sec/user,min,3789.50
10,1780552969323170560,1780552970323170560,Active Prefill Throughput Per User,tokens/sec/user,max,4385.14
10,1780552969323170560,1780552970323170560,Active Prefill Throughput Per User,tokens/sec/user,p50,4385.14
10,1780552969323170560,1780552970323170560,Active Prefill Throughput Per User,tokens/sec/user,p90,4385.14
10,1780552969323170560,1780552970323170560,Active Prefill Throughput Per User,tokens/sec/user,p95,4385.14
10,1780552969323170560,1780552970323170560,Active Prefill Throughput Per User,tokens/sec/user,p99,4385.14
10,1780552969323170560,1780552970323170560,Active Prefill Throughput Per User,tokens/sec/user,std,281.10
10,1780552969323170560,1780552970323170560,Active Total Throughput,tokens/sec,avg,15518.12
10,1780552969323170560,1780552970323170560,Active Total Throughput,tokens/sec,min,11412.47
10,1780552969323170560,1780552970323170560,Active Total Throughput,tokens/sec,max,17584.53
10,1780552969323170560,1780552970323170560,Active Total Throughput,tokens/sec,p50,17584.53
10,1780552969323170560,1780552970323170560,Active Total Throughput,tokens/sec,p90,17584.53
10,1780552969323170560,1780552970323170560,Active Total Throughput,tokens/sec,p95,17584.53
10,1780552969323170560,1780552970323170560,Active Total Throughput,tokens/sec,p99,17584.53
10,1780552969323170560,1780552970323170560,Active Total Throughput,tokens/sec,std,2912.72
10,1780552969323170560,1780552970323170560,Benchmark Duration,sec,avg,67.19
10,1780552969323170560,1780552970323170560,E2E Output Token Throughput,tokens/sec/user,avg,2.96
10,1780552969323170560,1780552970323170560,E2E Output Token Throughput,tokens/sec/user,min,2.96
10,1780552969323170560,1780552970323170560,E2E Output Token Throughput,tokens/sec/user,max,2.96
10,1780552969323170560,1780552970323170560,E2E Output Token Throughput,tokens/sec/user,sum,2.96
10,1780552969323170560,1780552970323170560,E2E Output Token Throughput,tokens/sec/user,p1,2.96
10,1780552969323170560,1780552970323170560,E2E Output Token Throughput,tokens/sec/user,p5,2.96
10,1780552969323170560,1780552970323170560,E2E Output Token Throughput,tokens/sec/user,p10,2.96
10,1780552969323170560,1780552970323170560,E2E Output Token Throughput,tokens/sec/user,p25,2.96
10,1780552969323170560,1780552970323170560,E2E Output Token Throughput,tokens/sec/user,p50,2.96
10,1780552969323170560,1780552970323170560,E2E Output Token Throughput,tokens/sec/user,p75,2.96
10,1780552969323170560,1780552970323170560,E2E Output Token Throughput,tokens/sec/user,p90,2.96
10,1780552969323170560,1780552970323170560,E2E Output Token Throughput,tokens/sec/user,p95,2.96
10,1780552969323170560,1780552970323170560,E2E Output Token Throughput,tokens/sec/user,p99,2.96
10,1780552969323170560,1780552970323170560,E2E Output Token Throughput,tokens/sec/user,std,0.00
10,1780552969323170560,1780552970323170560,Effective Concurrency,requests,avg,12.67
10,1780552969323170560,1780552970323170560,Effective Concurrency,requests,min,12.00
10,1780552969323170560,1780552970323170560,Effective Concurrency,requests,max,13.00
10,1780552969323170560,1780552970323170560,Effective Concurrency,requests,p50,13.00
10,1780552969323170560,1780552970323170560,Effective Concurrency,requests,p90,13.00
10,1780552969323170560,1780552970323170560,Effective Concurrency,requests,p95,13.00
10,1780552969323170560,1780552970323170560,Effective Concurrency,requests,p99,13.00
10,1780552969323170560,1780552970323170560,Effective Concurrency,requests,std,0.47
10,1780552969323170560,1780552970323170560,Effective Decode Concurrency,requests,avg,9.00
10,1780552969323170560,1780552970323170560,Effective Decode Concurrency,requests,min,9.00
10,1780552969323170560,1780552970323170560,Effective Decode Concurrency,requests,max,9.00
10,1780552969323170560,1780552970323170560,Effective Decode Concurrency,requests,p50,9.00
10,1780552969323170560,1780552970323170560,Effective Decode Concurrency,requests,p90,9.00
10,1780552969323170560,1780552970323170560,Effective Decode Concurrency,requests,p95,9.00
10,1780552969323170560,1780552970323170560,Effective Decode Concurrency,requests,p99,9.00
10,1780552969323170560,1780552970323170560,Effective Decode Concurrency,requests,std,0.00
10,1780552969323170560,1780552970323170560,Effective Decode Throughput,tokens/sec,avg,75.35
10,1780552969323170560,1780552970323170560,Effective Decode Throughput,tokens/sec,min,48.98
10,1780552969323170560,1780552970323170560,Effective Decode Throughput,tokens/sec,max,101.71
10,1780552969323170560,1780552970323170560,Effective Decode Throughput,tokens/sec,p50,75.35
10,1780552969323170560,1780552970323170560,Effective Decode Throughput,tokens/sec,p90,75.35
10,1780552969323170560,1780552970323170560,Effective Decode Throughput,tokens/sec,p95,75.35
10,1780552969323170560,1780552970323170560,Effective Decode Throughput,tokens/sec,p99,75.35
10,1780552969323170560,1780552970323170560,Effective Decode Throughput,tokens/sec,std,0.04
10,1780552969323170560,1780552970323170560,Effective Decode Throughput Per User,tokens/sec/user,avg,8.37
10,1780552969323170560,1780552970323170560,Effective Decode Throughput Per User,tokens/sec/user,min,5.44
10,1780552969323170560,1780552970323170560,Effective Decode Throughput Per User,tokens/sec/user,max,11.30
10,1780552969323170560,1780552970323170560,Effective Decode Throughput Per User,tokens/sec/user,p50,8.37
10,1780552969323170560,1780552970323170560,Effective Decode Throughput Per User,tokens/sec/user,p90,8.37
10,1780552969323170560,1780552970323170560,Effective Decode Throughput Per User,tokens/sec/user,p95,8.37
10,1780552969323170560,1780552970323170560,Effective Decode Throughput Per User,tokens/sec/user,p99,8.37
10,1780552969323170560,1780552970323170560,Effective Decode Throughput Per User,tokens/sec/user,std,0.00
10,1780552969323170560,1780552970323170560,Effective Prefill Concurrency,requests,avg,3.67
10,1780552969323170560,1780552970323170560,Effective Prefill Concurrency,requests,min,3.00
10,1780552969323170560,1780552970323170560,Effective Prefill Concurrency,requests,max,4.00
10,1780552969323170560,1780552970323170560,Effective Prefill Concurrency,requests,p50,4.00
10,1780552969323170560,1780552970323170560,Effective Prefill Concurrency,requests,p90,4.00
10,1780552969323170560,1780552970323170560,Effective Prefill Concurrency,requests,p95,4.00
10,1780552969323170560,1780552970323170560,Effective Prefill Concurrency,requests,p99,4.00
10,1780552969323170560,1780552970323170560,Effective Prefill Concurrency,requests,std,0.47
10,1780552969323170560,1780552970323170560,Effective Prefill Throughput,tokens/sec,avg,15474.13
10,1780552969323170560,1780552970323170560,Effective Prefill Throughput,tokens/sec,min,11368.49
10,1780552969323170560,1780552970323170560,Effective Prefill Throughput,tokens/sec,max,17540.55
10,1780552969323170560,1780552970323170560,Effective Prefill Throughput,tokens/sec,p50,17540.55
10,1780552969323170560,1780552970323170560,Effective Prefill Throughput,tokens/sec,p90,17540.55
10,1780552969323170560,1780552970323170560,Effective Prefill Throughput,tokens/sec,p95,17540.55
10,1780552969323170560,1780552970323170560,Effective Prefill Throughput,tokens/sec,p99,17540.55
10,1780552969323170560,1780552970323170560,Effective Prefill Throughput,tokens/sec,std,2912.72
10,1780552969323170560,1780552970323170560,Effective Prefill Throughput Per User,tokens/sec/user,avg,4185.72
10,1780552969323170560,1780552970323170560,Effective Prefill Throughput Per User,tokens/sec/user,min,3789.50
10,1780552969323170560,1780552970323170560,Effective Prefill Throughput Per User,tokens/sec/user,max,4385.14
10,1780552969323170560,1780552970323170560,Effective Prefill Throughput Per User,tokens/sec/user,p50,4385.14
10,1780552969323170560,1780552970323170560,Effective Prefill Throughput Per User,tokens/sec/user,p90,4385.14
10,1780552969323170560,1780552970323170560,Effective Prefill Throughput Per User,tokens/sec/user,p95,4385.14
10,1780552969323170560,1780552970323170560,Effective Prefill Throughput Per User,tokens/sec/user,p99,4385.14
10,1780552969323170560,1780552970323170560,Effective Prefill Throughput Per User,tokens/sec/user,std,281.10
10,1780552969323170560,1780552970323170560,Effective Total Throughput,tokens/sec,avg,15518.12
10,1780552969323170560,1780552970323170560,Effective Total Throughput,tokens/sec,min,11412.47
10,1780552969323170560,1780552970323170560,Effective Total Throughput,tokens/sec,max,17584.53
10,1780552969323170560,1780552970323170560,Effective Total Throughput,tokens/sec,p50,17584.53
10,1780552969323170560,1780552970323170560,Effective Total Throughput,tokens/sec,p90,17584.53
10,1780552969323170560,1780552970323170560,Effective Total Throughput,tokens/sec,p95,17584.53
10,1780552969323170560,1780552970323170560,Effective Total Throughput,tokens/sec,p99,17584.53
10,1780552969323170560,1780552970323170560,Effective Total Throughput,tokens/sec,std,2912.72
10,1780552969323170560,1780552970323170560,HTTP Blocked,ms,avg,0.00
10,1780552969323170560,1780552970323170560,HTTP Blocked,ms,min,0.00
10,1780552969323170560,1780552970323170560,HTTP Blocked,ms,max,0.00
10,1780552969323170560,1780552970323170560,HTTP Blocked,ms,sum,0.00
10,1780552969323170560,1780552970323170560,HTTP Blocked,ms,p1,0.00
10,1780552969323170560,1780552970323170560,HTTP Blocked,ms,p5,0.00
10,1780552969323170560,1780552970323170560,HTTP Blocked,ms,p10,0.00
10,1780552969323170560,1780552970323170560,HTTP Blocked,ms,p25,0.00
10,1780552969323170560,1780552970323170560,HTTP Blocked,ms,p50,0.00
10,1780552969323170560,1780552970323170560,HTTP Blocked,ms,p75,0.00
10,1780552969323170560,1780552970323170560,HTTP Blocked,ms,p90,0.00
10,1780552969323170560,1780552970323170560,HTTP Blocked,ms,p95,0.00
10,1780552969323170560,1780552970323170560,HTTP Blocked,ms,p99,0.00
10,1780552969323170560,1780552970323170560,HTTP Blocked,ms,std,0.00
10,1780552969323170560,1780552970323170560,HTTP Chunks Received,count,avg,199.00
10,1780552969323170560,1780552970323170560,HTTP Chunks Received,count,min,199.00
10,1780552969323170560,1780552970323170560,HTTP Chunks Received,count,max,199.00
10,1780552969323170560,1780552970323170560,HTTP Chunks Received,count,sum,199.00
10,1780552969323170560,1780552970323170560,HTTP Chunks Received,count,p1,199.00
10,1780552969323170560,1780552970323170560,HTTP Chunks Received,count,p5,199.00
10,1780552969323170560,1780552970323170560,HTTP Chunks Received,count,p10,199.00
10,1780552969323170560,1780552970323170560,HTTP Chunks Received,count,p25,199.00
10,1780552969323170560,1780552970323170560,HTTP Chunks Received,count,p50,199.00
10,1780552969323170560,1780552970323170560,HTTP Chunks Received,count,p75,199.00
10,1780552969323170560,1780552970323170560,HTTP Chunks Received,count,p90,199.00
10,1780552969323170560,1780552970323170560,HTTP Chunks Received,count,p95,199.00
10,1780552969323170560,1780552970323170560,HTTP Chunks Received,count,p99,199.00
10,1780552969323170560,1780552970323170560,HTTP Chunks Received,count,std,0.00
10,1780552969323170560,1780552970323170560,HTTP Chunks Sent,count,avg,1.00
10,1780552969323170560,1780552970323170560,HTTP Chunks Sent,count,min,1.00
10,1780552969323170560,1780552970323170560,HTTP Chunks Sent,count,max,1.00
10,1780552969323170560,1780552970323170560,HTTP Chunks Sent,count,sum,1.00
10,1780552969323170560,1780552970323170560,HTTP Chunks Sent,count,p1,1.00
10,1780552969323170560,1780552970323170560,HTTP Chunks Sent,count,p5,1.00
10,1780552969323170560,1780552970323170560,HTTP Chunks Sent,count,p10,1.00
10,1780552969323170560,1780552970323170560,HTTP Chunks Sent,count,p25,1.00
10,1780552969323170560,1780552970323170560,HTTP Chunks Sent,count,p50,1.00
10,1780552969323170560,1780552970323170560,HTTP Chunks Sent,count,p75,1.00
10,1780552969323170560,1780552970323170560,HTTP Chunks Sent,count,p90,1.00
10,1780552969323170560,1780552970323170560,HTTP Chunks Sent,count,p95,1.00
10,1780552969323170560,1780552970323170560,HTTP Chunks Sent,count,p99,1.00
10,1780552969323170560,1780552970323170560,HTTP Chunks Sent,count,std,0.00
10,1780552969323170560,1780552970323170560,HTTP Connecting,ms,avg,1.32
10,1780552969323170560,1780552970323170560,HTTP Connecting,ms,min,1.32
10,1780552969323170560,1780552970323170560,HTTP Connecting,ms,max,1.32
10,1780552969323170560,1780552970323170560,HTTP Connecting,ms,sum,1.32
10,1780552969323170560,1780552970323170560,HTTP Connecting,ms,p1,1.32
10,1780552969323170560,1780552970323170560,HTTP Connecting,ms,p5,1.32
10,1780552969323170560,1780552970323170560,HTTP Connecting,ms,p10,1.32
10,1780552969323170560,1780552970323170560,HTTP Connecting,ms,p25,1.32
10,1780552969323170560,1780552970323170560,HTTP Connecting,ms,p50,1.32
10,1780552969323170560,1780552970323170560,HTTP Connecting,ms,p75,1.32
10,1780552969323170560,1780552970323170560,HTTP Connecting,ms,p90,1.32
10,1780552969323170560,1780552970323170560,HTTP Connecting,ms,p95,1.32
10,1780552969323170560,1780552970323170560,HTTP Connecting,ms,p99,1.32
10,1780552969323170560,1780552970323170560,HTTP Connecting,ms,std,0.00
10,1780552969323170560,1780552970323170560,HTTP Connection Overhead,ms,avg,1.86
10,1780552969323170560,1780552970323170560,HTTP Connection Overhead,ms,min,1.86
10,1780552969323170560,1780552970323170560,HTTP Connection Overhead,ms,max,1.86
10,1780552969323170560,1780552970323170560,HTTP Connection Overhead,ms,sum,1.86
10,1780552969323170560,1780552970323170560,HTTP Connection Overhead,ms,p1,1.86
10,1780552969323170560,1780552970323170560,HTTP Connection Overhead,ms,p5,1.86
10,1780552969323170560,1780552970323170560,HTTP Connection Overhead,ms,p10,1.86
10,1780552969323170560,1780552970323170560,HTTP Connection Overhead,ms,p25,1.86
10,1780552969323170560,1780552970323170560,HTTP Connection Overhead,ms,p50,1.86
10,1780552969323170560,1780552970323170560,HTTP Connection Overhead,ms,p75,1.86
10,1780552969323170560,1780552970323170560,HTTP Connection Overhead,ms,p90,1.86
10,1780552969323170560,1780552970323170560,HTTP Connection Overhead,ms,p95,1.86
10,1780552969323170560,1780552970323170560,HTTP Connection Overhead,ms,p99,1.86
10,1780552969323170560,1780552970323170560,HTTP Connection Overhead,ms,std,0.00
10,1780552969323170560,1780552970323170560,HTTP Connection Reused,ratio,avg,0.00
10,1780552969323170560,1780552970323170560,HTTP Connection Reused,ratio,min,0.00
10,1780552969323170560,1780552970323170560,HTTP Connection Reused,ratio,max,0.00
10,1780552969323170560,1780552970323170560,HTTP Connection Reused,ratio,sum,0.00
10,1780552969323170560,1780552970323170560,HTTP Connection Reused,ratio,p1,0.00
10,1780552969323170560,1780552970323170560,HTTP Connection Reused,ratio,p5,0.00
10,1780552969323170560,1780552970323170560,HTTP Connection Reused,ratio,p10,0.00
10,1780552969323170560,1780552970323170560,HTTP Connection Reused,ratio,p25,0.00
10,1780552969323170560,1780552970323170560,HTTP Connection Reused,ratio,p50,0.00
10,1780552969323170560,1780552970323170560,HTTP Connection Reused,ratio,p75,0.00
10,1780552969323170560,1780552970323170560,HTTP Connection Reused,ratio,p90,0.00
10,1780552969323170560,1780552970323170560,HTTP Connection Reused,ratio,p95,0.00
10,1780552969323170560,1780552970323170560,HTTP Connection Reused,ratio,p99,0.00
10,1780552969323170560,1780552970323170560,HTTP Connection Reused,ratio,std,0.00
10,1780552969323170560,1780552970323170560,HTTP Data Received,KB,avg,49.99
10,1780552969323170560,1780552970323170560,HTTP Data Received,KB,min,49.99
10,1780552969323170560,1780552970323170560,HTTP Data Received,KB,max,49.99
10,1780552969323170560,1780552970323170560,HTTP Data Received,KB,sum,49.99
10,1780552969323170560,1780552970323170560,HTTP Data Received,KB,p1,49.99
10,1780552969323170560,1780552970323170560,HTTP Data Received,KB,p5,49.99
10,1780552969323170560,1780552970323170560,HTTP Data Received,KB,p10,49.99
10,1780552969323170560,1780552970323170560,HTTP Data Received,KB,p25,49.99
10,1780552969323170560,1780552970323170560,HTTP Data Received,KB,p50,49.99
10,1780552969323170560,1780552970323170560,HTTP Data Received,KB,p75,49.99
10,1780552969323170560,1780552970323170560,HTTP Data Received,KB,p90,49.99
10,1780552969323170560,1780552970323170560,HTTP Data Received,KB,p95,49.99
10,1780552969323170560,1780552970323170560,HTTP Data Received,KB,p99,49.99
10,1780552969323170560,1780552970323170560,HTTP Data Received,KB,std,0.00
10,1780552969323170560,1780552970323170560,HTTP Data Sent,KB,avg,287.21
10,1780552969323170560,1780552970323170560,HTTP Data Sent,KB,min,287.21
10,1780552969323170560,1780552970323170560,HTTP Data Sent,KB,max,287.21
10,1780552969323170560,1780552970323170560,HTTP Data Sent,KB,sum,287.21
10,1780552969323170560,1780552970323170560,HTTP Data Sent,KB,p1,287.21
10,1780552969323170560,1780552970323170560,HTTP Data Sent,KB,p5,287.21
10,1780552969323170560,1780552970323170560,HTTP Data Sent,KB,p10,287.21
10,1780552969323170560,1780552970323170560,HTTP Data Sent,KB,p25,287.21
10,1780552969323170560,1780552970323170560,HTTP Data Sent,KB,p50,287.21
10,1780552969323170560,1780552970323170560,HTTP Data Sent,KB,p75,287.21
10,1780552969323170560,1780552970323170560,HTTP Data Sent,KB,p90,287.21
10,1780552969323170560,1780552970323170560,HTTP Data Sent,KB,p95,287.21
10,1780552969323170560,1780552970323170560,HTTP Data Sent,KB,p99,287.21
10,1780552969323170560,1780552970323170560,HTTP Data Sent,KB,std,0.00
10,1780552969323170560,1780552970323170560,HTTP DNS Lookup,ms,avg,0.54
10,1780552969323170560,1780552970323170560,HTTP DNS Lookup,ms,min,0.54
10,1780552969323170560,1780552970323170560,HTTP DNS Lookup,ms,max,0.54
10,1780552969323170560,1780552970323170560,HTTP DNS Lookup,ms,sum,0.54
10,1780552969323170560,1780552970323170560,HTTP DNS Lookup,ms,p1,0.54
10,1780552969323170560,1780552970323170560,HTTP DNS Lookup,ms,p5,0.54
10,1780552969323170560,1780552970323170560,HTTP DNS Lookup,ms,p10,0.54
10,1780552969323170560,1780552970323170560,HTTP DNS Lookup,ms,p25,0.54
10,1780552969323170560,1780552970323170560,HTTP DNS Lookup,ms,p50,0.54
10,1780552969323170560,1780552970323170560,HTTP DNS Lookup,ms,p75,0.54
10,1780552969323170560,1780552970323170560,HTTP DNS Lookup,ms,p90,0.54
10,1780552969323170560,1780552970323170560,HTTP DNS Lookup,ms,p95,0.54
10,1780552969323170560,1780552970323170560,HTTP DNS Lookup,ms,p99,0.54
10,1780552969323170560,1780552970323170560,HTTP DNS Lookup,ms,std,0.00
10,1780552969323170560,1780552970323170560,HTTP Duration (excl. conn),ms,avg,67190.85
10,1780552969323170560,1780552970323170560,HTTP Duration (excl. conn),ms,min,67190.85
10,1780552969323170560,1780552970323170560,HTTP Duration (excl. conn),ms,max,67190.85
10,1780552969323170560,1780552970323170560,HTTP Duration (excl. conn),ms,sum,67190.85
10,1780552969323170560,1780552970323170560,HTTP Duration (excl. conn),ms,p1,67190.85
10,1780552969323170560,1780552970323170560,HTTP Duration (excl. conn),ms,p5,67190.85
10,1780552969323170560,1780552970323170560,HTTP Duration (excl. conn),ms,p10,67190.85
10,1780552969323170560,1780552970323170560,HTTP Duration (excl. conn),ms,p25,67190.85
10,1780552969323170560,1780552970323170560,HTTP Duration (excl. conn),ms,p50,67190.85
10,1780552969323170560,1780552970323170560,HTTP Duration (excl. conn),ms,p75,67190.85
10,1780552969323170560,1780552970323170560,HTTP Duration (excl. conn),ms,p90,67190.85
10,1780552969323170560,1780552970323170560,HTTP Duration (excl. conn),ms,p95,67190.85
10,1780552969323170560,1780552970323170560,HTTP Duration (excl. conn),ms,p99,67190.85
10,1780552969323170560,1780552970323170560,HTTP Duration (excl. conn),ms,std,0.00
10,1780552969323170560,1780552970323170560,HTTP Receiving,ms,avg,55280.39
10,1780552969323170560,1780552970323170560,HTTP Receiving,ms,min,55280.39
10,1780552969323170560,1780552970323170560,HTTP Receiving,ms,max,55280.39
10,1780552969323170560,1780552970323170560,HTTP Receiving,ms,sum,55280.39
10,1780552969323170560,1780552970323170560,HTTP Receiving,ms,p1,55280.39
10,1780552969323170560,1780552970323170560,HTTP Receiving,ms,p5,55280.39
10,1780552969323170560,1780552970323170560,HTTP Receiving,ms,p10,55280.39
10,1780552969323170560,1780552970323170560,HTTP Receiving,ms,p25,55280.39
10,1780552969323170560,1780552970323170560,HTTP Receiving,ms,p50,55280.39
10,1780552969323170560,1780552970323170560,HTTP Receiving,ms,p75,55280.39
10,1780552969323170560,1780552970323170560,HTTP Receiving,ms,p90,55280.39
10,1780552969323170560,1780552970323170560,HTTP Receiving,ms,p95,55280.39
10,1780552969323170560,1780552970323170560,HTTP Receiving,ms,p99,55280.39
10,1780552969323170560,1780552970323170560,HTTP Receiving,ms,std,0.00
10,1780552969323170560,1780552970323170560,HTTP Sending,ms,avg,1.71
10,1780552969323170560,1780552970323170560,HTTP Sending,ms,min,1.71
10,1780552969323170560,1780552970323170560,HTTP Sending,ms,max,1.71
10,1780552969323170560,1780552970323170560,HTTP Sending,ms,sum,1.71
10,1780552969323170560,1780552970323170560,HTTP Sending,ms,p1,1.71
10,1780552969323170560,1780552970323170560,HTTP Sending,ms,p5,1.71
10,1780552969323170560,1780552970323170560,HTTP Sending,ms,p10,1.71
10,1780552969323170560,1780552970323170560,HTTP Sending,ms,p25,1.71
10,1780552969323170560,1780552970323170560,HTTP Sending,ms,p50,1.71
10,1780552969323170560,1780552970323170560,HTTP Sending,ms,p75,1.71
10,1780552969323170560,1780552970323170560,HTTP Sending,ms,p90,1.71
10,1780552969323170560,1780552970323170560,HTTP Sending,ms,p95,1.71
10,1780552969323170560,1780552970323170560,HTTP Sending,ms,p99,1.71
10,1780552969323170560,1780552970323170560,HTTP Sending,ms,std,0.00
10,1780552969323170560,1780552970323170560,HTTP Total Time,ms,avg,67192.71
10,1780552969323170560,1780552970323170560,HTTP Total Time,ms,min,67192.71
10,1780552969323170560,1780552970323170560,HTTP Total Time,ms,max,67192.71
10,1780552969323170560,1780552970323170560,HTTP Total Time,ms,sum,67192.71
10,1780552969323170560,1780552970323170560,HTTP Total Time,ms,p1,67192.71
10,1780552969323170560,1780552970323170560,HTTP Total Time,ms,p5,67192.71
10,1780552969323170560,1780552970323170560,HTTP Total Time,ms,p10,67192.71
10,1780552969323170560,1780552970323170560,HTTP Total Time,ms,p25,67192.71
10,1780552969323170560,1780552970323170560,HTTP Total Time,ms,p50,67192.71
10,1780552969323170560,1780552970323170560,HTTP Total Time,ms,p75,67192.71
10,1780552969323170560,1780552970323170560,HTTP Total Time,ms,p90,67192.71
10,1780552969323170560,1780552970323170560,HTTP Total Time,ms,p95,67192.71
10,1780552969323170560,1780552970323170560,HTTP Total Time,ms,p99,67192.71
10,1780552969323170560,1780552970323170560,HTTP Total Time,ms,std,0.00
10,1780552969323170560,1780552970323170560,HTTP Waiting (TTFB),ms,avg,11908.75
10,1780552969323170560,1780552970323170560,HTTP Waiting (TTFB),ms,min,11908.75
10,1780552969323170560,1780552970323170560,HTTP Waiting (TTFB),ms,max,11908.75
10,1780552969323170560,1780552970323170560,HTTP Waiting (TTFB),ms,sum,11908.75
10,1780552969323170560,1780552970323170560,HTTP Waiting (TTFB),ms,p1,11908.75
10,1780552969323170560,1780552970323170560,HTTP Waiting (TTFB),ms,p5,11908.75
10,1780552969323170560,1780552970323170560,HTTP Waiting (TTFB),ms,p10,11908.75
10,1780552969323170560,1780552970323170560,HTTP Waiting (TTFB),ms,p25,11908.75
10,1780552969323170560,1780552970323170560,HTTP Waiting (TTFB),ms,p50,11908.75
10,1780552969323170560,1780552970323170560,HTTP Waiting (TTFB),ms,p75,11908.75
10,1780552969323170560,1780552970323170560,HTTP Waiting (TTFB),ms,p90,11908.75
10,1780552969323170560,1780552970323170560,HTTP Waiting (TTFB),ms,p95,11908.75
10,1780552969323170560,1780552970323170560,HTTP Waiting (TTFB),ms,p99,11908.75
10,1780552969323170560,1780552970323170560,HTTP Waiting (TTFB),ms,std,0.00
10,1780552969323170560,1780552970323170560,Input Sequence Length,tokens,avg,73513.00
10,1780552969323170560,1780552970323170560,Input Sequence Length,tokens,min,73513.00
10,1780552969323170560,1780552970323170560,Input Sequence Length,tokens,max,73513.00
10,1780552969323170560,1780552970323170560,Input Sequence Length,tokens,sum,73513.00
10,1780552969323170560,1780552970323170560,Input Sequence Length,tokens,p1,73513.00
10,1780552969323170560,1780552970323170560,Input Sequence Length,tokens,p5,73513.00
10,1780552969323170560,1780552970323170560,Input Sequence Length,tokens,p10,73513.00
10,1780552969323170560,1780552970323170560,Input Sequence Length,tokens,p25,73513.00
10,1780552969323170560,1780552970323170560,Input Sequence Length,tokens,p50,73513.00
10,1780552969323170560,1780552970323170560,Input Sequence Length,tokens,p75,73513.00
10,1780552969323170560,1780552970323170560,Input Sequence Length,tokens,p90,73513.00
10,1780552969323170560,1780552970323170560,Input Sequence Length,tokens,p95,73513.00
10,1780552969323170560,1780552970323170560,Input Sequence Length,tokens,p99,73513.00
10,1780552969323170560,1780552970323170560,Input Sequence Length,tokens,std,0.00
10,1780552969323170560,1780552970323170560,Input Token Throughput,tokens/sec,avg,73513.00
10,1780552969323170560,1780552970323170560,Inter Chunk Latency,ms,avg,13.89
10,1780552969323170560,1780552970323170560,Inter Chunk Latency,ms,min,11.21
10,1780552969323170560,1780552970323170560,Inter Chunk Latency,ms,max,18.78
10,1780552969323170560,1780552970323170560,Inter Chunk Latency,ms,sum,2749.91
10,1780552969323170560,1780552970323170560,Inter Chunk Latency,ms,p1,11.21
10,1780552969323170560,1780552970323170560,Inter Chunk Latency,ms,p5,11.22
10,1780552969323170560,1780552970323170560,Inter Chunk Latency,ms,p10,11.23
10,1780552969323170560,1780552970323170560,Inter Chunk Latency,ms,p25,11.26
10,1780552969323170560,1780552970323170560,Inter Chunk Latency,ms,p50,14.25
10,1780552969323170560,1780552970323170560,Inter Chunk Latency,ms,p75,16.99
10,1780552969323170560,1780552970323170560,Inter Chunk Latency,ms,p90,17.37
10,1780552969323170560,1780552970323170560,Inter Chunk Latency,ms,p95,18.15
10,1780552969323170560,1780552970323170560,Inter Chunk Latency,ms,p99,18.30
10,1780552969323170560,1780552970323170560,Inter Chunk Latency,ms,std,2.55
10,1780552969323170560,1780552970323170560,Inter Token Latency,ms,avg,279.19
10,1780552969323170560,1780552970323170560,Inter Token Latency,ms,min,279.19
10,1780552969323170560,1780552970323170560,Inter Token Latency,ms,max,279.19
10,1780552969323170560,1780552970323170560,Inter Token Latency,ms,sum,279.19
10,1780552969323170560,1780552970323170560,Inter Token Latency,ms,p1,279.19
10,1780552969323170560,1780552970323170560,Inter Token Latency,ms,p5,279.19
10,1780552969323170560,1780552970323170560,Inter Token Latency,ms,p10,279.19
10,1780552969323170560,1780552970323170560,Inter Token Latency,ms,p25,279.19
10,1780552969323170560,1780552970323170560,Inter Token Latency,ms,p50,279.19
10,1780552969323170560,1780552970323170560,Inter Token Latency,ms,p75,279.19
10,1780552969323170560,1780552970323170560,Inter Token Latency,ms,p90,279.19
10,1780552969323170560,1780552970323170560,Inter Token Latency,ms,p95,279.19
10,1780552969323170560,1780552970323170560,Inter Token Latency,ms,p99,279.19
10,1780552969323170560,1780552970323170560,Inter Token Latency,ms,std,0.00
10,1780552969323170560,1780552970323170560,Maximum Response Timestamp,ns,avg,1780553036848966912.00
10,1780552969323170560,1780552970323170560,Minimum Request Timestamp,ns,avg,1780552969657971968.00
10,1780552969323170560,1780552970323170560,OSL Mismatch Count,requests,avg,0.00
10,1780552969323170560,1780552970323170560,OSL Mismatch Diff %,%,avg,0.00
10,1780552969323170560,1780552970323170560,OSL Mismatch Diff %,%,min,0.00
10,1780552969323170560,1780552970323170560,OSL Mismatch Diff %,%,max,0.00
10,1780552969323170560,1780552970323170560,OSL Mismatch Diff %,%,sum,0.00
10,1780552969323170560,1780552970323170560,OSL Mismatch Diff %,%,p1,0.00
10,1780552969323170560,1780552970323170560,OSL Mismatch Diff %,%,p5,0.00
10,1780552969323170560,1780552970323170560,OSL Mismatch Diff %,%,p10,0.00
10,1780552969323170560,1780552970323170560,OSL Mismatch Diff %,%,p25,0.00
10,1780552969323170560,1780552970323170560,OSL Mismatch Diff %,%,p50,0.00
10,1780552969323170560,1780552970323170560,OSL Mismatch Diff %,%,p75,0.00
10,1780552969323170560,1780552970323170560,OSL Mismatch Diff %,%,p90,0.00
10,1780552969323170560,1780552970323170560,OSL Mismatch Diff %,%,p95,0.00
10,1780552969323170560,1780552970323170560,OSL Mismatch Diff %,%,p99,0.00
10,1780552969323170560,1780552970323170560,OSL Mismatch Diff %,%,std,0.00
10,1780552969323170560,1780552970323170560,Output Sequence Length,tokens,avg,199.00
10,1780552969323170560,1780552970323170560,Output Sequence Length,tokens,min,199.00
10,1780552969323170560,1780552970323170560,Output Sequence Length,tokens,max,199.00
10,1780552969323170560,1780552970323170560,Output Sequence Length,tokens,sum,199.00
10,1780552969323170560,1780552970323170560,Output Sequence Length,tokens,p1,199.00
10,1780552969323170560,1780552970323170560,Output Sequence Length,tokens,p5,199.00
10,1780552969323170560,1780552970323170560,Output Sequence Length,tokens,p10,199.00
10,1780552969323170560,1780552970323170560,Output Sequence Length,tokens,p25,199.00
10,1780552969323170560,1780552970323170560,Output Sequence Length,tokens,p50,199.00
10,1780552969323170560,1780552970323170560,Output Sequence Length,tokens,p75,199.00
10,1780552969323170560,1780552970323170560,Output Sequence Length,tokens,p90,199.00
10,1780552969323170560,1780552970323170560,Output Sequence Length,tokens,p95,199.00
10,1780552969323170560,1780552970323170560,Output Sequence Length,tokens,p99,199.00
10,1780552969323170560,1780552970323170560,Output Sequence Length,tokens,std,0.00
10,1780552969323170560,1780552970323170560,Output Token Count,tokens,avg,199.00
10,1780552969323170560,1780552970323170560,Output Token Count,tokens,min,199.00
10,1780552969323170560,1780552970323170560,Output Token Count,tokens,max,199.00
10,1780552969323170560,1780552970323170560,Output Token Count,tokens,sum,199.00
10,1780552969323170560,1780552970323170560,Output Token Count,tokens,p1,199.00
10,1780552969323170560,1780552970323170560,Output Token Count,tokens,p5,199.00
10,1780552969323170560,1780552970323170560,Output Token Count,tokens,p10,199.00
10,1780552969323170560,1780552970323170560,Output Token Count,tokens,p25,199.00
10,1780552969323170560,1780552970323170560,Output Token Count,tokens,p50,199.00
10,1780552969323170560,1780552970323170560,Output Token Count,tokens,p75,199.00
10,1780552969323170560,1780552970323170560,Output Token Count,tokens,p90,199.00
10,1780552969323170560,1780552970323170560,Output Token Count,tokens,p95,199.00
10,1780552969323170560,1780552970323170560,Output Token Count,tokens,p99,199.00
10,1780552969323170560,1780552970323170560,Output Token Count,tokens,std,0.00
10,1780552969323170560,1780552970323170560,Output Token Throughput,tokens/sec,avg,199.00
10,1780552969323170560,1780552970323170560,Output Token Throughput Per User,tokens/sec/user,avg,3.58
10,1780552969323170560,1780552970323170560,Output Token Throughput Per User,tokens/sec/user,min,3.58
10,1780552969323170560,1780552970323170560,Output Token Throughput Per User,tokens/sec/user,max,3.58
10,1780552969323170560,1780552970323170560,Output Token Throughput Per User,tokens/sec/user,sum,3.58
10,1780552969323170560,1780552970323170560,Output Token Throughput Per User,tokens/sec/user,p1,3.58
10,1780552969323170560,1780552970323170560,Output Token Throughput Per User,tokens/sec/user,p5,3.58
10,1780552969323170560,1780552970323170560,Output Token Throughput Per User,tokens/sec/user,p10,3.58
10,1780552969323170560,1780552970323170560,Output Token Throughput Per User,tokens/sec/user,p25,3.58
10,1780552969323170560,1780552970323170560,Output Token Throughput Per User,tokens/sec/user,p50,3.58
10,1780552969323170560,1780552970323170560,Output Token Throughput Per User,tokens/sec/user,p75,3.58
10,1780552969323170560,1780552970323170560,Output Token Throughput Per User,tokens/sec/user,p90,3.58
10,1780552969323170560,1780552970323170560,Output Token Throughput Per User,tokens/sec/user,p95,3.58
10,1780552969323170560,1780552970323170560,Output Token Throughput Per User,tokens/sec/user,p99,3.58
10,1780552969323170560,1780552970323170560,Output Token Throughput Per User,tokens/sec/user,std,0.00
10,1780552969323170560,1780552970323170560,Prefill Throughput Per User,tokens/sec/user,avg,6172.06
10,1780552969323170560,1780552970323170560,Prefill Throughput Per User,tokens/sec/user,min,6172.06
10,1780552969323170560,1780552970323170560,Prefill Throughput Per User,tokens/sec/user,max,6172.06
10,1780552969323170560,1780552970323170560,Prefill Throughput Per User,tokens/sec/user,sum,6172.06
10,1780552969323170560,1780552970323170560,Prefill Throughput Per User,tokens/sec/user,p1,6172.06
10,1780552969323170560,1780552970323170560,Prefill Throughput Per User,tokens/sec/user,p5,6172.06
10,1780552969323170560,1780552970323170560,Prefill Throughput Per User,tokens/sec/user,p10,6172.06
10,1780552969323170560,1780552970323170560,Prefill Throughput Per User,tokens/sec/user,p25,6172.06
10,1780552969323170560,1780552970323170560,Prefill Throughput Per User,tokens/sec/user,p50,6172.06
10,1780552969323170560,1780552970323170560,Prefill Throughput Per User,tokens/sec/user,p75,6172.06
10,1780552969323170560,1780552970323170560,Prefill Throughput Per User,tokens/sec/user,p90,6172.06
10,1780552969323170560,1780552970323170560,Prefill Throughput Per User,tokens/sec/user,p95,6172.06
10,1780552969323170560,1780552970323170560,Prefill Throughput Per User,tokens/sec/user,p99,6172.06
10,1780552969323170560,1780552970323170560,Prefill Throughput Per User,tokens/sec/user,std,0.00
10,1780552969323170560,1780552970323170560,Request Count,requests,avg,1.00
10,1780552969323170560,1780552970323170560,Request Latency,ms,avg,67190.99
10,1780552969323170560,1780552970323170560,Request Latency,ms,min,67190.99
10,1780552969323170560,1780552970323170560,Request Latency,ms,max,67190.99
10,1780552969323170560,1780552970323170560,Request Latency,ms,sum,67190.99
10,1780552969323170560,1780552970323170560,Request Latency,ms,p1,67190.99
10,1780552969323170560,1780552970323170560,Request Latency,ms,p5,67190.99
10,1780552969323170560,1780552970323170560,Request Latency,ms,p10,67190.99
10,1780552969323170560,1780552970323170560,Request Latency,ms,p25,67190.99
10,1780552969323170560,1780552970323170560,Request Latency,ms,p50,67190.99
10,1780552969323170560,1780552970323170560,Request Latency,ms,p75,67190.99
10,1780552969323170560,1780552970323170560,Request Latency,ms,p90,67190.99
10,1780552969323170560,1780552970323170560,Request Latency,ms,p95,67190.99
10,1780552969323170560,1780552970323170560,Request Latency,ms,p99,67190.99
10,1780552969323170560,1780552970323170560,Request Latency,ms,std,0.00
10,1780552969323170560,1780552970323170560,Request Throughput,requests/sec,avg,1.00
10,1780552969323170560,1780552970323170560,Requested OSL,tokens,avg,199.00
10,1780552969323170560,1780552970323170560,Requested OSL,tokens,min,199.00
10,1780552969323170560,1780552970323170560,Requested OSL,tokens,max,199.00
10,1780552969323170560,1780552970323170560,Requested OSL,tokens,sum,199.00
10,1780552969323170560,1780552970323170560,Requested OSL,tokens,p1,199.00
10,1780552969323170560,1780552970323170560,Requested OSL,tokens,p5,199.00
10,1780552969323170560,1780552970323170560,Requested OSL,tokens,p10,199.00
10,1780552969323170560,1780552970323170560,Requested OSL,tokens,p25,199.00
10,1780552969323170560,1780552970323170560,Requested OSL,tokens,p50,199.00
10,1780552969323170560,1780552970323170560,Requested OSL,tokens,p75,199.00
10,1780552969323170560,1780552970323170560,Requested OSL,tokens,p90,199.00
10,1780552969323170560,1780552970323170560,Requested OSL,tokens,p95,199.00
10,1780552969323170560,1780552970323170560,Requested OSL,tokens,p99,199.00
10,1780552969323170560,1780552970323170560,Requested OSL,tokens,std,0.00
10,1780552969323170560,1780552970323170560,Time to First Output Token,ms,avg,11910.61
10,1780552969323170560,1780552970323170560,Time to First Output Token,ms,min,11910.61
10,1780552969323170560,1780552970323170560,Time to First Output Token,ms,max,11910.61
10,1780552969323170560,1780552970323170560,Time to First Output Token,ms,sum,11910.61
10,1780552969323170560,1780552970323170560,Time to First Output Token,ms,p1,11910.61
10,1780552969323170560,1780552970323170560,Time to First Output Token,ms,p5,11910.61
10,1780552969323170560,1780552970323170560,Time to First Output Token,ms,p10,11910.61
10,1780552969323170560,1780552970323170560,Time to First Output Token,ms,p25,11910.61
10,1780552969323170560,1780552970323170560,Time to First Output Token,ms,p50,11910.61
10,1780552969323170560,1780552970323170560,Time to First Output Token,ms,p75,11910.61
10,1780552969323170560,1780552970323170560,Time to First Output Token,ms,p90,11910.61
10,1780552969323170560,1780552970323170560,Time to First Output Token,ms,p95,11910.61
10,1780552969323170560,1780552970323170560,Time to First Output Token,ms,p99,11910.61
10,1780552969323170560,1780552970323170560,Time to First Output Token,ms,std,0.00
10,1780552969323170560,1780552970323170560,Time to First Token,ms,avg,11910.61
10,1780552969323170560,1780552970323170560,Time to First Token,ms,min,11910.61
10,1780552969323170560,1780552970323170560,Time to First Token,ms,max,11910.61
10,1780552969323170560,1780552970323170560,Time to First Token,ms,sum,11910.61
10,1780552969323170560,1780552970323170560,Time to First Token,ms,p1,11910.61
10,1780552969323170560,1780552970323170560,Time to First Token,ms,p5,11910.61
10,1780552969323170560,1780552970323170560,Time to First Token,ms,p10,11910.61
10,1780552969323170560,1780552970323170560,Time to First Token,ms,p25,11910.61
10,1780552969323170560,1780552970323170560,Time to First Token,ms,p50,11910.61
10,1780552969323170560,1780552970323170560,Time to First Token,ms,p75,11910.61
10,1780552969323170560,1780552970323170560,Time to First Token,ms,p90,11910.61
10,1780552969323170560,1780552970323170560,Time to First Token,ms,p95,11910.61
10,1780552969323170560,1780552970323170560,Time to First Token,ms,p99,11910.61
10,1780552969323170560,1780552970323170560,Time to First Token,ms,std,0.00
10,1780552969323170560,1780552970323170560,Time to Second Token,ms,avg,178.41
10,1780552969323170560,1780552970323170560,Time to Second Token,ms,min,178.41
10,1780552969323170560,1780552970323170560,Time to Second Token,ms,max,178.41
10,1780552969323170560,1780552970323170560,Time to Second Token,ms,sum,178.41
10,1780552969323170560,1780552970323170560,Time to Second Token,ms,p1,178.41
10,1780552969323170560,1780552970323170560,Time to Second Token,ms,p5,178.41
10,1780552969323170560,1780552970323170560,Time to Second Token,ms,p10,178.41
10,1780552969323170560,1780552970323170560,Time to Second Token,ms,p25,178.41
10,1780552969323170560,1780552970323170560,Time to Second Token,ms,p50,178.41
10,1780552969323170560,1780552970323170560,Time to Second Token,ms,p75,178.41
10,1780552969323170560,1780552970323170560,Time to Second Token,ms,p90,178.41
10,1780552969323170560,1780552970323170560,Time to Second Token,ms,p95,178.41
10,1780552969323170560,1780552970323170560,Time to Second Token,ms,p99,178.41
10,1780552969323170560,1780552970323170560,Time to Second Token,ms,std,0.00
10,1780552969323170560,1780552970323170560,Tokens In Flight,tokens,avg,1189149.06
10,1780552969323170560,1780552970323170560,Tokens In Flight,tokens,min,1140210.54
10,1780552969323170560,1780552970323170560,Tokens In Flight,tokens,max,1213799.07
10,1780552969323170560,1780552970323170560,Tokens In Flight,tokens,p50,1213760.45
10,1780552969323170560,1780552970323170560,Tokens In Flight,tokens,p90,1213792.37
10,1780552969323170560,1780552970323170560,Tokens In Flight,tokens,p95,1213795.37
10,1780552969323170560,1780552970323170560,Tokens In Flight,tokens,p99,1213798.07
10,1780552969323170560,1780552970323170560,Tokens In Flight,tokens,std,34710.11
10,1780552969323170560,1780552970323170560,Total Input Sequence Length,tokens,avg,73513.00
10,1780552969323170560,1780552970323170560,Total Output Sequence Length,tokens,avg,199.00
10,1780552969323170560,1780552970323170560,Total Output Tokens,tokens,avg,199.00
10,1780552969323170560,1780552970323170560,Total Token Throughput,tokens/sec,avg,73712.00
10,1780552969323170560,1780552970323170560,Total Usage Completion Tokens,tokens,avg,199.00
10,1780552969323170560,1780552970323170560,Total Usage Prompt Tokens,tokens,avg,73513.00
10,1780552969323170560,1780552970323170560,Total Usage Total Tokens,tokens,avg,73712.00
10,1780552969323170560,1780552970323170560,Usage Completion Tokens,tokens,avg,199.00
10,1780552969323170560,1780552970323170560,Usage Completion Tokens,tokens,min,199.00
10,1780552969323170560,1780552970323170560,Usage Completion Tokens,tokens,max,199.00
10,1780552969323170560,1780552970323170560,Usage Completion Tokens,tokens,sum,199.00
10,1780552969323170560,1780552970323170560,Usage Completion Tokens,tokens,p1,199.00
10,1780552969323170560,1780552970323170560,Usage Completion Tokens,tokens,p5,199.00
10,1780552969323170560,1780552970323170560,Usage Completion Tokens,tokens,p10,199.00
10,1780552969323170560,1780552970323170560,Usage Completion Tokens,tokens,p25,199.00
10,1780552969323170560,1780552970323170560,Usage Completion Tokens,tokens,p50,199.00
10,1780552969323170560,1780552970323170560,Usage Completion Tokens,tokens,p75,199.00
10,1780552969323170560,1780552970323170560,Usage Completion Tokens,tokens,p90,199.00
10,1780552969323170560,1780552970323170560,Usage Completion Tokens,tokens,p95,199.00
10,1780552969323170560,1780552970323170560,Usage Completion Tokens,tokens,p99,199.00
10,1780552969323170560,1780552970323170560,Usage Completion Tokens,tokens,std,0.00
10,1780552969323170560,1780552970323170560,Usage Prompt Tokens,tokens,avg,73513.00
10,1780552969323170560,1780552970323170560,Usage Prompt Tokens,tokens,min,73513.00
10,1780552969323170560,1780552970323170560,Usage Prompt Tokens,tokens,max,73513.00
10,1780552969323170560,1780552970323170560,Usage Prompt Tokens,tokens,sum,73513.00
10,1780552969323170560,1780552970323170560,Usage Prompt Tokens,tokens,p1,73513.00
10,1780552969323170560,1780552970323170560,Usage Prompt Tokens,tokens,p5,73513.00
10,1780552969323170560,1780552970323170560,Usage Prompt Tokens,tokens,p10,73513.00
10,1780552969323170560,1780552970323170560,Usage Prompt Tokens,tokens,p25,73513.00
10,1780552969323170560,1780552970323170560,Usage Prompt Tokens,tokens,p50,73513.00
10,1780552969323170560,1780552970323170560,Usage Prompt Tokens,tokens,p75,73513.00
10,1780552969323170560,1780552970323170560,Usage Prompt Tokens,tokens,p90,73513.00
10,1780552969323170560,1780552970323170560,Usage Prompt Tokens,tokens,p95,73513.00
10,1780552969323170560,1780552970323170560,Usage Prompt Tokens,tokens,p99,73513.00
10,1780552969323170560,1780552970323170560,Usage Prompt Tokens,tokens,std,0.00
10,1780552969323170560,1780552970323170560,Usage Total Tokens,tokens,avg,73712.00
10,1780552969323170560,1780552970323170560,Usage Total Tokens,tokens,min,73712.00
10,1780552969323170560,1780552970323170560,Usage Total Tokens,tokens,max,73712.00
10,1780552969323170560,1780552970323170560,Usage Total Tokens,tokens,sum,73712.00
10,1780552969323170560,1780552970323170560,Usage Total Tokens,tokens,p1,73712.00
10,1780552969323170560,1780552970323170560,Usage Total Tokens,tokens,p5,73712.00
10,1780552969323170560,1780552970323170560,Usage Total Tokens,tokens,p10,73712.00
10,1780552969323170560,1780552970323170560,Usage Total Tokens,tokens,p25,73712.00
10,1780552969323170560,1780552970323170560,Usage Total Tokens,tokens,p50,73712.00
10,1780552969323170560,1780552970323170560,Usage Total Tokens,tokens,p75,73712.00
10,1780552969323170560,1780552970323170560,Usage Total Tokens,tokens,p90,73712.00
10,1780552969323170560,1780552970323170560,Usage Total Tokens,tokens,p95,73712.00
10,1780552969323170560,1780552970323170560,Usage Total Tokens,tokens,p99,73712.00
10,1780552969323170560,1780552970323170560,Usage Total Tokens,tokens,std,0.00
11,1780552970323170560,1780552971323170560,Active Decode Throughput,tokens/sec,avg,75.34
11,1780552970323170560,1780552971323170560,Active Decode Throughput,tokens/sec,min,57.05
11,1780552970323170560,1780552971323170560,Active Decode Throughput,tokens/sec,max,101.70
11,1780552970323170560,1780552971323170560,Active Decode Throughput,tokens/sec,p50,75.34
11,1780552970323170560,1780552971323170560,Active Decode Throughput,tokens/sec,p90,75.34
11,1780552970323170560,1780552971323170560,Active Decode Throughput,tokens/sec,p95,75.34
11,1780552970323170560,1780552971323170560,Active Decode Throughput,tokens/sec,p99,75.34
11,1780552970323170560,1780552971323170560,Active Decode Throughput,tokens/sec,std,0.03
11,1780552970323170560,1780552971323170560,Active Decode Throughput Per User,tokens/sec/user,avg,8.37
11,1780552970323170560,1780552971323170560,Active Decode Throughput Per User,tokens/sec/user,min,6.34
11,1780552970323170560,1780552971323170560,Active Decode Throughput Per User,tokens/sec/user,max,11.30
11,1780552970323170560,1780552971323170560,Active Decode Throughput Per User,tokens/sec/user,p50,8.37
11,1780552970323170560,1780552971323170560,Active Decode Throughput Per User,tokens/sec/user,p90,8.37
11,1780552970323170560,1780552971323170560,Active Decode Throughput Per User,tokens/sec/user,p95,8.37
11,1780552970323170560,1780552971323170560,Active Decode Throughput Per User,tokens/sec/user,p99,8.37
11,1780552970323170560,1780552971323170560,Active Decode Throughput Per User,tokens/sec/user,std,0.00
11,1780552970323170560,1780552971323170560,Active Prefill Throughput,tokens/sec,avg,19761.56
11,1780552970323170560,1780552971323170560,Active Prefill Throughput,tokens/sec,min,17540.55
11,1780552970323170560,1780552971323170560,Active Prefill Throughput,tokens/sec,max,22364.86
11,1780552970323170560,1780552971323170560,Active Prefill Throughput,tokens/sec,p50,17540.55
11,1780552970323170560,1780552971323170560,Active Prefill Throughput,tokens/sec,p90,22364.86
11,1780552970323170560,1780552971323170560,Active Prefill Throughput,tokens/sec,p95,22364.86
11,1780552970323170560,1780552971323170560,Active Prefill Throughput,tokens/sec,p99,22364.86
11,1780552970323170560,1780552971323170560,Active Prefill Throughput,tokens/sec,std,2404.57
11,1780552970323170560,1780552971323170560,Active Prefill Throughput Per User,tokens/sec/user,avg,4425.57
11,1780552970323170560,1780552971323170560,Active Prefill Throughput Per User,tokens/sec/user,min,4385.14
11,1780552970323170560,1780552971323170560,Active Prefill Throughput Per User,tokens/sec/user,max,4472.97
11,1780552970323170560,1780552971323170560,Active Prefill Throughput Per User,tokens/sec/user,p50,4385.14
11,1780552970323170560,1780552971323170560,Active Prefill Throughput Per User,tokens/sec/user,p90,4472.97
11,1780552970323170560,1780552971323170560,Active Prefill Throughput Per User,tokens/sec/user,p95,4472.97
11,1780552970323170560,1780552971323170560,Active Prefill Throughput Per User,tokens/sec/user,p99,4472.97
11,1780552970323170560,1780552971323170560,Active Prefill Throughput Per User,tokens/sec/user,std,43.78
11,1780552970323170560,1780552971323170560,Active Total Throughput,tokens/sec,avg,19805.54
11,1780552970323170560,1780552971323170560,Active Total Throughput,tokens/sec,min,17584.53
11,1780552970323170560,1780552971323170560,Active Total Throughput,tokens/sec,max,22408.84
11,1780552970323170560,1780552971323170560,Active Total Throughput,tokens/sec,p50,17584.53
11,1780552970323170560,1780552971323170560,Active Total Throughput,tokens/sec,p90,22408.84
11,1780552970323170560,1780552971323170560,Active Total Throughput,tokens/sec,p95,22408.84
11,1780552970323170560,1780552971323170560,Active Total Throughput,tokens/sec,p99,22408.84
11,1780552970323170560,1780552971323170560,Active Total Throughput,tokens/sec,std,2404.57
11,1780552970323170560,1780552971323170560,Benchmark Duration,sec,avg,70.82
11,1780552970323170560,1780552971323170560,E2E Output Token Throughput,tokens/sec/user,avg,3.66
11,1780552970323170560,1780552971323170560,E2E Output Token Throughput,tokens/sec/user,min,3.66
11,1780552970323170560,1780552971323170560,E2E Output Token Throughput,tokens/sec/user,max,3.66
11,1780552970323170560,1780552971323170560,E2E Output Token Throughput,tokens/sec/user,sum,3.66
11,1780552970323170560,1780552971323170560,E2E Output Token Throughput,tokens/sec/user,p1,3.66
11,1780552970323170560,1780552971323170560,E2E Output Token Throughput,tokens/sec/user,p5,3.66
11,1780552970323170560,1780552971323170560,E2E Output Token Throughput,tokens/sec/user,p10,3.66
11,1780552970323170560,1780552971323170560,E2E Output Token Throughput,tokens/sec/user,p25,3.66
11,1780552970323170560,1780552971323170560,E2E Output Token Throughput,tokens/sec/user,p50,3.66
11,1780552970323170560,1780552971323170560,E2E Output Token Throughput,tokens/sec/user,p75,3.66
11,1780552970323170560,1780552971323170560,E2E Output Token Throughput,tokens/sec/user,p90,3.66
11,1780552970323170560,1780552971323170560,E2E Output Token Throughput,tokens/sec/user,p95,3.66
11,1780552970323170560,1780552971323170560,E2E Output Token Throughput,tokens/sec/user,p99,3.66
11,1780552970323170560,1780552971323170560,E2E Output Token Throughput,tokens/sec/user,std,0.00
11,1780552970323170560,1780552971323170560,Effective Concurrency,requests,avg,13.46
11,1780552970323170560,1780552971323170560,Effective Concurrency,requests,min,13.00
11,1780552970323170560,1780552971323170560,Effective Concurrency,requests,max,14.00
11,1780552970323170560,1780552971323170560,Effective Concurrency,requests,p50,13.00
11,1780552970323170560,1780552971323170560,Effective Concurrency,requests,p90,14.00
11,1780552970323170560,1780552971323170560,Effective Concurrency,requests,p95,14.00
11,1780552970323170560,1780552971323170560,Effective Concurrency,requests,p99,14.00
11,1780552970323170560,1780552971323170560,Effective Concurrency,requests,std,0.50
11,1780552970323170560,1780552971323170560,Effective Decode Concurrency,requests,avg,9.00
11,1780552970323170560,1780552971323170560,Effective Decode Concurrency,requests,min,9.00
11,1780552970323170560,1780552971323170560,Effective Decode Concurrency,requests,max,9.00
11,1780552970323170560,1780552971323170560,Effective Decode Concurrency,requests,p50,9.00
11,1780552970323170560,1780552971323170560,Effective Decode Concurrency,requests,p90,9.00
11,1780552970323170560,1780552971323170560,Effective Decode Concurrency,requests,p95,9.00
11,1780552970323170560,1780552971323170560,Effective Decode Concurrency,requests,p99,9.00
11,1780552970323170560,1780552971323170560,Effective Decode Concurrency,requests,std,0.00
11,1780552970323170560,1780552971323170560,Effective Decode Throughput,tokens/sec,avg,75.34
11,1780552970323170560,1780552971323170560,Effective Decode Throughput,tokens/sec,min,57.05
11,1780552970323170560,1780552971323170560,Effective Decode Throughput,tokens/sec,max,101.70
11,1780552970323170560,1780552971323170560,Effective Decode Throughput,tokens/sec,p50,75.34
11,1780552970323170560,1780552971323170560,Effective Decode Throughput,tokens/sec,p90,75.34
11,1780552970323170560,1780552971323170560,Effective Decode Throughput,tokens/sec,p95,75.34
11,1780552970323170560,1780552971323170560,Effective Decode Throughput,tokens/sec,p99,75.34
11,1780552970323170560,1780552971323170560,Effective Decode Throughput,tokens/sec,std,0.03
11,1780552970323170560,1780552971323170560,Effective Decode Throughput Per User,tokens/sec/user,avg,8.37
11,1780552970323170560,1780552971323170560,Effective Decode Throughput Per User,tokens/sec/user,min,6.34
11,1780552970323170560,1780552971323170560,Effective Decode Throughput Per User,tokens/sec/user,max,11.30
11,1780552970323170560,1780552971323170560,Effective Decode Throughput Per User,tokens/sec/user,p50,8.37
11,1780552970323170560,1780552971323170560,Effective Decode Throughput Per User,tokens/sec/user,p90,8.37
11,1780552970323170560,1780552971323170560,Effective Decode Throughput Per User,tokens/sec/user,p95,8.37
11,1780552970323170560,1780552971323170560,Effective Decode Throughput Per User,tokens/sec/user,p99,8.37
11,1780552970323170560,1780552971323170560,Effective Decode Throughput Per User,tokens/sec/user,std,0.00
11,1780552970323170560,1780552971323170560,Effective Prefill Concurrency,requests,avg,4.46
11,1780552970323170560,1780552971323170560,Effective Prefill Concurrency,requests,min,4.00
11,1780552970323170560,1780552971323170560,Effective Prefill Concurrency,requests,max,5.00
11,1780552970323170560,1780552971323170560,Effective Prefill Concurrency,requests,p50,4.00
11,1780552970323170560,1780552971323170560,Effective Prefill Concurrency,requests,p90,5.00
11,1780552970323170560,1780552971323170560,Effective Prefill Concurrency,requests,p95,5.00
11,1780552970323170560,1780552971323170560,Effective Prefill Concurrency,requests,p99,5.00
11,1780552970323170560,1780552971323170560,Effective Prefill Concurrency,requests,std,0.50
11,1780552970323170560,1780552971323170560,Effective Prefill Throughput,tokens/sec,avg,19761.56
11,1780552970323170560,1780552971323170560,Effective Prefill Throughput,tokens/sec,min,17540.55
11,1780552970323170560,1780552971323170560,Effective Prefill Throughput,tokens/sec,max,22364.86
11,1780552970323170560,1780552971323170560,Effective Prefill Throughput,tokens/sec,p50,17540.55
11,1780552970323170560,1780552971323170560,Effective Prefill Throughput,tokens/sec,p90,22364.86
11,1780552970323170560,1780552971323170560,Effective Prefill Throughput,tokens/sec,p95,22364.86
11,1780552970323170560,1780552971323170560,Effective Prefill Throughput,tokens/sec,p99,22364.86
11,1780552970323170560,1780552971323170560,Effective Prefill Throughput,tokens/sec,std,2404.57
11,1780552970323170560,1780552971323170560,Effective Prefill Throughput Per User,tokens/sec/user,avg,4425.57
11,1780552970323170560,1780552971323170560,Effective Prefill Throughput Per User,tokens/sec/user,min,4385.14
11,1780552970323170560,1780552971323170560,Effective Prefill Throughput Per User,tokens/sec/user,max,4472.97
11,1780552970323170560,1780552971323170560,Effective Prefill Throughput Per User,tokens/sec/user,p50,4385.14
11,1780552970323170560,1780552971323170560,Effective Prefill Throughput Per User,tokens/sec/user,p90,4472.97
11,1780552970323170560,1780552971323170560,Effective Prefill Throughput Per User,tokens/sec/user,p95,4472.97
11,1780552970323170560,1780552971323170560,Effective Prefill Throughput Per User,tokens/sec/user,p99,4472.97
11,1780552970323170560,1780552971323170560,Effective Prefill Throughput Per User,tokens/sec/user,std,43.78
11,1780552970323170560,1780552971323170560,Effective Total Throughput,tokens/sec,avg,19805.54
11,1780552970323170560,1780552971323170560,Effective Total Throughput,tokens/sec,min,17584.53
11,1780552970323170560,1780552971323170560,Effective Total Throughput,tokens/sec,max,22408.84
11,1780552970323170560,1780552971323170560,Effective Total Throughput,tokens/sec,p50,17584.53
11,1780552970323170560,1780552971323170560,Effective Total Throughput,tokens/sec,p90,22408.84
11,1780552970323170560,1780552971323170560,Effective Total Throughput,tokens/sec,p95,22408.84
11,1780552970323170560,1780552971323170560,Effective Total Throughput,tokens/sec,p99,22408.84
11,1780552970323170560,1780552971323170560,Effective Total Throughput,tokens/sec,std,2404.57
11,1780552970323170560,1780552971323170560,HTTP Blocked,ms,avg,0.00
11,1780552970323170560,1780552971323170560,HTTP Blocked,ms,min,0.00
11,1780552970323170560,1780552971323170560,HTTP Blocked,ms,max,0.00
11,1780552970323170560,1780552971323170560,HTTP Blocked,ms,sum,0.00
11,1780552970323170560,1780552971323170560,HTTP Blocked,ms,p1,0.00
11,1780552970323170560,1780552971323170560,HTTP Blocked,ms,p5,0.00
11,1780552970323170560,1780552971323170560,HTTP Blocked,ms,p10,0.00
11,1780552970323170560,1780552971323170560,HTTP Blocked,ms,p25,0.00
11,1780552970323170560,1780552971323170560,HTTP Blocked,ms,p50,0.00
11,1780552970323170560,1780552971323170560,HTTP Blocked,ms,p75,0.00
11,1780552970323170560,1780552971323170560,HTTP Blocked,ms,p90,0.00
11,1780552970323170560,1780552971323170560,HTTP Blocked,ms,p95,0.00
11,1780552970323170560,1780552971323170560,HTTP Blocked,ms,p99,0.00
11,1780552970323170560,1780552971323170560,HTTP Blocked,ms,std,0.00
11,1780552970323170560,1780552971323170560,HTTP Chunks Received,count,avg,259.00
11,1780552970323170560,1780552971323170560,HTTP Chunks Received,count,min,259.00
11,1780552970323170560,1780552971323170560,HTTP Chunks Received,count,max,259.00
11,1780552970323170560,1780552971323170560,HTTP Chunks Received,count,sum,259.00
11,1780552970323170560,1780552971323170560,HTTP Chunks Received,count,p1,259.00
11,1780552970323170560,1780552971323170560,HTTP Chunks Received,count,p5,259.00
11,1780552970323170560,1780552971323170560,HTTP Chunks Received,count,p10,259.00
11,1780552970323170560,1780552971323170560,HTTP Chunks Received,count,p25,259.00
11,1780552970323170560,1780552971323170560,HTTP Chunks Received,count,p50,259.00
11,1780552970323170560,1780552971323170560,HTTP Chunks Received,count,p75,259.00
11,1780552970323170560,1780552971323170560,HTTP Chunks Received,count,p90,259.00
11,1780552970323170560,1780552971323170560,HTTP Chunks Received,count,p95,259.00
11,1780552970323170560,1780552971323170560,HTTP Chunks Received,count,p99,259.00
11,1780552970323170560,1780552971323170560,HTTP Chunks Received,count,std,0.00
11,1780552970323170560,1780552971323170560,HTTP Chunks Sent,count,avg,1.00
11,1780552970323170560,1780552971323170560,HTTP Chunks Sent,count,min,1.00
11,1780552970323170560,1780552971323170560,HTTP Chunks Sent,count,max,1.00
11,1780552970323170560,1780552971323170560,HTTP Chunks Sent,count,sum,1.00
11,1780552970323170560,1780552971323170560,HTTP Chunks Sent,count,p1,1.00
11,1780552970323170560,1780552971323170560,HTTP Chunks Sent,count,p5,1.00
11,1780552970323170560,1780552971323170560,HTTP Chunks Sent,count,p10,1.00
11,1780552970323170560,1780552971323170560,HTTP Chunks Sent,count,p25,1.00
11,1780552970323170560,1780552971323170560,HTTP Chunks Sent,count,p50,1.00
11,1780552970323170560,1780552971323170560,HTTP Chunks Sent,count,p75,1.00
11,1780552970323170560,1780552971323170560,HTTP Chunks Sent,count,p90,1.00
11,1780552970323170560,1780552971323170560,HTTP Chunks Sent,count,p95,1.00
11,1780552970323170560,1780552971323170560,HTTP Chunks Sent,count,p99,1.00
11,1780552970323170560,1780552971323170560,HTTP Chunks Sent,count,std,0.00
11,1780552970323170560,1780552971323170560,HTTP Connecting,ms,avg,1.20
11,1780552970323170560,1780552971323170560,HTTP Connecting,ms,min,1.20
11,1780552970323170560,1780552971323170560,HTTP Connecting,ms,max,1.20
11,1780552970323170560,1780552971323170560,HTTP Connecting,ms,sum,1.20
11,1780552970323170560,1780552971323170560,HTTP Connecting,ms,p1,1.20
11,1780552970323170560,1780552971323170560,HTTP Connecting,ms,p5,1.20
11,1780552970323170560,1780552971323170560,HTTP Connecting,ms,p10,1.20
11,1780552970323170560,1780552971323170560,HTTP Connecting,ms,p25,1.20
11,1780552970323170560,1780552971323170560,HTTP Connecting,ms,p50,1.20
11,1780552970323170560,1780552971323170560,HTTP Connecting,ms,p75,1.20
11,1780552970323170560,1780552971323170560,HTTP Connecting,ms,p90,1.20
11,1780552970323170560,1780552971323170560,HTTP Connecting,ms,p95,1.20
11,1780552970323170560,1780552971323170560,HTTP Connecting,ms,p99,1.20
11,1780552970323170560,1780552971323170560,HTTP Connecting,ms,std,0.00
11,1780552970323170560,1780552971323170560,HTTP Connection Overhead,ms,avg,1.64
11,1780552970323170560,1780552971323170560,HTTP Connection Overhead,ms,min,1.64
11,1780552970323170560,1780552971323170560,HTTP Connection Overhead,ms,max,1.64
11,1780552970323170560,1780552971323170560,HTTP Connection Overhead,ms,sum,1.64
11,1780552970323170560,1780552971323170560,HTTP Connection Overhead,ms,p1,1.64
11,1780552970323170560,1780552971323170560,HTTP Connection Overhead,ms,p5,1.64
11,1780552970323170560,1780552971323170560,HTTP Connection Overhead,ms,p10,1.64
11,1780552970323170560,1780552971323170560,HTTP Connection Overhead,ms,p25,1.64
11,1780552970323170560,1780552971323170560,HTTP Connection Overhead,ms,p50,1.64
11,1780552970323170560,1780552971323170560,HTTP Connection Overhead,ms,p75,1.64
11,1780552970323170560,1780552971323170560,HTTP Connection Overhead,ms,p90,1.64
11,1780552970323170560,1780552971323170560,HTTP Connection Overhead,ms,p95,1.64
11,1780552970323170560,1780552971323170560,HTTP Connection Overhead,ms,p99,1.64
11,1780552970323170560,1780552971323170560,HTTP Connection Overhead,ms,std,0.00
11,1780552970323170560,1780552971323170560,HTTP Connection Reused,ratio,avg,0.00
11,1780552970323170560,1780552971323170560,HTTP Connection Reused,ratio,min,0.00
11,1780552970323170560,1780552971323170560,HTTP Connection Reused,ratio,max,0.00
11,1780552970323170560,1780552971323170560,HTTP Connection Reused,ratio,sum,0.00
11,1780552970323170560,1780552971323170560,HTTP Connection Reused,ratio,p1,0.00
11,1780552970323170560,1780552971323170560,HTTP Connection Reused,ratio,p5,0.00
11,1780552970323170560,1780552971323170560,HTTP Connection Reused,ratio,p10,0.00
11,1780552970323170560,1780552971323170560,HTTP Connection Reused,ratio,p25,0.00
11,1780552970323170560,1780552971323170560,HTTP Connection Reused,ratio,p50,0.00
11,1780552970323170560,1780552971323170560,HTTP Connection Reused,ratio,p75,0.00
11,1780552970323170560,1780552971323170560,HTTP Connection Reused,ratio,p90,0.00
11,1780552970323170560,1780552971323170560,HTTP Connection Reused,ratio,p95,0.00
11,1780552970323170560,1780552971323170560,HTTP Connection Reused,ratio,p99,0.00
11,1780552970323170560,1780552971323170560,HTTP Connection Reused,ratio,std,0.00
11,1780552970323170560,1780552971323170560,HTTP Data Received,KB,avg,65.09
11,1780552970323170560,1780552971323170560,HTTP Data Received,KB,min,65.09
11,1780552970323170560,1780552971323170560,HTTP Data Received,KB,max,65.09
11,1780552970323170560,1780552971323170560,HTTP Data Received,KB,sum,65.09
11,1780552970323170560,1780552971323170560,HTTP Data Received,KB,p1,65.09
11,1780552970323170560,1780552971323170560,HTTP Data Received,KB,p5,65.09
11,1780552970323170560,1780552971323170560,HTTP Data Received,KB,p10,65.09
11,1780552970323170560,1780552971323170560,HTTP Data Received,KB,p25,65.09
11,1780552970323170560,1780552971323170560,HTTP Data Received,KB,p50,65.09
11,1780552970323170560,1780552971323170560,HTTP Data Received,KB,p75,65.09
11,1780552970323170560,1780552971323170560,HTTP Data Received,KB,p90,65.09
11,1780552970323170560,1780552971323170560,HTTP Data Received,KB,p95,65.09
11,1780552970323170560,1780552971323170560,HTTP Data Received,KB,p99,65.09
11,1780552970323170560,1780552971323170560,HTTP Data Received,KB,std,0.00
11,1780552970323170560,1780552971323170560,HTTP Data Sent,KB,avg,329.06
11,1780552970323170560,1780552971323170560,HTTP Data Sent,KB,min,329.06
11,1780552970323170560,1780552971323170560,HTTP Data Sent,KB,max,329.06
11,1780552970323170560,1780552971323170560,HTTP Data Sent,KB,sum,329.06
11,1780552970323170560,1780552971323170560,HTTP Data Sent,KB,p1,329.06
11,1780552970323170560,1780552971323170560,HTTP Data Sent,KB,p5,329.06
11,1780552970323170560,1780552971323170560,HTTP Data Sent,KB,p10,329.06
11,1780552970323170560,1780552971323170560,HTTP Data Sent,KB,p25,329.06
11,1780552970323170560,1780552971323170560,HTTP Data Sent,KB,p50,329.06
11,1780552970323170560,1780552971323170560,HTTP Data Sent,KB,p75,329.06
11,1780552970323170560,1780552971323170560,HTTP Data Sent,KB,p90,329.06
11,1780552970323170560,1780552971323170560,HTTP Data Sent,KB,p95,329.06
11,1780552970323170560,1780552971323170560,HTTP Data Sent,KB,p99,329.06
11,1780552970323170560,1780552971323170560,HTTP Data Sent,KB,std,0.00
11,1780552970323170560,1780552971323170560,HTTP DNS Lookup,ms,avg,0.44
11,1780552970323170560,1780552971323170560,HTTP DNS Lookup,ms,min,0.44
11,1780552970323170560,1780552971323170560,HTTP DNS Lookup,ms,max,0.44
11,1780552970323170560,1780552971323170560,HTTP DNS Lookup,ms,sum,0.44
11,1780552970323170560,1780552971323170560,HTTP DNS Lookup,ms,p1,0.44
11,1780552970323170560,1780552971323170560,HTTP DNS Lookup,ms,p5,0.44
11,1780552970323170560,1780552971323170560,HTTP DNS Lookup,ms,p10,0.44
11,1780552970323170560,1780552971323170560,HTTP DNS Lookup,ms,p25,0.44
11,1780552970323170560,1780552971323170560,HTTP DNS Lookup,ms,p50,0.44
11,1780552970323170560,1780552971323170560,HTTP DNS Lookup,ms,p75,0.44
11,1780552970323170560,1780552971323170560,HTTP DNS Lookup,ms,p90,0.44
11,1780552970323170560,1780552971323170560,HTTP DNS Lookup,ms,p95,0.44
11,1780552970323170560,1780552971323170560,HTTP DNS Lookup,ms,p99,0.44
11,1780552970323170560,1780552971323170560,HTTP DNS Lookup,ms,std,0.00
11,1780552970323170560,1780552971323170560,HTTP Duration (excl. conn),ms,avg,70817.41
11,1780552970323170560,1780552971323170560,HTTP Duration (excl. conn),ms,min,70817.41
11,1780552970323170560,1780552971323170560,HTTP Duration (excl. conn),ms,max,70817.41
11,1780552970323170560,1780552971323170560,HTTP Duration (excl. conn),ms,sum,70817.41
11,1780552970323170560,1780552971323170560,HTTP Duration (excl. conn),ms,p1,70817.41
11,1780552970323170560,1780552971323170560,HTTP Duration (excl. conn),ms,p5,70817.41
11,1780552970323170560,1780552971323170560,HTTP Duration (excl. conn),ms,p10,70817.41
11,1780552970323170560,1780552971323170560,HTTP Duration (excl. conn),ms,p25,70817.41
11,1780552970323170560,1780552971323170560,HTTP Duration (excl. conn),ms,p50,70817.41
11,1780552970323170560,1780552971323170560,HTTP Duration (excl. conn),ms,p75,70817.41
11,1780552970323170560,1780552971323170560,HTTP Duration (excl. conn),ms,p90,70817.41
11,1780552970323170560,1780552971323170560,HTTP Duration (excl. conn),ms,p95,70817.41
11,1780552970323170560,1780552971323170560,HTTP Duration (excl. conn),ms,p99,70817.41
11,1780552970323170560,1780552971323170560,HTTP Duration (excl. conn),ms,std,0.00
11,1780552970323170560,1780552971323170560,HTTP Receiving,ms,avg,53248.43
11,1780552970323170560,1780552971323170560,HTTP Receiving,ms,min,53248.43
11,1780552970323170560,1780552971323170560,HTTP Receiving,ms,max,53248.43
11,1780552970323170560,1780552971323170560,HTTP Receiving,ms,sum,53248.43
11,1780552970323170560,1780552971323170560,HTTP Receiving,ms,p1,53248.43
11,1780552970323170560,1780552971323170560,HTTP Receiving,ms,p5,53248.43
11,1780552970323170560,1780552971323170560,HTTP Receiving,ms,p10,53248.43
11,1780552970323170560,1780552971323170560,HTTP Receiving,ms,p25,53248.43
11,1780552970323170560,1780552971323170560,HTTP Receiving,ms,p50,53248.43
11,1780552970323170560,1780552971323170560,HTTP Receiving,ms,p75,53248.43
11,1780552970323170560,1780552971323170560,HTTP Receiving,ms,p90,53248.43
11,1780552970323170560,1780552971323170560,HTTP Receiving,ms,p95,53248.43
11,1780552970323170560,1780552971323170560,HTTP Receiving,ms,p99,53248.43
11,1780552970323170560,1780552971323170560,HTTP Receiving,ms,std,0.00
11,1780552970323170560,1780552971323170560,HTTP Sending,ms,avg,1.61
11,1780552970323170560,1780552971323170560,HTTP Sending,ms,min,1.61
11,1780552970323170560,1780552971323170560,HTTP Sending,ms,max,1.61
11,1780552970323170560,1780552971323170560,HTTP Sending,ms,sum,1.61
11,1780552970323170560,1780552971323170560,HTTP Sending,ms,p1,1.61
11,1780552970323170560,1780552971323170560,HTTP Sending,ms,p5,1.61
11,1780552970323170560,1780552971323170560,HTTP Sending,ms,p10,1.61
11,1780552970323170560,1780552971323170560,HTTP Sending,ms,p25,1.61
11,1780552970323170560,1780552971323170560,HTTP Sending,ms,p50,1.61
11,1780552970323170560,1780552971323170560,HTTP Sending,ms,p75,1.61
11,1780552970323170560,1780552971323170560,HTTP Sending,ms,p90,1.61
11,1780552970323170560,1780552971323170560,HTTP Sending,ms,p95,1.61
11,1780552970323170560,1780552971323170560,HTTP Sending,ms,p99,1.61
11,1780552970323170560,1780552971323170560,HTTP Sending,ms,std,0.00
11,1780552970323170560,1780552971323170560,HTTP Total Time,ms,avg,70819.05
11,1780552970323170560,1780552971323170560,HTTP Total Time,ms,min,70819.05
11,1780552970323170560,1780552971323170560,HTTP Total Time,ms,max,70819.05
11,1780552970323170560,1780552971323170560,HTTP Total Time,ms,sum,70819.05
11,1780552970323170560,1780552971323170560,HTTP Total Time,ms,p1,70819.05
11,1780552970323170560,1780552971323170560,HTTP Total Time,ms,p5,70819.05
11,1780552970323170560,1780552971323170560,HTTP Total Time,ms,p10,70819.05
11,1780552970323170560,1780552971323170560,HTTP Total Time,ms,p25,70819.05
11,1780552970323170560,1780552971323170560,HTTP Total Time,ms,p50,70819.05
11,1780552970323170560,1780552971323170560,HTTP Total Time,ms,p75,70819.05
11,1780552970323170560,1780552971323170560,HTTP Total Time,ms,p90,70819.05
11,1780552970323170560,1780552971323170560,HTTP Total Time,ms,p95,70819.05
11,1780552970323170560,1780552971323170560,HTTP Total Time,ms,p99,70819.05
11,1780552970323170560,1780552971323170560,HTTP Total Time,ms,std,0.00
11,1780552970323170560,1780552971323170560,HTTP Waiting (TTFB),ms,avg,17567.37
11,1780552970323170560,1780552971323170560,HTTP Waiting (TTFB),ms,min,17567.37
11,1780552970323170560,1780552971323170560,HTTP Waiting (TTFB),ms,max,17567.37
11,1780552970323170560,1780552971323170560,HTTP Waiting (TTFB),ms,sum,17567.37
11,1780552970323170560,1780552971323170560,HTTP Waiting (TTFB),ms,p1,17567.37
11,1780552970323170560,1780552971323170560,HTTP Waiting (TTFB),ms,p5,17567.37
11,1780552970323170560,1780552971323170560,HTTP Waiting (TTFB),ms,p10,17567.37
11,1780552970323170560,1780552971323170560,HTTP Waiting (TTFB),ms,p25,17567.37
11,1780552970323170560,1780552971323170560,HTTP Waiting (TTFB),ms,p50,17567.37
11,1780552970323170560,1780552971323170560,HTTP Waiting (TTFB),ms,p75,17567.37
11,1780552970323170560,1780552971323170560,HTTP Waiting (TTFB),ms,p90,17567.37
11,1780552970323170560,1780552971323170560,HTTP Waiting (TTFB),ms,p95,17567.37
11,1780552970323170560,1780552971323170560,HTTP Waiting (TTFB),ms,p99,17567.37
11,1780552970323170560,1780552971323170560,HTTP Waiting (TTFB),ms,std,0.00
11,1780552970323170560,1780552971323170560,Input Sequence Length,tokens,avg,84759.00
11,1780552970323170560,1780552971323170560,Input Sequence Length,tokens,min,84759.00
11,1780552970323170560,1780552971323170560,Input Sequence Length,tokens,max,84759.00
11,1780552970323170560,1780552971323170560,Input Sequence Length,tokens,sum,84759.00
11,1780552970323170560,1780552971323170560,Input Sequence Length,tokens,p1,84759.00
11,1780552970323170560,1780552971323170560,Input Sequence Length,tokens,p5,84759.00
11,1780552970323170560,1780552971323170560,Input Sequence Length,tokens,p10,84759.00
11,1780552970323170560,1780552971323170560,Input Sequence Length,tokens,p25,84759.00
11,1780552970323170560,1780552971323170560,Input Sequence Length,tokens,p50,84759.00
11,1780552970323170560,1780552971323170560,Input Sequence Length,tokens,p75,84759.00
11,1780552970323170560,1780552971323170560,Input Sequence Length,tokens,p90,84759.00
11,1780552970323170560,1780552971323170560,Input Sequence Length,tokens,p95,84759.00
11,1780552970323170560,1780552971323170560,Input Sequence Length,tokens,p99,84759.00
11,1780552970323170560,1780552971323170560,Input Sequence Length,tokens,std,0.00
11,1780552970323170560,1780552971323170560,Input Token Throughput,tokens/sec,avg,84759.00
11,1780552970323170560,1780552971323170560,Inter Chunk Latency,ms,avg,25.79
11,1780552970323170560,1780552971323170560,Inter Chunk Latency,ms,min,18.79
11,1780552970323170560,1780552971323170560,Inter Chunk Latency,ms,max,30.33
11,1780552970323170560,1780552971323170560,Inter Chunk Latency,ms,sum,6654.78
11,1780552970323170560,1780552971323170560,Inter Chunk Latency,ms,p1,18.83
11,1780552970323170560,1780552971323170560,Inter Chunk Latency,ms,p5,20.07
11,1780552970323170560,1780552971323170560,Inter Chunk Latency,ms,p10,20.85
11,1780552970323170560,1780552971323170560,Inter Chunk Latency,ms,p25,23.64
11,1780552970323170560,1780552971323170560,Inter Chunk Latency,ms,p50,26.04
11,1780552970323170560,1780552971323170560,Inter Chunk Latency,ms,p75,28.90
11,1780552970323170560,1780552971323170560,Inter Chunk Latency,ms,p90,29.72
11,1780552970323170560,1780552971323170560,Inter Chunk Latency,ms,p95,29.94
11,1780552970323170560,1780552971323170560,Inter Chunk Latency,ms,p99,30.28
11,1780552970323170560,1780552971323170560,Inter Chunk Latency,ms,std,3.27
11,1780552970323170560,1780552971323170560,Inter Token Latency,ms,avg,206.39
11,1780552970323170560,1780552971323170560,Inter Token Latency,ms,min,206.39
11,1780552970323170560,1780552971323170560,Inter Token Latency,ms,max,206.39
11,1780552970323170560,1780552971323170560,Inter Token Latency,ms,sum,206.39
11,1780552970323170560,1780552971323170560,Inter Token Latency,ms,p1,206.39
11,1780552970323170560,1780552971323170560,Inter Token Latency,ms,p5,206.39
11,1780552970323170560,1780552971323170560,Inter Token Latency,ms,p10,206.39
11,1780552970323170560,1780552971323170560,Inter Token Latency,ms,p25,206.39
11,1780552970323170560,1780552971323170560,Inter Token Latency,ms,p50,206.39
11,1780552970323170560,1780552971323170560,Inter Token Latency,ms,p75,206.39
11,1780552970323170560,1780552971323170560,Inter Token Latency,ms,p90,206.39
11,1780552970323170560,1780552971323170560,Inter Token Latency,ms,p95,206.39
11,1780552970323170560,1780552971323170560,Inter Token Latency,ms,p99,206.39
11,1780552970323170560,1780552971323170560,Inter Token Latency,ms,std,0.00
11,1780552970323170560,1780552971323170560,Maximum Response Timestamp,ns,avg,1780553041680345088.00
11,1780552970323170560,1780552971323170560,Minimum Request Timestamp,ns,avg,1780552970862792448.00
11,1780552970323170560,1780552971323170560,OSL Mismatch Count,requests,avg,0.00
11,1780552970323170560,1780552971323170560,OSL Mismatch Diff %,%,avg,0.00
11,1780552970323170560,1780552971323170560,OSL Mismatch Diff %,%,min,0.00
11,1780552970323170560,1780552971323170560,OSL Mismatch Diff %,%,max,0.00
11,1780552970323170560,1780552971323170560,OSL Mismatch Diff %,%,sum,0.00
11,1780552970323170560,1780552971323170560,OSL Mismatch Diff %,%,p1,0.00
11,1780552970323170560,1780552971323170560,OSL Mismatch Diff %,%,p5,0.00
11,1780552970323170560,1780552971323170560,OSL Mismatch Diff %,%,p10,0.00
11,1780552970323170560,1780552971323170560,OSL Mismatch Diff %,%,p25,0.00
11,1780552970323170560,1780552971323170560,OSL Mismatch Diff %,%,p50,0.00
11,1780552970323170560,1780552971323170560,OSL Mismatch Diff %,%,p75,0.00
11,1780552970323170560,1780552971323170560,OSL Mismatch Diff %,%,p90,0.00
11,1780552970323170560,1780552971323170560,OSL Mismatch Diff %,%,p95,0.00
11,1780552970323170560,1780552971323170560,OSL Mismatch Diff %,%,p99,0.00
11,1780552970323170560,1780552971323170560,OSL Mismatch Diff %,%,std,0.00
11,1780552970323170560,1780552971323170560,Output Sequence Length,tokens,avg,259.00
11,1780552970323170560,1780552971323170560,Output Sequence Length,tokens,min,259.00
11,1780552970323170560,1780552971323170560,Output Sequence Length,tokens,max,259.00
11,1780552970323170560,1780552971323170560,Output Sequence Length,tokens,sum,259.00
11,1780552970323170560,1780552971323170560,Output Sequence Length,tokens,p1,259.00
11,1780552970323170560,1780552971323170560,Output Sequence Length,tokens,p5,259.00
11,1780552970323170560,1780552971323170560,Output Sequence Length,tokens,p10,259.00
11,1780552970323170560,1780552971323170560,Output Sequence Length,tokens,p25,259.00
11,1780552970323170560,1780552971323170560,Output Sequence Length,tokens,p50,259.00
11,1780552970323170560,1780552971323170560,Output Sequence Length,tokens,p75,259.00
11,1780552970323170560,1780552971323170560,Output Sequence Length,tokens,p90,259.00
11,1780552970323170560,1780552971323170560,Output Sequence Length,tokens,p95,259.00
11,1780552970323170560,1780552971323170560,Output Sequence Length,tokens,p99,259.00
11,1780552970323170560,1780552971323170560,Output Sequence Length,tokens,std,0.00
11,1780552970323170560,1780552971323170560,Output Token Count,tokens,avg,259.00
11,1780552970323170560,1780552971323170560,Output Token Count,tokens,min,259.00
11,1780552970323170560,1780552971323170560,Output Token Count,tokens,max,259.00
11,1780552970323170560,1780552971323170560,Output Token Count,tokens,sum,259.00
11,1780552970323170560,1780552971323170560,Output Token Count,tokens,p1,259.00
11,1780552970323170560,1780552971323170560,Output Token Count,tokens,p5,259.00
11,1780552970323170560,1780552971323170560,Output Token Count,tokens,p10,259.00
11,1780552970323170560,1780552971323170560,Output Token Count,tokens,p25,259.00
11,1780552970323170560,1780552971323170560,Output Token Count,tokens,p50,259.00
11,1780552970323170560,1780552971323170560,Output Token Count,tokens,p75,259.00
11,1780552970323170560,1780552971323170560,Output Token Count,tokens,p90,259.00
11,1780552970323170560,1780552971323170560,Output Token Count,tokens,p95,259.00
11,1780552970323170560,1780552971323170560,Output Token Count,tokens,p99,259.00
11,1780552970323170560,1780552971323170560,Output Token Count,tokens,std,0.00
11,1780552970323170560,1780552971323170560,Output Token Throughput,tokens/sec,avg,259.00
11,1780552970323170560,1780552971323170560,Output Token Throughput Per User,tokens/sec/user,avg,4.85
11,1780552970323170560,1780552971323170560,Output Token Throughput Per User,tokens/sec/user,min,4.85
11,1780552970323170560,1780552971323170560,Output Token Throughput Per User,tokens/sec/user,max,4.85
11,1780552970323170560,1780552971323170560,Output Token Throughput Per User,tokens/sec/user,sum,4.85
11,1780552970323170560,1780552971323170560,Output Token Throughput Per User,tokens/sec/user,p1,4.85
11,1780552970323170560,1780552971323170560,Output Token Throughput Per User,tokens/sec/user,p5,4.85
11,1780552970323170560,1780552971323170560,Output Token Throughput Per User,tokens/sec/user,p10,4.85
11,1780552970323170560,1780552971323170560,Output Token Throughput Per User,tokens/sec/user,p25,4.85
11,1780552970323170560,1780552971323170560,Output Token Throughput Per User,tokens/sec/user,p50,4.85
11,1780552970323170560,1780552971323170560,Output Token Throughput Per User,tokens/sec/user,p75,4.85
11,1780552970323170560,1780552971323170560,Output Token Throughput Per User,tokens/sec/user,p90,4.85
11,1780552970323170560,1780552971323170560,Output Token Throughput Per User,tokens/sec/user,p95,4.85
11,1780552970323170560,1780552971323170560,Output Token Throughput Per User,tokens/sec/user,p99,4.85
11,1780552970323170560,1780552971323170560,Output Token Throughput Per User,tokens/sec/user,std,0.00
11,1780552970323170560,1780552971323170560,Prefill Throughput Per User,tokens/sec/user,avg,4824.31
11,1780552970323170560,1780552971323170560,Prefill Throughput Per User,tokens/sec/user,min,4824.31
11,1780552970323170560,1780552971323170560,Prefill Throughput Per User,tokens/sec/user,max,4824.31
11,1780552970323170560,1780552971323170560,Prefill Throughput Per User,tokens/sec/user,sum,4824.31
11,1780552970323170560,1780552971323170560,Prefill Throughput Per User,tokens/sec/user,p1,4824.31
11,1780552970323170560,1780552971323170560,Prefill Throughput Per User,tokens/sec/user,p5,4824.31
11,1780552970323170560,1780552971323170560,Prefill Throughput Per User,tokens/sec/user,p10,4824.31
11,1780552970323170560,1780552971323170560,Prefill Throughput Per User,tokens/sec/user,p25,4824.31
11,1780552970323170560,1780552971323170560,Prefill Throughput Per User,tokens/sec/user,p50,4824.31
11,1780552970323170560,1780552971323170560,Prefill Throughput Per User,tokens/sec/user,p75,4824.31
11,1780552970323170560,1780552971323170560,Prefill Throughput Per User,tokens/sec/user,p90,4824.31
11,1780552970323170560,1780552971323170560,Prefill Throughput Per User,tokens/sec/user,p95,4824.31
11,1780552970323170560,1780552971323170560,Prefill Throughput Per User,tokens/sec/user,p99,4824.31
11,1780552970323170560,1780552971323170560,Prefill Throughput Per User,tokens/sec/user,std,0.00
11,1780552970323170560,1780552971323170560,Request Count,requests,avg,1.00
11,1780552970323170560,1780552971323170560,Request Latency,ms,avg,70817.55
11,1780552970323170560,1780552971323170560,Request Latency,ms,min,70817.55
11,1780552970323170560,1780552971323170560,Request Latency,ms,max,70817.55
11,1780552970323170560,1780552971323170560,Request Latency,ms,sum,70817.55
11,1780552970323170560,1780552971323170560,Request Latency,ms,p1,70817.55
11,1780552970323170560,1780552971323170560,Request Latency,ms,p5,70817.55
11,1780552970323170560,1780552971323170560,Request Latency,ms,p10,70817.55
11,1780552970323170560,1780552971323170560,Request Latency,ms,p25,70817.55
11,1780552970323170560,1780552971323170560,Request Latency,ms,p50,70817.55
11,1780552970323170560,1780552971323170560,Request Latency,ms,p75,70817.55
11,1780552970323170560,1780552971323170560,Request Latency,ms,p90,70817.55
11,1780552970323170560,1780552971323170560,Request Latency,ms,p95,70817.55
11,1780552970323170560,1780552971323170560,Request Latency,ms,p99,70817.55
11,1780552970323170560,1780552971323170560,Request Latency,ms,std,0.00
11,1780552970323170560,1780552971323170560,Request Throughput,requests/sec,avg,1.00
11,1780552970323170560,1780552971323170560,Requested OSL,tokens,avg,259.00
11,1780552970323170560,1780552971323170560,Requested OSL,tokens,min,259.00
11,1780552970323170560,1780552971323170560,Requested OSL,tokens,max,259.00
11,1780552970323170560,1780552971323170560,Requested OSL,tokens,sum,259.00
11,1780552970323170560,1780552971323170560,Requested OSL,tokens,p1,259.00
11,1780552970323170560,1780552971323170560,Requested OSL,tokens,p5,259.00
11,1780552970323170560,1780552971323170560,Requested OSL,tokens,p10,259.00
11,1780552970323170560,1780552971323170560,Requested OSL,tokens,p25,259.00
11,1780552970323170560,1780552971323170560,Requested OSL,tokens,p50,259.00
11,1780552970323170560,1780552971323170560,Requested OSL,tokens,p75,259.00
11,1780552970323170560,1780552971323170560,Requested OSL,tokens,p90,259.00
11,1780552970323170560,1780552971323170560,Requested OSL,tokens,p95,259.00
11,1780552970323170560,1780552971323170560,Requested OSL,tokens,p99,259.00
11,1780552970323170560,1780552971323170560,Requested OSL,tokens,std,0.00
11,1780552970323170560,1780552971323170560,Time to First Output Token,ms,avg,17569.14
11,1780552970323170560,1780552971323170560,Time to First Output Token,ms,min,17569.14
11,1780552970323170560,1780552971323170560,Time to First Output Token,ms,max,17569.14
11,1780552970323170560,1780552971323170560,Time to First Output Token,ms,sum,17569.14
11,1780552970323170560,1780552971323170560,Time to First Output Token,ms,p1,17569.14
11,1780552970323170560,1780552971323170560,Time to First Output Token,ms,p5,17569.14
11,1780552970323170560,1780552971323170560,Time to First Output Token,ms,p10,17569.14
11,1780552970323170560,1780552971323170560,Time to First Output Token,ms,p25,17569.14
11,1780552970323170560,1780552971323170560,Time to First Output Token,ms,p50,17569.14
11,1780552970323170560,1780552971323170560,Time to First Output Token,ms,p75,17569.14
11,1780552970323170560,1780552971323170560,Time to First Output Token,ms,p90,17569.14
11,1780552970323170560,1780552971323170560,Time to First Output Token,ms,p95,17569.14
11,1780552970323170560,1780552971323170560,Time to First Output Token,ms,p99,17569.14
11,1780552970323170560,1780552971323170560,Time to First Output Token,ms,std,0.00
11,1780552970323170560,1780552971323170560,Time to First Token,ms,avg,17569.14
11,1780552970323170560,1780552971323170560,Time to First Token,ms,min,17569.14
11,1780552970323170560,1780552971323170560,Time to First Token,ms,max,17569.14
11,1780552970323170560,1780552971323170560,Time to First Token,ms,sum,17569.14
11,1780552970323170560,1780552971323170560,Time to First Token,ms,p1,17569.14
11,1780552970323170560,1780552971323170560,Time to First Token,ms,p5,17569.14
11,1780552970323170560,1780552971323170560,Time to First Token,ms,p10,17569.14
11,1780552970323170560,1780552971323170560,Time to First Token,ms,p25,17569.14
11,1780552970323170560,1780552971323170560,Time to First Token,ms,p50,17569.14
11,1780552970323170560,1780552971323170560,Time to First Token,ms,p75,17569.14
11,1780552970323170560,1780552971323170560,Time to First Token,ms,p90,17569.14
11,1780552970323170560,1780552971323170560,Time to First Token,ms,p95,17569.14
11,1780552970323170560,1780552971323170560,Time to First Token,ms,p99,17569.14
11,1780552970323170560,1780552971323170560,Time to First Token,ms,std,0.00
11,1780552970323170560,1780552971323170560,Time to Second Token,ms,avg,0.56
11,1780552970323170560,1780552971323170560,Time to Second Token,ms,min,0.56
11,1780552970323170560,1780552971323170560,Time to Second Token,ms,max,0.56
11,1780552970323170560,1780552971323170560,Time to Second Token,ms,sum,0.56
11,1780552970323170560,1780552971323170560,Time to Second Token,ms,p1,0.56
11,1780552970323170560,1780552971323170560,Time to Second Token,ms,p5,0.56
11,1780552970323170560,1780552971323170560,Time to Second Token,ms,p10,0.56
11,1780552970323170560,1780552971323170560,Time to Second Token,ms,p25,0.56
11,1780552970323170560,1780552971323170560,Time to Second Token,ms,p50,0.56
11,1780552970323170560,1780552971323170560,Time to Second Token,ms,p75,0.56
11,1780552970323170560,1780552971323170560,Time to Second Token,ms,p90,0.56
11,1780552970323170560,1780552971323170560,Time to Second Token,ms,p95,0.56
11,1780552970323170560,1780552971323170560,Time to Second Token,ms,p99,0.56
11,1780552970323170560,1780552971323170560,Time to Second Token,ms,std,0.00
11,1780552970323170560,1780552971323170560,Tokens In Flight,tokens,avg,1252857.84
11,1780552970323170560,1780552971323170560,Tokens In Flight,tokens,min,1213799.07
11,1780552970323170560,1780552971323170560,Tokens In Flight,tokens,max,1298634.31
11,1780552970323170560,1780552971323170560,Tokens In Flight,tokens,p50,1213836.69
11,1780552970323170560,1780552971323170560,Tokens In Flight,tokens,p90,1298625.91
11,1780552970323170560,1780552971323170560,Tokens In Flight,tokens,p95,1298629.61
11,1780552970323170560,1780552971323170560,Tokens In Flight,tokens,p99,1298632.61
11,1780552970323170560,1780552971323170560,Tokens In Flight,tokens,std,42265.01
11,1780552970323170560,1780552971323170560,Total Input Sequence Length,tokens,avg,84759.00
11,1780552970323170560,1780552971323170560,Total Output Sequence Length,tokens,avg,259.00
11,1780552970323170560,1780552971323170560,Total Output Tokens,tokens,avg,259.00
11,1780552970323170560,1780552971323170560,Total Token Throughput,tokens/sec,avg,85018.00
11,1780552970323170560,1780552971323170560,Total Usage Completion Tokens,tokens,avg,259.00
11,1780552970323170560,1780552971323170560,Total Usage Prompt Tokens,tokens,avg,84759.00
11,1780552970323170560,1780552971323170560,Total Usage Total Tokens,tokens,avg,85018.00
11,1780552970323170560,1780552971323170560,Usage Completion Tokens,tokens,avg,259.00
11,1780552970323170560,1780552971323170560,Usage Completion Tokens,tokens,min,259.00
11,1780552970323170560,1780552971323170560,Usage Completion Tokens,tokens,max,259.00
11,1780552970323170560,1780552971323170560,Usage Completion Tokens,tokens,sum,259.00
11,1780552970323170560,1780552971323170560,Usage Completion Tokens,tokens,p1,259.00
11,1780552970323170560,1780552971323170560,Usage Completion Tokens,tokens,p5,259.00
11,1780552970323170560,1780552971323170560,Usage Completion Tokens,tokens,p10,259.00
11,1780552970323170560,1780552971323170560,Usage Completion Tokens,tokens,p25,259.00
11,1780552970323170560,1780552971323170560,Usage Completion Tokens,tokens,p50,259.00
11,1780552970323170560,1780552971323170560,Usage Completion Tokens,tokens,p75,259.00
11,1780552970323170560,1780552971323170560,Usage Completion Tokens,tokens,p90,259.00
11,1780552970323170560,1780552971323170560,Usage Completion Tokens,tokens,p95,259.00
11,1780552970323170560,1780552971323170560,Usage Completion Tokens,tokens,p99,259.00
11,1780552970323170560,1780552971323170560,Usage Completion Tokens,tokens,std,0.00
11,1780552970323170560,1780552971323170560,Usage Prompt Tokens,tokens,avg,84759.00
11,1780552970323170560,1780552971323170560,Usage Prompt Tokens,tokens,min,84759.00
11,1780552970323170560,1780552971323170560,Usage Prompt Tokens,tokens,max,84759.00
11,1780552970323170560,1780552971323170560,Usage Prompt Tokens,tokens,sum,84759.00
11,1780552970323170560,1780552971323170560,Usage Prompt Tokens,tokens,p1,84759.00
11,1780552970323170560,1780552971323170560,Usage Prompt Tokens,tokens,p5,84759.00
11,1780552970323170560,1780552971323170560,Usage Prompt Tokens,tokens,p10,84759.00
11,1780552970323170560,1780552971323170560,Usage Prompt Tokens,tokens,p25,84759.00
11,1780552970323170560,1780552971323170560,Usage Prompt Tokens,tokens,p50,84759.00
11,1780552970323170560,1780552971323170560,Usage Prompt Tokens,tokens,p75,84759.00
11,1780552970323170560,1780552971323170560,Usage Prompt Tokens,tokens,p90,84759.00
11,1780552970323170560,1780552971323170560,Usage Prompt Tokens,tokens,p95,84759.00
11,1780552970323170560,1780552971323170560,Usage Prompt Tokens,tokens,p99,84759.00
11,1780552970323170560,1780552971323170560,Usage Prompt Tokens,tokens,std,0.00
11,1780552970323170560,1780552971323170560,Usage Total Tokens,tokens,avg,85018.00
11,1780552970323170560,1780552971323170560,Usage Total Tokens,tokens,min,85018.00
11,1780552970323170560,1780552971323170560,Usage Total Tokens,tokens,max,85018.00
11,1780552970323170560,1780552971323170560,Usage Total Tokens,tokens,sum,85018.00
11,1780552970323170560,1780552971323170560,Usage Total Tokens,tokens,p1,85018.00
11,1780552970323170560,1780552971323170560,Usage Total Tokens,tokens,p5,85018.00
11,1780552970323170560,1780552971323170560,Usage Total Tokens,tokens,p10,85018.00
11,1780552970323170560,1780552971323170560,Usage Total Tokens,tokens,p25,85018.00
11,1780552970323170560,1780552971323170560,Usage Total Tokens,tokens,p50,85018.00
11,1780552970323170560,1780552971323170560,Usage Total Tokens,tokens,p75,85018.00
11,1780552970323170560,1780552971323170560,Usage Total Tokens,tokens,p90,85018.00
11,1780552970323170560,1780552971323170560,Usage Total Tokens,tokens,p95,85018.00
11,1780552970323170560,1780552971323170560,Usage Total Tokens,tokens,p99,85018.00
11,1780552970323170560,1780552971323170560,Usage Total Tokens,tokens,std,0.00
12,1780552977323170560,1780552978323170560,Active Decode Throughput,tokens/sec,avg,102.10
12,1780552977323170560,1780552978323170560,Active Decode Throughput,tokens/sec,min,75.28
12,1780552977323170560,1780552978323170560,Active Decode Throughput,tokens/sec,max,129.56
12,1780552977323170560,1780552978323170560,Active Decode Throughput,tokens/sec,p50,102.07
12,1780552977323170560,1780552978323170560,Active Decode Throughput,tokens/sec,p90,102.44
12,1780552977323170560,1780552978323170560,Active Decode Throughput,tokens/sec,p95,102.44
12,1780552977323170560,1780552978323170560,Active Decode Throughput,tokens/sec,p99,102.44
12,1780552977323170560,1780552978323170560,Active Decode Throughput,tokens/sec,std,0.21
12,1780552977323170560,1780552978323170560,Active Decode Throughput Per User,tokens/sec/user,avg,9.28
12,1780552977323170560,1780552978323170560,Active Decode Throughput Per User,tokens/sec/user,min,6.84
12,1780552977323170560,1780552978323170560,Active Decode Throughput Per User,tokens/sec/user,max,11.78
12,1780552977323170560,1780552978323170560,Active Decode Throughput Per User,tokens/sec/user,p50,9.28
12,1780552977323170560,1780552978323170560,Active Decode Throughput Per User,tokens/sec/user,p90,9.31
12,1780552977323170560,1780552978323170560,Active Decode Throughput Per User,tokens/sec/user,p95,9.31
12,1780552977323170560,1780552978323170560,Active Decode Throughput Per User,tokens/sec/user,p99,9.31
12,1780552977323170560,1780552978323170560,Active Decode Throughput Per User,tokens/sec/user,std,0.02
12,1780552977323170560,1780552978323170560,Active Prefill Throughput,tokens/sec,avg,13110.90
12,1780552977323170560,1780552978323170560,Active Prefill Throughput,tokens/sec,min,10996.37
12,1780552977323170560,1780552978323170560,Active Prefill Throughput,tokens/sec,max,15886.16
12,1780552977323170560,1780552978323170560,Active Prefill Throughput,tokens/sec,p50,10996.37
12,1780552977323170560,1780552978323170560,Active Prefill Throughput,tokens/sec,p90,15886.16
12,1780552977323170560,1780552978323170560,Active Prefill Throughput,tokens/sec,p95,15886.16
12,1780552977323170560,1780552978323170560,Active Prefill Throughput,tokens/sec,p99,15886.16
12,1780552977323170560,1780552978323170560,Active Prefill Throughput,tokens/sec,std,2422.47
12,1780552977323170560,1780552978323170560,Active Prefill Throughput Per User,tokens/sec/user,avg,5410.49
12,1780552977323170560,1780552978323170560,Active Prefill Throughput Per User,tokens/sec/user,min,5295.39
12,1780552977323170560,1780552978323170560,Active Prefill Throughput Per User,tokens/sec/user,max,5498.19
12,1780552977323170560,1780552978323170560,Active Prefill Throughput Per User,tokens/sec/user,p50,5498.19
12,1780552977323170560,1780552978323170560,Active Prefill Throughput Per User,tokens/sec/user,p90,5498.19
12,1780552977323170560,1780552978323170560,Active Prefill Throughput Per User,tokens/sec/user,p95,5498.19
12,1780552977323170560,1780552978323170560,Active Prefill Throughput Per User,tokens/sec/user,p99,5498.19
12,1780552977323170560,1780552978323170560,Active Prefill Throughput Per User,tokens/sec/user,std,100.47
12,1780552977323170560,1780552978323170560,Active Total Throughput,tokens/sec,avg,13163.09
12,1780552977323170560,1780552978323170560,Active Total Throughput,tokens/sec,min,11048.56
12,1780552977323170560,1780552978323170560,Active Total Throughput,tokens/sec,max,15938.35
12,1780552977323170560,1780552978323170560,Active Total Throughput,tokens/sec,p50,11048.56
12,1780552977323170560,1780552978323170560,Active Total Throughput,tokens/sec,p90,15938.35
12,1780552977323170560,1780552978323170560,Active Total Throughput,tokens/sec,p95,15938.35
12,1780552977323170560,1780552978323170560,Active Total Throughput,tokens/sec,p99,15938.35
12,1780552977323170560,1780552978323170560,Active Total Throughput,tokens/sec,std,2422.47
12,1780552977323170560,1780552978323170560,Benchmark Duration,sec,avg,777.89
12,1780552977323170560,1780552978323170560,E2E Output Token Throughput,tokens/sec/user,avg,5.81
12,1780552977323170560,1780552978323170560,E2E Output Token Throughput,tokens/sec/user,min,5.81
12,1780552977323170560,1780552978323170560,E2E Output Token Throughput,tokens/sec/user,max,5.81
12,1780552977323170560,1780552978323170560,E2E Output Token Throughput,tokens/sec/user,sum,5.81
12,1780552977323170560,1780552978323170560,E2E Output Token Throughput,tokens/sec/user,p1,5.81
12,1780552977323170560,1780552978323170560,E2E Output Token Throughput,tokens/sec/user,p5,5.81
12,1780552977323170560,1780552978323170560,E2E Output Token Throughput,tokens/sec/user,p10,5.81
12,1780552977323170560,1780552978323170560,E2E Output Token Throughput,tokens/sec/user,p25,5.81
12,1780552977323170560,1780552978323170560,E2E Output Token Throughput,tokens/sec/user,p50,5.81
12,1780552977323170560,1780552978323170560,E2E Output Token Throughput,tokens/sec/user,p75,5.81
12,1780552977323170560,1780552978323170560,E2E Output Token Throughput,tokens/sec/user,p90,5.81
12,1780552977323170560,1780552978323170560,E2E Output Token Throughput,tokens/sec/user,p95,5.81
12,1780552977323170560,1780552978323170560,E2E Output Token Throughput,tokens/sec/user,p99,5.81
12,1780552977323170560,1780552978323170560,E2E Output Token Throughput,tokens/sec/user,std,0.00
12,1780552977323170560,1780552978323170560,Effective Concurrency,requests,avg,13.43
12,1780552977323170560,1780552978323170560,Effective Concurrency,requests,min,13.00
12,1780552977323170560,1780552978323170560,Effective Concurrency,requests,max,14.00
12,1780552977323170560,1780552978323170560,Effective Concurrency,requests,p50,13.00
12,1780552977323170560,1780552978323170560,Effective Concurrency,requests,p90,14.00
12,1780552977323170560,1780552978323170560,Effective Concurrency,requests,p95,14.00
12,1780552977323170560,1780552978323170560,Effective Concurrency,requests,p99,14.00
12,1780552977323170560,1780552978323170560,Effective Concurrency,requests,std,0.50
12,1780552977323170560,1780552978323170560,Effective Decode Concurrency,requests,avg,11.00
12,1780552977323170560,1780552978323170560,Effective Decode Concurrency,requests,min,11.00
12,1780552977323170560,1780552978323170560,Effective Decode Concurrency,requests,max,11.00
12,1780552977323170560,1780552978323170560,Effective Decode Concurrency,requests,p50,11.00
12,1780552977323170560,1780552978323170560,Effective Decode Concurrency,requests,p90,11.00
12,1780552977323170560,1780552978323170560,Effective Decode Concurrency,requests,p95,11.00
12,1780552977323170560,1780552978323170560,Effective Decode Concurrency,requests,p99,11.00
12,1780552977323170560,1780552978323170560,Effective Decode Concurrency,requests,std,0.00
12,1780552977323170560,1780552978323170560,Effective Decode Throughput,tokens/sec,avg,102.10
12,1780552977323170560,1780552978323170560,Effective Decode Throughput,tokens/sec,min,75.28
12,1780552977323170560,1780552978323170560,Effective Decode Throughput,tokens/sec,max,129.56
12,1780552977323170560,1780552978323170560,Effective Decode Throughput,tokens/sec,p50,102.07
12,1780552977323170560,1780552978323170560,Effective Decode Throughput,tokens/sec,p90,102.44
12,1780552977323170560,1780552978323170560,Effective Decode Throughput,tokens/sec,p95,102.44
12,1780552977323170560,1780552978323170560,Effective Decode Throughput,tokens/sec,p99,102.44
12,1780552977323170560,1780552978323170560,Effective Decode Throughput,tokens/sec,std,0.21
12,1780552977323170560,1780552978323170560,Effective Decode Throughput Per User,tokens/sec/user,avg,9.28
12,1780552977323170560,1780552978323170560,Effective Decode Throughput Per User,tokens/sec/user,min,6.84
12,1780552977323170560,1780552978323170560,Effective Decode Throughput Per User,tokens/sec/user,max,11.78
12,1780552977323170560,1780552978323170560,Effective Decode Throughput Per User,tokens/sec/user,p50,9.28
12,1780552977323170560,1780552978323170560,Effective Decode Throughput Per User,tokens/sec/user,p90,9.31
12,1780552977323170560,1780552978323170560,Effective Decode Throughput Per User,tokens/sec/user,p95,9.31
12,1780552977323170560,1780552978323170560,Effective Decode Throughput Per User,tokens/sec/user,p99,9.31
12,1780552977323170560,1780552978323170560,Effective Decode Throughput Per User,tokens/sec/user,std,0.02
12,1780552977323170560,1780552978323170560,Effective Prefill Concurrency,requests,avg,2.43
12,1780552977323170560,1780552978323170560,Effective Prefill Concurrency,requests,min,2.00
12,1780552977323170560,1780552978323170560,Effective Prefill Concurrency,requests,max,3.00
12,1780552977323170560,1780552978323170560,Effective Prefill Concurrency,requests,p50,2.00
12,1780552977323170560,1780552978323170560,Effective Prefill Concurrency,requests,p90,3.00
12,1780552977323170560,1780552978323170560,Effective Prefill Concurrency,requests,p95,3.00
12,1780552977323170560,1780552978323170560,Effective Prefill Concurrency,requests,p99,3.00
12,1780552977323170560,1780552978323170560,Effective Prefill Concurrency,requests,std,0.50
12,1780552977323170560,1780552978323170560,Effective Prefill Throughput,tokens/sec,avg,13110.90
12,1780552977323170560,1780552978323170560,Effective Prefill Throughput,tokens/sec,min,10996.37
12,1780552977323170560,1780552978323170560,Effective Prefill Throughput,tokens/sec,max,15886.16
12,1780552977323170560,1780552978323170560,Effective Prefill Throughput,tokens/sec,p50,10996.37
12,1780552977323170560,1780552978323170560,Effective Prefill Throughput,tokens/sec,p90,15886.16
12,1780552977323170560,1780552978323170560,Effective Prefill Throughput,tokens/sec,p95,15886.16
12,1780552977323170560,1780552978323170560,Effective Prefill Throughput,tokens/sec,p99,15886.16
12,1780552977323170560,1780552978323170560,Effective Prefill Throughput,tokens/sec,std,2422.47
12,1780552977323170560,1780552978323170560,Effective Prefill Throughput Per User,tokens/sec/user,avg,5410.49
12,1780552977323170560,1780552978323170560,Effective Prefill Throughput Per User,tokens/sec/user,min,5295.39
12,1780552977323170560,1780552978323170560,Effective Prefill Throughput Per User,tokens/sec/user,max,5498.19
12,1780552977323170560,1780552978323170560,Effective Prefill Throughput Per User,tokens/sec/user,p50,5498.19
12,1780552977323170560,1780552978323170560,Effective Prefill Throughput Per User,tokens/sec/user,p90,5498.19
12,1780552977323170560,1780552978323170560,Effective Prefill Throughput Per User,tokens/sec/user,p95,5498.19
12,1780552977323170560,1780552978323170560,Effective Prefill Throughput Per User,tokens/sec/user,p99,5498.19
12,1780552977323170560,1780552978323170560,Effective Prefill Throughput Per User,tokens/sec/user,std,100.47
12,1780552977323170560,1780552978323170560,Effective Total Throughput,tokens/sec,avg,13163.09
12,1780552977323170560,1780552978323170560,Effective Total Throughput,tokens/sec,min,11048.56
12,1780552977323170560,1780552978323170560,Effective Total Throughput,tokens/sec,max,15938.35
12,1780552977323170560,1780552978323170560,Effective Total Throughput,tokens/sec,p50,11048.56
12,1780552977323170560,1780552978323170560,Effective Total Throughput,tokens/sec,p90,15938.35
12,1780552977323170560,1780552978323170560,Effective Total Throughput,tokens/sec,p95,15938.35
12,1780552977323170560,1780552978323170560,Effective Total Throughput,tokens/sec,p99,15938.35
12,1780552977323170560,1780552978323170560,Effective Total Throughput,tokens/sec,std,2422.47
12,1780552977323170560,1780552978323170560,HTTP Blocked,ms,avg,0.00
12,1780552977323170560,1780552978323170560,HTTP Blocked,ms,min,0.00
12,1780552977323170560,1780552978323170560,HTTP Blocked,ms,max,0.00
12,1780552977323170560,1780552978323170560,HTTP Blocked,ms,sum,0.00
12,1780552977323170560,1780552978323170560,HTTP Blocked,ms,p1,0.00
12,1780552977323170560,1780552978323170560,HTTP Blocked,ms,p5,0.00
12,1780552977323170560,1780552978323170560,HTTP Blocked,ms,p10,0.00
12,1780552977323170560,1780552978323170560,HTTP Blocked,ms,p25,0.00
12,1780552977323170560,1780552978323170560,HTTP Blocked,ms,p50,0.00
12,1780552977323170560,1780552978323170560,HTTP Blocked,ms,p75,0.00
12,1780552977323170560,1780552978323170560,HTTP Blocked,ms,p90,0.00
12,1780552977323170560,1780552978323170560,HTTP Blocked,ms,p95,0.00
12,1780552977323170560,1780552978323170560,HTTP Blocked,ms,p99,0.00
12,1780552977323170560,1780552978323170560,HTTP Blocked,ms,std,0.00
12,1780552977323170560,1780552978323170560,HTTP Chunks Received,count,avg,4519.00
12,1780552977323170560,1780552978323170560,HTTP Chunks Received,count,min,4519.00
12,1780552977323170560,1780552978323170560,HTTP Chunks Received,count,max,4519.00
12,1780552977323170560,1780552978323170560,HTTP Chunks Received,count,sum,4519.00
12,1780552977323170560,1780552978323170560,HTTP Chunks Received,count,p1,4519.00
12,1780552977323170560,1780552978323170560,HTTP Chunks Received,count,p5,4519.00
12,1780552977323170560,1780552978323170560,HTTP Chunks Received,count,p10,4519.00
12,1780552977323170560,1780552978323170560,HTTP Chunks Received,count,p25,4519.00
12,1780552977323170560,1780552978323170560,HTTP Chunks Received,count,p50,4519.00
12,1780552977323170560,1780552978323170560,HTTP Chunks Received,count,p75,4519.00
12,1780552977323170560,1780552978323170560,HTTP Chunks Received,count,p90,4519.00
12,1780552977323170560,1780552978323170560,HTTP Chunks Received,count,p95,4519.00
12,1780552977323170560,1780552978323170560,HTTP Chunks Received,count,p99,4519.00
12,1780552977323170560,1780552978323170560,HTTP Chunks Received,count,std,0.00
12,1780552977323170560,1780552978323170560,HTTP Chunks Sent,count,avg,1.00
12,1780552977323170560,1780552978323170560,HTTP Chunks Sent,count,min,1.00
12,1780552977323170560,1780552978323170560,HTTP Chunks Sent,count,max,1.00
12,1780552977323170560,1780552978323170560,HTTP Chunks Sent,count,sum,1.00
12,1780552977323170560,1780552978323170560,HTTP Chunks Sent,count,p1,1.00
12,1780552977323170560,1780552978323170560,HTTP Chunks Sent,count,p5,1.00
12,1780552977323170560,1780552978323170560,HTTP Chunks Sent,count,p10,1.00
12,1780552977323170560,1780552978323170560,HTTP Chunks Sent,count,p25,1.00
12,1780552977323170560,1780552978323170560,HTTP Chunks Sent,count,p50,1.00
12,1780552977323170560,1780552978323170560,HTTP Chunks Sent,count,p75,1.00
12,1780552977323170560,1780552978323170560,HTTP Chunks Sent,count,p90,1.00
12,1780552977323170560,1780552978323170560,HTTP Chunks Sent,count,p95,1.00
12,1780552977323170560,1780552978323170560,HTTP Chunks Sent,count,p99,1.00
12,1780552977323170560,1780552978323170560,HTTP Chunks Sent,count,std,0.00
12,1780552977323170560,1780552978323170560,HTTP Connecting,ms,avg,1.14
12,1780552977323170560,1780552978323170560,HTTP Connecting,ms,min,1.14
12,1780552977323170560,1780552978323170560,HTTP Connecting,ms,max,1.14
12,1780552977323170560,1780552978323170560,HTTP Connecting,ms,sum,1.14
12,1780552977323170560,1780552978323170560,HTTP Connecting,ms,p1,1.14
12,1780552977323170560,1780552978323170560,HTTP Connecting,ms,p5,1.14
12,1780552977323170560,1780552978323170560,HTTP Connecting,ms,p10,1.14
12,1780552977323170560,1780552978323170560,HTTP Connecting,ms,p25,1.14
12,1780552977323170560,1780552978323170560,HTTP Connecting,ms,p50,1.14
12,1780552977323170560,1780552978323170560,HTTP Connecting,ms,p75,1.14
12,1780552977323170560,1780552978323170560,HTTP Connecting,ms,p90,1.14
12,1780552977323170560,1780552978323170560,HTTP Connecting,ms,p95,1.14
12,1780552977323170560,1780552978323170560,HTTP Connecting,ms,p99,1.14
12,1780552977323170560,1780552978323170560,HTTP Connecting,ms,std,0.00
12,1780552977323170560,1780552978323170560,HTTP Connection Overhead,ms,avg,1.66
12,1780552977323170560,1780552978323170560,HTTP Connection Overhead,ms,min,1.66
12,1780552977323170560,1780552978323170560,HTTP Connection Overhead,ms,max,1.66
12,1780552977323170560,1780552978323170560,HTTP Connection Overhead,ms,sum,1.66
12,1780552977323170560,1780552978323170560,HTTP Connection Overhead,ms,p1,1.66
12,1780552977323170560,1780552978323170560,HTTP Connection Overhead,ms,p5,1.66
12,1780552977323170560,1780552978323170560,HTTP Connection Overhead,ms,p10,1.66
12,1780552977323170560,1780552978323170560,HTTP Connection Overhead,ms,p25,1.66
12,1780552977323170560,1780552978323170560,HTTP Connection Overhead,ms,p50,1.66
12,1780552977323170560,1780552978323170560,HTTP Connection Overhead,ms,p75,1.66
12,1780552977323170560,1780552978323170560,HTTP Connection Overhead,ms,p90,1.66
12,1780552977323170560,1780552978323170560,HTTP Connection Overhead,ms,p95,1.66
12,1780552977323170560,1780552978323170560,HTTP Connection Overhead,ms,p99,1.66
12,1780552977323170560,1780552978323170560,HTTP Connection Overhead,ms,std,0.00
12,1780552977323170560,1780552978323170560,HTTP Connection Reused,ratio,avg,0.00
12,1780552977323170560,1780552978323170560,HTTP Connection Reused,ratio,min,0.00
12,1780552977323170560,1780552978323170560,HTTP Connection Reused,ratio,max,0.00
12,1780552977323170560,1780552978323170560,HTTP Connection Reused,ratio,sum,0.00
12,1780552977323170560,1780552978323170560,HTTP Connection Reused,ratio,p1,0.00
12,1780552977323170560,1780552978323170560,HTTP Connection Reused,ratio,p5,0.00
12,1780552977323170560,1780552978323170560,HTTP Connection Reused,ratio,p10,0.00
12,1780552977323170560,1780552978323170560,HTTP Connection Reused,ratio,p25,0.00
12,1780552977323170560,1780552978323170560,HTTP Connection Reused,ratio,p50,0.00
12,1780552977323170560,1780552978323170560,HTTP Connection Reused,ratio,p75,0.00
12,1780552977323170560,1780552978323170560,HTTP Connection Reused,ratio,p90,0.00
12,1780552977323170560,1780552978323170560,HTTP Connection Reused,ratio,p95,0.00
12,1780552977323170560,1780552978323170560,HTTP Connection Reused,ratio,p99,0.00
12,1780552977323170560,1780552978323170560,HTTP Connection Reused,ratio,std,0.00
12,1780552977323170560,1780552978323170560,HTTP Data Received,KB,avg,1114.33
12,1780552977323170560,1780552978323170560,HTTP Data Received,KB,min,1114.33
12,1780552977323170560,1780552978323170560,HTTP Data Received,KB,max,1114.33
12,1780552977323170560,1780552978323170560,HTTP Data Received,KB,sum,1114.33
12,1780552977323170560,1780552978323170560,HTTP Data Received,KB,p1,1114.33
12,1780552977323170560,1780552978323170560,HTTP Data Received,KB,p5,1114.33
12,1780552977323170560,1780552978323170560,HTTP Data Received,KB,p10,1114.33
12,1780552977323170560,1780552978323170560,HTTP Data Received,KB,p25,1114.33
12,1780552977323170560,1780552978323170560,HTTP Data Received,KB,p50,1114.33
12,1780552977323170560,1780552978323170560,HTTP Data Received,KB,p75,1114.33
12,1780552977323170560,1780552978323170560,HTTP Data Received,KB,p90,1114.33
12,1780552977323170560,1780552978323170560,HTTP Data Received,KB,p95,1114.33
12,1780552977323170560,1780552978323170560,HTTP Data Received,KB,p99,1114.33
12,1780552977323170560,1780552978323170560,HTTP Data Received,KB,std,0.00
12,1780552977323170560,1780552978323170560,HTTP Data Sent,KB,avg,553.31
12,1780552977323170560,1780552978323170560,HTTP Data Sent,KB,min,553.31
12,1780552977323170560,1780552978323170560,HTTP Data Sent,KB,max,553.31
12,1780552977323170560,1780552978323170560,HTTP Data Sent,KB,sum,553.31
12,1780552977323170560,1780552978323170560,HTTP Data Sent,KB,p1,553.31
12,1780552977323170560,1780552978323170560,HTTP Data Sent,KB,p5,553.31
12,1780552977323170560,1780552978323170560,HTTP Data Sent,KB,p10,553.31
12,1780552977323170560,1780552978323170560,HTTP Data Sent,KB,p25,553.31
12,1780552977323170560,1780552978323170560,HTTP Data Sent,KB,p50,553.31
12,1780552977323170560,1780552978323170560,HTTP Data Sent,KB,p75,553.31
12,1780552977323170560,1780552978323170560,HTTP Data Sent,KB,p90,553.31
12,1780552977323170560,1780552978323170560,HTTP Data Sent,KB,p95,553.31
12,1780552977323170560,1780552978323170560,HTTP Data Sent,KB,p99,553.31
12,1780552977323170560,1780552978323170560,HTTP Data Sent,KB,std,0.00
12,1780552977323170560,1780552978323170560,HTTP DNS Lookup,ms,avg,0.52
12,1780552977323170560,1780552978323170560,HTTP DNS Lookup,ms,min,0.52
12,1780552977323170560,1780552978323170560,HTTP DNS Lookup,ms,max,0.52
12,1780552977323170560,1780552978323170560,HTTP DNS Lookup,ms,sum,0.52
12,1780552977323170560,1780552978323170560,HTTP DNS Lookup,ms,p1,0.52
12,1780552977323170560,1780552978323170560,HTTP DNS Lookup,ms,p5,0.52
12,1780552977323170560,1780552978323170560,HTTP DNS Lookup,ms,p10,0.52
12,1780552977323170560,1780552978323170560,HTTP DNS Lookup,ms,p25,0.52
12,1780552977323170560,1780552978323170560,HTTP DNS Lookup,ms,p50,0.52
12,1780552977323170560,1780552978323170560,HTTP DNS Lookup,ms,p75,0.52
12,1780552977323170560,1780552978323170560,HTTP DNS Lookup,ms,p90,0.52
12,1780552977323170560,1780552978323170560,HTTP DNS Lookup,ms,p95,0.52
12,1780552977323170560,1780552978323170560,HTTP DNS Lookup,ms,p99,0.52
12,1780552977323170560,1780552978323170560,HTTP DNS Lookup,ms,std,0.00
12,1780552977323170560,1780552978323170560,HTTP Duration (excl. conn),ms,avg,778096.84
12,1780552977323170560,1780552978323170560,HTTP Duration (excl. conn),ms,min,778096.84
12,1780552977323170560,1780552978323170560,HTTP Duration (excl. conn),ms,max,778096.84
12,1780552977323170560,1780552978323170560,HTTP Duration (excl. conn),ms,sum,778096.84
12,1780552977323170560,1780552978323170560,HTTP Duration (excl. conn),ms,p1,778096.84
12,1780552977323170560,1780552978323170560,HTTP Duration (excl. conn),ms,p5,778096.84
12,1780552977323170560,1780552978323170560,HTTP Duration (excl. conn),ms,p10,778096.84
12,1780552977323170560,1780552978323170560,HTTP Duration (excl. conn),ms,p25,778096.84
12,1780552977323170560,1780552978323170560,HTTP Duration (excl. conn),ms,p50,778096.84
12,1780552977323170560,1780552978323170560,HTTP Duration (excl. conn),ms,p75,778096.84
12,1780552977323170560,1780552978323170560,HTTP Duration (excl. conn),ms,p90,778096.84
12,1780552977323170560,1780552978323170560,HTTP Duration (excl. conn),ms,p95,778096.84
12,1780552977323170560,1780552978323170560,HTTP Duration (excl. conn),ms,p99,778096.84
12,1780552977323170560,1780552978323170560,HTTP Duration (excl. conn),ms,std,0.00
12,1780552977323170560,1780552978323170560,HTTP Receiving,ms,avg,748883.84
12,1780552977323170560,1780552978323170560,HTTP Receiving,ms,min,748883.84
12,1780552977323170560,1780552978323170560,HTTP Receiving,ms,max,748883.84
12,1780552977323170560,1780552978323170560,HTTP Receiving,ms,sum,748883.84
12,1780552977323170560,1780552978323170560,HTTP Receiving,ms,p1,748883.84
12,1780552977323170560,1780552978323170560,HTTP Receiving,ms,p5,748883.84
12,1780552977323170560,1780552978323170560,HTTP Receiving,ms,p10,748883.84
12,1780552977323170560,1780552978323170560,HTTP Receiving,ms,p25,748883.84
12,1780552977323170560,1780552978323170560,HTTP Receiving,ms,p50,748883.84
12,1780552977323170560,1780552978323170560,HTTP Receiving,ms,p75,748883.84
12,1780552977323170560,1780552978323170560,HTTP Receiving,ms,p90,748883.84
12,1780552977323170560,1780552978323170560,HTTP Receiving,ms,p95,748883.84
12,1780552977323170560,1780552978323170560,HTTP Receiving,ms,p99,748883.84
12,1780552977323170560,1780552978323170560,HTTP Receiving,ms,std,0.00
12,1780552977323170560,1780552978323170560,HTTP Sending,ms,avg,1.41
12,1780552977323170560,1780552978323170560,HTTP Sending,ms,min,1.41
12,1780552977323170560,1780552978323170560,HTTP Sending,ms,max,1.41
12,1780552977323170560,1780552978323170560,HTTP Sending,ms,sum,1.41
12,1780552977323170560,1780552978323170560,HTTP Sending,ms,p1,1.41
12,1780552977323170560,1780552978323170560,HTTP Sending,ms,p5,1.41
12,1780552977323170560,1780552978323170560,HTTP Sending,ms,p10,1.41
12,1780552977323170560,1780552978323170560,HTTP Sending,ms,p25,1.41
12,1780552977323170560,1780552978323170560,HTTP Sending,ms,p50,1.41
12,1780552977323170560,1780552978323170560,HTTP Sending,ms,p75,1.41
12,1780552977323170560,1780552978323170560,HTTP Sending,ms,p90,1.41
12,1780552977323170560,1780552978323170560,HTTP Sending,ms,p95,1.41
12,1780552977323170560,1780552978323170560,HTTP Sending,ms,p99,1.41
12,1780552977323170560,1780552978323170560,HTTP Sending,ms,std,0.00
12,1780552977323170560,1780552978323170560,HTTP Total Time,ms,avg,778098.50
12,1780552977323170560,1780552978323170560,HTTP Total Time,ms,min,778098.50
12,1780552977323170560,1780552978323170560,HTTP Total Time,ms,max,778098.50
12,1780552977323170560,1780552978323170560,HTTP Total Time,ms,sum,778098.50
12,1780552977323170560,1780552978323170560,HTTP Total Time,ms,p1,778098.50
12,1780552977323170560,1780552978323170560,HTTP Total Time,ms,p5,778098.50
12,1780552977323170560,1780552978323170560,HTTP Total Time,ms,p10,778098.50
12,1780552977323170560,1780552978323170560,HTTP Total Time,ms,p25,778098.50
12,1780552977323170560,1780552978323170560,HTTP Total Time,ms,p50,778098.50
12,1780552977323170560,1780552978323170560,HTTP Total Time,ms,p75,778098.50
12,1780552977323170560,1780552978323170560,HTTP Total Time,ms,p90,778098.50
12,1780552977323170560,1780552978323170560,HTTP Total Time,ms,p95,778098.50
12,1780552977323170560,1780552978323170560,HTTP Total Time,ms,p99,778098.50
12,1780552977323170560,1780552978323170560,HTTP Total Time,ms,std,0.00
12,1780552977323170560,1780552978323170560,HTTP Waiting (TTFB),ms,avg,29211.59
12,1780552977323170560,1780552978323170560,HTTP Waiting (TTFB),ms,min,29211.59
12,1780552977323170560,1780552978323170560,HTTP Waiting (TTFB),ms,max,29211.59
12,1780552977323170560,1780552978323170560,HTTP Waiting (TTFB),ms,sum,29211.59
12,1780552977323170560,1780552978323170560,HTTP Waiting (TTFB),ms,p1,29211.59
12,1780552977323170560,1780552978323170560,HTTP Waiting (TTFB),ms,p5,29211.59
12,1780552977323170560,1780552978323170560,HTTP Waiting (TTFB),ms,p10,29211.59
12,1780552977323170560,1780552978323170560,HTTP Waiting (TTFB),ms,p25,29211.59
12,1780552977323170560,1780552978323170560,HTTP Waiting (TTFB),ms,p50,29211.59
12,1780552977323170560,1780552978323170560,HTTP Waiting (TTFB),ms,p75,29211.59
12,1780552977323170560,1780552978323170560,HTTP Waiting (TTFB),ms,p90,29211.59
12,1780552977323170560,1780552978323170560,HTTP Waiting (TTFB),ms,p95,29211.59
12,1780552977323170560,1780552978323170560,HTTP Waiting (TTFB),ms,p99,29211.59
12,1780552977323170560,1780552978323170560,HTTP Waiting (TTFB),ms,std,0.00
12,1780552977323170560,1780552978323170560,Input Sequence Length,tokens,avg,142846.00
12,1780552977323170560,1780552978323170560,Input Sequence Length,tokens,min,142846.00
12,1780552977323170560,1780552978323170560,Input Sequence Length,tokens,max,142846.00
12,1780552977323170560,1780552978323170560,Input Sequence Length,tokens,sum,142846.00
12,1780552977323170560,1780552978323170560,Input Sequence Length,tokens,p1,142846.00
12,1780552977323170560,1780552978323170560,Input Sequence Length,tokens,p5,142846.00
12,1780552977323170560,1780552978323170560,Input Sequence Length,tokens,p10,142846.00
12,1780552977323170560,1780552978323170560,Input Sequence Length,tokens,p25,142846.00
12,1780552977323170560,1780552978323170560,Input Sequence Length,tokens,p50,142846.00
12,1780552977323170560,1780552978323170560,Input Sequence Length,tokens,p75,142846.00
12,1780552977323170560,1780552978323170560,Input Sequence Length,tokens,p90,142846.00
12,1780552977323170560,1780552978323170560,Input Sequence Length,tokens,p95,142846.00
12,1780552977323170560,1780552978323170560,Input Sequence Length,tokens,p99,142846.00
12,1780552977323170560,1780552978323170560,Input Sequence Length,tokens,std,0.00
12,1780552977323170560,1780552978323170560,Input Token Throughput,tokens/sec,avg,142846.00
12,1780552977323170560,1780552978323170560,Inter Chunk Latency,ms,avg,66.88
12,1780552977323170560,1780552978323170560,Inter Chunk Latency,ms,min,66.81
12,1780552977323170560,1780552978323170560,Inter Chunk Latency,ms,max,66.94
12,1780552977323170560,1780552978323170560,Inter Chunk Latency,ms,sum,169005.19
12,1780552977323170560,1780552978323170560,Inter Chunk Latency,ms,p1,66.81
12,1780552977323170560,1780552978323170560,Inter Chunk Latency,ms,p5,66.82
12,1780552977323170560,1780552978323170560,Inter Chunk Latency,ms,p10,66.83
12,1780552977323170560,1780552978323170560,Inter Chunk Latency,ms,p25,66.85
12,1780552977323170560,1780552978323170560,Inter Chunk Latency,ms,p50,66.88
12,1780552977323170560,1780552978323170560,Inter Chunk Latency,ms,p75,66.91
12,1780552977323170560,1780552978323170560,Inter Chunk Latency,ms,p90,66.93
12,1780552977323170560,1780552978323170560,Inter Chunk Latency,ms,p95,66.94
12,1780552977323170560,1780552978323170560,Inter Chunk Latency,ms,p99,66.94
12,1780552977323170560,1780552978323170560,Inter Chunk Latency,ms,std,0.04
12,1780552977323170560,1780552978323170560,Inter Token Latency,ms,avg,165.71
12,1780552977323170560,1780552978323170560,Inter Token Latency,ms,min,165.71
12,1780552977323170560,1780552978323170560,Inter Token Latency,ms,max,165.71
12,1780552977323170560,1780552978323170560,Inter Token Latency,ms,sum,165.71
12,1780552977323170560,1780552978323170560,Inter Token Latency,ms,p1,165.71
12,1780552977323170560,1780552978323170560,Inter Token Latency,ms,p5,165.71
12,1780552977323170560,1780552978323170560,Inter Token Latency,ms,p10,165.71
12,1780552977323170560,1780552978323170560,Inter Token Latency,ms,p25,165.71
12,1780552977323170560,1780552978323170560,Inter Token Latency,ms,p50,165.71
12,1780552977323170560,1780552978323170560,Inter Token Latency,ms,p75,165.71
12,1780552977323170560,1780552978323170560,Inter Token Latency,ms,p90,165.71
12,1780552977323170560,1780552978323170560,Inter Token Latency,ms,p95,165.71
12,1780552977323170560,1780552978323170560,Inter Token Latency,ms,p99,165.71
12,1780552977323170560,1780552978323170560,Inter Token Latency,ms,std,0.00
12,1780552977323170560,1780552978323170560,Maximum Response Timestamp,ns,avg,1780553755783662848.00
12,1780552977323170560,1780552978323170560,Minimum Request Timestamp,ns,avg,1780552977890732288.00
12,1780552977323170560,1780552978323170560,OSL Mismatch Count,requests,avg,0.00
12,1780552977323170560,1780552978323170560,OSL Mismatch Diff %,%,avg,0.00
12,1780552977323170560,1780552978323170560,OSL Mismatch Diff %,%,min,0.00
12,1780552977323170560,1780552978323170560,OSL Mismatch Diff %,%,max,0.00
12,1780552977323170560,1780552978323170560,OSL Mismatch Diff %,%,sum,0.00
12,1780552977323170560,1780552978323170560,OSL Mismatch Diff %,%,p1,0.00
12,1780552977323170560,1780552978323170560,OSL Mismatch Diff %,%,p5,0.00
12,1780552977323170560,1780552978323170560,OSL Mismatch Diff %,%,p10,0.00
12,1780552977323170560,1780552978323170560,OSL Mismatch Diff %,%,p25,0.00
12,1780552977323170560,1780552978323170560,OSL Mismatch Diff %,%,p50,0.00
12,1780552977323170560,1780552978323170560,OSL Mismatch Diff %,%,p75,0.00
12,1780552977323170560,1780552978323170560,OSL Mismatch Diff %,%,p90,0.00
12,1780552977323170560,1780552978323170560,OSL Mismatch Diff %,%,p95,0.00
12,1780552977323170560,1780552978323170560,OSL Mismatch Diff %,%,p99,0.00
12,1780552977323170560,1780552978323170560,OSL Mismatch Diff %,%,std,0.00
12,1780552977323170560,1780552978323170560,Output Sequence Length,tokens,avg,4519.00
12,1780552977323170560,1780552978323170560,Output Sequence Length,tokens,min,4519.00
12,1780552977323170560,1780552978323170560,Output Sequence Length,tokens,max,4519.00
12,1780552977323170560,1780552978323170560,Output Sequence Length,tokens,sum,4519.00
12,1780552977323170560,1780552978323170560,Output Sequence Length,tokens,p1,4519.00
12,1780552977323170560,1780552978323170560,Output Sequence Length,tokens,p5,4519.00
12,1780552977323170560,1780552978323170560,Output Sequence Length,tokens,p10,4519.00
12,1780552977323170560,1780552978323170560,Output Sequence Length,tokens,p25,4519.00
12,1780552977323170560,1780552978323170560,Output Sequence Length,tokens,p50,4519.00
12,1780552977323170560,1780552978323170560,Output Sequence Length,tokens,p75,4519.00
12,1780552977323170560,1780552978323170560,Output Sequence Length,tokens,p90,4519.00
12,1780552977323170560,1780552978323170560,Output Sequence Length,tokens,p95,4519.00
12,1780552977323170560,1780552978323170560,Output Sequence Length,tokens,p99,4519.00
12,1780552977323170560,1780552978323170560,Output Sequence Length,tokens,std,0.00
12,1780552977323170560,1780552978323170560,Output Token Count,tokens,avg,4519.00
12,1780552977323170560,1780552978323170560,Output Token Count,tokens,min,4519.00
12,1780552977323170560,1780552978323170560,Output Token Count,tokens,max,4519.00
12,1780552977323170560,1780552978323170560,Output Token Count,tokens,sum,4519.00
12,1780552977323170560,1780552978323170560,Output Token Count,tokens,p1,4519.00
12,1780552977323170560,1780552978323170560,Output Token Count,tokens,p5,4519.00
12,1780552977323170560,1780552978323170560,Output Token Count,tokens,p10,4519.00
12,1780552977323170560,1780552978323170560,Output Token Count,tokens,p25,4519.00
12,1780552977323170560,1780552978323170560,Output Token Count,tokens,p50,4519.00
12,1780552977323170560,1780552978323170560,Output Token Count,tokens,p75,4519.00
12,1780552977323170560,1780552978323170560,Output Token Count,tokens,p90,4519.00
12,1780552977323170560,1780552978323170560,Output Token Count,tokens,p95,4519.00
12,1780552977323170560,1780552978323170560,Output Token Count,tokens,p99,4519.00
12,1780552977323170560,1780552978323170560,Output Token Count,tokens,std,0.00
12,1780552977323170560,1780552978323170560,Output Token Throughput,tokens/sec,avg,4519.00
12,1780552977323170560,1780552978323170560,Output Token Throughput Per User,tokens/sec/user,avg,6.03
12,1780552977323170560,1780552978323170560,Output Token Throughput Per User,tokens/sec/user,min,6.03
12,1780552977323170560,1780552978323170560,Output Token Throughput Per User,tokens/sec/user,max,6.03
12,1780552977323170560,1780552978323170560,Output Token Throughput Per User,tokens/sec/user,sum,6.03
12,1780552977323170560,1780552978323170560,Output Token Throughput Per User,tokens/sec/user,p1,6.03
12,1780552977323170560,1780552978323170560,Output Token Throughput Per User,tokens/sec/user,p5,6.03
12,1780552977323170560,1780552978323170560,Output Token Throughput Per User,tokens/sec/user,p10,6.03
12,1780552977323170560,1780552978323170560,Output Token Throughput Per User,tokens/sec/user,p25,6.03
12,1780552977323170560,1780552978323170560,Output Token Throughput Per User,tokens/sec/user,p50,6.03
12,1780552977323170560,1780552978323170560,Output Token Throughput Per User,tokens/sec/user,p75,6.03
12,1780552977323170560,1780552978323170560,Output Token Throughput Per User,tokens/sec/user,p90,6.03
12,1780552977323170560,1780552978323170560,Output Token Throughput Per User,tokens/sec/user,p95,6.03
12,1780552977323170560,1780552978323170560,Output Token Throughput Per User,tokens/sec/user,p99,6.03
12,1780552977323170560,1780552978323170560,Output Token Throughput Per User,tokens/sec/user,std,0.00
12,1780552977323170560,1780552978323170560,Prefill Throughput Per User,tokens/sec/user,avg,4889.79
12,1780552977323170560,1780552978323170560,Prefill Throughput Per User,tokens/sec/user,min,4889.79
12,1780552977323170560,1780552978323170560,Prefill Throughput Per User,tokens/sec/user,max,4889.79
12,1780552977323170560,1780552978323170560,Prefill Throughput Per User,tokens/sec/user,sum,4889.79
12,1780552977323170560,1780552978323170560,Prefill Throughput Per User,tokens/sec/user,p1,4889.79
12,1780552977323170560,1780552978323170560,Prefill Throughput Per User,tokens/sec/user,p5,4889.79
12,1780552977323170560,1780552978323170560,Prefill Throughput Per User,tokens/sec/user,p10,4889.79
12,1780552977323170560,1780552978323170560,Prefill Throughput Per User,tokens/sec/user,p25,4889.79
12,1780552977323170560,1780552978323170560,Prefill Throughput Per User,tokens/sec/user,p50,4889.79
12,1780552977323170560,1780552978323170560,Prefill Throughput Per User,tokens/sec/user,p75,4889.79
12,1780552977323170560,1780552978323170560,Prefill Throughput Per User,tokens/sec/user,p90,4889.79
12,1780552977323170560,1780552978323170560,Prefill Throughput Per User,tokens/sec/user,p95,4889.79
12,1780552977323170560,1780552978323170560,Prefill Throughput Per User,tokens/sec/user,p99,4889.79
12,1780552977323170560,1780552978323170560,Prefill Throughput Per User,tokens/sec/user,std,0.00
12,1780552977323170560,1780552978323170560,Request Count,requests,avg,1.00
12,1780552977323170560,1780552978323170560,Request Latency,ms,avg,777892.93
12,1780552977323170560,1780552978323170560,Request Latency,ms,min,777892.93
12,1780552977323170560,1780552978323170560,Request Latency,ms,max,777892.93
12,1780552977323170560,1780552978323170560,Request Latency,ms,sum,777892.93
12,1780552977323170560,1780552978323170560,Request Latency,ms,p1,777892.93
12,1780552977323170560,1780552978323170560,Request Latency,ms,p5,777892.93
12,1780552977323170560,1780552978323170560,Request Latency,ms,p10,777892.93
12,1780552977323170560,1780552978323170560,Request Latency,ms,p25,777892.93
12,1780552977323170560,1780552978323170560,Request Latency,ms,p50,777892.93
12,1780552977323170560,1780552978323170560,Request Latency,ms,p75,777892.93
12,1780552977323170560,1780552978323170560,Request Latency,ms,p90,777892.93
12,1780552977323170560,1780552978323170560,Request Latency,ms,p95,777892.93
12,1780552977323170560,1780552978323170560,Request Latency,ms,p99,777892.93
12,1780552977323170560,1780552978323170560,Request Latency,ms,std,0.00
12,1780552977323170560,1780552978323170560,Request Throughput,requests/sec,avg,1.00
12,1780552977323170560,1780552978323170560,Requested OSL,tokens,avg,4519.00
12,1780552977323170560,1780552978323170560,Requested OSL,tokens,min,4519.00
12,1780552977323170560,1780552978323170560,Requested OSL,tokens,max,4519.00
12,1780552977323170560,1780552978323170560,Requested OSL,tokens,sum,4519.00
12,1780552977323170560,1780552978323170560,Requested OSL,tokens,p1,4519.00
12,1780552977323170560,1780552978323170560,Requested OSL,tokens,p5,4519.00
12,1780552977323170560,1780552978323170560,Requested OSL,tokens,p10,4519.00
12,1780552977323170560,1780552978323170560,Requested OSL,tokens,p25,4519.00
12,1780552977323170560,1780552978323170560,Requested OSL,tokens,p50,4519.00
12,1780552977323170560,1780552978323170560,Requested OSL,tokens,p75,4519.00
12,1780552977323170560,1780552978323170560,Requested OSL,tokens,p90,4519.00
12,1780552977323170560,1780552978323170560,Requested OSL,tokens,p95,4519.00
12,1780552977323170560,1780552978323170560,Requested OSL,tokens,p99,4519.00
12,1780552977323170560,1780552978323170560,Requested OSL,tokens,std,0.00
12,1780552977323170560,1780552978323170560,Time to First Output Token,ms,avg,29213.12
12,1780552977323170560,1780552978323170560,Time to First Output Token,ms,min,29213.12
12,1780552977323170560,1780552978323170560,Time to First Output Token,ms,max,29213.12
12,1780552977323170560,1780552978323170560,Time to First Output Token,ms,sum,29213.12
12,1780552977323170560,1780552978323170560,Time to First Output Token,ms,p1,29213.12
12,1780552977323170560,1780552978323170560,Time to First Output Token,ms,p5,29213.12
12,1780552977323170560,1780552978323170560,Time to First Output Token,ms,p10,29213.12
12,1780552977323170560,1780552978323170560,Time to First Output Token,ms,p25,29213.12
12,1780552977323170560,1780552978323170560,Time to First Output Token,ms,p50,29213.12
12,1780552977323170560,1780552978323170560,Time to First Output Token,ms,p75,29213.12
12,1780552977323170560,1780552978323170560,Time to First Output Token,ms,p90,29213.12
12,1780552977323170560,1780552978323170560,Time to First Output Token,ms,p95,29213.12
12,1780552977323170560,1780552978323170560,Time to First Output Token,ms,p99,29213.12
12,1780552977323170560,1780552978323170560,Time to First Output Token,ms,std,0.00
12,1780552977323170560,1780552978323170560,Time to First Token,ms,avg,29213.12
12,1780552977323170560,1780552978323170560,Time to First Token,ms,min,29213.12
12,1780552977323170560,1780552978323170560,Time to First Token,ms,max,29213.12
12,1780552977323170560,1780552978323170560,Time to First Token,ms,sum,29213.12
12,1780552977323170560,1780552978323170560,Time to First Token,ms,p1,29213.12
12,1780552977323170560,1780552978323170560,Time to First Token,ms,p5,29213.12
12,1780552977323170560,1780552978323170560,Time to First Token,ms,p10,29213.12
12,1780552977323170560,1780552978323170560,Time to First Token,ms,p25,29213.12
12,1780552977323170560,1780552978323170560,Time to First Token,ms,p50,29213.12
12,1780552977323170560,1780552978323170560,Time to First Token,ms,p75,29213.12
12,1780552977323170560,1780552978323170560,Time to First Token,ms,p90,29213.12
12,1780552977323170560,1780552978323170560,Time to First Token,ms,p95,29213.12
12,1780552977323170560,1780552978323170560,Time to First Token,ms,p99,29213.12
12,1780552977323170560,1780552978323170560,Time to First Token,ms,std,0.00
12,1780552977323170560,1780552978323170560,Time to Second Token,ms,avg,0.64
12,1780552977323170560,1780552978323170560,Time to Second Token,ms,min,0.64
12,1780552977323170560,1780552978323170560,Time to Second Token,ms,max,0.64
12,1780552977323170560,1780552978323170560,Time to Second Token,ms,sum,0.64
12,1780552977323170560,1780552978323170560,Time to Second Token,ms,p1,0.64
12,1780552977323170560,1780552978323170560,Time to Second Token,ms,p5,0.64
12,1780552977323170560,1780552978323170560,Time to Second Token,ms,p10,0.64
12,1780552977323170560,1780552978323170560,Time to Second Token,ms,p25,0.64
12,1780552977323170560,1780552978323170560,Time to Second Token,ms,p50,0.64
12,1780552977323170560,1780552978323170560,Time to Second Token,ms,p75,0.64
12,1780552977323170560,1780552978323170560,Time to Second Token,ms,p90,0.64
12,1780552977323170560,1780552978323170560,Time to Second Token,ms,p95,0.64
12,1780552977323170560,1780552978323170560,Time to Second Token,ms,p99,0.64
12,1780552977323170560,1780552978323170560,Time to Second Token,ms,std,0.00
12,1780552977323170560,1780552978323170560,Tokens In Flight,tokens,avg,1277144.10
12,1780552977323170560,1780552978323170560,Tokens In Flight,tokens,min,1215321.64
12,1780552977323170560,1780552978323170560,Tokens In Flight,tokens,max,1358270.17
12,1780552977323170560,1780552978323170560,Tokens In Flight,tokens,p50,1215370.56
12,1780552977323170560,1780552978323170560,Tokens In Flight,tokens,p90,1358259.47
12,1780552977323170560,1780552978323170560,Tokens In Flight,tokens,p95,1358263.47
12,1780552977323170560,1780552978323170560,Tokens In Flight,tokens,p99,1358268.17
12,1780552977323170560,1780552978323170560,Tokens In Flight,tokens,std,70793.23
12,1780552977323170560,1780552978323170560,Total Input Sequence Length,tokens,avg,142846.00
12,1780552977323170560,1780552978323170560,Total Output Sequence Length,tokens,avg,4519.00
12,1780552977323170560,1780552978323170560,Total Output Tokens,tokens,avg,4519.00
12,1780552977323170560,1780552978323170560,Total Token Throughput,tokens/sec,avg,147365.00
12,1780552977323170560,1780552978323170560,Total Usage Completion Tokens,tokens,avg,4519.00
12,1780552977323170560,1780552978323170560,Total Usage Prompt Tokens,tokens,avg,142846.00
12,1780552977323170560,1780552978323170560,Total Usage Total Tokens,tokens,avg,147365.00
12,1780552977323170560,1780552978323170560,Usage Completion Tokens,tokens,avg,4519.00
12,1780552977323170560,1780552978323170560,Usage Completion Tokens,tokens,min,4519.00
12,1780552977323170560,1780552978323170560,Usage Completion Tokens,tokens,max,4519.00
12,1780552977323170560,1780552978323170560,Usage Completion Tokens,tokens,sum,4519.00
12,1780552977323170560,1780552978323170560,Usage Completion Tokens,tokens,p1,4519.00
12,1780552977323170560,1780552978323170560,Usage Completion Tokens,tokens,p5,4519.00
12,1780552977323170560,1780552978323170560,Usage Completion Tokens,tokens,p10,4519.00
12,1780552977323170560,1780552978323170560,Usage Completion Tokens,tokens,p25,4519.00
12,1780552977323170560,1780552978323170560,Usage Completion Tokens,tokens,p50,4519.00
12,1780552977323170560,1780552978323170560,Usage Completion Tokens,tokens,p75,4519.00
12,1780552977323170560,1780552978323170560,Usage Completion Tokens,tokens,p90,4519.00
12,1780552977323170560,1780552978323170560,Usage Completion Tokens,tokens,p95,4519.00
12,1780552977323170560,1780552978323170560,Usage Completion Tokens,tokens,p99,4519.00
12,1780552977323170560,1780552978323170560,Usage Completion Tokens,tokens,std,0.00
12,1780552977323170560,1780552978323170560,Usage Prompt Tokens,tokens,avg,142846.00
12,1780552977323170560,1780552978323170560,Usage Prompt Tokens,tokens,min,142846.00
12,1780552977323170560,1780552978323170560,Usage Prompt Tokens,tokens,max,142846.00
12,1780552977323170560,1780552978323170560,Usage Prompt Tokens,tokens,sum,142846.00
12,1780552977323170560,1780552978323170560,Usage Prompt Tokens,tokens,p1,142846.00
12,1780552977323170560,1780552978323170560,Usage Prompt Tokens,tokens,p5,142846.00
12,1780552977323170560,1780552978323170560,Usage Prompt Tokens,tokens,p10,142846.00
12,1780552977323170560,1780552978323170560,Usage Prompt Tokens,tokens,p25,142846.00
12,1780552977323170560,1780552978323170560,Usage Prompt Tokens,tokens,p50,142846.00
12,1780552977323170560,1780552978323170560,Usage Prompt Tokens,tokens,p75,142846.00
12,1780552977323170560,1780552978323170560,Usage Prompt Tokens,tokens,p90,142846.00
12,1780552977323170560,1780552978323170560,Usage Prompt Tokens,tokens,p95,142846.00
12,1780552977323170560,1780552978323170560,Usage Prompt Tokens,tokens,p99,142846.00
12,1780552977323170560,1780552978323170560,Usage Prompt Tokens,tokens,std,0.00
12,1780552977323170560,1780552978323170560,Usage Total Tokens,tokens,avg,147365.00
12,1780552977323170560,1780552978323170560,Usage Total Tokens,tokens,min,147365.00
12,1780552977323170560,1780552978323170560,Usage Total Tokens,tokens,max,147365.00
12,1780552977323170560,1780552978323170560,Usage Total Tokens,tokens,sum,147365.00
12,1780552977323170560,1780552978323170560,Usage Total Tokens,tokens,p1,147365.00
12,1780552977323170560,1780552978323170560,Usage Total Tokens,tokens,p5,147365.00
12,1780552977323170560,1780552978323170560,Usage Total Tokens,tokens,p10,147365.00
12,1780552977323170560,1780552978323170560,Usage Total Tokens,tokens,p25,147365.00
12,1780552977323170560,1780552978323170560,Usage Total Tokens,tokens,p50,147365.00
12,1780552977323170560,1780552978323170560,Usage Total Tokens,tokens,p75,147365.00
12,1780552977323170560,1780552978323170560,Usage Total Tokens,tokens,p90,147365.00
12,1780552977323170560,1780552978323170560,Usage Total Tokens,tokens,p95,147365.00
12,1780552977323170560,1780552978323170560,Usage Total Tokens,tokens,p99,147365.00
12,1780552977323170560,1780552978323170560,Usage Total Tokens,tokens,std,0.00
13,1780552993323170560,1780552994323170560,Active Decode Throughput,tokens/sec,avg,108.89
13,1780552993323170560,1780552994323170560,Active Decode Throughput,tokens/sec,min,74.99
13,1780552993323170560,1780552994323170560,Active Decode Throughput,tokens/sec,max,144.11
13,1780552993323170560,1780552994323170560,Active Decode Throughput,tokens/sec,p50,108.79
13,1780552993323170560,1780552994323170560,Active Decode Throughput,tokens/sec,p90,109.53
13,1780552993323170560,1780552994323170560,Active Decode Throughput,tokens/sec,p95,109.56
13,1780552993323170560,1780552994323170560,Active Decode Throughput,tokens/sec,p99,109.58
13,1780552993323170560,1780552994323170560,Active Decode Throughput,tokens/sec,std,0.30
13,1780552993323170560,1780552994323170560,Active Decode Throughput Per User,tokens/sec/user,avg,9.07
13,1780552993323170560,1780552994323170560,Active Decode Throughput Per User,tokens/sec/user,min,6.25
13,1780552993323170560,1780552994323170560,Active Decode Throughput Per User,tokens/sec/user,max,12.01
13,1780552993323170560,1780552994323170560,Active Decode Throughput Per User,tokens/sec/user,p50,9.07
13,1780552993323170560,1780552994323170560,Active Decode Throughput Per User,tokens/sec/user,p90,9.13
13,1780552993323170560,1780552994323170560,Active Decode Throughput Per User,tokens/sec/user,p95,9.13
13,1780552993323170560,1780552994323170560,Active Decode Throughput Per User,tokens/sec/user,p99,9.13
13,1780552993323170560,1780552994323170560,Active Decode Throughput Per User,tokens/sec/user,std,0.03
13,1780552993323170560,1780552994323170560,Active Prefill Throughput,tokens/sec,avg,6508.63
13,1780552993323170560,1780552994323170560,Active Prefill Throughput,tokens/sec,min,4889.79
13,1780552993323170560,1780552994323170560,Active Prefill Throughput,tokens/sec,max,9249.45
13,1780552993323170560,1780552994323170560,Active Prefill Throughput,tokens/sec,p50,4889.79
13,1780552993323170560,1780552994323170560,Active Prefill Throughput,tokens/sec,p90,9249.45
13,1780552993323170560,1780552994323170560,Active Prefill Throughput,tokens/sec,p95,9249.45
13,1780552993323170560,1780552994323170560,Active Prefill Throughput,tokens/sec,p99,9249.45
13,1780552993323170560,1780552994323170560,Active Prefill Throughput,tokens/sec,std,2106.41
13,1780552993323170560,1780552994323170560,Active Prefill Throughput Per User,tokens/sec/user,avg,4791.37
13,1780552993323170560,1780552994323170560,Active Prefill Throughput Per User,tokens/sec/user,min,4624.73
13,1780552993323170560,1780552994323170560,Active Prefill Throughput Per User,tokens/sec/user,max,4889.79
13,1780552993323170560,1780552994323170560,Active Prefill Throughput Per User,tokens/sec/user,p50,4889.79
13,1780552993323170560,1780552994323170560,Active Prefill Throughput Per User,tokens/sec/user,p90,4889.79
13,1780552993323170560,1780552994323170560,Active Prefill Throughput Per User,tokens/sec/user,p95,4889.79
13,1780552993323170560,1780552994323170560,Active Prefill Throughput Per User,tokens/sec/user,p99,4889.79
13,1780552993323170560,1780552994323170560,Active Prefill Throughput Per User,tokens/sec/user,std,128.07
13,1780552993323170560,1780552994323170560,Active Total Throughput,tokens/sec,avg,6565.58
13,1780552993323170560,1780552994323170560,Active Total Throughput,tokens/sec,min,4946.75
13,1780552993323170560,1780552994323170560,Active Total Throughput,tokens/sec,max,9306.41
13,1780552993323170560,1780552994323170560,Active Total Throughput,tokens/sec,p50,4946.75
13,1780552993323170560,1780552994323170560,Active Total Throughput,tokens/sec,p90,9306.41
13,1780552993323170560,1780552994323170560,Active Total Throughput,tokens/sec,p95,9306.41
13,1780552993323170560,1780552994323170560,Active Total Throughput,tokens/sec,p99,9306.41
13,1780552993323170560,1780552994323170560,Active Total Throughput,tokens/sec,std,2106.41
13,1780552993323170560,1780552994323170560,Benchmark Duration,sec,avg,164.51
13,1780552993323170560,1780552994323170560,E2E Output Token Throughput,tokens/sec/user,avg,7.12
13,1780552993323170560,1780552994323170560,E2E Output Token Throughput,tokens/sec/user,min,7.12
13,1780552993323170560,1780552994323170560,E2E Output Token Throughput,tokens/sec/user,max,7.12
13,1780552993323170560,1780552994323170560,E2E Output Token Throughput,tokens/sec/user,sum,7.12
13,1780552993323170560,1780552994323170560,E2E Output Token Throughput,tokens/sec/user,p1,7.12
13,1780552993323170560,1780552994323170560,E2E Output Token Throughput,tokens/sec/user,p5,7.12
13,1780552993323170560,1780552994323170560,E2E Output Token Throughput,tokens/sec/user,p10,7.12
13,1780552993323170560,1780552994323170560,E2E Output Token Throughput,tokens/sec/user,p25,7.12
13,1780552993323170560,1780552994323170560,E2E Output Token Throughput,tokens/sec/user,p50,7.12
13,1780552993323170560,1780552994323170560,E2E Output Token Throughput,tokens/sec/user,p75,7.12
13,1780552993323170560,1780552994323170560,E2E Output Token Throughput,tokens/sec/user,p90,7.12
13,1780552993323170560,1780552994323170560,E2E Output Token Throughput,tokens/sec/user,p95,7.12
13,1780552993323170560,1780552994323170560,E2E Output Token Throughput,tokens/sec/user,p99,7.12
13,1780552993323170560,1780552994323170560,E2E Output Token Throughput,tokens/sec/user,std,0.00
13,1780552993323170560,1780552994323170560,Effective Concurrency,requests,avg,13.37
13,1780552993323170560,1780552994323170560,Effective Concurrency,requests,min,13.00
13,1780552993323170560,1780552994323170560,Effective Concurrency,requests,max,14.00
13,1780552993323170560,1780552994323170560,Effective Concurrency,requests,p50,13.00
13,1780552993323170560,1780552994323170560,Effective Concurrency,requests,p90,14.00
13,1780552993323170560,1780552994323170560,Effective Concurrency,requests,p95,14.00
13,1780552993323170560,1780552994323170560,Effective Concurrency,requests,p99,14.00
13,1780552993323170560,1780552994323170560,Effective Concurrency,requests,std,0.48
13,1780552993323170560,1780552994323170560,Effective Decode Concurrency,requests,avg,12.00
13,1780552993323170560,1780552994323170560,Effective Decode Concurrency,requests,min,12.00
13,1780552993323170560,1780552994323170560,Effective Decode Concurrency,requests,max,12.00
13,1780552993323170560,1780552994323170560,Effective Decode Concurrency,requests,p50,12.00
13,1780552993323170560,1780552994323170560,Effective Decode Concurrency,requests,p90,12.00
13,1780552993323170560,1780552994323170560,Effective Decode Concurrency,requests,p95,12.00
13,1780552993323170560,1780552994323170560,Effective Decode Concurrency,requests,p99,12.00
13,1780552993323170560,1780552994323170560,Effective Decode Concurrency,requests,std,0.00
13,1780552993323170560,1780552994323170560,Effective Decode Throughput,tokens/sec,avg,108.89
13,1780552993323170560,1780552994323170560,Effective Decode Throughput,tokens/sec,min,74.99
13,1780552993323170560,1780552994323170560,Effective Decode Throughput,tokens/sec,max,144.11
13,1780552993323170560,1780552994323170560,Effective Decode Throughput,tokens/sec,p50,108.79
13,1780552993323170560,1780552994323170560,Effective Decode Throughput,tokens/sec,p90,109.53
13,1780552993323170560,1780552994323170560,Effective Decode Throughput,tokens/sec,p95,109.56
13,1780552993323170560,1780552994323170560,Effective Decode Throughput,tokens/sec,p99,109.58
13,1780552993323170560,1780552994323170560,Effective Decode Throughput,tokens/sec,std,0.30
13,1780552993323170560,1780552994323170560,Effective Decode Throughput Per User,tokens/sec/user,avg,9.07
13,1780552993323170560,1780552994323170560,Effective Decode Throughput Per User,tokens/sec/user,min,6.25
13,1780552993323170560,1780552994323170560,Effective Decode Throughput Per User,tokens/sec/user,max,12.01
13,1780552993323170560,1780552994323170560,Effective Decode Throughput Per User,tokens/sec/user,p50,9.07
13,1780552993323170560,1780552994323170560,Effective Decode Throughput Per User,tokens/sec/user,p90,9.13
13,1780552993323170560,1780552994323170560,Effective Decode Throughput Per User,tokens/sec/user,p95,9.13
13,1780552993323170560,1780552994323170560,Effective Decode Throughput Per User,tokens/sec/user,p99,9.13
13,1780552993323170560,1780552994323170560,Effective Decode Throughput Per User,tokens/sec/user,std,0.03
13,1780552993323170560,1780552994323170560,Effective Prefill Concurrency,requests,avg,1.37
13,1780552993323170560,1780552994323170560,Effective Prefill Concurrency,requests,min,1.00
13,1780552993323170560,1780552994323170560,Effective Prefill Concurrency,requests,max,2.00
13,1780552993323170560,1780552994323170560,Effective Prefill Concurrency,requests,p50,1.00
13,1780552993323170560,1780552994323170560,Effective Prefill Concurrency,requests,p90,2.00
13,1780552993323170560,1780552994323170560,Effective Prefill Concurrency,requests,p95,2.00
13,1780552993323170560,1780552994323170560,Effective Prefill Concurrency,requests,p99,2.00
13,1780552993323170560,1780552994323170560,Effective Prefill Concurrency,requests,std,0.48
13,1780552993323170560,1780552994323170560,Effective Prefill Throughput,tokens/sec,avg,6508.63
13,1780552993323170560,1780552994323170560,Effective Prefill Throughput,tokens/sec,min,4889.79
13,1780552993323170560,1780552994323170560,Effective Prefill Throughput,tokens/sec,max,9249.45
13,1780552993323170560,1780552994323170560,Effective Prefill Throughput,tokens/sec,p50,4889.79
13,1780552993323170560,1780552994323170560,Effective Prefill Throughput,tokens/sec,p90,9249.45
13,1780552993323170560,1780552994323170560,Effective Prefill Throughput,tokens/sec,p95,9249.45
13,1780552993323170560,1780552994323170560,Effective Prefill Throughput,tokens/sec,p99,9249.45
13,1780552993323170560,1780552994323170560,Effective Prefill Throughput,tokens/sec,std,2106.41
13,1780552993323170560,1780552994323170560,Effective Prefill Throughput Per User,tokens/sec/user,avg,4791.37
13,1780552993323170560,1780552994323170560,Effective Prefill Throughput Per User,tokens/sec/user,min,4624.73
13,1780552993323170560,1780552994323170560,Effective Prefill Throughput Per User,tokens/sec/user,max,4889.79
13,1780552993323170560,1780552994323170560,Effective Prefill Throughput Per User,tokens/sec/user,p50,4889.79
13,1780552993323170560,1780552994323170560,Effective Prefill Throughput Per User,tokens/sec/user,p90,4889.79
13,1780552993323170560,1780552994323170560,Effective Prefill Throughput Per User,tokens/sec/user,p95,4889.79
13,1780552993323170560,1780552994323170560,Effective Prefill Throughput Per User,tokens/sec/user,p99,4889.79
13,1780552993323170560,1780552994323170560,Effective Prefill Throughput Per User,tokens/sec/user,std,128.07
13,1780552993323170560,1780552994323170560,Effective Total Throughput,tokens/sec,avg,6565.58
13,1780552993323170560,1780552994323170560,Effective Total Throughput,tokens/sec,min,4946.75
13,1780552993323170560,1780552994323170560,Effective Total Throughput,tokens/sec,max,9306.41
13,1780552993323170560,1780552994323170560,Effective Total Throughput,tokens/sec,p50,4946.75
13,1780552993323170560,1780552994323170560,Effective Total Throughput,tokens/sec,p90,9306.41
13,1780552993323170560,1780552994323170560,Effective Total Throughput,tokens/sec,p95,9306.41
13,1780552993323170560,1780552994323170560,Effective Total Throughput,tokens/sec,p99,9306.41
13,1780552993323170560,1780552994323170560,Effective Total Throughput,tokens/sec,std,2106.41
13,1780552993323170560,1780552994323170560,HTTP Blocked,ms,avg,0.00
13,1780552993323170560,1780552994323170560,HTTP Blocked,ms,min,0.00
13,1780552993323170560,1780552994323170560,HTTP Blocked,ms,max,0.00
13,1780552993323170560,1780552994323170560,HTTP Blocked,ms,sum,0.00
13,1780552993323170560,1780552994323170560,HTTP Blocked,ms,p1,0.00
13,1780552993323170560,1780552994323170560,HTTP Blocked,ms,p5,0.00
13,1780552993323170560,1780552994323170560,HTTP Blocked,ms,p10,0.00
13,1780552993323170560,1780552994323170560,HTTP Blocked,ms,p25,0.00
13,1780552993323170560,1780552994323170560,HTTP Blocked,ms,p50,0.00
13,1780552993323170560,1780552994323170560,HTTP Blocked,ms,p75,0.00
13,1780552993323170560,1780552994323170560,HTTP Blocked,ms,p90,0.00
13,1780552993323170560,1780552994323170560,HTTP Blocked,ms,p95,0.00
13,1780552993323170560,1780552994323170560,HTTP Blocked,ms,p99,0.00
13,1780552993323170560,1780552994323170560,HTTP Blocked,ms,std,0.00
13,1780552993323170560,1780552994323170560,HTTP Chunks Received,count,avg,1172.00
13,1780552993323170560,1780552994323170560,HTTP Chunks Received,count,min,1172.00
13,1780552993323170560,1780552994323170560,HTTP Chunks Received,count,max,1172.00
13,1780552993323170560,1780552994323170560,HTTP Chunks Received,count,sum,1172.00
13,1780552993323170560,1780552994323170560,HTTP Chunks Received,count,p1,1172.00
13,1780552993323170560,1780552994323170560,HTTP Chunks Received,count,p5,1172.00
13,1780552993323170560,1780552994323170560,HTTP Chunks Received,count,p10,1172.00
13,1780552993323170560,1780552994323170560,HTTP Chunks Received,count,p25,1172.00
13,1780552993323170560,1780552994323170560,HTTP Chunks Received,count,p50,1172.00
13,1780552993323170560,1780552994323170560,HTTP Chunks Received,count,p75,1172.00
13,1780552993323170560,1780552994323170560,HTTP Chunks Received,count,p90,1172.00
13,1780552993323170560,1780552994323170560,HTTP Chunks Received,count,p95,1172.00
13,1780552993323170560,1780552994323170560,HTTP Chunks Received,count,p99,1172.00
13,1780552993323170560,1780552994323170560,HTTP Chunks Received,count,std,0.00
13,1780552993323170560,1780552994323170560,HTTP Chunks Sent,count,avg,1.00
13,1780552993323170560,1780552994323170560,HTTP Chunks Sent,count,min,1.00
13,1780552993323170560,1780552994323170560,HTTP Chunks Sent,count,max,1.00
13,1780552993323170560,1780552994323170560,HTTP Chunks Sent,count,sum,1.00
13,1780552993323170560,1780552994323170560,HTTP Chunks Sent,count,p1,1.00
13,1780552993323170560,1780552994323170560,HTTP Chunks Sent,count,p5,1.00
13,1780552993323170560,1780552994323170560,HTTP Chunks Sent,count,p10,1.00
13,1780552993323170560,1780552994323170560,HTTP Chunks Sent,count,p25,1.00
13,1780552993323170560,1780552994323170560,HTTP Chunks Sent,count,p50,1.00
13,1780552993323170560,1780552994323170560,HTTP Chunks Sent,count,p75,1.00
13,1780552993323170560,1780552994323170560,HTTP Chunks Sent,count,p90,1.00
13,1780552993323170560,1780552994323170560,HTTP Chunks Sent,count,p95,1.00
13,1780552993323170560,1780552994323170560,HTTP Chunks Sent,count,p99,1.00
13,1780552993323170560,1780552994323170560,HTTP Chunks Sent,count,std,0.00
13,1780552993323170560,1780552994323170560,HTTP Connecting,ms,avg,0.00
13,1780552993323170560,1780552994323170560,HTTP Connecting,ms,min,0.00
13,1780552993323170560,1780552994323170560,HTTP Connecting,ms,max,0.00
13,1780552993323170560,1780552994323170560,HTTP Connecting,ms,sum,0.00
13,1780552993323170560,1780552994323170560,HTTP Connecting,ms,p1,0.00
13,1780552993323170560,1780552994323170560,HTTP Connecting,ms,p5,0.00
13,1780552993323170560,1780552994323170560,HTTP Connecting,ms,p10,0.00
13,1780552993323170560,1780552994323170560,HTTP Connecting,ms,p25,0.00
13,1780552993323170560,1780552994323170560,HTTP Connecting,ms,p50,0.00
13,1780552993323170560,1780552994323170560,HTTP Connecting,ms,p75,0.00
13,1780552993323170560,1780552994323170560,HTTP Connecting,ms,p90,0.00
13,1780552993323170560,1780552994323170560,HTTP Connecting,ms,p95,0.00
13,1780552993323170560,1780552994323170560,HTTP Connecting,ms,p99,0.00
13,1780552993323170560,1780552994323170560,HTTP Connecting,ms,std,0.00
13,1780552993323170560,1780552994323170560,HTTP Connection Overhead,ms,avg,0.00
13,1780552993323170560,1780552994323170560,HTTP Connection Overhead,ms,min,0.00
13,1780552993323170560,1780552994323170560,HTTP Connection Overhead,ms,max,0.00
13,1780552993323170560,1780552994323170560,HTTP Connection Overhead,ms,sum,0.00
13,1780552993323170560,1780552994323170560,HTTP Connection Overhead,ms,p1,0.00
13,1780552993323170560,1780552994323170560,HTTP Connection Overhead,ms,p5,0.00
13,1780552993323170560,1780552994323170560,HTTP Connection Overhead,ms,p10,0.00
13,1780552993323170560,1780552994323170560,HTTP Connection Overhead,ms,p25,0.00
13,1780552993323170560,1780552994323170560,HTTP Connection Overhead,ms,p50,0.00
13,1780552993323170560,1780552994323170560,HTTP Connection Overhead,ms,p75,0.00
13,1780552993323170560,1780552994323170560,HTTP Connection Overhead,ms,p90,0.00
13,1780552993323170560,1780552994323170560,HTTP Connection Overhead,ms,p95,0.00
13,1780552993323170560,1780552994323170560,HTTP Connection Overhead,ms,p99,0.00
13,1780552993323170560,1780552994323170560,HTTP Connection Overhead,ms,std,0.00
13,1780552993323170560,1780552994323170560,HTTP Connection Reused,ratio,avg,1.00
13,1780552993323170560,1780552994323170560,HTTP Connection Reused,ratio,min,1.00
13,1780552993323170560,1780552994323170560,HTTP Connection Reused,ratio,max,1.00
13,1780552993323170560,1780552994323170560,HTTP Connection Reused,ratio,sum,1.00
13,1780552993323170560,1780552994323170560,HTTP Connection Reused,ratio,p1,1.00
13,1780552993323170560,1780552994323170560,HTTP Connection Reused,ratio,p5,1.00
13,1780552993323170560,1780552994323170560,HTTP Connection Reused,ratio,p10,1.00
13,1780552993323170560,1780552994323170560,HTTP Connection Reused,ratio,p25,1.00
13,1780552993323170560,1780552994323170560,HTTP Connection Reused,ratio,p50,1.00
13,1780552993323170560,1780552994323170560,HTTP Connection Reused,ratio,p75,1.00
13,1780552993323170560,1780552994323170560,HTTP Connection Reused,ratio,p90,1.00
13,1780552993323170560,1780552994323170560,HTTP Connection Reused,ratio,p95,1.00
13,1780552993323170560,1780552994323170560,HTTP Connection Reused,ratio,p99,1.00
13,1780552993323170560,1780552994323170560,HTTP Connection Reused,ratio,std,0.00
13,1780552993323170560,1780552994323170560,HTTP Data Received,KB,avg,291.98
13,1780552993323170560,1780552994323170560,HTTP Data Received,KB,min,291.98
13,1780552993323170560,1780552994323170560,HTTP Data Received,KB,max,291.98
13,1780552993323170560,1780552994323170560,HTTP Data Received,KB,sum,291.98
13,1780552993323170560,1780552994323170560,HTTP Data Received,KB,p1,291.98
13,1780552993323170560,1780552994323170560,HTTP Data Received,KB,p5,291.98
13,1780552993323170560,1780552994323170560,HTTP Data Received,KB,p10,291.98
13,1780552993323170560,1780552994323170560,HTTP Data Received,KB,p25,291.98
13,1780552993323170560,1780552994323170560,HTTP Data Received,KB,p50,291.98
13,1780552993323170560,1780552994323170560,HTTP Data Received,KB,p75,291.98
13,1780552993323170560,1780552994323170560,HTTP Data Received,KB,p90,291.98
13,1780552993323170560,1780552994323170560,HTTP Data Received,KB,p95,291.98
13,1780552993323170560,1780552994323170560,HTTP Data Received,KB,p99,291.98
13,1780552993323170560,1780552994323170560,HTTP Data Received,KB,std,0.00
13,1780552993323170560,1780552994323170560,HTTP Data Sent,KB,avg,350.88
13,1780552993323170560,1780552994323170560,HTTP Data Sent,KB,min,350.88
13,1780552993323170560,1780552994323170560,HTTP Data Sent,KB,max,350.88
13,1780552993323170560,1780552994323170560,HTTP Data Sent,KB,sum,350.88
13,1780552993323170560,1780552994323170560,HTTP Data Sent,KB,p1,350.88
13,1780552993323170560,1780552994323170560,HTTP Data Sent,KB,p5,350.88
13,1780552993323170560,1780552994323170560,HTTP Data Sent,KB,p10,350.88
13,1780552993323170560,1780552994323170560,HTTP Data Sent,KB,p25,350.88
13,1780552993323170560,1780552994323170560,HTTP Data Sent,KB,p50,350.88
13,1780552993323170560,1780552994323170560,HTTP Data Sent,KB,p75,350.88
13,1780552993323170560,1780552994323170560,HTTP Data Sent,KB,p90,350.88
13,1780552993323170560,1780552994323170560,HTTP Data Sent,KB,p95,350.88
13,1780552993323170560,1780552994323170560,HTTP Data Sent,KB,p99,350.88
13,1780552993323170560,1780552994323170560,HTTP Data Sent,KB,std,0.00
13,1780552993323170560,1780552994323170560,HTTP DNS Lookup,ms,avg,0.00
13,1780552993323170560,1780552994323170560,HTTP DNS Lookup,ms,min,0.00
13,1780552993323170560,1780552994323170560,HTTP DNS Lookup,ms,max,0.00
13,1780552993323170560,1780552994323170560,HTTP DNS Lookup,ms,sum,0.00
13,1780552993323170560,1780552994323170560,HTTP DNS Lookup,ms,p1,0.00
13,1780552993323170560,1780552994323170560,HTTP DNS Lookup,ms,p5,0.00
13,1780552993323170560,1780552994323170560,HTTP DNS Lookup,ms,p10,0.00
13,1780552993323170560,1780552994323170560,HTTP DNS Lookup,ms,p25,0.00
13,1780552993323170560,1780552994323170560,HTTP DNS Lookup,ms,p50,0.00
13,1780552993323170560,1780552994323170560,HTTP DNS Lookup,ms,p75,0.00
13,1780552993323170560,1780552994323170560,HTTP DNS Lookup,ms,p90,0.00
13,1780552993323170560,1780552994323170560,HTTP DNS Lookup,ms,p95,0.00
13,1780552993323170560,1780552994323170560,HTTP DNS Lookup,ms,p99,0.00
13,1780552993323170560,1780552994323170560,HTTP DNS Lookup,ms,std,0.00
13,1780552993323170560,1780552994323170560,HTTP Duration (excl. conn),ms,avg,164509.35
13,1780552993323170560,1780552994323170560,HTTP Duration (excl. conn),ms,min,164509.35
13,1780552993323170560,1780552994323170560,HTTP Duration (excl. conn),ms,max,164509.35
13,1780552993323170560,1780552994323170560,HTTP Duration (excl. conn),ms,sum,164509.35
13,1780552993323170560,1780552994323170560,HTTP Duration (excl. conn),ms,p1,164509.35
13,1780552993323170560,1780552994323170560,HTTP Duration (excl. conn),ms,p5,164509.35
13,1780552993323170560,1780552994323170560,HTTP Duration (excl. conn),ms,p10,164509.35
13,1780552993323170560,1780552994323170560,HTTP Duration (excl. conn),ms,p25,164509.35
13,1780552993323170560,1780552994323170560,HTTP Duration (excl. conn),ms,p50,164509.35
13,1780552993323170560,1780552994323170560,HTTP Duration (excl. conn),ms,p75,164509.35
13,1780552993323170560,1780552994323170560,HTTP Duration (excl. conn),ms,p90,164509.35
13,1780552993323170560,1780552994323170560,HTTP Duration (excl. conn),ms,p95,164509.35
13,1780552993323170560,1780552994323170560,HTTP Duration (excl. conn),ms,p99,164509.35
13,1780552993323170560,1780552994323170560,HTTP Duration (excl. conn),ms,std,0.00
13,1780552993323170560,1780552994323170560,HTTP Receiving,ms,avg,143940.47
13,1780552993323170560,1780552994323170560,HTTP Receiving,ms,min,143940.47
13,1780552993323170560,1780552994323170560,HTTP Receiving,ms,max,143940.47
13,1780552993323170560,1780552994323170560,HTTP Receiving,ms,sum,143940.47
13,1780552993323170560,1780552994323170560,HTTP Receiving,ms,p1,143940.47
13,1780552993323170560,1780552994323170560,HTTP Receiving,ms,p5,143940.47
13,1780552993323170560,1780552994323170560,HTTP Receiving,ms,p10,143940.47
13,1780552993323170560,1780552994323170560,HTTP Receiving,ms,p25,143940.47
13,1780552993323170560,1780552994323170560,HTTP Receiving,ms,p50,143940.47
13,1780552993323170560,1780552994323170560,HTTP Receiving,ms,p75,143940.47
13,1780552993323170560,1780552994323170560,HTTP Receiving,ms,p90,143940.47
13,1780552993323170560,1780552994323170560,HTTP Receiving,ms,p95,143940.47
13,1780552993323170560,1780552994323170560,HTTP Receiving,ms,p99,143940.47
13,1780552993323170560,1780552994323170560,HTTP Receiving,ms,std,0.00
13,1780552993323170560,1780552994323170560,HTTP Sending,ms,avg,0.32
13,1780552993323170560,1780552994323170560,HTTP Sending,ms,min,0.32
13,1780552993323170560,1780552994323170560,HTTP Sending,ms,max,0.32
13,1780552993323170560,1780552994323170560,HTTP Sending,ms,sum,0.32
13,1780552993323170560,1780552994323170560,HTTP Sending,ms,p1,0.32
13,1780552993323170560,1780552994323170560,HTTP Sending,ms,p5,0.32
13,1780552993323170560,1780552994323170560,HTTP Sending,ms,p10,0.32
13,1780552993323170560,1780552994323170560,HTTP Sending,ms,p25,0.32
13,1780552993323170560,1780552994323170560,HTTP Sending,ms,p50,0.32
13,1780552993323170560,1780552994323170560,HTTP Sending,ms,p75,0.32
13,1780552993323170560,1780552994323170560,HTTP Sending,ms,p90,0.32
13,1780552993323170560,1780552994323170560,HTTP Sending,ms,p95,0.32
13,1780552993323170560,1780552994323170560,HTTP Sending,ms,p99,0.32
13,1780552993323170560,1780552994323170560,HTTP Sending,ms,std,0.00
13,1780552993323170560,1780552994323170560,HTTP Total Time,ms,avg,164509.35
13,1780552993323170560,1780552994323170560,HTTP Total Time,ms,min,164509.35
13,1780552993323170560,1780552994323170560,HTTP Total Time,ms,max,164509.35
13,1780552993323170560,1780552994323170560,HTTP Total Time,ms,sum,164509.35
13,1780552993323170560,1780552994323170560,HTTP Total Time,ms,p1,164509.35
13,1780552993323170560,1780552994323170560,HTTP Total Time,ms,p5,164509.35
13,1780552993323170560,1780552994323170560,HTTP Total Time,ms,p10,164509.35
13,1780552993323170560,1780552994323170560,HTTP Total Time,ms,p25,164509.35
13,1780552993323170560,1780552994323170560,HTTP Total Time,ms,p50,164509.35
13,1780552993323170560,1780552994323170560,HTTP Total Time,ms,p75,164509.35
13,1780552993323170560,1780552994323170560,HTTP Total Time,ms,p90,164509.35
13,1780552993323170560,1780552994323170560,HTTP Total Time,ms,p95,164509.35
13,1780552993323170560,1780552994323170560,HTTP Total Time,ms,p99,164509.35
13,1780552993323170560,1780552994323170560,HTTP Total Time,ms,std,0.00
13,1780552993323170560,1780552994323170560,HTTP Waiting (TTFB),ms,avg,20568.56
13,1780552993323170560,1780552994323170560,HTTP Waiting (TTFB),ms,min,20568.56
13,1780552993323170560,1780552994323170560,HTTP Waiting (TTFB),ms,max,20568.56
13,1780552993323170560,1780552994323170560,HTTP Waiting (TTFB),ms,sum,20568.56
13,1780552993323170560,1780552994323170560,HTTP Waiting (TTFB),ms,p1,20568.56
13,1780552993323170560,1780552994323170560,HTTP Waiting (TTFB),ms,p5,20568.56
13,1780552993323170560,1780552994323170560,HTTP Waiting (TTFB),ms,p10,20568.56
13,1780552993323170560,1780552994323170560,HTTP Waiting (TTFB),ms,p25,20568.56
13,1780552993323170560,1780552994323170560,HTTP Waiting (TTFB),ms,p50,20568.56
13,1780552993323170560,1780552994323170560,HTTP Waiting (TTFB),ms,p75,20568.56
13,1780552993323170560,1780552994323170560,HTTP Waiting (TTFB),ms,p90,20568.56
13,1780552993323170560,1780552994323170560,HTTP Waiting (TTFB),ms,p95,20568.56
13,1780552993323170560,1780552994323170560,HTTP Waiting (TTFB),ms,p99,20568.56
13,1780552993323170560,1780552994323170560,HTTP Waiting (TTFB),ms,std,0.00
13,1780552993323170560,1780552994323170560,Input Sequence Length,tokens,avg,89674.00
13,1780552993323170560,1780552994323170560,Input Sequence Length,tokens,min,89674.00
13,1780552993323170560,1780552994323170560,Input Sequence Length,tokens,max,89674.00
13,1780552993323170560,1780552994323170560,Input Sequence Length,tokens,sum,89674.00
13,1780552993323170560,1780552994323170560,Input Sequence Length,tokens,p1,89674.00
13,1780552993323170560,1780552994323170560,Input Sequence Length,tokens,p5,89674.00
13,1780552993323170560,1780552994323170560,Input Sequence Length,tokens,p10,89674.00
13,1780552993323170560,1780552994323170560,Input Sequence Length,tokens,p25,89674.00
13,1780552993323170560,1780552994323170560,Input Sequence Length,tokens,p50,89674.00
13,1780552993323170560,1780552994323170560,Input Sequence Length,tokens,p75,89674.00
13,1780552993323170560,1780552994323170560,Input Sequence Length,tokens,p90,89674.00
13,1780552993323170560,1780552994323170560,Input Sequence Length,tokens,p95,89674.00
13,1780552993323170560,1780552994323170560,Input Sequence Length,tokens,p99,89674.00
13,1780552993323170560,1780552994323170560,Input Sequence Length,tokens,std,0.00
13,1780552993323170560,1780552994323170560,Input Token Throughput,tokens/sec,avg,89674.00
13,1780552993323170560,1780552994323170560,Inter Chunk Latency,ms,avg,63.03
13,1780552993323170560,1780552994323170560,Inter Chunk Latency,ms,min,62.59
13,1780552993323170560,1780552994323170560,Inter Chunk Latency,ms,max,63.35
13,1780552993323170560,1780552994323170560,Inter Chunk Latency,ms,sum,73806.16
13,1780552993323170560,1780552994323170560,Inter Chunk Latency,ms,p1,62.60
13,1780552993323170560,1780552994323170560,Inter Chunk Latency,ms,p5,62.63
13,1780552993323170560,1780552994323170560,Inter Chunk Latency,ms,p10,62.69
13,1780552993323170560,1780552994323170560,Inter Chunk Latency,ms,p25,62.85
13,1780552993323170560,1780552994323170560,Inter Chunk Latency,ms,p50,63.05
13,1780552993323170560,1780552994323170560,Inter Chunk Latency,ms,p75,63.22
13,1780552993323170560,1780552994323170560,Inter Chunk Latency,ms,p90,63.31
13,1780552993323170560,1780552994323170560,Inter Chunk Latency,ms,p95,63.33
13,1780552993323170560,1780552994323170560,Inter Chunk Latency,ms,p99,63.34
13,1780552993323170560,1780552994323170560,Inter Chunk Latency,ms,std,0.22
13,1780552993323170560,1780552994323170560,Inter Token Latency,ms,avg,122.92
13,1780552993323170560,1780552994323170560,Inter Token Latency,ms,min,122.92
13,1780552993323170560,1780552994323170560,Inter Token Latency,ms,max,122.92
13,1780552993323170560,1780552994323170560,Inter Token Latency,ms,sum,122.92
13,1780552993323170560,1780552994323170560,Inter Token Latency,ms,p1,122.92
13,1780552993323170560,1780552994323170560,Inter Token Latency,ms,p5,122.92
13,1780552993323170560,1780552994323170560,Inter Token Latency,ms,p10,122.92
13,1780552993323170560,1780552994323170560,Inter Token Latency,ms,p25,122.92
13,1780552993323170560,1780552994323170560,Inter Token Latency,ms,p50,122.92
13,1780552993323170560,1780552994323170560,Inter Token Latency,ms,p75,122.92
13,1780552993323170560,1780552994323170560,Inter Token Latency,ms,p90,122.92
13,1780552993323170560,1780552994323170560,Inter Token Latency,ms,p95,122.92
13,1780552993323170560,1780552994323170560,Inter Token Latency,ms,p99,122.92
13,1780552993323170560,1780552994323170560,Inter Token Latency,ms,std,0.00
13,1780552993323170560,1780552994323170560,Maximum Response Timestamp,ns,avg,1780553158461337088.00
13,1780552993323170560,1780552994323170560,Minimum Request Timestamp,ns,avg,1780552993951848960.00
13,1780552993323170560,1780552994323170560,OSL Mismatch Count,requests,avg,0.00
13,1780552993323170560,1780552994323170560,OSL Mismatch Diff %,%,avg,0.00
13,1780552993323170560,1780552994323170560,OSL Mismatch Diff %,%,min,0.00
13,1780552993323170560,1780552994323170560,OSL Mismatch Diff %,%,max,0.00
13,1780552993323170560,1780552994323170560,OSL Mismatch Diff %,%,sum,0.00
13,1780552993323170560,1780552994323170560,OSL Mismatch Diff %,%,p1,0.00
13,1780552993323170560,1780552994323170560,OSL Mismatch Diff %,%,p5,0.00
13,1780552993323170560,1780552994323170560,OSL Mismatch Diff %,%,p10,0.00
13,1780552993323170560,1780552994323170560,OSL Mismatch Diff %,%,p25,0.00
13,1780552993323170560,1780552994323170560,OSL Mismatch Diff %,%,p50,0.00
13,1780552993323170560,1780552994323170560,OSL Mismatch Diff %,%,p75,0.00
13,1780552993323170560,1780552994323170560,OSL Mismatch Diff %,%,p90,0.00
13,1780552993323170560,1780552994323170560,OSL Mismatch Diff %,%,p95,0.00
13,1780552993323170560,1780552994323170560,OSL Mismatch Diff %,%,p99,0.00
13,1780552993323170560,1780552994323170560,OSL Mismatch Diff %,%,std,0.00
13,1780552993323170560,1780552994323170560,Output Sequence Length,tokens,avg,1172.00
13,1780552993323170560,1780552994323170560,Output Sequence Length,tokens,min,1172.00
13,1780552993323170560,1780552994323170560,Output Sequence Length,tokens,max,1172.00
13,1780552993323170560,1780552994323170560,Output Sequence Length,tokens,sum,1172.00
13,1780552993323170560,1780552994323170560,Output Sequence Length,tokens,p1,1172.00
13,1780552993323170560,1780552994323170560,Output Sequence Length,tokens,p5,1172.00
13,1780552993323170560,1780552994323170560,Output Sequence Length,tokens,p10,1172.00
13,1780552993323170560,1780552994323170560,Output Sequence Length,tokens,p25,1172.00
13,1780552993323170560,1780552994323170560,Output Sequence Length,tokens,p50,1172.00
13,1780552993323170560,1780552994323170560,Output Sequence Length,tokens,p75,1172.00
13,1780552993323170560,1780552994323170560,Output Sequence Length,tokens,p90,1172.00
13,1780552993323170560,1780552994323170560,Output Sequence Length,tokens,p95,1172.00
13,1780552993323170560,1780552994323170560,Output Sequence Length,tokens,p99,1172.00
13,1780552993323170560,1780552994323170560,Output Sequence Length,tokens,std,0.00
13,1780552993323170560,1780552994323170560,Output Token Count,tokens,avg,1172.00
13,1780552993323170560,1780552994323170560,Output Token Count,tokens,min,1172.00
13,1780552993323170560,1780552994323170560,Output Token Count,tokens,max,1172.00
13,1780552993323170560,1780552994323170560,Output Token Count,tokens,sum,1172.00
13,1780552993323170560,1780552994323170560,Output Token Count,tokens,p1,1172.00
13,1780552993323170560,1780552994323170560,Output Token Count,tokens,p5,1172.00
13,1780552993323170560,1780552994323170560,Output Token Count,tokens,p10,1172.00
13,1780552993323170560,1780552994323170560,Output Token Count,tokens,p25,1172.00
13,1780552993323170560,1780552994323170560,Output Token Count,tokens,p50,1172.00
13,1780552993323170560,1780552994323170560,Output Token Count,tokens,p75,1172.00
13,1780552993323170560,1780552994323170560,Output Token Count,tokens,p90,1172.00
13,1780552993323170560,1780552994323170560,Output Token Count,tokens,p95,1172.00
13,1780552993323170560,1780552994323170560,Output Token Count,tokens,p99,1172.00
13,1780552993323170560,1780552994323170560,Output Token Count,tokens,std,0.00
13,1780552993323170560,1780552994323170560,Output Token Throughput,tokens/sec,avg,1172.00
13,1780552993323170560,1780552994323170560,Output Token Throughput Per User,tokens/sec/user,avg,8.14
13,1780552993323170560,1780552994323170560,Output Token Throughput Per User,tokens/sec/user,min,8.14
13,1780552993323170560,1780552994323170560,Output Token Throughput Per User,tokens/sec/user,max,8.14
13,1780552993323170560,1780552994323170560,Output Token Throughput Per User,tokens/sec/user,sum,8.14
13,1780552993323170560,1780552994323170560,Output Token Throughput Per User,tokens/sec/user,p1,8.14
13,1780552993323170560,1780552994323170560,Output Token Throughput Per User,tokens/sec/user,p5,8.14
13,1780552993323170560,1780552994323170560,Output Token Throughput Per User,tokens/sec/user,p10,8.14
13,1780552993323170560,1780552994323170560,Output Token Throughput Per User,tokens/sec/user,p25,8.14
13,1780552993323170560,1780552994323170560,Output Token Throughput Per User,tokens/sec/user,p50,8.14
13,1780552993323170560,1780552994323170560,Output Token Throughput Per User,tokens/sec/user,p75,8.14
13,1780552993323170560,1780552994323170560,Output Token Throughput Per User,tokens/sec/user,p90,8.14
13,1780552993323170560,1780552994323170560,Output Token Throughput Per User,tokens/sec/user,p95,8.14
13,1780552993323170560,1780552994323170560,Output Token Throughput Per User,tokens/sec/user,p99,8.14
13,1780552993323170560,1780552994323170560,Output Token Throughput Per User,tokens/sec/user,std,0.00
13,1780552993323170560,1780552994323170560,Prefill Throughput Per User,tokens/sec/user,avg,4359.66
13,1780552993323170560,1780552994323170560,Prefill Throughput Per User,tokens/sec/user,min,4359.66
13,1780552993323170560,1780552994323170560,Prefill Throughput Per User,tokens/sec/user,max,4359.66
13,1780552993323170560,1780552994323170560,Prefill Throughput Per User,tokens/sec/user,sum,4359.66
13,1780552993323170560,1780552994323170560,Prefill Throughput Per User,tokens/sec/user,p1,4359.66
13,1780552993323170560,1780552994323170560,Prefill Throughput Per User,tokens/sec/user,p5,4359.66
13,1780552993323170560,1780552994323170560,Prefill Throughput Per User,tokens/sec/user,p10,4359.66
13,1780552993323170560,1780552994323170560,Prefill Throughput Per User,tokens/sec/user,p25,4359.66
13,1780552993323170560,1780552994323170560,Prefill Throughput Per User,tokens/sec/user,p50,4359.66
13,1780552993323170560,1780552994323170560,Prefill Throughput Per User,tokens/sec/user,p75,4359.66
13,1780552993323170560,1780552994323170560,Prefill Throughput Per User,tokens/sec/user,p90,4359.66
13,1780552993323170560,1780552994323170560,Prefill Throughput Per User,tokens/sec/user,p95,4359.66
13,1780552993323170560,1780552994323170560,Prefill Throughput Per User,tokens/sec/user,p99,4359.66
13,1780552993323170560,1780552994323170560,Prefill Throughput Per User,tokens/sec/user,std,0.00
13,1780552993323170560,1780552994323170560,Request Count,requests,avg,1.00
13,1780552993323170560,1780552994323170560,Request Latency,ms,avg,164509.49
13,1780552993323170560,1780552994323170560,Request Latency,ms,min,164509.49
13,1780552993323170560,1780552994323170560,Request Latency,ms,max,164509.49
13,1780552993323170560,1780552994323170560,Request Latency,ms,sum,164509.49
13,1780552993323170560,1780552994323170560,Request Latency,ms,p1,164509.49
13,1780552993323170560,1780552994323170560,Request Latency,ms,p5,164509.49
13,1780552993323170560,1780552994323170560,Request Latency,ms,p10,164509.49
13,1780552993323170560,1780552994323170560,Request Latency,ms,p25,164509.49
13,1780552993323170560,1780552994323170560,Request Latency,ms,p50,164509.49
13,1780552993323170560,1780552994323170560,Request Latency,ms,p75,164509.49
13,1780552993323170560,1780552994323170560,Request Latency,ms,p90,164509.49
13,1780552993323170560,1780552994323170560,Request Latency,ms,p95,164509.49
13,1780552993323170560,1780552994323170560,Request Latency,ms,p99,164509.49
13,1780552993323170560,1780552994323170560,Request Latency,ms,std,0.00
13,1780552993323170560,1780552994323170560,Request Throughput,requests/sec,avg,1.00
13,1780552993323170560,1780552994323170560,Requested OSL,tokens,avg,1172.00
13,1780552993323170560,1780552994323170560,Requested OSL,tokens,min,1172.00
13,1780552993323170560,1780552994323170560,Requested OSL,tokens,max,1172.00
13,1780552993323170560,1780552994323170560,Requested OSL,tokens,sum,1172.00
13,1780552993323170560,1780552994323170560,Requested OSL,tokens,p1,1172.00
13,1780552993323170560,1780552994323170560,Requested OSL,tokens,p5,1172.00
13,1780552993323170560,1780552994323170560,Requested OSL,tokens,p10,1172.00
13,1780552993323170560,1780552994323170560,Requested OSL,tokens,p25,1172.00
13,1780552993323170560,1780552994323170560,Requested OSL,tokens,p50,1172.00
13,1780552993323170560,1780552994323170560,Requested OSL,tokens,p75,1172.00
13,1780552993323170560,1780552994323170560,Requested OSL,tokens,p90,1172.00
13,1780552993323170560,1780552994323170560,Requested OSL,tokens,p95,1172.00
13,1780552993323170560,1780552994323170560,Requested OSL,tokens,p99,1172.00
13,1780552993323170560,1780552994323170560,Requested OSL,tokens,std,0.00
13,1780552993323170560,1780552994323170560,Time to First Output Token,ms,avg,20569.03
13,1780552993323170560,1780552994323170560,Time to First Output Token,ms,min,20569.03
13,1780552993323170560,1780552994323170560,Time to First Output Token,ms,max,20569.03
13,1780552993323170560,1780552994323170560,Time to First Output Token,ms,sum,20569.03
13,1780552993323170560,1780552994323170560,Time to First Output Token,ms,p1,20569.03
13,1780552993323170560,1780552994323170560,Time to First Output Token,ms,p5,20569.03
13,1780552993323170560,1780552994323170560,Time to First Output Token,ms,p10,20569.03
13,1780552993323170560,1780552994323170560,Time to First Output Token,ms,p25,20569.03
13,1780552993323170560,1780552994323170560,Time to First Output Token,ms,p50,20569.03
13,1780552993323170560,1780552994323170560,Time to First Output Token,ms,p75,20569.03
13,1780552993323170560,1780552994323170560,Time to First Output Token,ms,p90,20569.03
13,1780552993323170560,1780552994323170560,Time to First Output Token,ms,p95,20569.03
13,1780552993323170560,1780552994323170560,Time to First Output Token,ms,p99,20569.03
13,1780552993323170560,1780552994323170560,Time to First Output Token,ms,std,0.00
13,1780552993323170560,1780552994323170560,Time to First Token,ms,avg,20569.03
13,1780552993323170560,1780552994323170560,Time to First Token,ms,min,20569.03
13,1780552993323170560,1780552994323170560,Time to First Token,ms,max,20569.03
13,1780552993323170560,1780552994323170560,Time to First Token,ms,sum,20569.03
13,1780552993323170560,1780552994323170560,Time to First Token,ms,p1,20569.03
13,1780552993323170560,1780552994323170560,Time to First Token,ms,p5,20569.03
13,1780552993323170560,1780552994323170560,Time to First Token,ms,p10,20569.03
13,1780552993323170560,1780552994323170560,Time to First Token,ms,p25,20569.03
13,1780552993323170560,1780552994323170560,Time to First Token,ms,p50,20569.03
13,1780552993323170560,1780552994323170560,Time to First Token,ms,p75,20569.03
13,1780552993323170560,1780552994323170560,Time to First Token,ms,p90,20569.03
13,1780552993323170560,1780552994323170560,Time to First Token,ms,p95,20569.03
13,1780552993323170560,1780552994323170560,Time to First Token,ms,p99,20569.03
13,1780552993323170560,1780552994323170560,Time to First Token,ms,std,0.00
13,1780552993323170560,1780552994323170560,Time to Second Token,ms,avg,200.92
13,1780552993323170560,1780552994323170560,Time to Second Token,ms,min,200.92
13,1780552993323170560,1780552994323170560,Time to Second Token,ms,max,200.92
13,1780552993323170560,1780552994323170560,Time to Second Token,ms,sum,200.92
13,1780552993323170560,1780552994323170560,Time to Second Token,ms,p1,200.92
13,1780552993323170560,1780552994323170560,Time to Second Token,ms,p5,200.92
13,1780552993323170560,1780552994323170560,Time to Second Token,ms,p10,200.92
13,1780552993323170560,1780552994323170560,Time to Second Token,ms,p25,200.92
13,1780552993323170560,1780552994323170560,Time to Second Token,ms,p50,200.92
13,1780552993323170560,1780552994323170560,Time to Second Token,ms,p75,200.92
13,1780552993323170560,1780552994323170560,Time to Second Token,ms,p90,200.92
13,1780552993323170560,1780552994323170560,Time to Second Token,ms,p95,200.92
13,1780552993323170560,1780552994323170560,Time to Second Token,ms,p99,200.92
13,1780552993323170560,1780552994323170560,Time to Second Token,ms,std,0.00
13,1780552993323170560,1780552994323170560,Tokens In Flight,tokens,avg,1304933.21
13,1780552993323170560,1780552994323170560,Tokens In Flight,tokens,min,1271579.14
13,1780552993323170560,1780552994323170560,Tokens In Flight,tokens,max,1361363.37
13,1780552993323170560,1780552994323170560,Tokens In Flight,tokens,p50,1271634.76
13,1780552993323170560,1780552994323170560,Tokens In Flight,tokens,p90,1361352.97
13,1780552993323170560,1780552994323170560,Tokens In Flight,tokens,p95,1361356.67
13,1780552993323170560,1780552994323170560,Tokens In Flight,tokens,p99,1361363.37
13,1780552993323170560,1780552994323170560,Tokens In Flight,tokens,std,43353.02
13,1780552993323170560,1780552994323170560,Total Input Sequence Length,tokens,avg,89674.00
13,1780552993323170560,1780552994323170560,Total Output Sequence Length,tokens,avg,1172.00
13,1780552993323170560,1780552994323170560,Total Output Tokens,tokens,avg,1172.00
13,1780552993323170560,1780552994323170560,Total Token Throughput,tokens/sec,avg,90846.00
13,1780552993323170560,1780552994323170560,Total Usage Completion Tokens,tokens,avg,1172.00
13,1780552993323170560,1780552994323170560,Total Usage Prompt Tokens,tokens,avg,89674.00
13,1780552993323170560,1780552994323170560,Total Usage Total Tokens,tokens,avg,90846.00
13,1780552993323170560,1780552994323170560,Usage Completion Tokens,tokens,avg,1172.00
13,1780552993323170560,1780552994323170560,Usage Completion Tokens,tokens,min,1172.00
13,1780552993323170560,1780552994323170560,Usage Completion Tokens,tokens,max,1172.00
13,1780552993323170560,1780552994323170560,Usage Completion Tokens,tokens,sum,1172.00
13,1780552993323170560,1780552994323170560,Usage Completion Tokens,tokens,p1,1172.00
13,1780552993323170560,1780552994323170560,Usage Completion Tokens,tokens,p5,1172.00
13,1780552993323170560,1780552994323170560,Usage Completion Tokens,tokens,p10,1172.00
13,1780552993323170560,1780552994323170560,Usage Completion Tokens,tokens,p25,1172.00
13,1780552993323170560,1780552994323170560,Usage Completion Tokens,tokens,p50,1172.00
13,1780552993323170560,1780552994323170560,Usage Completion Tokens,tokens,p75,1172.00
13,1780552993323170560,1780552994323170560,Usage Completion Tokens,tokens,p90,1172.00
13,1780552993323170560,1780552994323170560,Usage Completion Tokens,tokens,p95,1172.00
13,1780552993323170560,1780552994323170560,Usage Completion Tokens,tokens,p99,1172.00
13,1780552993323170560,1780552994323170560,Usage Completion Tokens,tokens,std,0.00
13,1780552993323170560,1780552994323170560,Usage Prompt Tokens,tokens,avg,89674.00
13,1780552993323170560,1780552994323170560,Usage Prompt Tokens,tokens,min,89674.00
13,1780552993323170560,1780552994323170560,Usage Prompt Tokens,tokens,max,89674.00
13,1780552993323170560,1780552994323170560,Usage Prompt Tokens,tokens,sum,89674.00
13,1780552993323170560,1780552994323170560,Usage Prompt Tokens,tokens,p1,89674.00
13,1780552993323170560,1780552994323170560,Usage Prompt Tokens,tokens,p5,89674.00
13,1780552993323170560,1780552994323170560,Usage Prompt Tokens,tokens,p10,89674.00
13,1780552993323170560,1780552994323170560,Usage Prompt Tokens,tokens,p25,89674.00
13,1780552993323170560,1780552994323170560,Usage Prompt Tokens,tokens,p50,89674.00
13,1780552993323170560,1780552994323170560,Usage Prompt Tokens,tokens,p75,89674.00
13,1780552993323170560,1780552994323170560,Usage Prompt Tokens,tokens,p90,89674.00
13,1780552993323170560,1780552994323170560,Usage Prompt Tokens,tokens,p95,89674.00
13,1780552993323170560,1780552994323170560,Usage Prompt Tokens,tokens,p99,89674.00
13,1780552993323170560,1780552994323170560,Usage Prompt Tokens,tokens,std,0.00
13,1780552993323170560,1780552994323170560,Usage Total Tokens,tokens,avg,90846.00
13,1780552993323170560,1780552994323170560,Usage Total Tokens,tokens,min,90846.00
13,1780552993323170560,1780552994323170560,Usage Total Tokens,tokens,max,90846.00
13,1780552993323170560,1780552994323170560,Usage Total Tokens,tokens,sum,90846.00
13,1780552993323170560,1780552994323170560,Usage Total Tokens,tokens,p1,90846.00
13,1780552993323170560,1780552994323170560,Usage Total Tokens,tokens,p5,90846.00
13,1780552993323170560,1780552994323170560,Usage Total Tokens,tokens,p10,90846.00
13,1780552993323170560,1780552994323170560,Usage Total Tokens,tokens,p25,90846.00
13,1780552993323170560,1780552994323170560,Usage Total Tokens,tokens,p50,90846.00
13,1780552993323170560,1780552994323170560,Usage Total Tokens,tokens,p75,90846.00
13,1780552993323170560,1780552994323170560,Usage Total Tokens,tokens,p90,90846.00
13,1780552993323170560,1780552994323170560,Usage Total Tokens,tokens,p95,90846.00
13,1780552993323170560,1780552994323170560,Usage Total Tokens,tokens,p99,90846.00
13,1780552993323170560,1780552994323170560,Usage Total Tokens,tokens,std,0.00
14,1780553003323170560,1780553004323170560,Active Decode Throughput,tokens/sec,avg,74.44
14,1780553003323170560,1780553004323170560,Active Decode Throughput,tokens/sec,min,48.08
14,1780553003323170560,1780553004323170560,Active Decode Throughput,tokens/sec,max,100.79
14,1780553003323170560,1780553004323170560,Active Decode Throughput,tokens/sec,p50,74.45
14,1780553003323170560,1780553004323170560,Active Decode Throughput,tokens/sec,p90,74.46
14,1780553003323170560,1780553004323170560,Active Decode Throughput,tokens/sec,p95,74.51
14,1780553003323170560,1780553004323170560,Active Decode Throughput,tokens/sec,p99,74.51
14,1780553003323170560,1780553004323170560,Active Decode Throughput,tokens/sec,std,0.05
14,1780553003323170560,1780553004323170560,Active Decode Throughput Per User,tokens/sec/user,avg,6.20
14,1780553003323170560,1780553004323170560,Active Decode Throughput Per User,tokens/sec/user,min,4.01
14,1780553003323170560,1780553004323170560,Active Decode Throughput Per User,tokens/sec/user,max,8.40
14,1780553003323170560,1780553004323170560,Active Decode Throughput Per User,tokens/sec/user,p50,6.20
14,1780553003323170560,1780553004323170560,Active Decode Throughput Per User,tokens/sec/user,p90,6.21
14,1780553003323170560,1780553004323170560,Active Decode Throughput Per User,tokens/sec/user,p95,6.21
14,1780553003323170560,1780553004323170560,Active Decode Throughput Per User,tokens/sec/user,p99,6.21
14,1780553003323170560,1780553004323170560,Active Decode Throughput Per User,tokens/sec/user,std,0.00
14,1780553003323170560,1780553004323170560,Active Prefill Throughput,tokens/sec,avg,12244.94
14,1780553003323170560,1780553004323170560,Active Prefill Throughput,tokens/sec,min,9249.45
14,1780553003323170560,1780553004323170560,Active Prefill Throughput,tokens/sec,max,13577.11
14,1780553003323170560,1780553004323170560,Active Prefill Throughput,tokens/sec,p50,13577.11
14,1780553003323170560,1780553004323170560,Active Prefill Throughput,tokens/sec,p90,13577.11
14,1780553003323170560,1780553004323170560,Active Prefill Throughput,tokens/sec,p95,13577.11
14,1780553003323170560,1780553004323170560,Active Prefill Throughput,tokens/sec,p99,13577.11
14,1780553003323170560,1780553004323170560,Active Prefill Throughput,tokens/sec,std,1997.62
14,1780553003323170560,1780553004323170560,Active Prefill Throughput Per User,tokens/sec/user,avg,4556.18
14,1780553003323170560,1780553004323170560,Active Prefill Throughput Per User,tokens/sec/user,min,4525.70
14,1780553003323170560,1780553004323170560,Active Prefill Throughput Per User,tokens/sec/user,max,4624.73
14,1780553003323170560,1780553004323170560,Active Prefill Throughput Per User,tokens/sec/user,p50,4525.70
14,1780553003323170560,1780553004323170560,Active Prefill Throughput Per User,tokens/sec/user,p90,4624.73
14,1780553003323170560,1780553004323170560,Active Prefill Throughput Per User,tokens/sec/user,p95,4624.73
14,1780553003323170560,1780553004323170560,Active Prefill Throughput Per User,tokens/sec/user,p99,4624.73
14,1780553003323170560,1780553004323170560,Active Prefill Throughput Per User,tokens/sec/user,std,45.71
14,1780553003323170560,1780553004323170560,Active Total Throughput,tokens/sec,avg,12301.90
14,1780553003323170560,1780553004323170560,Active Total Throughput,tokens/sec,min,9306.41
14,1780553003323170560,1780553004323170560,Active Total Throughput,tokens/sec,max,13634.06
14,1780553003323170560,1780553004323170560,Active Total Throughput,tokens/sec,p50,13634.06
14,1780553003323170560,1780553004323170560,Active Total Throughput,tokens/sec,p90,13634.06
14,1780553003323170560,1780553004323170560,Active Total Throughput,tokens/sec,p95,13634.06
14,1780553003323170560,1780553004323170560,Active Total Throughput,tokens/sec,p99,13634.06
14,1780553003323170560,1780553004323170560,Active Total Throughput,tokens/sec,std,1997.62
14,1780553003323170560,1780553004323170560,Benchmark Duration,sec,avg,15.27
14,1780553003323170560,1780553004323170560,E2E Output Token Throughput,tokens/sec/user,avg,0.59
14,1780553003323170560,1780553004323170560,E2E Output Token Throughput,tokens/sec/user,min,0.59
14,1780553003323170560,1780553004323170560,E2E Output Token Throughput,tokens/sec/user,max,0.59
14,1780553003323170560,1780553004323170560,E2E Output Token Throughput,tokens/sec/user,sum,0.59
14,1780553003323170560,1780553004323170560,E2E Output Token Throughput,tokens/sec/user,p1,0.59
14,1780553003323170560,1780553004323170560,E2E Output Token Throughput,tokens/sec/user,p5,0.59
14,1780553003323170560,1780553004323170560,E2E Output Token Throughput,tokens/sec/user,p10,0.59
14,1780553003323170560,1780553004323170560,E2E Output Token Throughput,tokens/sec/user,p25,0.59
14,1780553003323170560,1780553004323170560,E2E Output Token Throughput,tokens/sec/user,p50,0.59
14,1780553003323170560,1780553004323170560,E2E Output Token Throughput,tokens/sec/user,p75,0.59
14,1780553003323170560,1780553004323170560,E2E Output Token Throughput,tokens/sec/user,p90,0.59
14,1780553003323170560,1780553004323170560,E2E Output Token Throughput,tokens/sec/user,p95,0.59
14,1780553003323170560,1780553004323170560,E2E Output Token Throughput,tokens/sec/user,p99,0.59
14,1780553003323170560,1780553004323170560,E2E Output Token Throughput,tokens/sec/user,std,0.00
14,1780553003323170560,1780553004323170560,Effective Concurrency,requests,avg,14.69
14,1780553003323170560,1780553004323170560,Effective Concurrency,requests,min,14.00
14,1780553003323170560,1780553004323170560,Effective Concurrency,requests,max,15.00
14,1780553003323170560,1780553004323170560,Effective Concurrency,requests,p50,15.00
14,1780553003323170560,1780553004323170560,Effective Concurrency,requests,p90,15.00
14,1780553003323170560,1780553004323170560,Effective Concurrency,requests,p95,15.00
14,1780553003323170560,1780553004323170560,Effective Concurrency,requests,p99,15.00
14,1780553003323170560,1780553004323170560,Effective Concurrency,requests,std,0.46
14,1780553003323170560,1780553004323170560,Effective Decode Concurrency,requests,avg,12.00
14,1780553003323170560,1780553004323170560,Effective Decode Concurrency,requests,min,12.00
14,1780553003323170560,1780553004323170560,Effective Decode Concurrency,requests,max,12.00
14,1780553003323170560,1780553004323170560,Effective Decode Concurrency,requests,p50,12.00
14,1780553003323170560,1780553004323170560,Effective Decode Concurrency,requests,p90,12.00
14,1780553003323170560,1780553004323170560,Effective Decode Concurrency,requests,p95,12.00
14,1780553003323170560,1780553004323170560,Effective Decode Concurrency,requests,p99,12.00
14,1780553003323170560,1780553004323170560,Effective Decode Concurrency,requests,std,0.00
14,1780553003323170560,1780553004323170560,Effective Decode Throughput,tokens/sec,avg,74.44
14,1780553003323170560,1780553004323170560,Effective Decode Throughput,tokens/sec,min,48.08
14,1780553003323170560,1780553004323170560,Effective Decode Throughput,tokens/sec,max,100.79
14,1780553003323170560,1780553004323170560,Effective Decode Throughput,tokens/sec,p50,74.45
14,1780553003323170560,1780553004323170560,Effective Decode Throughput,tokens/sec,p90,74.46
14,1780553003323170560,1780553004323170560,Effective Decode Throughput,tokens/sec,p95,74.51
14,1780553003323170560,1780553004323170560,Effective Decode Throughput,tokens/sec,p99,74.51
14,1780553003323170560,1780553004323170560,Effective Decode Throughput,tokens/sec,std,0.05
14,1780553003323170560,1780553004323170560,Effective Decode Throughput Per User,tokens/sec/user,avg,6.20
14,1780553003323170560,1780553004323170560,Effective Decode Throughput Per User,tokens/sec/user,min,4.01
14,1780553003323170560,1780553004323170560,Effective Decode Throughput Per User,tokens/sec/user,max,8.40
14,1780553003323170560,1780553004323170560,Effective Decode Throughput Per User,tokens/sec/user,p50,6.20
14,1780553003323170560,1780553004323170560,Effective Decode Throughput Per User,tokens/sec/user,p90,6.21
14,1780553003323170560,1780553004323170560,Effective Decode Throughput Per User,tokens/sec/user,p95,6.21
14,1780553003323170560,1780553004323170560,Effective Decode Throughput Per User,tokens/sec/user,p99,6.21
14,1780553003323170560,1780553004323170560,Effective Decode Throughput Per User,tokens/sec/user,std,0.00
14,1780553003323170560,1780553004323170560,Effective Prefill Concurrency,requests,avg,2.69
14,1780553003323170560,1780553004323170560,Effective Prefill Concurrency,requests,min,2.00
14,1780553003323170560,1780553004323170560,Effective Prefill Concurrency,requests,max,3.00
14,1780553003323170560,1780553004323170560,Effective Prefill Concurrency,requests,p50,3.00
14,1780553003323170560,1780553004323170560,Effective Prefill Concurrency,requests,p90,3.00
14,1780553003323170560,1780553004323170560,Effective Prefill Concurrency,requests,p95,3.00
14,1780553003323170560,1780553004323170560,Effective Prefill Concurrency,requests,p99,3.00
14,1780553003323170560,1780553004323170560,Effective Prefill Concurrency,requests,std,0.46
14,1780553003323170560,1780553004323170560,Effective Prefill Throughput,tokens/sec,avg,12244.94
14,1780553003323170560,1780553004323170560,Effective Prefill Throughput,tokens/sec,min,9249.45
14,1780553003323170560,1780553004323170560,Effective Prefill Throughput,tokens/sec,max,13577.11
14,1780553003323170560,1780553004323170560,Effective Prefill Throughput,tokens/sec,p50,13577.11
14,1780553003323170560,1780553004323170560,Effective Prefill Throughput,tokens/sec,p90,13577.11
14,1780553003323170560,1780553004323170560,Effective Prefill Throughput,tokens/sec,p95,13577.11
14,1780553003323170560,1780553004323170560,Effective Prefill Throughput,tokens/sec,p99,13577.11
14,1780553003323170560,1780553004323170560,Effective Prefill Throughput,tokens/sec,std,1997.62
14,1780553003323170560,1780553004323170560,Effective Prefill Throughput Per User,tokens/sec/user,avg,4556.18
14,1780553003323170560,1780553004323170560,Effective Prefill Throughput Per User,tokens/sec/user,min,4525.70
14,1780553003323170560,1780553004323170560,Effective Prefill Throughput Per User,tokens/sec/user,max,4624.73
14,1780553003323170560,1780553004323170560,Effective Prefill Throughput Per User,tokens/sec/user,p50,4525.70
14,1780553003323170560,1780553004323170560,Effective Prefill Throughput Per User,tokens/sec/user,p90,4624.73
14,1780553003323170560,1780553004323170560,Effective Prefill Throughput Per User,tokens/sec/user,p95,4624.73
14,1780553003323170560,1780553004323170560,Effective Prefill Throughput Per User,tokens/sec/user,p99,4624.73
14,1780553003323170560,1780553004323170560,Effective Prefill Throughput Per User,tokens/sec/user,std,45.71
14,1780553003323170560,1780553004323170560,Effective Total Throughput,tokens/sec,avg,12301.90
14,1780553003323170560,1780553004323170560,Effective Total Throughput,tokens/sec,min,9306.41
14,1780553003323170560,1780553004323170560,Effective Total Throughput,tokens/sec,max,13634.06
14,1780553003323170560,1780553004323170560,Effective Total Throughput,tokens/sec,p50,13634.06
14,1780553003323170560,1780553004323170560,Effective Total Throughput,tokens/sec,p90,13634.06
14,1780553003323170560,1780553004323170560,Effective Total Throughput,tokens/sec,p95,13634.06
14,1780553003323170560,1780553004323170560,Effective Total Throughput,tokens/sec,p99,13634.06
14,1780553003323170560,1780553004323170560,Effective Total Throughput,tokens/sec,std,1997.62
14,1780553003323170560,1780553004323170560,HTTP Blocked,ms,avg,0.00
14,1780553003323170560,1780553004323170560,HTTP Blocked,ms,min,0.00
14,1780553003323170560,1780553004323170560,HTTP Blocked,ms,max,0.00
14,1780553003323170560,1780553004323170560,HTTP Blocked,ms,sum,0.00
14,1780553003323170560,1780553004323170560,HTTP Blocked,ms,p1,0.00
14,1780553003323170560,1780553004323170560,HTTP Blocked,ms,p5,0.00
14,1780553003323170560,1780553004323170560,HTTP Blocked,ms,p10,0.00
14,1780553003323170560,1780553004323170560,HTTP Blocked,ms,p25,0.00
14,1780553003323170560,1780553004323170560,HTTP Blocked,ms,p50,0.00
14,1780553003323170560,1780553004323170560,HTTP Blocked,ms,p75,0.00
14,1780553003323170560,1780553004323170560,HTTP Blocked,ms,p90,0.00
14,1780553003323170560,1780553004323170560,HTTP Blocked,ms,p95,0.00
14,1780553003323170560,1780553004323170560,HTTP Blocked,ms,p99,0.00
14,1780553003323170560,1780553004323170560,HTTP Blocked,ms,std,0.00
14,1780553003323170560,1780553004323170560,HTTP Chunks Received,count,avg,9.00
14,1780553003323170560,1780553004323170560,HTTP Chunks Received,count,min,9.00
14,1780553003323170560,1780553004323170560,HTTP Chunks Received,count,max,9.00
14,1780553003323170560,1780553004323170560,HTTP Chunks Received,count,sum,9.00
14,1780553003323170560,1780553004323170560,HTTP Chunks Received,count,p1,9.00
14,1780553003323170560,1780553004323170560,HTTP Chunks Received,count,p5,9.00
14,1780553003323170560,1780553004323170560,HTTP Chunks Received,count,p10,9.00
14,1780553003323170560,1780553004323170560,HTTP Chunks Received,count,p25,9.00
14,1780553003323170560,1780553004323170560,HTTP Chunks Received,count,p50,9.00
14,1780553003323170560,1780553004323170560,HTTP Chunks Received,count,p75,9.00
14,1780553003323170560,1780553004323170560,HTTP Chunks Received,count,p90,9.00
14,1780553003323170560,1780553004323170560,HTTP Chunks Received,count,p95,9.00
14,1780553003323170560,1780553004323170560,HTTP Chunks Received,count,p99,9.00
14,1780553003323170560,1780553004323170560,HTTP Chunks Received,count,std,0.00
14,1780553003323170560,1780553004323170560,HTTP Chunks Sent,count,avg,1.00
14,1780553003323170560,1780553004323170560,HTTP Chunks Sent,count,min,1.00
14,1780553003323170560,1780553004323170560,HTTP Chunks Sent,count,max,1.00
14,1780553003323170560,1780553004323170560,HTTP Chunks Sent,count,sum,1.00
14,1780553003323170560,1780553004323170560,HTTP Chunks Sent,count,p1,1.00
14,1780553003323170560,1780553004323170560,HTTP Chunks Sent,count,p5,1.00
14,1780553003323170560,1780553004323170560,HTTP Chunks Sent,count,p10,1.00
14,1780553003323170560,1780553004323170560,HTTP Chunks Sent,count,p25,1.00
14,1780553003323170560,1780553004323170560,HTTP Chunks Sent,count,p50,1.00
14,1780553003323170560,1780553004323170560,HTTP Chunks Sent,count,p75,1.00
14,1780553003323170560,1780553004323170560,HTTP Chunks Sent,count,p90,1.00
14,1780553003323170560,1780553004323170560,HTTP Chunks Sent,count,p95,1.00
14,1780553003323170560,1780553004323170560,HTTP Chunks Sent,count,p99,1.00
14,1780553003323170560,1780553004323170560,HTTP Chunks Sent,count,std,0.00
14,1780553003323170560,1780553004323170560,HTTP Connecting,ms,avg,0.66
14,1780553003323170560,1780553004323170560,HTTP Connecting,ms,min,0.66
14,1780553003323170560,1780553004323170560,HTTP Connecting,ms,max,0.66
14,1780553003323170560,1780553004323170560,HTTP Connecting,ms,sum,0.66
14,1780553003323170560,1780553004323170560,HTTP Connecting,ms,p1,0.66
14,1780553003323170560,1780553004323170560,HTTP Connecting,ms,p5,0.66
14,1780553003323170560,1780553004323170560,HTTP Connecting,ms,p10,0.66
14,1780553003323170560,1780553004323170560,HTTP Connecting,ms,p25,0.66
14,1780553003323170560,1780553004323170560,HTTP Connecting,ms,p50,0.66
14,1780553003323170560,1780553004323170560,HTTP Connecting,ms,p75,0.66
14,1780553003323170560,1780553004323170560,HTTP Connecting,ms,p90,0.66
14,1780553003323170560,1780553004323170560,HTTP Connecting,ms,p95,0.66
14,1780553003323170560,1780553004323170560,HTTP Connecting,ms,p99,0.66
14,1780553003323170560,1780553004323170560,HTTP Connecting,ms,std,0.00
14,1780553003323170560,1780553004323170560,HTTP Connection Overhead,ms,avg,0.66
14,1780553003323170560,1780553004323170560,HTTP Connection Overhead,ms,min,0.66
14,1780553003323170560,1780553004323170560,HTTP Connection Overhead,ms,max,0.66
14,1780553003323170560,1780553004323170560,HTTP Connection Overhead,ms,sum,0.66
14,1780553003323170560,1780553004323170560,HTTP Connection Overhead,ms,p1,0.66
14,1780553003323170560,1780553004323170560,HTTP Connection Overhead,ms,p5,0.66
14,1780553003323170560,1780553004323170560,HTTP Connection Overhead,ms,p10,0.66
14,1780553003323170560,1780553004323170560,HTTP Connection Overhead,ms,p25,0.66
14,1780553003323170560,1780553004323170560,HTTP Connection Overhead,ms,p50,0.66
14,1780553003323170560,1780553004323170560,HTTP Connection Overhead,ms,p75,0.66
14,1780553003323170560,1780553004323170560,HTTP Connection Overhead,ms,p90,0.66
14,1780553003323170560,1780553004323170560,HTTP Connection Overhead,ms,p95,0.66
14,1780553003323170560,1780553004323170560,HTTP Connection Overhead,ms,p99,0.66
14,1780553003323170560,1780553004323170560,HTTP Connection Overhead,ms,std,0.00
14,1780553003323170560,1780553004323170560,HTTP Connection Reused,ratio,avg,0.00
14,1780553003323170560,1780553004323170560,HTTP Connection Reused,ratio,min,0.00
14,1780553003323170560,1780553004323170560,HTTP Connection Reused,ratio,max,0.00
14,1780553003323170560,1780553004323170560,HTTP Connection Reused,ratio,sum,0.00
14,1780553003323170560,1780553004323170560,HTTP Connection Reused,ratio,p1,0.00
14,1780553003323170560,1780553004323170560,HTTP Connection Reused,ratio,p5,0.00
14,1780553003323170560,1780553004323170560,HTTP Connection Reused,ratio,p10,0.00
14,1780553003323170560,1780553004323170560,HTTP Connection Reused,ratio,p25,0.00
14,1780553003323170560,1780553004323170560,HTTP Connection Reused,ratio,p50,0.00
14,1780553003323170560,1780553004323170560,HTTP Connection Reused,ratio,p75,0.00
14,1780553003323170560,1780553004323170560,HTTP Connection Reused,ratio,p90,0.00
14,1780553003323170560,1780553004323170560,HTTP Connection Reused,ratio,p95,0.00
14,1780553003323170560,1780553004323170560,HTTP Connection Reused,ratio,p99,0.00
14,1780553003323170560,1780553004323170560,HTTP Connection Reused,ratio,std,0.00
14,1780553003323170560,1780553004323170560,HTTP Data Received,KB,avg,2.85
14,1780553003323170560,1780553004323170560,HTTP Data Received,KB,min,2.85
14,1780553003323170560,1780553004323170560,HTTP Data Received,KB,max,2.85
14,1780553003323170560,1780553004323170560,HTTP Data Received,KB,sum,2.85
14,1780553003323170560,1780553004323170560,HTTP Data Received,KB,p1,2.85
14,1780553003323170560,1780553004323170560,HTTP Data Received,KB,p5,2.85
14,1780553003323170560,1780553004323170560,HTTP Data Received,KB,p10,2.85
14,1780553003323170560,1780553004323170560,HTTP Data Received,KB,p25,2.85
14,1780553003323170560,1780553004323170560,HTTP Data Received,KB,p50,2.85
14,1780553003323170560,1780553004323170560,HTTP Data Received,KB,p75,2.85
14,1780553003323170560,1780553004323170560,HTTP Data Received,KB,p90,2.85
14,1780553003323170560,1780553004323170560,HTTP Data Received,KB,p95,2.85
14,1780553003323170560,1780553004323170560,HTTP Data Received,KB,p99,2.85
14,1780553003323170560,1780553004323170560,HTTP Data Received,KB,std,0.00
14,1780553003323170560,1780553004323170560,HTTP Data Sent,KB,avg,247.36
14,1780553003323170560,1780553004323170560,HTTP Data Sent,KB,min,247.36
14,1780553003323170560,1780553004323170560,HTTP Data Sent,KB,max,247.36
14,1780553003323170560,1780553004323170560,HTTP Data Sent,KB,sum,247.36
14,1780553003323170560,1780553004323170560,HTTP Data Sent,KB,p1,247.36
14,1780553003323170560,1780553004323170560,HTTP Data Sent,KB,p5,247.36
14,1780553003323170560,1780553004323170560,HTTP Data Sent,KB,p10,247.36
14,1780553003323170560,1780553004323170560,HTTP Data Sent,KB,p25,247.36
14,1780553003323170560,1780553004323170560,HTTP Data Sent,KB,p50,247.36
14,1780553003323170560,1780553004323170560,HTTP Data Sent,KB,p75,247.36
14,1780553003323170560,1780553004323170560,HTTP Data Sent,KB,p90,247.36
14,1780553003323170560,1780553004323170560,HTTP Data Sent,KB,p95,247.36
14,1780553003323170560,1780553004323170560,HTTP Data Sent,KB,p99,247.36
14,1780553003323170560,1780553004323170560,HTTP Data Sent,KB,std,0.00
14,1780553003323170560,1780553004323170560,HTTP DNS Lookup,ms,avg,0.00
14,1780553003323170560,1780553004323170560,HTTP DNS Lookup,ms,min,0.00
14,1780553003323170560,1780553004323170560,HTTP DNS Lookup,ms,max,0.00
14,1780553003323170560,1780553004323170560,HTTP DNS Lookup,ms,sum,0.00
14,1780553003323170560,1780553004323170560,HTTP DNS Lookup,ms,p1,0.00
14,1780553003323170560,1780553004323170560,HTTP DNS Lookup,ms,p5,0.00
14,1780553003323170560,1780553004323170560,HTTP DNS Lookup,ms,p10,0.00
14,1780553003323170560,1780553004323170560,HTTP DNS Lookup,ms,p25,0.00
14,1780553003323170560,1780553004323170560,HTTP DNS Lookup,ms,p50,0.00
14,1780553003323170560,1780553004323170560,HTTP DNS Lookup,ms,p75,0.00
14,1780553003323170560,1780553004323170560,HTTP DNS Lookup,ms,p90,0.00
14,1780553003323170560,1780553004323170560,HTTP DNS Lookup,ms,p95,0.00
14,1780553003323170560,1780553004323170560,HTTP DNS Lookup,ms,p99,0.00
14,1780553003323170560,1780553004323170560,HTTP DNS Lookup,ms,std,0.00
14,1780553003323170560,1780553004323170560,HTTP Duration (excl. conn),ms,avg,15266.05
14,1780553003323170560,1780553004323170560,HTTP Duration (excl. conn),ms,min,15266.05
14,1780553003323170560,1780553004323170560,HTTP Duration (excl. conn),ms,max,15266.05
14,1780553003323170560,1780553004323170560,HTTP Duration (excl. conn),ms,sum,15266.05
14,1780553003323170560,1780553004323170560,HTTP Duration (excl. conn),ms,p1,15266.05
14,1780553003323170560,1780553004323170560,HTTP Duration (excl. conn),ms,p5,15266.05
14,1780553003323170560,1780553004323170560,HTTP Duration (excl. conn),ms,p10,15266.05
14,1780553003323170560,1780553004323170560,HTTP Duration (excl. conn),ms,p25,15266.05
14,1780553003323170560,1780553004323170560,HTTP Duration (excl. conn),ms,p50,15266.05
14,1780553003323170560,1780553004323170560,HTTP Duration (excl. conn),ms,p75,15266.05
14,1780553003323170560,1780553004323170560,HTTP Duration (excl. conn),ms,p90,15266.05
14,1780553003323170560,1780553004323170560,HTTP Duration (excl. conn),ms,p95,15266.05
14,1780553003323170560,1780553004323170560,HTTP Duration (excl. conn),ms,p99,15266.05
14,1780553003323170560,1780553004323170560,HTTP Duration (excl. conn),ms,std,0.00
14,1780553003323170560,1780553004323170560,HTTP Receiving,ms,avg,455.60
14,1780553003323170560,1780553004323170560,HTTP Receiving,ms,min,455.60
14,1780553003323170560,1780553004323170560,HTTP Receiving,ms,max,455.60
14,1780553003323170560,1780553004323170560,HTTP Receiving,ms,sum,455.60
14,1780553003323170560,1780553004323170560,HTTP Receiving,ms,p1,455.60
14,1780553003323170560,1780553004323170560,HTTP Receiving,ms,p5,455.60
14,1780553003323170560,1780553004323170560,HTTP Receiving,ms,p10,455.60
14,1780553003323170560,1780553004323170560,HTTP Receiving,ms,p25,455.60
14,1780553003323170560,1780553004323170560,HTTP Receiving,ms,p50,455.60
14,1780553003323170560,1780553004323170560,HTTP Receiving,ms,p75,455.60
14,1780553003323170560,1780553004323170560,HTTP Receiving,ms,p90,455.60
14,1780553003323170560,1780553004323170560,HTTP Receiving,ms,p95,455.60
14,1780553003323170560,1780553004323170560,HTTP Receiving,ms,p99,455.60
14,1780553003323170560,1780553004323170560,HTTP Receiving,ms,std,0.00
14,1780553003323170560,1780553004323170560,HTTP Sending,ms,avg,0.91
14,1780553003323170560,1780553004323170560,HTTP Sending,ms,min,0.91
14,1780553003323170560,1780553004323170560,HTTP Sending,ms,max,0.91
14,1780553003323170560,1780553004323170560,HTTP Sending,ms,sum,0.91
14,1780553003323170560,1780553004323170560,HTTP Sending,ms,p1,0.91
14,1780553003323170560,1780553004323170560,HTTP Sending,ms,p5,0.91
14,1780553003323170560,1780553004323170560,HTTP Sending,ms,p10,0.91
14,1780553003323170560,1780553004323170560,HTTP Sending,ms,p25,0.91
14,1780553003323170560,1780553004323170560,HTTP Sending,ms,p50,0.91
14,1780553003323170560,1780553004323170560,HTTP Sending,ms,p75,0.91
14,1780553003323170560,1780553004323170560,HTTP Sending,ms,p90,0.91
14,1780553003323170560,1780553004323170560,HTTP Sending,ms,p95,0.91
14,1780553003323170560,1780553004323170560,HTTP Sending,ms,p99,0.91
14,1780553003323170560,1780553004323170560,HTTP Sending,ms,std,0.00
14,1780553003323170560,1780553004323170560,HTTP Total Time,ms,avg,15266.71
14,1780553003323170560,1780553004323170560,HTTP Total Time,ms,min,15266.71
14,1780553003323170560,1780553004323170560,HTTP Total Time,ms,max,15266.71
14,1780553003323170560,1780553004323170560,HTTP Total Time,ms,sum,15266.71
14,1780553003323170560,1780553004323170560,HTTP Total Time,ms,p1,15266.71
14,1780553003323170560,1780553004323170560,HTTP Total Time,ms,p5,15266.71
14,1780553003323170560,1780553004323170560,HTTP Total Time,ms,p10,15266.71
14,1780553003323170560,1780553004323170560,HTTP Total Time,ms,p25,15266.71
14,1780553003323170560,1780553004323170560,HTTP Total Time,ms,p50,15266.71
14,1780553003323170560,1780553004323170560,HTTP Total Time,ms,p75,15266.71
14,1780553003323170560,1780553004323170560,HTTP Total Time,ms,p90,15266.71
14,1780553003323170560,1780553004323170560,HTTP Total Time,ms,p95,15266.71
14,1780553003323170560,1780553004323170560,HTTP Total Time,ms,p99,15266.71
14,1780553003323170560,1780553004323170560,HTTP Total Time,ms,std,0.00
14,1780553003323170560,1780553004323170560,HTTP Waiting (TTFB),ms,avg,14809.54
14,1780553003323170560,1780553004323170560,HTTP Waiting (TTFB),ms,min,14809.54
14,1780553003323170560,1780553004323170560,HTTP Waiting (TTFB),ms,max,14809.54
14,1780553003323170560,1780553004323170560,HTTP Waiting (TTFB),ms,sum,14809.54
14,1780553003323170560,1780553004323170560,HTTP Waiting (TTFB),ms,p1,14809.54
14,1780553003323170560,1780553004323170560,HTTP Waiting (TTFB),ms,p5,14809.54
14,1780553003323170560,1780553004323170560,HTTP Waiting (TTFB),ms,p10,14809.54
14,1780553003323170560,1780553004323170560,HTTP Waiting (TTFB),ms,p25,14809.54
14,1780553003323170560,1780553004323170560,HTTP Waiting (TTFB),ms,p50,14809.54
14,1780553003323170560,1780553004323170560,HTTP Waiting (TTFB),ms,p75,14809.54
14,1780553003323170560,1780553004323170560,HTTP Waiting (TTFB),ms,p90,14809.54
14,1780553003323170560,1780553004323170560,HTTP Waiting (TTFB),ms,p95,14809.54
14,1780553003323170560,1780553004323170560,HTTP Waiting (TTFB),ms,p99,14809.54
14,1780553003323170560,1780553004323170560,HTTP Waiting (TTFB),ms,std,0.00
14,1780553003323170560,1780553004323170560,Input Sequence Length,tokens,avg,64095.00
14,1780553003323170560,1780553004323170560,Input Sequence Length,tokens,min,64095.00
14,1780553003323170560,1780553004323170560,Input Sequence Length,tokens,max,64095.00
14,1780553003323170560,1780553004323170560,Input Sequence Length,tokens,sum,64095.00
14,1780553003323170560,1780553004323170560,Input Sequence Length,tokens,p1,64095.00
14,1780553003323170560,1780553004323170560,Input Sequence Length,tokens,p5,64095.00
14,1780553003323170560,1780553004323170560,Input Sequence Length,tokens,p10,64095.00
14,1780553003323170560,1780553004323170560,Input Sequence Length,tokens,p25,64095.00
14,1780553003323170560,1780553004323170560,Input Sequence Length,tokens,p50,64095.00
14,1780553003323170560,1780553004323170560,Input Sequence Length,tokens,p75,64095.00
14,1780553003323170560,1780553004323170560,Input Sequence Length,tokens,p90,64095.00
14,1780553003323170560,1780553004323170560,Input Sequence Length,tokens,p95,64095.00
14,1780553003323170560,1780553004323170560,Input Sequence Length,tokens,p99,64095.00
14,1780553003323170560,1780553004323170560,Input Sequence Length,tokens,std,0.00
14,1780553003323170560,1780553004323170560,Input Token Throughput,tokens/sec,avg,64095.00
14,1780553003323170560,1780553004323170560,Inter Chunk Latency,ms,avg,0.72
14,1780553003323170560,1780553004323170560,Inter Chunk Latency,ms,min,0.71
14,1780553003323170560,1780553004323170560,Inter Chunk Latency,ms,max,0.72
14,1780553003323170560,1780553004323170560,Inter Chunk Latency,ms,sum,5.72
14,1780553003323170560,1780553004323170560,Inter Chunk Latency,ms,p1,0.71
14,1780553003323170560,1780553004323170560,Inter Chunk Latency,ms,p5,0.71
14,1780553003323170560,1780553004323170560,Inter Chunk Latency,ms,p10,0.71
14,1780553003323170560,1780553004323170560,Inter Chunk Latency,ms,p25,0.71
14,1780553003323170560,1780553004323170560,Inter Chunk Latency,ms,p50,0.72
14,1780553003323170560,1780553004323170560,Inter Chunk Latency,ms,p75,0.72
14,1780553003323170560,1780553004323170560,Inter Chunk Latency,ms,p90,0.72
14,1780553003323170560,1780553004323170560,Inter Chunk Latency,ms,p95,0.72
14,1780553003323170560,1780553004323170560,Inter Chunk Latency,ms,p99,0.72
14,1780553003323170560,1780553004323170560,Inter Chunk Latency,ms,std,0.00
14,1780553003323170560,1780553004323170560,Inter Token Latency,ms,avg,56.95
14,1780553003323170560,1780553004323170560,Inter Token Latency,ms,min,56.95
14,1780553003323170560,1780553004323170560,Inter Token Latency,ms,max,56.95
14,1780553003323170560,1780553004323170560,Inter Token Latency,ms,sum,56.95
14,1780553003323170560,1780553004323170560,Inter Token Latency,ms,p1,56.95
14,1780553003323170560,1780553004323170560,Inter Token Latency,ms,p5,56.95
14,1780553003323170560,1780553004323170560,Inter Token Latency,ms,p10,56.95
14,1780553003323170560,1780553004323170560,Inter Token Latency,ms,p25,56.95
14,1780553003323170560,1780553004323170560,Inter Token Latency,ms,p50,56.95
14,1780553003323170560,1780553004323170560,Inter Token Latency,ms,p75,56.95
14,1780553003323170560,1780553004323170560,Inter Token Latency,ms,p90,56.95
14,1780553003323170560,1780553004323170560,Inter Token Latency,ms,p95,56.95
14,1780553003323170560,1780553004323170560,Inter Token Latency,ms,p99,56.95
14,1780553003323170560,1780553004323170560,Inter Token Latency,ms,std,0.00
14,1780553003323170560,1780553004323170560,Maximum Response Timestamp,ns,avg,1780553018897142528.00
14,1780553003323170560,1780553004323170560,Minimum Request Timestamp,ns,avg,1780553003630996480.00
14,1780553003323170560,1780553004323170560,OSL Mismatch Count,requests,avg,0.00
14,1780553003323170560,1780553004323170560,OSL Mismatch Diff %,%,avg,0.00
14,1780553003323170560,1780553004323170560,OSL Mismatch Diff %,%,min,0.00
14,1780553003323170560,1780553004323170560,OSL Mismatch Diff %,%,max,0.00
14,1780553003323170560,1780553004323170560,OSL Mismatch Diff %,%,sum,0.00
14,1780553003323170560,1780553004323170560,OSL Mismatch Diff %,%,p1,0.00
14,1780553003323170560,1780553004323170560,OSL Mismatch Diff %,%,p5,0.00
14,1780553003323170560,1780553004323170560,OSL Mismatch Diff %,%,p10,0.00
14,1780553003323170560,1780553004323170560,OSL Mismatch Diff %,%,p25,0.00
14,1780553003323170560,1780553004323170560,OSL Mismatch Diff %,%,p50,0.00
14,1780553003323170560,1780553004323170560,OSL Mismatch Diff %,%,p75,0.00
14,1780553003323170560,1780553004323170560,OSL Mismatch Diff %,%,p90,0.00
14,1780553003323170560,1780553004323170560,OSL Mismatch Diff %,%,p95,0.00
14,1780553003323170560,1780553004323170560,OSL Mismatch Diff %,%,p99,0.00
14,1780553003323170560,1780553004323170560,OSL Mismatch Diff %,%,std,0.00
14,1780553003323170560,1780553004323170560,Output Sequence Length,tokens,avg,9.00
14,1780553003323170560,1780553004323170560,Output Sequence Length,tokens,min,9.00
14,1780553003323170560,1780553004323170560,Output Sequence Length,tokens,max,9.00
14,1780553003323170560,1780553004323170560,Output Sequence Length,tokens,sum,9.00
14,1780553003323170560,1780553004323170560,Output Sequence Length,tokens,p1,9.00
14,1780553003323170560,1780553004323170560,Output Sequence Length,tokens,p5,9.00
14,1780553003323170560,1780553004323170560,Output Sequence Length,tokens,p10,9.00
14,1780553003323170560,1780553004323170560,Output Sequence Length,tokens,p25,9.00
14,1780553003323170560,1780553004323170560,Output Sequence Length,tokens,p50,9.00
14,1780553003323170560,1780553004323170560,Output Sequence Length,tokens,p75,9.00
14,1780553003323170560,1780553004323170560,Output Sequence Length,tokens,p90,9.00
14,1780553003323170560,1780553004323170560,Output Sequence Length,tokens,p95,9.00
14,1780553003323170560,1780553004323170560,Output Sequence Length,tokens,p99,9.00
14,1780553003323170560,1780553004323170560,Output Sequence Length,tokens,std,0.00
14,1780553003323170560,1780553004323170560,Output Token Count,tokens,avg,9.00
14,1780553003323170560,1780553004323170560,Output Token Count,tokens,min,9.00
14,1780553003323170560,1780553004323170560,Output Token Count,tokens,max,9.00
14,1780553003323170560,1780553004323170560,Output Token Count,tokens,sum,9.00
14,1780553003323170560,1780553004323170560,Output Token Count,tokens,p1,9.00
14,1780553003323170560,1780553004323170560,Output Token Count,tokens,p5,9.00
14,1780553003323170560,1780553004323170560,Output Token Count,tokens,p10,9.00
14,1780553003323170560,1780553004323170560,Output Token Count,tokens,p25,9.00
14,1780553003323170560,1780553004323170560,Output Token Count,tokens,p50,9.00
14,1780553003323170560,1780553004323170560,Output Token Count,tokens,p75,9.00
14,1780553003323170560,1780553004323170560,Output Token Count,tokens,p90,9.00
14,1780553003323170560,1780553004323170560,Output Token Count,tokens,p95,9.00
14,1780553003323170560,1780553004323170560,Output Token Count,tokens,p99,9.00
14,1780553003323170560,1780553004323170560,Output Token Count,tokens,std,0.00
14,1780553003323170560,1780553004323170560,Output Token Throughput,tokens/sec,avg,9.00
14,1780553003323170560,1780553004323170560,Output Token Throughput Per User,tokens/sec/user,avg,17.56
14,1780553003323170560,1780553004323170560,Output Token Throughput Per User,tokens/sec/user,min,17.56
14,1780553003323170560,1780553004323170560,Output Token Throughput Per User,tokens/sec/user,max,17.56
14,1780553003323170560,1780553004323170560,Output Token Throughput Per User,tokens/sec/user,sum,17.56
14,1780553003323170560,1780553004323170560,Output Token Throughput Per User,tokens/sec/user,p1,17.56
14,1780553003323170560,1780553004323170560,Output Token Throughput Per User,tokens/sec/user,p5,17.56
14,1780553003323170560,1780553004323170560,Output Token Throughput Per User,tokens/sec/user,p10,17.56
14,1780553003323170560,1780553004323170560,Output Token Throughput Per User,tokens/sec/user,p25,17.56
14,1780553003323170560,1780553004323170560,Output Token Throughput Per User,tokens/sec/user,p50,17.56
14,1780553003323170560,1780553004323170560,Output Token Throughput Per User,tokens/sec/user,p75,17.56
14,1780553003323170560,1780553004323170560,Output Token Throughput Per User,tokens/sec/user,p90,17.56
14,1780553003323170560,1780553004323170560,Output Token Throughput Per User,tokens/sec/user,p95,17.56
14,1780553003323170560,1780553004323170560,Output Token Throughput Per User,tokens/sec/user,p99,17.56
14,1780553003323170560,1780553004323170560,Output Token Throughput Per User,tokens/sec/user,std,0.00
14,1780553003323170560,1780553004323170560,Prefill Throughput Per User,tokens/sec/user,avg,4327.66
14,1780553003323170560,1780553004323170560,Prefill Throughput Per User,tokens/sec/user,min,4327.66
14,1780553003323170560,1780553004323170560,Prefill Throughput Per User,tokens/sec/user,max,4327.66
14,1780553003323170560,1780553004323170560,Prefill Throughput Per User,tokens/sec/user,sum,4327.66
14,1780553003323170560,1780553004323170560,Prefill Throughput Per User,tokens/sec/user,p1,4327.66
14,1780553003323170560,1780553004323170560,Prefill Throughput Per User,tokens/sec/user,p5,4327.66
14,1780553003323170560,1780553004323170560,Prefill Throughput Per User,tokens/sec/user,p10,4327.66
14,1780553003323170560,1780553004323170560,Prefill Throughput Per User,tokens/sec/user,p25,4327.66
14,1780553003323170560,1780553004323170560,Prefill Throughput Per User,tokens/sec/user,p50,4327.66
14,1780553003323170560,1780553004323170560,Prefill Throughput Per User,tokens/sec/user,p75,4327.66
14,1780553003323170560,1780553004323170560,Prefill Throughput Per User,tokens/sec/user,p90,4327.66
14,1780553003323170560,1780553004323170560,Prefill Throughput Per User,tokens/sec/user,p95,4327.66
14,1780553003323170560,1780553004323170560,Prefill Throughput Per User,tokens/sec/user,p99,4327.66
14,1780553003323170560,1780553004323170560,Prefill Throughput Per User,tokens/sec/user,std,0.00
14,1780553003323170560,1780553004323170560,Request Count,requests,avg,1.00
14,1780553003323170560,1780553004323170560,Request Latency,ms,avg,15266.15
14,1780553003323170560,1780553004323170560,Request Latency,ms,min,15266.15
14,1780553003323170560,1780553004323170560,Request Latency,ms,max,15266.15
14,1780553003323170560,1780553004323170560,Request Latency,ms,sum,15266.15
14,1780553003323170560,1780553004323170560,Request Latency,ms,p1,15266.15
14,1780553003323170560,1780553004323170560,Request Latency,ms,p5,15266.15
14,1780553003323170560,1780553004323170560,Request Latency,ms,p10,15266.15
14,1780553003323170560,1780553004323170560,Request Latency,ms,p25,15266.15
14,1780553003323170560,1780553004323170560,Request Latency,ms,p50,15266.15
14,1780553003323170560,1780553004323170560,Request Latency,ms,p75,15266.15
14,1780553003323170560,1780553004323170560,Request Latency,ms,p90,15266.15
14,1780553003323170560,1780553004323170560,Request Latency,ms,p95,15266.15
14,1780553003323170560,1780553004323170560,Request Latency,ms,p99,15266.15
14,1780553003323170560,1780553004323170560,Request Latency,ms,std,0.00
14,1780553003323170560,1780553004323170560,Request Throughput,requests/sec,avg,1.00
14,1780553003323170560,1780553004323170560,Requested OSL,tokens,avg,9.00
14,1780553003323170560,1780553004323170560,Requested OSL,tokens,min,9.00
14,1780553003323170560,1780553004323170560,Requested OSL,tokens,max,9.00
14,1780553003323170560,1780553004323170560,Requested OSL,tokens,sum,9.00
14,1780553003323170560,1780553004323170560,Requested OSL,tokens,p1,9.00
14,1780553003323170560,1780553004323170560,Requested OSL,tokens,p5,9.00
14,1780553003323170560,1780553004323170560,Requested OSL,tokens,p10,9.00
14,1780553003323170560,1780553004323170560,Requested OSL,tokens,p25,9.00
14,1780553003323170560,1780553004323170560,Requested OSL,tokens,p50,9.00
14,1780553003323170560,1780553004323170560,Requested OSL,tokens,p75,9.00
14,1780553003323170560,1780553004323170560,Requested OSL,tokens,p90,9.00
14,1780553003323170560,1780553004323170560,Requested OSL,tokens,p95,9.00
14,1780553003323170560,1780553004323170560,Requested OSL,tokens,p99,9.00
14,1780553003323170560,1780553004323170560,Requested OSL,tokens,std,0.00
14,1780553003323170560,1780553004323170560,Time to First Output Token,ms,avg,14810.56
14,1780553003323170560,1780553004323170560,Time to First Output Token,ms,min,14810.56
14,1780553003323170560,1780553004323170560,Time to First Output Token,ms,max,14810.56
14,1780553003323170560,1780553004323170560,Time to First Output Token,ms,sum,14810.56
14,1780553003323170560,1780553004323170560,Time to First Output Token,ms,p1,14810.56
14,1780553003323170560,1780553004323170560,Time to First Output Token,ms,p5,14810.56
14,1780553003323170560,1780553004323170560,Time to First Output Token,ms,p10,14810.56
14,1780553003323170560,1780553004323170560,Time to First Output Token,ms,p25,14810.56
14,1780553003323170560,1780553004323170560,Time to First Output Token,ms,p50,14810.56
14,1780553003323170560,1780553004323170560,Time to First Output Token,ms,p75,14810.56
14,1780553003323170560,1780553004323170560,Time to First Output Token,ms,p90,14810.56
14,1780553003323170560,1780553004323170560,Time to First Output Token,ms,p95,14810.56
14,1780553003323170560,1780553004323170560,Time to First Output Token,ms,p99,14810.56
14,1780553003323170560,1780553004323170560,Time to First Output Token,ms,std,0.00
14,1780553003323170560,1780553004323170560,Time to First Token,ms,avg,14810.56
14,1780553003323170560,1780553004323170560,Time to First Token,ms,min,14810.56
14,1780553003323170560,1780553004323170560,Time to First Token,ms,max,14810.56
14,1780553003323170560,1780553004323170560,Time to First Token,ms,sum,14810.56
14,1780553003323170560,1780553004323170560,Time to First Token,ms,p1,14810.56
14,1780553003323170560,1780553004323170560,Time to First Token,ms,p5,14810.56
14,1780553003323170560,1780553004323170560,Time to First Token,ms,p10,14810.56
14,1780553003323170560,1780553004323170560,Time to First Token,ms,p25,14810.56
14,1780553003323170560,1780553004323170560,Time to First Token,ms,p50,14810.56
14,1780553003323170560,1780553004323170560,Time to First Token,ms,p75,14810.56
14,1780553003323170560,1780553004323170560,Time to First Token,ms,p90,14810.56
14,1780553003323170560,1780553004323170560,Time to First Token,ms,p95,14810.56
14,1780553003323170560,1780553004323170560,Time to First Token,ms,p99,14810.56
14,1780553003323170560,1780553004323170560,Time to First Token,ms,std,0.00
14,1780553003323170560,1780553004323170560,Time to Second Token,ms,avg,0.61
14,1780553003323170560,1780553004323170560,Time to Second Token,ms,min,0.61
14,1780553003323170560,1780553004323170560,Time to Second Token,ms,max,0.61
14,1780553003323170560,1780553004323170560,Time to Second Token,ms,sum,0.61
14,1780553003323170560,1780553004323170560,Time to Second Token,ms,p1,0.61
14,1780553003323170560,1780553004323170560,Time to Second Token,ms,p5,0.61
14,1780553003323170560,1780553004323170560,Time to Second Token,ms,p10,0.61
14,1780553003323170560,1780553004323170560,Time to Second Token,ms,p25,0.61
14,1780553003323170560,1780553004323170560,Time to Second Token,ms,p50,0.61
14,1780553003323170560,1780553004323170560,Time to Second Token,ms,p75,0.61
14,1780553003323170560,1780553004323170560,Time to Second Token,ms,p90,0.61
14,1780553003323170560,1780553004323170560,Time to Second Token,ms,p95,0.61
14,1780553003323170560,1780553004323170560,Time to Second Token,ms,p99,0.61
14,1780553003323170560,1780553004323170560,Time to Second Token,ms,std,0.00
14,1780553003323170560,1780553004323170560,Tokens In Flight,tokens,avg,1406464.82
14,1780553003323170560,1780553004323170560,Tokens In Flight,tokens,min,1362062.01
14,1780553003323170560,1780553004323170560,Tokens In Flight,tokens,max,1426232.25
14,1780553003323170560,1780553004323170560,Tokens In Flight,tokens,p50,1426194.63
14,1780553003323170560,1780553004323170560,Tokens In Flight,tokens,p90,1426223.84
14,1780553003323170560,1780553004323170560,Tokens In Flight,tokens,p95,1426228.55
14,1780553003323170560,1780553004323170560,Tokens In Flight,tokens,p99,1426232.25
14,1780553003323170560,1780553004323170560,Tokens In Flight,tokens,std,29603.04
14,1780553003323170560,1780553004323170560,Total Input Sequence Length,tokens,avg,64095.00
14,1780553003323170560,1780553004323170560,Total Output Sequence Length,tokens,avg,9.00
14,1780553003323170560,1780553004323170560,Total Output Tokens,tokens,avg,9.00
14,1780553003323170560,1780553004323170560,Total Token Throughput,tokens/sec,avg,64104.00
14,1780553003323170560,1780553004323170560,Total Usage Completion Tokens,tokens,avg,9.00
14,1780553003323170560,1780553004323170560,Total Usage Prompt Tokens,tokens,avg,64095.00
14,1780553003323170560,1780553004323170560,Total Usage Total Tokens,tokens,avg,64104.00
14,1780553003323170560,1780553004323170560,Usage Completion Tokens,tokens,avg,9.00
14,1780553003323170560,1780553004323170560,Usage Completion Tokens,tokens,min,9.00
14,1780553003323170560,1780553004323170560,Usage Completion Tokens,tokens,max,9.00
14,1780553003323170560,1780553004323170560,Usage Completion Tokens,tokens,sum,9.00
14,1780553003323170560,1780553004323170560,Usage Completion Tokens,tokens,p1,9.00
14,1780553003323170560,1780553004323170560,Usage Completion Tokens,tokens,p5,9.00
14,1780553003323170560,1780553004323170560,Usage Completion Tokens,tokens,p10,9.00
14,1780553003323170560,1780553004323170560,Usage Completion Tokens,tokens,p25,9.00
14,1780553003323170560,1780553004323170560,Usage Completion Tokens,tokens,p50,9.00
14,1780553003323170560,1780553004323170560,Usage Completion Tokens,tokens,p75,9.00
14,1780553003323170560,1780553004323170560,Usage Completion Tokens,tokens,p90,9.00
14,1780553003323170560,1780553004323170560,Usage Completion Tokens,tokens,p95,9.00
14,1780553003323170560,1780553004323170560,Usage Completion Tokens,tokens,p99,9.00
14,1780553003323170560,1780553004323170560,Usage Completion Tokens,tokens,std,0.00
14,1780553003323170560,1780553004323170560,Usage Prompt Tokens,tokens,avg,64095.00
14,1780553003323170560,1780553004323170560,Usage Prompt Tokens,tokens,min,64095.00
14,1780553003323170560,1780553004323170560,Usage Prompt Tokens,tokens,max,64095.00
14,1780553003323170560,1780553004323170560,Usage Prompt Tokens,tokens,sum,64095.00
14,1780553003323170560,1780553004323170560,Usage Prompt Tokens,tokens,p1,64095.00
14,1780553003323170560,1780553004323170560,Usage Prompt Tokens,tokens,p5,64095.00
14,1780553003323170560,1780553004323170560,Usage Prompt Tokens,tokens,p10,64095.00
14,1780553003323170560,1780553004323170560,Usage Prompt Tokens,tokens,p25,64095.00
14,1780553003323170560,1780553004323170560,Usage Prompt Tokens,tokens,p50,64095.00
14,1780553003323170560,1780553004323170560,Usage Prompt Tokens,tokens,p75,64095.00
14,1780553003323170560,1780553004323170560,Usage Prompt Tokens,tokens,p90,64095.00
14,1780553003323170560,1780553004323170560,Usage Prompt Tokens,tokens,p95,64095.00
14,1780553003323170560,1780553004323170560,Usage Prompt Tokens,tokens,p99,64095.00
14,1780553003323170560,1780553004323170560,Usage Prompt Tokens,tokens,std,0.00
14,1780553003323170560,1780553004323170560,Usage Total Tokens,tokens,avg,64104.00
14,1780553003323170560,1780553004323170560,Usage Total Tokens,tokens,min,64104.00
14,1780553003323170560,1780553004323170560,Usage Total Tokens,tokens,max,64104.00
14,1780553003323170560,1780553004323170560,Usage Total Tokens,tokens,sum,64104.00
14,1780553003323170560,1780553004323170560,Usage Total Tokens,tokens,p1,64104.00
14,1780553003323170560,1780553004323170560,Usage Total Tokens,tokens,p5,64104.00
14,1780553003323170560,1780553004323170560,Usage Total Tokens,tokens,p10,64104.00
14,1780553003323170560,1780553004323170560,Usage Total Tokens,tokens,p25,64104.00
14,1780553003323170560,1780553004323170560,Usage Total Tokens,tokens,p50,64104.00
14,1780553003323170560,1780553004323170560,Usage Total Tokens,tokens,p75,64104.00
14,1780553003323170560,1780553004323170560,Usage Total Tokens,tokens,p90,64104.00
14,1780553003323170560,1780553004323170560,Usage Total Tokens,tokens,p95,64104.00
14,1780553003323170560,1780553004323170560,Usage Total Tokens,tokens,p99,64104.00
14,1780553003323170560,1780553004323170560,Usage Total Tokens,tokens,std,0.00
15,1780553012323170560,1780553013323170560,Active Decode Throughput,tokens/sec,avg,89.18
15,1780553012323170560,1780553013323170560,Active Decode Throughput,tokens/sec,min,56.95
15,1780553012323170560,1780553013323170560,Active Decode Throughput,tokens/sec,max,117.60
15,1780553012323170560,1780553013323170560,Active Decode Throughput,tokens/sec,p50,83.71
15,1780553012323170560,1780553013323170560,Active Decode Throughput,tokens/sec,p90,100.65
15,1780553012323170560,1780553013323170560,Active Decode Throughput,tokens/sec,p95,100.65
15,1780553012323170560,1780553013323170560,Active Decode Throughput,tokens/sec,p99,100.66
15,1780553012323170560,1780553013323170560,Active Decode Throughput,tokens/sec,std,7.92
15,1780553012323170560,1780553013323170560,Active Decode Throughput Per User,tokens/sec/user,avg,7.43
15,1780553012323170560,1780553013323170560,Active Decode Throughput Per User,tokens/sec/user,min,4.75
15,1780553012323170560,1780553013323170560,Active Decode Throughput Per User,tokens/sec/user,max,9.80
15,1780553012323170560,1780553013323170560,Active Decode Throughput Per User,tokens/sec/user,p50,6.98
15,1780553012323170560,1780553013323170560,Active Decode Throughput Per User,tokens/sec/user,p90,8.39
15,1780553012323170560,1780553013323170560,Active Decode Throughput Per User,tokens/sec/user,p95,8.39
15,1780553012323170560,1780553013323170560,Active Decode Throughput Per User,tokens/sec/user,p99,8.39
15,1780553012323170560,1780553013323170560,Active Decode Throughput Per User,tokens/sec/user,std,0.66
15,1780553012323170560,1780553013323170560,Active Prefill Throughput,tokens/sec,avg,14397.98
15,1780553012323170560,1780553013323170560,Active Prefill Throughput,tokens/sec,min,8687.32
15,1780553012323170560,1780553013323170560,Active Prefill Throughput,tokens/sec,max,15038.21
15,1780553012323170560,1780553013323170560,Active Prefill Throughput,tokens/sec,p50,15038.21
15,1780553012323170560,1780553013323170560,Active Prefill Throughput,tokens/sec,p90,15038.21
15,1780553012323170560,1780553013323170560,Active Prefill Throughput,tokens/sec,p95,15038.21
15,1780553012323170560,1780553013323170560,Active Prefill Throughput,tokens/sec,p99,15038.21
15,1780553012323170560,1780553013323170560,Active Prefill Throughput,tokens/sec,std,1912.10
15,1780553012323170560,1780553013323170560,Active Prefill Throughput Per User,tokens/sec/user,avg,4945.29
15,1780553012323170560,1780553013323170560,Active Prefill Throughput Per User,tokens/sec/user,min,4343.66
15,1780553012323170560,1780553013323170560,Active Prefill Throughput Per User,tokens/sec/user,max,5012.74
15,1780553012323170560,1780553013323170560,Active Prefill Throughput Per User,tokens/sec/user,p50,5012.74
15,1780553012323170560,1780553013323170560,Active Prefill Throughput Per User,tokens/sec/user,p90,5012.74
15,1780553012323170560,1780553013323170560,Active Prefill Throughput Per User,tokens/sec/user,p95,5012.74
15,1780553012323170560,1780553013323170560,Active Prefill Throughput Per User,tokens/sec/user,p99,5012.74
15,1780553012323170560,1780553013323170560,Active Prefill Throughput Per User,tokens/sec/user,std,201.44
15,1780553012323170560,1780553013323170560,Active Total Throughput,tokens/sec,avg,14458.85
15,1780553012323170560,1780553013323170560,Active Total Throughput,tokens/sec,min,8748.18
15,1780553012323170560,1780553013323170560,Active Total Throughput,tokens/sec,max,15099.08
15,1780553012323170560,1780553013323170560,Active Total Throughput,tokens/sec,p50,15099.08
15,1780553012323170560,1780553013323170560,Active Total Throughput,tokens/sec,p90,15099.08
15,1780553012323170560,1780553013323170560,Active Total Throughput,tokens/sec,p95,15099.08
15,1780553012323170560,1780553013323170560,Active Total Throughput,tokens/sec,p99,15099.08
15,1780553012323170560,1780553013323170560,Active Total Throughput,tokens/sec,std,1912.10
15,1780553012323170560,1780553013323170560,Benchmark Duration,sec,avg,46.35
15,1780553012323170560,1780553013323170560,E2E Output Token Throughput,tokens/sec/user,avg,8.11
15,1780553012323170560,1780553013323170560,E2E Output Token Throughput,tokens/sec/user,min,8.11
15,1780553012323170560,1780553013323170560,E2E Output Token Throughput,tokens/sec/user,max,8.11
15,1780553012323170560,1780553013323170560,E2E Output Token Throughput,tokens/sec/user,sum,8.11
15,1780553012323170560,1780553013323170560,E2E Output Token Throughput,tokens/sec/user,p1,8.11
15,1780553012323170560,1780553013323170560,E2E Output Token Throughput,tokens/sec/user,p5,8.11
15,1780553012323170560,1780553013323170560,E2E Output Token Throughput,tokens/sec/user,p10,8.11
15,1780553012323170560,1780553013323170560,E2E Output Token Throughput,tokens/sec/user,p25,8.11
15,1780553012323170560,1780553013323170560,E2E Output Token Throughput,tokens/sec/user,p50,8.11
15,1780553012323170560,1780553013323170560,E2E Output Token Throughput,tokens/sec/user,p75,8.11
15,1780553012323170560,1780553013323170560,E2E Output Token Throughput,tokens/sec/user,p90,8.11
15,1780553012323170560,1780553013323170560,E2E Output Token Throughput,tokens/sec/user,p95,8.11
15,1780553012323170560,1780553013323170560,E2E Output Token Throughput,tokens/sec/user,p99,8.11
15,1780553012323170560,1780553013323170560,E2E Output Token Throughput,tokens/sec/user,std,0.00
15,1780553012323170560,1780553013323170560,Effective Concurrency,requests,avg,14.90
15,1780553012323170560,1780553013323170560,Effective Concurrency,requests,min,14.00
15,1780553012323170560,1780553013323170560,Effective Concurrency,requests,max,15.00
15,1780553012323170560,1780553013323170560,Effective Concurrency,requests,p50,15.00
15,1780553012323170560,1780553013323170560,Effective Concurrency,requests,p90,15.00
15,1780553012323170560,1780553013323170560,Effective Concurrency,requests,p95,15.00
15,1780553012323170560,1780553013323170560,Effective Concurrency,requests,p99,15.00
15,1780553012323170560,1780553013323170560,Effective Concurrency,requests,std,0.30
15,1780553012323170560,1780553013323170560,Effective Decode Concurrency,requests,avg,12.00
15,1780553012323170560,1780553013323170560,Effective Decode Concurrency,requests,min,12.00
15,1780553012323170560,1780553013323170560,Effective Decode Concurrency,requests,max,12.00
15,1780553012323170560,1780553013323170560,Effective Decode Concurrency,requests,p50,12.00
15,1780553012323170560,1780553013323170560,Effective Decode Concurrency,requests,p90,12.00
15,1780553012323170560,1780553013323170560,Effective Decode Concurrency,requests,p95,12.00
15,1780553012323170560,1780553013323170560,Effective Decode Concurrency,requests,p99,12.00
15,1780553012323170560,1780553013323170560,Effective Decode Concurrency,requests,std,0.00
15,1780553012323170560,1780553013323170560,Effective Decode Throughput,tokens/sec,avg,89.18
15,1780553012323170560,1780553013323170560,Effective Decode Throughput,tokens/sec,min,56.95
15,1780553012323170560,1780553013323170560,Effective Decode Throughput,tokens/sec,max,117.60
15,1780553012323170560,1780553013323170560,Effective Decode Throughput,tokens/sec,p50,83.71
15,1780553012323170560,1780553013323170560,Effective Decode Throughput,tokens/sec,p90,100.65
15,1780553012323170560,1780553013323170560,Effective Decode Throughput,tokens/sec,p95,100.65
15,1780553012323170560,1780553013323170560,Effective Decode Throughput,tokens/sec,p99,100.66
15,1780553012323170560,1780553013323170560,Effective Decode Throughput,tokens/sec,std,7.92
15,1780553012323170560,1780553013323170560,Effective Decode Throughput Per User,tokens/sec/user,avg,7.43
15,1780553012323170560,1780553013323170560,Effective Decode Throughput Per User,tokens/sec/user,min,4.75
15,1780553012323170560,1780553013323170560,Effective Decode Throughput Per User,tokens/sec/user,max,9.80
15,1780553012323170560,1780553013323170560,Effective Decode Throughput Per User,tokens/sec/user,p50,6.98
15,1780553012323170560,1780553013323170560,Effective Decode Throughput Per User,tokens/sec/user,p90,8.39
15,1780553012323170560,1780553013323170560,Effective Decode Throughput Per User,tokens/sec/user,p95,8.39
15,1780553012323170560,1780553013323170560,Effective Decode Throughput Per User,tokens/sec/user,p99,8.39
15,1780553012323170560,1780553013323170560,Effective Decode Throughput Per User,tokens/sec/user,std,0.66
15,1780553012323170560,1780553013323170560,Effective Prefill Concurrency,requests,avg,2.90
15,1780553012323170560,1780553013323170560,Effective Prefill Concurrency,requests,min,2.00
15,1780553012323170560,1780553013323170560,Effective Prefill Concurrency,requests,max,3.00
15,1780553012323170560,1780553013323170560,Effective Prefill Concurrency,requests,p50,3.00
15,1780553012323170560,1780553013323170560,Effective Prefill Concurrency,requests,p90,3.00
15,1780553012323170560,1780553013323170560,Effective Prefill Concurrency,requests,p95,3.00
15,1780553012323170560,1780553013323170560,Effective Prefill Concurrency,requests,p99,3.00
15,1780553012323170560,1780553013323170560,Effective Prefill Concurrency,requests,std,0.30
15,1780553012323170560,1780553013323170560,Effective Prefill Throughput,tokens/sec,avg,14397.98
15,1780553012323170560,1780553013323170560,Effective Prefill Throughput,tokens/sec,min,8687.32
15,1780553012323170560,1780553013323170560,Effective Prefill Throughput,tokens/sec,max,15038.21
15,1780553012323170560,1780553013323170560,Effective Prefill Throughput,tokens/sec,p50,15038.21
15,1780553012323170560,1780553013323170560,Effective Prefill Throughput,tokens/sec,p90,15038.21
15,1780553012323170560,1780553013323170560,Effective Prefill Throughput,tokens/sec,p95,15038.21
15,1780553012323170560,1780553013323170560,Effective Prefill Throughput,tokens/sec,p99,15038.21
15,1780553012323170560,1780553013323170560,Effective Prefill Throughput,tokens/sec,std,1912.10
15,1780553012323170560,1780553013323170560,Effective Prefill Throughput Per User,tokens/sec/user,avg,4945.29
15,1780553012323170560,1780553013323170560,Effective Prefill Throughput Per User,tokens/sec/user,min,4343.66
15,1780553012323170560,1780553013323170560,Effective Prefill Throughput Per User,tokens/sec/user,max,5012.74
15,1780553012323170560,1780553013323170560,Effective Prefill Throughput Per User,tokens/sec/user,p50,5012.74
15,1780553012323170560,1780553013323170560,Effective Prefill Throughput Per User,tokens/sec/user,p90,5012.74
15,1780553012323170560,1780553013323170560,Effective Prefill Throughput Per User,tokens/sec/user,p95,5012.74
15,1780553012323170560,1780553013323170560,Effective Prefill Throughput Per User,tokens/sec/user,p99,5012.74
15,1780553012323170560,1780553013323170560,Effective Prefill Throughput Per User,tokens/sec/user,std,201.44
15,1780553012323170560,1780553013323170560,Effective Total Throughput,tokens/sec,avg,14458.85
15,1780553012323170560,1780553013323170560,Effective Total Throughput,tokens/sec,min,8748.18
15,1780553012323170560,1780553013323170560,Effective Total Throughput,tokens/sec,max,15099.08
15,1780553012323170560,1780553013323170560,Effective Total Throughput,tokens/sec,p50,15099.08
15,1780553012323170560,1780553013323170560,Effective Total Throughput,tokens/sec,p90,15099.08
15,1780553012323170560,1780553013323170560,Effective Total Throughput,tokens/sec,p95,15099.08
15,1780553012323170560,1780553013323170560,Effective Total Throughput,tokens/sec,p99,15099.08
15,1780553012323170560,1780553013323170560,Effective Total Throughput,tokens/sec,std,1912.10
15,1780553012323170560,1780553013323170560,HTTP Blocked,ms,avg,0.00
15,1780553012323170560,1780553013323170560,HTTP Blocked,ms,min,0.00
15,1780553012323170560,1780553013323170560,HTTP Blocked,ms,max,0.00
15,1780553012323170560,1780553013323170560,HTTP Blocked,ms,sum,0.00
15,1780553012323170560,1780553013323170560,HTTP Blocked,ms,p1,0.00
15,1780553012323170560,1780553013323170560,HTTP Blocked,ms,p5,0.00
15,1780553012323170560,1780553013323170560,HTTP Blocked,ms,p10,0.00
15,1780553012323170560,1780553013323170560,HTTP Blocked,ms,p25,0.00
15,1780553012323170560,1780553013323170560,HTTP Blocked,ms,p50,0.00
15,1780553012323170560,1780553013323170560,HTTP Blocked,ms,p75,0.00
15,1780553012323170560,1780553013323170560,HTTP Blocked,ms,p90,0.00
15,1780553012323170560,1780553013323170560,HTTP Blocked,ms,p95,0.00
15,1780553012323170560,1780553013323170560,HTTP Blocked,ms,p99,0.00
15,1780553012323170560,1780553013323170560,HTTP Blocked,ms,std,0.00
15,1780553012323170560,1780553013323170560,HTTP Chunks Received,count,avg,376.00
15,1780553012323170560,1780553013323170560,HTTP Chunks Received,count,min,376.00
15,1780553012323170560,1780553013323170560,HTTP Chunks Received,count,max,376.00
15,1780553012323170560,1780553013323170560,HTTP Chunks Received,count,sum,376.00
15,1780553012323170560,1780553013323170560,HTTP Chunks Received,count,p1,376.00
15,1780553012323170560,1780553013323170560,HTTP Chunks Received,count,p5,376.00
15,1780553012323170560,1780553013323170560,HTTP Chunks Received,count,p10,376.00
15,1780553012323170560,1780553013323170560,HTTP Chunks Received,count,p25,376.00
15,1780553012323170560,1780553013323170560,HTTP Chunks Received,count,p50,376.00
15,1780553012323170560,1780553013323170560,HTTP Chunks Received,count,p75,376.00
15,1780553012323170560,1780553013323170560,HTTP Chunks Received,count,p90,376.00
15,1780553012323170560,1780553013323170560,HTTP Chunks Received,count,p95,376.00
15,1780553012323170560,1780553013323170560,HTTP Chunks Received,count,p99,376.00
15,1780553012323170560,1780553013323170560,HTTP Chunks Received,count,std,0.00
15,1780553012323170560,1780553013323170560,HTTP Chunks Sent,count,avg,1.00
15,1780553012323170560,1780553013323170560,HTTP Chunks Sent,count,min,1.00
15,1780553012323170560,1780553013323170560,HTTP Chunks Sent,count,max,1.00
15,1780553012323170560,1780553013323170560,HTTP Chunks Sent,count,sum,1.00
15,1780553012323170560,1780553013323170560,HTTP Chunks Sent,count,p1,1.00
15,1780553012323170560,1780553013323170560,HTTP Chunks Sent,count,p5,1.00
15,1780553012323170560,1780553013323170560,HTTP Chunks Sent,count,p10,1.00
15,1780553012323170560,1780553013323170560,HTTP Chunks Sent,count,p25,1.00
15,1780553012323170560,1780553013323170560,HTTP Chunks Sent,count,p50,1.00
15,1780553012323170560,1780553013323170560,HTTP Chunks Sent,count,p75,1.00
15,1780553012323170560,1780553013323170560,HTTP Chunks Sent,count,p90,1.00
15,1780553012323170560,1780553013323170560,HTTP Chunks Sent,count,p95,1.00
15,1780553012323170560,1780553013323170560,HTTP Chunks Sent,count,p99,1.00
15,1780553012323170560,1780553013323170560,HTTP Chunks Sent,count,std,0.00
15,1780553012323170560,1780553013323170560,HTTP Connecting,ms,avg,1.16
15,1780553012323170560,1780553013323170560,HTTP Connecting,ms,min,1.16
15,1780553012323170560,1780553013323170560,HTTP Connecting,ms,max,1.16
15,1780553012323170560,1780553013323170560,HTTP Connecting,ms,sum,1.16
15,1780553012323170560,1780553013323170560,HTTP Connecting,ms,p1,1.16
15,1780553012323170560,1780553013323170560,HTTP Connecting,ms,p5,1.16
15,1780553012323170560,1780553013323170560,HTTP Connecting,ms,p10,1.16
15,1780553012323170560,1780553013323170560,HTTP Connecting,ms,p25,1.16
15,1780553012323170560,1780553013323170560,HTTP Connecting,ms,p50,1.16
15,1780553012323170560,1780553013323170560,HTTP Connecting,ms,p75,1.16
15,1780553012323170560,1780553013323170560,HTTP Connecting,ms,p90,1.16
15,1780553012323170560,1780553013323170560,HTTP Connecting,ms,p95,1.16
15,1780553012323170560,1780553013323170560,HTTP Connecting,ms,p99,1.16
15,1780553012323170560,1780553013323170560,HTTP Connecting,ms,std,0.00
15,1780553012323170560,1780553013323170560,HTTP Connection Overhead,ms,avg,1.73
15,1780553012323170560,1780553013323170560,HTTP Connection Overhead,ms,min,1.73
15,1780553012323170560,1780553013323170560,HTTP Connection Overhead,ms,max,1.73
15,1780553012323170560,1780553013323170560,HTTP Connection Overhead,ms,sum,1.73
15,1780553012323170560,1780553013323170560,HTTP Connection Overhead,ms,p1,1.73
15,1780553012323170560,1780553013323170560,HTTP Connection Overhead,ms,p5,1.73
15,1780553012323170560,1780553013323170560,HTTP Connection Overhead,ms,p10,1.73
15,1780553012323170560,1780553013323170560,HTTP Connection Overhead,ms,p25,1.73
15,1780553012323170560,1780553013323170560,HTTP Connection Overhead,ms,p50,1.73
15,1780553012323170560,1780553013323170560,HTTP Connection Overhead,ms,p75,1.73
15,1780553012323170560,1780553013323170560,HTTP Connection Overhead,ms,p90,1.73
15,1780553012323170560,1780553013323170560,HTTP Connection Overhead,ms,p95,1.73
15,1780553012323170560,1780553013323170560,HTTP Connection Overhead,ms,p99,1.73
15,1780553012323170560,1780553013323170560,HTTP Connection Overhead,ms,std,0.00
15,1780553012323170560,1780553013323170560,HTTP Connection Reused,ratio,avg,0.00
15,1780553012323170560,1780553013323170560,HTTP Connection Reused,ratio,min,0.00
15,1780553012323170560,1780553013323170560,HTTP Connection Reused,ratio,max,0.00
15,1780553012323170560,1780553013323170560,HTTP Connection Reused,ratio,sum,0.00
15,1780553012323170560,1780553013323170560,HTTP Connection Reused,ratio,p1,0.00
15,1780553012323170560,1780553013323170560,HTTP Connection Reused,ratio,p5,0.00
15,1780553012323170560,1780553013323170560,HTTP Connection Reused,ratio,p10,0.00
15,1780553012323170560,1780553013323170560,HTTP Connection Reused,ratio,p25,0.00
15,1780553012323170560,1780553013323170560,HTTP Connection Reused,ratio,p50,0.00
15,1780553012323170560,1780553013323170560,HTTP Connection Reused,ratio,p75,0.00
15,1780553012323170560,1780553013323170560,HTTP Connection Reused,ratio,p90,0.00
15,1780553012323170560,1780553013323170560,HTTP Connection Reused,ratio,p95,0.00
15,1780553012323170560,1780553013323170560,HTTP Connection Reused,ratio,p99,0.00
15,1780553012323170560,1780553013323170560,HTTP Connection Reused,ratio,std,0.00
15,1780553012323170560,1780553013323170560,HTTP Data Received,KB,avg,93.79
15,1780553012323170560,1780553013323170560,HTTP Data Received,KB,min,93.79
15,1780553012323170560,1780553013323170560,HTTP Data Received,KB,max,93.79
15,1780553012323170560,1780553013323170560,HTTP Data Received,KB,sum,93.79
15,1780553012323170560,1780553013323170560,HTTP Data Received,KB,p1,93.79
15,1780553012323170560,1780553013323170560,HTTP Data Received,KB,p5,93.79
15,1780553012323170560,1780553013323170560,HTTP Data Received,KB,p10,93.79
15,1780553012323170560,1780553013323170560,HTTP Data Received,KB,p25,93.79
15,1780553012323170560,1780553013323170560,HTTP Data Received,KB,p50,93.79
15,1780553012323170560,1780553013323170560,HTTP Data Received,KB,p75,93.79
15,1780553012323170560,1780553013323170560,HTTP Data Received,KB,p90,93.79
15,1780553012323170560,1780553013323170560,HTTP Data Received,KB,p95,93.79
15,1780553012323170560,1780553013323170560,HTTP Data Received,KB,p99,93.79
15,1780553012323170560,1780553013323170560,HTTP Data Received,KB,std,0.00
15,1780553012323170560,1780553013323170560,HTTP Data Sent,KB,avg,325.26
15,1780553012323170560,1780553013323170560,HTTP Data Sent,KB,min,325.26
15,1780553012323170560,1780553013323170560,HTTP Data Sent,KB,max,325.26
15,1780553012323170560,1780553013323170560,HTTP Data Sent,KB,sum,325.26
15,1780553012323170560,1780553013323170560,HTTP Data Sent,KB,p1,325.26
15,1780553012323170560,1780553013323170560,HTTP Data Sent,KB,p5,325.26
15,1780553012323170560,1780553013323170560,HTTP Data Sent,KB,p10,325.26
15,1780553012323170560,1780553013323170560,HTTP Data Sent,KB,p25,325.26
15,1780553012323170560,1780553013323170560,HTTP Data Sent,KB,p50,325.26
15,1780553012323170560,1780553013323170560,HTTP Data Sent,KB,p75,325.26
15,1780553012323170560,1780553013323170560,HTTP Data Sent,KB,p90,325.26
15,1780553012323170560,1780553013323170560,HTTP Data Sent,KB,p95,325.26
15,1780553012323170560,1780553013323170560,HTTP Data Sent,KB,p99,325.26
15,1780553012323170560,1780553013323170560,HTTP Data Sent,KB,std,0.00
15,1780553012323170560,1780553013323170560,HTTP DNS Lookup,ms,avg,0.57
15,1780553012323170560,1780553013323170560,HTTP DNS Lookup,ms,min,0.57
15,1780553012323170560,1780553013323170560,HTTP DNS Lookup,ms,max,0.57
15,1780553012323170560,1780553013323170560,HTTP DNS Lookup,ms,sum,0.57
15,1780553012323170560,1780553013323170560,HTTP DNS Lookup,ms,p1,0.57
15,1780553012323170560,1780553013323170560,HTTP DNS Lookup,ms,p5,0.57
15,1780553012323170560,1780553013323170560,HTTP DNS Lookup,ms,p10,0.57
15,1780553012323170560,1780553013323170560,HTTP DNS Lookup,ms,p25,0.57
15,1780553012323170560,1780553013323170560,HTTP DNS Lookup,ms,p50,0.57
15,1780553012323170560,1780553013323170560,HTTP DNS Lookup,ms,p75,0.57
15,1780553012323170560,1780553013323170560,HTTP DNS Lookup,ms,p90,0.57
15,1780553012323170560,1780553013323170560,HTTP DNS Lookup,ms,p95,0.57
15,1780553012323170560,1780553013323170560,HTTP DNS Lookup,ms,p99,0.57
15,1780553012323170560,1780553013323170560,HTTP DNS Lookup,ms,std,0.00
15,1780553012323170560,1780553013323170560,HTTP Duration (excl. conn),ms,avg,46345.07
15,1780553012323170560,1780553013323170560,HTTP Duration (excl. conn),ms,min,46345.07
15,1780553012323170560,1780553013323170560,HTTP Duration (excl. conn),ms,max,46345.07
15,1780553012323170560,1780553013323170560,HTTP Duration (excl. conn),ms,sum,46345.07
15,1780553012323170560,1780553013323170560,HTTP Duration (excl. conn),ms,p1,46345.07
15,1780553012323170560,1780553013323170560,HTTP Duration (excl. conn),ms,p5,46345.07
15,1780553012323170560,1780553013323170560,HTTP Duration (excl. conn),ms,p10,46345.07
15,1780553012323170560,1780553013323170560,HTTP Duration (excl. conn),ms,p25,46345.07
15,1780553012323170560,1780553013323170560,HTTP Duration (excl. conn),ms,p50,46345.07
15,1780553012323170560,1780553013323170560,HTTP Duration (excl. conn),ms,p75,46345.07
15,1780553012323170560,1780553013323170560,HTTP Duration (excl. conn),ms,p90,46345.07
15,1780553012323170560,1780553013323170560,HTTP Duration (excl. conn),ms,p95,46345.07
15,1780553012323170560,1780553013323170560,HTTP Duration (excl. conn),ms,p99,46345.07
15,1780553012323170560,1780553013323170560,HTTP Duration (excl. conn),ms,std,0.00
15,1780553012323170560,1780553013323170560,HTTP Receiving,ms,avg,33099.81
15,1780553012323170560,1780553013323170560,HTTP Receiving,ms,min,33099.81
15,1780553012323170560,1780553013323170560,HTTP Receiving,ms,max,33099.81
15,1780553012323170560,1780553013323170560,HTTP Receiving,ms,sum,33099.81
15,1780553012323170560,1780553013323170560,HTTP Receiving,ms,p1,33099.81
15,1780553012323170560,1780553013323170560,HTTP Receiving,ms,p5,33099.81
15,1780553012323170560,1780553013323170560,HTTP Receiving,ms,p10,33099.81
15,1780553012323170560,1780553013323170560,HTTP Receiving,ms,p25,33099.81
15,1780553012323170560,1780553013323170560,HTTP Receiving,ms,p50,33099.81
15,1780553012323170560,1780553013323170560,HTTP Receiving,ms,p75,33099.81
15,1780553012323170560,1780553013323170560,HTTP Receiving,ms,p90,33099.81
15,1780553012323170560,1780553013323170560,HTTP Receiving,ms,p95,33099.81
15,1780553012323170560,1780553013323170560,HTTP Receiving,ms,p99,33099.81
15,1780553012323170560,1780553013323170560,HTTP Receiving,ms,std,0.00
15,1780553012323170560,1780553013323170560,HTTP Sending,ms,avg,1.44
15,1780553012323170560,1780553013323170560,HTTP Sending,ms,min,1.44
15,1780553012323170560,1780553013323170560,HTTP Sending,ms,max,1.44
15,1780553012323170560,1780553013323170560,HTTP Sending,ms,sum,1.44
15,1780553012323170560,1780553013323170560,HTTP Sending,ms,p1,1.44
15,1780553012323170560,1780553013323170560,HTTP Sending,ms,p5,1.44
15,1780553012323170560,1780553013323170560,HTTP Sending,ms,p10,1.44
15,1780553012323170560,1780553013323170560,HTTP Sending,ms,p25,1.44
15,1780553012323170560,1780553013323170560,HTTP Sending,ms,p50,1.44
15,1780553012323170560,1780553013323170560,HTTP Sending,ms,p75,1.44
15,1780553012323170560,1780553013323170560,HTTP Sending,ms,p90,1.44
15,1780553012323170560,1780553013323170560,HTTP Sending,ms,p95,1.44
15,1780553012323170560,1780553013323170560,HTTP Sending,ms,p99,1.44
15,1780553012323170560,1780553013323170560,HTTP Sending,ms,std,0.00
15,1780553012323170560,1780553013323170560,HTTP Total Time,ms,avg,46346.80
15,1780553012323170560,1780553013323170560,HTTP Total Time,ms,min,46346.80
15,1780553012323170560,1780553013323170560,HTTP Total Time,ms,max,46346.80
15,1780553012323170560,1780553013323170560,HTTP Total Time,ms,sum,46346.80
15,1780553012323170560,1780553013323170560,HTTP Total Time,ms,p1,46346.80
15,1780553012323170560,1780553013323170560,HTTP Total Time,ms,p5,46346.80
15,1780553012323170560,1780553013323170560,HTTP Total Time,ms,p10,46346.80
15,1780553012323170560,1780553013323170560,HTTP Total Time,ms,p25,46346.80
15,1780553012323170560,1780553013323170560,HTTP Total Time,ms,p50,46346.80
15,1780553012323170560,1780553013323170560,HTTP Total Time,ms,p75,46346.80
15,1780553012323170560,1780553013323170560,HTTP Total Time,ms,p90,46346.80
15,1780553012323170560,1780553013323170560,HTTP Total Time,ms,p95,46346.80
15,1780553012323170560,1780553013323170560,HTTP Total Time,ms,p99,46346.80
15,1780553012323170560,1780553013323170560,HTTP Total Time,ms,std,0.00
15,1780553012323170560,1780553013323170560,HTTP Waiting (TTFB),ms,avg,13243.82
15,1780553012323170560,1780553013323170560,HTTP Waiting (TTFB),ms,min,13243.82
15,1780553012323170560,1780553013323170560,HTTP Waiting (TTFB),ms,max,13243.82
15,1780553012323170560,1780553013323170560,HTTP Waiting (TTFB),ms,sum,13243.82
15,1780553012323170560,1780553013323170560,HTTP Waiting (TTFB),ms,p1,13243.82
15,1780553012323170560,1780553013323170560,HTTP Waiting (TTFB),ms,p5,13243.82
15,1780553012323170560,1780553013323170560,HTTP Waiting (TTFB),ms,p10,13243.82
15,1780553012323170560,1780553013323170560,HTTP Waiting (TTFB),ms,p25,13243.82
15,1780553012323170560,1780553013323170560,HTTP Waiting (TTFB),ms,p50,13243.82
15,1780553012323170560,1780553013323170560,HTTP Waiting (TTFB),ms,p75,13243.82
15,1780553012323170560,1780553013323170560,HTTP Waiting (TTFB),ms,p90,13243.82
15,1780553012323170560,1780553013323170560,HTTP Waiting (TTFB),ms,p95,13243.82
15,1780553012323170560,1780553013323170560,HTTP Waiting (TTFB),ms,p99,13243.82
15,1780553012323170560,1780553013323170560,HTTP Waiting (TTFB),ms,std,0.00
15,1780553012323170560,1780553013323170560,Input Sequence Length,tokens,avg,84120.00
15,1780553012323170560,1780553013323170560,Input Sequence Length,tokens,min,84120.00
15,1780553012323170560,1780553013323170560,Input Sequence Length,tokens,max,84120.00
15,1780553012323170560,1780553013323170560,Input Sequence Length,tokens,sum,84120.00
15,1780553012323170560,1780553013323170560,Input Sequence Length,tokens,p1,84120.00
15,1780553012323170560,1780553013323170560,Input Sequence Length,tokens,p5,84120.00
15,1780553012323170560,1780553013323170560,Input Sequence Length,tokens,p10,84120.00
15,1780553012323170560,1780553013323170560,Input Sequence Length,tokens,p25,84120.00
15,1780553012323170560,1780553013323170560,Input Sequence Length,tokens,p50,84120.00
15,1780553012323170560,1780553013323170560,Input Sequence Length,tokens,p75,84120.00
15,1780553012323170560,1780553013323170560,Input Sequence Length,tokens,p90,84120.00
15,1780553012323170560,1780553013323170560,Input Sequence Length,tokens,p95,84120.00
15,1780553012323170560,1780553013323170560,Input Sequence Length,tokens,p99,84120.00
15,1780553012323170560,1780553013323170560,Input Sequence Length,tokens,std,0.00
15,1780553012323170560,1780553013323170560,Input Token Throughput,tokens/sec,avg,84120.00
15,1780553012323170560,1780553013323170560,Inter Chunk Latency,ms,avg,39.17
15,1780553012323170560,1780553013323170560,Inter Chunk Latency,ms,min,38.95
15,1780553012323170560,1780553013323170560,Inter Chunk Latency,ms,max,39.57
15,1780553012323170560,1780553013323170560,Inter Chunk Latency,ms,sum,14687.31
15,1780553012323170560,1780553013323170560,Inter Chunk Latency,ms,p1,38.96
15,1780553012323170560,1780553013323170560,Inter Chunk Latency,ms,p5,38.98
15,1780553012323170560,1780553013323170560,Inter Chunk Latency,ms,p10,39.00
15,1780553012323170560,1780553013323170560,Inter Chunk Latency,ms,p25,39.03
15,1780553012323170560,1780553013323170560,Inter Chunk Latency,ms,p50,39.15
15,1780553012323170560,1780553013323170560,Inter Chunk Latency,ms,p75,39.28
15,1780553012323170560,1780553013323170560,Inter Chunk Latency,ms,p90,39.36
15,1780553012323170560,1780553013323170560,Inter Chunk Latency,ms,p95,39.45
15,1780553012323170560,1780553013323170560,Inter Chunk Latency,ms,p99,39.53
15,1780553012323170560,1780553013323170560,Inter Chunk Latency,ms,std,0.15
15,1780553012323170560,1780553013323170560,Inter Token Latency,ms,avg,88.27
15,1780553012323170560,1780553013323170560,Inter Token Latency,ms,min,88.27
15,1780553012323170560,1780553013323170560,Inter Token Latency,ms,max,88.27
15,1780553012323170560,1780553013323170560,Inter Token Latency,ms,sum,88.27
15,1780553012323170560,1780553013323170560,Inter Token Latency,ms,p1,88.27
15,1780553012323170560,1780553013323170560,Inter Token Latency,ms,p5,88.27
15,1780553012323170560,1780553013323170560,Inter Token Latency,ms,p10,88.27
15,1780553012323170560,1780553013323170560,Inter Token Latency,ms,p25,88.27
15,1780553012323170560,1780553013323170560,Inter Token Latency,ms,p50,88.27
15,1780553012323170560,1780553013323170560,Inter Token Latency,ms,p75,88.27
15,1780553012323170560,1780553013323170560,Inter Token Latency,ms,p90,88.27
15,1780553012323170560,1780553013323170560,Inter Token Latency,ms,p95,88.27
15,1780553012323170560,1780553013323170560,Inter Token Latency,ms,p99,88.27
15,1780553012323170560,1780553013323170560,Inter Token Latency,ms,std,0.00
15,1780553012323170560,1780553013323170560,Maximum Response Timestamp,ns,avg,1780553058769155584.00
15,1780553012323170560,1780553013323170560,Minimum Request Timestamp,ns,avg,1780553012423980032.00
15,1780553012323170560,1780553013323170560,OSL Mismatch Count,requests,avg,0.00
15,1780553012323170560,1780553013323170560,OSL Mismatch Diff %,%,avg,0.00
15,1780553012323170560,1780553013323170560,OSL Mismatch Diff %,%,min,0.00
15,1780553012323170560,1780553013323170560,OSL Mismatch Diff %,%,max,0.00
15,1780553012323170560,1780553013323170560,OSL Mismatch Diff %,%,sum,0.00
15,1780553012323170560,1780553013323170560,OSL Mismatch Diff %,%,p1,0.00
15,1780553012323170560,1780553013323170560,OSL Mismatch Diff %,%,p5,0.00
15,1780553012323170560,1780553013323170560,OSL Mismatch Diff %,%,p10,0.00
15,1780553012323170560,1780553013323170560,OSL Mismatch Diff %,%,p25,0.00
15,1780553012323170560,1780553013323170560,OSL Mismatch Diff %,%,p50,0.00
15,1780553012323170560,1780553013323170560,OSL Mismatch Diff %,%,p75,0.00
15,1780553012323170560,1780553013323170560,OSL Mismatch Diff %,%,p90,0.00
15,1780553012323170560,1780553013323170560,OSL Mismatch Diff %,%,p95,0.00
15,1780553012323170560,1780553013323170560,OSL Mismatch Diff %,%,p99,0.00
15,1780553012323170560,1780553013323170560,OSL Mismatch Diff %,%,std,0.00
15,1780553012323170560,1780553013323170560,Output Sequence Length,tokens,avg,376.00
15,1780553012323170560,1780553013323170560,Output Sequence Length,tokens,min,376.00
15,1780553012323170560,1780553013323170560,Output Sequence Length,tokens,max,376.00
15,1780553012323170560,1780553013323170560,Output Sequence Length,tokens,sum,376.00
15,1780553012323170560,1780553013323170560,Output Sequence Length,tokens,p1,376.00
15,1780553012323170560,1780553013323170560,Output Sequence Length,tokens,p5,376.00
15,1780553012323170560,1780553013323170560,Output Sequence Length,tokens,p10,376.00
15,1780553012323170560,1780553013323170560,Output Sequence Length,tokens,p25,376.00
15,1780553012323170560,1780553013323170560,Output Sequence Length,tokens,p50,376.00
15,1780553012323170560,1780553013323170560,Output Sequence Length,tokens,p75,376.00
15,1780553012323170560,1780553013323170560,Output Sequence Length,tokens,p90,376.00
15,1780553012323170560,1780553013323170560,Output Sequence Length,tokens,p95,376.00
15,1780553012323170560,1780553013323170560,Output Sequence Length,tokens,p99,376.00
15,1780553012323170560,1780553013323170560,Output Sequence Length,tokens,std,0.00
15,1780553012323170560,1780553013323170560,Output Token Count,tokens,avg,376.00
15,1780553012323170560,1780553013323170560,Output Token Count,tokens,min,376.00
15,1780553012323170560,1780553013323170560,Output Token Count,tokens,max,376.00
15,1780553012323170560,1780553013323170560,Output Token Count,tokens,sum,376.00
15,1780553012323170560,1780553013323170560,Output Token Count,tokens,p1,376.00
15,1780553012323170560,1780553013323170560,Output Token Count,tokens,p5,376.00
15,1780553012323170560,1780553013323170560,Output Token Count,tokens,p10,376.00
15,1780553012323170560,1780553013323170560,Output Token Count,tokens,p25,376.00
15,1780553012323170560,1780553013323170560,Output Token Count,tokens,p50,376.00
15,1780553012323170560,1780553013323170560,Output Token Count,tokens,p75,376.00
15,1780553012323170560,1780553013323170560,Output Token Count,tokens,p90,376.00
15,1780553012323170560,1780553013323170560,Output Token Count,tokens,p95,376.00
15,1780553012323170560,1780553013323170560,Output Token Count,tokens,p99,376.00
15,1780553012323170560,1780553013323170560,Output Token Count,tokens,std,0.00
15,1780553012323170560,1780553013323170560,Output Token Throughput,tokens/sec,avg,376.00
15,1780553012323170560,1780553013323170560,Output Token Throughput Per User,tokens/sec/user,avg,11.33
15,1780553012323170560,1780553013323170560,Output Token Throughput Per User,tokens/sec/user,min,11.33
15,1780553012323170560,1780553013323170560,Output Token Throughput Per User,tokens/sec/user,max,11.33
15,1780553012323170560,1780553013323170560,Output Token Throughput Per User,tokens/sec/user,sum,11.33
15,1780553012323170560,1780553013323170560,Output Token Throughput Per User,tokens/sec/user,p1,11.33
15,1780553012323170560,1780553013323170560,Output Token Throughput Per User,tokens/sec/user,p5,11.33
15,1780553012323170560,1780553013323170560,Output Token Throughput Per User,tokens/sec/user,p10,11.33
15,1780553012323170560,1780553013323170560,Output Token Throughput Per User,tokens/sec/user,p25,11.33
15,1780553012323170560,1780553013323170560,Output Token Throughput Per User,tokens/sec/user,p50,11.33
15,1780553012323170560,1780553013323170560,Output Token Throughput Per User,tokens/sec/user,p75,11.33
15,1780553012323170560,1780553013323170560,Output Token Throughput Per User,tokens/sec/user,p90,11.33
15,1780553012323170560,1780553013323170560,Output Token Throughput Per User,tokens/sec/user,p95,11.33
15,1780553012323170560,1780553013323170560,Output Token Throughput Per User,tokens/sec/user,p99,11.33
15,1780553012323170560,1780553013323170560,Output Token Throughput Per User,tokens/sec/user,std,0.00
15,1780553012323170560,1780553013323170560,Prefill Throughput Per User,tokens/sec/user,avg,6350.90
15,1780553012323170560,1780553013323170560,Prefill Throughput Per User,tokens/sec/user,min,6350.90
15,1780553012323170560,1780553013323170560,Prefill Throughput Per User,tokens/sec/user,max,6350.90
15,1780553012323170560,1780553013323170560,Prefill Throughput Per User,tokens/sec/user,sum,6350.90
15,1780553012323170560,1780553013323170560,Prefill Throughput Per User,tokens/sec/user,p1,6350.90
15,1780553012323170560,1780553013323170560,Prefill Throughput Per User,tokens/sec/user,p5,6350.90
15,1780553012323170560,1780553013323170560,Prefill Throughput Per User,tokens/sec/user,p10,6350.90
15,1780553012323170560,1780553013323170560,Prefill Throughput Per User,tokens/sec/user,p25,6350.90
15,1780553012323170560,1780553013323170560,Prefill Throughput Per User,tokens/sec/user,p50,6350.90
15,1780553012323170560,1780553013323170560,Prefill Throughput Per User,tokens/sec/user,p75,6350.90
15,1780553012323170560,1780553013323170560,Prefill Throughput Per User,tokens/sec/user,p90,6350.90
15,1780553012323170560,1780553013323170560,Prefill Throughput Per User,tokens/sec/user,p95,6350.90
15,1780553012323170560,1780553013323170560,Prefill Throughput Per User,tokens/sec/user,p99,6350.90
15,1780553012323170560,1780553013323170560,Prefill Throughput Per User,tokens/sec/user,std,0.00
15,1780553012323170560,1780553013323170560,Request Count,requests,avg,1.00
15,1780553012323170560,1780553013323170560,Request Latency,ms,avg,46345.18
15,1780553012323170560,1780553013323170560,Request Latency,ms,min,46345.18
15,1780553012323170560,1780553013323170560,Request Latency,ms,max,46345.18
15,1780553012323170560,1780553013323170560,Request Latency,ms,sum,46345.18
15,1780553012323170560,1780553013323170560,Request Latency,ms,p1,46345.18
15,1780553012323170560,1780553013323170560,Request Latency,ms,p5,46345.18
15,1780553012323170560,1780553013323170560,Request Latency,ms,p10,46345.18
15,1780553012323170560,1780553013323170560,Request Latency,ms,p25,46345.18
15,1780553012323170560,1780553013323170560,Request Latency,ms,p50,46345.18
15,1780553012323170560,1780553013323170560,Request Latency,ms,p75,46345.18
15,1780553012323170560,1780553013323170560,Request Latency,ms,p90,46345.18
15,1780553012323170560,1780553013323170560,Request Latency,ms,p95,46345.18
15,1780553012323170560,1780553013323170560,Request Latency,ms,p99,46345.18
15,1780553012323170560,1780553013323170560,Request Latency,ms,std,0.00
15,1780553012323170560,1780553013323170560,Request Throughput,requests/sec,avg,1.00
15,1780553012323170560,1780553013323170560,Requested OSL,tokens,avg,376.00
15,1780553012323170560,1780553013323170560,Requested OSL,tokens,min,376.00
15,1780553012323170560,1780553013323170560,Requested OSL,tokens,max,376.00
15,1780553012323170560,1780553013323170560,Requested OSL,tokens,sum,376.00
15,1780553012323170560,1780553013323170560,Requested OSL,tokens,p1,376.00
15,1780553012323170560,1780553013323170560,Requested OSL,tokens,p5,376.00
15,1780553012323170560,1780553013323170560,Requested OSL,tokens,p10,376.00
15,1780553012323170560,1780553013323170560,Requested OSL,tokens,p25,376.00
15,1780553012323170560,1780553013323170560,Requested OSL,tokens,p50,376.00
15,1780553012323170560,1780553013323170560,Requested OSL,tokens,p75,376.00
15,1780553012323170560,1780553013323170560,Requested OSL,tokens,p90,376.00
15,1780553012323170560,1780553013323170560,Requested OSL,tokens,p95,376.00
15,1780553012323170560,1780553013323170560,Requested OSL,tokens,p99,376.00
15,1780553012323170560,1780553013323170560,Requested OSL,tokens,std,0.00
15,1780553012323170560,1780553013323170560,Time to First Output Token,ms,avg,13245.37
15,1780553012323170560,1780553013323170560,Time to First Output Token,ms,min,13245.37
15,1780553012323170560,1780553013323170560,Time to First Output Token,ms,max,13245.37
15,1780553012323170560,1780553013323170560,Time to First Output Token,ms,sum,13245.37
15,1780553012323170560,1780553013323170560,Time to First Output Token,ms,p1,13245.37
15,1780553012323170560,1780553013323170560,Time to First Output Token,ms,p5,13245.37
15,1780553012323170560,1780553013323170560,Time to First Output Token,ms,p10,13245.37
15,1780553012323170560,1780553013323170560,Time to First Output Token,ms,p25,13245.37
15,1780553012323170560,1780553013323170560,Time to First Output Token,ms,p50,13245.37
15,1780553012323170560,1780553013323170560,Time to First Output Token,ms,p75,13245.37
15,1780553012323170560,1780553013323170560,Time to First Output Token,ms,p90,13245.37
15,1780553012323170560,1780553013323170560,Time to First Output Token,ms,p95,13245.37
15,1780553012323170560,1780553013323170560,Time to First Output Token,ms,p99,13245.37
15,1780553012323170560,1780553013323170560,Time to First Output Token,ms,std,0.00
15,1780553012323170560,1780553013323170560,Time to First Token,ms,avg,13245.37
15,1780553012323170560,1780553013323170560,Time to First Token,ms,min,13245.37
15,1780553012323170560,1780553013323170560,Time to First Token,ms,max,13245.37
15,1780553012323170560,1780553013323170560,Time to First Token,ms,sum,13245.37
15,1780553012323170560,1780553013323170560,Time to First Token,ms,p1,13245.37
15,1780553012323170560,1780553013323170560,Time to First Token,ms,p5,13245.37
15,1780553012323170560,1780553013323170560,Time to First Token,ms,p10,13245.37
15,1780553012323170560,1780553013323170560,Time to First Token,ms,p25,13245.37
15,1780553012323170560,1780553013323170560,Time to First Token,ms,p50,13245.37
15,1780553012323170560,1780553013323170560,Time to First Token,ms,p75,13245.37
15,1780553012323170560,1780553013323170560,Time to First Token,ms,p90,13245.37
15,1780553012323170560,1780553013323170560,Time to First Token,ms,p95,13245.37
15,1780553012323170560,1780553013323170560,Time to First Token,ms,p99,13245.37
15,1780553012323170560,1780553013323170560,Time to First Token,ms,std,0.00
15,1780553012323170560,1780553013323170560,Time to Second Token,ms,avg,0.61
15,1780553012323170560,1780553013323170560,Time to Second Token,ms,min,0.61
15,1780553012323170560,1780553013323170560,Time to Second Token,ms,max,0.61
15,1780553012323170560,1780553013323170560,Time to Second Token,ms,sum,0.61
15,1780553012323170560,1780553013323170560,Time to Second Token,ms,p1,0.61
15,1780553012323170560,1780553013323170560,Time to Second Token,ms,p5,0.61
15,1780553012323170560,1780553013323170560,Time to Second Token,ms,p10,0.61
15,1780553012323170560,1780553013323170560,Time to Second Token,ms,p25,0.61
15,1780553012323170560,1780553013323170560,Time to Second Token,ms,p50,0.61
15,1780553012323170560,1780553013323170560,Time to Second Token,ms,p75,0.61
15,1780553012323170560,1780553013323170560,Time to Second Token,ms,p90,0.61
15,1780553012323170560,1780553013323170560,Time to Second Token,ms,p95,0.61
15,1780553012323170560,1780553013323170560,Time to Second Token,ms,p99,0.61
15,1780553012323170560,1780553013323170560,Time to Second Token,ms,std,0.00
15,1780553012323170560,1780553013323170560,Tokens In Flight,tokens,avg,1312411.52
15,1780553012323170560,1780553013323170560,Tokens In Flight,tokens,min,1236725.80
15,1780553012323170560,1780553013323170560,Tokens In Flight,tokens,max,1320935.14
15,1780553012323170560,1780553013323170560,Tokens In Flight,tokens,p50,1320892.23
15,1780553012323170560,1780553013323170560,Tokens In Flight,tokens,p90,1320925.17
15,1780553012323170560,1780553013323170560,Tokens In Flight,tokens,p95,1320930.65
15,1780553012323170560,1780553013323170560,Tokens In Flight,tokens,p99,1320933.36
15,1780553012323170560,1780553013323170560,Tokens In Flight,tokens,std,25340.46
15,1780553012323170560,1780553013323170560,Total Input Sequence Length,tokens,avg,84120.00
15,1780553012323170560,1780553013323170560,Total Output Sequence Length,tokens,avg,376.00
15,1780553012323170560,1780553013323170560,Total Output Tokens,tokens,avg,376.00
15,1780553012323170560,1780553013323170560,Total Token Throughput,tokens/sec,avg,84496.00
15,1780553012323170560,1780553013323170560,Total Usage Completion Tokens,tokens,avg,376.00
15,1780553012323170560,1780553013323170560,Total Usage Prompt Tokens,tokens,avg,84120.00
15,1780553012323170560,1780553013323170560,Total Usage Total Tokens,tokens,avg,84496.00
15,1780553012323170560,1780553013323170560,Usage Completion Tokens,tokens,avg,376.00
15,1780553012323170560,1780553013323170560,Usage Completion Tokens,tokens,min,376.00
15,1780553012323170560,1780553013323170560,Usage Completion Tokens,tokens,max,376.00
15,1780553012323170560,1780553013323170560,Usage Completion Tokens,tokens,sum,376.00
15,1780553012323170560,1780553013323170560,Usage Completion Tokens,tokens,p1,376.00
15,1780553012323170560,1780553013323170560,Usage Completion Tokens,tokens,p5,376.00
15,1780553012323170560,1780553013323170560,Usage Completion Tokens,tokens,p10,376.00
15,1780553012323170560,1780553013323170560,Usage Completion Tokens,tokens,p25,376.00
15,1780553012323170560,1780553013323170560,Usage Completion Tokens,tokens,p50,376.00
15,1780553012323170560,1780553013323170560,Usage Completion Tokens,tokens,p75,376.00
15,1780553012323170560,1780553013323170560,Usage Completion Tokens,tokens,p90,376.00
15,1780553012323170560,1780553013323170560,Usage Completion Tokens,tokens,p95,376.00
15,1780553012323170560,1780553013323170560,Usage Completion Tokens,tokens,p99,376.00
15,1780553012323170560,1780553013323170560,Usage Completion Tokens,tokens,std,0.00
15,1780553012323170560,1780553013323170560,Usage Prompt Tokens,tokens,avg,84120.00
15,1780553012323170560,1780553013323170560,Usage Prompt Tokens,tokens,min,84120.00
15,1780553012323170560,1780553013323170560,Usage Prompt Tokens,tokens,max,84120.00
15,1780553012323170560,1780553013323170560,Usage Prompt Tokens,tokens,sum,84120.00
15,1780553012323170560,1780553013323170560,Usage Prompt Tokens,tokens,p1,84120.00
15,1780553012323170560,1780553013323170560,Usage Prompt Tokens,tokens,p5,84120.00
15,1780553012323170560,1780553013323170560,Usage Prompt Tokens,tokens,p10,84120.00
15,1780553012323170560,1780553013323170560,Usage Prompt Tokens,tokens,p25,84120.00
15,1780553012323170560,1780553013323170560,Usage Prompt Tokens,tokens,p50,84120.00
15,1780553012323170560,1780553013323170560,Usage Prompt Tokens,tokens,p75,84120.00
15,1780553012323170560,1780553013323170560,Usage Prompt Tokens,tokens,p90,84120.00
15,1780553012323170560,1780553013323170560,Usage Prompt Tokens,tokens,p95,84120.00
15,1780553012323170560,1780553013323170560,Usage Prompt Tokens,tokens,p99,84120.00
15,1780553012323170560,1780553013323170560,Usage Prompt Tokens,tokens,std,0.00
15,1780553012323170560,1780553013323170560,Usage Total Tokens,tokens,avg,84496.00
15,1780553012323170560,1780553013323170560,Usage Total Tokens,tokens,min,84496.00
15,1780553012323170560,1780553013323170560,Usage Total Tokens,tokens,max,84496.00
15,1780553012323170560,1780553013323170560,Usage Total Tokens,tokens,sum,84496.00
15,1780553012323170560,1780553013323170560,Usage Total Tokens,tokens,p1,84496.00
15,1780553012323170560,1780553013323170560,Usage Total Tokens,tokens,p5,84496.00
15,1780553012323170560,1780553013323170560,Usage Total Tokens,tokens,p10,84496.00
15,1780553012323170560,1780553013323170560,Usage Total Tokens,tokens,p25,84496.00
15,1780553012323170560,1780553013323170560,Usage Total Tokens,tokens,p50,84496.00
15,1780553012323170560,1780553013323170560,Usage Total Tokens,tokens,p75,84496.00
15,1780553012323170560,1780553013323170560,Usage Total Tokens,tokens,p90,84496.00
15,1780553012323170560,1780553013323170560,Usage Total Tokens,tokens,p95,84496.00
15,1780553012323170560,1780553013323170560,Usage Total Tokens,tokens,p99,84496.00
15,1780553012323170560,1780553013323170560,Usage Total Tokens,tokens,std,0.00
16,1780553026323170560,1780553027323170560,Active Decode Throughput,tokens/sec,avg,125.26
16,1780553026323170560,1780553027323170560,Active Decode Throughput,tokens/sec,min,98.51
16,1780553026323170560,1780553027323170560,Active Decode Throughput,tokens/sec,max,152.02
16,1780553026323170560,1780553027323170560,Active Decode Throughput,tokens/sec,p50,125.26
16,1780553026323170560,1780553027323170560,Active Decode Throughput,tokens/sec,p90,125.27
16,1780553026323170560,1780553027323170560,Active Decode Throughput,tokens/sec,p95,125.27
16,1780553026323170560,1780553027323170560,Active Decode Throughput,tokens/sec,p99,125.27
16,1780553026323170560,1780553027323170560,Active Decode Throughput,tokens/sec,std,0.06
16,1780553026323170560,1780553027323170560,Active Decode Throughput Per User,tokens/sec/user,avg,8.96
16,1780553026323170560,1780553027323170560,Active Decode Throughput Per User,tokens/sec/user,min,7.04
16,1780553026323170560,1780553027323170560,Active Decode Throughput Per User,tokens/sec/user,max,11.66
16,1780553026323170560,1780553027323170560,Active Decode Throughput Per User,tokens/sec/user,p50,8.95
16,1780553026323170560,1780553027323170560,Active Decode Throughput Per User,tokens/sec/user,p90,8.95
16,1780553026323170560,1780553027323170560,Active Decode Throughput Per User,tokens/sec/user,p95,8.95
16,1780553026323170560,1780553027323170560,Active Decode Throughput Per User,tokens/sec/user,p99,9.63
16,1780553026323170560,1780553027323170560,Active Decode Throughput Per User,tokens/sec/user,std,0.10
16,1780553026323170560,1780553027323170560,Active Prefill Throughput,tokens/sec,avg,21647.04
16,1780553026323170560,1780553027323170560,Active Prefill Throughput,tokens/sec,min,21647.04
16,1780553026323170560,1780553027323170560,Active Prefill Throughput,tokens/sec,max,21647.04
16,1780553026323170560,1780553027323170560,Active Prefill Throughput,tokens/sec,p50,21647.04
16,1780553026323170560,1780553027323170560,Active Prefill Throughput,tokens/sec,p90,21647.04
16,1780553026323170560,1780553027323170560,Active Prefill Throughput,tokens/sec,p95,21647.04
16,1780553026323170560,1780553027323170560,Active Prefill Throughput,tokens/sec,p99,21647.04
16,1780553026323170560,1780553027323170560,Active Prefill Throughput,tokens/sec,std,0.00
16,1780553026323170560,1780553027323170560,Active Prefill Throughput Per User,tokens/sec/user,avg,21647.04
16,1780553026323170560,1780553027323170560,Active Prefill Throughput Per User,tokens/sec/user,min,21647.04
16,1780553026323170560,1780553027323170560,Active Prefill Throughput Per User,tokens/sec/user,max,21647.04
16,1780553026323170560,1780553027323170560,Active Prefill Throughput Per User,tokens/sec/user,p50,21647.04
16,1780553026323170560,1780553027323170560,Active Prefill Throughput Per User,tokens/sec/user,p90,21647.04
16,1780553026323170560,1780553027323170560,Active Prefill Throughput Per User,tokens/sec/user,p95,21647.04
16,1780553026323170560,1780553027323170560,Active Prefill Throughput Per User,tokens/sec/user,p99,21647.04
16,1780553026323170560,1780553027323170560,Active Prefill Throughput Per User,tokens/sec/user,std,0.00
16,1780553026323170560,1780553027323170560,Active Total Throughput,tokens/sec,avg,2917.94
16,1780553026323170560,1780553027323170560,Active Total Throughput,tokens/sec,min,80.33
16,1780553026323170560,1780553027323170560,Active Total Throughput,tokens/sec,max,21727.37
16,1780553026323170560,1780553027323170560,Active Total Throughput,tokens/sec,p50,80.33
16,1780553026323170560,1780553027323170560,Active Total Throughput,tokens/sec,p90,21727.37
16,1780553026323170560,1780553027323170560,Active Total Throughput,tokens/sec,p95,21727.37
16,1780553026323170560,1780553027323170560,Active Total Throughput,tokens/sec,p99,21727.37
16,1780553026323170560,1780553027323170560,Active Total Throughput,tokens/sec,std,7305.65
16,1780553026323170560,1780553027323170560,Benchmark Duration,sec,avg,3.44
16,1780553026323170560,1780553027323170560,E2E Output Token Throughput,tokens/sec/user,avg,2.62
16,1780553026323170560,1780553027323170560,E2E Output Token Throughput,tokens/sec/user,min,2.62
16,1780553026323170560,1780553027323170560,E2E Output Token Throughput,tokens/sec/user,max,2.62
16,1780553026323170560,1780553027323170560,E2E Output Token Throughput,tokens/sec/user,sum,2.62
16,1780553026323170560,1780553027323170560,E2E Output Token Throughput,tokens/sec/user,p1,2.62
16,1780553026323170560,1780553027323170560,E2E Output Token Throughput,tokens/sec/user,p5,2.62
16,1780553026323170560,1780553027323170560,E2E Output Token Throughput,tokens/sec/user,p10,2.62
16,1780553026323170560,1780553027323170560,E2E Output Token Throughput,tokens/sec/user,p25,2.62
16,1780553026323170560,1780553027323170560,E2E Output Token Throughput,tokens/sec/user,p50,2.62
16,1780553026323170560,1780553027323170560,E2E Output Token Throughput,tokens/sec/user,p75,2.62
16,1780553026323170560,1780553027323170560,E2E Output Token Throughput,tokens/sec/user,p90,2.62
16,1780553026323170560,1780553027323170560,E2E Output Token Throughput,tokens/sec/user,p95,2.62
16,1780553026323170560,1780553027323170560,E2E Output Token Throughput,tokens/sec/user,p99,2.62
16,1780553026323170560,1780553027323170560,E2E Output Token Throughput,tokens/sec/user,std,0.00
16,1780553026323170560,1780553027323170560,Effective Concurrency,requests,avg,14.11
16,1780553026323170560,1780553027323170560,Effective Concurrency,requests,min,14.00
16,1780553026323170560,1780553027323170560,Effective Concurrency,requests,max,15.00
16,1780553026323170560,1780553027323170560,Effective Concurrency,requests,p50,14.00
16,1780553026323170560,1780553027323170560,Effective Concurrency,requests,p90,15.00
16,1780553026323170560,1780553027323170560,Effective Concurrency,requests,p95,15.00
16,1780553026323170560,1780553027323170560,Effective Concurrency,requests,p99,15.00
16,1780553026323170560,1780553027323170560,Effective Concurrency,requests,std,0.31
16,1780553026323170560,1780553027323170560,Effective Decode Concurrency,requests,avg,13.98
16,1780553026323170560,1780553027323170560,Effective Decode Concurrency,requests,min,13.00
16,1780553026323170560,1780553027323170560,Effective Decode Concurrency,requests,max,14.00
16,1780553026323170560,1780553027323170560,Effective Decode Concurrency,requests,p50,14.00
16,1780553026323170560,1780553027323170560,Effective Decode Concurrency,requests,p90,14.00
16,1780553026323170560,1780553027323170560,Effective Decode Concurrency,requests,p95,14.00
16,1780553026323170560,1780553027323170560,Effective Decode Concurrency,requests,p99,14.00
16,1780553026323170560,1780553027323170560,Effective Decode Concurrency,requests,std,0.15
16,1780553026323170560,1780553027323170560,Effective Decode Throughput,tokens/sec,avg,125.26
16,1780553026323170560,1780553027323170560,Effective Decode Throughput,tokens/sec,min,98.51
16,1780553026323170560,1780553027323170560,Effective Decode Throughput,tokens/sec,max,152.02
16,1780553026323170560,1780553027323170560,Effective Decode Throughput,tokens/sec,p50,125.26
16,1780553026323170560,1780553027323170560,Effective Decode Throughput,tokens/sec,p90,125.27
16,1780553026323170560,1780553027323170560,Effective Decode Throughput,tokens/sec,p95,125.27
16,1780553026323170560,1780553027323170560,Effective Decode Throughput,tokens/sec,p99,125.27
16,1780553026323170560,1780553027323170560,Effective Decode Throughput,tokens/sec,std,0.06
16,1780553026323170560,1780553027323170560,Effective Decode Throughput Per User,tokens/sec/user,avg,8.96
16,1780553026323170560,1780553027323170560,Effective Decode Throughput Per User,tokens/sec/user,min,7.04
16,1780553026323170560,1780553027323170560,Effective Decode Throughput Per User,tokens/sec/user,max,11.66
16,1780553026323170560,1780553027323170560,Effective Decode Throughput Per User,tokens/sec/user,p50,8.95
16,1780553026323170560,1780553027323170560,Effective Decode Throughput Per User,tokens/sec/user,p90,8.95
16,1780553026323170560,1780553027323170560,Effective Decode Throughput Per User,tokens/sec/user,p95,8.95
16,1780553026323170560,1780553027323170560,Effective Decode Throughput Per User,tokens/sec/user,p99,9.63
16,1780553026323170560,1780553027323170560,Effective Decode Throughput Per User,tokens/sec/user,std,0.10
16,1780553026323170560,1780553027323170560,Effective Prefill Concurrency,requests,avg,0.13
16,1780553026323170560,1780553027323170560,Effective Prefill Concurrency,requests,min,0.00
16,1780553026323170560,1780553027323170560,Effective Prefill Concurrency,requests,max,1.00
16,1780553026323170560,1780553027323170560,Effective Prefill Concurrency,requests,p50,0.00
16,1780553026323170560,1780553027323170560,Effective Prefill Concurrency,requests,p90,1.00
16,1780553026323170560,1780553027323170560,Effective Prefill Concurrency,requests,p95,1.00
16,1780553026323170560,1780553027323170560,Effective Prefill Concurrency,requests,p99,1.00
16,1780553026323170560,1780553027323170560,Effective Prefill Concurrency,requests,std,0.34
16,1780553026323170560,1780553027323170560,Effective Prefill Throughput,tokens/sec,avg,2837.67
16,1780553026323170560,1780553027323170560,Effective Prefill Throughput,tokens/sec,min,0.00
16,1780553026323170560,1780553027323170560,Effective Prefill Throughput,tokens/sec,max,21647.04
16,1780553026323170560,1780553027323170560,Effective Prefill Throughput,tokens/sec,p50,0.00
16,1780553026323170560,1780553027323170560,Effective Prefill Throughput,tokens/sec,p90,21647.04
16,1780553026323170560,1780553027323170560,Effective Prefill Throughput,tokens/sec,p95,21647.04
16,1780553026323170560,1780553027323170560,Effective Prefill Throughput,tokens/sec,p99,21647.04
16,1780553026323170560,1780553027323170560,Effective Prefill Throughput,tokens/sec,std,7305.81
16,1780553026323170560,1780553027323170560,Effective Prefill Throughput Per User,tokens/sec/user,avg,2837.67
16,1780553026323170560,1780553027323170560,Effective Prefill Throughput Per User,tokens/sec/user,min,0.00
16,1780553026323170560,1780553027323170560,Effective Prefill Throughput Per User,tokens/sec/user,max,21647.04
16,1780553026323170560,1780553027323170560,Effective Prefill Throughput Per User,tokens/sec/user,p50,0.00
16,1780553026323170560,1780553027323170560,Effective Prefill Throughput Per User,tokens/sec/user,p90,21647.04
16,1780553026323170560,1780553027323170560,Effective Prefill Throughput Per User,tokens/sec/user,p95,21647.04
16,1780553026323170560,1780553027323170560,Effective Prefill Throughput Per User,tokens/sec/user,p99,21647.04
16,1780553026323170560,1780553027323170560,Effective Prefill Throughput Per User,tokens/sec/user,std,7305.81
16,1780553026323170560,1780553027323170560,Effective Total Throughput,tokens/sec,avg,2917.94
16,1780553026323170560,1780553027323170560,Effective Total Throughput,tokens/sec,min,80.33
16,1780553026323170560,1780553027323170560,Effective Total Throughput,tokens/sec,max,21727.37
16,1780553026323170560,1780553027323170560,Effective Total Throughput,tokens/sec,p50,80.33
16,1780553026323170560,1780553027323170560,Effective Total Throughput,tokens/sec,p90,21727.37
16,1780553026323170560,1780553027323170560,Effective Total Throughput,tokens/sec,p95,21727.37
16,1780553026323170560,1780553027323170560,Effective Total Throughput,tokens/sec,p99,21727.37
16,1780553026323170560,1780553027323170560,Effective Total Throughput,tokens/sec,std,7305.65
16,1780553026323170560,1780553027323170560,HTTP Blocked,ms,avg,0.00
16,1780553026323170560,1780553027323170560,HTTP Blocked,ms,min,0.00
16,1780553026323170560,1780553027323170560,HTTP Blocked,ms,max,0.00
16,1780553026323170560,1780553027323170560,HTTP Blocked,ms,sum,0.00
16,1780553026323170560,1780553027323170560,HTTP Blocked,ms,p1,0.00
16,1780553026323170560,1780553027323170560,HTTP Blocked,ms,p5,0.00
16,1780553026323170560,1780553027323170560,HTTP Blocked,ms,p10,0.00
16,1780553026323170560,1780553027323170560,HTTP Blocked,ms,p25,0.00
16,1780553026323170560,1780553027323170560,HTTP Blocked,ms,p50,0.00
16,1780553026323170560,1780553027323170560,HTTP Blocked,ms,p75,0.00
16,1780553026323170560,1780553027323170560,HTTP Blocked,ms,p90,0.00
16,1780553026323170560,1780553027323170560,HTTP Blocked,ms,p95,0.00
16,1780553026323170560,1780553027323170560,HTTP Blocked,ms,p99,0.00
16,1780553026323170560,1780553027323170560,HTTP Blocked,ms,std,0.00
16,1780553026323170560,1780553027323170560,HTTP Chunks Received,count,avg,9.00
16,1780553026323170560,1780553027323170560,HTTP Chunks Received,count,min,9.00
16,1780553026323170560,1780553027323170560,HTTP Chunks Received,count,max,9.00
16,1780553026323170560,1780553027323170560,HTTP Chunks Received,count,sum,9.00
16,1780553026323170560,1780553027323170560,HTTP Chunks Received,count,p1,9.00
16,1780553026323170560,1780553027323170560,HTTP Chunks Received,count,p5,9.00
16,1780553026323170560,1780553027323170560,HTTP Chunks Received,count,p10,9.00
16,1780553026323170560,1780553027323170560,HTTP Chunks Received,count,p25,9.00
16,1780553026323170560,1780553027323170560,HTTP Chunks Received,count,p50,9.00
16,1780553026323170560,1780553027323170560,HTTP Chunks Received,count,p75,9.00
16,1780553026323170560,1780553027323170560,HTTP Chunks Received,count,p90,9.00
16,1780553026323170560,1780553027323170560,HTTP Chunks Received,count,p95,9.00
16,1780553026323170560,1780553027323170560,HTTP Chunks Received,count,p99,9.00
16,1780553026323170560,1780553027323170560,HTTP Chunks Received,count,std,0.00
16,1780553026323170560,1780553027323170560,HTTP Chunks Sent,count,avg,1.00
16,1780553026323170560,1780553027323170560,HTTP Chunks Sent,count,min,1.00
16,1780553026323170560,1780553027323170560,HTTP Chunks Sent,count,max,1.00
16,1780553026323170560,1780553027323170560,HTTP Chunks Sent,count,sum,1.00
16,1780553026323170560,1780553027323170560,HTTP Chunks Sent,count,p1,1.00
16,1780553026323170560,1780553027323170560,HTTP Chunks Sent,count,p5,1.00
16,1780553026323170560,1780553027323170560,HTTP Chunks Sent,count,p10,1.00
16,1780553026323170560,1780553027323170560,HTTP Chunks Sent,count,p25,1.00
16,1780553026323170560,1780553027323170560,HTTP Chunks Sent,count,p50,1.00
16,1780553026323170560,1780553027323170560,HTTP Chunks Sent,count,p75,1.00
16,1780553026323170560,1780553027323170560,HTTP Chunks Sent,count,p90,1.00
16,1780553026323170560,1780553027323170560,HTTP Chunks Sent,count,p95,1.00
16,1780553026323170560,1780553027323170560,HTTP Chunks Sent,count,p99,1.00
16,1780553026323170560,1780553027323170560,HTTP Chunks Sent,count,std,0.00
16,1780553026323170560,1780553027323170560,HTTP Connecting,ms,avg,0.69
16,1780553026323170560,1780553027323170560,HTTP Connecting,ms,min,0.69
16,1780553026323170560,1780553027323170560,HTTP Connecting,ms,max,0.69
16,1780553026323170560,1780553027323170560,HTTP Connecting,ms,sum,0.69
16,1780553026323170560,1780553027323170560,HTTP Connecting,ms,p1,0.69
16,1780553026323170560,1780553027323170560,HTTP Connecting,ms,p5,0.69
16,1780553026323170560,1780553027323170560,HTTP Connecting,ms,p10,0.69
16,1780553026323170560,1780553027323170560,HTTP Connecting,ms,p25,0.69
16,1780553026323170560,1780553027323170560,HTTP Connecting,ms,p50,0.69
16,1780553026323170560,1780553027323170560,HTTP Connecting,ms,p75,0.69
16,1780553026323170560,1780553027323170560,HTTP Connecting,ms,p90,0.69
16,1780553026323170560,1780553027323170560,HTTP Connecting,ms,p95,0.69
16,1780553026323170560,1780553027323170560,HTTP Connecting,ms,p99,0.69
16,1780553026323170560,1780553027323170560,HTTP Connecting,ms,std,0.00
16,1780553026323170560,1780553027323170560,HTTP Connection Overhead,ms,avg,0.69
16,1780553026323170560,1780553027323170560,HTTP Connection Overhead,ms,min,0.69
16,1780553026323170560,1780553027323170560,HTTP Connection Overhead,ms,max,0.69
16,1780553026323170560,1780553027323170560,HTTP Connection Overhead,ms,sum,0.69
16,1780553026323170560,1780553027323170560,HTTP Connection Overhead,ms,p1,0.69
16,1780553026323170560,1780553027323170560,HTTP Connection Overhead,ms,p5,0.69
16,1780553026323170560,1780553027323170560,HTTP Connection Overhead,ms,p10,0.69
16,1780553026323170560,1780553027323170560,HTTP Connection Overhead,ms,p25,0.69
16,1780553026323170560,1780553027323170560,HTTP Connection Overhead,ms,p50,0.69
16,1780553026323170560,1780553027323170560,HTTP Connection Overhead,ms,p75,0.69
16,1780553026323170560,1780553027323170560,HTTP Connection Overhead,ms,p90,0.69
16,1780553026323170560,1780553027323170560,HTTP Connection Overhead,ms,p95,0.69
16,1780553026323170560,1780553027323170560,HTTP Connection Overhead,ms,p99,0.69
16,1780553026323170560,1780553027323170560,HTTP Connection Overhead,ms,std,0.00
16,1780553026323170560,1780553027323170560,HTTP Connection Reused,ratio,avg,0.00
16,1780553026323170560,1780553027323170560,HTTP Connection Reused,ratio,min,0.00
16,1780553026323170560,1780553027323170560,HTTP Connection Reused,ratio,max,0.00
16,1780553026323170560,1780553027323170560,HTTP Connection Reused,ratio,sum,0.00
16,1780553026323170560,1780553027323170560,HTTP Connection Reused,ratio,p1,0.00
16,1780553026323170560,1780553027323170560,HTTP Connection Reused,ratio,p5,0.00
16,1780553026323170560,1780553027323170560,HTTP Connection Reused,ratio,p10,0.00
16,1780553026323170560,1780553027323170560,HTTP Connection Reused,ratio,p25,0.00
16,1780553026323170560,1780553027323170560,HTTP Connection Reused,ratio,p50,0.00
16,1780553026323170560,1780553027323170560,HTTP Connection Reused,ratio,p75,0.00
16,1780553026323170560,1780553027323170560,HTTP Connection Reused,ratio,p90,0.00
16,1780553026323170560,1780553027323170560,HTTP Connection Reused,ratio,p95,0.00
16,1780553026323170560,1780553027323170560,HTTP Connection Reused,ratio,p99,0.00
16,1780553026323170560,1780553027323170560,HTTP Connection Reused,ratio,std,0.00
16,1780553026323170560,1780553027323170560,HTTP Data Received,KB,avg,2.85
16,1780553026323170560,1780553027323170560,HTTP Data Received,KB,min,2.85
16,1780553026323170560,1780553027323170560,HTTP Data Received,KB,max,2.85
16,1780553026323170560,1780553027323170560,HTTP Data Received,KB,sum,2.85
16,1780553026323170560,1780553027323170560,HTTP Data Received,KB,p1,2.85
16,1780553026323170560,1780553027323170560,HTTP Data Received,KB,p5,2.85
16,1780553026323170560,1780553027323170560,HTTP Data Received,KB,p10,2.85
16,1780553026323170560,1780553027323170560,HTTP Data Received,KB,p25,2.85
16,1780553026323170560,1780553027323170560,HTTP Data Received,KB,p50,2.85
16,1780553026323170560,1780553027323170560,HTTP Data Received,KB,p75,2.85
16,1780553026323170560,1780553027323170560,HTTP Data Received,KB,p90,2.85
16,1780553026323170560,1780553027323170560,HTTP Data Received,KB,p95,2.85
16,1780553026323170560,1780553027323170560,HTTP Data Received,KB,p99,2.85
16,1780553026323170560,1780553027323170560,HTTP Data Received,KB,std,0.00
16,1780553026323170560,1780553027323170560,HTTP Data Sent,KB,avg,247.77
16,1780553026323170560,1780553027323170560,HTTP Data Sent,KB,min,247.77
16,1780553026323170560,1780553027323170560,HTTP Data Sent,KB,max,247.77
16,1780553026323170560,1780553027323170560,HTTP Data Sent,KB,sum,247.77
16,1780553026323170560,1780553027323170560,HTTP Data Sent,KB,p1,247.77
16,1780553026323170560,1780553027323170560,HTTP Data Sent,KB,p5,247.77
16,1780553026323170560,1780553027323170560,HTTP Data Sent,KB,p10,247.77
16,1780553026323170560,1780553027323170560,HTTP Data Sent,KB,p25,247.77
16,1780553026323170560,1780553027323170560,HTTP Data Sent,KB,p50,247.77
16,1780553026323170560,1780553027323170560,HTTP Data Sent,KB,p75,247.77
16,1780553026323170560,1780553027323170560,HTTP Data Sent,KB,p90,247.77
16,1780553026323170560,1780553027323170560,HTTP Data Sent,KB,p95,247.77
16,1780553026323170560,1780553027323170560,HTTP Data Sent,KB,p99,247.77
16,1780553026323170560,1780553027323170560,HTTP Data Sent,KB,std,0.00
16,1780553026323170560,1780553027323170560,HTTP DNS Lookup,ms,avg,0.00
16,1780553026323170560,1780553027323170560,HTTP DNS Lookup,ms,min,0.00
16,1780553026323170560,1780553027323170560,HTTP DNS Lookup,ms,max,0.00
16,1780553026323170560,1780553027323170560,HTTP DNS Lookup,ms,sum,0.00
16,1780553026323170560,1780553027323170560,HTTP DNS Lookup,ms,p1,0.00
16,1780553026323170560,1780553027323170560,HTTP DNS Lookup,ms,p5,0.00
16,1780553026323170560,1780553027323170560,HTTP DNS Lookup,ms,p10,0.00
16,1780553026323170560,1780553027323170560,HTTP DNS Lookup,ms,p25,0.00
16,1780553026323170560,1780553027323170560,HTTP DNS Lookup,ms,p50,0.00
16,1780553026323170560,1780553027323170560,HTTP DNS Lookup,ms,p75,0.00
16,1780553026323170560,1780553027323170560,HTTP DNS Lookup,ms,p90,0.00
16,1780553026323170560,1780553027323170560,HTTP DNS Lookup,ms,p95,0.00
16,1780553026323170560,1780553027323170560,HTTP DNS Lookup,ms,p99,0.00
16,1780553026323170560,1780553027323170560,HTTP DNS Lookup,ms,std,0.00
16,1780553026323170560,1780553027323170560,HTTP Duration (excl. conn),ms,avg,3436.76
16,1780553026323170560,1780553027323170560,HTTP Duration (excl. conn),ms,min,3436.76
16,1780553026323170560,1780553027323170560,HTTP Duration (excl. conn),ms,max,3436.76
16,1780553026323170560,1780553027323170560,HTTP Duration (excl. conn),ms,sum,3436.76
16,1780553026323170560,1780553027323170560,HTTP Duration (excl. conn),ms,p1,3436.76
16,1780553026323170560,1780553027323170560,HTTP Duration (excl. conn),ms,p5,3436.76
16,1780553026323170560,1780553027323170560,HTTP Duration (excl. conn),ms,p10,3436.76
16,1780553026323170560,1780553027323170560,HTTP Duration (excl. conn),ms,p25,3436.76
16,1780553026323170560,1780553027323170560,HTTP Duration (excl. conn),ms,p50,3436.76
16,1780553026323170560,1780553027323170560,HTTP Duration (excl. conn),ms,p75,3436.76
16,1780553026323170560,1780553027323170560,HTTP Duration (excl. conn),ms,p90,3436.76
16,1780553026323170560,1780553027323170560,HTTP Duration (excl. conn),ms,p95,3436.76
16,1780553026323170560,1780553027323170560,HTTP Duration (excl. conn),ms,p99,3436.76
16,1780553026323170560,1780553027323170560,HTTP Duration (excl. conn),ms,std,0.00
16,1780553026323170560,1780553027323170560,HTTP Receiving,ms,avg,469.61
16,1780553026323170560,1780553027323170560,HTTP Receiving,ms,min,469.61
16,1780553026323170560,1780553027323170560,HTTP Receiving,ms,max,469.61
16,1780553026323170560,1780553027323170560,HTTP Receiving,ms,sum,469.61
16,1780553026323170560,1780553027323170560,HTTP Receiving,ms,p1,469.61
16,1780553026323170560,1780553027323170560,HTTP Receiving,ms,p5,469.61
16,1780553026323170560,1780553027323170560,HTTP Receiving,ms,p10,469.61
16,1780553026323170560,1780553027323170560,HTTP Receiving,ms,p25,469.61
16,1780553026323170560,1780553027323170560,HTTP Receiving,ms,p50,469.61
16,1780553026323170560,1780553027323170560,HTTP Receiving,ms,p75,469.61
16,1780553026323170560,1780553027323170560,HTTP Receiving,ms,p90,469.61
16,1780553026323170560,1780553027323170560,HTTP Receiving,ms,p95,469.61
16,1780553026323170560,1780553027323170560,HTTP Receiving,ms,p99,469.61
16,1780553026323170560,1780553027323170560,HTTP Receiving,ms,std,0.00
16,1780553026323170560,1780553027323170560,HTTP Sending,ms,avg,0.99
16,1780553026323170560,1780553027323170560,HTTP Sending,ms,min,0.99
16,1780553026323170560,1780553027323170560,HTTP Sending,ms,max,0.99
16,1780553026323170560,1780553027323170560,HTTP Sending,ms,sum,0.99
16,1780553026323170560,1780553027323170560,HTTP Sending,ms,p1,0.99
16,1780553026323170560,1780553027323170560,HTTP Sending,ms,p5,0.99
16,1780553026323170560,1780553027323170560,HTTP Sending,ms,p10,0.99
16,1780553026323170560,1780553027323170560,HTTP Sending,ms,p25,0.99
16,1780553026323170560,1780553027323170560,HTTP Sending,ms,p50,0.99
16,1780553026323170560,1780553027323170560,HTTP Sending,ms,p75,0.99
16,1780553026323170560,1780553027323170560,HTTP Sending,ms,p90,0.99
16,1780553026323170560,1780553027323170560,HTTP Sending,ms,p95,0.99
16,1780553026323170560,1780553027323170560,HTTP Sending,ms,p99,0.99
16,1780553026323170560,1780553027323170560,HTTP Sending,ms,std,0.00
16,1780553026323170560,1780553027323170560,HTTP Total Time,ms,avg,3437.45
16,1780553026323170560,1780553027323170560,HTTP Total Time,ms,min,3437.45
16,1780553026323170560,1780553027323170560,HTTP Total Time,ms,max,3437.45
16,1780553026323170560,1780553027323170560,HTTP Total Time,ms,sum,3437.45
16,1780553026323170560,1780553027323170560,HTTP Total Time,ms,p1,3437.45
16,1780553026323170560,1780553027323170560,HTTP Total Time,ms,p5,3437.45
16,1780553026323170560,1780553027323170560,HTTP Total Time,ms,p10,3437.45
16,1780553026323170560,1780553027323170560,HTTP Total Time,ms,p25,3437.45
16,1780553026323170560,1780553027323170560,HTTP Total Time,ms,p50,3437.45
16,1780553026323170560,1780553027323170560,HTTP Total Time,ms,p75,3437.45
16,1780553026323170560,1780553027323170560,HTTP Total Time,ms,p90,3437.45
16,1780553026323170560,1780553027323170560,HTTP Total Time,ms,p95,3437.45
16,1780553026323170560,1780553027323170560,HTTP Total Time,ms,p99,3437.45
16,1780553026323170560,1780553027323170560,HTTP Total Time,ms,std,0.00
16,1780553026323170560,1780553027323170560,HTTP Waiting (TTFB),ms,avg,2966.17
16,1780553026323170560,1780553027323170560,HTTP Waiting (TTFB),ms,min,2966.17
16,1780553026323170560,1780553027323170560,HTTP Waiting (TTFB),ms,max,2966.17
16,1780553026323170560,1780553027323170560,HTTP Waiting (TTFB),ms,sum,2966.17
16,1780553026323170560,1780553027323170560,HTTP Waiting (TTFB),ms,p1,2966.17
16,1780553026323170560,1780553027323170560,HTTP Waiting (TTFB),ms,p5,2966.17
16,1780553026323170560,1780553027323170560,HTTP Waiting (TTFB),ms,p10,2966.17
16,1780553026323170560,1780553027323170560,HTTP Waiting (TTFB),ms,p25,2966.17
16,1780553026323170560,1780553027323170560,HTTP Waiting (TTFB),ms,p50,2966.17
16,1780553026323170560,1780553027323170560,HTTP Waiting (TTFB),ms,p75,2966.17
16,1780553026323170560,1780553027323170560,HTTP Waiting (TTFB),ms,p90,2966.17
16,1780553026323170560,1780553027323170560,HTTP Waiting (TTFB),ms,p95,2966.17
16,1780553026323170560,1780553027323170560,HTTP Waiting (TTFB),ms,p99,2966.17
16,1780553026323170560,1780553027323170560,HTTP Waiting (TTFB),ms,std,0.00
16,1780553026323170560,1780553027323170560,Input Sequence Length,tokens,avg,64233.00
16,1780553026323170560,1780553027323170560,Input Sequence Length,tokens,min,64233.00
16,1780553026323170560,1780553027323170560,Input Sequence Length,tokens,max,64233.00
16,1780553026323170560,1780553027323170560,Input Sequence Length,tokens,sum,64233.00
16,1780553026323170560,1780553027323170560,Input Sequence Length,tokens,p1,64233.00
16,1780553026323170560,1780553027323170560,Input Sequence Length,tokens,p5,64233.00
16,1780553026323170560,1780553027323170560,Input Sequence Length,tokens,p10,64233.00
16,1780553026323170560,1780553027323170560,Input Sequence Length,tokens,p25,64233.00
16,1780553026323170560,1780553027323170560,Input Sequence Length,tokens,p50,64233.00
16,1780553026323170560,1780553027323170560,Input Sequence Length,tokens,p75,64233.00
16,1780553026323170560,1780553027323170560,Input Sequence Length,tokens,p90,64233.00
16,1780553026323170560,1780553027323170560,Input Sequence Length,tokens,p95,64233.00
16,1780553026323170560,1780553027323170560,Input Sequence Length,tokens,p99,64233.00
16,1780553026323170560,1780553027323170560,Input Sequence Length,tokens,std,0.00
16,1780553026323170560,1780553027323170560,Input Token Throughput,tokens/sec,avg,64233.00
16,1780553026323170560,1780553027323170560,Inter Chunk Latency,ms,avg,0.85
16,1780553026323170560,1780553027323170560,Inter Chunk Latency,ms,min,0.84
16,1780553026323170560,1780553027323170560,Inter Chunk Latency,ms,max,0.86
16,1780553026323170560,1780553027323170560,Inter Chunk Latency,ms,sum,6.80
16,1780553026323170560,1780553027323170560,Inter Chunk Latency,ms,p1,0.84
16,1780553026323170560,1780553027323170560,Inter Chunk Latency,ms,p5,0.84
16,1780553026323170560,1780553027323170560,Inter Chunk Latency,ms,p10,0.84
16,1780553026323170560,1780553027323170560,Inter Chunk Latency,ms,p25,0.84
16,1780553026323170560,1780553027323170560,Inter Chunk Latency,ms,p50,0.85
16,1780553026323170560,1780553027323170560,Inter Chunk Latency,ms,p75,0.86
16,1780553026323170560,1780553027323170560,Inter Chunk Latency,ms,p90,0.86
16,1780553026323170560,1780553027323170560,Inter Chunk Latency,ms,p95,0.86
16,1780553026323170560,1780553027323170560,Inter Chunk Latency,ms,p99,0.86
16,1780553026323170560,1780553027323170560,Inter Chunk Latency,ms,std,0.01
16,1780553026323170560,1780553027323170560,Inter Token Latency,ms,avg,58.70
16,1780553026323170560,1780553027323170560,Inter Token Latency,ms,min,58.70
16,1780553026323170560,1780553027323170560,Inter Token Latency,ms,max,58.70
16,1780553026323170560,1780553027323170560,Inter Token Latency,ms,sum,58.70
16,1780553026323170560,1780553027323170560,Inter Token Latency,ms,p1,58.70
16,1780553026323170560,1780553027323170560,Inter Token Latency,ms,p5,58.70
16,1780553026323170560,1780553027323170560,Inter Token Latency,ms,p10,58.70
16,1780553026323170560,1780553027323170560,Inter Token Latency,ms,p25,58.70
16,1780553026323170560,1780553027323170560,Inter Token Latency,ms,p50,58.70
16,1780553026323170560,1780553027323170560,Inter Token Latency,ms,p75,58.70
16,1780553026323170560,1780553027323170560,Inter Token Latency,ms,p90,58.70
16,1780553026323170560,1780553027323170560,Inter Token Latency,ms,p95,58.70
16,1780553026323170560,1780553027323170560,Inter Token Latency,ms,p99,58.70
16,1780553026323170560,1780553027323170560,Inter Token Latency,ms,std,0.00
16,1780553026323170560,1780553027323170560,Maximum Response Timestamp,ns,avg,1780553030628973824.00
16,1780553026323170560,1780553027323170560,Minimum Request Timestamp,ns,avg,1780553027192082432.00
16,1780553026323170560,1780553027323170560,OSL Mismatch Count,requests,avg,0.00
16,1780553026323170560,1780553027323170560,OSL Mismatch Diff %,%,avg,0.00
16,1780553026323170560,1780553027323170560,OSL Mismatch Diff %,%,min,0.00
16,1780553026323170560,1780553027323170560,OSL Mismatch Diff %,%,max,0.00
16,1780553026323170560,1780553027323170560,OSL Mismatch Diff %,%,sum,0.00
16,1780553026323170560,1780553027323170560,OSL Mismatch Diff %,%,p1,0.00
16,1780553026323170560,1780553027323170560,OSL Mismatch Diff %,%,p5,0.00
16,1780553026323170560,1780553027323170560,OSL Mismatch Diff %,%,p10,0.00
16,1780553026323170560,1780553027323170560,OSL Mismatch Diff %,%,p25,0.00
16,1780553026323170560,1780553027323170560,OSL Mismatch Diff %,%,p50,0.00
16,1780553026323170560,1780553027323170560,OSL Mismatch Diff %,%,p75,0.00
16,1780553026323170560,1780553027323170560,OSL Mismatch Diff %,%,p90,0.00
16,1780553026323170560,1780553027323170560,OSL Mismatch Diff %,%,p95,0.00
16,1780553026323170560,1780553027323170560,OSL Mismatch Diff %,%,p99,0.00
16,1780553026323170560,1780553027323170560,OSL Mismatch Diff %,%,std,0.00
16,1780553026323170560,1780553027323170560,Output Sequence Length,tokens,avg,9.00
16,1780553026323170560,1780553027323170560,Output Sequence Length,tokens,min,9.00
16,1780553026323170560,1780553027323170560,Output Sequence Length,tokens,max,9.00
16,1780553026323170560,1780553027323170560,Output Sequence Length,tokens,sum,9.00
16,1780553026323170560,1780553027323170560,Output Sequence Length,tokens,p1,9.00
16,1780553026323170560,1780553027323170560,Output Sequence Length,tokens,p5,9.00
16,1780553026323170560,1780553027323170560,Output Sequence Length,tokens,p10,9.00
16,1780553026323170560,1780553027323170560,Output Sequence Length,tokens,p25,9.00
16,1780553026323170560,1780553027323170560,Output Sequence Length,tokens,p50,9.00
16,1780553026323170560,1780553027323170560,Output Sequence Length,tokens,p75,9.00
16,1780553026323170560,1780553027323170560,Output Sequence Length,tokens,p90,9.00
16,1780553026323170560,1780553027323170560,Output Sequence Length,tokens,p95,9.00
16,1780553026323170560,1780553027323170560,Output Sequence Length,tokens,p99,9.00
16,1780553026323170560,1780553027323170560,Output Sequence Length,tokens,std,0.00
16,1780553026323170560,1780553027323170560,Output Token Count,tokens,avg,9.00
16,1780553026323170560,1780553027323170560,Output Token Count,tokens,min,9.00
16,1780553026323170560,1780553027323170560,Output Token Count,tokens,max,9.00
16,1780553026323170560,1780553027323170560,Output Token Count,tokens,sum,9.00
16,1780553026323170560,1780553027323170560,Output Token Count,tokens,p1,9.00
16,1780553026323170560,1780553027323170560,Output Token Count,tokens,p5,9.00
16,1780553026323170560,1780553027323170560,Output Token Count,tokens,p10,9.00
16,1780553026323170560,1780553027323170560,Output Token Count,tokens,p25,9.00
16,1780553026323170560,1780553027323170560,Output Token Count,tokens,p50,9.00
16,1780553026323170560,1780553027323170560,Output Token Count,tokens,p75,9.00
16,1780553026323170560,1780553027323170560,Output Token Count,tokens,p90,9.00
16,1780553026323170560,1780553027323170560,Output Token Count,tokens,p95,9.00
16,1780553026323170560,1780553027323170560,Output Token Count,tokens,p99,9.00
16,1780553026323170560,1780553027323170560,Output Token Count,tokens,std,0.00
16,1780553026323170560,1780553027323170560,Output Token Throughput,tokens/sec,avg,9.00
16,1780553026323170560,1780553027323170560,Output Token Throughput Per User,tokens/sec/user,avg,17.04
16,1780553026323170560,1780553027323170560,Output Token Throughput Per User,tokens/sec/user,min,17.04
16,1780553026323170560,1780553027323170560,Output Token Throughput Per User,tokens/sec/user,max,17.04
16,1780553026323170560,1780553027323170560,Output Token Throughput Per User,tokens/sec/user,sum,17.04
16,1780553026323170560,1780553027323170560,Output Token Throughput Per User,tokens/sec/user,p1,17.04
16,1780553026323170560,1780553027323170560,Output Token Throughput Per User,tokens/sec/user,p5,17.04
16,1780553026323170560,1780553027323170560,Output Token Throughput Per User,tokens/sec/user,p10,17.04
16,1780553026323170560,1780553027323170560,Output Token Throughput Per User,tokens/sec/user,p25,17.04
16,1780553026323170560,1780553027323170560,Output Token Throughput Per User,tokens/sec/user,p50,17.04
16,1780553026323170560,1780553027323170560,Output Token Throughput Per User,tokens/sec/user,p75,17.04
16,1780553026323170560,1780553027323170560,Output Token Throughput Per User,tokens/sec/user,p90,17.04
16,1780553026323170560,1780553027323170560,Output Token Throughput Per User,tokens/sec/user,p95,17.04
16,1780553026323170560,1780553027323170560,Output Token Throughput Per User,tokens/sec/user,p99,17.04
16,1780553026323170560,1780553027323170560,Output Token Throughput Per User,tokens/sec/user,std,0.00
16,1780553026323170560,1780553027323170560,Prefill Throughput Per User,tokens/sec/user,avg,21647.04
16,1780553026323170560,1780553027323170560,Prefill Throughput Per User,tokens/sec/user,min,21647.04
16,1780553026323170560,1780553027323170560,Prefill Throughput Per User,tokens/sec/user,max,21647.04
16,1780553026323170560,1780553027323170560,Prefill Throughput Per User,tokens/sec/user,sum,21647.04
16,1780553026323170560,1780553027323170560,Prefill Throughput Per User,tokens/sec/user,p1,21647.04
16,1780553026323170560,1780553027323170560,Prefill Throughput Per User,tokens/sec/user,p5,21647.04
16,1780553026323170560,1780553027323170560,Prefill Throughput Per User,tokens/sec/user,p10,21647.04
16,1780553026323170560,1780553027323170560,Prefill Throughput Per User,tokens/sec/user,p25,21647.04
16,1780553026323170560,1780553027323170560,Prefill Throughput Per User,tokens/sec/user,p50,21647.04
16,1780553026323170560,1780553027323170560,Prefill Throughput Per User,tokens/sec/user,p75,21647.04
16,1780553026323170560,1780553027323170560,Prefill Throughput Per User,tokens/sec/user,p90,21647.04
16,1780553026323170560,1780553027323170560,Prefill Throughput Per User,tokens/sec/user,p95,21647.04
16,1780553026323170560,1780553027323170560,Prefill Throughput Per User,tokens/sec/user,p99,21647.04
16,1780553026323170560,1780553027323170560,Prefill Throughput Per User,tokens/sec/user,std,0.00
16,1780553026323170560,1780553027323170560,Request Count,requests,avg,1.00
16,1780553026323170560,1780553027323170560,Request Latency,ms,avg,3436.89
16,1780553026323170560,1780553027323170560,Request Latency,ms,min,3436.89
16,1780553026323170560,1780553027323170560,Request Latency,ms,max,3436.89
16,1780553026323170560,1780553027323170560,Request Latency,ms,sum,3436.89
16,1780553026323170560,1780553027323170560,Request Latency,ms,p1,3436.89
16,1780553026323170560,1780553027323170560,Request Latency,ms,p5,3436.89
16,1780553026323170560,1780553027323170560,Request Latency,ms,p10,3436.89
16,1780553026323170560,1780553027323170560,Request Latency,ms,p25,3436.89
16,1780553026323170560,1780553027323170560,Request Latency,ms,p50,3436.89
16,1780553026323170560,1780553027323170560,Request Latency,ms,p75,3436.89
16,1780553026323170560,1780553027323170560,Request Latency,ms,p90,3436.89
16,1780553026323170560,1780553027323170560,Request Latency,ms,p95,3436.89
16,1780553026323170560,1780553027323170560,Request Latency,ms,p99,3436.89
16,1780553026323170560,1780553027323170560,Request Latency,ms,std,0.00
16,1780553026323170560,1780553027323170560,Request Throughput,requests/sec,avg,1.00
16,1780553026323170560,1780553027323170560,Requested OSL,tokens,avg,9.00
16,1780553026323170560,1780553027323170560,Requested OSL,tokens,min,9.00
16,1780553026323170560,1780553027323170560,Requested OSL,tokens,max,9.00
16,1780553026323170560,1780553027323170560,Requested OSL,tokens,sum,9.00
16,1780553026323170560,1780553027323170560,Requested OSL,tokens,p1,9.00
16,1780553026323170560,1780553027323170560,Requested OSL,tokens,p5,9.00
16,1780553026323170560,1780553027323170560,Requested OSL,tokens,p10,9.00
16,1780553026323170560,1780553027323170560,Requested OSL,tokens,p25,9.00
16,1780553026323170560,1780553027323170560,Requested OSL,tokens,p50,9.00
16,1780553026323170560,1780553027323170560,Requested OSL,tokens,p75,9.00
16,1780553026323170560,1780553027323170560,Requested OSL,tokens,p90,9.00
16,1780553026323170560,1780553027323170560,Requested OSL,tokens,p95,9.00
16,1780553026323170560,1780553027323170560,Requested OSL,tokens,p99,9.00
16,1780553026323170560,1780553027323170560,Requested OSL,tokens,std,0.00
16,1780553026323170560,1780553027323170560,Time to First Output Token,ms,avg,2967.29
16,1780553026323170560,1780553027323170560,Time to First Output Token,ms,min,2967.29
16,1780553026323170560,1780553027323170560,Time to First Output Token,ms,max,2967.29
16,1780553026323170560,1780553027323170560,Time to First Output Token,ms,sum,2967.29
16,1780553026323170560,1780553027323170560,Time to First Output Token,ms,p1,2967.29
16,1780553026323170560,1780553027323170560,Time to First Output Token,ms,p5,2967.29
16,1780553026323170560,1780553027323170560,Time to First Output Token,ms,p10,2967.29
16,1780553026323170560,1780553027323170560,Time to First Output Token,ms,p25,2967.29
16,1780553026323170560,1780553027323170560,Time to First Output Token,ms,p50,2967.29
16,1780553026323170560,1780553027323170560,Time to First Output Token,ms,p75,2967.29
16,1780553026323170560,1780553027323170560,Time to First Output Token,ms,p90,2967.29
16,1780553026323170560,1780553027323170560,Time to First Output Token,ms,p95,2967.29
16,1780553026323170560,1780553027323170560,Time to First Output Token,ms,p99,2967.29
16,1780553026323170560,1780553027323170560,Time to First Output Token,ms,std,0.00
16,1780553026323170560,1780553027323170560,Time to First Token,ms,avg,2967.29
16,1780553026323170560,1780553027323170560,Time to First Token,ms,min,2967.29
16,1780553026323170560,1780553027323170560,Time to First Token,ms,max,2967.29
16,1780553026323170560,1780553027323170560,Time to First Token,ms,sum,2967.29
16,1780553026323170560,1780553027323170560,Time to First Token,ms,p1,2967.29
16,1780553026323170560,1780553027323170560,Time to First Token,ms,p5,2967.29
16,1780553026323170560,1780553027323170560,Time to First Token,ms,p10,2967.29
16,1780553026323170560,1780553027323170560,Time to First Token,ms,p25,2967.29
16,1780553026323170560,1780553027323170560,Time to First Token,ms,p50,2967.29
16,1780553026323170560,1780553027323170560,Time to First Token,ms,p75,2967.29
16,1780553026323170560,1780553027323170560,Time to First Token,ms,p90,2967.29
16,1780553026323170560,1780553027323170560,Time to First Token,ms,p95,2967.29
16,1780553026323170560,1780553027323170560,Time to First Token,ms,p99,2967.29
16,1780553026323170560,1780553027323170560,Time to First Token,ms,std,0.00
16,1780553026323170560,1780553027323170560,Time to Second Token,ms,avg,8.90
16,1780553026323170560,1780553027323170560,Time to Second Token,ms,min,8.90
16,1780553026323170560,1780553027323170560,Time to Second Token,ms,max,8.90
16,1780553026323170560,1780553027323170560,Time to Second Token,ms,sum,8.90
16,1780553026323170560,1780553027323170560,Time to Second Token,ms,p1,8.90
16,1780553026323170560,1780553027323170560,Time to Second Token,ms,p5,8.90
16,1780553026323170560,1780553027323170560,Time to Second Token,ms,p10,8.90
16,1780553026323170560,1780553027323170560,Time to Second Token,ms,p25,8.90
16,1780553026323170560,1780553027323170560,Time to Second Token,ms,p50,8.90
16,1780553026323170560,1780553027323170560,Time to Second Token,ms,p75,8.90
16,1780553026323170560,1780553027323170560,Time to Second Token,ms,p90,8.90
16,1780553026323170560,1780553027323170560,Time to Second Token,ms,p95,8.90
16,1780553026323170560,1780553027323170560,Time to Second Token,ms,p99,8.90
16,1780553026323170560,1780553027323170560,Time to Second Token,ms,std,0.00
16,1780553026323170560,1780553027323170560,Tokens In Flight,tokens,avg,1265150.58
16,1780553026323170560,1780553027323170560,Tokens In Flight,tokens,min,1257815.34
16,1780553026323170560,1780553027323170560,Tokens In Flight,tokens,max,1322488.34
16,1780553026323170560,1780553027323170560,Tokens In Flight,tokens,p50,1258194.13
16,1780553026323170560,1780553027323170560,Tokens In Flight,tokens,p90,1322477.06
16,1780553026323170560,1780553027323170560,Tokens In Flight,tokens,p95,1322482.85
16,1780553026323170560,1780553027323170560,Tokens In Flight,tokens,p99,1322487.34
16,1780553026323170560,1780553027323170560,Tokens In Flight,tokens,std,19992.92
16,1780553026323170560,1780553027323170560,Total Input Sequence Length,tokens,avg,64233.00
16,1780553026323170560,1780553027323170560,Total Output Sequence Length,tokens,avg,9.00
16,1780553026323170560,1780553027323170560,Total Output Tokens,tokens,avg,9.00
16,1780553026323170560,1780553027323170560,Total Token Throughput,tokens/sec,avg,64242.00
16,1780553026323170560,1780553027323170560,Total Usage Completion Tokens,tokens,avg,9.00
16,1780553026323170560,1780553027323170560,Total Usage Prompt Tokens,tokens,avg,64233.00
16,1780553026323170560,1780553027323170560,Total Usage Total Tokens,tokens,avg,64242.00
16,1780553026323170560,1780553027323170560,Usage Completion Tokens,tokens,avg,9.00
16,1780553026323170560,1780553027323170560,Usage Completion Tokens,tokens,min,9.00
16,1780553026323170560,1780553027323170560,Usage Completion Tokens,tokens,max,9.00
16,1780553026323170560,1780553027323170560,Usage Completion Tokens,tokens,sum,9.00
16,1780553026323170560,1780553027323170560,Usage Completion Tokens,tokens,p1,9.00
16,1780553026323170560,1780553027323170560,Usage Completion Tokens,tokens,p5,9.00
16,1780553026323170560,1780553027323170560,Usage Completion Tokens,tokens,p10,9.00
16,1780553026323170560,1780553027323170560,Usage Completion Tokens,tokens,p25,9.00
16,1780553026323170560,1780553027323170560,Usage Completion Tokens,tokens,p50,9.00
16,1780553026323170560,1780553027323170560,Usage Completion Tokens,tokens,p75,9.00
16,1780553026323170560,1780553027323170560,Usage Completion Tokens,tokens,p90,9.00
16,1780553026323170560,1780553027323170560,Usage Completion Tokens,tokens,p95,9.00
16,1780553026323170560,1780553027323170560,Usage Completion Tokens,tokens,p99,9.00
16,1780553026323170560,1780553027323170560,Usage Completion Tokens,tokens,std,0.00
16,1780553026323170560,1780553027323170560,Usage Prompt Tokens,tokens,avg,64233.00
16,1780553026323170560,1780553027323170560,Usage Prompt Tokens,tokens,min,64233.00
16,1780553026323170560,1780553027323170560,Usage Prompt Tokens,tokens,max,64233.00
16,1780553026323170560,1780553027323170560,Usage Prompt Tokens,tokens,sum,64233.00
16,1780553026323170560,1780553027323170560,Usage Prompt Tokens,tokens,p1,64233.00
16,1780553026323170560,1780553027323170560,Usage Prompt Tokens,tokens,p5,64233.00
16,1780553026323170560,1780553027323170560,Usage Prompt Tokens,tokens,p10,64233.00
16,1780553026323170560,1780553027323170560,Usage Prompt Tokens,tokens,p25,64233.00
16,1780553026323170560,1780553027323170560,Usage Prompt Tokens,tokens,p50,64233.00
16,1780553026323170560,1780553027323170560,Usage Prompt Tokens,tokens,p75,64233.00
16,1780553026323170560,1780553027323170560,Usage Prompt Tokens,tokens,p90,64233.00
16,1780553026323170560,1780553027323170560,Usage Prompt Tokens,tokens,p95,64233.00
16,1780553026323170560,1780553027323170560,Usage Prompt Tokens,tokens,p99,64233.00
16,1780553026323170560,1780553027323170560,Usage Prompt Tokens,tokens,std,0.00
16,1780553026323170560,1780553027323170560,Usage Total Tokens,tokens,avg,64242.00
16,1780553026323170560,1780553027323170560,Usage Total Tokens,tokens,min,64242.00
16,1780553026323170560,1780553027323170560,Usage Total Tokens,tokens,max,64242.00
16,1780553026323170560,1780553027323170560,Usage Total Tokens,tokens,sum,64242.00
16,1780553026323170560,1780553027323170560,Usage Total Tokens,tokens,p1,64242.00
16,1780553026323170560,1780553027323170560,Usage Total Tokens,tokens,p5,64242.00
16,1780553026323170560,1780553027323170560,Usage Total Tokens,tokens,p10,64242.00
16,1780553026323170560,1780553027323170560,Usage Total Tokens,tokens,p25,64242.00
16,1780553026323170560,1780553027323170560,Usage Total Tokens,tokens,p50,64242.00
16,1780553026323170560,1780553027323170560,Usage Total Tokens,tokens,p75,64242.00
16,1780553026323170560,1780553027323170560,Usage Total Tokens,tokens,p90,64242.00
16,1780553026323170560,1780553027323170560,Usage Total Tokens,tokens,p95,64242.00
16,1780553026323170560,1780553027323170560,Usage Total Tokens,tokens,p99,64242.00
16,1780553026323170560,1780553027323170560,Usage Total Tokens,tokens,std,0.00
17,1780553029323170560,1780553030323170560,Active Decode Throughput,tokens/sec,avg,133.21
17,1780553029323170560,1780553030323170560,Active Decode Throughput,tokens/sec,min,98.46
17,1780553029323170560,1780553030323170560,Active Decode Throughput,tokens/sec,max,2469.42
17,1780553029323170560,1780553030323170560,Active Decode Throughput,tokens/sec,p50,125.21
17,1780553029323170560,1780553030323170560,Active Decode Throughput,tokens/sec,p90,125.22
17,1780553029323170560,1780553030323170560,Active Decode Throughput,tokens/sec,p95,125.22
17,1780553029323170560,1780553030323170560,Active Decode Throughput,tokens/sec,p99,125.22
17,1780553029323170560,1780553030323170560,Active Decode Throughput,tokens/sec,std,96.66
17,1780553029323170560,1780553030323170560,Active Decode Throughput Per User,tokens/sec/user,avg,10.09
17,1780553029323170560,1780553030323170560,Active Decode Throughput Per User,tokens/sec/user,min,7.57
17,1780553029323170560,1780553030323170560,Active Decode Throughput Per User,tokens/sec/user,max,176.39
17,1780553029323170560,1780553030323170560,Active Decode Throughput Per User,tokens/sec/user,p50,9.63
17,1780553029323170560,1780553030323170560,Active Decode Throughput Per User,tokens/sec/user,p90,9.63
17,1780553029323170560,1780553030323170560,Active Decode Throughput Per User,tokens/sec/user,p95,9.63
17,1780553029323170560,1780553030323170560,Active Decode Throughput Per User,tokens/sec/user,p99,9.63
17,1780553029323170560,1780553030323170560,Active Decode Throughput Per User,tokens/sec/user,std,6.86
17,1780553029323170560,1780553030323170560,Active Prefill Throughput,tokens/sec,avg,21728.96
17,1780553029323170560,1780553030323170560,Active Prefill Throughput,tokens/sec,min,19927.49
17,1780553029323170560,1780553030323170560,Active Prefill Throughput,tokens/sec,max,41574.53
17,1780553029323170560,1780553030323170560,Active Prefill Throughput,tokens/sec,p50,21647.04
17,1780553029323170560,1780553030323170560,Active Prefill Throughput,tokens/sec,p90,21647.04
17,1780553029323170560,1780553030323170560,Active Prefill Throughput,tokens/sec,p95,21647.04
17,1780553029323170560,1780553030323170560,Active Prefill Throughput,tokens/sec,p99,41574.53
17,1780553029323170560,1780553030323170560,Active Prefill Throughput,tokens/sec,std,2779.00
17,1780553029323170560,1780553030323170560,Active Prefill Throughput Per User,tokens/sec/user,avg,21349.69
17,1780553029323170560,1780553030323170560,Active Prefill Throughput Per User,tokens/sec/user,min,19927.49
17,1780553029323170560,1780553030323170560,Active Prefill Throughput Per User,tokens/sec/user,max,21647.04
17,1780553029323170560,1780553030323170560,Active Prefill Throughput Per User,tokens/sec/user,p50,21647.04
17,1780553029323170560,1780553030323170560,Active Prefill Throughput Per User,tokens/sec/user,p90,21647.04
17,1780553029323170560,1780553030323170560,Active Prefill Throughput Per User,tokens/sec/user,p95,21647.04
17,1780553029323170560,1780553030323170560,Active Prefill Throughput Per User,tokens/sec/user,p99,21647.04
17,1780553029323170560,1780553030323170560,Active Prefill Throughput Per User,tokens/sec/user,std,639.85
17,1780553029323170560,1780553030323170560,Active Total Throughput,tokens/sec,avg,21809.45
17,1780553029323170560,1780553030323170560,Active Total Throughput,tokens/sec,min,20022.23
17,1780553029323170560,1780553030323170560,Active Total Throughput,tokens/sec,max,41652.24
17,1780553029323170560,1780553030323170560,Active Total Throughput,tokens/sec,p50,21724.75
17,1780553029323170560,1780553030323170560,Active Total Throughput,tokens/sec,p90,21724.75
17,1780553029323170560,1780553030323170560,Active Total Throughput,tokens/sec,p95,21724.75
17,1780553029323170560,1780553030323170560,Active Total Throughput,tokens/sec,p99,41652.24
17,1780553029323170560,1780553030323170560,Active Total Throughput,tokens/sec,std,2777.20
17,1780553029323170560,1780553030323170560,Benchmark Duration,sec,avg,39.16
17,1780553029323170560,1780553030323170560,E2E Output Token Throughput,tokens/sec/user,avg,11.70
17,1780553029323170560,1780553030323170560,E2E Output Token Throughput,tokens/sec/user,min,11.70
17,1780553029323170560,1780553030323170560,E2E Output Token Throughput,tokens/sec/user,max,11.70
17,1780553029323170560,1780553030323170560,E2E Output Token Throughput,tokens/sec/user,sum,11.70
17,1780553029323170560,1780553030323170560,E2E Output Token Throughput,tokens/sec/user,p1,11.70
17,1780553029323170560,1780553030323170560,E2E Output Token Throughput,tokens/sec/user,p5,11.70
17,1780553029323170560,1780553030323170560,E2E Output Token Throughput,tokens/sec/user,p10,11.70
17,1780553029323170560,1780553030323170560,E2E Output Token Throughput,tokens/sec/user,p25,11.70
17,1780553029323170560,1780553030323170560,E2E Output Token Throughput,tokens/sec/user,p50,11.70
17,1780553029323170560,1780553030323170560,E2E Output Token Throughput,tokens/sec/user,p75,11.70
17,1780553029323170560,1780553030323170560,E2E Output Token Throughput,tokens/sec/user,p90,11.70
17,1780553029323170560,1780553030323170560,E2E Output Token Throughput,tokens/sec/user,p95,11.70
17,1780553029323170560,1780553030323170560,E2E Output Token Throughput,tokens/sec/user,p99,11.70
17,1780553029323170560,1780553030323170560,E2E Output Token Throughput,tokens/sec/user,std,0.00
17,1780553029323170560,1780553030323170560,Effective Concurrency,requests,avg,14.18
17,1780553029323170560,1780553030323170560,Effective Concurrency,requests,min,14.00
17,1780553029323170560,1780553030323170560,Effective Concurrency,requests,max,15.00
17,1780553029323170560,1780553030323170560,Effective Concurrency,requests,p50,14.00
17,1780553029323170560,1780553030323170560,Effective Concurrency,requests,p90,15.00
17,1780553029323170560,1780553030323170560,Effective Concurrency,requests,p95,15.00
17,1780553029323170560,1780553030323170560,Effective Concurrency,requests,p99,15.00
17,1780553029323170560,1780553030323170560,Effective Concurrency,requests,std,0.39
17,1780553029323170560,1780553030323170560,Effective Decode Concurrency,requests,avg,13.16
17,1780553029323170560,1780553030323170560,Effective Decode Concurrency,requests,min,13.00
17,1780553029323170560,1780553030323170560,Effective Decode Concurrency,requests,max,14.00
17,1780553029323170560,1780553030323170560,Effective Decode Concurrency,requests,p50,13.00
17,1780553029323170560,1780553030323170560,Effective Decode Concurrency,requests,p90,14.00
17,1780553029323170560,1780553030323170560,Effective Decode Concurrency,requests,p95,14.00
17,1780553029323170560,1780553030323170560,Effective Decode Concurrency,requests,p99,14.00
17,1780553029323170560,1780553030323170560,Effective Decode Concurrency,requests,std,0.37
17,1780553029323170560,1780553030323170560,Effective Decode Throughput,tokens/sec,avg,133.21
17,1780553029323170560,1780553030323170560,Effective Decode Throughput,tokens/sec,min,98.46
17,1780553029323170560,1780553030323170560,Effective Decode Throughput,tokens/sec,max,2469.42
17,1780553029323170560,1780553030323170560,Effective Decode Throughput,tokens/sec,p50,125.21
17,1780553029323170560,1780553030323170560,Effective Decode Throughput,tokens/sec,p90,125.22
17,1780553029323170560,1780553030323170560,Effective Decode Throughput,tokens/sec,p95,125.22
17,1780553029323170560,1780553030323170560,Effective Decode Throughput,tokens/sec,p99,125.22
17,1780553029323170560,1780553030323170560,Effective Decode Throughput,tokens/sec,std,96.66
17,1780553029323170560,1780553030323170560,Effective Decode Throughput Per User,tokens/sec/user,avg,10.09
17,1780553029323170560,1780553030323170560,Effective Decode Throughput Per User,tokens/sec/user,min,7.57
17,1780553029323170560,1780553030323170560,Effective Decode Throughput Per User,tokens/sec/user,max,176.39
17,1780553029323170560,1780553030323170560,Effective Decode Throughput Per User,tokens/sec/user,p50,9.63
17,1780553029323170560,1780553030323170560,Effective Decode Throughput Per User,tokens/sec/user,p90,9.63
17,1780553029323170560,1780553030323170560,Effective Decode Throughput Per User,tokens/sec/user,p95,9.63
17,1780553029323170560,1780553030323170560,Effective Decode Throughput Per User,tokens/sec/user,p99,9.63
17,1780553029323170560,1780553030323170560,Effective Decode Throughput Per User,tokens/sec/user,std,6.86
17,1780553029323170560,1780553030323170560,Effective Prefill Concurrency,requests,avg,1.02
17,1780553029323170560,1780553030323170560,Effective Prefill Concurrency,requests,min,1.00
17,1780553029323170560,1780553030323170560,Effective Prefill Concurrency,requests,max,2.00
17,1780553029323170560,1780553030323170560,Effective Prefill Concurrency,requests,p50,1.00
17,1780553029323170560,1780553030323170560,Effective Prefill Concurrency,requests,p90,1.00
17,1780553029323170560,1780553030323170560,Effective Prefill Concurrency,requests,p95,1.00
17,1780553029323170560,1780553030323170560,Effective Prefill Concurrency,requests,p99,2.00
17,1780553029323170560,1780553030323170560,Effective Prefill Concurrency,requests,std,0.13
17,1780553029323170560,1780553030323170560,Effective Prefill Throughput,tokens/sec,avg,21728.96
17,1780553029323170560,1780553030323170560,Effective Prefill Throughput,tokens/sec,min,19927.49
17,1780553029323170560,1780553030323170560,Effective Prefill Throughput,tokens/sec,max,41574.53
17,1780553029323170560,1780553030323170560,Effective Prefill Throughput,tokens/sec,p50,21647.04
17,1780553029323170560,1780553030323170560,Effective Prefill Throughput,tokens/sec,p90,21647.04
17,1780553029323170560,1780553030323170560,Effective Prefill Throughput,tokens/sec,p95,21647.04
17,1780553029323170560,1780553030323170560,Effective Prefill Throughput,tokens/sec,p99,41574.53
17,1780553029323170560,1780553030323170560,Effective Prefill Throughput,tokens/sec,std,2779.00
17,1780553029323170560,1780553030323170560,Effective Prefill Throughput Per User,tokens/sec/user,avg,21349.69
17,1780553029323170560,1780553030323170560,Effective Prefill Throughput Per User,tokens/sec/user,min,19927.49
17,1780553029323170560,1780553030323170560,Effective Prefill Throughput Per User,tokens/sec/user,max,21647.04
17,1780553029323170560,1780553030323170560,Effective Prefill Throughput Per User,tokens/sec/user,p50,21647.04
17,1780553029323170560,1780553030323170560,Effective Prefill Throughput Per User,tokens/sec/user,p90,21647.04
17,1780553029323170560,1780553030323170560,Effective Prefill Throughput Per User,tokens/sec/user,p95,21647.04
17,1780553029323170560,1780553030323170560,Effective Prefill Throughput Per User,tokens/sec/user,p99,21647.04
17,1780553029323170560,1780553030323170560,Effective Prefill Throughput Per User,tokens/sec/user,std,639.85
17,1780553029323170560,1780553030323170560,Effective Total Throughput,tokens/sec,avg,21809.45
17,1780553029323170560,1780553030323170560,Effective Total Throughput,tokens/sec,min,20022.23
17,1780553029323170560,1780553030323170560,Effective Total Throughput,tokens/sec,max,41652.24
17,1780553029323170560,1780553030323170560,Effective Total Throughput,tokens/sec,p50,21724.75
17,1780553029323170560,1780553030323170560,Effective Total Throughput,tokens/sec,p90,21724.75
17,1780553029323170560,1780553030323170560,Effective Total Throughput,tokens/sec,p95,21724.75
17,1780553029323170560,1780553030323170560,Effective Total Throughput,tokens/sec,p99,41652.24
17,1780553029323170560,1780553030323170560,Effective Total Throughput,tokens/sec,std,2777.20
17,1780553029323170560,1780553030323170560,HTTP Blocked,ms,avg,0.00
17,1780553029323170560,1780553030323170560,HTTP Blocked,ms,min,0.00
17,1780553029323170560,1780553030323170560,HTTP Blocked,ms,max,0.00
17,1780553029323170560,1780553030323170560,HTTP Blocked,ms,sum,0.00
17,1780553029323170560,1780553030323170560,HTTP Blocked,ms,p1,0.00
17,1780553029323170560,1780553030323170560,HTTP Blocked,ms,p5,0.00
17,1780553029323170560,1780553030323170560,HTTP Blocked,ms,p10,0.00
17,1780553029323170560,1780553030323170560,HTTP Blocked,ms,p25,0.00
17,1780553029323170560,1780553030323170560,HTTP Blocked,ms,p50,0.00
17,1780553029323170560,1780553030323170560,HTTP Blocked,ms,p75,0.00
17,1780553029323170560,1780553030323170560,HTTP Blocked,ms,p90,0.00
17,1780553029323170560,1780553030323170560,HTTP Blocked,ms,p95,0.00
17,1780553029323170560,1780553030323170560,HTTP Blocked,ms,p99,0.00
17,1780553029323170560,1780553030323170560,HTTP Blocked,ms,std,0.00
17,1780553029323170560,1780553030323170560,HTTP Chunks Received,count,avg,458.00
17,1780553029323170560,1780553030323170560,HTTP Chunks Received,count,min,458.00
17,1780553029323170560,1780553030323170560,HTTP Chunks Received,count,max,458.00
17,1780553029323170560,1780553030323170560,HTTP Chunks Received,count,sum,458.00
17,1780553029323170560,1780553030323170560,HTTP Chunks Received,count,p1,458.00
17,1780553029323170560,1780553030323170560,HTTP Chunks Received,count,p5,458.00
17,1780553029323170560,1780553030323170560,HTTP Chunks Received,count,p10,458.00
17,1780553029323170560,1780553030323170560,HTTP Chunks Received,count,p25,458.00
17,1780553029323170560,1780553030323170560,HTTP Chunks Received,count,p50,458.00
17,1780553029323170560,1780553030323170560,HTTP Chunks Received,count,p75,458.00
17,1780553029323170560,1780553030323170560,HTTP Chunks Received,count,p90,458.00
17,1780553029323170560,1780553030323170560,HTTP Chunks Received,count,p95,458.00
17,1780553029323170560,1780553030323170560,HTTP Chunks Received,count,p99,458.00
17,1780553029323170560,1780553030323170560,HTTP Chunks Received,count,std,0.00
17,1780553029323170560,1780553030323170560,HTTP Chunks Sent,count,avg,1.00
17,1780553029323170560,1780553030323170560,HTTP Chunks Sent,count,min,1.00
17,1780553029323170560,1780553030323170560,HTTP Chunks Sent,count,max,1.00
17,1780553029323170560,1780553030323170560,HTTP Chunks Sent,count,sum,1.00
17,1780553029323170560,1780553030323170560,HTTP Chunks Sent,count,p1,1.00
17,1780553029323170560,1780553030323170560,HTTP Chunks Sent,count,p5,1.00
17,1780553029323170560,1780553030323170560,HTTP Chunks Sent,count,p10,1.00
17,1780553029323170560,1780553030323170560,HTTP Chunks Sent,count,p25,1.00
17,1780553029323170560,1780553030323170560,HTTP Chunks Sent,count,p50,1.00
17,1780553029323170560,1780553030323170560,HTTP Chunks Sent,count,p75,1.00
17,1780553029323170560,1780553030323170560,HTTP Chunks Sent,count,p90,1.00
17,1780553029323170560,1780553030323170560,HTTP Chunks Sent,count,p95,1.00
17,1780553029323170560,1780553030323170560,HTTP Chunks Sent,count,p99,1.00
17,1780553029323170560,1780553030323170560,HTTP Chunks Sent,count,std,0.00
17,1780553029323170560,1780553030323170560,HTTP Connecting,ms,avg,0.00
17,1780553029323170560,1780553030323170560,HTTP Connecting,ms,min,0.00
17,1780553029323170560,1780553030323170560,HTTP Connecting,ms,max,0.00
17,1780553029323170560,1780553030323170560,HTTP Connecting,ms,sum,0.00
17,1780553029323170560,1780553030323170560,HTTP Connecting,ms,p1,0.00
17,1780553029323170560,1780553030323170560,HTTP Connecting,ms,p5,0.00
17,1780553029323170560,1780553030323170560,HTTP Connecting,ms,p10,0.00
17,1780553029323170560,1780553030323170560,HTTP Connecting,ms,p25,0.00
17,1780553029323170560,1780553030323170560,HTTP Connecting,ms,p50,0.00
17,1780553029323170560,1780553030323170560,HTTP Connecting,ms,p75,0.00
17,1780553029323170560,1780553030323170560,HTTP Connecting,ms,p90,0.00
17,1780553029323170560,1780553030323170560,HTTP Connecting,ms,p95,0.00
17,1780553029323170560,1780553030323170560,HTTP Connecting,ms,p99,0.00
17,1780553029323170560,1780553030323170560,HTTP Connecting,ms,std,0.00
17,1780553029323170560,1780553030323170560,HTTP Connection Overhead,ms,avg,0.00
17,1780553029323170560,1780553030323170560,HTTP Connection Overhead,ms,min,0.00
17,1780553029323170560,1780553030323170560,HTTP Connection Overhead,ms,max,0.00
17,1780553029323170560,1780553030323170560,HTTP Connection Overhead,ms,sum,0.00
17,1780553029323170560,1780553030323170560,HTTP Connection Overhead,ms,p1,0.00
17,1780553029323170560,1780553030323170560,HTTP Connection Overhead,ms,p5,0.00
17,1780553029323170560,1780553030323170560,HTTP Connection Overhead,ms,p10,0.00
17,1780553029323170560,1780553030323170560,HTTP Connection Overhead,ms,p25,0.00
17,1780553029323170560,1780553030323170560,HTTP Connection Overhead,ms,p50,0.00
17,1780553029323170560,1780553030323170560,HTTP Connection Overhead,ms,p75,0.00
17,1780553029323170560,1780553030323170560,HTTP Connection Overhead,ms,p90,0.00
17,1780553029323170560,1780553030323170560,HTTP Connection Overhead,ms,p95,0.00
17,1780553029323170560,1780553030323170560,HTTP Connection Overhead,ms,p99,0.00
17,1780553029323170560,1780553030323170560,HTTP Connection Overhead,ms,std,0.00
17,1780553029323170560,1780553030323170560,HTTP Connection Reused,ratio,avg,1.00
17,1780553029323170560,1780553030323170560,HTTP Connection Reused,ratio,min,1.00
17,1780553029323170560,1780553030323170560,HTTP Connection Reused,ratio,max,1.00
17,1780553029323170560,1780553030323170560,HTTP Connection Reused,ratio,sum,1.00
17,1780553029323170560,1780553030323170560,HTTP Connection Reused,ratio,p1,1.00
17,1780553029323170560,1780553030323170560,HTTP Connection Reused,ratio,p5,1.00
17,1780553029323170560,1780553030323170560,HTTP Connection Reused,ratio,p10,1.00
17,1780553029323170560,1780553030323170560,HTTP Connection Reused,ratio,p25,1.00
17,1780553029323170560,1780553030323170560,HTTP Connection Reused,ratio,p50,1.00
17,1780553029323170560,1780553030323170560,HTTP Connection Reused,ratio,p75,1.00
17,1780553029323170560,1780553030323170560,HTTP Connection Reused,ratio,p90,1.00
17,1780553029323170560,1780553030323170560,HTTP Connection Reused,ratio,p95,1.00
17,1780553029323170560,1780553030323170560,HTTP Connection Reused,ratio,p99,1.00
17,1780553029323170560,1780553030323170560,HTTP Connection Reused,ratio,std,0.00
17,1780553029323170560,1780553030323170560,HTTP Data Received,KB,avg,114.58
17,1780553029323170560,1780553030323170560,HTTP Data Received,KB,min,114.58
17,1780553029323170560,1780553030323170560,HTTP Data Received,KB,max,114.58
17,1780553029323170560,1780553030323170560,HTTP Data Received,KB,sum,114.58
17,1780553029323170560,1780553030323170560,HTTP Data Received,KB,p1,114.58
17,1780553029323170560,1780553030323170560,HTTP Data Received,KB,p5,114.58
17,1780553029323170560,1780553030323170560,HTTP Data Received,KB,p10,114.58
17,1780553029323170560,1780553030323170560,HTTP Data Received,KB,p25,114.58
17,1780553029323170560,1780553030323170560,HTTP Data Received,KB,p50,114.58
17,1780553029323170560,1780553030323170560,HTTP Data Received,KB,p75,114.58
17,1780553029323170560,1780553030323170560,HTTP Data Received,KB,p90,114.58
17,1780553029323170560,1780553030323170560,HTTP Data Received,KB,p95,114.58
17,1780553029323170560,1780553030323170560,HTTP Data Received,KB,p99,114.58
17,1780553029323170560,1780553030323170560,HTTP Data Received,KB,std,0.00
17,1780553029323170560,1780553030323170560,HTTP Data Sent,KB,avg,251.48
17,1780553029323170560,1780553030323170560,HTTP Data Sent,KB,min,251.48
17,1780553029323170560,1780553030323170560,HTTP Data Sent,KB,max,251.48
17,1780553029323170560,1780553030323170560,HTTP Data Sent,KB,sum,251.48
17,1780553029323170560,1780553030323170560,HTTP Data Sent,KB,p1,251.48
17,1780553029323170560,1780553030323170560,HTTP Data Sent,KB,p5,251.48
17,1780553029323170560,1780553030323170560,HTTP Data Sent,KB,p10,251.48
17,1780553029323170560,1780553030323170560,HTTP Data Sent,KB,p25,251.48
17,1780553029323170560,1780553030323170560,HTTP Data Sent,KB,p50,251.48
17,1780553029323170560,1780553030323170560,HTTP Data Sent,KB,p75,251.48
17,1780553029323170560,1780553030323170560,HTTP Data Sent,KB,p90,251.48
17,1780553029323170560,1780553030323170560,HTTP Data Sent,KB,p95,251.48
17,1780553029323170560,1780553030323170560,HTTP Data Sent,KB,p99,251.48
17,1780553029323170560,1780553030323170560,HTTP Data Sent,KB,std,0.00
17,1780553029323170560,1780553030323170560,HTTP DNS Lookup,ms,avg,0.00
17,1780553029323170560,1780553030323170560,HTTP DNS Lookup,ms,min,0.00
17,1780553029323170560,1780553030323170560,HTTP DNS Lookup,ms,max,0.00
17,1780553029323170560,1780553030323170560,HTTP DNS Lookup,ms,sum,0.00
17,1780553029323170560,1780553030323170560,HTTP DNS Lookup,ms,p1,0.00
17,1780553029323170560,1780553030323170560,HTTP DNS Lookup,ms,p5,0.00
17,1780553029323170560,1780553030323170560,HTTP DNS Lookup,ms,p10,0.00
17,1780553029323170560,1780553030323170560,HTTP DNS Lookup,ms,p25,0.00
17,1780553029323170560,1780553030323170560,HTTP DNS Lookup,ms,p50,0.00
17,1780553029323170560,1780553030323170560,HTTP DNS Lookup,ms,p75,0.00
17,1780553029323170560,1780553030323170560,HTTP DNS Lookup,ms,p90,0.00
17,1780553029323170560,1780553030323170560,HTTP DNS Lookup,ms,p95,0.00
17,1780553029323170560,1780553030323170560,HTTP DNS Lookup,ms,p99,0.00
17,1780553029323170560,1780553030323170560,HTTP DNS Lookup,ms,std,0.00
17,1780553029323170560,1780553030323170560,HTTP Duration (excl. conn),ms,avg,39156.75
17,1780553029323170560,1780553030323170560,HTTP Duration (excl. conn),ms,min,39156.75
17,1780553029323170560,1780553030323170560,HTTP Duration (excl. conn),ms,max,39156.75
17,1780553029323170560,1780553030323170560,HTTP Duration (excl. conn),ms,sum,39156.75
17,1780553029323170560,1780553030323170560,HTTP Duration (excl. conn),ms,p1,39156.75
17,1780553029323170560,1780553030323170560,HTTP Duration (excl. conn),ms,p5,39156.75
17,1780553029323170560,1780553030323170560,HTTP Duration (excl. conn),ms,p10,39156.75
17,1780553029323170560,1780553030323170560,HTTP Duration (excl. conn),ms,p25,39156.75
17,1780553029323170560,1780553030323170560,HTTP Duration (excl. conn),ms,p50,39156.75
17,1780553029323170560,1780553030323170560,HTTP Duration (excl. conn),ms,p75,39156.75
17,1780553029323170560,1780553030323170560,HTTP Duration (excl. conn),ms,p90,39156.75
17,1780553029323170560,1780553030323170560,HTTP Duration (excl. conn),ms,p95,39156.75
17,1780553029323170560,1780553030323170560,HTTP Duration (excl. conn),ms,p99,39156.75
17,1780553029323170560,1780553030323170560,HTTP Duration (excl. conn),ms,std,0.00
17,1780553029323170560,1780553030323170560,HTTP Receiving,ms,avg,35898.47
17,1780553029323170560,1780553030323170560,HTTP Receiving,ms,min,35898.47
17,1780553029323170560,1780553030323170560,HTTP Receiving,ms,max,35898.47
17,1780553029323170560,1780553030323170560,HTTP Receiving,ms,sum,35898.47
17,1780553029323170560,1780553030323170560,HTTP Receiving,ms,p1,35898.47
17,1780553029323170560,1780553030323170560,HTTP Receiving,ms,p5,35898.47
17,1780553029323170560,1780553030323170560,HTTP Receiving,ms,p10,35898.47
17,1780553029323170560,1780553030323170560,HTTP Receiving,ms,p25,35898.47
17,1780553029323170560,1780553030323170560,HTTP Receiving,ms,p50,35898.47
17,1780553029323170560,1780553030323170560,HTTP Receiving,ms,p75,35898.47
17,1780553029323170560,1780553030323170560,HTTP Receiving,ms,p90,35898.47
17,1780553029323170560,1780553030323170560,HTTP Receiving,ms,p95,35898.47
17,1780553029323170560,1780553030323170560,HTTP Receiving,ms,p99,35898.47
17,1780553029323170560,1780553030323170560,HTTP Receiving,ms,std,0.00
17,1780553029323170560,1780553030323170560,HTTP Sending,ms,avg,0.33
17,1780553029323170560,1780553030323170560,HTTP Sending,ms,min,0.33
17,1780553029323170560,1780553030323170560,HTTP Sending,ms,max,0.33
17,1780553029323170560,1780553030323170560,HTTP Sending,ms,sum,0.33
17,1780553029323170560,1780553030323170560,HTTP Sending,ms,p1,0.33
17,1780553029323170560,1780553030323170560,HTTP Sending,ms,p5,0.33
17,1780553029323170560,1780553030323170560,HTTP Sending,ms,p10,0.33
17,1780553029323170560,1780553030323170560,HTTP Sending,ms,p25,0.33
17,1780553029323170560,1780553030323170560,HTTP Sending,ms,p50,0.33
17,1780553029323170560,1780553030323170560,HTTP Sending,ms,p75,0.33
17,1780553029323170560,1780553030323170560,HTTP Sending,ms,p90,0.33
17,1780553029323170560,1780553030323170560,HTTP Sending,ms,p95,0.33
17,1780553029323170560,1780553030323170560,HTTP Sending,ms,p99,0.33
17,1780553029323170560,1780553030323170560,HTTP Sending,ms,std,0.00
17,1780553029323170560,1780553030323170560,HTTP Total Time,ms,avg,39156.75
17,1780553029323170560,1780553030323170560,HTTP Total Time,ms,min,39156.75
17,1780553029323170560,1780553030323170560,HTTP Total Time,ms,max,39156.75
17,1780553029323170560,1780553030323170560,HTTP Total Time,ms,sum,39156.75
17,1780553029323170560,1780553030323170560,HTTP Total Time,ms,p1,39156.75
17,1780553029323170560,1780553030323170560,HTTP Total Time,ms,p5,39156.75
17,1780553029323170560,1780553030323170560,HTTP Total Time,ms,p10,39156.75
17,1780553029323170560,1780553030323170560,HTTP Total Time,ms,p25,39156.75
17,1780553029323170560,1780553030323170560,HTTP Total Time,ms,p50,39156.75
17,1780553029323170560,1780553030323170560,HTTP Total Time,ms,p75,39156.75
17,1780553029323170560,1780553030323170560,HTTP Total Time,ms,p90,39156.75
17,1780553029323170560,1780553030323170560,HTTP Total Time,ms,p95,39156.75
17,1780553029323170560,1780553030323170560,HTTP Total Time,ms,p99,39156.75
17,1780553029323170560,1780553030323170560,HTTP Total Time,ms,std,0.00
17,1780553029323170560,1780553030323170560,HTTP Waiting (TTFB),ms,avg,3257.94
17,1780553029323170560,1780553030323170560,HTTP Waiting (TTFB),ms,min,3257.94
17,1780553029323170560,1780553030323170560,HTTP Waiting (TTFB),ms,max,3257.94
17,1780553029323170560,1780553030323170560,HTTP Waiting (TTFB),ms,sum,3257.94
17,1780553029323170560,1780553030323170560,HTTP Waiting (TTFB),ms,p1,3257.94
17,1780553029323170560,1780553030323170560,HTTP Waiting (TTFB),ms,p5,3257.94
17,1780553029323170560,1780553030323170560,HTTP Waiting (TTFB),ms,p10,3257.94
17,1780553029323170560,1780553030323170560,HTTP Waiting (TTFB),ms,p25,3257.94
17,1780553029323170560,1780553030323170560,HTTP Waiting (TTFB),ms,p50,3257.94
17,1780553029323170560,1780553030323170560,HTTP Waiting (TTFB),ms,p75,3257.94
17,1780553029323170560,1780553030323170560,HTTP Waiting (TTFB),ms,p90,3257.94
17,1780553029323170560,1780553030323170560,HTTP Waiting (TTFB),ms,p95,3257.94
17,1780553029323170560,1780553030323170560,HTTP Waiting (TTFB),ms,p99,3257.94
17,1780553029323170560,1780553030323170560,HTTP Waiting (TTFB),ms,std,0.00
17,1780553029323170560,1780553030323170560,Input Sequence Length,tokens,avg,64932.00
17,1780553029323170560,1780553030323170560,Input Sequence Length,tokens,min,64932.00
17,1780553029323170560,1780553030323170560,Input Sequence Length,tokens,max,64932.00
17,1780553029323170560,1780553030323170560,Input Sequence Length,tokens,sum,64932.00
17,1780553029323170560,1780553030323170560,Input Sequence Length,tokens,p1,64932.00
17,1780553029323170560,1780553030323170560,Input Sequence Length,tokens,p5,64932.00
17,1780553029323170560,1780553030323170560,Input Sequence Length,tokens,p10,64932.00
17,1780553029323170560,1780553030323170560,Input Sequence Length,tokens,p25,64932.00
17,1780553029323170560,1780553030323170560,Input Sequence Length,tokens,p50,64932.00
17,1780553029323170560,1780553030323170560,Input Sequence Length,tokens,p75,64932.00
17,1780553029323170560,1780553030323170560,Input Sequence Length,tokens,p90,64932.00
17,1780553029323170560,1780553030323170560,Input Sequence Length,tokens,p95,64932.00
17,1780553029323170560,1780553030323170560,Input Sequence Length,tokens,p99,64932.00
17,1780553029323170560,1780553030323170560,Input Sequence Length,tokens,std,0.00
17,1780553029323170560,1780553030323170560,Input Token Throughput,tokens/sec,avg,64932.00
17,1780553029323170560,1780553030323170560,Inter Chunk Latency,ms,avg,46.41
17,1780553029323170560,1780553030323170560,Inter Chunk Latency,ms,min,39.58
17,1780553029323170560,1780553030323170560,Inter Chunk Latency,ms,max,52.67
17,1780553029323170560,1780553030323170560,Inter Chunk Latency,ms,sum,21208.39
17,1780553029323170560,1780553030323170560,Inter Chunk Latency,ms,p1,39.61
17,1780553029323170560,1780553030323170560,Inter Chunk Latency,ms,p5,39.95
17,1780553029323170560,1780553030323170560,Inter Chunk Latency,ms,p10,40.09
17,1780553029323170560,1780553030323170560,Inter Chunk Latency,ms,p25,41.91
17,1780553029323170560,1780553030323170560,Inter Chunk Latency,ms,p50,45.89
17,1780553029323170560,1780553030323170560,Inter Chunk Latency,ms,p75,50.92
17,1780553029323170560,1780553030323170560,Inter Chunk Latency,ms,p90,51.95
17,1780553029323170560,1780553030323170560,Inter Chunk Latency,ms,p95,52.63
17,1780553029323170560,1780553030323170560,Inter Chunk Latency,ms,p99,52.66
17,1780553029323170560,1780553030323170560,Inter Chunk Latency,ms,std,4.61
17,1780553029323170560,1780553030323170560,Inter Token Latency,ms,avg,78.55
17,1780553029323170560,1780553030323170560,Inter Token Latency,ms,min,78.55
17,1780553029323170560,1780553030323170560,Inter Token Latency,ms,max,78.55
17,1780553029323170560,1780553030323170560,Inter Token Latency,ms,sum,78.55
17,1780553029323170560,1780553030323170560,Inter Token Latency,ms,p1,78.55
17,1780553029323170560,1780553030323170560,Inter Token Latency,ms,p5,78.55
17,1780553029323170560,1780553030323170560,Inter Token Latency,ms,p10,78.55
17,1780553029323170560,1780553030323170560,Inter Token Latency,ms,p25,78.55
17,1780553029323170560,1780553030323170560,Inter Token Latency,ms,p50,78.55
17,1780553029323170560,1780553030323170560,Inter Token Latency,ms,p75,78.55
17,1780553029323170560,1780553030323170560,Inter Token Latency,ms,p90,78.55
17,1780553029323170560,1780553030323170560,Inter Token Latency,ms,p95,78.55
17,1780553029323170560,1780553030323170560,Inter Token Latency,ms,p99,78.55
17,1780553029323170560,1780553030323170560,Inter Token Latency,ms,std,0.00
17,1780553029323170560,1780553030323170560,Maximum Response Timestamp,ns,avg,1780553069297999104.00
17,1780553029323170560,1780553030323170560,Minimum Request Timestamp,ns,avg,1780553030141125120.00
17,1780553029323170560,1780553030323170560,OSL Mismatch Count,requests,avg,0.00
17,1780553029323170560,1780553030323170560,OSL Mismatch Diff %,%,avg,0.00
17,1780553029323170560,1780553030323170560,OSL Mismatch Diff %,%,min,0.00
17,1780553029323170560,1780553030323170560,OSL Mismatch Diff %,%,max,0.00
17,1780553029323170560,1780553030323170560,OSL Mismatch Diff %,%,sum,0.00
17,1780553029323170560,1780553030323170560,OSL Mismatch Diff %,%,p1,0.00
17,1780553029323170560,1780553030323170560,OSL Mismatch Diff %,%,p5,0.00
17,1780553029323170560,1780553030323170560,OSL Mismatch Diff %,%,p10,0.00
17,1780553029323170560,1780553030323170560,OSL Mismatch Diff %,%,p25,0.00
17,1780553029323170560,1780553030323170560,OSL Mismatch Diff %,%,p50,0.00
17,1780553029323170560,1780553030323170560,OSL Mismatch Diff %,%,p75,0.00
17,1780553029323170560,1780553030323170560,OSL Mismatch Diff %,%,p90,0.00
17,1780553029323170560,1780553030323170560,OSL Mismatch Diff %,%,p95,0.00
17,1780553029323170560,1780553030323170560,OSL Mismatch Diff %,%,p99,0.00
17,1780553029323170560,1780553030323170560,OSL Mismatch Diff %,%,std,0.00
17,1780553029323170560,1780553030323170560,Output Sequence Length,tokens,avg,458.00
17,1780553029323170560,1780553030323170560,Output Sequence Length,tokens,min,458.00
17,1780553029323170560,1780553030323170560,Output Sequence Length,tokens,max,458.00
17,1780553029323170560,1780553030323170560,Output Sequence Length,tokens,sum,458.00
17,1780553029323170560,1780553030323170560,Output Sequence Length,tokens,p1,458.00
17,1780553029323170560,1780553030323170560,Output Sequence Length,tokens,p5,458.00
17,1780553029323170560,1780553030323170560,Output Sequence Length,tokens,p10,458.00
17,1780553029323170560,1780553030323170560,Output Sequence Length,tokens,p25,458.00
17,1780553029323170560,1780553030323170560,Output Sequence Length,tokens,p50,458.00
17,1780553029323170560,1780553030323170560,Output Sequence Length,tokens,p75,458.00
17,1780553029323170560,1780553030323170560,Output Sequence Length,tokens,p90,458.00
17,1780553029323170560,1780553030323170560,Output Sequence Length,tokens,p95,458.00
17,1780553029323170560,1780553030323170560,Output Sequence Length,tokens,p99,458.00
17,1780553029323170560,1780553030323170560,Output Sequence Length,tokens,std,0.00
17,1780553029323170560,1780553030323170560,Output Token Count,tokens,avg,458.00
17,1780553029323170560,1780553030323170560,Output Token Count,tokens,min,458.00
17,1780553029323170560,1780553030323170560,Output Token Count,tokens,max,458.00
17,1780553029323170560,1780553030323170560,Output Token Count,tokens,sum,458.00
17,1780553029323170560,1780553030323170560,Output Token Count,tokens,p1,458.00
17,1780553029323170560,1780553030323170560,Output Token Count,tokens,p5,458.00
17,1780553029323170560,1780553030323170560,Output Token Count,tokens,p10,458.00
17,1780553029323170560,1780553030323170560,Output Token Count,tokens,p25,458.00
17,1780553029323170560,1780553030323170560,Output Token Count,tokens,p50,458.00
17,1780553029323170560,1780553030323170560,Output Token Count,tokens,p75,458.00
17,1780553029323170560,1780553030323170560,Output Token Count,tokens,p90,458.00
17,1780553029323170560,1780553030323170560,Output Token Count,tokens,p95,458.00
17,1780553029323170560,1780553030323170560,Output Token Count,tokens,p99,458.00
17,1780553029323170560,1780553030323170560,Output Token Count,tokens,std,0.00
17,1780553029323170560,1780553030323170560,Output Token Throughput,tokens/sec,avg,458.00
17,1780553029323170560,1780553030323170560,Output Token Throughput Per User,tokens/sec/user,avg,12.73
17,1780553029323170560,1780553030323170560,Output Token Throughput Per User,tokens/sec/user,min,12.73
17,1780553029323170560,1780553030323170560,Output Token Throughput Per User,tokens/sec/user,max,12.73
17,1780553029323170560,1780553030323170560,Output Token Throughput Per User,tokens/sec/user,sum,12.73
17,1780553029323170560,1780553030323170560,Output Token Throughput Per User,tokens/sec/user,p1,12.73
17,1780553029323170560,1780553030323170560,Output Token Throughput Per User,tokens/sec/user,p5,12.73
17,1780553029323170560,1780553030323170560,Output Token Throughput Per User,tokens/sec/user,p10,12.73
17,1780553029323170560,1780553030323170560,Output Token Throughput Per User,tokens/sec/user,p25,12.73
17,1780553029323170560,1780553030323170560,Output Token Throughput Per User,tokens/sec/user,p50,12.73
17,1780553029323170560,1780553030323170560,Output Token Throughput Per User,tokens/sec/user,p75,12.73
17,1780553029323170560,1780553030323170560,Output Token Throughput Per User,tokens/sec/user,p90,12.73
17,1780553029323170560,1780553030323170560,Output Token Throughput Per User,tokens/sec/user,p95,12.73
17,1780553029323170560,1780553030323170560,Output Token Throughput Per User,tokens/sec/user,p99,12.73
17,1780553029323170560,1780553030323170560,Output Token Throughput Per User,tokens/sec/user,std,0.00
17,1780553029323170560,1780553030323170560,Prefill Throughput Per User,tokens/sec/user,avg,19927.49
17,1780553029323170560,1780553030323170560,Prefill Throughput Per User,tokens/sec/user,min,19927.49
17,1780553029323170560,1780553030323170560,Prefill Throughput Per User,tokens/sec/user,max,19927.49
17,1780553029323170560,1780553030323170560,Prefill Throughput Per User,tokens/sec/user,sum,19927.49
17,1780553029323170560,1780553030323170560,Prefill Throughput Per User,tokens/sec/user,p1,19927.49
17,1780553029323170560,1780553030323170560,Prefill Throughput Per User,tokens/sec/user,p5,19927.49
17,1780553029323170560,1780553030323170560,Prefill Throughput Per User,tokens/sec/user,p10,19927.49
17,1780553029323170560,1780553030323170560,Prefill Throughput Per User,tokens/sec/user,p25,19927.49
17,1780553029323170560,1780553030323170560,Prefill Throughput Per User,tokens/sec/user,p50,19927.49
17,1780553029323170560,1780553030323170560,Prefill Throughput Per User,tokens/sec/user,p75,19927.49
17,1780553029323170560,1780553030323170560,Prefill Throughput Per User,tokens/sec/user,p90,19927.49
17,1780553029323170560,1780553030323170560,Prefill Throughput Per User,tokens/sec/user,p95,19927.49
17,1780553029323170560,1780553030323170560,Prefill Throughput Per User,tokens/sec/user,p99,19927.49
17,1780553029323170560,1780553030323170560,Prefill Throughput Per User,tokens/sec/user,std,0.00
17,1780553029323170560,1780553030323170560,Request Count,requests,avg,1.00
17,1780553029323170560,1780553030323170560,Request Latency,ms,avg,39156.87
17,1780553029323170560,1780553030323170560,Request Latency,ms,min,39156.87
17,1780553029323170560,1780553030323170560,Request Latency,ms,max,39156.87
17,1780553029323170560,1780553030323170560,Request Latency,ms,sum,39156.87
17,1780553029323170560,1780553030323170560,Request Latency,ms,p1,39156.87
17,1780553029323170560,1780553030323170560,Request Latency,ms,p5,39156.87
17,1780553029323170560,1780553030323170560,Request Latency,ms,p10,39156.87
17,1780553029323170560,1780553030323170560,Request Latency,ms,p25,39156.87
17,1780553029323170560,1780553030323170560,Request Latency,ms,p50,39156.87
17,1780553029323170560,1780553030323170560,Request Latency,ms,p75,39156.87
17,1780553029323170560,1780553030323170560,Request Latency,ms,p90,39156.87
17,1780553029323170560,1780553030323170560,Request Latency,ms,p95,39156.87
17,1780553029323170560,1780553030323170560,Request Latency,ms,p99,39156.87
17,1780553029323170560,1780553030323170560,Request Latency,ms,std,0.00
17,1780553029323170560,1780553030323170560,Request Throughput,requests/sec,avg,1.00
17,1780553029323170560,1780553030323170560,Requested OSL,tokens,avg,458.00
17,1780553029323170560,1780553030323170560,Requested OSL,tokens,min,458.00
17,1780553029323170560,1780553030323170560,Requested OSL,tokens,max,458.00
17,1780553029323170560,1780553030323170560,Requested OSL,tokens,sum,458.00
17,1780553029323170560,1780553030323170560,Requested OSL,tokens,p1,458.00
17,1780553029323170560,1780553030323170560,Requested OSL,tokens,p5,458.00
17,1780553029323170560,1780553030323170560,Requested OSL,tokens,p10,458.00
17,1780553029323170560,1780553030323170560,Requested OSL,tokens,p25,458.00
17,1780553029323170560,1780553030323170560,Requested OSL,tokens,p50,458.00
17,1780553029323170560,1780553030323170560,Requested OSL,tokens,p75,458.00
17,1780553029323170560,1780553030323170560,Requested OSL,tokens,p90,458.00
17,1780553029323170560,1780553030323170560,Requested OSL,tokens,p95,458.00
17,1780553029323170560,1780553030323170560,Requested OSL,tokens,p99,458.00
17,1780553029323170560,1780553030323170560,Requested OSL,tokens,std,0.00
17,1780553029323170560,1780553030323170560,Time to First Output Token,ms,avg,3258.41
17,1780553029323170560,1780553030323170560,Time to First Output Token,ms,min,3258.41
17,1780553029323170560,1780553030323170560,Time to First Output Token,ms,max,3258.41
17,1780553029323170560,1780553030323170560,Time to First Output Token,ms,sum,3258.41
17,1780553029323170560,1780553030323170560,Time to First Output Token,ms,p1,3258.41
17,1780553029323170560,1780553030323170560,Time to First Output Token,ms,p5,3258.41
17,1780553029323170560,1780553030323170560,Time to First Output Token,ms,p10,3258.41
17,1780553029323170560,1780553030323170560,Time to First Output Token,ms,p25,3258.41
17,1780553029323170560,1780553030323170560,Time to First Output Token,ms,p50,3258.41
17,1780553029323170560,1780553030323170560,Time to First Output Token,ms,p75,3258.41
17,1780553029323170560,1780553030323170560,Time to First Output Token,ms,p90,3258.41
17,1780553029323170560,1780553030323170560,Time to First Output Token,ms,p95,3258.41
17,1780553029323170560,1780553030323170560,Time to First Output Token,ms,p99,3258.41
17,1780553029323170560,1780553030323170560,Time to First Output Token,ms,std,0.00
17,1780553029323170560,1780553030323170560,Time to First Token,ms,avg,3258.41
17,1780553029323170560,1780553030323170560,Time to First Token,ms,min,3258.41
17,1780553029323170560,1780553030323170560,Time to First Token,ms,max,3258.41
17,1780553029323170560,1780553030323170560,Time to First Token,ms,sum,3258.41
17,1780553029323170560,1780553030323170560,Time to First Token,ms,p1,3258.41
17,1780553029323170560,1780553030323170560,Time to First Token,ms,p5,3258.41
17,1780553029323170560,1780553030323170560,Time to First Token,ms,p10,3258.41
17,1780553029323170560,1780553030323170560,Time to First Token,ms,p25,3258.41
17,1780553029323170560,1780553030323170560,Time to First Token,ms,p50,3258.41
17,1780553029323170560,1780553030323170560,Time to First Token,ms,p75,3258.41
17,1780553029323170560,1780553030323170560,Time to First Token,ms,p90,3258.41
17,1780553029323170560,1780553030323170560,Time to First Token,ms,p95,3258.41
17,1780553029323170560,1780553030323170560,Time to First Token,ms,p99,3258.41
17,1780553029323170560,1780553030323170560,Time to First Token,ms,std,0.00
17,1780553029323170560,1780553030323170560,Time to Second Token,ms,avg,7.49
17,1780553029323170560,1780553030323170560,Time to Second Token,ms,min,7.49
17,1780553029323170560,1780553030323170560,Time to Second Token,ms,max,7.49
17,1780553029323170560,1780553030323170560,Time to Second Token,ms,sum,7.49
17,1780553029323170560,1780553030323170560,Time to Second Token,ms,p1,7.49
17,1780553029323170560,1780553030323170560,Time to Second Token,ms,p5,7.49
17,1780553029323170560,1780553030323170560,Time to Second Token,ms,p10,7.49
17,1780553029323170560,1780553030323170560,Time to Second Token,ms,p25,7.49
17,1780553029323170560,1780553030323170560,Time to Second Token,ms,p50,7.49
17,1780553029323170560,1780553030323170560,Time to Second Token,ms,p75,7.49
17,1780553029323170560,1780553030323170560,Time to Second Token,ms,p90,7.49
17,1780553029323170560,1780553030323170560,Time to Second Token,ms,p95,7.49
17,1780553029323170560,1780553030323170560,Time to Second Token,ms,p99,7.49
17,1780553029323170560,1780553030323170560,Time to Second Token,ms,std,0.00
17,1780553029323170560,1780553030323170560,Tokens In Flight,tokens,avg,1269954.01
17,1780553029323170560,1780553030323170560,Tokens In Flight,tokens,min,1258069.42
17,1780553029323170560,1780553030323170560,Tokens In Flight,tokens,max,1323136.77
17,1780553029323170560,1780553030323170560,Tokens In Flight,tokens,p50,1258130.85
17,1780553029323170560,1780553030323170560,Tokens In Flight,tokens,p90,1323120.79
17,1780553029323170560,1780553030323170560,Tokens In Flight,tokens,p95,1323129.28
17,1780553029323170560,1780553030323170560,Tokens In Flight,tokens,p99,1323135.77
17,1780553029323170560,1780553030323170560,Tokens In Flight,tokens,std,25083.31
17,1780553029323170560,1780553030323170560,Total Input Sequence Length,tokens,avg,64932.00
17,1780553029323170560,1780553030323170560,Total Output Sequence Length,tokens,avg,458.00
17,1780553029323170560,1780553030323170560,Total Output Tokens,tokens,avg,458.00
17,1780553029323170560,1780553030323170560,Total Token Throughput,tokens/sec,avg,65390.00
17,1780553029323170560,1780553030323170560,Total Usage Completion Tokens,tokens,avg,458.00
17,1780553029323170560,1780553030323170560,Total Usage Prompt Tokens,tokens,avg,64932.00
17,1780553029323170560,1780553030323170560,Total Usage Total Tokens,tokens,avg,65390.00
17,1780553029323170560,1780553030323170560,Usage Completion Tokens,tokens,avg,458.00
17,1780553029323170560,1780553030323170560,Usage Completion Tokens,tokens,min,458.00
17,1780553029323170560,1780553030323170560,Usage Completion Tokens,tokens,max,458.00
17,1780553029323170560,1780553030323170560,Usage Completion Tokens,tokens,sum,458.00
17,1780553029323170560,1780553030323170560,Usage Completion Tokens,tokens,p1,458.00
17,1780553029323170560,1780553030323170560,Usage Completion Tokens,tokens,p5,458.00
17,1780553029323170560,1780553030323170560,Usage Completion Tokens,tokens,p10,458.00
17,1780553029323170560,1780553030323170560,Usage Completion Tokens,tokens,p25,458.00
17,1780553029323170560,1780553030323170560,Usage Completion Tokens,tokens,p50,458.00
17,1780553029323170560,1780553030323170560,Usage Completion Tokens,tokens,p75,458.00
17,1780553029323170560,1780553030323170560,Usage Completion Tokens,tokens,p90,458.00
17,1780553029323170560,1780553030323170560,Usage Completion Tokens,tokens,p95,458.00
17,1780553029323170560,1780553030323170560,Usage Completion Tokens,tokens,p99,458.00
17,1780553029323170560,1780553030323170560,Usage Completion Tokens,tokens,std,0.00
17,1780553029323170560,1780553030323170560,Usage Prompt Tokens,tokens,avg,64932.00
17,1780553029323170560,1780553030323170560,Usage Prompt Tokens,tokens,min,64932.00
17,1780553029323170560,1780553030323170560,Usage Prompt Tokens,tokens,max,64932.00
17,1780553029323170560,1780553030323170560,Usage Prompt Tokens,tokens,sum,64932.00
17,1780553029323170560,1780553030323170560,Usage Prompt Tokens,tokens,p1,64932.00
17,1780553029323170560,1780553030323170560,Usage Prompt Tokens,tokens,p5,64932.00
17,1780553029323170560,1780553030323170560,Usage Prompt Tokens,tokens,p10,64932.00
17,1780553029323170560,1780553030323170560,Usage Prompt Tokens,tokens,p25,64932.00
17,1780553029323170560,1780553030323170560,Usage Prompt Tokens,tokens,p50,64932.00
17,1780553029323170560,1780553030323170560,Usage Prompt Tokens,tokens,p75,64932.00
17,1780553029323170560,1780553030323170560,Usage Prompt Tokens,tokens,p90,64932.00
17,1780553029323170560,1780553030323170560,Usage Prompt Tokens,tokens,p95,64932.00
17,1780553029323170560,1780553030323170560,Usage Prompt Tokens,tokens,p99,64932.00
17,1780553029323170560,1780553030323170560,Usage Prompt Tokens,tokens,std,0.00
17,1780553029323170560,1780553030323170560,Usage Total Tokens,tokens,avg,65390.00
17,1780553029323170560,1780553030323170560,Usage Total Tokens,tokens,min,65390.00
17,1780553029323170560,1780553030323170560,Usage Total Tokens,tokens,max,65390.00
17,1780553029323170560,1780553030323170560,Usage Total Tokens,tokens,sum,65390.00
17,1780553029323170560,1780553030323170560,Usage Total Tokens,tokens,p1,65390.00
17,1780553029323170560,1780553030323170560,Usage Total Tokens,tokens,p5,65390.00
17,1780553029323170560,1780553030323170560,Usage Total Tokens,tokens,p10,65390.00
17,1780553029323170560,1780553030323170560,Usage Total Tokens,tokens,p25,65390.00
17,1780553029323170560,1780553030323170560,Usage Total Tokens,tokens,p50,65390.00
17,1780553029323170560,1780553030323170560,Usage Total Tokens,tokens,p75,65390.00
17,1780553029323170560,1780553030323170560,Usage Total Tokens,tokens,p90,65390.00
17,1780553029323170560,1780553030323170560,Usage Total Tokens,tokens,p95,65390.00
17,1780553029323170560,1780553030323170560,Usage Total Tokens,tokens,p99,65390.00
17,1780553029323170560,1780553030323170560,Usage Total Tokens,tokens,std,0.00
18,1780553039323170560,1780553040323170560,Active Decode Throughput,tokens/sec,avg,148.02
18,1780553039323170560,1780553040323170560,Active Decode Throughput,tokens/sec,min,121.42
18,1780553039323170560,1780553040323170560,Active Decode Throughput,tokens/sec,max,174.88
18,1780553039323170560,1780553040323170560,Active Decode Throughput,tokens/sec,p50,148.01
18,1780553039323170560,1780553040323170560,Active Decode Throughput,tokens/sec,p90,148.17
18,1780553039323170560,1780553040323170560,Active Decode Throughput,tokens/sec,p95,148.19
18,1780553039323170560,1780553040323170560,Active Decode Throughput,tokens/sec,p99,148.20
18,1780553039323170560,1780553040323170560,Active Decode Throughput,tokens/sec,std,0.15
18,1780553039323170560,1780553040323170560,Active Decode Throughput Per User,tokens/sec/user,avg,12.33
18,1780553039323170560,1780553040323170560,Active Decode Throughput Per User,tokens/sec/user,min,10.12
18,1780553039323170560,1780553040323170560,Active Decode Throughput Per User,tokens/sec/user,max,14.57
18,1780553039323170560,1780553040323170560,Active Decode Throughput Per User,tokens/sec/user,p50,12.33
18,1780553039323170560,1780553040323170560,Active Decode Throughput Per User,tokens/sec/user,p90,12.35
18,1780553039323170560,1780553040323170560,Active Decode Throughput Per User,tokens/sec/user,p95,12.35
18,1780553039323170560,1780553040323170560,Active Decode Throughput Per User,tokens/sec/user,p99,12.35
18,1780553039323170560,1780553040323170560,Active Decode Throughput Per User,tokens/sec/user,std,0.01
18,1780553039323170560,1780553040323170560,Active Prefill Throughput,tokens/sec,avg,119137.18
18,1780553039323170560,1780553040323170560,Active Prefill Throughput,tokens/sec,min,119137.18
18,1780553039323170560,1780553040323170560,Active Prefill Throughput,tokens/sec,max,119137.18
18,1780553039323170560,1780553040323170560,Active Prefill Throughput,tokens/sec,p50,119137.18
18,1780553039323170560,1780553040323170560,Active Prefill Throughput,tokens/sec,p90,119137.18
18,1780553039323170560,1780553040323170560,Active Prefill Throughput,tokens/sec,p95,119137.18
18,1780553039323170560,1780553040323170560,Active Prefill Throughput,tokens/sec,p99,119137.18
18,1780553039323170560,1780553040323170560,Active Prefill Throughput,tokens/sec,std,0.00
18,1780553039323170560,1780553040323170560,Active Prefill Throughput Per User,tokens/sec/user,avg,119137.18
18,1780553039323170560,1780553040323170560,Active Prefill Throughput Per User,tokens/sec/user,min,119137.18
18,1780553039323170560,1780553040323170560,Active Prefill Throughput Per User,tokens/sec/user,max,119137.18
18,1780553039323170560,1780553040323170560,Active Prefill Throughput Per User,tokens/sec/user,p50,119137.18
18,1780553039323170560,1780553040323170560,Active Prefill Throughput Per User,tokens/sec/user,p90,119137.18
18,1780553039323170560,1780553040323170560,Active Prefill Throughput Per User,tokens/sec/user,p95,119137.18
18,1780553039323170560,1780553040323170560,Active Prefill Throughput Per User,tokens/sec/user,p99,119137.18
18,1780553039323170560,1780553040323170560,Active Prefill Throughput Per User,tokens/sec/user,std,0.00
18,1780553039323170560,1780553040323170560,Active Total Throughput,tokens/sec,avg,13105.71
18,1780553039323170560,1780553040323170560,Active Total Throughput,tokens/sec,min,83.48
18,1780553039323170560,1780553040323170560,Active Total Throughput,tokens/sec,max,119220.66
18,1780553039323170560,1780553040323170560,Active Total Throughput,tokens/sec,p50,83.48
18,1780553039323170560,1780553040323170560,Active Total Throughput,tokens/sec,p90,119220.66
18,1780553039323170560,1780553040323170560,Active Total Throughput,tokens/sec,p95,119220.66
18,1780553039323170560,1780553040323170560,Active Total Throughput,tokens/sec,p99,119220.66
18,1780553039323170560,1780553040323170560,Active Total Throughput,tokens/sec,std,37173.30
18,1780553039323170560,1780553040323170560,Benchmark Duration,sec,avg,162.27
18,1780553039323170560,1780553040323170560,E2E Output Token Throughput,tokens/sec/user,avg,6.79
18,1780553039323170560,1780553040323170560,E2E Output Token Throughput,tokens/sec/user,min,6.79
18,1780553039323170560,1780553040323170560,E2E Output Token Throughput,tokens/sec/user,max,6.79
18,1780553039323170560,1780553040323170560,E2E Output Token Throughput,tokens/sec/user,sum,6.79
18,1780553039323170560,1780553040323170560,E2E Output Token Throughput,tokens/sec/user,p1,6.79
18,1780553039323170560,1780553040323170560,E2E Output Token Throughput,tokens/sec/user,p5,6.79
18,1780553039323170560,1780553040323170560,E2E Output Token Throughput,tokens/sec/user,p10,6.79
18,1780553039323170560,1780553040323170560,E2E Output Token Throughput,tokens/sec/user,p25,6.79
18,1780553039323170560,1780553040323170560,E2E Output Token Throughput,tokens/sec/user,p50,6.79
18,1780553039323170560,1780553040323170560,E2E Output Token Throughput,tokens/sec/user,p75,6.79
18,1780553039323170560,1780553040323170560,E2E Output Token Throughput,tokens/sec/user,p90,6.79
18,1780553039323170560,1780553040323170560,E2E Output Token Throughput,tokens/sec/user,p95,6.79
18,1780553039323170560,1780553040323170560,E2E Output Token Throughput,tokens/sec/user,p99,6.79
18,1780553039323170560,1780553040323170560,E2E Output Token Throughput,tokens/sec/user,std,0.00
18,1780553039323170560,1780553040323170560,Effective Concurrency,requests,avg,12.11
18,1780553039323170560,1780553040323170560,Effective Concurrency,requests,min,12.00
18,1780553039323170560,1780553040323170560,Effective Concurrency,requests,max,13.00
18,1780553039323170560,1780553040323170560,Effective Concurrency,requests,p50,12.00
18,1780553039323170560,1780553040323170560,Effective Concurrency,requests,p90,13.00
18,1780553039323170560,1780553040323170560,Effective Concurrency,requests,p95,13.00
18,1780553039323170560,1780553040323170560,Effective Concurrency,requests,p99,13.00
18,1780553039323170560,1780553040323170560,Effective Concurrency,requests,std,0.31
18,1780553039323170560,1780553040323170560,Effective Decode Concurrency,requests,avg,12.00
18,1780553039323170560,1780553040323170560,Effective Decode Concurrency,requests,min,12.00
18,1780553039323170560,1780553040323170560,Effective Decode Concurrency,requests,max,12.00
18,1780553039323170560,1780553040323170560,Effective Decode Concurrency,requests,p50,12.00
18,1780553039323170560,1780553040323170560,Effective Decode Concurrency,requests,p90,12.00
18,1780553039323170560,1780553040323170560,Effective Decode Concurrency,requests,p95,12.00
18,1780553039323170560,1780553040323170560,Effective Decode Concurrency,requests,p99,12.00
18,1780553039323170560,1780553040323170560,Effective Decode Concurrency,requests,std,0.00
18,1780553039323170560,1780553040323170560,Effective Decode Throughput,tokens/sec,avg,148.02
18,1780553039323170560,1780553040323170560,Effective Decode Throughput,tokens/sec,min,121.42
18,1780553039323170560,1780553040323170560,Effective Decode Throughput,tokens/sec,max,174.88
18,1780553039323170560,1780553040323170560,Effective Decode Throughput,tokens/sec,p50,148.01
18,1780553039323170560,1780553040323170560,Effective Decode Throughput,tokens/sec,p90,148.17
18,1780553039323170560,1780553040323170560,Effective Decode Throughput,tokens/sec,p95,148.19
18,1780553039323170560,1780553040323170560,Effective Decode Throughput,tokens/sec,p99,148.20
18,1780553039323170560,1780553040323170560,Effective Decode Throughput,tokens/sec,std,0.15
18,1780553039323170560,1780553040323170560,Effective Decode Throughput Per User,tokens/sec/user,avg,12.33
18,1780553039323170560,1780553040323170560,Effective Decode Throughput Per User,tokens/sec/user,min,10.12
18,1780553039323170560,1780553040323170560,Effective Decode Throughput Per User,tokens/sec/user,max,14.57
18,1780553039323170560,1780553040323170560,Effective Decode Throughput Per User,tokens/sec/user,p50,12.33
18,1780553039323170560,1780553040323170560,Effective Decode Throughput Per User,tokens/sec/user,p90,12.35
18,1780553039323170560,1780553040323170560,Effective Decode Throughput Per User,tokens/sec/user,p95,12.35
18,1780553039323170560,1780553040323170560,Effective Decode Throughput Per User,tokens/sec/user,p99,12.35
18,1780553039323170560,1780553040323170560,Effective Decode Throughput Per User,tokens/sec/user,std,0.01
18,1780553039323170560,1780553040323170560,Effective Prefill Concurrency,requests,avg,0.11
18,1780553039323170560,1780553040323170560,Effective Prefill Concurrency,requests,min,0.00
18,1780553039323170560,1780553040323170560,Effective Prefill Concurrency,requests,max,1.00
18,1780553039323170560,1780553040323170560,Effective Prefill Concurrency,requests,p50,0.00
18,1780553039323170560,1780553040323170560,Effective Prefill Concurrency,requests,p90,1.00
18,1780553039323170560,1780553040323170560,Effective Prefill Concurrency,requests,p95,1.00
18,1780553039323170560,1780553040323170560,Effective Prefill Concurrency,requests,p99,1.00
18,1780553039323170560,1780553040323170560,Effective Prefill Concurrency,requests,std,0.31
18,1780553039323170560,1780553040323170560,Effective Prefill Throughput,tokens/sec,avg,13022.24
18,1780553039323170560,1780553040323170560,Effective Prefill Throughput,tokens/sec,min,0.00
18,1780553039323170560,1780553040323170560,Effective Prefill Throughput,tokens/sec,max,119137.18
18,1780553039323170560,1780553040323170560,Effective Prefill Throughput,tokens/sec,p50,0.00
18,1780553039323170560,1780553040323170560,Effective Prefill Throughput,tokens/sec,p90,119137.18
18,1780553039323170560,1780553040323170560,Effective Prefill Throughput,tokens/sec,p95,119137.18
18,1780553039323170560,1780553040323170560,Effective Prefill Throughput,tokens/sec,p99,119137.18
18,1780553039323170560,1780553040323170560,Effective Prefill Throughput,tokens/sec,std,37173.30
18,1780553039323170560,1780553040323170560,Effective Prefill Throughput Per User,tokens/sec/user,avg,13022.24
18,1780553039323170560,1780553040323170560,Effective Prefill Throughput Per User,tokens/sec/user,min,0.00
18,1780553039323170560,1780553040323170560,Effective Prefill Throughput Per User,tokens/sec/user,max,119137.18
18,1780553039323170560,1780553040323170560,Effective Prefill Throughput Per User,tokens/sec/user,p50,0.00
18,1780553039323170560,1780553040323170560,Effective Prefill Throughput Per User,tokens/sec/user,p90,119137.18
18,1780553039323170560,1780553040323170560,Effective Prefill Throughput Per User,tokens/sec/user,p95,119137.18
18,1780553039323170560,1780553040323170560,Effective Prefill Throughput Per User,tokens/sec/user,p99,119137.18
18,1780553039323170560,1780553040323170560,Effective Prefill Throughput Per User,tokens/sec/user,std,37173.30
18,1780553039323170560,1780553040323170560,Effective Total Throughput,tokens/sec,avg,13105.71
18,1780553039323170560,1780553040323170560,Effective Total Throughput,tokens/sec,min,83.48
18,1780553039323170560,1780553040323170560,Effective Total Throughput,tokens/sec,max,119220.66
18,1780553039323170560,1780553040323170560,Effective Total Throughput,tokens/sec,p50,83.48
18,1780553039323170560,1780553040323170560,Effective Total Throughput,tokens/sec,p90,119220.66
18,1780553039323170560,1780553040323170560,Effective Total Throughput,tokens/sec,p95,119220.66
18,1780553039323170560,1780553040323170560,Effective Total Throughput,tokens/sec,p99,119220.66
18,1780553039323170560,1780553040323170560,Effective Total Throughput,tokens/sec,std,37173.30
18,1780553039323170560,1780553040323170560,HTTP Blocked,ms,avg,0.00
18,1780553039323170560,1780553040323170560,HTTP Blocked,ms,min,0.00
18,1780553039323170560,1780553040323170560,HTTP Blocked,ms,max,0.00
18,1780553039323170560,1780553040323170560,HTTP Blocked,ms,sum,0.00
18,1780553039323170560,1780553040323170560,HTTP Blocked,ms,p1,0.00
18,1780553039323170560,1780553040323170560,HTTP Blocked,ms,p5,0.00
18,1780553039323170560,1780553040323170560,HTTP Blocked,ms,p10,0.00
18,1780553039323170560,1780553040323170560,HTTP Blocked,ms,p25,0.00
18,1780553039323170560,1780553040323170560,HTTP Blocked,ms,p50,0.00
18,1780553039323170560,1780553040323170560,HTTP Blocked,ms,p75,0.00
18,1780553039323170560,1780553040323170560,HTTP Blocked,ms,p90,0.00
18,1780553039323170560,1780553040323170560,HTTP Blocked,ms,p95,0.00
18,1780553039323170560,1780553040323170560,HTTP Blocked,ms,p99,0.00
18,1780553039323170560,1780553040323170560,HTTP Blocked,ms,std,0.00
18,1780553039323170560,1780553040323170560,HTTP Chunks Received,count,avg,1102.00
18,1780553039323170560,1780553040323170560,HTTP Chunks Received,count,min,1102.00
18,1780553039323170560,1780553040323170560,HTTP Chunks Received,count,max,1102.00
18,1780553039323170560,1780553040323170560,HTTP Chunks Received,count,sum,1102.00
18,1780553039323170560,1780553040323170560,HTTP Chunks Received,count,p1,1102.00
18,1780553039323170560,1780553040323170560,HTTP Chunks Received,count,p5,1102.00
18,1780553039323170560,1780553040323170560,HTTP Chunks Received,count,p10,1102.00
18,1780553039323170560,1780553040323170560,HTTP Chunks Received,count,p25,1102.00
18,1780553039323170560,1780553040323170560,HTTP Chunks Received,count,p50,1102.00
18,1780553039323170560,1780553040323170560,HTTP Chunks Received,count,p75,1102.00
18,1780553039323170560,1780553040323170560,HTTP Chunks Received,count,p90,1102.00
18,1780553039323170560,1780553040323170560,HTTP Chunks Received,count,p95,1102.00
18,1780553039323170560,1780553040323170560,HTTP Chunks Received,count,p99,1102.00
18,1780553039323170560,1780553040323170560,HTTP Chunks Received,count,std,0.00
18,1780553039323170560,1780553040323170560,HTTP Chunks Sent,count,avg,1.00
18,1780553039323170560,1780553040323170560,HTTP Chunks Sent,count,min,1.00
18,1780553039323170560,1780553040323170560,HTTP Chunks Sent,count,max,1.00
18,1780553039323170560,1780553040323170560,HTTP Chunks Sent,count,sum,1.00
18,1780553039323170560,1780553040323170560,HTTP Chunks Sent,count,p1,1.00
18,1780553039323170560,1780553040323170560,HTTP Chunks Sent,count,p5,1.00
18,1780553039323170560,1780553040323170560,HTTP Chunks Sent,count,p10,1.00
18,1780553039323170560,1780553040323170560,HTTP Chunks Sent,count,p25,1.00
18,1780553039323170560,1780553040323170560,HTTP Chunks Sent,count,p50,1.00
18,1780553039323170560,1780553040323170560,HTTP Chunks Sent,count,p75,1.00
18,1780553039323170560,1780553040323170560,HTTP Chunks Sent,count,p90,1.00
18,1780553039323170560,1780553040323170560,HTTP Chunks Sent,count,p95,1.00
18,1780553039323170560,1780553040323170560,HTTP Chunks Sent,count,p99,1.00
18,1780553039323170560,1780553040323170560,HTTP Chunks Sent,count,std,0.00
18,1780553039323170560,1780553040323170560,HTTP Connecting,ms,avg,0.00
18,1780553039323170560,1780553040323170560,HTTP Connecting,ms,min,0.00
18,1780553039323170560,1780553040323170560,HTTP Connecting,ms,max,0.00
18,1780553039323170560,1780553040323170560,HTTP Connecting,ms,sum,0.00
18,1780553039323170560,1780553040323170560,HTTP Connecting,ms,p1,0.00
18,1780553039323170560,1780553040323170560,HTTP Connecting,ms,p5,0.00
18,1780553039323170560,1780553040323170560,HTTP Connecting,ms,p10,0.00
18,1780553039323170560,1780553040323170560,HTTP Connecting,ms,p25,0.00
18,1780553039323170560,1780553040323170560,HTTP Connecting,ms,p50,0.00
18,1780553039323170560,1780553040323170560,HTTP Connecting,ms,p75,0.00
18,1780553039323170560,1780553040323170560,HTTP Connecting,ms,p90,0.00
18,1780553039323170560,1780553040323170560,HTTP Connecting,ms,p95,0.00
18,1780553039323170560,1780553040323170560,HTTP Connecting,ms,p99,0.00
18,1780553039323170560,1780553040323170560,HTTP Connecting,ms,std,0.00
18,1780553039323170560,1780553040323170560,HTTP Connection Overhead,ms,avg,0.00
18,1780553039323170560,1780553040323170560,HTTP Connection Overhead,ms,min,0.00
18,1780553039323170560,1780553040323170560,HTTP Connection Overhead,ms,max,0.00
18,1780553039323170560,1780553040323170560,HTTP Connection Overhead,ms,sum,0.00
18,1780553039323170560,1780553040323170560,HTTP Connection Overhead,ms,p1,0.00
18,1780553039323170560,1780553040323170560,HTTP Connection Overhead,ms,p5,0.00
18,1780553039323170560,1780553040323170560,HTTP Connection Overhead,ms,p10,0.00
18,1780553039323170560,1780553040323170560,HTTP Connection Overhead,ms,p25,0.00
18,1780553039323170560,1780553040323170560,HTTP Connection Overhead,ms,p50,0.00
18,1780553039323170560,1780553040323170560,HTTP Connection Overhead,ms,p75,0.00
18,1780553039323170560,1780553040323170560,HTTP Connection Overhead,ms,p90,0.00
18,1780553039323170560,1780553040323170560,HTTP Connection Overhead,ms,p95,0.00
18,1780553039323170560,1780553040323170560,HTTP Connection Overhead,ms,p99,0.00
18,1780553039323170560,1780553040323170560,HTTP Connection Overhead,ms,std,0.00
18,1780553039323170560,1780553040323170560,HTTP Connection Reused,ratio,avg,1.00
18,1780553039323170560,1780553040323170560,HTTP Connection Reused,ratio,min,1.00
18,1780553039323170560,1780553040323170560,HTTP Connection Reused,ratio,max,1.00
18,1780553039323170560,1780553040323170560,HTTP Connection Reused,ratio,sum,1.00
18,1780553039323170560,1780553040323170560,HTTP Connection Reused,ratio,p1,1.00
18,1780553039323170560,1780553040323170560,HTTP Connection Reused,ratio,p5,1.00
18,1780553039323170560,1780553040323170560,HTTP Connection Reused,ratio,p10,1.00
18,1780553039323170560,1780553040323170560,HTTP Connection Reused,ratio,p25,1.00
18,1780553039323170560,1780553040323170560,HTTP Connection Reused,ratio,p50,1.00
18,1780553039323170560,1780553040323170560,HTTP Connection Reused,ratio,p75,1.00
18,1780553039323170560,1780553040323170560,HTTP Connection Reused,ratio,p90,1.00
18,1780553039323170560,1780553040323170560,HTTP Connection Reused,ratio,p95,1.00
18,1780553039323170560,1780553040323170560,HTTP Connection Reused,ratio,p99,1.00
18,1780553039323170560,1780553040323170560,HTTP Connection Reused,ratio,std,0.00
18,1780553039323170560,1780553040323170560,HTTP Data Received,KB,avg,274.12
18,1780553039323170560,1780553040323170560,HTTP Data Received,KB,min,274.12
18,1780553039323170560,1780553040323170560,HTTP Data Received,KB,max,274.12
18,1780553039323170560,1780553040323170560,HTTP Data Received,KB,sum,274.12
18,1780553039323170560,1780553040323170560,HTTP Data Received,KB,p1,274.12
18,1780553039323170560,1780553040323170560,HTTP Data Received,KB,p5,274.12
18,1780553039323170560,1780553040323170560,HTTP Data Received,KB,p10,274.12
18,1780553039323170560,1780553040323170560,HTTP Data Received,KB,p25,274.12
18,1780553039323170560,1780553040323170560,HTTP Data Received,KB,p50,274.12
18,1780553039323170560,1780553040323170560,HTTP Data Received,KB,p75,274.12
18,1780553039323170560,1780553040323170560,HTTP Data Received,KB,p90,274.12
18,1780553039323170560,1780553040323170560,HTTP Data Received,KB,p95,274.12
18,1780553039323170560,1780553040323170560,HTTP Data Received,KB,p99,274.12
18,1780553039323170560,1780553040323170560,HTTP Data Received,KB,std,0.00
18,1780553039323170560,1780553040323170560,HTTP Data Sent,KB,avg,289.30
18,1780553039323170560,1780553040323170560,HTTP Data Sent,KB,min,289.30
18,1780553039323170560,1780553040323170560,HTTP Data Sent,KB,max,289.30
18,1780553039323170560,1780553040323170560,HTTP Data Sent,KB,sum,289.30
18,1780553039323170560,1780553040323170560,HTTP Data Sent,KB,p1,289.30
18,1780553039323170560,1780553040323170560,HTTP Data Sent,KB,p5,289.30
18,1780553039323170560,1780553040323170560,HTTP Data Sent,KB,p10,289.30
18,1780553039323170560,1780553040323170560,HTTP Data Sent,KB,p25,289.30
18,1780553039323170560,1780553040323170560,HTTP Data Sent,KB,p50,289.30
18,1780553039323170560,1780553040323170560,HTTP Data Sent,KB,p75,289.30
18,1780553039323170560,1780553040323170560,HTTP Data Sent,KB,p90,289.30
18,1780553039323170560,1780553040323170560,HTTP Data Sent,KB,p95,289.30
18,1780553039323170560,1780553040323170560,HTTP Data Sent,KB,p99,289.30
18,1780553039323170560,1780553040323170560,HTTP Data Sent,KB,std,0.00
18,1780553039323170560,1780553040323170560,HTTP DNS Lookup,ms,avg,0.00
18,1780553039323170560,1780553040323170560,HTTP DNS Lookup,ms,min,0.00
18,1780553039323170560,1780553040323170560,HTTP DNS Lookup,ms,max,0.00
18,1780553039323170560,1780553040323170560,HTTP DNS Lookup,ms,sum,0.00
18,1780553039323170560,1780553040323170560,HTTP DNS Lookup,ms,p1,0.00
18,1780553039323170560,1780553040323170560,HTTP DNS Lookup,ms,p5,0.00
18,1780553039323170560,1780553040323170560,HTTP DNS Lookup,ms,p10,0.00
18,1780553039323170560,1780553040323170560,HTTP DNS Lookup,ms,p25,0.00
18,1780553039323170560,1780553040323170560,HTTP DNS Lookup,ms,p50,0.00
18,1780553039323170560,1780553040323170560,HTTP DNS Lookup,ms,p75,0.00
18,1780553039323170560,1780553040323170560,HTTP DNS Lookup,ms,p90,0.00
18,1780553039323170560,1780553040323170560,HTTP DNS Lookup,ms,p95,0.00
18,1780553039323170560,1780553040323170560,HTTP DNS Lookup,ms,p99,0.00
18,1780553039323170560,1780553040323170560,HTTP DNS Lookup,ms,std,0.00
18,1780553039323170560,1780553040323170560,HTTP Duration (excl. conn),ms,avg,162274.23
18,1780553039323170560,1780553040323170560,HTTP Duration (excl. conn),ms,min,162274.23
18,1780553039323170560,1780553040323170560,HTTP Duration (excl. conn),ms,max,162274.23
18,1780553039323170560,1780553040323170560,HTTP Duration (excl. conn),ms,sum,162274.23
18,1780553039323170560,1780553040323170560,HTTP Duration (excl. conn),ms,p1,162274.23
18,1780553039323170560,1780553040323170560,HTTP Duration (excl. conn),ms,p5,162274.23
18,1780553039323170560,1780553040323170560,HTTP Duration (excl. conn),ms,p10,162274.23
18,1780553039323170560,1780553040323170560,HTTP Duration (excl. conn),ms,p25,162274.23
18,1780553039323170560,1780553040323170560,HTTP Duration (excl. conn),ms,p50,162274.23
18,1780553039323170560,1780553040323170560,HTTP Duration (excl. conn),ms,p75,162274.23
18,1780553039323170560,1780553040323170560,HTTP Duration (excl. conn),ms,p90,162274.23
18,1780553039323170560,1780553040323170560,HTTP Duration (excl. conn),ms,p95,162274.23
18,1780553039323170560,1780553040323170560,HTTP Duration (excl. conn),ms,p99,162274.23
18,1780553039323170560,1780553040323170560,HTTP Duration (excl. conn),ms,std,0.00
18,1780553039323170560,1780553040323170560,HTTP Receiving,ms,avg,161652.92
18,1780553039323170560,1780553040323170560,HTTP Receiving,ms,min,161652.92
18,1780553039323170560,1780553040323170560,HTTP Receiving,ms,max,161652.92
18,1780553039323170560,1780553040323170560,HTTP Receiving,ms,sum,161652.92
18,1780553039323170560,1780553040323170560,HTTP Receiving,ms,p1,161652.92
18,1780553039323170560,1780553040323170560,HTTP Receiving,ms,p5,161652.92
18,1780553039323170560,1780553040323170560,HTTP Receiving,ms,p10,161652.92
18,1780553039323170560,1780553040323170560,HTTP Receiving,ms,p25,161652.92
18,1780553039323170560,1780553040323170560,HTTP Receiving,ms,p50,161652.92
18,1780553039323170560,1780553040323170560,HTTP Receiving,ms,p75,161652.92
18,1780553039323170560,1780553040323170560,HTTP Receiving,ms,p90,161652.92
18,1780553039323170560,1780553040323170560,HTTP Receiving,ms,p95,161652.92
18,1780553039323170560,1780553040323170560,HTTP Receiving,ms,p99,161652.92
18,1780553039323170560,1780553040323170560,HTTP Receiving,ms,std,0.00
18,1780553039323170560,1780553040323170560,HTTP Sending,ms,avg,0.28
18,1780553039323170560,1780553040323170560,HTTP Sending,ms,min,0.28
18,1780553039323170560,1780553040323170560,HTTP Sending,ms,max,0.28
18,1780553039323170560,1780553040323170560,HTTP Sending,ms,sum,0.28
18,1780553039323170560,1780553040323170560,HTTP Sending,ms,p1,0.28
18,1780553039323170560,1780553040323170560,HTTP Sending,ms,p5,0.28
18,1780553039323170560,1780553040323170560,HTTP Sending,ms,p10,0.28
18,1780553039323170560,1780553040323170560,HTTP Sending,ms,p25,0.28
18,1780553039323170560,1780553040323170560,HTTP Sending,ms,p50,0.28
18,1780553039323170560,1780553040323170560,HTTP Sending,ms,p75,0.28
18,1780553039323170560,1780553040323170560,HTTP Sending,ms,p90,0.28
18,1780553039323170560,1780553040323170560,HTTP Sending,ms,p95,0.28
18,1780553039323170560,1780553040323170560,HTTP Sending,ms,p99,0.28
18,1780553039323170560,1780553040323170560,HTTP Sending,ms,std,0.00
18,1780553039323170560,1780553040323170560,HTTP Total Time,ms,avg,162274.23
18,1780553039323170560,1780553040323170560,HTTP Total Time,ms,min,162274.23
18,1780553039323170560,1780553040323170560,HTTP Total Time,ms,max,162274.23
18,1780553039323170560,1780553040323170560,HTTP Total Time,ms,sum,162274.23
18,1780553039323170560,1780553040323170560,HTTP Total Time,ms,p1,162274.23
18,1780553039323170560,1780553040323170560,HTTP Total Time,ms,p5,162274.23
18,1780553039323170560,1780553040323170560,HTTP Total Time,ms,p10,162274.23
18,1780553039323170560,1780553040323170560,HTTP Total Time,ms,p25,162274.23
18,1780553039323170560,1780553040323170560,HTTP Total Time,ms,p50,162274.23
18,1780553039323170560,1780553040323170560,HTTP Total Time,ms,p75,162274.23
18,1780553039323170560,1780553040323170560,HTTP Total Time,ms,p90,162274.23
18,1780553039323170560,1780553040323170560,HTTP Total Time,ms,p95,162274.23
18,1780553039323170560,1780553040323170560,HTTP Total Time,ms,p99,162274.23
18,1780553039323170560,1780553040323170560,HTTP Total Time,ms,std,0.00
18,1780553039323170560,1780553040323170560,HTTP Waiting (TTFB),ms,avg,621.02
18,1780553039323170560,1780553040323170560,HTTP Waiting (TTFB),ms,min,621.02
18,1780553039323170560,1780553040323170560,HTTP Waiting (TTFB),ms,max,621.02
18,1780553039323170560,1780553040323170560,HTTP Waiting (TTFB),ms,sum,621.02
18,1780553039323170560,1780553040323170560,HTTP Waiting (TTFB),ms,p1,621.02
18,1780553039323170560,1780553040323170560,HTTP Waiting (TTFB),ms,p5,621.02
18,1780553039323170560,1780553040323170560,HTTP Waiting (TTFB),ms,p10,621.02
18,1780553039323170560,1780553040323170560,HTTP Waiting (TTFB),ms,p25,621.02
18,1780553039323170560,1780553040323170560,HTTP Waiting (TTFB),ms,p50,621.02
18,1780553039323170560,1780553040323170560,HTTP Waiting (TTFB),ms,p75,621.02
18,1780553039323170560,1780553040323170560,HTTP Waiting (TTFB),ms,p90,621.02
18,1780553039323170560,1780553040323170560,HTTP Waiting (TTFB),ms,p95,621.02
18,1780553039323170560,1780553040323170560,HTTP Waiting (TTFB),ms,p99,621.02
18,1780553039323170560,1780553040323170560,HTTP Waiting (TTFB),ms,std,0.00
18,1780553039323170560,1780553040323170560,Input Sequence Length,tokens,avg,74036.00
18,1780553039323170560,1780553040323170560,Input Sequence Length,tokens,min,74036.00
18,1780553039323170560,1780553040323170560,Input Sequence Length,tokens,max,74036.00
18,1780553039323170560,1780553040323170560,Input Sequence Length,tokens,sum,74036.00
18,1780553039323170560,1780553040323170560,Input Sequence Length,tokens,p1,74036.00
18,1780553039323170560,1780553040323170560,Input Sequence Length,tokens,p5,74036.00
18,1780553039323170560,1780553040323170560,Input Sequence Length,tokens,p10,74036.00
18,1780553039323170560,1780553040323170560,Input Sequence Length,tokens,p25,74036.00
18,1780553039323170560,1780553040323170560,Input Sequence Length,tokens,p50,74036.00
18,1780553039323170560,1780553040323170560,Input Sequence Length,tokens,p75,74036.00
18,1780553039323170560,1780553040323170560,Input Sequence Length,tokens,p90,74036.00
18,1780553039323170560,1780553040323170560,Input Sequence Length,tokens,p95,74036.00
18,1780553039323170560,1780553040323170560,Input Sequence Length,tokens,p99,74036.00
18,1780553039323170560,1780553040323170560,Input Sequence Length,tokens,std,0.00
18,1780553039323170560,1780553040323170560,Input Token Throughput,tokens/sec,avg,74036.00
18,1780553039323170560,1780553040323170560,Inter Chunk Latency,ms,avg,63.53
18,1780553039323170560,1780553040323170560,Inter Chunk Latency,ms,min,63.40
18,1780553039323170560,1780553040323170560,Inter Chunk Latency,ms,max,63.65
18,1780553039323170560,1780553040323170560,Inter Chunk Latency,ms,sum,69062.22
18,1780553039323170560,1780553040323170560,Inter Chunk Latency,ms,p1,63.40
18,1780553039323170560,1780553040323170560,Inter Chunk Latency,ms,p5,63.41
18,1780553039323170560,1780553040323170560,Inter Chunk Latency,ms,p10,63.43
18,1780553039323170560,1780553040323170560,Inter Chunk Latency,ms,p25,63.48
18,1780553039323170560,1780553040323170560,Inter Chunk Latency,ms,p50,63.54
18,1780553039323170560,1780553040323170560,Inter Chunk Latency,ms,p75,63.59
18,1780553039323170560,1780553040323170560,Inter Chunk Latency,ms,p90,63.63
18,1780553039323170560,1780553040323170560,Inter Chunk Latency,ms,p95,63.64
18,1780553039323170560,1780553040323170560,Inter Chunk Latency,ms,p99,63.64
18,1780553039323170560,1780553040323170560,Inter Chunk Latency,ms,std,0.07
18,1780553039323170560,1780553040323170560,Inter Token Latency,ms,avg,146.82
18,1780553039323170560,1780553040323170560,Inter Token Latency,ms,min,146.82
18,1780553039323170560,1780553040323170560,Inter Token Latency,ms,max,146.82
18,1780553039323170560,1780553040323170560,Inter Token Latency,ms,sum,146.82
18,1780553039323170560,1780553040323170560,Inter Token Latency,ms,p1,146.82
18,1780553039323170560,1780553040323170560,Inter Token Latency,ms,p5,146.82
18,1780553039323170560,1780553040323170560,Inter Token Latency,ms,p10,146.82
18,1780553039323170560,1780553040323170560,Inter Token Latency,ms,p25,146.82
18,1780553039323170560,1780553040323170560,Inter Token Latency,ms,p50,146.82
18,1780553039323170560,1780553040323170560,Inter Token Latency,ms,p75,146.82
18,1780553039323170560,1780553040323170560,Inter Token Latency,ms,p90,146.82
18,1780553039323170560,1780553040323170560,Inter Token Latency,ms,p95,146.82
18,1780553039323170560,1780553040323170560,Inter Token Latency,ms,p99,146.82
18,1780553039323170560,1780553040323170560,Inter Token Latency,ms,std,0.00
18,1780553039323170560,1780553040323170560,Maximum Response Timestamp,ns,avg,1780553202488215296.00
18,1780553039323170560,1780553040323170560,Minimum Request Timestamp,ns,avg,1780553040213865984.00
18,1780553039323170560,1780553040323170560,OSL Mismatch Count,requests,avg,0.00
18,1780553039323170560,1780553040323170560,OSL Mismatch Diff %,%,avg,0.00
18,1780553039323170560,1780553040323170560,OSL Mismatch Diff %,%,min,0.00
18,1780553039323170560,1780553040323170560,OSL Mismatch Diff %,%,max,0.00
18,1780553039323170560,1780553040323170560,OSL Mismatch Diff %,%,sum,0.00
18,1780553039323170560,1780553040323170560,OSL Mismatch Diff %,%,p1,0.00
18,1780553039323170560,1780553040323170560,OSL Mismatch Diff %,%,p5,0.00
18,1780553039323170560,1780553040323170560,OSL Mismatch Diff %,%,p10,0.00
18,1780553039323170560,1780553040323170560,OSL Mismatch Diff %,%,p25,0.00
18,1780553039323170560,1780553040323170560,OSL Mismatch Diff %,%,p50,0.00
18,1780553039323170560,1780553040323170560,OSL Mismatch Diff %,%,p75,0.00
18,1780553039323170560,1780553040323170560,OSL Mismatch Diff %,%,p90,0.00
18,1780553039323170560,1780553040323170560,OSL Mismatch Diff %,%,p95,0.00
18,1780553039323170560,1780553040323170560,OSL Mismatch Diff %,%,p99,0.00
18,1780553039323170560,1780553040323170560,OSL Mismatch Diff %,%,std,0.00
18,1780553039323170560,1780553040323170560,Output Sequence Length,tokens,avg,1102.00
18,1780553039323170560,1780553040323170560,Output Sequence Length,tokens,min,1102.00
18,1780553039323170560,1780553040323170560,Output Sequence Length,tokens,max,1102.00
18,1780553039323170560,1780553040323170560,Output Sequence Length,tokens,sum,1102.00
18,1780553039323170560,1780553040323170560,Output Sequence Length,tokens,p1,1102.00
18,1780553039323170560,1780553040323170560,Output Sequence Length,tokens,p5,1102.00
18,1780553039323170560,1780553040323170560,Output Sequence Length,tokens,p10,1102.00
18,1780553039323170560,1780553040323170560,Output Sequence Length,tokens,p25,1102.00
18,1780553039323170560,1780553040323170560,Output Sequence Length,tokens,p50,1102.00
18,1780553039323170560,1780553040323170560,Output Sequence Length,tokens,p75,1102.00
18,1780553039323170560,1780553040323170560,Output Sequence Length,tokens,p90,1102.00
18,1780553039323170560,1780553040323170560,Output Sequence Length,tokens,p95,1102.00
18,1780553039323170560,1780553040323170560,Output Sequence Length,tokens,p99,1102.00
18,1780553039323170560,1780553040323170560,Output Sequence Length,tokens,std,0.00
18,1780553039323170560,1780553040323170560,Output Token Count,tokens,avg,1102.00
18,1780553039323170560,1780553040323170560,Output Token Count,tokens,min,1102.00
18,1780553039323170560,1780553040323170560,Output Token Count,tokens,max,1102.00
18,1780553039323170560,1780553040323170560,Output Token Count,tokens,sum,1102.00
18,1780553039323170560,1780553040323170560,Output Token Count,tokens,p1,1102.00
18,1780553039323170560,1780553040323170560,Output Token Count,tokens,p5,1102.00
18,1780553039323170560,1780553040323170560,Output Token Count,tokens,p10,1102.00
18,1780553039323170560,1780553040323170560,Output Token Count,tokens,p25,1102.00
18,1780553039323170560,1780553040323170560,Output Token Count,tokens,p50,1102.00
18,1780553039323170560,1780553040323170560,Output Token Count,tokens,p75,1102.00
18,1780553039323170560,1780553040323170560,Output Token Count,tokens,p90,1102.00
18,1780553039323170560,1780553040323170560,Output Token Count,tokens,p95,1102.00
18,1780553039323170560,1780553040323170560,Output Token Count,tokens,p99,1102.00
18,1780553039323170560,1780553040323170560,Output Token Count,tokens,std,0.00
18,1780553039323170560,1780553040323170560,Output Token Throughput,tokens/sec,avg,1102.00
18,1780553039323170560,1780553040323170560,Output Token Throughput Per User,tokens/sec/user,avg,6.81
18,1780553039323170560,1780553040323170560,Output Token Throughput Per User,tokens/sec/user,min,6.81
18,1780553039323170560,1780553040323170560,Output Token Throughput Per User,tokens/sec/user,max,6.81
18,1780553039323170560,1780553040323170560,Output Token Throughput Per User,tokens/sec/user,sum,6.81
18,1780553039323170560,1780553040323170560,Output Token Throughput Per User,tokens/sec/user,p1,6.81
18,1780553039323170560,1780553040323170560,Output Token Throughput Per User,tokens/sec/user,p5,6.81
18,1780553039323170560,1780553040323170560,Output Token Throughput Per User,tokens/sec/user,p10,6.81
18,1780553039323170560,1780553040323170560,Output Token Throughput Per User,tokens/sec/user,p25,6.81
18,1780553039323170560,1780553040323170560,Output Token Throughput Per User,tokens/sec/user,p50,6.81
18,1780553039323170560,1780553040323170560,Output Token Throughput Per User,tokens/sec/user,p75,6.81
18,1780553039323170560,1780553040323170560,Output Token Throughput Per User,tokens/sec/user,p90,6.81
18,1780553039323170560,1780553040323170560,Output Token Throughput Per User,tokens/sec/user,p95,6.81
18,1780553039323170560,1780553040323170560,Output Token Throughput Per User,tokens/sec/user,p99,6.81
18,1780553039323170560,1780553040323170560,Output Token Throughput Per User,tokens/sec/user,std,0.00
18,1780553039323170560,1780553040323170560,Prefill Throughput Per User,tokens/sec/user,avg,119137.22
18,1780553039323170560,1780553040323170560,Prefill Throughput Per User,tokens/sec/user,min,119137.22
18,1780553039323170560,1780553040323170560,Prefill Throughput Per User,tokens/sec/user,max,119137.22
18,1780553039323170560,1780553040323170560,Prefill Throughput Per User,tokens/sec/user,sum,119137.22
18,1780553039323170560,1780553040323170560,Prefill Throughput Per User,tokens/sec/user,p1,119137.22
18,1780553039323170560,1780553040323170560,Prefill Throughput Per User,tokens/sec/user,p5,119137.22
18,1780553039323170560,1780553040323170560,Prefill Throughput Per User,tokens/sec/user,p10,119137.22
18,1780553039323170560,1780553040323170560,Prefill Throughput Per User,tokens/sec/user,p25,119137.22
18,1780553039323170560,1780553040323170560,Prefill Throughput Per User,tokens/sec/user,p50,119137.22
18,1780553039323170560,1780553040323170560,Prefill Throughput Per User,tokens/sec/user,p75,119137.22
18,1780553039323170560,1780553040323170560,Prefill Throughput Per User,tokens/sec/user,p90,119137.22
18,1780553039323170560,1780553040323170560,Prefill Throughput Per User,tokens/sec/user,p95,119137.22
18,1780553039323170560,1780553040323170560,Prefill Throughput Per User,tokens/sec/user,p99,119137.22
18,1780553039323170560,1780553040323170560,Prefill Throughput Per User,tokens/sec/user,std,0.00
18,1780553039323170560,1780553040323170560,Request Count,requests,avg,1.00
18,1780553039323170560,1780553040323170560,Request Latency,ms,avg,162274.35
18,1780553039323170560,1780553040323170560,Request Latency,ms,min,162274.35
18,1780553039323170560,1780553040323170560,Request Latency,ms,max,162274.35
18,1780553039323170560,1780553040323170560,Request Latency,ms,sum,162274.35
18,1780553039323170560,1780553040323170560,Request Latency,ms,p1,162274.35
18,1780553039323170560,1780553040323170560,Request Latency,ms,p5,162274.35
18,1780553039323170560,1780553040323170560,Request Latency,ms,p10,162274.35
18,1780553039323170560,1780553040323170560,Request Latency,ms,p25,162274.35
18,1780553039323170560,1780553040323170560,Request Latency,ms,p50,162274.35
18,1780553039323170560,1780553040323170560,Request Latency,ms,p75,162274.35
18,1780553039323170560,1780553040323170560,Request Latency,ms,p90,162274.35
18,1780553039323170560,1780553040323170560,Request Latency,ms,p95,162274.35
18,1780553039323170560,1780553040323170560,Request Latency,ms,p99,162274.35
18,1780553039323170560,1780553040323170560,Request Latency,ms,std,0.00
18,1780553039323170560,1780553040323170560,Request Throughput,requests/sec,avg,1.00
18,1780553039323170560,1780553040323170560,Requested OSL,tokens,avg,1102.00
18,1780553039323170560,1780553040323170560,Requested OSL,tokens,min,1102.00
18,1780553039323170560,1780553040323170560,Requested OSL,tokens,max,1102.00
18,1780553039323170560,1780553040323170560,Requested OSL,tokens,sum,1102.00
18,1780553039323170560,1780553040323170560,Requested OSL,tokens,p1,1102.00
18,1780553039323170560,1780553040323170560,Requested OSL,tokens,p5,1102.00
18,1780553039323170560,1780553040323170560,Requested OSL,tokens,p10,1102.00
18,1780553039323170560,1780553040323170560,Requested OSL,tokens,p25,1102.00
18,1780553039323170560,1780553040323170560,Requested OSL,tokens,p50,1102.00
18,1780553039323170560,1780553040323170560,Requested OSL,tokens,p75,1102.00
18,1780553039323170560,1780553040323170560,Requested OSL,tokens,p90,1102.00
18,1780553039323170560,1780553040323170560,Requested OSL,tokens,p95,1102.00
18,1780553039323170560,1780553040323170560,Requested OSL,tokens,p99,1102.00
18,1780553039323170560,1780553040323170560,Requested OSL,tokens,std,0.00
18,1780553039323170560,1780553040323170560,Time to First Output Token,ms,avg,621.43
18,1780553039323170560,1780553040323170560,Time to First Output Token,ms,min,621.43
18,1780553039323170560,1780553040323170560,Time to First Output Token,ms,max,621.43
18,1780553039323170560,1780553040323170560,Time to First Output Token,ms,sum,621.43
18,1780553039323170560,1780553040323170560,Time to First Output Token,ms,p1,621.43
18,1780553039323170560,1780553040323170560,Time to First Output Token,ms,p5,621.43
18,1780553039323170560,1780553040323170560,Time to First Output Token,ms,p10,621.43
18,1780553039323170560,1780553040323170560,Time to First Output Token,ms,p25,621.43
18,1780553039323170560,1780553040323170560,Time to First Output Token,ms,p50,621.43
18,1780553039323170560,1780553040323170560,Time to First Output Token,ms,p75,621.43
18,1780553039323170560,1780553040323170560,Time to First Output Token,ms,p90,621.43
18,1780553039323170560,1780553040323170560,Time to First Output Token,ms,p95,621.43
18,1780553039323170560,1780553040323170560,Time to First Output Token,ms,p99,621.43
18,1780553039323170560,1780553040323170560,Time to First Output Token,ms,std,0.00
18,1780553039323170560,1780553040323170560,Time to First Token,ms,avg,621.43
18,1780553039323170560,1780553040323170560,Time to First Token,ms,min,621.43
18,1780553039323170560,1780553040323170560,Time to First Token,ms,max,621.43
18,1780553039323170560,1780553040323170560,Time to First Token,ms,sum,621.43
18,1780553039323170560,1780553040323170560,Time to First Token,ms,p1,621.43
18,1780553039323170560,1780553040323170560,Time to First Token,ms,p5,621.43
18,1780553039323170560,1780553040323170560,Time to First Token,ms,p10,621.43
18,1780553039323170560,1780553040323170560,Time to First Token,ms,p25,621.43
18,1780553039323170560,1780553040323170560,Time to First Token,ms,p50,621.43
18,1780553039323170560,1780553040323170560,Time to First Token,ms,p75,621.43
18,1780553039323170560,1780553040323170560,Time to First Token,ms,p90,621.43
18,1780553039323170560,1780553040323170560,Time to First Token,ms,p95,621.43
18,1780553039323170560,1780553040323170560,Time to First Token,ms,p99,621.43
18,1780553039323170560,1780553040323170560,Time to First Token,ms,std,0.00
18,1780553039323170560,1780553040323170560,Time to Second Token,ms,avg,0.75
18,1780553039323170560,1780553040323170560,Time to Second Token,ms,min,0.75
18,1780553039323170560,1780553040323170560,Time to Second Token,ms,max,0.75
18,1780553039323170560,1780553040323170560,Time to Second Token,ms,sum,0.75
18,1780553039323170560,1780553040323170560,Time to Second Token,ms,p1,0.75
18,1780553039323170560,1780553040323170560,Time to Second Token,ms,p5,0.75
18,1780553039323170560,1780553040323170560,Time to Second Token,ms,p10,0.75
18,1780553039323170560,1780553040323170560,Time to Second Token,ms,p25,0.75
18,1780553039323170560,1780553040323170560,Time to Second Token,ms,p50,0.75
18,1780553039323170560,1780553040323170560,Time to Second Token,ms,p75,0.75
18,1780553039323170560,1780553040323170560,Time to Second Token,ms,p90,0.75
18,1780553039323170560,1780553040323170560,Time to Second Token,ms,p95,0.75
18,1780553039323170560,1780553040323170560,Time to Second Token,ms,p99,0.75
18,1780553039323170560,1780553040323170560,Time to Second Token,ms,std,0.00
18,1780553039323170560,1780553040323170560,Tokens In Flight,tokens,avg,1147721.92
18,1780553039323170560,1780553040323170560,Tokens In Flight,tokens,min,1139555.64
18,1780553039323170560,1780553040323170560,Tokens In Flight,tokens,max,1213740.68
18,1780553039323170560,1780553040323170560,Tokens In Flight,tokens,p50,1139630.77
18,1780553039323170560,1780553040323170560,Tokens In Flight,tokens,p90,1213724.71
18,1780553039323170560,1780553040323170560,Tokens In Flight,tokens,p95,1213732.19
18,1780553039323170560,1780553040323170560,Tokens In Flight,tokens,p99,1213735.20
18,1780553039323170560,1780553040323170560,Tokens In Flight,tokens,std,23123.84
18,1780553039323170560,1780553040323170560,Total Input Sequence Length,tokens,avg,74036.00
18,1780553039323170560,1780553040323170560,Total Output Sequence Length,tokens,avg,1102.00
18,1780553039323170560,1780553040323170560,Total Output Tokens,tokens,avg,1102.00
18,1780553039323170560,1780553040323170560,Total Token Throughput,tokens/sec,avg,75138.00
18,1780553039323170560,1780553040323170560,Total Usage Completion Tokens,tokens,avg,1102.00
18,1780553039323170560,1780553040323170560,Total Usage Prompt Tokens,tokens,avg,74036.00
18,1780553039323170560,1780553040323170560,Total Usage Total Tokens,tokens,avg,75138.00
18,1780553039323170560,1780553040323170560,Usage Completion Tokens,tokens,avg,1102.00
18,1780553039323170560,1780553040323170560,Usage Completion Tokens,tokens,min,1102.00
18,1780553039323170560,1780553040323170560,Usage Completion Tokens,tokens,max,1102.00
18,1780553039323170560,1780553040323170560,Usage Completion Tokens,tokens,sum,1102.00
18,1780553039323170560,1780553040323170560,Usage Completion Tokens,tokens,p1,1102.00
18,1780553039323170560,1780553040323170560,Usage Completion Tokens,tokens,p5,1102.00
18,1780553039323170560,1780553040323170560,Usage Completion Tokens,tokens,p10,1102.00
18,1780553039323170560,1780553040323170560,Usage Completion Tokens,tokens,p25,1102.00
18,1780553039323170560,1780553040323170560,Usage Completion Tokens,tokens,p50,1102.00
18,1780553039323170560,1780553040323170560,Usage Completion Tokens,tokens,p75,1102.00
18,1780553039323170560,1780553040323170560,Usage Completion Tokens,tokens,p90,1102.00
18,1780553039323170560,1780553040323170560,Usage Completion Tokens,tokens,p95,1102.00
18,1780553039323170560,1780553040323170560,Usage Completion Tokens,tokens,p99,1102.00
18,1780553039323170560,1780553040323170560,Usage Completion Tokens,tokens,std,0.00
18,1780553039323170560,1780553040323170560,Usage Prompt Tokens,tokens,avg,74036.00
18,1780553039323170560,1780553040323170560,Usage Prompt Tokens,tokens,min,74036.00
18,1780553039323170560,1780553040323170560,Usage Prompt Tokens,tokens,max,74036.00
18,1780553039323170560,1780553040323170560,Usage Prompt Tokens,tokens,sum,74036.00
18,1780553039323170560,1780553040323170560,Usage Prompt Tokens,tokens,p1,74036.00
18,1780553039323170560,1780553040323170560,Usage Prompt Tokens,tokens,p5,74036.00
18,1780553039323170560,1780553040323170560,Usage Prompt Tokens,tokens,p10,74036.00
18,1780553039323170560,1780553040323170560,Usage Prompt Tokens,tokens,p25,74036.00
18,1780553039323170560,1780553040323170560,Usage Prompt Tokens,tokens,p50,74036.00
18,1780553039323170560,1780553040323170560,Usage Prompt Tokens,tokens,p75,74036.00
18,1780553039323170560,1780553040323170560,Usage Prompt Tokens,tokens,p90,74036.00
18,1780553039323170560,1780553040323170560,Usage Prompt Tokens,tokens,p95,74036.00
18,1780553039323170560,1780553040323170560,Usage Prompt Tokens,tokens,p99,74036.00
18,1780553039323170560,1780553040323170560,Usage Prompt Tokens,tokens,std,0.00
18,1780553039323170560,1780553040323170560,Usage Total Tokens,tokens,avg,75138.00
18,1780553039323170560,1780553040323170560,Usage Total Tokens,tokens,min,75138.00
18,1780553039323170560,1780553040323170560,Usage Total Tokens,tokens,max,75138.00
18,1780553039323170560,1780553040323170560,Usage Total Tokens,tokens,sum,75138.00
18,1780553039323170560,1780553040323170560,Usage Total Tokens,tokens,p1,75138.00
18,1780553039323170560,1780553040323170560,Usage Total Tokens,tokens,p5,75138.00
18,1780553039323170560,1780553040323170560,Usage Total Tokens,tokens,p10,75138.00
18,1780553039323170560,1780553040323170560,Usage Total Tokens,tokens,p25,75138.00
18,1780553039323170560,1780553040323170560,Usage Total Tokens,tokens,p50,75138.00
18,1780553039323170560,1780553040323170560,Usage Total Tokens,tokens,p75,75138.00
18,1780553039323170560,1780553040323170560,Usage Total Tokens,tokens,p90,75138.00
18,1780553039323170560,1780553040323170560,Usage Total Tokens,tokens,p95,75138.00
18,1780553039323170560,1780553040323170560,Usage Total Tokens,tokens,p99,75138.00
18,1780553039323170560,1780553040323170560,Usage Total Tokens,tokens,std,0.00
19,1780553048323170560,1780553049323170560,Active Decode Throughput,tokens/sec,avg,108.79
19,1780553048323170560,1780553049323170560,Active Decode Throughput,tokens/sec,min,82.00
19,1780553048323170560,1780553049323170560,Active Decode Throughput,tokens/sec,max,135.58
19,1780553048323170560,1780553049323170560,Active Decode Throughput,tokens/sec,p50,108.81
19,1780553048323170560,1780553049323170560,Active Decode Throughput,tokens/sec,p90,108.82
19,1780553048323170560,1780553049323170560,Active Decode Throughput,tokens/sec,p95,108.83
19,1780553048323170560,1780553049323170560,Active Decode Throughput,tokens/sec,p99,108.85
19,1780553048323170560,1780553049323170560,Active Decode Throughput,tokens/sec,std,0.06
19,1780553048323170560,1780553049323170560,Active Decode Throughput Per User,tokens/sec/user,avg,10.88
19,1780553048323170560,1780553049323170560,Active Decode Throughput Per User,tokens/sec/user,min,8.20
19,1780553048323170560,1780553049323170560,Active Decode Throughput Per User,tokens/sec/user,max,13.56
19,1780553048323170560,1780553049323170560,Active Decode Throughput Per User,tokens/sec/user,p50,10.88
19,1780553048323170560,1780553049323170560,Active Decode Throughput Per User,tokens/sec/user,p90,10.88
19,1780553048323170560,1780553049323170560,Active Decode Throughput Per User,tokens/sec/user,p95,10.88
19,1780553048323170560,1780553049323170560,Active Decode Throughput Per User,tokens/sec/user,p99,10.88
19,1780553048323170560,1780553049323170560,Active Decode Throughput Per User,tokens/sec/user,std,0.01
19,1780553048323170560,1780553049323170560,Active Prefill Throughput,tokens/sec,avg,20517.31
19,1780553048323170560,1780553049323170560,Active Prefill Throughput,tokens/sec,min,20517.31
19,1780553048323170560,1780553049323170560,Active Prefill Throughput,tokens/sec,max,20517.31
19,1780553048323170560,1780553049323170560,Active Prefill Throughput,tokens/sec,p50,20517.31
19,1780553048323170560,1780553049323170560,Active Prefill Throughput,tokens/sec,p90,20517.31
19,1780553048323170560,1780553049323170560,Active Prefill Throughput,tokens/sec,p95,20517.31
19,1780553048323170560,1780553049323170560,Active Prefill Throughput,tokens/sec,p99,20517.31
19,1780553048323170560,1780553049323170560,Active Prefill Throughput,tokens/sec,std,0.00
19,1780553048323170560,1780553049323170560,Active Prefill Throughput Per User,tokens/sec/user,avg,20517.31
19,1780553048323170560,1780553049323170560,Active Prefill Throughput Per User,tokens/sec/user,min,20517.31
19,1780553048323170560,1780553049323170560,Active Prefill Throughput Per User,tokens/sec/user,max,20517.31
19,1780553048323170560,1780553049323170560,Active Prefill Throughput Per User,tokens/sec/user,p50,20517.31
19,1780553048323170560,1780553049323170560,Active Prefill Throughput Per User,tokens/sec/user,p90,20517.31
19,1780553048323170560,1780553049323170560,Active Prefill Throughput Per User,tokens/sec/user,p95,20517.31
19,1780553048323170560,1780553049323170560,Active Prefill Throughput Per User,tokens/sec/user,p99,20517.31
19,1780553048323170560,1780553049323170560,Active Prefill Throughput Per User,tokens/sec/user,std,0.00
19,1780553048323170560,1780553049323170560,Active Total Throughput,tokens/sec,avg,18388.93
19,1780553048323170560,1780553049323170560,Active Total Throughput,tokens/sec,min,75.97
19,1780553048323170560,1780553049323170560,Active Total Throughput,tokens/sec,max,20593.28
19,1780553048323170560,1780553049323170560,Active Total Throughput,tokens/sec,p50,20593.28
19,1780553048323170560,1780553049323170560,Active Total Throughput,tokens/sec,p90,20593.28
19,1780553048323170560,1780553049323170560,Active Total Throughput,tokens/sec,p95,20593.28
19,1780553048323170560,1780553049323170560,Active Total Throughput,tokens/sec,p99,20593.28
19,1780553048323170560,1780553049323170560,Active Total Throughput,tokens/sec,std,6353.60
19,1780553048323170560,1780553049323170560,Benchmark Duration,sec,avg,3.59
19,1780553048323170560,1780553049323170560,E2E Output Token Throughput,tokens/sec/user,avg,2.51
19,1780553048323170560,1780553049323170560,E2E Output Token Throughput,tokens/sec/user,min,2.51
19,1780553048323170560,1780553049323170560,E2E Output Token Throughput,tokens/sec/user,max,2.51
19,1780553048323170560,1780553049323170560,E2E Output Token Throughput,tokens/sec/user,sum,2.51
19,1780553048323170560,1780553049323170560,E2E Output Token Throughput,tokens/sec/user,p1,2.51
19,1780553048323170560,1780553049323170560,E2E Output Token Throughput,tokens/sec/user,p5,2.51
19,1780553048323170560,1780553049323170560,E2E Output Token Throughput,tokens/sec/user,p10,2.51
19,1780553048323170560,1780553049323170560,E2E Output Token Throughput,tokens/sec/user,p25,2.51
19,1780553048323170560,1780553049323170560,E2E Output Token Throughput,tokens/sec/user,p50,2.51
19,1780553048323170560,1780553049323170560,E2E Output Token Throughput,tokens/sec/user,p75,2.51
19,1780553048323170560,1780553049323170560,E2E Output Token Throughput,tokens/sec/user,p90,2.51
19,1780553048323170560,1780553049323170560,E2E Output Token Throughput,tokens/sec/user,p95,2.51
19,1780553048323170560,1780553049323170560,E2E Output Token Throughput,tokens/sec/user,p99,2.51
19,1780553048323170560,1780553049323170560,E2E Output Token Throughput,tokens/sec/user,std,0.00
19,1780553048323170560,1780553049323170560,Effective Concurrency,requests,avg,10.89
19,1780553048323170560,1780553049323170560,Effective Concurrency,requests,min,10.00
19,1780553048323170560,1780553049323170560,Effective Concurrency,requests,max,11.00
19,1780553048323170560,1780553049323170560,Effective Concurrency,requests,p50,11.00
19,1780553048323170560,1780553049323170560,Effective Concurrency,requests,p90,11.00
19,1780553048323170560,1780553049323170560,Effective Concurrency,requests,p95,11.00
19,1780553048323170560,1780553049323170560,Effective Concurrency,requests,p99,11.00
19,1780553048323170560,1780553049323170560,Effective Concurrency,requests,std,0.31
19,1780553048323170560,1780553049323170560,Effective Decode Concurrency,requests,avg,10.00
19,1780553048323170560,1780553049323170560,Effective Decode Concurrency,requests,min,10.00
19,1780553048323170560,1780553049323170560,Effective Decode Concurrency,requests,max,10.00
19,1780553048323170560,1780553049323170560,Effective Decode Concurrency,requests,p50,10.00
19,1780553048323170560,1780553049323170560,Effective Decode Concurrency,requests,p90,10.00
19,1780553048323170560,1780553049323170560,Effective Decode Concurrency,requests,p95,10.00
19,1780553048323170560,1780553049323170560,Effective Decode Concurrency,requests,p99,10.00
19,1780553048323170560,1780553049323170560,Effective Decode Concurrency,requests,std,0.00
19,1780553048323170560,1780553049323170560,Effective Decode Throughput,tokens/sec,avg,108.79
19,1780553048323170560,1780553049323170560,Effective Decode Throughput,tokens/sec,min,82.00
19,1780553048323170560,1780553049323170560,Effective Decode Throughput,tokens/sec,max,135.58
19,1780553048323170560,1780553049323170560,Effective Decode Throughput,tokens/sec,p50,108.81
19,1780553048323170560,1780553049323170560,Effective Decode Throughput,tokens/sec,p90,108.82
19,1780553048323170560,1780553049323170560,Effective Decode Throughput,tokens/sec,p95,108.83
19,1780553048323170560,1780553049323170560,Effective Decode Throughput,tokens/sec,p99,108.85
19,1780553048323170560,1780553049323170560,Effective Decode Throughput,tokens/sec,std,0.06
19,1780553048323170560,1780553049323170560,Effective Decode Throughput Per User,tokens/sec/user,avg,10.88
19,1780553048323170560,1780553049323170560,Effective Decode Throughput Per User,tokens/sec/user,min,8.20
19,1780553048323170560,1780553049323170560,Effective Decode Throughput Per User,tokens/sec/user,max,13.56
19,1780553048323170560,1780553049323170560,Effective Decode Throughput Per User,tokens/sec/user,p50,10.88
19,1780553048323170560,1780553049323170560,Effective Decode Throughput Per User,tokens/sec/user,p90,10.88
19,1780553048323170560,1780553049323170560,Effective Decode Throughput Per User,tokens/sec/user,p95,10.88
19,1780553048323170560,1780553049323170560,Effective Decode Throughput Per User,tokens/sec/user,p99,10.88
19,1780553048323170560,1780553049323170560,Effective Decode Throughput Per User,tokens/sec/user,std,0.01
19,1780553048323170560,1780553049323170560,Effective Prefill Concurrency,requests,avg,0.89
19,1780553048323170560,1780553049323170560,Effective Prefill Concurrency,requests,min,0.00
19,1780553048323170560,1780553049323170560,Effective Prefill Concurrency,requests,max,1.00
19,1780553048323170560,1780553049323170560,Effective Prefill Concurrency,requests,p50,1.00
19,1780553048323170560,1780553049323170560,Effective Prefill Concurrency,requests,p90,1.00
19,1780553048323170560,1780553049323170560,Effective Prefill Concurrency,requests,p95,1.00
19,1780553048323170560,1780553049323170560,Effective Prefill Concurrency,requests,p99,1.00
19,1780553048323170560,1780553049323170560,Effective Prefill Concurrency,requests,std,0.31
19,1780553048323170560,1780553049323170560,Effective Prefill Throughput,tokens/sec,avg,18312.96
19,1780553048323170560,1780553049323170560,Effective Prefill Throughput,tokens/sec,min,0.00
19,1780553048323170560,1780553049323170560,Effective Prefill Throughput,tokens/sec,max,20517.31
19,1780553048323170560,1780553049323170560,Effective Prefill Throughput,tokens/sec,p50,20517.31
19,1780553048323170560,1780553049323170560,Effective Prefill Throughput,tokens/sec,p90,20517.31
19,1780553048323170560,1780553049323170560,Effective Prefill Throughput,tokens/sec,p95,20517.31
19,1780553048323170560,1780553049323170560,Effective Prefill Throughput,tokens/sec,p99,20517.31
19,1780553048323170560,1780553049323170560,Effective Prefill Throughput,tokens/sec,std,6353.60
19,1780553048323170560,1780553049323170560,Effective Prefill Throughput Per User,tokens/sec/user,avg,18312.96
19,1780553048323170560,1780553049323170560,Effective Prefill Throughput Per User,tokens/sec/user,min,0.00
19,1780553048323170560,1780553049323170560,Effective Prefill Throughput Per User,tokens/sec/user,max,20517.31
19,1780553048323170560,1780553049323170560,Effective Prefill Throughput Per User,tokens/sec/user,p50,20517.31
19,1780553048323170560,1780553049323170560,Effective Prefill Throughput Per User,tokens/sec/user,p90,20517.31
19,1780553048323170560,1780553049323170560,Effective Prefill Throughput Per User,tokens/sec/user,p95,20517.31
19,1780553048323170560,1780553049323170560,Effective Prefill Throughput Per User,tokens/sec/user,p99,20517.31
19,1780553048323170560,1780553049323170560,Effective Prefill Throughput Per User,tokens/sec/user,std,6353.60
19,1780553048323170560,1780553049323170560,Effective Total Throughput,tokens/sec,avg,18388.93
19,1780553048323170560,1780553049323170560,Effective Total Throughput,tokens/sec,min,75.97
19,1780553048323170560,1780553049323170560,Effective Total Throughput,tokens/sec,max,20593.28
19,1780553048323170560,1780553049323170560,Effective Total Throughput,tokens/sec,p50,20593.28
19,1780553048323170560,1780553049323170560,Effective Total Throughput,tokens/sec,p90,20593.28
19,1780553048323170560,1780553049323170560,Effective Total Throughput,tokens/sec,p95,20593.28
19,1780553048323170560,1780553049323170560,Effective Total Throughput,tokens/sec,p99,20593.28
19,1780553048323170560,1780553049323170560,Effective Total Throughput,tokens/sec,std,6353.60
19,1780553048323170560,1780553049323170560,HTTP Blocked,ms,avg,0.00
19,1780553048323170560,1780553049323170560,HTTP Blocked,ms,min,0.00
19,1780553048323170560,1780553049323170560,HTTP Blocked,ms,max,0.00
19,1780553048323170560,1780553049323170560,HTTP Blocked,ms,sum,0.00
19,1780553048323170560,1780553049323170560,HTTP Blocked,ms,p1,0.00
19,1780553048323170560,1780553049323170560,HTTP Blocked,ms,p5,0.00
19,1780553048323170560,1780553049323170560,HTTP Blocked,ms,p10,0.00
19,1780553048323170560,1780553049323170560,HTTP Blocked,ms,p25,0.00
19,1780553048323170560,1780553049323170560,HTTP Blocked,ms,p50,0.00
19,1780553048323170560,1780553049323170560,HTTP Blocked,ms,p75,0.00
19,1780553048323170560,1780553049323170560,HTTP Blocked,ms,p90,0.00
19,1780553048323170560,1780553049323170560,HTTP Blocked,ms,p95,0.00
19,1780553048323170560,1780553049323170560,HTTP Blocked,ms,p99,0.00
19,1780553048323170560,1780553049323170560,HTTP Blocked,ms,std,0.00
19,1780553048323170560,1780553049323170560,HTTP Chunks Received,count,avg,9.00
19,1780553048323170560,1780553049323170560,HTTP Chunks Received,count,min,9.00
19,1780553048323170560,1780553049323170560,HTTP Chunks Received,count,max,9.00
19,1780553048323170560,1780553049323170560,HTTP Chunks Received,count,sum,9.00
19,1780553048323170560,1780553049323170560,HTTP Chunks Received,count,p1,9.00
19,1780553048323170560,1780553049323170560,HTTP Chunks Received,count,p5,9.00
19,1780553048323170560,1780553049323170560,HTTP Chunks Received,count,p10,9.00
19,1780553048323170560,1780553049323170560,HTTP Chunks Received,count,p25,9.00
19,1780553048323170560,1780553049323170560,HTTP Chunks Received,count,p50,9.00
19,1780553048323170560,1780553049323170560,HTTP Chunks Received,count,p75,9.00
19,1780553048323170560,1780553049323170560,HTTP Chunks Received,count,p90,9.00
19,1780553048323170560,1780553049323170560,HTTP Chunks Received,count,p95,9.00
19,1780553048323170560,1780553049323170560,HTTP Chunks Received,count,p99,9.00
19,1780553048323170560,1780553049323170560,HTTP Chunks Received,count,std,0.00
19,1780553048323170560,1780553049323170560,HTTP Chunks Sent,count,avg,1.00
19,1780553048323170560,1780553049323170560,HTTP Chunks Sent,count,min,1.00
19,1780553048323170560,1780553049323170560,HTTP Chunks Sent,count,max,1.00
19,1780553048323170560,1780553049323170560,HTTP Chunks Sent,count,sum,1.00
19,1780553048323170560,1780553049323170560,HTTP Chunks Sent,count,p1,1.00
19,1780553048323170560,1780553049323170560,HTTP Chunks Sent,count,p5,1.00
19,1780553048323170560,1780553049323170560,HTTP Chunks Sent,count,p10,1.00
19,1780553048323170560,1780553049323170560,HTTP Chunks Sent,count,p25,1.00
19,1780553048323170560,1780553049323170560,HTTP Chunks Sent,count,p50,1.00
19,1780553048323170560,1780553049323170560,HTTP Chunks Sent,count,p75,1.00
19,1780553048323170560,1780553049323170560,HTTP Chunks Sent,count,p90,1.00
19,1780553048323170560,1780553049323170560,HTTP Chunks Sent,count,p95,1.00
19,1780553048323170560,1780553049323170560,HTTP Chunks Sent,count,p99,1.00
19,1780553048323170560,1780553049323170560,HTTP Chunks Sent,count,std,0.00
19,1780553048323170560,1780553049323170560,HTTP Connecting,ms,avg,0.72
19,1780553048323170560,1780553049323170560,HTTP Connecting,ms,min,0.72
19,1780553048323170560,1780553049323170560,HTTP Connecting,ms,max,0.72
19,1780553048323170560,1780553049323170560,HTTP Connecting,ms,sum,0.72
19,1780553048323170560,1780553049323170560,HTTP Connecting,ms,p1,0.72
19,1780553048323170560,1780553049323170560,HTTP Connecting,ms,p5,0.72
19,1780553048323170560,1780553049323170560,HTTP Connecting,ms,p10,0.72
19,1780553048323170560,1780553049323170560,HTTP Connecting,ms,p25,0.72
19,1780553048323170560,1780553049323170560,HTTP Connecting,ms,p50,0.72
19,1780553048323170560,1780553049323170560,HTTP Connecting,ms,p75,0.72
19,1780553048323170560,1780553049323170560,HTTP Connecting,ms,p90,0.72
19,1780553048323170560,1780553049323170560,HTTP Connecting,ms,p95,0.72
19,1780553048323170560,1780553049323170560,HTTP Connecting,ms,p99,0.72
19,1780553048323170560,1780553049323170560,HTTP Connecting,ms,std,0.00
19,1780553048323170560,1780553049323170560,HTTP Connection Overhead,ms,avg,0.72
19,1780553048323170560,1780553049323170560,HTTP Connection Overhead,ms,min,0.72
19,1780553048323170560,1780553049323170560,HTTP Connection Overhead,ms,max,0.72
19,1780553048323170560,1780553049323170560,HTTP Connection Overhead,ms,sum,0.72
19,1780553048323170560,1780553049323170560,HTTP Connection Overhead,ms,p1,0.72
19,1780553048323170560,1780553049323170560,HTTP Connection Overhead,ms,p5,0.72
19,1780553048323170560,1780553049323170560,HTTP Connection Overhead,ms,p10,0.72
19,1780553048323170560,1780553049323170560,HTTP Connection Overhead,ms,p25,0.72
19,1780553048323170560,1780553049323170560,HTTP Connection Overhead,ms,p50,0.72
19,1780553048323170560,1780553049323170560,HTTP Connection Overhead,ms,p75,0.72
19,1780553048323170560,1780553049323170560,HTTP Connection Overhead,ms,p90,0.72
19,1780553048323170560,1780553049323170560,HTTP Connection Overhead,ms,p95,0.72
19,1780553048323170560,1780553049323170560,HTTP Connection Overhead,ms,p99,0.72
19,1780553048323170560,1780553049323170560,HTTP Connection Overhead,ms,std,0.00
19,1780553048323170560,1780553049323170560,HTTP Connection Reused,ratio,avg,0.00
19,1780553048323170560,1780553049323170560,HTTP Connection Reused,ratio,min,0.00
19,1780553048323170560,1780553049323170560,HTTP Connection Reused,ratio,max,0.00
19,1780553048323170560,1780553049323170560,HTTP Connection Reused,ratio,sum,0.00
19,1780553048323170560,1780553049323170560,HTTP Connection Reused,ratio,p1,0.00
19,1780553048323170560,1780553049323170560,HTTP Connection Reused,ratio,p5,0.00
19,1780553048323170560,1780553049323170560,HTTP Connection Reused,ratio,p10,0.00
19,1780553048323170560,1780553049323170560,HTTP Connection Reused,ratio,p25,0.00
19,1780553048323170560,1780553049323170560,HTTP Connection Reused,ratio,p50,0.00
19,1780553048323170560,1780553049323170560,HTTP Connection Reused,ratio,p75,0.00
19,1780553048323170560,1780553049323170560,HTTP Connection Reused,ratio,p90,0.00
19,1780553048323170560,1780553049323170560,HTTP Connection Reused,ratio,p95,0.00
19,1780553048323170560,1780553049323170560,HTTP Connection Reused,ratio,p99,0.00
19,1780553048323170560,1780553049323170560,HTTP Connection Reused,ratio,std,0.00
19,1780553048323170560,1780553049323170560,HTTP Data Received,KB,avg,2.85
19,1780553048323170560,1780553049323170560,HTTP Data Received,KB,min,2.85
19,1780553048323170560,1780553049323170560,HTTP Data Received,KB,max,2.85
19,1780553048323170560,1780553049323170560,HTTP Data Received,KB,sum,2.85
19,1780553048323170560,1780553049323170560,HTTP Data Received,KB,p1,2.85
19,1780553048323170560,1780553049323170560,HTTP Data Received,KB,p5,2.85
19,1780553048323170560,1780553049323170560,HTTP Data Received,KB,p10,2.85
19,1780553048323170560,1780553049323170560,HTTP Data Received,KB,p25,2.85
19,1780553048323170560,1780553049323170560,HTTP Data Received,KB,p50,2.85
19,1780553048323170560,1780553049323170560,HTTP Data Received,KB,p75,2.85
19,1780553048323170560,1780553049323170560,HTTP Data Received,KB,p90,2.85
19,1780553048323170560,1780553049323170560,HTTP Data Received,KB,p95,2.85
19,1780553048323170560,1780553049323170560,HTTP Data Received,KB,p99,2.85
19,1780553048323170560,1780553049323170560,HTTP Data Received,KB,std,0.00
19,1780553048323170560,1780553049323170560,HTTP Data Sent,KB,avg,248.67
19,1780553048323170560,1780553049323170560,HTTP Data Sent,KB,min,248.67
19,1780553048323170560,1780553049323170560,HTTP Data Sent,KB,max,248.67
19,1780553048323170560,1780553049323170560,HTTP Data Sent,KB,sum,248.67
19,1780553048323170560,1780553049323170560,HTTP Data Sent,KB,p1,248.67
19,1780553048323170560,1780553049323170560,HTTP Data Sent,KB,p5,248.67
19,1780553048323170560,1780553049323170560,HTTP Data Sent,KB,p10,248.67
19,1780553048323170560,1780553049323170560,HTTP Data Sent,KB,p25,248.67
19,1780553048323170560,1780553049323170560,HTTP Data Sent,KB,p50,248.67
19,1780553048323170560,1780553049323170560,HTTP Data Sent,KB,p75,248.67
19,1780553048323170560,1780553049323170560,HTTP Data Sent,KB,p90,248.67
19,1780553048323170560,1780553049323170560,HTTP Data Sent,KB,p95,248.67
19,1780553048323170560,1780553049323170560,HTTP Data Sent,KB,p99,248.67
19,1780553048323170560,1780553049323170560,HTTP Data Sent,KB,std,0.00
19,1780553048323170560,1780553049323170560,HTTP DNS Lookup,ms,avg,0.00
19,1780553048323170560,1780553049323170560,HTTP DNS Lookup,ms,min,0.00
19,1780553048323170560,1780553049323170560,HTTP DNS Lookup,ms,max,0.00
19,1780553048323170560,1780553049323170560,HTTP DNS Lookup,ms,sum,0.00
19,1780553048323170560,1780553049323170560,HTTP DNS Lookup,ms,p1,0.00
19,1780553048323170560,1780553049323170560,HTTP DNS Lookup,ms,p5,0.00
19,1780553048323170560,1780553049323170560,HTTP DNS Lookup,ms,p10,0.00
19,1780553048323170560,1780553049323170560,HTTP DNS Lookup,ms,p25,0.00
19,1780553048323170560,1780553049323170560,HTTP DNS Lookup,ms,p50,0.00
19,1780553048323170560,1780553049323170560,HTTP DNS Lookup,ms,p75,0.00
19,1780553048323170560,1780553049323170560,HTTP DNS Lookup,ms,p90,0.00
19,1780553048323170560,1780553049323170560,HTTP DNS Lookup,ms,p95,0.00
19,1780553048323170560,1780553049323170560,HTTP DNS Lookup,ms,p99,0.00
19,1780553048323170560,1780553049323170560,HTTP DNS Lookup,ms,std,0.00
19,1780553048323170560,1780553049323170560,HTTP Duration (excl. conn),ms,avg,3591.47
19,1780553048323170560,1780553049323170560,HTTP Duration (excl. conn),ms,min,3591.47
19,1780553048323170560,1780553049323170560,HTTP Duration (excl. conn),ms,max,3591.47
19,1780553048323170560,1780553049323170560,HTTP Duration (excl. conn),ms,sum,3591.47
19,1780553048323170560,1780553049323170560,HTTP Duration (excl. conn),ms,p1,3591.47
19,1780553048323170560,1780553049323170560,HTTP Duration (excl. conn),ms,p5,3591.47
19,1780553048323170560,1780553049323170560,HTTP Duration (excl. conn),ms,p10,3591.47
19,1780553048323170560,1780553049323170560,HTTP Duration (excl. conn),ms,p25,3591.47
19,1780553048323170560,1780553049323170560,HTTP Duration (excl. conn),ms,p50,3591.47
19,1780553048323170560,1780553049323170560,HTTP Duration (excl. conn),ms,p75,3591.47
19,1780553048323170560,1780553049323170560,HTTP Duration (excl. conn),ms,p90,3591.47
19,1780553048323170560,1780553049323170560,HTTP Duration (excl. conn),ms,p95,3591.47
19,1780553048323170560,1780553049323170560,HTTP Duration (excl. conn),ms,p99,3591.47
19,1780553048323170560,1780553049323170560,HTTP Duration (excl. conn),ms,std,0.00
19,1780553048323170560,1780553049323170560,HTTP Receiving,ms,avg,451.14
19,1780553048323170560,1780553049323170560,HTTP Receiving,ms,min,451.14
19,1780553048323170560,1780553049323170560,HTTP Receiving,ms,max,451.14
19,1780553048323170560,1780553049323170560,HTTP Receiving,ms,sum,451.14
19,1780553048323170560,1780553049323170560,HTTP Receiving,ms,p1,451.14
19,1780553048323170560,1780553049323170560,HTTP Receiving,ms,p5,451.14
19,1780553048323170560,1780553049323170560,HTTP Receiving,ms,p10,451.14
19,1780553048323170560,1780553049323170560,HTTP Receiving,ms,p25,451.14
19,1780553048323170560,1780553049323170560,HTTP Receiving,ms,p50,451.14
19,1780553048323170560,1780553049323170560,HTTP Receiving,ms,p75,451.14
19,1780553048323170560,1780553049323170560,HTTP Receiving,ms,p90,451.14
19,1780553048323170560,1780553049323170560,HTTP Receiving,ms,p95,451.14
19,1780553048323170560,1780553049323170560,HTTP Receiving,ms,p99,451.14
19,1780553048323170560,1780553049323170560,HTTP Receiving,ms,std,0.00
19,1780553048323170560,1780553049323170560,HTTP Sending,ms,avg,1.04
19,1780553048323170560,1780553049323170560,HTTP Sending,ms,min,1.04
19,1780553048323170560,1780553049323170560,HTTP Sending,ms,max,1.04
19,1780553048323170560,1780553049323170560,HTTP Sending,ms,sum,1.04
19,1780553048323170560,1780553049323170560,HTTP Sending,ms,p1,1.04
19,1780553048323170560,1780553049323170560,HTTP Sending,ms,p5,1.04
19,1780553048323170560,1780553049323170560,HTTP Sending,ms,p10,1.04
19,1780553048323170560,1780553049323170560,HTTP Sending,ms,p25,1.04
19,1780553048323170560,1780553049323170560,HTTP Sending,ms,p50,1.04
19,1780553048323170560,1780553049323170560,HTTP Sending,ms,p75,1.04
19,1780553048323170560,1780553049323170560,HTTP Sending,ms,p90,1.04
19,1780553048323170560,1780553049323170560,HTTP Sending,ms,p95,1.04
19,1780553048323170560,1780553049323170560,HTTP Sending,ms,p99,1.04
19,1780553048323170560,1780553049323170560,HTTP Sending,ms,std,0.00
19,1780553048323170560,1780553049323170560,HTTP Total Time,ms,avg,3592.19
19,1780553048323170560,1780553049323170560,HTTP Total Time,ms,min,3592.19
19,1780553048323170560,1780553049323170560,HTTP Total Time,ms,max,3592.19
19,1780553048323170560,1780553049323170560,HTTP Total Time,ms,sum,3592.19
19,1780553048323170560,1780553049323170560,HTTP Total Time,ms,p1,3592.19
19,1780553048323170560,1780553049323170560,HTTP Total Time,ms,p5,3592.19
19,1780553048323170560,1780553049323170560,HTTP Total Time,ms,p10,3592.19
19,1780553048323170560,1780553049323170560,HTTP Total Time,ms,p25,3592.19
19,1780553048323170560,1780553049323170560,HTTP Total Time,ms,p50,3592.19
19,1780553048323170560,1780553049323170560,HTTP Total Time,ms,p75,3592.19
19,1780553048323170560,1780553049323170560,HTTP Total Time,ms,p90,3592.19
19,1780553048323170560,1780553049323170560,HTTP Total Time,ms,p95,3592.19
19,1780553048323170560,1780553049323170560,HTTP Total Time,ms,p99,3592.19
19,1780553048323170560,1780553049323170560,HTTP Total Time,ms,std,0.00
19,1780553048323170560,1780553049323170560,HTTP Waiting (TTFB),ms,avg,3139.29
19,1780553048323170560,1780553049323170560,HTTP Waiting (TTFB),ms,min,3139.29
19,1780553048323170560,1780553049323170560,HTTP Waiting (TTFB),ms,max,3139.29
19,1780553048323170560,1780553049323170560,HTTP Waiting (TTFB),ms,sum,3139.29
19,1780553048323170560,1780553049323170560,HTTP Waiting (TTFB),ms,p1,3139.29
19,1780553048323170560,1780553049323170560,HTTP Waiting (TTFB),ms,p5,3139.29
19,1780553048323170560,1780553049323170560,HTTP Waiting (TTFB),ms,p10,3139.29
19,1780553048323170560,1780553049323170560,HTTP Waiting (TTFB),ms,p25,3139.29
19,1780553048323170560,1780553049323170560,HTTP Waiting (TTFB),ms,p50,3139.29
19,1780553048323170560,1780553049323170560,HTTP Waiting (TTFB),ms,p75,3139.29
19,1780553048323170560,1780553049323170560,HTTP Waiting (TTFB),ms,p90,3139.29
19,1780553048323170560,1780553049323170560,HTTP Waiting (TTFB),ms,p95,3139.29
19,1780553048323170560,1780553049323170560,HTTP Waiting (TTFB),ms,p99,3139.29
19,1780553048323170560,1780553049323170560,HTTP Waiting (TTFB),ms,std,0.00
19,1780553048323170560,1780553049323170560,Input Sequence Length,tokens,avg,64434.00
19,1780553048323170560,1780553049323170560,Input Sequence Length,tokens,min,64434.00
19,1780553048323170560,1780553049323170560,Input Sequence Length,tokens,max,64434.00
19,1780553048323170560,1780553049323170560,Input Sequence Length,tokens,sum,64434.00
19,1780553048323170560,1780553049323170560,Input Sequence Length,tokens,p1,64434.00
19,1780553048323170560,1780553049323170560,Input Sequence Length,tokens,p5,64434.00
19,1780553048323170560,1780553049323170560,Input Sequence Length,tokens,p10,64434.00
19,1780553048323170560,1780553049323170560,Input Sequence Length,tokens,p25,64434.00
19,1780553048323170560,1780553049323170560,Input Sequence Length,tokens,p50,64434.00
19,1780553048323170560,1780553049323170560,Input Sequence Length,tokens,p75,64434.00
19,1780553048323170560,1780553049323170560,Input Sequence Length,tokens,p90,64434.00
19,1780553048323170560,1780553049323170560,Input Sequence Length,tokens,p95,64434.00
19,1780553048323170560,1780553049323170560,Input Sequence Length,tokens,p99,64434.00
19,1780553048323170560,1780553049323170560,Input Sequence Length,tokens,std,0.00
19,1780553048323170560,1780553049323170560,Input Token Throughput,tokens/sec,avg,64434.00
19,1780553048323170560,1780553049323170560,Inter Chunk Latency,ms,avg,34.36
19,1780553048323170560,1780553049323170560,Inter Chunk Latency,ms,min,34.28
19,1780553048323170560,1780553049323170560,Inter Chunk Latency,ms,max,34.45
19,1780553048323170560,1780553049323170560,Inter Chunk Latency,ms,sum,274.89
19,1780553048323170560,1780553049323170560,Inter Chunk Latency,ms,p1,34.28
19,1780553048323170560,1780553049323170560,Inter Chunk Latency,ms,p5,34.28
19,1780553048323170560,1780553049323170560,Inter Chunk Latency,ms,p10,34.28
19,1780553048323170560,1780553049323170560,Inter Chunk Latency,ms,p25,34.29
19,1780553048323170560,1780553049323170560,Inter Chunk Latency,ms,p50,34.34
19,1780553048323170560,1780553049323170560,Inter Chunk Latency,ms,p75,34.45
19,1780553048323170560,1780553049323170560,Inter Chunk Latency,ms,p90,34.45
19,1780553048323170560,1780553049323170560,Inter Chunk Latency,ms,p95,34.45
19,1780553048323170560,1780553049323170560,Inter Chunk Latency,ms,p99,34.45
19,1780553048323170560,1780553049323170560,Inter Chunk Latency,ms,std,0.07
19,1780553048323170560,1780553049323170560,Inter Token Latency,ms,avg,56.39
19,1780553048323170560,1780553049323170560,Inter Token Latency,ms,min,56.39
19,1780553048323170560,1780553049323170560,Inter Token Latency,ms,max,56.39
19,1780553048323170560,1780553049323170560,Inter Token Latency,ms,sum,56.39
19,1780553048323170560,1780553049323170560,Inter Token Latency,ms,p1,56.39
19,1780553048323170560,1780553049323170560,Inter Token Latency,ms,p5,56.39
19,1780553048323170560,1780553049323170560,Inter Token Latency,ms,p10,56.39
19,1780553048323170560,1780553049323170560,Inter Token Latency,ms,p25,56.39
19,1780553048323170560,1780553049323170560,Inter Token Latency,ms,p50,56.39
19,1780553048323170560,1780553049323170560,Inter Token Latency,ms,p75,56.39
19,1780553048323170560,1780553049323170560,Inter Token Latency,ms,p90,56.39
19,1780553048323170560,1780553049323170560,Inter Token Latency,ms,p95,56.39
19,1780553048323170560,1780553049323170560,Inter Token Latency,ms,p99,56.39
19,1780553048323170560,1780553049323170560,Inter Token Latency,ms,std,0.00
19,1780553048323170560,1780553049323170560,Maximum Response Timestamp,ns,avg,1780553052022215936.00
19,1780553048323170560,1780553049323170560,Minimum Request Timestamp,ns,avg,1780553048430609152.00
19,1780553048323170560,1780553049323170560,OSL Mismatch Count,requests,avg,0.00
19,1780553048323170560,1780553049323170560,OSL Mismatch Diff %,%,avg,0.00
19,1780553048323170560,1780553049323170560,OSL Mismatch Diff %,%,min,0.00
19,1780553048323170560,1780553049323170560,OSL Mismatch Diff %,%,max,0.00
19,1780553048323170560,1780553049323170560,OSL Mismatch Diff %,%,sum,0.00
19,1780553048323170560,1780553049323170560,OSL Mismatch Diff %,%,p1,0.00
19,1780553048323170560,1780553049323170560,OSL Mismatch Diff %,%,p5,0.00
19,1780553048323170560,1780553049323170560,OSL Mismatch Diff %,%,p10,0.00
19,1780553048323170560,1780553049323170560,OSL Mismatch Diff %,%,p25,0.00
19,1780553048323170560,1780553049323170560,OSL Mismatch Diff %,%,p50,0.00
19,1780553048323170560,1780553049323170560,OSL Mismatch Diff %,%,p75,0.00
19,1780553048323170560,1780553049323170560,OSL Mismatch Diff %,%,p90,0.00
19,1780553048323170560,1780553049323170560,OSL Mismatch Diff %,%,p95,0.00
19,1780553048323170560,1780553049323170560,OSL Mismatch Diff %,%,p99,0.00
19,1780553048323170560,1780553049323170560,OSL Mismatch Diff %,%,std,0.00
19,1780553048323170560,1780553049323170560,Output Sequence Length,tokens,avg,9.00
19,1780553048323170560,1780553049323170560,Output Sequence Length,tokens,min,9.00
19,1780553048323170560,1780553049323170560,Output Sequence Length,tokens,max,9.00
19,1780553048323170560,1780553049323170560,Output Sequence Length,tokens,sum,9.00
19,1780553048323170560,1780553049323170560,Output Sequence Length,tokens,p1,9.00
19,1780553048323170560,1780553049323170560,Output Sequence Length,tokens,p5,9.00
19,1780553048323170560,1780553049323170560,Output Sequence Length,tokens,p10,9.00
19,1780553048323170560,1780553049323170560,Output Sequence Length,tokens,p25,9.00
19,1780553048323170560,1780553049323170560,Output Sequence Length,tokens,p50,9.00
19,1780553048323170560,1780553049323170560,Output Sequence Length,tokens,p75,9.00
19,1780553048323170560,1780553049323170560,Output Sequence Length,tokens,p90,9.00
19,1780553048323170560,1780553049323170560,Output Sequence Length,tokens,p95,9.00
19,1780553048323170560,1780553049323170560,Output Sequence Length,tokens,p99,9.00
19,1780553048323170560,1780553049323170560,Output Sequence Length,tokens,std,0.00
19,1780553048323170560,1780553049323170560,Output Token Count,tokens,avg,9.00
19,1780553048323170560,1780553049323170560,Output Token Count,tokens,min,9.00
19,1780553048323170560,1780553049323170560,Output Token Count,tokens,max,9.00
19,1780553048323170560,1780553049323170560,Output Token Count,tokens,sum,9.00
19,1780553048323170560,1780553049323170560,Output Token Count,tokens,p1,9.00
19,1780553048323170560,1780553049323170560,Output Token Count,tokens,p5,9.00
19,1780553048323170560,1780553049323170560,Output Token Count,tokens,p10,9.00
19,1780553048323170560,1780553049323170560,Output Token Count,tokens,p25,9.00
19,1780553048323170560,1780553049323170560,Output Token Count,tokens,p50,9.00
19,1780553048323170560,1780553049323170560,Output Token Count,tokens,p75,9.00
19,1780553048323170560,1780553049323170560,Output Token Count,tokens,p90,9.00
19,1780553048323170560,1780553049323170560,Output Token Count,tokens,p95,9.00
19,1780553048323170560,1780553049323170560,Output Token Count,tokens,p99,9.00
19,1780553048323170560,1780553049323170560,Output Token Count,tokens,std,0.00
19,1780553048323170560,1780553049323170560,Output Token Throughput,tokens/sec,avg,9.00
19,1780553048323170560,1780553049323170560,Output Token Throughput Per User,tokens/sec/user,avg,17.73
19,1780553048323170560,1780553049323170560,Output Token Throughput Per User,tokens/sec/user,min,17.73
19,1780553048323170560,1780553049323170560,Output Token Throughput Per User,tokens/sec/user,max,17.73
19,1780553048323170560,1780553049323170560,Output Token Throughput Per User,tokens/sec/user,sum,17.73
19,1780553048323170560,1780553049323170560,Output Token Throughput Per User,tokens/sec/user,p1,17.73
19,1780553048323170560,1780553049323170560,Output Token Throughput Per User,tokens/sec/user,p5,17.73
19,1780553048323170560,1780553049323170560,Output Token Throughput Per User,tokens/sec/user,p10,17.73
19,1780553048323170560,1780553049323170560,Output Token Throughput Per User,tokens/sec/user,p25,17.73
19,1780553048323170560,1780553049323170560,Output Token Throughput Per User,tokens/sec/user,p50,17.73
19,1780553048323170560,1780553049323170560,Output Token Throughput Per User,tokens/sec/user,p75,17.73
19,1780553048323170560,1780553049323170560,Output Token Throughput Per User,tokens/sec/user,p90,17.73
19,1780553048323170560,1780553049323170560,Output Token Throughput Per User,tokens/sec/user,p95,17.73
19,1780553048323170560,1780553049323170560,Output Token Throughput Per User,tokens/sec/user,p99,17.73
19,1780553048323170560,1780553049323170560,Output Token Throughput Per User,tokens/sec/user,std,0.00
19,1780553048323170560,1780553049323170560,Prefill Throughput Per User,tokens/sec/user,avg,20517.31
19,1780553048323170560,1780553049323170560,Prefill Throughput Per User,tokens/sec/user,min,20517.31
19,1780553048323170560,1780553049323170560,Prefill Throughput Per User,tokens/sec/user,max,20517.31
19,1780553048323170560,1780553049323170560,Prefill Throughput Per User,tokens/sec/user,sum,20517.31
19,1780553048323170560,1780553049323170560,Prefill Throughput Per User,tokens/sec/user,p1,20517.31
19,1780553048323170560,1780553049323170560,Prefill Throughput Per User,tokens/sec/user,p5,20517.31
19,1780553048323170560,1780553049323170560,Prefill Throughput Per User,tokens/sec/user,p10,20517.31
19,1780553048323170560,1780553049323170560,Prefill Throughput Per User,tokens/sec/user,p25,20517.31
19,1780553048323170560,1780553049323170560,Prefill Throughput Per User,tokens/sec/user,p50,20517.31
19,1780553048323170560,1780553049323170560,Prefill Throughput Per User,tokens/sec/user,p75,20517.31
19,1780553048323170560,1780553049323170560,Prefill Throughput Per User,tokens/sec/user,p90,20517.31
19,1780553048323170560,1780553049323170560,Prefill Throughput Per User,tokens/sec/user,p95,20517.31
19,1780553048323170560,1780553049323170560,Prefill Throughput Per User,tokens/sec/user,p99,20517.31
19,1780553048323170560,1780553049323170560,Prefill Throughput Per User,tokens/sec/user,std,0.00
19,1780553048323170560,1780553049323170560,Request Count,requests,avg,1.00
19,1780553048323170560,1780553049323170560,Request Latency,ms,avg,3591.61
19,1780553048323170560,1780553049323170560,Request Latency,ms,min,3591.61
19,1780553048323170560,1780553049323170560,Request Latency,ms,max,3591.61
19,1780553048323170560,1780553049323170560,Request Latency,ms,sum,3591.61
19,1780553048323170560,1780553049323170560,Request Latency,ms,p1,3591.61
19,1780553048323170560,1780553049323170560,Request Latency,ms,p5,3591.61
19,1780553048323170560,1780553049323170560,Request Latency,ms,p10,3591.61
19,1780553048323170560,1780553049323170560,Request Latency,ms,p25,3591.61
19,1780553048323170560,1780553049323170560,Request Latency,ms,p50,3591.61
19,1780553048323170560,1780553049323170560,Request Latency,ms,p75,3591.61
19,1780553048323170560,1780553049323170560,Request Latency,ms,p90,3591.61
19,1780553048323170560,1780553049323170560,Request Latency,ms,p95,3591.61
19,1780553048323170560,1780553049323170560,Request Latency,ms,p99,3591.61
19,1780553048323170560,1780553049323170560,Request Latency,ms,std,0.00
19,1780553048323170560,1780553049323170560,Request Throughput,requests/sec,avg,1.00
19,1780553048323170560,1780553049323170560,Requested OSL,tokens,avg,9.00
19,1780553048323170560,1780553049323170560,Requested OSL,tokens,min,9.00
19,1780553048323170560,1780553049323170560,Requested OSL,tokens,max,9.00
19,1780553048323170560,1780553049323170560,Requested OSL,tokens,sum,9.00
19,1780553048323170560,1780553049323170560,Requested OSL,tokens,p1,9.00
19,1780553048323170560,1780553049323170560,Requested OSL,tokens,p5,9.00
19,1780553048323170560,1780553049323170560,Requested OSL,tokens,p10,9.00
19,1780553048323170560,1780553049323170560,Requested OSL,tokens,p25,9.00
19,1780553048323170560,1780553049323170560,Requested OSL,tokens,p50,9.00
19,1780553048323170560,1780553049323170560,Requested OSL,tokens,p75,9.00
19,1780553048323170560,1780553049323170560,Requested OSL,tokens,p90,9.00
19,1780553048323170560,1780553049323170560,Requested OSL,tokens,p95,9.00
19,1780553048323170560,1780553049323170560,Requested OSL,tokens,p99,9.00
19,1780553048323170560,1780553049323170560,Requested OSL,tokens,std,0.00
19,1780553048323170560,1780553049323170560,Time to First Output Token,ms,avg,3140.47
19,1780553048323170560,1780553049323170560,Time to First Output Token,ms,min,3140.47
19,1780553048323170560,1780553049323170560,Time to First Output Token,ms,max,3140.47
19,1780553048323170560,1780553049323170560,Time to First Output Token,ms,sum,3140.47
19,1780553048323170560,1780553049323170560,Time to First Output Token,ms,p1,3140.47
19,1780553048323170560,1780553049323170560,Time to First Output Token,ms,p5,3140.47
19,1780553048323170560,1780553049323170560,Time to First Output Token,ms,p10,3140.47
19,1780553048323170560,1780553049323170560,Time to First Output Token,ms,p25,3140.47
19,1780553048323170560,1780553049323170560,Time to First Output Token,ms,p50,3140.47
19,1780553048323170560,1780553049323170560,Time to First Output Token,ms,p75,3140.47
19,1780553048323170560,1780553049323170560,Time to First Output Token,ms,p90,3140.47
19,1780553048323170560,1780553049323170560,Time to First Output Token,ms,p95,3140.47
19,1780553048323170560,1780553049323170560,Time to First Output Token,ms,p99,3140.47
19,1780553048323170560,1780553049323170560,Time to First Output Token,ms,std,0.00
19,1780553048323170560,1780553049323170560,Time to First Token,ms,avg,3140.47
19,1780553048323170560,1780553049323170560,Time to First Token,ms,min,3140.47
19,1780553048323170560,1780553049323170560,Time to First Token,ms,max,3140.47
19,1780553048323170560,1780553049323170560,Time to First Token,ms,sum,3140.47
19,1780553048323170560,1780553049323170560,Time to First Token,ms,p1,3140.47
19,1780553048323170560,1780553049323170560,Time to First Token,ms,p5,3140.47
19,1780553048323170560,1780553049323170560,Time to First Token,ms,p10,3140.47
19,1780553048323170560,1780553049323170560,Time to First Token,ms,p25,3140.47
19,1780553048323170560,1780553049323170560,Time to First Token,ms,p50,3140.47
19,1780553048323170560,1780553049323170560,Time to First Token,ms,p75,3140.47
19,1780553048323170560,1780553049323170560,Time to First Token,ms,p90,3140.47
19,1780553048323170560,1780553049323170560,Time to First Token,ms,p95,3140.47
19,1780553048323170560,1780553049323170560,Time to First Token,ms,p99,3140.47
19,1780553048323170560,1780553049323170560,Time to First Token,ms,std,0.00
19,1780553048323170560,1780553049323170560,Time to Second Token,ms,avg,8.01
19,1780553048323170560,1780553049323170560,Time to Second Token,ms,min,8.01
19,1780553048323170560,1780553049323170560,Time to Second Token,ms,max,8.01
19,1780553048323170560,1780553049323170560,Time to Second Token,ms,sum,8.01
19,1780553048323170560,1780553049323170560,Time to Second Token,ms,p1,8.01
19,1780553048323170560,1780553049323170560,Time to Second Token,ms,p5,8.01
19,1780553048323170560,1780553049323170560,Time to Second Token,ms,p10,8.01
19,1780553048323170560,1780553049323170560,Time to Second Token,ms,p25,8.01
19,1780553048323170560,1780553049323170560,Time to Second Token,ms,p50,8.01
19,1780553048323170560,1780553049323170560,Time to Second Token,ms,p75,8.01
19,1780553048323170560,1780553049323170560,Time to Second Token,ms,p90,8.01
19,1780553048323170560,1780553049323170560,Time to Second Token,ms,p95,8.01
19,1780553048323170560,1780553049323170560,Time to Second Token,ms,p99,8.01
19,1780553048323170560,1780553049323170560,Time to Second Token,ms,std,0.00
19,1780553048323170560,1780553049323170560,Tokens In Flight,tokens,avg,1036143.63
19,1780553048323170560,1780553049323170560,Tokens In Flight,tokens,min,978577.89
19,1780553048323170560,1780553049323170560,Tokens In Flight,tokens,max,1043118.91
19,1780553048323170560,1780553049323170560,Tokens In Flight,tokens,p50,1043066.29
19,1780553048323170560,1780553049323170560,Tokens In Flight,tokens,p90,1043111.11
19,1780553048323170560,1780553049323170560,Tokens In Flight,tokens,p95,1043116.12
19,1780553048323170560,1780553049323170560,Tokens In Flight,tokens,p99,1043118.91
19,1780553048323170560,1780553049323170560,Tokens In Flight,tokens,std,19970.12
19,1780553048323170560,1780553049323170560,Total Input Sequence Length,tokens,avg,64434.00
19,1780553048323170560,1780553049323170560,Total Output Sequence Length,tokens,avg,9.00
19,1780553048323170560,1780553049323170560,Total Output Tokens,tokens,avg,9.00
19,1780553048323170560,1780553049323170560,Total Token Throughput,tokens/sec,avg,64443.00
19,1780553048323170560,1780553049323170560,Total Usage Completion Tokens,tokens,avg,9.00
19,1780553048323170560,1780553049323170560,Total Usage Prompt Tokens,tokens,avg,64434.00
19,1780553048323170560,1780553049323170560,Total Usage Total Tokens,tokens,avg,64443.00
19,1780553048323170560,1780553049323170560,Usage Completion Tokens,tokens,avg,9.00
19,1780553048323170560,1780553049323170560,Usage Completion Tokens,tokens,min,9.00
19,1780553048323170560,1780553049323170560,Usage Completion Tokens,tokens,max,9.00
19,1780553048323170560,1780553049323170560,Usage Completion Tokens,tokens,sum,9.00
19,1780553048323170560,1780553049323170560,Usage Completion Tokens,tokens,p1,9.00
19,1780553048323170560,1780553049323170560,Usage Completion Tokens,tokens,p5,9.00
19,1780553048323170560,1780553049323170560,Usage Completion Tokens,tokens,p10,9.00
19,1780553048323170560,1780553049323170560,Usage Completion Tokens,tokens,p25,9.00
19,1780553048323170560,1780553049323170560,Usage Completion Tokens,tokens,p50,9.00
19,1780553048323170560,1780553049323170560,Usage Completion Tokens,tokens,p75,9.00
19,1780553048323170560,1780553049323170560,Usage Completion Tokens,tokens,p90,9.00
19,1780553048323170560,1780553049323170560,Usage Completion Tokens,tokens,p95,9.00
19,1780553048323170560,1780553049323170560,Usage Completion Tokens,tokens,p99,9.00
19,1780553048323170560,1780553049323170560,Usage Completion Tokens,tokens,std,0.00
19,1780553048323170560,1780553049323170560,Usage Prompt Tokens,tokens,avg,64434.00
19,1780553048323170560,1780553049323170560,Usage Prompt Tokens,tokens,min,64434.00
19,1780553048323170560,1780553049323170560,Usage Prompt Tokens,tokens,max,64434.00
19,1780553048323170560,1780553049323170560,Usage Prompt Tokens,tokens,sum,64434.00
19,1780553048323170560,1780553049323170560,Usage Prompt Tokens,tokens,p1,64434.00
19,1780553048323170560,1780553049323170560,Usage Prompt Tokens,tokens,p5,64434.00
19,1780553048323170560,1780553049323170560,Usage Prompt Tokens,tokens,p10,64434.00
19,1780553048323170560,1780553049323170560,Usage Prompt Tokens,tokens,p25,64434.00
19,1780553048323170560,1780553049323170560,Usage Prompt Tokens,tokens,p50,64434.00
19,1780553048323170560,1780553049323170560,Usage Prompt Tokens,tokens,p75,64434.00
19,1780553048323170560,1780553049323170560,Usage Prompt Tokens,tokens,p90,64434.00
19,1780553048323170560,1780553049323170560,Usage Prompt Tokens,tokens,p95,64434.00
19,1780553048323170560,1780553049323170560,Usage Prompt Tokens,tokens,p99,64434.00
19,1780553048323170560,1780553049323170560,Usage Prompt Tokens,tokens,std,0.00
19,1780553048323170560,1780553049323170560,Usage Total Tokens,tokens,avg,64443.00
19,1780553048323170560,1780553049323170560,Usage Total Tokens,tokens,min,64443.00
19,1780553048323170560,1780553049323170560,Usage Total Tokens,tokens,max,64443.00
19,1780553048323170560,1780553049323170560,Usage Total Tokens,tokens,sum,64443.00
19,1780553048323170560,1780553049323170560,Usage Total Tokens,tokens,p1,64443.00
19,1780553048323170560,1780553049323170560,Usage Total Tokens,tokens,p5,64443.00
19,1780553048323170560,1780553049323170560,Usage Total Tokens,tokens,p10,64443.00
19,1780553048323170560,1780553049323170560,Usage Total Tokens,tokens,p25,64443.00
19,1780553048323170560,1780553049323170560,Usage Total Tokens,tokens,p50,64443.00
19,1780553048323170560,1780553049323170560,Usage Total Tokens,tokens,p75,64443.00
19,1780553048323170560,1780553049323170560,Usage Total Tokens,tokens,p90,64443.00
19,1780553048323170560,1780553049323170560,Usage Total Tokens,tokens,p95,64443.00
19,1780553048323170560,1780553049323170560,Usage Total Tokens,tokens,p99,64443.00
19,1780553048323170560,1780553049323170560,Usage Total Tokens,tokens,std,0.00
20,1780553051323170560,1780553052323170560,Active Decode Throughput,tokens/sec,avg,116.44
20,1780553051323170560,1780553052323170560,Active Decode Throughput,tokens/sec,min,81.67
20,1780553051323170560,1780553052323170560,Active Decode Throughput,tokens/sec,max,156.90
20,1780553051323170560,1780553052323170560,Active Decode Throughput,tokens/sec,p50,108.47
20,1780553051323170560,1780553052323170560,Active Decode Throughput,tokens/sec,p90,137.62
20,1780553051323170560,1780553052323170560,Active Decode Throughput,tokens/sec,p95,137.63
20,1780553051323170560,1780553052323170560,Active Decode Throughput,tokens/sec,p99,137.63
20,1780553051323170560,1780553052323170560,Active Decode Throughput,tokens/sec,std,13.00
20,1780553051323170560,1780553052323170560,Active Decode Throughput Per User,tokens/sec/user,avg,11.13
20,1780553051323170560,1780553052323170560,Active Decode Throughput Per User,tokens/sec/user,min,7.42
20,1780553051323170560,1780553052323170560,Active Decode Throughput Per User,tokens/sec/user,max,14.26
20,1780553051323170560,1780553052323170560,Active Decode Throughput Per User,tokens/sec/user,p50,10.85
20,1780553051323170560,1780553052323170560,Active Decode Throughput Per User,tokens/sec/user,p90,12.51
20,1780553051323170560,1780553052323170560,Active Decode Throughput Per User,tokens/sec/user,p95,12.51
20,1780553051323170560,1780553052323170560,Active Decode Throughput Per User,tokens/sec/user,p99,12.51
20,1780553051323170560,1780553052323170560,Active Decode Throughput Per User,tokens/sec/user,std,0.92
20,1780553051323170560,1780553052323170560,Active Prefill Throughput,tokens/sec,avg,73199.42
20,1780553051323170560,1780553052323170560,Active Prefill Throughput,tokens/sec,min,20517.31
20,1780553051323170560,1780553052323170560,Active Prefill Throughput,tokens/sec,max,118632.42
20,1780553051323170560,1780553052323170560,Active Prefill Throughput,tokens/sec,p50,118632.42
20,1780553051323170560,1780553052323170560,Active Prefill Throughput,tokens/sec,p90,118632.42
20,1780553051323170560,1780553052323170560,Active Prefill Throughput,tokens/sec,p95,118632.42
20,1780553051323170560,1780553052323170560,Active Prefill Throughput,tokens/sec,p99,118632.42
20,1780553051323170560,1780553052323170560,Active Prefill Throughput,tokens/sec,std,48923.47
20,1780553051323170560,1780553052323170560,Active Prefill Throughput Per User,tokens/sec/user,avg,73199.42
20,1780553051323170560,1780553052323170560,Active Prefill Throughput Per User,tokens/sec/user,min,20517.31
20,1780553051323170560,1780553052323170560,Active Prefill Throughput Per User,tokens/sec/user,max,118632.42
20,1780553051323170560,1780553052323170560,Active Prefill Throughput Per User,tokens/sec/user,p50,118632.42
20,1780553051323170560,1780553052323170560,Active Prefill Throughput Per User,tokens/sec/user,p90,118632.42
20,1780553051323170560,1780553052323170560,Active Prefill Throughput Per User,tokens/sec/user,p95,118632.42
20,1780553051323170560,1780553052323170560,Active Prefill Throughput Per User,tokens/sec/user,p99,118632.42
20,1780553051323170560,1780553052323170560,Active Prefill Throughput Per User,tokens/sec/user,std,48923.47
20,1780553051323170560,1780553052323170560,Active Total Throughput,tokens/sec,avg,39272.93
20,1780553051323170560,1780553052323170560,Active Total Throughput,tokens/sec,min,75.97
20,1780553051323170560,1780553052323170560,Active Total Throughput,tokens/sec,max,118708.38
20,1780553051323170560,1780553052323170560,Active Total Throughput,tokens/sec,p50,20593.28
20,1780553051323170560,1780553052323170560,Active Total Throughput,tokens/sec,p90,118708.38
20,1780553051323170560,1780553052323170560,Active Total Throughput,tokens/sec,p95,118708.38
20,1780553051323170560,1780553052323170560,Active Total Throughput,tokens/sec,p99,118708.38
20,1780553051323170560,1780553052323170560,Active Total Throughput,tokens/sec,std,51123.62
20,1780553051323170560,1780553052323170560,Benchmark Duration,sec,avg,52.02
20,1780553051323170560,1780553052323170560,E2E Output Token Throughput,tokens/sec/user,avg,13.71
20,1780553051323170560,1780553052323170560,E2E Output Token Throughput,tokens/sec/user,min,13.71
20,1780553051323170560,1780553052323170560,E2E Output Token Throughput,tokens/sec/user,max,13.71
20,1780553051323170560,1780553052323170560,E2E Output Token Throughput,tokens/sec/user,sum,13.71
20,1780553051323170560,1780553052323170560,E2E Output Token Throughput,tokens/sec/user,p1,13.71
20,1780553051323170560,1780553052323170560,E2E Output Token Throughput,tokens/sec/user,p5,13.71
20,1780553051323170560,1780553052323170560,E2E Output Token Throughput,tokens/sec/user,p10,13.71
20,1780553051323170560,1780553052323170560,E2E Output Token Throughput,tokens/sec/user,p25,13.71
20,1780553051323170560,1780553052323170560,E2E Output Token Throughput,tokens/sec/user,p50,13.71
20,1780553051323170560,1780553052323170560,E2E Output Token Throughput,tokens/sec/user,p75,13.71
20,1780553051323170560,1780553052323170560,E2E Output Token Throughput,tokens/sec/user,p90,13.71
20,1780553051323170560,1780553052323170560,E2E Output Token Throughput,tokens/sec/user,p95,13.71
20,1780553051323170560,1780553052323170560,E2E Output Token Throughput,tokens/sec/user,p99,13.71
20,1780553051323170560,1780553052323170560,E2E Output Token Throughput,tokens/sec/user,std,0.00
20,1780553051323170560,1780553052323170560,Effective Concurrency,requests,avg,10.99
20,1780553051323170560,1780553052323170560,Effective Concurrency,requests,min,10.00
20,1780553051323170560,1780553052323170560,Effective Concurrency,requests,max,11.00
20,1780553051323170560,1780553052323170560,Effective Concurrency,requests,p50,11.00
20,1780553051323170560,1780553052323170560,Effective Concurrency,requests,p90,11.00
20,1780553051323170560,1780553052323170560,Effective Concurrency,requests,p95,11.00
20,1780553051323170560,1780553052323170560,Effective Concurrency,requests,p99,11.00
20,1780553051323170560,1780553052323170560,Effective Concurrency,requests,std,0.12
20,1780553051323170560,1780553052323170560,Effective Decode Concurrency,requests,avg,10.45
20,1780553051323170560,1780553052323170560,Effective Decode Concurrency,requests,min,10.00
20,1780553051323170560,1780553052323170560,Effective Decode Concurrency,requests,max,11.00
20,1780553051323170560,1780553052323170560,Effective Decode Concurrency,requests,p50,10.00
20,1780553051323170560,1780553052323170560,Effective Decode Concurrency,requests,p90,11.00
20,1780553051323170560,1780553052323170560,Effective Decode Concurrency,requests,p95,11.00
20,1780553051323170560,1780553052323170560,Effective Decode Concurrency,requests,p99,11.00
20,1780553051323170560,1780553052323170560,Effective Decode Concurrency,requests,std,0.50
20,1780553051323170560,1780553052323170560,Effective Decode Throughput,tokens/sec,avg,116.44
20,1780553051323170560,1780553052323170560,Effective Decode Throughput,tokens/sec,min,81.67
20,1780553051323170560,1780553052323170560,Effective Decode Throughput,tokens/sec,max,156.90
20,1780553051323170560,1780553052323170560,Effective Decode Throughput,tokens/sec,p50,108.47
20,1780553051323170560,1780553052323170560,Effective Decode Throughput,tokens/sec,p90,137.62
20,1780553051323170560,1780553052323170560,Effective Decode Throughput,tokens/sec,p95,137.63
20,1780553051323170560,1780553052323170560,Effective Decode Throughput,tokens/sec,p99,137.63
20,1780553051323170560,1780553052323170560,Effective Decode Throughput,tokens/sec,std,13.00
20,1780553051323170560,1780553052323170560,Effective Decode Throughput Per User,tokens/sec/user,avg,11.13
20,1780553051323170560,1780553052323170560,Effective Decode Throughput Per User,tokens/sec/user,min,7.42
20,1780553051323170560,1780553052323170560,Effective Decode Throughput Per User,tokens/sec/user,max,14.26
20,1780553051323170560,1780553052323170560,Effective Decode Throughput Per User,tokens/sec/user,p50,10.85
20,1780553051323170560,1780553052323170560,Effective Decode Throughput Per User,tokens/sec/user,p90,12.51
20,1780553051323170560,1780553052323170560,Effective Decode Throughput Per User,tokens/sec/user,p95,12.51
20,1780553051323170560,1780553052323170560,Effective Decode Throughput Per User,tokens/sec/user,p99,12.51
20,1780553051323170560,1780553052323170560,Effective Decode Throughput Per User,tokens/sec/user,std,0.92
20,1780553051323170560,1780553052323170560,Effective Prefill Concurrency,requests,avg,0.54
20,1780553051323170560,1780553052323170560,Effective Prefill Concurrency,requests,min,0.00
20,1780553051323170560,1780553052323170560,Effective Prefill Concurrency,requests,max,1.00
20,1780553051323170560,1780553052323170560,Effective Prefill Concurrency,requests,p50,1.00
20,1780553051323170560,1780553052323170560,Effective Prefill Concurrency,requests,p90,1.00
20,1780553051323170560,1780553052323170560,Effective Prefill Concurrency,requests,p95,1.00
20,1780553051323170560,1780553052323170560,Effective Prefill Concurrency,requests,p99,1.00
20,1780553051323170560,1780553052323170560,Effective Prefill Concurrency,requests,std,0.50
20,1780553051323170560,1780553052323170560,Effective Prefill Throughput,tokens/sec,avg,39188.96
20,1780553051323170560,1780553052323170560,Effective Prefill Throughput,tokens/sec,min,0.00
20,1780553051323170560,1780553052323170560,Effective Prefill Throughput,tokens/sec,max,118632.42
20,1780553051323170560,1780553052323170560,Effective Prefill Throughput,tokens/sec,p50,20517.31
20,1780553051323170560,1780553052323170560,Effective Prefill Throughput,tokens/sec,p90,118632.42
20,1780553051323170560,1780553052323170560,Effective Prefill Throughput,tokens/sec,p95,118632.42
20,1780553051323170560,1780553052323170560,Effective Prefill Throughput,tokens/sec,p99,118632.42
20,1780553051323170560,1780553052323170560,Effective Prefill Throughput,tokens/sec,std,51129.76
20,1780553051323170560,1780553052323170560,Effective Prefill Throughput Per User,tokens/sec/user,avg,39188.96
20,1780553051323170560,1780553052323170560,Effective Prefill Throughput Per User,tokens/sec/user,min,0.00
20,1780553051323170560,1780553052323170560,Effective Prefill Throughput Per User,tokens/sec/user,max,118632.42
20,1780553051323170560,1780553052323170560,Effective Prefill Throughput Per User,tokens/sec/user,p50,20517.31
20,1780553051323170560,1780553052323170560,Effective Prefill Throughput Per User,tokens/sec/user,p90,118632.42
20,1780553051323170560,1780553052323170560,Effective Prefill Throughput Per User,tokens/sec/user,p95,118632.42
20,1780553051323170560,1780553052323170560,Effective Prefill Throughput Per User,tokens/sec/user,p99,118632.42
20,1780553051323170560,1780553052323170560,Effective Prefill Throughput Per User,tokens/sec/user,std,51129.76
20,1780553051323170560,1780553052323170560,Effective Total Throughput,tokens/sec,avg,39272.93
20,1780553051323170560,1780553052323170560,Effective Total Throughput,tokens/sec,min,75.97
20,1780553051323170560,1780553052323170560,Effective Total Throughput,tokens/sec,max,118708.38
20,1780553051323170560,1780553052323170560,Effective Total Throughput,tokens/sec,p50,20593.28
20,1780553051323170560,1780553052323170560,Effective Total Throughput,tokens/sec,p90,118708.38
20,1780553051323170560,1780553052323170560,Effective Total Throughput,tokens/sec,p95,118708.38
20,1780553051323170560,1780553052323170560,Effective Total Throughput,tokens/sec,p99,118708.38
20,1780553051323170560,1780553052323170560,Effective Total Throughput,tokens/sec,std,51123.62
20,1780553051323170560,1780553052323170560,HTTP Blocked,ms,avg,0.00
20,1780553051323170560,1780553052323170560,HTTP Blocked,ms,min,0.00
20,1780553051323170560,1780553052323170560,HTTP Blocked,ms,max,0.00
20,1780553051323170560,1780553052323170560,HTTP Blocked,ms,sum,0.00
20,1780553051323170560,1780553052323170560,HTTP Blocked,ms,p1,0.00
20,1780553051323170560,1780553052323170560,HTTP Blocked,ms,p5,0.00
20,1780553051323170560,1780553052323170560,HTTP Blocked,ms,p10,0.00
20,1780553051323170560,1780553052323170560,HTTP Blocked,ms,p25,0.00
20,1780553051323170560,1780553052323170560,HTTP Blocked,ms,p50,0.00
20,1780553051323170560,1780553052323170560,HTTP Blocked,ms,p75,0.00
20,1780553051323170560,1780553052323170560,HTTP Blocked,ms,p90,0.00
20,1780553051323170560,1780553052323170560,HTTP Blocked,ms,p95,0.00
20,1780553051323170560,1780553052323170560,HTTP Blocked,ms,p99,0.00
20,1780553051323170560,1780553052323170560,HTTP Blocked,ms,std,0.00
20,1780553051323170560,1780553052323170560,HTTP Chunks Received,count,avg,713.00
20,1780553051323170560,1780553052323170560,HTTP Chunks Received,count,min,713.00
20,1780553051323170560,1780553052323170560,HTTP Chunks Received,count,max,713.00
20,1780553051323170560,1780553052323170560,HTTP Chunks Received,count,sum,713.00
20,1780553051323170560,1780553052323170560,HTTP Chunks Received,count,p1,713.00
20,1780553051323170560,1780553052323170560,HTTP Chunks Received,count,p5,713.00
20,1780553051323170560,1780553052323170560,HTTP Chunks Received,count,p10,713.00
20,1780553051323170560,1780553052323170560,HTTP Chunks Received,count,p25,713.00
20,1780553051323170560,1780553052323170560,HTTP Chunks Received,count,p50,713.00
20,1780553051323170560,1780553052323170560,HTTP Chunks Received,count,p75,713.00
20,1780553051323170560,1780553052323170560,HTTP Chunks Received,count,p90,713.00
20,1780553051323170560,1780553052323170560,HTTP Chunks Received,count,p95,713.00
20,1780553051323170560,1780553052323170560,HTTP Chunks Received,count,p99,713.00
20,1780553051323170560,1780553052323170560,HTTP Chunks Received,count,std,0.00
20,1780553051323170560,1780553052323170560,HTTP Chunks Sent,count,avg,1.00
20,1780553051323170560,1780553052323170560,HTTP Chunks Sent,count,min,1.00
20,1780553051323170560,1780553052323170560,HTTP Chunks Sent,count,max,1.00
20,1780553051323170560,1780553052323170560,HTTP Chunks Sent,count,sum,1.00
20,1780553051323170560,1780553052323170560,HTTP Chunks Sent,count,p1,1.00
20,1780553051323170560,1780553052323170560,HTTP Chunks Sent,count,p5,1.00
20,1780553051323170560,1780553052323170560,HTTP Chunks Sent,count,p10,1.00
20,1780553051323170560,1780553052323170560,HTTP Chunks Sent,count,p25,1.00
20,1780553051323170560,1780553052323170560,HTTP Chunks Sent,count,p50,1.00
20,1780553051323170560,1780553052323170560,HTTP Chunks Sent,count,p75,1.00
20,1780553051323170560,1780553052323170560,HTTP Chunks Sent,count,p90,1.00
20,1780553051323170560,1780553052323170560,HTTP Chunks Sent,count,p95,1.00
20,1780553051323170560,1780553052323170560,HTTP Chunks Sent,count,p99,1.00
20,1780553051323170560,1780553052323170560,HTTP Chunks Sent,count,std,0.00
20,1780553051323170560,1780553052323170560,HTTP Connecting,ms,avg,0.72
20,1780553051323170560,1780553052323170560,HTTP Connecting,ms,min,0.72
20,1780553051323170560,1780553052323170560,HTTP Connecting,ms,max,0.72
20,1780553051323170560,1780553052323170560,HTTP Connecting,ms,sum,0.72
20,1780553051323170560,1780553052323170560,HTTP Connecting,ms,p1,0.72
20,1780553051323170560,1780553052323170560,HTTP Connecting,ms,p5,0.72
20,1780553051323170560,1780553052323170560,HTTP Connecting,ms,p10,0.72
20,1780553051323170560,1780553052323170560,HTTP Connecting,ms,p25,0.72
20,1780553051323170560,1780553052323170560,HTTP Connecting,ms,p50,0.72
20,1780553051323170560,1780553052323170560,HTTP Connecting,ms,p75,0.72
20,1780553051323170560,1780553052323170560,HTTP Connecting,ms,p90,0.72
20,1780553051323170560,1780553052323170560,HTTP Connecting,ms,p95,0.72
20,1780553051323170560,1780553052323170560,HTTP Connecting,ms,p99,0.72
20,1780553051323170560,1780553052323170560,HTTP Connecting,ms,std,0.00
20,1780553051323170560,1780553052323170560,HTTP Connection Overhead,ms,avg,0.72
20,1780553051323170560,1780553052323170560,HTTP Connection Overhead,ms,min,0.72
20,1780553051323170560,1780553052323170560,HTTP Connection Overhead,ms,max,0.72
20,1780553051323170560,1780553052323170560,HTTP Connection Overhead,ms,sum,0.72
20,1780553051323170560,1780553052323170560,HTTP Connection Overhead,ms,p1,0.72
20,1780553051323170560,1780553052323170560,HTTP Connection Overhead,ms,p5,0.72
20,1780553051323170560,1780553052323170560,HTTP Connection Overhead,ms,p10,0.72
20,1780553051323170560,1780553052323170560,HTTP Connection Overhead,ms,p25,0.72
20,1780553051323170560,1780553052323170560,HTTP Connection Overhead,ms,p50,0.72
20,1780553051323170560,1780553052323170560,HTTP Connection Overhead,ms,p75,0.72
20,1780553051323170560,1780553052323170560,HTTP Connection Overhead,ms,p90,0.72
20,1780553051323170560,1780553052323170560,HTTP Connection Overhead,ms,p95,0.72
20,1780553051323170560,1780553052323170560,HTTP Connection Overhead,ms,p99,0.72
20,1780553051323170560,1780553052323170560,HTTP Connection Overhead,ms,std,0.00
20,1780553051323170560,1780553052323170560,HTTP Connection Reused,ratio,avg,0.00
20,1780553051323170560,1780553052323170560,HTTP Connection Reused,ratio,min,0.00
20,1780553051323170560,1780553052323170560,HTTP Connection Reused,ratio,max,0.00
20,1780553051323170560,1780553052323170560,HTTP Connection Reused,ratio,sum,0.00
20,1780553051323170560,1780553052323170560,HTTP Connection Reused,ratio,p1,0.00
20,1780553051323170560,1780553052323170560,HTTP Connection Reused,ratio,p5,0.00
20,1780553051323170560,1780553052323170560,HTTP Connection Reused,ratio,p10,0.00
20,1780553051323170560,1780553052323170560,HTTP Connection Reused,ratio,p25,0.00
20,1780553051323170560,1780553052323170560,HTTP Connection Reused,ratio,p50,0.00
20,1780553051323170560,1780553052323170560,HTTP Connection Reused,ratio,p75,0.00
20,1780553051323170560,1780553052323170560,HTTP Connection Reused,ratio,p90,0.00
20,1780553051323170560,1780553052323170560,HTTP Connection Reused,ratio,p95,0.00
20,1780553051323170560,1780553052323170560,HTTP Connection Reused,ratio,p99,0.00
20,1780553051323170560,1780553052323170560,HTTP Connection Reused,ratio,std,0.00
20,1780553051323170560,1780553052323170560,HTTP Data Received,KB,avg,178.05
20,1780553051323170560,1780553052323170560,HTTP Data Received,KB,min,178.05
20,1780553051323170560,1780553052323170560,HTTP Data Received,KB,max,178.05
20,1780553051323170560,1780553052323170560,HTTP Data Received,KB,sum,178.05
20,1780553051323170560,1780553052323170560,HTTP Data Received,KB,p1,178.05
20,1780553051323170560,1780553052323170560,HTTP Data Received,KB,p5,178.05
20,1780553051323170560,1780553052323170560,HTTP Data Received,KB,p10,178.05
20,1780553051323170560,1780553052323170560,HTTP Data Received,KB,p25,178.05
20,1780553051323170560,1780553052323170560,HTTP Data Received,KB,p50,178.05
20,1780553051323170560,1780553052323170560,HTTP Data Received,KB,p75,178.05
20,1780553051323170560,1780553052323170560,HTTP Data Received,KB,p90,178.05
20,1780553051323170560,1780553052323170560,HTTP Data Received,KB,p95,178.05
20,1780553051323170560,1780553052323170560,HTTP Data Received,KB,p99,178.05
20,1780553051323170560,1780553052323170560,HTTP Data Received,KB,std,0.00
20,1780553051323170560,1780553052323170560,HTTP Data Sent,KB,avg,332.92
20,1780553051323170560,1780553052323170560,HTTP Data Sent,KB,min,332.92
20,1780553051323170560,1780553052323170560,HTTP Data Sent,KB,max,332.92
20,1780553051323170560,1780553052323170560,HTTP Data Sent,KB,sum,332.92
20,1780553051323170560,1780553052323170560,HTTP Data Sent,KB,p1,332.92
20,1780553051323170560,1780553052323170560,HTTP Data Sent,KB,p5,332.92
20,1780553051323170560,1780553052323170560,HTTP Data Sent,KB,p10,332.92
20,1780553051323170560,1780553052323170560,HTTP Data Sent,KB,p25,332.92
20,1780553051323170560,1780553052323170560,HTTP Data Sent,KB,p50,332.92
20,1780553051323170560,1780553052323170560,HTTP Data Sent,KB,p75,332.92
20,1780553051323170560,1780553052323170560,HTTP Data Sent,KB,p90,332.92
20,1780553051323170560,1780553052323170560,HTTP Data Sent,KB,p95,332.92
20,1780553051323170560,1780553052323170560,HTTP Data Sent,KB,p99,332.92
20,1780553051323170560,1780553052323170560,HTTP Data Sent,KB,std,0.00
20,1780553051323170560,1780553052323170560,HTTP DNS Lookup,ms,avg,0.00
20,1780553051323170560,1780553052323170560,HTTP DNS Lookup,ms,min,0.00
20,1780553051323170560,1780553052323170560,HTTP DNS Lookup,ms,max,0.00
20,1780553051323170560,1780553052323170560,HTTP DNS Lookup,ms,sum,0.00
20,1780553051323170560,1780553052323170560,HTTP DNS Lookup,ms,p1,0.00
20,1780553051323170560,1780553052323170560,HTTP DNS Lookup,ms,p5,0.00
20,1780553051323170560,1780553052323170560,HTTP DNS Lookup,ms,p10,0.00
20,1780553051323170560,1780553052323170560,HTTP DNS Lookup,ms,p25,0.00
20,1780553051323170560,1780553052323170560,HTTP DNS Lookup,ms,p50,0.00
20,1780553051323170560,1780553052323170560,HTTP DNS Lookup,ms,p75,0.00
20,1780553051323170560,1780553052323170560,HTTP DNS Lookup,ms,p90,0.00
20,1780553051323170560,1780553052323170560,HTTP DNS Lookup,ms,p95,0.00
20,1780553051323170560,1780553052323170560,HTTP DNS Lookup,ms,p99,0.00
20,1780553051323170560,1780553052323170560,HTTP DNS Lookup,ms,std,0.00
20,1780553051323170560,1780553052323170560,HTTP Duration (excl. conn),ms,avg,52019.11
20,1780553051323170560,1780553052323170560,HTTP Duration (excl. conn),ms,min,52019.11
20,1780553051323170560,1780553052323170560,HTTP Duration (excl. conn),ms,max,52019.11
20,1780553051323170560,1780553052323170560,HTTP Duration (excl. conn),ms,sum,52019.11
20,1780553051323170560,1780553052323170560,HTTP Duration (excl. conn),ms,p1,52019.11
20,1780553051323170560,1780553052323170560,HTTP Duration (excl. conn),ms,p5,52019.11
20,1780553051323170560,1780553052323170560,HTTP Duration (excl. conn),ms,p10,52019.11
20,1780553051323170560,1780553052323170560,HTTP Duration (excl. conn),ms,p25,52019.11
20,1780553051323170560,1780553052323170560,HTTP Duration (excl. conn),ms,p50,52019.11
20,1780553051323170560,1780553052323170560,HTTP Duration (excl. conn),ms,p75,52019.11
20,1780553051323170560,1780553052323170560,HTTP Duration (excl. conn),ms,p90,52019.11
20,1780553051323170560,1780553052323170560,HTTP Duration (excl. conn),ms,p95,52019.11
20,1780553051323170560,1780553052323170560,HTTP Duration (excl. conn),ms,p99,52019.11
20,1780553051323170560,1780553052323170560,HTTP Duration (excl. conn),ms,std,0.00
20,1780553051323170560,1780553052323170560,HTTP Receiving,ms,avg,51296.58
20,1780553051323170560,1780553052323170560,HTTP Receiving,ms,min,51296.58
20,1780553051323170560,1780553052323170560,HTTP Receiving,ms,max,51296.58
20,1780553051323170560,1780553052323170560,HTTP Receiving,ms,sum,51296.58
20,1780553051323170560,1780553052323170560,HTTP Receiving,ms,p1,51296.58
20,1780553051323170560,1780553052323170560,HTTP Receiving,ms,p5,51296.58
20,1780553051323170560,1780553052323170560,HTTP Receiving,ms,p10,51296.58
20,1780553051323170560,1780553052323170560,HTTP Receiving,ms,p25,51296.58
20,1780553051323170560,1780553052323170560,HTTP Receiving,ms,p50,51296.58
20,1780553051323170560,1780553052323170560,HTTP Receiving,ms,p75,51296.58
20,1780553051323170560,1780553052323170560,HTTP Receiving,ms,p90,51296.58
20,1780553051323170560,1780553052323170560,HTTP Receiving,ms,p95,51296.58
20,1780553051323170560,1780553052323170560,HTTP Receiving,ms,p99,51296.58
20,1780553051323170560,1780553052323170560,HTTP Receiving,ms,std,0.00
20,1780553051323170560,1780553052323170560,HTTP Sending,ms,avg,1.00
20,1780553051323170560,1780553052323170560,HTTP Sending,ms,min,1.00
20,1780553051323170560,1780553052323170560,HTTP Sending,ms,max,1.00
20,1780553051323170560,1780553052323170560,HTTP Sending,ms,sum,1.00
20,1780553051323170560,1780553052323170560,HTTP Sending,ms,p1,1.00
20,1780553051323170560,1780553052323170560,HTTP Sending,ms,p5,1.00
20,1780553051323170560,1780553052323170560,HTTP Sending,ms,p10,1.00
20,1780553051323170560,1780553052323170560,HTTP Sending,ms,p25,1.00
20,1780553051323170560,1780553052323170560,HTTP Sending,ms,p50,1.00
20,1780553051323170560,1780553052323170560,HTTP Sending,ms,p75,1.00
20,1780553051323170560,1780553052323170560,HTTP Sending,ms,p90,1.00
20,1780553051323170560,1780553052323170560,HTTP Sending,ms,p95,1.00
20,1780553051323170560,1780553052323170560,HTTP Sending,ms,p99,1.00
20,1780553051323170560,1780553052323170560,HTTP Sending,ms,std,0.00
20,1780553051323170560,1780553052323170560,HTTP Total Time,ms,avg,52019.82
20,1780553051323170560,1780553052323170560,HTTP Total Time,ms,min,52019.82
20,1780553051323170560,1780553052323170560,HTTP Total Time,ms,max,52019.82
20,1780553051323170560,1780553052323170560,HTTP Total Time,ms,sum,52019.82
20,1780553051323170560,1780553052323170560,HTTP Total Time,ms,p1,52019.82
20,1780553051323170560,1780553052323170560,HTTP Total Time,ms,p5,52019.82
20,1780553051323170560,1780553052323170560,HTTP Total Time,ms,p10,52019.82
20,1780553051323170560,1780553052323170560,HTTP Total Time,ms,p25,52019.82
20,1780553051323170560,1780553052323170560,HTTP Total Time,ms,p50,52019.82
20,1780553051323170560,1780553052323170560,HTTP Total Time,ms,p75,52019.82
20,1780553051323170560,1780553052323170560,HTTP Total Time,ms,p90,52019.82
20,1780553051323170560,1780553052323170560,HTTP Total Time,ms,p95,52019.82
20,1780553051323170560,1780553052323170560,HTTP Total Time,ms,p99,52019.82
20,1780553051323170560,1780553052323170560,HTTP Total Time,ms,std,0.00
20,1780553051323170560,1780553052323170560,HTTP Waiting (TTFB),ms,avg,721.52
20,1780553051323170560,1780553052323170560,HTTP Waiting (TTFB),ms,min,721.52
20,1780553051323170560,1780553052323170560,HTTP Waiting (TTFB),ms,max,721.52
20,1780553051323170560,1780553052323170560,HTTP Waiting (TTFB),ms,sum,721.52
20,1780553051323170560,1780553052323170560,HTTP Waiting (TTFB),ms,p1,721.52
20,1780553051323170560,1780553052323170560,HTTP Waiting (TTFB),ms,p5,721.52
20,1780553051323170560,1780553052323170560,HTTP Waiting (TTFB),ms,p10,721.52
20,1780553051323170560,1780553052323170560,HTTP Waiting (TTFB),ms,p25,721.52
20,1780553051323170560,1780553052323170560,HTTP Waiting (TTFB),ms,p50,721.52
20,1780553051323170560,1780553052323170560,HTTP Waiting (TTFB),ms,p75,721.52
20,1780553051323170560,1780553052323170560,HTTP Waiting (TTFB),ms,p90,721.52
20,1780553051323170560,1780553052323170560,HTTP Waiting (TTFB),ms,p95,721.52
20,1780553051323170560,1780553052323170560,HTTP Waiting (TTFB),ms,p99,721.52
20,1780553051323170560,1780553052323170560,HTTP Waiting (TTFB),ms,std,0.00
20,1780553051323170560,1780553052323170560,Input Sequence Length,tokens,avg,85729.00
20,1780553051323170560,1780553052323170560,Input Sequence Length,tokens,min,85729.00
20,1780553051323170560,1780553052323170560,Input Sequence Length,tokens,max,85729.00
20,1780553051323170560,1780553052323170560,Input Sequence Length,tokens,sum,85729.00
20,1780553051323170560,1780553052323170560,Input Sequence Length,tokens,p1,85729.00
20,1780553051323170560,1780553052323170560,Input Sequence Length,tokens,p5,85729.00
20,1780553051323170560,1780553052323170560,Input Sequence Length,tokens,p10,85729.00
20,1780553051323170560,1780553052323170560,Input Sequence Length,tokens,p25,85729.00
20,1780553051323170560,1780553052323170560,Input Sequence Length,tokens,p50,85729.00
20,1780553051323170560,1780553052323170560,Input Sequence Length,tokens,p75,85729.00
20,1780553051323170560,1780553052323170560,Input Sequence Length,tokens,p90,85729.00
20,1780553051323170560,1780553052323170560,Input Sequence Length,tokens,p95,85729.00
20,1780553051323170560,1780553052323170560,Input Sequence Length,tokens,p99,85729.00
20,1780553051323170560,1780553052323170560,Input Sequence Length,tokens,std,0.00
20,1780553051323170560,1780553052323170560,Input Token Throughput,tokens/sec,avg,85729.00
20,1780553051323170560,1780553052323170560,Inter Chunk Latency,ms,avg,53.74
20,1780553051323170560,1780553052323170560,Inter Chunk Latency,ms,min,53.46
20,1780553051323170560,1780553052323170560,Inter Chunk Latency,ms,max,53.93
20,1780553051323170560,1780553052323170560,Inter Chunk Latency,ms,sum,37994.53
20,1780553051323170560,1780553052323170560,Inter Chunk Latency,ms,p1,53.47
20,1780553051323170560,1780553052323170560,Inter Chunk Latency,ms,p5,53.49
20,1780553051323170560,1780553052323170560,Inter Chunk Latency,ms,p10,53.52
20,1780553051323170560,1780553052323170560,Inter Chunk Latency,ms,p25,53.61
20,1780553051323170560,1780553052323170560,Inter Chunk Latency,ms,p50,53.78
20,1780553051323170560,1780553052323170560,Inter Chunk Latency,ms,p75,53.87
20,1780553051323170560,1780553052323170560,Inter Chunk Latency,ms,p90,53.91
20,1780553051323170560,1780553052323170560,Inter Chunk Latency,ms,p95,53.92
20,1780553051323170560,1780553052323170560,Inter Chunk Latency,ms,p99,53.93
20,1780553051323170560,1780553052323170560,Inter Chunk Latency,ms,std,0.15
20,1780553051323170560,1780553052323170560,Inter Token Latency,ms,avg,72.05
20,1780553051323170560,1780553052323170560,Inter Token Latency,ms,min,72.05
20,1780553051323170560,1780553052323170560,Inter Token Latency,ms,max,72.05
20,1780553051323170560,1780553052323170560,Inter Token Latency,ms,sum,72.05
20,1780553051323170560,1780553052323170560,Inter Token Latency,ms,p1,72.05
20,1780553051323170560,1780553052323170560,Inter Token Latency,ms,p5,72.05
20,1780553051323170560,1780553052323170560,Inter Token Latency,ms,p10,72.05
20,1780553051323170560,1780553052323170560,Inter Token Latency,ms,p25,72.05
20,1780553051323170560,1780553052323170560,Inter Token Latency,ms,p50,72.05
20,1780553051323170560,1780553052323170560,Inter Token Latency,ms,p75,72.05
20,1780553051323170560,1780553052323170560,Inter Token Latency,ms,p90,72.05
20,1780553051323170560,1780553052323170560,Inter Token Latency,ms,p95,72.05
20,1780553051323170560,1780553052323170560,Inter Token Latency,ms,p99,72.05
20,1780553051323170560,1780553052323170560,Inter Token Latency,ms,std,0.00
20,1780553051323170560,1780553052323170560,Maximum Response Timestamp,ns,avg,1780553104054925056.00
20,1780553051323170560,1780553052323170560,Minimum Request Timestamp,ns,avg,1780553052035706624.00
20,1780553051323170560,1780553052323170560,OSL Mismatch Count,requests,avg,0.00
20,1780553051323170560,1780553052323170560,OSL Mismatch Diff %,%,avg,0.00
20,1780553051323170560,1780553052323170560,OSL Mismatch Diff %,%,min,0.00
20,1780553051323170560,1780553052323170560,OSL Mismatch Diff %,%,max,0.00
20,1780553051323170560,1780553052323170560,OSL Mismatch Diff %,%,sum,0.00
20,1780553051323170560,1780553052323170560,OSL Mismatch Diff %,%,p1,0.00
20,1780553051323170560,1780553052323170560,OSL Mismatch Diff %,%,p5,0.00
20,1780553051323170560,1780553052323170560,OSL Mismatch Diff %,%,p10,0.00
20,1780553051323170560,1780553052323170560,OSL Mismatch Diff %,%,p25,0.00
20,1780553051323170560,1780553052323170560,OSL Mismatch Diff %,%,p50,0.00
20,1780553051323170560,1780553052323170560,OSL Mismatch Diff %,%,p75,0.00
20,1780553051323170560,1780553052323170560,OSL Mismatch Diff %,%,p90,0.00
20,1780553051323170560,1780553052323170560,OSL Mismatch Diff %,%,p95,0.00
20,1780553051323170560,1780553052323170560,OSL Mismatch Diff %,%,p99,0.00
20,1780553051323170560,1780553052323170560,OSL Mismatch Diff %,%,std,0.00
20,1780553051323170560,1780553052323170560,Output Sequence Length,tokens,avg,713.00
20,1780553051323170560,1780553052323170560,Output Sequence Length,tokens,min,713.00
20,1780553051323170560,1780553052323170560,Output Sequence Length,tokens,max,713.00
20,1780553051323170560,1780553052323170560,Output Sequence Length,tokens,sum,713.00
20,1780553051323170560,1780553052323170560,Output Sequence Length,tokens,p1,713.00
20,1780553051323170560,1780553052323170560,Output Sequence Length,tokens,p5,713.00
20,1780553051323170560,1780553052323170560,Output Sequence Length,tokens,p10,713.00
20,1780553051323170560,1780553052323170560,Output Sequence Length,tokens,p25,713.00
20,1780553051323170560,1780553052323170560,Output Sequence Length,tokens,p50,713.00
20,1780553051323170560,1780553052323170560,Output Sequence Length,tokens,p75,713.00
20,1780553051323170560,1780553052323170560,Output Sequence Length,tokens,p90,713.00
20,1780553051323170560,1780553052323170560,Output Sequence Length,tokens,p95,713.00
20,1780553051323170560,1780553052323170560,Output Sequence Length,tokens,p99,713.00
20,1780553051323170560,1780553052323170560,Output Sequence Length,tokens,std,0.00
20,1780553051323170560,1780553052323170560,Output Token Count,tokens,avg,713.00
20,1780553051323170560,1780553052323170560,Output Token Count,tokens,min,713.00
20,1780553051323170560,1780553052323170560,Output Token Count,tokens,max,713.00
20,1780553051323170560,1780553052323170560,Output Token Count,tokens,sum,713.00
20,1780553051323170560,1780553052323170560,Output Token Count,tokens,p1,713.00
20,1780553051323170560,1780553052323170560,Output Token Count,tokens,p5,713.00
20,1780553051323170560,1780553052323170560,Output Token Count,tokens,p10,713.00
20,1780553051323170560,1780553052323170560,Output Token Count,tokens,p25,713.00
20,1780553051323170560,1780553052323170560,Output Token Count,tokens,p50,713.00
20,1780553051323170560,1780553052323170560,Output Token Count,tokens,p75,713.00
20,1780553051323170560,1780553052323170560,Output Token Count,tokens,p90,713.00
20,1780553051323170560,1780553052323170560,Output Token Count,tokens,p95,713.00
20,1780553051323170560,1780553052323170560,Output Token Count,tokens,p99,713.00
20,1780553051323170560,1780553052323170560,Output Token Count,tokens,std,0.00
20,1780553051323170560,1780553052323170560,Output Token Throughput,tokens/sec,avg,713.00
20,1780553051323170560,1780553052323170560,Output Token Throughput Per User,tokens/sec/user,avg,13.88
20,1780553051323170560,1780553052323170560,Output Token Throughput Per User,tokens/sec/user,min,13.88
20,1780553051323170560,1780553052323170560,Output Token Throughput Per User,tokens/sec/user,max,13.88
20,1780553051323170560,1780553052323170560,Output Token Throughput Per User,tokens/sec/user,sum,13.88
20,1780553051323170560,1780553052323170560,Output Token Throughput Per User,tokens/sec/user,p1,13.88
20,1780553051323170560,1780553052323170560,Output Token Throughput Per User,tokens/sec/user,p5,13.88
20,1780553051323170560,1780553052323170560,Output Token Throughput Per User,tokens/sec/user,p10,13.88
20,1780553051323170560,1780553052323170560,Output Token Throughput Per User,tokens/sec/user,p25,13.88
20,1780553051323170560,1780553052323170560,Output Token Throughput Per User,tokens/sec/user,p50,13.88
20,1780553051323170560,1780553052323170560,Output Token Throughput Per User,tokens/sec/user,p75,13.88
20,1780553051323170560,1780553052323170560,Output Token Throughput Per User,tokens/sec/user,p90,13.88
20,1780553051323170560,1780553052323170560,Output Token Throughput Per User,tokens/sec/user,p95,13.88
20,1780553051323170560,1780553052323170560,Output Token Throughput Per User,tokens/sec/user,p99,13.88
20,1780553051323170560,1780553052323170560,Output Token Throughput Per User,tokens/sec/user,std,0.00
20,1780553051323170560,1780553052323170560,Prefill Throughput Per User,tokens/sec/user,avg,118632.42
20,1780553051323170560,1780553052323170560,Prefill Throughput Per User,tokens/sec/user,min,118632.42
20,1780553051323170560,1780553052323170560,Prefill Throughput Per User,tokens/sec/user,max,118632.42
20,1780553051323170560,1780553052323170560,Prefill Throughput Per User,tokens/sec/user,sum,118632.42
20,1780553051323170560,1780553052323170560,Prefill Throughput Per User,tokens/sec/user,p1,118632.42
20,1780553051323170560,1780553052323170560,Prefill Throughput Per User,tokens/sec/user,p5,118632.42
20,1780553051323170560,1780553052323170560,Prefill Throughput Per User,tokens/sec/user,p10,118632.42
20,1780553051323170560,1780553052323170560,Prefill Throughput Per User,tokens/sec/user,p25,118632.42
20,1780553051323170560,1780553052323170560,Prefill Throughput Per User,tokens/sec/user,p50,118632.42
20,1780553051323170560,1780553052323170560,Prefill Throughput Per User,tokens/sec/user,p75,118632.42
20,1780553051323170560,1780553052323170560,Prefill Throughput Per User,tokens/sec/user,p90,118632.42
20,1780553051323170560,1780553052323170560,Prefill Throughput Per User,tokens/sec/user,p95,118632.42
20,1780553051323170560,1780553052323170560,Prefill Throughput Per User,tokens/sec/user,p99,118632.42
20,1780553051323170560,1780553052323170560,Prefill Throughput Per User,tokens/sec/user,std,0.00
20,1780553051323170560,1780553052323170560,Request Count,requests,avg,1.00
20,1780553051323170560,1780553052323170560,Request Latency,ms,avg,52019.22
20,1780553051323170560,1780553052323170560,Request Latency,ms,min,52019.22
20,1780553051323170560,1780553052323170560,Request Latency,ms,max,52019.22
20,1780553051323170560,1780553052323170560,Request Latency,ms,sum,52019.22
20,1780553051323170560,1780553052323170560,Request Latency,ms,p1,52019.22
20,1780553051323170560,1780553052323170560,Request Latency,ms,p5,52019.22
20,1780553051323170560,1780553052323170560,Request Latency,ms,p10,52019.22
20,1780553051323170560,1780553052323170560,Request Latency,ms,p25,52019.22
20,1780553051323170560,1780553052323170560,Request Latency,ms,p50,52019.22
20,1780553051323170560,1780553052323170560,Request Latency,ms,p75,52019.22
20,1780553051323170560,1780553052323170560,Request Latency,ms,p90,52019.22
20,1780553051323170560,1780553052323170560,Request Latency,ms,p95,52019.22
20,1780553051323170560,1780553052323170560,Request Latency,ms,p99,52019.22
20,1780553051323170560,1780553052323170560,Request Latency,ms,std,0.00
20,1780553051323170560,1780553052323170560,Request Throughput,requests/sec,avg,1.00
20,1780553051323170560,1780553052323170560,Requested OSL,tokens,avg,713.00
20,1780553051323170560,1780553052323170560,Requested OSL,tokens,min,713.00
20,1780553051323170560,1780553052323170560,Requested OSL,tokens,max,713.00
20,1780553051323170560,1780553052323170560,Requested OSL,tokens,sum,713.00
20,1780553051323170560,1780553052323170560,Requested OSL,tokens,p1,713.00
20,1780553051323170560,1780553052323170560,Requested OSL,tokens,p5,713.00
20,1780553051323170560,1780553052323170560,Requested OSL,tokens,p10,713.00
20,1780553051323170560,1780553052323170560,Requested OSL,tokens,p25,713.00
20,1780553051323170560,1780553052323170560,Requested OSL,tokens,p50,713.00
20,1780553051323170560,1780553052323170560,Requested OSL,tokens,p75,713.00
20,1780553051323170560,1780553052323170560,Requested OSL,tokens,p90,713.00
20,1780553051323170560,1780553052323170560,Requested OSL,tokens,p95,713.00
20,1780553051323170560,1780553052323170560,Requested OSL,tokens,p99,713.00
20,1780553051323170560,1780553052323170560,Requested OSL,tokens,std,0.00
20,1780553051323170560,1780553052323170560,Time to First Output Token,ms,avg,722.64
20,1780553051323170560,1780553052323170560,Time to First Output Token,ms,min,722.64
20,1780553051323170560,1780553052323170560,Time to First Output Token,ms,max,722.64
20,1780553051323170560,1780553052323170560,Time to First Output Token,ms,sum,722.64
20,1780553051323170560,1780553052323170560,Time to First Output Token,ms,p1,722.64
20,1780553051323170560,1780553052323170560,Time to First Output Token,ms,p5,722.64
20,1780553051323170560,1780553052323170560,Time to First Output Token,ms,p10,722.64
20,1780553051323170560,1780553052323170560,Time to First Output Token,ms,p25,722.64
20,1780553051323170560,1780553052323170560,Time to First Output Token,ms,p50,722.64
20,1780553051323170560,1780553052323170560,Time to First Output Token,ms,p75,722.64
20,1780553051323170560,1780553052323170560,Time to First Output Token,ms,p90,722.64
20,1780553051323170560,1780553052323170560,Time to First Output Token,ms,p95,722.64
20,1780553051323170560,1780553052323170560,Time to First Output Token,ms,p99,722.64
20,1780553051323170560,1780553052323170560,Time to First Output Token,ms,std,0.00
20,1780553051323170560,1780553052323170560,Time to First Token,ms,avg,722.64
20,1780553051323170560,1780553052323170560,Time to First Token,ms,min,722.64
20,1780553051323170560,1780553052323170560,Time to First Token,ms,max,722.64
20,1780553051323170560,1780553052323170560,Time to First Token,ms,sum,722.64
20,1780553051323170560,1780553052323170560,Time to First Token,ms,p1,722.64
20,1780553051323170560,1780553052323170560,Time to First Token,ms,p5,722.64
20,1780553051323170560,1780553052323170560,Time to First Token,ms,p10,722.64
20,1780553051323170560,1780553052323170560,Time to First Token,ms,p25,722.64
20,1780553051323170560,1780553052323170560,Time to First Token,ms,p50,722.64
20,1780553051323170560,1780553052323170560,Time to First Token,ms,p75,722.64
20,1780553051323170560,1780553052323170560,Time to First Token,ms,p90,722.64
20,1780553051323170560,1780553052323170560,Time to First Token,ms,p95,722.64
20,1780553051323170560,1780553052323170560,Time to First Token,ms,p99,722.64
20,1780553051323170560,1780553052323170560,Time to First Token,ms,std,0.00
20,1780553051323170560,1780553052323170560,Time to Second Token,ms,avg,0.57
20,1780553051323170560,1780553052323170560,Time to Second Token,ms,min,0.57
20,1780553051323170560,1780553052323170560,Time to Second Token,ms,max,0.57
20,1780553051323170560,1780553052323170560,Time to Second Token,ms,sum,0.57
20,1780553051323170560,1780553052323170560,Time to Second Token,ms,p1,0.57
20,1780553051323170560,1780553052323170560,Time to Second Token,ms,p5,0.57
20,1780553051323170560,1780553052323170560,Time to Second Token,ms,p10,0.57
20,1780553051323170560,1780553052323170560,Time to Second Token,ms,p25,0.57
20,1780553051323170560,1780553052323170560,Time to Second Token,ms,p50,0.57
20,1780553051323170560,1780553052323170560,Time to Second Token,ms,p75,0.57
20,1780553051323170560,1780553052323170560,Time to Second Token,ms,p90,0.57
20,1780553051323170560,1780553052323170560,Time to Second Token,ms,p95,0.57
20,1780553051323170560,1780553052323170560,Time to Second Token,ms,p99,0.57
20,1780553051323170560,1780553052323170560,Time to Second Token,ms,std,0.00
20,1780553051323170560,1780553052323170560,Tokens In Flight,tokens,avg,1048647.25
20,1780553051323170560,1780553052323170560,Tokens In Flight,tokens,min,978980.79
20,1780553051323170560,1780553052323170560,Tokens In Flight,tokens,max,1064741.01
20,1780553051323170560,1780553052323170560,Tokens In Flight,tokens,p50,1043397.60
20,1780553051323170560,1780553052323170560,Tokens In Flight,tokens,p90,1064731.20
20,1780553051323170560,1780553052323170560,Tokens In Flight,tokens,p95,1064735.21
20,1780553051323170560,1780553052323170560,Tokens In Flight,tokens,p99,1064740.00
20,1780553051323170560,1780553052323170560,Tokens In Flight,tokens,std,12616.92
20,1780553051323170560,1780553052323170560,Total Input Sequence Length,tokens,avg,85729.00
20,1780553051323170560,1780553052323170560,Total Output Sequence Length,tokens,avg,713.00
20,1780553051323170560,1780553052323170560,Total Output Tokens,tokens,avg,713.00
20,1780553051323170560,1780553052323170560,Total Token Throughput,tokens/sec,avg,86442.00
20,1780553051323170560,1780553052323170560,Total Usage Completion Tokens,tokens,avg,713.00
20,1780553051323170560,1780553052323170560,Total Usage Prompt Tokens,tokens,avg,85729.00
20,1780553051323170560,1780553052323170560,Total Usage Total Tokens,tokens,avg,86442.00
20,1780553051323170560,1780553052323170560,Usage Completion Tokens,tokens,avg,713.00
20,1780553051323170560,1780553052323170560,Usage Completion Tokens,tokens,min,713.00
20,1780553051323170560,1780553052323170560,Usage Completion Tokens,tokens,max,713.00
20,1780553051323170560,1780553052323170560,Usage Completion Tokens,tokens,sum,713.00
20,1780553051323170560,1780553052323170560,Usage Completion Tokens,tokens,p1,713.00
20,1780553051323170560,1780553052323170560,Usage Completion Tokens,tokens,p5,713.00
20,1780553051323170560,1780553052323170560,Usage Completion Tokens,tokens,p10,713.00
20,1780553051323170560,1780553052323170560,Usage Completion Tokens,tokens,p25,713.00
20,1780553051323170560,1780553052323170560,Usage Completion Tokens,tokens,p50,713.00
20,1780553051323170560,1780553052323170560,Usage Completion Tokens,tokens,p75,713.00
20,1780553051323170560,1780553052323170560,Usage Completion Tokens,tokens,p90,713.00
20,1780553051323170560,1780553052323170560,Usage Completion Tokens,tokens,p95,713.00
20,1780553051323170560,1780553052323170560,Usage Completion Tokens,tokens,p99,713.00
20,1780553051323170560,1780553052323170560,Usage Completion Tokens,tokens,std,0.00
20,1780553051323170560,1780553052323170560,Usage Prompt Tokens,tokens,avg,85729.00
20,1780553051323170560,1780553052323170560,Usage Prompt Tokens,tokens,min,85729.00
20,1780553051323170560,1780553052323170560,Usage Prompt Tokens,tokens,max,85729.00
20,1780553051323170560,1780553052323170560,Usage Prompt Tokens,tokens,sum,85729.00
20,1780553051323170560,1780553052323170560,Usage Prompt Tokens,tokens,p1,85729.00
20,1780553051323170560,1780553052323170560,Usage Prompt Tokens,tokens,p5,85729.00
20,1780553051323170560,1780553052323170560,Usage Prompt Tokens,tokens,p10,85729.00
20,1780553051323170560,1780553052323170560,Usage Prompt Tokens,tokens,p25,85729.00
20,1780553051323170560,1780553052323170560,Usage Prompt Tokens,tokens,p50,85729.00
20,1780553051323170560,1780553052323170560,Usage Prompt Tokens,tokens,p75,85729.00
20,1780553051323170560,1780553052323170560,Usage Prompt Tokens,tokens,p90,85729.00
20,1780553051323170560,1780553052323170560,Usage Prompt Tokens,tokens,p95,85729.00
20,1780553051323170560,1780553052323170560,Usage Prompt Tokens,tokens,p99,85729.00
20,1780553051323170560,1780553052323170560,Usage Prompt Tokens,tokens,std,0.00
20,1780553051323170560,1780553052323170560,Usage Total Tokens,tokens,avg,86442.00
20,1780553051323170560,1780553052323170560,Usage Total Tokens,tokens,min,86442.00
20,1780553051323170560,1780553052323170560,Usage Total Tokens,tokens,max,86442.00
20,1780553051323170560,1780553052323170560,Usage Total Tokens,tokens,sum,86442.00
20,1780553051323170560,1780553052323170560,Usage Total Tokens,tokens,p1,86442.00
20,1780553051323170560,1780553052323170560,Usage Total Tokens,tokens,p5,86442.00
20,1780553051323170560,1780553052323170560,Usage Total Tokens,tokens,p10,86442.00
20,1780553051323170560,1780553052323170560,Usage Total Tokens,tokens,p25,86442.00
20,1780553051323170560,1780553052323170560,Usage Total Tokens,tokens,p50,86442.00
20,1780553051323170560,1780553052323170560,Usage Total Tokens,tokens,p75,86442.00
20,1780553051323170560,1780553052323170560,Usage Total Tokens,tokens,p90,86442.00
20,1780553051323170560,1780553052323170560,Usage Total Tokens,tokens,p95,86442.00
20,1780553051323170560,1780553052323170560,Usage Total Tokens,tokens,p99,86442.00
20,1780553051323170560,1780553052323170560,Usage Total Tokens,tokens,std,0.00
21,1780553053323170560,1780553054323170560,Active Decode Throughput,tokens/sec,avg,126.98
21,1780553053323170560,1780553054323170560,Active Decode Throughput,tokens/sec,min,100.22
21,1780553053323170560,1780553054323170560,Active Decode Throughput,tokens/sec,max,153.73
21,1780553053323170560,1780553054323170560,Active Decode Throughput,tokens/sec,p50,126.97
21,1780553053323170560,1780553054323170560,Active Decode Throughput,tokens/sec,p90,126.99
21,1780553053323170560,1780553054323170560,Active Decode Throughput,tokens/sec,p95,126.99
21,1780553053323170560,1780553054323170560,Active Decode Throughput,tokens/sec,p99,127.00
21,1780553053323170560,1780553054323170560,Active Decode Throughput,tokens/sec,std,0.06
21,1780553053323170560,1780553054323170560,Active Decode Throughput Per User,tokens/sec/user,avg,11.54
21,1780553053323170560,1780553054323170560,Active Decode Throughput Per User,tokens/sec/user,min,9.11
21,1780553053323170560,1780553054323170560,Active Decode Throughput Per User,tokens/sec/user,max,13.98
21,1780553053323170560,1780553054323170560,Active Decode Throughput Per User,tokens/sec/user,p50,11.54
21,1780553053323170560,1780553054323170560,Active Decode Throughput Per User,tokens/sec/user,p90,11.54
21,1780553053323170560,1780553054323170560,Active Decode Throughput Per User,tokens/sec/user,p95,11.54
21,1780553053323170560,1780553054323170560,Active Decode Throughput Per User,tokens/sec/user,p99,11.55
21,1780553053323170560,1780553054323170560,Active Decode Throughput Per User,tokens/sec/user,std,0.01
21,1780553053323170560,1780553054323170560,Active Prefill Throughput,tokens/sec,avg,59466.13
21,1780553053323170560,1780553054323170560,Active Prefill Throughput,tokens/sec,min,49348.21
21,1780553053323170560,1780553054323170560,Active Prefill Throughput,tokens/sec,max,115480.45
21,1780553053323170560,1780553054323170560,Active Prefill Throughput,tokens/sec,p50,49348.21
21,1780553053323170560,1780553054323170560,Active Prefill Throughput,tokens/sec,p90,115480.45
21,1780553053323170560,1780553054323170560,Active Prefill Throughput,tokens/sec,p95,115480.45
21,1780553053323170560,1780553054323170560,Active Prefill Throughput,tokens/sec,p99,115480.45
21,1780553053323170560,1780553054323170560,Active Prefill Throughput,tokens/sec,std,23806.49
21,1780553053323170560,1780553054323170560,Active Prefill Throughput Per User,tokens/sec/user,avg,50632.15
21,1780553053323170560,1780553054323170560,Active Prefill Throughput Per User,tokens/sec/user,min,49348.21
21,1780553053323170560,1780553054323170560,Active Prefill Throughput Per User,tokens/sec/user,max,57740.23
21,1780553053323170560,1780553054323170560,Active Prefill Throughput Per User,tokens/sec/user,p50,49348.21
21,1780553053323170560,1780553054323170560,Active Prefill Throughput Per User,tokens/sec/user,p90,57740.23
21,1780553053323170560,1780553054323170560,Active Prefill Throughput Per User,tokens/sec/user,p95,57740.23
21,1780553053323170560,1780553054323170560,Active Prefill Throughput Per User,tokens/sec/user,p99,57740.23
21,1780553053323170560,1780553054323170560,Active Prefill Throughput Per User,tokens/sec/user,std,3020.98
21,1780553053323170560,1780553054323170560,Active Total Throughput,tokens/sec,avg,18472.43
21,1780553053323170560,1780553054323170560,Active Total Throughput,tokens/sec,min,89.85
21,1780553053323170560,1780553054323170560,Active Total Throughput,tokens/sec,max,115570.30
21,1780553053323170560,1780553054323170560,Active Total Throughput,tokens/sec,p50,89.85
21,1780553053323170560,1780553054323170560,Active Total Throughput,tokens/sec,p90,49438.05
21,1780553053323170560,1780553054323170560,Active Total Throughput,tokens/sec,p95,49438.05
21,1780553053323170560,1780553054323170560,Active Total Throughput,tokens/sec,p99,115570.30
21,1780553053323170560,1780553054323170560,Active Total Throughput,tokens/sec,std,30502.77
21,1780553053323170560,1780553054323170560,Benchmark Duration,sec,avg,173.98
21,1780553053323170560,1780553054323170560,E2E Output Token Throughput,tokens/sec/user,avg,6.64
21,1780553053323170560,1780553054323170560,E2E Output Token Throughput,tokens/sec/user,min,6.32
21,1780553053323170560,1780553054323170560,E2E Output Token Throughput,tokens/sec/user,max,6.96
21,1780553053323170560,1780553054323170560,E2E Output Token Throughput,tokens/sec/user,sum,13.28
21,1780553053323170560,1780553054323170560,E2E Output Token Throughput,tokens/sec/user,p1,6.33
21,1780553053323170560,1780553054323170560,E2E Output Token Throughput,tokens/sec/user,p5,6.35
21,1780553053323170560,1780553054323170560,E2E Output Token Throughput,tokens/sec/user,p10,6.39
21,1780553053323170560,1780553054323170560,E2E Output Token Throughput,tokens/sec/user,p25,6.48
21,1780553053323170560,1780553054323170560,E2E Output Token Throughput,tokens/sec/user,p50,6.64
21,1780553053323170560,1780553054323170560,E2E Output Token Throughput,tokens/sec/user,p75,6.80
21,1780553053323170560,1780553054323170560,E2E Output Token Throughput,tokens/sec/user,p90,6.90
21,1780553053323170560,1780553054323170560,E2E Output Token Throughput,tokens/sec/user,p95,6.93
21,1780553053323170560,1780553054323170560,E2E Output Token Throughput,tokens/sec/user,p99,6.95
21,1780553053323170560,1780553054323170560,E2E Output Token Throughput,tokens/sec/user,std,0.32
21,1780553053323170560,1780553054323170560,Effective Concurrency,requests,avg,11.36
21,1780553053323170560,1780553054323170560,Effective Concurrency,requests,min,11.00
21,1780553053323170560,1780553054323170560,Effective Concurrency,requests,max,13.00
21,1780553053323170560,1780553054323170560,Effective Concurrency,requests,p50,11.00
21,1780553053323170560,1780553054323170560,Effective Concurrency,requests,p90,12.00
21,1780553053323170560,1780553054323170560,Effective Concurrency,requests,p95,12.00
21,1780553053323170560,1780553054323170560,Effective Concurrency,requests,p99,13.00
21,1780553053323170560,1780553054323170560,Effective Concurrency,requests,std,0.57
21,1780553053323170560,1780553054323170560,Effective Decode Concurrency,requests,avg,11.00
21,1780553053323170560,1780553054323170560,Effective Decode Concurrency,requests,min,11.00
21,1780553053323170560,1780553054323170560,Effective Decode Concurrency,requests,max,11.00
21,1780553053323170560,1780553054323170560,Effective Decode Concurrency,requests,p50,11.00
21,1780553053323170560,1780553054323170560,Effective Decode Concurrency,requests,p90,11.00
21,1780553053323170560,1780553054323170560,Effective Decode Concurrency,requests,p95,11.00
21,1780553053323170560,1780553054323170560,Effective Decode Concurrency,requests,p99,11.00
21,1780553053323170560,1780553054323170560,Effective Decode Concurrency,requests,std,0.00
21,1780553053323170560,1780553054323170560,Effective Decode Throughput,tokens/sec,avg,126.98
21,1780553053323170560,1780553054323170560,Effective Decode Throughput,tokens/sec,min,100.22
21,1780553053323170560,1780553054323170560,Effective Decode Throughput,tokens/sec,max,153.73
21,1780553053323170560,1780553054323170560,Effective Decode Throughput,tokens/sec,p50,126.97
21,1780553053323170560,1780553054323170560,Effective Decode Throughput,tokens/sec,p90,126.99
21,1780553053323170560,1780553054323170560,Effective Decode Throughput,tokens/sec,p95,126.99
21,1780553053323170560,1780553054323170560,Effective Decode Throughput,tokens/sec,p99,127.00
21,1780553053323170560,1780553054323170560,Effective Decode Throughput,tokens/sec,std,0.06
21,1780553053323170560,1780553054323170560,Effective Decode Throughput Per User,tokens/sec/user,avg,11.54
21,1780553053323170560,1780553054323170560,Effective Decode Throughput Per User,tokens/sec/user,min,9.11
21,1780553053323170560,1780553054323170560,Effective Decode Throughput Per User,tokens/sec/user,max,13.98
21,1780553053323170560,1780553054323170560,Effective Decode Throughput Per User,tokens/sec/user,p50,11.54
21,1780553053323170560,1780553054323170560,Effective Decode Throughput Per User,tokens/sec/user,p90,11.54
21,1780553053323170560,1780553054323170560,Effective Decode Throughput Per User,tokens/sec/user,p95,11.54
21,1780553053323170560,1780553054323170560,Effective Decode Throughput Per User,tokens/sec/user,p99,11.55
21,1780553053323170560,1780553054323170560,Effective Decode Throughput Per User,tokens/sec/user,std,0.01
21,1780553053323170560,1780553054323170560,Effective Prefill Concurrency,requests,avg,0.36
21,1780553053323170560,1780553054323170560,Effective Prefill Concurrency,requests,min,0.00
21,1780553053323170560,1780553054323170560,Effective Prefill Concurrency,requests,max,2.00
21,1780553053323170560,1780553054323170560,Effective Prefill Concurrency,requests,p50,0.00
21,1780553053323170560,1780553054323170560,Effective Prefill Concurrency,requests,p90,1.00
21,1780553053323170560,1780553054323170560,Effective Prefill Concurrency,requests,p95,1.00
21,1780553053323170560,1780553054323170560,Effective Prefill Concurrency,requests,p99,2.00
21,1780553053323170560,1780553054323170560,Effective Prefill Concurrency,requests,std,0.57
21,1780553053323170560,1780553054323170560,Effective Prefill Throughput,tokens/sec,avg,18382.58
21,1780553053323170560,1780553054323170560,Effective Prefill Throughput,tokens/sec,min,0.00
21,1780553053323170560,1780553054323170560,Effective Prefill Throughput,tokens/sec,max,115480.45
21,1780553053323170560,1780553054323170560,Effective Prefill Throughput,tokens/sec,p50,0.00
21,1780553053323170560,1780553054323170560,Effective Prefill Throughput,tokens/sec,p90,49348.21
21,1780553053323170560,1780553054323170560,Effective Prefill Throughput,tokens/sec,p95,49348.21
21,1780553053323170560,1780553054323170560,Effective Prefill Throughput,tokens/sec,p99,115480.45
21,1780553053323170560,1780553054323170560,Effective Prefill Throughput,tokens/sec,std,30502.77
21,1780553053323170560,1780553054323170560,Effective Prefill Throughput Per User,tokens/sec/user,avg,15651.76
21,1780553053323170560,1780553054323170560,Effective Prefill Throughput Per User,tokens/sec/user,min,0.00
21,1780553053323170560,1780553054323170560,Effective Prefill Throughput Per User,tokens/sec/user,max,57740.23
21,1780553053323170560,1780553054323170560,Effective Prefill Throughput Per User,tokens/sec/user,p50,0.00
21,1780553053323170560,1780553054323170560,Effective Prefill Throughput Per User,tokens/sec/user,p90,49348.21
21,1780553053323170560,1780553054323170560,Effective Prefill Throughput Per User,tokens/sec/user,p95,49348.21
21,1780553053323170560,1780553054323170560,Effective Prefill Throughput Per User,tokens/sec/user,p99,57740.23
21,1780553053323170560,1780553054323170560,Effective Prefill Throughput Per User,tokens/sec/user,std,23459.02
21,1780553053323170560,1780553054323170560,Effective Total Throughput,tokens/sec,avg,18472.43
21,1780553053323170560,1780553054323170560,Effective Total Throughput,tokens/sec,min,89.85
21,1780553053323170560,1780553054323170560,Effective Total Throughput,tokens/sec,max,115570.30
21,1780553053323170560,1780553054323170560,Effective Total Throughput,tokens/sec,p50,89.85
21,1780553053323170560,1780553054323170560,Effective Total Throughput,tokens/sec,p90,49438.05
21,1780553053323170560,1780553054323170560,Effective Total Throughput,tokens/sec,p95,49438.05
21,1780553053323170560,1780553054323170560,Effective Total Throughput,tokens/sec,p99,115570.30
21,1780553053323170560,1780553054323170560,Effective Total Throughput,tokens/sec,std,30502.77
21,1780553053323170560,1780553054323170560,HTTP Blocked,ms,avg,0.00
21,1780553053323170560,1780553054323170560,HTTP Blocked,ms,min,0.00
21,1780553053323170560,1780553054323170560,HTTP Blocked,ms,max,0.00
21,1780553053323170560,1780553054323170560,HTTP Blocked,ms,sum,0.00
21,1780553053323170560,1780553054323170560,HTTP Blocked,ms,p1,0.00
21,1780553053323170560,1780553054323170560,HTTP Blocked,ms,p5,0.00
21,1780553053323170560,1780553054323170560,HTTP Blocked,ms,p10,0.00
21,1780553053323170560,1780553054323170560,HTTP Blocked,ms,p25,0.00
21,1780553053323170560,1780553054323170560,HTTP Blocked,ms,p50,0.00
21,1780553053323170560,1780553054323170560,HTTP Blocked,ms,p75,0.00
21,1780553053323170560,1780553054323170560,HTTP Blocked,ms,p90,0.00
21,1780553053323170560,1780553054323170560,HTTP Blocked,ms,p95,0.00
21,1780553053323170560,1780553054323170560,HTTP Blocked,ms,p99,0.00
21,1780553053323170560,1780553054323170560,HTTP Blocked,ms,std,0.00
21,1780553053323170560,1780553054323170560,HTTP Chunks Received,count,avg,557.50
21,1780553053323170560,1780553054323170560,HTTP Chunks Received,count,min,15.00
21,1780553053323170560,1780553054323170560,HTTP Chunks Received,count,max,1100.00
21,1780553053323170560,1780553054323170560,HTTP Chunks Received,count,sum,1115.00
21,1780553053323170560,1780553054323170560,HTTP Chunks Received,count,p1,25.85
21,1780553053323170560,1780553054323170560,HTTP Chunks Received,count,p5,69.25
21,1780553053323170560,1780553054323170560,HTTP Chunks Received,count,p10,123.50
21,1780553053323170560,1780553054323170560,HTTP Chunks Received,count,p25,286.25
21,1780553053323170560,1780553054323170560,HTTP Chunks Received,count,p50,557.50
21,1780553053323170560,1780553054323170560,HTTP Chunks Received,count,p75,828.75
21,1780553053323170560,1780553054323170560,HTTP Chunks Received,count,p90,991.50
21,1780553053323170560,1780553054323170560,HTTP Chunks Received,count,p95,1045.75
21,1780553053323170560,1780553054323170560,HTTP Chunks Received,count,p99,1089.15
21,1780553053323170560,1780553054323170560,HTTP Chunks Received,count,std,542.50
21,1780553053323170560,1780553054323170560,HTTP Chunks Sent,count,avg,1.00
21,1780553053323170560,1780553054323170560,HTTP Chunks Sent,count,min,1.00
21,1780553053323170560,1780553054323170560,HTTP Chunks Sent,count,max,1.00
21,1780553053323170560,1780553054323170560,HTTP Chunks Sent,count,sum,2.00
21,1780553053323170560,1780553054323170560,HTTP Chunks Sent,count,p1,1.00
21,1780553053323170560,1780553054323170560,HTTP Chunks Sent,count,p5,1.00
21,1780553053323170560,1780553054323170560,HTTP Chunks Sent,count,p10,1.00
21,1780553053323170560,1780553054323170560,HTTP Chunks Sent,count,p25,1.00
21,1780553053323170560,1780553054323170560,HTTP Chunks Sent,count,p50,1.00
21,1780553053323170560,1780553054323170560,HTTP Chunks Sent,count,p75,1.00
21,1780553053323170560,1780553054323170560,HTTP Chunks Sent,count,p90,1.00
21,1780553053323170560,1780553054323170560,HTTP Chunks Sent,count,p95,1.00
21,1780553053323170560,1780553054323170560,HTTP Chunks Sent,count,p99,1.00
21,1780553053323170560,1780553054323170560,HTTP Chunks Sent,count,std,0.00
21,1780553053323170560,1780553054323170560,HTTP Connecting,ms,avg,0.58
21,1780553053323170560,1780553054323170560,HTTP Connecting,ms,min,0.00
21,1780553053323170560,1780553054323170560,HTTP Connecting,ms,max,1.16
21,1780553053323170560,1780553054323170560,HTTP Connecting,ms,sum,1.16
21,1780553053323170560,1780553054323170560,HTTP Connecting,ms,p1,0.01
21,1780553053323170560,1780553054323170560,HTTP Connecting,ms,p5,0.06
21,1780553053323170560,1780553054323170560,HTTP Connecting,ms,p10,0.12
21,1780553053323170560,1780553054323170560,HTTP Connecting,ms,p25,0.29
21,1780553053323170560,1780553054323170560,HTTP Connecting,ms,p50,0.58
21,1780553053323170560,1780553054323170560,HTTP Connecting,ms,p75,0.87
21,1780553053323170560,1780553054323170560,HTTP Connecting,ms,p90,1.04
21,1780553053323170560,1780553054323170560,HTTP Connecting,ms,p95,1.10
21,1780553053323170560,1780553054323170560,HTTP Connecting,ms,p99,1.15
21,1780553053323170560,1780553054323170560,HTTP Connecting,ms,std,0.58
21,1780553053323170560,1780553054323170560,HTTP Connection Overhead,ms,avg,0.85
21,1780553053323170560,1780553054323170560,HTTP Connection Overhead,ms,min,0.00
21,1780553053323170560,1780553054323170560,HTTP Connection Overhead,ms,max,1.69
21,1780553053323170560,1780553054323170560,HTTP Connection Overhead,ms,sum,1.69
21,1780553053323170560,1780553054323170560,HTTP Connection Overhead,ms,p1,0.02
21,1780553053323170560,1780553054323170560,HTTP Connection Overhead,ms,p5,0.08
21,1780553053323170560,1780553054323170560,HTTP Connection Overhead,ms,p10,0.17
21,1780553053323170560,1780553054323170560,HTTP Connection Overhead,ms,p25,0.42
21,1780553053323170560,1780553054323170560,HTTP Connection Overhead,ms,p50,0.85
21,1780553053323170560,1780553054323170560,HTTP Connection Overhead,ms,p75,1.27
21,1780553053323170560,1780553054323170560,HTTP Connection Overhead,ms,p90,1.52
21,1780553053323170560,1780553054323170560,HTTP Connection Overhead,ms,p95,1.61
21,1780553053323170560,1780553054323170560,HTTP Connection Overhead,ms,p99,1.67
21,1780553053323170560,1780553054323170560,HTTP Connection Overhead,ms,std,0.85
21,1780553053323170560,1780553054323170560,HTTP Connection Reused,ratio,avg,0.50
21,1780553053323170560,1780553054323170560,HTTP Connection Reused,ratio,min,0.00
21,1780553053323170560,1780553054323170560,HTTP Connection Reused,ratio,max,1.00
21,1780553053323170560,1780553054323170560,HTTP Connection Reused,ratio,sum,1.00
21,1780553053323170560,1780553054323170560,HTTP Connection Reused,ratio,p1,0.01
21,1780553053323170560,1780553054323170560,HTTP Connection Reused,ratio,p5,0.05
21,1780553053323170560,1780553054323170560,HTTP Connection Reused,ratio,p10,0.10
21,1780553053323170560,1780553054323170560,HTTP Connection Reused,ratio,p25,0.25
21,1780553053323170560,1780553054323170560,HTTP Connection Reused,ratio,p50,0.50
21,1780553053323170560,1780553054323170560,HTTP Connection Reused,ratio,p75,0.75
21,1780553053323170560,1780553054323170560,HTTP Connection Reused,ratio,p90,0.90
21,1780553053323170560,1780553054323170560,HTTP Connection Reused,ratio,p95,0.95
21,1780553053323170560,1780553054323170560,HTTP Connection Reused,ratio,p99,0.99
21,1780553053323170560,1780553054323170560,HTTP Connection Reused,ratio,std,0.50
21,1780553053323170560,1780553054323170560,HTTP Data Received,KB,avg,139.09
21,1780553053323170560,1780553054323170560,HTTP Data Received,KB,min,4.33
21,1780553053323170560,1780553054323170560,HTTP Data Received,KB,max,273.86
21,1780553053323170560,1780553054323170560,HTTP Data Received,KB,sum,278.18
21,1780553053323170560,1780553054323170560,HTTP Data Received,KB,p1,7.02
21,1780553053323170560,1780553054323170560,HTTP Data Received,KB,p5,17.80
21,1780553053323170560,1780553054323170560,HTTP Data Received,KB,p10,31.28
21,1780553053323170560,1780553054323170560,HTTP Data Received,KB,p25,71.71
21,1780553053323170560,1780553054323170560,HTTP Data Received,KB,p50,139.09
21,1780553053323170560,1780553054323170560,HTTP Data Received,KB,p75,206.47
21,1780553053323170560,1780553054323170560,HTTP Data Received,KB,p90,246.90
21,1780553053323170560,1780553054323170560,HTTP Data Received,KB,p95,260.38
21,1780553053323170560,1780553054323170560,HTTP Data Received,KB,p99,271.16
21,1780553053323170560,1780553054323170560,HTTP Data Received,KB,std,134.77
21,1780553053323170560,1780553054323170560,HTTP Data Sent,KB,avg,191.54
21,1780553053323170560,1780553054323170560,HTTP Data Sent,KB,min,132.62
21,1780553053323170560,1780553054323170560,HTTP Data Sent,KB,max,250.45
21,1780553053323170560,1780553054323170560,HTTP Data Sent,KB,sum,383.07
21,1780553053323170560,1780553054323170560,HTTP Data Sent,KB,p1,133.80
21,1780553053323170560,1780553054323170560,HTTP Data Sent,KB,p5,138.51
21,1780553053323170560,1780553054323170560,HTTP Data Sent,KB,p10,144.41
21,1780553053323170560,1780553054323170560,HTTP Data Sent,KB,p25,162.08
21,1780553053323170560,1780553054323170560,HTTP Data Sent,KB,p50,191.54
21,1780553053323170560,1780553054323170560,HTTP Data Sent,KB,p75,220.99
21,1780553053323170560,1780553054323170560,HTTP Data Sent,KB,p90,238.67
21,1780553053323170560,1780553054323170560,HTTP Data Sent,KB,p95,244.56
21,1780553053323170560,1780553054323170560,HTTP Data Sent,KB,p99,249.27
21,1780553053323170560,1780553054323170560,HTTP Data Sent,KB,std,58.91
21,1780553053323170560,1780553054323170560,HTTP DNS Lookup,ms,avg,0.27
21,1780553053323170560,1780553054323170560,HTTP DNS Lookup,ms,min,0.00
21,1780553053323170560,1780553054323170560,HTTP DNS Lookup,ms,max,0.53
21,1780553053323170560,1780553054323170560,HTTP DNS Lookup,ms,sum,0.53
21,1780553053323170560,1780553054323170560,HTTP DNS Lookup,ms,p1,0.01
21,1780553053323170560,1780553054323170560,HTTP DNS Lookup,ms,p5,0.03
21,1780553053323170560,1780553054323170560,HTTP DNS Lookup,ms,p10,0.05
21,1780553053323170560,1780553054323170560,HTTP DNS Lookup,ms,p25,0.13
21,1780553053323170560,1780553054323170560,HTTP DNS Lookup,ms,p50,0.27
21,1780553053323170560,1780553054323170560,HTTP DNS Lookup,ms,p75,0.40
21,1780553053323170560,1780553054323170560,HTTP DNS Lookup,ms,p90,0.48
21,1780553053323170560,1780553054323170560,HTTP DNS Lookup,ms,p95,0.50
21,1780553053323170560,1780553054323170560,HTTP DNS Lookup,ms,p99,0.53
21,1780553053323170560,1780553054323170560,HTTP DNS Lookup,ms,std,0.27
21,1780553053323170560,1780553054323170560,HTTP Duration (excl. conn),ms,avg,88065.14
21,1780553053323170560,1780553054323170560,HTTP Duration (excl. conn),ms,min,2155.24
21,1780553053323170560,1780553054323170560,HTTP Duration (excl. conn),ms,max,173975.03
21,1780553053323170560,1780553054323170560,HTTP Duration (excl. conn),ms,sum,176130.27
21,1780553053323170560,1780553054323170560,HTTP Duration (excl. conn),ms,p1,3873.44
21,1780553053323170560,1780553054323170560,HTTP Duration (excl. conn),ms,p5,10746.23
21,1780553053323170560,1780553054323170560,HTTP Duration (excl. conn),ms,p10,19337.22
21,1780553053323170560,1780553054323170560,HTTP Duration (excl. conn),ms,p25,45110.19
21,1780553053323170560,1780553054323170560,HTTP Duration (excl. conn),ms,p50,88065.14
21,1780553053323170560,1780553054323170560,HTTP Duration (excl. conn),ms,p75,131020.08
21,1780553053323170560,1780553054323170560,HTTP Duration (excl. conn),ms,p90,156793.05
21,1780553053323170560,1780553054323170560,HTTP Duration (excl. conn),ms,p95,165384.04
21,1780553053323170560,1780553054323170560,HTTP Duration (excl. conn),ms,p99,172256.83
21,1780553053323170560,1780553054323170560,HTTP Duration (excl. conn),ms,std,85909.89
21,1780553053323170560,1780553054323170560,HTTP Receiving,ms,avg,87230.58
21,1780553053323170560,1780553054323170560,HTTP Receiving,ms,min,1174.12
21,1780553053323170560,1780553054323170560,HTTP Receiving,ms,max,173287.05
21,1780553053323170560,1780553054323170560,HTTP Receiving,ms,sum,174461.17
21,1780553053323170560,1780553054323170560,HTTP Receiving,ms,p1,2895.25
21,1780553053323170560,1780553054323170560,HTTP Receiving,ms,p5,9779.76
21,1780553053323170560,1780553054323170560,HTTP Receiving,ms,p10,18385.41
21,1780553053323170560,1780553054323170560,HTTP Receiving,ms,p25,44202.35
21,1780553053323170560,1780553054323170560,HTTP Receiving,ms,p50,87230.58
21,1780553053323170560,1780553054323170560,HTTP Receiving,ms,p75,130258.82
21,1780553053323170560,1780553054323170560,HTTP Receiving,ms,p90,156075.76
21,1780553053323170560,1780553054323170560,HTTP Receiving,ms,p95,164681.40
21,1780553053323170560,1780553054323170560,HTTP Receiving,ms,p99,171565.92
21,1780553053323170560,1780553054323170560,HTTP Receiving,ms,std,86056.47
21,1780553053323170560,1780553054323170560,HTTP Sending,ms,avg,0.86
21,1780553053323170560,1780553054323170560,HTTP Sending,ms,min,0.29
21,1780553053323170560,1780553054323170560,HTTP Sending,ms,max,1.44
21,1780553053323170560,1780553054323170560,HTTP Sending,ms,sum,1.73
21,1780553053323170560,1780553054323170560,HTTP Sending,ms,p1,0.30
21,1780553053323170560,1780553054323170560,HTTP Sending,ms,p5,0.35
21,1780553053323170560,1780553054323170560,HTTP Sending,ms,p10,0.41
21,1780553053323170560,1780553054323170560,HTTP Sending,ms,p25,0.58
21,1780553053323170560,1780553054323170560,HTTP Sending,ms,p50,0.86
21,1780553053323170560,1780553054323170560,HTTP Sending,ms,p75,1.15
21,1780553053323170560,1780553054323170560,HTTP Sending,ms,p90,1.32
21,1780553053323170560,1780553054323170560,HTTP Sending,ms,p95,1.38
21,1780553053323170560,1780553054323170560,HTTP Sending,ms,p99,1.42
21,1780553053323170560,1780553054323170560,HTTP Sending,ms,std,0.57
21,1780553053323170560,1780553054323170560,HTTP Total Time,ms,avg,88065.98
21,1780553053323170560,1780553054323170560,HTTP Total Time,ms,min,2155.24
21,1780553053323170560,1780553054323170560,HTTP Total Time,ms,max,173976.72
21,1780553053323170560,1780553054323170560,HTTP Total Time,ms,sum,176131.96
21,1780553053323170560,1780553054323170560,HTTP Total Time,ms,p1,3873.46
21,1780553053323170560,1780553054323170560,HTTP Total Time,ms,p5,10746.32
21,1780553053323170560,1780553054323170560,HTTP Total Time,ms,p10,19337.39
21,1780553053323170560,1780553054323170560,HTTP Total Time,ms,p25,45110.61
21,1780553053323170560,1780553054323170560,HTTP Total Time,ms,p50,88065.98
21,1780553053323170560,1780553054323170560,HTTP Total Time,ms,p75,131021.35
21,1780553053323170560,1780553054323170560,HTTP Total Time,ms,p90,156794.57
21,1780553053323170560,1780553054323170560,HTTP Total Time,ms,p95,165385.64
21,1780553053323170560,1780553054323170560,HTTP Total Time,ms,p99,172258.50
21,1780553053323170560,1780553054323170560,HTTP Total Time,ms,std,85910.74
21,1780553053323170560,1780553054323170560,HTTP Waiting (TTFB),ms,avg,833.69
21,1780553053323170560,1780553054323170560,HTTP Waiting (TTFB),ms,min,686.54
21,1780553053323170560,1780553054323170560,HTTP Waiting (TTFB),ms,max,980.83
21,1780553053323170560,1780553054323170560,HTTP Waiting (TTFB),ms,sum,1667.37
21,1780553053323170560,1780553054323170560,HTTP Waiting (TTFB),ms,p1,689.48
21,1780553053323170560,1780553054323170560,HTTP Waiting (TTFB),ms,p5,701.25
21,1780553053323170560,1780553054323170560,HTTP Waiting (TTFB),ms,p10,715.97
21,1780553053323170560,1780553054323170560,HTTP Waiting (TTFB),ms,p25,760.11
21,1780553053323170560,1780553054323170560,HTTP Waiting (TTFB),ms,p50,833.69
21,1780553053323170560,1780553054323170560,HTTP Waiting (TTFB),ms,p75,907.26
21,1780553053323170560,1780553054323170560,HTTP Waiting (TTFB),ms,p90,951.40
21,1780553053323170560,1780553054323170560,HTTP Waiting (TTFB),ms,p95,966.12
21,1780553053323170560,1780553054323170560,HTTP Waiting (TTFB),ms,p99,977.89
21,1780553053323170560,1780553054323170560,HTTP Waiting (TTFB),ms,std,147.15
21,1780553053323170560,1780553054323170560,Input Sequence Length,tokens,avg,49424.00
21,1780553053323170560,1780553054323170560,Input Sequence Length,tokens,min,33956.00
21,1780553053323170560,1780553054323170560,Input Sequence Length,tokens,max,64892.00
21,1780553053323170560,1780553054323170560,Input Sequence Length,tokens,sum,98848.00
21,1780553053323170560,1780553054323170560,Input Sequence Length,tokens,p1,34265.36
21,1780553053323170560,1780553054323170560,Input Sequence Length,tokens,p5,35502.80
21,1780553053323170560,1780553054323170560,Input Sequence Length,tokens,p10,37049.60
21,1780553053323170560,1780553054323170560,Input Sequence Length,tokens,p25,41690.00
21,1780553053323170560,1780553054323170560,Input Sequence Length,tokens,p50,49424.00
21,1780553053323170560,1780553054323170560,Input Sequence Length,tokens,p75,57158.00
21,1780553053323170560,1780553054323170560,Input Sequence Length,tokens,p90,61798.40
21,1780553053323170560,1780553054323170560,Input Sequence Length,tokens,p95,63345.20
21,1780553053323170560,1780553054323170560,Input Sequence Length,tokens,p99,64582.64
21,1780553053323170560,1780553054323170560,Input Sequence Length,tokens,std,15468.00
21,1780553053323170560,1780553054323170560,Input Token Throughput,tokens/sec,avg,98848.00
21,1780553053323170560,1780553054323170560,Inter Chunk Latency,ms,avg,63.47
21,1780553053323170560,1780553054323170560,Inter Chunk Latency,ms,min,34.45
21,1780553053323170560,1780553054323170560,Inter Chunk Latency,ms,max,63.92
21,1780553053323170560,1780553054323170560,Inter Chunk Latency,ms,sum,69748.98
21,1780553053323170560,1780553054323170560,Inter Chunk Latency,ms,p1,34.47
21,1780553053323170560,1780553054323170560,Inter Chunk Latency,ms,p5,63.75
21,1780553053323170560,1780553054323170560,Inter Chunk Latency,ms,p10,63.76
21,1780553053323170560,1780553054323170560,Inter Chunk Latency,ms,p25,63.79
21,1780553053323170560,1780553054323170560,Inter Chunk Latency,ms,p50,63.84
21,1780553053323170560,1780553054323170560,Inter Chunk Latency,ms,p75,63.88
21,1780553053323170560,1780553054323170560,Inter Chunk Latency,ms,p90,63.91
21,1780553053323170560,1780553054323170560,Inter Chunk Latency,ms,p95,63.91
21,1780553053323170560,1780553054323170560,Inter Chunk Latency,ms,p99,63.92
21,1780553053323170560,1780553054323170560,Inter Chunk Latency,ms,std,3.29
21,1780553053323170560,1780553054323170560,Inter Token Latency,ms,avg,120.77
21,1780553053323170560,1780553054323170560,Inter Token Latency,ms,min,83.86
21,1780553053323170560,1780553054323170560,Inter Token Latency,ms,max,157.68
21,1780553053323170560,1780553054323170560,Inter Token Latency,ms,sum,241.54
21,1780553053323170560,1780553054323170560,Inter Token Latency,ms,p1,84.60
21,1780553053323170560,1780553054323170560,Inter Token Latency,ms,p5,87.56
21,1780553053323170560,1780553054323170560,Inter Token Latency,ms,p10,91.25
21,1780553053323170560,1780553054323170560,Inter Token Latency,ms,p25,102.32
21,1780553053323170560,1780553054323170560,Inter Token Latency,ms,p50,120.77
21,1780553053323170560,1780553054323170560,Inter Token Latency,ms,p75,139.22
21,1780553053323170560,1780553054323170560,Inter Token Latency,ms,p90,150.30
21,1780553053323170560,1780553054323170560,Inter Token Latency,ms,p95,153.99
21,1780553053323170560,1780553054323170560,Inter Token Latency,ms,p99,156.94
21,1780553053323170560,1780553054323170560,Inter Token Latency,ms,std,36.91
21,1780553053323170560,1780553054323170560,Maximum Response Timestamp,ns,avg,1780553227989185280.00
21,1780553053323170560,1780553054323170560,Minimum Request Timestamp,ns,avg,1780553054014043648.00
21,1780553053323170560,1780553054323170560,OSL Mismatch Count,requests,avg,0.00
21,1780553053323170560,1780553054323170560,OSL Mismatch Diff %,%,avg,0.00
21,1780553053323170560,1780553054323170560,OSL Mismatch Diff %,%,min,0.00
21,1780553053323170560,1780553054323170560,OSL Mismatch Diff %,%,max,0.00
21,1780553053323170560,1780553054323170560,OSL Mismatch Diff %,%,sum,0.00
21,1780553053323170560,1780553054323170560,OSL Mismatch Diff %,%,p1,0.00
21,1780553053323170560,1780553054323170560,OSL Mismatch Diff %,%,p5,0.00
21,1780553053323170560,1780553054323170560,OSL Mismatch Diff %,%,p10,0.00
21,1780553053323170560,1780553054323170560,OSL Mismatch Diff %,%,p25,0.00
21,1780553053323170560,1780553054323170560,OSL Mismatch Diff %,%,p50,0.00
21,1780553053323170560,1780553054323170560,OSL Mismatch Diff %,%,p75,0.00
21,1780553053323170560,1780553054323170560,OSL Mismatch Diff %,%,p90,0.00
21,1780553053323170560,1780553054323170560,OSL Mismatch Diff %,%,p95,0.00
21,1780553053323170560,1780553054323170560,OSL Mismatch Diff %,%,p99,0.00
21,1780553053323170560,1780553054323170560,OSL Mismatch Diff %,%,std,0.00
21,1780553053323170560,1780553054323170560,Output Sequence Length,tokens,avg,557.50
21,1780553053323170560,1780553054323170560,Output Sequence Length,tokens,min,15.00
21,1780553053323170560,1780553054323170560,Output Sequence Length,tokens,max,1100.00
21,1780553053323170560,1780553054323170560,Output Sequence Length,tokens,sum,1115.00
21,1780553053323170560,1780553054323170560,Output Sequence Length,tokens,p1,25.85
21,1780553053323170560,1780553054323170560,Output Sequence Length,tokens,p5,69.25
21,1780553053323170560,1780553054323170560,Output Sequence Length,tokens,p10,123.50
21,1780553053323170560,1780553054323170560,Output Sequence Length,tokens,p25,286.25
21,1780553053323170560,1780553054323170560,Output Sequence Length,tokens,p50,557.50
21,1780553053323170560,1780553054323170560,Output Sequence Length,tokens,p75,828.75
21,1780553053323170560,1780553054323170560,Output Sequence Length,tokens,p90,991.50
21,1780553053323170560,1780553054323170560,Output Sequence Length,tokens,p95,1045.75
21,1780553053323170560,1780553054323170560,Output Sequence Length,tokens,p99,1089.15
21,1780553053323170560,1780553054323170560,Output Sequence Length,tokens,std,542.50
21,1780553053323170560,1780553054323170560,Output Token Count,tokens,avg,557.50
21,1780553053323170560,1780553054323170560,Output Token Count,tokens,min,15.00
21,1780553053323170560,1780553054323170560,Output Token Count,tokens,max,1100.00
21,1780553053323170560,1780553054323170560,Output Token Count,tokens,sum,1115.00
21,1780553053323170560,1780553054323170560,Output Token Count,tokens,p1,25.85
21,1780553053323170560,1780553054323170560,Output Token Count,tokens,p5,69.25
21,1780553053323170560,1780553054323170560,Output Token Count,tokens,p10,123.50
21,1780553053323170560,1780553054323170560,Output Token Count,tokens,p25,286.25
21,1780553053323170560,1780553054323170560,Output Token Count,tokens,p50,557.50
21,1780553053323170560,1780553054323170560,Output Token Count,tokens,p75,828.75
21,1780553053323170560,1780553054323170560,Output Token Count,tokens,p90,991.50
21,1780553053323170560,1780553054323170560,Output Token Count,tokens,p95,1045.75
21,1780553053323170560,1780553054323170560,Output Token Count,tokens,p99,1089.15
21,1780553053323170560,1780553054323170560,Output Token Count,tokens,std,542.50
21,1780553053323170560,1780553054323170560,Output Token Throughput,tokens/sec,avg,1115.00
21,1780553053323170560,1780553054323170560,Output Token Throughput Per User,tokens/sec/user,avg,9.13
21,1780553053323170560,1780553054323170560,Output Token Throughput Per User,tokens/sec/user,min,6.34
21,1780553053323170560,1780553054323170560,Output Token Throughput Per User,tokens/sec/user,max,11.92
21,1780553053323170560,1780553054323170560,Output Token Throughput Per User,tokens/sec/user,sum,18.27
21,1780553053323170560,1780553054323170560,Output Token Throughput Per User,tokens/sec/user,p1,6.40
21,1780553053323170560,1780553054323170560,Output Token Throughput Per User,tokens/sec/user,p5,6.62
21,1780553053323170560,1780553054323170560,Output Token Throughput Per User,tokens/sec/user,p10,6.90
21,1780553053323170560,1780553054323170560,Output Token Throughput Per User,tokens/sec/user,p25,7.74
21,1780553053323170560,1780553054323170560,Output Token Throughput Per User,tokens/sec/user,p50,9.13
21,1780553053323170560,1780553054323170560,Output Token Throughput Per User,tokens/sec/user,p75,10.53
21,1780553053323170560,1780553054323170560,Output Token Throughput Per User,tokens/sec/user,p90,11.37
21,1780553053323170560,1780553054323170560,Output Token Throughput Per User,tokens/sec/user,p95,11.64
21,1780553053323170560,1780553054323170560,Output Token Throughput Per User,tokens/sec/user,p99,11.87
21,1780553053323170560,1780553054323170560,Output Token Throughput Per User,tokens/sec/user,std,2.79
21,1780553053323170560,1780553054323170560,Prefill Throughput Per User,tokens/sec/user,avg,57740.22
21,1780553053323170560,1780553054323170560,Prefill Throughput Per User,tokens/sec/user,min,49348.20
21,1780553053323170560,1780553054323170560,Prefill Throughput Per User,tokens/sec/user,max,66132.24
21,1780553053323170560,1780553054323170560,Prefill Throughput Per User,tokens/sec/user,sum,115480.44
21,1780553053323170560,1780553054323170560,Prefill Throughput Per User,tokens/sec/user,p1,49516.04
21,1780553053323170560,1780553054323170560,Prefill Throughput Per User,tokens/sec/user,p5,50187.40
21,1780553053323170560,1780553054323170560,Prefill Throughput Per User,tokens/sec/user,p10,51026.61
21,1780553053323170560,1780553054323170560,Prefill Throughput Per User,tokens/sec/user,p25,53544.21
21,1780553053323170560,1780553054323170560,Prefill Throughput Per User,tokens/sec/user,p50,57740.22
21,1780553053323170560,1780553054323170560,Prefill Throughput Per User,tokens/sec/user,p75,61936.23
21,1780553053323170560,1780553054323170560,Prefill Throughput Per User,tokens/sec/user,p90,64453.83
21,1780553053323170560,1780553054323170560,Prefill Throughput Per User,tokens/sec/user,p95,65293.04
21,1780553053323170560,1780553054323170560,Prefill Throughput Per User,tokens/sec/user,p99,65964.40
21,1780553053323170560,1780553054323170560,Prefill Throughput Per User,tokens/sec/user,std,8392.02
21,1780553053323170560,1780553054323170560,Request Count,requests,avg,2.00
21,1780553053323170560,1780553054323170560,Request Latency,ms,avg,88065.25
21,1780553053323170560,1780553054323170560,Request Latency,ms,min,2155.35
21,1780553053323170560,1780553054323170560,Request Latency,ms,max,173975.14
21,1780553053323170560,1780553054323170560,Request Latency,ms,sum,176130.50
21,1780553053323170560,1780553054323170560,Request Latency,ms,p1,3873.55
21,1780553053323170560,1780553054323170560,Request Latency,ms,p5,10746.34
21,1780553053323170560,1780553054323170560,Request Latency,ms,p10,19337.33
21,1780553053323170560,1780553054323170560,Request Latency,ms,p25,45110.30
21,1780553053323170560,1780553054323170560,Request Latency,ms,p50,88065.25
21,1780553053323170560,1780553054323170560,Request Latency,ms,p75,131020.19
21,1780553053323170560,1780553054323170560,Request Latency,ms,p90,156793.16
21,1780553053323170560,1780553054323170560,Request Latency,ms,p95,165384.15
21,1780553053323170560,1780553054323170560,Request Latency,ms,p99,172256.94
21,1780553053323170560,1780553054323170560,Request Latency,ms,std,85909.89
21,1780553053323170560,1780553054323170560,Request Throughput,requests/sec,avg,2.00
21,1780553053323170560,1780553054323170560,Requested OSL,tokens,avg,557.50
21,1780553053323170560,1780553054323170560,Requested OSL,tokens,min,15.00
21,1780553053323170560,1780553054323170560,Requested OSL,tokens,max,1100.00
21,1780553053323170560,1780553054323170560,Requested OSL,tokens,sum,1115.00
21,1780553053323170560,1780553054323170560,Requested OSL,tokens,p1,25.85
21,1780553053323170560,1780553054323170560,Requested OSL,tokens,p5,69.25
21,1780553053323170560,1780553054323170560,Requested OSL,tokens,p10,123.50
21,1780553053323170560,1780553054323170560,Requested OSL,tokens,p25,286.25
21,1780553053323170560,1780553054323170560,Requested OSL,tokens,p50,557.50
21,1780553053323170560,1780553054323170560,Requested OSL,tokens,p75,828.75
21,1780553053323170560,1780553054323170560,Requested OSL,tokens,p90,991.50
21,1780553053323170560,1780553054323170560,Requested OSL,tokens,p95,1045.75
21,1780553053323170560,1780553054323170560,Requested OSL,tokens,p99,1089.15
21,1780553053323170560,1780553054323170560,Requested OSL,tokens,std,542.50
21,1780553053323170560,1780553054323170560,Time to First Output Token,ms,avg,834.67
21,1780553053323170560,1780553054323170560,Time to First Output Token,ms,min,688.09
21,1780553053323170560,1780553054323170560,Time to First Output Token,ms,max,981.25
21,1780553053323170560,1780553054323170560,Time to First Output Token,ms,sum,1669.34
21,1780553053323170560,1780553054323170560,Time to First Output Token,ms,p1,691.02
21,1780553053323170560,1780553054323170560,Time to First Output Token,ms,p5,702.75
21,1780553053323170560,1780553054323170560,Time to First Output Token,ms,p10,717.41
21,1780553053323170560,1780553054323170560,Time to First Output Token,ms,p25,761.38
21,1780553053323170560,1780553054323170560,Time to First Output Token,ms,p50,834.67
21,1780553053323170560,1780553054323170560,Time to First Output Token,ms,p75,907.96
21,1780553053323170560,1780553054323170560,Time to First Output Token,ms,p90,951.93
21,1780553053323170560,1780553054323170560,Time to First Output Token,ms,p95,966.59
21,1780553053323170560,1780553054323170560,Time to First Output Token,ms,p99,978.31
21,1780553053323170560,1780553054323170560,Time to First Output Token,ms,std,146.58
21,1780553053323170560,1780553054323170560,Time to First Token,ms,avg,834.67
21,1780553053323170560,1780553054323170560,Time to First Token,ms,min,688.09
21,1780553053323170560,1780553054323170560,Time to First Token,ms,max,981.25
21,1780553053323170560,1780553054323170560,Time to First Token,ms,sum,1669.34
21,1780553053323170560,1780553054323170560,Time to First Token,ms,p1,691.02
21,1780553053323170560,1780553054323170560,Time to First Token,ms,p5,702.75
21,1780553053323170560,1780553054323170560,Time to First Token,ms,p10,717.41
21,1780553053323170560,1780553054323170560,Time to First Token,ms,p25,761.38
21,1780553053323170560,1780553054323170560,Time to First Token,ms,p50,834.67
21,1780553053323170560,1780553054323170560,Time to First Token,ms,p75,907.96
21,1780553053323170560,1780553054323170560,Time to First Token,ms,p90,951.93
21,1780553053323170560,1780553054323170560,Time to First Token,ms,p95,966.59
21,1780553053323170560,1780553054323170560,Time to First Token,ms,p99,978.31
21,1780553053323170560,1780553054323170560,Time to First Token,ms,std,146.58
21,1780553053323170560,1780553054323170560,Time to Second Token,ms,avg,212.80
21,1780553053323170560,1780553054323170560,Time to Second Token,ms,min,12.46
21,1780553053323170560,1780553054323170560,Time to Second Token,ms,max,413.14
21,1780553053323170560,1780553054323170560,Time to Second Token,ms,sum,425.59
21,1780553053323170560,1780553054323170560,Time to Second Token,ms,p1,16.47
21,1780553053323170560,1780553054323170560,Time to Second Token,ms,p5,32.49
21,1780553053323170560,1780553054323170560,Time to Second Token,ms,p10,52.53
21,1780553053323170560,1780553054323170560,Time to Second Token,ms,p25,112.63
21,1780553053323170560,1780553054323170560,Time to Second Token,ms,p50,212.80
21,1780553053323170560,1780553054323170560,Time to Second Token,ms,p75,312.97
21,1780553053323170560,1780553054323170560,Time to Second Token,ms,p90,373.07
21,1780553053323170560,1780553054323170560,Time to Second Token,ms,p95,393.10
21,1780553053323170560,1780553054323170560,Time to Second Token,ms,p99,409.13
21,1780553053323170560,1780553054323170560,Time to Second Token,ms,std,200.34
21,1780553053323170560,1780553054323170560,Tokens In Flight,tokens,avg,1078490.03
21,1780553053323170560,1780553054323170560,Tokens In Flight,tokens,min,1064860.10
21,1780553053323170560,1780553054323170560,Tokens In Flight,tokens,max,1163836.27
21,1780553053323170560,1780553054323170560,Tokens In Flight,tokens,p50,1064924.58
21,1780553053323170560,1780553054323170560,Tokens In Flight,tokens,p90,1098932.46
21,1780553053323170560,1780553054323170560,Tokens In Flight,tokens,p95,1098936.46
21,1780553053323170560,1780553054323170560,Tokens In Flight,tokens,p99,1163836.27
21,1780553053323170560,1780553054323170560,Tokens In Flight,tokens,std,24109.65
21,1780553053323170560,1780553054323170560,Total Input Sequence Length,tokens,avg,98848.00
21,1780553053323170560,1780553054323170560,Total Output Sequence Length,tokens,avg,1115.00
21,1780553053323170560,1780553054323170560,Total Output Tokens,tokens,avg,1115.00
21,1780553053323170560,1780553054323170560,Total Token Throughput,tokens/sec,avg,99963.00
21,1780553053323170560,1780553054323170560,Total Usage Completion Tokens,tokens,avg,1115.00
21,1780553053323170560,1780553054323170560,Total Usage Prompt Tokens,tokens,avg,98848.00
21,1780553053323170560,1780553054323170560,Total Usage Total Tokens,tokens,avg,99963.00
21,1780553053323170560,1780553054323170560,Usage Completion Tokens,tokens,avg,557.50
21,1780553053323170560,1780553054323170560,Usage Completion Tokens,tokens,min,15.00
21,1780553053323170560,1780553054323170560,Usage Completion Tokens,tokens,max,1100.00
21,1780553053323170560,1780553054323170560,Usage Completion Tokens,tokens,sum,1115.00
21,1780553053323170560,1780553054323170560,Usage Completion Tokens,tokens,p1,25.85
21,1780553053323170560,1780553054323170560,Usage Completion Tokens,tokens,p5,69.25
21,1780553053323170560,1780553054323170560,Usage Completion Tokens,tokens,p10,123.50
21,1780553053323170560,1780553054323170560,Usage Completion Tokens,tokens,p25,286.25
21,1780553053323170560,1780553054323170560,Usage Completion Tokens,tokens,p50,557.50
21,1780553053323170560,1780553054323170560,Usage Completion Tokens,tokens,p75,828.75
21,1780553053323170560,1780553054323170560,Usage Completion Tokens,tokens,p90,991.50
21,1780553053323170560,1780553054323170560,Usage Completion Tokens,tokens,p95,1045.75
21,1780553053323170560,1780553054323170560,Usage Completion Tokens,tokens,p99,1089.15
21,1780553053323170560,1780553054323170560,Usage Completion Tokens,tokens,std,542.50
21,1780553053323170560,1780553054323170560,Usage Prompt Tokens,tokens,avg,49424.00
21,1780553053323170560,1780553054323170560,Usage Prompt Tokens,tokens,min,33956.00
21,1780553053323170560,1780553054323170560,Usage Prompt Tokens,tokens,max,64892.00
21,1780553053323170560,1780553054323170560,Usage Prompt Tokens,tokens,sum,98848.00
21,1780553053323170560,1780553054323170560,Usage Prompt Tokens,tokens,p1,34265.36
21,1780553053323170560,1780553054323170560,Usage Prompt Tokens,tokens,p5,35502.80
21,1780553053323170560,1780553054323170560,Usage Prompt Tokens,tokens,p10,37049.60
21,1780553053323170560,1780553054323170560,Usage Prompt Tokens,tokens,p25,41690.00
21,1780553053323170560,1780553054323170560,Usage Prompt Tokens,tokens,p50,49424.00
21,1780553053323170560,1780553054323170560,Usage Prompt Tokens,tokens,p75,57158.00
21,1780553053323170560,1780553054323170560,Usage Prompt Tokens,tokens,p90,61798.40
21,1780553053323170560,1780553054323170560,Usage Prompt Tokens,tokens,p95,63345.20
21,1780553053323170560,1780553054323170560,Usage Prompt Tokens,tokens,p99,64582.64
21,1780553053323170560,1780553054323170560,Usage Prompt Tokens,tokens,std,15468.00
21,1780553053323170560,1780553054323170560,Usage Total Tokens,tokens,avg,49981.50
21,1780553053323170560,1780553054323170560,Usage Total Tokens,tokens,min,35056.00
21,1780553053323170560,1780553054323170560,Usage Total Tokens,tokens,max,64907.00
21,1780553053323170560,1780553054323170560,Usage Total Tokens,tokens,sum,99963.00
21,1780553053323170560,1780553054323170560,Usage Total Tokens,tokens,p1,35354.51
21,1780553053323170560,1780553054323170560,Usage Total Tokens,tokens,p5,36548.55
21,1780553053323170560,1780553054323170560,Usage Total Tokens,tokens,p10,38041.10
21,1780553053323170560,1780553054323170560,Usage Total Tokens,tokens,p25,42518.75
21,1780553053323170560,1780553054323170560,Usage Total Tokens,tokens,p50,49981.50
21,1780553053323170560,1780553054323170560,Usage Total Tokens,tokens,p75,57444.25
21,1780553053323170560,1780553054323170560,Usage Total Tokens,tokens,p90,61921.90
21,1780553053323170560,1780553054323170560,Usage Total Tokens,tokens,p95,63414.45
21,1780553053323170560,1780553054323170560,Usage Total Tokens,tokens,p99,64608.49
21,1780553053323170560,1780553054323170560,Usage Total Tokens,tokens,std,14925.50
22,1780553054323170560,1780553055323170560,Active Decode Throughput,tokens/sec,avg,125.16
22,1780553054323170560,1780553055323170560,Active Decode Throughput,tokens/sec,min,92.01
22,1780553054323170560,1780553055323170560,Active Decode Throughput,tokens/sec,max,168.77
22,1780553054323170560,1780553055323170560,Active Decode Throughput,tokens/sec,p50,123.86
22,1780553054323170560,1780553055323170560,Active Decode Throughput,tokens/sec,p90,126.96
22,1780553054323170560,1780553055323170560,Active Decode Throughput,tokens/sec,p95,152.88
22,1780553054323170560,1780553055323170560,Active Decode Throughput,tokens/sec,p99,152.88
22,1780553054323170560,1780553055323170560,Active Decode Throughput,tokens/sec,std,8.97
22,1780553054323170560,1780553055323170560,Active Decode Throughput Per User,tokens/sec/user,avg,10.72
22,1780553054323170560,1780553055323170560,Active Decode Throughput Per User,tokens/sec/user,min,8.09
22,1780553054323170560,1780553055323170560,Active Decode Throughput Per User,tokens/sec/user,max,13.97
22,1780553054323170560,1780553055323170560,Active Decode Throughput Per User,tokens/sec/user,p50,10.32
22,1780553054323170560,1780553055323170560,Active Decode Throughput Per User,tokens/sec/user,p90,11.54
22,1780553054323170560,1780553055323170560,Active Decode Throughput Per User,tokens/sec/user,p95,11.76
22,1780553054323170560,1780553055323170560,Active Decode Throughput Per User,tokens/sec/user,p99,11.76
22,1780553054323170560,1780553055323170560,Active Decode Throughput Per User,tokens/sec/user,std,0.65
22,1780553054323170560,1780553055323170560,Active Prefill Throughput,tokens/sec,avg,88930.75
22,1780553054323170560,1780553055323170560,Active Prefill Throughput,tokens/sec,min,66132.25
22,1780553054323170560,1780553055323170560,Active Prefill Throughput,tokens/sec,max,159966.78
22,1780553054323170560,1780553055323170560,Active Prefill Throughput,tokens/sec,p50,66132.25
22,1780553054323170560,1780553055323170560,Active Prefill Throughput,tokens/sec,p90,115480.45
22,1780553054323170560,1780553055323170560,Active Prefill Throughput,tokens/sec,p95,115480.45
22,1780553054323170560,1780553055323170560,Active Prefill Throughput,tokens/sec,p99,159966.78
22,1780553054323170560,1780553055323170560,Active Prefill Throughput,tokens/sec,std,27608.37
22,1780553054323170560,1780553055323170560,Active Prefill Throughput Per User,tokens/sec/user,avg,66382.66
22,1780553054323170560,1780553055323170560,Active Prefill Throughput Per User,tokens/sec/user,min,57740.23
22,1780553054323170560,1780553055323170560,Active Prefill Throughput Per User,tokens/sec/user,max,159966.78
22,1780553054323170560,1780553055323170560,Active Prefill Throughput Per User,tokens/sec/user,p50,66132.25
22,1780553054323170560,1780553055323170560,Active Prefill Throughput Per User,tokens/sec/user,p90,66132.25
22,1780553054323170560,1780553055323170560,Active Prefill Throughput Per User,tokens/sec/user,p95,66132.25
22,1780553054323170560,1780553055323170560,Active Prefill Throughput Per User,tokens/sec/user,p99,159966.78
22,1780553054323170560,1780553055323170560,Active Prefill Throughput Per User,tokens/sec/user,std,18932.71
22,1780553054323170560,1780553055323170560,Active Total Throughput,tokens/sec,avg,86395.91
22,1780553054323170560,1780553055323170560,Active Total Throughput,tokens/sec,min,108.11
22,1780553054323170560,1780553055323170560,Active Total Throughput,tokens/sec,max,160074.89
22,1780553054323170560,1780553055323170560,Active Total Throughput,tokens/sec,p50,66228.44
22,1780553054323170560,1780553055323170560,Active Total Throughput,tokens/sec,p90,115570.30
22,1780553054323170560,1780553055323170560,Active Total Throughput,tokens/sec,p95,115570.30
22,1780553054323170560,1780553055323170560,Active Total Throughput,tokens/sec,p99,160074.89
22,1780553054323170560,1780553055323170560,Active Total Throughput,tokens/sec,std,31088.11
22,1780553054323170560,1780553055323170560,Benchmark Duration,sec,avg,61.50
22,1780553054323170560,1780553055323170560,E2E Output Token Throughput,tokens/sec/user,avg,11.30
22,1780553054323170560,1780553055323170560,E2E Output Token Throughput,tokens/sec/user,min,11.30
22,1780553054323170560,1780553055323170560,E2E Output Token Throughput,tokens/sec/user,max,11.30
22,1780553054323170560,1780553055323170560,E2E Output Token Throughput,tokens/sec/user,sum,11.30
22,1780553054323170560,1780553055323170560,E2E Output Token Throughput,tokens/sec/user,p1,11.30
22,1780553054323170560,1780553055323170560,E2E Output Token Throughput,tokens/sec/user,p5,11.30
22,1780553054323170560,1780553055323170560,E2E Output Token Throughput,tokens/sec/user,p10,11.30
22,1780553054323170560,1780553055323170560,E2E Output Token Throughput,tokens/sec/user,p25,11.30
22,1780553054323170560,1780553055323170560,E2E Output Token Throughput,tokens/sec/user,p50,11.30
22,1780553054323170560,1780553055323170560,E2E Output Token Throughput,tokens/sec/user,p75,11.30
22,1780553054323170560,1780553055323170560,E2E Output Token Throughput,tokens/sec/user,p90,11.30
22,1780553054323170560,1780553055323170560,E2E Output Token Throughput,tokens/sec/user,p95,11.30
22,1780553054323170560,1780553055323170560,E2E Output Token Throughput,tokens/sec/user,p99,11.30
22,1780553054323170560,1780553055323170560,E2E Output Token Throughput,tokens/sec/user,std,0.00
22,1780553054323170560,1780553055323170560,Effective Concurrency,requests,avg,13.04
22,1780553054323170560,1780553055323170560,Effective Concurrency,requests,min,13.00
22,1780553054323170560,1780553055323170560,Effective Concurrency,requests,max,14.00
22,1780553054323170560,1780553055323170560,Effective Concurrency,requests,p50,13.00
22,1780553054323170560,1780553055323170560,Effective Concurrency,requests,p90,13.00
22,1780553054323170560,1780553055323170560,Effective Concurrency,requests,p95,13.00
22,1780553054323170560,1780553055323170560,Effective Concurrency,requests,p99,14.00
22,1780553054323170560,1780553055323170560,Effective Concurrency,requests,std,0.19
22,1780553054323170560,1780553055323170560,Effective Decode Concurrency,requests,avg,11.69
22,1780553054323170560,1780553055323170560,Effective Decode Concurrency,requests,min,11.00
22,1780553054323170560,1780553055323170560,Effective Decode Concurrency,requests,max,13.00
22,1780553054323170560,1780553055323170560,Effective Decode Concurrency,requests,p50,12.00
22,1780553054323170560,1780553055323170560,Effective Decode Concurrency,requests,p90,12.00
22,1780553054323170560,1780553055323170560,Effective Decode Concurrency,requests,p95,13.00
22,1780553054323170560,1780553055323170560,Effective Decode Concurrency,requests,p99,13.00
22,1780553054323170560,1780553055323170560,Effective Decode Concurrency,requests,std,0.59
22,1780553054323170560,1780553055323170560,Effective Decode Throughput,tokens/sec,avg,125.16
22,1780553054323170560,1780553055323170560,Effective Decode Throughput,tokens/sec,min,92.01
22,1780553054323170560,1780553055323170560,Effective Decode Throughput,tokens/sec,max,168.77
22,1780553054323170560,1780553055323170560,Effective Decode Throughput,tokens/sec,p50,123.86
22,1780553054323170560,1780553055323170560,Effective Decode Throughput,tokens/sec,p90,126.96
22,1780553054323170560,1780553055323170560,Effective Decode Throughput,tokens/sec,p95,152.88
22,1780553054323170560,1780553055323170560,Effective Decode Throughput,tokens/sec,p99,152.88
22,1780553054323170560,1780553055323170560,Effective Decode Throughput,tokens/sec,std,8.97
22,1780553054323170560,1780553055323170560,Effective Decode Throughput Per User,tokens/sec/user,avg,10.72
22,1780553054323170560,1780553055323170560,Effective Decode Throughput Per User,tokens/sec/user,min,8.09
22,1780553054323170560,1780553055323170560,Effective Decode Throughput Per User,tokens/sec/user,max,13.97
22,1780553054323170560,1780553055323170560,Effective Decode Throughput Per User,tokens/sec/user,p50,10.32
22,1780553054323170560,1780553055323170560,Effective Decode Throughput Per User,tokens/sec/user,p90,11.54
22,1780553054323170560,1780553055323170560,Effective Decode Throughput Per User,tokens/sec/user,p95,11.76
22,1780553054323170560,1780553055323170560,Effective Decode Throughput Per User,tokens/sec/user,p99,11.76
22,1780553054323170560,1780553055323170560,Effective Decode Throughput Per User,tokens/sec/user,std,0.65
22,1780553054323170560,1780553055323170560,Effective Prefill Concurrency,requests,avg,1.35
22,1780553054323170560,1780553055323170560,Effective Prefill Concurrency,requests,min,0.00
22,1780553054323170560,1780553055323170560,Effective Prefill Concurrency,requests,max,2.00
22,1780553054323170560,1780553055323170560,Effective Prefill Concurrency,requests,p50,1.00
22,1780553054323170560,1780553055323170560,Effective Prefill Concurrency,requests,p90,2.00
22,1780553054323170560,1780553055323170560,Effective Prefill Concurrency,requests,p95,2.00
22,1780553054323170560,1780553055323170560,Effective Prefill Concurrency,requests,p99,2.00
22,1780553054323170560,1780553055323170560,Effective Prefill Concurrency,requests,std,0.54
22,1780553054323170560,1780553055323170560,Effective Prefill Throughput,tokens/sec,avg,86301.33
22,1780553054323170560,1780553055323170560,Effective Prefill Throughput,tokens/sec,min,0.00
22,1780553054323170560,1780553055323170560,Effective Prefill Throughput,tokens/sec,max,159966.78
22,1780553054323170560,1780553055323170560,Effective Prefill Throughput,tokens/sec,p50,66132.25
22,1780553054323170560,1780553055323170560,Effective Prefill Throughput,tokens/sec,p90,115480.45
22,1780553054323170560,1780553055323170560,Effective Prefill Throughput,tokens/sec,p95,115480.45
22,1780553054323170560,1780553055323170560,Effective Prefill Throughput,tokens/sec,p99,159966.78
22,1780553054323170560,1780553055323170560,Effective Prefill Throughput,tokens/sec,std,31090.31
22,1780553054323170560,1780553055323170560,Effective Prefill Throughput Per User,tokens/sec/user,avg,64419.93
22,1780553054323170560,1780553055323170560,Effective Prefill Throughput Per User,tokens/sec/user,min,0.00
22,1780553054323170560,1780553055323170560,Effective Prefill Throughput Per User,tokens/sec/user,max,159966.78
22,1780553054323170560,1780553055323170560,Effective Prefill Throughput Per User,tokens/sec/user,p50,66132.25
22,1780553054323170560,1780553055323170560,Effective Prefill Throughput Per User,tokens/sec/user,p90,66132.25
22,1780553054323170560,1780553055323170560,Effective Prefill Throughput Per User,tokens/sec/user,p95,66132.25
22,1780553054323170560,1780553055323170560,Effective Prefill Throughput Per User,tokens/sec/user,p99,159966.78
22,1780553054323170560,1780553055323170560,Effective Prefill Throughput Per User,tokens/sec/user,std,21778.17
22,1780553054323170560,1780553055323170560,Effective Total Throughput,tokens/sec,avg,86395.91
22,1780553054323170560,1780553055323170560,Effective Total Throughput,tokens/sec,min,108.11
22,1780553054323170560,1780553055323170560,Effective Total Throughput,tokens/sec,max,160074.89
22,1780553054323170560,1780553055323170560,Effective Total Throughput,tokens/sec,p50,66228.44
22,1780553054323170560,1780553055323170560,Effective Total Throughput,tokens/sec,p90,115570.30
22,1780553054323170560,1780553055323170560,Effective Total Throughput,tokens/sec,p95,115570.30
22,1780553054323170560,1780553055323170560,Effective Total Throughput,tokens/sec,p99,160074.89
22,1780553054323170560,1780553055323170560,Effective Total Throughput,tokens/sec,std,31088.11
22,1780553054323170560,1780553055323170560,HTTP Blocked,ms,avg,0.00
22,1780553054323170560,1780553055323170560,HTTP Blocked,ms,min,0.00
22,1780553054323170560,1780553055323170560,HTTP Blocked,ms,max,0.00
22,1780553054323170560,1780553055323170560,HTTP Blocked,ms,sum,0.00
22,1780553054323170560,1780553055323170560,HTTP Blocked,ms,p1,0.00
22,1780553054323170560,1780553055323170560,HTTP Blocked,ms,p5,0.00
22,1780553054323170560,1780553055323170560,HTTP Blocked,ms,p10,0.00
22,1780553054323170560,1780553055323170560,HTTP Blocked,ms,p25,0.00
22,1780553054323170560,1780553055323170560,HTTP Blocked,ms,p50,0.00
22,1780553054323170560,1780553055323170560,HTTP Blocked,ms,p75,0.00
22,1780553054323170560,1780553055323170560,HTTP Blocked,ms,p90,0.00
22,1780553054323170560,1780553055323170560,HTTP Blocked,ms,p95,0.00
22,1780553054323170560,1780553055323170560,HTTP Blocked,ms,p99,0.00
22,1780553054323170560,1780553055323170560,HTTP Blocked,ms,std,0.00
22,1780553054323170560,1780553055323170560,HTTP Chunks Received,count,avg,695.00
22,1780553054323170560,1780553055323170560,HTTP Chunks Received,count,min,695.00
22,1780553054323170560,1780553055323170560,HTTP Chunks Received,count,max,695.00
22,1780553054323170560,1780553055323170560,HTTP Chunks Received,count,sum,695.00
22,1780553054323170560,1780553055323170560,HTTP Chunks Received,count,p1,695.00
22,1780553054323170560,1780553055323170560,HTTP Chunks Received,count,p5,695.00
22,1780553054323170560,1780553055323170560,HTTP Chunks Received,count,p10,695.00
22,1780553054323170560,1780553055323170560,HTTP Chunks Received,count,p25,695.00
22,1780553054323170560,1780553055323170560,HTTP Chunks Received,count,p50,695.00
22,1780553054323170560,1780553055323170560,HTTP Chunks Received,count,p75,695.00
22,1780553054323170560,1780553055323170560,HTTP Chunks Received,count,p90,695.00
22,1780553054323170560,1780553055323170560,HTTP Chunks Received,count,p95,695.00
22,1780553054323170560,1780553055323170560,HTTP Chunks Received,count,p99,695.00
22,1780553054323170560,1780553055323170560,HTTP Chunks Received,count,std,0.00
22,1780553054323170560,1780553055323170560,HTTP Chunks Sent,count,avg,1.00
22,1780553054323170560,1780553055323170560,HTTP Chunks Sent,count,min,1.00
22,1780553054323170560,1780553055323170560,HTTP Chunks Sent,count,max,1.00
22,1780553054323170560,1780553055323170560,HTTP Chunks Sent,count,sum,1.00
22,1780553054323170560,1780553055323170560,HTTP Chunks Sent,count,p1,1.00
22,1780553054323170560,1780553055323170560,HTTP Chunks Sent,count,p5,1.00
22,1780553054323170560,1780553055323170560,HTTP Chunks Sent,count,p10,1.00
22,1780553054323170560,1780553055323170560,HTTP Chunks Sent,count,p25,1.00
22,1780553054323170560,1780553055323170560,HTTP Chunks Sent,count,p50,1.00
22,1780553054323170560,1780553055323170560,HTTP Chunks Sent,count,p75,1.00
22,1780553054323170560,1780553055323170560,HTTP Chunks Sent,count,p90,1.00
22,1780553054323170560,1780553055323170560,HTTP Chunks Sent,count,p95,1.00
22,1780553054323170560,1780553055323170560,HTTP Chunks Sent,count,p99,1.00
22,1780553054323170560,1780553055323170560,HTTP Chunks Sent,count,std,0.00
22,1780553054323170560,1780553055323170560,HTTP Connecting,ms,avg,1.25
22,1780553054323170560,1780553055323170560,HTTP Connecting,ms,min,1.25
22,1780553054323170560,1780553055323170560,HTTP Connecting,ms,max,1.25
22,1780553054323170560,1780553055323170560,HTTP Connecting,ms,sum,1.25
22,1780553054323170560,1780553055323170560,HTTP Connecting,ms,p1,1.25
22,1780553054323170560,1780553055323170560,HTTP Connecting,ms,p5,1.25
22,1780553054323170560,1780553055323170560,HTTP Connecting,ms,p10,1.25
22,1780553054323170560,1780553055323170560,HTTP Connecting,ms,p25,1.25
22,1780553054323170560,1780553055323170560,HTTP Connecting,ms,p50,1.25
22,1780553054323170560,1780553055323170560,HTTP Connecting,ms,p75,1.25
22,1780553054323170560,1780553055323170560,HTTP Connecting,ms,p90,1.25
22,1780553054323170560,1780553055323170560,HTTP Connecting,ms,p95,1.25
22,1780553054323170560,1780553055323170560,HTTP Connecting,ms,p99,1.25
22,1780553054323170560,1780553055323170560,HTTP Connecting,ms,std,0.00
22,1780553054323170560,1780553055323170560,HTTP Connection Overhead,ms,avg,1.83
22,1780553054323170560,1780553055323170560,HTTP Connection Overhead,ms,min,1.83
22,1780553054323170560,1780553055323170560,HTTP Connection Overhead,ms,max,1.83
22,1780553054323170560,1780553055323170560,HTTP Connection Overhead,ms,sum,1.83
22,1780553054323170560,1780553055323170560,HTTP Connection Overhead,ms,p1,1.83
22,1780553054323170560,1780553055323170560,HTTP Connection Overhead,ms,p5,1.83
22,1780553054323170560,1780553055323170560,HTTP Connection Overhead,ms,p10,1.83
22,1780553054323170560,1780553055323170560,HTTP Connection Overhead,ms,p25,1.83
22,1780553054323170560,1780553055323170560,HTTP Connection Overhead,ms,p50,1.83
22,1780553054323170560,1780553055323170560,HTTP Connection Overhead,ms,p75,1.83
22,1780553054323170560,1780553055323170560,HTTP Connection Overhead,ms,p90,1.83
22,1780553054323170560,1780553055323170560,HTTP Connection Overhead,ms,p95,1.83
22,1780553054323170560,1780553055323170560,HTTP Connection Overhead,ms,p99,1.83
22,1780553054323170560,1780553055323170560,HTTP Connection Overhead,ms,std,0.00
22,1780553054323170560,1780553055323170560,HTTP Connection Reused,ratio,avg,0.00
22,1780553054323170560,1780553055323170560,HTTP Connection Reused,ratio,min,0.00
22,1780553054323170560,1780553055323170560,HTTP Connection Reused,ratio,max,0.00
22,1780553054323170560,1780553055323170560,HTTP Connection Reused,ratio,sum,0.00
22,1780553054323170560,1780553055323170560,HTTP Connection Reused,ratio,p1,0.00
22,1780553054323170560,1780553055323170560,HTTP Connection Reused,ratio,p5,0.00
22,1780553054323170560,1780553055323170560,HTTP Connection Reused,ratio,p10,0.00
22,1780553054323170560,1780553055323170560,HTTP Connection Reused,ratio,p25,0.00
22,1780553054323170560,1780553055323170560,HTTP Connection Reused,ratio,p50,0.00
22,1780553054323170560,1780553055323170560,HTTP Connection Reused,ratio,p75,0.00
22,1780553054323170560,1780553055323170560,HTTP Connection Reused,ratio,p90,0.00
22,1780553054323170560,1780553055323170560,HTTP Connection Reused,ratio,p95,0.00
22,1780553054323170560,1780553055323170560,HTTP Connection Reused,ratio,p99,0.00
22,1780553054323170560,1780553055323170560,HTTP Connection Reused,ratio,std,0.00
22,1780553054323170560,1780553055323170560,HTTP Data Received,KB,avg,173.32
22,1780553054323170560,1780553055323170560,HTTP Data Received,KB,min,173.32
22,1780553054323170560,1780553055323170560,HTTP Data Received,KB,max,173.32
22,1780553054323170560,1780553055323170560,HTTP Data Received,KB,sum,173.32
22,1780553054323170560,1780553055323170560,HTTP Data Received,KB,p1,173.32
22,1780553054323170560,1780553055323170560,HTTP Data Received,KB,p5,173.32
22,1780553054323170560,1780553055323170560,HTTP Data Received,KB,p10,173.32
22,1780553054323170560,1780553055323170560,HTTP Data Received,KB,p25,173.32
22,1780553054323170560,1780553055323170560,HTTP Data Received,KB,p50,173.32
22,1780553054323170560,1780553055323170560,HTTP Data Received,KB,p75,173.32
22,1780553054323170560,1780553055323170560,HTTP Data Received,KB,p90,173.32
22,1780553054323170560,1780553055323170560,HTTP Data Received,KB,p95,173.32
22,1780553054323170560,1780553055323170560,HTTP Data Received,KB,p99,173.32
22,1780553054323170560,1780553055323170560,HTTP Data Received,KB,std,0.00
22,1780553054323170560,1780553055323170560,HTTP Data Sent,KB,avg,481.70
22,1780553054323170560,1780553055323170560,HTTP Data Sent,KB,min,481.70
22,1780553054323170560,1780553055323170560,HTTP Data Sent,KB,max,481.70
22,1780553054323170560,1780553055323170560,HTTP Data Sent,KB,sum,481.70
22,1780553054323170560,1780553055323170560,HTTP Data Sent,KB,p1,481.70
22,1780553054323170560,1780553055323170560,HTTP Data Sent,KB,p5,481.70
22,1780553054323170560,1780553055323170560,HTTP Data Sent,KB,p10,481.70
22,1780553054323170560,1780553055323170560,HTTP Data Sent,KB,p25,481.70
22,1780553054323170560,1780553055323170560,HTTP Data Sent,KB,p50,481.70
22,1780553054323170560,1780553055323170560,HTTP Data Sent,KB,p75,481.70
22,1780553054323170560,1780553055323170560,HTTP Data Sent,KB,p90,481.70
22,1780553054323170560,1780553055323170560,HTTP Data Sent,KB,p95,481.70
22,1780553054323170560,1780553055323170560,HTTP Data Sent,KB,p99,481.70
22,1780553054323170560,1780553055323170560,HTTP Data Sent,KB,std,0.00
22,1780553054323170560,1780553055323170560,HTTP DNS Lookup,ms,avg,0.59
22,1780553054323170560,1780553055323170560,HTTP DNS Lookup,ms,min,0.59
22,1780553054323170560,1780553055323170560,HTTP DNS Lookup,ms,max,0.59
22,1780553054323170560,1780553055323170560,HTTP DNS Lookup,ms,sum,0.59
22,1780553054323170560,1780553055323170560,HTTP DNS Lookup,ms,p1,0.59
22,1780553054323170560,1780553055323170560,HTTP DNS Lookup,ms,p5,0.59
22,1780553054323170560,1780553055323170560,HTTP DNS Lookup,ms,p10,0.59
22,1780553054323170560,1780553055323170560,HTTP DNS Lookup,ms,p25,0.59
22,1780553054323170560,1780553055323170560,HTTP DNS Lookup,ms,p50,0.59
22,1780553054323170560,1780553055323170560,HTTP DNS Lookup,ms,p75,0.59
22,1780553054323170560,1780553055323170560,HTTP DNS Lookup,ms,p90,0.59
22,1780553054323170560,1780553055323170560,HTTP DNS Lookup,ms,p95,0.59
22,1780553054323170560,1780553055323170560,HTTP DNS Lookup,ms,p99,0.59
22,1780553054323170560,1780553055323170560,HTTP DNS Lookup,ms,std,0.00
22,1780553054323170560,1780553055323170560,HTTP Duration (excl. conn),ms,avg,61501.29
22,1780553054323170560,1780553055323170560,HTTP Duration (excl. conn),ms,min,61501.29
22,1780553054323170560,1780553055323170560,HTTP Duration (excl. conn),ms,max,61501.29
22,1780553054323170560,1780553055323170560,HTTP Duration (excl. conn),ms,sum,61501.29
22,1780553054323170560,1780553055323170560,HTTP Duration (excl. conn),ms,p1,61501.29
22,1780553054323170560,1780553055323170560,HTTP Duration (excl. conn),ms,p5,61501.29
22,1780553054323170560,1780553055323170560,HTTP Duration (excl. conn),ms,p10,61501.29
22,1780553054323170560,1780553055323170560,HTTP Duration (excl. conn),ms,p25,61501.29
22,1780553054323170560,1780553055323170560,HTTP Duration (excl. conn),ms,p50,61501.29
22,1780553054323170560,1780553055323170560,HTTP Duration (excl. conn),ms,p75,61501.29
22,1780553054323170560,1780553055323170560,HTTP Duration (excl. conn),ms,p90,61501.29
22,1780553054323170560,1780553055323170560,HTTP Duration (excl. conn),ms,p95,61501.29
22,1780553054323170560,1780553055323170560,HTTP Duration (excl. conn),ms,p99,61501.29
22,1780553054323170560,1780553055323170560,HTTP Duration (excl. conn),ms,std,0.00
22,1780553054323170560,1780553055323170560,HTTP Receiving,ms,avg,60732.09
22,1780553054323170560,1780553055323170560,HTTP Receiving,ms,min,60732.09
22,1780553054323170560,1780553055323170560,HTTP Receiving,ms,max,60732.09
22,1780553054323170560,1780553055323170560,HTTP Receiving,ms,sum,60732.09
22,1780553054323170560,1780553055323170560,HTTP Receiving,ms,p1,60732.09
22,1780553054323170560,1780553055323170560,HTTP Receiving,ms,p5,60732.09
22,1780553054323170560,1780553055323170560,HTTP Receiving,ms,p10,60732.09
22,1780553054323170560,1780553055323170560,HTTP Receiving,ms,p25,60732.09
22,1780553054323170560,1780553055323170560,HTTP Receiving,ms,p50,60732.09
22,1780553054323170560,1780553055323170560,HTTP Receiving,ms,p75,60732.09
22,1780553054323170560,1780553055323170560,HTTP Receiving,ms,p90,60732.09
22,1780553054323170560,1780553055323170560,HTTP Receiving,ms,p95,60732.09
22,1780553054323170560,1780553055323170560,HTTP Receiving,ms,p99,60732.09
22,1780553054323170560,1780553055323170560,HTTP Receiving,ms,std,0.00
22,1780553054323170560,1780553055323170560,HTTP Sending,ms,avg,1.54
22,1780553054323170560,1780553055323170560,HTTP Sending,ms,min,1.54
22,1780553054323170560,1780553055323170560,HTTP Sending,ms,max,1.54
22,1780553054323170560,1780553055323170560,HTTP Sending,ms,sum,1.54
22,1780553054323170560,1780553055323170560,HTTP Sending,ms,p1,1.54
22,1780553054323170560,1780553055323170560,HTTP Sending,ms,p5,1.54
22,1780553054323170560,1780553055323170560,HTTP Sending,ms,p10,1.54
22,1780553054323170560,1780553055323170560,HTTP Sending,ms,p25,1.54
22,1780553054323170560,1780553055323170560,HTTP Sending,ms,p50,1.54
22,1780553054323170560,1780553055323170560,HTTP Sending,ms,p75,1.54
22,1780553054323170560,1780553055323170560,HTTP Sending,ms,p90,1.54
22,1780553054323170560,1780553055323170560,HTTP Sending,ms,p95,1.54
22,1780553054323170560,1780553055323170560,HTTP Sending,ms,p99,1.54
22,1780553054323170560,1780553055323170560,HTTP Sending,ms,std,0.00
22,1780553054323170560,1780553055323170560,HTTP Total Time,ms,avg,61503.12
22,1780553054323170560,1780553055323170560,HTTP Total Time,ms,min,61503.12
22,1780553054323170560,1780553055323170560,HTTP Total Time,ms,max,61503.12
22,1780553054323170560,1780553055323170560,HTTP Total Time,ms,sum,61503.12
22,1780553054323170560,1780553055323170560,HTTP Total Time,ms,p1,61503.12
22,1780553054323170560,1780553055323170560,HTTP Total Time,ms,p5,61503.12
22,1780553054323170560,1780553055323170560,HTTP Total Time,ms,p10,61503.12
22,1780553054323170560,1780553055323170560,HTTP Total Time,ms,p25,61503.12
22,1780553054323170560,1780553055323170560,HTTP Total Time,ms,p50,61503.12
22,1780553054323170560,1780553055323170560,HTTP Total Time,ms,p75,61503.12
22,1780553054323170560,1780553055323170560,HTTP Total Time,ms,p90,61503.12
22,1780553054323170560,1780553055323170560,HTTP Total Time,ms,p95,61503.12
22,1780553054323170560,1780553055323170560,HTTP Total Time,ms,p99,61503.12
22,1780553054323170560,1780553055323170560,HTTP Total Time,ms,std,0.00
22,1780553054323170560,1780553055323170560,HTTP Waiting (TTFB),ms,avg,767.66
22,1780553054323170560,1780553055323170560,HTTP Waiting (TTFB),ms,min,767.66
22,1780553054323170560,1780553055323170560,HTTP Waiting (TTFB),ms,max,767.66
22,1780553054323170560,1780553055323170560,HTTP Waiting (TTFB),ms,sum,767.66
22,1780553054323170560,1780553055323170560,HTTP Waiting (TTFB),ms,p1,767.66
22,1780553054323170560,1780553055323170560,HTTP Waiting (TTFB),ms,p5,767.66
22,1780553054323170560,1780553055323170560,HTTP Waiting (TTFB),ms,p10,767.66
22,1780553054323170560,1780553055323170560,HTTP Waiting (TTFB),ms,p25,767.66
22,1780553054323170560,1780553055323170560,HTTP Waiting (TTFB),ms,p50,767.66
22,1780553054323170560,1780553055323170560,HTTP Waiting (TTFB),ms,p75,767.66
22,1780553054323170560,1780553055323170560,HTTP Waiting (TTFB),ms,p90,767.66
22,1780553054323170560,1780553055323170560,HTTP Waiting (TTFB),ms,p95,767.66
22,1780553054323170560,1780553055323170560,HTTP Waiting (TTFB),ms,p99,767.66
22,1780553054323170560,1780553055323170560,HTTP Waiting (TTFB),ms,std,0.00
22,1780553054323170560,1780553055323170560,Input Sequence Length,tokens,avg,123066.00
22,1780553054323170560,1780553055323170560,Input Sequence Length,tokens,min,123066.00
22,1780553054323170560,1780553055323170560,Input Sequence Length,tokens,max,123066.00
22,1780553054323170560,1780553055323170560,Input Sequence Length,tokens,sum,123066.00
22,1780553054323170560,1780553055323170560,Input Sequence Length,tokens,p1,123066.00
22,1780553054323170560,1780553055323170560,Input Sequence Length,tokens,p5,123066.00
22,1780553054323170560,1780553055323170560,Input Sequence Length,tokens,p10,123066.00
22,1780553054323170560,1780553055323170560,Input Sequence Length,tokens,p25,123066.00
22,1780553054323170560,1780553055323170560,Input Sequence Length,tokens,p50,123066.00
22,1780553054323170560,1780553055323170560,Input Sequence Length,tokens,p75,123066.00
22,1780553054323170560,1780553055323170560,Input Sequence Length,tokens,p90,123066.00
22,1780553054323170560,1780553055323170560,Input Sequence Length,tokens,p95,123066.00
22,1780553054323170560,1780553055323170560,Input Sequence Length,tokens,p99,123066.00
22,1780553054323170560,1780553055323170560,Input Sequence Length,tokens,std,0.00
22,1780553054323170560,1780553055323170560,Input Token Throughput,tokens/sec,avg,123066.00
22,1780553054323170560,1780553055323170560,Inter Chunk Latency,ms,avg,54.07
22,1780553054323170560,1780553055323170560,Inter Chunk Latency,ms,min,53.93
22,1780553054323170560,1780553055323170560,Inter Chunk Latency,ms,max,54.24
22,1780553054323170560,1780553055323170560,Inter Chunk Latency,ms,sum,37306.83
22,1780553054323170560,1780553055323170560,Inter Chunk Latency,ms,p1,53.93
22,1780553054323170560,1780553055323170560,Inter Chunk Latency,ms,p5,53.94
22,1780553054323170560,1780553055323170560,Inter Chunk Latency,ms,p10,53.96
22,1780553054323170560,1780553055323170560,Inter Chunk Latency,ms,p25,54.01
22,1780553054323170560,1780553055323170560,Inter Chunk Latency,ms,p50,54.06
22,1780553054323170560,1780553055323170560,Inter Chunk Latency,ms,p75,54.12
22,1780553054323170560,1780553055323170560,Inter Chunk Latency,ms,p90,54.18
22,1780553054323170560,1780553055323170560,Inter Chunk Latency,ms,p95,54.22
22,1780553054323170560,1780553055323170560,Inter Chunk Latency,ms,p99,54.24
22,1780553054323170560,1780553055323170560,Inter Chunk Latency,ms,std,0.08
22,1780553054323170560,1780553055323170560,Inter Token Latency,ms,avg,87.51
22,1780553054323170560,1780553055323170560,Inter Token Latency,ms,min,87.51
22,1780553054323170560,1780553055323170560,Inter Token Latency,ms,max,87.51
22,1780553054323170560,1780553055323170560,Inter Token Latency,ms,sum,87.51
22,1780553054323170560,1780553055323170560,Inter Token Latency,ms,p1,87.51
22,1780553054323170560,1780553055323170560,Inter Token Latency,ms,p5,87.51
22,1780553054323170560,1780553055323170560,Inter Token Latency,ms,p10,87.51
22,1780553054323170560,1780553055323170560,Inter Token Latency,ms,p25,87.51
22,1780553054323170560,1780553055323170560,Inter Token Latency,ms,p50,87.51
22,1780553054323170560,1780553055323170560,Inter Token Latency,ms,p75,87.51
22,1780553054323170560,1780553055323170560,Inter Token Latency,ms,p90,87.51
22,1780553054323170560,1780553055323170560,Inter Token Latency,ms,p95,87.51
22,1780553054323170560,1780553055323170560,Inter Token Latency,ms,p99,87.51
22,1780553054323170560,1780553055323170560,Inter Token Latency,ms,std,0.00
22,1780553054323170560,1780553055323170560,Maximum Response Timestamp,ns,avg,1780553116788100352.00
22,1780553054323170560,1780553055323170560,Minimum Request Timestamp,ns,avg,1780553055286688512.00
22,1780553054323170560,1780553055323170560,OSL Mismatch Count,requests,avg,0.00
22,1780553054323170560,1780553055323170560,OSL Mismatch Diff %,%,avg,0.00
22,1780553054323170560,1780553055323170560,OSL Mismatch Diff %,%,min,0.00
22,1780553054323170560,1780553055323170560,OSL Mismatch Diff %,%,max,0.00
22,1780553054323170560,1780553055323170560,OSL Mismatch Diff %,%,sum,0.00
22,1780553054323170560,1780553055323170560,OSL Mismatch Diff %,%,p1,0.00
22,1780553054323170560,1780553055323170560,OSL Mismatch Diff %,%,p5,0.00
22,1780553054323170560,1780553055323170560,OSL Mismatch Diff %,%,p10,0.00
22,1780553054323170560,1780553055323170560,OSL Mismatch Diff %,%,p25,0.00
22,1780553054323170560,1780553055323170560,OSL Mismatch Diff %,%,p50,0.00
22,1780553054323170560,1780553055323170560,OSL Mismatch Diff %,%,p75,0.00
22,1780553054323170560,1780553055323170560,OSL Mismatch Diff %,%,p90,0.00
22,1780553054323170560,1780553055323170560,OSL Mismatch Diff %,%,p95,0.00
22,1780553054323170560,1780553055323170560,OSL Mismatch Diff %,%,p99,0.00
22,1780553054323170560,1780553055323170560,OSL Mismatch Diff %,%,std,0.00
22,1780553054323170560,1780553055323170560,Output Sequence Length,tokens,avg,695.00
22,1780553054323170560,1780553055323170560,Output Sequence Length,tokens,min,695.00
22,1780553054323170560,1780553055323170560,Output Sequence Length,tokens,max,695.00
22,1780553054323170560,1780553055323170560,Output Sequence Length,tokens,sum,695.00
22,1780553054323170560,1780553055323170560,Output Sequence Length,tokens,p1,695.00
22,1780553054323170560,1780553055323170560,Output Sequence Length,tokens,p5,695.00
22,1780553054323170560,1780553055323170560,Output Sequence Length,tokens,p10,695.00
22,1780553054323170560,1780553055323170560,Output Sequence Length,tokens,p25,695.00
22,1780553054323170560,1780553055323170560,Output Sequence Length,tokens,p50,695.00
22,1780553054323170560,1780553055323170560,Output Sequence Length,tokens,p75,695.00
22,1780553054323170560,1780553055323170560,Output Sequence Length,tokens,p90,695.00
22,1780553054323170560,1780553055323170560,Output Sequence Length,tokens,p95,695.00
22,1780553054323170560,1780553055323170560,Output Sequence Length,tokens,p99,695.00
22,1780553054323170560,1780553055323170560,Output Sequence Length,tokens,std,0.00
22,1780553054323170560,1780553055323170560,Output Token Count,tokens,avg,695.00
22,1780553054323170560,1780553055323170560,Output Token Count,tokens,min,695.00
22,1780553054323170560,1780553055323170560,Output Token Count,tokens,max,695.00
22,1780553054323170560,1780553055323170560,Output Token Count,tokens,sum,695.00
22,1780553054323170560,1780553055323170560,Output Token Count,tokens,p1,695.00
22,1780553054323170560,1780553055323170560,Output Token Count,tokens,p5,695.00
22,1780553054323170560,1780553055323170560,Output Token Count,tokens,p10,695.00
22,1780553054323170560,1780553055323170560,Output Token Count,tokens,p25,695.00
22,1780553054323170560,1780553055323170560,Output Token Count,tokens,p50,695.00
22,1780553054323170560,1780553055323170560,Output Token Count,tokens,p75,695.00
22,1780553054323170560,1780553055323170560,Output Token Count,tokens,p90,695.00
22,1780553054323170560,1780553055323170560,Output Token Count,tokens,p95,695.00
22,1780553054323170560,1780553055323170560,Output Token Count,tokens,p99,695.00
22,1780553054323170560,1780553055323170560,Output Token Count,tokens,std,0.00
22,1780553054323170560,1780553055323170560,Output Token Throughput,tokens/sec,avg,695.00
22,1780553054323170560,1780553055323170560,Output Token Throughput Per User,tokens/sec/user,avg,11.43
22,1780553054323170560,1780553055323170560,Output Token Throughput Per User,tokens/sec/user,min,11.43
22,1780553054323170560,1780553055323170560,Output Token Throughput Per User,tokens/sec/user,max,11.43
22,1780553054323170560,1780553055323170560,Output Token Throughput Per User,tokens/sec/user,sum,11.43
22,1780553054323170560,1780553055323170560,Output Token Throughput Per User,tokens/sec/user,p1,11.43
22,1780553054323170560,1780553055323170560,Output Token Throughput Per User,tokens/sec/user,p5,11.43
22,1780553054323170560,1780553055323170560,Output Token Throughput Per User,tokens/sec/user,p10,11.43
22,1780553054323170560,1780553055323170560,Output Token Throughput Per User,tokens/sec/user,p25,11.43
22,1780553054323170560,1780553055323170560,Output Token Throughput Per User,tokens/sec/user,p50,11.43
22,1780553054323170560,1780553055323170560,Output Token Throughput Per User,tokens/sec/user,p75,11.43
22,1780553054323170560,1780553055323170560,Output Token Throughput Per User,tokens/sec/user,p90,11.43
22,1780553054323170560,1780553055323170560,Output Token Throughput Per User,tokens/sec/user,p95,11.43
22,1780553054323170560,1780553055323170560,Output Token Throughput Per User,tokens/sec/user,p99,11.43
22,1780553054323170560,1780553055323170560,Output Token Throughput Per User,tokens/sec/user,std,0.00
22,1780553054323170560,1780553055323170560,Prefill Throughput Per User,tokens/sec/user,avg,159966.80
22,1780553054323170560,1780553055323170560,Prefill Throughput Per User,tokens/sec/user,min,159966.80
22,1780553054323170560,1780553055323170560,Prefill Throughput Per User,tokens/sec/user,max,159966.80
22,1780553054323170560,1780553055323170560,Prefill Throughput Per User,tokens/sec/user,sum,159966.80
22,1780553054323170560,1780553055323170560,Prefill Throughput Per User,tokens/sec/user,p1,159966.80
22,1780553054323170560,1780553055323170560,Prefill Throughput Per User,tokens/sec/user,p5,159966.80
22,1780553054323170560,1780553055323170560,Prefill Throughput Per User,tokens/sec/user,p10,159966.80
22,1780553054323170560,1780553055323170560,Prefill Throughput Per User,tokens/sec/user,p25,159966.80
22,1780553054323170560,1780553055323170560,Prefill Throughput Per User,tokens/sec/user,p50,159966.80
22,1780553054323170560,1780553055323170560,Prefill Throughput Per User,tokens/sec/user,p75,159966.80
22,1780553054323170560,1780553055323170560,Prefill Throughput Per User,tokens/sec/user,p90,159966.80
22,1780553054323170560,1780553055323170560,Prefill Throughput Per User,tokens/sec/user,p95,159966.80
22,1780553054323170560,1780553055323170560,Prefill Throughput Per User,tokens/sec/user,p99,159966.80
22,1780553054323170560,1780553055323170560,Prefill Throughput Per User,tokens/sec/user,std,0.00
22,1780553054323170560,1780553055323170560,Request Count,requests,avg,1.00
22,1780553054323170560,1780553055323170560,Request Latency,ms,avg,61501.41
22,1780553054323170560,1780553055323170560,Request Latency,ms,min,61501.41
22,1780553054323170560,1780553055323170560,Request Latency,ms,max,61501.41
22,1780553054323170560,1780553055323170560,Request Latency,ms,sum,61501.41
22,1780553054323170560,1780553055323170560,Request Latency,ms,p1,61501.41
22,1780553054323170560,1780553055323170560,Request Latency,ms,p5,61501.41
22,1780553054323170560,1780553055323170560,Request Latency,ms,p10,61501.41
22,1780553054323170560,1780553055323170560,Request Latency,ms,p25,61501.41
22,1780553054323170560,1780553055323170560,Request Latency,ms,p50,61501.41
22,1780553054323170560,1780553055323170560,Request Latency,ms,p75,61501.41
22,1780553054323170560,1780553055323170560,Request Latency,ms,p90,61501.41
22,1780553054323170560,1780553055323170560,Request Latency,ms,p95,61501.41
22,1780553054323170560,1780553055323170560,Request Latency,ms,p99,61501.41
22,1780553054323170560,1780553055323170560,Request Latency,ms,std,0.00
22,1780553054323170560,1780553055323170560,Request Throughput,requests/sec,avg,1.00
22,1780553054323170560,1780553055323170560,Requested OSL,tokens,avg,695.00
22,1780553054323170560,1780553055323170560,Requested OSL,tokens,min,695.00
22,1780553054323170560,1780553055323170560,Requested OSL,tokens,max,695.00
22,1780553054323170560,1780553055323170560,Requested OSL,tokens,sum,695.00
22,1780553054323170560,1780553055323170560,Requested OSL,tokens,p1,695.00
22,1780553054323170560,1780553055323170560,Requested OSL,tokens,p5,695.00
22,1780553054323170560,1780553055323170560,Requested OSL,tokens,p10,695.00
22,1780553054323170560,1780553055323170560,Requested OSL,tokens,p25,695.00
22,1780553054323170560,1780553055323170560,Requested OSL,tokens,p50,695.00
22,1780553054323170560,1780553055323170560,Requested OSL,tokens,p75,695.00
22,1780553054323170560,1780553055323170560,Requested OSL,tokens,p90,695.00
22,1780553054323170560,1780553055323170560,Requested OSL,tokens,p95,695.00
22,1780553054323170560,1780553055323170560,Requested OSL,tokens,p99,695.00
22,1780553054323170560,1780553055323170560,Requested OSL,tokens,std,0.00
22,1780553054323170560,1780553055323170560,Time to First Output Token,ms,avg,769.32
22,1780553054323170560,1780553055323170560,Time to First Output Token,ms,min,769.32
22,1780553054323170560,1780553055323170560,Time to First Output Token,ms,max,769.32
22,1780553054323170560,1780553055323170560,Time to First Output Token,ms,sum,769.32
22,1780553054323170560,1780553055323170560,Time to First Output Token,ms,p1,769.32
22,1780553054323170560,1780553055323170560,Time to First Output Token,ms,p5,769.32
22,1780553054323170560,1780553055323170560,Time to First Output Token,ms,p10,769.32
22,1780553054323170560,1780553055323170560,Time to First Output Token,ms,p25,769.32
22,1780553054323170560,1780553055323170560,Time to First Output Token,ms,p50,769.32
22,1780553054323170560,1780553055323170560,Time to First Output Token,ms,p75,769.32
22,1780553054323170560,1780553055323170560,Time to First Output Token,ms,p90,769.32
22,1780553054323170560,1780553055323170560,Time to First Output Token,ms,p95,769.32
22,1780553054323170560,1780553055323170560,Time to First Output Token,ms,p99,769.32
22,1780553054323170560,1780553055323170560,Time to First Output Token,ms,std,0.00
22,1780553054323170560,1780553055323170560,Time to First Token,ms,avg,769.32
22,1780553054323170560,1780553055323170560,Time to First Token,ms,min,769.32
22,1780553054323170560,1780553055323170560,Time to First Token,ms,max,769.32
22,1780553054323170560,1780553055323170560,Time to First Token,ms,sum,769.32
22,1780553054323170560,1780553055323170560,Time to First Token,ms,p1,769.32
22,1780553054323170560,1780553055323170560,Time to First Token,ms,p5,769.32
22,1780553054323170560,1780553055323170560,Time to First Token,ms,p10,769.32
22,1780553054323170560,1780553055323170560,Time to First Token,ms,p25,769.32
22,1780553054323170560,1780553055323170560,Time to First Token,ms,p50,769.32
22,1780553054323170560,1780553055323170560,Time to First Token,ms,p75,769.32
22,1780553054323170560,1780553055323170560,Time to First Token,ms,p90,769.32
22,1780553054323170560,1780553055323170560,Time to First Token,ms,p95,769.32
22,1780553054323170560,1780553055323170560,Time to First Token,ms,p99,769.32
22,1780553054323170560,1780553055323170560,Time to First Token,ms,std,0.00
22,1780553054323170560,1780553055323170560,Time to Second Token,ms,avg,0.68
22,1780553054323170560,1780553055323170560,Time to Second Token,ms,min,0.68
22,1780553054323170560,1780553055323170560,Time to Second Token,ms,max,0.68
22,1780553054323170560,1780553055323170560,Time to Second Token,ms,sum,0.68
22,1780553054323170560,1780553055323170560,Time to Second Token,ms,p1,0.68
22,1780553054323170560,1780553055323170560,Time to Second Token,ms,p5,0.68
22,1780553054323170560,1780553055323170560,Time to Second Token,ms,p10,0.68
22,1780553054323170560,1780553055323170560,Time to Second Token,ms,p25,0.68
22,1780553054323170560,1780553055323170560,Time to Second Token,ms,p50,0.68
22,1780553054323170560,1780553055323170560,Time to Second Token,ms,p75,0.68
22,1780553054323170560,1780553055323170560,Time to Second Token,ms,p90,0.68
22,1780553054323170560,1780553055323170560,Time to Second Token,ms,p95,0.68
22,1780553054323170560,1780553055323170560,Time to Second Token,ms,p99,0.68
22,1780553054323170560,1780553055323170560,Time to Second Token,ms,std,0.00
22,1780553054323170560,1780553055323170560,Tokens In Flight,tokens,avg,1168387.88
22,1780553054323170560,1780553055323170560,Tokens In Flight,tokens,min,1163836.27
22,1780553054323170560,1780553055323170560,Tokens In Flight,tokens,max,1287027.55
22,1780553054323170560,1780553055323170560,Tokens In Flight,tokens,p50,1163896.97
22,1780553054323170560,1780553055323170560,Tokens In Flight,tokens,p90,1163946.93
22,1780553054323170560,1780553055323170560,Tokens In Flight,tokens,p95,1163954.74
22,1780553054323170560,1780553055323170560,Tokens In Flight,tokens,p99,1287026.55
22,1780553054323170560,1780553055323170560,Tokens In Flight,tokens,std,23085.18
22,1780553054323170560,1780553055323170560,Total Input Sequence Length,tokens,avg,123066.00
22,1780553054323170560,1780553055323170560,Total Output Sequence Length,tokens,avg,695.00
22,1780553054323170560,1780553055323170560,Total Output Tokens,tokens,avg,695.00
22,1780553054323170560,1780553055323170560,Total Token Throughput,tokens/sec,avg,123761.00
22,1780553054323170560,1780553055323170560,Total Usage Completion Tokens,tokens,avg,695.00
22,1780553054323170560,1780553055323170560,Total Usage Prompt Tokens,tokens,avg,123066.00
22,1780553054323170560,1780553055323170560,Total Usage Total Tokens,tokens,avg,123761.00
22,1780553054323170560,1780553055323170560,Usage Completion Tokens,tokens,avg,695.00
22,1780553054323170560,1780553055323170560,Usage Completion Tokens,tokens,min,695.00
22,1780553054323170560,1780553055323170560,Usage Completion Tokens,tokens,max,695.00
22,1780553054323170560,1780553055323170560,Usage Completion Tokens,tokens,sum,695.00
22,1780553054323170560,1780553055323170560,Usage Completion Tokens,tokens,p1,695.00
22,1780553054323170560,1780553055323170560,Usage Completion Tokens,tokens,p5,695.00
22,1780553054323170560,1780553055323170560,Usage Completion Tokens,tokens,p10,695.00
22,1780553054323170560,1780553055323170560,Usage Completion Tokens,tokens,p25,695.00
22,1780553054323170560,1780553055323170560,Usage Completion Tokens,tokens,p50,695.00
22,1780553054323170560,1780553055323170560,Usage Completion Tokens,tokens,p75,695.00
22,1780553054323170560,1780553055323170560,Usage Completion Tokens,tokens,p90,695.00
22,1780553054323170560,1780553055323170560,Usage Completion Tokens,tokens,p95,695.00
22,1780553054323170560,1780553055323170560,Usage Completion Tokens,tokens,p99,695.00
22,1780553054323170560,1780553055323170560,Usage Completion Tokens,tokens,std,0.00
22,1780553054323170560,1780553055323170560,Usage Prompt Tokens,tokens,avg,123066.00
22,1780553054323170560,1780553055323170560,Usage Prompt Tokens,tokens,min,123066.00
22,1780553054323170560,1780553055323170560,Usage Prompt Tokens,tokens,max,123066.00
22,1780553054323170560,1780553055323170560,Usage Prompt Tokens,tokens,sum,123066.00
22,1780553054323170560,1780553055323170560,Usage Prompt Tokens,tokens,p1,123066.00
22,1780553054323170560,1780553055323170560,Usage Prompt Tokens,tokens,p5,123066.00
22,1780553054323170560,1780553055323170560,Usage Prompt Tokens,tokens,p10,123066.00
22,1780553054323170560,1780553055323170560,Usage Prompt Tokens,tokens,p25,123066.00
22,1780553054323170560,1780553055323170560,Usage Prompt Tokens,tokens,p50,123066.00
22,1780553054323170560,1780553055323170560,Usage Prompt Tokens,tokens,p75,123066.00
22,1780553054323170560,1780553055323170560,Usage Prompt Tokens,tokens,p90,123066.00
22,1780553054323170560,1780553055323170560,Usage Prompt Tokens,tokens,p95,123066.00
22,1780553054323170560,1780553055323170560,Usage Prompt Tokens,tokens,p99,123066.00
22,1780553054323170560,1780553055323170560,Usage Prompt Tokens,tokens,std,0.00
22,1780553054323170560,1780553055323170560,Usage Total Tokens,tokens,avg,123761.00
22,1780553054323170560,1780553055323170560,Usage Total Tokens,tokens,min,123761.00
22,1780553054323170560,1780553055323170560,Usage Total Tokens,tokens,max,123761.00
22,1780553054323170560,1780553055323170560,Usage Total Tokens,tokens,sum,123761.00
22,1780553054323170560,1780553055323170560,Usage Total Tokens,tokens,p1,123761.00
22,1780553054323170560,1780553055323170560,Usage Total Tokens,tokens,p5,123761.00
22,1780553054323170560,1780553055323170560,Usage Total Tokens,tokens,p10,123761.00
22,1780553054323170560,1780553055323170560,Usage Total Tokens,tokens,p25,123761.00
22,1780553054323170560,1780553055323170560,Usage Total Tokens,tokens,p50,123761.00
22,1780553054323170560,1780553055323170560,Usage Total Tokens,tokens,p75,123761.00
22,1780553054323170560,1780553055323170560,Usage Total Tokens,tokens,p90,123761.00
22,1780553054323170560,1780553055323170560,Usage Total Tokens,tokens,p95,123761.00
22,1780553054323170560,1780553055323170560,Usage Total Tokens,tokens,p99,123761.00
22,1780553054323170560,1780553055323170560,Usage Total Tokens,tokens,std,0.00
23,1780553059323170560,1780553060323170560,Active Decode Throughput,tokens/sec,avg,142.45
23,1780553059323170560,1780553060323170560,Active Decode Throughput,tokens/sec,min,115.70
23,1780553059323170560,1780553060323170560,Active Decode Throughput,tokens/sec,max,169.19
23,1780553059323170560,1780553060323170560,Active Decode Throughput,tokens/sec,p50,142.45
23,1780553059323170560,1780553060323170560,Active Decode Throughput,tokens/sec,p90,142.45
23,1780553059323170560,1780553060323170560,Active Decode Throughput,tokens/sec,p95,142.46
23,1780553059323170560,1780553060323170560,Active Decode Throughput,tokens/sec,p99,142.46
23,1780553059323170560,1780553060323170560,Active Decode Throughput,tokens/sec,std,0.06
23,1780553059323170560,1780553060323170560,Active Decode Throughput Per User,tokens/sec/user,avg,12.95
23,1780553059323170560,1780553060323170560,Active Decode Throughput Per User,tokens/sec/user,min,10.52
23,1780553059323170560,1780553060323170560,Active Decode Throughput Per User,tokens/sec/user,max,15.38
23,1780553059323170560,1780553060323170560,Active Decode Throughput Per User,tokens/sec/user,p50,12.95
23,1780553059323170560,1780553060323170560,Active Decode Throughput Per User,tokens/sec/user,p90,12.95
23,1780553059323170560,1780553060323170560,Active Decode Throughput Per User,tokens/sec/user,p95,12.95
23,1780553059323170560,1780553060323170560,Active Decode Throughput Per User,tokens/sec/user,p99,12.95
23,1780553059323170560,1780553060323170560,Active Decode Throughput Per User,tokens/sec/user,std,0.01
23,1780553059323170560,1780553060323170560,Active Prefill Throughput,tokens/sec,avg,18117.17
23,1780553059323170560,1780553060323170560,Active Prefill Throughput,tokens/sec,min,18117.17
23,1780553059323170560,1780553060323170560,Active Prefill Throughput,tokens/sec,max,18117.17
23,1780553059323170560,1780553060323170560,Active Prefill Throughput,tokens/sec,p50,18117.17
23,1780553059323170560,1780553060323170560,Active Prefill Throughput,tokens/sec,p90,18117.17
23,1780553059323170560,1780553060323170560,Active Prefill Throughput,tokens/sec,p95,18117.17
23,1780553059323170560,1780553060323170560,Active Prefill Throughput,tokens/sec,p99,18117.17
23,1780553059323170560,1780553060323170560,Active Prefill Throughput,tokens/sec,std,0.00
23,1780553059323170560,1780553060323170560,Active Prefill Throughput Per User,tokens/sec/user,avg,18117.17
23,1780553059323170560,1780553060323170560,Active Prefill Throughput Per User,tokens/sec/user,min,18117.17
23,1780553059323170560,1780553060323170560,Active Prefill Throughput Per User,tokens/sec/user,max,18117.17
23,1780553059323170560,1780553060323170560,Active Prefill Throughput Per User,tokens/sec/user,p50,18117.17
23,1780553059323170560,1780553060323170560,Active Prefill Throughput Per User,tokens/sec/user,p90,18117.17
23,1780553059323170560,1780553060323170560,Active Prefill Throughput Per User,tokens/sec/user,p95,18117.17
23,1780553059323170560,1780553060323170560,Active Prefill Throughput Per User,tokens/sec/user,p99,18117.17
23,1780553059323170560,1780553060323170560,Active Prefill Throughput Per User,tokens/sec/user,std,0.00
23,1780553059323170560,1780553060323170560,Active Total Throughput,tokens/sec,avg,13072.59
23,1780553059323170560,1780553060323170560,Active Total Throughput,tokens/sec,min,90.71
23,1780553059323170560,1780553060323170560,Active Total Throughput,tokens/sec,max,18207.88
23,1780553059323170560,1780553060323170560,Active Total Throughput,tokens/sec,p50,18207.88
23,1780553059323170560,1780553060323170560,Active Total Throughput,tokens/sec,p90,18207.88
23,1780553059323170560,1780553060323170560,Active Total Throughput,tokens/sec,p95,18207.88
23,1780553059323170560,1780553060323170560,Active Total Throughput,tokens/sec,p99,18207.88
23,1780553059323170560,1780553060323170560,Active Total Throughput,tokens/sec,std,8164.91
23,1780553059323170560,1780553060323170560,Benchmark Duration,sec,avg,19.78
23,1780553059323170560,1780553060323170560,E2E Output Token Throughput,tokens/sec/user,avg,11.58
23,1780553059323170560,1780553060323170560,E2E Output Token Throughput,tokens/sec/user,min,11.58
23,1780553059323170560,1780553060323170560,E2E Output Token Throughput,tokens/sec/user,max,11.58
23,1780553059323170560,1780553060323170560,E2E Output Token Throughput,tokens/sec/user,sum,11.58
23,1780553059323170560,1780553060323170560,E2E Output Token Throughput,tokens/sec/user,p1,11.58
23,1780553059323170560,1780553060323170560,E2E Output Token Throughput,tokens/sec/user,p5,11.58
23,1780553059323170560,1780553060323170560,E2E Output Token Throughput,tokens/sec/user,p10,11.58
23,1780553059323170560,1780553060323170560,E2E Output Token Throughput,tokens/sec/user,p25,11.58
23,1780553059323170560,1780553060323170560,E2E Output Token Throughput,tokens/sec/user,p50,11.58
23,1780553059323170560,1780553060323170560,E2E Output Token Throughput,tokens/sec/user,p75,11.58
23,1780553059323170560,1780553060323170560,E2E Output Token Throughput,tokens/sec/user,p90,11.58
23,1780553059323170560,1780553060323170560,E2E Output Token Throughput,tokens/sec/user,p95,11.58
23,1780553059323170560,1780553060323170560,E2E Output Token Throughput,tokens/sec/user,p99,11.58
23,1780553059323170560,1780553060323170560,E2E Output Token Throughput,tokens/sec/user,std,0.00
23,1780553059323170560,1780553060323170560,Effective Concurrency,requests,avg,11.72
23,1780553059323170560,1780553060323170560,Effective Concurrency,requests,min,11.00
23,1780553059323170560,1780553060323170560,Effective Concurrency,requests,max,12.00
23,1780553059323170560,1780553060323170560,Effective Concurrency,requests,p50,12.00
23,1780553059323170560,1780553060323170560,Effective Concurrency,requests,p90,12.00
23,1780553059323170560,1780553060323170560,Effective Concurrency,requests,p95,12.00
23,1780553059323170560,1780553060323170560,Effective Concurrency,requests,p99,12.00
23,1780553059323170560,1780553060323170560,Effective Concurrency,requests,std,0.45
23,1780553059323170560,1780553060323170560,Effective Decode Concurrency,requests,avg,11.00
23,1780553059323170560,1780553060323170560,Effective Decode Concurrency,requests,min,11.00
23,1780553059323170560,1780553060323170560,Effective Decode Concurrency,requests,max,11.00
23,1780553059323170560,1780553060323170560,Effective Decode Concurrency,requests,p50,11.00
23,1780553059323170560,1780553060323170560,Effective Decode Concurrency,requests,p90,11.00
23,1780553059323170560,1780553060323170560,Effective Decode Concurrency,requests,p95,11.00
23,1780553059323170560,1780553060323170560,Effective Decode Concurrency,requests,p99,11.00
23,1780553059323170560,1780553060323170560,Effective Decode Concurrency,requests,std,0.00
23,1780553059323170560,1780553060323170560,Effective Decode Throughput,tokens/sec,avg,142.45
23,1780553059323170560,1780553060323170560,Effective Decode Throughput,tokens/sec,min,115.70
23,1780553059323170560,1780553060323170560,Effective Decode Throughput,tokens/sec,max,169.19
23,1780553059323170560,1780553060323170560,Effective Decode Throughput,tokens/sec,p50,142.45
23,1780553059323170560,1780553060323170560,Effective Decode Throughput,tokens/sec,p90,142.45
23,1780553059323170560,1780553060323170560,Effective Decode Throughput,tokens/sec,p95,142.46
23,1780553059323170560,1780553060323170560,Effective Decode Throughput,tokens/sec,p99,142.46
23,1780553059323170560,1780553060323170560,Effective Decode Throughput,tokens/sec,std,0.06
23,1780553059323170560,1780553060323170560,Effective Decode Throughput Per User,tokens/sec/user,avg,12.95
23,1780553059323170560,1780553060323170560,Effective Decode Throughput Per User,tokens/sec/user,min,10.52
23,1780553059323170560,1780553060323170560,Effective Decode Throughput Per User,tokens/sec/user,max,15.38
23,1780553059323170560,1780553060323170560,Effective Decode Throughput Per User,tokens/sec/user,p50,12.95
23,1780553059323170560,1780553060323170560,Effective Decode Throughput Per User,tokens/sec/user,p90,12.95
23,1780553059323170560,1780553060323170560,Effective Decode Throughput Per User,tokens/sec/user,p95,12.95
23,1780553059323170560,1780553060323170560,Effective Decode Throughput Per User,tokens/sec/user,p99,12.95
23,1780553059323170560,1780553060323170560,Effective Decode Throughput Per User,tokens/sec/user,std,0.01
23,1780553059323170560,1780553060323170560,Effective Prefill Concurrency,requests,avg,0.72
23,1780553059323170560,1780553060323170560,Effective Prefill Concurrency,requests,min,0.00
23,1780553059323170560,1780553060323170560,Effective Prefill Concurrency,requests,max,1.00
23,1780553059323170560,1780553060323170560,Effective Prefill Concurrency,requests,p50,1.00
23,1780553059323170560,1780553060323170560,Effective Prefill Concurrency,requests,p90,1.00
23,1780553059323170560,1780553060323170560,Effective Prefill Concurrency,requests,p95,1.00
23,1780553059323170560,1780553060323170560,Effective Prefill Concurrency,requests,p99,1.00
23,1780553059323170560,1780553060323170560,Effective Prefill Concurrency,requests,std,0.45
23,1780553059323170560,1780553060323170560,Effective Prefill Throughput,tokens/sec,avg,12981.88
23,1780553059323170560,1780553060323170560,Effective Prefill Throughput,tokens/sec,min,0.00
23,1780553059323170560,1780553060323170560,Effective Prefill Throughput,tokens/sec,max,18117.17
23,1780553059323170560,1780553060323170560,Effective Prefill Throughput,tokens/sec,p50,18117.17
23,1780553059323170560,1780553060323170560,Effective Prefill Throughput,tokens/sec,p90,18117.17
23,1780553059323170560,1780553060323170560,Effective Prefill Throughput,tokens/sec,p95,18117.17
23,1780553059323170560,1780553060323170560,Effective Prefill Throughput,tokens/sec,p99,18117.17
23,1780553059323170560,1780553060323170560,Effective Prefill Throughput,tokens/sec,std,8164.91
23,1780553059323170560,1780553060323170560,Effective Prefill Throughput Per User,tokens/sec/user,avg,12981.88
23,1780553059323170560,1780553060323170560,Effective Prefill Throughput Per User,tokens/sec/user,min,0.00
23,1780553059323170560,1780553060323170560,Effective Prefill Throughput Per User,tokens/sec/user,max,18117.17
23,1780553059323170560,1780553060323170560,Effective Prefill Throughput Per User,tokens/sec/user,p50,18117.17
23,1780553059323170560,1780553060323170560,Effective Prefill Throughput Per User,tokens/sec/user,p90,18117.17
23,1780553059323170560,1780553060323170560,Effective Prefill Throughput Per User,tokens/sec/user,p95,18117.17
23,1780553059323170560,1780553060323170560,Effective Prefill Throughput Per User,tokens/sec/user,p99,18117.17
23,1780553059323170560,1780553060323170560,Effective Prefill Throughput Per User,tokens/sec/user,std,8164.91
23,1780553059323170560,1780553060323170560,Effective Total Throughput,tokens/sec,avg,13072.59
23,1780553059323170560,1780553060323170560,Effective Total Throughput,tokens/sec,min,90.71
23,1780553059323170560,1780553060323170560,Effective Total Throughput,tokens/sec,max,18207.88
23,1780553059323170560,1780553060323170560,Effective Total Throughput,tokens/sec,p50,18207.88
23,1780553059323170560,1780553060323170560,Effective Total Throughput,tokens/sec,p90,18207.88
23,1780553059323170560,1780553060323170560,Effective Total Throughput,tokens/sec,p95,18207.88
23,1780553059323170560,1780553060323170560,Effective Total Throughput,tokens/sec,p99,18207.88
23,1780553059323170560,1780553060323170560,Effective Total Throughput,tokens/sec,std,8164.91
23,1780553059323170560,1780553060323170560,HTTP Blocked,ms,avg,0.00
23,1780553059323170560,1780553060323170560,HTTP Blocked,ms,min,0.00
23,1780553059323170560,1780553060323170560,HTTP Blocked,ms,max,0.00
23,1780553059323170560,1780553060323170560,HTTP Blocked,ms,sum,0.00
23,1780553059323170560,1780553060323170560,HTTP Blocked,ms,p1,0.00
23,1780553059323170560,1780553060323170560,HTTP Blocked,ms,p5,0.00
23,1780553059323170560,1780553060323170560,HTTP Blocked,ms,p10,0.00
23,1780553059323170560,1780553060323170560,HTTP Blocked,ms,p25,0.00
23,1780553059323170560,1780553060323170560,HTTP Blocked,ms,p50,0.00
23,1780553059323170560,1780553060323170560,HTTP Blocked,ms,p75,0.00
23,1780553059323170560,1780553060323170560,HTTP Blocked,ms,p90,0.00
23,1780553059323170560,1780553060323170560,HTTP Blocked,ms,p95,0.00
23,1780553059323170560,1780553060323170560,HTTP Blocked,ms,p99,0.00
23,1780553059323170560,1780553060323170560,HTTP Blocked,ms,std,0.00
23,1780553059323170560,1780553060323170560,HTTP Chunks Received,count,avg,229.00
23,1780553059323170560,1780553060323170560,HTTP Chunks Received,count,min,229.00
23,1780553059323170560,1780553060323170560,HTTP Chunks Received,count,max,229.00
23,1780553059323170560,1780553060323170560,HTTP Chunks Received,count,sum,229.00
23,1780553059323170560,1780553060323170560,HTTP Chunks Received,count,p1,229.00
23,1780553059323170560,1780553060323170560,HTTP Chunks Received,count,p5,229.00
23,1780553059323170560,1780553060323170560,HTTP Chunks Received,count,p10,229.00
23,1780553059323170560,1780553060323170560,HTTP Chunks Received,count,p25,229.00
23,1780553059323170560,1780553060323170560,HTTP Chunks Received,count,p50,229.00
23,1780553059323170560,1780553060323170560,HTTP Chunks Received,count,p75,229.00
23,1780553059323170560,1780553060323170560,HTTP Chunks Received,count,p90,229.00
23,1780553059323170560,1780553060323170560,HTTP Chunks Received,count,p95,229.00
23,1780553059323170560,1780553060323170560,HTTP Chunks Received,count,p99,229.00
23,1780553059323170560,1780553060323170560,HTTP Chunks Received,count,std,0.00
23,1780553059323170560,1780553060323170560,HTTP Chunks Sent,count,avg,1.00
23,1780553059323170560,1780553060323170560,HTTP Chunks Sent,count,min,1.00
23,1780553059323170560,1780553060323170560,HTTP Chunks Sent,count,max,1.00
23,1780553059323170560,1780553060323170560,HTTP Chunks Sent,count,sum,1.00
23,1780553059323170560,1780553060323170560,HTTP Chunks Sent,count,p1,1.00
23,1780553059323170560,1780553060323170560,HTTP Chunks Sent,count,p5,1.00
23,1780553059323170560,1780553060323170560,HTTP Chunks Sent,count,p10,1.00
23,1780553059323170560,1780553060323170560,HTTP Chunks Sent,count,p25,1.00
23,1780553059323170560,1780553060323170560,HTTP Chunks Sent,count,p50,1.00
23,1780553059323170560,1780553060323170560,HTTP Chunks Sent,count,p75,1.00
23,1780553059323170560,1780553060323170560,HTTP Chunks Sent,count,p90,1.00
23,1780553059323170560,1780553060323170560,HTTP Chunks Sent,count,p95,1.00
23,1780553059323170560,1780553060323170560,HTTP Chunks Sent,count,p99,1.00
23,1780553059323170560,1780553060323170560,HTTP Chunks Sent,count,std,0.00
23,1780553059323170560,1780553060323170560,HTTP Connecting,ms,avg,1.13
23,1780553059323170560,1780553060323170560,HTTP Connecting,ms,min,1.13
23,1780553059323170560,1780553060323170560,HTTP Connecting,ms,max,1.13
23,1780553059323170560,1780553060323170560,HTTP Connecting,ms,sum,1.13
23,1780553059323170560,1780553060323170560,HTTP Connecting,ms,p1,1.13
23,1780553059323170560,1780553060323170560,HTTP Connecting,ms,p5,1.13
23,1780553059323170560,1780553060323170560,HTTP Connecting,ms,p10,1.13
23,1780553059323170560,1780553060323170560,HTTP Connecting,ms,p25,1.13
23,1780553059323170560,1780553060323170560,HTTP Connecting,ms,p50,1.13
23,1780553059323170560,1780553060323170560,HTTP Connecting,ms,p75,1.13
23,1780553059323170560,1780553060323170560,HTTP Connecting,ms,p90,1.13
23,1780553059323170560,1780553060323170560,HTTP Connecting,ms,p95,1.13
23,1780553059323170560,1780553060323170560,HTTP Connecting,ms,p99,1.13
23,1780553059323170560,1780553060323170560,HTTP Connecting,ms,std,0.00
23,1780553059323170560,1780553060323170560,HTTP Connection Overhead,ms,avg,1.63
23,1780553059323170560,1780553060323170560,HTTP Connection Overhead,ms,min,1.63
23,1780553059323170560,1780553060323170560,HTTP Connection Overhead,ms,max,1.63
23,1780553059323170560,1780553060323170560,HTTP Connection Overhead,ms,sum,1.63
23,1780553059323170560,1780553060323170560,HTTP Connection Overhead,ms,p1,1.63
23,1780553059323170560,1780553060323170560,HTTP Connection Overhead,ms,p5,1.63
23,1780553059323170560,1780553060323170560,HTTP Connection Overhead,ms,p10,1.63
23,1780553059323170560,1780553060323170560,HTTP Connection Overhead,ms,p25,1.63
23,1780553059323170560,1780553060323170560,HTTP Connection Overhead,ms,p50,1.63
23,1780553059323170560,1780553060323170560,HTTP Connection Overhead,ms,p75,1.63
23,1780553059323170560,1780553060323170560,HTTP Connection Overhead,ms,p90,1.63
23,1780553059323170560,1780553060323170560,HTTP Connection Overhead,ms,p95,1.63
23,1780553059323170560,1780553060323170560,HTTP Connection Overhead,ms,p99,1.63
23,1780553059323170560,1780553060323170560,HTTP Connection Overhead,ms,std,0.00
23,1780553059323170560,1780553060323170560,HTTP Connection Reused,ratio,avg,0.00
23,1780553059323170560,1780553060323170560,HTTP Connection Reused,ratio,min,0.00
23,1780553059323170560,1780553060323170560,HTTP Connection Reused,ratio,max,0.00
23,1780553059323170560,1780553060323170560,HTTP Connection Reused,ratio,sum,0.00
23,1780553059323170560,1780553060323170560,HTTP Connection Reused,ratio,p1,0.00
23,1780553059323170560,1780553060323170560,HTTP Connection Reused,ratio,p5,0.00
23,1780553059323170560,1780553060323170560,HTTP Connection Reused,ratio,p10,0.00
23,1780553059323170560,1780553060323170560,HTTP Connection Reused,ratio,p25,0.00
23,1780553059323170560,1780553060323170560,HTTP Connection Reused,ratio,p50,0.00
23,1780553059323170560,1780553060323170560,HTTP Connection Reused,ratio,p75,0.00
23,1780553059323170560,1780553060323170560,HTTP Connection Reused,ratio,p90,0.00
23,1780553059323170560,1780553060323170560,HTTP Connection Reused,ratio,p95,0.00
23,1780553059323170560,1780553060323170560,HTTP Connection Reused,ratio,p99,0.00
23,1780553059323170560,1780553060323170560,HTTP Connection Reused,ratio,std,0.00
23,1780553059323170560,1780553060323170560,HTTP Data Received,KB,avg,57.61
23,1780553059323170560,1780553060323170560,HTTP Data Received,KB,min,57.61
23,1780553059323170560,1780553060323170560,HTTP Data Received,KB,max,57.61
23,1780553059323170560,1780553060323170560,HTTP Data Received,KB,sum,57.61
23,1780553059323170560,1780553060323170560,HTTP Data Received,KB,p1,57.61
23,1780553059323170560,1780553060323170560,HTTP Data Received,KB,p5,57.61
23,1780553059323170560,1780553060323170560,HTTP Data Received,KB,p10,57.61
23,1780553059323170560,1780553060323170560,HTTP Data Received,KB,p25,57.61
23,1780553059323170560,1780553060323170560,HTTP Data Received,KB,p50,57.61
23,1780553059323170560,1780553060323170560,HTTP Data Received,KB,p75,57.61
23,1780553059323170560,1780553060323170560,HTTP Data Received,KB,p90,57.61
23,1780553059323170560,1780553060323170560,HTTP Data Received,KB,p95,57.61
23,1780553059323170560,1780553060323170560,HTTP Data Received,KB,p99,57.61
23,1780553059323170560,1780553060323170560,HTTP Data Received,KB,std,0.00
23,1780553059323170560,1780553060323170560,HTTP Data Sent,KB,avg,184.16
23,1780553059323170560,1780553060323170560,HTTP Data Sent,KB,min,184.16
23,1780553059323170560,1780553060323170560,HTTP Data Sent,KB,max,184.16
23,1780553059323170560,1780553060323170560,HTTP Data Sent,KB,sum,184.16
23,1780553059323170560,1780553060323170560,HTTP Data Sent,KB,p1,184.16
23,1780553059323170560,1780553060323170560,HTTP Data Sent,KB,p5,184.16
23,1780553059323170560,1780553060323170560,HTTP Data Sent,KB,p10,184.16
23,1780553059323170560,1780553060323170560,HTTP Data Sent,KB,p25,184.16
23,1780553059323170560,1780553060323170560,HTTP Data Sent,KB,p50,184.16
23,1780553059323170560,1780553060323170560,HTTP Data Sent,KB,p75,184.16
23,1780553059323170560,1780553060323170560,HTTP Data Sent,KB,p90,184.16
23,1780553059323170560,1780553060323170560,HTTP Data Sent,KB,p95,184.16
23,1780553059323170560,1780553060323170560,HTTP Data Sent,KB,p99,184.16
23,1780553059323170560,1780553060323170560,HTTP Data Sent,KB,std,0.00
23,1780553059323170560,1780553060323170560,HTTP DNS Lookup,ms,avg,0.49
23,1780553059323170560,1780553060323170560,HTTP DNS Lookup,ms,min,0.49
23,1780553059323170560,1780553060323170560,HTTP DNS Lookup,ms,max,0.49
23,1780553059323170560,1780553060323170560,HTTP DNS Lookup,ms,sum,0.49
23,1780553059323170560,1780553060323170560,HTTP DNS Lookup,ms,p1,0.49
23,1780553059323170560,1780553060323170560,HTTP DNS Lookup,ms,p5,0.49
23,1780553059323170560,1780553060323170560,HTTP DNS Lookup,ms,p10,0.49
23,1780553059323170560,1780553060323170560,HTTP DNS Lookup,ms,p25,0.49
23,1780553059323170560,1780553060323170560,HTTP DNS Lookup,ms,p50,0.49
23,1780553059323170560,1780553060323170560,HTTP DNS Lookup,ms,p75,0.49
23,1780553059323170560,1780553060323170560,HTTP DNS Lookup,ms,p90,0.49
23,1780553059323170560,1780553060323170560,HTTP DNS Lookup,ms,p95,0.49
23,1780553059323170560,1780553060323170560,HTTP DNS Lookup,ms,p99,0.49
23,1780553059323170560,1780553060323170560,HTTP DNS Lookup,ms,std,0.00
23,1780553059323170560,1780553060323170560,HTTP Duration (excl. conn),ms,avg,19782.56
23,1780553059323170560,1780553060323170560,HTTP Duration (excl. conn),ms,min,19782.56
23,1780553059323170560,1780553060323170560,HTTP Duration (excl. conn),ms,max,19782.56
23,1780553059323170560,1780553060323170560,HTTP Duration (excl. conn),ms,sum,19782.56
23,1780553059323170560,1780553060323170560,HTTP Duration (excl. conn),ms,p1,19782.56
23,1780553059323170560,1780553060323170560,HTTP Duration (excl. conn),ms,p5,19782.56
23,1780553059323170560,1780553060323170560,HTTP Duration (excl. conn),ms,p10,19782.56
23,1780553059323170560,1780553060323170560,HTTP Duration (excl. conn),ms,p25,19782.56
23,1780553059323170560,1780553060323170560,HTTP Duration (excl. conn),ms,p50,19782.56
23,1780553059323170560,1780553060323170560,HTTP Duration (excl. conn),ms,p75,19782.56
23,1780553059323170560,1780553060323170560,HTTP Duration (excl. conn),ms,p90,19782.56
23,1780553059323170560,1780553060323170560,HTTP Duration (excl. conn),ms,p95,19782.56
23,1780553059323170560,1780553060323170560,HTTP Duration (excl. conn),ms,p99,19782.56
23,1780553059323170560,1780553060323170560,HTTP Duration (excl. conn),ms,std,0.00
23,1780553059323170560,1780553060323170560,HTTP Receiving,ms,avg,17172.34
23,1780553059323170560,1780553060323170560,HTTP Receiving,ms,min,17172.34
23,1780553059323170560,1780553060323170560,HTTP Receiving,ms,max,17172.34
23,1780553059323170560,1780553060323170560,HTTP Receiving,ms,sum,17172.34
23,1780553059323170560,1780553060323170560,HTTP Receiving,ms,p1,17172.34
23,1780553059323170560,1780553060323170560,HTTP Receiving,ms,p5,17172.34
23,1780553059323170560,1780553060323170560,HTTP Receiving,ms,p10,17172.34
23,1780553059323170560,1780553060323170560,HTTP Receiving,ms,p25,17172.34
23,1780553059323170560,1780553060323170560,HTTP Receiving,ms,p50,17172.34
23,1780553059323170560,1780553060323170560,HTTP Receiving,ms,p75,17172.34
23,1780553059323170560,1780553060323170560,HTTP Receiving,ms,p90,17172.34
23,1780553059323170560,1780553060323170560,HTTP Receiving,ms,p95,17172.34
23,1780553059323170560,1780553060323170560,HTTP Receiving,ms,p99,17172.34
23,1780553059323170560,1780553060323170560,HTTP Receiving,ms,std,0.00
23,1780553059323170560,1780553060323170560,HTTP Sending,ms,avg,1.43
23,1780553059323170560,1780553060323170560,HTTP Sending,ms,min,1.43
23,1780553059323170560,1780553060323170560,HTTP Sending,ms,max,1.43
23,1780553059323170560,1780553060323170560,HTTP Sending,ms,sum,1.43
23,1780553059323170560,1780553060323170560,HTTP Sending,ms,p1,1.43
23,1780553059323170560,1780553060323170560,HTTP Sending,ms,p5,1.43
23,1780553059323170560,1780553060323170560,HTTP Sending,ms,p10,1.43
23,1780553059323170560,1780553060323170560,HTTP Sending,ms,p25,1.43
23,1780553059323170560,1780553060323170560,HTTP Sending,ms,p50,1.43
23,1780553059323170560,1780553060323170560,HTTP Sending,ms,p75,1.43
23,1780553059323170560,1780553060323170560,HTTP Sending,ms,p90,1.43
23,1780553059323170560,1780553060323170560,HTTP Sending,ms,p95,1.43
23,1780553059323170560,1780553060323170560,HTTP Sending,ms,p99,1.43
23,1780553059323170560,1780553060323170560,HTTP Sending,ms,std,0.00
23,1780553059323170560,1780553060323170560,HTTP Total Time,ms,avg,19784.19
23,1780553059323170560,1780553060323170560,HTTP Total Time,ms,min,19784.19
23,1780553059323170560,1780553060323170560,HTTP Total Time,ms,max,19784.19
23,1780553059323170560,1780553060323170560,HTTP Total Time,ms,sum,19784.19
23,1780553059323170560,1780553060323170560,HTTP Total Time,ms,p1,19784.19
23,1780553059323170560,1780553060323170560,HTTP Total Time,ms,p5,19784.19
23,1780553059323170560,1780553060323170560,HTTP Total Time,ms,p10,19784.19
23,1780553059323170560,1780553060323170560,HTTP Total Time,ms,p25,19784.19
23,1780553059323170560,1780553060323170560,HTTP Total Time,ms,p50,19784.19
23,1780553059323170560,1780553060323170560,HTTP Total Time,ms,p75,19784.19
23,1780553059323170560,1780553060323170560,HTTP Total Time,ms,p90,19784.19
23,1780553059323170560,1780553060323170560,HTTP Total Time,ms,p95,19784.19
23,1780553059323170560,1780553060323170560,HTTP Total Time,ms,p99,19784.19
23,1780553059323170560,1780553060323170560,HTTP Total Time,ms,std,0.00
23,1780553059323170560,1780553060323170560,HTTP Waiting (TTFB),ms,avg,2608.79
23,1780553059323170560,1780553060323170560,HTTP Waiting (TTFB),ms,min,2608.79
23,1780553059323170560,1780553060323170560,HTTP Waiting (TTFB),ms,max,2608.79
23,1780553059323170560,1780553060323170560,HTTP Waiting (TTFB),ms,sum,2608.79
23,1780553059323170560,1780553060323170560,HTTP Waiting (TTFB),ms,p1,2608.79
23,1780553059323170560,1780553060323170560,HTTP Waiting (TTFB),ms,p5,2608.79
23,1780553059323170560,1780553060323170560,HTTP Waiting (TTFB),ms,p10,2608.79
23,1780553059323170560,1780553060323170560,HTTP Waiting (TTFB),ms,p25,2608.79
23,1780553059323170560,1780553060323170560,HTTP Waiting (TTFB),ms,p50,2608.79
23,1780553059323170560,1780553060323170560,HTTP Waiting (TTFB),ms,p75,2608.79
23,1780553059323170560,1780553060323170560,HTTP Waiting (TTFB),ms,p90,2608.79
23,1780553059323170560,1780553060323170560,HTTP Waiting (TTFB),ms,p95,2608.79
23,1780553059323170560,1780553060323170560,HTTP Waiting (TTFB),ms,p99,2608.79
23,1780553059323170560,1780553060323170560,HTTP Waiting (TTFB),ms,std,0.00
23,1780553059323170560,1780553060323170560,Input Sequence Length,tokens,avg,47292.00
23,1780553059323170560,1780553060323170560,Input Sequence Length,tokens,min,47292.00
23,1780553059323170560,1780553060323170560,Input Sequence Length,tokens,max,47292.00
23,1780553059323170560,1780553060323170560,Input Sequence Length,tokens,sum,47292.00
23,1780553059323170560,1780553060323170560,Input Sequence Length,tokens,p1,47292.00
23,1780553059323170560,1780553060323170560,Input Sequence Length,tokens,p5,47292.00
23,1780553059323170560,1780553060323170560,Input Sequence Length,tokens,p10,47292.00
23,1780553059323170560,1780553060323170560,Input Sequence Length,tokens,p25,47292.00
23,1780553059323170560,1780553060323170560,Input Sequence Length,tokens,p50,47292.00
23,1780553059323170560,1780553060323170560,Input Sequence Length,tokens,p75,47292.00
23,1780553059323170560,1780553060323170560,Input Sequence Length,tokens,p90,47292.00
23,1780553059323170560,1780553060323170560,Input Sequence Length,tokens,p95,47292.00
23,1780553059323170560,1780553060323170560,Input Sequence Length,tokens,p99,47292.00
23,1780553059323170560,1780553060323170560,Input Sequence Length,tokens,std,0.00
23,1780553059323170560,1780553060323170560,Input Token Throughput,tokens/sec,avg,47292.00
23,1780553059323170560,1780553060323170560,Inter Chunk Latency,ms,avg,53.35
23,1780553059323170560,1780553060323170560,Inter Chunk Latency,ms,min,53.20
23,1780553059323170560,1780553060323170560,Inter Chunk Latency,ms,max,53.46
23,1780553059323170560,1780553060323170560,Inter Chunk Latency,ms,sum,12162.80
23,1780553059323170560,1780553060323170560,Inter Chunk Latency,ms,p1,53.21
23,1780553059323170560,1780553060323170560,Inter Chunk Latency,ms,p5,53.23
23,1780553059323170560,1780553060323170560,Inter Chunk Latency,ms,p10,53.24
23,1780553059323170560,1780553060323170560,Inter Chunk Latency,ms,p25,53.29
23,1780553059323170560,1780553060323170560,Inter Chunk Latency,ms,p50,53.36
23,1780553059323170560,1780553060323170560,Inter Chunk Latency,ms,p75,53.40
23,1780553059323170560,1780553060323170560,Inter Chunk Latency,ms,p90,53.44
23,1780553059323170560,1780553060323170560,Inter Chunk Latency,ms,p95,53.45
23,1780553059323170560,1780553060323170560,Inter Chunk Latency,ms,p99,53.45
23,1780553059323170560,1780553060323170560,Inter Chunk Latency,ms,std,0.07
23,1780553059323170560,1780553060323170560,Inter Token Latency,ms,avg,75.32
23,1780553059323170560,1780553060323170560,Inter Token Latency,ms,min,75.32
23,1780553059323170560,1780553060323170560,Inter Token Latency,ms,max,75.32
23,1780553059323170560,1780553060323170560,Inter Token Latency,ms,sum,75.32
23,1780553059323170560,1780553060323170560,Inter Token Latency,ms,p1,75.32
23,1780553059323170560,1780553060323170560,Inter Token Latency,ms,p5,75.32
23,1780553059323170560,1780553060323170560,Inter Token Latency,ms,p10,75.32
23,1780553059323170560,1780553060323170560,Inter Token Latency,ms,p25,75.32
23,1780553059323170560,1780553060323170560,Inter Token Latency,ms,p50,75.32
23,1780553059323170560,1780553060323170560,Inter Token Latency,ms,p75,75.32
23,1780553059323170560,1780553060323170560,Inter Token Latency,ms,p90,75.32
23,1780553059323170560,1780553060323170560,Inter Token Latency,ms,p95,75.32
23,1780553059323170560,1780553060323170560,Inter Token Latency,ms,p99,75.32
23,1780553059323170560,1780553060323170560,Inter Token Latency,ms,std,0.00
23,1780553059323170560,1780553060323170560,Maximum Response Timestamp,ns,avg,1780553079389291264.00
23,1780553059323170560,1780553060323170560,Minimum Request Timestamp,ns,avg,1780553059606619392.00
23,1780553059323170560,1780553060323170560,OSL Mismatch Count,requests,avg,0.00
23,1780553059323170560,1780553060323170560,OSL Mismatch Diff %,%,avg,0.00
23,1780553059323170560,1780553060323170560,OSL Mismatch Diff %,%,min,0.00
23,1780553059323170560,1780553060323170560,OSL Mismatch Diff %,%,max,0.00
23,1780553059323170560,1780553060323170560,OSL Mismatch Diff %,%,sum,0.00
23,1780553059323170560,1780553060323170560,OSL Mismatch Diff %,%,p1,0.00
23,1780553059323170560,1780553060323170560,OSL Mismatch Diff %,%,p5,0.00
23,1780553059323170560,1780553060323170560,OSL Mismatch Diff %,%,p10,0.00
23,1780553059323170560,1780553060323170560,OSL Mismatch Diff %,%,p25,0.00
23,1780553059323170560,1780553060323170560,OSL Mismatch Diff %,%,p50,0.00
23,1780553059323170560,1780553060323170560,OSL Mismatch Diff %,%,p75,0.00
23,1780553059323170560,1780553060323170560,OSL Mismatch Diff %,%,p90,0.00
23,1780553059323170560,1780553060323170560,OSL Mismatch Diff %,%,p95,0.00
23,1780553059323170560,1780553060323170560,OSL Mismatch Diff %,%,p99,0.00
23,1780553059323170560,1780553060323170560,OSL Mismatch Diff %,%,std,0.00
23,1780553059323170560,1780553060323170560,Output Sequence Length,tokens,avg,229.00
23,1780553059323170560,1780553060323170560,Output Sequence Length,tokens,min,229.00
23,1780553059323170560,1780553060323170560,Output Sequence Length,tokens,max,229.00
23,1780553059323170560,1780553060323170560,Output Sequence Length,tokens,sum,229.00
23,1780553059323170560,1780553060323170560,Output Sequence Length,tokens,p1,229.00
23,1780553059323170560,1780553060323170560,Output Sequence Length,tokens,p5,229.00
23,1780553059323170560,1780553060323170560,Output Sequence Length,tokens,p10,229.00
23,1780553059323170560,1780553060323170560,Output Sequence Length,tokens,p25,229.00
23,1780553059323170560,1780553060323170560,Output Sequence Length,tokens,p50,229.00
23,1780553059323170560,1780553060323170560,Output Sequence Length,tokens,p75,229.00
23,1780553059323170560,1780553060323170560,Output Sequence Length,tokens,p90,229.00
23,1780553059323170560,1780553060323170560,Output Sequence Length,tokens,p95,229.00
23,1780553059323170560,1780553060323170560,Output Sequence Length,tokens,p99,229.00
23,1780553059323170560,1780553060323170560,Output Sequence Length,tokens,std,0.00
23,1780553059323170560,1780553060323170560,Output Token Count,tokens,avg,229.00
23,1780553059323170560,1780553060323170560,Output Token Count,tokens,min,229.00
23,1780553059323170560,1780553060323170560,Output Token Count,tokens,max,229.00
23,1780553059323170560,1780553060323170560,Output Token Count,tokens,sum,229.00
23,1780553059323170560,1780553060323170560,Output Token Count,tokens,p1,229.00
23,1780553059323170560,1780553060323170560,Output Token Count,tokens,p5,229.00
23,1780553059323170560,1780553060323170560,Output Token Count,tokens,p10,229.00
23,1780553059323170560,1780553060323170560,Output Token Count,tokens,p25,229.00
23,1780553059323170560,1780553060323170560,Output Token Count,tokens,p50,229.00
23,1780553059323170560,1780553060323170560,Output Token Count,tokens,p75,229.00
23,1780553059323170560,1780553060323170560,Output Token Count,tokens,p90,229.00
23,1780553059323170560,1780553060323170560,Output Token Count,tokens,p95,229.00
23,1780553059323170560,1780553060323170560,Output Token Count,tokens,p99,229.00
23,1780553059323170560,1780553060323170560,Output Token Count,tokens,std,0.00
23,1780553059323170560,1780553060323170560,Output Token Throughput,tokens/sec,avg,229.00
23,1780553059323170560,1780553060323170560,Output Token Throughput Per User,tokens/sec/user,avg,13.28
23,1780553059323170560,1780553060323170560,Output Token Throughput Per User,tokens/sec/user,min,13.28
23,1780553059323170560,1780553060323170560,Output Token Throughput Per User,tokens/sec/user,max,13.28
23,1780553059323170560,1780553060323170560,Output Token Throughput Per User,tokens/sec/user,sum,13.28
23,1780553059323170560,1780553060323170560,Output Token Throughput Per User,tokens/sec/user,p1,13.28
23,1780553059323170560,1780553060323170560,Output Token Throughput Per User,tokens/sec/user,p5,13.28
23,1780553059323170560,1780553060323170560,Output Token Throughput Per User,tokens/sec/user,p10,13.28
23,1780553059323170560,1780553060323170560,Output Token Throughput Per User,tokens/sec/user,p25,13.28
23,1780553059323170560,1780553060323170560,Output Token Throughput Per User,tokens/sec/user,p50,13.28
23,1780553059323170560,1780553060323170560,Output Token Throughput Per User,tokens/sec/user,p75,13.28
23,1780553059323170560,1780553060323170560,Output Token Throughput Per User,tokens/sec/user,p90,13.28
23,1780553059323170560,1780553060323170560,Output Token Throughput Per User,tokens/sec/user,p95,13.28
23,1780553059323170560,1780553060323170560,Output Token Throughput Per User,tokens/sec/user,p99,13.28
23,1780553059323170560,1780553060323170560,Output Token Throughput Per User,tokens/sec/user,std,0.00
23,1780553059323170560,1780553060323170560,Prefill Throughput Per User,tokens/sec/user,avg,18117.17
23,1780553059323170560,1780553060323170560,Prefill Throughput Per User,tokens/sec/user,min,18117.17
23,1780553059323170560,1780553060323170560,Prefill Throughput Per User,tokens/sec/user,max,18117.17
23,1780553059323170560,1780553060323170560,Prefill Throughput Per User,tokens/sec/user,sum,18117.17
23,1780553059323170560,1780553060323170560,Prefill Throughput Per User,tokens/sec/user,p1,18117.17
23,1780553059323170560,1780553060323170560,Prefill Throughput Per User,tokens/sec/user,p5,18117.17
23,1780553059323170560,1780553060323170560,Prefill Throughput Per User,tokens/sec/user,p10,18117.17
23,1780553059323170560,1780553060323170560,Prefill Throughput Per User,tokens/sec/user,p25,18117.17
23,1780553059323170560,1780553060323170560,Prefill Throughput Per User,tokens/sec/user,p50,18117.17
23,1780553059323170560,1780553060323170560,Prefill Throughput Per User,tokens/sec/user,p75,18117.17
23,1780553059323170560,1780553060323170560,Prefill Throughput Per User,tokens/sec/user,p90,18117.17
23,1780553059323170560,1780553060323170560,Prefill Throughput Per User,tokens/sec/user,p95,18117.17
23,1780553059323170560,1780553060323170560,Prefill Throughput Per User,tokens/sec/user,p99,18117.17
23,1780553059323170560,1780553060323170560,Prefill Throughput Per User,tokens/sec/user,std,0.00
23,1780553059323170560,1780553060323170560,Request Count,requests,avg,1.00
23,1780553059323170560,1780553060323170560,Request Latency,ms,avg,19782.67
23,1780553059323170560,1780553060323170560,Request Latency,ms,min,19782.67
23,1780553059323170560,1780553060323170560,Request Latency,ms,max,19782.67
23,1780553059323170560,1780553060323170560,Request Latency,ms,sum,19782.67
23,1780553059323170560,1780553060323170560,Request Latency,ms,p1,19782.67
23,1780553059323170560,1780553060323170560,Request Latency,ms,p5,19782.67
23,1780553059323170560,1780553060323170560,Request Latency,ms,p10,19782.67
23,1780553059323170560,1780553060323170560,Request Latency,ms,p25,19782.67
23,1780553059323170560,1780553060323170560,Request Latency,ms,p50,19782.67
23,1780553059323170560,1780553060323170560,Request Latency,ms,p75,19782.67
23,1780553059323170560,1780553060323170560,Request Latency,ms,p90,19782.67
23,1780553059323170560,1780553060323170560,Request Latency,ms,p95,19782.67
23,1780553059323170560,1780553060323170560,Request Latency,ms,p99,19782.67
23,1780553059323170560,1780553060323170560,Request Latency,ms,std,0.00
23,1780553059323170560,1780553060323170560,Request Throughput,requests/sec,avg,1.00
23,1780553059323170560,1780553060323170560,Requested OSL,tokens,avg,229.00
23,1780553059323170560,1780553060323170560,Requested OSL,tokens,min,229.00
23,1780553059323170560,1780553060323170560,Requested OSL,tokens,max,229.00
23,1780553059323170560,1780553060323170560,Requested OSL,tokens,sum,229.00
23,1780553059323170560,1780553060323170560,Requested OSL,tokens,p1,229.00
23,1780553059323170560,1780553060323170560,Requested OSL,tokens,p5,229.00
23,1780553059323170560,1780553060323170560,Requested OSL,tokens,p10,229.00
23,1780553059323170560,1780553060323170560,Requested OSL,tokens,p25,229.00
23,1780553059323170560,1780553060323170560,Requested OSL,tokens,p50,229.00
23,1780553059323170560,1780553060323170560,Requested OSL,tokens,p75,229.00
23,1780553059323170560,1780553060323170560,Requested OSL,tokens,p90,229.00
23,1780553059323170560,1780553060323170560,Requested OSL,tokens,p95,229.00
23,1780553059323170560,1780553060323170560,Requested OSL,tokens,p99,229.00
23,1780553059323170560,1780553060323170560,Requested OSL,tokens,std,0.00
23,1780553059323170560,1780553060323170560,Time to First Output Token,ms,avg,2610.34
23,1780553059323170560,1780553060323170560,Time to First Output Token,ms,min,2610.34
23,1780553059323170560,1780553060323170560,Time to First Output Token,ms,max,2610.34
23,1780553059323170560,1780553060323170560,Time to First Output Token,ms,sum,2610.34
23,1780553059323170560,1780553060323170560,Time to First Output Token,ms,p1,2610.34
23,1780553059323170560,1780553060323170560,Time to First Output Token,ms,p5,2610.34
23,1780553059323170560,1780553060323170560,Time to First Output Token,ms,p10,2610.34
23,1780553059323170560,1780553060323170560,Time to First Output Token,ms,p25,2610.34
23,1780553059323170560,1780553060323170560,Time to First Output Token,ms,p50,2610.34
23,1780553059323170560,1780553060323170560,Time to First Output Token,ms,p75,2610.34
23,1780553059323170560,1780553060323170560,Time to First Output Token,ms,p90,2610.34
23,1780553059323170560,1780553060323170560,Time to First Output Token,ms,p95,2610.34
23,1780553059323170560,1780553060323170560,Time to First Output Token,ms,p99,2610.34
23,1780553059323170560,1780553060323170560,Time to First Output Token,ms,std,0.00
23,1780553059323170560,1780553060323170560,Time to First Token,ms,avg,2610.34
23,1780553059323170560,1780553060323170560,Time to First Token,ms,min,2610.34
23,1780553059323170560,1780553060323170560,Time to First Token,ms,max,2610.34
23,1780553059323170560,1780553060323170560,Time to First Token,ms,sum,2610.34
23,1780553059323170560,1780553060323170560,Time to First Token,ms,p1,2610.34
23,1780553059323170560,1780553060323170560,Time to First Token,ms,p5,2610.34
23,1780553059323170560,1780553060323170560,Time to First Token,ms,p10,2610.34
23,1780553059323170560,1780553060323170560,Time to First Token,ms,p25,2610.34
23,1780553059323170560,1780553060323170560,Time to First Token,ms,p50,2610.34
23,1780553059323170560,1780553060323170560,Time to First Token,ms,p75,2610.34
23,1780553059323170560,1780553060323170560,Time to First Token,ms,p90,2610.34
23,1780553059323170560,1780553060323170560,Time to First Token,ms,p95,2610.34
23,1780553059323170560,1780553060323170560,Time to First Token,ms,p99,2610.34
23,1780553059323170560,1780553060323170560,Time to First Token,ms,std,0.00
23,1780553059323170560,1780553060323170560,Time to Second Token,ms,avg,232.75
23,1780553059323170560,1780553060323170560,Time to Second Token,ms,min,232.75
23,1780553059323170560,1780553060323170560,Time to Second Token,ms,max,232.75
23,1780553059323170560,1780553060323170560,Time to Second Token,ms,sum,232.75
23,1780553059323170560,1780553060323170560,Time to Second Token,ms,p1,232.75
23,1780553059323170560,1780553060323170560,Time to Second Token,ms,p5,232.75
23,1780553059323170560,1780553060323170560,Time to Second Token,ms,p10,232.75
23,1780553059323170560,1780553060323170560,Time to Second Token,ms,p25,232.75
23,1780553059323170560,1780553060323170560,Time to Second Token,ms,p50,232.75
23,1780553059323170560,1780553060323170560,Time to Second Token,ms,p75,232.75
23,1780553059323170560,1780553060323170560,Time to Second Token,ms,p90,232.75
23,1780553059323170560,1780553060323170560,Time to Second Token,ms,p95,232.75
23,1780553059323170560,1780553060323170560,Time to Second Token,ms,p99,232.75
23,1780553059323170560,1780553060323170560,Time to Second Token,ms,std,0.00
23,1780553059323170560,1780553060323170560,Tokens In Flight,tokens,avg,1154991.09
23,1780553059323170560,1780553060323170560,Tokens In Flight,tokens,min,1121033.37
23,1780553059323170560,1780553060323170560,Tokens In Flight,tokens,max,1168468.85
23,1780553059323170560,1780553060323170560,Tokens In Flight,tokens,p50,1168396.22
23,1780553059323170560,1780553060323170560,Tokens In Flight,tokens,p90,1168453.20
23,1780553059323170560,1780553060323170560,Tokens In Flight,tokens,p95,1168460.02
23,1780553059323170560,1780553060323170560,Tokens In Flight,tokens,p99,1168467.85
23,1780553059323170560,1780553060323170560,Tokens In Flight,tokens,std,21345.35
23,1780553059323170560,1780553060323170560,Total Input Sequence Length,tokens,avg,47292.00
23,1780553059323170560,1780553060323170560,Total Output Sequence Length,tokens,avg,229.00
23,1780553059323170560,1780553060323170560,Total Output Tokens,tokens,avg,229.00
23,1780553059323170560,1780553060323170560,Total Token Throughput,tokens/sec,avg,47521.00
23,1780553059323170560,1780553060323170560,Total Usage Completion Tokens,tokens,avg,229.00
23,1780553059323170560,1780553060323170560,Total Usage Prompt Tokens,tokens,avg,47292.00
23,1780553059323170560,1780553060323170560,Total Usage Total Tokens,tokens,avg,47521.00
23,1780553059323170560,1780553060323170560,Usage Completion Tokens,tokens,avg,229.00
23,1780553059323170560,1780553060323170560,Usage Completion Tokens,tokens,min,229.00
23,1780553059323170560,1780553060323170560,Usage Completion Tokens,tokens,max,229.00
23,1780553059323170560,1780553060323170560,Usage Completion Tokens,tokens,sum,229.00
23,1780553059323170560,1780553060323170560,Usage Completion Tokens,tokens,p1,229.00
23,1780553059323170560,1780553060323170560,Usage Completion Tokens,tokens,p5,229.00
23,1780553059323170560,1780553060323170560,Usage Completion Tokens,tokens,p10,229.00
23,1780553059323170560,1780553060323170560,Usage Completion Tokens,tokens,p25,229.00
23,1780553059323170560,1780553060323170560,Usage Completion Tokens,tokens,p50,229.00
23,1780553059323170560,1780553060323170560,Usage Completion Tokens,tokens,p75,229.00
23,1780553059323170560,1780553060323170560,Usage Completion Tokens,tokens,p90,229.00
23,1780553059323170560,1780553060323170560,Usage Completion Tokens,tokens,p95,229.00
23,1780553059323170560,1780553060323170560,Usage Completion Tokens,tokens,p99,229.00
23,1780553059323170560,1780553060323170560,Usage Completion Tokens,tokens,std,0.00
23,1780553059323170560,1780553060323170560,Usage Prompt Tokens,tokens,avg,47292.00
23,1780553059323170560,1780553060323170560,Usage Prompt Tokens,tokens,min,47292.00
23,1780553059323170560,1780553060323170560,Usage Prompt Tokens,tokens,max,47292.00
23,1780553059323170560,1780553060323170560,Usage Prompt Tokens,tokens,sum,47292.00
23,1780553059323170560,1780553060323170560,Usage Prompt Tokens,tokens,p1,47292.00
23,1780553059323170560,1780553060323170560,Usage Prompt Tokens,tokens,p5,47292.00
23,1780553059323170560,1780553060323170560,Usage Prompt Tokens,tokens,p10,47292.00
23,1780553059323170560,1780553060323170560,Usage Prompt Tokens,tokens,p25,47292.00
23,1780553059323170560,1780553060323170560,Usage Prompt Tokens,tokens,p50,47292.00
23,1780553059323170560,1780553060323170560,Usage Prompt Tokens,tokens,p75,47292.00
23,1780553059323170560,1780553060323170560,Usage Prompt Tokens,tokens,p90,47292.00
23,1780553059323170560,1780553060323170560,Usage Prompt Tokens,tokens,p95,47292.00
23,1780553059323170560,1780553060323170560,Usage Prompt Tokens,tokens,p99,47292.00
23,1780553059323170560,1780553060323170560,Usage Prompt Tokens,tokens,std,0.00
23,1780553059323170560,1780553060323170560,Usage Total Tokens,tokens,avg,47521.00
23,1780553059323170560,1780553060323170560,Usage Total Tokens,tokens,min,47521.00
23,1780553059323170560,1780553060323170560,Usage Total Tokens,tokens,max,47521.00
23,1780553059323170560,1780553060323170560,Usage Total Tokens,tokens,sum,47521.00
23,1780553059323170560,1780553060323170560,Usage Total Tokens,tokens,p1,47521.00
23,1780553059323170560,1780553060323170560,Usage Total Tokens,tokens,p5,47521.00
23,1780553059323170560,1780553060323170560,Usage Total Tokens,tokens,p10,47521.00
23,1780553059323170560,1780553060323170560,Usage Total Tokens,tokens,p25,47521.00
23,1780553059323170560,1780553060323170560,Usage Total Tokens,tokens,p50,47521.00
23,1780553059323170560,1780553060323170560,Usage Total Tokens,tokens,p75,47521.00
23,1780553059323170560,1780553060323170560,Usage Total Tokens,tokens,p90,47521.00
23,1780553059323170560,1780553060323170560,Usage Total Tokens,tokens,p95,47521.00
23,1780553059323170560,1780553060323170560,Usage Total Tokens,tokens,p99,47521.00
23,1780553059323170560,1780553060323170560,Usage Total Tokens,tokens,std,0.00
24,1780553061323170560,1780553062323170560,Active Decode Throughput,tokens/sec,avg,144.42
24,1780553061323170560,1780553062323170560,Active Decode Throughput,tokens/sec,min,115.67
24,1780553061323170560,1780553062323170560,Active Decode Throughput,tokens/sec,max,187.95
24,1780553061323170560,1780553062323170560,Active Decode Throughput,tokens/sec,p50,142.42
24,1780553061323170560,1780553062323170560,Active Decode Throughput,tokens/sec,p90,161.21
24,1780553061323170560,1780553062323170560,Active Decode Throughput,tokens/sec,p95,161.21
24,1780553061323170560,1780553062323170560,Active Decode Throughput,tokens/sec,p99,161.21
24,1780553061323170560,1780553062323170560,Active Decode Throughput,tokens/sec,std,5.79
24,1780553061323170560,1780553062323170560,Active Decode Throughput Per User,tokens/sec/user,avg,13.00
24,1780553061323170560,1780553062323170560,Active Decode Throughput Per User,tokens/sec/user,min,10.52
24,1780553061323170560,1780553062323170560,Active Decode Throughput Per User,tokens/sec/user,max,15.66
24,1780553061323170560,1780553062323170560,Active Decode Throughput Per User,tokens/sec/user,p50,12.95
24,1780553061323170560,1780553062323170560,Active Decode Throughput Per User,tokens/sec/user,p90,13.43
24,1780553061323170560,1780553062323170560,Active Decode Throughput Per User,tokens/sec/user,p95,13.43
24,1780553061323170560,1780553062323170560,Active Decode Throughput Per User,tokens/sec/user,p99,13.43
24,1780553061323170560,1780553062323170560,Active Decode Throughput Per User,tokens/sec/user,std,0.15
24,1780553061323170560,1780553062323170560,Active Prefill Throughput,tokens/sec,avg,65892.15
24,1780553061323170560,1780553062323170560,Active Prefill Throughput,tokens/sec,min,18117.17
24,1780553061323170560,1780553062323170560,Active Prefill Throughput,tokens/sec,max,135570.89
24,1780553061323170560,1780553062323170560,Active Prefill Throughput,tokens/sec,p50,18117.17
24,1780553061323170560,1780553062323170560,Active Prefill Throughput,tokens/sec,p90,135570.89
24,1780553061323170560,1780553062323170560,Active Prefill Throughput,tokens/sec,p95,135570.89
24,1780553061323170560,1780553062323170560,Active Prefill Throughput,tokens/sec,p99,135570.89
24,1780553061323170560,1780553062323170560,Active Prefill Throughput,tokens/sec,std,56015.67
24,1780553061323170560,1780553062323170560,Active Prefill Throughput Per User,tokens/sec/user,avg,44408.98
24,1780553061323170560,1780553062323170560,Active Prefill Throughput Per User,tokens/sec/user,min,18117.17
24,1780553061323170560,1780553062323170560,Active Prefill Throughput Per User,tokens/sec/user,max,117453.72
24,1780553061323170560,1780553062323170560,Active Prefill Throughput Per User,tokens/sec/user,p50,18117.17
24,1780553061323170560,1780553062323170560,Active Prefill Throughput Per User,tokens/sec/user,p90,117453.72
24,1780553061323170560,1780553062323170560,Active Prefill Throughput Per User,tokens/sec/user,p95,117453.72
24,1780553061323170560,1780553062323170560,Active Prefill Throughput Per User,tokens/sec/user,p99,117453.72
24,1780553061323170560,1780553062323170560,Active Prefill Throughput Per User,tokens/sec/user,std,33743.65
24,1780553061323170560,1780553062323170560,Active Total Throughput,tokens/sec,avg,65984.27
24,1780553061323170560,1780553062323170560,Active Total Throughput,tokens/sec,min,18207.88
24,1780553061323170560,1780553062323170560,Active Total Throughput,tokens/sec,max,135661.60
24,1780553061323170560,1780553062323170560,Active Total Throughput,tokens/sec,p50,18207.88
24,1780553061323170560,1780553062323170560,Active Total Throughput,tokens/sec,p90,135661.60
24,1780553061323170560,1780553062323170560,Active Total Throughput,tokens/sec,p95,135661.60
24,1780553061323170560,1780553062323170560,Active Total Throughput,tokens/sec,p99,135661.60
24,1780553061323170560,1780553062323170560,Active Total Throughput,tokens/sec,std,56016.97
24,1780553061323170560,1780553062323170560,Benchmark Duration,sec,avg,11.70
24,1780553061323170560,1780553062323170560,E2E Output Token Throughput,tokens/sec/user,avg,11.70
24,1780553061323170560,1780553062323170560,E2E Output Token Throughput,tokens/sec/user,min,11.70
24,1780553061323170560,1780553062323170560,E2E Output Token Throughput,tokens/sec/user,max,11.70
24,1780553061323170560,1780553062323170560,E2E Output Token Throughput,tokens/sec/user,sum,11.70
24,1780553061323170560,1780553062323170560,E2E Output Token Throughput,tokens/sec/user,p1,11.70
24,1780553061323170560,1780553062323170560,E2E Output Token Throughput,tokens/sec/user,p5,11.70
24,1780553061323170560,1780553062323170560,E2E Output Token Throughput,tokens/sec/user,p10,11.70
24,1780553061323170560,1780553062323170560,E2E Output Token Throughput,tokens/sec/user,p25,11.70
24,1780553061323170560,1780553062323170560,E2E Output Token Throughput,tokens/sec/user,p50,11.70
24,1780553061323170560,1780553062323170560,E2E Output Token Throughput,tokens/sec/user,p75,11.70
24,1780553061323170560,1780553062323170560,E2E Output Token Throughput,tokens/sec/user,p90,11.70
24,1780553061323170560,1780553062323170560,E2E Output Token Throughput,tokens/sec/user,p95,11.70
24,1780553061323170560,1780553062323170560,E2E Output Token Throughput,tokens/sec/user,p99,11.70
24,1780553061323170560,1780553062323170560,E2E Output Token Throughput,tokens/sec/user,std,0.00
24,1780553061323170560,1780553062323170560,Effective Concurrency,requests,avg,12.42
24,1780553061323170560,1780553062323170560,Effective Concurrency,requests,min,12.00
24,1780553061323170560,1780553062323170560,Effective Concurrency,requests,max,13.00
24,1780553061323170560,1780553062323170560,Effective Concurrency,requests,p50,12.00
24,1780553061323170560,1780553062323170560,Effective Concurrency,requests,p90,13.00
24,1780553061323170560,1780553062323170560,Effective Concurrency,requests,p95,13.00
24,1780553061323170560,1780553062323170560,Effective Concurrency,requests,p99,13.00
24,1780553061323170560,1780553062323170560,Effective Concurrency,requests,std,0.49
24,1780553061323170560,1780553062323170560,Effective Decode Concurrency,requests,avg,11.11
24,1780553061323170560,1780553062323170560,Effective Decode Concurrency,requests,min,11.00
24,1780553061323170560,1780553062323170560,Effective Decode Concurrency,requests,max,12.00
24,1780553061323170560,1780553062323170560,Effective Decode Concurrency,requests,p50,11.00
24,1780553061323170560,1780553062323170560,Effective Decode Concurrency,requests,p90,12.00
24,1780553061323170560,1780553062323170560,Effective Decode Concurrency,requests,p95,12.00
24,1780553061323170560,1780553062323170560,Effective Decode Concurrency,requests,p99,12.00
24,1780553061323170560,1780553062323170560,Effective Decode Concurrency,requests,std,0.31
24,1780553061323170560,1780553062323170560,Effective Decode Throughput,tokens/sec,avg,144.42
24,1780553061323170560,1780553062323170560,Effective Decode Throughput,tokens/sec,min,115.67
24,1780553061323170560,1780553062323170560,Effective Decode Throughput,tokens/sec,max,187.95
24,1780553061323170560,1780553062323170560,Effective Decode Throughput,tokens/sec,p50,142.42
24,1780553061323170560,1780553062323170560,Effective Decode Throughput,tokens/sec,p90,161.21
24,1780553061323170560,1780553062323170560,Effective Decode Throughput,tokens/sec,p95,161.21
24,1780553061323170560,1780553062323170560,Effective Decode Throughput,tokens/sec,p99,161.21
24,1780553061323170560,1780553062323170560,Effective Decode Throughput,tokens/sec,std,5.79
24,1780553061323170560,1780553062323170560,Effective Decode Throughput Per User,tokens/sec/user,avg,13.00
24,1780553061323170560,1780553062323170560,Effective Decode Throughput Per User,tokens/sec/user,min,10.52
24,1780553061323170560,1780553062323170560,Effective Decode Throughput Per User,tokens/sec/user,max,15.66
24,1780553061323170560,1780553062323170560,Effective Decode Throughput Per User,tokens/sec/user,p50,12.95
24,1780553061323170560,1780553062323170560,Effective Decode Throughput Per User,tokens/sec/user,p90,13.43
24,1780553061323170560,1780553062323170560,Effective Decode Throughput Per User,tokens/sec/user,p95,13.43
24,1780553061323170560,1780553062323170560,Effective Decode Throughput Per User,tokens/sec/user,p99,13.43
24,1780553061323170560,1780553062323170560,Effective Decode Throughput Per User,tokens/sec/user,std,0.15
24,1780553061323170560,1780553062323170560,Effective Prefill Concurrency,requests,avg,1.32
24,1780553061323170560,1780553062323170560,Effective Prefill Concurrency,requests,min,1.00
24,1780553061323170560,1780553062323170560,Effective Prefill Concurrency,requests,max,2.00
24,1780553061323170560,1780553062323170560,Effective Prefill Concurrency,requests,p50,1.00
24,1780553061323170560,1780553062323170560,Effective Prefill Concurrency,requests,p90,2.00
24,1780553061323170560,1780553062323170560,Effective Prefill Concurrency,requests,p95,2.00
24,1780553061323170560,1780553062323170560,Effective Prefill Concurrency,requests,p99,2.00
24,1780553061323170560,1780553062323170560,Effective Prefill Concurrency,requests,std,0.47
24,1780553061323170560,1780553062323170560,Effective Prefill Throughput,tokens/sec,avg,65892.15
24,1780553061323170560,1780553062323170560,Effective Prefill Throughput,tokens/sec,min,18117.17
24,1780553061323170560,1780553062323170560,Effective Prefill Throughput,tokens/sec,max,135570.89
24,1780553061323170560,1780553062323170560,Effective Prefill Throughput,tokens/sec,p50,18117.17
24,1780553061323170560,1780553062323170560,Effective Prefill Throughput,tokens/sec,p90,135570.89
24,1780553061323170560,1780553062323170560,Effective Prefill Throughput,tokens/sec,p95,135570.89
24,1780553061323170560,1780553062323170560,Effective Prefill Throughput,tokens/sec,p99,135570.89
24,1780553061323170560,1780553062323170560,Effective Prefill Throughput,tokens/sec,std,56015.67
24,1780553061323170560,1780553062323170560,Effective Prefill Throughput Per User,tokens/sec/user,avg,44408.98
24,1780553061323170560,1780553062323170560,Effective Prefill Throughput Per User,tokens/sec/user,min,18117.17
24,1780553061323170560,1780553062323170560,Effective Prefill Throughput Per User,tokens/sec/user,max,117453.72
24,1780553061323170560,1780553062323170560,Effective Prefill Throughput Per User,tokens/sec/user,p50,18117.17
24,1780553061323170560,1780553062323170560,Effective Prefill Throughput Per User,tokens/sec/user,p90,117453.72
24,1780553061323170560,1780553062323170560,Effective Prefill Throughput Per User,tokens/sec/user,p95,117453.72
24,1780553061323170560,1780553062323170560,Effective Prefill Throughput Per User,tokens/sec/user,p99,117453.72
24,1780553061323170560,1780553062323170560,Effective Prefill Throughput Per User,tokens/sec/user,std,33743.65
24,1780553061323170560,1780553062323170560,Effective Total Throughput,tokens/sec,avg,65984.27
24,1780553061323170560,1780553062323170560,Effective Total Throughput,tokens/sec,min,18207.88
24,1780553061323170560,1780553062323170560,Effective Total Throughput,tokens/sec,max,135661.60
24,1780553061323170560,1780553062323170560,Effective Total Throughput,tokens/sec,p50,18207.88
24,1780553061323170560,1780553062323170560,Effective Total Throughput,tokens/sec,p90,135661.60
24,1780553061323170560,1780553062323170560,Effective Total Throughput,tokens/sec,p95,135661.60
24,1780553061323170560,1780553062323170560,Effective Total Throughput,tokens/sec,p99,135661.60
24,1780553061323170560,1780553062323170560,Effective Total Throughput,tokens/sec,std,56016.97
24,1780553061323170560,1780553062323170560,HTTP Blocked,ms,avg,0.00
24,1780553061323170560,1780553062323170560,HTTP Blocked,ms,min,0.00
24,1780553061323170560,1780553062323170560,HTTP Blocked,ms,max,0.00
24,1780553061323170560,1780553062323170560,HTTP Blocked,ms,sum,0.00
24,1780553061323170560,1780553062323170560,HTTP Blocked,ms,p1,0.00
24,1780553061323170560,1780553062323170560,HTTP Blocked,ms,p5,0.00
24,1780553061323170560,1780553062323170560,HTTP Blocked,ms,p10,0.00
24,1780553061323170560,1780553062323170560,HTTP Blocked,ms,p25,0.00
24,1780553061323170560,1780553062323170560,HTTP Blocked,ms,p50,0.00
24,1780553061323170560,1780553062323170560,HTTP Blocked,ms,p75,0.00
24,1780553061323170560,1780553062323170560,HTTP Blocked,ms,p90,0.00
24,1780553061323170560,1780553062323170560,HTTP Blocked,ms,p95,0.00
24,1780553061323170560,1780553062323170560,HTTP Blocked,ms,p99,0.00
24,1780553061323170560,1780553062323170560,HTTP Blocked,ms,std,0.00
24,1780553061323170560,1780553062323170560,HTTP Chunks Received,count,avg,137.00
24,1780553061323170560,1780553062323170560,HTTP Chunks Received,count,min,137.00
24,1780553061323170560,1780553062323170560,HTTP Chunks Received,count,max,137.00
24,1780553061323170560,1780553062323170560,HTTP Chunks Received,count,sum,137.00
24,1780553061323170560,1780553062323170560,HTTP Chunks Received,count,p1,137.00
24,1780553061323170560,1780553062323170560,HTTP Chunks Received,count,p5,137.00
24,1780553061323170560,1780553062323170560,HTTP Chunks Received,count,p10,137.00
24,1780553061323170560,1780553062323170560,HTTP Chunks Received,count,p25,137.00
24,1780553061323170560,1780553062323170560,HTTP Chunks Received,count,p50,137.00
24,1780553061323170560,1780553062323170560,HTTP Chunks Received,count,p75,137.00
24,1780553061323170560,1780553062323170560,HTTP Chunks Received,count,p90,137.00
24,1780553061323170560,1780553062323170560,HTTP Chunks Received,count,p95,137.00
24,1780553061323170560,1780553062323170560,HTTP Chunks Received,count,p99,137.00
24,1780553061323170560,1780553062323170560,HTTP Chunks Received,count,std,0.00
24,1780553061323170560,1780553062323170560,HTTP Chunks Sent,count,avg,1.00
24,1780553061323170560,1780553062323170560,HTTP Chunks Sent,count,min,1.00
24,1780553061323170560,1780553062323170560,HTTP Chunks Sent,count,max,1.00
24,1780553061323170560,1780553062323170560,HTTP Chunks Sent,count,sum,1.00
24,1780553061323170560,1780553062323170560,HTTP Chunks Sent,count,p1,1.00
24,1780553061323170560,1780553062323170560,HTTP Chunks Sent,count,p5,1.00
24,1780553061323170560,1780553062323170560,HTTP Chunks Sent,count,p10,1.00
24,1780553061323170560,1780553062323170560,HTTP Chunks Sent,count,p25,1.00
24,1780553061323170560,1780553062323170560,HTTP Chunks Sent,count,p50,1.00
24,1780553061323170560,1780553062323170560,HTTP Chunks Sent,count,p75,1.00
24,1780553061323170560,1780553062323170560,HTTP Chunks Sent,count,p90,1.00
24,1780553061323170560,1780553062323170560,HTTP Chunks Sent,count,p95,1.00
24,1780553061323170560,1780553062323170560,HTTP Chunks Sent,count,p99,1.00
24,1780553061323170560,1780553062323170560,HTTP Chunks Sent,count,std,0.00
24,1780553061323170560,1780553062323170560,HTTP Connecting,ms,avg,0.00
24,1780553061323170560,1780553062323170560,HTTP Connecting,ms,min,0.00
24,1780553061323170560,1780553062323170560,HTTP Connecting,ms,max,0.00
24,1780553061323170560,1780553062323170560,HTTP Connecting,ms,sum,0.00
24,1780553061323170560,1780553062323170560,HTTP Connecting,ms,p1,0.00
24,1780553061323170560,1780553062323170560,HTTP Connecting,ms,p5,0.00
24,1780553061323170560,1780553062323170560,HTTP Connecting,ms,p10,0.00
24,1780553061323170560,1780553062323170560,HTTP Connecting,ms,p25,0.00
24,1780553061323170560,1780553062323170560,HTTP Connecting,ms,p50,0.00
24,1780553061323170560,1780553062323170560,HTTP Connecting,ms,p75,0.00
24,1780553061323170560,1780553062323170560,HTTP Connecting,ms,p90,0.00
24,1780553061323170560,1780553062323170560,HTTP Connecting,ms,p95,0.00
24,1780553061323170560,1780553062323170560,HTTP Connecting,ms,p99,0.00
24,1780553061323170560,1780553062323170560,HTTP Connecting,ms,std,0.00
24,1780553061323170560,1780553062323170560,HTTP Connection Overhead,ms,avg,0.00
24,1780553061323170560,1780553062323170560,HTTP Connection Overhead,ms,min,0.00
24,1780553061323170560,1780553062323170560,HTTP Connection Overhead,ms,max,0.00
24,1780553061323170560,1780553062323170560,HTTP Connection Overhead,ms,sum,0.00
24,1780553061323170560,1780553062323170560,HTTP Connection Overhead,ms,p1,0.00
24,1780553061323170560,1780553062323170560,HTTP Connection Overhead,ms,p5,0.00
24,1780553061323170560,1780553062323170560,HTTP Connection Overhead,ms,p10,0.00
24,1780553061323170560,1780553062323170560,HTTP Connection Overhead,ms,p25,0.00
24,1780553061323170560,1780553062323170560,HTTP Connection Overhead,ms,p50,0.00
24,1780553061323170560,1780553062323170560,HTTP Connection Overhead,ms,p75,0.00
24,1780553061323170560,1780553062323170560,HTTP Connection Overhead,ms,p90,0.00
24,1780553061323170560,1780553062323170560,HTTP Connection Overhead,ms,p95,0.00
24,1780553061323170560,1780553062323170560,HTTP Connection Overhead,ms,p99,0.00
24,1780553061323170560,1780553062323170560,HTTP Connection Overhead,ms,std,0.00
24,1780553061323170560,1780553062323170560,HTTP Connection Reused,ratio,avg,1.00
24,1780553061323170560,1780553062323170560,HTTP Connection Reused,ratio,min,1.00
24,1780553061323170560,1780553062323170560,HTTP Connection Reused,ratio,max,1.00
24,1780553061323170560,1780553062323170560,HTTP Connection Reused,ratio,sum,1.00
24,1780553061323170560,1780553062323170560,HTTP Connection Reused,ratio,p1,1.00
24,1780553061323170560,1780553062323170560,HTTP Connection Reused,ratio,p5,1.00
24,1780553061323170560,1780553062323170560,HTTP Connection Reused,ratio,p10,1.00
24,1780553061323170560,1780553062323170560,HTTP Connection Reused,ratio,p25,1.00
24,1780553061323170560,1780553062323170560,HTTP Connection Reused,ratio,p50,1.00
24,1780553061323170560,1780553062323170560,HTTP Connection Reused,ratio,p75,1.00
24,1780553061323170560,1780553062323170560,HTTP Connection Reused,ratio,p90,1.00
24,1780553061323170560,1780553062323170560,HTTP Connection Reused,ratio,p95,1.00
24,1780553061323170560,1780553062323170560,HTTP Connection Reused,ratio,p99,1.00
24,1780553061323170560,1780553062323170560,HTTP Connection Reused,ratio,std,0.00
24,1780553061323170560,1780553062323170560,HTTP Data Received,KB,avg,34.73
24,1780553061323170560,1780553062323170560,HTTP Data Received,KB,min,34.73
24,1780553061323170560,1780553062323170560,HTTP Data Received,KB,max,34.73
24,1780553061323170560,1780553062323170560,HTTP Data Received,KB,sum,34.73
24,1780553061323170560,1780553062323170560,HTTP Data Received,KB,p1,34.73
24,1780553061323170560,1780553062323170560,HTTP Data Received,KB,p5,34.73
24,1780553061323170560,1780553062323170560,HTTP Data Received,KB,p10,34.73
24,1780553061323170560,1780553062323170560,HTTP Data Received,KB,p25,34.73
24,1780553061323170560,1780553062323170560,HTTP Data Received,KB,p50,34.73
24,1780553061323170560,1780553062323170560,HTTP Data Received,KB,p75,34.73
24,1780553061323170560,1780553062323170560,HTTP Data Received,KB,p90,34.73
24,1780553061323170560,1780553062323170560,HTTP Data Received,KB,p95,34.73
24,1780553061323170560,1780553062323170560,HTTP Data Received,KB,p99,34.73
24,1780553061323170560,1780553062323170560,HTTP Data Received,KB,std,0.00
24,1780553061323170560,1780553062323170560,HTTP Data Sent,KB,avg,326.52
24,1780553061323170560,1780553062323170560,HTTP Data Sent,KB,min,326.52
24,1780553061323170560,1780553062323170560,HTTP Data Sent,KB,max,326.52
24,1780553061323170560,1780553062323170560,HTTP Data Sent,KB,sum,326.52
24,1780553061323170560,1780553062323170560,HTTP Data Sent,KB,p1,326.52
24,1780553061323170560,1780553062323170560,HTTP Data Sent,KB,p5,326.52
24,1780553061323170560,1780553062323170560,HTTP Data Sent,KB,p10,326.52
24,1780553061323170560,1780553062323170560,HTTP Data Sent,KB,p25,326.52
24,1780553061323170560,1780553062323170560,HTTP Data Sent,KB,p50,326.52
24,1780553061323170560,1780553062323170560,HTTP Data Sent,KB,p75,326.52
24,1780553061323170560,1780553062323170560,HTTP Data Sent,KB,p90,326.52
24,1780553061323170560,1780553062323170560,HTTP Data Sent,KB,p95,326.52
24,1780553061323170560,1780553062323170560,HTTP Data Sent,KB,p99,326.52
24,1780553061323170560,1780553062323170560,HTTP Data Sent,KB,std,0.00
24,1780553061323170560,1780553062323170560,HTTP DNS Lookup,ms,avg,0.00
24,1780553061323170560,1780553062323170560,HTTP DNS Lookup,ms,min,0.00
24,1780553061323170560,1780553062323170560,HTTP DNS Lookup,ms,max,0.00
24,1780553061323170560,1780553062323170560,HTTP DNS Lookup,ms,sum,0.00
24,1780553061323170560,1780553062323170560,HTTP DNS Lookup,ms,p1,0.00
24,1780553061323170560,1780553062323170560,HTTP DNS Lookup,ms,p5,0.00
24,1780553061323170560,1780553062323170560,HTTP DNS Lookup,ms,p10,0.00
24,1780553061323170560,1780553062323170560,HTTP DNS Lookup,ms,p25,0.00
24,1780553061323170560,1780553062323170560,HTTP DNS Lookup,ms,p50,0.00
24,1780553061323170560,1780553062323170560,HTTP DNS Lookup,ms,p75,0.00
24,1780553061323170560,1780553062323170560,HTTP DNS Lookup,ms,p90,0.00
24,1780553061323170560,1780553062323170560,HTTP DNS Lookup,ms,p95,0.00
24,1780553061323170560,1780553062323170560,HTTP DNS Lookup,ms,p99,0.00
24,1780553061323170560,1780553062323170560,HTTP DNS Lookup,ms,std,0.00
24,1780553061323170560,1780553062323170560,HTTP Duration (excl. conn),ms,avg,11704.68
24,1780553061323170560,1780553062323170560,HTTP Duration (excl. conn),ms,min,11704.68
24,1780553061323170560,1780553062323170560,HTTP Duration (excl. conn),ms,max,11704.68
24,1780553061323170560,1780553062323170560,HTTP Duration (excl. conn),ms,sum,11704.68
24,1780553061323170560,1780553062323170560,HTTP Duration (excl. conn),ms,p1,11704.68
24,1780553061323170560,1780553062323170560,HTTP Duration (excl. conn),ms,p5,11704.68
24,1780553061323170560,1780553062323170560,HTTP Duration (excl. conn),ms,p10,11704.68
24,1780553061323170560,1780553062323170560,HTTP Duration (excl. conn),ms,p25,11704.68
24,1780553061323170560,1780553062323170560,HTTP Duration (excl. conn),ms,p50,11704.68
24,1780553061323170560,1780553062323170560,HTTP Duration (excl. conn),ms,p75,11704.68
24,1780553061323170560,1780553062323170560,HTTP Duration (excl. conn),ms,p90,11704.68
24,1780553061323170560,1780553062323170560,HTTP Duration (excl. conn),ms,p95,11704.68
24,1780553061323170560,1780553062323170560,HTTP Duration (excl. conn),ms,p99,11704.68
24,1780553061323170560,1780553062323170560,HTTP Duration (excl. conn),ms,std,0.00
24,1780553061323170560,1780553062323170560,HTTP Receiving,ms,avg,10985.85
24,1780553061323170560,1780553062323170560,HTTP Receiving,ms,min,10985.85
24,1780553061323170560,1780553062323170560,HTTP Receiving,ms,max,10985.85
24,1780553061323170560,1780553062323170560,HTTP Receiving,ms,sum,10985.85
24,1780553061323170560,1780553062323170560,HTTP Receiving,ms,p1,10985.85
24,1780553061323170560,1780553062323170560,HTTP Receiving,ms,p5,10985.85
24,1780553061323170560,1780553062323170560,HTTP Receiving,ms,p10,10985.85
24,1780553061323170560,1780553062323170560,HTTP Receiving,ms,p25,10985.85
24,1780553061323170560,1780553062323170560,HTTP Receiving,ms,p50,10985.85
24,1780553061323170560,1780553062323170560,HTTP Receiving,ms,p75,10985.85
24,1780553061323170560,1780553062323170560,HTTP Receiving,ms,p90,10985.85
24,1780553061323170560,1780553062323170560,HTTP Receiving,ms,p95,10985.85
24,1780553061323170560,1780553062323170560,HTTP Receiving,ms,p99,10985.85
24,1780553061323170560,1780553062323170560,HTTP Receiving,ms,std,0.00
24,1780553061323170560,1780553062323170560,HTTP Sending,ms,avg,0.31
24,1780553061323170560,1780553062323170560,HTTP Sending,ms,min,0.31
24,1780553061323170560,1780553062323170560,HTTP Sending,ms,max,0.31
24,1780553061323170560,1780553062323170560,HTTP Sending,ms,sum,0.31
24,1780553061323170560,1780553062323170560,HTTP Sending,ms,p1,0.31
24,1780553061323170560,1780553062323170560,HTTP Sending,ms,p5,0.31
24,1780553061323170560,1780553062323170560,HTTP Sending,ms,p10,0.31
24,1780553061323170560,1780553062323170560,HTTP Sending,ms,p25,0.31
24,1780553061323170560,1780553062323170560,HTTP Sending,ms,p50,0.31
24,1780553061323170560,1780553062323170560,HTTP Sending,ms,p75,0.31
24,1780553061323170560,1780553062323170560,HTTP Sending,ms,p90,0.31
24,1780553061323170560,1780553062323170560,HTTP Sending,ms,p95,0.31
24,1780553061323170560,1780553062323170560,HTTP Sending,ms,p99,0.31
24,1780553061323170560,1780553062323170560,HTTP Sending,ms,std,0.00
24,1780553061323170560,1780553062323170560,HTTP Total Time,ms,avg,11704.68
24,1780553061323170560,1780553062323170560,HTTP Total Time,ms,min,11704.68
24,1780553061323170560,1780553062323170560,HTTP Total Time,ms,max,11704.68
24,1780553061323170560,1780553062323170560,HTTP Total Time,ms,sum,11704.68
24,1780553061323170560,1780553062323170560,HTTP Total Time,ms,p1,11704.68
24,1780553061323170560,1780553062323170560,HTTP Total Time,ms,p5,11704.68
24,1780553061323170560,1780553062323170560,HTTP Total Time,ms,p10,11704.68
24,1780553061323170560,1780553062323170560,HTTP Total Time,ms,p25,11704.68
24,1780553061323170560,1780553062323170560,HTTP Total Time,ms,p50,11704.68
24,1780553061323170560,1780553062323170560,HTTP Total Time,ms,p75,11704.68
24,1780553061323170560,1780553062323170560,HTTP Total Time,ms,p90,11704.68
24,1780553061323170560,1780553062323170560,HTTP Total Time,ms,p95,11704.68
24,1780553061323170560,1780553062323170560,HTTP Total Time,ms,p99,11704.68
24,1780553061323170560,1780553062323170560,HTTP Total Time,ms,std,0.00
24,1780553061323170560,1780553062323170560,HTTP Waiting (TTFB),ms,avg,718.53
24,1780553061323170560,1780553062323170560,HTTP Waiting (TTFB),ms,min,718.53
24,1780553061323170560,1780553062323170560,HTTP Waiting (TTFB),ms,max,718.53
24,1780553061323170560,1780553062323170560,HTTP Waiting (TTFB),ms,sum,718.53
24,1780553061323170560,1780553062323170560,HTTP Waiting (TTFB),ms,p1,718.53
24,1780553061323170560,1780553062323170560,HTTP Waiting (TTFB),ms,p5,718.53
24,1780553061323170560,1780553062323170560,HTTP Waiting (TTFB),ms,p10,718.53
24,1780553061323170560,1780553062323170560,HTTP Waiting (TTFB),ms,p25,718.53
24,1780553061323170560,1780553062323170560,HTTP Waiting (TTFB),ms,p50,718.53
24,1780553061323170560,1780553062323170560,HTTP Waiting (TTFB),ms,p75,718.53
24,1780553061323170560,1780553062323170560,HTTP Waiting (TTFB),ms,p90,718.53
24,1780553061323170560,1780553062323170560,HTTP Waiting (TTFB),ms,p95,718.53
24,1780553061323170560,1780553062323170560,HTTP Waiting (TTFB),ms,p99,718.53
24,1780553061323170560,1780553062323170560,HTTP Waiting (TTFB),ms,std,0.00
24,1780553061323170560,1780553062323170560,Input Sequence Length,tokens,avg,84444.00
24,1780553061323170560,1780553062323170560,Input Sequence Length,tokens,min,84444.00
24,1780553061323170560,1780553062323170560,Input Sequence Length,tokens,max,84444.00
24,1780553061323170560,1780553062323170560,Input Sequence Length,tokens,sum,84444.00
24,1780553061323170560,1780553062323170560,Input Sequence Length,tokens,p1,84444.00
24,1780553061323170560,1780553062323170560,Input Sequence Length,tokens,p5,84444.00
24,1780553061323170560,1780553062323170560,Input Sequence Length,tokens,p10,84444.00
24,1780553061323170560,1780553062323170560,Input Sequence Length,tokens,p25,84444.00
24,1780553061323170560,1780553062323170560,Input Sequence Length,tokens,p50,84444.00
24,1780553061323170560,1780553062323170560,Input Sequence Length,tokens,p75,84444.00
24,1780553061323170560,1780553062323170560,Input Sequence Length,tokens,p90,84444.00
24,1780553061323170560,1780553062323170560,Input Sequence Length,tokens,p95,84444.00
24,1780553061323170560,1780553062323170560,Input Sequence Length,tokens,p99,84444.00
24,1780553061323170560,1780553062323170560,Input Sequence Length,tokens,std,0.00
24,1780553061323170560,1780553062323170560,Input Token Throughput,tokens/sec,avg,84444.00
24,1780553061323170560,1780553062323170560,Inter Chunk Latency,ms,avg,53.00
24,1780553061323170560,1780553062323170560,Inter Chunk Latency,ms,min,52.67
24,1780553061323170560,1780553062323170560,Inter Chunk Latency,ms,max,53.20
24,1780553061323170560,1780553062323170560,Inter Chunk Latency,ms,sum,7207.94
24,1780553061323170560,1780553062323170560,Inter Chunk Latency,ms,p1,52.68
24,1780553061323170560,1780553062323170560,Inter Chunk Latency,ms,p5,52.69
24,1780553061323170560,1780553062323170560,Inter Chunk Latency,ms,p10,52.73
24,1780553061323170560,1780553062323170560,Inter Chunk Latency,ms,p25,52.90
24,1780553061323170560,1780553062323170560,Inter Chunk Latency,ms,p50,53.03
24,1780553061323170560,1780553062323170560,Inter Chunk Latency,ms,p75,53.13
24,1780553061323170560,1780553062323170560,Inter Chunk Latency,ms,p90,53.17
24,1780553061323170560,1780553062323170560,Inter Chunk Latency,ms,p95,53.18
24,1780553061323170560,1780553062323170560,Inter Chunk Latency,ms,p99,53.20
24,1780553061323170560,1780553062323170560,Inter Chunk Latency,ms,std,0.16
24,1780553061323170560,1780553062323170560,Inter Token Latency,ms,avg,80.78
24,1780553061323170560,1780553062323170560,Inter Token Latency,ms,min,80.78
24,1780553061323170560,1780553062323170560,Inter Token Latency,ms,max,80.78
24,1780553061323170560,1780553062323170560,Inter Token Latency,ms,sum,80.78
24,1780553061323170560,1780553062323170560,Inter Token Latency,ms,p1,80.78
24,1780553061323170560,1780553062323170560,Inter Token Latency,ms,p5,80.78
24,1780553061323170560,1780553062323170560,Inter Token Latency,ms,p10,80.78
24,1780553061323170560,1780553062323170560,Inter Token Latency,ms,p25,80.78
24,1780553061323170560,1780553062323170560,Inter Token Latency,ms,p50,80.78
24,1780553061323170560,1780553062323170560,Inter Token Latency,ms,p75,80.78
24,1780553061323170560,1780553062323170560,Inter Token Latency,ms,p90,80.78
24,1780553061323170560,1780553062323170560,Inter Token Latency,ms,p95,80.78
24,1780553061323170560,1780553062323170560,Inter Token Latency,ms,p99,80.78
24,1780553061323170560,1780553062323170560,Inter Token Latency,ms,std,0.00
24,1780553061323170560,1780553062323170560,Maximum Response Timestamp,ns,avg,1780553073604829696.00
24,1780553061323170560,1780553062323170560,Minimum Request Timestamp,ns,avg,1780553061900032000.00
24,1780553061323170560,1780553062323170560,OSL Mismatch Count,requests,avg,0.00
24,1780553061323170560,1780553062323170560,OSL Mismatch Diff %,%,avg,0.00
24,1780553061323170560,1780553062323170560,OSL Mismatch Diff %,%,min,0.00
24,1780553061323170560,1780553062323170560,OSL Mismatch Diff %,%,max,0.00
24,1780553061323170560,1780553062323170560,OSL Mismatch Diff %,%,sum,0.00
24,1780553061323170560,1780553062323170560,OSL Mismatch Diff %,%,p1,0.00
24,1780553061323170560,1780553062323170560,OSL Mismatch Diff %,%,p5,0.00
24,1780553061323170560,1780553062323170560,OSL Mismatch Diff %,%,p10,0.00
24,1780553061323170560,1780553062323170560,OSL Mismatch Diff %,%,p25,0.00
24,1780553061323170560,1780553062323170560,OSL Mismatch Diff %,%,p50,0.00
24,1780553061323170560,1780553062323170560,OSL Mismatch Diff %,%,p75,0.00
24,1780553061323170560,1780553062323170560,OSL Mismatch Diff %,%,p90,0.00
24,1780553061323170560,1780553062323170560,OSL Mismatch Diff %,%,p95,0.00
24,1780553061323170560,1780553062323170560,OSL Mismatch Diff %,%,p99,0.00
24,1780553061323170560,1780553062323170560,OSL Mismatch Diff %,%,std,0.00
24,1780553061323170560,1780553062323170560,Output Sequence Length,tokens,avg,137.00
24,1780553061323170560,1780553062323170560,Output Sequence Length,tokens,min,137.00
24,1780553061323170560,1780553062323170560,Output Sequence Length,tokens,max,137.00
24,1780553061323170560,1780553062323170560,Output Sequence Length,tokens,sum,137.00
24,1780553061323170560,1780553062323170560,Output Sequence Length,tokens,p1,137.00
24,1780553061323170560,1780553062323170560,Output Sequence Length,tokens,p5,137.00
24,1780553061323170560,1780553062323170560,Output Sequence Length,tokens,p10,137.00
24,1780553061323170560,1780553062323170560,Output Sequence Length,tokens,p25,137.00
24,1780553061323170560,1780553062323170560,Output Sequence Length,tokens,p50,137.00
24,1780553061323170560,1780553062323170560,Output Sequence Length,tokens,p75,137.00
24,1780553061323170560,1780553062323170560,Output Sequence Length,tokens,p90,137.00
24,1780553061323170560,1780553062323170560,Output Sequence Length,tokens,p95,137.00
24,1780553061323170560,1780553062323170560,Output Sequence Length,tokens,p99,137.00
24,1780553061323170560,1780553062323170560,Output Sequence Length,tokens,std,0.00
24,1780553061323170560,1780553062323170560,Output Token Count,tokens,avg,137.00
24,1780553061323170560,1780553062323170560,Output Token Count,tokens,min,137.00
24,1780553061323170560,1780553062323170560,Output Token Count,tokens,max,137.00
24,1780553061323170560,1780553062323170560,Output Token Count,tokens,sum,137.00
24,1780553061323170560,1780553062323170560,Output Token Count,tokens,p1,137.00
24,1780553061323170560,1780553062323170560,Output Token Count,tokens,p5,137.00
24,1780553061323170560,1780553062323170560,Output Token Count,tokens,p10,137.00
24,1780553061323170560,1780553062323170560,Output Token Count,tokens,p25,137.00
24,1780553061323170560,1780553062323170560,Output Token Count,tokens,p50,137.00
24,1780553061323170560,1780553062323170560,Output Token Count,tokens,p75,137.00
24,1780553061323170560,1780553062323170560,Output Token Count,tokens,p90,137.00
24,1780553061323170560,1780553062323170560,Output Token Count,tokens,p95,137.00
24,1780553061323170560,1780553062323170560,Output Token Count,tokens,p99,137.00
24,1780553061323170560,1780553062323170560,Output Token Count,tokens,std,0.00
24,1780553061323170560,1780553062323170560,Output Token Throughput,tokens/sec,avg,137.00
24,1780553061323170560,1780553062323170560,Output Token Throughput Per User,tokens/sec/user,avg,12.38
24,1780553061323170560,1780553062323170560,Output Token Throughput Per User,tokens/sec/user,min,12.38
24,1780553061323170560,1780553062323170560,Output Token Throughput Per User,tokens/sec/user,max,12.38
24,1780553061323170560,1780553062323170560,Output Token Throughput Per User,tokens/sec/user,sum,12.38
24,1780553061323170560,1780553062323170560,Output Token Throughput Per User,tokens/sec/user,p1,12.38
24,1780553061323170560,1780553062323170560,Output Token Throughput Per User,tokens/sec/user,p5,12.38
24,1780553061323170560,1780553062323170560,Output Token Throughput Per User,tokens/sec/user,p10,12.38
24,1780553061323170560,1780553062323170560,Output Token Throughput Per User,tokens/sec/user,p25,12.38
24,1780553061323170560,1780553062323170560,Output Token Throughput Per User,tokens/sec/user,p50,12.38
24,1780553061323170560,1780553062323170560,Output Token Throughput Per User,tokens/sec/user,p75,12.38
24,1780553061323170560,1780553062323170560,Output Token Throughput Per User,tokens/sec/user,p90,12.38
24,1780553061323170560,1780553062323170560,Output Token Throughput Per User,tokens/sec/user,p95,12.38
24,1780553061323170560,1780553062323170560,Output Token Throughput Per User,tokens/sec/user,p99,12.38
24,1780553061323170560,1780553062323170560,Output Token Throughput Per User,tokens/sec/user,std,0.00
24,1780553061323170560,1780553062323170560,Prefill Throughput Per User,tokens/sec/user,avg,117453.74
24,1780553061323170560,1780553062323170560,Prefill Throughput Per User,tokens/sec/user,min,117453.74
24,1780553061323170560,1780553062323170560,Prefill Throughput Per User,tokens/sec/user,max,117453.74
24,1780553061323170560,1780553062323170560,Prefill Throughput Per User,tokens/sec/user,sum,117453.74
24,1780553061323170560,1780553062323170560,Prefill Throughput Per User,tokens/sec/user,p1,117453.74
24,1780553061323170560,1780553062323170560,Prefill Throughput Per User,tokens/sec/user,p5,117453.74
24,1780553061323170560,1780553062323170560,Prefill Throughput Per User,tokens/sec/user,p10,117453.74
24,1780553061323170560,1780553062323170560,Prefill Throughput Per User,tokens/sec/user,p25,117453.74
24,1780553061323170560,1780553062323170560,Prefill Throughput Per User,tokens/sec/user,p50,117453.74
24,1780553061323170560,1780553062323170560,Prefill Throughput Per User,tokens/sec/user,p75,117453.74
24,1780553061323170560,1780553062323170560,Prefill Throughput Per User,tokens/sec/user,p90,117453.74
24,1780553061323170560,1780553062323170560,Prefill Throughput Per User,tokens/sec/user,p95,117453.74
24,1780553061323170560,1780553062323170560,Prefill Throughput Per User,tokens/sec/user,p99,117453.74
24,1780553061323170560,1780553062323170560,Prefill Throughput Per User,tokens/sec/user,std,0.00
24,1780553061323170560,1780553062323170560,Request Count,requests,avg,1.00
24,1780553061323170560,1780553062323170560,Request Latency,ms,avg,11704.80
24,1780553061323170560,1780553062323170560,Request Latency,ms,min,11704.80
24,1780553061323170560,1780553062323170560,Request Latency,ms,max,11704.80
24,1780553061323170560,1780553062323170560,Request Latency,ms,sum,11704.80
24,1780553061323170560,1780553062323170560,Request Latency,ms,p1,11704.80
24,1780553061323170560,1780553062323170560,Request Latency,ms,p5,11704.80
24,1780553061323170560,1780553062323170560,Request Latency,ms,p10,11704.80
24,1780553061323170560,1780553062323170560,Request Latency,ms,p25,11704.80
24,1780553061323170560,1780553062323170560,Request Latency,ms,p50,11704.80
24,1780553061323170560,1780553062323170560,Request Latency,ms,p75,11704.80
24,1780553061323170560,1780553062323170560,Request Latency,ms,p90,11704.80
24,1780553061323170560,1780553062323170560,Request Latency,ms,p95,11704.80
24,1780553061323170560,1780553062323170560,Request Latency,ms,p99,11704.80
24,1780553061323170560,1780553062323170560,Request Latency,ms,std,0.00
24,1780553061323170560,1780553062323170560,Request Throughput,requests/sec,avg,1.00
24,1780553061323170560,1780553062323170560,Requested OSL,tokens,avg,137.00
24,1780553061323170560,1780553062323170560,Requested OSL,tokens,min,137.00
24,1780553061323170560,1780553062323170560,Requested OSL,tokens,max,137.00
24,1780553061323170560,1780553062323170560,Requested OSL,tokens,sum,137.00
24,1780553061323170560,1780553062323170560,Requested OSL,tokens,p1,137.00
24,1780553061323170560,1780553062323170560,Requested OSL,tokens,p5,137.00
24,1780553061323170560,1780553062323170560,Requested OSL,tokens,p10,137.00
24,1780553061323170560,1780553062323170560,Requested OSL,tokens,p25,137.00
24,1780553061323170560,1780553062323170560,Requested OSL,tokens,p50,137.00
24,1780553061323170560,1780553062323170560,Requested OSL,tokens,p75,137.00
24,1780553061323170560,1780553062323170560,Requested OSL,tokens,p90,137.00
24,1780553061323170560,1780553062323170560,Requested OSL,tokens,p95,137.00
24,1780553061323170560,1780553062323170560,Requested OSL,tokens,p99,137.00
24,1780553061323170560,1780553062323170560,Requested OSL,tokens,std,0.00
24,1780553061323170560,1780553062323170560,Time to First Output Token,ms,avg,718.96
24,1780553061323170560,1780553062323170560,Time to First Output Token,ms,min,718.96
24,1780553061323170560,1780553062323170560,Time to First Output Token,ms,max,718.96
24,1780553061323170560,1780553062323170560,Time to First Output Token,ms,sum,718.96
24,1780553061323170560,1780553062323170560,Time to First Output Token,ms,p1,718.96
24,1780553061323170560,1780553062323170560,Time to First Output Token,ms,p5,718.96
24,1780553061323170560,1780553062323170560,Time to First Output Token,ms,p10,718.96
24,1780553061323170560,1780553062323170560,Time to First Output Token,ms,p25,718.96
24,1780553061323170560,1780553062323170560,Time to First Output Token,ms,p50,718.96
24,1780553061323170560,1780553062323170560,Time to First Output Token,ms,p75,718.96
24,1780553061323170560,1780553062323170560,Time to First Output Token,ms,p90,718.96
24,1780553061323170560,1780553062323170560,Time to First Output Token,ms,p95,718.96
24,1780553061323170560,1780553062323170560,Time to First Output Token,ms,p99,718.96
24,1780553061323170560,1780553062323170560,Time to First Output Token,ms,std,0.00
24,1780553061323170560,1780553062323170560,Time to First Token,ms,avg,718.96
24,1780553061323170560,1780553062323170560,Time to First Token,ms,min,718.96
24,1780553061323170560,1780553062323170560,Time to First Token,ms,max,718.96
24,1780553061323170560,1780553062323170560,Time to First Token,ms,sum,718.96
24,1780553061323170560,1780553062323170560,Time to First Token,ms,p1,718.96
24,1780553061323170560,1780553062323170560,Time to First Token,ms,p5,718.96
24,1780553061323170560,1780553062323170560,Time to First Token,ms,p10,718.96
24,1780553061323170560,1780553062323170560,Time to First Token,ms,p25,718.96
24,1780553061323170560,1780553062323170560,Time to First Token,ms,p50,718.96
24,1780553061323170560,1780553062323170560,Time to First Token,ms,p75,718.96
24,1780553061323170560,1780553062323170560,Time to First Token,ms,p90,718.96
24,1780553061323170560,1780553062323170560,Time to First Token,ms,p95,718.96
24,1780553061323170560,1780553062323170560,Time to First Token,ms,p99,718.96
24,1780553061323170560,1780553062323170560,Time to First Token,ms,std,0.00
24,1780553061323170560,1780553062323170560,Time to Second Token,ms,avg,6.08
24,1780553061323170560,1780553062323170560,Time to Second Token,ms,min,6.08
24,1780553061323170560,1780553062323170560,Time to Second Token,ms,max,6.08
24,1780553061323170560,1780553062323170560,Time to Second Token,ms,sum,6.08
24,1780553061323170560,1780553062323170560,Time to Second Token,ms,p1,6.08
24,1780553061323170560,1780553062323170560,Time to Second Token,ms,p5,6.08
24,1780553061323170560,1780553062323170560,Time to Second Token,ms,p10,6.08
24,1780553061323170560,1780553062323170560,Time to Second Token,ms,p25,6.08
24,1780553061323170560,1780553062323170560,Time to Second Token,ms,p50,6.08
24,1780553061323170560,1780553062323170560,Time to Second Token,ms,p75,6.08
24,1780553061323170560,1780553062323170560,Time to Second Token,ms,p90,6.08
24,1780553061323170560,1780553062323170560,Time to Second Token,ms,p95,6.08
24,1780553061323170560,1780553062323170560,Time to Second Token,ms,p99,6.08
24,1780553061323170560,1780553062323170560,Time to Second Token,ms,std,0.00
24,1780553061323170560,1780553062323170560,Tokens In Flight,tokens,avg,1204412.51
24,1780553061323170560,1780553062323170560,Tokens In Flight,tokens,min,1168609.30
24,1780553061323170560,1780553062323170560,Tokens In Flight,tokens,max,1253198.78
24,1780553061323170560,1780553062323170560,Tokens In Flight,tokens,p50,1168680.15
24,1780553061323170560,1780553062323170560,Tokens In Flight,tokens,p90,1253182.14
24,1780553061323170560,1780553062323170560,Tokens In Flight,tokens,p95,1253190.96
24,1780553061323170560,1780553062323170560,Tokens In Flight,tokens,p99,1253196.78
24,1780553061323170560,1780553062323170560,Tokens In Flight,tokens,std,41755.52
24,1780553061323170560,1780553062323170560,Total Input Sequence Length,tokens,avg,84444.00
24,1780553061323170560,1780553062323170560,Total Output Sequence Length,tokens,avg,137.00
24,1780553061323170560,1780553062323170560,Total Output Tokens,tokens,avg,137.00
24,1780553061323170560,1780553062323170560,Total Token Throughput,tokens/sec,avg,84581.00
24,1780553061323170560,1780553062323170560,Total Usage Completion Tokens,tokens,avg,137.00
24,1780553061323170560,1780553062323170560,Total Usage Prompt Tokens,tokens,avg,84444.00
24,1780553061323170560,1780553062323170560,Total Usage Total Tokens,tokens,avg,84581.00
24,1780553061323170560,1780553062323170560,Usage Completion Tokens,tokens,avg,137.00
24,1780553061323170560,1780553062323170560,Usage Completion Tokens,tokens,min,137.00
24,1780553061323170560,1780553062323170560,Usage Completion Tokens,tokens,max,137.00
24,1780553061323170560,1780553062323170560,Usage Completion Tokens,tokens,sum,137.00
24,1780553061323170560,1780553062323170560,Usage Completion Tokens,tokens,p1,137.00
24,1780553061323170560,1780553062323170560,Usage Completion Tokens,tokens,p5,137.00
24,1780553061323170560,1780553062323170560,Usage Completion Tokens,tokens,p10,137.00
24,1780553061323170560,1780553062323170560,Usage Completion Tokens,tokens,p25,137.00
24,1780553061323170560,1780553062323170560,Usage Completion Tokens,tokens,p50,137.00
24,1780553061323170560,1780553062323170560,Usage Completion Tokens,tokens,p75,137.00
24,1780553061323170560,1780553062323170560,Usage Completion Tokens,tokens,p90,137.00
24,1780553061323170560,1780553062323170560,Usage Completion Tokens,tokens,p95,137.00
24,1780553061323170560,1780553062323170560,Usage Completion Tokens,tokens,p99,137.00
24,1780553061323170560,1780553062323170560,Usage Completion Tokens,tokens,std,0.00
24,1780553061323170560,1780553062323170560,Usage Prompt Tokens,tokens,avg,84444.00
24,1780553061323170560,1780553062323170560,Usage Prompt Tokens,tokens,min,84444.00
24,1780553061323170560,1780553062323170560,Usage Prompt Tokens,tokens,max,84444.00
24,1780553061323170560,1780553062323170560,Usage Prompt Tokens,tokens,sum,84444.00
24,1780553061323170560,1780553062323170560,Usage Prompt Tokens,tokens,p1,84444.00
24,1780553061323170560,1780553062323170560,Usage Prompt Tokens,tokens,p5,84444.00
24,1780553061323170560,1780553062323170560,Usage Prompt Tokens,tokens,p10,84444.00
24,1780553061323170560,1780553062323170560,Usage Prompt Tokens,tokens,p25,84444.00
24,1780553061323170560,1780553062323170560,Usage Prompt Tokens,tokens,p50,84444.00
24,1780553061323170560,1780553062323170560,Usage Prompt Tokens,tokens,p75,84444.00
24,1780553061323170560,1780553062323170560,Usage Prompt Tokens,tokens,p90,84444.00
24,1780553061323170560,1780553062323170560,Usage Prompt Tokens,tokens,p95,84444.00
24,1780553061323170560,1780553062323170560,Usage Prompt Tokens,tokens,p99,84444.00
24,1780553061323170560,1780553062323170560,Usage Prompt Tokens,tokens,std,0.00
24,1780553061323170560,1780553062323170560,Usage Total Tokens,tokens,avg,84581.00
24,1780553061323170560,1780553062323170560,Usage Total Tokens,tokens,min,84581.00
24,1780553061323170560,1780553062323170560,Usage Total Tokens,tokens,max,84581.00
24,1780553061323170560,1780553062323170560,Usage Total Tokens,tokens,sum,84581.00
24,1780553061323170560,1780553062323170560,Usage Total Tokens,tokens,p1,84581.00
24,1780553061323170560,1780553062323170560,Usage Total Tokens,tokens,p5,84581.00
24,1780553061323170560,1780553062323170560,Usage Total Tokens,tokens,p10,84581.00
24,1780553061323170560,1780553062323170560,Usage Total Tokens,tokens,p25,84581.00
24,1780553061323170560,1780553062323170560,Usage Total Tokens,tokens,p50,84581.00
24,1780553061323170560,1780553062323170560,Usage Total Tokens,tokens,p75,84581.00
24,1780553061323170560,1780553062323170560,Usage Total Tokens,tokens,p90,84581.00
24,1780553061323170560,1780553062323170560,Usage Total Tokens,tokens,p95,84581.00
24,1780553061323170560,1780553062323170560,Usage Total Tokens,tokens,p99,84581.00
24,1780553061323170560,1780553062323170560,Usage Total Tokens,tokens,std,0.00
25,1780553065323170560,1780553066323170560,Active Decode Throughput,tokens/sec,avg,179.99
25,1780553065323170560,1780553066323170560,Active Decode Throughput,tokens/sec,min,153.25
25,1780553065323170560,1780553066323170560,Active Decode Throughput,tokens/sec,max,206.74
25,1780553065323170560,1780553066323170560,Active Decode Throughput,tokens/sec,p50,179.99
25,1780553065323170560,1780553066323170560,Active Decode Throughput,tokens/sec,p90,180.01
25,1780553065323170560,1780553066323170560,Active Decode Throughput,tokens/sec,p95,180.01
25,1780553065323170560,1780553066323170560,Active Decode Throughput,tokens/sec,p99,180.01
25,1780553065323170560,1780553066323170560,Active Decode Throughput,tokens/sec,std,0.06
25,1780553065323170560,1780553066323170560,Active Decode Throughput Per User,tokens/sec/user,avg,13.85
25,1780553065323170560,1780553066323170560,Active Decode Throughput Per User,tokens/sec/user,min,11.79
25,1780553065323170560,1780553066323170560,Active Decode Throughput Per User,tokens/sec/user,max,15.90
25,1780553065323170560,1780553066323170560,Active Decode Throughput Per User,tokens/sec/user,p50,13.85
25,1780553065323170560,1780553066323170560,Active Decode Throughput Per User,tokens/sec/user,p90,13.85
25,1780553065323170560,1780553066323170560,Active Decode Throughput Per User,tokens/sec/user,p95,13.85
25,1780553065323170560,1780553066323170560,Active Decode Throughput Per User,tokens/sec/user,p99,13.85
25,1780553065323170560,1780553066323170560,Active Decode Throughput Per User,tokens/sec/user,std,0.00
25,1780553065323170560,1780553066323170560,Active Prefill Throughput,tokens/sec,avg,7958.96
25,1780553065323170560,1780553066323170560,Active Prefill Throughput,tokens/sec,min,7958.96
25,1780553065323170560,1780553066323170560,Active Prefill Throughput,tokens/sec,max,7958.96
25,1780553065323170560,1780553066323170560,Active Prefill Throughput,tokens/sec,p50,7958.96
25,1780553065323170560,1780553066323170560,Active Prefill Throughput,tokens/sec,p90,7958.96
25,1780553065323170560,1780553066323170560,Active Prefill Throughput,tokens/sec,p95,7958.96
25,1780553065323170560,1780553066323170560,Active Prefill Throughput,tokens/sec,p99,7958.96
25,1780553065323170560,1780553066323170560,Active Prefill Throughput,tokens/sec,std,0.00
25,1780553065323170560,1780553066323170560,Active Prefill Throughput Per User,tokens/sec/user,avg,7958.96
25,1780553065323170560,1780553066323170560,Active Prefill Throughput Per User,tokens/sec/user,min,7958.96
25,1780553065323170560,1780553066323170560,Active Prefill Throughput Per User,tokens/sec/user,max,7958.96
25,1780553065323170560,1780553066323170560,Active Prefill Throughput Per User,tokens/sec/user,p50,7958.96
25,1780553065323170560,1780553066323170560,Active Prefill Throughput Per User,tokens/sec/user,p90,7958.96
25,1780553065323170560,1780553066323170560,Active Prefill Throughput Per User,tokens/sec/user,p95,7958.96
25,1780553065323170560,1780553066323170560,Active Prefill Throughput Per User,tokens/sec/user,p99,7958.96
25,1780553065323170560,1780553066323170560,Active Prefill Throughput Per User,tokens/sec/user,std,0.00
25,1780553065323170560,1780553066323170560,Active Total Throughput,tokens/sec,avg,6020.60
25,1780553065323170560,1780553066323170560,Active Total Throughput,tokens/sec,min,116.37
25,1780553065323170560,1780553066323170560,Active Total Throughput,tokens/sec,max,8075.32
25,1780553065323170560,1780553066323170560,Active Total Throughput,tokens/sec,p50,8075.32
25,1780553065323170560,1780553066323170560,Active Total Throughput,tokens/sec,p90,8075.32
25,1780553065323170560,1780553066323170560,Active Total Throughput,tokens/sec,p95,8075.32
25,1780553065323170560,1780553066323170560,Active Total Throughput,tokens/sec,p99,8075.32
25,1780553065323170560,1780553066323170560,Active Total Throughput,tokens/sec,std,3483.04
25,1780553065323170560,1780553066323170560,Benchmark Duration,sec,avg,89.40
25,1780553065323170560,1780553066323170560,E2E Output Token Throughput,tokens/sec/user,avg,7.04
25,1780553065323170560,1780553066323170560,E2E Output Token Throughput,tokens/sec/user,min,7.04
25,1780553065323170560,1780553066323170560,E2E Output Token Throughput,tokens/sec/user,max,7.04
25,1780553065323170560,1780553066323170560,E2E Output Token Throughput,tokens/sec/user,sum,7.04
25,1780553065323170560,1780553066323170560,E2E Output Token Throughput,tokens/sec/user,p1,7.04
25,1780553065323170560,1780553066323170560,E2E Output Token Throughput,tokens/sec/user,p5,7.04
25,1780553065323170560,1780553066323170560,E2E Output Token Throughput,tokens/sec/user,p10,7.04
25,1780553065323170560,1780553066323170560,E2E Output Token Throughput,tokens/sec/user,p25,7.04
25,1780553065323170560,1780553066323170560,E2E Output Token Throughput,tokens/sec/user,p50,7.04
25,1780553065323170560,1780553066323170560,E2E Output Token Throughput,tokens/sec/user,p75,7.04
25,1780553065323170560,1780553066323170560,E2E Output Token Throughput,tokens/sec/user,p90,7.04
25,1780553065323170560,1780553066323170560,E2E Output Token Throughput,tokens/sec/user,p95,7.04
25,1780553065323170560,1780553066323170560,E2E Output Token Throughput,tokens/sec/user,p99,7.04
25,1780553065323170560,1780553066323170560,E2E Output Token Throughput,tokens/sec/user,std,0.00
25,1780553065323170560,1780553066323170560,Effective Concurrency,requests,avg,13.74
25,1780553065323170560,1780553066323170560,Effective Concurrency,requests,min,13.00
25,1780553065323170560,1780553066323170560,Effective Concurrency,requests,max,14.00
25,1780553065323170560,1780553066323170560,Effective Concurrency,requests,p50,14.00
25,1780553065323170560,1780553066323170560,Effective Concurrency,requests,p90,14.00
25,1780553065323170560,1780553066323170560,Effective Concurrency,requests,p95,14.00
25,1780553065323170560,1780553066323170560,Effective Concurrency,requests,p99,14.00
25,1780553065323170560,1780553066323170560,Effective Concurrency,requests,std,0.44
25,1780553065323170560,1780553066323170560,Effective Decode Concurrency,requests,avg,13.00
25,1780553065323170560,1780553066323170560,Effective Decode Concurrency,requests,min,13.00
25,1780553065323170560,1780553066323170560,Effective Decode Concurrency,requests,max,13.00
25,1780553065323170560,1780553066323170560,Effective Decode Concurrency,requests,p50,13.00
25,1780553065323170560,1780553066323170560,Effective Decode Concurrency,requests,p90,13.00
25,1780553065323170560,1780553066323170560,Effective Decode Concurrency,requests,p95,13.00
25,1780553065323170560,1780553066323170560,Effective Decode Concurrency,requests,p99,13.00
25,1780553065323170560,1780553066323170560,Effective Decode Concurrency,requests,std,0.00
25,1780553065323170560,1780553066323170560,Effective Decode Throughput,tokens/sec,avg,179.99
25,1780553065323170560,1780553066323170560,Effective Decode Throughput,tokens/sec,min,153.25
25,1780553065323170560,1780553066323170560,Effective Decode Throughput,tokens/sec,max,206.74
25,1780553065323170560,1780553066323170560,Effective Decode Throughput,tokens/sec,p50,179.99
25,1780553065323170560,1780553066323170560,Effective Decode Throughput,tokens/sec,p90,180.01
25,1780553065323170560,1780553066323170560,Effective Decode Throughput,tokens/sec,p95,180.01
25,1780553065323170560,1780553066323170560,Effective Decode Throughput,tokens/sec,p99,180.01
25,1780553065323170560,1780553066323170560,Effective Decode Throughput,tokens/sec,std,0.06
25,1780553065323170560,1780553066323170560,Effective Decode Throughput Per User,tokens/sec/user,avg,13.85
25,1780553065323170560,1780553066323170560,Effective Decode Throughput Per User,tokens/sec/user,min,11.79
25,1780553065323170560,1780553066323170560,Effective Decode Throughput Per User,tokens/sec/user,max,15.90
25,1780553065323170560,1780553066323170560,Effective Decode Throughput Per User,tokens/sec/user,p50,13.85
25,1780553065323170560,1780553066323170560,Effective Decode Throughput Per User,tokens/sec/user,p90,13.85
25,1780553065323170560,1780553066323170560,Effective Decode Throughput Per User,tokens/sec/user,p95,13.85
25,1780553065323170560,1780553066323170560,Effective Decode Throughput Per User,tokens/sec/user,p99,13.85
25,1780553065323170560,1780553066323170560,Effective Decode Throughput Per User,tokens/sec/user,std,0.00
25,1780553065323170560,1780553066323170560,Effective Prefill Concurrency,requests,avg,0.74
25,1780553065323170560,1780553066323170560,Effective Prefill Concurrency,requests,min,0.00
25,1780553065323170560,1780553066323170560,Effective Prefill Concurrency,requests,max,1.00
25,1780553065323170560,1780553066323170560,Effective Prefill Concurrency,requests,p50,1.00
25,1780553065323170560,1780553066323170560,Effective Prefill Concurrency,requests,p90,1.00
25,1780553065323170560,1780553066323170560,Effective Prefill Concurrency,requests,p95,1.00
25,1780553065323170560,1780553066323170560,Effective Prefill Concurrency,requests,p99,1.00
25,1780553065323170560,1780553066323170560,Effective Prefill Concurrency,requests,std,0.44
25,1780553065323170560,1780553066323170560,Effective Prefill Throughput,tokens/sec,avg,5904.23
25,1780553065323170560,1780553066323170560,Effective Prefill Throughput,tokens/sec,min,0.00
25,1780553065323170560,1780553066323170560,Effective Prefill Throughput,tokens/sec,max,7958.96
25,1780553065323170560,1780553066323170560,Effective Prefill Throughput,tokens/sec,p50,7958.96
25,1780553065323170560,1780553066323170560,Effective Prefill Throughput,tokens/sec,p90,7958.96
25,1780553065323170560,1780553066323170560,Effective Prefill Throughput,tokens/sec,p95,7958.96
25,1780553065323170560,1780553066323170560,Effective Prefill Throughput,tokens/sec,p99,7958.96
25,1780553065323170560,1780553066323170560,Effective Prefill Throughput,tokens/sec,std,3483.04
25,1780553065323170560,1780553066323170560,Effective Prefill Throughput Per User,tokens/sec/user,avg,5904.23
25,1780553065323170560,1780553066323170560,Effective Prefill Throughput Per User,tokens/sec/user,min,0.00
25,1780553065323170560,1780553066323170560,Effective Prefill Throughput Per User,tokens/sec/user,max,7958.96
25,1780553065323170560,1780553066323170560,Effective Prefill Throughput Per User,tokens/sec/user,p50,7958.96
25,1780553065323170560,1780553066323170560,Effective Prefill Throughput Per User,tokens/sec/user,p90,7958.96
25,1780553065323170560,1780553066323170560,Effective Prefill Throughput Per User,tokens/sec/user,p95,7958.96
25,1780553065323170560,1780553066323170560,Effective Prefill Throughput Per User,tokens/sec/user,p99,7958.96
25,1780553065323170560,1780553066323170560,Effective Prefill Throughput Per User,tokens/sec/user,std,3483.04
25,1780553065323170560,1780553066323170560,Effective Total Throughput,tokens/sec,avg,6020.60
25,1780553065323170560,1780553066323170560,Effective Total Throughput,tokens/sec,min,116.37
25,1780553065323170560,1780553066323170560,Effective Total Throughput,tokens/sec,max,8075.32
25,1780553065323170560,1780553066323170560,Effective Total Throughput,tokens/sec,p50,8075.32
25,1780553065323170560,1780553066323170560,Effective Total Throughput,tokens/sec,p90,8075.32
25,1780553065323170560,1780553066323170560,Effective Total Throughput,tokens/sec,p95,8075.32
25,1780553065323170560,1780553066323170560,Effective Total Throughput,tokens/sec,p99,8075.32
25,1780553065323170560,1780553066323170560,Effective Total Throughput,tokens/sec,std,3483.04
25,1780553065323170560,1780553066323170560,HTTP Blocked,ms,avg,0.00
25,1780553065323170560,1780553066323170560,HTTP Blocked,ms,min,0.00
25,1780553065323170560,1780553066323170560,HTTP Blocked,ms,max,0.00
25,1780553065323170560,1780553066323170560,HTTP Blocked,ms,sum,0.00
25,1780553065323170560,1780553066323170560,HTTP Blocked,ms,p1,0.00
25,1780553065323170560,1780553066323170560,HTTP Blocked,ms,p5,0.00
25,1780553065323170560,1780553066323170560,HTTP Blocked,ms,p10,0.00
25,1780553065323170560,1780553066323170560,HTTP Blocked,ms,p25,0.00
25,1780553065323170560,1780553066323170560,HTTP Blocked,ms,p50,0.00
25,1780553065323170560,1780553066323170560,HTTP Blocked,ms,p75,0.00
25,1780553065323170560,1780553066323170560,HTTP Blocked,ms,p90,0.00
25,1780553065323170560,1780553066323170560,HTTP Blocked,ms,p95,0.00
25,1780553065323170560,1780553066323170560,HTTP Blocked,ms,p99,0.00
25,1780553065323170560,1780553066323170560,HTTP Blocked,ms,std,0.00
25,1780553065323170560,1780553066323170560,HTTP Chunks Received,count,avg,629.00
25,1780553065323170560,1780553066323170560,HTTP Chunks Received,count,min,629.00
25,1780553065323170560,1780553066323170560,HTTP Chunks Received,count,max,629.00
25,1780553065323170560,1780553066323170560,HTTP Chunks Received,count,sum,629.00
25,1780553065323170560,1780553066323170560,HTTP Chunks Received,count,p1,629.00
25,1780553065323170560,1780553066323170560,HTTP Chunks Received,count,p5,629.00
25,1780553065323170560,1780553066323170560,HTTP Chunks Received,count,p10,629.00
25,1780553065323170560,1780553066323170560,HTTP Chunks Received,count,p25,629.00
25,1780553065323170560,1780553066323170560,HTTP Chunks Received,count,p50,629.00
25,1780553065323170560,1780553066323170560,HTTP Chunks Received,count,p75,629.00
25,1780553065323170560,1780553066323170560,HTTP Chunks Received,count,p90,629.00
25,1780553065323170560,1780553066323170560,HTTP Chunks Received,count,p95,629.00
25,1780553065323170560,1780553066323170560,HTTP Chunks Received,count,p99,629.00
25,1780553065323170560,1780553066323170560,HTTP Chunks Received,count,std,0.00
25,1780553065323170560,1780553066323170560,HTTP Chunks Sent,count,avg,1.00
25,1780553065323170560,1780553066323170560,HTTP Chunks Sent,count,min,1.00
25,1780553065323170560,1780553066323170560,HTTP Chunks Sent,count,max,1.00
25,1780553065323170560,1780553066323170560,HTTP Chunks Sent,count,sum,1.00
25,1780553065323170560,1780553066323170560,HTTP Chunks Sent,count,p1,1.00
25,1780553065323170560,1780553066323170560,HTTP Chunks Sent,count,p5,1.00
25,1780553065323170560,1780553066323170560,HTTP Chunks Sent,count,p10,1.00
25,1780553065323170560,1780553066323170560,HTTP Chunks Sent,count,p25,1.00
25,1780553065323170560,1780553066323170560,HTTP Chunks Sent,count,p50,1.00
25,1780553065323170560,1780553066323170560,HTTP Chunks Sent,count,p75,1.00
25,1780553065323170560,1780553066323170560,HTTP Chunks Sent,count,p90,1.00
25,1780553065323170560,1780553066323170560,HTTP Chunks Sent,count,p95,1.00
25,1780553065323170560,1780553066323170560,HTTP Chunks Sent,count,p99,1.00
25,1780553065323170560,1780553066323170560,HTTP Chunks Sent,count,std,0.00
25,1780553065323170560,1780553066323170560,HTTP Connecting,ms,avg,1.12
25,1780553065323170560,1780553066323170560,HTTP Connecting,ms,min,1.12
25,1780553065323170560,1780553066323170560,HTTP Connecting,ms,max,1.12
25,1780553065323170560,1780553066323170560,HTTP Connecting,ms,sum,1.12
25,1780553065323170560,1780553066323170560,HTTP Connecting,ms,p1,1.12
25,1780553065323170560,1780553066323170560,HTTP Connecting,ms,p5,1.12
25,1780553065323170560,1780553066323170560,HTTP Connecting,ms,p10,1.12
25,1780553065323170560,1780553066323170560,HTTP Connecting,ms,p25,1.12
25,1780553065323170560,1780553066323170560,HTTP Connecting,ms,p50,1.12
25,1780553065323170560,1780553066323170560,HTTP Connecting,ms,p75,1.12
25,1780553065323170560,1780553066323170560,HTTP Connecting,ms,p90,1.12
25,1780553065323170560,1780553066323170560,HTTP Connecting,ms,p95,1.12
25,1780553065323170560,1780553066323170560,HTTP Connecting,ms,p99,1.12
25,1780553065323170560,1780553066323170560,HTTP Connecting,ms,std,0.00
25,1780553065323170560,1780553066323170560,HTTP Connection Overhead,ms,avg,1.64
25,1780553065323170560,1780553066323170560,HTTP Connection Overhead,ms,min,1.64
25,1780553065323170560,1780553066323170560,HTTP Connection Overhead,ms,max,1.64
25,1780553065323170560,1780553066323170560,HTTP Connection Overhead,ms,sum,1.64
25,1780553065323170560,1780553066323170560,HTTP Connection Overhead,ms,p1,1.64
25,1780553065323170560,1780553066323170560,HTTP Connection Overhead,ms,p5,1.64
25,1780553065323170560,1780553066323170560,HTTP Connection Overhead,ms,p10,1.64
25,1780553065323170560,1780553066323170560,HTTP Connection Overhead,ms,p25,1.64
25,1780553065323170560,1780553066323170560,HTTP Connection Overhead,ms,p50,1.64
25,1780553065323170560,1780553066323170560,HTTP Connection Overhead,ms,p75,1.64
25,1780553065323170560,1780553066323170560,HTTP Connection Overhead,ms,p90,1.64
25,1780553065323170560,1780553066323170560,HTTP Connection Overhead,ms,p95,1.64
25,1780553065323170560,1780553066323170560,HTTP Connection Overhead,ms,p99,1.64
25,1780553065323170560,1780553066323170560,HTTP Connection Overhead,ms,std,0.00
25,1780553065323170560,1780553066323170560,HTTP Connection Reused,ratio,avg,0.00
25,1780553065323170560,1780553066323170560,HTTP Connection Reused,ratio,min,0.00
25,1780553065323170560,1780553066323170560,HTTP Connection Reused,ratio,max,0.00
25,1780553065323170560,1780553066323170560,HTTP Connection Reused,ratio,sum,0.00
25,1780553065323170560,1780553066323170560,HTTP Connection Reused,ratio,p1,0.00
25,1780553065323170560,1780553066323170560,HTTP Connection Reused,ratio,p5,0.00
25,1780553065323170560,1780553066323170560,HTTP Connection Reused,ratio,p10,0.00
25,1780553065323170560,1780553066323170560,HTTP Connection Reused,ratio,p25,0.00
25,1780553065323170560,1780553066323170560,HTTP Connection Reused,ratio,p50,0.00
25,1780553065323170560,1780553066323170560,HTTP Connection Reused,ratio,p75,0.00
25,1780553065323170560,1780553066323170560,HTTP Connection Reused,ratio,p90,0.00
25,1780553065323170560,1780553066323170560,HTTP Connection Reused,ratio,p95,0.00
25,1780553065323170560,1780553066323170560,HTTP Connection Reused,ratio,p99,0.00
25,1780553065323170560,1780553066323170560,HTTP Connection Reused,ratio,std,0.00
25,1780553065323170560,1780553066323170560,HTTP Data Received,KB,avg,157.13
25,1780553065323170560,1780553066323170560,HTTP Data Received,KB,min,157.13
25,1780553065323170560,1780553066323170560,HTTP Data Received,KB,max,157.13
25,1780553065323170560,1780553066323170560,HTTP Data Received,KB,sum,157.13
25,1780553065323170560,1780553066323170560,HTTP Data Received,KB,p1,157.13
25,1780553065323170560,1780553066323170560,HTTP Data Received,KB,p5,157.13
25,1780553065323170560,1780553066323170560,HTTP Data Received,KB,p10,157.13
25,1780553065323170560,1780553066323170560,HTTP Data Received,KB,p25,157.13
25,1780553065323170560,1780553066323170560,HTTP Data Received,KB,p50,157.13
25,1780553065323170560,1780553066323170560,HTTP Data Received,KB,p75,157.13
25,1780553065323170560,1780553066323170560,HTTP Data Received,KB,p90,157.13
25,1780553065323170560,1780553066323170560,HTTP Data Received,KB,p95,157.13
25,1780553065323170560,1780553066323170560,HTTP Data Received,KB,p99,157.13
25,1780553065323170560,1780553066323170560,HTTP Data Received,KB,std,0.00
25,1780553065323170560,1780553066323170560,HTTP Data Sent,KB,avg,197.53
25,1780553065323170560,1780553066323170560,HTTP Data Sent,KB,min,197.53
25,1780553065323170560,1780553066323170560,HTTP Data Sent,KB,max,197.53
25,1780553065323170560,1780553066323170560,HTTP Data Sent,KB,sum,197.53
25,1780553065323170560,1780553066323170560,HTTP Data Sent,KB,p1,197.53
25,1780553065323170560,1780553066323170560,HTTP Data Sent,KB,p5,197.53
25,1780553065323170560,1780553066323170560,HTTP Data Sent,KB,p10,197.53
25,1780553065323170560,1780553066323170560,HTTP Data Sent,KB,p25,197.53
25,1780553065323170560,1780553066323170560,HTTP Data Sent,KB,p50,197.53
25,1780553065323170560,1780553066323170560,HTTP Data Sent,KB,p75,197.53
25,1780553065323170560,1780553066323170560,HTTP Data Sent,KB,p90,197.53
25,1780553065323170560,1780553066323170560,HTTP Data Sent,KB,p95,197.53
25,1780553065323170560,1780553066323170560,HTTP Data Sent,KB,p99,197.53
25,1780553065323170560,1780553066323170560,HTTP Data Sent,KB,std,0.00
25,1780553065323170560,1780553066323170560,HTTP DNS Lookup,ms,avg,0.52
25,1780553065323170560,1780553066323170560,HTTP DNS Lookup,ms,min,0.52
25,1780553065323170560,1780553066323170560,HTTP DNS Lookup,ms,max,0.52
25,1780553065323170560,1780553066323170560,HTTP DNS Lookup,ms,sum,0.52
25,1780553065323170560,1780553066323170560,HTTP DNS Lookup,ms,p1,0.52
25,1780553065323170560,1780553066323170560,HTTP DNS Lookup,ms,p5,0.52
25,1780553065323170560,1780553066323170560,HTTP DNS Lookup,ms,p10,0.52
25,1780553065323170560,1780553066323170560,HTTP DNS Lookup,ms,p25,0.52
25,1780553065323170560,1780553066323170560,HTTP DNS Lookup,ms,p50,0.52
25,1780553065323170560,1780553066323170560,HTTP DNS Lookup,ms,p75,0.52
25,1780553065323170560,1780553066323170560,HTTP DNS Lookup,ms,p90,0.52
25,1780553065323170560,1780553066323170560,HTTP DNS Lookup,ms,p95,0.52
25,1780553065323170560,1780553066323170560,HTTP DNS Lookup,ms,p99,0.52
25,1780553065323170560,1780553066323170560,HTTP DNS Lookup,ms,std,0.00
25,1780553065323170560,1780553066323170560,HTTP Duration (excl. conn),ms,avg,89397.11
25,1780553065323170560,1780553066323170560,HTTP Duration (excl. conn),ms,min,89397.11
25,1780553065323170560,1780553066323170560,HTTP Duration (excl. conn),ms,max,89397.11
25,1780553065323170560,1780553066323170560,HTTP Duration (excl. conn),ms,sum,89397.11
25,1780553065323170560,1780553066323170560,HTTP Duration (excl. conn),ms,p1,89397.11
25,1780553065323170560,1780553066323170560,HTTP Duration (excl. conn),ms,p5,89397.11
25,1780553065323170560,1780553066323170560,HTTP Duration (excl. conn),ms,p10,89397.11
25,1780553065323170560,1780553066323170560,HTTP Duration (excl. conn),ms,p25,89397.11
25,1780553065323170560,1780553066323170560,HTTP Duration (excl. conn),ms,p50,89397.11
25,1780553065323170560,1780553066323170560,HTTP Duration (excl. conn),ms,p75,89397.11
25,1780553065323170560,1780553066323170560,HTTP Duration (excl. conn),ms,p90,89397.11
25,1780553065323170560,1780553066323170560,HTTP Duration (excl. conn),ms,p95,89397.11
25,1780553065323170560,1780553066323170560,HTTP Duration (excl. conn),ms,p99,89397.11
25,1780553065323170560,1780553066323170560,HTTP Duration (excl. conn),ms,std,0.00
25,1780553065323170560,1780553066323170560,HTTP Receiving,ms,avg,83024.41
25,1780553065323170560,1780553066323170560,HTTP Receiving,ms,min,83024.41
25,1780553065323170560,1780553066323170560,HTTP Receiving,ms,max,83024.41
25,1780553065323170560,1780553066323170560,HTTP Receiving,ms,sum,83024.41
25,1780553065323170560,1780553066323170560,HTTP Receiving,ms,p1,83024.41
25,1780553065323170560,1780553066323170560,HTTP Receiving,ms,p5,83024.41
25,1780553065323170560,1780553066323170560,HTTP Receiving,ms,p10,83024.41
25,1780553065323170560,1780553066323170560,HTTP Receiving,ms,p25,83024.41
25,1780553065323170560,1780553066323170560,HTTP Receiving,ms,p50,83024.41
25,1780553065323170560,1780553066323170560,HTTP Receiving,ms,p75,83024.41
25,1780553065323170560,1780553066323170560,HTTP Receiving,ms,p90,83024.41
25,1780553065323170560,1780553066323170560,HTTP Receiving,ms,p95,83024.41
25,1780553065323170560,1780553066323170560,HTTP Receiving,ms,p99,83024.41
25,1780553065323170560,1780553066323170560,HTTP Receiving,ms,std,0.00
25,1780553065323170560,1780553066323170560,HTTP Sending,ms,avg,1.39
25,1780553065323170560,1780553066323170560,HTTP Sending,ms,min,1.39
25,1780553065323170560,1780553066323170560,HTTP Sending,ms,max,1.39
25,1780553065323170560,1780553066323170560,HTTP Sending,ms,sum,1.39
25,1780553065323170560,1780553066323170560,HTTP Sending,ms,p1,1.39
25,1780553065323170560,1780553066323170560,HTTP Sending,ms,p5,1.39
25,1780553065323170560,1780553066323170560,HTTP Sending,ms,p10,1.39
25,1780553065323170560,1780553066323170560,HTTP Sending,ms,p25,1.39
25,1780553065323170560,1780553066323170560,HTTP Sending,ms,p50,1.39
25,1780553065323170560,1780553066323170560,HTTP Sending,ms,p75,1.39
25,1780553065323170560,1780553066323170560,HTTP Sending,ms,p90,1.39
25,1780553065323170560,1780553066323170560,HTTP Sending,ms,p95,1.39
25,1780553065323170560,1780553066323170560,HTTP Sending,ms,p99,1.39
25,1780553065323170560,1780553066323170560,HTTP Sending,ms,std,0.00
25,1780553065323170560,1780553066323170560,HTTP Total Time,ms,avg,89398.75
25,1780553065323170560,1780553066323170560,HTTP Total Time,ms,min,89398.75
25,1780553065323170560,1780553066323170560,HTTP Total Time,ms,max,89398.75
25,1780553065323170560,1780553066323170560,HTTP Total Time,ms,sum,89398.75
25,1780553065323170560,1780553066323170560,HTTP Total Time,ms,p1,89398.75
25,1780553065323170560,1780553066323170560,HTTP Total Time,ms,p5,89398.75
25,1780553065323170560,1780553066323170560,HTTP Total Time,ms,p10,89398.75
25,1780553065323170560,1780553066323170560,HTTP Total Time,ms,p25,89398.75
25,1780553065323170560,1780553066323170560,HTTP Total Time,ms,p50,89398.75
25,1780553065323170560,1780553066323170560,HTTP Total Time,ms,p75,89398.75
25,1780553065323170560,1780553066323170560,HTTP Total Time,ms,p90,89398.75
25,1780553065323170560,1780553066323170560,HTTP Total Time,ms,p95,89398.75
25,1780553065323170560,1780553066323170560,HTTP Total Time,ms,p99,89398.75
25,1780553065323170560,1780553066323170560,HTTP Total Time,ms,std,0.00
25,1780553065323170560,1780553066323170560,HTTP Waiting (TTFB),ms,avg,6371.31
25,1780553065323170560,1780553066323170560,HTTP Waiting (TTFB),ms,min,6371.31
25,1780553065323170560,1780553066323170560,HTTP Waiting (TTFB),ms,max,6371.31
25,1780553065323170560,1780553066323170560,HTTP Waiting (TTFB),ms,sum,6371.31
25,1780553065323170560,1780553066323170560,HTTP Waiting (TTFB),ms,p1,6371.31
25,1780553065323170560,1780553066323170560,HTTP Waiting (TTFB),ms,p5,6371.31
25,1780553065323170560,1780553066323170560,HTTP Waiting (TTFB),ms,p10,6371.31
25,1780553065323170560,1780553066323170560,HTTP Waiting (TTFB),ms,p25,6371.31
25,1780553065323170560,1780553066323170560,HTTP Waiting (TTFB),ms,p50,6371.31
25,1780553065323170560,1780553066323170560,HTTP Waiting (TTFB),ms,p75,6371.31
25,1780553065323170560,1780553066323170560,HTTP Waiting (TTFB),ms,p90,6371.31
25,1780553065323170560,1780553066323170560,HTTP Waiting (TTFB),ms,p95,6371.31
25,1780553065323170560,1780553066323170560,HTTP Waiting (TTFB),ms,p99,6371.31
25,1780553065323170560,1780553066323170560,HTTP Waiting (TTFB),ms,std,0.00
25,1780553065323170560,1780553066323170560,Input Sequence Length,tokens,avg,50721.00
25,1780553065323170560,1780553066323170560,Input Sequence Length,tokens,min,50721.00
25,1780553065323170560,1780553066323170560,Input Sequence Length,tokens,max,50721.00
25,1780553065323170560,1780553066323170560,Input Sequence Length,tokens,sum,50721.00
25,1780553065323170560,1780553066323170560,Input Sequence Length,tokens,p1,50721.00
25,1780553065323170560,1780553066323170560,Input Sequence Length,tokens,p5,50721.00
25,1780553065323170560,1780553066323170560,Input Sequence Length,tokens,p10,50721.00
25,1780553065323170560,1780553066323170560,Input Sequence Length,tokens,p25,50721.00
25,1780553065323170560,1780553066323170560,Input Sequence Length,tokens,p50,50721.00
25,1780553065323170560,1780553066323170560,Input Sequence Length,tokens,p75,50721.00
25,1780553065323170560,1780553066323170560,Input Sequence Length,tokens,p90,50721.00
25,1780553065323170560,1780553066323170560,Input Sequence Length,tokens,p95,50721.00
25,1780553065323170560,1780553066323170560,Input Sequence Length,tokens,p99,50721.00
25,1780553065323170560,1780553066323170560,Input Sequence Length,tokens,std,0.00
25,1780553065323170560,1780553066323170560,Input Token Throughput,tokens/sec,avg,50721.00
25,1780553065323170560,1780553066323170560,Inter Chunk Latency,ms,avg,61.35
25,1780553065323170560,1780553066323170560,Inter Chunk Latency,ms,min,59.55
25,1780553065323170560,1780553066323170560,Inter Chunk Latency,ms,max,62.48
25,1780553065323170560,1780553066323170560,Inter Chunk Latency,ms,sum,38530.86
25,1780553065323170560,1780553066323170560,Inter Chunk Latency,ms,p1,59.56
25,1780553065323170560,1780553066323170560,Inter Chunk Latency,ms,p5,59.63
25,1780553065323170560,1780553066323170560,Inter Chunk Latency,ms,p10,60.02
25,1780553065323170560,1780553066323170560,Inter Chunk Latency,ms,p25,60.80
25,1780553065323170560,1780553066323170560,Inter Chunk Latency,ms,p50,61.55
25,1780553065323170560,1780553066323170560,Inter Chunk Latency,ms,p75,62.02
25,1780553065323170560,1780553066323170560,Inter Chunk Latency,ms,p90,62.31
25,1780553065323170560,1780553066323170560,Inter Chunk Latency,ms,p95,62.41
25,1780553065323170560,1780553066323170560,Inter Chunk Latency,ms,p99,62.47
25,1780553065323170560,1780553066323170560,Inter Chunk Latency,ms,std,0.84
25,1780553065323170560,1780553066323170560,Inter Token Latency,ms,avg,132.20
25,1780553065323170560,1780553066323170560,Inter Token Latency,ms,min,132.20
25,1780553065323170560,1780553066323170560,Inter Token Latency,ms,max,132.20
25,1780553065323170560,1780553066323170560,Inter Token Latency,ms,sum,132.20
25,1780553065323170560,1780553066323170560,Inter Token Latency,ms,p1,132.20
25,1780553065323170560,1780553066323170560,Inter Token Latency,ms,p5,132.20
25,1780553065323170560,1780553066323170560,Inter Token Latency,ms,p10,132.20
25,1780553065323170560,1780553066323170560,Inter Token Latency,ms,p25,132.20
25,1780553065323170560,1780553066323170560,Inter Token Latency,ms,p50,132.20
25,1780553065323170560,1780553066323170560,Inter Token Latency,ms,p75,132.20
25,1780553065323170560,1780553066323170560,Inter Token Latency,ms,p90,132.20
25,1780553065323170560,1780553066323170560,Inter Token Latency,ms,p95,132.20
25,1780553065323170560,1780553066323170560,Inter Token Latency,ms,p99,132.20
25,1780553065323170560,1780553066323170560,Inter Token Latency,ms,std,0.00
25,1780553065323170560,1780553066323170560,Maximum Response Timestamp,ns,avg,1780553154978555904.00
25,1780553065323170560,1780553066323170560,Minimum Request Timestamp,ns,avg,1780553065581336064.00
25,1780553065323170560,1780553066323170560,OSL Mismatch Count,requests,avg,0.00
25,1780553065323170560,1780553066323170560,OSL Mismatch Diff %,%,avg,0.00
25,1780553065323170560,1780553066323170560,OSL Mismatch Diff %,%,min,0.00
25,1780553065323170560,1780553066323170560,OSL Mismatch Diff %,%,max,0.00
25,1780553065323170560,1780553066323170560,OSL Mismatch Diff %,%,sum,0.00
25,1780553065323170560,1780553066323170560,OSL Mismatch Diff %,%,p1,0.00
25,1780553065323170560,1780553066323170560,OSL Mismatch Diff %,%,p5,0.00
25,1780553065323170560,1780553066323170560,OSL Mismatch Diff %,%,p10,0.00
25,1780553065323170560,1780553066323170560,OSL Mismatch Diff %,%,p25,0.00
25,1780553065323170560,1780553066323170560,OSL Mismatch Diff %,%,p50,0.00
25,1780553065323170560,1780553066323170560,OSL Mismatch Diff %,%,p75,0.00
25,1780553065323170560,1780553066323170560,OSL Mismatch Diff %,%,p90,0.00
25,1780553065323170560,1780553066323170560,OSL Mismatch Diff %,%,p95,0.00
25,1780553065323170560,1780553066323170560,OSL Mismatch Diff %,%,p99,0.00
25,1780553065323170560,1780553066323170560,OSL Mismatch Diff %,%,std,0.00
25,1780553065323170560,1780553066323170560,Output Sequence Length,tokens,avg,629.00
25,1780553065323170560,1780553066323170560,Output Sequence Length,tokens,min,629.00
25,1780553065323170560,1780553066323170560,Output Sequence Length,tokens,max,629.00
25,1780553065323170560,1780553066323170560,Output Sequence Length,tokens,sum,629.00
25,1780553065323170560,1780553066323170560,Output Sequence Length,tokens,p1,629.00
25,1780553065323170560,1780553066323170560,Output Sequence Length,tokens,p5,629.00
25,1780553065323170560,1780553066323170560,Output Sequence Length,tokens,p10,629.00
25,1780553065323170560,1780553066323170560,Output Sequence Length,tokens,p25,629.00
25,1780553065323170560,1780553066323170560,Output Sequence Length,tokens,p50,629.00
25,1780553065323170560,1780553066323170560,Output Sequence Length,tokens,p75,629.00
25,1780553065323170560,1780553066323170560,Output Sequence Length,tokens,p90,629.00
25,1780553065323170560,1780553066323170560,Output Sequence Length,tokens,p95,629.00
25,1780553065323170560,1780553066323170560,Output Sequence Length,tokens,p99,629.00
25,1780553065323170560,1780553066323170560,Output Sequence Length,tokens,std,0.00
25,1780553065323170560,1780553066323170560,Output Token Count,tokens,avg,629.00
25,1780553065323170560,1780553066323170560,Output Token Count,tokens,min,629.00
25,1780553065323170560,1780553066323170560,Output Token Count,tokens,max,629.00
25,1780553065323170560,1780553066323170560,Output Token Count,tokens,sum,629.00
25,1780553065323170560,1780553066323170560,Output Token Count,tokens,p1,629.00
25,1780553065323170560,1780553066323170560,Output Token Count,tokens,p5,629.00
25,1780553065323170560,1780553066323170560,Output Token Count,tokens,p10,629.00
25,1780553065323170560,1780553066323170560,Output Token Count,tokens,p25,629.00
25,1780553065323170560,1780553066323170560,Output Token Count,tokens,p50,629.00
25,1780553065323170560,1780553066323170560,Output Token Count,tokens,p75,629.00
25,1780553065323170560,1780553066323170560,Output Token Count,tokens,p90,629.00
25,1780553065323170560,1780553066323170560,Output Token Count,tokens,p95,629.00
25,1780553065323170560,1780553066323170560,Output Token Count,tokens,p99,629.00
25,1780553065323170560,1780553066323170560,Output Token Count,tokens,std,0.00
25,1780553065323170560,1780553066323170560,Output Token Throughput,tokens/sec,avg,629.00
25,1780553065323170560,1780553066323170560,Output Token Throughput Per User,tokens/sec/user,avg,7.56
25,1780553065323170560,1780553066323170560,Output Token Throughput Per User,tokens/sec/user,min,7.56
25,1780553065323170560,1780553066323170560,Output Token Throughput Per User,tokens/sec/user,max,7.56
25,1780553065323170560,1780553066323170560,Output Token Throughput Per User,tokens/sec/user,sum,7.56
25,1780553065323170560,1780553066323170560,Output Token Throughput Per User,tokens/sec/user,p1,7.56
25,1780553065323170560,1780553066323170560,Output Token Throughput Per User,tokens/sec/user,p5,7.56
25,1780553065323170560,1780553066323170560,Output Token Throughput Per User,tokens/sec/user,p10,7.56
25,1780553065323170560,1780553066323170560,Output Token Throughput Per User,tokens/sec/user,p25,7.56
25,1780553065323170560,1780553066323170560,Output Token Throughput Per User,tokens/sec/user,p50,7.56
25,1780553065323170560,1780553066323170560,Output Token Throughput Per User,tokens/sec/user,p75,7.56
25,1780553065323170560,1780553066323170560,Output Token Throughput Per User,tokens/sec/user,p90,7.56
25,1780553065323170560,1780553066323170560,Output Token Throughput Per User,tokens/sec/user,p95,7.56
25,1780553065323170560,1780553066323170560,Output Token Throughput Per User,tokens/sec/user,p99,7.56
25,1780553065323170560,1780553066323170560,Output Token Throughput Per User,tokens/sec/user,std,0.00
25,1780553065323170560,1780553066323170560,Prefill Throughput Per User,tokens/sec/user,avg,7958.96
25,1780553065323170560,1780553066323170560,Prefill Throughput Per User,tokens/sec/user,min,7958.96
25,1780553065323170560,1780553066323170560,Prefill Throughput Per User,tokens/sec/user,max,7958.96
25,1780553065323170560,1780553066323170560,Prefill Throughput Per User,tokens/sec/user,sum,7958.96
25,1780553065323170560,1780553066323170560,Prefill Throughput Per User,tokens/sec/user,p1,7958.96
25,1780553065323170560,1780553066323170560,Prefill Throughput Per User,tokens/sec/user,p5,7958.96
25,1780553065323170560,1780553066323170560,Prefill Throughput Per User,tokens/sec/user,p10,7958.96
25,1780553065323170560,1780553066323170560,Prefill Throughput Per User,tokens/sec/user,p25,7958.96
25,1780553065323170560,1780553066323170560,Prefill Throughput Per User,tokens/sec/user,p50,7958.96
25,1780553065323170560,1780553066323170560,Prefill Throughput Per User,tokens/sec/user,p75,7958.96
25,1780553065323170560,1780553066323170560,Prefill Throughput Per User,tokens/sec/user,p90,7958.96
25,1780553065323170560,1780553066323170560,Prefill Throughput Per User,tokens/sec/user,p95,7958.96
25,1780553065323170560,1780553066323170560,Prefill Throughput Per User,tokens/sec/user,p99,7958.96
25,1780553065323170560,1780553066323170560,Prefill Throughput Per User,tokens/sec/user,std,0.00
25,1780553065323170560,1780553066323170560,Request Count,requests,avg,1.00
25,1780553065323170560,1780553066323170560,Request Latency,ms,avg,89397.22
25,1780553065323170560,1780553066323170560,Request Latency,ms,min,89397.22
25,1780553065323170560,1780553066323170560,Request Latency,ms,max,89397.22
25,1780553065323170560,1780553066323170560,Request Latency,ms,sum,89397.22
25,1780553065323170560,1780553066323170560,Request Latency,ms,p1,89397.22
25,1780553065323170560,1780553066323170560,Request Latency,ms,p5,89397.22
25,1780553065323170560,1780553066323170560,Request Latency,ms,p10,89397.22
25,1780553065323170560,1780553066323170560,Request Latency,ms,p25,89397.22
25,1780553065323170560,1780553066323170560,Request Latency,ms,p50,89397.22
25,1780553065323170560,1780553066323170560,Request Latency,ms,p75,89397.22
25,1780553065323170560,1780553066323170560,Request Latency,ms,p90,89397.22
25,1780553065323170560,1780553066323170560,Request Latency,ms,p95,89397.22
25,1780553065323170560,1780553066323170560,Request Latency,ms,p99,89397.22
25,1780553065323170560,1780553066323170560,Request Latency,ms,std,0.00
25,1780553065323170560,1780553066323170560,Request Throughput,requests/sec,avg,1.00
25,1780553065323170560,1780553066323170560,Requested OSL,tokens,avg,629.00
25,1780553065323170560,1780553066323170560,Requested OSL,tokens,min,629.00
25,1780553065323170560,1780553066323170560,Requested OSL,tokens,max,629.00
25,1780553065323170560,1780553066323170560,Requested OSL,tokens,sum,629.00
25,1780553065323170560,1780553066323170560,Requested OSL,tokens,p1,629.00
25,1780553065323170560,1780553066323170560,Requested OSL,tokens,p5,629.00
25,1780553065323170560,1780553066323170560,Requested OSL,tokens,p10,629.00
25,1780553065323170560,1780553066323170560,Requested OSL,tokens,p25,629.00
25,1780553065323170560,1780553066323170560,Requested OSL,tokens,p50,629.00
25,1780553065323170560,1780553066323170560,Requested OSL,tokens,p75,629.00
25,1780553065323170560,1780553066323170560,Requested OSL,tokens,p90,629.00
25,1780553065323170560,1780553066323170560,Requested OSL,tokens,p95,629.00
25,1780553065323170560,1780553066323170560,Requested OSL,tokens,p99,629.00
25,1780553065323170560,1780553066323170560,Requested OSL,tokens,std,0.00
25,1780553065323170560,1780553066323170560,Time to First Output Token,ms,avg,6372.82
25,1780553065323170560,1780553066323170560,Time to First Output Token,ms,min,6372.82
25,1780553065323170560,1780553066323170560,Time to First Output Token,ms,max,6372.82
25,1780553065323170560,1780553066323170560,Time to First Output Token,ms,sum,6372.82
25,1780553065323170560,1780553066323170560,Time to First Output Token,ms,p1,6372.82
25,1780553065323170560,1780553066323170560,Time to First Output Token,ms,p5,6372.82
25,1780553065323170560,1780553066323170560,Time to First Output Token,ms,p10,6372.82
25,1780553065323170560,1780553066323170560,Time to First Output Token,ms,p25,6372.82
25,1780553065323170560,1780553066323170560,Time to First Output Token,ms,p50,6372.82
25,1780553065323170560,1780553066323170560,Time to First Output Token,ms,p75,6372.82
25,1780553065323170560,1780553066323170560,Time to First Output Token,ms,p90,6372.82
25,1780553065323170560,1780553066323170560,Time to First Output Token,ms,p95,6372.82
25,1780553065323170560,1780553066323170560,Time to First Output Token,ms,p99,6372.82
25,1780553065323170560,1780553066323170560,Time to First Output Token,ms,std,0.00
25,1780553065323170560,1780553066323170560,Time to First Token,ms,avg,6372.82
25,1780553065323170560,1780553066323170560,Time to First Token,ms,min,6372.82
25,1780553065323170560,1780553066323170560,Time to First Token,ms,max,6372.82
25,1780553065323170560,1780553066323170560,Time to First Token,ms,sum,6372.82
25,1780553065323170560,1780553066323170560,Time to First Token,ms,p1,6372.82
25,1780553065323170560,1780553066323170560,Time to First Token,ms,p5,6372.82
25,1780553065323170560,1780553066323170560,Time to First Token,ms,p10,6372.82
25,1780553065323170560,1780553066323170560,Time to First Token,ms,p25,6372.82
25,1780553065323170560,1780553066323170560,Time to First Token,ms,p50,6372.82
25,1780553065323170560,1780553066323170560,Time to First Token,ms,p75,6372.82
25,1780553065323170560,1780553066323170560,Time to First Token,ms,p90,6372.82
25,1780553065323170560,1780553066323170560,Time to First Token,ms,p95,6372.82
25,1780553065323170560,1780553066323170560,Time to First Token,ms,p99,6372.82
25,1780553065323170560,1780553066323170560,Time to First Token,ms,std,0.00
25,1780553065323170560,1780553066323170560,Time to Second Token,ms,avg,18.69
25,1780553065323170560,1780553066323170560,Time to Second Token,ms,min,18.69
25,1780553065323170560,1780553066323170560,Time to Second Token,ms,max,18.69
25,1780553065323170560,1780553066323170560,Time to Second Token,ms,sum,18.69
25,1780553065323170560,1780553066323170560,Time to Second Token,ms,p1,18.69
25,1780553065323170560,1780553066323170560,Time to Second Token,ms,p5,18.69
25,1780553065323170560,1780553066323170560,Time to Second Token,ms,p10,18.69
25,1780553065323170560,1780553066323170560,Time to Second Token,ms,p25,18.69
25,1780553065323170560,1780553066323170560,Time to Second Token,ms,p50,18.69
25,1780553065323170560,1780553066323170560,Time to Second Token,ms,p75,18.69
25,1780553065323170560,1780553066323170560,Time to Second Token,ms,p90,18.69
25,1780553065323170560,1780553066323170560,Time to Second Token,ms,p95,18.69
25,1780553065323170560,1780553066323170560,Time to Second Token,ms,p99,18.69
25,1780553065323170560,1780553066323170560,Time to Second Token,ms,std,0.00
25,1780553065323170560,1780553066323170560,Tokens In Flight,tokens,avg,1291450.30
25,1780553065323170560,1780553066323170560,Tokens In Flight,tokens,min,1253734.19
25,1780553065323170560,1780553066323170560,Tokens In Flight,tokens,max,1304637.68
25,1780553065323170560,1780553066323170560,Tokens In Flight,tokens,p50,1304543.04
25,1780553065323170560,1780553066323170560,Tokens In Flight,tokens,p90,1304618.04
25,1780553065323170560,1780553066323170560,Tokens In Flight,tokens,p95,1304626.85
25,1780553065323170560,1780553066323170560,Tokens In Flight,tokens,p99,1304632.89
25,1780553065323170560,1780553066323170560,Tokens In Flight,tokens,std,22236.21
25,1780553065323170560,1780553066323170560,Total Input Sequence Length,tokens,avg,50721.00
25,1780553065323170560,1780553066323170560,Total Output Sequence Length,tokens,avg,629.00
25,1780553065323170560,1780553066323170560,Total Output Tokens,tokens,avg,629.00
25,1780553065323170560,1780553066323170560,Total Token Throughput,tokens/sec,avg,51350.00
25,1780553065323170560,1780553066323170560,Total Usage Completion Tokens,tokens,avg,629.00
25,1780553065323170560,1780553066323170560,Total Usage Prompt Tokens,tokens,avg,50721.00
25,1780553065323170560,1780553066323170560,Total Usage Total Tokens,tokens,avg,51350.00
25,1780553065323170560,1780553066323170560,Usage Completion Tokens,tokens,avg,629.00
25,1780553065323170560,1780553066323170560,Usage Completion Tokens,tokens,min,629.00
25,1780553065323170560,1780553066323170560,Usage Completion Tokens,tokens,max,629.00
25,1780553065323170560,1780553066323170560,Usage Completion Tokens,tokens,sum,629.00
25,1780553065323170560,1780553066323170560,Usage Completion Tokens,tokens,p1,629.00
25,1780553065323170560,1780553066323170560,Usage Completion Tokens,tokens,p5,629.00
25,1780553065323170560,1780553066323170560,Usage Completion Tokens,tokens,p10,629.00
25,1780553065323170560,1780553066323170560,Usage Completion Tokens,tokens,p25,629.00
25,1780553065323170560,1780553066323170560,Usage Completion Tokens,tokens,p50,629.00
25,1780553065323170560,1780553066323170560,Usage Completion Tokens,tokens,p75,629.00
25,1780553065323170560,1780553066323170560,Usage Completion Tokens,tokens,p90,629.00
25,1780553065323170560,1780553066323170560,Usage Completion Tokens,tokens,p95,629.00
25,1780553065323170560,1780553066323170560,Usage Completion Tokens,tokens,p99,629.00
25,1780553065323170560,1780553066323170560,Usage Completion Tokens,tokens,std,0.00
25,1780553065323170560,1780553066323170560,Usage Prompt Tokens,tokens,avg,50721.00
25,1780553065323170560,1780553066323170560,Usage Prompt Tokens,tokens,min,50721.00
25,1780553065323170560,1780553066323170560,Usage Prompt Tokens,tokens,max,50721.00
25,1780553065323170560,1780553066323170560,Usage Prompt Tokens,tokens,sum,50721.00
25,1780553065323170560,1780553066323170560,Usage Prompt Tokens,tokens,p1,50721.00
25,1780553065323170560,1780553066323170560,Usage Prompt Tokens,tokens,p5,50721.00
25,1780553065323170560,1780553066323170560,Usage Prompt Tokens,tokens,p10,50721.00
25,1780553065323170560,1780553066323170560,Usage Prompt Tokens,tokens,p25,50721.00
25,1780553065323170560,1780553066323170560,Usage Prompt Tokens,tokens,p50,50721.00
25,1780553065323170560,1780553066323170560,Usage Prompt Tokens,tokens,p75,50721.00
25,1780553065323170560,1780553066323170560,Usage Prompt Tokens,tokens,p90,50721.00
25,1780553065323170560,1780553066323170560,Usage Prompt Tokens,tokens,p95,50721.00
25,1780553065323170560,1780553066323170560,Usage Prompt Tokens,tokens,p99,50721.00
25,1780553065323170560,1780553066323170560,Usage Prompt Tokens,tokens,std,0.00
25,1780553065323170560,1780553066323170560,Usage Total Tokens,tokens,avg,51350.00
25,1780553065323170560,1780553066323170560,Usage Total Tokens,tokens,min,51350.00
25,1780553065323170560,1780553066323170560,Usage Total Tokens,tokens,max,51350.00
25,1780553065323170560,1780553066323170560,Usage Total Tokens,tokens,sum,51350.00
25,1780553065323170560,1780553066323170560,Usage Total Tokens,tokens,p1,51350.00
25,1780553065323170560,1780553066323170560,Usage Total Tokens,tokens,p5,51350.00
25,1780553065323170560,1780553066323170560,Usage Total Tokens,tokens,p10,51350.00
25,1780553065323170560,1780553066323170560,Usage Total Tokens,tokens,p25,51350.00
25,1780553065323170560,1780553066323170560,Usage Total Tokens,tokens,p50,51350.00
25,1780553065323170560,1780553066323170560,Usage Total Tokens,tokens,p75,51350.00
25,1780553065323170560,1780553066323170560,Usage Total Tokens,tokens,p90,51350.00
25,1780553065323170560,1780553066323170560,Usage Total Tokens,tokens,p95,51350.00
25,1780553065323170560,1780553066323170560,Usage Total Tokens,tokens,p99,51350.00
25,1780553065323170560,1780553066323170560,Usage Total Tokens,tokens,std,0.00
26,1780553067323170560,1780553068323170560,Active Decode Throughput,tokens/sec,avg,179.91
26,1780553067323170560,1780553068323170560,Active Decode Throughput,tokens/sec,min,153.16
26,1780553067323170560,1780553068323170560,Active Decode Throughput,tokens/sec,max,206.66
26,1780553067323170560,1780553068323170560,Active Decode Throughput,tokens/sec,p50,179.90
26,1780553067323170560,1780553068323170560,Active Decode Throughput,tokens/sec,p90,179.92
26,1780553067323170560,1780553068323170560,Active Decode Throughput,tokens/sec,p95,179.92
26,1780553067323170560,1780553068323170560,Active Decode Throughput,tokens/sec,p99,179.92
26,1780553067323170560,1780553068323170560,Active Decode Throughput,tokens/sec,std,0.07
26,1780553067323170560,1780553068323170560,Active Decode Throughput Per User,tokens/sec/user,avg,13.84
26,1780553067323170560,1780553068323170560,Active Decode Throughput Per User,tokens/sec/user,min,11.78
26,1780553067323170560,1780553068323170560,Active Decode Throughput Per User,tokens/sec/user,max,15.90
26,1780553067323170560,1780553068323170560,Active Decode Throughput Per User,tokens/sec/user,p50,13.84
26,1780553067323170560,1780553068323170560,Active Decode Throughput Per User,tokens/sec/user,p90,13.84
26,1780553067323170560,1780553068323170560,Active Decode Throughput Per User,tokens/sec/user,p95,13.84
26,1780553067323170560,1780553068323170560,Active Decode Throughput Per User,tokens/sec/user,p99,13.84
26,1780553067323170560,1780553068323170560,Active Decode Throughput Per User,tokens/sec/user,std,0.01
26,1780553067323170560,1780553068323170560,Active Prefill Throughput,tokens/sec,avg,10575.80
26,1780553067323170560,1780553068323170560,Active Prefill Throughput,tokens/sec,min,7958.96
26,1780553067323170560,1780553068323170560,Active Prefill Throughput,tokens/sec,max,10881.43
26,1780553067323170560,1780553068323170560,Active Prefill Throughput,tokens/sec,p50,10881.43
26,1780553067323170560,1780553068323170560,Active Prefill Throughput,tokens/sec,p90,10881.43
26,1780553067323170560,1780553068323170560,Active Prefill Throughput,tokens/sec,p95,10881.43
26,1780553067323170560,1780553068323170560,Active Prefill Throughput,tokens/sec,p99,10881.43
26,1780553067323170560,1780553068323170560,Active Prefill Throughput,tokens/sec,std,894.31
26,1780553067323170560,1780553068323170560,Active Prefill Throughput Per User,tokens/sec/user,avg,5704.07
26,1780553067323170560,1780553068323170560,Active Prefill Throughput Per User,tokens/sec/user,min,5440.72
26,1780553067323170560,1780553068323170560,Active Prefill Throughput Per User,tokens/sec/user,max,7958.96
26,1780553067323170560,1780553068323170560,Active Prefill Throughput Per User,tokens/sec/user,p50,5440.72
26,1780553067323170560,1780553068323170560,Active Prefill Throughput Per User,tokens/sec/user,p90,7958.96
26,1780553067323170560,1780553068323170560,Active Prefill Throughput Per User,tokens/sec/user,p95,7958.96
26,1780553067323170560,1780553068323170560,Active Prefill Throughput Per User,tokens/sec/user,p99,7958.96
26,1780553067323170560,1780553068323170560,Active Prefill Throughput Per User,tokens/sec/user,std,770.61
26,1780553067323170560,1780553068323170560,Active Total Throughput,tokens/sec,avg,10692.17
26,1780553067323170560,1780553068323170560,Active Total Throughput,tokens/sec,min,8075.32
26,1780553067323170560,1780553068323170560,Active Total Throughput,tokens/sec,max,10997.80
26,1780553067323170560,1780553068323170560,Active Total Throughput,tokens/sec,p50,10997.80
26,1780553067323170560,1780553068323170560,Active Total Throughput,tokens/sec,p90,10997.80
26,1780553067323170560,1780553068323170560,Active Total Throughput,tokens/sec,p95,10997.80
26,1780553067323170560,1780553068323170560,Active Total Throughput,tokens/sec,p99,10997.80
26,1780553067323170560,1780553068323170560,Active Total Throughput,tokens/sec,std,894.31
26,1780553067323170560,1780553068323170560,Benchmark Duration,sec,avg,119.77
26,1780553067323170560,1780553068323170560,E2E Output Token Throughput,tokens/sec/user,avg,1.37
26,1780553067323170560,1780553068323170560,E2E Output Token Throughput,tokens/sec/user,min,1.37
26,1780553067323170560,1780553068323170560,E2E Output Token Throughput,tokens/sec/user,max,1.37
26,1780553067323170560,1780553068323170560,E2E Output Token Throughput,tokens/sec/user,sum,1.37
26,1780553067323170560,1780553068323170560,E2E Output Token Throughput,tokens/sec/user,p1,1.37
26,1780553067323170560,1780553068323170560,E2E Output Token Throughput,tokens/sec/user,p5,1.37
26,1780553067323170560,1780553068323170560,E2E Output Token Throughput,tokens/sec/user,p10,1.37
26,1780553067323170560,1780553068323170560,E2E Output Token Throughput,tokens/sec/user,p25,1.37
26,1780553067323170560,1780553068323170560,E2E Output Token Throughput,tokens/sec/user,p50,1.37
26,1780553067323170560,1780553068323170560,E2E Output Token Throughput,tokens/sec/user,p75,1.37
26,1780553067323170560,1780553068323170560,E2E Output Token Throughput,tokens/sec/user,p90,1.37
26,1780553067323170560,1780553068323170560,E2E Output Token Throughput,tokens/sec/user,p95,1.37
26,1780553067323170560,1780553068323170560,E2E Output Token Throughput,tokens/sec/user,p99,1.37
26,1780553067323170560,1780553068323170560,E2E Output Token Throughput,tokens/sec/user,std,0.00
26,1780553067323170560,1780553068323170560,Effective Concurrency,requests,avg,14.90
26,1780553067323170560,1780553068323170560,Effective Concurrency,requests,min,14.00
26,1780553067323170560,1780553068323170560,Effective Concurrency,requests,max,15.00
26,1780553067323170560,1780553068323170560,Effective Concurrency,requests,p50,15.00
26,1780553067323170560,1780553068323170560,Effective Concurrency,requests,p90,15.00
26,1780553067323170560,1780553068323170560,Effective Concurrency,requests,p95,15.00
26,1780553067323170560,1780553068323170560,Effective Concurrency,requests,p99,15.00
26,1780553067323170560,1780553068323170560,Effective Concurrency,requests,std,0.31
26,1780553067323170560,1780553068323170560,Effective Decode Concurrency,requests,avg,13.00
26,1780553067323170560,1780553068323170560,Effective Decode Concurrency,requests,min,13.00
26,1780553067323170560,1780553068323170560,Effective Decode Concurrency,requests,max,13.00
26,1780553067323170560,1780553068323170560,Effective Decode Concurrency,requests,p50,13.00
26,1780553067323170560,1780553068323170560,Effective Decode Concurrency,requests,p90,13.00
26,1780553067323170560,1780553068323170560,Effective Decode Concurrency,requests,p95,13.00
26,1780553067323170560,1780553068323170560,Effective Decode Concurrency,requests,p99,13.00
26,1780553067323170560,1780553068323170560,Effective Decode Concurrency,requests,std,0.00
26,1780553067323170560,1780553068323170560,Effective Decode Throughput,tokens/sec,avg,179.91
26,1780553067323170560,1780553068323170560,Effective Decode Throughput,tokens/sec,min,153.16
26,1780553067323170560,1780553068323170560,Effective Decode Throughput,tokens/sec,max,206.66
26,1780553067323170560,1780553068323170560,Effective Decode Throughput,tokens/sec,p50,179.90
26,1780553067323170560,1780553068323170560,Effective Decode Throughput,tokens/sec,p90,179.92
26,1780553067323170560,1780553068323170560,Effective Decode Throughput,tokens/sec,p95,179.92
26,1780553067323170560,1780553068323170560,Effective Decode Throughput,tokens/sec,p99,179.92
26,1780553067323170560,1780553068323170560,Effective Decode Throughput,tokens/sec,std,0.07
26,1780553067323170560,1780553068323170560,Effective Decode Throughput Per User,tokens/sec/user,avg,13.84
26,1780553067323170560,1780553068323170560,Effective Decode Throughput Per User,tokens/sec/user,min,11.78
26,1780553067323170560,1780553068323170560,Effective Decode Throughput Per User,tokens/sec/user,max,15.90
26,1780553067323170560,1780553068323170560,Effective Decode Throughput Per User,tokens/sec/user,p50,13.84
26,1780553067323170560,1780553068323170560,Effective Decode Throughput Per User,tokens/sec/user,p90,13.84
26,1780553067323170560,1780553068323170560,Effective Decode Throughput Per User,tokens/sec/user,p95,13.84
26,1780553067323170560,1780553068323170560,Effective Decode Throughput Per User,tokens/sec/user,p99,13.84
26,1780553067323170560,1780553068323170560,Effective Decode Throughput Per User,tokens/sec/user,std,0.01
26,1780553067323170560,1780553068323170560,Effective Prefill Concurrency,requests,avg,1.90
26,1780553067323170560,1780553068323170560,Effective Prefill Concurrency,requests,min,1.00
26,1780553067323170560,1780553068323170560,Effective Prefill Concurrency,requests,max,2.00
26,1780553067323170560,1780553068323170560,Effective Prefill Concurrency,requests,p50,2.00
26,1780553067323170560,1780553068323170560,Effective Prefill Concurrency,requests,p90,2.00
26,1780553067323170560,1780553068323170560,Effective Prefill Concurrency,requests,p95,2.00
26,1780553067323170560,1780553068323170560,Effective Prefill Concurrency,requests,p99,2.00
26,1780553067323170560,1780553068323170560,Effective Prefill Concurrency,requests,std,0.31
26,1780553067323170560,1780553068323170560,Effective Prefill Throughput,tokens/sec,avg,10575.80
26,1780553067323170560,1780553068323170560,Effective Prefill Throughput,tokens/sec,min,7958.96
26,1780553067323170560,1780553068323170560,Effective Prefill Throughput,tokens/sec,max,10881.43
26,1780553067323170560,1780553068323170560,Effective Prefill Throughput,tokens/sec,p50,10881.43
26,1780553067323170560,1780553068323170560,Effective Prefill Throughput,tokens/sec,p90,10881.43
26,1780553067323170560,1780553068323170560,Effective Prefill Throughput,tokens/sec,p95,10881.43
26,1780553067323170560,1780553068323170560,Effective Prefill Throughput,tokens/sec,p99,10881.43
26,1780553067323170560,1780553068323170560,Effective Prefill Throughput,tokens/sec,std,894.31
26,1780553067323170560,1780553068323170560,Effective Prefill Throughput Per User,tokens/sec/user,avg,5704.07
26,1780553067323170560,1780553068323170560,Effective Prefill Throughput Per User,tokens/sec/user,min,5440.72
26,1780553067323170560,1780553068323170560,Effective Prefill Throughput Per User,tokens/sec/user,max,7958.96
26,1780553067323170560,1780553068323170560,Effective Prefill Throughput Per User,tokens/sec/user,p50,5440.72
26,1780553067323170560,1780553068323170560,Effective Prefill Throughput Per User,tokens/sec/user,p90,7958.96
26,1780553067323170560,1780553068323170560,Effective Prefill Throughput Per User,tokens/sec/user,p95,7958.96
26,1780553067323170560,1780553068323170560,Effective Prefill Throughput Per User,tokens/sec/user,p99,7958.96
26,1780553067323170560,1780553068323170560,Effective Prefill Throughput Per User,tokens/sec/user,std,770.61
26,1780553067323170560,1780553068323170560,Effective Total Throughput,tokens/sec,avg,10692.17
26,1780553067323170560,1780553068323170560,Effective Total Throughput,tokens/sec,min,8075.32
26,1780553067323170560,1780553068323170560,Effective Total Throughput,tokens/sec,max,10997.80
26,1780553067323170560,1780553068323170560,Effective Total Throughput,tokens/sec,p50,10997.80
26,1780553067323170560,1780553068323170560,Effective Total Throughput,tokens/sec,p90,10997.80
26,1780553067323170560,1780553068323170560,Effective Total Throughput,tokens/sec,p95,10997.80
26,1780553067323170560,1780553068323170560,Effective Total Throughput,tokens/sec,p99,10997.80
26,1780553067323170560,1780553068323170560,Effective Total Throughput,tokens/sec,std,894.31
26,1780553067323170560,1780553068323170560,HTTP Blocked,ms,avg,0.00
26,1780553067323170560,1780553068323170560,HTTP Blocked,ms,min,0.00
26,1780553067323170560,1780553068323170560,HTTP Blocked,ms,max,0.00
26,1780553067323170560,1780553068323170560,HTTP Blocked,ms,sum,0.00
26,1780553067323170560,1780553068323170560,HTTP Blocked,ms,p1,0.00
26,1780553067323170560,1780553068323170560,HTTP Blocked,ms,p5,0.00
26,1780553067323170560,1780553068323170560,HTTP Blocked,ms,p10,0.00
26,1780553067323170560,1780553068323170560,HTTP Blocked,ms,p25,0.00
26,1780553067323170560,1780553068323170560,HTTP Blocked,ms,p50,0.00
26,1780553067323170560,1780553068323170560,HTTP Blocked,ms,p75,0.00
26,1780553067323170560,1780553068323170560,HTTP Blocked,ms,p90,0.00
26,1780553067323170560,1780553068323170560,HTTP Blocked,ms,p95,0.00
26,1780553067323170560,1780553068323170560,HTTP Blocked,ms,p99,0.00
26,1780553067323170560,1780553068323170560,HTTP Blocked,ms,std,0.00
26,1780553067323170560,1780553068323170560,HTTP Chunks Received,count,avg,164.00
26,1780553067323170560,1780553068323170560,HTTP Chunks Received,count,min,164.00
26,1780553067323170560,1780553068323170560,HTTP Chunks Received,count,max,164.00
26,1780553067323170560,1780553068323170560,HTTP Chunks Received,count,sum,164.00
26,1780553067323170560,1780553068323170560,HTTP Chunks Received,count,p1,164.00
26,1780553067323170560,1780553068323170560,HTTP Chunks Received,count,p5,164.00
26,1780553067323170560,1780553068323170560,HTTP Chunks Received,count,p10,164.00
26,1780553067323170560,1780553068323170560,HTTP Chunks Received,count,p25,164.00
26,1780553067323170560,1780553068323170560,HTTP Chunks Received,count,p50,164.00
26,1780553067323170560,1780553068323170560,HTTP Chunks Received,count,p75,164.00
26,1780553067323170560,1780553068323170560,HTTP Chunks Received,count,p90,164.00
26,1780553067323170560,1780553068323170560,HTTP Chunks Received,count,p95,164.00
26,1780553067323170560,1780553068323170560,HTTP Chunks Received,count,p99,164.00
26,1780553067323170560,1780553068323170560,HTTP Chunks Received,count,std,0.00
26,1780553067323170560,1780553068323170560,HTTP Chunks Sent,count,avg,1.00
26,1780553067323170560,1780553068323170560,HTTP Chunks Sent,count,min,1.00
26,1780553067323170560,1780553068323170560,HTTP Chunks Sent,count,max,1.00
26,1780553067323170560,1780553068323170560,HTTP Chunks Sent,count,sum,1.00
26,1780553067323170560,1780553068323170560,HTTP Chunks Sent,count,p1,1.00
26,1780553067323170560,1780553068323170560,HTTP Chunks Sent,count,p5,1.00
26,1780553067323170560,1780553068323170560,HTTP Chunks Sent,count,p10,1.00
26,1780553067323170560,1780553068323170560,HTTP Chunks Sent,count,p25,1.00
26,1780553067323170560,1780553068323170560,HTTP Chunks Sent,count,p50,1.00
26,1780553067323170560,1780553068323170560,HTTP Chunks Sent,count,p75,1.00
26,1780553067323170560,1780553068323170560,HTTP Chunks Sent,count,p90,1.00
26,1780553067323170560,1780553068323170560,HTTP Chunks Sent,count,p95,1.00
26,1780553067323170560,1780553068323170560,HTTP Chunks Sent,count,p99,1.00
26,1780553067323170560,1780553068323170560,HTTP Chunks Sent,count,std,0.00
26,1780553067323170560,1780553068323170560,HTTP Connecting,ms,avg,1.19
26,1780553067323170560,1780553068323170560,HTTP Connecting,ms,min,1.19
26,1780553067323170560,1780553068323170560,HTTP Connecting,ms,max,1.19
26,1780553067323170560,1780553068323170560,HTTP Connecting,ms,sum,1.19
26,1780553067323170560,1780553068323170560,HTTP Connecting,ms,p1,1.19
26,1780553067323170560,1780553068323170560,HTTP Connecting,ms,p5,1.19
26,1780553067323170560,1780553068323170560,HTTP Connecting,ms,p10,1.19
26,1780553067323170560,1780553068323170560,HTTP Connecting,ms,p25,1.19
26,1780553067323170560,1780553068323170560,HTTP Connecting,ms,p50,1.19
26,1780553067323170560,1780553068323170560,HTTP Connecting,ms,p75,1.19
26,1780553067323170560,1780553068323170560,HTTP Connecting,ms,p90,1.19
26,1780553067323170560,1780553068323170560,HTTP Connecting,ms,p95,1.19
26,1780553067323170560,1780553068323170560,HTTP Connecting,ms,p99,1.19
26,1780553067323170560,1780553068323170560,HTTP Connecting,ms,std,0.00
26,1780553067323170560,1780553068323170560,HTTP Connection Overhead,ms,avg,1.70
26,1780553067323170560,1780553068323170560,HTTP Connection Overhead,ms,min,1.70
26,1780553067323170560,1780553068323170560,HTTP Connection Overhead,ms,max,1.70
26,1780553067323170560,1780553068323170560,HTTP Connection Overhead,ms,sum,1.70
26,1780553067323170560,1780553068323170560,HTTP Connection Overhead,ms,p1,1.70
26,1780553067323170560,1780553068323170560,HTTP Connection Overhead,ms,p5,1.70
26,1780553067323170560,1780553068323170560,HTTP Connection Overhead,ms,p10,1.70
26,1780553067323170560,1780553068323170560,HTTP Connection Overhead,ms,p25,1.70
26,1780553067323170560,1780553068323170560,HTTP Connection Overhead,ms,p50,1.70
26,1780553067323170560,1780553068323170560,HTTP Connection Overhead,ms,p75,1.70
26,1780553067323170560,1780553068323170560,HTTP Connection Overhead,ms,p90,1.70
26,1780553067323170560,1780553068323170560,HTTP Connection Overhead,ms,p95,1.70
26,1780553067323170560,1780553068323170560,HTTP Connection Overhead,ms,p99,1.70
26,1780553067323170560,1780553068323170560,HTTP Connection Overhead,ms,std,0.00
26,1780553067323170560,1780553068323170560,HTTP Connection Reused,ratio,avg,0.00
26,1780553067323170560,1780553068323170560,HTTP Connection Reused,ratio,min,0.00
26,1780553067323170560,1780553068323170560,HTTP Connection Reused,ratio,max,0.00
26,1780553067323170560,1780553068323170560,HTTP Connection Reused,ratio,sum,0.00
26,1780553067323170560,1780553068323170560,HTTP Connection Reused,ratio,p1,0.00
26,1780553067323170560,1780553068323170560,HTTP Connection Reused,ratio,p5,0.00
26,1780553067323170560,1780553068323170560,HTTP Connection Reused,ratio,p10,0.00
26,1780553067323170560,1780553068323170560,HTTP Connection Reused,ratio,p25,0.00
26,1780553067323170560,1780553068323170560,HTTP Connection Reused,ratio,p50,0.00
26,1780553067323170560,1780553068323170560,HTTP Connection Reused,ratio,p75,0.00
26,1780553067323170560,1780553068323170560,HTTP Connection Reused,ratio,p90,0.00
26,1780553067323170560,1780553068323170560,HTTP Connection Reused,ratio,p95,0.00
26,1780553067323170560,1780553068323170560,HTTP Connection Reused,ratio,p99,0.00
26,1780553067323170560,1780553068323170560,HTTP Connection Reused,ratio,std,0.00
26,1780553067323170560,1780553068323170560,HTTP Data Received,KB,avg,41.42
26,1780553067323170560,1780553068323170560,HTTP Data Received,KB,min,41.42
26,1780553067323170560,1780553068323170560,HTTP Data Received,KB,max,41.42
26,1780553067323170560,1780553068323170560,HTTP Data Received,KB,sum,41.42
26,1780553067323170560,1780553068323170560,HTTP Data Received,KB,p1,41.42
26,1780553067323170560,1780553068323170560,HTTP Data Received,KB,p5,41.42
26,1780553067323170560,1780553068323170560,HTTP Data Received,KB,p10,41.42
26,1780553067323170560,1780553068323170560,HTTP Data Received,KB,p25,41.42
26,1780553067323170560,1780553068323170560,HTTP Data Received,KB,p50,41.42
26,1780553067323170560,1780553068323170560,HTTP Data Received,KB,p75,41.42
26,1780553067323170560,1780553068323170560,HTTP Data Received,KB,p90,41.42
26,1780553067323170560,1780553068323170560,HTTP Data Received,KB,p95,41.42
26,1780553067323170560,1780553068323170560,HTTP Data Received,KB,p99,41.42
26,1780553067323170560,1780553068323170560,HTTP Data Received,KB,std,0.00
26,1780553067323170560,1780553068323170560,HTTP Data Sent,KB,avg,731.70
26,1780553067323170560,1780553068323170560,HTTP Data Sent,KB,min,731.70
26,1780553067323170560,1780553068323170560,HTTP Data Sent,KB,max,731.70
26,1780553067323170560,1780553068323170560,HTTP Data Sent,KB,sum,731.70
26,1780553067323170560,1780553068323170560,HTTP Data Sent,KB,p1,731.70
26,1780553067323170560,1780553068323170560,HTTP Data Sent,KB,p5,731.70
26,1780553067323170560,1780553068323170560,HTTP Data Sent,KB,p10,731.70
26,1780553067323170560,1780553068323170560,HTTP Data Sent,KB,p25,731.70
26,1780553067323170560,1780553068323170560,HTTP Data Sent,KB,p50,731.70
26,1780553067323170560,1780553068323170560,HTTP Data Sent,KB,p75,731.70
26,1780553067323170560,1780553068323170560,HTTP Data Sent,KB,p90,731.70
26,1780553067323170560,1780553068323170560,HTTP Data Sent,KB,p95,731.70
26,1780553067323170560,1780553068323170560,HTTP Data Sent,KB,p99,731.70
26,1780553067323170560,1780553068323170560,HTTP Data Sent,KB,std,0.00
26,1780553067323170560,1780553068323170560,HTTP DNS Lookup,ms,avg,0.51
26,1780553067323170560,1780553068323170560,HTTP DNS Lookup,ms,min,0.51
26,1780553067323170560,1780553068323170560,HTTP DNS Lookup,ms,max,0.51
26,1780553067323170560,1780553068323170560,HTTP DNS Lookup,ms,sum,0.51
26,1780553067323170560,1780553068323170560,HTTP DNS Lookup,ms,p1,0.51
26,1780553067323170560,1780553068323170560,HTTP DNS Lookup,ms,p5,0.51
26,1780553067323170560,1780553068323170560,HTTP DNS Lookup,ms,p10,0.51
26,1780553067323170560,1780553068323170560,HTTP DNS Lookup,ms,p25,0.51
26,1780553067323170560,1780553068323170560,HTTP DNS Lookup,ms,p50,0.51
26,1780553067323170560,1780553068323170560,HTTP DNS Lookup,ms,p75,0.51
26,1780553067323170560,1780553068323170560,HTTP DNS Lookup,ms,p90,0.51
26,1780553067323170560,1780553068323170560,HTTP DNS Lookup,ms,p95,0.51
26,1780553067323170560,1780553068323170560,HTTP DNS Lookup,ms,p99,0.51
26,1780553067323170560,1780553068323170560,HTTP DNS Lookup,ms,std,0.00
26,1780553067323170560,1780553068323170560,HTTP Duration (excl. conn),ms,avg,119770.18
26,1780553067323170560,1780553068323170560,HTTP Duration (excl. conn),ms,min,119770.18
26,1780553067323170560,1780553068323170560,HTTP Duration (excl. conn),ms,max,119770.18
26,1780553067323170560,1780553068323170560,HTTP Duration (excl. conn),ms,sum,119770.18
26,1780553067323170560,1780553068323170560,HTTP Duration (excl. conn),ms,p1,119770.18
26,1780553067323170560,1780553068323170560,HTTP Duration (excl. conn),ms,p5,119770.18
26,1780553067323170560,1780553068323170560,HTTP Duration (excl. conn),ms,p10,119770.18
26,1780553067323170560,1780553068323170560,HTTP Duration (excl. conn),ms,p25,119770.18
26,1780553067323170560,1780553068323170560,HTTP Duration (excl. conn),ms,p50,119770.18
26,1780553067323170560,1780553068323170560,HTTP Duration (excl. conn),ms,p75,119770.18
26,1780553067323170560,1780553068323170560,HTTP Duration (excl. conn),ms,p90,119770.18
26,1780553067323170560,1780553068323170560,HTTP Duration (excl. conn),ms,p95,119770.18
26,1780553067323170560,1780553068323170560,HTTP Duration (excl. conn),ms,p99,119770.18
26,1780553067323170560,1780553068323170560,HTTP Duration (excl. conn),ms,std,0.00
26,1780553067323170560,1780553068323170560,HTTP Receiving,ms,avg,54705.91
26,1780553067323170560,1780553068323170560,HTTP Receiving,ms,min,54705.91
26,1780553067323170560,1780553068323170560,HTTP Receiving,ms,max,54705.91
26,1780553067323170560,1780553068323170560,HTTP Receiving,ms,sum,54705.91
26,1780553067323170560,1780553068323170560,HTTP Receiving,ms,p1,54705.91
26,1780553067323170560,1780553068323170560,HTTP Receiving,ms,p5,54705.91
26,1780553067323170560,1780553068323170560,HTTP Receiving,ms,p10,54705.91
26,1780553067323170560,1780553068323170560,HTTP Receiving,ms,p25,54705.91
26,1780553067323170560,1780553068323170560,HTTP Receiving,ms,p50,54705.91
26,1780553067323170560,1780553068323170560,HTTP Receiving,ms,p75,54705.91
26,1780553067323170560,1780553068323170560,HTTP Receiving,ms,p90,54705.91
26,1780553067323170560,1780553068323170560,HTTP Receiving,ms,p95,54705.91
26,1780553067323170560,1780553068323170560,HTTP Receiving,ms,p99,54705.91
26,1780553067323170560,1780553068323170560,HTTP Receiving,ms,std,0.00
26,1780553067323170560,1780553068323170560,HTTP Sending,ms,avg,1.45
26,1780553067323170560,1780553068323170560,HTTP Sending,ms,min,1.45
26,1780553067323170560,1780553068323170560,HTTP Sending,ms,max,1.45
26,1780553067323170560,1780553068323170560,HTTP Sending,ms,sum,1.45
26,1780553067323170560,1780553068323170560,HTTP Sending,ms,p1,1.45
26,1780553067323170560,1780553068323170560,HTTP Sending,ms,p5,1.45
26,1780553067323170560,1780553068323170560,HTTP Sending,ms,p10,1.45
26,1780553067323170560,1780553068323170560,HTTP Sending,ms,p25,1.45
26,1780553067323170560,1780553068323170560,HTTP Sending,ms,p50,1.45
26,1780553067323170560,1780553068323170560,HTTP Sending,ms,p75,1.45
26,1780553067323170560,1780553068323170560,HTTP Sending,ms,p90,1.45
26,1780553067323170560,1780553068323170560,HTTP Sending,ms,p95,1.45
26,1780553067323170560,1780553068323170560,HTTP Sending,ms,p99,1.45
26,1780553067323170560,1780553068323170560,HTTP Sending,ms,std,0.00
26,1780553067323170560,1780553068323170560,HTTP Total Time,ms,avg,119771.88
26,1780553067323170560,1780553068323170560,HTTP Total Time,ms,min,119771.88
26,1780553067323170560,1780553068323170560,HTTP Total Time,ms,max,119771.88
26,1780553067323170560,1780553068323170560,HTTP Total Time,ms,sum,119771.88
26,1780553067323170560,1780553068323170560,HTTP Total Time,ms,p1,119771.88
26,1780553067323170560,1780553068323170560,HTTP Total Time,ms,p5,119771.88
26,1780553067323170560,1780553068323170560,HTTP Total Time,ms,p10,119771.88
26,1780553067323170560,1780553068323170560,HTTP Total Time,ms,p25,119771.88
26,1780553067323170560,1780553068323170560,HTTP Total Time,ms,p50,119771.88
26,1780553067323170560,1780553068323170560,HTTP Total Time,ms,p75,119771.88
26,1780553067323170560,1780553068323170560,HTTP Total Time,ms,p90,119771.88
26,1780553067323170560,1780553068323170560,HTTP Total Time,ms,p95,119771.88
26,1780553067323170560,1780553068323170560,HTTP Total Time,ms,p99,119771.88
26,1780553067323170560,1780553068323170560,HTTP Total Time,ms,std,0.00
26,1780553067323170560,1780553068323170560,HTTP Waiting (TTFB),ms,avg,65062.82
26,1780553067323170560,1780553068323170560,HTTP Waiting (TTFB),ms,min,65062.82
26,1780553067323170560,1780553068323170560,HTTP Waiting (TTFB),ms,max,65062.82
26,1780553067323170560,1780553068323170560,HTTP Waiting (TTFB),ms,sum,65062.82
26,1780553067323170560,1780553068323170560,HTTP Waiting (TTFB),ms,p1,65062.82
26,1780553067323170560,1780553068323170560,HTTP Waiting (TTFB),ms,p5,65062.82
26,1780553067323170560,1780553068323170560,HTTP Waiting (TTFB),ms,p10,65062.82
26,1780553067323170560,1780553068323170560,HTTP Waiting (TTFB),ms,p25,65062.82
26,1780553067323170560,1780553068323170560,HTTP Waiting (TTFB),ms,p50,65062.82
26,1780553067323170560,1780553068323170560,HTTP Waiting (TTFB),ms,p75,65062.82
26,1780553067323170560,1780553068323170560,HTTP Waiting (TTFB),ms,p90,65062.82
26,1780553067323170560,1780553068323170560,HTTP Waiting (TTFB),ms,p95,65062.82
26,1780553067323170560,1780553068323170560,HTTP Waiting (TTFB),ms,p99,65062.82
26,1780553067323170560,1780553068323170560,HTTP Waiting (TTFB),ms,std,0.00
26,1780553067323170560,1780553068323170560,Input Sequence Length,tokens,avg,190149.00
26,1780553067323170560,1780553068323170560,Input Sequence Length,tokens,min,190149.00
26,1780553067323170560,1780553068323170560,Input Sequence Length,tokens,max,190149.00
26,1780553067323170560,1780553068323170560,Input Sequence Length,tokens,sum,190149.00
26,1780553067323170560,1780553068323170560,Input Sequence Length,tokens,p1,190149.00
26,1780553067323170560,1780553068323170560,Input Sequence Length,tokens,p5,190149.00
26,1780553067323170560,1780553068323170560,Input Sequence Length,tokens,p10,190149.00
26,1780553067323170560,1780553068323170560,Input Sequence Length,tokens,p25,190149.00
26,1780553067323170560,1780553068323170560,Input Sequence Length,tokens,p50,190149.00
26,1780553067323170560,1780553068323170560,Input Sequence Length,tokens,p75,190149.00
26,1780553067323170560,1780553068323170560,Input Sequence Length,tokens,p90,190149.00
26,1780553067323170560,1780553068323170560,Input Sequence Length,tokens,p95,190149.00
26,1780553067323170560,1780553068323170560,Input Sequence Length,tokens,p99,190149.00
26,1780553067323170560,1780553068323170560,Input Sequence Length,tokens,std,0.00
26,1780553067323170560,1780553068323170560,Input Token Throughput,tokens/sec,avg,190149.00
26,1780553067323170560,1780553068323170560,Inter Chunk Latency,ms,avg,63.37
26,1780553067323170560,1780553068323170560,Inter Chunk Latency,ms,min,63.35
26,1780553067323170560,1780553068323170560,Inter Chunk Latency,ms,max,63.40
26,1780553067323170560,1780553068323170560,Inter Chunk Latency,ms,sum,10330.01
26,1780553067323170560,1780553068323170560,Inter Chunk Latency,ms,p1,63.35
26,1780553067323170560,1780553068323170560,Inter Chunk Latency,ms,p5,63.35
26,1780553067323170560,1780553068323170560,Inter Chunk Latency,ms,p10,63.35
26,1780553067323170560,1780553068323170560,Inter Chunk Latency,ms,p25,63.36
26,1780553067323170560,1780553068323170560,Inter Chunk Latency,ms,p50,63.38
26,1780553067323170560,1780553068323170560,Inter Chunk Latency,ms,p75,63.39
26,1780553067323170560,1780553068323170560,Inter Chunk Latency,ms,p90,63.39
26,1780553067323170560,1780553068323170560,Inter Chunk Latency,ms,p95,63.40
26,1780553067323170560,1780553068323170560,Inter Chunk Latency,ms,p99,63.40
26,1780553067323170560,1780553068323170560,Inter Chunk Latency,ms,std,0.02
26,1780553067323170560,1780553068323170560,Inter Token Latency,ms,avg,335.62
26,1780553067323170560,1780553068323170560,Inter Token Latency,ms,min,335.62
26,1780553067323170560,1780553068323170560,Inter Token Latency,ms,max,335.62
26,1780553067323170560,1780553068323170560,Inter Token Latency,ms,sum,335.62
26,1780553067323170560,1780553068323170560,Inter Token Latency,ms,p1,335.62
26,1780553067323170560,1780553068323170560,Inter Token Latency,ms,p5,335.62
26,1780553067323170560,1780553068323170560,Inter Token Latency,ms,p10,335.62
26,1780553067323170560,1780553068323170560,Inter Token Latency,ms,p25,335.62
26,1780553067323170560,1780553068323170560,Inter Token Latency,ms,p50,335.62
26,1780553067323170560,1780553068323170560,Inter Token Latency,ms,p75,335.62
26,1780553067323170560,1780553068323170560,Inter Token Latency,ms,p90,335.62
26,1780553067323170560,1780553068323170560,Inter Token Latency,ms,p95,335.62
26,1780553067323170560,1780553068323170560,Inter Token Latency,ms,p99,335.62
26,1780553067323170560,1780553068323170560,Inter Token Latency,ms,std,0.00
26,1780553067323170560,1780553068323170560,Maximum Response Timestamp,ns,avg,1780553187198037760.00
26,1780553067323170560,1780553068323170560,Minimum Request Timestamp,ns,avg,1780553067427749120.00
26,1780553067323170560,1780553068323170560,OSL Mismatch Count,requests,avg,0.00
26,1780553067323170560,1780553068323170560,OSL Mismatch Diff %,%,avg,0.00
26,1780553067323170560,1780553068323170560,OSL Mismatch Diff %,%,min,0.00
26,1780553067323170560,1780553068323170560,OSL Mismatch Diff %,%,max,0.00
26,1780553067323170560,1780553068323170560,OSL Mismatch Diff %,%,sum,0.00
26,1780553067323170560,1780553068323170560,OSL Mismatch Diff %,%,p1,0.00
26,1780553067323170560,1780553068323170560,OSL Mismatch Diff %,%,p5,0.00
26,1780553067323170560,1780553068323170560,OSL Mismatch Diff %,%,p10,0.00
26,1780553067323170560,1780553068323170560,OSL Mismatch Diff %,%,p25,0.00
26,1780553067323170560,1780553068323170560,OSL Mismatch Diff %,%,p50,0.00
26,1780553067323170560,1780553068323170560,OSL Mismatch Diff %,%,p75,0.00
26,1780553067323170560,1780553068323170560,OSL Mismatch Diff %,%,p90,0.00
26,1780553067323170560,1780553068323170560,OSL Mismatch Diff %,%,p95,0.00
26,1780553067323170560,1780553068323170560,OSL Mismatch Diff %,%,p99,0.00
26,1780553067323170560,1780553068323170560,OSL Mismatch Diff %,%,std,0.00
26,1780553067323170560,1780553068323170560,Output Sequence Length,tokens,avg,164.00
26,1780553067323170560,1780553068323170560,Output Sequence Length,tokens,min,164.00
26,1780553067323170560,1780553068323170560,Output Sequence Length,tokens,max,164.00
26,1780553067323170560,1780553068323170560,Output Sequence Length,tokens,sum,164.00
26,1780553067323170560,1780553068323170560,Output Sequence Length,tokens,p1,164.00
26,1780553067323170560,1780553068323170560,Output Sequence Length,tokens,p5,164.00
26,1780553067323170560,1780553068323170560,Output Sequence Length,tokens,p10,164.00
26,1780553067323170560,1780553068323170560,Output Sequence Length,tokens,p25,164.00
26,1780553067323170560,1780553068323170560,Output Sequence Length,tokens,p50,164.00
26,1780553067323170560,1780553068323170560,Output Sequence Length,tokens,p75,164.00
26,1780553067323170560,1780553068323170560,Output Sequence Length,tokens,p90,164.00
26,1780553067323170560,1780553068323170560,Output Sequence Length,tokens,p95,164.00
26,1780553067323170560,1780553068323170560,Output Sequence Length,tokens,p99,164.00
26,1780553067323170560,1780553068323170560,Output Sequence Length,tokens,std,0.00
26,1780553067323170560,1780553068323170560,Output Token Count,tokens,avg,164.00
26,1780553067323170560,1780553068323170560,Output Token Count,tokens,min,164.00
26,1780553067323170560,1780553068323170560,Output Token Count,tokens,max,164.00
26,1780553067323170560,1780553068323170560,Output Token Count,tokens,sum,164.00
26,1780553067323170560,1780553068323170560,Output Token Count,tokens,p1,164.00
26,1780553067323170560,1780553068323170560,Output Token Count,tokens,p5,164.00
26,1780553067323170560,1780553068323170560,Output Token Count,tokens,p10,164.00
26,1780553067323170560,1780553068323170560,Output Token Count,tokens,p25,164.00
26,1780553067323170560,1780553068323170560,Output Token Count,tokens,p50,164.00
26,1780553067323170560,1780553068323170560,Output Token Count,tokens,p75,164.00
26,1780553067323170560,1780553068323170560,Output Token Count,tokens,p90,164.00
26,1780553067323170560,1780553068323170560,Output Token Count,tokens,p95,164.00
26,1780553067323170560,1780553068323170560,Output Token Count,tokens,p99,164.00
26,1780553067323170560,1780553068323170560,Output Token Count,tokens,std,0.00
26,1780553067323170560,1780553068323170560,Output Token Throughput,tokens/sec,avg,164.00
26,1780553067323170560,1780553068323170560,Output Token Throughput Per User,tokens/sec/user,avg,2.98
26,1780553067323170560,1780553068323170560,Output Token Throughput Per User,tokens/sec/user,min,2.98
26,1780553067323170560,1780553068323170560,Output Token Throughput Per User,tokens/sec/user,max,2.98
26,1780553067323170560,1780553068323170560,Output Token Throughput Per User,tokens/sec/user,sum,2.98
26,1780553067323170560,1780553068323170560,Output Token Throughput Per User,tokens/sec/user,p1,2.98
26,1780553067323170560,1780553068323170560,Output Token Throughput Per User,tokens/sec/user,p5,2.98
26,1780553067323170560,1780553068323170560,Output Token Throughput Per User,tokens/sec/user,p10,2.98
26,1780553067323170560,1780553068323170560,Output Token Throughput Per User,tokens/sec/user,p25,2.98
26,1780553067323170560,1780553068323170560,Output Token Throughput Per User,tokens/sec/user,p50,2.98
26,1780553067323170560,1780553068323170560,Output Token Throughput Per User,tokens/sec/user,p75,2.98
26,1780553067323170560,1780553068323170560,Output Token Throughput Per User,tokens/sec/user,p90,2.98
26,1780553067323170560,1780553068323170560,Output Token Throughput Per User,tokens/sec/user,p95,2.98
26,1780553067323170560,1780553068323170560,Output Token Throughput Per User,tokens/sec/user,p99,2.98
26,1780553067323170560,1780553068323170560,Output Token Throughput Per User,tokens/sec/user,std,0.00
26,1780553067323170560,1780553068323170560,Prefill Throughput Per User,tokens/sec/user,avg,2922.47
26,1780553067323170560,1780553068323170560,Prefill Throughput Per User,tokens/sec/user,min,2922.47
26,1780553067323170560,1780553068323170560,Prefill Throughput Per User,tokens/sec/user,max,2922.47
26,1780553067323170560,1780553068323170560,Prefill Throughput Per User,tokens/sec/user,sum,2922.47
26,1780553067323170560,1780553068323170560,Prefill Throughput Per User,tokens/sec/user,p1,2922.47
26,1780553067323170560,1780553068323170560,Prefill Throughput Per User,tokens/sec/user,p5,2922.47
26,1780553067323170560,1780553068323170560,Prefill Throughput Per User,tokens/sec/user,p10,2922.47
26,1780553067323170560,1780553068323170560,Prefill Throughput Per User,tokens/sec/user,p25,2922.47
26,1780553067323170560,1780553068323170560,Prefill Throughput Per User,tokens/sec/user,p50,2922.47
26,1780553067323170560,1780553068323170560,Prefill Throughput Per User,tokens/sec/user,p75,2922.47
26,1780553067323170560,1780553068323170560,Prefill Throughput Per User,tokens/sec/user,p90,2922.47
26,1780553067323170560,1780553068323170560,Prefill Throughput Per User,tokens/sec/user,p95,2922.47
26,1780553067323170560,1780553068323170560,Prefill Throughput Per User,tokens/sec/user,p99,2922.47
26,1780553067323170560,1780553068323170560,Prefill Throughput Per User,tokens/sec/user,std,0.00
26,1780553067323170560,1780553068323170560,Request Count,requests,avg,1.00
26,1780553067323170560,1780553068323170560,Request Latency,ms,avg,119770.29
26,1780553067323170560,1780553068323170560,Request Latency,ms,min,119770.29
26,1780553067323170560,1780553068323170560,Request Latency,ms,max,119770.29
26,1780553067323170560,1780553068323170560,Request Latency,ms,sum,119770.29
26,1780553067323170560,1780553068323170560,Request Latency,ms,p1,119770.29
26,1780553067323170560,1780553068323170560,Request Latency,ms,p5,119770.29
26,1780553067323170560,1780553068323170560,Request Latency,ms,p10,119770.29
26,1780553067323170560,1780553068323170560,Request Latency,ms,p25,119770.29
26,1780553067323170560,1780553068323170560,Request Latency,ms,p50,119770.29
26,1780553067323170560,1780553068323170560,Request Latency,ms,p75,119770.29
26,1780553067323170560,1780553068323170560,Request Latency,ms,p90,119770.29
26,1780553067323170560,1780553068323170560,Request Latency,ms,p95,119770.29
26,1780553067323170560,1780553068323170560,Request Latency,ms,p99,119770.29
26,1780553067323170560,1780553068323170560,Request Latency,ms,std,0.00
26,1780553067323170560,1780553068323170560,Request Throughput,requests/sec,avg,1.00
26,1780553067323170560,1780553068323170560,Requested OSL,tokens,avg,164.00
26,1780553067323170560,1780553068323170560,Requested OSL,tokens,min,164.00
26,1780553067323170560,1780553068323170560,Requested OSL,tokens,max,164.00
26,1780553067323170560,1780553068323170560,Requested OSL,tokens,sum,164.00
26,1780553067323170560,1780553068323170560,Requested OSL,tokens,p1,164.00
26,1780553067323170560,1780553068323170560,Requested OSL,tokens,p5,164.00
26,1780553067323170560,1780553068323170560,Requested OSL,tokens,p10,164.00
26,1780553067323170560,1780553068323170560,Requested OSL,tokens,p25,164.00
26,1780553067323170560,1780553068323170560,Requested OSL,tokens,p50,164.00
26,1780553067323170560,1780553068323170560,Requested OSL,tokens,p75,164.00
26,1780553067323170560,1780553068323170560,Requested OSL,tokens,p90,164.00
26,1780553067323170560,1780553068323170560,Requested OSL,tokens,p95,164.00
26,1780553067323170560,1780553068323170560,Requested OSL,tokens,p99,164.00
26,1780553067323170560,1780553068323170560,Requested OSL,tokens,std,0.00
26,1780553067323170560,1780553068323170560,Time to First Output Token,ms,avg,65064.39
26,1780553067323170560,1780553068323170560,Time to First Output Token,ms,min,65064.39
26,1780553067323170560,1780553068323170560,Time to First Output Token,ms,max,65064.39
26,1780553067323170560,1780553068323170560,Time to First Output Token,ms,sum,65064.39
26,1780553067323170560,1780553068323170560,Time to First Output Token,ms,p1,65064.39
26,1780553067323170560,1780553068323170560,Time to First Output Token,ms,p5,65064.39
26,1780553067323170560,1780553068323170560,Time to First Output Token,ms,p10,65064.39
26,1780553067323170560,1780553068323170560,Time to First Output Token,ms,p25,65064.39
26,1780553067323170560,1780553068323170560,Time to First Output Token,ms,p50,65064.39
26,1780553067323170560,1780553068323170560,Time to First Output Token,ms,p75,65064.39
26,1780553067323170560,1780553068323170560,Time to First Output Token,ms,p90,65064.39
26,1780553067323170560,1780553068323170560,Time to First Output Token,ms,p95,65064.39
26,1780553067323170560,1780553068323170560,Time to First Output Token,ms,p99,65064.39
26,1780553067323170560,1780553068323170560,Time to First Output Token,ms,std,0.00
26,1780553067323170560,1780553068323170560,Time to First Token,ms,avg,65064.39
26,1780553067323170560,1780553068323170560,Time to First Token,ms,min,65064.39
26,1780553067323170560,1780553068323170560,Time to First Token,ms,max,65064.39
26,1780553067323170560,1780553068323170560,Time to First Token,ms,sum,65064.39
26,1780553067323170560,1780553068323170560,Time to First Token,ms,p1,65064.39
26,1780553067323170560,1780553068323170560,Time to First Token,ms,p5,65064.39
26,1780553067323170560,1780553068323170560,Time to First Token,ms,p10,65064.39
26,1780553067323170560,1780553068323170560,Time to First Token,ms,p25,65064.39
26,1780553067323170560,1780553068323170560,Time to First Token,ms,p50,65064.39
26,1780553067323170560,1780553068323170560,Time to First Token,ms,p75,65064.39
26,1780553067323170560,1780553068323170560,Time to First Token,ms,p90,65064.39
26,1780553067323170560,1780553068323170560,Time to First Token,ms,p95,65064.39
26,1780553067323170560,1780553068323170560,Time to First Token,ms,p99,65064.39
26,1780553067323170560,1780553068323170560,Time to First Token,ms,std,0.00
26,1780553067323170560,1780553068323170560,Time to Second Token,ms,avg,161.55
26,1780553067323170560,1780553068323170560,Time to Second Token,ms,min,161.55
26,1780553067323170560,1780553068323170560,Time to Second Token,ms,max,161.55
26,1780553067323170560,1780553068323170560,Time to Second Token,ms,sum,161.55
26,1780553067323170560,1780553068323170560,Time to Second Token,ms,p1,161.55
26,1780553067323170560,1780553068323170560,Time to Second Token,ms,p5,161.55
26,1780553067323170560,1780553068323170560,Time to Second Token,ms,p10,161.55
26,1780553067323170560,1780553068323170560,Time to Second Token,ms,p25,161.55
26,1780553067323170560,1780553068323170560,Time to Second Token,ms,p50,161.55
26,1780553067323170560,1780553068323170560,Time to Second Token,ms,p75,161.55
26,1780553067323170560,1780553068323170560,Time to Second Token,ms,p90,161.55
26,1780553067323170560,1780553068323170560,Time to Second Token,ms,p95,161.55
26,1780553067323170560,1780553068323170560,Time to Second Token,ms,p99,161.55
26,1780553067323170560,1780553068323170560,Time to Second Token,ms,std,0.00
26,1780553067323170560,1780553068323170560,Tokens In Flight,tokens,avg,1475168.13
26,1780553067323170560,1780553068323170560,Tokens In Flight,tokens,min,1304812.35
26,1780553067323170560,1780553068323170560,Tokens In Flight,tokens,max,1495142.84
26,1780553067323170560,1780553068323170560,Tokens In Flight,tokens,p50,1495052.99
26,1780553067323170560,1780553068323170560,Tokens In Flight,tokens,p90,1495125.98
26,1780553067323170560,1780553068323170560,Tokens In Flight,tokens,p95,1495134.80
26,1780553067323170560,1780553068323170560,Tokens In Flight,tokens,p99,1495141.82
26,1780553067323170560,1780553068323170560,Tokens In Flight,tokens,std,58214.91
26,1780553067323170560,1780553068323170560,Total Input Sequence Length,tokens,avg,190149.00
26,1780553067323170560,1780553068323170560,Total Output Sequence Length,tokens,avg,164.00
26,1780553067323170560,1780553068323170560,Total Output Tokens,tokens,avg,164.00
26,1780553067323170560,1780553068323170560,Total Token Throughput,tokens/sec,avg,190313.00
26,1780553067323170560,1780553068323170560,Total Usage Completion Tokens,tokens,avg,164.00
26,1780553067323170560,1780553068323170560,Total Usage Prompt Tokens,tokens,avg,190149.00
26,1780553067323170560,1780553068323170560,Total Usage Total Tokens,tokens,avg,190313.00
26,1780553067323170560,1780553068323170560,Usage Completion Tokens,tokens,avg,164.00
26,1780553067323170560,1780553068323170560,Usage Completion Tokens,tokens,min,164.00
26,1780553067323170560,1780553068323170560,Usage Completion Tokens,tokens,max,164.00
26,1780553067323170560,1780553068323170560,Usage Completion Tokens,tokens,sum,164.00
26,1780553067323170560,1780553068323170560,Usage Completion Tokens,tokens,p1,164.00
26,1780553067323170560,1780553068323170560,Usage Completion Tokens,tokens,p5,164.00
26,1780553067323170560,1780553068323170560,Usage Completion Tokens,tokens,p10,164.00
26,1780553067323170560,1780553068323170560,Usage Completion Tokens,tokens,p25,164.00
26,1780553067323170560,1780553068323170560,Usage Completion Tokens,tokens,p50,164.00
26,1780553067323170560,1780553068323170560,Usage Completion Tokens,tokens,p75,164.00
26,1780553067323170560,1780553068323170560,Usage Completion Tokens,tokens,p90,164.00
26,1780553067323170560,1780553068323170560,Usage Completion Tokens,tokens,p95,164.00
26,1780553067323170560,1780553068323170560,Usage Completion Tokens,tokens,p99,164.00
26,1780553067323170560,1780553068323170560,Usage Completion Tokens,tokens,std,0.00
26,1780553067323170560,1780553068323170560,Usage Prompt Tokens,tokens,avg,190149.00
26,1780553067323170560,1780553068323170560,Usage Prompt Tokens,tokens,min,190149.00
26,1780553067323170560,1780553068323170560,Usage Prompt Tokens,tokens,max,190149.00
26,1780553067323170560,1780553068323170560,Usage Prompt Tokens,tokens,sum,190149.00
26,1780553067323170560,1780553068323170560,Usage Prompt Tokens,tokens,p1,190149.00
26,1780553067323170560,1780553068323170560,Usage Prompt Tokens,tokens,p5,190149.00
26,1780553067323170560,1780553068323170560,Usage Prompt Tokens,tokens,p10,190149.00
26,1780553067323170560,1780553068323170560,Usage Prompt Tokens,tokens,p25,190149.00
26,1780553067323170560,1780553068323170560,Usage Prompt Tokens,tokens,p50,190149.00
26,1780553067323170560,1780553068323170560,Usage Prompt Tokens,tokens,p75,190149.00
26,1780553067323170560,1780553068323170560,Usage Prompt Tokens,tokens,p90,190149.00
26,1780553067323170560,1780553068323170560,Usage Prompt Tokens,tokens,p95,190149.00
26,1780553067323170560,1780553068323170560,Usage Prompt Tokens,tokens,p99,190149.00
26,1780553067323170560,1780553068323170560,Usage Prompt Tokens,tokens,std,0.00
26,1780553067323170560,1780553068323170560,Usage Total Tokens,tokens,avg,190313.00
26,1780553067323170560,1780553068323170560,Usage Total Tokens,tokens,min,190313.00
26,1780553067323170560,1780553068323170560,Usage Total Tokens,tokens,max,190313.00
26,1780553067323170560,1780553068323170560,Usage Total Tokens,tokens,sum,190313.00
26,1780553067323170560,1780553068323170560,Usage Total Tokens,tokens,p1,190313.00
26,1780553067323170560,1780553068323170560,Usage Total Tokens,tokens,p5,190313.00
26,1780553067323170560,1780553068323170560,Usage Total Tokens,tokens,p10,190313.00
26,1780553067323170560,1780553068323170560,Usage Total Tokens,tokens,p25,190313.00
26,1780553067323170560,1780553068323170560,Usage Total Tokens,tokens,p50,190313.00
26,1780553067323170560,1780553068323170560,Usage Total Tokens,tokens,p75,190313.00
26,1780553067323170560,1780553068323170560,Usage Total Tokens,tokens,p90,190313.00
26,1780553067323170560,1780553068323170560,Usage Total Tokens,tokens,p95,190313.00
26,1780553067323170560,1780553068323170560,Usage Total Tokens,tokens,p99,190313.00
26,1780553067323170560,1780553068323170560,Usage Total Tokens,tokens,std,0.00
27,1780553074323170560,1780553075323170560,Active Decode Throughput,tokens/sec,avg,160.02
27,1780553074323170560,1780553075323170560,Active Decode Throughput,tokens/sec,min,132.23
27,1780553074323170560,1780553075323170560,Active Decode Throughput,tokens/sec,max,204.43
27,1780553074323170560,1780553075323170560,Active Decode Throughput,tokens/sec,p50,158.97
27,1780553074323170560,1780553075323170560,Active Decode Throughput,tokens/sec,p90,158.98
27,1780553074323170560,1780553075323170560,Active Decode Throughput,tokens/sec,p95,177.69
27,1780553074323170560,1780553075323170560,Active Decode Throughput,tokens/sec,p99,177.70
27,1780553074323170560,1780553075323170560,Active Decode Throughput,tokens/sec,std,4.33
27,1780553074323170560,1780553075323170560,Active Decode Throughput Per User,tokens/sec/user,avg,13.33
27,1780553074323170560,1780553075323170560,Active Decode Throughput Per User,tokens/sec/user,min,11.02
27,1780553074323170560,1780553075323170560,Active Decode Throughput Per User,tokens/sec/user,max,17.04
27,1780553074323170560,1780553075323170560,Active Decode Throughput Per User,tokens/sec/user,p50,13.25
27,1780553074323170560,1780553075323170560,Active Decode Throughput Per User,tokens/sec/user,p90,13.25
27,1780553074323170560,1780553075323170560,Active Decode Throughput Per User,tokens/sec/user,p95,14.81
27,1780553074323170560,1780553075323170560,Active Decode Throughput Per User,tokens/sec/user,p99,14.81
27,1780553074323170560,1780553075323170560,Active Decode Throughput Per User,tokens/sec/user,std,0.36
27,1780553074323170560,1780553075323170560,Active Prefill Throughput,tokens/sec,avg,3677.68
27,1780553074323170560,1780553075323170560,Active Prefill Throughput,tokens/sec,min,2922.47
27,1780553074323170560,1780553075323170560,Active Prefill Throughput,tokens/sec,max,3967.01
27,1780553074323170560,1780553075323170560,Active Prefill Throughput,tokens/sec,p50,3967.01
27,1780553074323170560,1780553075323170560,Active Prefill Throughput,tokens/sec,p90,3967.01
27,1780553074323170560,1780553075323170560,Active Prefill Throughput,tokens/sec,p95,3967.01
27,1780553074323170560,1780553075323170560,Active Prefill Throughput,tokens/sec,p99,3967.01
27,1780553074323170560,1780553075323170560,Active Prefill Throughput,tokens/sec,std,467.44
27,1780553074323170560,1780553075323170560,Active Prefill Throughput Per User,tokens/sec/user,avg,2243.59
27,1780553074323170560,1780553075323170560,Active Prefill Throughput Per User,tokens/sec/user,min,1983.51
27,1780553074323170560,1780553075323170560,Active Prefill Throughput Per User,tokens/sec/user,max,2922.47
27,1780553074323170560,1780553075323170560,Active Prefill Throughput Per User,tokens/sec/user,p50,1983.51
27,1780553074323170560,1780553075323170560,Active Prefill Throughput Per User,tokens/sec/user,p90,2922.47
27,1780553074323170560,1780553075323170560,Active Prefill Throughput Per User,tokens/sec/user,p95,2922.47
27,1780553074323170560,1780553075323170560,Active Prefill Throughput Per User,tokens/sec/user,p99,2922.47
27,1780553074323170560,1780553075323170560,Active Prefill Throughput Per User,tokens/sec/user,std,420.20
27,1780553074323170560,1780553075323170560,Active Total Throughput,tokens/sec,avg,3776.50
27,1780553074323170560,1780553075323170560,Active Total Throughput,tokens/sec,min,3021.29
27,1780553074323170560,1780553075323170560,Active Total Throughput,tokens/sec,max,4065.83
27,1780553074323170560,1780553075323170560,Active Total Throughput,tokens/sec,p50,4065.83
27,1780553074323170560,1780553075323170560,Active Total Throughput,tokens/sec,p90,4065.83
27,1780553074323170560,1780553075323170560,Active Total Throughput,tokens/sec,p95,4065.83
27,1780553074323170560,1780553075323170560,Active Total Throughput,tokens/sec,p99,4065.83
27,1780553074323170560,1780553075323170560,Active Total Throughput,tokens/sec,std,467.44
27,1780553074323170560,1780553075323170560,Benchmark Duration,sec,avg,227.29
27,1780553074323170560,1780553075323170560,E2E Output Token Throughput,tokens/sec/user,avg,4.83
27,1780553074323170560,1780553075323170560,E2E Output Token Throughput,tokens/sec/user,min,4.83
27,1780553074323170560,1780553075323170560,E2E Output Token Throughput,tokens/sec/user,max,4.83
27,1780553074323170560,1780553075323170560,E2E Output Token Throughput,tokens/sec/user,sum,4.83
27,1780553074323170560,1780553075323170560,E2E Output Token Throughput,tokens/sec/user,p1,4.83
27,1780553074323170560,1780553075323170560,E2E Output Token Throughput,tokens/sec/user,p5,4.83
27,1780553074323170560,1780553075323170560,E2E Output Token Throughput,tokens/sec/user,p10,4.83
27,1780553074323170560,1780553075323170560,E2E Output Token Throughput,tokens/sec/user,p25,4.83
27,1780553074323170560,1780553075323170560,E2E Output Token Throughput,tokens/sec/user,p50,4.83
27,1780553074323170560,1780553075323170560,E2E Output Token Throughput,tokens/sec/user,p75,4.83
27,1780553074323170560,1780553075323170560,E2E Output Token Throughput,tokens/sec/user,p90,4.83
27,1780553074323170560,1780553075323170560,E2E Output Token Throughput,tokens/sec/user,p95,4.83
27,1780553074323170560,1780553075323170560,E2E Output Token Throughput,tokens/sec/user,p99,4.83
27,1780553074323170560,1780553075323170560,E2E Output Token Throughput,tokens/sec/user,std,0.00
27,1780553074323170560,1780553075323170560,Effective Concurrency,requests,avg,13.72
27,1780553074323170560,1780553075323170560,Effective Concurrency,requests,min,13.00
27,1780553074323170560,1780553075323170560,Effective Concurrency,requests,max,14.00
27,1780553074323170560,1780553075323170560,Effective Concurrency,requests,p50,14.00
27,1780553074323170560,1780553075323170560,Effective Concurrency,requests,p90,14.00
27,1780553074323170560,1780553075323170560,Effective Concurrency,requests,p95,14.00
27,1780553074323170560,1780553075323170560,Effective Concurrency,requests,p99,14.00
27,1780553074323170560,1780553075323170560,Effective Concurrency,requests,std,0.45
27,1780553074323170560,1780553075323170560,Effective Decode Concurrency,requests,avg,12.00
27,1780553074323170560,1780553075323170560,Effective Decode Concurrency,requests,min,12.00
27,1780553074323170560,1780553075323170560,Effective Decode Concurrency,requests,max,12.00
27,1780553074323170560,1780553075323170560,Effective Decode Concurrency,requests,p50,12.00
27,1780553074323170560,1780553075323170560,Effective Decode Concurrency,requests,p90,12.00
27,1780553074323170560,1780553075323170560,Effective Decode Concurrency,requests,p95,12.00
27,1780553074323170560,1780553075323170560,Effective Decode Concurrency,requests,p99,12.00
27,1780553074323170560,1780553075323170560,Effective Decode Concurrency,requests,std,0.00
27,1780553074323170560,1780553075323170560,Effective Decode Throughput,tokens/sec,avg,160.02
27,1780553074323170560,1780553075323170560,Effective Decode Throughput,tokens/sec,min,132.23
27,1780553074323170560,1780553075323170560,Effective Decode Throughput,tokens/sec,max,204.43
27,1780553074323170560,1780553075323170560,Effective Decode Throughput,tokens/sec,p50,158.97
27,1780553074323170560,1780553075323170560,Effective Decode Throughput,tokens/sec,p90,158.98
27,1780553074323170560,1780553075323170560,Effective Decode Throughput,tokens/sec,p95,177.69
27,1780553074323170560,1780553075323170560,Effective Decode Throughput,tokens/sec,p99,177.70
27,1780553074323170560,1780553075323170560,Effective Decode Throughput,tokens/sec,std,4.33
27,1780553074323170560,1780553075323170560,Effective Decode Throughput Per User,tokens/sec/user,avg,13.33
27,1780553074323170560,1780553075323170560,Effective Decode Throughput Per User,tokens/sec/user,min,11.02
27,1780553074323170560,1780553075323170560,Effective Decode Throughput Per User,tokens/sec/user,max,17.04
27,1780553074323170560,1780553075323170560,Effective Decode Throughput Per User,tokens/sec/user,p50,13.25
27,1780553074323170560,1780553075323170560,Effective Decode Throughput Per User,tokens/sec/user,p90,13.25
27,1780553074323170560,1780553075323170560,Effective Decode Throughput Per User,tokens/sec/user,p95,14.81
27,1780553074323170560,1780553075323170560,Effective Decode Throughput Per User,tokens/sec/user,p99,14.81
27,1780553074323170560,1780553075323170560,Effective Decode Throughput Per User,tokens/sec/user,std,0.36
27,1780553074323170560,1780553075323170560,Effective Prefill Concurrency,requests,avg,1.72
27,1780553074323170560,1780553075323170560,Effective Prefill Concurrency,requests,min,1.00
27,1780553074323170560,1780553075323170560,Effective Prefill Concurrency,requests,max,2.00
27,1780553074323170560,1780553075323170560,Effective Prefill Concurrency,requests,p50,2.00
27,1780553074323170560,1780553075323170560,Effective Prefill Concurrency,requests,p90,2.00
27,1780553074323170560,1780553075323170560,Effective Prefill Concurrency,requests,p95,2.00
27,1780553074323170560,1780553075323170560,Effective Prefill Concurrency,requests,p99,2.00
27,1780553074323170560,1780553075323170560,Effective Prefill Concurrency,requests,std,0.45
27,1780553074323170560,1780553075323170560,Effective Prefill Throughput,tokens/sec,avg,3677.68
27,1780553074323170560,1780553075323170560,Effective Prefill Throughput,tokens/sec,min,2922.47
27,1780553074323170560,1780553075323170560,Effective Prefill Throughput,tokens/sec,max,3967.01
27,1780553074323170560,1780553075323170560,Effective Prefill Throughput,tokens/sec,p50,3967.01
27,1780553074323170560,1780553075323170560,Effective Prefill Throughput,tokens/sec,p90,3967.01
27,1780553074323170560,1780553075323170560,Effective Prefill Throughput,tokens/sec,p95,3967.01
27,1780553074323170560,1780553075323170560,Effective Prefill Throughput,tokens/sec,p99,3967.01
27,1780553074323170560,1780553075323170560,Effective Prefill Throughput,tokens/sec,std,467.44
27,1780553074323170560,1780553075323170560,Effective Prefill Throughput Per User,tokens/sec/user,avg,2243.59
27,1780553074323170560,1780553075323170560,Effective Prefill Throughput Per User,tokens/sec/user,min,1983.51
27,1780553074323170560,1780553075323170560,Effective Prefill Throughput Per User,tokens/sec/user,max,2922.47
27,1780553074323170560,1780553075323170560,Effective Prefill Throughput Per User,tokens/sec/user,p50,1983.51
27,1780553074323170560,1780553075323170560,Effective Prefill Throughput Per User,tokens/sec/user,p90,2922.47
27,1780553074323170560,1780553075323170560,Effective Prefill Throughput Per User,tokens/sec/user,p95,2922.47
27,1780553074323170560,1780553075323170560,Effective Prefill Throughput Per User,tokens/sec/user,p99,2922.47
27,1780553074323170560,1780553075323170560,Effective Prefill Throughput Per User,tokens/sec/user,std,420.20
27,1780553074323170560,1780553075323170560,Effective Total Throughput,tokens/sec,avg,3776.50
27,1780553074323170560,1780553075323170560,Effective Total Throughput,tokens/sec,min,3021.29
27,1780553074323170560,1780553075323170560,Effective Total Throughput,tokens/sec,max,4065.83
27,1780553074323170560,1780553075323170560,Effective Total Throughput,tokens/sec,p50,4065.83
27,1780553074323170560,1780553075323170560,Effective Total Throughput,tokens/sec,p90,4065.83
27,1780553074323170560,1780553075323170560,Effective Total Throughput,tokens/sec,p95,4065.83
27,1780553074323170560,1780553075323170560,Effective Total Throughput,tokens/sec,p99,4065.83
27,1780553074323170560,1780553075323170560,Effective Total Throughput,tokens/sec,std,467.44
27,1780553074323170560,1780553075323170560,HTTP Blocked,ms,avg,0.00
27,1780553074323170560,1780553075323170560,HTTP Blocked,ms,min,0.00
27,1780553074323170560,1780553075323170560,HTTP Blocked,ms,max,0.00
27,1780553074323170560,1780553075323170560,HTTP Blocked,ms,sum,0.00
27,1780553074323170560,1780553075323170560,HTTP Blocked,ms,p1,0.00
27,1780553074323170560,1780553075323170560,HTTP Blocked,ms,p5,0.00
27,1780553074323170560,1780553075323170560,HTTP Blocked,ms,p10,0.00
27,1780553074323170560,1780553075323170560,HTTP Blocked,ms,p25,0.00
27,1780553074323170560,1780553075323170560,HTTP Blocked,ms,p50,0.00
27,1780553074323170560,1780553075323170560,HTTP Blocked,ms,p75,0.00
27,1780553074323170560,1780553075323170560,HTTP Blocked,ms,p90,0.00
27,1780553074323170560,1780553075323170560,HTTP Blocked,ms,p95,0.00
27,1780553074323170560,1780553075323170560,HTTP Blocked,ms,p99,0.00
27,1780553074323170560,1780553075323170560,HTTP Blocked,ms,std,0.00
27,1780553074323170560,1780553075323170560,HTTP Chunks Received,count,avg,1098.00
27,1780553074323170560,1780553075323170560,HTTP Chunks Received,count,min,1098.00
27,1780553074323170560,1780553075323170560,HTTP Chunks Received,count,max,1098.00
27,1780553074323170560,1780553075323170560,HTTP Chunks Received,count,sum,1098.00
27,1780553074323170560,1780553075323170560,HTTP Chunks Received,count,p1,1098.00
27,1780553074323170560,1780553075323170560,HTTP Chunks Received,count,p5,1098.00
27,1780553074323170560,1780553075323170560,HTTP Chunks Received,count,p10,1098.00
27,1780553074323170560,1780553075323170560,HTTP Chunks Received,count,p25,1098.00
27,1780553074323170560,1780553075323170560,HTTP Chunks Received,count,p50,1098.00
27,1780553074323170560,1780553075323170560,HTTP Chunks Received,count,p75,1098.00
27,1780553074323170560,1780553075323170560,HTTP Chunks Received,count,p90,1098.00
27,1780553074323170560,1780553075323170560,HTTP Chunks Received,count,p95,1098.00
27,1780553074323170560,1780553075323170560,HTTP Chunks Received,count,p99,1098.00
27,1780553074323170560,1780553075323170560,HTTP Chunks Received,count,std,0.00
27,1780553074323170560,1780553075323170560,HTTP Chunks Sent,count,avg,1.00
27,1780553074323170560,1780553075323170560,HTTP Chunks Sent,count,min,1.00
27,1780553074323170560,1780553075323170560,HTTP Chunks Sent,count,max,1.00
27,1780553074323170560,1780553075323170560,HTTP Chunks Sent,count,sum,1.00
27,1780553074323170560,1780553075323170560,HTTP Chunks Sent,count,p1,1.00
27,1780553074323170560,1780553075323170560,HTTP Chunks Sent,count,p5,1.00
27,1780553074323170560,1780553075323170560,HTTP Chunks Sent,count,p10,1.00
27,1780553074323170560,1780553075323170560,HTTP Chunks Sent,count,p25,1.00
27,1780553074323170560,1780553075323170560,HTTP Chunks Sent,count,p50,1.00
27,1780553074323170560,1780553075323170560,HTTP Chunks Sent,count,p75,1.00
27,1780553074323170560,1780553075323170560,HTTP Chunks Sent,count,p90,1.00
27,1780553074323170560,1780553075323170560,HTTP Chunks Sent,count,p95,1.00
27,1780553074323170560,1780553075323170560,HTTP Chunks Sent,count,p99,1.00
27,1780553074323170560,1780553075323170560,HTTP Chunks Sent,count,std,0.00
27,1780553074323170560,1780553075323170560,HTTP Connecting,ms,avg,1.23
27,1780553074323170560,1780553075323170560,HTTP Connecting,ms,min,1.23
27,1780553074323170560,1780553075323170560,HTTP Connecting,ms,max,1.23
27,1780553074323170560,1780553075323170560,HTTP Connecting,ms,sum,1.23
27,1780553074323170560,1780553075323170560,HTTP Connecting,ms,p1,1.23
27,1780553074323170560,1780553075323170560,HTTP Connecting,ms,p5,1.23
27,1780553074323170560,1780553075323170560,HTTP Connecting,ms,p10,1.23
27,1780553074323170560,1780553075323170560,HTTP Connecting,ms,p25,1.23
27,1780553074323170560,1780553075323170560,HTTP Connecting,ms,p50,1.23
27,1780553074323170560,1780553075323170560,HTTP Connecting,ms,p75,1.23
27,1780553074323170560,1780553075323170560,HTTP Connecting,ms,p90,1.23
27,1780553074323170560,1780553075323170560,HTTP Connecting,ms,p95,1.23
27,1780553074323170560,1780553075323170560,HTTP Connecting,ms,p99,1.23
27,1780553074323170560,1780553075323170560,HTTP Connecting,ms,std,0.00
27,1780553074323170560,1780553075323170560,HTTP Connection Overhead,ms,avg,1.82
27,1780553074323170560,1780553075323170560,HTTP Connection Overhead,ms,min,1.82
27,1780553074323170560,1780553075323170560,HTTP Connection Overhead,ms,max,1.82
27,1780553074323170560,1780553075323170560,HTTP Connection Overhead,ms,sum,1.82
27,1780553074323170560,1780553075323170560,HTTP Connection Overhead,ms,p1,1.82
27,1780553074323170560,1780553075323170560,HTTP Connection Overhead,ms,p5,1.82
27,1780553074323170560,1780553075323170560,HTTP Connection Overhead,ms,p10,1.82
27,1780553074323170560,1780553075323170560,HTTP Connection Overhead,ms,p25,1.82
27,1780553074323170560,1780553075323170560,HTTP Connection Overhead,ms,p50,1.82
27,1780553074323170560,1780553075323170560,HTTP Connection Overhead,ms,p75,1.82
27,1780553074323170560,1780553075323170560,HTTP Connection Overhead,ms,p90,1.82
27,1780553074323170560,1780553075323170560,HTTP Connection Overhead,ms,p95,1.82
27,1780553074323170560,1780553075323170560,HTTP Connection Overhead,ms,p99,1.82
27,1780553074323170560,1780553075323170560,HTTP Connection Overhead,ms,std,0.00
27,1780553074323170560,1780553075323170560,HTTP Connection Reused,ratio,avg,0.00
27,1780553074323170560,1780553075323170560,HTTP Connection Reused,ratio,min,0.00
27,1780553074323170560,1780553075323170560,HTTP Connection Reused,ratio,max,0.00
27,1780553074323170560,1780553075323170560,HTTP Connection Reused,ratio,sum,0.00
27,1780553074323170560,1780553075323170560,HTTP Connection Reused,ratio,p1,0.00
27,1780553074323170560,1780553075323170560,HTTP Connection Reused,ratio,p5,0.00
27,1780553074323170560,1780553075323170560,HTTP Connection Reused,ratio,p10,0.00
27,1780553074323170560,1780553075323170560,HTTP Connection Reused,ratio,p25,0.00
27,1780553074323170560,1780553075323170560,HTTP Connection Reused,ratio,p50,0.00
27,1780553074323170560,1780553075323170560,HTTP Connection Reused,ratio,p75,0.00
27,1780553074323170560,1780553075323170560,HTTP Connection Reused,ratio,p90,0.00
27,1780553074323170560,1780553075323170560,HTTP Connection Reused,ratio,p95,0.00
27,1780553074323170560,1780553075323170560,HTTP Connection Reused,ratio,p99,0.00
27,1780553074323170560,1780553075323170560,HTTP Connection Reused,ratio,std,0.00
27,1780553074323170560,1780553075323170560,HTTP Data Received,KB,avg,272.30
27,1780553074323170560,1780553075323170560,HTTP Data Received,KB,min,272.30
27,1780553074323170560,1780553075323170560,HTTP Data Received,KB,max,272.30
27,1780553074323170560,1780553075323170560,HTTP Data Received,KB,sum,272.30
27,1780553074323170560,1780553075323170560,HTTP Data Received,KB,p1,272.30
27,1780553074323170560,1780553075323170560,HTTP Data Received,KB,p5,272.30
27,1780553074323170560,1780553075323170560,HTTP Data Received,KB,p10,272.30
27,1780553074323170560,1780553075323170560,HTTP Data Received,KB,p25,272.30
27,1780553074323170560,1780553075323170560,HTTP Data Received,KB,p50,272.30
27,1780553074323170560,1780553075323170560,HTTP Data Received,KB,p75,272.30
27,1780553074323170560,1780553075323170560,HTTP Data Received,KB,p90,272.30
27,1780553074323170560,1780553075323170560,HTTP Data Received,KB,p95,272.30
27,1780553074323170560,1780553075323170560,HTTP Data Received,KB,p99,272.30
27,1780553074323170560,1780553075323170560,HTTP Data Received,KB,std,0.00
27,1780553074323170560,1780553075323170560,HTTP Data Sent,KB,avg,251.49
27,1780553074323170560,1780553075323170560,HTTP Data Sent,KB,min,251.49
27,1780553074323170560,1780553075323170560,HTTP Data Sent,KB,max,251.49
27,1780553074323170560,1780553075323170560,HTTP Data Sent,KB,sum,251.49
27,1780553074323170560,1780553075323170560,HTTP Data Sent,KB,p1,251.49
27,1780553074323170560,1780553075323170560,HTTP Data Sent,KB,p5,251.49
27,1780553074323170560,1780553075323170560,HTTP Data Sent,KB,p10,251.49
27,1780553074323170560,1780553075323170560,HTTP Data Sent,KB,p25,251.49
27,1780553074323170560,1780553075323170560,HTTP Data Sent,KB,p50,251.49
27,1780553074323170560,1780553075323170560,HTTP Data Sent,KB,p75,251.49
27,1780553074323170560,1780553075323170560,HTTP Data Sent,KB,p90,251.49
27,1780553074323170560,1780553075323170560,HTTP Data Sent,KB,p95,251.49
27,1780553074323170560,1780553075323170560,HTTP Data Sent,KB,p99,251.49
27,1780553074323170560,1780553075323170560,HTTP Data Sent,KB,std,0.00
27,1780553074323170560,1780553075323170560,HTTP DNS Lookup,ms,avg,0.60
27,1780553074323170560,1780553075323170560,HTTP DNS Lookup,ms,min,0.60
27,1780553074323170560,1780553075323170560,HTTP DNS Lookup,ms,max,0.60
27,1780553074323170560,1780553075323170560,HTTP DNS Lookup,ms,sum,0.60
27,1780553074323170560,1780553075323170560,HTTP DNS Lookup,ms,p1,0.60
27,1780553074323170560,1780553075323170560,HTTP DNS Lookup,ms,p5,0.60
27,1780553074323170560,1780553075323170560,HTTP DNS Lookup,ms,p10,0.60
27,1780553074323170560,1780553075323170560,HTTP DNS Lookup,ms,p25,0.60
27,1780553074323170560,1780553075323170560,HTTP DNS Lookup,ms,p50,0.60
27,1780553074323170560,1780553075323170560,HTTP DNS Lookup,ms,p75,0.60
27,1780553074323170560,1780553075323170560,HTTP DNS Lookup,ms,p90,0.60
27,1780553074323170560,1780553075323170560,HTTP DNS Lookup,ms,p95,0.60
27,1780553074323170560,1780553075323170560,HTTP DNS Lookup,ms,p99,0.60
27,1780553074323170560,1780553075323170560,HTTP DNS Lookup,ms,std,0.00
27,1780553074323170560,1780553075323170560,HTTP Duration (excl. conn),ms,avg,227290.56
27,1780553074323170560,1780553075323170560,HTTP Duration (excl. conn),ms,min,227290.56
27,1780553074323170560,1780553075323170560,HTTP Duration (excl. conn),ms,max,227290.56
27,1780553074323170560,1780553075323170560,HTTP Duration (excl. conn),ms,sum,227290.56
27,1780553074323170560,1780553075323170560,HTTP Duration (excl. conn),ms,p1,227290.56
27,1780553074323170560,1780553075323170560,HTTP Duration (excl. conn),ms,p5,227290.56
27,1780553074323170560,1780553075323170560,HTTP Duration (excl. conn),ms,p10,227290.56
27,1780553074323170560,1780553075323170560,HTTP Duration (excl. conn),ms,p25,227290.56
27,1780553074323170560,1780553075323170560,HTTP Duration (excl. conn),ms,p50,227290.56
27,1780553074323170560,1780553075323170560,HTTP Duration (excl. conn),ms,p75,227290.56
27,1780553074323170560,1780553075323170560,HTTP Duration (excl. conn),ms,p90,227290.56
27,1780553074323170560,1780553075323170560,HTTP Duration (excl. conn),ms,p95,227290.56
27,1780553074323170560,1780553075323170560,HTTP Duration (excl. conn),ms,p99,227290.56
27,1780553074323170560,1780553075323170560,HTTP Duration (excl. conn),ms,std,0.00
27,1780553074323170560,1780553075323170560,HTTP Receiving,ms,avg,165127.27
27,1780553074323170560,1780553075323170560,HTTP Receiving,ms,min,165127.27
27,1780553074323170560,1780553075323170560,HTTP Receiving,ms,max,165127.27
27,1780553074323170560,1780553075323170560,HTTP Receiving,ms,sum,165127.27
27,1780553074323170560,1780553075323170560,HTTP Receiving,ms,p1,165127.27
27,1780553074323170560,1780553075323170560,HTTP Receiving,ms,p5,165127.27
27,1780553074323170560,1780553075323170560,HTTP Receiving,ms,p10,165127.27
27,1780553074323170560,1780553075323170560,HTTP Receiving,ms,p25,165127.27
27,1780553074323170560,1780553075323170560,HTTP Receiving,ms,p50,165127.27
27,1780553074323170560,1780553075323170560,HTTP Receiving,ms,p75,165127.27
27,1780553074323170560,1780553075323170560,HTTP Receiving,ms,p90,165127.27
27,1780553074323170560,1780553075323170560,HTTP Receiving,ms,p95,165127.27
27,1780553074323170560,1780553075323170560,HTTP Receiving,ms,p99,165127.27
27,1780553074323170560,1780553075323170560,HTTP Receiving,ms,std,0.00
27,1780553074323170560,1780553075323170560,HTTP Sending,ms,avg,1.49
27,1780553074323170560,1780553075323170560,HTTP Sending,ms,min,1.49
27,1780553074323170560,1780553075323170560,HTTP Sending,ms,max,1.49
27,1780553074323170560,1780553075323170560,HTTP Sending,ms,sum,1.49
27,1780553074323170560,1780553075323170560,HTTP Sending,ms,p1,1.49
27,1780553074323170560,1780553075323170560,HTTP Sending,ms,p5,1.49
27,1780553074323170560,1780553075323170560,HTTP Sending,ms,p10,1.49
27,1780553074323170560,1780553075323170560,HTTP Sending,ms,p25,1.49
27,1780553074323170560,1780553075323170560,HTTP Sending,ms,p50,1.49
27,1780553074323170560,1780553075323170560,HTTP Sending,ms,p75,1.49
27,1780553074323170560,1780553075323170560,HTTP Sending,ms,p90,1.49
27,1780553074323170560,1780553075323170560,HTTP Sending,ms,p95,1.49
27,1780553074323170560,1780553075323170560,HTTP Sending,ms,p99,1.49
27,1780553074323170560,1780553075323170560,HTTP Sending,ms,std,0.00
27,1780553074323170560,1780553075323170560,HTTP Total Time,ms,avg,227292.39
27,1780553074323170560,1780553075323170560,HTTP Total Time,ms,min,227292.39
27,1780553074323170560,1780553075323170560,HTTP Total Time,ms,max,227292.39
27,1780553074323170560,1780553075323170560,HTTP Total Time,ms,sum,227292.39
27,1780553074323170560,1780553075323170560,HTTP Total Time,ms,p1,227292.39
27,1780553074323170560,1780553075323170560,HTTP Total Time,ms,p5,227292.39
27,1780553074323170560,1780553075323170560,HTTP Total Time,ms,p10,227292.39
27,1780553074323170560,1780553075323170560,HTTP Total Time,ms,p25,227292.39
27,1780553074323170560,1780553075323170560,HTTP Total Time,ms,p50,227292.39
27,1780553074323170560,1780553075323170560,HTTP Total Time,ms,p75,227292.39
27,1780553074323170560,1780553075323170560,HTTP Total Time,ms,p90,227292.39
27,1780553074323170560,1780553075323170560,HTTP Total Time,ms,p95,227292.39
27,1780553074323170560,1780553075323170560,HTTP Total Time,ms,p99,227292.39
27,1780553074323170560,1780553075323170560,HTTP Total Time,ms,std,0.00
27,1780553074323170560,1780553075323170560,HTTP Waiting (TTFB),ms,avg,62161.80
27,1780553074323170560,1780553075323170560,HTTP Waiting (TTFB),ms,min,62161.80
27,1780553074323170560,1780553075323170560,HTTP Waiting (TTFB),ms,max,62161.80
27,1780553074323170560,1780553075323170560,HTTP Waiting (TTFB),ms,sum,62161.80
27,1780553074323170560,1780553075323170560,HTTP Waiting (TTFB),ms,p1,62161.80
27,1780553074323170560,1780553075323170560,HTTP Waiting (TTFB),ms,p5,62161.80
27,1780553074323170560,1780553075323170560,HTTP Waiting (TTFB),ms,p10,62161.80
27,1780553074323170560,1780553075323170560,HTTP Waiting (TTFB),ms,p25,62161.80
27,1780553074323170560,1780553075323170560,HTTP Waiting (TTFB),ms,p50,62161.80
27,1780553074323170560,1780553075323170560,HTTP Waiting (TTFB),ms,p75,62161.80
27,1780553074323170560,1780553075323170560,HTTP Waiting (TTFB),ms,p90,62161.80
27,1780553074323170560,1780553075323170560,HTTP Waiting (TTFB),ms,p95,62161.80
27,1780553074323170560,1780553075323170560,HTTP Waiting (TTFB),ms,p99,62161.80
27,1780553074323170560,1780553075323170560,HTTP Waiting (TTFB),ms,std,0.00
27,1780553074323170560,1780553075323170560,Input Sequence Length,tokens,avg,64932.00
27,1780553074323170560,1780553075323170560,Input Sequence Length,tokens,min,64932.00
27,1780553074323170560,1780553075323170560,Input Sequence Length,tokens,max,64932.00
27,1780553074323170560,1780553075323170560,Input Sequence Length,tokens,sum,64932.00
27,1780553074323170560,1780553075323170560,Input Sequence Length,tokens,p1,64932.00
27,1780553074323170560,1780553075323170560,Input Sequence Length,tokens,p5,64932.00
27,1780553074323170560,1780553075323170560,Input Sequence Length,tokens,p10,64932.00
27,1780553074323170560,1780553075323170560,Input Sequence Length,tokens,p25,64932.00
27,1780553074323170560,1780553075323170560,Input Sequence Length,tokens,p50,64932.00
27,1780553074323170560,1780553075323170560,Input Sequence Length,tokens,p75,64932.00
27,1780553074323170560,1780553075323170560,Input Sequence Length,tokens,p90,64932.00
27,1780553074323170560,1780553075323170560,Input Sequence Length,tokens,p95,64932.00
27,1780553074323170560,1780553075323170560,Input Sequence Length,tokens,p99,64932.00
27,1780553074323170560,1780553075323170560,Input Sequence Length,tokens,std,0.00
27,1780553074323170560,1780553075323170560,Input Token Throughput,tokens/sec,avg,64932.00
27,1780553074323170560,1780553075323170560,Inter Chunk Latency,ms,avg,64.01
27,1780553074323170560,1780553075323170560,Inter Chunk Latency,ms,min,63.95
27,1780553074323170560,1780553075323170560,Inter Chunk Latency,ms,max,64.06
27,1780553074323170560,1780553075323170560,Inter Chunk Latency,ms,sum,53829.85
27,1780553074323170560,1780553075323170560,Inter Chunk Latency,ms,p1,63.95
27,1780553074323170560,1780553075323170560,Inter Chunk Latency,ms,p5,63.96
27,1780553074323170560,1780553075323170560,Inter Chunk Latency,ms,p10,63.96
27,1780553074323170560,1780553075323170560,Inter Chunk Latency,ms,p25,63.98
27,1780553074323170560,1780553075323170560,Inter Chunk Latency,ms,p50,64.01
27,1780553074323170560,1780553075323170560,Inter Chunk Latency,ms,p75,64.03
27,1780553074323170560,1780553075323170560,Inter Chunk Latency,ms,p90,64.05
27,1780553074323170560,1780553075323170560,Inter Chunk Latency,ms,p95,64.06
27,1780553074323170560,1780553075323170560,Inter Chunk Latency,ms,p99,64.06
27,1780553074323170560,1780553075323170560,Inter Chunk Latency,ms,std,0.03
27,1780553074323170560,1780553075323170560,Inter Token Latency,ms,avg,150.53
27,1780553074323170560,1780553075323170560,Inter Token Latency,ms,min,150.53
27,1780553074323170560,1780553075323170560,Inter Token Latency,ms,max,150.53
27,1780553074323170560,1780553075323170560,Inter Token Latency,ms,sum,150.53
27,1780553074323170560,1780553075323170560,Inter Token Latency,ms,p1,150.53
27,1780553074323170560,1780553075323170560,Inter Token Latency,ms,p5,150.53
27,1780553074323170560,1780553075323170560,Inter Token Latency,ms,p10,150.53
27,1780553074323170560,1780553075323170560,Inter Token Latency,ms,p25,150.53
27,1780553074323170560,1780553075323170560,Inter Token Latency,ms,p50,150.53
27,1780553074323170560,1780553075323170560,Inter Token Latency,ms,p75,150.53
27,1780553074323170560,1780553075323170560,Inter Token Latency,ms,p90,150.53
27,1780553074323170560,1780553075323170560,Inter Token Latency,ms,p95,150.53
27,1780553074323170560,1780553075323170560,Inter Token Latency,ms,p99,150.53
27,1780553074323170560,1780553075323170560,Inter Token Latency,ms,std,0.00
27,1780553074323170560,1780553075323170560,Maximum Response Timestamp,ns,avg,1780553301890828800.00
27,1780553074323170560,1780553075323170560,Minimum Request Timestamp,ns,avg,1780553074600163328.00
27,1780553074323170560,1780553075323170560,OSL Mismatch Count,requests,avg,0.00
27,1780553074323170560,1780553075323170560,OSL Mismatch Diff %,%,avg,0.00
27,1780553074323170560,1780553075323170560,OSL Mismatch Diff %,%,min,0.00
27,1780553074323170560,1780553075323170560,OSL Mismatch Diff %,%,max,0.00
27,1780553074323170560,1780553075323170560,OSL Mismatch Diff %,%,sum,0.00
27,1780553074323170560,1780553075323170560,OSL Mismatch Diff %,%,p1,0.00
27,1780553074323170560,1780553075323170560,OSL Mismatch Diff %,%,p5,0.00
27,1780553074323170560,1780553075323170560,OSL Mismatch Diff %,%,p10,0.00
27,1780553074323170560,1780553075323170560,OSL Mismatch Diff %,%,p25,0.00
27,1780553074323170560,1780553075323170560,OSL Mismatch Diff %,%,p50,0.00
27,1780553074323170560,1780553075323170560,OSL Mismatch Diff %,%,p75,0.00
27,1780553074323170560,1780553075323170560,OSL Mismatch Diff %,%,p90,0.00
27,1780553074323170560,1780553075323170560,OSL Mismatch Diff %,%,p95,0.00
27,1780553074323170560,1780553075323170560,OSL Mismatch Diff %,%,p99,0.00
27,1780553074323170560,1780553075323170560,OSL Mismatch Diff %,%,std,0.00
27,1780553074323170560,1780553075323170560,Output Sequence Length,tokens,avg,1098.00
27,1780553074323170560,1780553075323170560,Output Sequence Length,tokens,min,1098.00
27,1780553074323170560,1780553075323170560,Output Sequence Length,tokens,max,1098.00
27,1780553074323170560,1780553075323170560,Output Sequence Length,tokens,sum,1098.00
27,1780553074323170560,1780553075323170560,Output Sequence Length,tokens,p1,1098.00
27,1780553074323170560,1780553075323170560,Output Sequence Length,tokens,p5,1098.00
27,1780553074323170560,1780553075323170560,Output Sequence Length,tokens,p10,1098.00
27,1780553074323170560,1780553075323170560,Output Sequence Length,tokens,p25,1098.00
27,1780553074323170560,1780553075323170560,Output Sequence Length,tokens,p50,1098.00
27,1780553074323170560,1780553075323170560,Output Sequence Length,tokens,p75,1098.00
27,1780553074323170560,1780553075323170560,Output Sequence Length,tokens,p90,1098.00
27,1780553074323170560,1780553075323170560,Output Sequence Length,tokens,p95,1098.00
27,1780553074323170560,1780553075323170560,Output Sequence Length,tokens,p99,1098.00
27,1780553074323170560,1780553075323170560,Output Sequence Length,tokens,std,0.00
27,1780553074323170560,1780553075323170560,Output Token Count,tokens,avg,1098.00
27,1780553074323170560,1780553075323170560,Output Token Count,tokens,min,1098.00
27,1780553074323170560,1780553075323170560,Output Token Count,tokens,max,1098.00
27,1780553074323170560,1780553075323170560,Output Token Count,tokens,sum,1098.00
27,1780553074323170560,1780553075323170560,Output Token Count,tokens,p1,1098.00
27,1780553074323170560,1780553075323170560,Output Token Count,tokens,p5,1098.00
27,1780553074323170560,1780553075323170560,Output Token Count,tokens,p10,1098.00
27,1780553074323170560,1780553075323170560,Output Token Count,tokens,p25,1098.00
27,1780553074323170560,1780553075323170560,Output Token Count,tokens,p50,1098.00
27,1780553074323170560,1780553075323170560,Output Token Count,tokens,p75,1098.00
27,1780553074323170560,1780553075323170560,Output Token Count,tokens,p90,1098.00
27,1780553074323170560,1780553075323170560,Output Token Count,tokens,p95,1098.00
27,1780553074323170560,1780553075323170560,Output Token Count,tokens,p99,1098.00
27,1780553074323170560,1780553075323170560,Output Token Count,tokens,std,0.00
27,1780553074323170560,1780553075323170560,Output Token Throughput,tokens/sec,avg,1098.00
27,1780553074323170560,1780553075323170560,Output Token Throughput Per User,tokens/sec/user,avg,6.64
27,1780553074323170560,1780553075323170560,Output Token Throughput Per User,tokens/sec/user,min,6.64
27,1780553074323170560,1780553075323170560,Output Token Throughput Per User,tokens/sec/user,max,6.64
27,1780553074323170560,1780553075323170560,Output Token Throughput Per User,tokens/sec/user,sum,6.64
27,1780553074323170560,1780553075323170560,Output Token Throughput Per User,tokens/sec/user,p1,6.64
27,1780553074323170560,1780553075323170560,Output Token Throughput Per User,tokens/sec/user,p5,6.64
27,1780553074323170560,1780553075323170560,Output Token Throughput Per User,tokens/sec/user,p10,6.64
27,1780553074323170560,1780553075323170560,Output Token Throughput Per User,tokens/sec/user,p25,6.64
27,1780553074323170560,1780553075323170560,Output Token Throughput Per User,tokens/sec/user,p50,6.64
27,1780553074323170560,1780553075323170560,Output Token Throughput Per User,tokens/sec/user,p75,6.64
27,1780553074323170560,1780553075323170560,Output Token Throughput Per User,tokens/sec/user,p90,6.64
27,1780553074323170560,1780553075323170560,Output Token Throughput Per User,tokens/sec/user,p95,6.64
27,1780553074323170560,1780553075323170560,Output Token Throughput Per User,tokens/sec/user,p99,6.64
27,1780553074323170560,1780553075323170560,Output Token Throughput Per User,tokens/sec/user,std,0.00
27,1780553074323170560,1780553075323170560,Prefill Throughput Per User,tokens/sec/user,avg,1044.54
27,1780553074323170560,1780553075323170560,Prefill Throughput Per User,tokens/sec/user,min,1044.54
27,1780553074323170560,1780553075323170560,Prefill Throughput Per User,tokens/sec/user,max,1044.54
27,1780553074323170560,1780553075323170560,Prefill Throughput Per User,tokens/sec/user,sum,1044.54
27,1780553074323170560,1780553075323170560,Prefill Throughput Per User,tokens/sec/user,p1,1044.54
27,1780553074323170560,1780553075323170560,Prefill Throughput Per User,tokens/sec/user,p5,1044.54
27,1780553074323170560,1780553075323170560,Prefill Throughput Per User,tokens/sec/user,p10,1044.54
27,1780553074323170560,1780553075323170560,Prefill Throughput Per User,tokens/sec/user,p25,1044.54
27,1780553074323170560,1780553075323170560,Prefill Throughput Per User,tokens/sec/user,p50,1044.54
27,1780553074323170560,1780553075323170560,Prefill Throughput Per User,tokens/sec/user,p75,1044.54
27,1780553074323170560,1780553075323170560,Prefill Throughput Per User,tokens/sec/user,p90,1044.54
27,1780553074323170560,1780553075323170560,Prefill Throughput Per User,tokens/sec/user,p95,1044.54
27,1780553074323170560,1780553075323170560,Prefill Throughput Per User,tokens/sec/user,p99,1044.54
27,1780553074323170560,1780553075323170560,Prefill Throughput Per User,tokens/sec/user,std,0.00
27,1780553074323170560,1780553075323170560,Request Count,requests,avg,1.00
27,1780553074323170560,1780553075323170560,Request Latency,ms,avg,227290.67
27,1780553074323170560,1780553075323170560,Request Latency,ms,min,227290.67
27,1780553074323170560,1780553075323170560,Request Latency,ms,max,227290.67
27,1780553074323170560,1780553075323170560,Request Latency,ms,sum,227290.67
27,1780553074323170560,1780553075323170560,Request Latency,ms,p1,227290.67
27,1780553074323170560,1780553075323170560,Request Latency,ms,p5,227290.67
27,1780553074323170560,1780553075323170560,Request Latency,ms,p10,227290.67
27,1780553074323170560,1780553075323170560,Request Latency,ms,p25,227290.67
27,1780553074323170560,1780553075323170560,Request Latency,ms,p50,227290.67
27,1780553074323170560,1780553075323170560,Request Latency,ms,p75,227290.67
27,1780553074323170560,1780553075323170560,Request Latency,ms,p90,227290.67
27,1780553074323170560,1780553075323170560,Request Latency,ms,p95,227290.67
27,1780553074323170560,1780553075323170560,Request Latency,ms,p99,227290.67
27,1780553074323170560,1780553075323170560,Request Latency,ms,std,0.00
27,1780553074323170560,1780553075323170560,Request Throughput,requests/sec,avg,1.00
27,1780553074323170560,1780553075323170560,Requested OSL,tokens,avg,1098.00
27,1780553074323170560,1780553075323170560,Requested OSL,tokens,min,1098.00
27,1780553074323170560,1780553075323170560,Requested OSL,tokens,max,1098.00
27,1780553074323170560,1780553075323170560,Requested OSL,tokens,sum,1098.00
27,1780553074323170560,1780553075323170560,Requested OSL,tokens,p1,1098.00
27,1780553074323170560,1780553075323170560,Requested OSL,tokens,p5,1098.00
27,1780553074323170560,1780553075323170560,Requested OSL,tokens,p10,1098.00
27,1780553074323170560,1780553075323170560,Requested OSL,tokens,p25,1098.00
27,1780553074323170560,1780553075323170560,Requested OSL,tokens,p50,1098.00
27,1780553074323170560,1780553075323170560,Requested OSL,tokens,p75,1098.00
27,1780553074323170560,1780553075323170560,Requested OSL,tokens,p90,1098.00
27,1780553074323170560,1780553075323170560,Requested OSL,tokens,p95,1098.00
27,1780553074323170560,1780553075323170560,Requested OSL,tokens,p99,1098.00
27,1780553074323170560,1780553075323170560,Requested OSL,tokens,std,0.00
27,1780553074323170560,1780553075323170560,Time to First Output Token,ms,avg,62163.40
27,1780553074323170560,1780553075323170560,Time to First Output Token,ms,min,62163.40
27,1780553074323170560,1780553075323170560,Time to First Output Token,ms,max,62163.40
27,1780553074323170560,1780553075323170560,Time to First Output Token,ms,sum,62163.40
27,1780553074323170560,1780553075323170560,Time to First Output Token,ms,p1,62163.40
27,1780553074323170560,1780553075323170560,Time to First Output Token,ms,p5,62163.40
27,1780553074323170560,1780553075323170560,Time to First Output Token,ms,p10,62163.40
27,1780553074323170560,1780553075323170560,Time to First Output Token,ms,p25,62163.40
27,1780553074323170560,1780553075323170560,Time to First Output Token,ms,p50,62163.40
27,1780553074323170560,1780553075323170560,Time to First Output Token,ms,p75,62163.40
27,1780553074323170560,1780553075323170560,Time to First Output Token,ms,p90,62163.40
27,1780553074323170560,1780553075323170560,Time to First Output Token,ms,p95,62163.40
27,1780553074323170560,1780553075323170560,Time to First Output Token,ms,p99,62163.40
27,1780553074323170560,1780553075323170560,Time to First Output Token,ms,std,0.00
27,1780553074323170560,1780553075323170560,Time to First Token,ms,avg,62163.40
27,1780553074323170560,1780553075323170560,Time to First Token,ms,min,62163.40
27,1780553074323170560,1780553075323170560,Time to First Token,ms,max,62163.40
27,1780553074323170560,1780553075323170560,Time to First Token,ms,sum,62163.40
27,1780553074323170560,1780553075323170560,Time to First Token,ms,p1,62163.40
27,1780553074323170560,1780553075323170560,Time to First Token,ms,p5,62163.40
27,1780553074323170560,1780553075323170560,Time to First Token,ms,p10,62163.40
27,1780553074323170560,1780553075323170560,Time to First Token,ms,p25,62163.40
27,1780553074323170560,1780553075323170560,Time to First Token,ms,p50,62163.40
27,1780553074323170560,1780553075323170560,Time to First Token,ms,p75,62163.40
27,1780553074323170560,1780553075323170560,Time to First Token,ms,p90,62163.40
27,1780553074323170560,1780553075323170560,Time to First Token,ms,p95,62163.40
27,1780553074323170560,1780553075323170560,Time to First Token,ms,p99,62163.40
27,1780553074323170560,1780553075323170560,Time to First Token,ms,std,0.00
27,1780553074323170560,1780553075323170560,Time to Second Token,ms,avg,215.77
27,1780553074323170560,1780553075323170560,Time to Second Token,ms,min,215.77
27,1780553074323170560,1780553075323170560,Time to Second Token,ms,max,215.77
27,1780553074323170560,1780553075323170560,Time to Second Token,ms,sum,215.77
27,1780553074323170560,1780553075323170560,Time to Second Token,ms,p1,215.77
27,1780553074323170560,1780553075323170560,Time to Second Token,ms,p5,215.77
27,1780553074323170560,1780553075323170560,Time to Second Token,ms,p10,215.77
27,1780553074323170560,1780553075323170560,Time to Second Token,ms,p25,215.77
27,1780553074323170560,1780553075323170560,Time to Second Token,ms,p50,215.77
27,1780553074323170560,1780553075323170560,Time to Second Token,ms,p75,215.77
27,1780553074323170560,1780553075323170560,Time to Second Token,ms,p90,215.77
27,1780553074323170560,1780553075323170560,Time to Second Token,ms,p95,215.77
27,1780553074323170560,1780553075323170560,Time to Second Token,ms,p99,215.77
27,1780553074323170560,1780553075323170560,Time to Second Token,ms,std,0.00
27,1780553074323170560,1780553075323170560,Tokens In Flight,tokens,avg,1393235.01
27,1780553074323170560,1780553075323170560,Tokens In Flight,tokens,min,1346206.66
27,1780553074323170560,1780553075323170560,Tokens In Flight,tokens,max,1411300.14
27,1780553074323170560,1780553075323170560,Tokens In Flight,tokens,p50,1411221.29
27,1780553074323170560,1780553075323170560,Tokens In Flight,tokens,p90,1411284.27
27,1780553074323170560,1780553075323170560,Tokens In Flight,tokens,p95,1411290.31
27,1780553074323170560,1780553075323170560,Tokens In Flight,tokens,p99,1411300.14
27,1780553074323170560,1780553075323170560,Tokens In Flight,tokens,std,29093.61
27,1780553074323170560,1780553075323170560,Total Input Sequence Length,tokens,avg,64932.00
27,1780553074323170560,1780553075323170560,Total Output Sequence Length,tokens,avg,1098.00
27,1780553074323170560,1780553075323170560,Total Output Tokens,tokens,avg,1098.00
27,1780553074323170560,1780553075323170560,Total Token Throughput,tokens/sec,avg,66030.00
27,1780553074323170560,1780553075323170560,Total Usage Completion Tokens,tokens,avg,1098.00
27,1780553074323170560,1780553075323170560,Total Usage Prompt Tokens,tokens,avg,64932.00
27,1780553074323170560,1780553075323170560,Total Usage Total Tokens,tokens,avg,66030.00
27,1780553074323170560,1780553075323170560,Usage Completion Tokens,tokens,avg,1098.00
27,1780553074323170560,1780553075323170560,Usage Completion Tokens,tokens,min,1098.00
27,1780553074323170560,1780553075323170560,Usage Completion Tokens,tokens,max,1098.00
27,1780553074323170560,1780553075323170560,Usage Completion Tokens,tokens,sum,1098.00
27,1780553074323170560,1780553075323170560,Usage Completion Tokens,tokens,p1,1098.00
27,1780553074323170560,1780553075323170560,Usage Completion Tokens,tokens,p5,1098.00
27,1780553074323170560,1780553075323170560,Usage Completion Tokens,tokens,p10,1098.00
27,1780553074323170560,1780553075323170560,Usage Completion Tokens,tokens,p25,1098.00
27,1780553074323170560,1780553075323170560,Usage Completion Tokens,tokens,p50,1098.00
27,1780553074323170560,1780553075323170560,Usage Completion Tokens,tokens,p75,1098.00
27,1780553074323170560,1780553075323170560,Usage Completion Tokens,tokens,p90,1098.00
27,1780553074323170560,1780553075323170560,Usage Completion Tokens,tokens,p95,1098.00
27,1780553074323170560,1780553075323170560,Usage Completion Tokens,tokens,p99,1098.00
27,1780553074323170560,1780553075323170560,Usage Completion Tokens,tokens,std,0.00
27,1780553074323170560,1780553075323170560,Usage Prompt Tokens,tokens,avg,64932.00
27,1780553074323170560,1780553075323170560,Usage Prompt Tokens,tokens,min,64932.00
27,1780553074323170560,1780553075323170560,Usage Prompt Tokens,tokens,max,64932.00
27,1780553074323170560,1780553075323170560,Usage Prompt Tokens,tokens,sum,64932.00
27,1780553074323170560,1780553075323170560,Usage Prompt Tokens,tokens,p1,64932.00
27,1780553074323170560,1780553075323170560,Usage Prompt Tokens,tokens,p5,64932.00
27,1780553074323170560,1780553075323170560,Usage Prompt Tokens,tokens,p10,64932.00
27,1780553074323170560,1780553075323170560,Usage Prompt Tokens,tokens,p25,64932.00
27,1780553074323170560,1780553075323170560,Usage Prompt Tokens,tokens,p50,64932.00
27,1780553074323170560,1780553075323170560,Usage Prompt Tokens,tokens,p75,64932.00
27,1780553074323170560,1780553075323170560,Usage Prompt Tokens,tokens,p90,64932.00
27,1780553074323170560,1780553075323170560,Usage Prompt Tokens,tokens,p95,64932.00
27,1780553074323170560,1780553075323170560,Usage Prompt Tokens,tokens,p99,64932.00
27,1780553074323170560,1780553075323170560,Usage Prompt Tokens,tokens,std,0.00
27,1780553074323170560,1780553075323170560,Usage Total Tokens,tokens,avg,66030.00
27,1780553074323170560,1780553075323170560,Usage Total Tokens,tokens,min,66030.00
27,1780553074323170560,1780553075323170560,Usage Total Tokens,tokens,max,66030.00
27,1780553074323170560,1780553075323170560,Usage Total Tokens,tokens,sum,66030.00
27,1780553074323170560,1780553075323170560,Usage Total Tokens,tokens,p1,66030.00
27,1780553074323170560,1780553075323170560,Usage Total Tokens,tokens,p5,66030.00
27,1780553074323170560,1780553075323170560,Usage Total Tokens,tokens,p10,66030.00
27,1780553074323170560,1780553075323170560,Usage Total Tokens,tokens,p25,66030.00
27,1780553074323170560,1780553075323170560,Usage Total Tokens,tokens,p50,66030.00
27,1780553074323170560,1780553075323170560,Usage Total Tokens,tokens,p75,66030.00
27,1780553074323170560,1780553075323170560,Usage Total Tokens,tokens,p90,66030.00
27,1780553074323170560,1780553075323170560,Usage Total Tokens,tokens,p95,66030.00
27,1780553074323170560,1780553075323170560,Usage Total Tokens,tokens,p99,66030.00
27,1780553074323170560,1780553075323170560,Usage Total Tokens,tokens,std,0.00
28,1780553075323170560,1780553076323170560,Active Decode Throughput,tokens/sec,avg,158.90
28,1780553075323170560,1780553076323170560,Active Decode Throughput,tokens/sec,min,132.16
28,1780553075323170560,1780553076323170560,Active Decode Throughput,tokens/sec,max,185.66
28,1780553075323170560,1780553076323170560,Active Decode Throughput,tokens/sec,p50,158.91
28,1780553075323170560,1780553076323170560,Active Decode Throughput,tokens/sec,p90,158.92
28,1780553075323170560,1780553076323170560,Active Decode Throughput,tokens/sec,p95,158.92
28,1780553075323170560,1780553076323170560,Active Decode Throughput,tokens/sec,p99,158.93
28,1780553075323170560,1780553076323170560,Active Decode Throughput,tokens/sec,std,0.06
28,1780553075323170560,1780553076323170560,Active Decode Throughput Per User,tokens/sec/user,avg,13.24
28,1780553075323170560,1780553076323170560,Active Decode Throughput Per User,tokens/sec/user,min,11.01
28,1780553075323170560,1780553076323170560,Active Decode Throughput Per User,tokens/sec/user,max,15.47
28,1780553075323170560,1780553076323170560,Active Decode Throughput Per User,tokens/sec/user,p50,13.24
28,1780553075323170560,1780553076323170560,Active Decode Throughput Per User,tokens/sec/user,p90,13.24
28,1780553075323170560,1780553076323170560,Active Decode Throughput Per User,tokens/sec/user,p95,13.24
28,1780553075323170560,1780553076323170560,Active Decode Throughput Per User,tokens/sec/user,p99,13.24
28,1780553075323170560,1780553076323170560,Active Decode Throughput Per User,tokens/sec/user,std,0.00
28,1780553075323170560,1780553076323170560,Active Prefill Throughput,tokens/sec,avg,4572.58
28,1780553075323170560,1780553076323170560,Active Prefill Throughput,tokens/sec,min,3967.01
28,1780553075323170560,1780553076323170560,Active Prefill Throughput,tokens/sec,max,5221.60
28,1780553075323170560,1780553076323170560,Active Prefill Throughput,tokens/sec,p50,3967.01
28,1780553075323170560,1780553076323170560,Active Prefill Throughput,tokens/sec,p90,5221.60
28,1780553075323170560,1780553076323170560,Active Prefill Throughput,tokens/sec,p95,5221.60
28,1780553075323170560,1780553076323170560,Active Prefill Throughput,tokens/sec,p99,5221.60
28,1780553075323170560,1780553076323170560,Active Prefill Throughput,tokens/sec,std,626.92
28,1780553075323170560,1780553076323170560,Active Prefill Throughput Per User,tokens/sec/user,avg,1866.23
28,1780553075323170560,1780553076323170560,Active Prefill Throughput Per User,tokens/sec/user,min,1740.53
28,1780553075323170560,1780553076323170560,Active Prefill Throughput Per User,tokens/sec/user,max,1983.51
28,1780553075323170560,1780553076323170560,Active Prefill Throughput Per User,tokens/sec/user,p50,1983.51
28,1780553075323170560,1780553076323170560,Active Prefill Throughput Per User,tokens/sec/user,p90,1983.51
28,1780553075323170560,1780553076323170560,Active Prefill Throughput Per User,tokens/sec/user,p95,1983.51
28,1780553075323170560,1780553076323170560,Active Prefill Throughput Per User,tokens/sec/user,p99,1983.51
28,1780553075323170560,1780553076323170560,Active Prefill Throughput Per User,tokens/sec/user,std,121.41
28,1780553075323170560,1780553076323170560,Active Total Throughput,tokens/sec,avg,4671.40
28,1780553075323170560,1780553076323170560,Active Total Throughput,tokens/sec,min,4065.83
28,1780553075323170560,1780553076323170560,Active Total Throughput,tokens/sec,max,5320.42
28,1780553075323170560,1780553076323170560,Active Total Throughput,tokens/sec,p50,4065.83
28,1780553075323170560,1780553076323170560,Active Total Throughput,tokens/sec,p90,5320.42
28,1780553075323170560,1780553076323170560,Active Total Throughput,tokens/sec,p95,5320.42
28,1780553075323170560,1780553076323170560,Active Total Throughput,tokens/sec,p99,5320.42
28,1780553075323170560,1780553076323170560,Active Total Throughput,tokens/sec,std,626.92
28,1780553075323170560,1780553076323170560,Benchmark Duration,sec,avg,77.58
28,1780553075323170560,1780553076323170560,E2E Output Token Throughput,tokens/sec/user,avg,0.79
28,1780553075323170560,1780553076323170560,E2E Output Token Throughput,tokens/sec/user,min,0.79
28,1780553075323170560,1780553076323170560,E2E Output Token Throughput,tokens/sec/user,max,0.79
28,1780553075323170560,1780553076323170560,E2E Output Token Throughput,tokens/sec/user,sum,0.79
28,1780553075323170560,1780553076323170560,E2E Output Token Throughput,tokens/sec/user,p1,0.79
28,1780553075323170560,1780553076323170560,E2E Output Token Throughput,tokens/sec/user,p5,0.79
28,1780553075323170560,1780553076323170560,E2E Output Token Throughput,tokens/sec/user,p10,0.79
28,1780553075323170560,1780553076323170560,E2E Output Token Throughput,tokens/sec/user,p25,0.79
28,1780553075323170560,1780553076323170560,E2E Output Token Throughput,tokens/sec/user,p50,0.79
28,1780553075323170560,1780553076323170560,E2E Output Token Throughput,tokens/sec/user,p75,0.79
28,1780553075323170560,1780553076323170560,E2E Output Token Throughput,tokens/sec/user,p90,0.79
28,1780553075323170560,1780553076323170560,E2E Output Token Throughput,tokens/sec/user,p95,0.79
28,1780553075323170560,1780553076323170560,E2E Output Token Throughput,tokens/sec/user,p99,0.79
28,1780553075323170560,1780553076323170560,E2E Output Token Throughput,tokens/sec/user,std,0.00
28,1780553075323170560,1780553076323170560,Effective Concurrency,requests,avg,14.48
28,1780553075323170560,1780553076323170560,Effective Concurrency,requests,min,14.00
28,1780553075323170560,1780553076323170560,Effective Concurrency,requests,max,15.00
28,1780553075323170560,1780553076323170560,Effective Concurrency,requests,p50,14.00
28,1780553075323170560,1780553076323170560,Effective Concurrency,requests,p90,15.00
28,1780553075323170560,1780553076323170560,Effective Concurrency,requests,p95,15.00
28,1780553075323170560,1780553076323170560,Effective Concurrency,requests,p99,15.00
28,1780553075323170560,1780553076323170560,Effective Concurrency,requests,std,0.50
28,1780553075323170560,1780553076323170560,Effective Decode Concurrency,requests,avg,12.00
28,1780553075323170560,1780553076323170560,Effective Decode Concurrency,requests,min,12.00
28,1780553075323170560,1780553076323170560,Effective Decode Concurrency,requests,max,12.00
28,1780553075323170560,1780553076323170560,Effective Decode Concurrency,requests,p50,12.00
28,1780553075323170560,1780553076323170560,Effective Decode Concurrency,requests,p90,12.00
28,1780553075323170560,1780553076323170560,Effective Decode Concurrency,requests,p95,12.00
28,1780553075323170560,1780553076323170560,Effective Decode Concurrency,requests,p99,12.00
28,1780553075323170560,1780553076323170560,Effective Decode Concurrency,requests,std,0.00
28,1780553075323170560,1780553076323170560,Effective Decode Throughput,tokens/sec,avg,158.90
28,1780553075323170560,1780553076323170560,Effective Decode Throughput,tokens/sec,min,132.16
28,1780553075323170560,1780553076323170560,Effective Decode Throughput,tokens/sec,max,185.66
28,1780553075323170560,1780553076323170560,Effective Decode Throughput,tokens/sec,p50,158.91
28,1780553075323170560,1780553076323170560,Effective Decode Throughput,tokens/sec,p90,158.92
28,1780553075323170560,1780553076323170560,Effective Decode Throughput,tokens/sec,p95,158.92
28,1780553075323170560,1780553076323170560,Effective Decode Throughput,tokens/sec,p99,158.93
28,1780553075323170560,1780553076323170560,Effective Decode Throughput,tokens/sec,std,0.06
28,1780553075323170560,1780553076323170560,Effective Decode Throughput Per User,tokens/sec/user,avg,13.24
28,1780553075323170560,1780553076323170560,Effective Decode Throughput Per User,tokens/sec/user,min,11.01
28,1780553075323170560,1780553076323170560,Effective Decode Throughput Per User,tokens/sec/user,max,15.47
28,1780553075323170560,1780553076323170560,Effective Decode Throughput Per User,tokens/sec/user,p50,13.24
28,1780553075323170560,1780553076323170560,Effective Decode Throughput Per User,tokens/sec/user,p90,13.24
28,1780553075323170560,1780553076323170560,Effective Decode Throughput Per User,tokens/sec/user,p95,13.24
28,1780553075323170560,1780553076323170560,Effective Decode Throughput Per User,tokens/sec/user,p99,13.24
28,1780553075323170560,1780553076323170560,Effective Decode Throughput Per User,tokens/sec/user,std,0.00
28,1780553075323170560,1780553076323170560,Effective Prefill Concurrency,requests,avg,2.48
28,1780553075323170560,1780553076323170560,Effective Prefill Concurrency,requests,min,2.00
28,1780553075323170560,1780553076323170560,Effective Prefill Concurrency,requests,max,3.00
28,1780553075323170560,1780553076323170560,Effective Prefill Concurrency,requests,p50,2.00
28,1780553075323170560,1780553076323170560,Effective Prefill Concurrency,requests,p90,3.00
28,1780553075323170560,1780553076323170560,Effective Prefill Concurrency,requests,p95,3.00
28,1780553075323170560,1780553076323170560,Effective Prefill Concurrency,requests,p99,3.00
28,1780553075323170560,1780553076323170560,Effective Prefill Concurrency,requests,std,0.50
28,1780553075323170560,1780553076323170560,Effective Prefill Throughput,tokens/sec,avg,4572.58
28,1780553075323170560,1780553076323170560,Effective Prefill Throughput,tokens/sec,min,3967.01
28,1780553075323170560,1780553076323170560,Effective Prefill Throughput,tokens/sec,max,5221.60
28,1780553075323170560,1780553076323170560,Effective Prefill Throughput,tokens/sec,p50,3967.01
28,1780553075323170560,1780553076323170560,Effective Prefill Throughput,tokens/sec,p90,5221.60
28,1780553075323170560,1780553076323170560,Effective Prefill Throughput,tokens/sec,p95,5221.60
28,1780553075323170560,1780553076323170560,Effective Prefill Throughput,tokens/sec,p99,5221.60
28,1780553075323170560,1780553076323170560,Effective Prefill Throughput,tokens/sec,std,626.92
28,1780553075323170560,1780553076323170560,Effective Prefill Throughput Per User,tokens/sec/user,avg,1866.23
28,1780553075323170560,1780553076323170560,Effective Prefill Throughput Per User,tokens/sec/user,min,1740.53
28,1780553075323170560,1780553076323170560,Effective Prefill Throughput Per User,tokens/sec/user,max,1983.51
28,1780553075323170560,1780553076323170560,Effective Prefill Throughput Per User,tokens/sec/user,p50,1983.51
28,1780553075323170560,1780553076323170560,Effective Prefill Throughput Per User,tokens/sec/user,p90,1983.51
28,1780553075323170560,1780553076323170560,Effective Prefill Throughput Per User,tokens/sec/user,p95,1983.51
28,1780553075323170560,1780553076323170560,Effective Prefill Throughput Per User,tokens/sec/user,p99,1983.51
28,1780553075323170560,1780553076323170560,Effective Prefill Throughput Per User,tokens/sec/user,std,121.41
28,1780553075323170560,1780553076323170560,Effective Total Throughput,tokens/sec,avg,4671.40
28,1780553075323170560,1780553076323170560,Effective Total Throughput,tokens/sec,min,4065.83
28,1780553075323170560,1780553076323170560,Effective Total Throughput,tokens/sec,max,5320.42
28,1780553075323170560,1780553076323170560,Effective Total Throughput,tokens/sec,p50,4065.83
28,1780553075323170560,1780553076323170560,Effective Total Throughput,tokens/sec,p90,5320.42
28,1780553075323170560,1780553076323170560,Effective Total Throughput,tokens/sec,p95,5320.42
28,1780553075323170560,1780553076323170560,Effective Total Throughput,tokens/sec,p99,5320.42
28,1780553075323170560,1780553076323170560,Effective Total Throughput,tokens/sec,std,626.92
28,1780553075323170560,1780553076323170560,HTTP Blocked,ms,avg,0.00
28,1780553075323170560,1780553076323170560,HTTP Blocked,ms,min,0.00
28,1780553075323170560,1780553076323170560,HTTP Blocked,ms,max,0.00
28,1780553075323170560,1780553076323170560,HTTP Blocked,ms,sum,0.00
28,1780553075323170560,1780553076323170560,HTTP Blocked,ms,p1,0.00
28,1780553075323170560,1780553076323170560,HTTP Blocked,ms,p5,0.00
28,1780553075323170560,1780553076323170560,HTTP Blocked,ms,p10,0.00
28,1780553075323170560,1780553076323170560,HTTP Blocked,ms,p25,0.00
28,1780553075323170560,1780553076323170560,HTTP Blocked,ms,p50,0.00
28,1780553075323170560,1780553076323170560,HTTP Blocked,ms,p75,0.00
28,1780553075323170560,1780553076323170560,HTTP Blocked,ms,p90,0.00
28,1780553075323170560,1780553076323170560,HTTP Blocked,ms,p95,0.00
28,1780553075323170560,1780553076323170560,HTTP Blocked,ms,p99,0.00
28,1780553075323170560,1780553076323170560,HTTP Blocked,ms,std,0.00
28,1780553075323170560,1780553076323170560,HTTP Chunks Received,count,avg,61.00
28,1780553075323170560,1780553076323170560,HTTP Chunks Received,count,min,61.00
28,1780553075323170560,1780553076323170560,HTTP Chunks Received,count,max,61.00
28,1780553075323170560,1780553076323170560,HTTP Chunks Received,count,sum,61.00
28,1780553075323170560,1780553076323170560,HTTP Chunks Received,count,p1,61.00
28,1780553075323170560,1780553076323170560,HTTP Chunks Received,count,p5,61.00
28,1780553075323170560,1780553076323170560,HTTP Chunks Received,count,p10,61.00
28,1780553075323170560,1780553076323170560,HTTP Chunks Received,count,p25,61.00
28,1780553075323170560,1780553076323170560,HTTP Chunks Received,count,p50,61.00
28,1780553075323170560,1780553076323170560,HTTP Chunks Received,count,p75,61.00
28,1780553075323170560,1780553076323170560,HTTP Chunks Received,count,p90,61.00
28,1780553075323170560,1780553076323170560,HTTP Chunks Received,count,p95,61.00
28,1780553075323170560,1780553076323170560,HTTP Chunks Received,count,p99,61.00
28,1780553075323170560,1780553076323170560,HTTP Chunks Received,count,std,0.00
28,1780553075323170560,1780553076323170560,HTTP Chunks Sent,count,avg,1.00
28,1780553075323170560,1780553076323170560,HTTP Chunks Sent,count,min,1.00
28,1780553075323170560,1780553076323170560,HTTP Chunks Sent,count,max,1.00
28,1780553075323170560,1780553076323170560,HTTP Chunks Sent,count,sum,1.00
28,1780553075323170560,1780553076323170560,HTTP Chunks Sent,count,p1,1.00
28,1780553075323170560,1780553076323170560,HTTP Chunks Sent,count,p5,1.00
28,1780553075323170560,1780553076323170560,HTTP Chunks Sent,count,p10,1.00
28,1780553075323170560,1780553076323170560,HTTP Chunks Sent,count,p25,1.00
28,1780553075323170560,1780553076323170560,HTTP Chunks Sent,count,p50,1.00
28,1780553075323170560,1780553076323170560,HTTP Chunks Sent,count,p75,1.00
28,1780553075323170560,1780553076323170560,HTTP Chunks Sent,count,p90,1.00
28,1780553075323170560,1780553076323170560,HTTP Chunks Sent,count,p95,1.00
28,1780553075323170560,1780553076323170560,HTTP Chunks Sent,count,p99,1.00
28,1780553075323170560,1780553076323170560,HTTP Chunks Sent,count,std,0.00
28,1780553075323170560,1780553076323170560,HTTP Connecting,ms,avg,0.00
28,1780553075323170560,1780553076323170560,HTTP Connecting,ms,min,0.00
28,1780553075323170560,1780553076323170560,HTTP Connecting,ms,max,0.00
28,1780553075323170560,1780553076323170560,HTTP Connecting,ms,sum,0.00
28,1780553075323170560,1780553076323170560,HTTP Connecting,ms,p1,0.00
28,1780553075323170560,1780553076323170560,HTTP Connecting,ms,p5,0.00
28,1780553075323170560,1780553076323170560,HTTP Connecting,ms,p10,0.00
28,1780553075323170560,1780553076323170560,HTTP Connecting,ms,p25,0.00
28,1780553075323170560,1780553076323170560,HTTP Connecting,ms,p50,0.00
28,1780553075323170560,1780553076323170560,HTTP Connecting,ms,p75,0.00
28,1780553075323170560,1780553076323170560,HTTP Connecting,ms,p90,0.00
28,1780553075323170560,1780553076323170560,HTTP Connecting,ms,p95,0.00
28,1780553075323170560,1780553076323170560,HTTP Connecting,ms,p99,0.00
28,1780553075323170560,1780553076323170560,HTTP Connecting,ms,std,0.00
28,1780553075323170560,1780553076323170560,HTTP Connection Overhead,ms,avg,0.00
28,1780553075323170560,1780553076323170560,HTTP Connection Overhead,ms,min,0.00
28,1780553075323170560,1780553076323170560,HTTP Connection Overhead,ms,max,0.00
28,1780553075323170560,1780553076323170560,HTTP Connection Overhead,ms,sum,0.00
28,1780553075323170560,1780553076323170560,HTTP Connection Overhead,ms,p1,0.00
28,1780553075323170560,1780553076323170560,HTTP Connection Overhead,ms,p5,0.00
28,1780553075323170560,1780553076323170560,HTTP Connection Overhead,ms,p10,0.00
28,1780553075323170560,1780553076323170560,HTTP Connection Overhead,ms,p25,0.00
28,1780553075323170560,1780553076323170560,HTTP Connection Overhead,ms,p50,0.00
28,1780553075323170560,1780553076323170560,HTTP Connection Overhead,ms,p75,0.00
28,1780553075323170560,1780553076323170560,HTTP Connection Overhead,ms,p90,0.00
28,1780553075323170560,1780553076323170560,HTTP Connection Overhead,ms,p95,0.00
28,1780553075323170560,1780553076323170560,HTTP Connection Overhead,ms,p99,0.00
28,1780553075323170560,1780553076323170560,HTTP Connection Overhead,ms,std,0.00
28,1780553075323170560,1780553076323170560,HTTP Connection Reused,ratio,avg,1.00
28,1780553075323170560,1780553076323170560,HTTP Connection Reused,ratio,min,1.00
28,1780553075323170560,1780553076323170560,HTTP Connection Reused,ratio,max,1.00
28,1780553075323170560,1780553076323170560,HTTP Connection Reused,ratio,sum,1.00
28,1780553075323170560,1780553076323170560,HTTP Connection Reused,ratio,p1,1.00
28,1780553075323170560,1780553076323170560,HTTP Connection Reused,ratio,p5,1.00
28,1780553075323170560,1780553076323170560,HTTP Connection Reused,ratio,p10,1.00
28,1780553075323170560,1780553076323170560,HTTP Connection Reused,ratio,p25,1.00
28,1780553075323170560,1780553076323170560,HTTP Connection Reused,ratio,p50,1.00
28,1780553075323170560,1780553076323170560,HTTP Connection Reused,ratio,p75,1.00
28,1780553075323170560,1780553076323170560,HTTP Connection Reused,ratio,p90,1.00
28,1780553075323170560,1780553076323170560,HTTP Connection Reused,ratio,p95,1.00
28,1780553075323170560,1780553076323170560,HTTP Connection Reused,ratio,p99,1.00
28,1780553075323170560,1780553076323170560,HTTP Connection Reused,ratio,std,0.00
28,1780553075323170560,1780553076323170560,HTTP Data Received,KB,avg,15.80
28,1780553075323170560,1780553076323170560,HTTP Data Received,KB,min,15.80
28,1780553075323170560,1780553076323170560,HTTP Data Received,KB,max,15.80
28,1780553075323170560,1780553076323170560,HTTP Data Received,KB,sum,15.80
28,1780553075323170560,1780553076323170560,HTTP Data Received,KB,p1,15.80
28,1780553075323170560,1780553076323170560,HTTP Data Received,KB,p5,15.80
28,1780553075323170560,1780553076323170560,HTTP Data Received,KB,p10,15.80
28,1780553075323170560,1780553076323170560,HTTP Data Received,KB,p25,15.80
28,1780553075323170560,1780553076323170560,HTTP Data Received,KB,p50,15.80
28,1780553075323170560,1780553076323170560,HTTP Data Received,KB,p75,15.80
28,1780553075323170560,1780553076323170560,HTTP Data Received,KB,p90,15.80
28,1780553075323170560,1780553076323170560,HTTP Data Received,KB,p95,15.80
28,1780553075323170560,1780553076323170560,HTTP Data Received,KB,p99,15.80
28,1780553075323170560,1780553076323170560,HTTP Data Received,KB,std,0.00
28,1780553075323170560,1780553076323170560,HTTP Data Sent,KB,avg,327.92
28,1780553075323170560,1780553076323170560,HTTP Data Sent,KB,min,327.92
28,1780553075323170560,1780553076323170560,HTTP Data Sent,KB,max,327.92
28,1780553075323170560,1780553076323170560,HTTP Data Sent,KB,sum,327.92
28,1780553075323170560,1780553076323170560,HTTP Data Sent,KB,p1,327.92
28,1780553075323170560,1780553076323170560,HTTP Data Sent,KB,p5,327.92
28,1780553075323170560,1780553076323170560,HTTP Data Sent,KB,p10,327.92
28,1780553075323170560,1780553076323170560,HTTP Data Sent,KB,p25,327.92
28,1780553075323170560,1780553076323170560,HTTP Data Sent,KB,p50,327.92
28,1780553075323170560,1780553076323170560,HTTP Data Sent,KB,p75,327.92
28,1780553075323170560,1780553076323170560,HTTP Data Sent,KB,p90,327.92
28,1780553075323170560,1780553076323170560,HTTP Data Sent,KB,p95,327.92
28,1780553075323170560,1780553076323170560,HTTP Data Sent,KB,p99,327.92
28,1780553075323170560,1780553076323170560,HTTP Data Sent,KB,std,0.00
28,1780553075323170560,1780553076323170560,HTTP DNS Lookup,ms,avg,0.00
28,1780553075323170560,1780553076323170560,HTTP DNS Lookup,ms,min,0.00
28,1780553075323170560,1780553076323170560,HTTP DNS Lookup,ms,max,0.00
28,1780553075323170560,1780553076323170560,HTTP DNS Lookup,ms,sum,0.00
28,1780553075323170560,1780553076323170560,HTTP DNS Lookup,ms,p1,0.00
28,1780553075323170560,1780553076323170560,HTTP DNS Lookup,ms,p5,0.00
28,1780553075323170560,1780553076323170560,HTTP DNS Lookup,ms,p10,0.00
28,1780553075323170560,1780553076323170560,HTTP DNS Lookup,ms,p25,0.00
28,1780553075323170560,1780553076323170560,HTTP DNS Lookup,ms,p50,0.00
28,1780553075323170560,1780553076323170560,HTTP DNS Lookup,ms,p75,0.00
28,1780553075323170560,1780553076323170560,HTTP DNS Lookup,ms,p90,0.00
28,1780553075323170560,1780553076323170560,HTTP DNS Lookup,ms,p95,0.00
28,1780553075323170560,1780553076323170560,HTTP DNS Lookup,ms,p99,0.00
28,1780553075323170560,1780553076323170560,HTTP DNS Lookup,ms,std,0.00
28,1780553075323170560,1780553076323170560,HTTP Duration (excl. conn),ms,avg,77582.88
28,1780553075323170560,1780553076323170560,HTTP Duration (excl. conn),ms,min,77582.88
28,1780553075323170560,1780553076323170560,HTTP Duration (excl. conn),ms,max,77582.88
28,1780553075323170560,1780553076323170560,HTTP Duration (excl. conn),ms,sum,77582.88
28,1780553075323170560,1780553076323170560,HTTP Duration (excl. conn),ms,p1,77582.88
28,1780553075323170560,1780553076323170560,HTTP Duration (excl. conn),ms,p5,77582.88
28,1780553075323170560,1780553076323170560,HTTP Duration (excl. conn),ms,p10,77582.88
28,1780553075323170560,1780553076323170560,HTTP Duration (excl. conn),ms,p25,77582.88
28,1780553075323170560,1780553076323170560,HTTP Duration (excl. conn),ms,p50,77582.88
28,1780553075323170560,1780553076323170560,HTTP Duration (excl. conn),ms,p75,77582.88
28,1780553075323170560,1780553076323170560,HTTP Duration (excl. conn),ms,p90,77582.88
28,1780553075323170560,1780553076323170560,HTTP Duration (excl. conn),ms,p95,77582.88
28,1780553075323170560,1780553076323170560,HTTP Duration (excl. conn),ms,p99,77582.88
28,1780553075323170560,1780553076323170560,HTTP Duration (excl. conn),ms,std,0.00
28,1780553075323170560,1780553076323170560,HTTP Receiving,ms,avg,10011.74
28,1780553075323170560,1780553076323170560,HTTP Receiving,ms,min,10011.74
28,1780553075323170560,1780553076323170560,HTTP Receiving,ms,max,10011.74
28,1780553075323170560,1780553076323170560,HTTP Receiving,ms,sum,10011.74
28,1780553075323170560,1780553076323170560,HTTP Receiving,ms,p1,10011.74
28,1780553075323170560,1780553076323170560,HTTP Receiving,ms,p5,10011.74
28,1780553075323170560,1780553076323170560,HTTP Receiving,ms,p10,10011.74
28,1780553075323170560,1780553076323170560,HTTP Receiving,ms,p25,10011.74
28,1780553075323170560,1780553076323170560,HTTP Receiving,ms,p50,10011.74
28,1780553075323170560,1780553076323170560,HTTP Receiving,ms,p75,10011.74
28,1780553075323170560,1780553076323170560,HTTP Receiving,ms,p90,10011.74
28,1780553075323170560,1780553076323170560,HTTP Receiving,ms,p95,10011.74
28,1780553075323170560,1780553076323170560,HTTP Receiving,ms,p99,10011.74
28,1780553075323170560,1780553076323170560,HTTP Receiving,ms,std,0.00
28,1780553075323170560,1780553076323170560,HTTP Sending,ms,avg,0.26
28,1780553075323170560,1780553076323170560,HTTP Sending,ms,min,0.26
28,1780553075323170560,1780553076323170560,HTTP Sending,ms,max,0.26
28,1780553075323170560,1780553076323170560,HTTP Sending,ms,sum,0.26
28,1780553075323170560,1780553076323170560,HTTP Sending,ms,p1,0.26
28,1780553075323170560,1780553076323170560,HTTP Sending,ms,p5,0.26
28,1780553075323170560,1780553076323170560,HTTP Sending,ms,p10,0.26
28,1780553075323170560,1780553076323170560,HTTP Sending,ms,p25,0.26
28,1780553075323170560,1780553076323170560,HTTP Sending,ms,p50,0.26
28,1780553075323170560,1780553076323170560,HTTP Sending,ms,p75,0.26
28,1780553075323170560,1780553076323170560,HTTP Sending,ms,p90,0.26
28,1780553075323170560,1780553076323170560,HTTP Sending,ms,p95,0.26
28,1780553075323170560,1780553076323170560,HTTP Sending,ms,p99,0.26
28,1780553075323170560,1780553076323170560,HTTP Sending,ms,std,0.00
28,1780553075323170560,1780553076323170560,HTTP Total Time,ms,avg,77582.88
28,1780553075323170560,1780553076323170560,HTTP Total Time,ms,min,77582.88
28,1780553075323170560,1780553076323170560,HTTP Total Time,ms,max,77582.88
28,1780553075323170560,1780553076323170560,HTTP Total Time,ms,sum,77582.88
28,1780553075323170560,1780553076323170560,HTTP Total Time,ms,p1,77582.88
28,1780553075323170560,1780553076323170560,HTTP Total Time,ms,p5,77582.88
28,1780553075323170560,1780553076323170560,HTTP Total Time,ms,p10,77582.88
28,1780553075323170560,1780553076323170560,HTTP Total Time,ms,p25,77582.88
28,1780553075323170560,1780553076323170560,HTTP Total Time,ms,p50,77582.88
28,1780553075323170560,1780553076323170560,HTTP Total Time,ms,p75,77582.88
28,1780553075323170560,1780553076323170560,HTTP Total Time,ms,p90,77582.88
28,1780553075323170560,1780553076323170560,HTTP Total Time,ms,p95,77582.88
28,1780553075323170560,1780553076323170560,HTTP Total Time,ms,p99,77582.88
28,1780553075323170560,1780553076323170560,HTTP Total Time,ms,std,0.00
28,1780553075323170560,1780553076323170560,HTTP Waiting (TTFB),ms,avg,67570.89
28,1780553075323170560,1780553076323170560,HTTP Waiting (TTFB),ms,min,67570.89
28,1780553075323170560,1780553076323170560,HTTP Waiting (TTFB),ms,max,67570.89
28,1780553075323170560,1780553076323170560,HTTP Waiting (TTFB),ms,sum,67570.89
28,1780553075323170560,1780553076323170560,HTTP Waiting (TTFB),ms,p1,67570.89
28,1780553075323170560,1780553076323170560,HTTP Waiting (TTFB),ms,p5,67570.89
28,1780553075323170560,1780553076323170560,HTTP Waiting (TTFB),ms,p10,67570.89
28,1780553075323170560,1780553076323170560,HTTP Waiting (TTFB),ms,p25,67570.89
28,1780553075323170560,1780553076323170560,HTTP Waiting (TTFB),ms,p50,67570.89
28,1780553075323170560,1780553076323170560,HTTP Waiting (TTFB),ms,p75,67570.89
28,1780553075323170560,1780553076323170560,HTTP Waiting (TTFB),ms,p90,67570.89
28,1780553075323170560,1780553076323170560,HTTP Waiting (TTFB),ms,p95,67570.89
28,1780553075323170560,1780553076323170560,HTTP Waiting (TTFB),ms,p99,67570.89
28,1780553075323170560,1780553076323170560,HTTP Waiting (TTFB),ms,std,0.00
28,1780553075323170560,1780553076323170560,Input Sequence Length,tokens,avg,84774.00
28,1780553075323170560,1780553076323170560,Input Sequence Length,tokens,min,84774.00
28,1780553075323170560,1780553076323170560,Input Sequence Length,tokens,max,84774.00
28,1780553075323170560,1780553076323170560,Input Sequence Length,tokens,sum,84774.00
28,1780553075323170560,1780553076323170560,Input Sequence Length,tokens,p1,84774.00
28,1780553075323170560,1780553076323170560,Input Sequence Length,tokens,p5,84774.00
28,1780553075323170560,1780553076323170560,Input Sequence Length,tokens,p10,84774.00
28,1780553075323170560,1780553076323170560,Input Sequence Length,tokens,p25,84774.00
28,1780553075323170560,1780553076323170560,Input Sequence Length,tokens,p50,84774.00
28,1780553075323170560,1780553076323170560,Input Sequence Length,tokens,p75,84774.00
28,1780553075323170560,1780553076323170560,Input Sequence Length,tokens,p90,84774.00
28,1780553075323170560,1780553076323170560,Input Sequence Length,tokens,p95,84774.00
28,1780553075323170560,1780553076323170560,Input Sequence Length,tokens,p99,84774.00
28,1780553075323170560,1780553076323170560,Input Sequence Length,tokens,std,0.00
28,1780553075323170560,1780553076323170560,Input Token Throughput,tokens/sec,avg,84774.00
28,1780553075323170560,1780553076323170560,Inter Chunk Latency,ms,avg,59.32
28,1780553075323170560,1780553076323170560,Inter Chunk Latency,ms,min,59.15
28,1780553075323170560,1780553076323170560,Inter Chunk Latency,ms,max,59.52
28,1780553075323170560,1780553076323170560,Inter Chunk Latency,ms,sum,3559.23
28,1780553075323170560,1780553076323170560,Inter Chunk Latency,ms,p1,59.15
28,1780553075323170560,1780553076323170560,Inter Chunk Latency,ms,p5,59.16
28,1780553075323170560,1780553076323170560,Inter Chunk Latency,ms,p10,59.19
28,1780553075323170560,1780553076323170560,Inter Chunk Latency,ms,p25,59.22
28,1780553075323170560,1780553076323170560,Inter Chunk Latency,ms,p50,59.31
28,1780553075323170560,1780553076323170560,Inter Chunk Latency,ms,p75,59.42
28,1780553075323170560,1780553076323170560,Inter Chunk Latency,ms,p90,59.45
28,1780553075323170560,1780553076323170560,Inter Chunk Latency,ms,p95,59.46
28,1780553075323170560,1780553076323170560,Inter Chunk Latency,ms,p99,59.51
28,1780553075323170560,1780553076323170560,Inter Chunk Latency,ms,std,0.10
28,1780553075323170560,1780553076323170560,Inter Token Latency,ms,avg,166.86
28,1780553075323170560,1780553076323170560,Inter Token Latency,ms,min,166.86
28,1780553075323170560,1780553076323170560,Inter Token Latency,ms,max,166.86
28,1780553075323170560,1780553076323170560,Inter Token Latency,ms,sum,166.86
28,1780553075323170560,1780553076323170560,Inter Token Latency,ms,p1,166.86
28,1780553075323170560,1780553076323170560,Inter Token Latency,ms,p5,166.86
28,1780553075323170560,1780553076323170560,Inter Token Latency,ms,p10,166.86
28,1780553075323170560,1780553076323170560,Inter Token Latency,ms,p25,166.86
28,1780553075323170560,1780553076323170560,Inter Token Latency,ms,p50,166.86
28,1780553075323170560,1780553076323170560,Inter Token Latency,ms,p75,166.86
28,1780553075323170560,1780553076323170560,Inter Token Latency,ms,p90,166.86
28,1780553075323170560,1780553076323170560,Inter Token Latency,ms,p95,166.86
28,1780553075323170560,1780553076323170560,Inter Token Latency,ms,p99,166.86
28,1780553075323170560,1780553076323170560,Inter Token Latency,ms,std,0.00
28,1780553075323170560,1780553076323170560,Maximum Response Timestamp,ns,avg,1780553153423492864.00
28,1780553075323170560,1780553076323170560,Minimum Request Timestamp,ns,avg,1780553075840485376.00
28,1780553075323170560,1780553076323170560,OSL Mismatch Count,requests,avg,0.00
28,1780553075323170560,1780553076323170560,OSL Mismatch Diff %,%,avg,0.00
28,1780553075323170560,1780553076323170560,OSL Mismatch Diff %,%,min,0.00
28,1780553075323170560,1780553076323170560,OSL Mismatch Diff %,%,max,0.00
28,1780553075323170560,1780553076323170560,OSL Mismatch Diff %,%,sum,0.00
28,1780553075323170560,1780553076323170560,OSL Mismatch Diff %,%,p1,0.00
28,1780553075323170560,1780553076323170560,OSL Mismatch Diff %,%,p5,0.00
28,1780553075323170560,1780553076323170560,OSL Mismatch Diff %,%,p10,0.00
28,1780553075323170560,1780553076323170560,OSL Mismatch Diff %,%,p25,0.00
28,1780553075323170560,1780553076323170560,OSL Mismatch Diff %,%,p50,0.00
28,1780553075323170560,1780553076323170560,OSL Mismatch Diff %,%,p75,0.00
28,1780553075323170560,1780553076323170560,OSL Mismatch Diff %,%,p90,0.00
28,1780553075323170560,1780553076323170560,OSL Mismatch Diff %,%,p95,0.00
28,1780553075323170560,1780553076323170560,OSL Mismatch Diff %,%,p99,0.00
28,1780553075323170560,1780553076323170560,OSL Mismatch Diff %,%,std,0.00
28,1780553075323170560,1780553076323170560,Output Sequence Length,tokens,avg,61.00
28,1780553075323170560,1780553076323170560,Output Sequence Length,tokens,min,61.00
28,1780553075323170560,1780553076323170560,Output Sequence Length,tokens,max,61.00
28,1780553075323170560,1780553076323170560,Output Sequence Length,tokens,sum,61.00
28,1780553075323170560,1780553076323170560,Output Sequence Length,tokens,p1,61.00
28,1780553075323170560,1780553076323170560,Output Sequence Length,tokens,p5,61.00
28,1780553075323170560,1780553076323170560,Output Sequence Length,tokens,p10,61.00
28,1780553075323170560,1780553076323170560,Output Sequence Length,tokens,p25,61.00
28,1780553075323170560,1780553076323170560,Output Sequence Length,tokens,p50,61.00
28,1780553075323170560,1780553076323170560,Output Sequence Length,tokens,p75,61.00
28,1780553075323170560,1780553076323170560,Output Sequence Length,tokens,p90,61.00
28,1780553075323170560,1780553076323170560,Output Sequence Length,tokens,p95,61.00
28,1780553075323170560,1780553076323170560,Output Sequence Length,tokens,p99,61.00
28,1780553075323170560,1780553076323170560,Output Sequence Length,tokens,std,0.00
28,1780553075323170560,1780553076323170560,Output Token Count,tokens,avg,61.00
28,1780553075323170560,1780553076323170560,Output Token Count,tokens,min,61.00
28,1780553075323170560,1780553076323170560,Output Token Count,tokens,max,61.00
28,1780553075323170560,1780553076323170560,Output Token Count,tokens,sum,61.00
28,1780553075323170560,1780553076323170560,Output Token Count,tokens,p1,61.00
28,1780553075323170560,1780553076323170560,Output Token Count,tokens,p5,61.00
28,1780553075323170560,1780553076323170560,Output Token Count,tokens,p10,61.00
28,1780553075323170560,1780553076323170560,Output Token Count,tokens,p25,61.00
28,1780553075323170560,1780553076323170560,Output Token Count,tokens,p50,61.00
28,1780553075323170560,1780553076323170560,Output Token Count,tokens,p75,61.00
28,1780553075323170560,1780553076323170560,Output Token Count,tokens,p90,61.00
28,1780553075323170560,1780553076323170560,Output Token Count,tokens,p95,61.00
28,1780553075323170560,1780553076323170560,Output Token Count,tokens,p99,61.00
28,1780553075323170560,1780553076323170560,Output Token Count,tokens,std,0.00
28,1780553075323170560,1780553076323170560,Output Token Throughput,tokens/sec,avg,61.00
28,1780553075323170560,1780553076323170560,Output Token Throughput Per User,tokens/sec/user,avg,5.99
28,1780553075323170560,1780553076323170560,Output Token Throughput Per User,tokens/sec/user,min,5.99
28,1780553075323170560,1780553076323170560,Output Token Throughput Per User,tokens/sec/user,max,5.99
28,1780553075323170560,1780553076323170560,Output Token Throughput Per User,tokens/sec/user,sum,5.99
28,1780553075323170560,1780553076323170560,Output Token Throughput Per User,tokens/sec/user,p1,5.99
28,1780553075323170560,1780553076323170560,Output Token Throughput Per User,tokens/sec/user,p5,5.99
28,1780553075323170560,1780553076323170560,Output Token Throughput Per User,tokens/sec/user,p10,5.99
28,1780553075323170560,1780553076323170560,Output Token Throughput Per User,tokens/sec/user,p25,5.99
28,1780553075323170560,1780553076323170560,Output Token Throughput Per User,tokens/sec/user,p50,5.99
28,1780553075323170560,1780553076323170560,Output Token Throughput Per User,tokens/sec/user,p75,5.99
28,1780553075323170560,1780553076323170560,Output Token Throughput Per User,tokens/sec/user,p90,5.99
28,1780553075323170560,1780553076323170560,Output Token Throughput Per User,tokens/sec/user,p95,5.99
28,1780553075323170560,1780553076323170560,Output Token Throughput Per User,tokens/sec/user,p99,5.99
28,1780553075323170560,1780553076323170560,Output Token Throughput Per User,tokens/sec/user,std,0.00
28,1780553075323170560,1780553076323170560,Prefill Throughput Per User,tokens/sec/user,avg,1254.59
28,1780553075323170560,1780553076323170560,Prefill Throughput Per User,tokens/sec/user,min,1254.59
28,1780553075323170560,1780553076323170560,Prefill Throughput Per User,tokens/sec/user,max,1254.59
28,1780553075323170560,1780553076323170560,Prefill Throughput Per User,tokens/sec/user,sum,1254.59
28,1780553075323170560,1780553076323170560,Prefill Throughput Per User,tokens/sec/user,p1,1254.59
28,1780553075323170560,1780553076323170560,Prefill Throughput Per User,tokens/sec/user,p5,1254.59
28,1780553075323170560,1780553076323170560,Prefill Throughput Per User,tokens/sec/user,p10,1254.59
28,1780553075323170560,1780553076323170560,Prefill Throughput Per User,tokens/sec/user,p25,1254.59
28,1780553075323170560,1780553076323170560,Prefill Throughput Per User,tokens/sec/user,p50,1254.59
28,1780553075323170560,1780553076323170560,Prefill Throughput Per User,tokens/sec/user,p75,1254.59
28,1780553075323170560,1780553076323170560,Prefill Throughput Per User,tokens/sec/user,p90,1254.59
28,1780553075323170560,1780553076323170560,Prefill Throughput Per User,tokens/sec/user,p95,1254.59
28,1780553075323170560,1780553076323170560,Prefill Throughput Per User,tokens/sec/user,p99,1254.59
28,1780553075323170560,1780553076323170560,Prefill Throughput Per User,tokens/sec/user,std,0.00
28,1780553075323170560,1780553076323170560,Request Count,requests,avg,1.00
28,1780553075323170560,1780553076323170560,Request Latency,ms,avg,77583.01
28,1780553075323170560,1780553076323170560,Request Latency,ms,min,77583.01
28,1780553075323170560,1780553076323170560,Request Latency,ms,max,77583.01
28,1780553075323170560,1780553076323170560,Request Latency,ms,sum,77583.01
28,1780553075323170560,1780553076323170560,Request Latency,ms,p1,77583.01
28,1780553075323170560,1780553076323170560,Request Latency,ms,p5,77583.01
28,1780553075323170560,1780553076323170560,Request Latency,ms,p10,77583.01
28,1780553075323170560,1780553076323170560,Request Latency,ms,p25,77583.01
28,1780553075323170560,1780553076323170560,Request Latency,ms,p50,77583.01
28,1780553075323170560,1780553076323170560,Request Latency,ms,p75,77583.01
28,1780553075323170560,1780553076323170560,Request Latency,ms,p90,77583.01
28,1780553075323170560,1780553076323170560,Request Latency,ms,p95,77583.01
28,1780553075323170560,1780553076323170560,Request Latency,ms,p99,77583.01
28,1780553075323170560,1780553076323170560,Request Latency,ms,std,0.00
28,1780553075323170560,1780553076323170560,Request Throughput,requests/sec,avg,1.00
28,1780553075323170560,1780553076323170560,Requested OSL,tokens,avg,61.00
28,1780553075323170560,1780553076323170560,Requested OSL,tokens,min,61.00
28,1780553075323170560,1780553076323170560,Requested OSL,tokens,max,61.00
28,1780553075323170560,1780553076323170560,Requested OSL,tokens,sum,61.00
28,1780553075323170560,1780553076323170560,Requested OSL,tokens,p1,61.00
28,1780553075323170560,1780553076323170560,Requested OSL,tokens,p5,61.00
28,1780553075323170560,1780553076323170560,Requested OSL,tokens,p10,61.00
28,1780553075323170560,1780553076323170560,Requested OSL,tokens,p25,61.00
28,1780553075323170560,1780553076323170560,Requested OSL,tokens,p50,61.00
28,1780553075323170560,1780553076323170560,Requested OSL,tokens,p75,61.00
28,1780553075323170560,1780553076323170560,Requested OSL,tokens,p90,61.00
28,1780553075323170560,1780553076323170560,Requested OSL,tokens,p95,61.00
28,1780553075323170560,1780553076323170560,Requested OSL,tokens,p99,61.00
28,1780553075323170560,1780553076323170560,Requested OSL,tokens,std,0.00
28,1780553075323170560,1780553076323170560,Time to First Output Token,ms,avg,67571.27
28,1780553075323170560,1780553076323170560,Time to First Output Token,ms,min,67571.27
28,1780553075323170560,1780553076323170560,Time to First Output Token,ms,max,67571.27
28,1780553075323170560,1780553076323170560,Time to First Output Token,ms,sum,67571.27
28,1780553075323170560,1780553076323170560,Time to First Output Token,ms,p1,67571.27
28,1780553075323170560,1780553076323170560,Time to First Output Token,ms,p5,67571.27
28,1780553075323170560,1780553076323170560,Time to First Output Token,ms,p10,67571.27
28,1780553075323170560,1780553076323170560,Time to First Output Token,ms,p25,67571.27
28,1780553075323170560,1780553076323170560,Time to First Output Token,ms,p50,67571.27
28,1780553075323170560,1780553076323170560,Time to First Output Token,ms,p75,67571.27
28,1780553075323170560,1780553076323170560,Time to First Output Token,ms,p90,67571.27
28,1780553075323170560,1780553076323170560,Time to First Output Token,ms,p95,67571.27
28,1780553075323170560,1780553076323170560,Time to First Output Token,ms,p99,67571.27
28,1780553075323170560,1780553076323170560,Time to First Output Token,ms,std,0.00
28,1780553075323170560,1780553076323170560,Time to First Token,ms,avg,67571.27
28,1780553075323170560,1780553076323170560,Time to First Token,ms,min,67571.27
28,1780553075323170560,1780553076323170560,Time to First Token,ms,max,67571.27
28,1780553075323170560,1780553076323170560,Time to First Token,ms,sum,67571.27
28,1780553075323170560,1780553076323170560,Time to First Token,ms,p1,67571.27
28,1780553075323170560,1780553076323170560,Time to First Token,ms,p5,67571.27
28,1780553075323170560,1780553076323170560,Time to First Token,ms,p10,67571.27
28,1780553075323170560,1780553076323170560,Time to First Token,ms,p25,67571.27
28,1780553075323170560,1780553076323170560,Time to First Token,ms,p50,67571.27
28,1780553075323170560,1780553076323170560,Time to First Token,ms,p75,67571.27
28,1780553075323170560,1780553076323170560,Time to First Token,ms,p90,67571.27
28,1780553075323170560,1780553076323170560,Time to First Token,ms,p95,67571.27
28,1780553075323170560,1780553076323170560,Time to First Token,ms,p99,67571.27
28,1780553075323170560,1780553076323170560,Time to First Token,ms,std,0.00
28,1780553075323170560,1780553076323170560,Time to Second Token,ms,avg,177.21
28,1780553075323170560,1780553076323170560,Time to Second Token,ms,min,177.21
28,1780553075323170560,1780553076323170560,Time to Second Token,ms,max,177.21
28,1780553075323170560,1780553076323170560,Time to Second Token,ms,sum,177.21
28,1780553075323170560,1780553076323170560,Time to Second Token,ms,p1,177.21
28,1780553075323170560,1780553076323170560,Time to Second Token,ms,p5,177.21
28,1780553075323170560,1780553076323170560,Time to Second Token,ms,p10,177.21
28,1780553075323170560,1780553076323170560,Time to Second Token,ms,p25,177.21
28,1780553075323170560,1780553076323170560,Time to Second Token,ms,p50,177.21
28,1780553075323170560,1780553076323170560,Time to Second Token,ms,p75,177.21
28,1780553075323170560,1780553076323170560,Time to Second Token,ms,p90,177.21
28,1780553075323170560,1780553076323170560,Time to Second Token,ms,p95,177.21
28,1780553075323170560,1780553076323170560,Time to Second Token,ms,p99,177.21
28,1780553075323170560,1780553076323170560,Time to Second Token,ms,std,0.00
28,1780553075323170560,1780553076323170560,Tokens In Flight,tokens,avg,1452298.82
28,1780553075323170560,1780553076323170560,Tokens In Flight,tokens,min,1411300.14
28,1780553075323170560,1780553076323170560,Tokens In Flight,tokens,max,1496234.62
28,1780553075323170560,1780553076323170560,Tokens In Flight,tokens,p50,1411380.77
28,1780553075323170560,1780553076323170560,Tokens In Flight,tokens,p90,1496217.75
28,1780553075323170560,1780553076323170560,Tokens In Flight,tokens,p95,1496225.79
28,1780553075323170560,1780553076323170560,Tokens In Flight,tokens,p99,1496231.60
28,1780553075323170560,1780553076323170560,Tokens In Flight,tokens,std,42401.28
28,1780553075323170560,1780553076323170560,Total Input Sequence Length,tokens,avg,84774.00
28,1780553075323170560,1780553076323170560,Total Output Sequence Length,tokens,avg,61.00
28,1780553075323170560,1780553076323170560,Total Output Tokens,tokens,avg,61.00
28,1780553075323170560,1780553076323170560,Total Token Throughput,tokens/sec,avg,84835.00
28,1780553075323170560,1780553076323170560,Total Usage Completion Tokens,tokens,avg,61.00
28,1780553075323170560,1780553076323170560,Total Usage Prompt Tokens,tokens,avg,84774.00
28,1780553075323170560,1780553076323170560,Total Usage Total Tokens,tokens,avg,84835.00
28,1780553075323170560,1780553076323170560,Usage Completion Tokens,tokens,avg,61.00
28,1780553075323170560,1780553076323170560,Usage Completion Tokens,tokens,min,61.00
28,1780553075323170560,1780553076323170560,Usage Completion Tokens,tokens,max,61.00
28,1780553075323170560,1780553076323170560,Usage Completion Tokens,tokens,sum,61.00
28,1780553075323170560,1780553076323170560,Usage Completion Tokens,tokens,p1,61.00
28,1780553075323170560,1780553076323170560,Usage Completion Tokens,tokens,p5,61.00
28,1780553075323170560,1780553076323170560,Usage Completion Tokens,tokens,p10,61.00
28,1780553075323170560,1780553076323170560,Usage Completion Tokens,tokens,p25,61.00
28,1780553075323170560,1780553076323170560,Usage Completion Tokens,tokens,p50,61.00
28,1780553075323170560,1780553076323170560,Usage Completion Tokens,tokens,p75,61.00
28,1780553075323170560,1780553076323170560,Usage Completion Tokens,tokens,p90,61.00
28,1780553075323170560,1780553076323170560,Usage Completion Tokens,tokens,p95,61.00
28,1780553075323170560,1780553076323170560,Usage Completion Tokens,tokens,p99,61.00
28,1780553075323170560,1780553076323170560,Usage Completion Tokens,tokens,std,0.00
28,1780553075323170560,1780553076323170560,Usage Prompt Tokens,tokens,avg,84774.00
28,1780553075323170560,1780553076323170560,Usage Prompt Tokens,tokens,min,84774.00
28,1780553075323170560,1780553076323170560,Usage Prompt Tokens,tokens,max,84774.00
28,1780553075323170560,1780553076323170560,Usage Prompt Tokens,tokens,sum,84774.00
28,1780553075323170560,1780553076323170560,Usage Prompt Tokens,tokens,p1,84774.00
28,1780553075323170560,1780553076323170560,Usage Prompt Tokens,tokens,p5,84774.00
28,1780553075323170560,1780553076323170560,Usage Prompt Tokens,tokens,p10,84774.00
28,1780553075323170560,1780553076323170560,Usage Prompt Tokens,tokens,p25,84774.00
28,1780553075323170560,1780553076323170560,Usage Prompt Tokens,tokens,p50,84774.00
28,1780553075323170560,1780553076323170560,Usage Prompt Tokens,tokens,p75,84774.00
28,1780553075323170560,1780553076323170560,Usage Prompt Tokens,tokens,p90,84774.00
28,1780553075323170560,1780553076323170560,Usage Prompt Tokens,tokens,p95,84774.00
28,1780553075323170560,1780553076323170560,Usage Prompt Tokens,tokens,p99,84774.00
28,1780553075323170560,1780553076323170560,Usage Prompt Tokens,tokens,std,0.00
28,1780553075323170560,1780553076323170560,Usage Total Tokens,tokens,avg,84835.00
28,1780553075323170560,1780553076323170560,Usage Total Tokens,tokens,min,84835.00
28,1780553075323170560,1780553076323170560,Usage Total Tokens,tokens,max,84835.00
28,1780553075323170560,1780553076323170560,Usage Total Tokens,tokens,sum,84835.00
28,1780553075323170560,1780553076323170560,Usage Total Tokens,tokens,p1,84835.00
28,1780553075323170560,1780553076323170560,Usage Total Tokens,tokens,p5,84835.00
28,1780553075323170560,1780553076323170560,Usage Total Tokens,tokens,p10,84835.00
28,1780553075323170560,1780553076323170560,Usage Total Tokens,tokens,p25,84835.00
28,1780553075323170560,1780553076323170560,Usage Total Tokens,tokens,p50,84835.00
28,1780553075323170560,1780553076323170560,Usage Total Tokens,tokens,p75,84835.00
28,1780553075323170560,1780553076323170560,Usage Total Tokens,tokens,p90,84835.00
28,1780553075323170560,1780553076323170560,Usage Total Tokens,tokens,p95,84835.00
28,1780553075323170560,1780553076323170560,Usage Total Tokens,tokens,p99,84835.00
28,1780553075323170560,1780553076323170560,Usage Total Tokens,tokens,std,0.00
29,1780553102323170560,1780553103323170560,Active Decode Throughput,tokens/sec,avg,105.15
29,1780553102323170560,1780553103323170560,Active Decode Throughput,tokens/sec,min,78.42
29,1780553102323170560,1780553103323170560,Active Decode Throughput,tokens/sec,max,131.88
29,1780553102323170560,1780553103323170560,Active Decode Throughput,tokens/sec,p50,105.15
29,1780553102323170560,1780553103323170560,Active Decode Throughput,tokens/sec,p90,105.16
29,1780553102323170560,1780553103323170560,Active Decode Throughput,tokens/sec,p95,105.16
29,1780553102323170560,1780553103323170560,Active Decode Throughput,tokens/sec,p99,105.16
29,1780553102323170560,1780553103323170560,Active Decode Throughput,tokens/sec,std,0.04
29,1780553102323170560,1780553103323170560,Active Decode Throughput Per User,tokens/sec/user,avg,9.56
29,1780553102323170560,1780553103323170560,Active Decode Throughput Per User,tokens/sec/user,min,7.13
29,1780553102323170560,1780553103323170560,Active Decode Throughput Per User,tokens/sec/user,max,11.99
29,1780553102323170560,1780553103323170560,Active Decode Throughput Per User,tokens/sec/user,p50,9.56
29,1780553102323170560,1780553103323170560,Active Decode Throughput Per User,tokens/sec/user,p90,9.56
29,1780553102323170560,1780553103323170560,Active Decode Throughput Per User,tokens/sec/user,p95,9.56
29,1780553102323170560,1780553103323170560,Active Decode Throughput Per User,tokens/sec/user,p99,9.56
29,1780553102323170560,1780553103323170560,Active Decode Throughput Per User,tokens/sec/user,std,0.00
29,1780553102323170560,1780553103323170560,Active Prefill Throughput,tokens/sec,avg,6020.01
29,1780553102323170560,1780553103323170560,Active Prefill Throughput,tokens/sec,min,5221.60
29,1780553102323170560,1780553103323170560,Active Prefill Throughput,tokens/sec,max,6352.76
29,1780553102323170560,1780553103323170560,Active Prefill Throughput,tokens/sec,p50,6352.76
29,1780553102323170560,1780553103323170560,Active Prefill Throughput,tokens/sec,p90,6352.76
29,1780553102323170560,1780553103323170560,Active Prefill Throughput,tokens/sec,p95,6352.76
29,1780553102323170560,1780553103323170560,Active Prefill Throughput,tokens/sec,p99,6352.76
29,1780553102323170560,1780553103323170560,Active Prefill Throughput,tokens/sec,std,515.44
29,1780553102323170560,1780553103323170560,Active Prefill Throughput Per User,tokens/sec/user,avg,1633.01
29,1780553102323170560,1780553103323170560,Active Prefill Throughput Per User,tokens/sec/user,min,1588.19
29,1780553102323170560,1780553103323170560,Active Prefill Throughput Per User,tokens/sec/user,max,1740.53
29,1780553102323170560,1780553103323170560,Active Prefill Throughput Per User,tokens/sec/user,p50,1588.19
29,1780553102323170560,1780553103323170560,Active Prefill Throughput Per User,tokens/sec/user,p90,1740.53
29,1780553102323170560,1780553103323170560,Active Prefill Throughput Per User,tokens/sec/user,p95,1740.53
29,1780553102323170560,1780553103323170560,Active Prefill Throughput Per User,tokens/sec/user,p99,1740.53
29,1780553102323170560,1780553103323170560,Active Prefill Throughput Per User,tokens/sec/user,std,69.42
29,1780553102323170560,1780553103323170560,Active Total Throughput,tokens/sec,avg,6105.55
29,1780553102323170560,1780553103323170560,Active Total Throughput,tokens/sec,min,5307.14
29,1780553102323170560,1780553103323170560,Active Total Throughput,tokens/sec,max,6438.31
29,1780553102323170560,1780553103323170560,Active Total Throughput,tokens/sec,p50,6438.31
29,1780553102323170560,1780553103323170560,Active Total Throughput,tokens/sec,p90,6438.31
29,1780553102323170560,1780553103323170560,Active Total Throughput,tokens/sec,p95,6438.31
29,1780553102323170560,1780553103323170560,Active Total Throughput,tokens/sec,p99,6438.31
29,1780553102323170560,1780553103323170560,Active Total Throughput,tokens/sec,std,515.44
29,1780553102323170560,1780553103323170560,Benchmark Duration,sec,avg,114.03
29,1780553102323170560,1780553103323170560,E2E Output Token Throughput,tokens/sec/user,avg,2.58
29,1780553102323170560,1780553103323170560,E2E Output Token Throughput,tokens/sec/user,min,2.58
29,1780553102323170560,1780553103323170560,E2E Output Token Throughput,tokens/sec/user,max,2.58
29,1780553102323170560,1780553103323170560,E2E Output Token Throughput,tokens/sec/user,sum,2.58
29,1780553102323170560,1780553103323170560,E2E Output Token Throughput,tokens/sec/user,p1,2.58
29,1780553102323170560,1780553103323170560,E2E Output Token Throughput,tokens/sec/user,p5,2.58
29,1780553102323170560,1780553103323170560,E2E Output Token Throughput,tokens/sec/user,p10,2.58
29,1780553102323170560,1780553103323170560,E2E Output Token Throughput,tokens/sec/user,p25,2.58
29,1780553102323170560,1780553103323170560,E2E Output Token Throughput,tokens/sec/user,p50,2.58
29,1780553102323170560,1780553103323170560,E2E Output Token Throughput,tokens/sec/user,p75,2.58
29,1780553102323170560,1780553103323170560,E2E Output Token Throughput,tokens/sec/user,p90,2.58
29,1780553102323170560,1780553103323170560,E2E Output Token Throughput,tokens/sec/user,p95,2.58
29,1780553102323170560,1780553103323170560,E2E Output Token Throughput,tokens/sec/user,p99,2.58
29,1780553102323170560,1780553103323170560,E2E Output Token Throughput,tokens/sec/user,std,0.00
29,1780553102323170560,1780553103323170560,Effective Concurrency,requests,avg,14.71
29,1780553102323170560,1780553103323170560,Effective Concurrency,requests,min,14.00
29,1780553102323170560,1780553103323170560,Effective Concurrency,requests,max,15.00
29,1780553102323170560,1780553103323170560,Effective Concurrency,requests,p50,15.00
29,1780553102323170560,1780553103323170560,Effective Concurrency,requests,p90,15.00
29,1780553102323170560,1780553103323170560,Effective Concurrency,requests,p95,15.00
29,1780553102323170560,1780553103323170560,Effective Concurrency,requests,p99,15.00
29,1780553102323170560,1780553103323170560,Effective Concurrency,requests,std,0.46
29,1780553102323170560,1780553103323170560,Effective Decode Concurrency,requests,avg,11.00
29,1780553102323170560,1780553103323170560,Effective Decode Concurrency,requests,min,11.00
29,1780553102323170560,1780553103323170560,Effective Decode Concurrency,requests,max,11.00
29,1780553102323170560,1780553103323170560,Effective Decode Concurrency,requests,p50,11.00
29,1780553102323170560,1780553103323170560,Effective Decode Concurrency,requests,p90,11.00
29,1780553102323170560,1780553103323170560,Effective Decode Concurrency,requests,p95,11.00
29,1780553102323170560,1780553103323170560,Effective Decode Concurrency,requests,p99,11.00
29,1780553102323170560,1780553103323170560,Effective Decode Concurrency,requests,std,0.00
29,1780553102323170560,1780553103323170560,Effective Decode Throughput,tokens/sec,avg,105.15
29,1780553102323170560,1780553103323170560,Effective Decode Throughput,tokens/sec,min,78.42
29,1780553102323170560,1780553103323170560,Effective Decode Throughput,tokens/sec,max,131.88
29,1780553102323170560,1780553103323170560,Effective Decode Throughput,tokens/sec,p50,105.15
29,1780553102323170560,1780553103323170560,Effective Decode Throughput,tokens/sec,p90,105.16
29,1780553102323170560,1780553103323170560,Effective Decode Throughput,tokens/sec,p95,105.16
29,1780553102323170560,1780553103323170560,Effective Decode Throughput,tokens/sec,p99,105.16
29,1780553102323170560,1780553103323170560,Effective Decode Throughput,tokens/sec,std,0.04
29,1780553102323170560,1780553103323170560,Effective Decode Throughput Per User,tokens/sec/user,avg,9.56
29,1780553102323170560,1780553103323170560,Effective Decode Throughput Per User,tokens/sec/user,min,7.13
29,1780553102323170560,1780553103323170560,Effective Decode Throughput Per User,tokens/sec/user,max,11.99
29,1780553102323170560,1780553103323170560,Effective Decode Throughput Per User,tokens/sec/user,p50,9.56
29,1780553102323170560,1780553103323170560,Effective Decode Throughput Per User,tokens/sec/user,p90,9.56
29,1780553102323170560,1780553103323170560,Effective Decode Throughput Per User,tokens/sec/user,p95,9.56
29,1780553102323170560,1780553103323170560,Effective Decode Throughput Per User,tokens/sec/user,p99,9.56
29,1780553102323170560,1780553103323170560,Effective Decode Throughput Per User,tokens/sec/user,std,0.00
29,1780553102323170560,1780553103323170560,Effective Prefill Concurrency,requests,avg,3.71
29,1780553102323170560,1780553103323170560,Effective Prefill Concurrency,requests,min,3.00
29,1780553102323170560,1780553103323170560,Effective Prefill Concurrency,requests,max,4.00
29,1780553102323170560,1780553103323170560,Effective Prefill Concurrency,requests,p50,4.00
29,1780553102323170560,1780553103323170560,Effective Prefill Concurrency,requests,p90,4.00
29,1780553102323170560,1780553103323170560,Effective Prefill Concurrency,requests,p95,4.00
29,1780553102323170560,1780553103323170560,Effective Prefill Concurrency,requests,p99,4.00
29,1780553102323170560,1780553103323170560,Effective Prefill Concurrency,requests,std,0.46
29,1780553102323170560,1780553103323170560,Effective Prefill Throughput,tokens/sec,avg,6020.01
29,1780553102323170560,1780553103323170560,Effective Prefill Throughput,tokens/sec,min,5221.60
29,1780553102323170560,1780553103323170560,Effective Prefill Throughput,tokens/sec,max,6352.76
29,1780553102323170560,1780553103323170560,Effective Prefill Throughput,tokens/sec,p50,6352.76
29,1780553102323170560,1780553103323170560,Effective Prefill Throughput,tokens/sec,p90,6352.76
29,1780553102323170560,1780553103323170560,Effective Prefill Throughput,tokens/sec,p95,6352.76
29,1780553102323170560,1780553103323170560,Effective Prefill Throughput,tokens/sec,p99,6352.76
29,1780553102323170560,1780553103323170560,Effective Prefill Throughput,tokens/sec,std,515.44
29,1780553102323170560,1780553103323170560,Effective Prefill Throughput Per User,tokens/sec/user,avg,1633.01
29,1780553102323170560,1780553103323170560,Effective Prefill Throughput Per User,tokens/sec/user,min,1588.19
29,1780553102323170560,1780553103323170560,Effective Prefill Throughput Per User,tokens/sec/user,max,1740.53
29,1780553102323170560,1780553103323170560,Effective Prefill Throughput Per User,tokens/sec/user,p50,1588.19
29,1780553102323170560,1780553103323170560,Effective Prefill Throughput Per User,tokens/sec/user,p90,1740.53
29,1780553102323170560,1780553103323170560,Effective Prefill Throughput Per User,tokens/sec/user,p95,1740.53
29,1780553102323170560,1780553103323170560,Effective Prefill Throughput Per User,tokens/sec/user,p99,1740.53
29,1780553102323170560,1780553103323170560,Effective Prefill Throughput Per User,tokens/sec/user,std,69.42
29,1780553102323170560,1780553103323170560,Effective Total Throughput,tokens/sec,avg,6105.55
29,1780553102323170560,1780553103323170560,Effective Total Throughput,tokens/sec,min,5307.14
29,1780553102323170560,1780553103323170560,Effective Total Throughput,tokens/sec,max,6438.31
29,1780553102323170560,1780553103323170560,Effective Total Throughput,tokens/sec,p50,6438.31
29,1780553102323170560,1780553103323170560,Effective Total Throughput,tokens/sec,p90,6438.31
29,1780553102323170560,1780553103323170560,Effective Total Throughput,tokens/sec,p95,6438.31
29,1780553102323170560,1780553103323170560,Effective Total Throughput,tokens/sec,p99,6438.31
29,1780553102323170560,1780553103323170560,Effective Total Throughput,tokens/sec,std,515.44
29,1780553102323170560,1780553103323170560,HTTP Blocked,ms,avg,0.00
29,1780553102323170560,1780553103323170560,HTTP Blocked,ms,min,0.00
29,1780553102323170560,1780553103323170560,HTTP Blocked,ms,max,0.00
29,1780553102323170560,1780553103323170560,HTTP Blocked,ms,sum,0.00
29,1780553102323170560,1780553103323170560,HTTP Blocked,ms,p1,0.00
29,1780553102323170560,1780553103323170560,HTTP Blocked,ms,p5,0.00
29,1780553102323170560,1780553103323170560,HTTP Blocked,ms,p10,0.00
29,1780553102323170560,1780553103323170560,HTTP Blocked,ms,p25,0.00
29,1780553102323170560,1780553103323170560,HTTP Blocked,ms,p50,0.00
29,1780553102323170560,1780553103323170560,HTTP Blocked,ms,p75,0.00
29,1780553102323170560,1780553103323170560,HTTP Blocked,ms,p90,0.00
29,1780553102323170560,1780553103323170560,HTTP Blocked,ms,p95,0.00
29,1780553102323170560,1780553103323170560,HTTP Blocked,ms,p99,0.00
29,1780553102323170560,1780553103323170560,HTTP Blocked,ms,std,0.00
29,1780553102323170560,1780553103323170560,HTTP Chunks Received,count,avg,294.00
29,1780553102323170560,1780553103323170560,HTTP Chunks Received,count,min,294.00
29,1780553102323170560,1780553103323170560,HTTP Chunks Received,count,max,294.00
29,1780553102323170560,1780553103323170560,HTTP Chunks Received,count,sum,294.00
29,1780553102323170560,1780553103323170560,HTTP Chunks Received,count,p1,294.00
29,1780553102323170560,1780553103323170560,HTTP Chunks Received,count,p5,294.00
29,1780553102323170560,1780553103323170560,HTTP Chunks Received,count,p10,294.00
29,1780553102323170560,1780553103323170560,HTTP Chunks Received,count,p25,294.00
29,1780553102323170560,1780553103323170560,HTTP Chunks Received,count,p50,294.00
29,1780553102323170560,1780553103323170560,HTTP Chunks Received,count,p75,294.00
29,1780553102323170560,1780553103323170560,HTTP Chunks Received,count,p90,294.00
29,1780553102323170560,1780553103323170560,HTTP Chunks Received,count,p95,294.00
29,1780553102323170560,1780553103323170560,HTTP Chunks Received,count,p99,294.00
29,1780553102323170560,1780553103323170560,HTTP Chunks Received,count,std,0.00
29,1780553102323170560,1780553103323170560,HTTP Chunks Sent,count,avg,1.00
29,1780553102323170560,1780553103323170560,HTTP Chunks Sent,count,min,1.00
29,1780553102323170560,1780553103323170560,HTTP Chunks Sent,count,max,1.00
29,1780553102323170560,1780553103323170560,HTTP Chunks Sent,count,sum,1.00
29,1780553102323170560,1780553103323170560,HTTP Chunks Sent,count,p1,1.00
29,1780553102323170560,1780553103323170560,HTTP Chunks Sent,count,p5,1.00
29,1780553102323170560,1780553103323170560,HTTP Chunks Sent,count,p10,1.00
29,1780553102323170560,1780553103323170560,HTTP Chunks Sent,count,p25,1.00
29,1780553102323170560,1780553103323170560,HTTP Chunks Sent,count,p50,1.00
29,1780553102323170560,1780553103323170560,HTTP Chunks Sent,count,p75,1.00
29,1780553102323170560,1780553103323170560,HTTP Chunks Sent,count,p90,1.00
29,1780553102323170560,1780553103323170560,HTTP Chunks Sent,count,p95,1.00
29,1780553102323170560,1780553103323170560,HTTP Chunks Sent,count,p99,1.00
29,1780553102323170560,1780553103323170560,HTTP Chunks Sent,count,std,0.00
29,1780553102323170560,1780553103323170560,HTTP Connecting,ms,avg,0.64
29,1780553102323170560,1780553103323170560,HTTP Connecting,ms,min,0.64
29,1780553102323170560,1780553103323170560,HTTP Connecting,ms,max,0.64
29,1780553102323170560,1780553103323170560,HTTP Connecting,ms,sum,0.64
29,1780553102323170560,1780553103323170560,HTTP Connecting,ms,p1,0.64
29,1780553102323170560,1780553103323170560,HTTP Connecting,ms,p5,0.64
29,1780553102323170560,1780553103323170560,HTTP Connecting,ms,p10,0.64
29,1780553102323170560,1780553103323170560,HTTP Connecting,ms,p25,0.64
29,1780553102323170560,1780553103323170560,HTTP Connecting,ms,p50,0.64
29,1780553102323170560,1780553103323170560,HTTP Connecting,ms,p75,0.64
29,1780553102323170560,1780553103323170560,HTTP Connecting,ms,p90,0.64
29,1780553102323170560,1780553103323170560,HTTP Connecting,ms,p95,0.64
29,1780553102323170560,1780553103323170560,HTTP Connecting,ms,p99,0.64
29,1780553102323170560,1780553103323170560,HTTP Connecting,ms,std,0.00
29,1780553102323170560,1780553103323170560,HTTP Connection Overhead,ms,avg,0.64
29,1780553102323170560,1780553103323170560,HTTP Connection Overhead,ms,min,0.64
29,1780553102323170560,1780553103323170560,HTTP Connection Overhead,ms,max,0.64
29,1780553102323170560,1780553103323170560,HTTP Connection Overhead,ms,sum,0.64
29,1780553102323170560,1780553103323170560,HTTP Connection Overhead,ms,p1,0.64
29,1780553102323170560,1780553103323170560,HTTP Connection Overhead,ms,p5,0.64
29,1780553102323170560,1780553103323170560,HTTP Connection Overhead,ms,p10,0.64
29,1780553102323170560,1780553103323170560,HTTP Connection Overhead,ms,p25,0.64
29,1780553102323170560,1780553103323170560,HTTP Connection Overhead,ms,p50,0.64
29,1780553102323170560,1780553103323170560,HTTP Connection Overhead,ms,p75,0.64
29,1780553102323170560,1780553103323170560,HTTP Connection Overhead,ms,p90,0.64
29,1780553102323170560,1780553103323170560,HTTP Connection Overhead,ms,p95,0.64
29,1780553102323170560,1780553103323170560,HTTP Connection Overhead,ms,p99,0.64
29,1780553102323170560,1780553103323170560,HTTP Connection Overhead,ms,std,0.00
29,1780553102323170560,1780553103323170560,HTTP Connection Reused,ratio,avg,0.00
29,1780553102323170560,1780553103323170560,HTTP Connection Reused,ratio,min,0.00
29,1780553102323170560,1780553103323170560,HTTP Connection Reused,ratio,max,0.00
29,1780553102323170560,1780553103323170560,HTTP Connection Reused,ratio,sum,0.00
29,1780553102323170560,1780553103323170560,HTTP Connection Reused,ratio,p1,0.00
29,1780553102323170560,1780553103323170560,HTTP Connection Reused,ratio,p5,0.00
29,1780553102323170560,1780553103323170560,HTTP Connection Reused,ratio,p10,0.00
29,1780553102323170560,1780553103323170560,HTTP Connection Reused,ratio,p25,0.00
29,1780553102323170560,1780553103323170560,HTTP Connection Reused,ratio,p50,0.00
29,1780553102323170560,1780553103323170560,HTTP Connection Reused,ratio,p75,0.00
29,1780553102323170560,1780553103323170560,HTTP Connection Reused,ratio,p90,0.00
29,1780553102323170560,1780553103323170560,HTTP Connection Reused,ratio,p95,0.00
29,1780553102323170560,1780553103323170560,HTTP Connection Reused,ratio,p99,0.00
29,1780553102323170560,1780553103323170560,HTTP Connection Reused,ratio,std,0.00
29,1780553102323170560,1780553103323170560,HTTP Data Received,KB,avg,73.68
29,1780553102323170560,1780553103323170560,HTTP Data Received,KB,min,73.68
29,1780553102323170560,1780553103323170560,HTTP Data Received,KB,max,73.68
29,1780553102323170560,1780553103323170560,HTTP Data Received,KB,sum,73.68
29,1780553102323170560,1780553103323170560,HTTP Data Received,KB,p1,73.68
29,1780553102323170560,1780553103323170560,HTTP Data Received,KB,p5,73.68
29,1780553102323170560,1780553103323170560,HTTP Data Received,KB,p10,73.68
29,1780553102323170560,1780553103323170560,HTTP Data Received,KB,p25,73.68
29,1780553102323170560,1780553103323170560,HTTP Data Received,KB,p50,73.68
29,1780553102323170560,1780553103323170560,HTTP Data Received,KB,p75,73.68
29,1780553102323170560,1780553103323170560,HTTP Data Received,KB,p90,73.68
29,1780553102323170560,1780553103323170560,HTTP Data Received,KB,p95,73.68
29,1780553102323170560,1780553103323170560,HTTP Data Received,KB,p99,73.68
29,1780553102323170560,1780553103323170560,HTTP Data Received,KB,std,0.00
29,1780553102323170560,1780553103323170560,HTTP Data Sent,KB,avg,191.66
29,1780553102323170560,1780553103323170560,HTTP Data Sent,KB,min,191.66
29,1780553102323170560,1780553103323170560,HTTP Data Sent,KB,max,191.66
29,1780553102323170560,1780553103323170560,HTTP Data Sent,KB,sum,191.66
29,1780553102323170560,1780553103323170560,HTTP Data Sent,KB,p1,191.66
29,1780553102323170560,1780553103323170560,HTTP Data Sent,KB,p5,191.66
29,1780553102323170560,1780553103323170560,HTTP Data Sent,KB,p10,191.66
29,1780553102323170560,1780553103323170560,HTTP Data Sent,KB,p25,191.66
29,1780553102323170560,1780553103323170560,HTTP Data Sent,KB,p50,191.66
29,1780553102323170560,1780553103323170560,HTTP Data Sent,KB,p75,191.66
29,1780553102323170560,1780553103323170560,HTTP Data Sent,KB,p90,191.66
29,1780553102323170560,1780553103323170560,HTTP Data Sent,KB,p95,191.66
29,1780553102323170560,1780553103323170560,HTTP Data Sent,KB,p99,191.66
29,1780553102323170560,1780553103323170560,HTTP Data Sent,KB,std,0.00
29,1780553102323170560,1780553103323170560,HTTP DNS Lookup,ms,avg,0.00
29,1780553102323170560,1780553103323170560,HTTP DNS Lookup,ms,min,0.00
29,1780553102323170560,1780553103323170560,HTTP DNS Lookup,ms,max,0.00
29,1780553102323170560,1780553103323170560,HTTP DNS Lookup,ms,sum,0.00
29,1780553102323170560,1780553103323170560,HTTP DNS Lookup,ms,p1,0.00
29,1780553102323170560,1780553103323170560,HTTP DNS Lookup,ms,p5,0.00
29,1780553102323170560,1780553103323170560,HTTP DNS Lookup,ms,p10,0.00
29,1780553102323170560,1780553103323170560,HTTP DNS Lookup,ms,p25,0.00
29,1780553102323170560,1780553103323170560,HTTP DNS Lookup,ms,p50,0.00
29,1780553102323170560,1780553103323170560,HTTP DNS Lookup,ms,p75,0.00
29,1780553102323170560,1780553103323170560,HTTP DNS Lookup,ms,p90,0.00
29,1780553102323170560,1780553103323170560,HTTP DNS Lookup,ms,p95,0.00
29,1780553102323170560,1780553103323170560,HTTP DNS Lookup,ms,p99,0.00
29,1780553102323170560,1780553103323170560,HTTP DNS Lookup,ms,std,0.00
29,1780553102323170560,1780553103323170560,HTTP Duration (excl. conn),ms,avg,114034.17
29,1780553102323170560,1780553103323170560,HTTP Duration (excl. conn),ms,min,114034.17
29,1780553102323170560,1780553103323170560,HTTP Duration (excl. conn),ms,max,114034.17
29,1780553102323170560,1780553103323170560,HTTP Duration (excl. conn),ms,sum,114034.17
29,1780553102323170560,1780553103323170560,HTTP Duration (excl. conn),ms,p1,114034.17
29,1780553102323170560,1780553103323170560,HTTP Duration (excl. conn),ms,p5,114034.17
29,1780553102323170560,1780553103323170560,HTTP Duration (excl. conn),ms,p10,114034.17
29,1780553102323170560,1780553103323170560,HTTP Duration (excl. conn),ms,p25,114034.17
29,1780553102323170560,1780553103323170560,HTTP Duration (excl. conn),ms,p50,114034.17
29,1780553102323170560,1780553103323170560,HTTP Duration (excl. conn),ms,p75,114034.17
29,1780553102323170560,1780553103323170560,HTTP Duration (excl. conn),ms,p90,114034.17
29,1780553102323170560,1780553103323170560,HTTP Duration (excl. conn),ms,p95,114034.17
29,1780553102323170560,1780553103323170560,HTTP Duration (excl. conn),ms,p99,114034.17
29,1780553102323170560,1780553103323170560,HTTP Duration (excl. conn),ms,std,0.00
29,1780553102323170560,1780553103323170560,HTTP Receiving,ms,avg,70520.82
29,1780553102323170560,1780553103323170560,HTTP Receiving,ms,min,70520.82
29,1780553102323170560,1780553103323170560,HTTP Receiving,ms,max,70520.82
29,1780553102323170560,1780553103323170560,HTTP Receiving,ms,sum,70520.82
29,1780553102323170560,1780553103323170560,HTTP Receiving,ms,p1,70520.82
29,1780553102323170560,1780553103323170560,HTTP Receiving,ms,p5,70520.82
29,1780553102323170560,1780553103323170560,HTTP Receiving,ms,p10,70520.82
29,1780553102323170560,1780553103323170560,HTTP Receiving,ms,p25,70520.82
29,1780553102323170560,1780553103323170560,HTTP Receiving,ms,p50,70520.82
29,1780553102323170560,1780553103323170560,HTTP Receiving,ms,p75,70520.82
29,1780553102323170560,1780553103323170560,HTTP Receiving,ms,p90,70520.82
29,1780553102323170560,1780553103323170560,HTTP Receiving,ms,p95,70520.82
29,1780553102323170560,1780553103323170560,HTTP Receiving,ms,p99,70520.82
29,1780553102323170560,1780553103323170560,HTTP Receiving,ms,std,0.00
29,1780553102323170560,1780553103323170560,HTTP Sending,ms,avg,0.91
29,1780553102323170560,1780553103323170560,HTTP Sending,ms,min,0.91
29,1780553102323170560,1780553103323170560,HTTP Sending,ms,max,0.91
29,1780553102323170560,1780553103323170560,HTTP Sending,ms,sum,0.91
29,1780553102323170560,1780553103323170560,HTTP Sending,ms,p1,0.91
29,1780553102323170560,1780553103323170560,HTTP Sending,ms,p5,0.91
29,1780553102323170560,1780553103323170560,HTTP Sending,ms,p10,0.91
29,1780553102323170560,1780553103323170560,HTTP Sending,ms,p25,0.91
29,1780553102323170560,1780553103323170560,HTTP Sending,ms,p50,0.91
29,1780553102323170560,1780553103323170560,HTTP Sending,ms,p75,0.91
29,1780553102323170560,1780553103323170560,HTTP Sending,ms,p90,0.91
29,1780553102323170560,1780553103323170560,HTTP Sending,ms,p95,0.91
29,1780553102323170560,1780553103323170560,HTTP Sending,ms,p99,0.91
29,1780553102323170560,1780553103323170560,HTTP Sending,ms,std,0.00
29,1780553102323170560,1780553103323170560,HTTP Total Time,ms,avg,114034.81
29,1780553102323170560,1780553103323170560,HTTP Total Time,ms,min,114034.81
29,1780553102323170560,1780553103323170560,HTTP Total Time,ms,max,114034.81
29,1780553102323170560,1780553103323170560,HTTP Total Time,ms,sum,114034.81
29,1780553102323170560,1780553103323170560,HTTP Total Time,ms,p1,114034.81
29,1780553102323170560,1780553103323170560,HTTP Total Time,ms,p5,114034.81
29,1780553102323170560,1780553103323170560,HTTP Total Time,ms,p10,114034.81
29,1780553102323170560,1780553103323170560,HTTP Total Time,ms,p25,114034.81
29,1780553102323170560,1780553103323170560,HTTP Total Time,ms,p50,114034.81
29,1780553102323170560,1780553103323170560,HTTP Total Time,ms,p75,114034.81
29,1780553102323170560,1780553103323170560,HTTP Total Time,ms,p90,114034.81
29,1780553102323170560,1780553103323170560,HTTP Total Time,ms,p95,114034.81
29,1780553102323170560,1780553103323170560,HTTP Total Time,ms,p99,114034.81
29,1780553102323170560,1780553103323170560,HTTP Total Time,ms,std,0.00
29,1780553102323170560,1780553103323170560,HTTP Waiting (TTFB),ms,avg,43512.44
29,1780553102323170560,1780553103323170560,HTTP Waiting (TTFB),ms,min,43512.44
29,1780553102323170560,1780553103323170560,HTTP Waiting (TTFB),ms,max,43512.44
29,1780553102323170560,1780553103323170560,HTTP Waiting (TTFB),ms,sum,43512.44
29,1780553102323170560,1780553103323170560,HTTP Waiting (TTFB),ms,p1,43512.44
29,1780553102323170560,1780553103323170560,HTTP Waiting (TTFB),ms,p5,43512.44
29,1780553102323170560,1780553103323170560,HTTP Waiting (TTFB),ms,p10,43512.44
29,1780553102323170560,1780553103323170560,HTTP Waiting (TTFB),ms,p25,43512.44
29,1780553102323170560,1780553103323170560,HTTP Waiting (TTFB),ms,p50,43512.44
29,1780553102323170560,1780553103323170560,HTTP Waiting (TTFB),ms,p75,43512.44
29,1780553102323170560,1780553103323170560,HTTP Waiting (TTFB),ms,p90,43512.44
29,1780553102323170560,1780553103323170560,HTTP Waiting (TTFB),ms,p95,43512.44
29,1780553102323170560,1780553103323170560,HTTP Waiting (TTFB),ms,p99,43512.44
29,1780553102323170560,1780553103323170560,HTTP Waiting (TTFB),ms,std,0.00
29,1780553102323170560,1780553103323170560,Input Sequence Length,tokens,avg,49221.00
29,1780553102323170560,1780553103323170560,Input Sequence Length,tokens,min,49221.00
29,1780553102323170560,1780553103323170560,Input Sequence Length,tokens,max,49221.00
29,1780553102323170560,1780553103323170560,Input Sequence Length,tokens,sum,49221.00
29,1780553102323170560,1780553103323170560,Input Sequence Length,tokens,p1,49221.00
29,1780553102323170560,1780553103323170560,Input Sequence Length,tokens,p5,49221.00
29,1780553102323170560,1780553103323170560,Input Sequence Length,tokens,p10,49221.00
29,1780553102323170560,1780553103323170560,Input Sequence Length,tokens,p25,49221.00
29,1780553102323170560,1780553103323170560,Input Sequence Length,tokens,p50,49221.00
29,1780553102323170560,1780553103323170560,Input Sequence Length,tokens,p75,49221.00
29,1780553102323170560,1780553103323170560,Input Sequence Length,tokens,p90,49221.00
29,1780553102323170560,1780553103323170560,Input Sequence Length,tokens,p95,49221.00
29,1780553102323170560,1780553103323170560,Input Sequence Length,tokens,p99,49221.00
29,1780553102323170560,1780553103323170560,Input Sequence Length,tokens,std,0.00
29,1780553102323170560,1780553103323170560,Input Token Throughput,tokens/sec,avg,49221.00
29,1780553102323170560,1780553103323170560,Inter Chunk Latency,ms,avg,63.68
29,1780553102323170560,1780553103323170560,Inter Chunk Latency,ms,min,63.65
29,1780553102323170560,1780553103323170560,Inter Chunk Latency,ms,max,63.71
29,1780553102323170560,1780553103323170560,Inter Chunk Latency,ms,sum,18658.91
29,1780553102323170560,1780553103323170560,Inter Chunk Latency,ms,p1,63.65
29,1780553102323170560,1780553103323170560,Inter Chunk Latency,ms,p5,63.65
29,1780553102323170560,1780553103323170560,Inter Chunk Latency,ms,p10,63.66
29,1780553102323170560,1780553103323170560,Inter Chunk Latency,ms,p25,63.66
29,1780553102323170560,1780553103323170560,Inter Chunk Latency,ms,p50,63.68
29,1780553102323170560,1780553103323170560,Inter Chunk Latency,ms,p75,63.70
29,1780553102323170560,1780553103323170560,Inter Chunk Latency,ms,p90,63.70
29,1780553102323170560,1780553103323170560,Inter Chunk Latency,ms,p95,63.71
29,1780553102323170560,1780553103323170560,Inter Chunk Latency,ms,p99,63.71
29,1780553102323170560,1780553103323170560,Inter Chunk Latency,ms,std,0.02
29,1780553102323170560,1780553103323170560,Inter Token Latency,ms,avg,240.69
29,1780553102323170560,1780553103323170560,Inter Token Latency,ms,min,240.69
29,1780553102323170560,1780553103323170560,Inter Token Latency,ms,max,240.69
29,1780553102323170560,1780553103323170560,Inter Token Latency,ms,sum,240.69
29,1780553102323170560,1780553103323170560,Inter Token Latency,ms,p1,240.69
29,1780553102323170560,1780553103323170560,Inter Token Latency,ms,p5,240.69
29,1780553102323170560,1780553103323170560,Inter Token Latency,ms,p10,240.69
29,1780553102323170560,1780553103323170560,Inter Token Latency,ms,p25,240.69
29,1780553102323170560,1780553103323170560,Inter Token Latency,ms,p50,240.69
29,1780553102323170560,1780553103323170560,Inter Token Latency,ms,p75,240.69
29,1780553102323170560,1780553103323170560,Inter Token Latency,ms,p90,240.69
29,1780553102323170560,1780553103323170560,Inter Token Latency,ms,p95,240.69
29,1780553102323170560,1780553103323170560,Inter Token Latency,ms,p99,240.69
29,1780553102323170560,1780553103323170560,Inter Token Latency,ms,std,0.00
29,1780553102323170560,1780553103323170560,Maximum Response Timestamp,ns,avg,1780553216651616256.00
29,1780553102323170560,1780553103323170560,Minimum Request Timestamp,ns,avg,1780553102617339904.00
29,1780553102323170560,1780553103323170560,OSL Mismatch Count,requests,avg,0.00
29,1780553102323170560,1780553103323170560,OSL Mismatch Diff %,%,avg,0.00
29,1780553102323170560,1780553103323170560,OSL Mismatch Diff %,%,min,0.00
29,1780553102323170560,1780553103323170560,OSL Mismatch Diff %,%,max,0.00
29,1780553102323170560,1780553103323170560,OSL Mismatch Diff %,%,sum,0.00
29,1780553102323170560,1780553103323170560,OSL Mismatch Diff %,%,p1,0.00
29,1780553102323170560,1780553103323170560,OSL Mismatch Diff %,%,p5,0.00
29,1780553102323170560,1780553103323170560,OSL Mismatch Diff %,%,p10,0.00
29,1780553102323170560,1780553103323170560,OSL Mismatch Diff %,%,p25,0.00
29,1780553102323170560,1780553103323170560,OSL Mismatch Diff %,%,p50,0.00
29,1780553102323170560,1780553103323170560,OSL Mismatch Diff %,%,p75,0.00
29,1780553102323170560,1780553103323170560,OSL Mismatch Diff %,%,p90,0.00
29,1780553102323170560,1780553103323170560,OSL Mismatch Diff %,%,p95,0.00
29,1780553102323170560,1780553103323170560,OSL Mismatch Diff %,%,p99,0.00
29,1780553102323170560,1780553103323170560,OSL Mismatch Diff %,%,std,0.00
29,1780553102323170560,1780553103323170560,Output Sequence Length,tokens,avg,294.00
29,1780553102323170560,1780553103323170560,Output Sequence Length,tokens,min,294.00
29,1780553102323170560,1780553103323170560,Output Sequence Length,tokens,max,294.00
29,1780553102323170560,1780553103323170560,Output Sequence Length,tokens,sum,294.00
29,1780553102323170560,1780553103323170560,Output Sequence Length,tokens,p1,294.00
29,1780553102323170560,1780553103323170560,Output Sequence Length,tokens,p5,294.00
29,1780553102323170560,1780553103323170560,Output Sequence Length,tokens,p10,294.00
29,1780553102323170560,1780553103323170560,Output Sequence Length,tokens,p25,294.00
29,1780553102323170560,1780553103323170560,Output Sequence Length,tokens,p50,294.00
29,1780553102323170560,1780553103323170560,Output Sequence Length,tokens,p75,294.00
29,1780553102323170560,1780553103323170560,Output Sequence Length,tokens,p90,294.00
29,1780553102323170560,1780553103323170560,Output Sequence Length,tokens,p95,294.00
29,1780553102323170560,1780553103323170560,Output Sequence Length,tokens,p99,294.00
29,1780553102323170560,1780553103323170560,Output Sequence Length,tokens,std,0.00
29,1780553102323170560,1780553103323170560,Output Token Count,tokens,avg,294.00
29,1780553102323170560,1780553103323170560,Output Token Count,tokens,min,294.00
29,1780553102323170560,1780553103323170560,Output Token Count,tokens,max,294.00
29,1780553102323170560,1780553103323170560,Output Token Count,tokens,sum,294.00
29,1780553102323170560,1780553103323170560,Output Token Count,tokens,p1,294.00
29,1780553102323170560,1780553103323170560,Output Token Count,tokens,p5,294.00
29,1780553102323170560,1780553103323170560,Output Token Count,tokens,p10,294.00
29,1780553102323170560,1780553103323170560,Output Token Count,tokens,p25,294.00
29,1780553102323170560,1780553103323170560,Output Token Count,tokens,p50,294.00
29,1780553102323170560,1780553103323170560,Output Token Count,tokens,p75,294.00
29,1780553102323170560,1780553103323170560,Output Token Count,tokens,p90,294.00
29,1780553102323170560,1780553103323170560,Output Token Count,tokens,p95,294.00
29,1780553102323170560,1780553103323170560,Output Token Count,tokens,p99,294.00
29,1780553102323170560,1780553103323170560,Output Token Count,tokens,std,0.00
29,1780553102323170560,1780553103323170560,Output Token Throughput,tokens/sec,avg,294.00
29,1780553102323170560,1780553103323170560,Output Token Throughput Per User,tokens/sec/user,avg,4.15
29,1780553102323170560,1780553103323170560,Output Token Throughput Per User,tokens/sec/user,min,4.15
29,1780553102323170560,1780553103323170560,Output Token Throughput Per User,tokens/sec/user,max,4.15
29,1780553102323170560,1780553103323170560,Output Token Throughput Per User,tokens/sec/user,sum,4.15
29,1780553102323170560,1780553103323170560,Output Token Throughput Per User,tokens/sec/user,p1,4.15
29,1780553102323170560,1780553103323170560,Output Token Throughput Per User,tokens/sec/user,p5,4.15
29,1780553102323170560,1780553103323170560,Output Token Throughput Per User,tokens/sec/user,p10,4.15
29,1780553102323170560,1780553103323170560,Output Token Throughput Per User,tokens/sec/user,p25,4.15
29,1780553102323170560,1780553103323170560,Output Token Throughput Per User,tokens/sec/user,p50,4.15
29,1780553102323170560,1780553103323170560,Output Token Throughput Per User,tokens/sec/user,p75,4.15
29,1780553102323170560,1780553103323170560,Output Token Throughput Per User,tokens/sec/user,p90,4.15
29,1780553102323170560,1780553103323170560,Output Token Throughput Per User,tokens/sec/user,p95,4.15
29,1780553102323170560,1780553103323170560,Output Token Throughput Per User,tokens/sec/user,p99,4.15
29,1780553102323170560,1780553103323170560,Output Token Throughput Per User,tokens/sec/user,std,0.00
29,1780553102323170560,1780553103323170560,Prefill Throughput Per User,tokens/sec/user,avg,1131.17
29,1780553102323170560,1780553103323170560,Prefill Throughput Per User,tokens/sec/user,min,1131.17
29,1780553102323170560,1780553103323170560,Prefill Throughput Per User,tokens/sec/user,max,1131.17
29,1780553102323170560,1780553103323170560,Prefill Throughput Per User,tokens/sec/user,sum,1131.17
29,1780553102323170560,1780553103323170560,Prefill Throughput Per User,tokens/sec/user,p1,1131.17
29,1780553102323170560,1780553103323170560,Prefill Throughput Per User,tokens/sec/user,p5,1131.17
29,1780553102323170560,1780553103323170560,Prefill Throughput Per User,tokens/sec/user,p10,1131.17
29,1780553102323170560,1780553103323170560,Prefill Throughput Per User,tokens/sec/user,p25,1131.17
29,1780553102323170560,1780553103323170560,Prefill Throughput Per User,tokens/sec/user,p50,1131.17
29,1780553102323170560,1780553103323170560,Prefill Throughput Per User,tokens/sec/user,p75,1131.17
29,1780553102323170560,1780553103323170560,Prefill Throughput Per User,tokens/sec/user,p90,1131.17
29,1780553102323170560,1780553103323170560,Prefill Throughput Per User,tokens/sec/user,p95,1131.17
29,1780553102323170560,1780553103323170560,Prefill Throughput Per User,tokens/sec/user,p99,1131.17
29,1780553102323170560,1780553103323170560,Prefill Throughput Per User,tokens/sec/user,std,0.00
29,1780553102323170560,1780553103323170560,Request Count,requests,avg,1.00
29,1780553102323170560,1780553103323170560,Request Latency,ms,avg,114034.28
29,1780553102323170560,1780553103323170560,Request Latency,ms,min,114034.28
29,1780553102323170560,1780553103323170560,Request Latency,ms,max,114034.28
29,1780553102323170560,1780553103323170560,Request Latency,ms,sum,114034.28
29,1780553102323170560,1780553103323170560,Request Latency,ms,p1,114034.28
29,1780553102323170560,1780553103323170560,Request Latency,ms,p5,114034.28
29,1780553102323170560,1780553103323170560,Request Latency,ms,p10,114034.28
29,1780553102323170560,1780553103323170560,Request Latency,ms,p25,114034.28
29,1780553102323170560,1780553103323170560,Request Latency,ms,p50,114034.28
29,1780553102323170560,1780553103323170560,Request Latency,ms,p75,114034.28
29,1780553102323170560,1780553103323170560,Request Latency,ms,p90,114034.28
29,1780553102323170560,1780553103323170560,Request Latency,ms,p95,114034.28
29,1780553102323170560,1780553103323170560,Request Latency,ms,p99,114034.28
29,1780553102323170560,1780553103323170560,Request Latency,ms,std,0.00
29,1780553102323170560,1780553103323170560,Request Throughput,requests/sec,avg,1.00
29,1780553102323170560,1780553103323170560,Requested OSL,tokens,avg,294.00
29,1780553102323170560,1780553103323170560,Requested OSL,tokens,min,294.00
29,1780553102323170560,1780553103323170560,Requested OSL,tokens,max,294.00
29,1780553102323170560,1780553103323170560,Requested OSL,tokens,sum,294.00
29,1780553102323170560,1780553103323170560,Requested OSL,tokens,p1,294.00
29,1780553102323170560,1780553103323170560,Requested OSL,tokens,p5,294.00
29,1780553102323170560,1780553103323170560,Requested OSL,tokens,p10,294.00
29,1780553102323170560,1780553103323170560,Requested OSL,tokens,p25,294.00
29,1780553102323170560,1780553103323170560,Requested OSL,tokens,p50,294.00
29,1780553102323170560,1780553103323170560,Requested OSL,tokens,p75,294.00
29,1780553102323170560,1780553103323170560,Requested OSL,tokens,p90,294.00
29,1780553102323170560,1780553103323170560,Requested OSL,tokens,p95,294.00
29,1780553102323170560,1780553103323170560,Requested OSL,tokens,p99,294.00
29,1780553102323170560,1780553103323170560,Requested OSL,tokens,std,0.00
29,1780553102323170560,1780553103323170560,Time to First Output Token,ms,avg,43513.47
29,1780553102323170560,1780553103323170560,Time to First Output Token,ms,min,43513.47
29,1780553102323170560,1780553103323170560,Time to First Output Token,ms,max,43513.47
29,1780553102323170560,1780553103323170560,Time to First Output Token,ms,sum,43513.47
29,1780553102323170560,1780553103323170560,Time to First Output Token,ms,p1,43513.47
29,1780553102323170560,1780553103323170560,Time to First Output Token,ms,p5,43513.47
29,1780553102323170560,1780553103323170560,Time to First Output Token,ms,p10,43513.47
29,1780553102323170560,1780553103323170560,Time to First Output Token,ms,p25,43513.47
29,1780553102323170560,1780553103323170560,Time to First Output Token,ms,p50,43513.47
29,1780553102323170560,1780553103323170560,Time to First Output Token,ms,p75,43513.47
29,1780553102323170560,1780553103323170560,Time to First Output Token,ms,p90,43513.47
29,1780553102323170560,1780553103323170560,Time to First Output Token,ms,p95,43513.47
29,1780553102323170560,1780553103323170560,Time to First Output Token,ms,p99,43513.47
29,1780553102323170560,1780553103323170560,Time to First Output Token,ms,std,0.00
29,1780553102323170560,1780553103323170560,Time to First Token,ms,avg,43513.47
29,1780553102323170560,1780553103323170560,Time to First Token,ms,min,43513.47
29,1780553102323170560,1780553103323170560,Time to First Token,ms,max,43513.47
29,1780553102323170560,1780553103323170560,Time to First Token,ms,sum,43513.47
29,1780553102323170560,1780553103323170560,Time to First Token,ms,p1,43513.47
29,1780553102323170560,1780553103323170560,Time to First Token,ms,p5,43513.47
29,1780553102323170560,1780553103323170560,Time to First Token,ms,p10,43513.47
29,1780553102323170560,1780553103323170560,Time to First Token,ms,p25,43513.47
29,1780553102323170560,1780553103323170560,Time to First Token,ms,p50,43513.47
29,1780553102323170560,1780553103323170560,Time to First Token,ms,p75,43513.47
29,1780553102323170560,1780553103323170560,Time to First Token,ms,p90,43513.47
29,1780553102323170560,1780553103323170560,Time to First Token,ms,p95,43513.47
29,1780553102323170560,1780553103323170560,Time to First Token,ms,p99,43513.47
29,1780553102323170560,1780553103323170560,Time to First Token,ms,std,0.00
29,1780553102323170560,1780553103323170560,Time to Second Token,ms,avg,206.34
29,1780553102323170560,1780553103323170560,Time to Second Token,ms,min,206.34
29,1780553102323170560,1780553103323170560,Time to Second Token,ms,max,206.34
29,1780553102323170560,1780553103323170560,Time to Second Token,ms,sum,206.34
29,1780553102323170560,1780553103323170560,Time to Second Token,ms,p1,206.34
29,1780553102323170560,1780553103323170560,Time to Second Token,ms,p5,206.34
29,1780553102323170560,1780553103323170560,Time to Second Token,ms,p10,206.34
29,1780553102323170560,1780553103323170560,Time to Second Token,ms,p25,206.34
29,1780553102323170560,1780553103323170560,Time to Second Token,ms,p50,206.34
29,1780553102323170560,1780553103323170560,Time to Second Token,ms,p75,206.34
29,1780553102323170560,1780553103323170560,Time to Second Token,ms,p90,206.34
29,1780553102323170560,1780553103323170560,Time to Second Token,ms,p95,206.34
29,1780553102323170560,1780553103323170560,Time to Second Token,ms,p99,206.34
29,1780553102323170560,1780553103323170560,Time to Second Token,ms,std,0.00
29,1780553102323170560,1780553103323170560,Tokens In Flight,tokens,avg,1487024.10
29,1780553102323170560,1780553103323170560,Tokens In Flight,tokens,min,1452230.59
29,1780553102323170560,1780553103323170560,Tokens In Flight,tokens,max,1501555.82
29,1780553102323170560,1780553103323170560,Tokens In Flight,tokens,p50,1501503.32
29,1780553102323170560,1780553103323170560,Tokens In Flight,tokens,p90,1501546.22
29,1780553102323170560,1780553103323170560,Tokens In Flight,tokens,p95,1501550.02
29,1780553102323170560,1780553103323170560,Tokens In Flight,tokens,p99,1501554.82
29,1780553102323170560,1780553103323170560,Tokens In Flight,tokens,std,22452.43
29,1780553102323170560,1780553103323170560,Total Input Sequence Length,tokens,avg,49221.00
29,1780553102323170560,1780553103323170560,Total Output Sequence Length,tokens,avg,294.00
29,1780553102323170560,1780553103323170560,Total Output Tokens,tokens,avg,294.00
29,1780553102323170560,1780553103323170560,Total Token Throughput,tokens/sec,avg,49515.00
29,1780553102323170560,1780553103323170560,Total Usage Completion Tokens,tokens,avg,294.00
29,1780553102323170560,1780553103323170560,Total Usage Prompt Tokens,tokens,avg,49221.00
29,1780553102323170560,1780553103323170560,Total Usage Total Tokens,tokens,avg,49515.00
29,1780553102323170560,1780553103323170560,Usage Completion Tokens,tokens,avg,294.00
29,1780553102323170560,1780553103323170560,Usage Completion Tokens,tokens,min,294.00
29,1780553102323170560,1780553103323170560,Usage Completion Tokens,tokens,max,294.00
29,1780553102323170560,1780553103323170560,Usage Completion Tokens,tokens,sum,294.00
29,1780553102323170560,1780553103323170560,Usage Completion Tokens,tokens,p1,294.00
29,1780553102323170560,1780553103323170560,Usage Completion Tokens,tokens,p5,294.00
29,1780553102323170560,1780553103323170560,Usage Completion Tokens,tokens,p10,294.00
29,1780553102323170560,1780553103323170560,Usage Completion Tokens,tokens,p25,294.00
29,1780553102323170560,1780553103323170560,Usage Completion Tokens,tokens,p50,294.00
29,1780553102323170560,1780553103323170560,Usage Completion Tokens,tokens,p75,294.00
29,1780553102323170560,1780553103323170560,Usage Completion Tokens,tokens,p90,294.00
29,1780553102323170560,1780553103323170560,Usage Completion Tokens,tokens,p95,294.00
29,1780553102323170560,1780553103323170560,Usage Completion Tokens,tokens,p99,294.00
29,1780553102323170560,1780553103323170560,Usage Completion Tokens,tokens,std,0.00
29,1780553102323170560,1780553103323170560,Usage Prompt Tokens,tokens,avg,49221.00
29,1780553102323170560,1780553103323170560,Usage Prompt Tokens,tokens,min,49221.00
29,1780553102323170560,1780553103323170560,Usage Prompt Tokens,tokens,max,49221.00
29,1780553102323170560,1780553103323170560,Usage Prompt Tokens,tokens,sum,49221.00
29,1780553102323170560,1780553103323170560,Usage Prompt Tokens,tokens,p1,49221.00
29,1780553102323170560,1780553103323170560,Usage Prompt Tokens,tokens,p5,49221.00
29,1780553102323170560,1780553103323170560,Usage Prompt Tokens,tokens,p10,49221.00
29,1780553102323170560,1780553103323170560,Usage Prompt Tokens,tokens,p25,49221.00
29,1780553102323170560,1780553103323170560,Usage Prompt Tokens,tokens,p50,49221.00
29,1780553102323170560,1780553103323170560,Usage Prompt Tokens,tokens,p75,49221.00
29,1780553102323170560,1780553103323170560,Usage Prompt Tokens,tokens,p90,49221.00
29,1780553102323170560,1780553103323170560,Usage Prompt Tokens,tokens,p95,49221.00
29,1780553102323170560,1780553103323170560,Usage Prompt Tokens,tokens,p99,49221.00
29,1780553102323170560,1780553103323170560,Usage Prompt Tokens,tokens,std,0.00
29,1780553102323170560,1780553103323170560,Usage Total Tokens,tokens,avg,49515.00
29,1780553102323170560,1780553103323170560,Usage Total Tokens,tokens,min,49515.00
29,1780553102323170560,1780553103323170560,Usage Total Tokens,tokens,max,49515.00
29,1780553102323170560,1780553103323170560,Usage Total Tokens,tokens,sum,49515.00
29,1780553102323170560,1780553103323170560,Usage Total Tokens,tokens,p1,49515.00
29,1780553102323170560,1780553103323170560,Usage Total Tokens,tokens,p5,49515.00
29,1780553102323170560,1780553103323170560,Usage Total Tokens,tokens,p10,49515.00
29,1780553102323170560,1780553103323170560,Usage Total Tokens,tokens,p25,49515.00
29,1780553102323170560,1780553103323170560,Usage Total Tokens,tokens,p50,49515.00
29,1780553102323170560,1780553103323170560,Usage Total Tokens,tokens,p75,49515.00
29,1780553102323170560,1780553103323170560,Usage Total Tokens,tokens,p90,49515.00
29,1780553102323170560,1780553103323170560,Usage Total Tokens,tokens,p95,49515.00
29,1780553102323170560,1780553103323170560,Usage Total Tokens,tokens,p99,49515.00
29,1780553102323170560,1780553103323170560,Usage Total Tokens,tokens,std,0.00
30,1780553116323170560,1780553117323170560,Active Decode Throughput,tokens/sec,avg,73.11
30,1780553116323170560,1780553117323170560,Active Decode Throughput,tokens/sec,min,46.39
30,1780553116323170560,1780553117323170560,Active Decode Throughput,tokens/sec,max,99.84
30,1780553116323170560,1780553117323170560,Active Decode Throughput,tokens/sec,p50,73.11
30,1780553116323170560,1780553117323170560,Active Decode Throughput,tokens/sec,p90,73.11
30,1780553116323170560,1780553117323170560,Active Decode Throughput,tokens/sec,p95,73.11
30,1780553116323170560,1780553117323170560,Active Decode Throughput,tokens/sec,p99,73.11
30,1780553116323170560,1780553117323170560,Active Decode Throughput,tokens/sec,std,0.04
30,1780553116323170560,1780553117323170560,Active Decode Throughput Per User,tokens/sec/user,avg,7.75
30,1780553116323170560,1780553117323170560,Active Decode Throughput Per User,tokens/sec/user,min,5.15
30,1780553116323170560,1780553117323170560,Active Decode Throughput Per User,tokens/sec/user,max,11.09
30,1780553116323170560,1780553117323170560,Active Decode Throughput Per User,tokens/sec/user,p50,8.12
30,1780553116323170560,1780553117323170560,Active Decode Throughput Per User,tokens/sec/user,p90,8.12
30,1780553116323170560,1780553117323170560,Active Decode Throughput Per User,tokens/sec/user,p95,8.12
30,1780553116323170560,1780553117323170560,Active Decode Throughput Per User,tokens/sec/user,p99,8.12
30,1780553116323170560,1780553117323170560,Active Decode Throughput Per User,tokens/sec/user,std,0.41
30,1780553116323170560,1780553117323170560,Active Prefill Throughput,tokens/sec,avg,8054.99
30,1780553116323170560,1780553117323170560,Active Prefill Throughput,tokens/sec,min,6352.76
30,1780553116323170560,1780553117323170560,Active Prefill Throughput,tokens/sec,max,8266.56
30,1780553116323170560,1780553117323170560,Active Prefill Throughput,tokens/sec,p50,8266.56
30,1780553116323170560,1780553117323170560,Active Prefill Throughput,tokens/sec,p90,8266.56
30,1780553116323170560,1780553117323170560,Active Prefill Throughput,tokens/sec,p95,8266.56
30,1780553116323170560,1780553117323170560,Active Prefill Throughput,tokens/sec,p99,8266.56
30,1780553116323170560,1780553117323170560,Active Prefill Throughput,tokens/sec,std,600.11
30,1780553116323170560,1780553117323170560,Active Prefill Throughput Per User,tokens/sec/user,avg,1646.11
30,1780553116323170560,1780553117323170560,Active Prefill Throughput Per User,tokens/sec/user,min,1588.19
30,1780553116323170560,1780553117323170560,Active Prefill Throughput Per User,tokens/sec/user,max,1653.31
30,1780553116323170560,1780553117323170560,Active Prefill Throughput Per User,tokens/sec/user,p50,1653.31
30,1780553116323170560,1780553117323170560,Active Prefill Throughput Per User,tokens/sec/user,p90,1653.31
30,1780553116323170560,1780553117323170560,Active Prefill Throughput Per User,tokens/sec/user,p95,1653.31
30,1780553116323170560,1780553117323170560,Active Prefill Throughput Per User,tokens/sec/user,p99,1653.31
30,1780553116323170560,1780553117323170560,Active Prefill Throughput Per User,tokens/sec/user,std,20.42
30,1780553116323170560,1780553117323170560,Active Total Throughput,tokens/sec,avg,8120.54
30,1780553116323170560,1780553117323170560,Active Total Throughput,tokens/sec,min,6424.43
30,1780553116323170560,1780553117323170560,Active Total Throughput,tokens/sec,max,8338.22
30,1780553116323170560,1780553117323170560,Active Total Throughput,tokens/sec,p50,8326.79
30,1780553116323170560,1780553117323170560,Active Total Throughput,tokens/sec,p90,8338.22
30,1780553116323170560,1780553117323170560,Active Total Throughput,tokens/sec,p95,8338.22
30,1780553116323170560,1780553117323170560,Active Total Throughput,tokens/sec,p99,8338.22
30,1780553116323170560,1780553117323170560,Active Total Throughput,tokens/sec,std,597.98
30,1780553116323170560,1780553117323170560,Benchmark Duration,sec,avg,39.53
30,1780553116323170560,1780553117323170560,E2E Output Token Throughput,tokens/sec/user,avg,1.87
30,1780553116323170560,1780553117323170560,E2E Output Token Throughput,tokens/sec/user,min,1.87
30,1780553116323170560,1780553117323170560,E2E Output Token Throughput,tokens/sec/user,max,1.87
30,1780553116323170560,1780553117323170560,E2E Output Token Throughput,tokens/sec/user,sum,1.87
30,1780553116323170560,1780553117323170560,E2E Output Token Throughput,tokens/sec/user,p1,1.87
30,1780553116323170560,1780553117323170560,E2E Output Token Throughput,tokens/sec/user,p5,1.87
30,1780553116323170560,1780553117323170560,E2E Output Token Throughput,tokens/sec/user,p10,1.87
30,1780553116323170560,1780553117323170560,E2E Output Token Throughput,tokens/sec/user,p25,1.87
30,1780553116323170560,1780553117323170560,E2E Output Token Throughput,tokens/sec/user,p50,1.87
30,1780553116323170560,1780553117323170560,E2E Output Token Throughput,tokens/sec/user,p75,1.87
30,1780553116323170560,1780553117323170560,E2E Output Token Throughput,tokens/sec/user,p90,1.87
30,1780553116323170560,1780553117323170560,E2E Output Token Throughput,tokens/sec/user,p95,1.87
30,1780553116323170560,1780553117323170560,E2E Output Token Throughput,tokens/sec/user,p99,1.87
30,1780553116323170560,1780553117323170560,E2E Output Token Throughput,tokens/sec/user,std,0.00
30,1780553116323170560,1780553117323170560,Effective Concurrency,requests,avg,14.35
30,1780553116323170560,1780553117323170560,Effective Concurrency,requests,min,14.00
30,1780553116323170560,1780553117323170560,Effective Concurrency,requests,max,15.00
30,1780553116323170560,1780553117323170560,Effective Concurrency,requests,p50,14.00
30,1780553116323170560,1780553117323170560,Effective Concurrency,requests,p90,15.00
30,1780553116323170560,1780553117323170560,Effective Concurrency,requests,p95,15.00
30,1780553116323170560,1780553117323170560,Effective Concurrency,requests,p99,15.00
30,1780553116323170560,1780553117323170560,Effective Concurrency,requests,std,0.48
30,1780553116323170560,1780553117323170560,Effective Decode Concurrency,requests,avg,9.46
30,1780553116323170560,1780553117323170560,Effective Decode Concurrency,requests,min,9.00
30,1780553116323170560,1780553117323170560,Effective Decode Concurrency,requests,max,10.00
30,1780553116323170560,1780553117323170560,Effective Decode Concurrency,requests,p50,9.00
30,1780553116323170560,1780553117323170560,Effective Decode Concurrency,requests,p90,10.00
30,1780553116323170560,1780553117323170560,Effective Decode Concurrency,requests,p95,10.00
30,1780553116323170560,1780553117323170560,Effective Decode Concurrency,requests,p99,10.00
30,1780553116323170560,1780553117323170560,Effective Decode Concurrency,requests,std,0.50
30,1780553116323170560,1780553117323170560,Effective Decode Throughput,tokens/sec,avg,73.11
30,1780553116323170560,1780553117323170560,Effective Decode Throughput,tokens/sec,min,46.39
30,1780553116323170560,1780553117323170560,Effective Decode Throughput,tokens/sec,max,99.84
30,1780553116323170560,1780553117323170560,Effective Decode Throughput,tokens/sec,p50,73.11
30,1780553116323170560,1780553117323170560,Effective Decode Throughput,tokens/sec,p90,73.11
30,1780553116323170560,1780553117323170560,Effective Decode Throughput,tokens/sec,p95,73.11
30,1780553116323170560,1780553117323170560,Effective Decode Throughput,tokens/sec,p99,73.11
30,1780553116323170560,1780553117323170560,Effective Decode Throughput,tokens/sec,std,0.04
30,1780553116323170560,1780553117323170560,Effective Decode Throughput Per User,tokens/sec/user,avg,7.75
30,1780553116323170560,1780553117323170560,Effective Decode Throughput Per User,tokens/sec/user,min,5.15
30,1780553116323170560,1780553117323170560,Effective Decode Throughput Per User,tokens/sec/user,max,11.09
30,1780553116323170560,1780553117323170560,Effective Decode Throughput Per User,tokens/sec/user,p50,8.12
30,1780553116323170560,1780553117323170560,Effective Decode Throughput Per User,tokens/sec/user,p90,8.12
30,1780553116323170560,1780553117323170560,Effective Decode Throughput Per User,tokens/sec/user,p95,8.12
30,1780553116323170560,1780553117323170560,Effective Decode Throughput Per User,tokens/sec/user,p99,8.12
30,1780553116323170560,1780553117323170560,Effective Decode Throughput Per User,tokens/sec/user,std,0.41
30,1780553116323170560,1780553117323170560,Effective Prefill Concurrency,requests,avg,4.89
30,1780553116323170560,1780553117323170560,Effective Prefill Concurrency,requests,min,4.00
30,1780553116323170560,1780553117323170560,Effective Prefill Concurrency,requests,max,5.00
30,1780553116323170560,1780553117323170560,Effective Prefill Concurrency,requests,p50,5.00
30,1780553116323170560,1780553117323170560,Effective Prefill Concurrency,requests,p90,5.00
30,1780553116323170560,1780553117323170560,Effective Prefill Concurrency,requests,p95,5.00
30,1780553116323170560,1780553117323170560,Effective Prefill Concurrency,requests,p99,5.00
30,1780553116323170560,1780553117323170560,Effective Prefill Concurrency,requests,std,0.31
30,1780553116323170560,1780553117323170560,Effective Prefill Throughput,tokens/sec,avg,8054.99
30,1780553116323170560,1780553117323170560,Effective Prefill Throughput,tokens/sec,min,6352.76
30,1780553116323170560,1780553117323170560,Effective Prefill Throughput,tokens/sec,max,8266.56
30,1780553116323170560,1780553117323170560,Effective Prefill Throughput,tokens/sec,p50,8266.56
30,1780553116323170560,1780553117323170560,Effective Prefill Throughput,tokens/sec,p90,8266.56
30,1780553116323170560,1780553117323170560,Effective Prefill Throughput,tokens/sec,p95,8266.56
30,1780553116323170560,1780553117323170560,Effective Prefill Throughput,tokens/sec,p99,8266.56
30,1780553116323170560,1780553117323170560,Effective Prefill Throughput,tokens/sec,std,600.11
30,1780553116323170560,1780553117323170560,Effective Prefill Throughput Per User,tokens/sec/user,avg,1646.11
30,1780553116323170560,1780553117323170560,Effective Prefill Throughput Per User,tokens/sec/user,min,1588.19
30,1780553116323170560,1780553117323170560,Effective Prefill Throughput Per User,tokens/sec/user,max,1653.31
30,1780553116323170560,1780553117323170560,Effective Prefill Throughput Per User,tokens/sec/user,p50,1653.31
30,1780553116323170560,1780553117323170560,Effective Prefill Throughput Per User,tokens/sec/user,p90,1653.31
30,1780553116323170560,1780553117323170560,Effective Prefill Throughput Per User,tokens/sec/user,p95,1653.31
30,1780553116323170560,1780553117323170560,Effective Prefill Throughput Per User,tokens/sec/user,p99,1653.31
30,1780553116323170560,1780553117323170560,Effective Prefill Throughput Per User,tokens/sec/user,std,20.42
30,1780553116323170560,1780553117323170560,Effective Total Throughput,tokens/sec,avg,8120.54
30,1780553116323170560,1780553117323170560,Effective Total Throughput,tokens/sec,min,6424.43
30,1780553116323170560,1780553117323170560,Effective Total Throughput,tokens/sec,max,8338.22
30,1780553116323170560,1780553117323170560,Effective Total Throughput,tokens/sec,p50,8326.79
30,1780553116323170560,1780553117323170560,Effective Total Throughput,tokens/sec,p90,8338.22
30,1780553116323170560,1780553117323170560,Effective Total Throughput,tokens/sec,p95,8338.22
30,1780553116323170560,1780553117323170560,Effective Total Throughput,tokens/sec,p99,8338.22
30,1780553116323170560,1780553117323170560,Effective Total Throughput,tokens/sec,std,597.98
30,1780553116323170560,1780553117323170560,HTTP Blocked,ms,avg,0.00
30,1780553116323170560,1780553117323170560,HTTP Blocked,ms,min,0.00
30,1780553116323170560,1780553117323170560,HTTP Blocked,ms,max,0.00
30,1780553116323170560,1780553117323170560,HTTP Blocked,ms,sum,0.00
30,1780553116323170560,1780553117323170560,HTTP Blocked,ms,p1,0.00
30,1780553116323170560,1780553117323170560,HTTP Blocked,ms,p5,0.00
30,1780553116323170560,1780553117323170560,HTTP Blocked,ms,p10,0.00
30,1780553116323170560,1780553117323170560,HTTP Blocked,ms,p25,0.00
30,1780553116323170560,1780553117323170560,HTTP Blocked,ms,p50,0.00
30,1780553116323170560,1780553117323170560,HTTP Blocked,ms,p75,0.00
30,1780553116323170560,1780553117323170560,HTTP Blocked,ms,p90,0.00
30,1780553116323170560,1780553117323170560,HTTP Blocked,ms,p95,0.00
30,1780553116323170560,1780553117323170560,HTTP Blocked,ms,p99,0.00
30,1780553116323170560,1780553117323170560,HTTP Blocked,ms,std,0.00
30,1780553116323170560,1780553117323170560,HTTP Chunks Received,count,avg,74.00
30,1780553116323170560,1780553117323170560,HTTP Chunks Received,count,min,74.00
30,1780553116323170560,1780553117323170560,HTTP Chunks Received,count,max,74.00
30,1780553116323170560,1780553117323170560,HTTP Chunks Received,count,sum,74.00
30,1780553116323170560,1780553117323170560,HTTP Chunks Received,count,p1,74.00
30,1780553116323170560,1780553117323170560,HTTP Chunks Received,count,p5,74.00
30,1780553116323170560,1780553117323170560,HTTP Chunks Received,count,p10,74.00
30,1780553116323170560,1780553117323170560,HTTP Chunks Received,count,p25,74.00
30,1780553116323170560,1780553117323170560,HTTP Chunks Received,count,p50,74.00
30,1780553116323170560,1780553117323170560,HTTP Chunks Received,count,p75,74.00
30,1780553116323170560,1780553117323170560,HTTP Chunks Received,count,p90,74.00
30,1780553116323170560,1780553117323170560,HTTP Chunks Received,count,p95,74.00
30,1780553116323170560,1780553117323170560,HTTP Chunks Received,count,p99,74.00
30,1780553116323170560,1780553117323170560,HTTP Chunks Received,count,std,0.00
30,1780553116323170560,1780553117323170560,HTTP Chunks Sent,count,avg,1.00
30,1780553116323170560,1780553117323170560,HTTP Chunks Sent,count,min,1.00
30,1780553116323170560,1780553117323170560,HTTP Chunks Sent,count,max,1.00
30,1780553116323170560,1780553117323170560,HTTP Chunks Sent,count,sum,1.00
30,1780553116323170560,1780553117323170560,HTTP Chunks Sent,count,p1,1.00
30,1780553116323170560,1780553117323170560,HTTP Chunks Sent,count,p5,1.00
30,1780553116323170560,1780553117323170560,HTTP Chunks Sent,count,p10,1.00
30,1780553116323170560,1780553117323170560,HTTP Chunks Sent,count,p25,1.00
30,1780553116323170560,1780553117323170560,HTTP Chunks Sent,count,p50,1.00
30,1780553116323170560,1780553117323170560,HTTP Chunks Sent,count,p75,1.00
30,1780553116323170560,1780553117323170560,HTTP Chunks Sent,count,p90,1.00
30,1780553116323170560,1780553117323170560,HTTP Chunks Sent,count,p95,1.00
30,1780553116323170560,1780553117323170560,HTTP Chunks Sent,count,p99,1.00
30,1780553116323170560,1780553117323170560,HTTP Chunks Sent,count,std,0.00
30,1780553116323170560,1780553117323170560,HTTP Connecting,ms,avg,0.72
30,1780553116323170560,1780553117323170560,HTTP Connecting,ms,min,0.72
30,1780553116323170560,1780553117323170560,HTTP Connecting,ms,max,0.72
30,1780553116323170560,1780553117323170560,HTTP Connecting,ms,sum,0.72
30,1780553116323170560,1780553117323170560,HTTP Connecting,ms,p1,0.72
30,1780553116323170560,1780553117323170560,HTTP Connecting,ms,p5,0.72
30,1780553116323170560,1780553117323170560,HTTP Connecting,ms,p10,0.72
30,1780553116323170560,1780553117323170560,HTTP Connecting,ms,p25,0.72
30,1780553116323170560,1780553117323170560,HTTP Connecting,ms,p50,0.72
30,1780553116323170560,1780553117323170560,HTTP Connecting,ms,p75,0.72
30,1780553116323170560,1780553117323170560,HTTP Connecting,ms,p90,0.72
30,1780553116323170560,1780553117323170560,HTTP Connecting,ms,p95,0.72
30,1780553116323170560,1780553117323170560,HTTP Connecting,ms,p99,0.72
30,1780553116323170560,1780553117323170560,HTTP Connecting,ms,std,0.00
30,1780553116323170560,1780553117323170560,HTTP Connection Overhead,ms,avg,0.72
30,1780553116323170560,1780553117323170560,HTTP Connection Overhead,ms,min,0.72
30,1780553116323170560,1780553117323170560,HTTP Connection Overhead,ms,max,0.72
30,1780553116323170560,1780553117323170560,HTTP Connection Overhead,ms,sum,0.72
30,1780553116323170560,1780553117323170560,HTTP Connection Overhead,ms,p1,0.72
30,1780553116323170560,1780553117323170560,HTTP Connection Overhead,ms,p5,0.72
30,1780553116323170560,1780553117323170560,HTTP Connection Overhead,ms,p10,0.72
30,1780553116323170560,1780553117323170560,HTTP Connection Overhead,ms,p25,0.72
30,1780553116323170560,1780553117323170560,HTTP Connection Overhead,ms,p50,0.72
30,1780553116323170560,1780553117323170560,HTTP Connection Overhead,ms,p75,0.72
30,1780553116323170560,1780553117323170560,HTTP Connection Overhead,ms,p90,0.72
30,1780553116323170560,1780553117323170560,HTTP Connection Overhead,ms,p95,0.72
30,1780553116323170560,1780553117323170560,HTTP Connection Overhead,ms,p99,0.72
30,1780553116323170560,1780553117323170560,HTTP Connection Overhead,ms,std,0.00
30,1780553116323170560,1780553117323170560,HTTP Connection Reused,ratio,avg,0.00
30,1780553116323170560,1780553117323170560,HTTP Connection Reused,ratio,min,0.00
30,1780553116323170560,1780553117323170560,HTTP Connection Reused,ratio,max,0.00
30,1780553116323170560,1780553117323170560,HTTP Connection Reused,ratio,sum,0.00
30,1780553116323170560,1780553117323170560,HTTP Connection Reused,ratio,p1,0.00
30,1780553116323170560,1780553117323170560,HTTP Connection Reused,ratio,p5,0.00
30,1780553116323170560,1780553117323170560,HTTP Connection Reused,ratio,p10,0.00
30,1780553116323170560,1780553117323170560,HTTP Connection Reused,ratio,p25,0.00
30,1780553116323170560,1780553117323170560,HTTP Connection Reused,ratio,p50,0.00
30,1780553116323170560,1780553117323170560,HTTP Connection Reused,ratio,p75,0.00
30,1780553116323170560,1780553117323170560,HTTP Connection Reused,ratio,p90,0.00
30,1780553116323170560,1780553117323170560,HTTP Connection Reused,ratio,p95,0.00
30,1780553116323170560,1780553117323170560,HTTP Connection Reused,ratio,p99,0.00
30,1780553116323170560,1780553117323170560,HTTP Connection Reused,ratio,std,0.00
30,1780553116323170560,1780553117323170560,HTTP Data Received,KB,avg,18.99
30,1780553116323170560,1780553117323170560,HTTP Data Received,KB,min,18.99
30,1780553116323170560,1780553117323170560,HTTP Data Received,KB,max,18.99
30,1780553116323170560,1780553117323170560,HTTP Data Received,KB,sum,18.99
30,1780553116323170560,1780553117323170560,HTTP Data Received,KB,p1,18.99
30,1780553116323170560,1780553117323170560,HTTP Data Received,KB,p5,18.99
30,1780553116323170560,1780553117323170560,HTTP Data Received,KB,p10,18.99
30,1780553116323170560,1780553117323170560,HTTP Data Received,KB,p25,18.99
30,1780553116323170560,1780553117323170560,HTTP Data Received,KB,p50,18.99
30,1780553116323170560,1780553117323170560,HTTP Data Received,KB,p75,18.99
30,1780553116323170560,1780553117323170560,HTTP Data Received,KB,p90,18.99
30,1780553116323170560,1780553117323170560,HTTP Data Received,KB,p95,18.99
30,1780553116323170560,1780553117323170560,HTTP Data Received,KB,p99,18.99
30,1780553116323170560,1780553117323170560,HTTP Data Received,KB,std,0.00
30,1780553116323170560,1780553117323170560,HTTP Data Sent,KB,avg,250.45
30,1780553116323170560,1780553117323170560,HTTP Data Sent,KB,min,250.45
30,1780553116323170560,1780553117323170560,HTTP Data Sent,KB,max,250.45
30,1780553116323170560,1780553117323170560,HTTP Data Sent,KB,sum,250.45
30,1780553116323170560,1780553117323170560,HTTP Data Sent,KB,p1,250.45
30,1780553116323170560,1780553117323170560,HTTP Data Sent,KB,p5,250.45
30,1780553116323170560,1780553117323170560,HTTP Data Sent,KB,p10,250.45
30,1780553116323170560,1780553117323170560,HTTP Data Sent,KB,p25,250.45
30,1780553116323170560,1780553117323170560,HTTP Data Sent,KB,p50,250.45
30,1780553116323170560,1780553117323170560,HTTP Data Sent,KB,p75,250.45
30,1780553116323170560,1780553117323170560,HTTP Data Sent,KB,p90,250.45
30,1780553116323170560,1780553117323170560,HTTP Data Sent,KB,p95,250.45
30,1780553116323170560,1780553117323170560,HTTP Data Sent,KB,p99,250.45
30,1780553116323170560,1780553117323170560,HTTP Data Sent,KB,std,0.00
30,1780553116323170560,1780553117323170560,HTTP DNS Lookup,ms,avg,0.00
30,1780553116323170560,1780553117323170560,HTTP DNS Lookup,ms,min,0.00
30,1780553116323170560,1780553117323170560,HTTP DNS Lookup,ms,max,0.00
30,1780553116323170560,1780553117323170560,HTTP DNS Lookup,ms,sum,0.00
30,1780553116323170560,1780553117323170560,HTTP DNS Lookup,ms,p1,0.00
30,1780553116323170560,1780553117323170560,HTTP DNS Lookup,ms,p5,0.00
30,1780553116323170560,1780553117323170560,HTTP DNS Lookup,ms,p10,0.00
30,1780553116323170560,1780553117323170560,HTTP DNS Lookup,ms,p25,0.00
30,1780553116323170560,1780553117323170560,HTTP DNS Lookup,ms,p50,0.00
30,1780553116323170560,1780553117323170560,HTTP DNS Lookup,ms,p75,0.00
30,1780553116323170560,1780553117323170560,HTTP DNS Lookup,ms,p90,0.00
30,1780553116323170560,1780553117323170560,HTTP DNS Lookup,ms,p95,0.00
30,1780553116323170560,1780553117323170560,HTTP DNS Lookup,ms,p99,0.00
30,1780553116323170560,1780553117323170560,HTTP DNS Lookup,ms,std,0.00
30,1780553116323170560,1780553117323170560,HTTP Duration (excl. conn),ms,avg,39529.54
30,1780553116323170560,1780553117323170560,HTTP Duration (excl. conn),ms,min,39529.54
30,1780553116323170560,1780553117323170560,HTTP Duration (excl. conn),ms,max,39529.54
30,1780553116323170560,1780553117323170560,HTTP Duration (excl. conn),ms,sum,39529.54
30,1780553116323170560,1780553117323170560,HTTP Duration (excl. conn),ms,p1,39529.54
30,1780553116323170560,1780553117323170560,HTTP Duration (excl. conn),ms,p5,39529.54
30,1780553116323170560,1780553117323170560,HTTP Duration (excl. conn),ms,p10,39529.54
30,1780553116323170560,1780553117323170560,HTTP Duration (excl. conn),ms,p25,39529.54
30,1780553116323170560,1780553117323170560,HTTP Duration (excl. conn),ms,p50,39529.54
30,1780553116323170560,1780553117323170560,HTTP Duration (excl. conn),ms,p75,39529.54
30,1780553116323170560,1780553117323170560,HTTP Duration (excl. conn),ms,p90,39529.54
30,1780553116323170560,1780553117323170560,HTTP Duration (excl. conn),ms,p95,39529.54
30,1780553116323170560,1780553117323170560,HTTP Duration (excl. conn),ms,p99,39529.54
30,1780553116323170560,1780553117323170560,HTTP Duration (excl. conn),ms,std,0.00
30,1780553116323170560,1780553117323170560,HTTP Receiving,ms,avg,5622.12
30,1780553116323170560,1780553117323170560,HTTP Receiving,ms,min,5622.12
30,1780553116323170560,1780553117323170560,HTTP Receiving,ms,max,5622.12
30,1780553116323170560,1780553117323170560,HTTP Receiving,ms,sum,5622.12
30,1780553116323170560,1780553117323170560,HTTP Receiving,ms,p1,5622.12
30,1780553116323170560,1780553117323170560,HTTP Receiving,ms,p5,5622.12
30,1780553116323170560,1780553117323170560,HTTP Receiving,ms,p10,5622.12
30,1780553116323170560,1780553117323170560,HTTP Receiving,ms,p25,5622.12
30,1780553116323170560,1780553117323170560,HTTP Receiving,ms,p50,5622.12
30,1780553116323170560,1780553117323170560,HTTP Receiving,ms,p75,5622.12
30,1780553116323170560,1780553117323170560,HTTP Receiving,ms,p90,5622.12
30,1780553116323170560,1780553117323170560,HTTP Receiving,ms,p95,5622.12
30,1780553116323170560,1780553117323170560,HTTP Receiving,ms,p99,5622.12
30,1780553116323170560,1780553117323170560,HTTP Receiving,ms,std,0.00
30,1780553116323170560,1780553117323170560,HTTP Sending,ms,avg,1.01
30,1780553116323170560,1780553117323170560,HTTP Sending,ms,min,1.01
30,1780553116323170560,1780553117323170560,HTTP Sending,ms,max,1.01
30,1780553116323170560,1780553117323170560,HTTP Sending,ms,sum,1.01
30,1780553116323170560,1780553117323170560,HTTP Sending,ms,p1,1.01
30,1780553116323170560,1780553117323170560,HTTP Sending,ms,p5,1.01
30,1780553116323170560,1780553117323170560,HTTP Sending,ms,p10,1.01
30,1780553116323170560,1780553117323170560,HTTP Sending,ms,p25,1.01
30,1780553116323170560,1780553117323170560,HTTP Sending,ms,p50,1.01
30,1780553116323170560,1780553117323170560,HTTP Sending,ms,p75,1.01
30,1780553116323170560,1780553117323170560,HTTP Sending,ms,p90,1.01
30,1780553116323170560,1780553117323170560,HTTP Sending,ms,p95,1.01
30,1780553116323170560,1780553117323170560,HTTP Sending,ms,p99,1.01
30,1780553116323170560,1780553117323170560,HTTP Sending,ms,std,0.00
30,1780553116323170560,1780553117323170560,HTTP Total Time,ms,avg,39530.26
30,1780553116323170560,1780553117323170560,HTTP Total Time,ms,min,39530.26
30,1780553116323170560,1780553117323170560,HTTP Total Time,ms,max,39530.26
30,1780553116323170560,1780553117323170560,HTTP Total Time,ms,sum,39530.26
30,1780553116323170560,1780553117323170560,HTTP Total Time,ms,p1,39530.26
30,1780553116323170560,1780553117323170560,HTTP Total Time,ms,p5,39530.26
30,1780553116323170560,1780553117323170560,HTTP Total Time,ms,p10,39530.26
30,1780553116323170560,1780553117323170560,HTTP Total Time,ms,p25,39530.26
30,1780553116323170560,1780553117323170560,HTTP Total Time,ms,p50,39530.26
30,1780553116323170560,1780553117323170560,HTTP Total Time,ms,p75,39530.26
30,1780553116323170560,1780553117323170560,HTTP Total Time,ms,p90,39530.26
30,1780553116323170560,1780553117323170560,HTTP Total Time,ms,p95,39530.26
30,1780553116323170560,1780553117323170560,HTTP Total Time,ms,p99,39530.26
30,1780553116323170560,1780553117323170560,HTTP Total Time,ms,std,0.00
30,1780553116323170560,1780553117323170560,HTTP Waiting (TTFB),ms,avg,33906.41
30,1780553116323170560,1780553117323170560,HTTP Waiting (TTFB),ms,min,33906.41
30,1780553116323170560,1780553117323170560,HTTP Waiting (TTFB),ms,max,33906.41
30,1780553116323170560,1780553117323170560,HTTP Waiting (TTFB),ms,sum,33906.41
30,1780553116323170560,1780553117323170560,HTTP Waiting (TTFB),ms,p1,33906.41
30,1780553116323170560,1780553117323170560,HTTP Waiting (TTFB),ms,p5,33906.41
30,1780553116323170560,1780553117323170560,HTTP Waiting (TTFB),ms,p10,33906.41
30,1780553116323170560,1780553117323170560,HTTP Waiting (TTFB),ms,p25,33906.41
30,1780553116323170560,1780553117323170560,HTTP Waiting (TTFB),ms,p50,33906.41
30,1780553116323170560,1780553117323170560,HTTP Waiting (TTFB),ms,p75,33906.41
30,1780553116323170560,1780553117323170560,HTTP Waiting (TTFB),ms,p90,33906.41
30,1780553116323170560,1780553117323170560,HTTP Waiting (TTFB),ms,p95,33906.41
30,1780553116323170560,1780553117323170560,HTTP Waiting (TTFB),ms,p99,33906.41
30,1780553116323170560,1780553117323170560,HTTP Waiting (TTFB),ms,std,0.00
30,1780553116323170560,1780553117323170560,Input Sequence Length,tokens,avg,64892.00
30,1780553116323170560,1780553117323170560,Input Sequence Length,tokens,min,64892.00
30,1780553116323170560,1780553117323170560,Input Sequence Length,tokens,max,64892.00
30,1780553116323170560,1780553117323170560,Input Sequence Length,tokens,sum,64892.00
30,1780553116323170560,1780553117323170560,Input Sequence Length,tokens,p1,64892.00
30,1780553116323170560,1780553117323170560,Input Sequence Length,tokens,p5,64892.00
30,1780553116323170560,1780553117323170560,Input Sequence Length,tokens,p10,64892.00
30,1780553116323170560,1780553117323170560,Input Sequence Length,tokens,p25,64892.00
30,1780553116323170560,1780553117323170560,Input Sequence Length,tokens,p50,64892.00
30,1780553116323170560,1780553117323170560,Input Sequence Length,tokens,p75,64892.00
30,1780553116323170560,1780553117323170560,Input Sequence Length,tokens,p90,64892.00
30,1780553116323170560,1780553117323170560,Input Sequence Length,tokens,p95,64892.00
30,1780553116323170560,1780553117323170560,Input Sequence Length,tokens,p99,64892.00
30,1780553116323170560,1780553117323170560,Input Sequence Length,tokens,std,0.00
30,1780553116323170560,1780553117323170560,Input Token Throughput,tokens/sec,avg,64892.00
30,1780553116323170560,1780553117323170560,Inter Chunk Latency,ms,avg,62.54
30,1780553116323170560,1780553117323170560,Inter Chunk Latency,ms,min,62.48
30,1780553116323170560,1780553117323170560,Inter Chunk Latency,ms,max,62.59
30,1780553116323170560,1780553117323170560,Inter Chunk Latency,ms,sum,4565.56
30,1780553116323170560,1780553117323170560,Inter Chunk Latency,ms,p1,62.48
30,1780553116323170560,1780553117323170560,Inter Chunk Latency,ms,p5,62.49
30,1780553116323170560,1780553117323170560,Inter Chunk Latency,ms,p10,62.49
30,1780553116323170560,1780553117323170560,Inter Chunk Latency,ms,p25,62.51
30,1780553116323170560,1780553117323170560,Inter Chunk Latency,ms,p50,62.55
30,1780553116323170560,1780553117323170560,Inter Chunk Latency,ms,p75,62.57
30,1780553116323170560,1780553117323170560,Inter Chunk Latency,ms,p90,62.58
30,1780553116323170560,1780553117323170560,Inter Chunk Latency,ms,p95,62.59
30,1780553116323170560,1780553117323170560,Inter Chunk Latency,ms,p99,62.59
30,1780553116323170560,1780553117323170560,Inter Chunk Latency,ms,std,0.03
30,1780553116323170560,1780553117323170560,Inter Token Latency,ms,avg,77.02
30,1780553116323170560,1780553117323170560,Inter Token Latency,ms,min,77.02
30,1780553116323170560,1780553117323170560,Inter Token Latency,ms,max,77.02
30,1780553116323170560,1780553117323170560,Inter Token Latency,ms,sum,77.02
30,1780553116323170560,1780553117323170560,Inter Token Latency,ms,p1,77.02
30,1780553116323170560,1780553117323170560,Inter Token Latency,ms,p5,77.02
30,1780553116323170560,1780553117323170560,Inter Token Latency,ms,p10,77.02
30,1780553116323170560,1780553117323170560,Inter Token Latency,ms,p25,77.02
30,1780553116323170560,1780553117323170560,Inter Token Latency,ms,p50,77.02
30,1780553116323170560,1780553117323170560,Inter Token Latency,ms,p75,77.02
30,1780553116323170560,1780553117323170560,Inter Token Latency,ms,p90,77.02
30,1780553116323170560,1780553117323170560,Inter Token Latency,ms,p95,77.02
30,1780553116323170560,1780553117323170560,Inter Token Latency,ms,p99,77.02
30,1780553116323170560,1780553117323170560,Inter Token Latency,ms,std,0.00
30,1780553116323170560,1780553117323170560,Maximum Response Timestamp,ns,avg,1780553155963385344.00
30,1780553116323170560,1780553117323170560,Minimum Request Timestamp,ns,avg,1780553116433717760.00
30,1780553116323170560,1780553117323170560,OSL Mismatch Count,requests,avg,0.00
30,1780553116323170560,1780553117323170560,OSL Mismatch Diff %,%,avg,0.00
30,1780553116323170560,1780553117323170560,OSL Mismatch Diff %,%,min,0.00
30,1780553116323170560,1780553117323170560,OSL Mismatch Diff %,%,max,0.00
30,1780553116323170560,1780553117323170560,OSL Mismatch Diff %,%,sum,0.00
30,1780553116323170560,1780553117323170560,OSL Mismatch Diff %,%,p1,0.00
30,1780553116323170560,1780553117323170560,OSL Mismatch Diff %,%,p5,0.00
30,1780553116323170560,1780553117323170560,OSL Mismatch Diff %,%,p10,0.00
30,1780553116323170560,1780553117323170560,OSL Mismatch Diff %,%,p25,0.00
30,1780553116323170560,1780553117323170560,OSL Mismatch Diff %,%,p50,0.00
30,1780553116323170560,1780553117323170560,OSL Mismatch Diff %,%,p75,0.00
30,1780553116323170560,1780553117323170560,OSL Mismatch Diff %,%,p90,0.00
30,1780553116323170560,1780553117323170560,OSL Mismatch Diff %,%,p95,0.00
30,1780553116323170560,1780553117323170560,OSL Mismatch Diff %,%,p99,0.00
30,1780553116323170560,1780553117323170560,OSL Mismatch Diff %,%,std,0.00
30,1780553116323170560,1780553117323170560,Output Sequence Length,tokens,avg,74.00
30,1780553116323170560,1780553117323170560,Output Sequence Length,tokens,min,74.00
30,1780553116323170560,1780553117323170560,Output Sequence Length,tokens,max,74.00
30,1780553116323170560,1780553117323170560,Output Sequence Length,tokens,sum,74.00
30,1780553116323170560,1780553117323170560,Output Sequence Length,tokens,p1,74.00
30,1780553116323170560,1780553117323170560,Output Sequence Length,tokens,p5,74.00
30,1780553116323170560,1780553117323170560,Output Sequence Length,tokens,p10,74.00
30,1780553116323170560,1780553117323170560,Output Sequence Length,tokens,p25,74.00
30,1780553116323170560,1780553117323170560,Output Sequence Length,tokens,p50,74.00
30,1780553116323170560,1780553117323170560,Output Sequence Length,tokens,p75,74.00
30,1780553116323170560,1780553117323170560,Output Sequence Length,tokens,p90,74.00
30,1780553116323170560,1780553117323170560,Output Sequence Length,tokens,p95,74.00
30,1780553116323170560,1780553117323170560,Output Sequence Length,tokens,p99,74.00
30,1780553116323170560,1780553117323170560,Output Sequence Length,tokens,std,0.00
30,1780553116323170560,1780553117323170560,Output Token Count,tokens,avg,74.00
30,1780553116323170560,1780553117323170560,Output Token Count,tokens,min,74.00
30,1780553116323170560,1780553117323170560,Output Token Count,tokens,max,74.00
30,1780553116323170560,1780553117323170560,Output Token Count,tokens,sum,74.00
30,1780553116323170560,1780553117323170560,Output Token Count,tokens,p1,74.00
30,1780553116323170560,1780553117323170560,Output Token Count,tokens,p5,74.00
30,1780553116323170560,1780553117323170560,Output Token Count,tokens,p10,74.00
30,1780553116323170560,1780553117323170560,Output Token Count,tokens,p25,74.00
30,1780553116323170560,1780553117323170560,Output Token Count,tokens,p50,74.00
30,1780553116323170560,1780553117323170560,Output Token Count,tokens,p75,74.00
30,1780553116323170560,1780553117323170560,Output Token Count,tokens,p90,74.00
30,1780553116323170560,1780553117323170560,Output Token Count,tokens,p95,74.00
30,1780553116323170560,1780553117323170560,Output Token Count,tokens,p99,74.00
30,1780553116323170560,1780553117323170560,Output Token Count,tokens,std,0.00
30,1780553116323170560,1780553117323170560,Output Token Throughput,tokens/sec,avg,74.00
30,1780553116323170560,1780553117323170560,Output Token Throughput Per User,tokens/sec/user,avg,12.98
30,1780553116323170560,1780553117323170560,Output Token Throughput Per User,tokens/sec/user,min,12.98
30,1780553116323170560,1780553117323170560,Output Token Throughput Per User,tokens/sec/user,max,12.98
30,1780553116323170560,1780553117323170560,Output Token Throughput Per User,tokens/sec/user,sum,12.98
30,1780553116323170560,1780553117323170560,Output Token Throughput Per User,tokens/sec/user,p1,12.98
30,1780553116323170560,1780553117323170560,Output Token Throughput Per User,tokens/sec/user,p5,12.98
30,1780553116323170560,1780553117323170560,Output Token Throughput Per User,tokens/sec/user,p10,12.98
30,1780553116323170560,1780553117323170560,Output Token Throughput Per User,tokens/sec/user,p25,12.98
30,1780553116323170560,1780553117323170560,Output Token Throughput Per User,tokens/sec/user,p50,12.98
30,1780553116323170560,1780553117323170560,Output Token Throughput Per User,tokens/sec/user,p75,12.98
30,1780553116323170560,1780553117323170560,Output Token Throughput Per User,tokens/sec/user,p90,12.98
30,1780553116323170560,1780553117323170560,Output Token Throughput Per User,tokens/sec/user,p95,12.98
30,1780553116323170560,1780553117323170560,Output Token Throughput Per User,tokens/sec/user,p99,12.98
30,1780553116323170560,1780553117323170560,Output Token Throughput Per User,tokens/sec/user,std,0.00
30,1780553116323170560,1780553117323170560,Prefill Throughput Per User,tokens/sec/user,avg,1913.79
30,1780553116323170560,1780553117323170560,Prefill Throughput Per User,tokens/sec/user,min,1913.79
30,1780553116323170560,1780553117323170560,Prefill Throughput Per User,tokens/sec/user,max,1913.79
30,1780553116323170560,1780553117323170560,Prefill Throughput Per User,tokens/sec/user,sum,1913.79
30,1780553116323170560,1780553117323170560,Prefill Throughput Per User,tokens/sec/user,p1,1913.79
30,1780553116323170560,1780553117323170560,Prefill Throughput Per User,tokens/sec/user,p5,1913.79
30,1780553116323170560,1780553117323170560,Prefill Throughput Per User,tokens/sec/user,p10,1913.79
30,1780553116323170560,1780553117323170560,Prefill Throughput Per User,tokens/sec/user,p25,1913.79
30,1780553116323170560,1780553117323170560,Prefill Throughput Per User,tokens/sec/user,p50,1913.79
30,1780553116323170560,1780553117323170560,Prefill Throughput Per User,tokens/sec/user,p75,1913.79
30,1780553116323170560,1780553117323170560,Prefill Throughput Per User,tokens/sec/user,p90,1913.79
30,1780553116323170560,1780553117323170560,Prefill Throughput Per User,tokens/sec/user,p95,1913.79
30,1780553116323170560,1780553117323170560,Prefill Throughput Per User,tokens/sec/user,p99,1913.79
30,1780553116323170560,1780553117323170560,Prefill Throughput Per User,tokens/sec/user,std,0.00
30,1780553116323170560,1780553117323170560,Request Count,requests,avg,1.00
30,1780553116323170560,1780553117323170560,Request Latency,ms,avg,39529.67
30,1780553116323170560,1780553117323170560,Request Latency,ms,min,39529.67
30,1780553116323170560,1780553117323170560,Request Latency,ms,max,39529.67
30,1780553116323170560,1780553117323170560,Request Latency,ms,sum,39529.67
30,1780553116323170560,1780553117323170560,Request Latency,ms,p1,39529.67
30,1780553116323170560,1780553117323170560,Request Latency,ms,p5,39529.67
30,1780553116323170560,1780553117323170560,Request Latency,ms,p10,39529.67
30,1780553116323170560,1780553117323170560,Request Latency,ms,p25,39529.67
30,1780553116323170560,1780553117323170560,Request Latency,ms,p50,39529.67
30,1780553116323170560,1780553117323170560,Request Latency,ms,p75,39529.67
30,1780553116323170560,1780553117323170560,Request Latency,ms,p90,39529.67
30,1780553116323170560,1780553117323170560,Request Latency,ms,p95,39529.67
30,1780553116323170560,1780553117323170560,Request Latency,ms,p99,39529.67
30,1780553116323170560,1780553117323170560,Request Latency,ms,std,0.00
30,1780553116323170560,1780553117323170560,Request Throughput,requests/sec,avg,1.00
30,1780553116323170560,1780553117323170560,Requested OSL,tokens,avg,74.00
30,1780553116323170560,1780553117323170560,Requested OSL,tokens,min,74.00
30,1780553116323170560,1780553117323170560,Requested OSL,tokens,max,74.00
30,1780553116323170560,1780553117323170560,Requested OSL,tokens,sum,74.00
30,1780553116323170560,1780553117323170560,Requested OSL,tokens,p1,74.00
30,1780553116323170560,1780553117323170560,Requested OSL,tokens,p5,74.00
30,1780553116323170560,1780553117323170560,Requested OSL,tokens,p10,74.00
30,1780553116323170560,1780553117323170560,Requested OSL,tokens,p25,74.00
30,1780553116323170560,1780553117323170560,Requested OSL,tokens,p50,74.00
30,1780553116323170560,1780553117323170560,Requested OSL,tokens,p75,74.00
30,1780553116323170560,1780553117323170560,Requested OSL,tokens,p90,74.00
30,1780553116323170560,1780553117323170560,Requested OSL,tokens,p95,74.00
30,1780553116323170560,1780553117323170560,Requested OSL,tokens,p99,74.00
30,1780553116323170560,1780553117323170560,Requested OSL,tokens,std,0.00
30,1780553116323170560,1780553117323170560,Time to First Output Token,ms,avg,33907.55
30,1780553116323170560,1780553117323170560,Time to First Output Token,ms,min,33907.55
30,1780553116323170560,1780553117323170560,Time to First Output Token,ms,max,33907.55
30,1780553116323170560,1780553117323170560,Time to First Output Token,ms,sum,33907.55
30,1780553116323170560,1780553117323170560,Time to First Output Token,ms,p1,33907.55
30,1780553116323170560,1780553117323170560,Time to First Output Token,ms,p5,33907.55
30,1780553116323170560,1780553117323170560,Time to First Output Token,ms,p10,33907.55
30,1780553116323170560,1780553117323170560,Time to First Output Token,ms,p25,33907.55
30,1780553116323170560,1780553117323170560,Time to First Output Token,ms,p50,33907.55
30,1780553116323170560,1780553117323170560,Time to First Output Token,ms,p75,33907.55
30,1780553116323170560,1780553117323170560,Time to First Output Token,ms,p90,33907.55
30,1780553116323170560,1780553117323170560,Time to First Output Token,ms,p95,33907.55
30,1780553116323170560,1780553117323170560,Time to First Output Token,ms,p99,33907.55
30,1780553116323170560,1780553117323170560,Time to First Output Token,ms,std,0.00
30,1780553116323170560,1780553117323170560,Time to First Token,ms,avg,33907.55
30,1780553116323170560,1780553117323170560,Time to First Token,ms,min,33907.55
30,1780553116323170560,1780553117323170560,Time to First Token,ms,max,33907.55
30,1780553116323170560,1780553117323170560,Time to First Token,ms,sum,33907.55
30,1780553116323170560,1780553117323170560,Time to First Token,ms,p1,33907.55
30,1780553116323170560,1780553117323170560,Time to First Token,ms,p5,33907.55
30,1780553116323170560,1780553117323170560,Time to First Token,ms,p10,33907.55
30,1780553116323170560,1780553117323170560,Time to First Token,ms,p25,33907.55
30,1780553116323170560,1780553117323170560,Time to First Token,ms,p50,33907.55
30,1780553116323170560,1780553117323170560,Time to First Token,ms,p75,33907.55
30,1780553116323170560,1780553117323170560,Time to First Token,ms,p90,33907.55
30,1780553116323170560,1780553117323170560,Time to First Token,ms,p95,33907.55
30,1780553116323170560,1780553117323170560,Time to First Token,ms,p99,33907.55
30,1780553116323170560,1780553117323170560,Time to First Token,ms,std,0.00
30,1780553116323170560,1780553117323170560,Time to Second Token,ms,avg,17.28
30,1780553116323170560,1780553117323170560,Time to Second Token,ms,min,17.28
30,1780553116323170560,1780553117323170560,Time to Second Token,ms,max,17.28
30,1780553116323170560,1780553117323170560,Time to Second Token,ms,sum,17.28
30,1780553116323170560,1780553117323170560,Time to Second Token,ms,p1,17.28
30,1780553116323170560,1780553117323170560,Time to Second Token,ms,p5,17.28
30,1780553116323170560,1780553117323170560,Time to Second Token,ms,p10,17.28
30,1780553116323170560,1780553117323170560,Time to Second Token,ms,p25,17.28
30,1780553116323170560,1780553117323170560,Time to Second Token,ms,p50,17.28
30,1780553116323170560,1780553117323170560,Time to Second Token,ms,p75,17.28
30,1780553116323170560,1780553117323170560,Time to Second Token,ms,p90,17.28
30,1780553116323170560,1780553117323170560,Time to Second Token,ms,p95,17.28
30,1780553116323170560,1780553117323170560,Time to Second Token,ms,p99,17.28
30,1780553116323170560,1780553117323170560,Time to Second Token,ms,std,0.00
30,1780553116323170560,1780553117323170560,Tokens In Flight,tokens,avg,1407819.25
30,1780553116323170560,1780553117323170560,Tokens In Flight,tokens,min,1357449.38
30,1780553116323170560,1780553117323170560,Tokens In Flight,tokens,max,1481210.38
30,1780553116323170560,1780553117323170560,Tokens In Flight,tokens,p50,1357487.79
30,1780553116323170560,1780553117323170560,Tokens In Flight,tokens,p90,1481205.58
30,1780553116323170560,1780553117323170560,Tokens In Flight,tokens,p95,1481206.58
30,1780553116323170560,1780553117323170560,Tokens In Flight,tokens,p99,1481210.38
30,1780553116323170560,1780553117323170560,Tokens In Flight,tokens,std,57206.11
30,1780553116323170560,1780553117323170560,Total Input Sequence Length,tokens,avg,64892.00
30,1780553116323170560,1780553117323170560,Total Output Sequence Length,tokens,avg,74.00
30,1780553116323170560,1780553117323170560,Total Output Tokens,tokens,avg,74.00
30,1780553116323170560,1780553117323170560,Total Token Throughput,tokens/sec,avg,64966.00
30,1780553116323170560,1780553117323170560,Total Usage Completion Tokens,tokens,avg,74.00
30,1780553116323170560,1780553117323170560,Total Usage Prompt Tokens,tokens,avg,64892.00
30,1780553116323170560,1780553117323170560,Total Usage Total Tokens,tokens,avg,64966.00
30,1780553116323170560,1780553117323170560,Usage Completion Tokens,tokens,avg,74.00
30,1780553116323170560,1780553117323170560,Usage Completion Tokens,tokens,min,74.00
30,1780553116323170560,1780553117323170560,Usage Completion Tokens,tokens,max,74.00
30,1780553116323170560,1780553117323170560,Usage Completion Tokens,tokens,sum,74.00
30,1780553116323170560,1780553117323170560,Usage Completion Tokens,tokens,p1,74.00
30,1780553116323170560,1780553117323170560,Usage Completion Tokens,tokens,p5,74.00
30,1780553116323170560,1780553117323170560,Usage Completion Tokens,tokens,p10,74.00
30,1780553116323170560,1780553117323170560,Usage Completion Tokens,tokens,p25,74.00
30,1780553116323170560,1780553117323170560,Usage Completion Tokens,tokens,p50,74.00
30,1780553116323170560,1780553117323170560,Usage Completion Tokens,tokens,p75,74.00
30,1780553116323170560,1780553117323170560,Usage Completion Tokens,tokens,p90,74.00
30,1780553116323170560,1780553117323170560,Usage Completion Tokens,tokens,p95,74.00
30,1780553116323170560,1780553117323170560,Usage Completion Tokens,tokens,p99,74.00
30,1780553116323170560,1780553117323170560,Usage Completion Tokens,tokens,std,0.00
30,1780553116323170560,1780553117323170560,Usage Prompt Tokens,tokens,avg,64892.00
30,1780553116323170560,1780553117323170560,Usage Prompt Tokens,tokens,min,64892.00
30,1780553116323170560,1780553117323170560,Usage Prompt Tokens,tokens,max,64892.00
30,1780553116323170560,1780553117323170560,Usage Prompt Tokens,tokens,sum,64892.00
30,1780553116323170560,1780553117323170560,Usage Prompt Tokens,tokens,p1,64892.00
30,1780553116323170560,1780553117323170560,Usage Prompt Tokens,tokens,p5,64892.00
30,1780553116323170560,1780553117323170560,Usage Prompt Tokens,tokens,p10,64892.00
30,1780553116323170560,1780553117323170560,Usage Prompt Tokens,tokens,p25,64892.00
30,1780553116323170560,1780553117323170560,Usage Prompt Tokens,tokens,p50,64892.00
30,1780553116323170560,1780553117323170560,Usage Prompt Tokens,tokens,p75,64892.00
30,1780553116323170560,1780553117323170560,Usage Prompt Tokens,tokens,p90,64892.00
30,1780553116323170560,1780553117323170560,Usage Prompt Tokens,tokens,p95,64892.00
30,1780553116323170560,1780553117323170560,Usage Prompt Tokens,tokens,p99,64892.00
30,1780553116323170560,1780553117323170560,Usage Prompt Tokens,tokens,std,0.00
30,1780553116323170560,1780553117323170560,Usage Total Tokens,tokens,avg,64966.00
30,1780553116323170560,1780553117323170560,Usage Total Tokens,tokens,min,64966.00
30,1780553116323170560,1780553117323170560,Usage Total Tokens,tokens,max,64966.00
30,1780553116323170560,1780553117323170560,Usage Total Tokens,tokens,sum,64966.00
30,1780553116323170560,1780553117323170560,Usage Total Tokens,tokens,p1,64966.00
30,1780553116323170560,1780553117323170560,Usage Total Tokens,tokens,p5,64966.00
30,1780553116323170560,1780553117323170560,Usage Total Tokens,tokens,p10,64966.00
30,1780553116323170560,1780553117323170560,Usage Total Tokens,tokens,p25,64966.00
30,1780553116323170560,1780553117323170560,Usage Total Tokens,tokens,p50,64966.00
30,1780553116323170560,1780553117323170560,Usage Total Tokens,tokens,p75,64966.00
30,1780553116323170560,1780553117323170560,Usage Total Tokens,tokens,p90,64966.00
30,1780553116323170560,1780553117323170560,Usage Total Tokens,tokens,p95,64966.00
30,1780553116323170560,1780553117323170560,Usage Total Tokens,tokens,p99,64966.00
30,1780553116323170560,1780553117323170560,Usage Total Tokens,tokens,std,0.00
31,1780553123323170560,1780553124323170560,Active Decode Throughput,tokens/sec,avg,67.48
31,1780553123323170560,1780553124323170560,Active Decode Throughput,tokens/sec,min,30.53
31,1780553123323170560,1780553124323170560,Active Decode Throughput,tokens/sec,max,99.83
31,1780553123323170560,1780553124323170560,Active Decode Throughput,tokens/sec,p50,73.10
31,1780553123323170560,1780553124323170560,Active Decode Throughput,tokens/sec,p90,73.10
31,1780553123323170560,1780553124323170560,Active Decode Throughput,tokens/sec,p95,73.10
31,1780553123323170560,1780553124323170560,Active Decode Throughput,tokens/sec,p99,73.10
31,1780553123323170560,1780553124323170560,Active Decode Throughput,tokens/sec,std,7.58
31,1780553123323170560,1780553124323170560,Active Decode Throughput Per User,tokens/sec/user,avg,7.50
31,1780553123323170560,1780553124323170560,Active Decode Throughput Per User,tokens/sec/user,min,3.39
31,1780553123323170560,1780553124323170560,Active Decode Throughput Per User,tokens/sec/user,max,11.09
31,1780553123323170560,1780553124323170560,Active Decode Throughput Per User,tokens/sec/user,p50,8.12
31,1780553123323170560,1780553124323170560,Active Decode Throughput Per User,tokens/sec/user,p90,8.12
31,1780553123323170560,1780553124323170560,Active Decode Throughput Per User,tokens/sec/user,p95,8.12
31,1780553123323170560,1780553124323170560,Active Decode Throughput Per User,tokens/sec/user,p99,8.12
31,1780553123323170560,1780553124323170560,Active Decode Throughput Per User,tokens/sec/user,std,0.84
31,1780553123323170560,1780553124323170560,Active Prefill Throughput,tokens/sec,avg,10920.42
31,1780553123323170560,1780553124323170560,Active Prefill Throughput,tokens/sec,min,8266.56
31,1780553123323170560,1780553124323170560,Active Prefill Throughput,tokens/sec,max,11009.70
31,1780553123323170560,1780553124323170560,Active Prefill Throughput,tokens/sec,p50,11009.70
31,1780553123323170560,1780553124323170560,Active Prefill Throughput,tokens/sec,p90,11009.70
31,1780553123323170560,1780553124323170560,Active Prefill Throughput,tokens/sec,p95,11009.70
31,1780553123323170560,1780553124323170560,Active Prefill Throughput,tokens/sec,p99,11009.70
31,1780553123323170560,1780553124323170560,Active Prefill Throughput,tokens/sec,std,486.76
31,1780553123323170560,1780553124323170560,Active Prefill Throughput Per User,tokens/sec/user,avg,1829.04
31,1780553123323170560,1780553124323170560,Active Prefill Throughput Per User,tokens/sec/user,min,1653.31
31,1780553123323170560,1780553124323170560,Active Prefill Throughput Per User,tokens/sec/user,max,1834.95
31,1780553123323170560,1780553124323170560,Active Prefill Throughput Per User,tokens/sec/user,p50,1834.95
31,1780553123323170560,1780553124323170560,Active Prefill Throughput Per User,tokens/sec/user,p90,1834.95
31,1780553123323170560,1780553124323170560,Active Prefill Throughput Per User,tokens/sec/user,p95,1834.95
31,1780553123323170560,1780553124323170560,Active Prefill Throughput Per User,tokens/sec/user,p99,1834.95
31,1780553123323170560,1780553124323170560,Active Prefill Throughput Per User,tokens/sec/user,std,32.23
31,1780553123323170560,1780553124323170560,Active Total Throughput,tokens/sec,avg,10980.66
31,1780553123323170560,1780553124323170560,Active Total Throughput,tokens/sec,min,8326.79
31,1780553123323170560,1780553124323170560,Active Total Throughput,tokens/sec,max,11069.94
31,1780553123323170560,1780553124323170560,Active Total Throughput,tokens/sec,p50,11069.94
31,1780553123323170560,1780553124323170560,Active Total Throughput,tokens/sec,p90,11069.94
31,1780553123323170560,1780553124323170560,Active Total Throughput,tokens/sec,p95,11069.94
31,1780553123323170560,1780553124323170560,Active Total Throughput,tokens/sec,p99,11069.94
31,1780553123323170560,1780553124323170560,Active Total Throughput,tokens/sec,std,486.76
31,1780553123323170560,1780553124323170560,Benchmark Duration,sec,avg,270.42
31,1780553123323170560,1780553124323170560,E2E Output Token Throughput,tokens/sec/user,avg,5.70
31,1780553123323170560,1780553124323170560,E2E Output Token Throughput,tokens/sec/user,min,5.70
31,1780553123323170560,1780553124323170560,E2E Output Token Throughput,tokens/sec/user,max,5.70
31,1780553123323170560,1780553124323170560,E2E Output Token Throughput,tokens/sec/user,sum,5.70
31,1780553123323170560,1780553124323170560,E2E Output Token Throughput,tokens/sec/user,p1,5.70
31,1780553123323170560,1780553124323170560,E2E Output Token Throughput,tokens/sec/user,p5,5.70
31,1780553123323170560,1780553124323170560,E2E Output Token Throughput,tokens/sec/user,p10,5.70
31,1780553123323170560,1780553124323170560,E2E Output Token Throughput,tokens/sec/user,p25,5.70
31,1780553123323170560,1780553124323170560,E2E Output Token Throughput,tokens/sec/user,p50,5.70
31,1780553123323170560,1780553124323170560,E2E Output Token Throughput,tokens/sec/user,p75,5.70
31,1780553123323170560,1780553124323170560,E2E Output Token Throughput,tokens/sec/user,p90,5.70
31,1780553123323170560,1780553124323170560,E2E Output Token Throughput,tokens/sec/user,p95,5.70
31,1780553123323170560,1780553124323170560,E2E Output Token Throughput,tokens/sec/user,p99,5.70
31,1780553123323170560,1780553124323170560,E2E Output Token Throughput,tokens/sec/user,std,0.00
31,1780553123323170560,1780553124323170560,Effective Concurrency,requests,avg,14.97
31,1780553123323170560,1780553124323170560,Effective Concurrency,requests,min,14.00
31,1780553123323170560,1780553124323170560,Effective Concurrency,requests,max,15.00
31,1780553123323170560,1780553124323170560,Effective Concurrency,requests,p50,15.00
31,1780553123323170560,1780553124323170560,Effective Concurrency,requests,p90,15.00
31,1780553123323170560,1780553124323170560,Effective Concurrency,requests,p95,15.00
31,1780553123323170560,1780553124323170560,Effective Concurrency,requests,p99,15.00
31,1780553123323170560,1780553124323170560,Effective Concurrency,requests,std,0.18
31,1780553123323170560,1780553124323170560,Effective Decode Concurrency,requests,avg,9.00
31,1780553123323170560,1780553124323170560,Effective Decode Concurrency,requests,min,9.00
31,1780553123323170560,1780553124323170560,Effective Decode Concurrency,requests,max,9.00
31,1780553123323170560,1780553124323170560,Effective Decode Concurrency,requests,p50,9.00
31,1780553123323170560,1780553124323170560,Effective Decode Concurrency,requests,p90,9.00
31,1780553123323170560,1780553124323170560,Effective Decode Concurrency,requests,p95,9.00
31,1780553123323170560,1780553124323170560,Effective Decode Concurrency,requests,p99,9.00
31,1780553123323170560,1780553124323170560,Effective Decode Concurrency,requests,std,0.00
31,1780553123323170560,1780553124323170560,Effective Decode Throughput,tokens/sec,avg,67.48
31,1780553123323170560,1780553124323170560,Effective Decode Throughput,tokens/sec,min,30.53
31,1780553123323170560,1780553124323170560,Effective Decode Throughput,tokens/sec,max,99.83
31,1780553123323170560,1780553124323170560,Effective Decode Throughput,tokens/sec,p50,73.10
31,1780553123323170560,1780553124323170560,Effective Decode Throughput,tokens/sec,p90,73.10
31,1780553123323170560,1780553124323170560,Effective Decode Throughput,tokens/sec,p95,73.10
31,1780553123323170560,1780553124323170560,Effective Decode Throughput,tokens/sec,p99,73.10
31,1780553123323170560,1780553124323170560,Effective Decode Throughput,tokens/sec,std,7.58
31,1780553123323170560,1780553124323170560,Effective Decode Throughput Per User,tokens/sec/user,avg,7.50
31,1780553123323170560,1780553124323170560,Effective Decode Throughput Per User,tokens/sec/user,min,3.39
31,1780553123323170560,1780553124323170560,Effective Decode Throughput Per User,tokens/sec/user,max,11.09
31,1780553123323170560,1780553124323170560,Effective Decode Throughput Per User,tokens/sec/user,p50,8.12
31,1780553123323170560,1780553124323170560,Effective Decode Throughput Per User,tokens/sec/user,p90,8.12
31,1780553123323170560,1780553124323170560,Effective Decode Throughput Per User,tokens/sec/user,p95,8.12
31,1780553123323170560,1780553124323170560,Effective Decode Throughput Per User,tokens/sec/user,p99,8.12
31,1780553123323170560,1780553124323170560,Effective Decode Throughput Per User,tokens/sec/user,std,0.84
31,1780553123323170560,1780553124323170560,Effective Prefill Concurrency,requests,avg,5.97
31,1780553123323170560,1780553124323170560,Effective Prefill Concurrency,requests,min,5.00
31,1780553123323170560,1780553124323170560,Effective Prefill Concurrency,requests,max,6.00
31,1780553123323170560,1780553124323170560,Effective Prefill Concurrency,requests,p50,6.00
31,1780553123323170560,1780553124323170560,Effective Prefill Concurrency,requests,p90,6.00
31,1780553123323170560,1780553124323170560,Effective Prefill Concurrency,requests,p95,6.00
31,1780553123323170560,1780553124323170560,Effective Prefill Concurrency,requests,p99,6.00
31,1780553123323170560,1780553124323170560,Effective Prefill Concurrency,requests,std,0.18
31,1780553123323170560,1780553124323170560,Effective Prefill Throughput,tokens/sec,avg,10920.42
31,1780553123323170560,1780553124323170560,Effective Prefill Throughput,tokens/sec,min,8266.56
31,1780553123323170560,1780553124323170560,Effective Prefill Throughput,tokens/sec,max,11009.70
31,1780553123323170560,1780553124323170560,Effective Prefill Throughput,tokens/sec,p50,11009.70
31,1780553123323170560,1780553124323170560,Effective Prefill Throughput,tokens/sec,p90,11009.70
31,1780553123323170560,1780553124323170560,Effective Prefill Throughput,tokens/sec,p95,11009.70
31,1780553123323170560,1780553124323170560,Effective Prefill Throughput,tokens/sec,p99,11009.70
31,1780553123323170560,1780553124323170560,Effective Prefill Throughput,tokens/sec,std,486.76
31,1780553123323170560,1780553124323170560,Effective Prefill Throughput Per User,tokens/sec/user,avg,1829.04
31,1780553123323170560,1780553124323170560,Effective Prefill Throughput Per User,tokens/sec/user,min,1653.31
31,1780553123323170560,1780553124323170560,Effective Prefill Throughput Per User,tokens/sec/user,max,1834.95
31,1780553123323170560,1780553124323170560,Effective Prefill Throughput Per User,tokens/sec/user,p50,1834.95
31,1780553123323170560,1780553124323170560,Effective Prefill Throughput Per User,tokens/sec/user,p90,1834.95
31,1780553123323170560,1780553124323170560,Effective Prefill Throughput Per User,tokens/sec/user,p95,1834.95
31,1780553123323170560,1780553124323170560,Effective Prefill Throughput Per User,tokens/sec/user,p99,1834.95
31,1780553123323170560,1780553124323170560,Effective Prefill Throughput Per User,tokens/sec/user,std,32.23
31,1780553123323170560,1780553124323170560,Effective Total Throughput,tokens/sec,avg,10980.66
31,1780553123323170560,1780553124323170560,Effective Total Throughput,tokens/sec,min,8326.79
31,1780553123323170560,1780553124323170560,Effective Total Throughput,tokens/sec,max,11069.94
31,1780553123323170560,1780553124323170560,Effective Total Throughput,tokens/sec,p50,11069.94
31,1780553123323170560,1780553124323170560,Effective Total Throughput,tokens/sec,p90,11069.94
31,1780553123323170560,1780553124323170560,Effective Total Throughput,tokens/sec,p95,11069.94
31,1780553123323170560,1780553124323170560,Effective Total Throughput,tokens/sec,p99,11069.94
31,1780553123323170560,1780553124323170560,Effective Total Throughput,tokens/sec,std,486.76
31,1780553123323170560,1780553124323170560,HTTP Blocked,ms,avg,0.00
31,1780553123323170560,1780553124323170560,HTTP Blocked,ms,min,0.00
31,1780553123323170560,1780553124323170560,HTTP Blocked,ms,max,0.00
31,1780553123323170560,1780553124323170560,HTTP Blocked,ms,sum,0.00
31,1780553123323170560,1780553124323170560,HTTP Blocked,ms,p1,0.00
31,1780553123323170560,1780553124323170560,HTTP Blocked,ms,p5,0.00
31,1780553123323170560,1780553124323170560,HTTP Blocked,ms,p10,0.00
31,1780553123323170560,1780553124323170560,HTTP Blocked,ms,p25,0.00
31,1780553123323170560,1780553124323170560,HTTP Blocked,ms,p50,0.00
31,1780553123323170560,1780553124323170560,HTTP Blocked,ms,p75,0.00
31,1780553123323170560,1780553124323170560,HTTP Blocked,ms,p90,0.00
31,1780553123323170560,1780553124323170560,HTTP Blocked,ms,p95,0.00
31,1780553123323170560,1780553124323170560,HTTP Blocked,ms,p99,0.00
31,1780553123323170560,1780553124323170560,HTTP Blocked,ms,std,0.00
31,1780553123323170560,1780553124323170560,HTTP Chunks Received,count,avg,1542.00
31,1780553123323170560,1780553124323170560,HTTP Chunks Received,count,min,1542.00
31,1780553123323170560,1780553124323170560,HTTP Chunks Received,count,max,1542.00
31,1780553123323170560,1780553124323170560,HTTP Chunks Received,count,sum,1542.00
31,1780553123323170560,1780553124323170560,HTTP Chunks Received,count,p1,1542.00
31,1780553123323170560,1780553124323170560,HTTP Chunks Received,count,p5,1542.00
31,1780553123323170560,1780553124323170560,HTTP Chunks Received,count,p10,1542.00
31,1780553123323170560,1780553124323170560,HTTP Chunks Received,count,p25,1542.00
31,1780553123323170560,1780553124323170560,HTTP Chunks Received,count,p50,1542.00
31,1780553123323170560,1780553124323170560,HTTP Chunks Received,count,p75,1542.00
31,1780553123323170560,1780553124323170560,HTTP Chunks Received,count,p90,1542.00
31,1780553123323170560,1780553124323170560,HTTP Chunks Received,count,p95,1542.00
31,1780553123323170560,1780553124323170560,HTTP Chunks Received,count,p99,1542.00
31,1780553123323170560,1780553124323170560,HTTP Chunks Received,count,std,0.00
31,1780553123323170560,1780553124323170560,HTTP Chunks Sent,count,avg,1.00
31,1780553123323170560,1780553124323170560,HTTP Chunks Sent,count,min,1.00
31,1780553123323170560,1780553124323170560,HTTP Chunks Sent,count,max,1.00
31,1780553123323170560,1780553124323170560,HTTP Chunks Sent,count,sum,1.00
31,1780553123323170560,1780553124323170560,HTTP Chunks Sent,count,p1,1.00
31,1780553123323170560,1780553124323170560,HTTP Chunks Sent,count,p5,1.00
31,1780553123323170560,1780553124323170560,HTTP Chunks Sent,count,p10,1.00
31,1780553123323170560,1780553124323170560,HTTP Chunks Sent,count,p25,1.00
31,1780553123323170560,1780553124323170560,HTTP Chunks Sent,count,p50,1.00
31,1780553123323170560,1780553124323170560,HTTP Chunks Sent,count,p75,1.00
31,1780553123323170560,1780553124323170560,HTTP Chunks Sent,count,p90,1.00
31,1780553123323170560,1780553124323170560,HTTP Chunks Sent,count,p95,1.00
31,1780553123323170560,1780553124323170560,HTTP Chunks Sent,count,p99,1.00
31,1780553123323170560,1780553124323170560,HTTP Chunks Sent,count,std,0.00
31,1780553123323170560,1780553124323170560,HTTP Connecting,ms,avg,0.56
31,1780553123323170560,1780553124323170560,HTTP Connecting,ms,min,0.56
31,1780553123323170560,1780553124323170560,HTTP Connecting,ms,max,0.56
31,1780553123323170560,1780553124323170560,HTTP Connecting,ms,sum,0.56
31,1780553123323170560,1780553124323170560,HTTP Connecting,ms,p1,0.56
31,1780553123323170560,1780553124323170560,HTTP Connecting,ms,p5,0.56
31,1780553123323170560,1780553124323170560,HTTP Connecting,ms,p10,0.56
31,1780553123323170560,1780553124323170560,HTTP Connecting,ms,p25,0.56
31,1780553123323170560,1780553124323170560,HTTP Connecting,ms,p50,0.56
31,1780553123323170560,1780553124323170560,HTTP Connecting,ms,p75,0.56
31,1780553123323170560,1780553124323170560,HTTP Connecting,ms,p90,0.56
31,1780553123323170560,1780553124323170560,HTTP Connecting,ms,p95,0.56
31,1780553123323170560,1780553124323170560,HTTP Connecting,ms,p99,0.56
31,1780553123323170560,1780553124323170560,HTTP Connecting,ms,std,0.00
31,1780553123323170560,1780553124323170560,HTTP Connection Overhead,ms,avg,0.56
31,1780553123323170560,1780553124323170560,HTTP Connection Overhead,ms,min,0.56
31,1780553123323170560,1780553124323170560,HTTP Connection Overhead,ms,max,0.56
31,1780553123323170560,1780553124323170560,HTTP Connection Overhead,ms,sum,0.56
31,1780553123323170560,1780553124323170560,HTTP Connection Overhead,ms,p1,0.56
31,1780553123323170560,1780553124323170560,HTTP Connection Overhead,ms,p5,0.56
31,1780553123323170560,1780553124323170560,HTTP Connection Overhead,ms,p10,0.56
31,1780553123323170560,1780553124323170560,HTTP Connection Overhead,ms,p25,0.56
31,1780553123323170560,1780553124323170560,HTTP Connection Overhead,ms,p50,0.56
31,1780553123323170560,1780553124323170560,HTTP Connection Overhead,ms,p75,0.56
31,1780553123323170560,1780553124323170560,HTTP Connection Overhead,ms,p90,0.56
31,1780553123323170560,1780553124323170560,HTTP Connection Overhead,ms,p95,0.56
31,1780553123323170560,1780553124323170560,HTTP Connection Overhead,ms,p99,0.56
31,1780553123323170560,1780553124323170560,HTTP Connection Overhead,ms,std,0.00
31,1780553123323170560,1780553124323170560,HTTP Connection Reused,ratio,avg,0.00
31,1780553123323170560,1780553124323170560,HTTP Connection Reused,ratio,min,0.00
31,1780553123323170560,1780553124323170560,HTTP Connection Reused,ratio,max,0.00
31,1780553123323170560,1780553124323170560,HTTP Connection Reused,ratio,sum,0.00
31,1780553123323170560,1780553124323170560,HTTP Connection Reused,ratio,p1,0.00
31,1780553123323170560,1780553124323170560,HTTP Connection Reused,ratio,p5,0.00
31,1780553123323170560,1780553124323170560,HTTP Connection Reused,ratio,p10,0.00
31,1780553123323170560,1780553124323170560,HTTP Connection Reused,ratio,p25,0.00
31,1780553123323170560,1780553124323170560,HTTP Connection Reused,ratio,p50,0.00
31,1780553123323170560,1780553124323170560,HTTP Connection Reused,ratio,p75,0.00
31,1780553123323170560,1780553124323170560,HTTP Connection Reused,ratio,p90,0.00
31,1780553123323170560,1780553124323170560,HTTP Connection Reused,ratio,p95,0.00
31,1780553123323170560,1780553124323170560,HTTP Connection Reused,ratio,p99,0.00
31,1780553123323170560,1780553124323170560,HTTP Connection Reused,ratio,std,0.00
31,1780553123323170560,1780553124323170560,HTTP Data Received,KB,avg,381.05
31,1780553123323170560,1780553124323170560,HTTP Data Received,KB,min,381.05
31,1780553123323170560,1780553124323170560,HTTP Data Received,KB,max,381.05
31,1780553123323170560,1780553124323170560,HTTP Data Received,KB,sum,381.05
31,1780553123323170560,1780553124323170560,HTTP Data Received,KB,p1,381.05
31,1780553123323170560,1780553124323170560,HTTP Data Received,KB,p5,381.05
31,1780553123323170560,1780553124323170560,HTTP Data Received,KB,p10,381.05
31,1780553123323170560,1780553124323170560,HTTP Data Received,KB,p25,381.05
31,1780553123323170560,1780553124323170560,HTTP Data Received,KB,p50,381.05
31,1780553123323170560,1780553124323170560,HTTP Data Received,KB,p75,381.05
31,1780553123323170560,1780553124323170560,HTTP Data Received,KB,p90,381.05
31,1780553123323170560,1780553124323170560,HTTP Data Received,KB,p95,381.05
31,1780553123323170560,1780553124323170560,HTTP Data Received,KB,p99,381.05
31,1780553123323170560,1780553124323170560,HTTP Data Received,KB,std,0.00
31,1780553123323170560,1780553124323170560,HTTP Data Sent,KB,avg,481.70
31,1780553123323170560,1780553124323170560,HTTP Data Sent,KB,min,481.70
31,1780553123323170560,1780553124323170560,HTTP Data Sent,KB,max,481.70
31,1780553123323170560,1780553124323170560,HTTP Data Sent,KB,sum,481.70
31,1780553123323170560,1780553124323170560,HTTP Data Sent,KB,p1,481.70
31,1780553123323170560,1780553124323170560,HTTP Data Sent,KB,p5,481.70
31,1780553123323170560,1780553124323170560,HTTP Data Sent,KB,p10,481.70
31,1780553123323170560,1780553124323170560,HTTP Data Sent,KB,p25,481.70
31,1780553123323170560,1780553124323170560,HTTP Data Sent,KB,p50,481.70
31,1780553123323170560,1780553124323170560,HTTP Data Sent,KB,p75,481.70
31,1780553123323170560,1780553124323170560,HTTP Data Sent,KB,p90,481.70
31,1780553123323170560,1780553124323170560,HTTP Data Sent,KB,p95,481.70
31,1780553123323170560,1780553124323170560,HTTP Data Sent,KB,p99,481.70
31,1780553123323170560,1780553124323170560,HTTP Data Sent,KB,std,0.00
31,1780553123323170560,1780553124323170560,HTTP DNS Lookup,ms,avg,0.00
31,1780553123323170560,1780553124323170560,HTTP DNS Lookup,ms,min,0.00
31,1780553123323170560,1780553124323170560,HTTP DNS Lookup,ms,max,0.00
31,1780553123323170560,1780553124323170560,HTTP DNS Lookup,ms,sum,0.00
31,1780553123323170560,1780553124323170560,HTTP DNS Lookup,ms,p1,0.00
31,1780553123323170560,1780553124323170560,HTTP DNS Lookup,ms,p5,0.00
31,1780553123323170560,1780553124323170560,HTTP DNS Lookup,ms,p10,0.00
31,1780553123323170560,1780553124323170560,HTTP DNS Lookup,ms,p25,0.00
31,1780553123323170560,1780553124323170560,HTTP DNS Lookup,ms,p50,0.00
31,1780553123323170560,1780553124323170560,HTTP DNS Lookup,ms,p75,0.00
31,1780553123323170560,1780553124323170560,HTTP DNS Lookup,ms,p90,0.00
31,1780553123323170560,1780553124323170560,HTTP DNS Lookup,ms,p95,0.00
31,1780553123323170560,1780553124323170560,HTTP DNS Lookup,ms,p99,0.00
31,1780553123323170560,1780553124323170560,HTTP DNS Lookup,ms,std,0.00
31,1780553123323170560,1780553124323170560,HTTP Duration (excl. conn),ms,avg,270492.46
31,1780553123323170560,1780553124323170560,HTTP Duration (excl. conn),ms,min,270492.46
31,1780553123323170560,1780553124323170560,HTTP Duration (excl. conn),ms,max,270492.46
31,1780553123323170560,1780553124323170560,HTTP Duration (excl. conn),ms,sum,270492.46
31,1780553123323170560,1780553124323170560,HTTP Duration (excl. conn),ms,p1,270492.46
31,1780553123323170560,1780553124323170560,HTTP Duration (excl. conn),ms,p5,270492.46
31,1780553123323170560,1780553124323170560,HTTP Duration (excl. conn),ms,p10,270492.46
31,1780553123323170560,1780553124323170560,HTTP Duration (excl. conn),ms,p25,270492.46
31,1780553123323170560,1780553124323170560,HTTP Duration (excl. conn),ms,p50,270492.46
31,1780553123323170560,1780553124323170560,HTTP Duration (excl. conn),ms,p75,270492.46
31,1780553123323170560,1780553124323170560,HTTP Duration (excl. conn),ms,p90,270492.46
31,1780553123323170560,1780553124323170560,HTTP Duration (excl. conn),ms,p95,270492.46
31,1780553123323170560,1780553124323170560,HTTP Duration (excl. conn),ms,p99,270492.46
31,1780553123323170560,1780553124323170560,HTTP Duration (excl. conn),ms,std,0.00
31,1780553123323170560,1780553124323170560,HTTP Receiving,ms,avg,225629.45
31,1780553123323170560,1780553124323170560,HTTP Receiving,ms,min,225629.45
31,1780553123323170560,1780553124323170560,HTTP Receiving,ms,max,225629.45
31,1780553123323170560,1780553124323170560,HTTP Receiving,ms,sum,225629.45
31,1780553123323170560,1780553124323170560,HTTP Receiving,ms,p1,225629.45
31,1780553123323170560,1780553124323170560,HTTP Receiving,ms,p5,225629.45
31,1780553123323170560,1780553124323170560,HTTP Receiving,ms,p10,225629.45
31,1780553123323170560,1780553124323170560,HTTP Receiving,ms,p25,225629.45
31,1780553123323170560,1780553124323170560,HTTP Receiving,ms,p50,225629.45
31,1780553123323170560,1780553124323170560,HTTP Receiving,ms,p75,225629.45
31,1780553123323170560,1780553124323170560,HTTP Receiving,ms,p90,225629.45
31,1780553123323170560,1780553124323170560,HTTP Receiving,ms,p95,225629.45
31,1780553123323170560,1780553124323170560,HTTP Receiving,ms,p99,225629.45
31,1780553123323170560,1780553124323170560,HTTP Receiving,ms,std,0.00
31,1780553123323170560,1780553124323170560,HTTP Sending,ms,avg,0.79
31,1780553123323170560,1780553124323170560,HTTP Sending,ms,min,0.79
31,1780553123323170560,1780553124323170560,HTTP Sending,ms,max,0.79
31,1780553123323170560,1780553124323170560,HTTP Sending,ms,sum,0.79
31,1780553123323170560,1780553124323170560,HTTP Sending,ms,p1,0.79
31,1780553123323170560,1780553124323170560,HTTP Sending,ms,p5,0.79
31,1780553123323170560,1780553124323170560,HTTP Sending,ms,p10,0.79
31,1780553123323170560,1780553124323170560,HTTP Sending,ms,p25,0.79
31,1780553123323170560,1780553124323170560,HTTP Sending,ms,p50,0.79
31,1780553123323170560,1780553124323170560,HTTP Sending,ms,p75,0.79
31,1780553123323170560,1780553124323170560,HTTP Sending,ms,p90,0.79
31,1780553123323170560,1780553124323170560,HTTP Sending,ms,p95,0.79
31,1780553123323170560,1780553124323170560,HTTP Sending,ms,p99,0.79
31,1780553123323170560,1780553124323170560,HTTP Sending,ms,std,0.00
31,1780553123323170560,1780553124323170560,HTTP Total Time,ms,avg,270493.02
31,1780553123323170560,1780553124323170560,HTTP Total Time,ms,min,270493.02
31,1780553123323170560,1780553124323170560,HTTP Total Time,ms,max,270493.02
31,1780553123323170560,1780553124323170560,HTTP Total Time,ms,sum,270493.02
31,1780553123323170560,1780553124323170560,HTTP Total Time,ms,p1,270493.02
31,1780553123323170560,1780553124323170560,HTTP Total Time,ms,p5,270493.02
31,1780553123323170560,1780553124323170560,HTTP Total Time,ms,p10,270493.02
31,1780553123323170560,1780553124323170560,HTTP Total Time,ms,p25,270493.02
31,1780553123323170560,1780553124323170560,HTTP Total Time,ms,p50,270493.02
31,1780553123323170560,1780553124323170560,HTTP Total Time,ms,p75,270493.02
31,1780553123323170560,1780553124323170560,HTTP Total Time,ms,p90,270493.02
31,1780553123323170560,1780553124323170560,HTTP Total Time,ms,p95,270493.02
31,1780553123323170560,1780553124323170560,HTTP Total Time,ms,p99,270493.02
31,1780553123323170560,1780553124323170560,HTTP Total Time,ms,std,0.00
31,1780553123323170560,1780553124323170560,HTTP Waiting (TTFB),ms,avg,44862.22
31,1780553123323170560,1780553124323170560,HTTP Waiting (TTFB),ms,min,44862.22
31,1780553123323170560,1780553124323170560,HTTP Waiting (TTFB),ms,max,44862.22
31,1780553123323170560,1780553124323170560,HTTP Waiting (TTFB),ms,sum,44862.22
31,1780553123323170560,1780553124323170560,HTTP Waiting (TTFB),ms,p1,44862.22
31,1780553123323170560,1780553124323170560,HTTP Waiting (TTFB),ms,p5,44862.22
31,1780553123323170560,1780553124323170560,HTTP Waiting (TTFB),ms,p10,44862.22
31,1780553123323170560,1780553124323170560,HTTP Waiting (TTFB),ms,p25,44862.22
31,1780553123323170560,1780553124323170560,HTTP Waiting (TTFB),ms,p50,44862.22
31,1780553123323170560,1780553124323170560,HTTP Waiting (TTFB),ms,p75,44862.22
31,1780553123323170560,1780553124323170560,HTTP Waiting (TTFB),ms,p90,44862.22
31,1780553123323170560,1780553124323170560,HTTP Waiting (TTFB),ms,p95,44862.22
31,1780553123323170560,1780553124323170560,HTTP Waiting (TTFB),ms,p99,44862.22
31,1780553123323170560,1780553124323170560,HTTP Waiting (TTFB),ms,std,0.00
31,1780553123323170560,1780553124323170560,Input Sequence Length,tokens,avg,123066.00
31,1780553123323170560,1780553124323170560,Input Sequence Length,tokens,min,123066.00
31,1780553123323170560,1780553124323170560,Input Sequence Length,tokens,max,123066.00
31,1780553123323170560,1780553124323170560,Input Sequence Length,tokens,sum,123066.00
31,1780553123323170560,1780553124323170560,Input Sequence Length,tokens,p1,123066.00
31,1780553123323170560,1780553124323170560,Input Sequence Length,tokens,p5,123066.00
31,1780553123323170560,1780553124323170560,Input Sequence Length,tokens,p10,123066.00
31,1780553123323170560,1780553124323170560,Input Sequence Length,tokens,p25,123066.00
31,1780553123323170560,1780553124323170560,Input Sequence Length,tokens,p50,123066.00
31,1780553123323170560,1780553124323170560,Input Sequence Length,tokens,p75,123066.00
31,1780553123323170560,1780553124323170560,Input Sequence Length,tokens,p90,123066.00
31,1780553123323170560,1780553124323170560,Input Sequence Length,tokens,p95,123066.00
31,1780553123323170560,1780553124323170560,Input Sequence Length,tokens,p99,123066.00
31,1780553123323170560,1780553124323170560,Input Sequence Length,tokens,std,0.00
31,1780553123323170560,1780553124323170560,Input Token Throughput,tokens/sec,avg,123066.00
31,1780553123323170560,1780553124323170560,Inter Chunk Latency,ms,avg,64.79
31,1780553123323170560,1780553124323170560,Inter Chunk Latency,ms,min,64.74
31,1780553123323170560,1780553124323170560,Inter Chunk Latency,ms,max,64.85
31,1780553123323170560,1780553124323170560,Inter Chunk Latency,ms,sum,59864.71
31,1780553123323170560,1780553124323170560,Inter Chunk Latency,ms,p1,64.74
31,1780553123323170560,1780553124323170560,Inter Chunk Latency,ms,p5,64.74
31,1780553123323170560,1780553124323170560,Inter Chunk Latency,ms,p10,64.75
31,1780553123323170560,1780553124323170560,Inter Chunk Latency,ms,p25,64.76
31,1780553123323170560,1780553124323170560,Inter Chunk Latency,ms,p50,64.79
31,1780553123323170560,1780553124323170560,Inter Chunk Latency,ms,p75,64.82
31,1780553123323170560,1780553124323170560,Inter Chunk Latency,ms,p90,64.84
31,1780553123323170560,1780553124323170560,Inter Chunk Latency,ms,p95,64.84
31,1780553123323170560,1780553124323170560,Inter Chunk Latency,ms,p99,64.85
31,1780553123323170560,1780553124323170560,Inter Chunk Latency,ms,std,0.03
31,1780553123323170560,1780553124323170560,Inter Token Latency,ms,avg,146.37
31,1780553123323170560,1780553124323170560,Inter Token Latency,ms,min,146.37
31,1780553123323170560,1780553124323170560,Inter Token Latency,ms,max,146.37
31,1780553123323170560,1780553124323170560,Inter Token Latency,ms,sum,146.37
31,1780553123323170560,1780553124323170560,Inter Token Latency,ms,p1,146.37
31,1780553123323170560,1780553124323170560,Inter Token Latency,ms,p5,146.37
31,1780553123323170560,1780553124323170560,Inter Token Latency,ms,p10,146.37
31,1780553123323170560,1780553124323170560,Inter Token Latency,ms,p25,146.37
31,1780553123323170560,1780553124323170560,Inter Token Latency,ms,p50,146.37
31,1780553123323170560,1780553124323170560,Inter Token Latency,ms,p75,146.37
31,1780553123323170560,1780553124323170560,Inter Token Latency,ms,p90,146.37
31,1780553123323170560,1780553124323170560,Inter Token Latency,ms,p95,146.37
31,1780553123323170560,1780553124323170560,Inter Token Latency,ms,p99,146.37
31,1780553123323170560,1780553124323170560,Inter Token Latency,ms,std,0.00
31,1780553123323170560,1780553124323170560,Maximum Response Timestamp,ns,avg,1780553393774775040.00
31,1780553123323170560,1780553124323170560,Minimum Request Timestamp,ns,avg,1780553123355716608.00
31,1780553123323170560,1780553124323170560,OSL Mismatch Count,requests,avg,0.00
31,1780553123323170560,1780553124323170560,OSL Mismatch Diff %,%,avg,0.00
31,1780553123323170560,1780553124323170560,OSL Mismatch Diff %,%,min,0.00
31,1780553123323170560,1780553124323170560,OSL Mismatch Diff %,%,max,0.00
31,1780553123323170560,1780553124323170560,OSL Mismatch Diff %,%,sum,0.00
31,1780553123323170560,1780553124323170560,OSL Mismatch Diff %,%,p1,0.00
31,1780553123323170560,1780553124323170560,OSL Mismatch Diff %,%,p5,0.00
31,1780553123323170560,1780553124323170560,OSL Mismatch Diff %,%,p10,0.00
31,1780553123323170560,1780553124323170560,OSL Mismatch Diff %,%,p25,0.00
31,1780553123323170560,1780553124323170560,OSL Mismatch Diff %,%,p50,0.00
31,1780553123323170560,1780553124323170560,OSL Mismatch Diff %,%,p75,0.00
31,1780553123323170560,1780553124323170560,OSL Mismatch Diff %,%,p90,0.00
31,1780553123323170560,1780553124323170560,OSL Mismatch Diff %,%,p95,0.00
31,1780553123323170560,1780553124323170560,OSL Mismatch Diff %,%,p99,0.00
31,1780553123323170560,1780553124323170560,OSL Mismatch Diff %,%,std,0.00
31,1780553123323170560,1780553124323170560,Output Sequence Length,tokens,avg,1542.00
31,1780553123323170560,1780553124323170560,Output Sequence Length,tokens,min,1542.00
31,1780553123323170560,1780553124323170560,Output Sequence Length,tokens,max,1542.00
31,1780553123323170560,1780553124323170560,Output Sequence Length,tokens,sum,1542.00
31,1780553123323170560,1780553124323170560,Output Sequence Length,tokens,p1,1542.00
31,1780553123323170560,1780553124323170560,Output Sequence Length,tokens,p5,1542.00
31,1780553123323170560,1780553124323170560,Output Sequence Length,tokens,p10,1542.00
31,1780553123323170560,1780553124323170560,Output Sequence Length,tokens,p25,1542.00
31,1780553123323170560,1780553124323170560,Output Sequence Length,tokens,p50,1542.00
31,1780553123323170560,1780553124323170560,Output Sequence Length,tokens,p75,1542.00
31,1780553123323170560,1780553124323170560,Output Sequence Length,tokens,p90,1542.00
31,1780553123323170560,1780553124323170560,Output Sequence Length,tokens,p95,1542.00
31,1780553123323170560,1780553124323170560,Output Sequence Length,tokens,p99,1542.00
31,1780553123323170560,1780553124323170560,Output Sequence Length,tokens,std,0.00
31,1780553123323170560,1780553124323170560,Output Token Count,tokens,avg,1542.00
31,1780553123323170560,1780553124323170560,Output Token Count,tokens,min,1542.00
31,1780553123323170560,1780553124323170560,Output Token Count,tokens,max,1542.00
31,1780553123323170560,1780553124323170560,Output Token Count,tokens,sum,1542.00
31,1780553123323170560,1780553124323170560,Output Token Count,tokens,p1,1542.00
31,1780553123323170560,1780553124323170560,Output Token Count,tokens,p5,1542.00
31,1780553123323170560,1780553124323170560,Output Token Count,tokens,p10,1542.00
31,1780553123323170560,1780553124323170560,Output Token Count,tokens,p25,1542.00
31,1780553123323170560,1780553124323170560,Output Token Count,tokens,p50,1542.00
31,1780553123323170560,1780553124323170560,Output Token Count,tokens,p75,1542.00
31,1780553123323170560,1780553124323170560,Output Token Count,tokens,p90,1542.00
31,1780553123323170560,1780553124323170560,Output Token Count,tokens,p95,1542.00
31,1780553123323170560,1780553124323170560,Output Token Count,tokens,p99,1542.00
31,1780553123323170560,1780553124323170560,Output Token Count,tokens,std,0.00
31,1780553123323170560,1780553124323170560,Output Token Throughput,tokens/sec,avg,1542.00
31,1780553123323170560,1780553124323170560,Output Token Throughput Per User,tokens/sec/user,avg,6.83
31,1780553123323170560,1780553124323170560,Output Token Throughput Per User,tokens/sec/user,min,6.83
31,1780553123323170560,1780553124323170560,Output Token Throughput Per User,tokens/sec/user,max,6.83
31,1780553123323170560,1780553124323170560,Output Token Throughput Per User,tokens/sec/user,sum,6.83
31,1780553123323170560,1780553124323170560,Output Token Throughput Per User,tokens/sec/user,p1,6.83
31,1780553123323170560,1780553124323170560,Output Token Throughput Per User,tokens/sec/user,p5,6.83
31,1780553123323170560,1780553124323170560,Output Token Throughput Per User,tokens/sec/user,p10,6.83
31,1780553123323170560,1780553124323170560,Output Token Throughput Per User,tokens/sec/user,p25,6.83
31,1780553123323170560,1780553124323170560,Output Token Throughput Per User,tokens/sec/user,p50,6.83
31,1780553123323170560,1780553124323170560,Output Token Throughput Per User,tokens/sec/user,p75,6.83
31,1780553123323170560,1780553124323170560,Output Token Throughput Per User,tokens/sec/user,p90,6.83
31,1780553123323170560,1780553124323170560,Output Token Throughput Per User,tokens/sec/user,p95,6.83
31,1780553123323170560,1780553124323170560,Output Token Throughput Per User,tokens/sec/user,p99,6.83
31,1780553123323170560,1780553124323170560,Output Token Throughput Per User,tokens/sec/user,std,0.00
31,1780553123323170560,1780553124323170560,Prefill Throughput Per User,tokens/sec/user,avg,2743.14
31,1780553123323170560,1780553124323170560,Prefill Throughput Per User,tokens/sec/user,min,2743.14
31,1780553123323170560,1780553124323170560,Prefill Throughput Per User,tokens/sec/user,max,2743.14
31,1780553123323170560,1780553124323170560,Prefill Throughput Per User,tokens/sec/user,sum,2743.14
31,1780553123323170560,1780553124323170560,Prefill Throughput Per User,tokens/sec/user,p1,2743.14
31,1780553123323170560,1780553124323170560,Prefill Throughput Per User,tokens/sec/user,p5,2743.14
31,1780553123323170560,1780553124323170560,Prefill Throughput Per User,tokens/sec/user,p10,2743.14
31,1780553123323170560,1780553124323170560,Prefill Throughput Per User,tokens/sec/user,p25,2743.14
31,1780553123323170560,1780553124323170560,Prefill Throughput Per User,tokens/sec/user,p50,2743.14
31,1780553123323170560,1780553124323170560,Prefill Throughput Per User,tokens/sec/user,p75,2743.14
31,1780553123323170560,1780553124323170560,Prefill Throughput Per User,tokens/sec/user,p90,2743.14
31,1780553123323170560,1780553124323170560,Prefill Throughput Per User,tokens/sec/user,p95,2743.14
31,1780553123323170560,1780553124323170560,Prefill Throughput Per User,tokens/sec/user,p99,2743.14
31,1780553123323170560,1780553124323170560,Prefill Throughput Per User,tokens/sec/user,std,0.00
31,1780553123323170560,1780553124323170560,Request Count,requests,avg,1.00
31,1780553123323170560,1780553124323170560,Request Latency,ms,avg,270419.06
31,1780553123323170560,1780553124323170560,Request Latency,ms,min,270419.06
31,1780553123323170560,1780553124323170560,Request Latency,ms,max,270419.06
31,1780553123323170560,1780553124323170560,Request Latency,ms,sum,270419.06
31,1780553123323170560,1780553124323170560,Request Latency,ms,p1,270419.06
31,1780553123323170560,1780553124323170560,Request Latency,ms,p5,270419.06
31,1780553123323170560,1780553124323170560,Request Latency,ms,p10,270419.06
31,1780553123323170560,1780553124323170560,Request Latency,ms,p25,270419.06
31,1780553123323170560,1780553124323170560,Request Latency,ms,p50,270419.06
31,1780553123323170560,1780553124323170560,Request Latency,ms,p75,270419.06
31,1780553123323170560,1780553124323170560,Request Latency,ms,p90,270419.06
31,1780553123323170560,1780553124323170560,Request Latency,ms,p95,270419.06
31,1780553123323170560,1780553124323170560,Request Latency,ms,p99,270419.06
31,1780553123323170560,1780553124323170560,Request Latency,ms,std,0.00
31,1780553123323170560,1780553124323170560,Request Throughput,requests/sec,avg,1.00
31,1780553123323170560,1780553124323170560,Requested OSL,tokens,avg,1542.00
31,1780553123323170560,1780553124323170560,Requested OSL,tokens,min,1542.00
31,1780553123323170560,1780553124323170560,Requested OSL,tokens,max,1542.00
31,1780553123323170560,1780553124323170560,Requested OSL,tokens,sum,1542.00
31,1780553123323170560,1780553124323170560,Requested OSL,tokens,p1,1542.00
31,1780553123323170560,1780553124323170560,Requested OSL,tokens,p5,1542.00
31,1780553123323170560,1780553124323170560,Requested OSL,tokens,p10,1542.00
31,1780553123323170560,1780553124323170560,Requested OSL,tokens,p25,1542.00
31,1780553123323170560,1780553124323170560,Requested OSL,tokens,p50,1542.00
31,1780553123323170560,1780553124323170560,Requested OSL,tokens,p75,1542.00
31,1780553123323170560,1780553124323170560,Requested OSL,tokens,p90,1542.00
31,1780553123323170560,1780553124323170560,Requested OSL,tokens,p95,1542.00
31,1780553123323170560,1780553124323170560,Requested OSL,tokens,p99,1542.00
31,1780553123323170560,1780553124323170560,Requested OSL,tokens,std,0.00
31,1780553123323170560,1780553124323170560,Time to First Output Token,ms,avg,44863.11
31,1780553123323170560,1780553124323170560,Time to First Output Token,ms,min,44863.11
31,1780553123323170560,1780553124323170560,Time to First Output Token,ms,max,44863.11
31,1780553123323170560,1780553124323170560,Time to First Output Token,ms,sum,44863.11
31,1780553123323170560,1780553124323170560,Time to First Output Token,ms,p1,44863.11
31,1780553123323170560,1780553124323170560,Time to First Output Token,ms,p5,44863.11
31,1780553123323170560,1780553124323170560,Time to First Output Token,ms,p10,44863.11
31,1780553123323170560,1780553124323170560,Time to First Output Token,ms,p25,44863.11
31,1780553123323170560,1780553124323170560,Time to First Output Token,ms,p50,44863.11
31,1780553123323170560,1780553124323170560,Time to First Output Token,ms,p75,44863.11
31,1780553123323170560,1780553124323170560,Time to First Output Token,ms,p90,44863.11
31,1780553123323170560,1780553124323170560,Time to First Output Token,ms,p95,44863.11
31,1780553123323170560,1780553124323170560,Time to First Output Token,ms,p99,44863.11
31,1780553123323170560,1780553124323170560,Time to First Output Token,ms,std,0.00
31,1780553123323170560,1780553124323170560,Time to First Token,ms,avg,44863.11
31,1780553123323170560,1780553124323170560,Time to First Token,ms,min,44863.11
31,1780553123323170560,1780553124323170560,Time to First Token,ms,max,44863.11
31,1780553123323170560,1780553124323170560,Time to First Token,ms,sum,44863.11
31,1780553123323170560,1780553124323170560,Time to First Token,ms,p1,44863.11
31,1780553123323170560,1780553124323170560,Time to First Token,ms,p5,44863.11
31,1780553123323170560,1780553124323170560,Time to First Token,ms,p10,44863.11
31,1780553123323170560,1780553124323170560,Time to First Token,ms,p25,44863.11
31,1780553123323170560,1780553124323170560,Time to First Token,ms,p50,44863.11
31,1780553123323170560,1780553124323170560,Time to First Token,ms,p75,44863.11
31,1780553123323170560,1780553124323170560,Time to First Token,ms,p90,44863.11
31,1780553123323170560,1780553124323170560,Time to First Token,ms,p95,44863.11
31,1780553123323170560,1780553124323170560,Time to First Token,ms,p99,44863.11
31,1780553123323170560,1780553124323170560,Time to First Token,ms,std,0.00
31,1780553123323170560,1780553124323170560,Time to Second Token,ms,avg,204.76
31,1780553123323170560,1780553124323170560,Time to Second Token,ms,min,204.76
31,1780553123323170560,1780553124323170560,Time to Second Token,ms,max,204.76
31,1780553123323170560,1780553124323170560,Time to Second Token,ms,sum,204.76
31,1780553123323170560,1780553124323170560,Time to Second Token,ms,p1,204.76
31,1780553123323170560,1780553124323170560,Time to Second Token,ms,p5,204.76
31,1780553123323170560,1780553124323170560,Time to Second Token,ms,p10,204.76
31,1780553123323170560,1780553124323170560,Time to Second Token,ms,p25,204.76
31,1780553123323170560,1780553124323170560,Time to Second Token,ms,p50,204.76
31,1780553123323170560,1780553124323170560,Time to Second Token,ms,p75,204.76
31,1780553123323170560,1780553124323170560,Time to Second Token,ms,p90,204.76
31,1780553123323170560,1780553124323170560,Time to Second Token,ms,p95,204.76
31,1780553123323170560,1780553124323170560,Time to Second Token,ms,p99,204.76
31,1780553123323170560,1780553124323170560,Time to Second Token,ms,std,0.00
31,1780553123323170560,1780553124323170560,Tokens In Flight,tokens,avg,1477024.35
31,1780553123323170560,1780553124323170560,Tokens In Flight,tokens,min,1357927.97
31,1780553123323170560,1780553124323170560,Tokens In Flight,tokens,max,1481062.94
31,1780553123323170560,1780553124323170560,Tokens In Flight,tokens,p50,1481029.60
31,1780553123323170560,1780553124323170560,Tokens In Flight,tokens,p90,1481055.37
31,1780553123323170560,1780553124323170560,Tokens In Flight,tokens,p95,1481059.15
31,1780553123323170560,1780553124323170560,Tokens In Flight,tokens,p99,1481062.94
31,1780553123323170560,1780553124323170560,Tokens In Flight,tokens,std,21843.74
31,1780553123323170560,1780553124323170560,Total Input Sequence Length,tokens,avg,123066.00
31,1780553123323170560,1780553124323170560,Total Output Sequence Length,tokens,avg,1542.00
31,1780553123323170560,1780553124323170560,Total Output Tokens,tokens,avg,1542.00
31,1780553123323170560,1780553124323170560,Total Token Throughput,tokens/sec,avg,124608.00
31,1780553123323170560,1780553124323170560,Total Usage Completion Tokens,tokens,avg,1542.00
31,1780553123323170560,1780553124323170560,Total Usage Prompt Tokens,tokens,avg,123066.00
31,1780553123323170560,1780553124323170560,Total Usage Total Tokens,tokens,avg,124608.00
31,1780553123323170560,1780553124323170560,Usage Completion Tokens,tokens,avg,1542.00
31,1780553123323170560,1780553124323170560,Usage Completion Tokens,tokens,min,1542.00
31,1780553123323170560,1780553124323170560,Usage Completion Tokens,tokens,max,1542.00
31,1780553123323170560,1780553124323170560,Usage Completion Tokens,tokens,sum,1542.00
31,1780553123323170560,1780553124323170560,Usage Completion Tokens,tokens,p1,1542.00
31,1780553123323170560,1780553124323170560,Usage Completion Tokens,tokens,p5,1542.00
31,1780553123323170560,1780553124323170560,Usage Completion Tokens,tokens,p10,1542.00
31,1780553123323170560,1780553124323170560,Usage Completion Tokens,tokens,p25,1542.00
31,1780553123323170560,1780553124323170560,Usage Completion Tokens,tokens,p50,1542.00
31,1780553123323170560,1780553124323170560,Usage Completion Tokens,tokens,p75,1542.00
31,1780553123323170560,1780553124323170560,Usage Completion Tokens,tokens,p90,1542.00
31,1780553123323170560,1780553124323170560,Usage Completion Tokens,tokens,p95,1542.00
31,1780553123323170560,1780553124323170560,Usage Completion Tokens,tokens,p99,1542.00
31,1780553123323170560,1780553124323170560,Usage Completion Tokens,tokens,std,0.00
31,1780553123323170560,1780553124323170560,Usage Prompt Tokens,tokens,avg,123066.00
31,1780553123323170560,1780553124323170560,Usage Prompt Tokens,tokens,min,123066.00
31,1780553123323170560,1780553124323170560,Usage Prompt Tokens,tokens,max,123066.00
31,1780553123323170560,1780553124323170560,Usage Prompt Tokens,tokens,sum,123066.00
31,1780553123323170560,1780553124323170560,Usage Prompt Tokens,tokens,p1,123066.00
31,1780553123323170560,1780553124323170560,Usage Prompt Tokens,tokens,p5,123066.00
31,1780553123323170560,1780553124323170560,Usage Prompt Tokens,tokens,p10,123066.00
31,1780553123323170560,1780553124323170560,Usage Prompt Tokens,tokens,p25,123066.00
31,1780553123323170560,1780553124323170560,Usage Prompt Tokens,tokens,p50,123066.00
31,1780553123323170560,1780553124323170560,Usage Prompt Tokens,tokens,p75,123066.00
31,1780553123323170560,1780553124323170560,Usage Prompt Tokens,tokens,p90,123066.00
31,1780553123323170560,1780553124323170560,Usage Prompt Tokens,tokens,p95,123066.00
31,1780553123323170560,1780553124323170560,Usage Prompt Tokens,tokens,p99,123066.00
31,1780553123323170560,1780553124323170560,Usage Prompt Tokens,tokens,std,0.00
31,1780553123323170560,1780553124323170560,Usage Total Tokens,tokens,avg,124608.00
31,1780553123323170560,1780553124323170560,Usage Total Tokens,tokens,min,124608.00
31,1780553123323170560,1780553124323170560,Usage Total Tokens,tokens,max,124608.00
31,1780553123323170560,1780553124323170560,Usage Total Tokens,tokens,sum,124608.00
31,1780553123323170560,1780553124323170560,Usage Total Tokens,tokens,p1,124608.00
31,1780553123323170560,1780553124323170560,Usage Total Tokens,tokens,p5,124608.00
31,1780553123323170560,1780553124323170560,Usage Total Tokens,tokens,p10,124608.00
31,1780553123323170560,1780553124323170560,Usage Total Tokens,tokens,p25,124608.00
31,1780553123323170560,1780553124323170560,Usage Total Tokens,tokens,p50,124608.00
31,1780553123323170560,1780553124323170560,Usage Total Tokens,tokens,p75,124608.00
31,1780553123323170560,1780553124323170560,Usage Total Tokens,tokens,p90,124608.00
31,1780553123323170560,1780553124323170560,Usage Total Tokens,tokens,p95,124608.00
31,1780553123323170560,1780553124323170560,Usage Total Tokens,tokens,p99,124608.00
31,1780553123323170560,1780553124323170560,Usage Total Tokens,tokens,std,0.00
32,1780553124323170560,1780553125323170560,Active Decode Throughput,tokens/sec,avg,57.25
32,1780553124323170560,1780553125323170560,Active Decode Throughput,tokens/sec,min,30.53
32,1780553124323170560,1780553125323170560,Active Decode Throughput,tokens/sec,max,83.98
32,1780553124323170560,1780553125323170560,Active Decode Throughput,tokens/sec,p50,57.25
32,1780553124323170560,1780553125323170560,Active Decode Throughput,tokens/sec,p90,57.26
32,1780553124323170560,1780553125323170560,Active Decode Throughput,tokens/sec,p95,57.26
32,1780553124323170560,1780553125323170560,Active Decode Throughput,tokens/sec,p99,57.26
32,1780553124323170560,1780553125323170560,Active Decode Throughput,tokens/sec,std,0.02
32,1780553124323170560,1780553125323170560,Active Decode Throughput Per User,tokens/sec/user,avg,6.36
32,1780553124323170560,1780553125323170560,Active Decode Throughput Per User,tokens/sec/user,min,3.39
32,1780553124323170560,1780553125323170560,Active Decode Throughput Per User,tokens/sec/user,max,9.33
32,1780553124323170560,1780553125323170560,Active Decode Throughput Per User,tokens/sec/user,p50,6.36
32,1780553124323170560,1780553125323170560,Active Decode Throughput Per User,tokens/sec/user,p90,6.36
32,1780553124323170560,1780553125323170560,Active Decode Throughput Per User,tokens/sec/user,p95,6.36
32,1780553124323170560,1780553125323170560,Active Decode Throughput Per User,tokens/sec/user,p99,6.36
32,1780553124323170560,1780553125323170560,Active Decode Throughput Per User,tokens/sec/user,std,0.00
32,1780553124323170560,1780553125323170560,Active Prefill Throughput,tokens/sec,avg,11823.44
32,1780553124323170560,1780553125323170560,Active Prefill Throughput,tokens/sec,min,11009.70
32,1780553124323170560,1780553125323170560,Active Prefill Throughput,tokens/sec,max,13438.40
32,1780553124323170560,1780553125323170560,Active Prefill Throughput,tokens/sec,p50,11009.70
32,1780553124323170560,1780553125323170560,Active Prefill Throughput,tokens/sec,p90,13438.40
32,1780553124323170560,1780553125323170560,Active Prefill Throughput,tokens/sec,p95,13438.40
32,1780553124323170560,1780553125323170560,Active Prefill Throughput,tokens/sec,p99,13438.40
32,1780553124323170560,1780553125323170560,Active Prefill Throughput,tokens/sec,std,1146.37
32,1780553124323170560,1780553125323170560,Active Prefill Throughput Per User,tokens/sec/user,avg,1863.37
32,1780553124323170560,1780553125323170560,Active Prefill Throughput Per User,tokens/sec/user,min,1834.95
32,1780553124323170560,1780553125323170560,Active Prefill Throughput Per User,tokens/sec/user,max,1919.77
32,1780553124323170560,1780553125323170560,Active Prefill Throughput Per User,tokens/sec/user,p50,1834.95
32,1780553124323170560,1780553125323170560,Active Prefill Throughput Per User,tokens/sec/user,p90,1919.77
32,1780553124323170560,1780553125323170560,Active Prefill Throughput Per User,tokens/sec/user,p95,1919.77
32,1780553124323170560,1780553125323170560,Active Prefill Throughput Per User,tokens/sec/user,p99,1919.77
32,1780553124323170560,1780553125323170560,Active Prefill Throughput Per User,tokens/sec/user,std,40.04
32,1780553124323170560,1780553125323170560,Active Total Throughput,tokens/sec,avg,11883.68
32,1780553124323170560,1780553125323170560,Active Total Throughput,tokens/sec,min,11069.94
32,1780553124323170560,1780553125323170560,Active Total Throughput,tokens/sec,max,13498.63
32,1780553124323170560,1780553125323170560,Active Total Throughput,tokens/sec,p50,11069.94
32,1780553124323170560,1780553125323170560,Active Total Throughput,tokens/sec,p90,13498.63
32,1780553124323170560,1780553125323170560,Active Total Throughput,tokens/sec,p95,13498.63
32,1780553124323170560,1780553125323170560,Active Total Throughput,tokens/sec,p99,13498.63
32,1780553124323170560,1780553125323170560,Active Total Throughput,tokens/sec,std,1146.37
32,1780553124323170560,1780553125323170560,Benchmark Duration,sec,avg,201.77
32,1780553124323170560,1780553125323170560,E2E Output Token Throughput,tokens/sec/user,avg,5.68
32,1780553124323170560,1780553125323170560,E2E Output Token Throughput,tokens/sec/user,min,5.68
32,1780553124323170560,1780553125323170560,E2E Output Token Throughput,tokens/sec/user,max,5.68
32,1780553124323170560,1780553125323170560,E2E Output Token Throughput,tokens/sec/user,sum,5.68
32,1780553124323170560,1780553125323170560,E2E Output Token Throughput,tokens/sec/user,p1,5.68
32,1780553124323170560,1780553125323170560,E2E Output Token Throughput,tokens/sec/user,p5,5.68
32,1780553124323170560,1780553125323170560,E2E Output Token Throughput,tokens/sec/user,p10,5.68
32,1780553124323170560,1780553125323170560,E2E Output Token Throughput,tokens/sec/user,p25,5.68
32,1780553124323170560,1780553125323170560,E2E Output Token Throughput,tokens/sec/user,p50,5.68
32,1780553124323170560,1780553125323170560,E2E Output Token Throughput,tokens/sec/user,p75,5.68
32,1780553124323170560,1780553125323170560,E2E Output Token Throughput,tokens/sec/user,p90,5.68
32,1780553124323170560,1780553125323170560,E2E Output Token Throughput,tokens/sec/user,p95,5.68
32,1780553124323170560,1780553125323170560,E2E Output Token Throughput,tokens/sec/user,p99,5.68
32,1780553124323170560,1780553125323170560,E2E Output Token Throughput,tokens/sec/user,std,0.00
32,1780553124323170560,1780553125323170560,Effective Concurrency,requests,avg,15.34
32,1780553124323170560,1780553125323170560,Effective Concurrency,requests,min,15.00
32,1780553124323170560,1780553125323170560,Effective Concurrency,requests,max,16.00
32,1780553124323170560,1780553125323170560,Effective Concurrency,requests,p50,15.00
32,1780553124323170560,1780553125323170560,Effective Concurrency,requests,p90,16.00
32,1780553124323170560,1780553125323170560,Effective Concurrency,requests,p95,16.00
32,1780553124323170560,1780553125323170560,Effective Concurrency,requests,p99,16.00
32,1780553124323170560,1780553125323170560,Effective Concurrency,requests,std,0.47
32,1780553124323170560,1780553125323170560,Effective Decode Concurrency,requests,avg,9.00
32,1780553124323170560,1780553125323170560,Effective Decode Concurrency,requests,min,9.00
32,1780553124323170560,1780553125323170560,Effective Decode Concurrency,requests,max,9.00
32,1780553124323170560,1780553125323170560,Effective Decode Concurrency,requests,p50,9.00
32,1780553124323170560,1780553125323170560,Effective Decode Concurrency,requests,p90,9.00
32,1780553124323170560,1780553125323170560,Effective Decode Concurrency,requests,p95,9.00
32,1780553124323170560,1780553125323170560,Effective Decode Concurrency,requests,p99,9.00
32,1780553124323170560,1780553125323170560,Effective Decode Concurrency,requests,std,0.00
32,1780553124323170560,1780553125323170560,Effective Decode Throughput,tokens/sec,avg,57.25
32,1780553124323170560,1780553125323170560,Effective Decode Throughput,tokens/sec,min,30.53
32,1780553124323170560,1780553125323170560,Effective Decode Throughput,tokens/sec,max,83.98
32,1780553124323170560,1780553125323170560,Effective Decode Throughput,tokens/sec,p50,57.25
32,1780553124323170560,1780553125323170560,Effective Decode Throughput,tokens/sec,p90,57.26
32,1780553124323170560,1780553125323170560,Effective Decode Throughput,tokens/sec,p95,57.26
32,1780553124323170560,1780553125323170560,Effective Decode Throughput,tokens/sec,p99,57.26
32,1780553124323170560,1780553125323170560,Effective Decode Throughput,tokens/sec,std,0.02
32,1780553124323170560,1780553125323170560,Effective Decode Throughput Per User,tokens/sec/user,avg,6.36
32,1780553124323170560,1780553125323170560,Effective Decode Throughput Per User,tokens/sec/user,min,3.39
32,1780553124323170560,1780553125323170560,Effective Decode Throughput Per User,tokens/sec/user,max,9.33
32,1780553124323170560,1780553125323170560,Effective Decode Throughput Per User,tokens/sec/user,p50,6.36
32,1780553124323170560,1780553125323170560,Effective Decode Throughput Per User,tokens/sec/user,p90,6.36
32,1780553124323170560,1780553125323170560,Effective Decode Throughput Per User,tokens/sec/user,p95,6.36
32,1780553124323170560,1780553125323170560,Effective Decode Throughput Per User,tokens/sec/user,p99,6.36
32,1780553124323170560,1780553125323170560,Effective Decode Throughput Per User,tokens/sec/user,std,0.00
32,1780553124323170560,1780553125323170560,Effective Prefill Concurrency,requests,avg,6.34
32,1780553124323170560,1780553125323170560,Effective Prefill Concurrency,requests,min,6.00
32,1780553124323170560,1780553125323170560,Effective Prefill Concurrency,requests,max,7.00
32,1780553124323170560,1780553125323170560,Effective Prefill Concurrency,requests,p50,6.00
32,1780553124323170560,1780553125323170560,Effective Prefill Concurrency,requests,p90,7.00
32,1780553124323170560,1780553125323170560,Effective Prefill Concurrency,requests,p95,7.00
32,1780553124323170560,1780553125323170560,Effective Prefill Concurrency,requests,p99,7.00
32,1780553124323170560,1780553125323170560,Effective Prefill Concurrency,requests,std,0.47
32,1780553124323170560,1780553125323170560,Effective Prefill Throughput,tokens/sec,avg,11823.44
32,1780553124323170560,1780553125323170560,Effective Prefill Throughput,tokens/sec,min,11009.70
32,1780553124323170560,1780553125323170560,Effective Prefill Throughput,tokens/sec,max,13438.40
32,1780553124323170560,1780553125323170560,Effective Prefill Throughput,tokens/sec,p50,11009.70
32,1780553124323170560,1780553125323170560,Effective Prefill Throughput,tokens/sec,p90,13438.40
32,1780553124323170560,1780553125323170560,Effective Prefill Throughput,tokens/sec,p95,13438.40
32,1780553124323170560,1780553125323170560,Effective Prefill Throughput,tokens/sec,p99,13438.40
32,1780553124323170560,1780553125323170560,Effective Prefill Throughput,tokens/sec,std,1146.37
32,1780553124323170560,1780553125323170560,Effective Prefill Throughput Per User,tokens/sec/user,avg,1863.37
32,1780553124323170560,1780553125323170560,Effective Prefill Throughput Per User,tokens/sec/user,min,1834.95
32,1780553124323170560,1780553125323170560,Effective Prefill Throughput Per User,tokens/sec/user,max,1919.77
32,1780553124323170560,1780553125323170560,Effective Prefill Throughput Per User,tokens/sec/user,p50,1834.95
32,1780553124323170560,1780553125323170560,Effective Prefill Throughput Per User,tokens/sec/user,p90,1919.77
32,1780553124323170560,1780553125323170560,Effective Prefill Throughput Per User,tokens/sec/user,p95,1919.77
32,1780553124323170560,1780553125323170560,Effective Prefill Throughput Per User,tokens/sec/user,p99,1919.77
32,1780553124323170560,1780553125323170560,Effective Prefill Throughput Per User,tokens/sec/user,std,40.04
32,1780553124323170560,1780553125323170560,Effective Total Throughput,tokens/sec,avg,11883.68
32,1780553124323170560,1780553125323170560,Effective Total Throughput,tokens/sec,min,11069.94
32,1780553124323170560,1780553125323170560,Effective Total Throughput,tokens/sec,max,13498.63
32,1780553124323170560,1780553125323170560,Effective Total Throughput,tokens/sec,p50,11069.94
32,1780553124323170560,1780553125323170560,Effective Total Throughput,tokens/sec,p90,13498.63
32,1780553124323170560,1780553125323170560,Effective Total Throughput,tokens/sec,p95,13498.63
32,1780553124323170560,1780553125323170560,Effective Total Throughput,tokens/sec,p99,13498.63
32,1780553124323170560,1780553125323170560,Effective Total Throughput,tokens/sec,std,1146.37
32,1780553124323170560,1780553125323170560,HTTP Blocked,ms,avg,0.00
32,1780553124323170560,1780553125323170560,HTTP Blocked,ms,min,0.00
32,1780553124323170560,1780553125323170560,HTTP Blocked,ms,max,0.00
32,1780553124323170560,1780553125323170560,HTTP Blocked,ms,sum,0.00
32,1780553124323170560,1780553125323170560,HTTP Blocked,ms,p1,0.00
32,1780553124323170560,1780553125323170560,HTTP Blocked,ms,p5,0.00
32,1780553124323170560,1780553125323170560,HTTP Blocked,ms,p10,0.00
32,1780553124323170560,1780553125323170560,HTTP Blocked,ms,p25,0.00
32,1780553124323170560,1780553125323170560,HTTP Blocked,ms,p50,0.00
32,1780553124323170560,1780553125323170560,HTTP Blocked,ms,p75,0.00
32,1780553124323170560,1780553125323170560,HTTP Blocked,ms,p90,0.00
32,1780553124323170560,1780553125323170560,HTTP Blocked,ms,p95,0.00
32,1780553124323170560,1780553125323170560,HTTP Blocked,ms,p99,0.00
32,1780553124323170560,1780553125323170560,HTTP Blocked,ms,std,0.00
32,1780553124323170560,1780553125323170560,HTTP Chunks Received,count,avg,1146.00
32,1780553124323170560,1780553125323170560,HTTP Chunks Received,count,min,1146.00
32,1780553124323170560,1780553125323170560,HTTP Chunks Received,count,max,1146.00
32,1780553124323170560,1780553125323170560,HTTP Chunks Received,count,sum,1146.00
32,1780553124323170560,1780553125323170560,HTTP Chunks Received,count,p1,1146.00
32,1780553124323170560,1780553125323170560,HTTP Chunks Received,count,p5,1146.00
32,1780553124323170560,1780553125323170560,HTTP Chunks Received,count,p10,1146.00
32,1780553124323170560,1780553125323170560,HTTP Chunks Received,count,p25,1146.00
32,1780553124323170560,1780553125323170560,HTTP Chunks Received,count,p50,1146.00
32,1780553124323170560,1780553125323170560,HTTP Chunks Received,count,p75,1146.00
32,1780553124323170560,1780553125323170560,HTTP Chunks Received,count,p90,1146.00
32,1780553124323170560,1780553125323170560,HTTP Chunks Received,count,p95,1146.00
32,1780553124323170560,1780553125323170560,HTTP Chunks Received,count,p99,1146.00
32,1780553124323170560,1780553125323170560,HTTP Chunks Received,count,std,0.00
32,1780553124323170560,1780553125323170560,HTTP Chunks Sent,count,avg,1.00
32,1780553124323170560,1780553125323170560,HTTP Chunks Sent,count,min,1.00
32,1780553124323170560,1780553125323170560,HTTP Chunks Sent,count,max,1.00
32,1780553124323170560,1780553125323170560,HTTP Chunks Sent,count,sum,1.00
32,1780553124323170560,1780553125323170560,HTTP Chunks Sent,count,p1,1.00
32,1780553124323170560,1780553125323170560,HTTP Chunks Sent,count,p5,1.00
32,1780553124323170560,1780553125323170560,HTTP Chunks Sent,count,p10,1.00
32,1780553124323170560,1780553125323170560,HTTP Chunks Sent,count,p25,1.00
32,1780553124323170560,1780553125323170560,HTTP Chunks Sent,count,p50,1.00
32,1780553124323170560,1780553125323170560,HTTP Chunks Sent,count,p75,1.00
32,1780553124323170560,1780553125323170560,HTTP Chunks Sent,count,p90,1.00
32,1780553124323170560,1780553125323170560,HTTP Chunks Sent,count,p95,1.00
32,1780553124323170560,1780553125323170560,HTTP Chunks Sent,count,p99,1.00
32,1780553124323170560,1780553125323170560,HTTP Chunks Sent,count,std,0.00
32,1780553124323170560,1780553125323170560,HTTP Connecting,ms,avg,0.64
32,1780553124323170560,1780553125323170560,HTTP Connecting,ms,min,0.64
32,1780553124323170560,1780553125323170560,HTTP Connecting,ms,max,0.64
32,1780553124323170560,1780553125323170560,HTTP Connecting,ms,sum,0.64
32,1780553124323170560,1780553125323170560,HTTP Connecting,ms,p1,0.64
32,1780553124323170560,1780553125323170560,HTTP Connecting,ms,p5,0.64
32,1780553124323170560,1780553125323170560,HTTP Connecting,ms,p10,0.64
32,1780553124323170560,1780553125323170560,HTTP Connecting,ms,p25,0.64
32,1780553124323170560,1780553125323170560,HTTP Connecting,ms,p50,0.64
32,1780553124323170560,1780553125323170560,HTTP Connecting,ms,p75,0.64
32,1780553124323170560,1780553125323170560,HTTP Connecting,ms,p90,0.64
32,1780553124323170560,1780553125323170560,HTTP Connecting,ms,p95,0.64
32,1780553124323170560,1780553125323170560,HTTP Connecting,ms,p99,0.64
32,1780553124323170560,1780553125323170560,HTTP Connecting,ms,std,0.00
32,1780553124323170560,1780553125323170560,HTTP Connection Overhead,ms,avg,0.64
32,1780553124323170560,1780553125323170560,HTTP Connection Overhead,ms,min,0.64
32,1780553124323170560,1780553125323170560,HTTP Connection Overhead,ms,max,0.64
32,1780553124323170560,1780553125323170560,HTTP Connection Overhead,ms,sum,0.64
32,1780553124323170560,1780553125323170560,HTTP Connection Overhead,ms,p1,0.64
32,1780553124323170560,1780553125323170560,HTTP Connection Overhead,ms,p5,0.64
32,1780553124323170560,1780553125323170560,HTTP Connection Overhead,ms,p10,0.64
32,1780553124323170560,1780553125323170560,HTTP Connection Overhead,ms,p25,0.64
32,1780553124323170560,1780553125323170560,HTTP Connection Overhead,ms,p50,0.64
32,1780553124323170560,1780553125323170560,HTTP Connection Overhead,ms,p75,0.64
32,1780553124323170560,1780553125323170560,HTTP Connection Overhead,ms,p90,0.64
32,1780553124323170560,1780553125323170560,HTTP Connection Overhead,ms,p95,0.64
32,1780553124323170560,1780553125323170560,HTTP Connection Overhead,ms,p99,0.64
32,1780553124323170560,1780553125323170560,HTTP Connection Overhead,ms,std,0.00
32,1780553124323170560,1780553125323170560,HTTP Connection Reused,ratio,avg,0.00
32,1780553124323170560,1780553125323170560,HTTP Connection Reused,ratio,min,0.00
32,1780553124323170560,1780553125323170560,HTTP Connection Reused,ratio,max,0.00
32,1780553124323170560,1780553125323170560,HTTP Connection Reused,ratio,sum,0.00
32,1780553124323170560,1780553125323170560,HTTP Connection Reused,ratio,p1,0.00
32,1780553124323170560,1780553125323170560,HTTP Connection Reused,ratio,p5,0.00
32,1780553124323170560,1780553125323170560,HTTP Connection Reused,ratio,p10,0.00
32,1780553124323170560,1780553125323170560,HTTP Connection Reused,ratio,p25,0.00
32,1780553124323170560,1780553125323170560,HTTP Connection Reused,ratio,p50,0.00
32,1780553124323170560,1780553125323170560,HTTP Connection Reused,ratio,p75,0.00
32,1780553124323170560,1780553125323170560,HTTP Connection Reused,ratio,p90,0.00
32,1780553124323170560,1780553125323170560,HTTP Connection Reused,ratio,p95,0.00
32,1780553124323170560,1780553125323170560,HTTP Connection Reused,ratio,p99,0.00
32,1780553124323170560,1780553125323170560,HTTP Connection Reused,ratio,std,0.00
32,1780553124323170560,1780553125323170560,HTTP Data Received,KB,avg,284.63
32,1780553124323170560,1780553125323170560,HTTP Data Received,KB,min,284.63
32,1780553124323170560,1780553125323170560,HTTP Data Received,KB,max,284.63
32,1780553124323170560,1780553125323170560,HTTP Data Received,KB,sum,284.63
32,1780553124323170560,1780553125323170560,HTTP Data Received,KB,p1,284.63
32,1780553124323170560,1780553125323170560,HTTP Data Received,KB,p5,284.63
32,1780553124323170560,1780553125323170560,HTTP Data Received,KB,p10,284.63
32,1780553124323170560,1780553125323170560,HTTP Data Received,KB,p25,284.63
32,1780553124323170560,1780553125323170560,HTTP Data Received,KB,p50,284.63
32,1780553124323170560,1780553125323170560,HTTP Data Received,KB,p75,284.63
32,1780553124323170560,1780553125323170560,HTTP Data Received,KB,p90,284.63
32,1780553124323170560,1780553125323170560,HTTP Data Received,KB,p95,284.63
32,1780553124323170560,1780553125323170560,HTTP Data Received,KB,p99,284.63
32,1780553124323170560,1780553125323170560,HTTP Data Received,KB,std,0.00
32,1780553124323170560,1780553125323170560,HTTP Data Sent,KB,avg,571.29
32,1780553124323170560,1780553125323170560,HTTP Data Sent,KB,min,571.29
32,1780553124323170560,1780553125323170560,HTTP Data Sent,KB,max,571.29
32,1780553124323170560,1780553125323170560,HTTP Data Sent,KB,sum,571.29
32,1780553124323170560,1780553125323170560,HTTP Data Sent,KB,p1,571.29
32,1780553124323170560,1780553125323170560,HTTP Data Sent,KB,p5,571.29
32,1780553124323170560,1780553125323170560,HTTP Data Sent,KB,p10,571.29
32,1780553124323170560,1780553125323170560,HTTP Data Sent,KB,p25,571.29
32,1780553124323170560,1780553125323170560,HTTP Data Sent,KB,p50,571.29
32,1780553124323170560,1780553125323170560,HTTP Data Sent,KB,p75,571.29
32,1780553124323170560,1780553125323170560,HTTP Data Sent,KB,p90,571.29
32,1780553124323170560,1780553125323170560,HTTP Data Sent,KB,p95,571.29
32,1780553124323170560,1780553125323170560,HTTP Data Sent,KB,p99,571.29
32,1780553124323170560,1780553125323170560,HTTP Data Sent,KB,std,0.00
32,1780553124323170560,1780553125323170560,HTTP DNS Lookup,ms,avg,0.00
32,1780553124323170560,1780553125323170560,HTTP DNS Lookup,ms,min,0.00
32,1780553124323170560,1780553125323170560,HTTP DNS Lookup,ms,max,0.00
32,1780553124323170560,1780553125323170560,HTTP DNS Lookup,ms,sum,0.00
32,1780553124323170560,1780553125323170560,HTTP DNS Lookup,ms,p1,0.00
32,1780553124323170560,1780553125323170560,HTTP DNS Lookup,ms,p5,0.00
32,1780553124323170560,1780553125323170560,HTTP DNS Lookup,ms,p10,0.00
32,1780553124323170560,1780553125323170560,HTTP DNS Lookup,ms,p25,0.00
32,1780553124323170560,1780553125323170560,HTTP DNS Lookup,ms,p50,0.00
32,1780553124323170560,1780553125323170560,HTTP DNS Lookup,ms,p75,0.00
32,1780553124323170560,1780553125323170560,HTTP DNS Lookup,ms,p90,0.00
32,1780553124323170560,1780553125323170560,HTTP DNS Lookup,ms,p95,0.00
32,1780553124323170560,1780553125323170560,HTTP DNS Lookup,ms,p99,0.00
32,1780553124323170560,1780553125323170560,HTTP DNS Lookup,ms,std,0.00
32,1780553124323170560,1780553125323170560,HTTP Duration (excl. conn),ms,avg,201847.69
32,1780553124323170560,1780553125323170560,HTTP Duration (excl. conn),ms,min,201847.69
32,1780553124323170560,1780553125323170560,HTTP Duration (excl. conn),ms,max,201847.69
32,1780553124323170560,1780553125323170560,HTTP Duration (excl. conn),ms,sum,201847.69
32,1780553124323170560,1780553125323170560,HTTP Duration (excl. conn),ms,p1,201847.69
32,1780553124323170560,1780553125323170560,HTTP Duration (excl. conn),ms,p5,201847.69
32,1780553124323170560,1780553125323170560,HTTP Duration (excl. conn),ms,p10,201847.69
32,1780553124323170560,1780553125323170560,HTTP Duration (excl. conn),ms,p25,201847.69
32,1780553124323170560,1780553125323170560,HTTP Duration (excl. conn),ms,p50,201847.69
32,1780553124323170560,1780553125323170560,HTTP Duration (excl. conn),ms,p75,201847.69
32,1780553124323170560,1780553125323170560,HTTP Duration (excl. conn),ms,p90,201847.69
32,1780553124323170560,1780553125323170560,HTTP Duration (excl. conn),ms,p95,201847.69
32,1780553124323170560,1780553125323170560,HTTP Duration (excl. conn),ms,p99,201847.69
32,1780553124323170560,1780553125323170560,HTTP Duration (excl. conn),ms,std,0.00
32,1780553124323170560,1780553125323170560,HTTP Receiving,ms,avg,141447.46
32,1780553124323170560,1780553125323170560,HTTP Receiving,ms,min,141447.46
32,1780553124323170560,1780553125323170560,HTTP Receiving,ms,max,141447.46
32,1780553124323170560,1780553125323170560,HTTP Receiving,ms,sum,141447.46
32,1780553124323170560,1780553125323170560,HTTP Receiving,ms,p1,141447.46
32,1780553124323170560,1780553125323170560,HTTP Receiving,ms,p5,141447.46
32,1780553124323170560,1780553125323170560,HTTP Receiving,ms,p10,141447.46
32,1780553124323170560,1780553125323170560,HTTP Receiving,ms,p25,141447.46
32,1780553124323170560,1780553125323170560,HTTP Receiving,ms,p50,141447.46
32,1780553124323170560,1780553125323170560,HTTP Receiving,ms,p75,141447.46
32,1780553124323170560,1780553125323170560,HTTP Receiving,ms,p90,141447.46
32,1780553124323170560,1780553125323170560,HTTP Receiving,ms,p95,141447.46
32,1780553124323170560,1780553125323170560,HTTP Receiving,ms,p99,141447.46
32,1780553124323170560,1780553125323170560,HTTP Receiving,ms,std,0.00
32,1780553124323170560,1780553125323170560,HTTP Sending,ms,avg,0.90
32,1780553124323170560,1780553125323170560,HTTP Sending,ms,min,0.90
32,1780553124323170560,1780553125323170560,HTTP Sending,ms,max,0.90
32,1780553124323170560,1780553125323170560,HTTP Sending,ms,sum,0.90
32,1780553124323170560,1780553125323170560,HTTP Sending,ms,p1,0.90
32,1780553124323170560,1780553125323170560,HTTP Sending,ms,p5,0.90
32,1780553124323170560,1780553125323170560,HTTP Sending,ms,p10,0.90
32,1780553124323170560,1780553125323170560,HTTP Sending,ms,p25,0.90
32,1780553124323170560,1780553125323170560,HTTP Sending,ms,p50,0.90
32,1780553124323170560,1780553125323170560,HTTP Sending,ms,p75,0.90
32,1780553124323170560,1780553125323170560,HTTP Sending,ms,p90,0.90
32,1780553124323170560,1780553125323170560,HTTP Sending,ms,p95,0.90
32,1780553124323170560,1780553125323170560,HTTP Sending,ms,p99,0.90
32,1780553124323170560,1780553125323170560,HTTP Sending,ms,std,0.00
32,1780553124323170560,1780553125323170560,HTTP Total Time,ms,avg,201848.32
32,1780553124323170560,1780553125323170560,HTTP Total Time,ms,min,201848.32
32,1780553124323170560,1780553125323170560,HTTP Total Time,ms,max,201848.32
32,1780553124323170560,1780553125323170560,HTTP Total Time,ms,sum,201848.32
32,1780553124323170560,1780553125323170560,HTTP Total Time,ms,p1,201848.32
32,1780553124323170560,1780553125323170560,HTTP Total Time,ms,p5,201848.32
32,1780553124323170560,1780553125323170560,HTTP Total Time,ms,p10,201848.32
32,1780553124323170560,1780553125323170560,HTTP Total Time,ms,p25,201848.32
32,1780553124323170560,1780553125323170560,HTTP Total Time,ms,p50,201848.32
32,1780553124323170560,1780553125323170560,HTTP Total Time,ms,p75,201848.32
32,1780553124323170560,1780553125323170560,HTTP Total Time,ms,p90,201848.32
32,1780553124323170560,1780553125323170560,HTTP Total Time,ms,p95,201848.32
32,1780553124323170560,1780553125323170560,HTTP Total Time,ms,p99,201848.32
32,1780553124323170560,1780553125323170560,HTTP Total Time,ms,std,0.00
32,1780553124323170560,1780553125323170560,HTTP Waiting (TTFB),ms,avg,60399.32
32,1780553124323170560,1780553125323170560,HTTP Waiting (TTFB),ms,min,60399.32
32,1780553124323170560,1780553125323170560,HTTP Waiting (TTFB),ms,max,60399.32
32,1780553124323170560,1780553125323170560,HTTP Waiting (TTFB),ms,sum,60399.32
32,1780553124323170560,1780553125323170560,HTTP Waiting (TTFB),ms,p1,60399.32
32,1780553124323170560,1780553125323170560,HTTP Waiting (TTFB),ms,p5,60399.32
32,1780553124323170560,1780553125323170560,HTTP Waiting (TTFB),ms,p10,60399.32
32,1780553124323170560,1780553125323170560,HTTP Waiting (TTFB),ms,p25,60399.32
32,1780553124323170560,1780553125323170560,HTTP Waiting (TTFB),ms,p50,60399.32
32,1780553124323170560,1780553125323170560,HTTP Waiting (TTFB),ms,p75,60399.32
32,1780553124323170560,1780553125323170560,HTTP Waiting (TTFB),ms,p90,60399.32
32,1780553124323170560,1780553125323170560,HTTP Waiting (TTFB),ms,p95,60399.32
32,1780553124323170560,1780553125323170560,HTTP Waiting (TTFB),ms,p99,60399.32
32,1780553124323170560,1780553125323170560,HTTP Waiting (TTFB),ms,std,0.00
32,1780553124323170560,1780553125323170560,Input Sequence Length,tokens,avg,146694.00
32,1780553124323170560,1780553125323170560,Input Sequence Length,tokens,min,146694.00
32,1780553124323170560,1780553125323170560,Input Sequence Length,tokens,max,146694.00
32,1780553124323170560,1780553125323170560,Input Sequence Length,tokens,sum,146694.00
32,1780553124323170560,1780553125323170560,Input Sequence Length,tokens,p1,146694.00
32,1780553124323170560,1780553125323170560,Input Sequence Length,tokens,p5,146694.00
32,1780553124323170560,1780553125323170560,Input Sequence Length,tokens,p10,146694.00
32,1780553124323170560,1780553125323170560,Input Sequence Length,tokens,p25,146694.00
32,1780553124323170560,1780553125323170560,Input Sequence Length,tokens,p50,146694.00
32,1780553124323170560,1780553125323170560,Input Sequence Length,tokens,p75,146694.00
32,1780553124323170560,1780553125323170560,Input Sequence Length,tokens,p90,146694.00
32,1780553124323170560,1780553125323170560,Input Sequence Length,tokens,p95,146694.00
32,1780553124323170560,1780553125323170560,Input Sequence Length,tokens,p99,146694.00
32,1780553124323170560,1780553125323170560,Input Sequence Length,tokens,std,0.00
32,1780553124323170560,1780553125323170560,Input Token Throughput,tokens/sec,avg,146694.00
32,1780553124323170560,1780553125323170560,Inter Chunk Latency,ms,avg,64.29
32,1780553124323170560,1780553125323170560,Inter Chunk Latency,ms,min,64.21
32,1780553124323170560,1780553125323170560,Inter Chunk Latency,ms,max,64.37
32,1780553124323170560,1780553125323170560,Inter Chunk Latency,ms,sum,59017.69
32,1780553124323170560,1780553125323170560,Inter Chunk Latency,ms,p1,64.21
32,1780553124323170560,1780553125323170560,Inter Chunk Latency,ms,p5,64.22
32,1780553124323170560,1780553125323170560,Inter Chunk Latency,ms,p10,64.23
32,1780553124323170560,1780553125323170560,Inter Chunk Latency,ms,p25,64.25
32,1780553124323170560,1780553125323170560,Inter Chunk Latency,ms,p50,64.29
32,1780553124323170560,1780553125323170560,Inter Chunk Latency,ms,p75,64.33
32,1780553124323170560,1780553125323170560,Inter Chunk Latency,ms,p90,64.35
32,1780553124323170560,1780553125323170560,Inter Chunk Latency,ms,p95,64.36
32,1780553124323170560,1780553125323170560,Inter Chunk Latency,ms,p99,64.37
32,1780553124323170560,1780553125323170560,Inter Chunk Latency,ms,std,0.05
32,1780553124323170560,1780553125323170560,Inter Token Latency,ms,avg,123.47
32,1780553124323170560,1780553125323170560,Inter Token Latency,ms,min,123.47
32,1780553124323170560,1780553125323170560,Inter Token Latency,ms,max,123.47
32,1780553124323170560,1780553125323170560,Inter Token Latency,ms,sum,123.47
32,1780553124323170560,1780553125323170560,Inter Token Latency,ms,p1,123.47
32,1780553124323170560,1780553125323170560,Inter Token Latency,ms,p5,123.47
32,1780553124323170560,1780553125323170560,Inter Token Latency,ms,p10,123.47
32,1780553124323170560,1780553125323170560,Inter Token Latency,ms,p25,123.47
32,1780553124323170560,1780553125323170560,Inter Token Latency,ms,p50,123.47
32,1780553124323170560,1780553125323170560,Inter Token Latency,ms,p75,123.47
32,1780553124323170560,1780553125323170560,Inter Token Latency,ms,p90,123.47
32,1780553124323170560,1780553125323170560,Inter Token Latency,ms,p95,123.47
32,1780553124323170560,1780553125323170560,Inter Token Latency,ms,p99,123.47
32,1780553124323170560,1780553125323170560,Inter Token Latency,ms,std,0.00
32,1780553124323170560,1780553125323170560,Maximum Response Timestamp,ns,avg,1780553326762639360.00
32,1780553124323170560,1780553125323170560,Minimum Request Timestamp,ns,avg,1780553124988118016.00
32,1780553124323170560,1780553125323170560,OSL Mismatch Count,requests,avg,0.00
32,1780553124323170560,1780553125323170560,OSL Mismatch Diff %,%,avg,0.00
32,1780553124323170560,1780553125323170560,OSL Mismatch Diff %,%,min,0.00
32,1780553124323170560,1780553125323170560,OSL Mismatch Diff %,%,max,0.00
32,1780553124323170560,1780553125323170560,OSL Mismatch Diff %,%,sum,0.00
32,1780553124323170560,1780553125323170560,OSL Mismatch Diff %,%,p1,0.00
32,1780553124323170560,1780553125323170560,OSL Mismatch Diff %,%,p5,0.00
32,1780553124323170560,1780553125323170560,OSL Mismatch Diff %,%,p10,0.00
32,1780553124323170560,1780553125323170560,OSL Mismatch Diff %,%,p25,0.00
32,1780553124323170560,1780553125323170560,OSL Mismatch Diff %,%,p50,0.00
32,1780553124323170560,1780553125323170560,OSL Mismatch Diff %,%,p75,0.00
32,1780553124323170560,1780553125323170560,OSL Mismatch Diff %,%,p90,0.00
32,1780553124323170560,1780553125323170560,OSL Mismatch Diff %,%,p95,0.00
32,1780553124323170560,1780553125323170560,OSL Mismatch Diff %,%,p99,0.00
32,1780553124323170560,1780553125323170560,OSL Mismatch Diff %,%,std,0.00
32,1780553124323170560,1780553125323170560,Output Sequence Length,tokens,avg,1146.00
32,1780553124323170560,1780553125323170560,Output Sequence Length,tokens,min,1146.00
32,1780553124323170560,1780553125323170560,Output Sequence Length,tokens,max,1146.00
32,1780553124323170560,1780553125323170560,Output Sequence Length,tokens,sum,1146.00
32,1780553124323170560,1780553125323170560,Output Sequence Length,tokens,p1,1146.00
32,1780553124323170560,1780553125323170560,Output Sequence Length,tokens,p5,1146.00
32,1780553124323170560,1780553125323170560,Output Sequence Length,tokens,p10,1146.00
32,1780553124323170560,1780553125323170560,Output Sequence Length,tokens,p25,1146.00
32,1780553124323170560,1780553125323170560,Output Sequence Length,tokens,p50,1146.00
32,1780553124323170560,1780553125323170560,Output Sequence Length,tokens,p75,1146.00
32,1780553124323170560,1780553125323170560,Output Sequence Length,tokens,p90,1146.00
32,1780553124323170560,1780553125323170560,Output Sequence Length,tokens,p95,1146.00
32,1780553124323170560,1780553125323170560,Output Sequence Length,tokens,p99,1146.00
32,1780553124323170560,1780553125323170560,Output Sequence Length,tokens,std,0.00
32,1780553124323170560,1780553125323170560,Output Token Count,tokens,avg,1146.00
32,1780553124323170560,1780553125323170560,Output Token Count,tokens,min,1146.00
32,1780553124323170560,1780553125323170560,Output Token Count,tokens,max,1146.00
32,1780553124323170560,1780553125323170560,Output Token Count,tokens,sum,1146.00
32,1780553124323170560,1780553125323170560,Output Token Count,tokens,p1,1146.00
32,1780553124323170560,1780553125323170560,Output Token Count,tokens,p5,1146.00
32,1780553124323170560,1780553125323170560,Output Token Count,tokens,p10,1146.00
32,1780553124323170560,1780553125323170560,Output Token Count,tokens,p25,1146.00
32,1780553124323170560,1780553125323170560,Output Token Count,tokens,p50,1146.00
32,1780553124323170560,1780553125323170560,Output Token Count,tokens,p75,1146.00
32,1780553124323170560,1780553125323170560,Output Token Count,tokens,p90,1146.00
32,1780553124323170560,1780553125323170560,Output Token Count,tokens,p95,1146.00
32,1780553124323170560,1780553125323170560,Output Token Count,tokens,p99,1146.00
32,1780553124323170560,1780553125323170560,Output Token Count,tokens,std,0.00
32,1780553124323170560,1780553125323170560,Output Token Throughput,tokens/sec,avg,1146.00
32,1780553124323170560,1780553125323170560,Output Token Throughput Per User,tokens/sec/user,avg,8.10
32,1780553124323170560,1780553125323170560,Output Token Throughput Per User,tokens/sec/user,min,8.10
32,1780553124323170560,1780553125323170560,Output Token Throughput Per User,tokens/sec/user,max,8.10
32,1780553124323170560,1780553125323170560,Output Token Throughput Per User,tokens/sec/user,sum,8.10
32,1780553124323170560,1780553125323170560,Output Token Throughput Per User,tokens/sec/user,p1,8.10
32,1780553124323170560,1780553125323170560,Output Token Throughput Per User,tokens/sec/user,p5,8.10
32,1780553124323170560,1780553125323170560,Output Token Throughput Per User,tokens/sec/user,p10,8.10
32,1780553124323170560,1780553125323170560,Output Token Throughput Per User,tokens/sec/user,p25,8.10
32,1780553124323170560,1780553125323170560,Output Token Throughput Per User,tokens/sec/user,p50,8.10
32,1780553124323170560,1780553125323170560,Output Token Throughput Per User,tokens/sec/user,p75,8.10
32,1780553124323170560,1780553125323170560,Output Token Throughput Per User,tokens/sec/user,p90,8.10
32,1780553124323170560,1780553125323170560,Output Token Throughput Per User,tokens/sec/user,p95,8.10
32,1780553124323170560,1780553125323170560,Output Token Throughput Per User,tokens/sec/user,p99,8.10
32,1780553124323170560,1780553125323170560,Output Token Throughput Per User,tokens/sec/user,std,0.00
32,1780553124323170560,1780553125323170560,Prefill Throughput Per User,tokens/sec/user,avg,2428.69
32,1780553124323170560,1780553125323170560,Prefill Throughput Per User,tokens/sec/user,min,2428.69
32,1780553124323170560,1780553125323170560,Prefill Throughput Per User,tokens/sec/user,max,2428.69
32,1780553124323170560,1780553125323170560,Prefill Throughput Per User,tokens/sec/user,sum,2428.69
32,1780553124323170560,1780553125323170560,Prefill Throughput Per User,tokens/sec/user,p1,2428.69
32,1780553124323170560,1780553125323170560,Prefill Throughput Per User,tokens/sec/user,p5,2428.69
32,1780553124323170560,1780553125323170560,Prefill Throughput Per User,tokens/sec/user,p10,2428.69
32,1780553124323170560,1780553125323170560,Prefill Throughput Per User,tokens/sec/user,p25,2428.69
32,1780553124323170560,1780553125323170560,Prefill Throughput Per User,tokens/sec/user,p50,2428.69
32,1780553124323170560,1780553125323170560,Prefill Throughput Per User,tokens/sec/user,p75,2428.69
32,1780553124323170560,1780553125323170560,Prefill Throughput Per User,tokens/sec/user,p90,2428.69
32,1780553124323170560,1780553125323170560,Prefill Throughput Per User,tokens/sec/user,p95,2428.69
32,1780553124323170560,1780553125323170560,Prefill Throughput Per User,tokens/sec/user,p99,2428.69
32,1780553124323170560,1780553125323170560,Prefill Throughput Per User,tokens/sec/user,std,0.00
32,1780553124323170560,1780553125323170560,Request Count,requests,avg,1.00
32,1780553124323170560,1780553125323170560,Request Latency,ms,avg,201774.52
32,1780553124323170560,1780553125323170560,Request Latency,ms,min,201774.52
32,1780553124323170560,1780553125323170560,Request Latency,ms,max,201774.52
32,1780553124323170560,1780553125323170560,Request Latency,ms,sum,201774.52
32,1780553124323170560,1780553125323170560,Request Latency,ms,p1,201774.52
32,1780553124323170560,1780553125323170560,Request Latency,ms,p5,201774.52
32,1780553124323170560,1780553125323170560,Request Latency,ms,p10,201774.52
32,1780553124323170560,1780553125323170560,Request Latency,ms,p25,201774.52
32,1780553124323170560,1780553125323170560,Request Latency,ms,p50,201774.52
32,1780553124323170560,1780553125323170560,Request Latency,ms,p75,201774.52
32,1780553124323170560,1780553125323170560,Request Latency,ms,p90,201774.52
32,1780553124323170560,1780553125323170560,Request Latency,ms,p95,201774.52
32,1780553124323170560,1780553125323170560,Request Latency,ms,p99,201774.52
32,1780553124323170560,1780553125323170560,Request Latency,ms,std,0.00
32,1780553124323170560,1780553125323170560,Request Throughput,requests/sec,avg,1.00
32,1780553124323170560,1780553125323170560,Requested OSL,tokens,avg,1146.00
32,1780553124323170560,1780553125323170560,Requested OSL,tokens,min,1146.00
32,1780553124323170560,1780553125323170560,Requested OSL,tokens,max,1146.00
32,1780553124323170560,1780553125323170560,Requested OSL,tokens,sum,1146.00
32,1780553124323170560,1780553125323170560,Requested OSL,tokens,p1,1146.00
32,1780553124323170560,1780553125323170560,Requested OSL,tokens,p5,1146.00
32,1780553124323170560,1780553125323170560,Requested OSL,tokens,p10,1146.00
32,1780553124323170560,1780553125323170560,Requested OSL,tokens,p25,1146.00
32,1780553124323170560,1780553125323170560,Requested OSL,tokens,p50,1146.00
32,1780553124323170560,1780553125323170560,Requested OSL,tokens,p75,1146.00
32,1780553124323170560,1780553125323170560,Requested OSL,tokens,p90,1146.00
32,1780553124323170560,1780553125323170560,Requested OSL,tokens,p95,1146.00
32,1780553124323170560,1780553125323170560,Requested OSL,tokens,p99,1146.00
32,1780553124323170560,1780553125323170560,Requested OSL,tokens,std,0.00
32,1780553124323170560,1780553125323170560,Time to First Output Token,ms,avg,60400.35
32,1780553124323170560,1780553125323170560,Time to First Output Token,ms,min,60400.35
32,1780553124323170560,1780553125323170560,Time to First Output Token,ms,max,60400.35
32,1780553124323170560,1780553125323170560,Time to First Output Token,ms,sum,60400.35
32,1780553124323170560,1780553125323170560,Time to First Output Token,ms,p1,60400.35
32,1780553124323170560,1780553125323170560,Time to First Output Token,ms,p5,60400.35
32,1780553124323170560,1780553125323170560,Time to First Output Token,ms,p10,60400.35
32,1780553124323170560,1780553125323170560,Time to First Output Token,ms,p25,60400.35
32,1780553124323170560,1780553125323170560,Time to First Output Token,ms,p50,60400.35
32,1780553124323170560,1780553125323170560,Time to First Output Token,ms,p75,60400.35
32,1780553124323170560,1780553125323170560,Time to First Output Token,ms,p90,60400.35
32,1780553124323170560,1780553125323170560,Time to First Output Token,ms,p95,60400.35
32,1780553124323170560,1780553125323170560,Time to First Output Token,ms,p99,60400.35
32,1780553124323170560,1780553125323170560,Time to First Output Token,ms,std,0.00
32,1780553124323170560,1780553125323170560,Time to First Token,ms,avg,60400.35
32,1780553124323170560,1780553125323170560,Time to First Token,ms,min,60400.35
32,1780553124323170560,1780553125323170560,Time to First Token,ms,max,60400.35
32,1780553124323170560,1780553125323170560,Time to First Token,ms,sum,60400.35
32,1780553124323170560,1780553125323170560,Time to First Token,ms,p1,60400.35
32,1780553124323170560,1780553125323170560,Time to First Token,ms,p5,60400.35
32,1780553124323170560,1780553125323170560,Time to First Token,ms,p10,60400.35
32,1780553124323170560,1780553125323170560,Time to First Token,ms,p25,60400.35
32,1780553124323170560,1780553125323170560,Time to First Token,ms,p50,60400.35
32,1780553124323170560,1780553125323170560,Time to First Token,ms,p75,60400.35
32,1780553124323170560,1780553125323170560,Time to First Token,ms,p90,60400.35
32,1780553124323170560,1780553125323170560,Time to First Token,ms,p95,60400.35
32,1780553124323170560,1780553125323170560,Time to First Token,ms,p99,60400.35
32,1780553124323170560,1780553125323170560,Time to First Token,ms,std,0.00
32,1780553124323170560,1780553125323170560,Time to Second Token,ms,avg,0.46
32,1780553124323170560,1780553125323170560,Time to Second Token,ms,min,0.46
32,1780553124323170560,1780553125323170560,Time to Second Token,ms,max,0.46
32,1780553124323170560,1780553125323170560,Time to Second Token,ms,sum,0.46
32,1780553124323170560,1780553125323170560,Time to Second Token,ms,p1,0.46
32,1780553124323170560,1780553125323170560,Time to Second Token,ms,p5,0.46
32,1780553124323170560,1780553125323170560,Time to Second Token,ms,p10,0.46
32,1780553124323170560,1780553125323170560,Time to Second Token,ms,p25,0.46
32,1780553124323170560,1780553125323170560,Time to Second Token,ms,p50,0.46
32,1780553124323170560,1780553125323170560,Time to Second Token,ms,p75,0.46
32,1780553124323170560,1780553125323170560,Time to Second Token,ms,p90,0.46
32,1780553124323170560,1780553125323170560,Time to Second Token,ms,p95,0.46
32,1780553124323170560,1780553125323170560,Time to Second Token,ms,p99,0.46
32,1780553124323170560,1780553125323170560,Time to Second Token,ms,std,0.00
32,1780553124323170560,1780553125323170560,Tokens In Flight,tokens,avg,1530240.74
32,1780553124323170560,1780553125323170560,Tokens In Flight,tokens,min,1481062.94
32,1780553124323170560,1780553125323170560,Tokens In Flight,tokens,max,1627813.77
32,1780553124323170560,1780553125323170560,Tokens In Flight,tokens,p50,1481089.46
32,1780553124323170560,1780553125323170560,Tokens In Flight,tokens,p90,1627807.19
32,1780553124323170560,1780553125323170560,Tokens In Flight,tokens,p95,1627809.98
32,1780553124323170560,1780553125323170560,Tokens In Flight,tokens,p99,1627811.98
32,1780553124323170560,1780553125323170560,Tokens In Flight,tokens,std,69254.38
32,1780553124323170560,1780553125323170560,Total Input Sequence Length,tokens,avg,146694.00
32,1780553124323170560,1780553125323170560,Total Output Sequence Length,tokens,avg,1146.00
32,1780553124323170560,1780553125323170560,Total Output Tokens,tokens,avg,1146.00
32,1780553124323170560,1780553125323170560,Total Token Throughput,tokens/sec,avg,147840.00
32,1780553124323170560,1780553125323170560,Total Usage Completion Tokens,tokens,avg,1146.00
32,1780553124323170560,1780553125323170560,Total Usage Prompt Tokens,tokens,avg,146694.00
32,1780553124323170560,1780553125323170560,Total Usage Total Tokens,tokens,avg,147840.00
32,1780553124323170560,1780553125323170560,Usage Completion Tokens,tokens,avg,1146.00
32,1780553124323170560,1780553125323170560,Usage Completion Tokens,tokens,min,1146.00
32,1780553124323170560,1780553125323170560,Usage Completion Tokens,tokens,max,1146.00
32,1780553124323170560,1780553125323170560,Usage Completion Tokens,tokens,sum,1146.00
32,1780553124323170560,1780553125323170560,Usage Completion Tokens,tokens,p1,1146.00
32,1780553124323170560,1780553125323170560,Usage Completion Tokens,tokens,p5,1146.00
32,1780553124323170560,1780553125323170560,Usage Completion Tokens,tokens,p10,1146.00
32,1780553124323170560,1780553125323170560,Usage Completion Tokens,tokens,p25,1146.00
32,1780553124323170560,1780553125323170560,Usage Completion Tokens,tokens,p50,1146.00
32,1780553124323170560,1780553125323170560,Usage Completion Tokens,tokens,p75,1146.00
32,1780553124323170560,1780553125323170560,Usage Completion Tokens,tokens,p90,1146.00
32,1780553124323170560,1780553125323170560,Usage Completion Tokens,tokens,p95,1146.00
32,1780553124323170560,1780553125323170560,Usage Completion Tokens,tokens,p99,1146.00
32,1780553124323170560,1780553125323170560,Usage Completion Tokens,tokens,std,0.00
32,1780553124323170560,1780553125323170560,Usage Prompt Tokens,tokens,avg,146694.00
32,1780553124323170560,1780553125323170560,Usage Prompt Tokens,tokens,min,146694.00
32,1780553124323170560,1780553125323170560,Usage Prompt Tokens,tokens,max,146694.00
32,1780553124323170560,1780553125323170560,Usage Prompt Tokens,tokens,sum,146694.00
32,1780553124323170560,1780553125323170560,Usage Prompt Tokens,tokens,p1,146694.00
32,1780553124323170560,1780553125323170560,Usage Prompt Tokens,tokens,p5,146694.00
32,1780553124323170560,1780553125323170560,Usage Prompt Tokens,tokens,p10,146694.00
32,1780553124323170560,1780553125323170560,Usage Prompt Tokens,tokens,p25,146694.00
32,1780553124323170560,1780553125323170560,Usage Prompt Tokens,tokens,p50,146694.00
32,1780553124323170560,1780553125323170560,Usage Prompt Tokens,tokens,p75,146694.00
32,1780553124323170560,1780553125323170560,Usage Prompt Tokens,tokens,p90,146694.00
32,1780553124323170560,1780553125323170560,Usage Prompt Tokens,tokens,p95,146694.00
32,1780553124323170560,1780553125323170560,Usage Prompt Tokens,tokens,p99,146694.00
32,1780553124323170560,1780553125323170560,Usage Prompt Tokens,tokens,std,0.00
32,1780553124323170560,1780553125323170560,Usage Total Tokens,tokens,avg,147840.00
32,1780553124323170560,1780553125323170560,Usage Total Tokens,tokens,min,147840.00
32,1780553124323170560,1780553125323170560,Usage Total Tokens,tokens,max,147840.00
32,1780553124323170560,1780553125323170560,Usage Total Tokens,tokens,sum,147840.00
32,1780553124323170560,1780553125323170560,Usage Total Tokens,tokens,p1,147840.00
32,1780553124323170560,1780553125323170560,Usage Total Tokens,tokens,p5,147840.00
32,1780553124323170560,1780553125323170560,Usage Total Tokens,tokens,p10,147840.00
32,1780553124323170560,1780553125323170560,Usage Total Tokens,tokens,p25,147840.00
32,1780553124323170560,1780553125323170560,Usage Total Tokens,tokens,p50,147840.00
32,1780553124323170560,1780553125323170560,Usage Total Tokens,tokens,p75,147840.00
32,1780553124323170560,1780553125323170560,Usage Total Tokens,tokens,p90,147840.00
32,1780553124323170560,1780553125323170560,Usage Total Tokens,tokens,p95,147840.00
32,1780553124323170560,1780553125323170560,Usage Total Tokens,tokens,p99,147840.00
32,1780553124323170560,1780553125323170560,Usage Total Tokens,tokens,std,0.00
33,1780553153323170560,1780553154323170560,Active Decode Throughput,tokens/sec,avg,78.79
33,1780553153323170560,1780553154323170560,Active Decode Throughput,tokens/sec,min,52.07
33,1780553153323170560,1780553154323170560,Active Decode Throughput,tokens/sec,max,105.50
33,1780553153323170560,1780553154323170560,Active Decode Throughput,tokens/sec,p50,78.79
33,1780553153323170560,1780553154323170560,Active Decode Throughput,tokens/sec,p90,78.79
33,1780553153323170560,1780553154323170560,Active Decode Throughput,tokens/sec,p95,78.79
33,1780553153323170560,1780553154323170560,Active Decode Throughput,tokens/sec,p99,78.79
33,1780553153323170560,1780553154323170560,Active Decode Throughput,tokens/sec,std,0.04
33,1780553153323170560,1780553154323170560,Active Decode Throughput Per User,tokens/sec/user,avg,6.51
33,1780553153323170560,1780553154323170560,Active Decode Throughput Per User,tokens/sec/user,min,4.34
33,1780553153323170560,1780553154323170560,Active Decode Throughput Per User,tokens/sec/user,max,8.79
33,1780553153323170560,1780553154323170560,Active Decode Throughput Per User,tokens/sec/user,p50,6.57
33,1780553153323170560,1780553154323170560,Active Decode Throughput Per User,tokens/sec/user,p90,6.57
33,1780553153323170560,1780553154323170560,Active Decode Throughput Per User,tokens/sec/user,p95,6.57
33,1780553153323170560,1780553154323170560,Active Decode Throughput Per User,tokens/sec/user,p99,6.57
33,1780553153323170560,1780553154323170560,Active Decode Throughput Per User,tokens/sec/user,std,0.15
33,1780553153323170560,1780553154323170560,Active Prefill Throughput,tokens/sec,avg,5721.16
33,1780553153323170560,1780553154323170560,Active Prefill Throughput,tokens/sec,min,5171.84
33,1780553153323170560,1780553154323170560,Active Prefill Throughput,tokens/sec,max,7489.91
33,1780553153323170560,1780553154323170560,Active Prefill Throughput,tokens/sec,p50,5171.84
33,1780553153323170560,1780553154323170560,Active Prefill Throughput,tokens/sec,p90,7489.91
33,1780553153323170560,1780553154323170560,Active Prefill Throughput,tokens/sec,p95,7489.91
33,1780553153323170560,1780553154323170560,Active Prefill Throughput,tokens/sec,p99,7489.91
33,1780553153323170560,1780553154323170560,Active Prefill Throughput,tokens/sec,std,985.71
33,1780553153323170560,1780553154323170560,Active Prefill Throughput Per User,tokens/sec/user,avg,2564.76
33,1780553153323170560,1780553154323170560,Active Prefill Throughput Per User,tokens/sec/user,min,2496.64
33,1780553153323170560,1780553154323170560,Active Prefill Throughput Per User,tokens/sec/user,max,2585.92
33,1780553153323170560,1780553154323170560,Active Prefill Throughput Per User,tokens/sec/user,p50,2585.92
33,1780553153323170560,1780553154323170560,Active Prefill Throughput Per User,tokens/sec/user,p90,2585.92
33,1780553153323170560,1780553154323170560,Active Prefill Throughput Per User,tokens/sec/user,p95,2585.92
33,1780553153323170560,1780553154323170560,Active Prefill Throughput Per User,tokens/sec/user,p99,2585.92
33,1780553153323170560,1780553154323170560,Active Prefill Throughput Per User,tokens/sec/user,std,37.97
33,1780553153323170560,1780553154323170560,Active Total Throughput,tokens/sec,avg,5802.08
33,1780553153323170560,1780553154323170560,Active Total Throughput,tokens/sec,min,5252.15
33,1780553153323170560,1780553154323170560,Active Total Throughput,tokens/sec,max,7570.23
33,1780553153323170560,1780553154323170560,Active Total Throughput,tokens/sec,p50,5252.15
33,1780553153323170560,1780553154323170560,Active Total Throughput,tokens/sec,p90,7570.23
33,1780553153323170560,1780553154323170560,Active Total Throughput,tokens/sec,p95,7570.23
33,1780553153323170560,1780553154323170560,Active Total Throughput,tokens/sec,p99,7570.23
33,1780553153323170560,1780553154323170560,Active Total Throughput,tokens/sec,std,985.37
33,1780553153323170560,1780553154323170560,Benchmark Duration,sec,avg,73.78
33,1780553153323170560,1780553154323170560,E2E Output Token Throughput,tokens/sec/user,avg,2.85
33,1780553153323170560,1780553154323170560,E2E Output Token Throughput,tokens/sec/user,min,2.85
33,1780553153323170560,1780553154323170560,E2E Output Token Throughput,tokens/sec/user,max,2.85
33,1780553153323170560,1780553154323170560,E2E Output Token Throughput,tokens/sec/user,sum,2.85
33,1780553153323170560,1780553154323170560,E2E Output Token Throughput,tokens/sec/user,p1,2.85
33,1780553153323170560,1780553154323170560,E2E Output Token Throughput,tokens/sec/user,p5,2.85
33,1780553153323170560,1780553154323170560,E2E Output Token Throughput,tokens/sec/user,p10,2.85
33,1780553153323170560,1780553154323170560,E2E Output Token Throughput,tokens/sec/user,p25,2.85
33,1780553153323170560,1780553154323170560,E2E Output Token Throughput,tokens/sec/user,p50,2.85
33,1780553153323170560,1780553154323170560,E2E Output Token Throughput,tokens/sec/user,p75,2.85
33,1780553153323170560,1780553154323170560,E2E Output Token Throughput,tokens/sec/user,p90,2.85
33,1780553153323170560,1780553154323170560,E2E Output Token Throughput,tokens/sec/user,p95,2.85
33,1780553153323170560,1780553154323170560,E2E Output Token Throughput,tokens/sec/user,p99,2.85
33,1780553153323170560,1780553154323170560,E2E Output Token Throughput,tokens/sec/user,std,0.00
33,1780553153323170560,1780553154323170560,Effective Concurrency,requests,avg,14.34
33,1780553153323170560,1780553154323170560,Effective Concurrency,requests,min,14.00
33,1780553153323170560,1780553154323170560,Effective Concurrency,requests,max,15.00
33,1780553153323170560,1780553154323170560,Effective Concurrency,requests,p50,14.00
33,1780553153323170560,1780553154323170560,Effective Concurrency,requests,p90,15.00
33,1780553153323170560,1780553154323170560,Effective Concurrency,requests,p95,15.00
33,1780553153323170560,1780553154323170560,Effective Concurrency,requests,p99,15.00
33,1780553153323170560,1780553154323170560,Effective Concurrency,requests,std,0.47
33,1780553153323170560,1780553154323170560,Effective Decode Concurrency,requests,avg,12.10
33,1780553153323170560,1780553154323170560,Effective Decode Concurrency,requests,min,12.00
33,1780553153323170560,1780553154323170560,Effective Decode Concurrency,requests,max,13.00
33,1780553153323170560,1780553154323170560,Effective Decode Concurrency,requests,p50,12.00
33,1780553153323170560,1780553154323170560,Effective Decode Concurrency,requests,p90,13.00
33,1780553153323170560,1780553154323170560,Effective Decode Concurrency,requests,p95,13.00
33,1780553153323170560,1780553154323170560,Effective Decode Concurrency,requests,p99,13.00
33,1780553153323170560,1780553154323170560,Effective Decode Concurrency,requests,std,0.30
33,1780553153323170560,1780553154323170560,Effective Decode Throughput,tokens/sec,avg,78.79
33,1780553153323170560,1780553154323170560,Effective Decode Throughput,tokens/sec,min,52.07
33,1780553153323170560,1780553154323170560,Effective Decode Throughput,tokens/sec,max,105.50
33,1780553153323170560,1780553154323170560,Effective Decode Throughput,tokens/sec,p50,78.79
33,1780553153323170560,1780553154323170560,Effective Decode Throughput,tokens/sec,p90,78.79
33,1780553153323170560,1780553154323170560,Effective Decode Throughput,tokens/sec,p95,78.79
33,1780553153323170560,1780553154323170560,Effective Decode Throughput,tokens/sec,p99,78.79
33,1780553153323170560,1780553154323170560,Effective Decode Throughput,tokens/sec,std,0.04
33,1780553153323170560,1780553154323170560,Effective Decode Throughput Per User,tokens/sec/user,avg,6.51
33,1780553153323170560,1780553154323170560,Effective Decode Throughput Per User,tokens/sec/user,min,4.34
33,1780553153323170560,1780553154323170560,Effective Decode Throughput Per User,tokens/sec/user,max,8.79
33,1780553153323170560,1780553154323170560,Effective Decode Throughput Per User,tokens/sec/user,p50,6.57
33,1780553153323170560,1780553154323170560,Effective Decode Throughput Per User,tokens/sec/user,p90,6.57
33,1780553153323170560,1780553154323170560,Effective Decode Throughput Per User,tokens/sec/user,p95,6.57
33,1780553153323170560,1780553154323170560,Effective Decode Throughput Per User,tokens/sec/user,p99,6.57
33,1780553153323170560,1780553154323170560,Effective Decode Throughput Per User,tokens/sec/user,std,0.15
33,1780553153323170560,1780553154323170560,Effective Prefill Concurrency,requests,avg,2.24
33,1780553153323170560,1780553154323170560,Effective Prefill Concurrency,requests,min,2.00
33,1780553153323170560,1780553154323170560,Effective Prefill Concurrency,requests,max,3.00
33,1780553153323170560,1780553154323170560,Effective Prefill Concurrency,requests,p50,2.00
33,1780553153323170560,1780553154323170560,Effective Prefill Concurrency,requests,p90,3.00
33,1780553153323170560,1780553154323170560,Effective Prefill Concurrency,requests,p95,3.00
33,1780553153323170560,1780553154323170560,Effective Prefill Concurrency,requests,p99,3.00
33,1780553153323170560,1780553154323170560,Effective Prefill Concurrency,requests,std,0.43
33,1780553153323170560,1780553154323170560,Effective Prefill Throughput,tokens/sec,avg,5721.16
33,1780553153323170560,1780553154323170560,Effective Prefill Throughput,tokens/sec,min,5171.84
33,1780553153323170560,1780553154323170560,Effective Prefill Throughput,tokens/sec,max,7489.91
33,1780553153323170560,1780553154323170560,Effective Prefill Throughput,tokens/sec,p50,5171.84
33,1780553153323170560,1780553154323170560,Effective Prefill Throughput,tokens/sec,p90,7489.91
33,1780553153323170560,1780553154323170560,Effective Prefill Throughput,tokens/sec,p95,7489.91
33,1780553153323170560,1780553154323170560,Effective Prefill Throughput,tokens/sec,p99,7489.91
33,1780553153323170560,1780553154323170560,Effective Prefill Throughput,tokens/sec,std,985.71
33,1780553153323170560,1780553154323170560,Effective Prefill Throughput Per User,tokens/sec/user,avg,2564.76
33,1780553153323170560,1780553154323170560,Effective Prefill Throughput Per User,tokens/sec/user,min,2496.64
33,1780553153323170560,1780553154323170560,Effective Prefill Throughput Per User,tokens/sec/user,max,2585.92
33,1780553153323170560,1780553154323170560,Effective Prefill Throughput Per User,tokens/sec/user,p50,2585.92
33,1780553153323170560,1780553154323170560,Effective Prefill Throughput Per User,tokens/sec/user,p90,2585.92
33,1780553153323170560,1780553154323170560,Effective Prefill Throughput Per User,tokens/sec/user,p95,2585.92
33,1780553153323170560,1780553154323170560,Effective Prefill Throughput Per User,tokens/sec/user,p99,2585.92
33,1780553153323170560,1780553154323170560,Effective Prefill Throughput Per User,tokens/sec/user,std,37.97
33,1780553153323170560,1780553154323170560,Effective Total Throughput,tokens/sec,avg,5802.08
33,1780553153323170560,1780553154323170560,Effective Total Throughput,tokens/sec,min,5252.15
33,1780553153323170560,1780553154323170560,Effective Total Throughput,tokens/sec,max,7570.23
33,1780553153323170560,1780553154323170560,Effective Total Throughput,tokens/sec,p50,5252.15
33,1780553153323170560,1780553154323170560,Effective Total Throughput,tokens/sec,p90,7570.23
33,1780553153323170560,1780553154323170560,Effective Total Throughput,tokens/sec,p95,7570.23
33,1780553153323170560,1780553154323170560,Effective Total Throughput,tokens/sec,p99,7570.23
33,1780553153323170560,1780553154323170560,Effective Total Throughput,tokens/sec,std,985.37
33,1780553153323170560,1780553154323170560,HTTP Blocked,ms,avg,0.00
33,1780553153323170560,1780553154323170560,HTTP Blocked,ms,min,0.00
33,1780553153323170560,1780553154323170560,HTTP Blocked,ms,max,0.00
33,1780553153323170560,1780553154323170560,HTTP Blocked,ms,sum,0.00
33,1780553153323170560,1780553154323170560,HTTP Blocked,ms,p1,0.00
33,1780553153323170560,1780553154323170560,HTTP Blocked,ms,p5,0.00
33,1780553153323170560,1780553154323170560,HTTP Blocked,ms,p10,0.00
33,1780553153323170560,1780553154323170560,HTTP Blocked,ms,p25,0.00
33,1780553153323170560,1780553154323170560,HTTP Blocked,ms,p50,0.00
33,1780553153323170560,1780553154323170560,HTTP Blocked,ms,p75,0.00
33,1780553153323170560,1780553154323170560,HTTP Blocked,ms,p90,0.00
33,1780553153323170560,1780553154323170560,HTTP Blocked,ms,p95,0.00
33,1780553153323170560,1780553154323170560,HTTP Blocked,ms,p99,0.00
33,1780553153323170560,1780553154323170560,HTTP Blocked,ms,std,0.00
33,1780553153323170560,1780553154323170560,HTTP Chunks Received,count,avg,210.00
33,1780553153323170560,1780553154323170560,HTTP Chunks Received,count,min,210.00
33,1780553153323170560,1780553154323170560,HTTP Chunks Received,count,max,210.00
33,1780553153323170560,1780553154323170560,HTTP Chunks Received,count,sum,210.00
33,1780553153323170560,1780553154323170560,HTTP Chunks Received,count,p1,210.00
33,1780553153323170560,1780553154323170560,HTTP Chunks Received,count,p5,210.00
33,1780553153323170560,1780553154323170560,HTTP Chunks Received,count,p10,210.00
33,1780553153323170560,1780553154323170560,HTTP Chunks Received,count,p25,210.00
33,1780553153323170560,1780553154323170560,HTTP Chunks Received,count,p50,210.00
33,1780553153323170560,1780553154323170560,HTTP Chunks Received,count,p75,210.00
33,1780553153323170560,1780553154323170560,HTTP Chunks Received,count,p90,210.00
33,1780553153323170560,1780553154323170560,HTTP Chunks Received,count,p95,210.00
33,1780553153323170560,1780553154323170560,HTTP Chunks Received,count,p99,210.00
33,1780553153323170560,1780553154323170560,HTTP Chunks Received,count,std,0.00
33,1780553153323170560,1780553154323170560,HTTP Chunks Sent,count,avg,1.00
33,1780553153323170560,1780553154323170560,HTTP Chunks Sent,count,min,1.00
33,1780553153323170560,1780553154323170560,HTTP Chunks Sent,count,max,1.00
33,1780553153323170560,1780553154323170560,HTTP Chunks Sent,count,sum,1.00
33,1780553153323170560,1780553154323170560,HTTP Chunks Sent,count,p1,1.00
33,1780553153323170560,1780553154323170560,HTTP Chunks Sent,count,p5,1.00
33,1780553153323170560,1780553154323170560,HTTP Chunks Sent,count,p10,1.00
33,1780553153323170560,1780553154323170560,HTTP Chunks Sent,count,p25,1.00
33,1780553153323170560,1780553154323170560,HTTP Chunks Sent,count,p50,1.00
33,1780553153323170560,1780553154323170560,HTTP Chunks Sent,count,p75,1.00
33,1780553153323170560,1780553154323170560,HTTP Chunks Sent,count,p90,1.00
33,1780553153323170560,1780553154323170560,HTTP Chunks Sent,count,p95,1.00
33,1780553153323170560,1780553154323170560,HTTP Chunks Sent,count,p99,1.00
33,1780553153323170560,1780553154323170560,HTTP Chunks Sent,count,std,0.00
33,1780553153323170560,1780553154323170560,HTTP Connecting,ms,avg,1.26
33,1780553153323170560,1780553154323170560,HTTP Connecting,ms,min,1.26
33,1780553153323170560,1780553154323170560,HTTP Connecting,ms,max,1.26
33,1780553153323170560,1780553154323170560,HTTP Connecting,ms,sum,1.26
33,1780553153323170560,1780553154323170560,HTTP Connecting,ms,p1,1.26
33,1780553153323170560,1780553154323170560,HTTP Connecting,ms,p5,1.26
33,1780553153323170560,1780553154323170560,HTTP Connecting,ms,p10,1.26
33,1780553153323170560,1780553154323170560,HTTP Connecting,ms,p25,1.26
33,1780553153323170560,1780553154323170560,HTTP Connecting,ms,p50,1.26
33,1780553153323170560,1780553154323170560,HTTP Connecting,ms,p75,1.26
33,1780553153323170560,1780553154323170560,HTTP Connecting,ms,p90,1.26
33,1780553153323170560,1780553154323170560,HTTP Connecting,ms,p95,1.26
33,1780553153323170560,1780553154323170560,HTTP Connecting,ms,p99,1.26
33,1780553153323170560,1780553154323170560,HTTP Connecting,ms,std,0.00
33,1780553153323170560,1780553154323170560,HTTP Connection Overhead,ms,avg,1.86
33,1780553153323170560,1780553154323170560,HTTP Connection Overhead,ms,min,1.86
33,1780553153323170560,1780553154323170560,HTTP Connection Overhead,ms,max,1.86
33,1780553153323170560,1780553154323170560,HTTP Connection Overhead,ms,sum,1.86
33,1780553153323170560,1780553154323170560,HTTP Connection Overhead,ms,p1,1.86
33,1780553153323170560,1780553154323170560,HTTP Connection Overhead,ms,p5,1.86
33,1780553153323170560,1780553154323170560,HTTP Connection Overhead,ms,p10,1.86
33,1780553153323170560,1780553154323170560,HTTP Connection Overhead,ms,p25,1.86
33,1780553153323170560,1780553154323170560,HTTP Connection Overhead,ms,p50,1.86
33,1780553153323170560,1780553154323170560,HTTP Connection Overhead,ms,p75,1.86
33,1780553153323170560,1780553154323170560,HTTP Connection Overhead,ms,p90,1.86
33,1780553153323170560,1780553154323170560,HTTP Connection Overhead,ms,p95,1.86
33,1780553153323170560,1780553154323170560,HTTP Connection Overhead,ms,p99,1.86
33,1780553153323170560,1780553154323170560,HTTP Connection Overhead,ms,std,0.00
33,1780553153323170560,1780553154323170560,HTTP Connection Reused,ratio,avg,0.00
33,1780553153323170560,1780553154323170560,HTTP Connection Reused,ratio,min,0.00
33,1780553153323170560,1780553154323170560,HTTP Connection Reused,ratio,max,0.00
33,1780553153323170560,1780553154323170560,HTTP Connection Reused,ratio,sum,0.00
33,1780553153323170560,1780553154323170560,HTTP Connection Reused,ratio,p1,0.00
33,1780553153323170560,1780553154323170560,HTTP Connection Reused,ratio,p5,0.00
33,1780553153323170560,1780553154323170560,HTTP Connection Reused,ratio,p10,0.00
33,1780553153323170560,1780553154323170560,HTTP Connection Reused,ratio,p25,0.00
33,1780553153323170560,1780553154323170560,HTTP Connection Reused,ratio,p50,0.00
33,1780553153323170560,1780553154323170560,HTTP Connection Reused,ratio,p75,0.00
33,1780553153323170560,1780553154323170560,HTTP Connection Reused,ratio,p90,0.00
33,1780553153323170560,1780553154323170560,HTTP Connection Reused,ratio,p95,0.00
33,1780553153323170560,1780553154323170560,HTTP Connection Reused,ratio,p99,0.00
33,1780553153323170560,1780553154323170560,HTTP Connection Reused,ratio,std,0.00
33,1780553153323170560,1780553154323170560,HTTP Data Received,KB,avg,52.94
33,1780553153323170560,1780553154323170560,HTTP Data Received,KB,min,52.94
33,1780553153323170560,1780553154323170560,HTTP Data Received,KB,max,52.94
33,1780553153323170560,1780553154323170560,HTTP Data Received,KB,sum,52.94
33,1780553153323170560,1780553154323170560,HTTP Data Received,KB,p1,52.94
33,1780553153323170560,1780553154323170560,HTTP Data Received,KB,p5,52.94
33,1780553153323170560,1780553154323170560,HTTP Data Received,KB,p10,52.94
33,1780553153323170560,1780553154323170560,HTTP Data Received,KB,p25,52.94
33,1780553153323170560,1780553154323170560,HTTP Data Received,KB,p50,52.94
33,1780553153323170560,1780553154323170560,HTTP Data Received,KB,p75,52.94
33,1780553153323170560,1780553154323170560,HTTP Data Received,KB,p90,52.94
33,1780553153323170560,1780553154323170560,HTTP Data Received,KB,p95,52.94
33,1780553153323170560,1780553154323170560,HTTP Data Received,KB,p99,52.94
33,1780553153323170560,1780553154323170560,HTTP Data Received,KB,std,0.00
33,1780553153323170560,1780553154323170560,HTTP Data Sent,KB,avg,374.42
33,1780553153323170560,1780553154323170560,HTTP Data Sent,KB,min,374.42
33,1780553153323170560,1780553154323170560,HTTP Data Sent,KB,max,374.42
33,1780553153323170560,1780553154323170560,HTTP Data Sent,KB,sum,374.42
33,1780553153323170560,1780553154323170560,HTTP Data Sent,KB,p1,374.42
33,1780553153323170560,1780553154323170560,HTTP Data Sent,KB,p5,374.42
33,1780553153323170560,1780553154323170560,HTTP Data Sent,KB,p10,374.42
33,1780553153323170560,1780553154323170560,HTTP Data Sent,KB,p25,374.42
33,1780553153323170560,1780553154323170560,HTTP Data Sent,KB,p50,374.42
33,1780553153323170560,1780553154323170560,HTTP Data Sent,KB,p75,374.42
33,1780553153323170560,1780553154323170560,HTTP Data Sent,KB,p90,374.42
33,1780553153323170560,1780553154323170560,HTTP Data Sent,KB,p95,374.42
33,1780553153323170560,1780553154323170560,HTTP Data Sent,KB,p99,374.42
33,1780553153323170560,1780553154323170560,HTTP Data Sent,KB,std,0.00
33,1780553153323170560,1780553154323170560,HTTP DNS Lookup,ms,avg,0.60
33,1780553153323170560,1780553154323170560,HTTP DNS Lookup,ms,min,0.60
33,1780553153323170560,1780553154323170560,HTTP DNS Lookup,ms,max,0.60
33,1780553153323170560,1780553154323170560,HTTP DNS Lookup,ms,sum,0.60
33,1780553153323170560,1780553154323170560,HTTP DNS Lookup,ms,p1,0.60
33,1780553153323170560,1780553154323170560,HTTP DNS Lookup,ms,p5,0.60
33,1780553153323170560,1780553154323170560,HTTP DNS Lookup,ms,p10,0.60
33,1780553153323170560,1780553154323170560,HTTP DNS Lookup,ms,p25,0.60
33,1780553153323170560,1780553154323170560,HTTP DNS Lookup,ms,p50,0.60
33,1780553153323170560,1780553154323170560,HTTP DNS Lookup,ms,p75,0.60
33,1780553153323170560,1780553154323170560,HTTP DNS Lookup,ms,p90,0.60
33,1780553153323170560,1780553154323170560,HTTP DNS Lookup,ms,p95,0.60
33,1780553153323170560,1780553154323170560,HTTP DNS Lookup,ms,p99,0.60
33,1780553153323170560,1780553154323170560,HTTP DNS Lookup,ms,std,0.00
33,1780553153323170560,1780553154323170560,HTTP Duration (excl. conn),ms,avg,73774.93
33,1780553153323170560,1780553154323170560,HTTP Duration (excl. conn),ms,min,73774.93
33,1780553153323170560,1780553154323170560,HTTP Duration (excl. conn),ms,max,73774.93
33,1780553153323170560,1780553154323170560,HTTP Duration (excl. conn),ms,sum,73774.93
33,1780553153323170560,1780553154323170560,HTTP Duration (excl. conn),ms,p1,73774.93
33,1780553153323170560,1780553154323170560,HTTP Duration (excl. conn),ms,p5,73774.93
33,1780553153323170560,1780553154323170560,HTTP Duration (excl. conn),ms,p10,73774.93
33,1780553153323170560,1780553154323170560,HTTP Duration (excl. conn),ms,p25,73774.93
33,1780553153323170560,1780553154323170560,HTTP Duration (excl. conn),ms,p50,73774.93
33,1780553153323170560,1780553154323170560,HTTP Duration (excl. conn),ms,p75,73774.93
33,1780553153323170560,1780553154323170560,HTTP Duration (excl. conn),ms,p90,73774.93
33,1780553153323170560,1780553154323170560,HTTP Duration (excl. conn),ms,p95,73774.93
33,1780553153323170560,1780553154323170560,HTTP Duration (excl. conn),ms,p99,73774.93
33,1780553153323170560,1780553154323170560,HTTP Duration (excl. conn),ms,std,0.00
33,1780553153323170560,1780553154323170560,HTTP Receiving,ms,avg,32167.23
33,1780553153323170560,1780553154323170560,HTTP Receiving,ms,min,32167.23
33,1780553153323170560,1780553154323170560,HTTP Receiving,ms,max,32167.23
33,1780553153323170560,1780553154323170560,HTTP Receiving,ms,sum,32167.23
33,1780553153323170560,1780553154323170560,HTTP Receiving,ms,p1,32167.23
33,1780553153323170560,1780553154323170560,HTTP Receiving,ms,p5,32167.23
33,1780553153323170560,1780553154323170560,HTTP Receiving,ms,p10,32167.23
33,1780553153323170560,1780553154323170560,HTTP Receiving,ms,p25,32167.23
33,1780553153323170560,1780553154323170560,HTTP Receiving,ms,p50,32167.23
33,1780553153323170560,1780553154323170560,HTTP Receiving,ms,p75,32167.23
33,1780553153323170560,1780553154323170560,HTTP Receiving,ms,p90,32167.23
33,1780553153323170560,1780553154323170560,HTTP Receiving,ms,p95,32167.23
33,1780553153323170560,1780553154323170560,HTTP Receiving,ms,p99,32167.23
33,1780553153323170560,1780553154323170560,HTTP Receiving,ms,std,0.00
33,1780553153323170560,1780553154323170560,HTTP Sending,ms,avg,1.54
33,1780553153323170560,1780553154323170560,HTTP Sending,ms,min,1.54
33,1780553153323170560,1780553154323170560,HTTP Sending,ms,max,1.54
33,1780553153323170560,1780553154323170560,HTTP Sending,ms,sum,1.54
33,1780553153323170560,1780553154323170560,HTTP Sending,ms,p1,1.54
33,1780553153323170560,1780553154323170560,HTTP Sending,ms,p5,1.54
33,1780553153323170560,1780553154323170560,HTTP Sending,ms,p10,1.54
33,1780553153323170560,1780553154323170560,HTTP Sending,ms,p25,1.54
33,1780553153323170560,1780553154323170560,HTTP Sending,ms,p50,1.54
33,1780553153323170560,1780553154323170560,HTTP Sending,ms,p75,1.54
33,1780553153323170560,1780553154323170560,HTTP Sending,ms,p90,1.54
33,1780553153323170560,1780553154323170560,HTTP Sending,ms,p95,1.54
33,1780553153323170560,1780553154323170560,HTTP Sending,ms,p99,1.54
33,1780553153323170560,1780553154323170560,HTTP Sending,ms,std,0.00
33,1780553153323170560,1780553154323170560,HTTP Total Time,ms,avg,73776.79
33,1780553153323170560,1780553154323170560,HTTP Total Time,ms,min,73776.79
33,1780553153323170560,1780553154323170560,HTTP Total Time,ms,max,73776.79
33,1780553153323170560,1780553154323170560,HTTP Total Time,ms,sum,73776.79
33,1780553153323170560,1780553154323170560,HTTP Total Time,ms,p1,73776.79
33,1780553153323170560,1780553154323170560,HTTP Total Time,ms,p5,73776.79
33,1780553153323170560,1780553154323170560,HTTP Total Time,ms,p10,73776.79
33,1780553153323170560,1780553154323170560,HTTP Total Time,ms,p25,73776.79
33,1780553153323170560,1780553154323170560,HTTP Total Time,ms,p50,73776.79
33,1780553153323170560,1780553154323170560,HTTP Total Time,ms,p75,73776.79
33,1780553153323170560,1780553154323170560,HTTP Total Time,ms,p90,73776.79
33,1780553153323170560,1780553154323170560,HTTP Total Time,ms,p95,73776.79
33,1780553153323170560,1780553154323170560,HTTP Total Time,ms,p99,73776.79
33,1780553153323170560,1780553154323170560,HTTP Total Time,ms,std,0.00
33,1780553153323170560,1780553154323170560,HTTP Waiting (TTFB),ms,avg,41606.16
33,1780553153323170560,1780553154323170560,HTTP Waiting (TTFB),ms,min,41606.16
33,1780553153323170560,1780553154323170560,HTTP Waiting (TTFB),ms,max,41606.16
33,1780553153323170560,1780553154323170560,HTTP Waiting (TTFB),ms,sum,41606.16
33,1780553153323170560,1780553154323170560,HTTP Waiting (TTFB),ms,p1,41606.16
33,1780553153323170560,1780553154323170560,HTTP Waiting (TTFB),ms,p5,41606.16
33,1780553153323170560,1780553154323170560,HTTP Waiting (TTFB),ms,p10,41606.16
33,1780553153323170560,1780553154323170560,HTTP Waiting (TTFB),ms,p25,41606.16
33,1780553153323170560,1780553154323170560,HTTP Waiting (TTFB),ms,p50,41606.16
33,1780553153323170560,1780553154323170560,HTTP Waiting (TTFB),ms,p75,41606.16
33,1780553153323170560,1780553154323170560,HTTP Waiting (TTFB),ms,p90,41606.16
33,1780553153323170560,1780553154323170560,HTTP Waiting (TTFB),ms,p95,41606.16
33,1780553153323170560,1780553154323170560,HTTP Waiting (TTFB),ms,p99,41606.16
33,1780553153323170560,1780553154323170560,HTTP Waiting (TTFB),ms,std,0.00
33,1780553153323170560,1780553154323170560,Input Sequence Length,tokens,avg,96450.00
33,1780553153323170560,1780553154323170560,Input Sequence Length,tokens,min,96450.00
33,1780553153323170560,1780553154323170560,Input Sequence Length,tokens,max,96450.00
33,1780553153323170560,1780553154323170560,Input Sequence Length,tokens,sum,96450.00
33,1780553153323170560,1780553154323170560,Input Sequence Length,tokens,p1,96450.00
33,1780553153323170560,1780553154323170560,Input Sequence Length,tokens,p5,96450.00
33,1780553153323170560,1780553154323170560,Input Sequence Length,tokens,p10,96450.00
33,1780553153323170560,1780553154323170560,Input Sequence Length,tokens,p25,96450.00
33,1780553153323170560,1780553154323170560,Input Sequence Length,tokens,p50,96450.00
33,1780553153323170560,1780553154323170560,Input Sequence Length,tokens,p75,96450.00
33,1780553153323170560,1780553154323170560,Input Sequence Length,tokens,p90,96450.00
33,1780553153323170560,1780553154323170560,Input Sequence Length,tokens,p95,96450.00
33,1780553153323170560,1780553154323170560,Input Sequence Length,tokens,p99,96450.00
33,1780553153323170560,1780553154323170560,Input Sequence Length,tokens,std,0.00
33,1780553153323170560,1780553154323170560,Input Token Throughput,tokens/sec,avg,96450.00
33,1780553153323170560,1780553154323170560,Inter Chunk Latency,ms,avg,63.73
33,1780553153323170560,1780553154323170560,Inter Chunk Latency,ms,min,63.71
33,1780553153323170560,1780553154323170560,Inter Chunk Latency,ms,max,63.75
33,1780553153323170560,1780553154323170560,Inter Chunk Latency,ms,sum,13319.46
33,1780553153323170560,1780553154323170560,Inter Chunk Latency,ms,p1,63.71
33,1780553153323170560,1780553154323170560,Inter Chunk Latency,ms,p5,63.71
33,1780553153323170560,1780553154323170560,Inter Chunk Latency,ms,p10,63.72
33,1780553153323170560,1780553154323170560,Inter Chunk Latency,ms,p25,63.72
33,1780553153323170560,1780553154323170560,Inter Chunk Latency,ms,p50,63.73
33,1780553153323170560,1780553154323170560,Inter Chunk Latency,ms,p75,63.74
33,1780553153323170560,1780553154323170560,Inter Chunk Latency,ms,p90,63.74
33,1780553153323170560,1780553154323170560,Inter Chunk Latency,ms,p95,63.75
33,1780553153323170560,1780553154323170560,Inter Chunk Latency,ms,p99,63.75
33,1780553153323170560,1780553154323170560,Inter Chunk Latency,ms,std,0.01
33,1780553153323170560,1780553154323170560,Inter Token Latency,ms,avg,153.91
33,1780553153323170560,1780553154323170560,Inter Token Latency,ms,min,153.91
33,1780553153323170560,1780553154323170560,Inter Token Latency,ms,max,153.91
33,1780553153323170560,1780553154323170560,Inter Token Latency,ms,sum,153.91
33,1780553153323170560,1780553154323170560,Inter Token Latency,ms,p1,153.91
33,1780553153323170560,1780553154323170560,Inter Token Latency,ms,p5,153.91
33,1780553153323170560,1780553154323170560,Inter Token Latency,ms,p10,153.91
33,1780553153323170560,1780553154323170560,Inter Token Latency,ms,p25,153.91
33,1780553153323170560,1780553154323170560,Inter Token Latency,ms,p50,153.91
33,1780553153323170560,1780553154323170560,Inter Token Latency,ms,p75,153.91
33,1780553153323170560,1780553154323170560,Inter Token Latency,ms,p90,153.91
33,1780553153323170560,1780553154323170560,Inter Token Latency,ms,p95,153.91
33,1780553153323170560,1780553154323170560,Inter Token Latency,ms,p99,153.91
33,1780553153323170560,1780553154323170560,Inter Token Latency,ms,std,0.00
33,1780553153323170560,1780553154323170560,Maximum Response Timestamp,ns,avg,1780553227861235456.00
33,1780553153323170560,1780553154323170560,Minimum Request Timestamp,ns,avg,1780553154086196224.00
33,1780553153323170560,1780553154323170560,OSL Mismatch Count,requests,avg,0.00
33,1780553153323170560,1780553154323170560,OSL Mismatch Diff %,%,avg,0.00
33,1780553153323170560,1780553154323170560,OSL Mismatch Diff %,%,min,0.00
33,1780553153323170560,1780553154323170560,OSL Mismatch Diff %,%,max,0.00
33,1780553153323170560,1780553154323170560,OSL Mismatch Diff %,%,sum,0.00
33,1780553153323170560,1780553154323170560,OSL Mismatch Diff %,%,p1,0.00
33,1780553153323170560,1780553154323170560,OSL Mismatch Diff %,%,p5,0.00
33,1780553153323170560,1780553154323170560,OSL Mismatch Diff %,%,p10,0.00
33,1780553153323170560,1780553154323170560,OSL Mismatch Diff %,%,p25,0.00
33,1780553153323170560,1780553154323170560,OSL Mismatch Diff %,%,p50,0.00
33,1780553153323170560,1780553154323170560,OSL Mismatch Diff %,%,p75,0.00
33,1780553153323170560,1780553154323170560,OSL Mismatch Diff %,%,p90,0.00
33,1780553153323170560,1780553154323170560,OSL Mismatch Diff %,%,p95,0.00
33,1780553153323170560,1780553154323170560,OSL Mismatch Diff %,%,p99,0.00
33,1780553153323170560,1780553154323170560,OSL Mismatch Diff %,%,std,0.00
33,1780553153323170560,1780553154323170560,Output Sequence Length,tokens,avg,210.00
33,1780553153323170560,1780553154323170560,Output Sequence Length,tokens,min,210.00
33,1780553153323170560,1780553154323170560,Output Sequence Length,tokens,max,210.00
33,1780553153323170560,1780553154323170560,Output Sequence Length,tokens,sum,210.00
33,1780553153323170560,1780553154323170560,Output Sequence Length,tokens,p1,210.00
33,1780553153323170560,1780553154323170560,Output Sequence Length,tokens,p5,210.00
33,1780553153323170560,1780553154323170560,Output Sequence Length,tokens,p10,210.00
33,1780553153323170560,1780553154323170560,Output Sequence Length,tokens,p25,210.00
33,1780553153323170560,1780553154323170560,Output Sequence Length,tokens,p50,210.00
33,1780553153323170560,1780553154323170560,Output Sequence Length,tokens,p75,210.00
33,1780553153323170560,1780553154323170560,Output Sequence Length,tokens,p90,210.00
33,1780553153323170560,1780553154323170560,Output Sequence Length,tokens,p95,210.00
33,1780553153323170560,1780553154323170560,Output Sequence Length,tokens,p99,210.00
33,1780553153323170560,1780553154323170560,Output Sequence Length,tokens,std,0.00
33,1780553153323170560,1780553154323170560,Output Token Count,tokens,avg,210.00
33,1780553153323170560,1780553154323170560,Output Token Count,tokens,min,210.00
33,1780553153323170560,1780553154323170560,Output Token Count,tokens,max,210.00
33,1780553153323170560,1780553154323170560,Output Token Count,tokens,sum,210.00
33,1780553153323170560,1780553154323170560,Output Token Count,tokens,p1,210.00
33,1780553153323170560,1780553154323170560,Output Token Count,tokens,p5,210.00
33,1780553153323170560,1780553154323170560,Output Token Count,tokens,p10,210.00
33,1780553153323170560,1780553154323170560,Output Token Count,tokens,p25,210.00
33,1780553153323170560,1780553154323170560,Output Token Count,tokens,p50,210.00
33,1780553153323170560,1780553154323170560,Output Token Count,tokens,p75,210.00
33,1780553153323170560,1780553154323170560,Output Token Count,tokens,p90,210.00
33,1780553153323170560,1780553154323170560,Output Token Count,tokens,p95,210.00
33,1780553153323170560,1780553154323170560,Output Token Count,tokens,p99,210.00
33,1780553153323170560,1780553154323170560,Output Token Count,tokens,std,0.00
33,1780553153323170560,1780553154323170560,Output Token Throughput,tokens/sec,avg,210.00
33,1780553153323170560,1780553154323170560,Output Token Throughput Per User,tokens/sec/user,avg,6.50
33,1780553153323170560,1780553154323170560,Output Token Throughput Per User,tokens/sec/user,min,6.50
33,1780553153323170560,1780553154323170560,Output Token Throughput Per User,tokens/sec/user,max,6.50
33,1780553153323170560,1780553154323170560,Output Token Throughput Per User,tokens/sec/user,sum,6.50
33,1780553153323170560,1780553154323170560,Output Token Throughput Per User,tokens/sec/user,p1,6.50
33,1780553153323170560,1780553154323170560,Output Token Throughput Per User,tokens/sec/user,p5,6.50
33,1780553153323170560,1780553154323170560,Output Token Throughput Per User,tokens/sec/user,p10,6.50
33,1780553153323170560,1780553154323170560,Output Token Throughput Per User,tokens/sec/user,p25,6.50
33,1780553153323170560,1780553154323170560,Output Token Throughput Per User,tokens/sec/user,p50,6.50
33,1780553153323170560,1780553154323170560,Output Token Throughput Per User,tokens/sec/user,p75,6.50
33,1780553153323170560,1780553154323170560,Output Token Throughput Per User,tokens/sec/user,p90,6.50
33,1780553153323170560,1780553154323170560,Output Token Throughput Per User,tokens/sec/user,p95,6.50
33,1780553153323170560,1780553154323170560,Output Token Throughput Per User,tokens/sec/user,p99,6.50
33,1780553153323170560,1780553154323170560,Output Token Throughput Per User,tokens/sec/user,std,0.00
33,1780553153323170560,1780553154323170560,Prefill Throughput Per User,tokens/sec/user,avg,2318.07
33,1780553153323170560,1780553154323170560,Prefill Throughput Per User,tokens/sec/user,min,2318.07
33,1780553153323170560,1780553154323170560,Prefill Throughput Per User,tokens/sec/user,max,2318.07
33,1780553153323170560,1780553154323170560,Prefill Throughput Per User,tokens/sec/user,sum,2318.07
33,1780553153323170560,1780553154323170560,Prefill Throughput Per User,tokens/sec/user,p1,2318.07
33,1780553153323170560,1780553154323170560,Prefill Throughput Per User,tokens/sec/user,p5,2318.07
33,1780553153323170560,1780553154323170560,Prefill Throughput Per User,tokens/sec/user,p10,2318.07
33,1780553153323170560,1780553154323170560,Prefill Throughput Per User,tokens/sec/user,p25,2318.07
33,1780553153323170560,1780553154323170560,Prefill Throughput Per User,tokens/sec/user,p50,2318.07
33,1780553153323170560,1780553154323170560,Prefill Throughput Per User,tokens/sec/user,p75,2318.07
33,1780553153323170560,1780553154323170560,Prefill Throughput Per User,tokens/sec/user,p90,2318.07
33,1780553153323170560,1780553154323170560,Prefill Throughput Per User,tokens/sec/user,p95,2318.07
33,1780553153323170560,1780553154323170560,Prefill Throughput Per User,tokens/sec/user,p99,2318.07
33,1780553153323170560,1780553154323170560,Prefill Throughput Per User,tokens/sec/user,std,0.00
33,1780553153323170560,1780553154323170560,Request Count,requests,avg,1.00
33,1780553153323170560,1780553154323170560,Request Latency,ms,avg,73775.04
33,1780553153323170560,1780553154323170560,Request Latency,ms,min,73775.04
33,1780553153323170560,1780553154323170560,Request Latency,ms,max,73775.04
33,1780553153323170560,1780553154323170560,Request Latency,ms,sum,73775.04
33,1780553153323170560,1780553154323170560,Request Latency,ms,p1,73775.04
33,1780553153323170560,1780553154323170560,Request Latency,ms,p5,73775.04
33,1780553153323170560,1780553154323170560,Request Latency,ms,p10,73775.04
33,1780553153323170560,1780553154323170560,Request Latency,ms,p25,73775.04
33,1780553153323170560,1780553154323170560,Request Latency,ms,p50,73775.04
33,1780553153323170560,1780553154323170560,Request Latency,ms,p75,73775.04
33,1780553153323170560,1780553154323170560,Request Latency,ms,p90,73775.04
33,1780553153323170560,1780553154323170560,Request Latency,ms,p95,73775.04
33,1780553153323170560,1780553154323170560,Request Latency,ms,p99,73775.04
33,1780553153323170560,1780553154323170560,Request Latency,ms,std,0.00
33,1780553153323170560,1780553154323170560,Request Throughput,requests/sec,avg,1.00
33,1780553153323170560,1780553154323170560,Requested OSL,tokens,avg,210.00
33,1780553153323170560,1780553154323170560,Requested OSL,tokens,min,210.00
33,1780553153323170560,1780553154323170560,Requested OSL,tokens,max,210.00
33,1780553153323170560,1780553154323170560,Requested OSL,tokens,sum,210.00
33,1780553153323170560,1780553154323170560,Requested OSL,tokens,p1,210.00
33,1780553153323170560,1780553154323170560,Requested OSL,tokens,p5,210.00
33,1780553153323170560,1780553154323170560,Requested OSL,tokens,p10,210.00
33,1780553153323170560,1780553154323170560,Requested OSL,tokens,p25,210.00
33,1780553153323170560,1780553154323170560,Requested OSL,tokens,p50,210.00
33,1780553153323170560,1780553154323170560,Requested OSL,tokens,p75,210.00
33,1780553153323170560,1780553154323170560,Requested OSL,tokens,p90,210.00
33,1780553153323170560,1780553154323170560,Requested OSL,tokens,p95,210.00
33,1780553153323170560,1780553154323170560,Requested OSL,tokens,p99,210.00
33,1780553153323170560,1780553154323170560,Requested OSL,tokens,std,0.00
33,1780553153323170560,1780553154323170560,Time to First Output Token,ms,avg,41607.82
33,1780553153323170560,1780553154323170560,Time to First Output Token,ms,min,41607.82
33,1780553153323170560,1780553154323170560,Time to First Output Token,ms,max,41607.82
33,1780553153323170560,1780553154323170560,Time to First Output Token,ms,sum,41607.82
33,1780553153323170560,1780553154323170560,Time to First Output Token,ms,p1,41607.82
33,1780553153323170560,1780553154323170560,Time to First Output Token,ms,p5,41607.82
33,1780553153323170560,1780553154323170560,Time to First Output Token,ms,p10,41607.82
33,1780553153323170560,1780553154323170560,Time to First Output Token,ms,p25,41607.82
33,1780553153323170560,1780553154323170560,Time to First Output Token,ms,p50,41607.82
33,1780553153323170560,1780553154323170560,Time to First Output Token,ms,p75,41607.82
33,1780553153323170560,1780553154323170560,Time to First Output Token,ms,p90,41607.82
33,1780553153323170560,1780553154323170560,Time to First Output Token,ms,p95,41607.82
33,1780553153323170560,1780553154323170560,Time to First Output Token,ms,p99,41607.82
33,1780553153323170560,1780553154323170560,Time to First Output Token,ms,std,0.00
33,1780553153323170560,1780553154323170560,Time to First Token,ms,avg,41607.82
33,1780553153323170560,1780553154323170560,Time to First Token,ms,min,41607.82
33,1780553153323170560,1780553154323170560,Time to First Token,ms,max,41607.82
33,1780553153323170560,1780553154323170560,Time to First Token,ms,sum,41607.82
33,1780553153323170560,1780553154323170560,Time to First Token,ms,p1,41607.82
33,1780553153323170560,1780553154323170560,Time to First Token,ms,p5,41607.82
33,1780553153323170560,1780553154323170560,Time to First Token,ms,p10,41607.82
33,1780553153323170560,1780553154323170560,Time to First Token,ms,p25,41607.82
33,1780553153323170560,1780553154323170560,Time to First Token,ms,p50,41607.82
33,1780553153323170560,1780553154323170560,Time to First Token,ms,p75,41607.82
33,1780553153323170560,1780553154323170560,Time to First Token,ms,p90,41607.82
33,1780553153323170560,1780553154323170560,Time to First Token,ms,p95,41607.82
33,1780553153323170560,1780553154323170560,Time to First Token,ms,p99,41607.82
33,1780553153323170560,1780553154323170560,Time to First Token,ms,std,0.00
33,1780553153323170560,1780553154323170560,Time to Second Token,ms,avg,165.65
33,1780553153323170560,1780553154323170560,Time to Second Token,ms,min,165.65
33,1780553153323170560,1780553154323170560,Time to Second Token,ms,max,165.65
33,1780553153323170560,1780553154323170560,Time to Second Token,ms,sum,165.65
33,1780553153323170560,1780553154323170560,Time to Second Token,ms,p1,165.65
33,1780553153323170560,1780553154323170560,Time to Second Token,ms,p5,165.65
33,1780553153323170560,1780553154323170560,Time to Second Token,ms,p10,165.65
33,1780553153323170560,1780553154323170560,Time to Second Token,ms,p25,165.65
33,1780553153323170560,1780553154323170560,Time to Second Token,ms,p50,165.65
33,1780553153323170560,1780553154323170560,Time to Second Token,ms,p75,165.65
33,1780553153323170560,1780553154323170560,Time to Second Token,ms,p90,165.65
33,1780553153323170560,1780553154323170560,Time to Second Token,ms,p95,165.65
33,1780553153323170560,1780553154323170560,Time to Second Token,ms,p99,165.65
33,1780553153323170560,1780553154323170560,Time to Second Token,ms,std,0.00
33,1780553153323170560,1780553154323170560,Tokens In Flight,tokens,avg,1478809.58
33,1780553153323170560,1780553154323170560,Tokens In Flight,tokens,min,1447412.05
33,1780553153323170560,1780553154323170560,Tokens In Flight,tokens,max,1543931.55
33,1780553153323170560,1780553154323170560,Tokens In Flight,tokens,p50,1447451.00
33,1780553153323170560,1780553154323170560,Tokens In Flight,tokens,p90,1543925.16
33,1780553153323170560,1780553154323170560,Tokens In Flight,tokens,p95,1543926.46
33,1780553153323170560,1780553154323170560,Tokens In Flight,tokens,p99,1543931.55
33,1780553153323170560,1780553154323170560,Tokens In Flight,tokens,std,44083.80
33,1780553153323170560,1780553154323170560,Total Input Sequence Length,tokens,avg,96450.00
33,1780553153323170560,1780553154323170560,Total Output Sequence Length,tokens,avg,210.00
33,1780553153323170560,1780553154323170560,Total Output Tokens,tokens,avg,210.00
33,1780553153323170560,1780553154323170560,Total Token Throughput,tokens/sec,avg,96660.00
33,1780553153323170560,1780553154323170560,Total Usage Completion Tokens,tokens,avg,210.00
33,1780553153323170560,1780553154323170560,Total Usage Prompt Tokens,tokens,avg,96450.00
33,1780553153323170560,1780553154323170560,Total Usage Total Tokens,tokens,avg,96660.00
33,1780553153323170560,1780553154323170560,Usage Completion Tokens,tokens,avg,210.00
33,1780553153323170560,1780553154323170560,Usage Completion Tokens,tokens,min,210.00
33,1780553153323170560,1780553154323170560,Usage Completion Tokens,tokens,max,210.00
33,1780553153323170560,1780553154323170560,Usage Completion Tokens,tokens,sum,210.00
33,1780553153323170560,1780553154323170560,Usage Completion Tokens,tokens,p1,210.00
33,1780553153323170560,1780553154323170560,Usage Completion Tokens,tokens,p5,210.00
33,1780553153323170560,1780553154323170560,Usage Completion Tokens,tokens,p10,210.00
33,1780553153323170560,1780553154323170560,Usage Completion Tokens,tokens,p25,210.00
33,1780553153323170560,1780553154323170560,Usage Completion Tokens,tokens,p50,210.00
33,1780553153323170560,1780553154323170560,Usage Completion Tokens,tokens,p75,210.00
33,1780553153323170560,1780553154323170560,Usage Completion Tokens,tokens,p90,210.00
33,1780553153323170560,1780553154323170560,Usage Completion Tokens,tokens,p95,210.00
33,1780553153323170560,1780553154323170560,Usage Completion Tokens,tokens,p99,210.00
33,1780553153323170560,1780553154323170560,Usage Completion Tokens,tokens,std,0.00
33,1780553153323170560,1780553154323170560,Usage Prompt Tokens,tokens,avg,96450.00
33,1780553153323170560,1780553154323170560,Usage Prompt Tokens,tokens,min,96450.00
33,1780553153323170560,1780553154323170560,Usage Prompt Tokens,tokens,max,96450.00
33,1780553153323170560,1780553154323170560,Usage Prompt Tokens,tokens,sum,96450.00
33,1780553153323170560,1780553154323170560,Usage Prompt Tokens,tokens,p1,96450.00
33,1780553153323170560,1780553154323170560,Usage Prompt Tokens,tokens,p5,96450.00
33,1780553153323170560,1780553154323170560,Usage Prompt Tokens,tokens,p10,96450.00
33,1780553153323170560,1780553154323170560,Usage Prompt Tokens,tokens,p25,96450.00
33,1780553153323170560,1780553154323170560,Usage Prompt Tokens,tokens,p50,96450.00
33,1780553153323170560,1780553154323170560,Usage Prompt Tokens,tokens,p75,96450.00
33,1780553153323170560,1780553154323170560,Usage Prompt Tokens,tokens,p90,96450.00
33,1780553153323170560,1780553154323170560,Usage Prompt Tokens,tokens,p95,96450.00
33,1780553153323170560,1780553154323170560,Usage Prompt Tokens,tokens,p99,96450.00
33,1780553153323170560,1780553154323170560,Usage Prompt Tokens,tokens,std,0.00
33,1780553153323170560,1780553154323170560,Usage Total Tokens,tokens,avg,96660.00
33,1780553153323170560,1780553154323170560,Usage Total Tokens,tokens,min,96660.00
33,1780553153323170560,1780553154323170560,Usage Total Tokens,tokens,max,96660.00
33,1780553153323170560,1780553154323170560,Usage Total Tokens,tokens,sum,96660.00
33,1780553153323170560,1780553154323170560,Usage Total Tokens,tokens,p1,96660.00
33,1780553153323170560,1780553154323170560,Usage Total Tokens,tokens,p5,96660.00
33,1780553153323170560,1780553154323170560,Usage Total Tokens,tokens,p10,96660.00
33,1780553153323170560,1780553154323170560,Usage Total Tokens,tokens,p25,96660.00
33,1780553153323170560,1780553154323170560,Usage Total Tokens,tokens,p50,96660.00
33,1780553153323170560,1780553154323170560,Usage Total Tokens,tokens,p75,96660.00
33,1780553153323170560,1780553154323170560,Usage Total Tokens,tokens,p90,96660.00
33,1780553153323170560,1780553154323170560,Usage Total Tokens,tokens,p95,96660.00
33,1780553153323170560,1780553154323170560,Usage Total Tokens,tokens,p99,96660.00
33,1780553153323170560,1780553154323170560,Usage Total Tokens,tokens,std,0.00
34,1780553157323170560,1780553158323170560,Active Decode Throughput,tokens/sec,avg,62.80
34,1780553157323170560,1780553158323170560,Active Decode Throughput,tokens/sec,min,36.08
34,1780553157323170560,1780553158323170560,Active Decode Throughput,tokens/sec,max,89.51
34,1780553157323170560,1780553158323170560,Active Decode Throughput,tokens/sec,p50,62.80
34,1780553157323170560,1780553158323170560,Active Decode Throughput,tokens/sec,p90,62.80
34,1780553157323170560,1780553158323170560,Active Decode Throughput,tokens/sec,p95,62.80
34,1780553157323170560,1780553158323170560,Active Decode Throughput,tokens/sec,p99,62.80
34,1780553157323170560,1780553158323170560,Active Decode Throughput,tokens/sec,std,0.04
34,1780553157323170560,1780553158323170560,Active Decode Throughput Per User,tokens/sec/user,avg,6.28
34,1780553157323170560,1780553158323170560,Active Decode Throughput Per User,tokens/sec/user,min,3.61
34,1780553157323170560,1780553158323170560,Active Decode Throughput Per User,tokens/sec/user,max,8.95
34,1780553157323170560,1780553158323170560,Active Decode Throughput Per User,tokens/sec/user,p50,6.28
34,1780553157323170560,1780553158323170560,Active Decode Throughput Per User,tokens/sec/user,p90,6.28
34,1780553157323170560,1780553158323170560,Active Decode Throughput Per User,tokens/sec/user,p95,6.28
34,1780553157323170560,1780553158323170560,Active Decode Throughput Per User,tokens/sec/user,p99,6.28
34,1780553157323170560,1780553158323170560,Active Decode Throughput Per User,tokens/sec/user,std,0.00
34,1780553157323170560,1780553158323170560,Active Prefill Throughput,tokens/sec,avg,7857.65
34,1780553157323170560,1780553158323170560,Active Prefill Throughput,tokens/sec,min,7489.91
34,1780553157323170560,1780553158323170560,Active Prefill Throughput,tokens/sec,max,9089.04
34,1780553157323170560,1780553158323170560,Active Prefill Throughput,tokens/sec,p50,7489.91
34,1780553157323170560,1780553158323170560,Active Prefill Throughput,tokens/sec,p90,9089.04
34,1780553157323170560,1780553158323170560,Active Prefill Throughput,tokens/sec,p95,9089.04
34,1780553157323170560,1780553158323170560,Active Prefill Throughput,tokens/sec,p99,9089.04
34,1780553157323170560,1780553158323170560,Active Prefill Throughput,tokens/sec,std,672.93
34,1780553157323170560,1780553158323170560,Active Prefill Throughput Per User,tokens/sec/user,avg,2445.04
34,1780553157323170560,1780553158323170560,Active Prefill Throughput Per User,tokens/sec/user,min,2272.26
34,1780553157323170560,1780553158323170560,Active Prefill Throughput Per User,tokens/sec/user,max,2496.64
34,1780553157323170560,1780553158323170560,Active Prefill Throughput Per User,tokens/sec/user,p50,2496.64
34,1780553157323170560,1780553158323170560,Active Prefill Throughput Per User,tokens/sec/user,p90,2496.64
34,1780553157323170560,1780553158323170560,Active Prefill Throughput Per User,tokens/sec/user,p95,2496.64
34,1780553157323170560,1780553158323170560,Active Prefill Throughput Per User,tokens/sec/user,p99,2496.64
34,1780553157323170560,1780553158323170560,Active Prefill Throughput Per User,tokens/sec/user,std,94.42
34,1780553157323170560,1780553158323170560,Active Total Throughput,tokens/sec,avg,7917.42
34,1780553157323170560,1780553158323170560,Active Total Throughput,tokens/sec,min,7549.68
34,1780553157323170560,1780553158323170560,Active Total Throughput,tokens/sec,max,9148.81
34,1780553157323170560,1780553158323170560,Active Total Throughput,tokens/sec,p50,7549.68
34,1780553157323170560,1780553158323170560,Active Total Throughput,tokens/sec,p90,9148.81
34,1780553157323170560,1780553158323170560,Active Total Throughput,tokens/sec,p95,9148.81
34,1780553157323170560,1780553158323170560,Active Total Throughput,tokens/sec,p99,9148.81
34,1780553157323170560,1780553158323170560,Active Total Throughput,tokens/sec,std,672.93
34,1780553157323170560,1780553158323170560,Benchmark Duration,sec,avg,162.21
34,1780553157323170560,1780553158323170560,E2E Output Token Throughput,tokens/sec/user,avg,6.38
34,1780553157323170560,1780553158323170560,E2E Output Token Throughput,tokens/sec/user,min,6.38
34,1780553157323170560,1780553158323170560,E2E Output Token Throughput,tokens/sec/user,max,6.38
34,1780553157323170560,1780553158323170560,E2E Output Token Throughput,tokens/sec/user,sum,6.38
34,1780553157323170560,1780553158323170560,E2E Output Token Throughput,tokens/sec/user,p1,6.38
34,1780553157323170560,1780553158323170560,E2E Output Token Throughput,tokens/sec/user,p5,6.38
34,1780553157323170560,1780553158323170560,E2E Output Token Throughput,tokens/sec/user,p10,6.38
34,1780553157323170560,1780553158323170560,E2E Output Token Throughput,tokens/sec/user,p25,6.38
34,1780553157323170560,1780553158323170560,E2E Output Token Throughput,tokens/sec/user,p50,6.38
34,1780553157323170560,1780553158323170560,E2E Output Token Throughput,tokens/sec/user,p75,6.38
34,1780553157323170560,1780553158323170560,E2E Output Token Throughput,tokens/sec/user,p90,6.38
34,1780553157323170560,1780553158323170560,E2E Output Token Throughput,tokens/sec/user,p95,6.38
34,1780553157323170560,1780553158323170560,E2E Output Token Throughput,tokens/sec/user,p99,6.38
34,1780553157323170560,1780553158323170560,E2E Output Token Throughput,tokens/sec/user,std,0.00
34,1780553157323170560,1780553158323170560,Effective Concurrency,requests,avg,13.23
34,1780553157323170560,1780553158323170560,Effective Concurrency,requests,min,13.00
34,1780553157323170560,1780553158323170560,Effective Concurrency,requests,max,14.00
34,1780553157323170560,1780553158323170560,Effective Concurrency,requests,p50,13.00
34,1780553157323170560,1780553158323170560,Effective Concurrency,requests,p90,14.00
34,1780553157323170560,1780553158323170560,Effective Concurrency,requests,p95,14.00
34,1780553157323170560,1780553158323170560,Effective Concurrency,requests,p99,14.00
34,1780553157323170560,1780553158323170560,Effective Concurrency,requests,std,0.42
34,1780553157323170560,1780553158323170560,Effective Decode Concurrency,requests,avg,10.00
34,1780553157323170560,1780553158323170560,Effective Decode Concurrency,requests,min,10.00
34,1780553157323170560,1780553158323170560,Effective Decode Concurrency,requests,max,10.00
34,1780553157323170560,1780553158323170560,Effective Decode Concurrency,requests,p50,10.00
34,1780553157323170560,1780553158323170560,Effective Decode Concurrency,requests,p90,10.00
34,1780553157323170560,1780553158323170560,Effective Decode Concurrency,requests,p95,10.00
34,1780553157323170560,1780553158323170560,Effective Decode Concurrency,requests,p99,10.00
34,1780553157323170560,1780553158323170560,Effective Decode Concurrency,requests,std,0.00
34,1780553157323170560,1780553158323170560,Effective Decode Throughput,tokens/sec,avg,62.80
34,1780553157323170560,1780553158323170560,Effective Decode Throughput,tokens/sec,min,36.08
34,1780553157323170560,1780553158323170560,Effective Decode Throughput,tokens/sec,max,89.51
34,1780553157323170560,1780553158323170560,Effective Decode Throughput,tokens/sec,p50,62.80
34,1780553157323170560,1780553158323170560,Effective Decode Throughput,tokens/sec,p90,62.80
34,1780553157323170560,1780553158323170560,Effective Decode Throughput,tokens/sec,p95,62.80
34,1780553157323170560,1780553158323170560,Effective Decode Throughput,tokens/sec,p99,62.80
34,1780553157323170560,1780553158323170560,Effective Decode Throughput,tokens/sec,std,0.04
34,1780553157323170560,1780553158323170560,Effective Decode Throughput Per User,tokens/sec/user,avg,6.28
34,1780553157323170560,1780553158323170560,Effective Decode Throughput Per User,tokens/sec/user,min,3.61
34,1780553157323170560,1780553158323170560,Effective Decode Throughput Per User,tokens/sec/user,max,8.95
34,1780553157323170560,1780553158323170560,Effective Decode Throughput Per User,tokens/sec/user,p50,6.28
34,1780553157323170560,1780553158323170560,Effective Decode Throughput Per User,tokens/sec/user,p90,6.28
34,1780553157323170560,1780553158323170560,Effective Decode Throughput Per User,tokens/sec/user,p95,6.28
34,1780553157323170560,1780553158323170560,Effective Decode Throughput Per User,tokens/sec/user,p99,6.28
34,1780553157323170560,1780553158323170560,Effective Decode Throughput Per User,tokens/sec/user,std,0.00
34,1780553157323170560,1780553158323170560,Effective Prefill Concurrency,requests,avg,3.23
34,1780553157323170560,1780553158323170560,Effective Prefill Concurrency,requests,min,3.00
34,1780553157323170560,1780553158323170560,Effective Prefill Concurrency,requests,max,4.00
34,1780553157323170560,1780553158323170560,Effective Prefill Concurrency,requests,p50,3.00
34,1780553157323170560,1780553158323170560,Effective Prefill Concurrency,requests,p90,4.00
34,1780553157323170560,1780553158323170560,Effective Prefill Concurrency,requests,p95,4.00
34,1780553157323170560,1780553158323170560,Effective Prefill Concurrency,requests,p99,4.00
34,1780553157323170560,1780553158323170560,Effective Prefill Concurrency,requests,std,0.42
34,1780553157323170560,1780553158323170560,Effective Prefill Throughput,tokens/sec,avg,7857.65
34,1780553157323170560,1780553158323170560,Effective Prefill Throughput,tokens/sec,min,7489.91
34,1780553157323170560,1780553158323170560,Effective Prefill Throughput,tokens/sec,max,9089.04
34,1780553157323170560,1780553158323170560,Effective Prefill Throughput,tokens/sec,p50,7489.91
34,1780553157323170560,1780553158323170560,Effective Prefill Throughput,tokens/sec,p90,9089.04
34,1780553157323170560,1780553158323170560,Effective Prefill Throughput,tokens/sec,p95,9089.04
34,1780553157323170560,1780553158323170560,Effective Prefill Throughput,tokens/sec,p99,9089.04
34,1780553157323170560,1780553158323170560,Effective Prefill Throughput,tokens/sec,std,672.93
34,1780553157323170560,1780553158323170560,Effective Prefill Throughput Per User,tokens/sec/user,avg,2445.04
34,1780553157323170560,1780553158323170560,Effective Prefill Throughput Per User,tokens/sec/user,min,2272.26
34,1780553157323170560,1780553158323170560,Effective Prefill Throughput Per User,tokens/sec/user,max,2496.64
34,1780553157323170560,1780553158323170560,Effective Prefill Throughput Per User,tokens/sec/user,p50,2496.64
34,1780553157323170560,1780553158323170560,Effective Prefill Throughput Per User,tokens/sec/user,p90,2496.64
34,1780553157323170560,1780553158323170560,Effective Prefill Throughput Per User,tokens/sec/user,p95,2496.64
34,1780553157323170560,1780553158323170560,Effective Prefill Throughput Per User,tokens/sec/user,p99,2496.64
34,1780553157323170560,1780553158323170560,Effective Prefill Throughput Per User,tokens/sec/user,std,94.42
34,1780553157323170560,1780553158323170560,Effective Total Throughput,tokens/sec,avg,7917.42
34,1780553157323170560,1780553158323170560,Effective Total Throughput,tokens/sec,min,7549.68
34,1780553157323170560,1780553158323170560,Effective Total Throughput,tokens/sec,max,9148.81
34,1780553157323170560,1780553158323170560,Effective Total Throughput,tokens/sec,p50,7549.68
34,1780553157323170560,1780553158323170560,Effective Total Throughput,tokens/sec,p90,9148.81
34,1780553157323170560,1780553158323170560,Effective Total Throughput,tokens/sec,p95,9148.81
34,1780553157323170560,1780553158323170560,Effective Total Throughput,tokens/sec,p99,9148.81
34,1780553157323170560,1780553158323170560,Effective Total Throughput,tokens/sec,std,672.93
34,1780553157323170560,1780553158323170560,HTTP Blocked,ms,avg,0.00
34,1780553157323170560,1780553158323170560,HTTP Blocked,ms,min,0.00
34,1780553157323170560,1780553158323170560,HTTP Blocked,ms,max,0.00
34,1780553157323170560,1780553158323170560,HTTP Blocked,ms,sum,0.00
34,1780553157323170560,1780553158323170560,HTTP Blocked,ms,p1,0.00
34,1780553157323170560,1780553158323170560,HTTP Blocked,ms,p5,0.00
34,1780553157323170560,1780553158323170560,HTTP Blocked,ms,p10,0.00
34,1780553157323170560,1780553158323170560,HTTP Blocked,ms,p25,0.00
34,1780553157323170560,1780553158323170560,HTTP Blocked,ms,p50,0.00
34,1780553157323170560,1780553158323170560,HTTP Blocked,ms,p75,0.00
34,1780553157323170560,1780553158323170560,HTTP Blocked,ms,p90,0.00
34,1780553157323170560,1780553158323170560,HTTP Blocked,ms,p95,0.00
34,1780553157323170560,1780553158323170560,HTTP Blocked,ms,p99,0.00
34,1780553157323170560,1780553158323170560,HTTP Blocked,ms,std,0.00
34,1780553157323170560,1780553158323170560,HTTP Chunks Received,count,avg,1035.00
34,1780553157323170560,1780553158323170560,HTTP Chunks Received,count,min,1035.00
34,1780553157323170560,1780553158323170560,HTTP Chunks Received,count,max,1035.00
34,1780553157323170560,1780553158323170560,HTTP Chunks Received,count,sum,1035.00
34,1780553157323170560,1780553158323170560,HTTP Chunks Received,count,p1,1035.00
34,1780553157323170560,1780553158323170560,HTTP Chunks Received,count,p5,1035.00
34,1780553157323170560,1780553158323170560,HTTP Chunks Received,count,p10,1035.00
34,1780553157323170560,1780553158323170560,HTTP Chunks Received,count,p25,1035.00
34,1780553157323170560,1780553158323170560,HTTP Chunks Received,count,p50,1035.00
34,1780553157323170560,1780553158323170560,HTTP Chunks Received,count,p75,1035.00
34,1780553157323170560,1780553158323170560,HTTP Chunks Received,count,p90,1035.00
34,1780553157323170560,1780553158323170560,HTTP Chunks Received,count,p95,1035.00
34,1780553157323170560,1780553158323170560,HTTP Chunks Received,count,p99,1035.00
34,1780553157323170560,1780553158323170560,HTTP Chunks Received,count,std,0.00
34,1780553157323170560,1780553158323170560,HTTP Chunks Sent,count,avg,1.00
34,1780553157323170560,1780553158323170560,HTTP Chunks Sent,count,min,1.00
34,1780553157323170560,1780553158323170560,HTTP Chunks Sent,count,max,1.00
34,1780553157323170560,1780553158323170560,HTTP Chunks Sent,count,sum,1.00
34,1780553157323170560,1780553158323170560,HTTP Chunks Sent,count,p1,1.00
34,1780553157323170560,1780553158323170560,HTTP Chunks Sent,count,p5,1.00
34,1780553157323170560,1780553158323170560,HTTP Chunks Sent,count,p10,1.00
34,1780553157323170560,1780553158323170560,HTTP Chunks Sent,count,p25,1.00
34,1780553157323170560,1780553158323170560,HTTP Chunks Sent,count,p50,1.00
34,1780553157323170560,1780553158323170560,HTTP Chunks Sent,count,p75,1.00
34,1780553157323170560,1780553158323170560,HTTP Chunks Sent,count,p90,1.00
34,1780553157323170560,1780553158323170560,HTTP Chunks Sent,count,p95,1.00
34,1780553157323170560,1780553158323170560,HTTP Chunks Sent,count,p99,1.00
34,1780553157323170560,1780553158323170560,HTTP Chunks Sent,count,std,0.00
34,1780553157323170560,1780553158323170560,HTTP Connecting,ms,avg,0.00
34,1780553157323170560,1780553158323170560,HTTP Connecting,ms,min,0.00
34,1780553157323170560,1780553158323170560,HTTP Connecting,ms,max,0.00
34,1780553157323170560,1780553158323170560,HTTP Connecting,ms,sum,0.00
34,1780553157323170560,1780553158323170560,HTTP Connecting,ms,p1,0.00
34,1780553157323170560,1780553158323170560,HTTP Connecting,ms,p5,0.00
34,1780553157323170560,1780553158323170560,HTTP Connecting,ms,p10,0.00
34,1780553157323170560,1780553158323170560,HTTP Connecting,ms,p25,0.00
34,1780553157323170560,1780553158323170560,HTTP Connecting,ms,p50,0.00
34,1780553157323170560,1780553158323170560,HTTP Connecting,ms,p75,0.00
34,1780553157323170560,1780553158323170560,HTTP Connecting,ms,p90,0.00
34,1780553157323170560,1780553158323170560,HTTP Connecting,ms,p95,0.00
34,1780553157323170560,1780553158323170560,HTTP Connecting,ms,p99,0.00
34,1780553157323170560,1780553158323170560,HTTP Connecting,ms,std,0.00
34,1780553157323170560,1780553158323170560,HTTP Connection Overhead,ms,avg,0.00
34,1780553157323170560,1780553158323170560,HTTP Connection Overhead,ms,min,0.00
34,1780553157323170560,1780553158323170560,HTTP Connection Overhead,ms,max,0.00
34,1780553157323170560,1780553158323170560,HTTP Connection Overhead,ms,sum,0.00
34,1780553157323170560,1780553158323170560,HTTP Connection Overhead,ms,p1,0.00
34,1780553157323170560,1780553158323170560,HTTP Connection Overhead,ms,p5,0.00
34,1780553157323170560,1780553158323170560,HTTP Connection Overhead,ms,p10,0.00
34,1780553157323170560,1780553158323170560,HTTP Connection Overhead,ms,p25,0.00
34,1780553157323170560,1780553158323170560,HTTP Connection Overhead,ms,p50,0.00
34,1780553157323170560,1780553158323170560,HTTP Connection Overhead,ms,p75,0.00
34,1780553157323170560,1780553158323170560,HTTP Connection Overhead,ms,p90,0.00
34,1780553157323170560,1780553158323170560,HTTP Connection Overhead,ms,p95,0.00
34,1780553157323170560,1780553158323170560,HTTP Connection Overhead,ms,p99,0.00
34,1780553157323170560,1780553158323170560,HTTP Connection Overhead,ms,std,0.00
34,1780553157323170560,1780553158323170560,HTTP Connection Reused,ratio,avg,1.00
34,1780553157323170560,1780553158323170560,HTTP Connection Reused,ratio,min,1.00
34,1780553157323170560,1780553158323170560,HTTP Connection Reused,ratio,max,1.00
34,1780553157323170560,1780553158323170560,HTTP Connection Reused,ratio,sum,1.00
34,1780553157323170560,1780553158323170560,HTTP Connection Reused,ratio,p1,1.00
34,1780553157323170560,1780553158323170560,HTTP Connection Reused,ratio,p5,1.00
34,1780553157323170560,1780553158323170560,HTTP Connection Reused,ratio,p10,1.00
34,1780553157323170560,1780553158323170560,HTTP Connection Reused,ratio,p25,1.00
34,1780553157323170560,1780553158323170560,HTTP Connection Reused,ratio,p50,1.00
34,1780553157323170560,1780553158323170560,HTTP Connection Reused,ratio,p75,1.00
34,1780553157323170560,1780553158323170560,HTTP Connection Reused,ratio,p90,1.00
34,1780553157323170560,1780553158323170560,HTTP Connection Reused,ratio,p95,1.00
34,1780553157323170560,1780553158323170560,HTTP Connection Reused,ratio,p99,1.00
34,1780553157323170560,1780553158323170560,HTTP Connection Reused,ratio,std,0.00
34,1780553157323170560,1780553158323170560,HTTP Data Received,KB,avg,258.39
34,1780553157323170560,1780553158323170560,HTTP Data Received,KB,min,258.39
34,1780553157323170560,1780553158323170560,HTTP Data Received,KB,max,258.39
34,1780553157323170560,1780553158323170560,HTTP Data Received,KB,sum,258.39
34,1780553157323170560,1780553158323170560,HTTP Data Received,KB,p1,258.39
34,1780553157323170560,1780553158323170560,HTTP Data Received,KB,p5,258.39
34,1780553157323170560,1780553158323170560,HTTP Data Received,KB,p10,258.39
34,1780553157323170560,1780553158323170560,HTTP Data Received,KB,p25,258.39
34,1780553157323170560,1780553158323170560,HTTP Data Received,KB,p50,258.39
34,1780553157323170560,1780553158323170560,HTTP Data Received,KB,p75,258.39
34,1780553157323170560,1780553158323170560,HTTP Data Received,KB,p90,258.39
34,1780553157323170560,1780553158323170560,HTTP Data Received,KB,p95,258.39
34,1780553157323170560,1780553158323170560,HTTP Data Received,KB,p99,258.39
34,1780553157323170560,1780553158323170560,HTTP Data Received,KB,std,0.00
34,1780553157323170560,1780553158323170560,HTTP Data Sent,KB,avg,259.66
34,1780553157323170560,1780553158323170560,HTTP Data Sent,KB,min,259.66
34,1780553157323170560,1780553158323170560,HTTP Data Sent,KB,max,259.66
34,1780553157323170560,1780553158323170560,HTTP Data Sent,KB,sum,259.66
34,1780553157323170560,1780553158323170560,HTTP Data Sent,KB,p1,259.66
34,1780553157323170560,1780553158323170560,HTTP Data Sent,KB,p5,259.66
34,1780553157323170560,1780553158323170560,HTTP Data Sent,KB,p10,259.66
34,1780553157323170560,1780553158323170560,HTTP Data Sent,KB,p25,259.66
34,1780553157323170560,1780553158323170560,HTTP Data Sent,KB,p50,259.66
34,1780553157323170560,1780553158323170560,HTTP Data Sent,KB,p75,259.66
34,1780553157323170560,1780553158323170560,HTTP Data Sent,KB,p90,259.66
34,1780553157323170560,1780553158323170560,HTTP Data Sent,KB,p95,259.66
34,1780553157323170560,1780553158323170560,HTTP Data Sent,KB,p99,259.66
34,1780553157323170560,1780553158323170560,HTTP Data Sent,KB,std,0.00
34,1780553157323170560,1780553158323170560,HTTP DNS Lookup,ms,avg,0.00
34,1780553157323170560,1780553158323170560,HTTP DNS Lookup,ms,min,0.00
34,1780553157323170560,1780553158323170560,HTTP DNS Lookup,ms,max,0.00
34,1780553157323170560,1780553158323170560,HTTP DNS Lookup,ms,sum,0.00
34,1780553157323170560,1780553158323170560,HTTP DNS Lookup,ms,p1,0.00
34,1780553157323170560,1780553158323170560,HTTP DNS Lookup,ms,p5,0.00
34,1780553157323170560,1780553158323170560,HTTP DNS Lookup,ms,p10,0.00
34,1780553157323170560,1780553158323170560,HTTP DNS Lookup,ms,p25,0.00
34,1780553157323170560,1780553158323170560,HTTP DNS Lookup,ms,p50,0.00
34,1780553157323170560,1780553158323170560,HTTP DNS Lookup,ms,p75,0.00
34,1780553157323170560,1780553158323170560,HTTP DNS Lookup,ms,p90,0.00
34,1780553157323170560,1780553158323170560,HTTP DNS Lookup,ms,p95,0.00
34,1780553157323170560,1780553158323170560,HTTP DNS Lookup,ms,p99,0.00
34,1780553157323170560,1780553158323170560,HTTP DNS Lookup,ms,std,0.00
34,1780553157323170560,1780553158323170560,HTTP Duration (excl. conn),ms,avg,162205.52
34,1780553157323170560,1780553158323170560,HTTP Duration (excl. conn),ms,min,162205.52
34,1780553157323170560,1780553158323170560,HTTP Duration (excl. conn),ms,max,162205.52
34,1780553157323170560,1780553158323170560,HTTP Duration (excl. conn),ms,sum,162205.52
34,1780553157323170560,1780553158323170560,HTTP Duration (excl. conn),ms,p1,162205.52
34,1780553157323170560,1780553158323170560,HTTP Duration (excl. conn),ms,p5,162205.52
34,1780553157323170560,1780553158323170560,HTTP Duration (excl. conn),ms,p10,162205.52
34,1780553157323170560,1780553158323170560,HTTP Duration (excl. conn),ms,p25,162205.52
34,1780553157323170560,1780553158323170560,HTTP Duration (excl. conn),ms,p50,162205.52
34,1780553157323170560,1780553158323170560,HTTP Duration (excl. conn),ms,p75,162205.52
34,1780553157323170560,1780553158323170560,HTTP Duration (excl. conn),ms,p90,162205.52
34,1780553157323170560,1780553158323170560,HTTP Duration (excl. conn),ms,p95,162205.52
34,1780553157323170560,1780553158323170560,HTTP Duration (excl. conn),ms,p99,162205.52
34,1780553157323170560,1780553158323170560,HTTP Duration (excl. conn),ms,std,0.00
34,1780553157323170560,1780553158323170560,HTTP Receiving,ms,avg,120216.59
34,1780553157323170560,1780553158323170560,HTTP Receiving,ms,min,120216.59
34,1780553157323170560,1780553158323170560,HTTP Receiving,ms,max,120216.59
34,1780553157323170560,1780553158323170560,HTTP Receiving,ms,sum,120216.59
34,1780553157323170560,1780553158323170560,HTTP Receiving,ms,p1,120216.59
34,1780553157323170560,1780553158323170560,HTTP Receiving,ms,p5,120216.59
34,1780553157323170560,1780553158323170560,HTTP Receiving,ms,p10,120216.59
34,1780553157323170560,1780553158323170560,HTTP Receiving,ms,p25,120216.59
34,1780553157323170560,1780553158323170560,HTTP Receiving,ms,p50,120216.59
34,1780553157323170560,1780553158323170560,HTTP Receiving,ms,p75,120216.59
34,1780553157323170560,1780553158323170560,HTTP Receiving,ms,p90,120216.59
34,1780553157323170560,1780553158323170560,HTTP Receiving,ms,p95,120216.59
34,1780553157323170560,1780553158323170560,HTTP Receiving,ms,p99,120216.59
34,1780553157323170560,1780553158323170560,HTTP Receiving,ms,std,0.00
34,1780553157323170560,1780553158323170560,HTTP Sending,ms,avg,0.23
34,1780553157323170560,1780553158323170560,HTTP Sending,ms,min,0.23
34,1780553157323170560,1780553158323170560,HTTP Sending,ms,max,0.23
34,1780553157323170560,1780553158323170560,HTTP Sending,ms,sum,0.23
34,1780553157323170560,1780553158323170560,HTTP Sending,ms,p1,0.23
34,1780553157323170560,1780553158323170560,HTTP Sending,ms,p5,0.23
34,1780553157323170560,1780553158323170560,HTTP Sending,ms,p10,0.23
34,1780553157323170560,1780553158323170560,HTTP Sending,ms,p25,0.23
34,1780553157323170560,1780553158323170560,HTTP Sending,ms,p50,0.23
34,1780553157323170560,1780553158323170560,HTTP Sending,ms,p75,0.23
34,1780553157323170560,1780553158323170560,HTTP Sending,ms,p90,0.23
34,1780553157323170560,1780553158323170560,HTTP Sending,ms,p95,0.23
34,1780553157323170560,1780553158323170560,HTTP Sending,ms,p99,0.23
34,1780553157323170560,1780553158323170560,HTTP Sending,ms,std,0.00
34,1780553157323170560,1780553158323170560,HTTP Total Time,ms,avg,162205.52
34,1780553157323170560,1780553158323170560,HTTP Total Time,ms,min,162205.52
34,1780553157323170560,1780553158323170560,HTTP Total Time,ms,max,162205.52
34,1780553157323170560,1780553158323170560,HTTP Total Time,ms,sum,162205.52
34,1780553157323170560,1780553158323170560,HTTP Total Time,ms,p1,162205.52
34,1780553157323170560,1780553158323170560,HTTP Total Time,ms,p5,162205.52
34,1780553157323170560,1780553158323170560,HTTP Total Time,ms,p10,162205.52
34,1780553157323170560,1780553158323170560,HTTP Total Time,ms,p25,162205.52
34,1780553157323170560,1780553158323170560,HTTP Total Time,ms,p50,162205.52
34,1780553157323170560,1780553158323170560,HTTP Total Time,ms,p75,162205.52
34,1780553157323170560,1780553158323170560,HTTP Total Time,ms,p90,162205.52
34,1780553157323170560,1780553158323170560,HTTP Total Time,ms,p95,162205.52
34,1780553157323170560,1780553158323170560,HTTP Total Time,ms,p99,162205.52
34,1780553157323170560,1780553158323170560,HTTP Total Time,ms,std,0.00
34,1780553157323170560,1780553158323170560,HTTP Waiting (TTFB),ms,avg,41988.70
34,1780553157323170560,1780553158323170560,HTTP Waiting (TTFB),ms,min,41988.70
34,1780553157323170560,1780553158323170560,HTTP Waiting (TTFB),ms,max,41988.70
34,1780553157323170560,1780553158323170560,HTTP Waiting (TTFB),ms,sum,41988.70
34,1780553157323170560,1780553158323170560,HTTP Waiting (TTFB),ms,p1,41988.70
34,1780553157323170560,1780553158323170560,HTTP Waiting (TTFB),ms,p5,41988.70
34,1780553157323170560,1780553158323170560,HTTP Waiting (TTFB),ms,p10,41988.70
34,1780553157323170560,1780553158323170560,HTTP Waiting (TTFB),ms,p25,41988.70
34,1780553157323170560,1780553158323170560,HTTP Waiting (TTFB),ms,p50,41988.70
34,1780553157323170560,1780553158323170560,HTTP Waiting (TTFB),ms,p75,41988.70
34,1780553157323170560,1780553158323170560,HTTP Waiting (TTFB),ms,p90,41988.70
34,1780553157323170560,1780553158323170560,HTTP Waiting (TTFB),ms,p95,41988.70
34,1780553157323170560,1780553158323170560,HTTP Waiting (TTFB),ms,p99,41988.70
34,1780553157323170560,1780553158323170560,HTTP Waiting (TTFB),ms,std,0.00
34,1780553157323170560,1780553158323170560,Input Sequence Length,tokens,avg,67146.00
34,1780553157323170560,1780553158323170560,Input Sequence Length,tokens,min,67146.00
34,1780553157323170560,1780553158323170560,Input Sequence Length,tokens,max,67146.00
34,1780553157323170560,1780553158323170560,Input Sequence Length,tokens,sum,67146.00
34,1780553157323170560,1780553158323170560,Input Sequence Length,tokens,p1,67146.00
34,1780553157323170560,1780553158323170560,Input Sequence Length,tokens,p5,67146.00
34,1780553157323170560,1780553158323170560,Input Sequence Length,tokens,p10,67146.00
34,1780553157323170560,1780553158323170560,Input Sequence Length,tokens,p25,67146.00
34,1780553157323170560,1780553158323170560,Input Sequence Length,tokens,p50,67146.00
34,1780553157323170560,1780553158323170560,Input Sequence Length,tokens,p75,67146.00
34,1780553157323170560,1780553158323170560,Input Sequence Length,tokens,p90,67146.00
34,1780553157323170560,1780553158323170560,Input Sequence Length,tokens,p95,67146.00
34,1780553157323170560,1780553158323170560,Input Sequence Length,tokens,p99,67146.00
34,1780553157323170560,1780553158323170560,Input Sequence Length,tokens,std,0.00
34,1780553157323170560,1780553158323170560,Input Token Throughput,tokens/sec,avg,67146.00
34,1780553157323170560,1780553158323170560,Inter Chunk Latency,ms,avg,64.13
34,1780553157323170560,1780553158323170560,Inter Chunk Latency,ms,min,64.07
34,1780553157323170560,1780553158323170560,Inter Chunk Latency,ms,max,64.21
34,1780553157323170560,1780553158323170560,Inter Chunk Latency,ms,sum,66312.08
34,1780553157323170560,1780553158323170560,Inter Chunk Latency,ms,p1,64.07
34,1780553157323170560,1780553158323170560,Inter Chunk Latency,ms,p5,64.07
34,1780553157323170560,1780553158323170560,Inter Chunk Latency,ms,p10,64.08
34,1780553157323170560,1780553158323170560,Inter Chunk Latency,ms,p25,64.10
34,1780553157323170560,1780553158323170560,Inter Chunk Latency,ms,p50,64.13
34,1780553157323170560,1780553158323170560,Inter Chunk Latency,ms,p75,64.16
34,1780553157323170560,1780553158323170560,Inter Chunk Latency,ms,p90,64.19
34,1780553157323170560,1780553158323170560,Inter Chunk Latency,ms,p95,64.20
34,1780553157323170560,1780553158323170560,Inter Chunk Latency,ms,p99,64.21
34,1780553157323170560,1780553158323170560,Inter Chunk Latency,ms,std,0.04
34,1780553157323170560,1780553158323170560,Inter Token Latency,ms,avg,116.26
34,1780553157323170560,1780553158323170560,Inter Token Latency,ms,min,116.26
34,1780553157323170560,1780553158323170560,Inter Token Latency,ms,max,116.26
34,1780553157323170560,1780553158323170560,Inter Token Latency,ms,sum,116.26
34,1780553157323170560,1780553158323170560,Inter Token Latency,ms,p1,116.26
34,1780553157323170560,1780553158323170560,Inter Token Latency,ms,p5,116.26
34,1780553157323170560,1780553158323170560,Inter Token Latency,ms,p10,116.26
34,1780553157323170560,1780553158323170560,Inter Token Latency,ms,p25,116.26
34,1780553157323170560,1780553158323170560,Inter Token Latency,ms,p50,116.26
34,1780553157323170560,1780553158323170560,Inter Token Latency,ms,p75,116.26
34,1780553157323170560,1780553158323170560,Inter Token Latency,ms,p90,116.26
34,1780553157323170560,1780553158323170560,Inter Token Latency,ms,p95,116.26
34,1780553157323170560,1780553158323170560,Inter Token Latency,ms,p99,116.26
34,1780553157323170560,1780553158323170560,Inter Token Latency,ms,std,0.00
34,1780553157323170560,1780553158323170560,Maximum Response Timestamp,ns,avg,1780553320298824960.00
34,1780553157323170560,1780553158323170560,Minimum Request Timestamp,ns,avg,1780553158093208320.00
34,1780553157323170560,1780553158323170560,OSL Mismatch Count,requests,avg,0.00
34,1780553157323170560,1780553158323170560,OSL Mismatch Diff %,%,avg,0.00
34,1780553157323170560,1780553158323170560,OSL Mismatch Diff %,%,min,0.00
34,1780553157323170560,1780553158323170560,OSL Mismatch Diff %,%,max,0.00
34,1780553157323170560,1780553158323170560,OSL Mismatch Diff %,%,sum,0.00
34,1780553157323170560,1780553158323170560,OSL Mismatch Diff %,%,p1,0.00
34,1780553157323170560,1780553158323170560,OSL Mismatch Diff %,%,p5,0.00
34,1780553157323170560,1780553158323170560,OSL Mismatch Diff %,%,p10,0.00
34,1780553157323170560,1780553158323170560,OSL Mismatch Diff %,%,p25,0.00
34,1780553157323170560,1780553158323170560,OSL Mismatch Diff %,%,p50,0.00
34,1780553157323170560,1780553158323170560,OSL Mismatch Diff %,%,p75,0.00
34,1780553157323170560,1780553158323170560,OSL Mismatch Diff %,%,p90,0.00
34,1780553157323170560,1780553158323170560,OSL Mismatch Diff %,%,p95,0.00
34,1780553157323170560,1780553158323170560,OSL Mismatch Diff %,%,p99,0.00
34,1780553157323170560,1780553158323170560,OSL Mismatch Diff %,%,std,0.00
34,1780553157323170560,1780553158323170560,Output Sequence Length,tokens,avg,1035.00
34,1780553157323170560,1780553158323170560,Output Sequence Length,tokens,min,1035.00
34,1780553157323170560,1780553158323170560,Output Sequence Length,tokens,max,1035.00
34,1780553157323170560,1780553158323170560,Output Sequence Length,tokens,sum,1035.00
34,1780553157323170560,1780553158323170560,Output Sequence Length,tokens,p1,1035.00
34,1780553157323170560,1780553158323170560,Output Sequence Length,tokens,p5,1035.00
34,1780553157323170560,1780553158323170560,Output Sequence Length,tokens,p10,1035.00
34,1780553157323170560,1780553158323170560,Output Sequence Length,tokens,p25,1035.00
34,1780553157323170560,1780553158323170560,Output Sequence Length,tokens,p50,1035.00
34,1780553157323170560,1780553158323170560,Output Sequence Length,tokens,p75,1035.00
34,1780553157323170560,1780553158323170560,Output Sequence Length,tokens,p90,1035.00
34,1780553157323170560,1780553158323170560,Output Sequence Length,tokens,p95,1035.00
34,1780553157323170560,1780553158323170560,Output Sequence Length,tokens,p99,1035.00
34,1780553157323170560,1780553158323170560,Output Sequence Length,tokens,std,0.00
34,1780553157323170560,1780553158323170560,Output Token Count,tokens,avg,1035.00
34,1780553157323170560,1780553158323170560,Output Token Count,tokens,min,1035.00
34,1780553157323170560,1780553158323170560,Output Token Count,tokens,max,1035.00
34,1780553157323170560,1780553158323170560,Output Token Count,tokens,sum,1035.00
34,1780553157323170560,1780553158323170560,Output Token Count,tokens,p1,1035.00
34,1780553157323170560,1780553158323170560,Output Token Count,tokens,p5,1035.00
34,1780553157323170560,1780553158323170560,Output Token Count,tokens,p10,1035.00
34,1780553157323170560,1780553158323170560,Output Token Count,tokens,p25,1035.00
34,1780553157323170560,1780553158323170560,Output Token Count,tokens,p50,1035.00
34,1780553157323170560,1780553158323170560,Output Token Count,tokens,p75,1035.00
34,1780553157323170560,1780553158323170560,Output Token Count,tokens,p90,1035.00
34,1780553157323170560,1780553158323170560,Output Token Count,tokens,p95,1035.00
34,1780553157323170560,1780553158323170560,Output Token Count,tokens,p99,1035.00
34,1780553157323170560,1780553158323170560,Output Token Count,tokens,std,0.00
34,1780553157323170560,1780553158323170560,Output Token Throughput,tokens/sec,avg,1035.00
34,1780553157323170560,1780553158323170560,Output Token Throughput Per User,tokens/sec/user,avg,8.60
34,1780553157323170560,1780553158323170560,Output Token Throughput Per User,tokens/sec/user,min,8.60
34,1780553157323170560,1780553158323170560,Output Token Throughput Per User,tokens/sec/user,max,8.60
34,1780553157323170560,1780553158323170560,Output Token Throughput Per User,tokens/sec/user,sum,8.60
34,1780553157323170560,1780553158323170560,Output Token Throughput Per User,tokens/sec/user,p1,8.60
34,1780553157323170560,1780553158323170560,Output Token Throughput Per User,tokens/sec/user,p5,8.60
34,1780553157323170560,1780553158323170560,Output Token Throughput Per User,tokens/sec/user,p10,8.60
34,1780553157323170560,1780553158323170560,Output Token Throughput Per User,tokens/sec/user,p25,8.60
34,1780553157323170560,1780553158323170560,Output Token Throughput Per User,tokens/sec/user,p50,8.60
34,1780553157323170560,1780553158323170560,Output Token Throughput Per User,tokens/sec/user,p75,8.60
34,1780553157323170560,1780553158323170560,Output Token Throughput Per User,tokens/sec/user,p90,8.60
34,1780553157323170560,1780553158323170560,Output Token Throughput Per User,tokens/sec/user,p95,8.60
34,1780553157323170560,1780553158323170560,Output Token Throughput Per User,tokens/sec/user,p99,8.60
34,1780553157323170560,1780553158323170560,Output Token Throughput Per User,tokens/sec/user,std,0.00
34,1780553157323170560,1780553158323170560,Prefill Throughput Per User,tokens/sec/user,avg,1599.13
34,1780553157323170560,1780553158323170560,Prefill Throughput Per User,tokens/sec/user,min,1599.13
34,1780553157323170560,1780553158323170560,Prefill Throughput Per User,tokens/sec/user,max,1599.13
34,1780553157323170560,1780553158323170560,Prefill Throughput Per User,tokens/sec/user,sum,1599.13
34,1780553157323170560,1780553158323170560,Prefill Throughput Per User,tokens/sec/user,p1,1599.13
34,1780553157323170560,1780553158323170560,Prefill Throughput Per User,tokens/sec/user,p5,1599.13
34,1780553157323170560,1780553158323170560,Prefill Throughput Per User,tokens/sec/user,p10,1599.13
34,1780553157323170560,1780553158323170560,Prefill Throughput Per User,tokens/sec/user,p25,1599.13
34,1780553157323170560,1780553158323170560,Prefill Throughput Per User,tokens/sec/user,p50,1599.13
34,1780553157323170560,1780553158323170560,Prefill Throughput Per User,tokens/sec/user,p75,1599.13
34,1780553157323170560,1780553158323170560,Prefill Throughput Per User,tokens/sec/user,p90,1599.13
34,1780553157323170560,1780553158323170560,Prefill Throughput Per User,tokens/sec/user,p95,1599.13
34,1780553157323170560,1780553158323170560,Prefill Throughput Per User,tokens/sec/user,p99,1599.13
34,1780553157323170560,1780553158323170560,Prefill Throughput Per User,tokens/sec/user,std,0.00
34,1780553157323170560,1780553158323170560,Request Count,requests,avg,1.00
34,1780553157323170560,1780553158323170560,Request Latency,ms,avg,162205.62
34,1780553157323170560,1780553158323170560,Request Latency,ms,min,162205.62
34,1780553157323170560,1780553158323170560,Request Latency,ms,max,162205.62
34,1780553157323170560,1780553158323170560,Request Latency,ms,sum,162205.62
34,1780553157323170560,1780553158323170560,Request Latency,ms,p1,162205.62
34,1780553157323170560,1780553158323170560,Request Latency,ms,p5,162205.62
34,1780553157323170560,1780553158323170560,Request Latency,ms,p10,162205.62
34,1780553157323170560,1780553158323170560,Request Latency,ms,p25,162205.62
34,1780553157323170560,1780553158323170560,Request Latency,ms,p50,162205.62
34,1780553157323170560,1780553158323170560,Request Latency,ms,p75,162205.62
34,1780553157323170560,1780553158323170560,Request Latency,ms,p90,162205.62
34,1780553157323170560,1780553158323170560,Request Latency,ms,p95,162205.62
34,1780553157323170560,1780553158323170560,Request Latency,ms,p99,162205.62
34,1780553157323170560,1780553158323170560,Request Latency,ms,std,0.00
34,1780553157323170560,1780553158323170560,Request Throughput,requests/sec,avg,1.00
34,1780553157323170560,1780553158323170560,Requested OSL,tokens,avg,1035.00
34,1780553157323170560,1780553158323170560,Requested OSL,tokens,min,1035.00
34,1780553157323170560,1780553158323170560,Requested OSL,tokens,max,1035.00
34,1780553157323170560,1780553158323170560,Requested OSL,tokens,sum,1035.00
34,1780553157323170560,1780553158323170560,Requested OSL,tokens,p1,1035.00
34,1780553157323170560,1780553158323170560,Requested OSL,tokens,p5,1035.00
34,1780553157323170560,1780553158323170560,Requested OSL,tokens,p10,1035.00
34,1780553157323170560,1780553158323170560,Requested OSL,tokens,p25,1035.00
34,1780553157323170560,1780553158323170560,Requested OSL,tokens,p50,1035.00
34,1780553157323170560,1780553158323170560,Requested OSL,tokens,p75,1035.00
34,1780553157323170560,1780553158323170560,Requested OSL,tokens,p90,1035.00
34,1780553157323170560,1780553158323170560,Requested OSL,tokens,p95,1035.00
34,1780553157323170560,1780553158323170560,Requested OSL,tokens,p99,1035.00
34,1780553157323170560,1780553158323170560,Requested OSL,tokens,std,0.00
34,1780553157323170560,1780553158323170560,Time to First Output Token,ms,avg,41989.04
34,1780553157323170560,1780553158323170560,Time to First Output Token,ms,min,41989.04
34,1780553157323170560,1780553158323170560,Time to First Output Token,ms,max,41989.04
34,1780553157323170560,1780553158323170560,Time to First Output Token,ms,sum,41989.04
34,1780553157323170560,1780553158323170560,Time to First Output Token,ms,p1,41989.04
34,1780553157323170560,1780553158323170560,Time to First Output Token,ms,p5,41989.04
34,1780553157323170560,1780553158323170560,Time to First Output Token,ms,p10,41989.04
34,1780553157323170560,1780553158323170560,Time to First Output Token,ms,p25,41989.04
34,1780553157323170560,1780553158323170560,Time to First Output Token,ms,p50,41989.04
34,1780553157323170560,1780553158323170560,Time to First Output Token,ms,p75,41989.04
34,1780553157323170560,1780553158323170560,Time to First Output Token,ms,p90,41989.04
34,1780553157323170560,1780553158323170560,Time to First Output Token,ms,p95,41989.04
34,1780553157323170560,1780553158323170560,Time to First Output Token,ms,p99,41989.04
34,1780553157323170560,1780553158323170560,Time to First Output Token,ms,std,0.00
34,1780553157323170560,1780553158323170560,Time to First Token,ms,avg,41989.04
34,1780553157323170560,1780553158323170560,Time to First Token,ms,min,41989.04
34,1780553157323170560,1780553158323170560,Time to First Token,ms,max,41989.04
34,1780553157323170560,1780553158323170560,Time to First Token,ms,sum,41989.04
34,1780553157323170560,1780553158323170560,Time to First Token,ms,p1,41989.04
34,1780553157323170560,1780553158323170560,Time to First Token,ms,p5,41989.04
34,1780553157323170560,1780553158323170560,Time to First Token,ms,p10,41989.04
34,1780553157323170560,1780553158323170560,Time to First Token,ms,p25,41989.04
34,1780553157323170560,1780553158323170560,Time to First Token,ms,p50,41989.04
34,1780553157323170560,1780553158323170560,Time to First Token,ms,p75,41989.04
34,1780553157323170560,1780553158323170560,Time to First Token,ms,p90,41989.04
34,1780553157323170560,1780553158323170560,Time to First Token,ms,p95,41989.04
34,1780553157323170560,1780553158323170560,Time to First Token,ms,p99,41989.04
34,1780553157323170560,1780553158323170560,Time to First Token,ms,std,0.00
34,1780553157323170560,1780553158323170560,Time to Second Token,ms,avg,14.54
34,1780553157323170560,1780553158323170560,Time to Second Token,ms,min,14.54
34,1780553157323170560,1780553158323170560,Time to Second Token,ms,max,14.54
34,1780553157323170560,1780553158323170560,Time to Second Token,ms,sum,14.54
34,1780553157323170560,1780553158323170560,Time to Second Token,ms,p1,14.54
34,1780553157323170560,1780553158323170560,Time to Second Token,ms,p5,14.54
34,1780553157323170560,1780553158323170560,Time to Second Token,ms,p10,14.54
34,1780553157323170560,1780553158323170560,Time to Second Token,ms,p25,14.54
34,1780553157323170560,1780553158323170560,Time to Second Token,ms,p50,14.54
34,1780553157323170560,1780553158323170560,Time to Second Token,ms,p75,14.54
34,1780553157323170560,1780553158323170560,Time to Second Token,ms,p90,14.54
34,1780553157323170560,1780553158323170560,Time to Second Token,ms,p95,14.54
34,1780553157323170560,1780553158323170560,Time to Second Token,ms,p99,14.54
34,1780553157323170560,1780553158323170560,Time to Second Token,ms,std,0.00
34,1780553157323170560,1780553158323170560,Tokens In Flight,tokens,avg,1443286.60
34,1780553157323170560,1780553158323170560,Tokens In Flight,tokens,min,1427814.31
34,1780553157323170560,1780553158323170560,Tokens In Flight,tokens,max,1495024.00
34,1780553157323170560,1780553158323170560,Tokens In Flight,tokens,p50,1427845.27
34,1780553157323170560,1780553158323170560,Tokens In Flight,tokens,p90,1495015.82
34,1780553157323170560,1780553158323170560,Tokens In Flight,tokens,p95,1495019.91
34,1780553157323170560,1780553158323170560,Tokens In Flight,tokens,p99,1495022.70
34,1780553157323170560,1780553158323170560,Tokens In Flight,tokens,std,28268.81
34,1780553157323170560,1780553158323170560,Total Input Sequence Length,tokens,avg,67146.00
34,1780553157323170560,1780553158323170560,Total Output Sequence Length,tokens,avg,1035.00
34,1780553157323170560,1780553158323170560,Total Output Tokens,tokens,avg,1035.00
34,1780553157323170560,1780553158323170560,Total Token Throughput,tokens/sec,avg,68181.00
34,1780553157323170560,1780553158323170560,Total Usage Completion Tokens,tokens,avg,1035.00
34,1780553157323170560,1780553158323170560,Total Usage Prompt Tokens,tokens,avg,67146.00
34,1780553157323170560,1780553158323170560,Total Usage Total Tokens,tokens,avg,68181.00
34,1780553157323170560,1780553158323170560,Usage Completion Tokens,tokens,avg,1035.00
34,1780553157323170560,1780553158323170560,Usage Completion Tokens,tokens,min,1035.00
34,1780553157323170560,1780553158323170560,Usage Completion Tokens,tokens,max,1035.00
34,1780553157323170560,1780553158323170560,Usage Completion Tokens,tokens,sum,1035.00
34,1780553157323170560,1780553158323170560,Usage Completion Tokens,tokens,p1,1035.00
34,1780553157323170560,1780553158323170560,Usage Completion Tokens,tokens,p5,1035.00
34,1780553157323170560,1780553158323170560,Usage Completion Tokens,tokens,p10,1035.00
34,1780553157323170560,1780553158323170560,Usage Completion Tokens,tokens,p25,1035.00
34,1780553157323170560,1780553158323170560,Usage Completion Tokens,tokens,p50,1035.00
34,1780553157323170560,1780553158323170560,Usage Completion Tokens,tokens,p75,1035.00
34,1780553157323170560,1780553158323170560,Usage Completion Tokens,tokens,p90,1035.00
34,1780553157323170560,1780553158323170560,Usage Completion Tokens,tokens,p95,1035.00
34,1780553157323170560,1780553158323170560,Usage Completion Tokens,tokens,p99,1035.00
34,1780553157323170560,1780553158323170560,Usage Completion Tokens,tokens,std,0.00
34,1780553157323170560,1780553158323170560,Usage Prompt Tokens,tokens,avg,67146.00
34,1780553157323170560,1780553158323170560,Usage Prompt Tokens,tokens,min,67146.00
34,1780553157323170560,1780553158323170560,Usage Prompt Tokens,tokens,max,67146.00
34,1780553157323170560,1780553158323170560,Usage Prompt Tokens,tokens,sum,67146.00
34,1780553157323170560,1780553158323170560,Usage Prompt Tokens,tokens,p1,67146.00
34,1780553157323170560,1780553158323170560,Usage Prompt Tokens,tokens,p5,67146.00
34,1780553157323170560,1780553158323170560,Usage Prompt Tokens,tokens,p10,67146.00
34,1780553157323170560,1780553158323170560,Usage Prompt Tokens,tokens,p25,67146.00
34,1780553157323170560,1780553158323170560,Usage Prompt Tokens,tokens,p50,67146.00
34,1780553157323170560,1780553158323170560,Usage Prompt Tokens,tokens,p75,67146.00
34,1780553157323170560,1780553158323170560,Usage Prompt Tokens,tokens,p90,67146.00
34,1780553157323170560,1780553158323170560,Usage Prompt Tokens,tokens,p95,67146.00
34,1780553157323170560,1780553158323170560,Usage Prompt Tokens,tokens,p99,67146.00
34,1780553157323170560,1780553158323170560,Usage Prompt Tokens,tokens,std,0.00
34,1780553157323170560,1780553158323170560,Usage Total Tokens,tokens,avg,68181.00
34,1780553157323170560,1780553158323170560,Usage Total Tokens,tokens,min,68181.00
34,1780553157323170560,1780553158323170560,Usage Total Tokens,tokens,max,68181.00
34,1780553157323170560,1780553158323170560,Usage Total Tokens,tokens,sum,68181.00
34,1780553157323170560,1780553158323170560,Usage Total Tokens,tokens,p1,68181.00
34,1780553157323170560,1780553158323170560,Usage Total Tokens,tokens,p5,68181.00
34,1780553157323170560,1780553158323170560,Usage Total Tokens,tokens,p10,68181.00
34,1780553157323170560,1780553158323170560,Usage Total Tokens,tokens,p25,68181.00
34,1780553157323170560,1780553158323170560,Usage Total Tokens,tokens,p50,68181.00
34,1780553157323170560,1780553158323170560,Usage Total Tokens,tokens,p75,68181.00
34,1780553157323170560,1780553158323170560,Usage Total Tokens,tokens,p90,68181.00
34,1780553157323170560,1780553158323170560,Usage Total Tokens,tokens,p95,68181.00
34,1780553157323170560,1780553158323170560,Usage Total Tokens,tokens,p99,68181.00
34,1780553157323170560,1780553158323170560,Usage Total Tokens,tokens,std,0.00
35,1780553173323170560,1780553174323170560,Active Decode Throughput,tokens/sec,avg,72.84
35,1780553173323170560,1780553174323170560,Active Decode Throughput,tokens/sec,min,46.13
35,1780553173323170560,1780553174323170560,Active Decode Throughput,tokens/sec,max,99.55
35,1780553173323170560,1780553174323170560,Active Decode Throughput,tokens/sec,p50,72.84
35,1780553173323170560,1780553174323170560,Active Decode Throughput,tokens/sec,p90,72.84
35,1780553173323170560,1780553174323170560,Active Decode Throughput,tokens/sec,p95,72.84
35,1780553173323170560,1780553174323170560,Active Decode Throughput,tokens/sec,p99,72.84
35,1780553173323170560,1780553174323170560,Active Decode Throughput,tokens/sec,std,0.04
35,1780553173323170560,1780553174323170560,Active Decode Throughput Per User,tokens/sec/user,avg,7.28
35,1780553173323170560,1780553174323170560,Active Decode Throughput Per User,tokens/sec/user,min,4.61
35,1780553173323170560,1780553174323170560,Active Decode Throughput Per User,tokens/sec/user,max,9.95
35,1780553173323170560,1780553174323170560,Active Decode Throughput Per User,tokens/sec/user,p50,7.28
35,1780553173323170560,1780553174323170560,Active Decode Throughput Per User,tokens/sec/user,p90,7.28
35,1780553173323170560,1780553174323170560,Active Decode Throughput Per User,tokens/sec/user,p95,7.28
35,1780553173323170560,1780553174323170560,Active Decode Throughput Per User,tokens/sec/user,p99,7.28
35,1780553173323170560,1780553174323170560,Active Decode Throughput Per User,tokens/sec/user,std,0.00
35,1780553173323170560,1780553174323170560,Active Prefill Throughput,tokens/sec,avg,6490.88
35,1780553173323170560,1780553174323170560,Active Prefill Throughput,tokens/sec,min,6345.90
35,1780553173323170560,1780553174323170560,Active Prefill Throughput,tokens/sec,max,8989.13
35,1780553173323170560,1780553174323170560,Active Prefill Throughput,tokens/sec,p50,6345.90
35,1780553173323170560,1780553174323170560,Active Prefill Throughput,tokens/sec,p90,6345.90
35,1780553173323170560,1780553174323170560,Active Prefill Throughput,tokens/sec,p95,8989.13
35,1780553173323170560,1780553174323170560,Active Prefill Throughput,tokens/sec,p99,8989.13
35,1780553173323170560,1780553174323170560,Active Prefill Throughput,tokens/sec,std,601.82
35,1780553173323170560,1780553174323170560,Active Prefill Throughput Per User,tokens/sec/user,avg,2122.54
35,1780553173323170560,1780553174323170560,Active Prefill Throughput Per User,tokens/sec/user,min,2115.30
35,1780553173323170560,1780553174323170560,Active Prefill Throughput Per User,tokens/sec/user,max,2247.28
35,1780553173323170560,1780553174323170560,Active Prefill Throughput Per User,tokens/sec/user,p50,2115.30
35,1780553173323170560,1780553174323170560,Active Prefill Throughput Per User,tokens/sec/user,p90,2115.30
35,1780553173323170560,1780553174323170560,Active Prefill Throughput Per User,tokens/sec/user,p95,2247.28
35,1780553173323170560,1780553174323170560,Active Prefill Throughput Per User,tokens/sec/user,p99,2247.28
35,1780553173323170560,1780553174323170560,Active Prefill Throughput Per User,tokens/sec/user,std,30.05
35,1780553173323170560,1780553174323170560,Active Total Throughput,tokens/sec,avg,6549.34
35,1780553173323170560,1780553174323170560,Active Total Throughput,tokens/sec,min,6404.36
35,1780553173323170560,1780553174323170560,Active Total Throughput,tokens/sec,max,9047.59
35,1780553173323170560,1780553174323170560,Active Total Throughput,tokens/sec,p50,6404.36
35,1780553173323170560,1780553174323170560,Active Total Throughput,tokens/sec,p90,6404.36
35,1780553173323170560,1780553174323170560,Active Total Throughput,tokens/sec,p95,9047.59
35,1780553173323170560,1780553174323170560,Active Total Throughput,tokens/sec,p99,9047.59
35,1780553173323170560,1780553174323170560,Active Total Throughput,tokens/sec,std,601.82
35,1780553173323170560,1780553174323170560,Benchmark Duration,sec,avg,62.08
35,1780553173323170560,1780553174323170560,E2E Output Token Throughput,tokens/sec/user,avg,4.56
35,1780553173323170560,1780553174323170560,E2E Output Token Throughput,tokens/sec/user,min,4.56
35,1780553173323170560,1780553174323170560,E2E Output Token Throughput,tokens/sec/user,max,4.56
35,1780553173323170560,1780553174323170560,E2E Output Token Throughput,tokens/sec/user,sum,4.56
35,1780553173323170560,1780553174323170560,E2E Output Token Throughput,tokens/sec/user,p1,4.56
35,1780553173323170560,1780553174323170560,E2E Output Token Throughput,tokens/sec/user,p5,4.56
35,1780553173323170560,1780553174323170560,E2E Output Token Throughput,tokens/sec/user,p10,4.56
35,1780553173323170560,1780553174323170560,E2E Output Token Throughput,tokens/sec/user,p25,4.56
35,1780553173323170560,1780553174323170560,E2E Output Token Throughput,tokens/sec/user,p50,4.56
35,1780553173323170560,1780553174323170560,E2E Output Token Throughput,tokens/sec/user,p75,4.56
35,1780553173323170560,1780553174323170560,E2E Output Token Throughput,tokens/sec/user,p90,4.56
35,1780553173323170560,1780553174323170560,E2E Output Token Throughput,tokens/sec/user,p95,4.56
35,1780553173323170560,1780553174323170560,E2E Output Token Throughput,tokens/sec/user,p99,4.56
35,1780553173323170560,1780553174323170560,E2E Output Token Throughput,tokens/sec/user,std,0.00
35,1780553173323170560,1780553174323170560,Effective Concurrency,requests,avg,13.05
35,1780553173323170560,1780553174323170560,Effective Concurrency,requests,min,13.00
35,1780553173323170560,1780553174323170560,Effective Concurrency,requests,max,14.00
35,1780553173323170560,1780553174323170560,Effective Concurrency,requests,p50,13.00
35,1780553173323170560,1780553174323170560,Effective Concurrency,requests,p90,13.00
35,1780553173323170560,1780553174323170560,Effective Concurrency,requests,p95,14.00
35,1780553173323170560,1780553174323170560,Effective Concurrency,requests,p99,14.00
35,1780553173323170560,1780553174323170560,Effective Concurrency,requests,std,0.23
35,1780553173323170560,1780553174323170560,Effective Decode Concurrency,requests,avg,10.00
35,1780553173323170560,1780553174323170560,Effective Decode Concurrency,requests,min,10.00
35,1780553173323170560,1780553174323170560,Effective Decode Concurrency,requests,max,10.00
35,1780553173323170560,1780553174323170560,Effective Decode Concurrency,requests,p50,10.00
35,1780553173323170560,1780553174323170560,Effective Decode Concurrency,requests,p90,10.00
35,1780553173323170560,1780553174323170560,Effective Decode Concurrency,requests,p95,10.00
35,1780553173323170560,1780553174323170560,Effective Decode Concurrency,requests,p99,10.00
35,1780553173323170560,1780553174323170560,Effective Decode Concurrency,requests,std,0.00
35,1780553173323170560,1780553174323170560,Effective Decode Throughput,tokens/sec,avg,72.84
35,1780553173323170560,1780553174323170560,Effective Decode Throughput,tokens/sec,min,46.13
35,1780553173323170560,1780553174323170560,Effective Decode Throughput,tokens/sec,max,99.55
35,1780553173323170560,1780553174323170560,Effective Decode Throughput,tokens/sec,p50,72.84
35,1780553173323170560,1780553174323170560,Effective Decode Throughput,tokens/sec,p90,72.84
35,1780553173323170560,1780553174323170560,Effective Decode Throughput,tokens/sec,p95,72.84
35,1780553173323170560,1780553174323170560,Effective Decode Throughput,tokens/sec,p99,72.84
35,1780553173323170560,1780553174323170560,Effective Decode Throughput,tokens/sec,std,0.04
35,1780553173323170560,1780553174323170560,Effective Decode Throughput Per User,tokens/sec/user,avg,7.28
35,1780553173323170560,1780553174323170560,Effective Decode Throughput Per User,tokens/sec/user,min,4.61
35,1780553173323170560,1780553174323170560,Effective Decode Throughput Per User,tokens/sec/user,max,9.95
35,1780553173323170560,1780553174323170560,Effective Decode Throughput Per User,tokens/sec/user,p50,7.28
35,1780553173323170560,1780553174323170560,Effective Decode Throughput Per User,tokens/sec/user,p90,7.28
35,1780553173323170560,1780553174323170560,Effective Decode Throughput Per User,tokens/sec/user,p95,7.28
35,1780553173323170560,1780553174323170560,Effective Decode Throughput Per User,tokens/sec/user,p99,7.28
35,1780553173323170560,1780553174323170560,Effective Decode Throughput Per User,tokens/sec/user,std,0.00
35,1780553173323170560,1780553174323170560,Effective Prefill Concurrency,requests,avg,3.05
35,1780553173323170560,1780553174323170560,Effective Prefill Concurrency,requests,min,3.00
35,1780553173323170560,1780553174323170560,Effective Prefill Concurrency,requests,max,4.00
35,1780553173323170560,1780553174323170560,Effective Prefill Concurrency,requests,p50,3.00
35,1780553173323170560,1780553174323170560,Effective Prefill Concurrency,requests,p90,3.00
35,1780553173323170560,1780553174323170560,Effective Prefill Concurrency,requests,p95,4.00
35,1780553173323170560,1780553174323170560,Effective Prefill Concurrency,requests,p99,4.00
35,1780553173323170560,1780553174323170560,Effective Prefill Concurrency,requests,std,0.23
35,1780553173323170560,1780553174323170560,Effective Prefill Throughput,tokens/sec,avg,6490.88
35,1780553173323170560,1780553174323170560,Effective Prefill Throughput,tokens/sec,min,6345.90
35,1780553173323170560,1780553174323170560,Effective Prefill Throughput,tokens/sec,max,8989.13
35,1780553173323170560,1780553174323170560,Effective Prefill Throughput,tokens/sec,p50,6345.90
35,1780553173323170560,1780553174323170560,Effective Prefill Throughput,tokens/sec,p90,6345.90
35,1780553173323170560,1780553174323170560,Effective Prefill Throughput,tokens/sec,p95,8989.13
35,1780553173323170560,1780553174323170560,Effective Prefill Throughput,tokens/sec,p99,8989.13
35,1780553173323170560,1780553174323170560,Effective Prefill Throughput,tokens/sec,std,601.82
35,1780553173323170560,1780553174323170560,Effective Prefill Throughput Per User,tokens/sec/user,avg,2122.54
35,1780553173323170560,1780553174323170560,Effective Prefill Throughput Per User,tokens/sec/user,min,2115.30
35,1780553173323170560,1780553174323170560,Effective Prefill Throughput Per User,tokens/sec/user,max,2247.28
35,1780553173323170560,1780553174323170560,Effective Prefill Throughput Per User,tokens/sec/user,p50,2115.30
35,1780553173323170560,1780553174323170560,Effective Prefill Throughput Per User,tokens/sec/user,p90,2115.30
35,1780553173323170560,1780553174323170560,Effective Prefill Throughput Per User,tokens/sec/user,p95,2247.28
35,1780553173323170560,1780553174323170560,Effective Prefill Throughput Per User,tokens/sec/user,p99,2247.28
35,1780553173323170560,1780553174323170560,Effective Prefill Throughput Per User,tokens/sec/user,std,30.05
35,1780553173323170560,1780553174323170560,Effective Total Throughput,tokens/sec,avg,6549.34
35,1780553173323170560,1780553174323170560,Effective Total Throughput,tokens/sec,min,6404.36
35,1780553173323170560,1780553174323170560,Effective Total Throughput,tokens/sec,max,9047.59
35,1780553173323170560,1780553174323170560,Effective Total Throughput,tokens/sec,p50,6404.36
35,1780553173323170560,1780553174323170560,Effective Total Throughput,tokens/sec,p90,6404.36
35,1780553173323170560,1780553174323170560,Effective Total Throughput,tokens/sec,p95,9047.59
35,1780553173323170560,1780553174323170560,Effective Total Throughput,tokens/sec,p99,9047.59
35,1780553173323170560,1780553174323170560,Effective Total Throughput,tokens/sec,std,601.82
35,1780553173323170560,1780553174323170560,HTTP Blocked,ms,avg,0.00
35,1780553173323170560,1780553174323170560,HTTP Blocked,ms,min,0.00
35,1780553173323170560,1780553174323170560,HTTP Blocked,ms,max,0.00
35,1780553173323170560,1780553174323170560,HTTP Blocked,ms,sum,0.00
35,1780553173323170560,1780553174323170560,HTTP Blocked,ms,p1,0.00
35,1780553173323170560,1780553174323170560,HTTP Blocked,ms,p5,0.00
35,1780553173323170560,1780553174323170560,HTTP Blocked,ms,p10,0.00
35,1780553173323170560,1780553174323170560,HTTP Blocked,ms,p25,0.00
35,1780553173323170560,1780553174323170560,HTTP Blocked,ms,p50,0.00
35,1780553173323170560,1780553174323170560,HTTP Blocked,ms,p75,0.00
35,1780553173323170560,1780553174323170560,HTTP Blocked,ms,p90,0.00
35,1780553173323170560,1780553174323170560,HTTP Blocked,ms,p95,0.00
35,1780553173323170560,1780553174323170560,HTTP Blocked,ms,p99,0.00
35,1780553173323170560,1780553174323170560,HTTP Blocked,ms,std,0.00
35,1780553173323170560,1780553174323170560,HTTP Chunks Received,count,avg,283.00
35,1780553173323170560,1780553174323170560,HTTP Chunks Received,count,min,283.00
35,1780553173323170560,1780553174323170560,HTTP Chunks Received,count,max,283.00
35,1780553173323170560,1780553174323170560,HTTP Chunks Received,count,sum,283.00
35,1780553173323170560,1780553174323170560,HTTP Chunks Received,count,p1,283.00
35,1780553173323170560,1780553174323170560,HTTP Chunks Received,count,p5,283.00
35,1780553173323170560,1780553174323170560,HTTP Chunks Received,count,p10,283.00
35,1780553173323170560,1780553174323170560,HTTP Chunks Received,count,p25,283.00
35,1780553173323170560,1780553174323170560,HTTP Chunks Received,count,p50,283.00
35,1780553173323170560,1780553174323170560,HTTP Chunks Received,count,p75,283.00
35,1780553173323170560,1780553174323170560,HTTP Chunks Received,count,p90,283.00
35,1780553173323170560,1780553174323170560,HTTP Chunks Received,count,p95,283.00
35,1780553173323170560,1780553174323170560,HTTP Chunks Received,count,p99,283.00
35,1780553173323170560,1780553174323170560,HTTP Chunks Received,count,std,0.00
35,1780553173323170560,1780553174323170560,HTTP Chunks Sent,count,avg,1.00
35,1780553173323170560,1780553174323170560,HTTP Chunks Sent,count,min,1.00
35,1780553173323170560,1780553174323170560,HTTP Chunks Sent,count,max,1.00
35,1780553173323170560,1780553174323170560,HTTP Chunks Sent,count,sum,1.00
35,1780553173323170560,1780553174323170560,HTTP Chunks Sent,count,p1,1.00
35,1780553173323170560,1780553174323170560,HTTP Chunks Sent,count,p5,1.00
35,1780553173323170560,1780553174323170560,HTTP Chunks Sent,count,p10,1.00
35,1780553173323170560,1780553174323170560,HTTP Chunks Sent,count,p25,1.00
35,1780553173323170560,1780553174323170560,HTTP Chunks Sent,count,p50,1.00
35,1780553173323170560,1780553174323170560,HTTP Chunks Sent,count,p75,1.00
35,1780553173323170560,1780553174323170560,HTTP Chunks Sent,count,p90,1.00
35,1780553173323170560,1780553174323170560,HTTP Chunks Sent,count,p95,1.00
35,1780553173323170560,1780553174323170560,HTTP Chunks Sent,count,p99,1.00
35,1780553173323170560,1780553174323170560,HTTP Chunks Sent,count,std,0.00
35,1780553173323170560,1780553174323170560,HTTP Connecting,ms,avg,0.68
35,1780553173323170560,1780553174323170560,HTTP Connecting,ms,min,0.68
35,1780553173323170560,1780553174323170560,HTTP Connecting,ms,max,0.68
35,1780553173323170560,1780553174323170560,HTTP Connecting,ms,sum,0.68
35,1780553173323170560,1780553174323170560,HTTP Connecting,ms,p1,0.68
35,1780553173323170560,1780553174323170560,HTTP Connecting,ms,p5,0.68
35,1780553173323170560,1780553174323170560,HTTP Connecting,ms,p10,0.68
35,1780553173323170560,1780553174323170560,HTTP Connecting,ms,p25,0.68
35,1780553173323170560,1780553174323170560,HTTP Connecting,ms,p50,0.68
35,1780553173323170560,1780553174323170560,HTTP Connecting,ms,p75,0.68
35,1780553173323170560,1780553174323170560,HTTP Connecting,ms,p90,0.68
35,1780553173323170560,1780553174323170560,HTTP Connecting,ms,p95,0.68
35,1780553173323170560,1780553174323170560,HTTP Connecting,ms,p99,0.68
35,1780553173323170560,1780553174323170560,HTTP Connecting,ms,std,0.00
35,1780553173323170560,1780553174323170560,HTTP Connection Overhead,ms,avg,0.68
35,1780553173323170560,1780553174323170560,HTTP Connection Overhead,ms,min,0.68
35,1780553173323170560,1780553174323170560,HTTP Connection Overhead,ms,max,0.68
35,1780553173323170560,1780553174323170560,HTTP Connection Overhead,ms,sum,0.68
35,1780553173323170560,1780553174323170560,HTTP Connection Overhead,ms,p1,0.68
35,1780553173323170560,1780553174323170560,HTTP Connection Overhead,ms,p5,0.68
35,1780553173323170560,1780553174323170560,HTTP Connection Overhead,ms,p10,0.68
35,1780553173323170560,1780553174323170560,HTTP Connection Overhead,ms,p25,0.68
35,1780553173323170560,1780553174323170560,HTTP Connection Overhead,ms,p50,0.68
35,1780553173323170560,1780553174323170560,HTTP Connection Overhead,ms,p75,0.68
35,1780553173323170560,1780553174323170560,HTTP Connection Overhead,ms,p90,0.68
35,1780553173323170560,1780553174323170560,HTTP Connection Overhead,ms,p95,0.68
35,1780553173323170560,1780553174323170560,HTTP Connection Overhead,ms,p99,0.68
35,1780553173323170560,1780553174323170560,HTTP Connection Overhead,ms,std,0.00
35,1780553173323170560,1780553174323170560,HTTP Connection Reused,ratio,avg,0.00
35,1780553173323170560,1780553174323170560,HTTP Connection Reused,ratio,min,0.00
35,1780553173323170560,1780553174323170560,HTTP Connection Reused,ratio,max,0.00
35,1780553173323170560,1780553174323170560,HTTP Connection Reused,ratio,sum,0.00
35,1780553173323170560,1780553174323170560,HTTP Connection Reused,ratio,p1,0.00
35,1780553173323170560,1780553174323170560,HTTP Connection Reused,ratio,p5,0.00
35,1780553173323170560,1780553174323170560,HTTP Connection Reused,ratio,p10,0.00
35,1780553173323170560,1780553174323170560,HTTP Connection Reused,ratio,p25,0.00
35,1780553173323170560,1780553174323170560,HTTP Connection Reused,ratio,p50,0.00
35,1780553173323170560,1780553174323170560,HTTP Connection Reused,ratio,p75,0.00
35,1780553173323170560,1780553174323170560,HTTP Connection Reused,ratio,p90,0.00
35,1780553173323170560,1780553174323170560,HTTP Connection Reused,ratio,p95,0.00
35,1780553173323170560,1780553174323170560,HTTP Connection Reused,ratio,p99,0.00
35,1780553173323170560,1780553174323170560,HTTP Connection Reused,ratio,std,0.00
35,1780553173323170560,1780553174323170560,HTTP Data Received,KB,avg,70.92
35,1780553173323170560,1780553174323170560,HTTP Data Received,KB,min,70.92
35,1780553173323170560,1780553174323170560,HTTP Data Received,KB,max,70.92
35,1780553173323170560,1780553174323170560,HTTP Data Received,KB,sum,70.92
35,1780553173323170560,1780553174323170560,HTTP Data Received,KB,p1,70.92
35,1780553173323170560,1780553174323170560,HTTP Data Received,KB,p5,70.92
35,1780553173323170560,1780553174323170560,HTTP Data Received,KB,p10,70.92
35,1780553173323170560,1780553174323170560,HTTP Data Received,KB,p25,70.92
35,1780553173323170560,1780553174323170560,HTTP Data Received,KB,p50,70.92
35,1780553173323170560,1780553174323170560,HTTP Data Received,KB,p75,70.92
35,1780553173323170560,1780553174323170560,HTTP Data Received,KB,p90,70.92
35,1780553173323170560,1780553174323170560,HTTP Data Received,KB,p95,70.92
35,1780553173323170560,1780553174323170560,HTTP Data Received,KB,p99,70.92
35,1780553173323170560,1780553174323170560,HTTP Data Received,KB,std,0.00
35,1780553173323170560,1780553174323170560,HTTP Data Sent,KB,avg,385.21
35,1780553173323170560,1780553174323170560,HTTP Data Sent,KB,min,385.21
35,1780553173323170560,1780553174323170560,HTTP Data Sent,KB,max,385.21
35,1780553173323170560,1780553174323170560,HTTP Data Sent,KB,sum,385.21
35,1780553173323170560,1780553174323170560,HTTP Data Sent,KB,p1,385.21
35,1780553173323170560,1780553174323170560,HTTP Data Sent,KB,p5,385.21
35,1780553173323170560,1780553174323170560,HTTP Data Sent,KB,p10,385.21
35,1780553173323170560,1780553174323170560,HTTP Data Sent,KB,p25,385.21
35,1780553173323170560,1780553174323170560,HTTP Data Sent,KB,p50,385.21
35,1780553173323170560,1780553174323170560,HTTP Data Sent,KB,p75,385.21
35,1780553173323170560,1780553174323170560,HTTP Data Sent,KB,p90,385.21
35,1780553173323170560,1780553174323170560,HTTP Data Sent,KB,p95,385.21
35,1780553173323170560,1780553174323170560,HTTP Data Sent,KB,p99,385.21
35,1780553173323170560,1780553174323170560,HTTP Data Sent,KB,std,0.00
35,1780553173323170560,1780553174323170560,HTTP DNS Lookup,ms,avg,0.00
35,1780553173323170560,1780553174323170560,HTTP DNS Lookup,ms,min,0.00
35,1780553173323170560,1780553174323170560,HTTP DNS Lookup,ms,max,0.00
35,1780553173323170560,1780553174323170560,HTTP DNS Lookup,ms,sum,0.00
35,1780553173323170560,1780553174323170560,HTTP DNS Lookup,ms,p1,0.00
35,1780553173323170560,1780553174323170560,HTTP DNS Lookup,ms,p5,0.00
35,1780553173323170560,1780553174323170560,HTTP DNS Lookup,ms,p10,0.00
35,1780553173323170560,1780553174323170560,HTTP DNS Lookup,ms,p25,0.00
35,1780553173323170560,1780553174323170560,HTTP DNS Lookup,ms,p50,0.00
35,1780553173323170560,1780553174323170560,HTTP DNS Lookup,ms,p75,0.00
35,1780553173323170560,1780553174323170560,HTTP DNS Lookup,ms,p90,0.00
35,1780553173323170560,1780553174323170560,HTTP DNS Lookup,ms,p95,0.00
35,1780553173323170560,1780553174323170560,HTTP DNS Lookup,ms,p99,0.00
35,1780553173323170560,1780553174323170560,HTTP DNS Lookup,ms,std,0.00
35,1780553173323170560,1780553174323170560,HTTP Duration (excl. conn),ms,avg,62076.14
35,1780553173323170560,1780553174323170560,HTTP Duration (excl. conn),ms,min,62076.14
35,1780553173323170560,1780553174323170560,HTTP Duration (excl. conn),ms,max,62076.14
35,1780553173323170560,1780553174323170560,HTTP Duration (excl. conn),ms,sum,62076.14
35,1780553173323170560,1780553174323170560,HTTP Duration (excl. conn),ms,p1,62076.14
35,1780553173323170560,1780553174323170560,HTTP Duration (excl. conn),ms,p5,62076.14
35,1780553173323170560,1780553174323170560,HTTP Duration (excl. conn),ms,p10,62076.14
35,1780553173323170560,1780553174323170560,HTTP Duration (excl. conn),ms,p25,62076.14
35,1780553173323170560,1780553174323170560,HTTP Duration (excl. conn),ms,p50,62076.14
35,1780553173323170560,1780553174323170560,HTTP Duration (excl. conn),ms,p75,62076.14
35,1780553173323170560,1780553174323170560,HTTP Duration (excl. conn),ms,p90,62076.14
35,1780553173323170560,1780553174323170560,HTTP Duration (excl. conn),ms,p95,62076.14
35,1780553173323170560,1780553174323170560,HTTP Duration (excl. conn),ms,p99,62076.14
35,1780553173323170560,1780553174323170560,HTTP Duration (excl. conn),ms,std,0.00
35,1780553173323170560,1780553174323170560,HTTP Receiving,ms,avg,24878.64
35,1780553173323170560,1780553174323170560,HTTP Receiving,ms,min,24878.64
35,1780553173323170560,1780553174323170560,HTTP Receiving,ms,max,24878.64
35,1780553173323170560,1780553174323170560,HTTP Receiving,ms,sum,24878.64
35,1780553173323170560,1780553174323170560,HTTP Receiving,ms,p1,24878.64
35,1780553173323170560,1780553174323170560,HTTP Receiving,ms,p5,24878.64
35,1780553173323170560,1780553174323170560,HTTP Receiving,ms,p10,24878.64
35,1780553173323170560,1780553174323170560,HTTP Receiving,ms,p25,24878.64
35,1780553173323170560,1780553174323170560,HTTP Receiving,ms,p50,24878.64
35,1780553173323170560,1780553174323170560,HTTP Receiving,ms,p75,24878.64
35,1780553173323170560,1780553174323170560,HTTP Receiving,ms,p90,24878.64
35,1780553173323170560,1780553174323170560,HTTP Receiving,ms,p95,24878.64
35,1780553173323170560,1780553174323170560,HTTP Receiving,ms,p99,24878.64
35,1780553173323170560,1780553174323170560,HTTP Receiving,ms,std,0.00
35,1780553173323170560,1780553174323170560,HTTP Sending,ms,avg,0.99
35,1780553173323170560,1780553174323170560,HTTP Sending,ms,min,0.99
35,1780553173323170560,1780553174323170560,HTTP Sending,ms,max,0.99
35,1780553173323170560,1780553174323170560,HTTP Sending,ms,sum,0.99
35,1780553173323170560,1780553174323170560,HTTP Sending,ms,p1,0.99
35,1780553173323170560,1780553174323170560,HTTP Sending,ms,p5,0.99
35,1780553173323170560,1780553174323170560,HTTP Sending,ms,p10,0.99
35,1780553173323170560,1780553174323170560,HTTP Sending,ms,p25,0.99
35,1780553173323170560,1780553174323170560,HTTP Sending,ms,p50,0.99
35,1780553173323170560,1780553174323170560,HTTP Sending,ms,p75,0.99
35,1780553173323170560,1780553174323170560,HTTP Sending,ms,p90,0.99
35,1780553173323170560,1780553174323170560,HTTP Sending,ms,p95,0.99
35,1780553173323170560,1780553174323170560,HTTP Sending,ms,p99,0.99
35,1780553173323170560,1780553174323170560,HTTP Sending,ms,std,0.00
35,1780553173323170560,1780553174323170560,HTTP Total Time,ms,avg,62076.82
35,1780553173323170560,1780553174323170560,HTTP Total Time,ms,min,62076.82
35,1780553173323170560,1780553174323170560,HTTP Total Time,ms,max,62076.82
35,1780553173323170560,1780553174323170560,HTTP Total Time,ms,sum,62076.82
35,1780553173323170560,1780553174323170560,HTTP Total Time,ms,p1,62076.82
35,1780553173323170560,1780553174323170560,HTTP Total Time,ms,p5,62076.82
35,1780553173323170560,1780553174323170560,HTTP Total Time,ms,p10,62076.82
35,1780553173323170560,1780553174323170560,HTTP Total Time,ms,p25,62076.82
35,1780553173323170560,1780553174323170560,HTTP Total Time,ms,p50,62076.82
35,1780553173323170560,1780553174323170560,HTTP Total Time,ms,p75,62076.82
35,1780553173323170560,1780553174323170560,HTTP Total Time,ms,p90,62076.82
35,1780553173323170560,1780553174323170560,HTTP Total Time,ms,p95,62076.82
35,1780553173323170560,1780553174323170560,HTTP Total Time,ms,p99,62076.82
35,1780553173323170560,1780553174323170560,HTTP Total Time,ms,std,0.00
35,1780553173323170560,1780553174323170560,HTTP Waiting (TTFB),ms,avg,37196.52
35,1780553173323170560,1780553174323170560,HTTP Waiting (TTFB),ms,min,37196.52
35,1780553173323170560,1780553174323170560,HTTP Waiting (TTFB),ms,max,37196.52
35,1780553173323170560,1780553174323170560,HTTP Waiting (TTFB),ms,sum,37196.52
35,1780553173323170560,1780553174323170560,HTTP Waiting (TTFB),ms,p1,37196.52
35,1780553173323170560,1780553174323170560,HTTP Waiting (TTFB),ms,p5,37196.52
35,1780553173323170560,1780553174323170560,HTTP Waiting (TTFB),ms,p10,37196.52
35,1780553173323170560,1780553174323170560,HTTP Waiting (TTFB),ms,p25,37196.52
35,1780553173323170560,1780553174323170560,HTTP Waiting (TTFB),ms,p50,37196.52
35,1780553173323170560,1780553174323170560,HTTP Waiting (TTFB),ms,p75,37196.52
35,1780553173323170560,1780553174323170560,HTTP Waiting (TTFB),ms,p90,37196.52
35,1780553173323170560,1780553174323170560,HTTP Waiting (TTFB),ms,p95,37196.52
35,1780553173323170560,1780553174323170560,HTTP Waiting (TTFB),ms,p99,37196.52
35,1780553173323170560,1780553174323170560,HTTP Waiting (TTFB),ms,std,0.00
35,1780553173323170560,1780553174323170560,Input Sequence Length,tokens,avg,98322.00
35,1780553173323170560,1780553174323170560,Input Sequence Length,tokens,min,98322.00
35,1780553173323170560,1780553174323170560,Input Sequence Length,tokens,max,98322.00
35,1780553173323170560,1780553174323170560,Input Sequence Length,tokens,sum,98322.00
35,1780553173323170560,1780553174323170560,Input Sequence Length,tokens,p1,98322.00
35,1780553173323170560,1780553174323170560,Input Sequence Length,tokens,p5,98322.00
35,1780553173323170560,1780553174323170560,Input Sequence Length,tokens,p10,98322.00
35,1780553173323170560,1780553174323170560,Input Sequence Length,tokens,p25,98322.00
35,1780553173323170560,1780553174323170560,Input Sequence Length,tokens,p50,98322.00
35,1780553173323170560,1780553174323170560,Input Sequence Length,tokens,p75,98322.00
35,1780553173323170560,1780553174323170560,Input Sequence Length,tokens,p90,98322.00
35,1780553173323170560,1780553174323170560,Input Sequence Length,tokens,p95,98322.00
35,1780553173323170560,1780553174323170560,Input Sequence Length,tokens,p99,98322.00
35,1780553173323170560,1780553174323170560,Input Sequence Length,tokens,std,0.00
35,1780553173323170560,1780553174323170560,Input Token Throughput,tokens/sec,avg,98322.00
35,1780553173323170560,1780553174323170560,Inter Chunk Latency,ms,avg,63.94
35,1780553173323170560,1780553174323170560,Inter Chunk Latency,ms,min,63.92
35,1780553173323170560,1780553174323170560,Inter Chunk Latency,ms,max,63.95
35,1780553173323170560,1780553174323170560,Inter Chunk Latency,ms,sum,17710.07
35,1780553173323170560,1780553174323170560,Inter Chunk Latency,ms,p1,63.92
35,1780553173323170560,1780553174323170560,Inter Chunk Latency,ms,p5,63.92
35,1780553173323170560,1780553174323170560,Inter Chunk Latency,ms,p10,63.92
35,1780553173323170560,1780553174323170560,Inter Chunk Latency,ms,p25,63.93
35,1780553173323170560,1780553174323170560,Inter Chunk Latency,ms,p50,63.93
35,1780553173323170560,1780553174323170560,Inter Chunk Latency,ms,p75,63.94
35,1780553173323170560,1780553174323170560,Inter Chunk Latency,ms,p90,63.95
35,1780553173323170560,1780553174323170560,Inter Chunk Latency,ms,p95,63.95
35,1780553173323170560,1780553174323170560,Inter Chunk Latency,ms,p99,63.95
35,1780553173323170560,1780553174323170560,Inter Chunk Latency,ms,std,0.01
35,1780553173323170560,1780553174323170560,Inter Token Latency,ms,avg,88.22
35,1780553173323170560,1780553174323170560,Inter Token Latency,ms,min,88.22
35,1780553173323170560,1780553174323170560,Inter Token Latency,ms,max,88.22
35,1780553173323170560,1780553174323170560,Inter Token Latency,ms,sum,88.22
35,1780553173323170560,1780553174323170560,Inter Token Latency,ms,p1,88.22
35,1780553173323170560,1780553174323170560,Inter Token Latency,ms,p5,88.22
35,1780553173323170560,1780553174323170560,Inter Token Latency,ms,p10,88.22
35,1780553173323170560,1780553174323170560,Inter Token Latency,ms,p25,88.22
35,1780553173323170560,1780553174323170560,Inter Token Latency,ms,p50,88.22
35,1780553173323170560,1780553174323170560,Inter Token Latency,ms,p75,88.22
35,1780553173323170560,1780553174323170560,Inter Token Latency,ms,p90,88.22
35,1780553173323170560,1780553174323170560,Inter Token Latency,ms,p95,88.22
35,1780553173323170560,1780553174323170560,Inter Token Latency,ms,p99,88.22
35,1780553173323170560,1780553174323170560,Inter Token Latency,ms,std,0.00
35,1780553173323170560,1780553174323170560,Maximum Response Timestamp,ns,avg,1780553236344584704.00
35,1780553173323170560,1780553174323170560,Minimum Request Timestamp,ns,avg,1780553174268322304.00
35,1780553173323170560,1780553174323170560,OSL Mismatch Count,requests,avg,0.00
35,1780553173323170560,1780553174323170560,OSL Mismatch Diff %,%,avg,0.00
35,1780553173323170560,1780553174323170560,OSL Mismatch Diff %,%,min,0.00
35,1780553173323170560,1780553174323170560,OSL Mismatch Diff %,%,max,0.00
35,1780553173323170560,1780553174323170560,OSL Mismatch Diff %,%,sum,0.00
35,1780553173323170560,1780553174323170560,OSL Mismatch Diff %,%,p1,0.00
35,1780553173323170560,1780553174323170560,OSL Mismatch Diff %,%,p5,0.00
35,1780553173323170560,1780553174323170560,OSL Mismatch Diff %,%,p10,0.00
35,1780553173323170560,1780553174323170560,OSL Mismatch Diff %,%,p25,0.00
35,1780553173323170560,1780553174323170560,OSL Mismatch Diff %,%,p50,0.00
35,1780553173323170560,1780553174323170560,OSL Mismatch Diff %,%,p75,0.00
35,1780553173323170560,1780553174323170560,OSL Mismatch Diff %,%,p90,0.00
35,1780553173323170560,1780553174323170560,OSL Mismatch Diff %,%,p95,0.00
35,1780553173323170560,1780553174323170560,OSL Mismatch Diff %,%,p99,0.00
35,1780553173323170560,1780553174323170560,OSL Mismatch Diff %,%,std,0.00
35,1780553173323170560,1780553174323170560,Output Sequence Length,tokens,avg,283.00
35,1780553173323170560,1780553174323170560,Output Sequence Length,tokens,min,283.00
35,1780553173323170560,1780553174323170560,Output Sequence Length,tokens,max,283.00
35,1780553173323170560,1780553174323170560,Output Sequence Length,tokens,sum,283.00
35,1780553173323170560,1780553174323170560,Output Sequence Length,tokens,p1,283.00
35,1780553173323170560,1780553174323170560,Output Sequence Length,tokens,p5,283.00
35,1780553173323170560,1780553174323170560,Output Sequence Length,tokens,p10,283.00
35,1780553173323170560,1780553174323170560,Output Sequence Length,tokens,p25,283.00
35,1780553173323170560,1780553174323170560,Output Sequence Length,tokens,p50,283.00
35,1780553173323170560,1780553174323170560,Output Sequence Length,tokens,p75,283.00
35,1780553173323170560,1780553174323170560,Output Sequence Length,tokens,p90,283.00
35,1780553173323170560,1780553174323170560,Output Sequence Length,tokens,p95,283.00
35,1780553173323170560,1780553174323170560,Output Sequence Length,tokens,p99,283.00
35,1780553173323170560,1780553174323170560,Output Sequence Length,tokens,std,0.00
35,1780553173323170560,1780553174323170560,Output Token Count,tokens,avg,283.00
35,1780553173323170560,1780553174323170560,Output Token Count,tokens,min,283.00
35,1780553173323170560,1780553174323170560,Output Token Count,tokens,max,283.00
35,1780553173323170560,1780553174323170560,Output Token Count,tokens,sum,283.00
35,1780553173323170560,1780553174323170560,Output Token Count,tokens,p1,283.00
35,1780553173323170560,1780553174323170560,Output Token Count,tokens,p5,283.00
35,1780553173323170560,1780553174323170560,Output Token Count,tokens,p10,283.00
35,1780553173323170560,1780553174323170560,Output Token Count,tokens,p25,283.00
35,1780553173323170560,1780553174323170560,Output Token Count,tokens,p50,283.00
35,1780553173323170560,1780553174323170560,Output Token Count,tokens,p75,283.00
35,1780553173323170560,1780553174323170560,Output Token Count,tokens,p90,283.00
35,1780553173323170560,1780553174323170560,Output Token Count,tokens,p95,283.00
35,1780553173323170560,1780553174323170560,Output Token Count,tokens,p99,283.00
35,1780553173323170560,1780553174323170560,Output Token Count,tokens,std,0.00
35,1780553173323170560,1780553174323170560,Output Token Throughput,tokens/sec,avg,283.00
35,1780553173323170560,1780553174323170560,Output Token Throughput Per User,tokens/sec/user,avg,11.34
35,1780553173323170560,1780553174323170560,Output Token Throughput Per User,tokens/sec/user,min,11.34
35,1780553173323170560,1780553174323170560,Output Token Throughput Per User,tokens/sec/user,max,11.34
35,1780553173323170560,1780553174323170560,Output Token Throughput Per User,tokens/sec/user,sum,11.34
35,1780553173323170560,1780553174323170560,Output Token Throughput Per User,tokens/sec/user,p1,11.34
35,1780553173323170560,1780553174323170560,Output Token Throughput Per User,tokens/sec/user,p5,11.34
35,1780553173323170560,1780553174323170560,Output Token Throughput Per User,tokens/sec/user,p10,11.34
35,1780553173323170560,1780553174323170560,Output Token Throughput Per User,tokens/sec/user,p25,11.34
35,1780553173323170560,1780553174323170560,Output Token Throughput Per User,tokens/sec/user,p50,11.34
35,1780553173323170560,1780553174323170560,Output Token Throughput Per User,tokens/sec/user,p75,11.34
35,1780553173323170560,1780553174323170560,Output Token Throughput Per User,tokens/sec/user,p90,11.34
35,1780553173323170560,1780553174323170560,Output Token Throughput Per User,tokens/sec/user,p95,11.34
35,1780553173323170560,1780553174323170560,Output Token Throughput Per User,tokens/sec/user,p99,11.34
35,1780553173323170560,1780553174323170560,Output Token Throughput Per User,tokens/sec/user,std,0.00
35,1780553173323170560,1780553174323170560,Prefill Throughput Per User,tokens/sec/user,avg,2643.23
35,1780553173323170560,1780553174323170560,Prefill Throughput Per User,tokens/sec/user,min,2643.23
35,1780553173323170560,1780553174323170560,Prefill Throughput Per User,tokens/sec/user,max,2643.23
35,1780553173323170560,1780553174323170560,Prefill Throughput Per User,tokens/sec/user,sum,2643.23
35,1780553173323170560,1780553174323170560,Prefill Throughput Per User,tokens/sec/user,p1,2643.23
35,1780553173323170560,1780553174323170560,Prefill Throughput Per User,tokens/sec/user,p5,2643.23
35,1780553173323170560,1780553174323170560,Prefill Throughput Per User,tokens/sec/user,p10,2643.23
35,1780553173323170560,1780553174323170560,Prefill Throughput Per User,tokens/sec/user,p25,2643.23
35,1780553173323170560,1780553174323170560,Prefill Throughput Per User,tokens/sec/user,p50,2643.23
35,1780553173323170560,1780553174323170560,Prefill Throughput Per User,tokens/sec/user,p75,2643.23
35,1780553173323170560,1780553174323170560,Prefill Throughput Per User,tokens/sec/user,p90,2643.23
35,1780553173323170560,1780553174323170560,Prefill Throughput Per User,tokens/sec/user,p95,2643.23
35,1780553173323170560,1780553174323170560,Prefill Throughput Per User,tokens/sec/user,p99,2643.23
35,1780553173323170560,1780553174323170560,Prefill Throughput Per User,tokens/sec/user,std,0.00
35,1780553173323170560,1780553174323170560,Request Count,requests,avg,1.00
35,1780553173323170560,1780553174323170560,Request Latency,ms,avg,62076.26
35,1780553173323170560,1780553174323170560,Request Latency,ms,min,62076.26
35,1780553173323170560,1780553174323170560,Request Latency,ms,max,62076.26
35,1780553173323170560,1780553174323170560,Request Latency,ms,sum,62076.26
35,1780553173323170560,1780553174323170560,Request Latency,ms,p1,62076.26
35,1780553173323170560,1780553174323170560,Request Latency,ms,p5,62076.26
35,1780553173323170560,1780553174323170560,Request Latency,ms,p10,62076.26
35,1780553173323170560,1780553174323170560,Request Latency,ms,p25,62076.26
35,1780553173323170560,1780553174323170560,Request Latency,ms,p50,62076.26
35,1780553173323170560,1780553174323170560,Request Latency,ms,p75,62076.26
35,1780553173323170560,1780553174323170560,Request Latency,ms,p90,62076.26
35,1780553173323170560,1780553174323170560,Request Latency,ms,p95,62076.26
35,1780553173323170560,1780553174323170560,Request Latency,ms,p99,62076.26
35,1780553173323170560,1780553174323170560,Request Latency,ms,std,0.00
35,1780553173323170560,1780553174323170560,Request Throughput,requests/sec,avg,1.00
35,1780553173323170560,1780553174323170560,Requested OSL,tokens,avg,283.00
35,1780553173323170560,1780553174323170560,Requested OSL,tokens,min,283.00
35,1780553173323170560,1780553174323170560,Requested OSL,tokens,max,283.00
35,1780553173323170560,1780553174323170560,Requested OSL,tokens,sum,283.00
35,1780553173323170560,1780553174323170560,Requested OSL,tokens,p1,283.00
35,1780553173323170560,1780553174323170560,Requested OSL,tokens,p5,283.00
35,1780553173323170560,1780553174323170560,Requested OSL,tokens,p10,283.00
35,1780553173323170560,1780553174323170560,Requested OSL,tokens,p25,283.00
35,1780553173323170560,1780553174323170560,Requested OSL,tokens,p50,283.00
35,1780553173323170560,1780553174323170560,Requested OSL,tokens,p75,283.00
35,1780553173323170560,1780553174323170560,Requested OSL,tokens,p90,283.00
35,1780553173323170560,1780553174323170560,Requested OSL,tokens,p95,283.00
35,1780553173323170560,1780553174323170560,Requested OSL,tokens,p99,283.00
35,1780553173323170560,1780553174323170560,Requested OSL,tokens,std,0.00
35,1780553173323170560,1780553174323170560,Time to First Output Token,ms,avg,37197.63
35,1780553173323170560,1780553174323170560,Time to First Output Token,ms,min,37197.63
35,1780553173323170560,1780553174323170560,Time to First Output Token,ms,max,37197.63
35,1780553173323170560,1780553174323170560,Time to First Output Token,ms,sum,37197.63
35,1780553173323170560,1780553174323170560,Time to First Output Token,ms,p1,37197.63
35,1780553173323170560,1780553174323170560,Time to First Output Token,ms,p5,37197.63
35,1780553173323170560,1780553174323170560,Time to First Output Token,ms,p10,37197.63
35,1780553173323170560,1780553174323170560,Time to First Output Token,ms,p25,37197.63
35,1780553173323170560,1780553174323170560,Time to First Output Token,ms,p50,37197.63
35,1780553173323170560,1780553174323170560,Time to First Output Token,ms,p75,37197.63
35,1780553173323170560,1780553174323170560,Time to First Output Token,ms,p90,37197.63
35,1780553173323170560,1780553174323170560,Time to First Output Token,ms,p95,37197.63
35,1780553173323170560,1780553174323170560,Time to First Output Token,ms,p99,37197.63
35,1780553173323170560,1780553174323170560,Time to First Output Token,ms,std,0.00
35,1780553173323170560,1780553174323170560,Time to First Token,ms,avg,37197.63
35,1780553173323170560,1780553174323170560,Time to First Token,ms,min,37197.63
35,1780553173323170560,1780553174323170560,Time to First Token,ms,max,37197.63
35,1780553173323170560,1780553174323170560,Time to First Token,ms,sum,37197.63
35,1780553173323170560,1780553174323170560,Time to First Token,ms,p1,37197.63
35,1780553173323170560,1780553174323170560,Time to First Token,ms,p5,37197.63
35,1780553173323170560,1780553174323170560,Time to First Token,ms,p10,37197.63
35,1780553173323170560,1780553174323170560,Time to First Token,ms,p25,37197.63
35,1780553173323170560,1780553174323170560,Time to First Token,ms,p50,37197.63
35,1780553173323170560,1780553174323170560,Time to First Token,ms,p75,37197.63
35,1780553173323170560,1780553174323170560,Time to First Token,ms,p90,37197.63
35,1780553173323170560,1780553174323170560,Time to First Token,ms,p95,37197.63
35,1780553173323170560,1780553174323170560,Time to First Token,ms,p99,37197.63
35,1780553173323170560,1780553174323170560,Time to First Token,ms,std,0.00
35,1780553173323170560,1780553174323170560,Time to Second Token,ms,avg,0.59
35,1780553173323170560,1780553174323170560,Time to Second Token,ms,min,0.59
35,1780553173323170560,1780553174323170560,Time to Second Token,ms,max,0.59
35,1780553173323170560,1780553174323170560,Time to Second Token,ms,sum,0.59
35,1780553173323170560,1780553174323170560,Time to Second Token,ms,p1,0.59
35,1780553173323170560,1780553174323170560,Time to Second Token,ms,p5,0.59
35,1780553173323170560,1780553174323170560,Time to Second Token,ms,p10,0.59
35,1780553173323170560,1780553174323170560,Time to Second Token,ms,p25,0.59
35,1780553173323170560,1780553174323170560,Time to Second Token,ms,p50,0.59
35,1780553173323170560,1780553174323170560,Time to Second Token,ms,p75,0.59
35,1780553173323170560,1780553174323170560,Time to Second Token,ms,p90,0.59
35,1780553173323170560,1780553174323170560,Time to Second Token,ms,p95,0.59
35,1780553173323170560,1780553174323170560,Time to Second Token,ms,p99,0.59
35,1780553173323170560,1780553174323170560,Time to Second Token,ms,std,0.00
35,1780553173323170560,1780553174323170560,Tokens In Flight,tokens,avg,1410546.17
35,1780553173323170560,1780553174323170560,Tokens In Flight,tokens,min,1405116.81
35,1780553173323170560,1780553174323170560,Tokens In Flight,tokens,max,1503511.87
35,1780553173323170560,1780553174323170560,Tokens In Flight,tokens,p50,1405153.10
35,1780553173323170560,1780553174323170560,Tokens In Flight,tokens,p90,1405181.66
35,1780553173323170560,1780553174323170560,Tokens In Flight,tokens,p95,1503508.42
35,1780553173323170560,1780553174323170560,Tokens In Flight,tokens,p99,1503511.87
35,1780553173323170560,1780553174323170560,Tokens In Flight,tokens,std,22394.60
35,1780553173323170560,1780553174323170560,Total Input Sequence Length,tokens,avg,98322.00
35,1780553173323170560,1780553174323170560,Total Output Sequence Length,tokens,avg,283.00
35,1780553173323170560,1780553174323170560,Total Output Tokens,tokens,avg,283.00
35,1780553173323170560,1780553174323170560,Total Token Throughput,tokens/sec,avg,98605.00
35,1780553173323170560,1780553174323170560,Total Usage Completion Tokens,tokens,avg,283.00
35,1780553173323170560,1780553174323170560,Total Usage Prompt Tokens,tokens,avg,98322.00
35,1780553173323170560,1780553174323170560,Total Usage Total Tokens,tokens,avg,98605.00
35,1780553173323170560,1780553174323170560,Usage Completion Tokens,tokens,avg,283.00
35,1780553173323170560,1780553174323170560,Usage Completion Tokens,tokens,min,283.00
35,1780553173323170560,1780553174323170560,Usage Completion Tokens,tokens,max,283.00
35,1780553173323170560,1780553174323170560,Usage Completion Tokens,tokens,sum,283.00
35,1780553173323170560,1780553174323170560,Usage Completion Tokens,tokens,p1,283.00
35,1780553173323170560,1780553174323170560,Usage Completion Tokens,tokens,p5,283.00
35,1780553173323170560,1780553174323170560,Usage Completion Tokens,tokens,p10,283.00
35,1780553173323170560,1780553174323170560,Usage Completion Tokens,tokens,p25,283.00
35,1780553173323170560,1780553174323170560,Usage Completion Tokens,tokens,p50,283.00
35,1780553173323170560,1780553174323170560,Usage Completion Tokens,tokens,p75,283.00
35,1780553173323170560,1780553174323170560,Usage Completion Tokens,tokens,p90,283.00
35,1780553173323170560,1780553174323170560,Usage Completion Tokens,tokens,p95,283.00
35,1780553173323170560,1780553174323170560,Usage Completion Tokens,tokens,p99,283.00
35,1780553173323170560,1780553174323170560,Usage Completion Tokens,tokens,std,0.00
35,1780553173323170560,1780553174323170560,Usage Prompt Tokens,tokens,avg,98322.00
35,1780553173323170560,1780553174323170560,Usage Prompt Tokens,tokens,min,98322.00
35,1780553173323170560,1780553174323170560,Usage Prompt Tokens,tokens,max,98322.00
35,1780553173323170560,1780553174323170560,Usage Prompt Tokens,tokens,sum,98322.00
35,1780553173323170560,1780553174323170560,Usage Prompt Tokens,tokens,p1,98322.00
35,1780553173323170560,1780553174323170560,Usage Prompt Tokens,tokens,p5,98322.00
35,1780553173323170560,1780553174323170560,Usage Prompt Tokens,tokens,p10,98322.00
35,1780553173323170560,1780553174323170560,Usage Prompt Tokens,tokens,p25,98322.00
35,1780553173323170560,1780553174323170560,Usage Prompt Tokens,tokens,p50,98322.00
35,1780553173323170560,1780553174323170560,Usage Prompt Tokens,tokens,p75,98322.00
35,1780553173323170560,1780553174323170560,Usage Prompt Tokens,tokens,p90,98322.00
35,1780553173323170560,1780553174323170560,Usage Prompt Tokens,tokens,p95,98322.00
35,1780553173323170560,1780553174323170560,Usage Prompt Tokens,tokens,p99,98322.00
35,1780553173323170560,1780553174323170560,Usage Prompt Tokens,tokens,std,0.00
35,1780553173323170560,1780553174323170560,Usage Total Tokens,tokens,avg,98605.00
35,1780553173323170560,1780553174323170560,Usage Total Tokens,tokens,min,98605.00
35,1780553173323170560,1780553174323170560,Usage Total Tokens,tokens,max,98605.00
35,1780553173323170560,1780553174323170560,Usage Total Tokens,tokens,sum,98605.00
35,1780553173323170560,1780553174323170560,Usage Total Tokens,tokens,p1,98605.00
35,1780553173323170560,1780553174323170560,Usage Total Tokens,tokens,p5,98605.00
35,1780553173323170560,1780553174323170560,Usage Total Tokens,tokens,p10,98605.00
35,1780553173323170560,1780553174323170560,Usage Total Tokens,tokens,p25,98605.00
35,1780553173323170560,1780553174323170560,Usage Total Tokens,tokens,p50,98605.00
35,1780553173323170560,1780553174323170560,Usage Total Tokens,tokens,p75,98605.00
35,1780553173323170560,1780553174323170560,Usage Total Tokens,tokens,p90,98605.00
35,1780553173323170560,1780553174323170560,Usage Total Tokens,tokens,p95,98605.00
35,1780553173323170560,1780553174323170560,Usage Total Tokens,tokens,p99,98605.00
35,1780553173323170560,1780553174323170560,Usage Total Tokens,tokens,std,0.00
36,1780553175323170560,1780553176323170560,Active Decode Throughput,tokens/sec,avg,67.12
36,1780553175323170560,1780553176323170560,Active Decode Throughput,tokens/sec,min,25.76
36,1780553175323170560,1780553176323170560,Active Decode Throughput,tokens/sec,max,99.55
36,1780553175323170560,1780553176323170560,Active Decode Throughput,tokens/sec,p50,72.84
36,1780553175323170560,1780553176323170560,Active Decode Throughput,tokens/sec,p90,72.84
36,1780553175323170560,1780553176323170560,Active Decode Throughput,tokens/sec,p95,72.84
36,1780553175323170560,1780553176323170560,Active Decode Throughput,tokens/sec,p99,72.84
36,1780553175323170560,1780553176323170560,Active Decode Throughput,tokens/sec,std,10.96
36,1780553175323170560,1780553176323170560,Active Decode Throughput Per User,tokens/sec/user,avg,6.71
36,1780553175323170560,1780553176323170560,Active Decode Throughput Per User,tokens/sec/user,min,2.58
36,1780553175323170560,1780553176323170560,Active Decode Throughput Per User,tokens/sec/user,max,9.95
36,1780553175323170560,1780553176323170560,Active Decode Throughput Per User,tokens/sec/user,p50,7.28
36,1780553175323170560,1780553176323170560,Active Decode Throughput Per User,tokens/sec/user,p90,7.28
36,1780553175323170560,1780553176323170560,Active Decode Throughput Per User,tokens/sec/user,p95,7.28
36,1780553175323170560,1780553176323170560,Active Decode Throughput Per User,tokens/sec/user,p99,7.28
36,1780553175323170560,1780553176323170560,Active Decode Throughput Per User,tokens/sec/user,std,1.10
36,1780553175323170560,1780553176323170560,Active Prefill Throughput,tokens/sec,avg,9794.91
36,1780553175323170560,1780553176323170560,Active Prefill Throughput,tokens/sec,min,8989.13
36,1780553175323170560,1780553176323170560,Active Prefill Throughput,tokens/sec,max,10851.39
36,1780553175323170560,1780553176323170560,Active Prefill Throughput,tokens/sec,p50,8989.13
36,1780553175323170560,1780553176323170560,Active Prefill Throughput,tokens/sec,p90,10851.39
36,1780553175323170560,1780553176323170560,Active Prefill Throughput,tokens/sec,p95,10851.39
36,1780553175323170560,1780553176323170560,Active Prefill Throughput,tokens/sec,p99,10851.39
36,1780553175323170560,1780553176323170560,Active Prefill Throughput,tokens/sec,std,922.65
36,1780553175323170560,1780553176323170560,Active Prefill Throughput Per User,tokens/sec/user,avg,2213.96
36,1780553175323170560,1780553176323170560,Active Prefill Throughput Per User,tokens/sec/user,min,2170.28
36,1780553175323170560,1780553176323170560,Active Prefill Throughput Per User,tokens/sec/user,max,2247.28
36,1780553175323170560,1780553176323170560,Active Prefill Throughput Per User,tokens/sec/user,p50,2247.28
36,1780553175323170560,1780553176323170560,Active Prefill Throughput Per User,tokens/sec/user,p90,2247.28
36,1780553175323170560,1780553176323170560,Active Prefill Throughput Per User,tokens/sec/user,p95,2247.28
36,1780553175323170560,1780553176323170560,Active Prefill Throughput Per User,tokens/sec/user,p99,2247.28
36,1780553175323170560,1780553176323170560,Active Prefill Throughput Per User,tokens/sec/user,std,38.15
36,1780553175323170560,1780553176323170560,Active Total Throughput,tokens/sec,avg,9853.37
36,1780553175323170560,1780553176323170560,Active Total Throughput,tokens/sec,min,9047.59
36,1780553175323170560,1780553176323170560,Active Total Throughput,tokens/sec,max,10909.85
36,1780553175323170560,1780553176323170560,Active Total Throughput,tokens/sec,p50,9047.59
36,1780553175323170560,1780553176323170560,Active Total Throughput,tokens/sec,p90,10909.85
36,1780553175323170560,1780553176323170560,Active Total Throughput,tokens/sec,p95,10909.85
36,1780553175323170560,1780553176323170560,Active Total Throughput,tokens/sec,p99,10909.85
36,1780553175323170560,1780553176323170560,Active Total Throughput,tokens/sec,std,922.65
36,1780553175323170560,1780553176323170560,Benchmark Duration,sec,avg,342.23
36,1780553175323170560,1780553176323170560,E2E Output Token Throughput,tokens/sec/user,avg,5.95
36,1780553175323170560,1780553176323170560,E2E Output Token Throughput,tokens/sec/user,min,5.95
36,1780553175323170560,1780553176323170560,E2E Output Token Throughput,tokens/sec/user,max,5.95
36,1780553175323170560,1780553176323170560,E2E Output Token Throughput,tokens/sec/user,sum,5.95
36,1780553175323170560,1780553176323170560,E2E Output Token Throughput,tokens/sec/user,p1,5.95
36,1780553175323170560,1780553176323170560,E2E Output Token Throughput,tokens/sec/user,p5,5.95
36,1780553175323170560,1780553176323170560,E2E Output Token Throughput,tokens/sec/user,p10,5.95
36,1780553175323170560,1780553176323170560,E2E Output Token Throughput,tokens/sec/user,p25,5.95
36,1780553175323170560,1780553176323170560,E2E Output Token Throughput,tokens/sec/user,p50,5.95
36,1780553175323170560,1780553176323170560,E2E Output Token Throughput,tokens/sec/user,p75,5.95
36,1780553175323170560,1780553176323170560,E2E Output Token Throughput,tokens/sec/user,p90,5.95
36,1780553175323170560,1780553176323170560,E2E Output Token Throughput,tokens/sec/user,p95,5.95
36,1780553175323170560,1780553176323170560,E2E Output Token Throughput,tokens/sec/user,p99,5.95
36,1780553175323170560,1780553176323170560,E2E Output Token Throughput,tokens/sec/user,std,0.00
36,1780553175323170560,1780553176323170560,Effective Concurrency,requests,avg,14.43
36,1780553175323170560,1780553176323170560,Effective Concurrency,requests,min,14.00
36,1780553175323170560,1780553176323170560,Effective Concurrency,requests,max,15.00
36,1780553175323170560,1780553176323170560,Effective Concurrency,requests,p50,14.00
36,1780553175323170560,1780553176323170560,Effective Concurrency,requests,p90,15.00
36,1780553175323170560,1780553176323170560,Effective Concurrency,requests,p95,15.00
36,1780553175323170560,1780553176323170560,Effective Concurrency,requests,p99,15.00
36,1780553175323170560,1780553176323170560,Effective Concurrency,requests,std,0.50
36,1780553175323170560,1780553176323170560,Effective Decode Concurrency,requests,avg,10.00
36,1780553175323170560,1780553176323170560,Effective Decode Concurrency,requests,min,10.00
36,1780553175323170560,1780553176323170560,Effective Decode Concurrency,requests,max,10.00
36,1780553175323170560,1780553176323170560,Effective Decode Concurrency,requests,p50,10.00
36,1780553175323170560,1780553176323170560,Effective Decode Concurrency,requests,p90,10.00
36,1780553175323170560,1780553176323170560,Effective Decode Concurrency,requests,p95,10.00
36,1780553175323170560,1780553176323170560,Effective Decode Concurrency,requests,p99,10.00
36,1780553175323170560,1780553176323170560,Effective Decode Concurrency,requests,std,0.00
36,1780553175323170560,1780553176323170560,Effective Decode Throughput,tokens/sec,avg,67.12
36,1780553175323170560,1780553176323170560,Effective Decode Throughput,tokens/sec,min,25.76
36,1780553175323170560,1780553176323170560,Effective Decode Throughput,tokens/sec,max,99.55
36,1780553175323170560,1780553176323170560,Effective Decode Throughput,tokens/sec,p50,72.84
36,1780553175323170560,1780553176323170560,Effective Decode Throughput,tokens/sec,p90,72.84
36,1780553175323170560,1780553176323170560,Effective Decode Throughput,tokens/sec,p95,72.84
36,1780553175323170560,1780553176323170560,Effective Decode Throughput,tokens/sec,p99,72.84
36,1780553175323170560,1780553176323170560,Effective Decode Throughput,tokens/sec,std,10.96
36,1780553175323170560,1780553176323170560,Effective Decode Throughput Per User,tokens/sec/user,avg,6.71
36,1780553175323170560,1780553176323170560,Effective Decode Throughput Per User,tokens/sec/user,min,2.58
36,1780553175323170560,1780553176323170560,Effective Decode Throughput Per User,tokens/sec/user,max,9.95
36,1780553175323170560,1780553176323170560,Effective Decode Throughput Per User,tokens/sec/user,p50,7.28
36,1780553175323170560,1780553176323170560,Effective Decode Throughput Per User,tokens/sec/user,p90,7.28
36,1780553175323170560,1780553176323170560,Effective Decode Throughput Per User,tokens/sec/user,p95,7.28
36,1780553175323170560,1780553176323170560,Effective Decode Throughput Per User,tokens/sec/user,p99,7.28
36,1780553175323170560,1780553176323170560,Effective Decode Throughput Per User,tokens/sec/user,std,1.10
36,1780553175323170560,1780553176323170560,Effective Prefill Concurrency,requests,avg,4.43
36,1780553175323170560,1780553176323170560,Effective Prefill Concurrency,requests,min,4.00
36,1780553175323170560,1780553176323170560,Effective Prefill Concurrency,requests,max,5.00
36,1780553175323170560,1780553176323170560,Effective Prefill Concurrency,requests,p50,4.00
36,1780553175323170560,1780553176323170560,Effective Prefill Concurrency,requests,p90,5.00
36,1780553175323170560,1780553176323170560,Effective Prefill Concurrency,requests,p95,5.00
36,1780553175323170560,1780553176323170560,Effective Prefill Concurrency,requests,p99,5.00
36,1780553175323170560,1780553176323170560,Effective Prefill Concurrency,requests,std,0.50
36,1780553175323170560,1780553176323170560,Effective Prefill Throughput,tokens/sec,avg,9794.91
36,1780553175323170560,1780553176323170560,Effective Prefill Throughput,tokens/sec,min,8989.13
36,1780553175323170560,1780553176323170560,Effective Prefill Throughput,tokens/sec,max,10851.39
36,1780553175323170560,1780553176323170560,Effective Prefill Throughput,tokens/sec,p50,8989.13
36,1780553175323170560,1780553176323170560,Effective Prefill Throughput,tokens/sec,p90,10851.39
36,1780553175323170560,1780553176323170560,Effective Prefill Throughput,tokens/sec,p95,10851.39
36,1780553175323170560,1780553176323170560,Effective Prefill Throughput,tokens/sec,p99,10851.39
36,1780553175323170560,1780553176323170560,Effective Prefill Throughput,tokens/sec,std,922.65
36,1780553175323170560,1780553176323170560,Effective Prefill Throughput Per User,tokens/sec/user,avg,2213.96
36,1780553175323170560,1780553176323170560,Effective Prefill Throughput Per User,tokens/sec/user,min,2170.28
36,1780553175323170560,1780553176323170560,Effective Prefill Throughput Per User,tokens/sec/user,max,2247.28
36,1780553175323170560,1780553176323170560,Effective Prefill Throughput Per User,tokens/sec/user,p50,2247.28
36,1780553175323170560,1780553176323170560,Effective Prefill Throughput Per User,tokens/sec/user,p90,2247.28
36,1780553175323170560,1780553176323170560,Effective Prefill Throughput Per User,tokens/sec/user,p95,2247.28
36,1780553175323170560,1780553176323170560,Effective Prefill Throughput Per User,tokens/sec/user,p99,2247.28
36,1780553175323170560,1780553176323170560,Effective Prefill Throughput Per User,tokens/sec/user,std,38.15
36,1780553175323170560,1780553176323170560,Effective Total Throughput,tokens/sec,avg,9853.37
36,1780553175323170560,1780553176323170560,Effective Total Throughput,tokens/sec,min,9047.59
36,1780553175323170560,1780553176323170560,Effective Total Throughput,tokens/sec,max,10909.85
36,1780553175323170560,1780553176323170560,Effective Total Throughput,tokens/sec,p50,9047.59
36,1780553175323170560,1780553176323170560,Effective Total Throughput,tokens/sec,p90,10909.85
36,1780553175323170560,1780553176323170560,Effective Total Throughput,tokens/sec,p95,10909.85
36,1780553175323170560,1780553176323170560,Effective Total Throughput,tokens/sec,p99,10909.85
36,1780553175323170560,1780553176323170560,Effective Total Throughput,tokens/sec,std,922.65
36,1780553175323170560,1780553176323170560,HTTP Blocked,ms,avg,0.00
36,1780553175323170560,1780553176323170560,HTTP Blocked,ms,min,0.00
36,1780553175323170560,1780553176323170560,HTTP Blocked,ms,max,0.00
36,1780553175323170560,1780553176323170560,HTTP Blocked,ms,sum,0.00
36,1780553175323170560,1780553176323170560,HTTP Blocked,ms,p1,0.00
36,1780553175323170560,1780553176323170560,HTTP Blocked,ms,p5,0.00
36,1780553175323170560,1780553176323170560,HTTP Blocked,ms,p10,0.00
36,1780553175323170560,1780553176323170560,HTTP Blocked,ms,p25,0.00
36,1780553175323170560,1780553176323170560,HTTP Blocked,ms,p50,0.00
36,1780553175323170560,1780553176323170560,HTTP Blocked,ms,p75,0.00
36,1780553175323170560,1780553176323170560,HTTP Blocked,ms,p90,0.00
36,1780553175323170560,1780553176323170560,HTTP Blocked,ms,p95,0.00
36,1780553175323170560,1780553176323170560,HTTP Blocked,ms,p99,0.00
36,1780553175323170560,1780553176323170560,HTTP Blocked,ms,std,0.00
36,1780553175323170560,1780553176323170560,HTTP Chunks Received,count,avg,2036.00
36,1780553175323170560,1780553176323170560,HTTP Chunks Received,count,min,2036.00
36,1780553175323170560,1780553176323170560,HTTP Chunks Received,count,max,2036.00
36,1780553175323170560,1780553176323170560,HTTP Chunks Received,count,sum,2036.00
36,1780553175323170560,1780553176323170560,HTTP Chunks Received,count,p1,2036.00
36,1780553175323170560,1780553176323170560,HTTP Chunks Received,count,p5,2036.00
36,1780553175323170560,1780553176323170560,HTTP Chunks Received,count,p10,2036.00
36,1780553175323170560,1780553176323170560,HTTP Chunks Received,count,p25,2036.00
36,1780553175323170560,1780553176323170560,HTTP Chunks Received,count,p50,2036.00
36,1780553175323170560,1780553176323170560,HTTP Chunks Received,count,p75,2036.00
36,1780553175323170560,1780553176323170560,HTTP Chunks Received,count,p90,2036.00
36,1780553175323170560,1780553176323170560,HTTP Chunks Received,count,p95,2036.00
36,1780553175323170560,1780553176323170560,HTTP Chunks Received,count,p99,2036.00
36,1780553175323170560,1780553176323170560,HTTP Chunks Received,count,std,0.00
36,1780553175323170560,1780553176323170560,HTTP Chunks Sent,count,avg,1.00
36,1780553175323170560,1780553176323170560,HTTP Chunks Sent,count,min,1.00
36,1780553175323170560,1780553176323170560,HTTP Chunks Sent,count,max,1.00
36,1780553175323170560,1780553176323170560,HTTP Chunks Sent,count,sum,1.00
36,1780553175323170560,1780553176323170560,HTTP Chunks Sent,count,p1,1.00
36,1780553175323170560,1780553176323170560,HTTP Chunks Sent,count,p5,1.00
36,1780553175323170560,1780553176323170560,HTTP Chunks Sent,count,p10,1.00
36,1780553175323170560,1780553176323170560,HTTP Chunks Sent,count,p25,1.00
36,1780553175323170560,1780553176323170560,HTTP Chunks Sent,count,p50,1.00
36,1780553175323170560,1780553176323170560,HTTP Chunks Sent,count,p75,1.00
36,1780553175323170560,1780553176323170560,HTTP Chunks Sent,count,p90,1.00
36,1780553175323170560,1780553176323170560,HTTP Chunks Sent,count,p95,1.00
36,1780553175323170560,1780553176323170560,HTTP Chunks Sent,count,p99,1.00
36,1780553175323170560,1780553176323170560,HTTP Chunks Sent,count,std,0.00
36,1780553175323170560,1780553176323170560,HTTP Connecting,ms,avg,1.27
36,1780553175323170560,1780553176323170560,HTTP Connecting,ms,min,1.27
36,1780553175323170560,1780553176323170560,HTTP Connecting,ms,max,1.27
36,1780553175323170560,1780553176323170560,HTTP Connecting,ms,sum,1.27
36,1780553175323170560,1780553176323170560,HTTP Connecting,ms,p1,1.27
36,1780553175323170560,1780553176323170560,HTTP Connecting,ms,p5,1.27
36,1780553175323170560,1780553176323170560,HTTP Connecting,ms,p10,1.27
36,1780553175323170560,1780553176323170560,HTTP Connecting,ms,p25,1.27
36,1780553175323170560,1780553176323170560,HTTP Connecting,ms,p50,1.27
36,1780553175323170560,1780553176323170560,HTTP Connecting,ms,p75,1.27
36,1780553175323170560,1780553176323170560,HTTP Connecting,ms,p90,1.27
36,1780553175323170560,1780553176323170560,HTTP Connecting,ms,p95,1.27
36,1780553175323170560,1780553176323170560,HTTP Connecting,ms,p99,1.27
36,1780553175323170560,1780553176323170560,HTTP Connecting,ms,std,0.00
36,1780553175323170560,1780553176323170560,HTTP Connection Overhead,ms,avg,1.87
36,1780553175323170560,1780553176323170560,HTTP Connection Overhead,ms,min,1.87
36,1780553175323170560,1780553176323170560,HTTP Connection Overhead,ms,max,1.87
36,1780553175323170560,1780553176323170560,HTTP Connection Overhead,ms,sum,1.87
36,1780553175323170560,1780553176323170560,HTTP Connection Overhead,ms,p1,1.87
36,1780553175323170560,1780553176323170560,HTTP Connection Overhead,ms,p5,1.87
36,1780553175323170560,1780553176323170560,HTTP Connection Overhead,ms,p10,1.87
36,1780553175323170560,1780553176323170560,HTTP Connection Overhead,ms,p25,1.87
36,1780553175323170560,1780553176323170560,HTTP Connection Overhead,ms,p50,1.87
36,1780553175323170560,1780553176323170560,HTTP Connection Overhead,ms,p75,1.87
36,1780553175323170560,1780553176323170560,HTTP Connection Overhead,ms,p90,1.87
36,1780553175323170560,1780553176323170560,HTTP Connection Overhead,ms,p95,1.87
36,1780553175323170560,1780553176323170560,HTTP Connection Overhead,ms,p99,1.87
36,1780553175323170560,1780553176323170560,HTTP Connection Overhead,ms,std,0.00
36,1780553175323170560,1780553176323170560,HTTP Connection Reused,ratio,avg,0.00
36,1780553175323170560,1780553176323170560,HTTP Connection Reused,ratio,min,0.00
36,1780553175323170560,1780553176323170560,HTTP Connection Reused,ratio,max,0.00
36,1780553175323170560,1780553176323170560,HTTP Connection Reused,ratio,sum,0.00
36,1780553175323170560,1780553176323170560,HTTP Connection Reused,ratio,p1,0.00
36,1780553175323170560,1780553176323170560,HTTP Connection Reused,ratio,p5,0.00
36,1780553175323170560,1780553176323170560,HTTP Connection Reused,ratio,p10,0.00
36,1780553175323170560,1780553176323170560,HTTP Connection Reused,ratio,p25,0.00
36,1780553175323170560,1780553176323170560,HTTP Connection Reused,ratio,p50,0.00
36,1780553175323170560,1780553176323170560,HTTP Connection Reused,ratio,p75,0.00
36,1780553175323170560,1780553176323170560,HTTP Connection Reused,ratio,p90,0.00
36,1780553175323170560,1780553176323170560,HTTP Connection Reused,ratio,p95,0.00
36,1780553175323170560,1780553176323170560,HTTP Connection Reused,ratio,p99,0.00
36,1780553175323170560,1780553176323170560,HTTP Connection Reused,ratio,std,0.00
36,1780553175323170560,1780553176323170560,HTTP Data Received,KB,avg,503.36
36,1780553175323170560,1780553176323170560,HTTP Data Received,KB,min,503.36
36,1780553175323170560,1780553176323170560,HTTP Data Received,KB,max,503.36
36,1780553175323170560,1780553176323170560,HTTP Data Received,KB,sum,503.36
36,1780553175323170560,1780553176323170560,HTTP Data Received,KB,p1,503.36
36,1780553175323170560,1780553176323170560,HTTP Data Received,KB,p5,503.36
36,1780553175323170560,1780553176323170560,HTTP Data Received,KB,p10,503.36
36,1780553175323170560,1780553176323170560,HTTP Data Received,KB,p25,503.36
36,1780553175323170560,1780553176323170560,HTTP Data Received,KB,p50,503.36
36,1780553175323170560,1780553176323170560,HTTP Data Received,KB,p75,503.36
36,1780553175323170560,1780553176323170560,HTTP Data Received,KB,p90,503.36
36,1780553175323170560,1780553176323170560,HTTP Data Received,KB,p95,503.36
36,1780553175323170560,1780553176323170560,HTTP Data Received,KB,p99,503.36
36,1780553175323170560,1780553176323170560,HTTP Data Received,KB,std,0.00
36,1780553175323170560,1780553176323170560,HTTP Data Sent,KB,avg,353.04
36,1780553175323170560,1780553176323170560,HTTP Data Sent,KB,min,353.04
36,1780553175323170560,1780553176323170560,HTTP Data Sent,KB,max,353.04
36,1780553175323170560,1780553176323170560,HTTP Data Sent,KB,sum,353.04
36,1780553175323170560,1780553176323170560,HTTP Data Sent,KB,p1,353.04
36,1780553175323170560,1780553176323170560,HTTP Data Sent,KB,p5,353.04
36,1780553175323170560,1780553176323170560,HTTP Data Sent,KB,p10,353.04
36,1780553175323170560,1780553176323170560,HTTP Data Sent,KB,p25,353.04
36,1780553175323170560,1780553176323170560,HTTP Data Sent,KB,p50,353.04
36,1780553175323170560,1780553176323170560,HTTP Data Sent,KB,p75,353.04
36,1780553175323170560,1780553176323170560,HTTP Data Sent,KB,p90,353.04
36,1780553175323170560,1780553176323170560,HTTP Data Sent,KB,p95,353.04
36,1780553175323170560,1780553176323170560,HTTP Data Sent,KB,p99,353.04
36,1780553175323170560,1780553176323170560,HTTP Data Sent,KB,std,0.00
36,1780553175323170560,1780553176323170560,HTTP DNS Lookup,ms,avg,0.60
36,1780553175323170560,1780553176323170560,HTTP DNS Lookup,ms,min,0.60
36,1780553175323170560,1780553176323170560,HTTP DNS Lookup,ms,max,0.60
36,1780553175323170560,1780553176323170560,HTTP DNS Lookup,ms,sum,0.60
36,1780553175323170560,1780553176323170560,HTTP DNS Lookup,ms,p1,0.60
36,1780553175323170560,1780553176323170560,HTTP DNS Lookup,ms,p5,0.60
36,1780553175323170560,1780553176323170560,HTTP DNS Lookup,ms,p10,0.60
36,1780553175323170560,1780553176323170560,HTTP DNS Lookup,ms,p25,0.60
36,1780553175323170560,1780553176323170560,HTTP DNS Lookup,ms,p50,0.60
36,1780553175323170560,1780553176323170560,HTTP DNS Lookup,ms,p75,0.60
36,1780553175323170560,1780553176323170560,HTTP DNS Lookup,ms,p90,0.60
36,1780553175323170560,1780553176323170560,HTTP DNS Lookup,ms,p95,0.60
36,1780553175323170560,1780553176323170560,HTTP DNS Lookup,ms,p99,0.60
36,1780553175323170560,1780553176323170560,HTTP DNS Lookup,ms,std,0.00
36,1780553175323170560,1780553176323170560,HTTP Duration (excl. conn),ms,avg,342232.66
36,1780553175323170560,1780553176323170560,HTTP Duration (excl. conn),ms,min,342232.66
36,1780553175323170560,1780553176323170560,HTTP Duration (excl. conn),ms,max,342232.66
36,1780553175323170560,1780553176323170560,HTTP Duration (excl. conn),ms,sum,342232.66
36,1780553175323170560,1780553176323170560,HTTP Duration (excl. conn),ms,p1,342232.66
36,1780553175323170560,1780553176323170560,HTTP Duration (excl. conn),ms,p5,342232.66
36,1780553175323170560,1780553176323170560,HTTP Duration (excl. conn),ms,p10,342232.66
36,1780553175323170560,1780553176323170560,HTTP Duration (excl. conn),ms,p25,342232.66
36,1780553175323170560,1780553176323170560,HTTP Duration (excl. conn),ms,p50,342232.66
36,1780553175323170560,1780553176323170560,HTTP Duration (excl. conn),ms,p75,342232.66
36,1780553175323170560,1780553176323170560,HTTP Duration (excl. conn),ms,p90,342232.66
36,1780553175323170560,1780553176323170560,HTTP Duration (excl. conn),ms,p95,342232.66
36,1780553175323170560,1780553176323170560,HTTP Duration (excl. conn),ms,p99,342232.66
36,1780553175323170560,1780553176323170560,HTTP Duration (excl. conn),ms,std,0.00
36,1780553175323170560,1780553176323170560,HTTP Receiving,ms,avg,293767.30
36,1780553175323170560,1780553176323170560,HTTP Receiving,ms,min,293767.30
36,1780553175323170560,1780553176323170560,HTTP Receiving,ms,max,293767.30
36,1780553175323170560,1780553176323170560,HTTP Receiving,ms,sum,293767.30
36,1780553175323170560,1780553176323170560,HTTP Receiving,ms,p1,293767.30
36,1780553175323170560,1780553176323170560,HTTP Receiving,ms,p5,293767.30
36,1780553175323170560,1780553176323170560,HTTP Receiving,ms,p10,293767.30
36,1780553175323170560,1780553176323170560,HTTP Receiving,ms,p25,293767.30
36,1780553175323170560,1780553176323170560,HTTP Receiving,ms,p50,293767.30
36,1780553175323170560,1780553176323170560,HTTP Receiving,ms,p75,293767.30
36,1780553175323170560,1780553176323170560,HTTP Receiving,ms,p90,293767.30
36,1780553175323170560,1780553176323170560,HTTP Receiving,ms,p95,293767.30
36,1780553175323170560,1780553176323170560,HTTP Receiving,ms,p99,293767.30
36,1780553175323170560,1780553176323170560,HTTP Receiving,ms,std,0.00
36,1780553175323170560,1780553176323170560,HTTP Sending,ms,avg,1.51
36,1780553175323170560,1780553176323170560,HTTP Sending,ms,min,1.51
36,1780553175323170560,1780553176323170560,HTTP Sending,ms,max,1.51
36,1780553175323170560,1780553176323170560,HTTP Sending,ms,sum,1.51
36,1780553175323170560,1780553176323170560,HTTP Sending,ms,p1,1.51
36,1780553175323170560,1780553176323170560,HTTP Sending,ms,p5,1.51
36,1780553175323170560,1780553176323170560,HTTP Sending,ms,p10,1.51
36,1780553175323170560,1780553176323170560,HTTP Sending,ms,p25,1.51
36,1780553175323170560,1780553176323170560,HTTP Sending,ms,p50,1.51
36,1780553175323170560,1780553176323170560,HTTP Sending,ms,p75,1.51
36,1780553175323170560,1780553176323170560,HTTP Sending,ms,p90,1.51
36,1780553175323170560,1780553176323170560,HTTP Sending,ms,p95,1.51
36,1780553175323170560,1780553176323170560,HTTP Sending,ms,p99,1.51
36,1780553175323170560,1780553176323170560,HTTP Sending,ms,std,0.00
36,1780553175323170560,1780553176323170560,HTTP Total Time,ms,avg,342234.53
36,1780553175323170560,1780553176323170560,HTTP Total Time,ms,min,342234.53
36,1780553175323170560,1780553176323170560,HTTP Total Time,ms,max,342234.53
36,1780553175323170560,1780553176323170560,HTTP Total Time,ms,sum,342234.53
36,1780553175323170560,1780553176323170560,HTTP Total Time,ms,p1,342234.53
36,1780553175323170560,1780553176323170560,HTTP Total Time,ms,p5,342234.53
36,1780553175323170560,1780553176323170560,HTTP Total Time,ms,p10,342234.53
36,1780553175323170560,1780553176323170560,HTTP Total Time,ms,p25,342234.53
36,1780553175323170560,1780553176323170560,HTTP Total Time,ms,p50,342234.53
36,1780553175323170560,1780553176323170560,HTTP Total Time,ms,p75,342234.53
36,1780553175323170560,1780553176323170560,HTTP Total Time,ms,p90,342234.53
36,1780553175323170560,1780553176323170560,HTTP Total Time,ms,p95,342234.53
36,1780553175323170560,1780553176323170560,HTTP Total Time,ms,p99,342234.53
36,1780553175323170560,1780553176323170560,HTTP Total Time,ms,std,0.00
36,1780553175323170560,1780553176323170560,HTTP Waiting (TTFB),ms,avg,48463.85
36,1780553175323170560,1780553176323170560,HTTP Waiting (TTFB),ms,min,48463.85
36,1780553175323170560,1780553176323170560,HTTP Waiting (TTFB),ms,max,48463.85
36,1780553175323170560,1780553176323170560,HTTP Waiting (TTFB),ms,sum,48463.85
36,1780553175323170560,1780553176323170560,HTTP Waiting (TTFB),ms,p1,48463.85
36,1780553175323170560,1780553176323170560,HTTP Waiting (TTFB),ms,p5,48463.85
36,1780553175323170560,1780553176323170560,HTTP Waiting (TTFB),ms,p10,48463.85
36,1780553175323170560,1780553176323170560,HTTP Waiting (TTFB),ms,p25,48463.85
36,1780553175323170560,1780553176323170560,HTTP Waiting (TTFB),ms,p50,48463.85
36,1780553175323170560,1780553176323170560,HTTP Waiting (TTFB),ms,p75,48463.85
36,1780553175323170560,1780553176323170560,HTTP Waiting (TTFB),ms,p90,48463.85
36,1780553175323170560,1780553176323170560,HTTP Waiting (TTFB),ms,p95,48463.85
36,1780553175323170560,1780553176323170560,HTTP Waiting (TTFB),ms,p99,48463.85
36,1780553175323170560,1780553176323170560,HTTP Waiting (TTFB),ms,std,0.00
36,1780553175323170560,1780553176323170560,Input Sequence Length,tokens,avg,90255.00
36,1780553175323170560,1780553176323170560,Input Sequence Length,tokens,min,90255.00
36,1780553175323170560,1780553176323170560,Input Sequence Length,tokens,max,90255.00
36,1780553175323170560,1780553176323170560,Input Sequence Length,tokens,sum,90255.00
36,1780553175323170560,1780553176323170560,Input Sequence Length,tokens,p1,90255.00
36,1780553175323170560,1780553176323170560,Input Sequence Length,tokens,p5,90255.00
36,1780553175323170560,1780553176323170560,Input Sequence Length,tokens,p10,90255.00
36,1780553175323170560,1780553176323170560,Input Sequence Length,tokens,p25,90255.00
36,1780553175323170560,1780553176323170560,Input Sequence Length,tokens,p50,90255.00
36,1780553175323170560,1780553176323170560,Input Sequence Length,tokens,p75,90255.00
36,1780553175323170560,1780553176323170560,Input Sequence Length,tokens,p90,90255.00
36,1780553175323170560,1780553176323170560,Input Sequence Length,tokens,p95,90255.00
36,1780553175323170560,1780553176323170560,Input Sequence Length,tokens,p99,90255.00
36,1780553175323170560,1780553176323170560,Input Sequence Length,tokens,std,0.00
36,1780553175323170560,1780553176323170560,Input Token Throughput,tokens/sec,avg,90255.00
36,1780553175323170560,1780553176323170560,Inter Chunk Latency,ms,avg,65.96
36,1780553175323170560,1780553176323170560,Inter Chunk Latency,ms,min,65.89
36,1780553175323170560,1780553176323170560,Inter Chunk Latency,ms,max,66.03
36,1780553175323170560,1780553176323170560,Inter Chunk Latency,ms,sum,84895.51
36,1780553175323170560,1780553176323170560,Inter Chunk Latency,ms,p1,65.89
36,1780553175323170560,1780553176323170560,Inter Chunk Latency,ms,p5,65.90
36,1780553175323170560,1780553176323170560,Inter Chunk Latency,ms,p10,65.91
36,1780553175323170560,1780553176323170560,Inter Chunk Latency,ms,p25,65.93
36,1780553175323170560,1780553176323170560,Inter Chunk Latency,ms,p50,65.96
36,1780553175323170560,1780553176323170560,Inter Chunk Latency,ms,p75,66.00
36,1780553175323170560,1780553176323170560,Inter Chunk Latency,ms,p90,66.02
36,1780553175323170560,1780553176323170560,Inter Chunk Latency,ms,p95,66.02
36,1780553175323170560,1780553176323170560,Inter Chunk Latency,ms,p99,66.03
36,1780553175323170560,1780553176323170560,Inter Chunk Latency,ms,std,0.04
36,1780553175323170560,1780553176323170560,Inter Token Latency,ms,avg,144.36
36,1780553175323170560,1780553176323170560,Inter Token Latency,ms,min,144.36
36,1780553175323170560,1780553176323170560,Inter Token Latency,ms,max,144.36
36,1780553175323170560,1780553176323170560,Inter Token Latency,ms,sum,144.36
36,1780553175323170560,1780553176323170560,Inter Token Latency,ms,p1,144.36
36,1780553175323170560,1780553176323170560,Inter Token Latency,ms,p5,144.36
36,1780553175323170560,1780553176323170560,Inter Token Latency,ms,p10,144.36
36,1780553175323170560,1780553176323170560,Inter Token Latency,ms,p25,144.36
36,1780553175323170560,1780553176323170560,Inter Token Latency,ms,p50,144.36
36,1780553175323170560,1780553176323170560,Inter Token Latency,ms,p75,144.36
36,1780553175323170560,1780553176323170560,Inter Token Latency,ms,p90,144.36
36,1780553175323170560,1780553176323170560,Inter Token Latency,ms,p95,144.36
36,1780553175323170560,1780553176323170560,Inter Token Latency,ms,p99,144.36
36,1780553175323170560,1780553176323170560,Inter Token Latency,ms,std,0.00
36,1780553175323170560,1780553176323170560,Maximum Response Timestamp,ns,avg,1780553518123241216.00
36,1780553175323170560,1780553176323170560,Minimum Request Timestamp,ns,avg,1780553175890479872.00
36,1780553175323170560,1780553176323170560,OSL Mismatch Count,requests,avg,0.00
36,1780553175323170560,1780553176323170560,OSL Mismatch Diff %,%,avg,0.00
36,1780553175323170560,1780553176323170560,OSL Mismatch Diff %,%,min,0.00
36,1780553175323170560,1780553176323170560,OSL Mismatch Diff %,%,max,0.00
36,1780553175323170560,1780553176323170560,OSL Mismatch Diff %,%,sum,0.00
36,1780553175323170560,1780553176323170560,OSL Mismatch Diff %,%,p1,0.00
36,1780553175323170560,1780553176323170560,OSL Mismatch Diff %,%,p5,0.00
36,1780553175323170560,1780553176323170560,OSL Mismatch Diff %,%,p10,0.00
36,1780553175323170560,1780553176323170560,OSL Mismatch Diff %,%,p25,0.00
36,1780553175323170560,1780553176323170560,OSL Mismatch Diff %,%,p50,0.00
36,1780553175323170560,1780553176323170560,OSL Mismatch Diff %,%,p75,0.00
36,1780553175323170560,1780553176323170560,OSL Mismatch Diff %,%,p90,0.00
36,1780553175323170560,1780553176323170560,OSL Mismatch Diff %,%,p95,0.00
36,1780553175323170560,1780553176323170560,OSL Mismatch Diff %,%,p99,0.00
36,1780553175323170560,1780553176323170560,OSL Mismatch Diff %,%,std,0.00
36,1780553175323170560,1780553176323170560,Output Sequence Length,tokens,avg,2036.00
36,1780553175323170560,1780553176323170560,Output Sequence Length,tokens,min,2036.00
36,1780553175323170560,1780553176323170560,Output Sequence Length,tokens,max,2036.00
36,1780553175323170560,1780553176323170560,Output Sequence Length,tokens,sum,2036.00
36,1780553175323170560,1780553176323170560,Output Sequence Length,tokens,p1,2036.00
36,1780553175323170560,1780553176323170560,Output Sequence Length,tokens,p5,2036.00
36,1780553175323170560,1780553176323170560,Output Sequence Length,tokens,p10,2036.00
36,1780553175323170560,1780553176323170560,Output Sequence Length,tokens,p25,2036.00
36,1780553175323170560,1780553176323170560,Output Sequence Length,tokens,p50,2036.00
36,1780553175323170560,1780553176323170560,Output Sequence Length,tokens,p75,2036.00
36,1780553175323170560,1780553176323170560,Output Sequence Length,tokens,p90,2036.00
36,1780553175323170560,1780553176323170560,Output Sequence Length,tokens,p95,2036.00
36,1780553175323170560,1780553176323170560,Output Sequence Length,tokens,p99,2036.00
36,1780553175323170560,1780553176323170560,Output Sequence Length,tokens,std,0.00
36,1780553175323170560,1780553176323170560,Output Token Count,tokens,avg,2036.00
36,1780553175323170560,1780553176323170560,Output Token Count,tokens,min,2036.00
36,1780553175323170560,1780553176323170560,Output Token Count,tokens,max,2036.00
36,1780553175323170560,1780553176323170560,Output Token Count,tokens,sum,2036.00
36,1780553175323170560,1780553176323170560,Output Token Count,tokens,p1,2036.00
36,1780553175323170560,1780553176323170560,Output Token Count,tokens,p5,2036.00
36,1780553175323170560,1780553176323170560,Output Token Count,tokens,p10,2036.00
36,1780553175323170560,1780553176323170560,Output Token Count,tokens,p25,2036.00
36,1780553175323170560,1780553176323170560,Output Token Count,tokens,p50,2036.00
36,1780553175323170560,1780553176323170560,Output Token Count,tokens,p75,2036.00
36,1780553175323170560,1780553176323170560,Output Token Count,tokens,p90,2036.00
36,1780553175323170560,1780553176323170560,Output Token Count,tokens,p95,2036.00
36,1780553175323170560,1780553176323170560,Output Token Count,tokens,p99,2036.00
36,1780553175323170560,1780553176323170560,Output Token Count,tokens,std,0.00
36,1780553175323170560,1780553176323170560,Output Token Throughput,tokens/sec,avg,2036.00
36,1780553175323170560,1780553176323170560,Output Token Throughput Per User,tokens/sec/user,avg,6.93
36,1780553175323170560,1780553176323170560,Output Token Throughput Per User,tokens/sec/user,min,6.93
36,1780553175323170560,1780553176323170560,Output Token Throughput Per User,tokens/sec/user,max,6.93
36,1780553175323170560,1780553176323170560,Output Token Throughput Per User,tokens/sec/user,sum,6.93
36,1780553175323170560,1780553176323170560,Output Token Throughput Per User,tokens/sec/user,p1,6.93
36,1780553175323170560,1780553176323170560,Output Token Throughput Per User,tokens/sec/user,p5,6.93
36,1780553175323170560,1780553176323170560,Output Token Throughput Per User,tokens/sec/user,p10,6.93
36,1780553175323170560,1780553176323170560,Output Token Throughput Per User,tokens/sec/user,p25,6.93
36,1780553175323170560,1780553176323170560,Output Token Throughput Per User,tokens/sec/user,p50,6.93
36,1780553175323170560,1780553176323170560,Output Token Throughput Per User,tokens/sec/user,p75,6.93
36,1780553175323170560,1780553176323170560,Output Token Throughput Per User,tokens/sec/user,p90,6.93
36,1780553175323170560,1780553176323170560,Output Token Throughput Per User,tokens/sec/user,p95,6.93
36,1780553175323170560,1780553176323170560,Output Token Throughput Per User,tokens/sec/user,p99,6.93
36,1780553175323170560,1780553176323170560,Output Token Throughput Per User,tokens/sec/user,std,0.00
36,1780553175323170560,1780553176323170560,Prefill Throughput Per User,tokens/sec/user,avg,1862.25
36,1780553175323170560,1780553176323170560,Prefill Throughput Per User,tokens/sec/user,min,1862.25
36,1780553175323170560,1780553176323170560,Prefill Throughput Per User,tokens/sec/user,max,1862.25
36,1780553175323170560,1780553176323170560,Prefill Throughput Per User,tokens/sec/user,sum,1862.25
36,1780553175323170560,1780553176323170560,Prefill Throughput Per User,tokens/sec/user,p1,1862.25
36,1780553175323170560,1780553176323170560,Prefill Throughput Per User,tokens/sec/user,p5,1862.25
36,1780553175323170560,1780553176323170560,Prefill Throughput Per User,tokens/sec/user,p10,1862.25
36,1780553175323170560,1780553176323170560,Prefill Throughput Per User,tokens/sec/user,p25,1862.25
36,1780553175323170560,1780553176323170560,Prefill Throughput Per User,tokens/sec/user,p50,1862.25
36,1780553175323170560,1780553176323170560,Prefill Throughput Per User,tokens/sec/user,p75,1862.25
36,1780553175323170560,1780553176323170560,Prefill Throughput Per User,tokens/sec/user,p90,1862.25
36,1780553175323170560,1780553176323170560,Prefill Throughput Per User,tokens/sec/user,p95,1862.25
36,1780553175323170560,1780553176323170560,Prefill Throughput Per User,tokens/sec/user,p99,1862.25
36,1780553175323170560,1780553176323170560,Prefill Throughput Per User,tokens/sec/user,std,0.00
36,1780553175323170560,1780553176323170560,Request Count,requests,avg,1.00
36,1780553175323170560,1780553176323170560,Request Latency,ms,avg,342232.76
36,1780553175323170560,1780553176323170560,Request Latency,ms,min,342232.76
36,1780553175323170560,1780553176323170560,Request Latency,ms,max,342232.76
36,1780553175323170560,1780553176323170560,Request Latency,ms,sum,342232.76
36,1780553175323170560,1780553176323170560,Request Latency,ms,p1,342232.76
36,1780553175323170560,1780553176323170560,Request Latency,ms,p5,342232.76
36,1780553175323170560,1780553176323170560,Request Latency,ms,p10,342232.76
36,1780553175323170560,1780553176323170560,Request Latency,ms,p25,342232.76
36,1780553175323170560,1780553176323170560,Request Latency,ms,p50,342232.76
36,1780553175323170560,1780553176323170560,Request Latency,ms,p75,342232.76
36,1780553175323170560,1780553176323170560,Request Latency,ms,p90,342232.76
36,1780553175323170560,1780553176323170560,Request Latency,ms,p95,342232.76
36,1780553175323170560,1780553176323170560,Request Latency,ms,p99,342232.76
36,1780553175323170560,1780553176323170560,Request Latency,ms,std,0.00
36,1780553175323170560,1780553176323170560,Request Throughput,requests/sec,avg,1.00
36,1780553175323170560,1780553176323170560,Requested OSL,tokens,avg,2036.00
36,1780553175323170560,1780553176323170560,Requested OSL,tokens,min,2036.00
36,1780553175323170560,1780553176323170560,Requested OSL,tokens,max,2036.00
36,1780553175323170560,1780553176323170560,Requested OSL,tokens,sum,2036.00
36,1780553175323170560,1780553176323170560,Requested OSL,tokens,p1,2036.00
36,1780553175323170560,1780553176323170560,Requested OSL,tokens,p5,2036.00
36,1780553175323170560,1780553176323170560,Requested OSL,tokens,p10,2036.00
36,1780553175323170560,1780553176323170560,Requested OSL,tokens,p25,2036.00
36,1780553175323170560,1780553176323170560,Requested OSL,tokens,p50,2036.00
36,1780553175323170560,1780553176323170560,Requested OSL,tokens,p75,2036.00
36,1780553175323170560,1780553176323170560,Requested OSL,tokens,p90,2036.00
36,1780553175323170560,1780553176323170560,Requested OSL,tokens,p95,2036.00
36,1780553175323170560,1780553176323170560,Requested OSL,tokens,p99,2036.00
36,1780553175323170560,1780553176323170560,Requested OSL,tokens,std,0.00
36,1780553175323170560,1780553176323170560,Time to First Output Token,ms,avg,48465.46
36,1780553175323170560,1780553176323170560,Time to First Output Token,ms,min,48465.46
36,1780553175323170560,1780553176323170560,Time to First Output Token,ms,max,48465.46
36,1780553175323170560,1780553176323170560,Time to First Output Token,ms,sum,48465.46
36,1780553175323170560,1780553176323170560,Time to First Output Token,ms,p1,48465.46
36,1780553175323170560,1780553176323170560,Time to First Output Token,ms,p5,48465.46
36,1780553175323170560,1780553176323170560,Time to First Output Token,ms,p10,48465.46
36,1780553175323170560,1780553176323170560,Time to First Output Token,ms,p25,48465.46
36,1780553175323170560,1780553176323170560,Time to First Output Token,ms,p50,48465.46
36,1780553175323170560,1780553176323170560,Time to First Output Token,ms,p75,48465.46
36,1780553175323170560,1780553176323170560,Time to First Output Token,ms,p90,48465.46
36,1780553175323170560,1780553176323170560,Time to First Output Token,ms,p95,48465.46
36,1780553175323170560,1780553176323170560,Time to First Output Token,ms,p99,48465.46
36,1780553175323170560,1780553176323170560,Time to First Output Token,ms,std,0.00
36,1780553175323170560,1780553176323170560,Time to First Token,ms,avg,48465.46
36,1780553175323170560,1780553176323170560,Time to First Token,ms,min,48465.46
36,1780553175323170560,1780553176323170560,Time to First Token,ms,max,48465.46
36,1780553175323170560,1780553176323170560,Time to First Token,ms,sum,48465.46
36,1780553175323170560,1780553176323170560,Time to First Token,ms,p1,48465.46
36,1780553175323170560,1780553176323170560,Time to First Token,ms,p5,48465.46
36,1780553175323170560,1780553176323170560,Time to First Token,ms,p10,48465.46
36,1780553175323170560,1780553176323170560,Time to First Token,ms,p25,48465.46
36,1780553175323170560,1780553176323170560,Time to First Token,ms,p50,48465.46
36,1780553175323170560,1780553176323170560,Time to First Token,ms,p75,48465.46
36,1780553175323170560,1780553176323170560,Time to First Token,ms,p90,48465.46
36,1780553175323170560,1780553176323170560,Time to First Token,ms,p95,48465.46
36,1780553175323170560,1780553176323170560,Time to First Token,ms,p99,48465.46
36,1780553175323170560,1780553176323170560,Time to First Token,ms,std,0.00
36,1780553175323170560,1780553176323170560,Time to Second Token,ms,avg,0.60
36,1780553175323170560,1780553176323170560,Time to Second Token,ms,min,0.60
36,1780553175323170560,1780553176323170560,Time to Second Token,ms,max,0.60
36,1780553175323170560,1780553176323170560,Time to Second Token,ms,sum,0.60
36,1780553175323170560,1780553176323170560,Time to Second Token,ms,p1,0.60
36,1780553175323170560,1780553176323170560,Time to Second Token,ms,p5,0.60
36,1780553175323170560,1780553176323170560,Time to Second Token,ms,p10,0.60
36,1780553175323170560,1780553176323170560,Time to Second Token,ms,p25,0.60
36,1780553175323170560,1780553176323170560,Time to Second Token,ms,p50,0.60
36,1780553175323170560,1780553176323170560,Time to Second Token,ms,p75,0.60
36,1780553175323170560,1780553176323170560,Time to Second Token,ms,p90,0.60
36,1780553175323170560,1780553176323170560,Time to Second Token,ms,p95,0.60
36,1780553175323170560,1780553176323170560,Time to Second Token,ms,p99,0.60
36,1780553175323170560,1780553176323170560,Time to Second Token,ms,std,0.00
36,1780553175323170560,1780553176323170560,Tokens In Flight,tokens,avg,1542673.12
36,1780553175323170560,1780553176323170560,Tokens In Flight,tokens,min,1503584.58
36,1780553175323170560,1780553176323170560,Tokens In Flight,tokens,max,1593908.59
36,1780553175323170560,1780553176323170560,Tokens In Flight,tokens,p50,1503620.87
36,1780553175323170560,1780553176323170560,Tokens In Flight,tokens,p90,1593902.64
36,1780553175323170560,1780553176323170560,Tokens In Flight,tokens,p95,1593905.62
36,1780553175323170560,1780553176323170560,Tokens In Flight,tokens,p99,1593908.59
36,1780553175323170560,1780553176323170560,Tokens In Flight,tokens,std,44734.26
36,1780553175323170560,1780553176323170560,Total Input Sequence Length,tokens,avg,90255.00
36,1780553175323170560,1780553176323170560,Total Output Sequence Length,tokens,avg,2036.00
36,1780553175323170560,1780553176323170560,Total Output Tokens,tokens,avg,2036.00
36,1780553175323170560,1780553176323170560,Total Token Throughput,tokens/sec,avg,92291.00
36,1780553175323170560,1780553176323170560,Total Usage Completion Tokens,tokens,avg,2036.00
36,1780553175323170560,1780553176323170560,Total Usage Prompt Tokens,tokens,avg,90255.00
36,1780553175323170560,1780553176323170560,Total Usage Total Tokens,tokens,avg,92291.00
36,1780553175323170560,1780553176323170560,Usage Completion Tokens,tokens,avg,2036.00
36,1780553175323170560,1780553176323170560,Usage Completion Tokens,tokens,min,2036.00
36,1780553175323170560,1780553176323170560,Usage Completion Tokens,tokens,max,2036.00
36,1780553175323170560,1780553176323170560,Usage Completion Tokens,tokens,sum,2036.00
36,1780553175323170560,1780553176323170560,Usage Completion Tokens,tokens,p1,2036.00
36,1780553175323170560,1780553176323170560,Usage Completion Tokens,tokens,p5,2036.00
36,1780553175323170560,1780553176323170560,Usage Completion Tokens,tokens,p10,2036.00
36,1780553175323170560,1780553176323170560,Usage Completion Tokens,tokens,p25,2036.00
36,1780553175323170560,1780553176323170560,Usage Completion Tokens,tokens,p50,2036.00
36,1780553175323170560,1780553176323170560,Usage Completion Tokens,tokens,p75,2036.00
36,1780553175323170560,1780553176323170560,Usage Completion Tokens,tokens,p90,2036.00
36,1780553175323170560,1780553176323170560,Usage Completion Tokens,tokens,p95,2036.00
36,1780553175323170560,1780553176323170560,Usage Completion Tokens,tokens,p99,2036.00
36,1780553175323170560,1780553176323170560,Usage Completion Tokens,tokens,std,0.00
36,1780553175323170560,1780553176323170560,Usage Prompt Tokens,tokens,avg,90255.00
36,1780553175323170560,1780553176323170560,Usage Prompt Tokens,tokens,min,90255.00
36,1780553175323170560,1780553176323170560,Usage Prompt Tokens,tokens,max,90255.00
36,1780553175323170560,1780553176323170560,Usage Prompt Tokens,tokens,sum,90255.00
36,1780553175323170560,1780553176323170560,Usage Prompt Tokens,tokens,p1,90255.00
36,1780553175323170560,1780553176323170560,Usage Prompt Tokens,tokens,p5,90255.00
36,1780553175323170560,1780553176323170560,Usage Prompt Tokens,tokens,p10,90255.00
36,1780553175323170560,1780553176323170560,Usage Prompt Tokens,tokens,p25,90255.00
36,1780553175323170560,1780553176323170560,Usage Prompt Tokens,tokens,p50,90255.00
36,1780553175323170560,1780553176323170560,Usage Prompt Tokens,tokens,p75,90255.00
36,1780553175323170560,1780553176323170560,Usage Prompt Tokens,tokens,p90,90255.00
36,1780553175323170560,1780553176323170560,Usage Prompt Tokens,tokens,p95,90255.00
36,1780553175323170560,1780553176323170560,Usage Prompt Tokens,tokens,p99,90255.00
36,1780553175323170560,1780553176323170560,Usage Prompt Tokens,tokens,std,0.00
36,1780553175323170560,1780553176323170560,Usage Total Tokens,tokens,avg,92291.00
36,1780553175323170560,1780553176323170560,Usage Total Tokens,tokens,min,92291.00
36,1780553175323170560,1780553176323170560,Usage Total Tokens,tokens,max,92291.00
36,1780553175323170560,1780553176323170560,Usage Total Tokens,tokens,sum,92291.00
36,1780553175323170560,1780553176323170560,Usage Total Tokens,tokens,p1,92291.00
36,1780553175323170560,1780553176323170560,Usage Total Tokens,tokens,p5,92291.00
36,1780553175323170560,1780553176323170560,Usage Total Tokens,tokens,p10,92291.00
36,1780553175323170560,1780553176323170560,Usage Total Tokens,tokens,p25,92291.00
36,1780553175323170560,1780553176323170560,Usage Total Tokens,tokens,p50,92291.00
36,1780553175323170560,1780553176323170560,Usage Total Tokens,tokens,p75,92291.00
36,1780553175323170560,1780553176323170560,Usage Total Tokens,tokens,p90,92291.00
36,1780553175323170560,1780553176323170560,Usage Total Tokens,tokens,p95,92291.00
36,1780553175323170560,1780553176323170560,Usage Total Tokens,tokens,p99,92291.00
36,1780553175323170560,1780553176323170560,Usage Total Tokens,tokens,std,0.00
37,1780553189323170560,1780553190323170560,Active Decode Throughput,tokens/sec,avg,65.53
37,1780553189323170560,1780553190323170560,Active Decode Throughput,tokens/sec,min,45.17
37,1780553189323170560,1780553190323170560,Active Decode Throughput,tokens/sec,max,91.28
37,1780553189323170560,1780553190323170560,Active Decode Throughput,tokens/sec,p50,65.53
37,1780553189323170560,1780553190323170560,Active Decode Throughput,tokens/sec,p90,65.53
37,1780553189323170560,1780553190323170560,Active Decode Throughput,tokens/sec,p95,65.53
37,1780553189323170560,1780553190323170560,Active Decode Throughput,tokens/sec,p99,65.53
37,1780553189323170560,1780553190323170560,Active Decode Throughput,tokens/sec,std,0.03
37,1780553189323170560,1780553190323170560,Active Decode Throughput Per User,tokens/sec/user,avg,6.55
37,1780553189323170560,1780553190323170560,Active Decode Throughput Per User,tokens/sec/user,min,4.52
37,1780553189323170560,1780553190323170560,Active Decode Throughput Per User,tokens/sec/user,max,9.13
37,1780553189323170560,1780553190323170560,Active Decode Throughput Per User,tokens/sec/user,p50,6.55
37,1780553189323170560,1780553190323170560,Active Decode Throughput Per User,tokens/sec/user,p90,6.55
37,1780553189323170560,1780553190323170560,Active Decode Throughput Per User,tokens/sec/user,p95,6.55
37,1780553189323170560,1780553190323170560,Active Decode Throughput Per User,tokens/sec/user,p99,6.55
37,1780553189323170560,1780553190323170560,Active Decode Throughput Per User,tokens/sec/user,std,0.00
37,1780553189323170560,1780553190323170560,Active Prefill Throughput,tokens/sec,avg,8964.30
37,1780553189323170560,1780553190323170560,Active Prefill Throughput,tokens/sec,min,8422.69
37,1780553189323170560,1780553190323170560,Active Prefill Throughput,tokens/sec,max,10979.88
37,1780553189323170560,1780553190323170560,Active Prefill Throughput,tokens/sec,p50,8422.69
37,1780553189323170560,1780553190323170560,Active Prefill Throughput,tokens/sec,p90,10979.88
37,1780553189323170560,1780553190323170560,Active Prefill Throughput,tokens/sec,p95,10979.88
37,1780553189323170560,1780553190323170560,Active Prefill Throughput,tokens/sec,p99,10979.88
37,1780553189323170560,1780553190323170560,Active Prefill Throughput,tokens/sec,std,1044.82
37,1780553189323170560,1780553190323170560,Active Prefill Throughput Per User,tokens/sec/user,avg,2124.80
37,1780553189323170560,1780553190323170560,Active Prefill Throughput Per User,tokens/sec/user,min,2105.67
37,1780553189323170560,1780553190323170560,Active Prefill Throughput Per User,tokens/sec/user,max,2195.98
37,1780553189323170560,1780553190323170560,Active Prefill Throughput Per User,tokens/sec/user,p50,2105.67
37,1780553189323170560,1780553190323170560,Active Prefill Throughput Per User,tokens/sec/user,p90,2195.98
37,1780553189323170560,1780553190323170560,Active Prefill Throughput Per User,tokens/sec/user,p95,2195.98
37,1780553189323170560,1780553190323170560,Active Prefill Throughput Per User,tokens/sec/user,p99,2195.98
37,1780553189323170560,1780553190323170560,Active Prefill Throughput Per User,tokens/sec/user,std,36.90
37,1780553189323170560,1780553190323170560,Active Total Throughput,tokens/sec,avg,9027.87
37,1780553189323170560,1780553190323170560,Active Total Throughput,tokens/sec,min,8486.27
37,1780553189323170560,1780553190323170560,Active Total Throughput,tokens/sec,max,11043.45
37,1780553189323170560,1780553190323170560,Active Total Throughput,tokens/sec,p50,8486.27
37,1780553189323170560,1780553190323170560,Active Total Throughput,tokens/sec,p90,11043.45
37,1780553189323170560,1780553190323170560,Active Total Throughput,tokens/sec,p95,11043.45
37,1780553189323170560,1780553190323170560,Active Total Throughput,tokens/sec,p99,11043.45
37,1780553189323170560,1780553190323170560,Active Total Throughput,tokens/sec,std,1044.82
37,1780553189323170560,1780553190323170560,Benchmark Duration,sec,avg,542.37
37,1780553189323170560,1780553190323170560,E2E Output Token Throughput,tokens/sec/user,avg,4.97
37,1780553189323170560,1780553190323170560,E2E Output Token Throughput,tokens/sec/user,min,4.97
37,1780553189323170560,1780553190323170560,E2E Output Token Throughput,tokens/sec/user,max,4.97
37,1780553189323170560,1780553190323170560,E2E Output Token Throughput,tokens/sec/user,sum,4.97
37,1780553189323170560,1780553190323170560,E2E Output Token Throughput,tokens/sec/user,p1,4.97
37,1780553189323170560,1780553190323170560,E2E Output Token Throughput,tokens/sec/user,p5,4.97
37,1780553189323170560,1780553190323170560,E2E Output Token Throughput,tokens/sec/user,p10,4.97
37,1780553189323170560,1780553190323170560,E2E Output Token Throughput,tokens/sec/user,p25,4.97
37,1780553189323170560,1780553190323170560,E2E Output Token Throughput,tokens/sec/user,p50,4.97
37,1780553189323170560,1780553190323170560,E2E Output Token Throughput,tokens/sec/user,p75,4.97
37,1780553189323170560,1780553190323170560,E2E Output Token Throughput,tokens/sec/user,p90,4.97
37,1780553189323170560,1780553190323170560,E2E Output Token Throughput,tokens/sec/user,p95,4.97
37,1780553189323170560,1780553190323170560,E2E Output Token Throughput,tokens/sec/user,p99,4.97
37,1780553189323170560,1780553190323170560,E2E Output Token Throughput,tokens/sec/user,std,0.00
37,1780553189323170560,1780553190323170560,Effective Concurrency,requests,avg,14.21
37,1780553189323170560,1780553190323170560,Effective Concurrency,requests,min,14.00
37,1780553189323170560,1780553190323170560,Effective Concurrency,requests,max,15.00
37,1780553189323170560,1780553190323170560,Effective Concurrency,requests,p50,14.00
37,1780553189323170560,1780553190323170560,Effective Concurrency,requests,p90,15.00
37,1780553189323170560,1780553190323170560,Effective Concurrency,requests,p95,15.00
37,1780553189323170560,1780553190323170560,Effective Concurrency,requests,p99,15.00
37,1780553189323170560,1780553190323170560,Effective Concurrency,requests,std,0.41
37,1780553189323170560,1780553190323170560,Effective Decode Concurrency,requests,avg,10.00
37,1780553189323170560,1780553190323170560,Effective Decode Concurrency,requests,min,10.00
37,1780553189323170560,1780553190323170560,Effective Decode Concurrency,requests,max,10.00
37,1780553189323170560,1780553190323170560,Effective Decode Concurrency,requests,p50,10.00
37,1780553189323170560,1780553190323170560,Effective Decode Concurrency,requests,p90,10.00
37,1780553189323170560,1780553190323170560,Effective Decode Concurrency,requests,p95,10.00
37,1780553189323170560,1780553190323170560,Effective Decode Concurrency,requests,p99,10.00
37,1780553189323170560,1780553190323170560,Effective Decode Concurrency,requests,std,0.00
37,1780553189323170560,1780553190323170560,Effective Decode Throughput,tokens/sec,avg,65.53
37,1780553189323170560,1780553190323170560,Effective Decode Throughput,tokens/sec,min,45.17
37,1780553189323170560,1780553190323170560,Effective Decode Throughput,tokens/sec,max,91.28
37,1780553189323170560,1780553190323170560,Effective Decode Throughput,tokens/sec,p50,65.53
37,1780553189323170560,1780553190323170560,Effective Decode Throughput,tokens/sec,p90,65.53
37,1780553189323170560,1780553190323170560,Effective Decode Throughput,tokens/sec,p95,65.53
37,1780553189323170560,1780553190323170560,Effective Decode Throughput,tokens/sec,p99,65.53
37,1780553189323170560,1780553190323170560,Effective Decode Throughput,tokens/sec,std,0.03
37,1780553189323170560,1780553190323170560,Effective Decode Throughput Per User,tokens/sec/user,avg,6.55
37,1780553189323170560,1780553190323170560,Effective Decode Throughput Per User,tokens/sec/user,min,4.52
37,1780553189323170560,1780553190323170560,Effective Decode Throughput Per User,tokens/sec/user,max,9.13
37,1780553189323170560,1780553190323170560,Effective Decode Throughput Per User,tokens/sec/user,p50,6.55
37,1780553189323170560,1780553190323170560,Effective Decode Throughput Per User,tokens/sec/user,p90,6.55
37,1780553189323170560,1780553190323170560,Effective Decode Throughput Per User,tokens/sec/user,p95,6.55
37,1780553189323170560,1780553190323170560,Effective Decode Throughput Per User,tokens/sec/user,p99,6.55
37,1780553189323170560,1780553190323170560,Effective Decode Throughput Per User,tokens/sec/user,std,0.00
37,1780553189323170560,1780553190323170560,Effective Prefill Concurrency,requests,avg,4.21
37,1780553189323170560,1780553190323170560,Effective Prefill Concurrency,requests,min,4.00
37,1780553189323170560,1780553190323170560,Effective Prefill Concurrency,requests,max,5.00
37,1780553189323170560,1780553190323170560,Effective Prefill Concurrency,requests,p50,4.00
37,1780553189323170560,1780553190323170560,Effective Prefill Concurrency,requests,p90,5.00
37,1780553189323170560,1780553190323170560,Effective Prefill Concurrency,requests,p95,5.00
37,1780553189323170560,1780553190323170560,Effective Prefill Concurrency,requests,p99,5.00
37,1780553189323170560,1780553190323170560,Effective Prefill Concurrency,requests,std,0.41
37,1780553189323170560,1780553190323170560,Effective Prefill Throughput,tokens/sec,avg,8964.30
37,1780553189323170560,1780553190323170560,Effective Prefill Throughput,tokens/sec,min,8422.69
37,1780553189323170560,1780553190323170560,Effective Prefill Throughput,tokens/sec,max,10979.88
37,1780553189323170560,1780553190323170560,Effective Prefill Throughput,tokens/sec,p50,8422.69
37,1780553189323170560,1780553190323170560,Effective Prefill Throughput,tokens/sec,p90,10979.88
37,1780553189323170560,1780553190323170560,Effective Prefill Throughput,tokens/sec,p95,10979.88
37,1780553189323170560,1780553190323170560,Effective Prefill Throughput,tokens/sec,p99,10979.88
37,1780553189323170560,1780553190323170560,Effective Prefill Throughput,tokens/sec,std,1044.82
37,1780553189323170560,1780553190323170560,Effective Prefill Throughput Per User,tokens/sec/user,avg,2124.80
37,1780553189323170560,1780553190323170560,Effective Prefill Throughput Per User,tokens/sec/user,min,2105.67
37,1780553189323170560,1780553190323170560,Effective Prefill Throughput Per User,tokens/sec/user,max,2195.98
37,1780553189323170560,1780553190323170560,Effective Prefill Throughput Per User,tokens/sec/user,p50,2105.67
37,1780553189323170560,1780553190323170560,Effective Prefill Throughput Per User,tokens/sec/user,p90,2195.98
37,1780553189323170560,1780553190323170560,Effective Prefill Throughput Per User,tokens/sec/user,p95,2195.98
37,1780553189323170560,1780553190323170560,Effective Prefill Throughput Per User,tokens/sec/user,p99,2195.98
37,1780553189323170560,1780553190323170560,Effective Prefill Throughput Per User,tokens/sec/user,std,36.90
37,1780553189323170560,1780553190323170560,Effective Total Throughput,tokens/sec,avg,9027.87
37,1780553189323170560,1780553190323170560,Effective Total Throughput,tokens/sec,min,8486.27
37,1780553189323170560,1780553190323170560,Effective Total Throughput,tokens/sec,max,11043.45
37,1780553189323170560,1780553190323170560,Effective Total Throughput,tokens/sec,p50,8486.27
37,1780553189323170560,1780553190323170560,Effective Total Throughput,tokens/sec,p90,11043.45
37,1780553189323170560,1780553190323170560,Effective Total Throughput,tokens/sec,p95,11043.45
37,1780553189323170560,1780553190323170560,Effective Total Throughput,tokens/sec,p99,11043.45
37,1780553189323170560,1780553190323170560,Effective Total Throughput,tokens/sec,std,1044.82
37,1780553189323170560,1780553190323170560,HTTP Blocked,ms,avg,0.00
37,1780553189323170560,1780553190323170560,HTTP Blocked,ms,min,0.00
37,1780553189323170560,1780553190323170560,HTTP Blocked,ms,max,0.00
37,1780553189323170560,1780553190323170560,HTTP Blocked,ms,sum,0.00
37,1780553189323170560,1780553190323170560,HTTP Blocked,ms,p1,0.00
37,1780553189323170560,1780553190323170560,HTTP Blocked,ms,p5,0.00
37,1780553189323170560,1780553190323170560,HTTP Blocked,ms,p10,0.00
37,1780553189323170560,1780553190323170560,HTTP Blocked,ms,p25,0.00
37,1780553189323170560,1780553190323170560,HTTP Blocked,ms,p50,0.00
37,1780553189323170560,1780553190323170560,HTTP Blocked,ms,p75,0.00
37,1780553189323170560,1780553190323170560,HTTP Blocked,ms,p90,0.00
37,1780553189323170560,1780553190323170560,HTTP Blocked,ms,p95,0.00
37,1780553189323170560,1780553190323170560,HTTP Blocked,ms,p99,0.00
37,1780553189323170560,1780553190323170560,HTTP Blocked,ms,std,0.00
37,1780553189323170560,1780553190323170560,HTTP Chunks Received,count,avg,2696.00
37,1780553189323170560,1780553190323170560,HTTP Chunks Received,count,min,2696.00
37,1780553189323170560,1780553190323170560,HTTP Chunks Received,count,max,2696.00
37,1780553189323170560,1780553190323170560,HTTP Chunks Received,count,sum,2696.00
37,1780553189323170560,1780553190323170560,HTTP Chunks Received,count,p1,2696.00
37,1780553189323170560,1780553190323170560,HTTP Chunks Received,count,p5,2696.00
37,1780553189323170560,1780553190323170560,HTTP Chunks Received,count,p10,2696.00
37,1780553189323170560,1780553190323170560,HTTP Chunks Received,count,p25,2696.00
37,1780553189323170560,1780553190323170560,HTTP Chunks Received,count,p50,2696.00
37,1780553189323170560,1780553190323170560,HTTP Chunks Received,count,p75,2696.00
37,1780553189323170560,1780553190323170560,HTTP Chunks Received,count,p90,2696.00
37,1780553189323170560,1780553190323170560,HTTP Chunks Received,count,p95,2696.00
37,1780553189323170560,1780553190323170560,HTTP Chunks Received,count,p99,2696.00
37,1780553189323170560,1780553190323170560,HTTP Chunks Received,count,std,0.00
37,1780553189323170560,1780553190323170560,HTTP Chunks Sent,count,avg,1.00
37,1780553189323170560,1780553190323170560,HTTP Chunks Sent,count,min,1.00
37,1780553189323170560,1780553190323170560,HTTP Chunks Sent,count,max,1.00
37,1780553189323170560,1780553190323170560,HTTP Chunks Sent,count,sum,1.00
37,1780553189323170560,1780553190323170560,HTTP Chunks Sent,count,p1,1.00
37,1780553189323170560,1780553190323170560,HTTP Chunks Sent,count,p5,1.00
37,1780553189323170560,1780553190323170560,HTTP Chunks Sent,count,p10,1.00
37,1780553189323170560,1780553190323170560,HTTP Chunks Sent,count,p25,1.00
37,1780553189323170560,1780553190323170560,HTTP Chunks Sent,count,p50,1.00
37,1780553189323170560,1780553190323170560,HTTP Chunks Sent,count,p75,1.00
37,1780553189323170560,1780553190323170560,HTTP Chunks Sent,count,p90,1.00
37,1780553189323170560,1780553190323170560,HTTP Chunks Sent,count,p95,1.00
37,1780553189323170560,1780553190323170560,HTTP Chunks Sent,count,p99,1.00
37,1780553189323170560,1780553190323170560,HTTP Chunks Sent,count,std,0.00
37,1780553189323170560,1780553190323170560,HTTP Connecting,ms,avg,0.00
37,1780553189323170560,1780553190323170560,HTTP Connecting,ms,min,0.00
37,1780553189323170560,1780553190323170560,HTTP Connecting,ms,max,0.00
37,1780553189323170560,1780553190323170560,HTTP Connecting,ms,sum,0.00
37,1780553189323170560,1780553190323170560,HTTP Connecting,ms,p1,0.00
37,1780553189323170560,1780553190323170560,HTTP Connecting,ms,p5,0.00
37,1780553189323170560,1780553190323170560,HTTP Connecting,ms,p10,0.00
37,1780553189323170560,1780553190323170560,HTTP Connecting,ms,p25,0.00
37,1780553189323170560,1780553190323170560,HTTP Connecting,ms,p50,0.00
37,1780553189323170560,1780553190323170560,HTTP Connecting,ms,p75,0.00
37,1780553189323170560,1780553190323170560,HTTP Connecting,ms,p90,0.00
37,1780553189323170560,1780553190323170560,HTTP Connecting,ms,p95,0.00
37,1780553189323170560,1780553190323170560,HTTP Connecting,ms,p99,0.00
37,1780553189323170560,1780553190323170560,HTTP Connecting,ms,std,0.00
37,1780553189323170560,1780553190323170560,HTTP Connection Overhead,ms,avg,0.00
37,1780553189323170560,1780553190323170560,HTTP Connection Overhead,ms,min,0.00
37,1780553189323170560,1780553190323170560,HTTP Connection Overhead,ms,max,0.00
37,1780553189323170560,1780553190323170560,HTTP Connection Overhead,ms,sum,0.00
37,1780553189323170560,1780553190323170560,HTTP Connection Overhead,ms,p1,0.00
37,1780553189323170560,1780553190323170560,HTTP Connection Overhead,ms,p5,0.00
37,1780553189323170560,1780553190323170560,HTTP Connection Overhead,ms,p10,0.00
37,1780553189323170560,1780553190323170560,HTTP Connection Overhead,ms,p25,0.00
37,1780553189323170560,1780553190323170560,HTTP Connection Overhead,ms,p50,0.00
37,1780553189323170560,1780553190323170560,HTTP Connection Overhead,ms,p75,0.00
37,1780553189323170560,1780553190323170560,HTTP Connection Overhead,ms,p90,0.00
37,1780553189323170560,1780553190323170560,HTTP Connection Overhead,ms,p95,0.00
37,1780553189323170560,1780553190323170560,HTTP Connection Overhead,ms,p99,0.00
37,1780553189323170560,1780553190323170560,HTTP Connection Overhead,ms,std,0.00
37,1780553189323170560,1780553190323170560,HTTP Connection Reused,ratio,avg,1.00
37,1780553189323170560,1780553190323170560,HTTP Connection Reused,ratio,min,1.00
37,1780553189323170560,1780553190323170560,HTTP Connection Reused,ratio,max,1.00
37,1780553189323170560,1780553190323170560,HTTP Connection Reused,ratio,sum,1.00
37,1780553189323170560,1780553190323170560,HTTP Connection Reused,ratio,p1,1.00
37,1780553189323170560,1780553190323170560,HTTP Connection Reused,ratio,p5,1.00
37,1780553189323170560,1780553190323170560,HTTP Connection Reused,ratio,p10,1.00
37,1780553189323170560,1780553190323170560,HTTP Connection Reused,ratio,p25,1.00
37,1780553189323170560,1780553190323170560,HTTP Connection Reused,ratio,p50,1.00
37,1780553189323170560,1780553190323170560,HTTP Connection Reused,ratio,p75,1.00
37,1780553189323170560,1780553190323170560,HTTP Connection Reused,ratio,p90,1.00
37,1780553189323170560,1780553190323170560,HTTP Connection Reused,ratio,p95,1.00
37,1780553189323170560,1780553190323170560,HTTP Connection Reused,ratio,p99,1.00
37,1780553189323170560,1780553190323170560,HTTP Connection Reused,ratio,std,0.00
37,1780553189323170560,1780553190323170560,HTTP Data Received,KB,avg,670.01
37,1780553189323170560,1780553190323170560,HTTP Data Received,KB,min,670.01
37,1780553189323170560,1780553190323170560,HTTP Data Received,KB,max,670.01
37,1780553189323170560,1780553190323170560,HTTP Data Received,KB,sum,670.01
37,1780553189323170560,1780553190323170560,HTTP Data Received,KB,p1,670.01
37,1780553189323170560,1780553190323170560,HTTP Data Received,KB,p5,670.01
37,1780553189323170560,1780553190323170560,HTTP Data Received,KB,p10,670.01
37,1780553189323170560,1780553190323170560,HTTP Data Received,KB,p25,670.01
37,1780553189323170560,1780553190323170560,HTTP Data Received,KB,p50,670.01
37,1780553189323170560,1780553190323170560,HTTP Data Received,KB,p75,670.01
37,1780553189323170560,1780553190323170560,HTTP Data Received,KB,p90,670.01
37,1780553189323170560,1780553190323170560,HTTP Data Received,KB,p95,670.01
37,1780553189323170560,1780553190323170560,HTTP Data Received,KB,p99,670.01
37,1780553189323170560,1780553190323170560,HTTP Data Received,KB,std,0.00
37,1780553189323170560,1780553190323170560,HTTP Data Sent,KB,avg,733.89
37,1780553189323170560,1780553190323170560,HTTP Data Sent,KB,min,733.89
37,1780553189323170560,1780553190323170560,HTTP Data Sent,KB,max,733.89
37,1780553189323170560,1780553190323170560,HTTP Data Sent,KB,sum,733.89
37,1780553189323170560,1780553190323170560,HTTP Data Sent,KB,p1,733.89
37,1780553189323170560,1780553190323170560,HTTP Data Sent,KB,p5,733.89
37,1780553189323170560,1780553190323170560,HTTP Data Sent,KB,p10,733.89
37,1780553189323170560,1780553190323170560,HTTP Data Sent,KB,p25,733.89
37,1780553189323170560,1780553190323170560,HTTP Data Sent,KB,p50,733.89
37,1780553189323170560,1780553190323170560,HTTP Data Sent,KB,p75,733.89
37,1780553189323170560,1780553190323170560,HTTP Data Sent,KB,p90,733.89
37,1780553189323170560,1780553190323170560,HTTP Data Sent,KB,p95,733.89
37,1780553189323170560,1780553190323170560,HTTP Data Sent,KB,p99,733.89
37,1780553189323170560,1780553190323170560,HTTP Data Sent,KB,std,0.00
37,1780553189323170560,1780553190323170560,HTTP DNS Lookup,ms,avg,0.00
37,1780553189323170560,1780553190323170560,HTTP DNS Lookup,ms,min,0.00
37,1780553189323170560,1780553190323170560,HTTP DNS Lookup,ms,max,0.00
37,1780553189323170560,1780553190323170560,HTTP DNS Lookup,ms,sum,0.00
37,1780553189323170560,1780553190323170560,HTTP DNS Lookup,ms,p1,0.00
37,1780553189323170560,1780553190323170560,HTTP DNS Lookup,ms,p5,0.00
37,1780553189323170560,1780553190323170560,HTTP DNS Lookup,ms,p10,0.00
37,1780553189323170560,1780553190323170560,HTTP DNS Lookup,ms,p25,0.00
37,1780553189323170560,1780553190323170560,HTTP DNS Lookup,ms,p50,0.00
37,1780553189323170560,1780553190323170560,HTTP DNS Lookup,ms,p75,0.00
37,1780553189323170560,1780553190323170560,HTTP DNS Lookup,ms,p90,0.00
37,1780553189323170560,1780553190323170560,HTTP DNS Lookup,ms,p95,0.00
37,1780553189323170560,1780553190323170560,HTTP DNS Lookup,ms,p99,0.00
37,1780553189323170560,1780553190323170560,HTTP DNS Lookup,ms,std,0.00
37,1780553189323170560,1780553190323170560,HTTP Duration (excl. conn),ms,avg,542367.40
37,1780553189323170560,1780553190323170560,HTTP Duration (excl. conn),ms,min,542367.40
37,1780553189323170560,1780553190323170560,HTTP Duration (excl. conn),ms,max,542367.40
37,1780553189323170560,1780553190323170560,HTTP Duration (excl. conn),ms,sum,542367.40
37,1780553189323170560,1780553190323170560,HTTP Duration (excl. conn),ms,p1,542367.40
37,1780553189323170560,1780553190323170560,HTTP Duration (excl. conn),ms,p5,542367.40
37,1780553189323170560,1780553190323170560,HTTP Duration (excl. conn),ms,p10,542367.40
37,1780553189323170560,1780553190323170560,HTTP Duration (excl. conn),ms,p25,542367.40
37,1780553189323170560,1780553190323170560,HTTP Duration (excl. conn),ms,p50,542367.40
37,1780553189323170560,1780553190323170560,HTTP Duration (excl. conn),ms,p75,542367.40
37,1780553189323170560,1780553190323170560,HTTP Duration (excl. conn),ms,p90,542367.40
37,1780553189323170560,1780553190323170560,HTTP Duration (excl. conn),ms,p95,542367.40
37,1780553189323170560,1780553190323170560,HTTP Duration (excl. conn),ms,p99,542367.40
37,1780553189323170560,1780553190323170560,HTTP Duration (excl. conn),ms,std,0.00
37,1780553189323170560,1780553190323170560,HTTP Receiving,ms,avg,467779.60
37,1780553189323170560,1780553190323170560,HTTP Receiving,ms,min,467779.60
37,1780553189323170560,1780553190323170560,HTTP Receiving,ms,max,467779.60
37,1780553189323170560,1780553190323170560,HTTP Receiving,ms,sum,467779.60
37,1780553189323170560,1780553190323170560,HTTP Receiving,ms,p1,467779.60
37,1780553189323170560,1780553190323170560,HTTP Receiving,ms,p5,467779.60
37,1780553189323170560,1780553190323170560,HTTP Receiving,ms,p10,467779.60
37,1780553189323170560,1780553190323170560,HTTP Receiving,ms,p25,467779.60
37,1780553189323170560,1780553190323170560,HTTP Receiving,ms,p50,467779.60
37,1780553189323170560,1780553190323170560,HTTP Receiving,ms,p75,467779.60
37,1780553189323170560,1780553190323170560,HTTP Receiving,ms,p90,467779.60
37,1780553189323170560,1780553190323170560,HTTP Receiving,ms,p95,467779.60
37,1780553189323170560,1780553190323170560,HTTP Receiving,ms,p99,467779.60
37,1780553189323170560,1780553190323170560,HTTP Receiving,ms,std,0.00
37,1780553189323170560,1780553190323170560,HTTP Sending,ms,avg,0.25
37,1780553189323170560,1780553190323170560,HTTP Sending,ms,min,0.25
37,1780553189323170560,1780553190323170560,HTTP Sending,ms,max,0.25
37,1780553189323170560,1780553190323170560,HTTP Sending,ms,sum,0.25
37,1780553189323170560,1780553190323170560,HTTP Sending,ms,p1,0.25
37,1780553189323170560,1780553190323170560,HTTP Sending,ms,p5,0.25
37,1780553189323170560,1780553190323170560,HTTP Sending,ms,p10,0.25
37,1780553189323170560,1780553190323170560,HTTP Sending,ms,p25,0.25
37,1780553189323170560,1780553190323170560,HTTP Sending,ms,p50,0.25
37,1780553189323170560,1780553190323170560,HTTP Sending,ms,p75,0.25
37,1780553189323170560,1780553190323170560,HTTP Sending,ms,p90,0.25
37,1780553189323170560,1780553190323170560,HTTP Sending,ms,p95,0.25
37,1780553189323170560,1780553190323170560,HTTP Sending,ms,p99,0.25
37,1780553189323170560,1780553190323170560,HTTP Sending,ms,std,0.00
37,1780553189323170560,1780553190323170560,HTTP Total Time,ms,avg,542367.40
37,1780553189323170560,1780553190323170560,HTTP Total Time,ms,min,542367.40
37,1780553189323170560,1780553190323170560,HTTP Total Time,ms,max,542367.40
37,1780553189323170560,1780553190323170560,HTTP Total Time,ms,sum,542367.40
37,1780553189323170560,1780553190323170560,HTTP Total Time,ms,p1,542367.40
37,1780553189323170560,1780553190323170560,HTTP Total Time,ms,p5,542367.40
37,1780553189323170560,1780553190323170560,HTTP Total Time,ms,p10,542367.40
37,1780553189323170560,1780553190323170560,HTTP Total Time,ms,p25,542367.40
37,1780553189323170560,1780553190323170560,HTTP Total Time,ms,p50,542367.40
37,1780553189323170560,1780553190323170560,HTTP Total Time,ms,p75,542367.40
37,1780553189323170560,1780553190323170560,HTTP Total Time,ms,p90,542367.40
37,1780553189323170560,1780553190323170560,HTTP Total Time,ms,p95,542367.40
37,1780553189323170560,1780553190323170560,HTTP Total Time,ms,p99,542367.40
37,1780553189323170560,1780553190323170560,HTTP Total Time,ms,std,0.00
37,1780553189323170560,1780553190323170560,HTTP Waiting (TTFB),ms,avg,74587.54
37,1780553189323170560,1780553190323170560,HTTP Waiting (TTFB),ms,min,74587.54
37,1780553189323170560,1780553190323170560,HTTP Waiting (TTFB),ms,max,74587.54
37,1780553189323170560,1780553190323170560,HTTP Waiting (TTFB),ms,sum,74587.54
37,1780553189323170560,1780553190323170560,HTTP Waiting (TTFB),ms,p1,74587.54
37,1780553189323170560,1780553190323170560,HTTP Waiting (TTFB),ms,p5,74587.54
37,1780553189323170560,1780553190323170560,HTTP Waiting (TTFB),ms,p10,74587.54
37,1780553189323170560,1780553190323170560,HTTP Waiting (TTFB),ms,p25,74587.54
37,1780553189323170560,1780553190323170560,HTTP Waiting (TTFB),ms,p50,74587.54
37,1780553189323170560,1780553190323170560,HTTP Waiting (TTFB),ms,p75,74587.54
37,1780553189323170560,1780553190323170560,HTTP Waiting (TTFB),ms,p90,74587.54
37,1780553189323170560,1780553190323170560,HTTP Waiting (TTFB),ms,p95,74587.54
37,1780553189323170560,1780553190323170560,HTTP Waiting (TTFB),ms,p99,74587.54
37,1780553189323170560,1780553190323170560,HTTP Waiting (TTFB),ms,std,0.00
37,1780553189323170560,1780553190323170560,Input Sequence Length,tokens,avg,190735.00
37,1780553189323170560,1780553190323170560,Input Sequence Length,tokens,min,190735.00
37,1780553189323170560,1780553190323170560,Input Sequence Length,tokens,max,190735.00
37,1780553189323170560,1780553190323170560,Input Sequence Length,tokens,sum,190735.00
37,1780553189323170560,1780553190323170560,Input Sequence Length,tokens,p1,190735.00
37,1780553189323170560,1780553190323170560,Input Sequence Length,tokens,p5,190735.00
37,1780553189323170560,1780553190323170560,Input Sequence Length,tokens,p10,190735.00
37,1780553189323170560,1780553190323170560,Input Sequence Length,tokens,p25,190735.00
37,1780553189323170560,1780553190323170560,Input Sequence Length,tokens,p50,190735.00
37,1780553189323170560,1780553190323170560,Input Sequence Length,tokens,p75,190735.00
37,1780553189323170560,1780553190323170560,Input Sequence Length,tokens,p90,190735.00
37,1780553189323170560,1780553190323170560,Input Sequence Length,tokens,p95,190735.00
37,1780553189323170560,1780553190323170560,Input Sequence Length,tokens,p99,190735.00
37,1780553189323170560,1780553190323170560,Input Sequence Length,tokens,std,0.00
37,1780553189323170560,1780553190323170560,Input Token Throughput,tokens/sec,avg,190735.00
37,1780553189323170560,1780553190323170560,Inter Chunk Latency,ms,avg,66.70
37,1780553189323170560,1780553190323170560,Inter Chunk Latency,ms,min,66.62
37,1780553189323170560,1780553190323170560,Inter Chunk Latency,ms,max,66.77
37,1780553189323170560,1780553190323170560,Inter Chunk Latency,ms,sum,179746.65
37,1780553189323170560,1780553190323170560,Inter Chunk Latency,ms,p1,66.62
37,1780553189323170560,1780553190323170560,Inter Chunk Latency,ms,p5,66.63
37,1780553189323170560,1780553190323170560,Inter Chunk Latency,ms,p10,66.64
37,1780553189323170560,1780553190323170560,Inter Chunk Latency,ms,p25,66.66
37,1780553189323170560,1780553190323170560,Inter Chunk Latency,ms,p50,66.70
37,1780553189323170560,1780553190323170560,Inter Chunk Latency,ms,p75,66.73
37,1780553189323170560,1780553190323170560,Inter Chunk Latency,ms,p90,66.75
37,1780553189323170560,1780553190323170560,Inter Chunk Latency,ms,p95,66.76
37,1780553189323170560,1780553190323170560,Inter Chunk Latency,ms,p99,66.77
37,1780553189323170560,1780553190323170560,Inter Chunk Latency,ms,std,0.04
37,1780553189323170560,1780553190323170560,Inter Token Latency,ms,avg,173.57
37,1780553189323170560,1780553190323170560,Inter Token Latency,ms,min,173.57
37,1780553189323170560,1780553190323170560,Inter Token Latency,ms,max,173.57
37,1780553189323170560,1780553190323170560,Inter Token Latency,ms,sum,173.57
37,1780553189323170560,1780553190323170560,Inter Token Latency,ms,p1,173.57
37,1780553189323170560,1780553190323170560,Inter Token Latency,ms,p5,173.57
37,1780553189323170560,1780553190323170560,Inter Token Latency,ms,p10,173.57
37,1780553189323170560,1780553190323170560,Inter Token Latency,ms,p25,173.57
37,1780553189323170560,1780553190323170560,Inter Token Latency,ms,p50,173.57
37,1780553189323170560,1780553190323170560,Inter Token Latency,ms,p75,173.57
37,1780553189323170560,1780553190323170560,Inter Token Latency,ms,p90,173.57
37,1780553189323170560,1780553190323170560,Inter Token Latency,ms,p95,173.57
37,1780553189323170560,1780553190323170560,Inter Token Latency,ms,p99,173.57
37,1780553189323170560,1780553190323170560,Inter Token Latency,ms,std,0.00
37,1780553189323170560,1780553190323170560,Maximum Response Timestamp,ns,avg,1780553732478874368.00
37,1780553189323170560,1780553190323170560,Minimum Request Timestamp,ns,avg,1780553190111373056.00
37,1780553189323170560,1780553190323170560,OSL Mismatch Count,requests,avg,0.00
37,1780553189323170560,1780553190323170560,OSL Mismatch Diff %,%,avg,0.00
37,1780553189323170560,1780553190323170560,OSL Mismatch Diff %,%,min,0.00
37,1780553189323170560,1780553190323170560,OSL Mismatch Diff %,%,max,0.00
37,1780553189323170560,1780553190323170560,OSL Mismatch Diff %,%,sum,0.00
37,1780553189323170560,1780553190323170560,OSL Mismatch Diff %,%,p1,0.00
37,1780553189323170560,1780553190323170560,OSL Mismatch Diff %,%,p5,0.00
37,1780553189323170560,1780553190323170560,OSL Mismatch Diff %,%,p10,0.00
37,1780553189323170560,1780553190323170560,OSL Mismatch Diff %,%,p25,0.00
37,1780553189323170560,1780553190323170560,OSL Mismatch Diff %,%,p50,0.00
37,1780553189323170560,1780553190323170560,OSL Mismatch Diff %,%,p75,0.00
37,1780553189323170560,1780553190323170560,OSL Mismatch Diff %,%,p90,0.00
37,1780553189323170560,1780553190323170560,OSL Mismatch Diff %,%,p95,0.00
37,1780553189323170560,1780553190323170560,OSL Mismatch Diff %,%,p99,0.00
37,1780553189323170560,1780553190323170560,OSL Mismatch Diff %,%,std,0.00
37,1780553189323170560,1780553190323170560,Output Sequence Length,tokens,avg,2696.00
37,1780553189323170560,1780553190323170560,Output Sequence Length,tokens,min,2696.00
37,1780553189323170560,1780553190323170560,Output Sequence Length,tokens,max,2696.00
37,1780553189323170560,1780553190323170560,Output Sequence Length,tokens,sum,2696.00
37,1780553189323170560,1780553190323170560,Output Sequence Length,tokens,p1,2696.00
37,1780553189323170560,1780553190323170560,Output Sequence Length,tokens,p5,2696.00
37,1780553189323170560,1780553190323170560,Output Sequence Length,tokens,p10,2696.00
37,1780553189323170560,1780553190323170560,Output Sequence Length,tokens,p25,2696.00
37,1780553189323170560,1780553190323170560,Output Sequence Length,tokens,p50,2696.00
37,1780553189323170560,1780553190323170560,Output Sequence Length,tokens,p75,2696.00
37,1780553189323170560,1780553190323170560,Output Sequence Length,tokens,p90,2696.00
37,1780553189323170560,1780553190323170560,Output Sequence Length,tokens,p95,2696.00
37,1780553189323170560,1780553190323170560,Output Sequence Length,tokens,p99,2696.00
37,1780553189323170560,1780553190323170560,Output Sequence Length,tokens,std,0.00
37,1780553189323170560,1780553190323170560,Output Token Count,tokens,avg,2696.00
37,1780553189323170560,1780553190323170560,Output Token Count,tokens,min,2696.00
37,1780553189323170560,1780553190323170560,Output Token Count,tokens,max,2696.00
37,1780553189323170560,1780553190323170560,Output Token Count,tokens,sum,2696.00
37,1780553189323170560,1780553190323170560,Output Token Count,tokens,p1,2696.00
37,1780553189323170560,1780553190323170560,Output Token Count,tokens,p5,2696.00
37,1780553189323170560,1780553190323170560,Output Token Count,tokens,p10,2696.00
37,1780553189323170560,1780553190323170560,Output Token Count,tokens,p25,2696.00
37,1780553189323170560,1780553190323170560,Output Token Count,tokens,p50,2696.00
37,1780553189323170560,1780553190323170560,Output Token Count,tokens,p75,2696.00
37,1780553189323170560,1780553190323170560,Output Token Count,tokens,p90,2696.00
37,1780553189323170560,1780553190323170560,Output Token Count,tokens,p95,2696.00
37,1780553189323170560,1780553190323170560,Output Token Count,tokens,p99,2696.00
37,1780553189323170560,1780553190323170560,Output Token Count,tokens,std,0.00
37,1780553189323170560,1780553190323170560,Output Token Throughput,tokens/sec,avg,2696.00
37,1780553189323170560,1780553190323170560,Output Token Throughput Per User,tokens/sec/user,avg,5.76
37,1780553189323170560,1780553190323170560,Output Token Throughput Per User,tokens/sec/user,min,5.76
37,1780553189323170560,1780553190323170560,Output Token Throughput Per User,tokens/sec/user,max,5.76
37,1780553189323170560,1780553190323170560,Output Token Throughput Per User,tokens/sec/user,sum,5.76
37,1780553189323170560,1780553190323170560,Output Token Throughput Per User,tokens/sec/user,p1,5.76
37,1780553189323170560,1780553190323170560,Output Token Throughput Per User,tokens/sec/user,p5,5.76
37,1780553189323170560,1780553190323170560,Output Token Throughput Per User,tokens/sec/user,p10,5.76
37,1780553189323170560,1780553190323170560,Output Token Throughput Per User,tokens/sec/user,p25,5.76
37,1780553189323170560,1780553190323170560,Output Token Throughput Per User,tokens/sec/user,p50,5.76
37,1780553189323170560,1780553190323170560,Output Token Throughput Per User,tokens/sec/user,p75,5.76
37,1780553189323170560,1780553190323170560,Output Token Throughput Per User,tokens/sec/user,p90,5.76
37,1780553189323170560,1780553190323170560,Output Token Throughput Per User,tokens/sec/user,p95,5.76
37,1780553189323170560,1780553190323170560,Output Token Throughput Per User,tokens/sec/user,p99,5.76
37,1780553189323170560,1780553190323170560,Output Token Throughput Per User,tokens/sec/user,std,0.00
37,1780553189323170560,1780553190323170560,Prefill Throughput Per User,tokens/sec/user,avg,2557.18
37,1780553189323170560,1780553190323170560,Prefill Throughput Per User,tokens/sec/user,min,2557.18
37,1780553189323170560,1780553190323170560,Prefill Throughput Per User,tokens/sec/user,max,2557.18
37,1780553189323170560,1780553190323170560,Prefill Throughput Per User,tokens/sec/user,sum,2557.18
37,1780553189323170560,1780553190323170560,Prefill Throughput Per User,tokens/sec/user,p1,2557.18
37,1780553189323170560,1780553190323170560,Prefill Throughput Per User,tokens/sec/user,p5,2557.18
37,1780553189323170560,1780553190323170560,Prefill Throughput Per User,tokens/sec/user,p10,2557.18
37,1780553189323170560,1780553190323170560,Prefill Throughput Per User,tokens/sec/user,p25,2557.18
37,1780553189323170560,1780553190323170560,Prefill Throughput Per User,tokens/sec/user,p50,2557.18
37,1780553189323170560,1780553190323170560,Prefill Throughput Per User,tokens/sec/user,p75,2557.18
37,1780553189323170560,1780553190323170560,Prefill Throughput Per User,tokens/sec/user,p90,2557.18
37,1780553189323170560,1780553190323170560,Prefill Throughput Per User,tokens/sec/user,p95,2557.18
37,1780553189323170560,1780553190323170560,Prefill Throughput Per User,tokens/sec/user,p99,2557.18
37,1780553189323170560,1780553190323170560,Prefill Throughput Per User,tokens/sec/user,std,0.00
37,1780553189323170560,1780553190323170560,Request Count,requests,avg,1.00
37,1780553189323170560,1780553190323170560,Request Latency,ms,avg,542367.50
37,1780553189323170560,1780553190323170560,Request Latency,ms,min,542367.50
37,1780553189323170560,1780553190323170560,Request Latency,ms,max,542367.50
37,1780553189323170560,1780553190323170560,Request Latency,ms,sum,542367.50
37,1780553189323170560,1780553190323170560,Request Latency,ms,p1,542367.50
37,1780553189323170560,1780553190323170560,Request Latency,ms,p5,542367.50
37,1780553189323170560,1780553190323170560,Request Latency,ms,p10,542367.50
37,1780553189323170560,1780553190323170560,Request Latency,ms,p25,542367.50
37,1780553189323170560,1780553190323170560,Request Latency,ms,p50,542367.50
37,1780553189323170560,1780553190323170560,Request Latency,ms,p75,542367.50
37,1780553189323170560,1780553190323170560,Request Latency,ms,p90,542367.50
37,1780553189323170560,1780553190323170560,Request Latency,ms,p95,542367.50
37,1780553189323170560,1780553190323170560,Request Latency,ms,p99,542367.50
37,1780553189323170560,1780553190323170560,Request Latency,ms,std,0.00
37,1780553189323170560,1780553190323170560,Request Throughput,requests/sec,avg,1.00
37,1780553189323170560,1780553190323170560,Requested OSL,tokens,avg,2696.00
37,1780553189323170560,1780553190323170560,Requested OSL,tokens,min,2696.00
37,1780553189323170560,1780553190323170560,Requested OSL,tokens,max,2696.00
37,1780553189323170560,1780553190323170560,Requested OSL,tokens,sum,2696.00
37,1780553189323170560,1780553190323170560,Requested OSL,tokens,p1,2696.00
37,1780553189323170560,1780553190323170560,Requested OSL,tokens,p5,2696.00
37,1780553189323170560,1780553190323170560,Requested OSL,tokens,p10,2696.00
37,1780553189323170560,1780553190323170560,Requested OSL,tokens,p25,2696.00
37,1780553189323170560,1780553190323170560,Requested OSL,tokens,p50,2696.00
37,1780553189323170560,1780553190323170560,Requested OSL,tokens,p75,2696.00
37,1780553189323170560,1780553190323170560,Requested OSL,tokens,p90,2696.00
37,1780553189323170560,1780553190323170560,Requested OSL,tokens,p95,2696.00
37,1780553189323170560,1780553190323170560,Requested OSL,tokens,p99,2696.00
37,1780553189323170560,1780553190323170560,Requested OSL,tokens,std,0.00
37,1780553189323170560,1780553190323170560,Time to First Output Token,ms,avg,74587.91
37,1780553189323170560,1780553190323170560,Time to First Output Token,ms,min,74587.91
37,1780553189323170560,1780553190323170560,Time to First Output Token,ms,max,74587.91
37,1780553189323170560,1780553190323170560,Time to First Output Token,ms,sum,74587.91
37,1780553189323170560,1780553190323170560,Time to First Output Token,ms,p1,74587.91
37,1780553189323170560,1780553190323170560,Time to First Output Token,ms,p5,74587.91
37,1780553189323170560,1780553190323170560,Time to First Output Token,ms,p10,74587.91
37,1780553189323170560,1780553190323170560,Time to First Output Token,ms,p25,74587.91
37,1780553189323170560,1780553190323170560,Time to First Output Token,ms,p50,74587.91
37,1780553189323170560,1780553190323170560,Time to First Output Token,ms,p75,74587.91
37,1780553189323170560,1780553190323170560,Time to First Output Token,ms,p90,74587.91
37,1780553189323170560,1780553190323170560,Time to First Output Token,ms,p95,74587.91
37,1780553189323170560,1780553190323170560,Time to First Output Token,ms,p99,74587.91
37,1780553189323170560,1780553190323170560,Time to First Output Token,ms,std,0.00
37,1780553189323170560,1780553190323170560,Time to First Token,ms,avg,74587.91
37,1780553189323170560,1780553190323170560,Time to First Token,ms,min,74587.91
37,1780553189323170560,1780553190323170560,Time to First Token,ms,max,74587.91
37,1780553189323170560,1780553190323170560,Time to First Token,ms,sum,74587.91
37,1780553189323170560,1780553190323170560,Time to First Token,ms,p1,74587.91
37,1780553189323170560,1780553190323170560,Time to First Token,ms,p5,74587.91
37,1780553189323170560,1780553190323170560,Time to First Token,ms,p10,74587.91
37,1780553189323170560,1780553190323170560,Time to First Token,ms,p25,74587.91
37,1780553189323170560,1780553190323170560,Time to First Token,ms,p50,74587.91
37,1780553189323170560,1780553190323170560,Time to First Token,ms,p75,74587.91
37,1780553189323170560,1780553190323170560,Time to First Token,ms,p90,74587.91
37,1780553189323170560,1780553190323170560,Time to First Token,ms,p95,74587.91
37,1780553189323170560,1780553190323170560,Time to First Token,ms,p99,74587.91
37,1780553189323170560,1780553190323170560,Time to First Token,ms,std,0.00
37,1780553189323170560,1780553190323170560,Time to Second Token,ms,avg,0.34
37,1780553189323170560,1780553190323170560,Time to Second Token,ms,min,0.34
37,1780553189323170560,1780553190323170560,Time to Second Token,ms,max,0.34
37,1780553189323170560,1780553190323170560,Time to Second Token,ms,sum,0.34
37,1780553189323170560,1780553190323170560,Time to Second Token,ms,p1,0.34
37,1780553189323170560,1780553190323170560,Time to Second Token,ms,p5,0.34
37,1780553189323170560,1780553190323170560,Time to Second Token,ms,p10,0.34
37,1780553189323170560,1780553190323170560,Time to Second Token,ms,p25,0.34
37,1780553189323170560,1780553190323170560,Time to Second Token,ms,p50,0.34
37,1780553189323170560,1780553190323170560,Time to Second Token,ms,p75,0.34
37,1780553189323170560,1780553190323170560,Time to Second Token,ms,p90,0.34
37,1780553189323170560,1780553190323170560,Time to Second Token,ms,p95,0.34
37,1780553189323170560,1780553190323170560,Time to Second Token,ms,p99,0.34
37,1780553189323170560,1780553190323170560,Time to Second Token,ms,std,0.00
37,1780553189323170560,1780553190323170560,Tokens In Flight,tokens,avg,1444700.98
37,1780553189323170560,1780553190323170560,Tokens In Flight,tokens,min,1404271.01
37,1780553189323170560,1780553190323170560,Tokens In Flight,tokens,max,1595070.97
37,1780553189323170560,1780553190323170560,Tokens In Flight,tokens,p50,1404303.47
37,1780553189323170560,1780553190323170560,Tokens In Flight,tokens,p90,1595065.09
37,1780553189323170560,1780553190323170560,Tokens In Flight,tokens,p95,1595069.31
37,1780553189323170560,1780553190323170560,Tokens In Flight,tokens,p99,1595070.97
37,1780553189323170560,1780553190323170560,Tokens In Flight,tokens,std,77944.29
37,1780553189323170560,1780553190323170560,Total Input Sequence Length,tokens,avg,190735.00
37,1780553189323170560,1780553190323170560,Total Output Sequence Length,tokens,avg,2696.00
37,1780553189323170560,1780553190323170560,Total Output Tokens,tokens,avg,2696.00
37,1780553189323170560,1780553190323170560,Total Token Throughput,tokens/sec,avg,193431.00
37,1780553189323170560,1780553190323170560,Total Usage Completion Tokens,tokens,avg,2696.00
37,1780553189323170560,1780553190323170560,Total Usage Prompt Tokens,tokens,avg,190735.00
37,1780553189323170560,1780553190323170560,Total Usage Total Tokens,tokens,avg,193431.00
37,1780553189323170560,1780553190323170560,Usage Completion Tokens,tokens,avg,2696.00
37,1780553189323170560,1780553190323170560,Usage Completion Tokens,tokens,min,2696.00
37,1780553189323170560,1780553190323170560,Usage Completion Tokens,tokens,max,2696.00
37,1780553189323170560,1780553190323170560,Usage Completion Tokens,tokens,sum,2696.00
37,1780553189323170560,1780553190323170560,Usage Completion Tokens,tokens,p1,2696.00
37,1780553189323170560,1780553190323170560,Usage Completion Tokens,tokens,p5,2696.00
37,1780553189323170560,1780553190323170560,Usage Completion Tokens,tokens,p10,2696.00
37,1780553189323170560,1780553190323170560,Usage Completion Tokens,tokens,p25,2696.00
37,1780553189323170560,1780553190323170560,Usage Completion Tokens,tokens,p50,2696.00
37,1780553189323170560,1780553190323170560,Usage Completion Tokens,tokens,p75,2696.00
37,1780553189323170560,1780553190323170560,Usage Completion Tokens,tokens,p90,2696.00
37,1780553189323170560,1780553190323170560,Usage Completion Tokens,tokens,p95,2696.00
37,1780553189323170560,1780553190323170560,Usage Completion Tokens,tokens,p99,2696.00
37,1780553189323170560,1780553190323170560,Usage Completion Tokens,tokens,std,0.00
37,1780553189323170560,1780553190323170560,Usage Prompt Tokens,tokens,avg,190735.00
37,1780553189323170560,1780553190323170560,Usage Prompt Tokens,tokens,min,190735.00
37,1780553189323170560,1780553190323170560,Usage Prompt Tokens,tokens,max,190735.00
37,1780553189323170560,1780553190323170560,Usage Prompt Tokens,tokens,sum,190735.00
37,1780553189323170560,1780553190323170560,Usage Prompt Tokens,tokens,p1,190735.00
37,1780553189323170560,1780553190323170560,Usage Prompt Tokens,tokens,p5,190735.00
37,1780553189323170560,1780553190323170560,Usage Prompt Tokens,tokens,p10,190735.00
37,1780553189323170560,1780553190323170560,Usage Prompt Tokens,tokens,p25,190735.00
37,1780553189323170560,1780553190323170560,Usage Prompt Tokens,tokens,p50,190735.00
37,1780553189323170560,1780553190323170560,Usage Prompt Tokens,tokens,p75,190735.00
37,1780553189323170560,1780553190323170560,Usage Prompt Tokens,tokens,p90,190735.00
37,1780553189323170560,1780553190323170560,Usage Prompt Tokens,tokens,p95,190735.00
37,1780553189323170560,1780553190323170560,Usage Prompt Tokens,tokens,p99,190735.00
37,1780553189323170560,1780553190323170560,Usage Prompt Tokens,tokens,std,0.00
37,1780553189323170560,1780553190323170560,Usage Total Tokens,tokens,avg,193431.00
37,1780553189323170560,1780553190323170560,Usage Total Tokens,tokens,min,193431.00
37,1780553189323170560,1780553190323170560,Usage Total Tokens,tokens,max,193431.00
37,1780553189323170560,1780553190323170560,Usage Total Tokens,tokens,sum,193431.00
37,1780553189323170560,1780553190323170560,Usage Total Tokens,tokens,p1,193431.00
37,1780553189323170560,1780553190323170560,Usage Total Tokens,tokens,p5,193431.00
37,1780553189323170560,1780553190323170560,Usage Total Tokens,tokens,p10,193431.00
37,1780553189323170560,1780553190323170560,Usage Total Tokens,tokens,p25,193431.00
37,1780553189323170560,1780553190323170560,Usage Total Tokens,tokens,p50,193431.00
37,1780553189323170560,1780553190323170560,Usage Total Tokens,tokens,p75,193431.00
37,1780553189323170560,1780553190323170560,Usage Total Tokens,tokens,p90,193431.00
37,1780553189323170560,1780553190323170560,Usage Total Tokens,tokens,p95,193431.00
37,1780553189323170560,1780553190323170560,Usage Total Tokens,tokens,p99,193431.00
37,1780553189323170560,1780553190323170560,Usage Total Tokens,tokens,std,0.00
38,1780553200323170560,1780553201323170560,Active Decode Throughput,tokens/sec,avg,76.45
38,1780553200323170560,1780553201323170560,Active Decode Throughput,tokens/sec,min,50.71
38,1780553200323170560,1780553201323170560,Active Decode Throughput,tokens/sec,max,102.20
38,1780553200323170560,1780553201323170560,Active Decode Throughput,tokens/sec,p50,76.45
38,1780553200323170560,1780553201323170560,Active Decode Throughput,tokens/sec,p90,76.45
38,1780553200323170560,1780553201323170560,Active Decode Throughput,tokens/sec,p95,76.45
38,1780553200323170560,1780553201323170560,Active Decode Throughput,tokens/sec,p99,76.46
38,1780553200323170560,1780553201323170560,Active Decode Throughput,tokens/sec,std,0.04
38,1780553200323170560,1780553201323170560,Active Decode Throughput Per User,tokens/sec/user,avg,6.37
38,1780553200323170560,1780553201323170560,Active Decode Throughput Per User,tokens/sec/user,min,4.23
38,1780553200323170560,1780553201323170560,Active Decode Throughput Per User,tokens/sec/user,max,8.52
38,1780553200323170560,1780553201323170560,Active Decode Throughput Per User,tokens/sec/user,p50,6.37
38,1780553200323170560,1780553201323170560,Active Decode Throughput Per User,tokens/sec/user,p90,6.37
38,1780553200323170560,1780553201323170560,Active Decode Throughput Per User,tokens/sec/user,p95,6.37
38,1780553200323170560,1780553201323170560,Active Decode Throughput Per User,tokens/sec/user,p99,6.37
38,1780553200323170560,1780553201323170560,Active Decode Throughput Per User,tokens/sec/user,std,0.00
38,1780553200323170560,1780553201323170560,Active Prefill Throughput,tokens/sec,avg,7267.22
38,1780553200323170560,1780553201323170560,Active Prefill Throughput,tokens/sec,min,7062.67
38,1780553200323170560,1780553201323170560,Active Prefill Throughput,tokens/sec,max,7852.59
38,1780553200323170560,1780553201323170560,Active Prefill Throughput,tokens/sec,p50,7062.67
38,1780553200323170560,1780553201323170560,Active Prefill Throughput,tokens/sec,p90,7852.59
38,1780553200323170560,1780553201323170560,Active Prefill Throughput,tokens/sec,p95,7852.59
38,1780553200323170560,1780553201323170560,Active Prefill Throughput,tokens/sec,p99,7852.59
38,1780553200323170560,1780553201323170560,Active Prefill Throughput,tokens/sec,std,346.03
38,1780553200323170560,1780553201323170560,Active Prefill Throughput Per User,tokens/sec/user,avg,2252.95
38,1780553200323170560,1780553201323170560,Active Prefill Throughput Per User,tokens/sec/user,min,1963.15
38,1780553200323170560,1780553201323170560,Active Prefill Throughput Per User,tokens/sec/user,max,2354.22
38,1780553200323170560,1780553201323170560,Active Prefill Throughput Per User,tokens/sec/user,p50,2354.22
38,1780553200323170560,1780553201323170560,Active Prefill Throughput Per User,tokens/sec/user,p90,2354.22
38,1780553200323170560,1780553201323170560,Active Prefill Throughput Per User,tokens/sec/user,p95,2354.22
38,1780553200323170560,1780553201323170560,Active Prefill Throughput Per User,tokens/sec/user,p99,2354.22
38,1780553200323170560,1780553201323170560,Active Prefill Throughput Per User,tokens/sec/user,std,171.32
38,1780553200323170560,1780553201323170560,Active Total Throughput,tokens/sec,avg,7345.90
38,1780553200323170560,1780553201323170560,Active Total Throughput,tokens/sec,min,7141.34
38,1780553200323170560,1780553201323170560,Active Total Throughput,tokens/sec,max,7931.26
38,1780553200323170560,1780553201323170560,Active Total Throughput,tokens/sec,p50,7141.34
38,1780553200323170560,1780553201323170560,Active Total Throughput,tokens/sec,p90,7931.26
38,1780553200323170560,1780553201323170560,Active Total Throughput,tokens/sec,p95,7931.26
38,1780553200323170560,1780553201323170560,Active Total Throughput,tokens/sec,p99,7931.26
38,1780553200323170560,1780553201323170560,Active Total Throughput,tokens/sec,std,346.03
38,1780553200323170560,1780553201323170560,Benchmark Duration,sec,avg,108.55
38,1780553200323170560,1780553201323170560,E2E Output Token Throughput,tokens/sec/user,avg,0.13
38,1780553200323170560,1780553201323170560,E2E Output Token Throughput,tokens/sec/user,min,0.13
38,1780553200323170560,1780553201323170560,E2E Output Token Throughput,tokens/sec/user,max,0.13
38,1780553200323170560,1780553201323170560,E2E Output Token Throughput,tokens/sec/user,sum,0.13
38,1780553200323170560,1780553201323170560,E2E Output Token Throughput,tokens/sec/user,p1,0.13
38,1780553200323170560,1780553201323170560,E2E Output Token Throughput,tokens/sec/user,p5,0.13
38,1780553200323170560,1780553201323170560,E2E Output Token Throughput,tokens/sec/user,p10,0.13
38,1780553200323170560,1780553201323170560,E2E Output Token Throughput,tokens/sec/user,p25,0.13
38,1780553200323170560,1780553201323170560,E2E Output Token Throughput,tokens/sec/user,p50,0.13
38,1780553200323170560,1780553201323170560,E2E Output Token Throughput,tokens/sec/user,p75,0.13
38,1780553200323170560,1780553201323170560,E2E Output Token Throughput,tokens/sec/user,p90,0.13
38,1780553200323170560,1780553201323170560,E2E Output Token Throughput,tokens/sec/user,p95,0.13
38,1780553200323170560,1780553201323170560,E2E Output Token Throughput,tokens/sec/user,p99,0.13
38,1780553200323170560,1780553201323170560,E2E Output Token Throughput,tokens/sec/user,std,0.00
38,1780553200323170560,1780553201323170560,Effective Concurrency,requests,avg,15.26
38,1780553200323170560,1780553201323170560,Effective Concurrency,requests,min,15.00
38,1780553200323170560,1780553201323170560,Effective Concurrency,requests,max,16.00
38,1780553200323170560,1780553201323170560,Effective Concurrency,requests,p50,15.00
38,1780553200323170560,1780553201323170560,Effective Concurrency,requests,p90,16.00
38,1780553200323170560,1780553201323170560,Effective Concurrency,requests,p95,16.00
38,1780553200323170560,1780553201323170560,Effective Concurrency,requests,p99,16.00
38,1780553200323170560,1780553201323170560,Effective Concurrency,requests,std,0.44
38,1780553200323170560,1780553201323170560,Effective Decode Concurrency,requests,avg,12.00
38,1780553200323170560,1780553201323170560,Effective Decode Concurrency,requests,min,12.00
38,1780553200323170560,1780553201323170560,Effective Decode Concurrency,requests,max,12.00
38,1780553200323170560,1780553201323170560,Effective Decode Concurrency,requests,p50,12.00
38,1780553200323170560,1780553201323170560,Effective Decode Concurrency,requests,p90,12.00
38,1780553200323170560,1780553201323170560,Effective Decode Concurrency,requests,p95,12.00
38,1780553200323170560,1780553201323170560,Effective Decode Concurrency,requests,p99,12.00
38,1780553200323170560,1780553201323170560,Effective Decode Concurrency,requests,std,0.00
38,1780553200323170560,1780553201323170560,Effective Decode Throughput,tokens/sec,avg,76.45
38,1780553200323170560,1780553201323170560,Effective Decode Throughput,tokens/sec,min,50.71
38,1780553200323170560,1780553201323170560,Effective Decode Throughput,tokens/sec,max,102.20
38,1780553200323170560,1780553201323170560,Effective Decode Throughput,tokens/sec,p50,76.45
38,1780553200323170560,1780553201323170560,Effective Decode Throughput,tokens/sec,p90,76.45
38,1780553200323170560,1780553201323170560,Effective Decode Throughput,tokens/sec,p95,76.45
38,1780553200323170560,1780553201323170560,Effective Decode Throughput,tokens/sec,p99,76.46
38,1780553200323170560,1780553201323170560,Effective Decode Throughput,tokens/sec,std,0.04
38,1780553200323170560,1780553201323170560,Effective Decode Throughput Per User,tokens/sec/user,avg,6.37
38,1780553200323170560,1780553201323170560,Effective Decode Throughput Per User,tokens/sec/user,min,4.23
38,1780553200323170560,1780553201323170560,Effective Decode Throughput Per User,tokens/sec/user,max,8.52
38,1780553200323170560,1780553201323170560,Effective Decode Throughput Per User,tokens/sec/user,p50,6.37
38,1780553200323170560,1780553201323170560,Effective Decode Throughput Per User,tokens/sec/user,p90,6.37
38,1780553200323170560,1780553201323170560,Effective Decode Throughput Per User,tokens/sec/user,p95,6.37
38,1780553200323170560,1780553201323170560,Effective Decode Throughput Per User,tokens/sec/user,p99,6.37
38,1780553200323170560,1780553201323170560,Effective Decode Throughput Per User,tokens/sec/user,std,0.00
38,1780553200323170560,1780553201323170560,Effective Prefill Concurrency,requests,avg,3.26
38,1780553200323170560,1780553201323170560,Effective Prefill Concurrency,requests,min,3.00
38,1780553200323170560,1780553201323170560,Effective Prefill Concurrency,requests,max,4.00
38,1780553200323170560,1780553201323170560,Effective Prefill Concurrency,requests,p50,3.00
38,1780553200323170560,1780553201323170560,Effective Prefill Concurrency,requests,p90,4.00
38,1780553200323170560,1780553201323170560,Effective Prefill Concurrency,requests,p95,4.00
38,1780553200323170560,1780553201323170560,Effective Prefill Concurrency,requests,p99,4.00
38,1780553200323170560,1780553201323170560,Effective Prefill Concurrency,requests,std,0.44
38,1780553200323170560,1780553201323170560,Effective Prefill Throughput,tokens/sec,avg,7267.22
38,1780553200323170560,1780553201323170560,Effective Prefill Throughput,tokens/sec,min,7062.67
38,1780553200323170560,1780553201323170560,Effective Prefill Throughput,tokens/sec,max,7852.59
38,1780553200323170560,1780553201323170560,Effective Prefill Throughput,tokens/sec,p50,7062.67
38,1780553200323170560,1780553201323170560,Effective Prefill Throughput,tokens/sec,p90,7852.59
38,1780553200323170560,1780553201323170560,Effective Prefill Throughput,tokens/sec,p95,7852.59
38,1780553200323170560,1780553201323170560,Effective Prefill Throughput,tokens/sec,p99,7852.59
38,1780553200323170560,1780553201323170560,Effective Prefill Throughput,tokens/sec,std,346.03
38,1780553200323170560,1780553201323170560,Effective Prefill Throughput Per User,tokens/sec/user,avg,2252.95
38,1780553200323170560,1780553201323170560,Effective Prefill Throughput Per User,tokens/sec/user,min,1963.15
38,1780553200323170560,1780553201323170560,Effective Prefill Throughput Per User,tokens/sec/user,max,2354.22
38,1780553200323170560,1780553201323170560,Effective Prefill Throughput Per User,tokens/sec/user,p50,2354.22
38,1780553200323170560,1780553201323170560,Effective Prefill Throughput Per User,tokens/sec/user,p90,2354.22
38,1780553200323170560,1780553201323170560,Effective Prefill Throughput Per User,tokens/sec/user,p95,2354.22
38,1780553200323170560,1780553201323170560,Effective Prefill Throughput Per User,tokens/sec/user,p99,2354.22
38,1780553200323170560,1780553201323170560,Effective Prefill Throughput Per User,tokens/sec/user,std,171.32
38,1780553200323170560,1780553201323170560,Effective Total Throughput,tokens/sec,avg,7345.90
38,1780553200323170560,1780553201323170560,Effective Total Throughput,tokens/sec,min,7141.34
38,1780553200323170560,1780553201323170560,Effective Total Throughput,tokens/sec,max,7931.26
38,1780553200323170560,1780553201323170560,Effective Total Throughput,tokens/sec,p50,7141.34
38,1780553200323170560,1780553201323170560,Effective Total Throughput,tokens/sec,p90,7931.26
38,1780553200323170560,1780553201323170560,Effective Total Throughput,tokens/sec,p95,7931.26
38,1780553200323170560,1780553201323170560,Effective Total Throughput,tokens/sec,p99,7931.26
38,1780553200323170560,1780553201323170560,Effective Total Throughput,tokens/sec,std,346.03
38,1780553200323170560,1780553201323170560,HTTP Blocked,ms,avg,0.00
38,1780553200323170560,1780553201323170560,HTTP Blocked,ms,min,0.00
38,1780553200323170560,1780553201323170560,HTTP Blocked,ms,max,0.00
38,1780553200323170560,1780553201323170560,HTTP Blocked,ms,sum,0.00
38,1780553200323170560,1780553201323170560,HTTP Blocked,ms,p1,0.00
38,1780553200323170560,1780553201323170560,HTTP Blocked,ms,p5,0.00
38,1780553200323170560,1780553201323170560,HTTP Blocked,ms,p10,0.00
38,1780553200323170560,1780553201323170560,HTTP Blocked,ms,p25,0.00
38,1780553200323170560,1780553201323170560,HTTP Blocked,ms,p50,0.00
38,1780553200323170560,1780553201323170560,HTTP Blocked,ms,p75,0.00
38,1780553200323170560,1780553201323170560,HTTP Blocked,ms,p90,0.00
38,1780553200323170560,1780553201323170560,HTTP Blocked,ms,p95,0.00
38,1780553200323170560,1780553201323170560,HTTP Blocked,ms,p99,0.00
38,1780553200323170560,1780553201323170560,HTTP Blocked,ms,std,0.00
38,1780553200323170560,1780553201323170560,HTTP Chunks Received,count,avg,14.00
38,1780553200323170560,1780553201323170560,HTTP Chunks Received,count,min,14.00
38,1780553200323170560,1780553201323170560,HTTP Chunks Received,count,max,14.00
38,1780553200323170560,1780553201323170560,HTTP Chunks Received,count,sum,14.00
38,1780553200323170560,1780553201323170560,HTTP Chunks Received,count,p1,14.00
38,1780553200323170560,1780553201323170560,HTTP Chunks Received,count,p5,14.00
38,1780553200323170560,1780553201323170560,HTTP Chunks Received,count,p10,14.00
38,1780553200323170560,1780553201323170560,HTTP Chunks Received,count,p25,14.00
38,1780553200323170560,1780553201323170560,HTTP Chunks Received,count,p50,14.00
38,1780553200323170560,1780553201323170560,HTTP Chunks Received,count,p75,14.00
38,1780553200323170560,1780553201323170560,HTTP Chunks Received,count,p90,14.00
38,1780553200323170560,1780553201323170560,HTTP Chunks Received,count,p95,14.00
38,1780553200323170560,1780553201323170560,HTTP Chunks Received,count,p99,14.00
38,1780553200323170560,1780553201323170560,HTTP Chunks Received,count,std,0.00
38,1780553200323170560,1780553201323170560,HTTP Chunks Sent,count,avg,1.00
38,1780553200323170560,1780553201323170560,HTTP Chunks Sent,count,min,1.00
38,1780553200323170560,1780553201323170560,HTTP Chunks Sent,count,max,1.00
38,1780553200323170560,1780553201323170560,HTTP Chunks Sent,count,sum,1.00
38,1780553200323170560,1780553201323170560,HTTP Chunks Sent,count,p1,1.00
38,1780553200323170560,1780553201323170560,HTTP Chunks Sent,count,p5,1.00
38,1780553200323170560,1780553201323170560,HTTP Chunks Sent,count,p10,1.00
38,1780553200323170560,1780553201323170560,HTTP Chunks Sent,count,p25,1.00
38,1780553200323170560,1780553201323170560,HTTP Chunks Sent,count,p50,1.00
38,1780553200323170560,1780553201323170560,HTTP Chunks Sent,count,p75,1.00
38,1780553200323170560,1780553201323170560,HTTP Chunks Sent,count,p90,1.00
38,1780553200323170560,1780553201323170560,HTTP Chunks Sent,count,p95,1.00
38,1780553200323170560,1780553201323170560,HTTP Chunks Sent,count,p99,1.00
38,1780553200323170560,1780553201323170560,HTTP Chunks Sent,count,std,0.00
38,1780553200323170560,1780553201323170560,HTTP Connecting,ms,avg,0.72
38,1780553200323170560,1780553201323170560,HTTP Connecting,ms,min,0.72
38,1780553200323170560,1780553201323170560,HTTP Connecting,ms,max,0.72
38,1780553200323170560,1780553201323170560,HTTP Connecting,ms,sum,0.72
38,1780553200323170560,1780553201323170560,HTTP Connecting,ms,p1,0.72
38,1780553200323170560,1780553201323170560,HTTP Connecting,ms,p5,0.72
38,1780553200323170560,1780553201323170560,HTTP Connecting,ms,p10,0.72
38,1780553200323170560,1780553201323170560,HTTP Connecting,ms,p25,0.72
38,1780553200323170560,1780553201323170560,HTTP Connecting,ms,p50,0.72
38,1780553200323170560,1780553201323170560,HTTP Connecting,ms,p75,0.72
38,1780553200323170560,1780553201323170560,HTTP Connecting,ms,p90,0.72
38,1780553200323170560,1780553201323170560,HTTP Connecting,ms,p95,0.72
38,1780553200323170560,1780553201323170560,HTTP Connecting,ms,p99,0.72
38,1780553200323170560,1780553201323170560,HTTP Connecting,ms,std,0.00
38,1780553200323170560,1780553201323170560,HTTP Connection Overhead,ms,avg,0.72
38,1780553200323170560,1780553201323170560,HTTP Connection Overhead,ms,min,0.72
38,1780553200323170560,1780553201323170560,HTTP Connection Overhead,ms,max,0.72
38,1780553200323170560,1780553201323170560,HTTP Connection Overhead,ms,sum,0.72
38,1780553200323170560,1780553201323170560,HTTP Connection Overhead,ms,p1,0.72
38,1780553200323170560,1780553201323170560,HTTP Connection Overhead,ms,p5,0.72
38,1780553200323170560,1780553201323170560,HTTP Connection Overhead,ms,p10,0.72
38,1780553200323170560,1780553201323170560,HTTP Connection Overhead,ms,p25,0.72
38,1780553200323170560,1780553201323170560,HTTP Connection Overhead,ms,p50,0.72
38,1780553200323170560,1780553201323170560,HTTP Connection Overhead,ms,p75,0.72
38,1780553200323170560,1780553201323170560,HTTP Connection Overhead,ms,p90,0.72
38,1780553200323170560,1780553201323170560,HTTP Connection Overhead,ms,p95,0.72
38,1780553200323170560,1780553201323170560,HTTP Connection Overhead,ms,p99,0.72
38,1780553200323170560,1780553201323170560,HTTP Connection Overhead,ms,std,0.00
38,1780553200323170560,1780553201323170560,HTTP Connection Reused,ratio,avg,0.00
38,1780553200323170560,1780553201323170560,HTTP Connection Reused,ratio,min,0.00
38,1780553200323170560,1780553201323170560,HTTP Connection Reused,ratio,max,0.00
38,1780553200323170560,1780553201323170560,HTTP Connection Reused,ratio,sum,0.00
38,1780553200323170560,1780553201323170560,HTTP Connection Reused,ratio,p1,0.00
38,1780553200323170560,1780553201323170560,HTTP Connection Reused,ratio,p5,0.00
38,1780553200323170560,1780553201323170560,HTTP Connection Reused,ratio,p10,0.00
38,1780553200323170560,1780553201323170560,HTTP Connection Reused,ratio,p25,0.00
38,1780553200323170560,1780553201323170560,HTTP Connection Reused,ratio,p50,0.00
38,1780553200323170560,1780553201323170560,HTTP Connection Reused,ratio,p75,0.00
38,1780553200323170560,1780553201323170560,HTTP Connection Reused,ratio,p90,0.00
38,1780553200323170560,1780553201323170560,HTTP Connection Reused,ratio,p95,0.00
38,1780553200323170560,1780553201323170560,HTTP Connection Reused,ratio,p99,0.00
38,1780553200323170560,1780553201323170560,HTTP Connection Reused,ratio,std,0.00
38,1780553200323170560,1780553201323170560,HTTP Data Received,KB,avg,4.08
38,1780553200323170560,1780553201323170560,HTTP Data Received,KB,min,4.08
38,1780553200323170560,1780553201323170560,HTTP Data Received,KB,max,4.08
38,1780553200323170560,1780553201323170560,HTTP Data Received,KB,sum,4.08
38,1780553200323170560,1780553201323170560,HTTP Data Received,KB,p1,4.08
38,1780553200323170560,1780553201323170560,HTTP Data Received,KB,p5,4.08
38,1780553200323170560,1780553201323170560,HTTP Data Received,KB,p10,4.08
38,1780553200323170560,1780553201323170560,HTTP Data Received,KB,p25,4.08
38,1780553200323170560,1780553201323170560,HTTP Data Received,KB,p50,4.08
38,1780553200323170560,1780553201323170560,HTTP Data Received,KB,p75,4.08
38,1780553200323170560,1780553201323170560,HTTP Data Received,KB,p90,4.08
38,1780553200323170560,1780553201323170560,HTTP Data Received,KB,p95,4.08
38,1780553200323170560,1780553201323170560,HTTP Data Received,KB,p99,4.08
38,1780553200323170560,1780553201323170560,HTTP Data Received,KB,std,0.00
38,1780553200323170560,1780553201323170560,HTTP Data Sent,KB,avg,329.24
38,1780553200323170560,1780553201323170560,HTTP Data Sent,KB,min,329.24
38,1780553200323170560,1780553201323170560,HTTP Data Sent,KB,max,329.24
38,1780553200323170560,1780553201323170560,HTTP Data Sent,KB,sum,329.24
38,1780553200323170560,1780553201323170560,HTTP Data Sent,KB,p1,329.24
38,1780553200323170560,1780553201323170560,HTTP Data Sent,KB,p5,329.24
38,1780553200323170560,1780553201323170560,HTTP Data Sent,KB,p10,329.24
38,1780553200323170560,1780553201323170560,HTTP Data Sent,KB,p25,329.24
38,1780553200323170560,1780553201323170560,HTTP Data Sent,KB,p50,329.24
38,1780553200323170560,1780553201323170560,HTTP Data Sent,KB,p75,329.24
38,1780553200323170560,1780553201323170560,HTTP Data Sent,KB,p90,329.24
38,1780553200323170560,1780553201323170560,HTTP Data Sent,KB,p95,329.24
38,1780553200323170560,1780553201323170560,HTTP Data Sent,KB,p99,329.24
38,1780553200323170560,1780553201323170560,HTTP Data Sent,KB,std,0.00
38,1780553200323170560,1780553201323170560,HTTP DNS Lookup,ms,avg,0.00
38,1780553200323170560,1780553201323170560,HTTP DNS Lookup,ms,min,0.00
38,1780553200323170560,1780553201323170560,HTTP DNS Lookup,ms,max,0.00
38,1780553200323170560,1780553201323170560,HTTP DNS Lookup,ms,sum,0.00
38,1780553200323170560,1780553201323170560,HTTP DNS Lookup,ms,p1,0.00
38,1780553200323170560,1780553201323170560,HTTP DNS Lookup,ms,p5,0.00
38,1780553200323170560,1780553201323170560,HTTP DNS Lookup,ms,p10,0.00
38,1780553200323170560,1780553201323170560,HTTP DNS Lookup,ms,p25,0.00
38,1780553200323170560,1780553201323170560,HTTP DNS Lookup,ms,p50,0.00
38,1780553200323170560,1780553201323170560,HTTP DNS Lookup,ms,p75,0.00
38,1780553200323170560,1780553201323170560,HTTP DNS Lookup,ms,p90,0.00
38,1780553200323170560,1780553201323170560,HTTP DNS Lookup,ms,p95,0.00
38,1780553200323170560,1780553201323170560,HTTP DNS Lookup,ms,p99,0.00
38,1780553200323170560,1780553201323170560,HTTP DNS Lookup,ms,std,0.00
38,1780553200323170560,1780553201323170560,HTTP Duration (excl. conn),ms,avg,108553.96
38,1780553200323170560,1780553201323170560,HTTP Duration (excl. conn),ms,min,108553.96
38,1780553200323170560,1780553201323170560,HTTP Duration (excl. conn),ms,max,108553.96
38,1780553200323170560,1780553201323170560,HTTP Duration (excl. conn),ms,sum,108553.96
38,1780553200323170560,1780553201323170560,HTTP Duration (excl. conn),ms,p1,108553.96
38,1780553200323170560,1780553201323170560,HTTP Duration (excl. conn),ms,p5,108553.96
38,1780553200323170560,1780553201323170560,HTTP Duration (excl. conn),ms,p10,108553.96
38,1780553200323170560,1780553201323170560,HTTP Duration (excl. conn),ms,p25,108553.96
38,1780553200323170560,1780553201323170560,HTTP Duration (excl. conn),ms,p50,108553.96
38,1780553200323170560,1780553201323170560,HTTP Duration (excl. conn),ms,p75,108553.96
38,1780553200323170560,1780553201323170560,HTTP Duration (excl. conn),ms,p90,108553.96
38,1780553200323170560,1780553201323170560,HTTP Duration (excl. conn),ms,p95,108553.96
38,1780553200323170560,1780553201323170560,HTTP Duration (excl. conn),ms,p99,108553.96
38,1780553200323170560,1780553201323170560,HTTP Duration (excl. conn),ms,std,0.00
38,1780553200323170560,1780553201323170560,HTTP Receiving,ms,avg,815.91
38,1780553200323170560,1780553201323170560,HTTP Receiving,ms,min,815.91
38,1780553200323170560,1780553201323170560,HTTP Receiving,ms,max,815.91
38,1780553200323170560,1780553201323170560,HTTP Receiving,ms,sum,815.91
38,1780553200323170560,1780553201323170560,HTTP Receiving,ms,p1,815.91
38,1780553200323170560,1780553201323170560,HTTP Receiving,ms,p5,815.91
38,1780553200323170560,1780553201323170560,HTTP Receiving,ms,p10,815.91
38,1780553200323170560,1780553201323170560,HTTP Receiving,ms,p25,815.91
38,1780553200323170560,1780553201323170560,HTTP Receiving,ms,p50,815.91
38,1780553200323170560,1780553201323170560,HTTP Receiving,ms,p75,815.91
38,1780553200323170560,1780553201323170560,HTTP Receiving,ms,p90,815.91
38,1780553200323170560,1780553201323170560,HTTP Receiving,ms,p95,815.91
38,1780553200323170560,1780553201323170560,HTTP Receiving,ms,p99,815.91
38,1780553200323170560,1780553201323170560,HTTP Receiving,ms,std,0.00
38,1780553200323170560,1780553201323170560,HTTP Sending,ms,avg,1.01
38,1780553200323170560,1780553201323170560,HTTP Sending,ms,min,1.01
38,1780553200323170560,1780553201323170560,HTTP Sending,ms,max,1.01
38,1780553200323170560,1780553201323170560,HTTP Sending,ms,sum,1.01
38,1780553200323170560,1780553201323170560,HTTP Sending,ms,p1,1.01
38,1780553200323170560,1780553201323170560,HTTP Sending,ms,p5,1.01
38,1780553200323170560,1780553201323170560,HTTP Sending,ms,p10,1.01
38,1780553200323170560,1780553201323170560,HTTP Sending,ms,p25,1.01
38,1780553200323170560,1780553201323170560,HTTP Sending,ms,p50,1.01
38,1780553200323170560,1780553201323170560,HTTP Sending,ms,p75,1.01
38,1780553200323170560,1780553201323170560,HTTP Sending,ms,p90,1.01
38,1780553200323170560,1780553201323170560,HTTP Sending,ms,p95,1.01
38,1780553200323170560,1780553201323170560,HTTP Sending,ms,p99,1.01
38,1780553200323170560,1780553201323170560,HTTP Sending,ms,std,0.00
38,1780553200323170560,1780553201323170560,HTTP Total Time,ms,avg,108554.68
38,1780553200323170560,1780553201323170560,HTTP Total Time,ms,min,108554.68
38,1780553200323170560,1780553201323170560,HTTP Total Time,ms,max,108554.68
38,1780553200323170560,1780553201323170560,HTTP Total Time,ms,sum,108554.68
38,1780553200323170560,1780553201323170560,HTTP Total Time,ms,p1,108554.68
38,1780553200323170560,1780553201323170560,HTTP Total Time,ms,p5,108554.68
38,1780553200323170560,1780553201323170560,HTTP Total Time,ms,p10,108554.68
38,1780553200323170560,1780553201323170560,HTTP Total Time,ms,p25,108554.68
38,1780553200323170560,1780553201323170560,HTTP Total Time,ms,p50,108554.68
38,1780553200323170560,1780553201323170560,HTTP Total Time,ms,p75,108554.68
38,1780553200323170560,1780553201323170560,HTTP Total Time,ms,p90,108554.68
38,1780553200323170560,1780553201323170560,HTTP Total Time,ms,p95,108554.68
38,1780553200323170560,1780553201323170560,HTTP Total Time,ms,p99,108554.68
38,1780553200323170560,1780553201323170560,HTTP Total Time,ms,std,0.00
38,1780553200323170560,1780553201323170560,HTTP Waiting (TTFB),ms,avg,107737.05
38,1780553200323170560,1780553201323170560,HTTP Waiting (TTFB),ms,min,107737.05
38,1780553200323170560,1780553201323170560,HTTP Waiting (TTFB),ms,max,107737.05
38,1780553200323170560,1780553201323170560,HTTP Waiting (TTFB),ms,sum,107737.05
38,1780553200323170560,1780553201323170560,HTTP Waiting (TTFB),ms,p1,107737.05
38,1780553200323170560,1780553201323170560,HTTP Waiting (TTFB),ms,p5,107737.05
38,1780553200323170560,1780553201323170560,HTTP Waiting (TTFB),ms,p10,107737.05
38,1780553200323170560,1780553201323170560,HTTP Waiting (TTFB),ms,p25,107737.05
38,1780553200323170560,1780553201323170560,HTTP Waiting (TTFB),ms,p50,107737.05
38,1780553200323170560,1780553201323170560,HTTP Waiting (TTFB),ms,p75,107737.05
38,1780553200323170560,1780553201323170560,HTTP Waiting (TTFB),ms,p90,107737.05
38,1780553200323170560,1780553201323170560,HTTP Waiting (TTFB),ms,p95,107737.05
38,1780553200323170560,1780553201323170560,HTTP Waiting (TTFB),ms,p99,107737.05
38,1780553200323170560,1780553201323170560,HTTP Waiting (TTFB),ms,std,0.00
38,1780553200323170560,1780553201323170560,Input Sequence Length,tokens,avg,85104.00
38,1780553200323170560,1780553201323170560,Input Sequence Length,tokens,min,85104.00
38,1780553200323170560,1780553201323170560,Input Sequence Length,tokens,max,85104.00
38,1780553200323170560,1780553201323170560,Input Sequence Length,tokens,sum,85104.00
38,1780553200323170560,1780553201323170560,Input Sequence Length,tokens,p1,85104.00
38,1780553200323170560,1780553201323170560,Input Sequence Length,tokens,p5,85104.00
38,1780553200323170560,1780553201323170560,Input Sequence Length,tokens,p10,85104.00
38,1780553200323170560,1780553201323170560,Input Sequence Length,tokens,p25,85104.00
38,1780553200323170560,1780553201323170560,Input Sequence Length,tokens,p50,85104.00
38,1780553200323170560,1780553201323170560,Input Sequence Length,tokens,p75,85104.00
38,1780553200323170560,1780553201323170560,Input Sequence Length,tokens,p90,85104.00
38,1780553200323170560,1780553201323170560,Input Sequence Length,tokens,p95,85104.00
38,1780553200323170560,1780553201323170560,Input Sequence Length,tokens,p99,85104.00
38,1780553200323170560,1780553201323170560,Input Sequence Length,tokens,std,0.00
38,1780553200323170560,1780553201323170560,Input Token Throughput,tokens/sec,avg,85104.00
38,1780553200323170560,1780553201323170560,Inter Chunk Latency,ms,avg,64.06
38,1780553200323170560,1780553201323170560,Inter Chunk Latency,ms,min,64.06
38,1780553200323170560,1780553201323170560,Inter Chunk Latency,ms,max,64.07
38,1780553200323170560,1780553201323170560,Inter Chunk Latency,ms,sum,832.84
38,1780553200323170560,1780553201323170560,Inter Chunk Latency,ms,p1,64.06
38,1780553200323170560,1780553201323170560,Inter Chunk Latency,ms,p5,64.06
38,1780553200323170560,1780553201323170560,Inter Chunk Latency,ms,p10,64.06
38,1780553200323170560,1780553201323170560,Inter Chunk Latency,ms,p25,64.06
38,1780553200323170560,1780553201323170560,Inter Chunk Latency,ms,p50,64.06
38,1780553200323170560,1780553201323170560,Inter Chunk Latency,ms,p75,64.07
38,1780553200323170560,1780553201323170560,Inter Chunk Latency,ms,p90,64.07
38,1780553200323170560,1780553201323170560,Inter Chunk Latency,ms,p95,64.07
38,1780553200323170560,1780553201323170560,Inter Chunk Latency,ms,p99,64.07
38,1780553200323170560,1780553201323170560,Inter Chunk Latency,ms,std,0.00
38,1780553200323170560,1780553201323170560,Inter Token Latency,ms,avg,62.76
38,1780553200323170560,1780553201323170560,Inter Token Latency,ms,min,62.76
38,1780553200323170560,1780553201323170560,Inter Token Latency,ms,max,62.76
38,1780553200323170560,1780553201323170560,Inter Token Latency,ms,sum,62.76
38,1780553200323170560,1780553201323170560,Inter Token Latency,ms,p1,62.76
38,1780553200323170560,1780553201323170560,Inter Token Latency,ms,p5,62.76
38,1780553200323170560,1780553201323170560,Inter Token Latency,ms,p10,62.76
38,1780553200323170560,1780553201323170560,Inter Token Latency,ms,p25,62.76
38,1780553200323170560,1780553201323170560,Inter Token Latency,ms,p50,62.76
38,1780553200323170560,1780553201323170560,Inter Token Latency,ms,p75,62.76
38,1780553200323170560,1780553201323170560,Inter Token Latency,ms,p90,62.76
38,1780553200323170560,1780553201323170560,Inter Token Latency,ms,p95,62.76
38,1780553200323170560,1780553201323170560,Inter Token Latency,ms,p99,62.76
38,1780553200323170560,1780553201323170560,Inter Token Latency,ms,std,0.00
38,1780553200323170560,1780553201323170560,Maximum Response Timestamp,ns,avg,1780553309618288640.00
38,1780553200323170560,1780553201323170560,Minimum Request Timestamp,ns,avg,1780553201064214528.00
38,1780553200323170560,1780553201323170560,OSL Mismatch Count,requests,avg,0.00
38,1780553200323170560,1780553201323170560,OSL Mismatch Diff %,%,avg,0.00
38,1780553200323170560,1780553201323170560,OSL Mismatch Diff %,%,min,0.00
38,1780553200323170560,1780553201323170560,OSL Mismatch Diff %,%,max,0.00
38,1780553200323170560,1780553201323170560,OSL Mismatch Diff %,%,sum,0.00
38,1780553200323170560,1780553201323170560,OSL Mismatch Diff %,%,p1,0.00
38,1780553200323170560,1780553201323170560,OSL Mismatch Diff %,%,p5,0.00
38,1780553200323170560,1780553201323170560,OSL Mismatch Diff %,%,p10,0.00
38,1780553200323170560,1780553201323170560,OSL Mismatch Diff %,%,p25,0.00
38,1780553200323170560,1780553201323170560,OSL Mismatch Diff %,%,p50,0.00
38,1780553200323170560,1780553201323170560,OSL Mismatch Diff %,%,p75,0.00
38,1780553200323170560,1780553201323170560,OSL Mismatch Diff %,%,p90,0.00
38,1780553200323170560,1780553201323170560,OSL Mismatch Diff %,%,p95,0.00
38,1780553200323170560,1780553201323170560,OSL Mismatch Diff %,%,p99,0.00
38,1780553200323170560,1780553201323170560,OSL Mismatch Diff %,%,std,0.00
38,1780553200323170560,1780553201323170560,Output Sequence Length,tokens,avg,14.00
38,1780553200323170560,1780553201323170560,Output Sequence Length,tokens,min,14.00
38,1780553200323170560,1780553201323170560,Output Sequence Length,tokens,max,14.00
38,1780553200323170560,1780553201323170560,Output Sequence Length,tokens,sum,14.00
38,1780553200323170560,1780553201323170560,Output Sequence Length,tokens,p1,14.00
38,1780553200323170560,1780553201323170560,Output Sequence Length,tokens,p5,14.00
38,1780553200323170560,1780553201323170560,Output Sequence Length,tokens,p10,14.00
38,1780553200323170560,1780553201323170560,Output Sequence Length,tokens,p25,14.00
38,1780553200323170560,1780553201323170560,Output Sequence Length,tokens,p50,14.00
38,1780553200323170560,1780553201323170560,Output Sequence Length,tokens,p75,14.00
38,1780553200323170560,1780553201323170560,Output Sequence Length,tokens,p90,14.00
38,1780553200323170560,1780553201323170560,Output Sequence Length,tokens,p95,14.00
38,1780553200323170560,1780553201323170560,Output Sequence Length,tokens,p99,14.00
38,1780553200323170560,1780553201323170560,Output Sequence Length,tokens,std,0.00
38,1780553200323170560,1780553201323170560,Output Token Count,tokens,avg,14.00
38,1780553200323170560,1780553201323170560,Output Token Count,tokens,min,14.00
38,1780553200323170560,1780553201323170560,Output Token Count,tokens,max,14.00
38,1780553200323170560,1780553201323170560,Output Token Count,tokens,sum,14.00
38,1780553200323170560,1780553201323170560,Output Token Count,tokens,p1,14.00
38,1780553200323170560,1780553201323170560,Output Token Count,tokens,p5,14.00
38,1780553200323170560,1780553201323170560,Output Token Count,tokens,p10,14.00
38,1780553200323170560,1780553201323170560,Output Token Count,tokens,p25,14.00
38,1780553200323170560,1780553201323170560,Output Token Count,tokens,p50,14.00
38,1780553200323170560,1780553201323170560,Output Token Count,tokens,p75,14.00
38,1780553200323170560,1780553201323170560,Output Token Count,tokens,p90,14.00
38,1780553200323170560,1780553201323170560,Output Token Count,tokens,p95,14.00
38,1780553200323170560,1780553201323170560,Output Token Count,tokens,p99,14.00
38,1780553200323170560,1780553201323170560,Output Token Count,tokens,std,0.00
38,1780553200323170560,1780553201323170560,Output Token Throughput,tokens/sec,avg,14.00
38,1780553200323170560,1780553201323170560,Output Token Throughput Per User,tokens/sec/user,avg,15.93
38,1780553200323170560,1780553201323170560,Output Token Throughput Per User,tokens/sec/user,min,15.93
38,1780553200323170560,1780553201323170560,Output Token Throughput Per User,tokens/sec/user,max,15.93
38,1780553200323170560,1780553201323170560,Output Token Throughput Per User,tokens/sec/user,sum,15.93
38,1780553200323170560,1780553201323170560,Output Token Throughput Per User,tokens/sec/user,p1,15.93
38,1780553200323170560,1780553201323170560,Output Token Throughput Per User,tokens/sec/user,p5,15.93
38,1780553200323170560,1780553201323170560,Output Token Throughput Per User,tokens/sec/user,p10,15.93
38,1780553200323170560,1780553201323170560,Output Token Throughput Per User,tokens/sec/user,p25,15.93
38,1780553200323170560,1780553201323170560,Output Token Throughput Per User,tokens/sec/user,p50,15.93
38,1780553200323170560,1780553201323170560,Output Token Throughput Per User,tokens/sec/user,p75,15.93
38,1780553200323170560,1780553201323170560,Output Token Throughput Per User,tokens/sec/user,p90,15.93
38,1780553200323170560,1780553201323170560,Output Token Throughput Per User,tokens/sec/user,p95,15.93
38,1780553200323170560,1780553201323170560,Output Token Throughput Per User,tokens/sec/user,p99,15.93
38,1780553200323170560,1780553201323170560,Output Token Throughput Per User,tokens/sec/user,std,0.00
38,1780553200323170560,1780553201323170560,Prefill Throughput Per User,tokens/sec/user,avg,789.92
38,1780553200323170560,1780553201323170560,Prefill Throughput Per User,tokens/sec/user,min,789.92
38,1780553200323170560,1780553201323170560,Prefill Throughput Per User,tokens/sec/user,max,789.92
38,1780553200323170560,1780553201323170560,Prefill Throughput Per User,tokens/sec/user,sum,789.92
38,1780553200323170560,1780553201323170560,Prefill Throughput Per User,tokens/sec/user,p1,789.92
38,1780553200323170560,1780553201323170560,Prefill Throughput Per User,tokens/sec/user,p5,789.92
38,1780553200323170560,1780553201323170560,Prefill Throughput Per User,tokens/sec/user,p10,789.92
38,1780553200323170560,1780553201323170560,Prefill Throughput Per User,tokens/sec/user,p25,789.92
38,1780553200323170560,1780553201323170560,Prefill Throughput Per User,tokens/sec/user,p50,789.92
38,1780553200323170560,1780553201323170560,Prefill Throughput Per User,tokens/sec/user,p75,789.92
38,1780553200323170560,1780553201323170560,Prefill Throughput Per User,tokens/sec/user,p90,789.92
38,1780553200323170560,1780553201323170560,Prefill Throughput Per User,tokens/sec/user,p95,789.92
38,1780553200323170560,1780553201323170560,Prefill Throughput Per User,tokens/sec/user,p99,789.92
38,1780553200323170560,1780553201323170560,Prefill Throughput Per User,tokens/sec/user,std,0.00
38,1780553200323170560,1780553201323170560,Request Count,requests,avg,1.00
38,1780553200323170560,1780553201323170560,Request Latency,ms,avg,108554.07
38,1780553200323170560,1780553201323170560,Request Latency,ms,min,108554.07
38,1780553200323170560,1780553201323170560,Request Latency,ms,max,108554.07
38,1780553200323170560,1780553201323170560,Request Latency,ms,sum,108554.07
38,1780553200323170560,1780553201323170560,Request Latency,ms,p1,108554.07
38,1780553200323170560,1780553201323170560,Request Latency,ms,p5,108554.07
38,1780553200323170560,1780553201323170560,Request Latency,ms,p10,108554.07
38,1780553200323170560,1780553201323170560,Request Latency,ms,p25,108554.07
38,1780553200323170560,1780553201323170560,Request Latency,ms,p50,108554.07
38,1780553200323170560,1780553201323170560,Request Latency,ms,p75,108554.07
38,1780553200323170560,1780553201323170560,Request Latency,ms,p90,108554.07
38,1780553200323170560,1780553201323170560,Request Latency,ms,p95,108554.07
38,1780553200323170560,1780553201323170560,Request Latency,ms,p99,108554.07
38,1780553200323170560,1780553201323170560,Request Latency,ms,std,0.00
38,1780553200323170560,1780553201323170560,Request Throughput,requests/sec,avg,1.00
38,1780553200323170560,1780553201323170560,Requested OSL,tokens,avg,14.00
38,1780553200323170560,1780553201323170560,Requested OSL,tokens,min,14.00
38,1780553200323170560,1780553201323170560,Requested OSL,tokens,max,14.00
38,1780553200323170560,1780553201323170560,Requested OSL,tokens,sum,14.00
38,1780553200323170560,1780553201323170560,Requested OSL,tokens,p1,14.00
38,1780553200323170560,1780553201323170560,Requested OSL,tokens,p5,14.00
38,1780553200323170560,1780553201323170560,Requested OSL,tokens,p10,14.00
38,1780553200323170560,1780553201323170560,Requested OSL,tokens,p25,14.00
38,1780553200323170560,1780553201323170560,Requested OSL,tokens,p50,14.00
38,1780553200323170560,1780553201323170560,Requested OSL,tokens,p75,14.00
38,1780553200323170560,1780553201323170560,Requested OSL,tokens,p90,14.00
38,1780553200323170560,1780553201323170560,Requested OSL,tokens,p95,14.00
38,1780553200323170560,1780553201323170560,Requested OSL,tokens,p99,14.00
38,1780553200323170560,1780553201323170560,Requested OSL,tokens,std,0.00
38,1780553200323170560,1780553201323170560,Time to First Output Token,ms,avg,107738.17
38,1780553200323170560,1780553201323170560,Time to First Output Token,ms,min,107738.17
38,1780553200323170560,1780553201323170560,Time to First Output Token,ms,max,107738.17
38,1780553200323170560,1780553201323170560,Time to First Output Token,ms,sum,107738.17
38,1780553200323170560,1780553201323170560,Time to First Output Token,ms,p1,107738.17
38,1780553200323170560,1780553201323170560,Time to First Output Token,ms,p5,107738.17
38,1780553200323170560,1780553201323170560,Time to First Output Token,ms,p10,107738.17
38,1780553200323170560,1780553201323170560,Time to First Output Token,ms,p25,107738.17
38,1780553200323170560,1780553201323170560,Time to First Output Token,ms,p50,107738.17
38,1780553200323170560,1780553201323170560,Time to First Output Token,ms,p75,107738.17
38,1780553200323170560,1780553201323170560,Time to First Output Token,ms,p90,107738.17
38,1780553200323170560,1780553201323170560,Time to First Output Token,ms,p95,107738.17
38,1780553200323170560,1780553201323170560,Time to First Output Token,ms,p99,107738.17
38,1780553200323170560,1780553201323170560,Time to First Output Token,ms,std,0.00
38,1780553200323170560,1780553201323170560,Time to First Token,ms,avg,107738.17
38,1780553200323170560,1780553201323170560,Time to First Token,ms,min,107738.17
38,1780553200323170560,1780553201323170560,Time to First Token,ms,max,107738.17
38,1780553200323170560,1780553201323170560,Time to First Token,ms,sum,107738.17
38,1780553200323170560,1780553201323170560,Time to First Token,ms,p1,107738.17
38,1780553200323170560,1780553201323170560,Time to First Token,ms,p5,107738.17
38,1780553200323170560,1780553201323170560,Time to First Token,ms,p10,107738.17
38,1780553200323170560,1780553201323170560,Time to First Token,ms,p25,107738.17
38,1780553200323170560,1780553201323170560,Time to First Token,ms,p50,107738.17
38,1780553200323170560,1780553201323170560,Time to First Token,ms,p75,107738.17
38,1780553200323170560,1780553201323170560,Time to First Token,ms,p90,107738.17
38,1780553200323170560,1780553201323170560,Time to First Token,ms,p95,107738.17
38,1780553200323170560,1780553201323170560,Time to First Token,ms,p99,107738.17
38,1780553200323170560,1780553201323170560,Time to First Token,ms,std,0.00
38,1780553200323170560,1780553201323170560,Time to Second Token,ms,avg,3.34
38,1780553200323170560,1780553201323170560,Time to Second Token,ms,min,3.34
38,1780553200323170560,1780553201323170560,Time to Second Token,ms,max,3.34
38,1780553200323170560,1780553201323170560,Time to Second Token,ms,sum,3.34
38,1780553200323170560,1780553201323170560,Time to Second Token,ms,p1,3.34
38,1780553200323170560,1780553201323170560,Time to Second Token,ms,p5,3.34
38,1780553200323170560,1780553201323170560,Time to Second Token,ms,p10,3.34
38,1780553200323170560,1780553201323170560,Time to Second Token,ms,p25,3.34
38,1780553200323170560,1780553201323170560,Time to Second Token,ms,p50,3.34
38,1780553200323170560,1780553201323170560,Time to Second Token,ms,p75,3.34
38,1780553200323170560,1780553201323170560,Time to Second Token,ms,p90,3.34
38,1780553200323170560,1780553201323170560,Time to Second Token,ms,p95,3.34
38,1780553200323170560,1780553201323170560,Time to Second Token,ms,p99,3.34
38,1780553200323170560,1780553201323170560,Time to Second Token,ms,std,0.00
38,1780553200323170560,1780553201323170560,Tokens In Flight,tokens,avg,1617683.13
38,1780553200323170560,1780553201323170560,Tokens In Flight,tokens,min,1595605.90
38,1780553200323170560,1780553201323170560,Tokens In Flight,tokens,max,1680788.54
38,1780553200323170560,1780553201323170560,Tokens In Flight,tokens,p50,1595645.22
38,1780553200323170560,1780553201323170560,Tokens In Flight,tokens,p90,1680778.71
38,1780553200323170560,1780553201323170560,Tokens In Flight,tokens,p95,1680783.63
38,1780553200323170560,1780553201323170560,Tokens In Flight,tokens,p99,1680787.30
38,1780553200323170560,1780553201323170560,Tokens In Flight,tokens,std,37297.54
38,1780553200323170560,1780553201323170560,Total Input Sequence Length,tokens,avg,85104.00
38,1780553200323170560,1780553201323170560,Total Output Sequence Length,tokens,avg,14.00
38,1780553200323170560,1780553201323170560,Total Output Tokens,tokens,avg,14.00
38,1780553200323170560,1780553201323170560,Total Token Throughput,tokens/sec,avg,85118.00
38,1780553200323170560,1780553201323170560,Total Usage Completion Tokens,tokens,avg,14.00
38,1780553200323170560,1780553201323170560,Total Usage Prompt Tokens,tokens,avg,85104.00
38,1780553200323170560,1780553201323170560,Total Usage Total Tokens,tokens,avg,85118.00
38,1780553200323170560,1780553201323170560,Usage Completion Tokens,tokens,avg,14.00
38,1780553200323170560,1780553201323170560,Usage Completion Tokens,tokens,min,14.00
38,1780553200323170560,1780553201323170560,Usage Completion Tokens,tokens,max,14.00
38,1780553200323170560,1780553201323170560,Usage Completion Tokens,tokens,sum,14.00
38,1780553200323170560,1780553201323170560,Usage Completion Tokens,tokens,p1,14.00
38,1780553200323170560,1780553201323170560,Usage Completion Tokens,tokens,p5,14.00
38,1780553200323170560,1780553201323170560,Usage Completion Tokens,tokens,p10,14.00
38,1780553200323170560,1780553201323170560,Usage Completion Tokens,tokens,p25,14.00
38,1780553200323170560,1780553201323170560,Usage Completion Tokens,tokens,p50,14.00
38,1780553200323170560,1780553201323170560,Usage Completion Tokens,tokens,p75,14.00
38,1780553200323170560,1780553201323170560,Usage Completion Tokens,tokens,p90,14.00
38,1780553200323170560,1780553201323170560,Usage Completion Tokens,tokens,p95,14.00
38,1780553200323170560,1780553201323170560,Usage Completion Tokens,tokens,p99,14.00
38,1780553200323170560,1780553201323170560,Usage Completion Tokens,tokens,std,0.00
38,1780553200323170560,1780553201323170560,Usage Prompt Tokens,tokens,avg,85104.00
38,1780553200323170560,1780553201323170560,Usage Prompt Tokens,tokens,min,85104.00
38,1780553200323170560,1780553201323170560,Usage Prompt Tokens,tokens,max,85104.00
38,1780553200323170560,1780553201323170560,Usage Prompt Tokens,tokens,sum,85104.00
38,1780553200323170560,1780553201323170560,Usage Prompt Tokens,tokens,p1,85104.00
38,1780553200323170560,1780553201323170560,Usage Prompt Tokens,tokens,p5,85104.00
38,1780553200323170560,1780553201323170560,Usage Prompt Tokens,tokens,p10,85104.00
38,1780553200323170560,1780553201323170560,Usage Prompt Tokens,tokens,p25,85104.00
38,1780553200323170560,1780553201323170560,Usage Prompt Tokens,tokens,p50,85104.00
38,1780553200323170560,1780553201323170560,Usage Prompt Tokens,tokens,p75,85104.00
38,1780553200323170560,1780553201323170560,Usage Prompt Tokens,tokens,p90,85104.00
38,1780553200323170560,1780553201323170560,Usage Prompt Tokens,tokens,p95,85104.00
38,1780553200323170560,1780553201323170560,Usage Prompt Tokens,tokens,p99,85104.00
38,1780553200323170560,1780553201323170560,Usage Prompt Tokens,tokens,std,0.00
38,1780553200323170560,1780553201323170560,Usage Total Tokens,tokens,avg,85118.00
38,1780553200323170560,1780553201323170560,Usage Total Tokens,tokens,min,85118.00
38,1780553200323170560,1780553201323170560,Usage Total Tokens,tokens,max,85118.00
38,1780553200323170560,1780553201323170560,Usage Total Tokens,tokens,sum,85118.00
38,1780553200323170560,1780553201323170560,Usage Total Tokens,tokens,p1,85118.00
38,1780553200323170560,1780553201323170560,Usage Total Tokens,tokens,p5,85118.00
38,1780553200323170560,1780553201323170560,Usage Total Tokens,tokens,p10,85118.00
38,1780553200323170560,1780553201323170560,Usage Total Tokens,tokens,p25,85118.00
38,1780553200323170560,1780553201323170560,Usage Total Tokens,tokens,p50,85118.00
38,1780553200323170560,1780553201323170560,Usage Total Tokens,tokens,p75,85118.00
38,1780553200323170560,1780553201323170560,Usage Total Tokens,tokens,p90,85118.00
38,1780553200323170560,1780553201323170560,Usage Total Tokens,tokens,p95,85118.00
38,1780553200323170560,1780553201323170560,Usage Total Tokens,tokens,p99,85118.00
38,1780553200323170560,1780553201323170560,Usage Total Tokens,tokens,std,0.00
39,1780553210323170560,1780553211323170560,Active Decode Throughput,tokens/sec,avg,60.74
39,1780553210323170560,1780553211323170560,Active Decode Throughput,tokens/sec,min,35.01
39,1780553210323170560,1780553211323170560,Active Decode Throughput,tokens/sec,max,86.47
39,1780553210323170560,1780553211323170560,Active Decode Throughput,tokens/sec,p50,60.74
39,1780553210323170560,1780553211323170560,Active Decode Throughput,tokens/sec,p90,60.74
39,1780553210323170560,1780553211323170560,Active Decode Throughput,tokens/sec,p95,60.74
39,1780553210323170560,1780553211323170560,Active Decode Throughput,tokens/sec,p99,60.74
39,1780553210323170560,1780553211323170560,Active Decode Throughput,tokens/sec,std,0.03
39,1780553210323170560,1780553211323170560,Active Decode Throughput Per User,tokens/sec/user,avg,5.52
39,1780553210323170560,1780553211323170560,Active Decode Throughput Per User,tokens/sec/user,min,3.18
39,1780553210323170560,1780553211323170560,Active Decode Throughput Per User,tokens/sec/user,max,7.86
39,1780553210323170560,1780553211323170560,Active Decode Throughput Per User,tokens/sec/user,p50,5.52
39,1780553210323170560,1780553211323170560,Active Decode Throughput Per User,tokens/sec/user,p90,5.52
39,1780553210323170560,1780553211323170560,Active Decode Throughput Per User,tokens/sec/user,p95,5.52
39,1780553210323170560,1780553211323170560,Active Decode Throughput Per User,tokens/sec/user,p99,5.52
39,1780553210323170560,1780553211323170560,Active Decode Throughput Per User,tokens/sec/user,std,0.00
39,1780553210323170560,1780553211323170560,Active Prefill Throughput,tokens/sec,avg,8242.24
39,1780553210323170560,1780553211323170560,Active Prefill Throughput,tokens/sec,min,7852.59
39,1780553210323170560,1780553211323170560,Active Prefill Throughput,tokens/sec,max,8565.42
39,1780553210323170560,1780553211323170560,Active Prefill Throughput,tokens/sec,p50,8565.42
39,1780553210323170560,1780553211323170560,Active Prefill Throughput,tokens/sec,p90,8565.42
39,1780553210323170560,1780553211323170560,Active Prefill Throughput,tokens/sec,p95,8565.42
39,1780553210323170560,1780553211323170560,Active Prefill Throughput,tokens/sec,p99,8565.42
39,1780553210323170560,1780553211323170560,Active Prefill Throughput,tokens/sec,std,354.87
39,1780553210323170560,1780553211323170560,Active Prefill Throughput Per User,tokens/sec/user,avg,1826.46
39,1780553210323170560,1780553211323170560,Active Prefill Throughput Per User,tokens/sec/user,min,1713.08
39,1780553210323170560,1780553211323170560,Active Prefill Throughput Per User,tokens/sec/user,max,1963.15
39,1780553210323170560,1780553211323170560,Active Prefill Throughput Per User,tokens/sec/user,p50,1713.08
39,1780553210323170560,1780553211323170560,Active Prefill Throughput Per User,tokens/sec/user,p90,1963.15
39,1780553210323170560,1780553211323170560,Active Prefill Throughput Per User,tokens/sec/user,p95,1963.15
39,1780553210323170560,1780553211323170560,Active Prefill Throughput Per User,tokens/sec/user,p99,1963.15
39,1780553210323170560,1780553211323170560,Active Prefill Throughput Per User,tokens/sec/user,std,124.49
39,1780553210323170560,1780553211323170560,Active Total Throughput,tokens/sec,avg,8314.10
39,1780553210323170560,1780553211323170560,Active Total Throughput,tokens/sec,min,7924.45
39,1780553210323170560,1780553211323170560,Active Total Throughput,tokens/sec,max,8637.29
39,1780553210323170560,1780553211323170560,Active Total Throughput,tokens/sec,p50,8637.29
39,1780553210323170560,1780553211323170560,Active Total Throughput,tokens/sec,p90,8637.29
39,1780553210323170560,1780553211323170560,Active Total Throughput,tokens/sec,p95,8637.29
39,1780553210323170560,1780553211323170560,Active Total Throughput,tokens/sec,p99,8637.29
39,1780553210323170560,1780553211323170560,Active Total Throughput,tokens/sec,std,354.87
39,1780553210323170560,1780553211323170560,Benchmark Duration,sec,avg,132.48
39,1780553210323170560,1780553211323170560,E2E Output Token Throughput,tokens/sec/user,avg,1.78
39,1780553210323170560,1780553211323170560,E2E Output Token Throughput,tokens/sec/user,min,1.78
39,1780553210323170560,1780553211323170560,E2E Output Token Throughput,tokens/sec/user,max,1.78
39,1780553210323170560,1780553211323170560,E2E Output Token Throughput,tokens/sec/user,sum,1.78
39,1780553210323170560,1780553211323170560,E2E Output Token Throughput,tokens/sec/user,p1,1.78
39,1780553210323170560,1780553211323170560,E2E Output Token Throughput,tokens/sec/user,p5,1.78
39,1780553210323170560,1780553211323170560,E2E Output Token Throughput,tokens/sec/user,p10,1.78
39,1780553210323170560,1780553211323170560,E2E Output Token Throughput,tokens/sec/user,p25,1.78
39,1780553210323170560,1780553211323170560,E2E Output Token Throughput,tokens/sec/user,p50,1.78
39,1780553210323170560,1780553211323170560,E2E Output Token Throughput,tokens/sec/user,p75,1.78
39,1780553210323170560,1780553211323170560,E2E Output Token Throughput,tokens/sec/user,p90,1.78
39,1780553210323170560,1780553211323170560,E2E Output Token Throughput,tokens/sec/user,p95,1.78
39,1780553210323170560,1780553211323170560,E2E Output Token Throughput,tokens/sec/user,p99,1.78
39,1780553210323170560,1780553211323170560,E2E Output Token Throughput,tokens/sec/user,std,0.00
39,1780553210323170560,1780553211323170560,Effective Concurrency,requests,avg,15.55
39,1780553210323170560,1780553211323170560,Effective Concurrency,requests,min,15.00
39,1780553210323170560,1780553211323170560,Effective Concurrency,requests,max,16.00
39,1780553210323170560,1780553211323170560,Effective Concurrency,requests,p50,16.00
39,1780553210323170560,1780553211323170560,Effective Concurrency,requests,p90,16.00
39,1780553210323170560,1780553211323170560,Effective Concurrency,requests,p95,16.00
39,1780553210323170560,1780553211323170560,Effective Concurrency,requests,p99,16.00
39,1780553210323170560,1780553211323170560,Effective Concurrency,requests,std,0.50
39,1780553210323170560,1780553211323170560,Effective Decode Concurrency,requests,avg,11.00
39,1780553210323170560,1780553211323170560,Effective Decode Concurrency,requests,min,11.00
39,1780553210323170560,1780553211323170560,Effective Decode Concurrency,requests,max,11.00
39,1780553210323170560,1780553211323170560,Effective Decode Concurrency,requests,p50,11.00
39,1780553210323170560,1780553211323170560,Effective Decode Concurrency,requests,p90,11.00
39,1780553210323170560,1780553211323170560,Effective Decode Concurrency,requests,p95,11.00
39,1780553210323170560,1780553211323170560,Effective Decode Concurrency,requests,p99,11.00
39,1780553210323170560,1780553211323170560,Effective Decode Concurrency,requests,std,0.00
39,1780553210323170560,1780553211323170560,Effective Decode Throughput,tokens/sec,avg,60.74
39,1780553210323170560,1780553211323170560,Effective Decode Throughput,tokens/sec,min,35.01
39,1780553210323170560,1780553211323170560,Effective Decode Throughput,tokens/sec,max,86.47
39,1780553210323170560,1780553211323170560,Effective Decode Throughput,tokens/sec,p50,60.74
39,1780553210323170560,1780553211323170560,Effective Decode Throughput,tokens/sec,p90,60.74
39,1780553210323170560,1780553211323170560,Effective Decode Throughput,tokens/sec,p95,60.74
39,1780553210323170560,1780553211323170560,Effective Decode Throughput,tokens/sec,p99,60.74
39,1780553210323170560,1780553211323170560,Effective Decode Throughput,tokens/sec,std,0.03
39,1780553210323170560,1780553211323170560,Effective Decode Throughput Per User,tokens/sec/user,avg,5.52
39,1780553210323170560,1780553211323170560,Effective Decode Throughput Per User,tokens/sec/user,min,3.18
39,1780553210323170560,1780553211323170560,Effective Decode Throughput Per User,tokens/sec/user,max,7.86
39,1780553210323170560,1780553211323170560,Effective Decode Throughput Per User,tokens/sec/user,p50,5.52
39,1780553210323170560,1780553211323170560,Effective Decode Throughput Per User,tokens/sec/user,p90,5.52
39,1780553210323170560,1780553211323170560,Effective Decode Throughput Per User,tokens/sec/user,p95,5.52
39,1780553210323170560,1780553211323170560,Effective Decode Throughput Per User,tokens/sec/user,p99,5.52
39,1780553210323170560,1780553211323170560,Effective Decode Throughput Per User,tokens/sec/user,std,0.00
39,1780553210323170560,1780553211323170560,Effective Prefill Concurrency,requests,avg,4.55
39,1780553210323170560,1780553211323170560,Effective Prefill Concurrency,requests,min,4.00
39,1780553210323170560,1780553211323170560,Effective Prefill Concurrency,requests,max,5.00
39,1780553210323170560,1780553211323170560,Effective Prefill Concurrency,requests,p50,5.00
39,1780553210323170560,1780553211323170560,Effective Prefill Concurrency,requests,p90,5.00
39,1780553210323170560,1780553211323170560,Effective Prefill Concurrency,requests,p95,5.00
39,1780553210323170560,1780553211323170560,Effective Prefill Concurrency,requests,p99,5.00
39,1780553210323170560,1780553211323170560,Effective Prefill Concurrency,requests,std,0.50
39,1780553210323170560,1780553211323170560,Effective Prefill Throughput,tokens/sec,avg,8242.24
39,1780553210323170560,1780553211323170560,Effective Prefill Throughput,tokens/sec,min,7852.59
39,1780553210323170560,1780553211323170560,Effective Prefill Throughput,tokens/sec,max,8565.42
39,1780553210323170560,1780553211323170560,Effective Prefill Throughput,tokens/sec,p50,8565.42
39,1780553210323170560,1780553211323170560,Effective Prefill Throughput,tokens/sec,p90,8565.42
39,1780553210323170560,1780553211323170560,Effective Prefill Throughput,tokens/sec,p95,8565.42
39,1780553210323170560,1780553211323170560,Effective Prefill Throughput,tokens/sec,p99,8565.42
39,1780553210323170560,1780553211323170560,Effective Prefill Throughput,tokens/sec,std,354.87
39,1780553210323170560,1780553211323170560,Effective Prefill Throughput Per User,tokens/sec/user,avg,1826.46
39,1780553210323170560,1780553211323170560,Effective Prefill Throughput Per User,tokens/sec/user,min,1713.08
39,1780553210323170560,1780553211323170560,Effective Prefill Throughput Per User,tokens/sec/user,max,1963.15
39,1780553210323170560,1780553211323170560,Effective Prefill Throughput Per User,tokens/sec/user,p50,1713.08
39,1780553210323170560,1780553211323170560,Effective Prefill Throughput Per User,tokens/sec/user,p90,1963.15
39,1780553210323170560,1780553211323170560,Effective Prefill Throughput Per User,tokens/sec/user,p95,1963.15
39,1780553210323170560,1780553211323170560,Effective Prefill Throughput Per User,tokens/sec/user,p99,1963.15
39,1780553210323170560,1780553211323170560,Effective Prefill Throughput Per User,tokens/sec/user,std,124.49
39,1780553210323170560,1780553211323170560,Effective Total Throughput,tokens/sec,avg,8314.10
39,1780553210323170560,1780553211323170560,Effective Total Throughput,tokens/sec,min,7924.45
39,1780553210323170560,1780553211323170560,Effective Total Throughput,tokens/sec,max,8637.29
39,1780553210323170560,1780553211323170560,Effective Total Throughput,tokens/sec,p50,8637.29
39,1780553210323170560,1780553211323170560,Effective Total Throughput,tokens/sec,p90,8637.29
39,1780553210323170560,1780553211323170560,Effective Total Throughput,tokens/sec,p95,8637.29
39,1780553210323170560,1780553211323170560,Effective Total Throughput,tokens/sec,p99,8637.29
39,1780553210323170560,1780553211323170560,Effective Total Throughput,tokens/sec,std,354.87
39,1780553210323170560,1780553211323170560,HTTP Blocked,ms,avg,0.00
39,1780553210323170560,1780553211323170560,HTTP Blocked,ms,min,0.00
39,1780553210323170560,1780553211323170560,HTTP Blocked,ms,max,0.00
39,1780553210323170560,1780553211323170560,HTTP Blocked,ms,sum,0.00
39,1780553210323170560,1780553211323170560,HTTP Blocked,ms,p1,0.00
39,1780553210323170560,1780553211323170560,HTTP Blocked,ms,p5,0.00
39,1780553210323170560,1780553211323170560,HTTP Blocked,ms,p10,0.00
39,1780553210323170560,1780553211323170560,HTTP Blocked,ms,p25,0.00
39,1780553210323170560,1780553211323170560,HTTP Blocked,ms,p50,0.00
39,1780553210323170560,1780553211323170560,HTTP Blocked,ms,p75,0.00
39,1780553210323170560,1780553211323170560,HTTP Blocked,ms,p90,0.00
39,1780553210323170560,1780553211323170560,HTTP Blocked,ms,p95,0.00
39,1780553210323170560,1780553211323170560,HTTP Blocked,ms,p99,0.00
39,1780553210323170560,1780553211323170560,HTTP Blocked,ms,std,0.00
39,1780553210323170560,1780553211323170560,HTTP Chunks Received,count,avg,236.00
39,1780553210323170560,1780553211323170560,HTTP Chunks Received,count,min,236.00
39,1780553210323170560,1780553211323170560,HTTP Chunks Received,count,max,236.00
39,1780553210323170560,1780553211323170560,HTTP Chunks Received,count,sum,236.00
39,1780553210323170560,1780553211323170560,HTTP Chunks Received,count,p1,236.00
39,1780553210323170560,1780553211323170560,HTTP Chunks Received,count,p5,236.00
39,1780553210323170560,1780553211323170560,HTTP Chunks Received,count,p10,236.00
39,1780553210323170560,1780553211323170560,HTTP Chunks Received,count,p25,236.00
39,1780553210323170560,1780553211323170560,HTTP Chunks Received,count,p50,236.00
39,1780553210323170560,1780553211323170560,HTTP Chunks Received,count,p75,236.00
39,1780553210323170560,1780553211323170560,HTTP Chunks Received,count,p90,236.00
39,1780553210323170560,1780553211323170560,HTTP Chunks Received,count,p95,236.00
39,1780553210323170560,1780553211323170560,HTTP Chunks Received,count,p99,236.00
39,1780553210323170560,1780553211323170560,HTTP Chunks Received,count,std,0.00
39,1780553210323170560,1780553211323170560,HTTP Chunks Sent,count,avg,1.00
39,1780553210323170560,1780553211323170560,HTTP Chunks Sent,count,min,1.00
39,1780553210323170560,1780553211323170560,HTTP Chunks Sent,count,max,1.00
39,1780553210323170560,1780553211323170560,HTTP Chunks Sent,count,sum,1.00
39,1780553210323170560,1780553211323170560,HTTP Chunks Sent,count,p1,1.00
39,1780553210323170560,1780553211323170560,HTTP Chunks Sent,count,p5,1.00
39,1780553210323170560,1780553211323170560,HTTP Chunks Sent,count,p10,1.00
39,1780553210323170560,1780553211323170560,HTTP Chunks Sent,count,p25,1.00
39,1780553210323170560,1780553211323170560,HTTP Chunks Sent,count,p50,1.00
39,1780553210323170560,1780553211323170560,HTTP Chunks Sent,count,p75,1.00
39,1780553210323170560,1780553211323170560,HTTP Chunks Sent,count,p90,1.00
39,1780553210323170560,1780553211323170560,HTTP Chunks Sent,count,p95,1.00
39,1780553210323170560,1780553211323170560,HTTP Chunks Sent,count,p99,1.00
39,1780553210323170560,1780553211323170560,HTTP Chunks Sent,count,std,0.00
39,1780553210323170560,1780553211323170560,HTTP Connecting,ms,avg,0.71
39,1780553210323170560,1780553211323170560,HTTP Connecting,ms,min,0.71
39,1780553210323170560,1780553211323170560,HTTP Connecting,ms,max,0.71
39,1780553210323170560,1780553211323170560,HTTP Connecting,ms,sum,0.71
39,1780553210323170560,1780553211323170560,HTTP Connecting,ms,p1,0.71
39,1780553210323170560,1780553211323170560,HTTP Connecting,ms,p5,0.71
39,1780553210323170560,1780553211323170560,HTTP Connecting,ms,p10,0.71
39,1780553210323170560,1780553211323170560,HTTP Connecting,ms,p25,0.71
39,1780553210323170560,1780553211323170560,HTTP Connecting,ms,p50,0.71
39,1780553210323170560,1780553211323170560,HTTP Connecting,ms,p75,0.71
39,1780553210323170560,1780553211323170560,HTTP Connecting,ms,p90,0.71
39,1780553210323170560,1780553211323170560,HTTP Connecting,ms,p95,0.71
39,1780553210323170560,1780553211323170560,HTTP Connecting,ms,p99,0.71
39,1780553210323170560,1780553211323170560,HTTP Connecting,ms,std,0.00
39,1780553210323170560,1780553211323170560,HTTP Connection Overhead,ms,avg,0.71
39,1780553210323170560,1780553211323170560,HTTP Connection Overhead,ms,min,0.71
39,1780553210323170560,1780553211323170560,HTTP Connection Overhead,ms,max,0.71
39,1780553210323170560,1780553211323170560,HTTP Connection Overhead,ms,sum,0.71
39,1780553210323170560,1780553211323170560,HTTP Connection Overhead,ms,p1,0.71
39,1780553210323170560,1780553211323170560,HTTP Connection Overhead,ms,p5,0.71
39,1780553210323170560,1780553211323170560,HTTP Connection Overhead,ms,p10,0.71
39,1780553210323170560,1780553211323170560,HTTP Connection Overhead,ms,p25,0.71
39,1780553210323170560,1780553211323170560,HTTP Connection Overhead,ms,p50,0.71
39,1780553210323170560,1780553211323170560,HTTP Connection Overhead,ms,p75,0.71
39,1780553210323170560,1780553211323170560,HTTP Connection Overhead,ms,p90,0.71
39,1780553210323170560,1780553211323170560,HTTP Connection Overhead,ms,p95,0.71
39,1780553210323170560,1780553211323170560,HTTP Connection Overhead,ms,p99,0.71
39,1780553210323170560,1780553211323170560,HTTP Connection Overhead,ms,std,0.00
39,1780553210323170560,1780553211323170560,HTTP Connection Reused,ratio,avg,0.00
39,1780553210323170560,1780553211323170560,HTTP Connection Reused,ratio,min,0.00
39,1780553210323170560,1780553211323170560,HTTP Connection Reused,ratio,max,0.00
39,1780553210323170560,1780553211323170560,HTTP Connection Reused,ratio,sum,0.00
39,1780553210323170560,1780553211323170560,HTTP Connection Reused,ratio,p1,0.00
39,1780553210323170560,1780553211323170560,HTTP Connection Reused,ratio,p5,0.00
39,1780553210323170560,1780553211323170560,HTTP Connection Reused,ratio,p10,0.00
39,1780553210323170560,1780553211323170560,HTTP Connection Reused,ratio,p25,0.00
39,1780553210323170560,1780553211323170560,HTTP Connection Reused,ratio,p50,0.00
39,1780553210323170560,1780553211323170560,HTTP Connection Reused,ratio,p75,0.00
39,1780553210323170560,1780553211323170560,HTTP Connection Reused,ratio,p90,0.00
39,1780553210323170560,1780553211323170560,HTTP Connection Reused,ratio,p95,0.00
39,1780553210323170560,1780553211323170560,HTTP Connection Reused,ratio,p99,0.00
39,1780553210323170560,1780553211323170560,HTTP Connection Reused,ratio,std,0.00
39,1780553210323170560,1780553211323170560,HTTP Data Received,KB,avg,59.25
39,1780553210323170560,1780553211323170560,HTTP Data Received,KB,min,59.25
39,1780553210323170560,1780553211323170560,HTTP Data Received,KB,max,59.25
39,1780553210323170560,1780553211323170560,HTTP Data Received,KB,sum,59.25
39,1780553210323170560,1780553211323170560,HTTP Data Received,KB,p1,59.25
39,1780553210323170560,1780553211323170560,HTTP Data Received,KB,p5,59.25
39,1780553210323170560,1780553211323170560,HTTP Data Received,KB,p10,59.25
39,1780553210323170560,1780553211323170560,HTTP Data Received,KB,p25,59.25
39,1780553210323170560,1780553211323170560,HTTP Data Received,KB,p50,59.25
39,1780553210323170560,1780553211323170560,HTTP Data Received,KB,p75,59.25
39,1780553210323170560,1780553211323170560,HTTP Data Received,KB,p90,59.25
39,1780553210323170560,1780553211323170560,HTTP Data Received,KB,p95,59.25
39,1780553210323170560,1780553211323170560,HTTP Data Received,KB,p99,59.25
39,1780553210323170560,1780553211323170560,HTTP Data Received,KB,std,0.00
39,1780553210323170560,1780553211323170560,HTTP Data Sent,KB,avg,290.86
39,1780553210323170560,1780553211323170560,HTTP Data Sent,KB,min,290.86
39,1780553210323170560,1780553211323170560,HTTP Data Sent,KB,max,290.86
39,1780553210323170560,1780553211323170560,HTTP Data Sent,KB,sum,290.86
39,1780553210323170560,1780553211323170560,HTTP Data Sent,KB,p1,290.86
39,1780553210323170560,1780553211323170560,HTTP Data Sent,KB,p5,290.86
39,1780553210323170560,1780553211323170560,HTTP Data Sent,KB,p10,290.86
39,1780553210323170560,1780553211323170560,HTTP Data Sent,KB,p25,290.86
39,1780553210323170560,1780553211323170560,HTTP Data Sent,KB,p50,290.86
39,1780553210323170560,1780553211323170560,HTTP Data Sent,KB,p75,290.86
39,1780553210323170560,1780553211323170560,HTTP Data Sent,KB,p90,290.86
39,1780553210323170560,1780553211323170560,HTTP Data Sent,KB,p95,290.86
39,1780553210323170560,1780553211323170560,HTTP Data Sent,KB,p99,290.86
39,1780553210323170560,1780553211323170560,HTTP Data Sent,KB,std,0.00
39,1780553210323170560,1780553211323170560,HTTP DNS Lookup,ms,avg,0.00
39,1780553210323170560,1780553211323170560,HTTP DNS Lookup,ms,min,0.00
39,1780553210323170560,1780553211323170560,HTTP DNS Lookup,ms,max,0.00
39,1780553210323170560,1780553211323170560,HTTP DNS Lookup,ms,sum,0.00
39,1780553210323170560,1780553211323170560,HTTP DNS Lookup,ms,p1,0.00
39,1780553210323170560,1780553211323170560,HTTP DNS Lookup,ms,p5,0.00
39,1780553210323170560,1780553211323170560,HTTP DNS Lookup,ms,p10,0.00
39,1780553210323170560,1780553211323170560,HTTP DNS Lookup,ms,p25,0.00
39,1780553210323170560,1780553211323170560,HTTP DNS Lookup,ms,p50,0.00
39,1780553210323170560,1780553211323170560,HTTP DNS Lookup,ms,p75,0.00
39,1780553210323170560,1780553211323170560,HTTP DNS Lookup,ms,p90,0.00
39,1780553210323170560,1780553211323170560,HTTP DNS Lookup,ms,p95,0.00
39,1780553210323170560,1780553211323170560,HTTP DNS Lookup,ms,p99,0.00
39,1780553210323170560,1780553211323170560,HTTP DNS Lookup,ms,std,0.00
39,1780553210323170560,1780553211323170560,HTTP Duration (excl. conn),ms,avg,132475.92
39,1780553210323170560,1780553211323170560,HTTP Duration (excl. conn),ms,min,132475.92
39,1780553210323170560,1780553211323170560,HTTP Duration (excl. conn),ms,max,132475.92
39,1780553210323170560,1780553211323170560,HTTP Duration (excl. conn),ms,sum,132475.92
39,1780553210323170560,1780553211323170560,HTTP Duration (excl. conn),ms,p1,132475.92
39,1780553210323170560,1780553211323170560,HTTP Duration (excl. conn),ms,p5,132475.92
39,1780553210323170560,1780553211323170560,HTTP Duration (excl. conn),ms,p10,132475.92
39,1780553210323170560,1780553211323170560,HTTP Duration (excl. conn),ms,p25,132475.92
39,1780553210323170560,1780553211323170560,HTTP Duration (excl. conn),ms,p50,132475.92
39,1780553210323170560,1780553211323170560,HTTP Duration (excl. conn),ms,p75,132475.92
39,1780553210323170560,1780553211323170560,HTTP Duration (excl. conn),ms,p90,132475.92
39,1780553210323170560,1780553211323170560,HTTP Duration (excl. conn),ms,p95,132475.92
39,1780553210323170560,1780553211323170560,HTTP Duration (excl. conn),ms,p99,132475.92
39,1780553210323170560,1780553211323170560,HTTP Duration (excl. conn),ms,std,0.00
39,1780553210323170560,1780553211323170560,HTTP Receiving,ms,avg,28072.44
39,1780553210323170560,1780553211323170560,HTTP Receiving,ms,min,28072.44
39,1780553210323170560,1780553211323170560,HTTP Receiving,ms,max,28072.44
39,1780553210323170560,1780553211323170560,HTTP Receiving,ms,sum,28072.44
39,1780553210323170560,1780553211323170560,HTTP Receiving,ms,p1,28072.44
39,1780553210323170560,1780553211323170560,HTTP Receiving,ms,p5,28072.44
39,1780553210323170560,1780553211323170560,HTTP Receiving,ms,p10,28072.44
39,1780553210323170560,1780553211323170560,HTTP Receiving,ms,p25,28072.44
39,1780553210323170560,1780553211323170560,HTTP Receiving,ms,p50,28072.44
39,1780553210323170560,1780553211323170560,HTTP Receiving,ms,p75,28072.44
39,1780553210323170560,1780553211323170560,HTTP Receiving,ms,p90,28072.44
39,1780553210323170560,1780553211323170560,HTTP Receiving,ms,p95,28072.44
39,1780553210323170560,1780553211323170560,HTTP Receiving,ms,p99,28072.44
39,1780553210323170560,1780553211323170560,HTTP Receiving,ms,std,0.00
39,1780553210323170560,1780553211323170560,HTTP Sending,ms,avg,1.01
39,1780553210323170560,1780553211323170560,HTTP Sending,ms,min,1.01
39,1780553210323170560,1780553211323170560,HTTP Sending,ms,max,1.01
39,1780553210323170560,1780553211323170560,HTTP Sending,ms,sum,1.01
39,1780553210323170560,1780553211323170560,HTTP Sending,ms,p1,1.01
39,1780553210323170560,1780553211323170560,HTTP Sending,ms,p5,1.01
39,1780553210323170560,1780553211323170560,HTTP Sending,ms,p10,1.01
39,1780553210323170560,1780553211323170560,HTTP Sending,ms,p25,1.01
39,1780553210323170560,1780553211323170560,HTTP Sending,ms,p50,1.01
39,1780553210323170560,1780553211323170560,HTTP Sending,ms,p75,1.01
39,1780553210323170560,1780553211323170560,HTTP Sending,ms,p90,1.01
39,1780553210323170560,1780553211323170560,HTTP Sending,ms,p95,1.01
39,1780553210323170560,1780553211323170560,HTTP Sending,ms,p99,1.01
39,1780553210323170560,1780553211323170560,HTTP Sending,ms,std,0.00
39,1780553210323170560,1780553211323170560,HTTP Total Time,ms,avg,132476.63
39,1780553210323170560,1780553211323170560,HTTP Total Time,ms,min,132476.63
39,1780553210323170560,1780553211323170560,HTTP Total Time,ms,max,132476.63
39,1780553210323170560,1780553211323170560,HTTP Total Time,ms,sum,132476.63
39,1780553210323170560,1780553211323170560,HTTP Total Time,ms,p1,132476.63
39,1780553210323170560,1780553211323170560,HTTP Total Time,ms,p5,132476.63
39,1780553210323170560,1780553211323170560,HTTP Total Time,ms,p10,132476.63
39,1780553210323170560,1780553211323170560,HTTP Total Time,ms,p25,132476.63
39,1780553210323170560,1780553211323170560,HTTP Total Time,ms,p50,132476.63
39,1780553210323170560,1780553211323170560,HTTP Total Time,ms,p75,132476.63
39,1780553210323170560,1780553211323170560,HTTP Total Time,ms,p90,132476.63
39,1780553210323170560,1780553211323170560,HTTP Total Time,ms,p95,132476.63
39,1780553210323170560,1780553211323170560,HTTP Total Time,ms,p99,132476.63
39,1780553210323170560,1780553211323170560,HTTP Total Time,ms,std,0.00
39,1780553210323170560,1780553211323170560,HTTP Waiting (TTFB),ms,avg,104402.47
39,1780553210323170560,1780553211323170560,HTTP Waiting (TTFB),ms,min,104402.47
39,1780553210323170560,1780553211323170560,HTTP Waiting (TTFB),ms,max,104402.47
39,1780553210323170560,1780553211323170560,HTTP Waiting (TTFB),ms,sum,104402.47
39,1780553210323170560,1780553211323170560,HTTP Waiting (TTFB),ms,p1,104402.47
39,1780553210323170560,1780553211323170560,HTTP Waiting (TTFB),ms,p5,104402.47
39,1780553210323170560,1780553211323170560,HTTP Waiting (TTFB),ms,p10,104402.47
39,1780553210323170560,1780553211323170560,HTTP Waiting (TTFB),ms,p25,104402.47
39,1780553210323170560,1780553211323170560,HTTP Waiting (TTFB),ms,p50,104402.47
39,1780553210323170560,1780553211323170560,HTTP Waiting (TTFB),ms,p75,104402.47
39,1780553210323170560,1780553211323170560,HTTP Waiting (TTFB),ms,p90,104402.47
39,1780553210323170560,1780553211323170560,HTTP Waiting (TTFB),ms,p95,104402.47
39,1780553210323170560,1780553211323170560,HTTP Waiting (TTFB),ms,p99,104402.47
39,1780553210323170560,1780553211323170560,HTTP Waiting (TTFB),ms,std,0.00
39,1780553210323170560,1780553211323170560,Input Sequence Length,tokens,avg,74423.00
39,1780553210323170560,1780553211323170560,Input Sequence Length,tokens,min,74423.00
39,1780553210323170560,1780553211323170560,Input Sequence Length,tokens,max,74423.00
39,1780553210323170560,1780553211323170560,Input Sequence Length,tokens,sum,74423.00
39,1780553210323170560,1780553211323170560,Input Sequence Length,tokens,p1,74423.00
39,1780553210323170560,1780553211323170560,Input Sequence Length,tokens,p5,74423.00
39,1780553210323170560,1780553211323170560,Input Sequence Length,tokens,p10,74423.00
39,1780553210323170560,1780553211323170560,Input Sequence Length,tokens,p25,74423.00
39,1780553210323170560,1780553211323170560,Input Sequence Length,tokens,p50,74423.00
39,1780553210323170560,1780553211323170560,Input Sequence Length,tokens,p75,74423.00
39,1780553210323170560,1780553211323170560,Input Sequence Length,tokens,p90,74423.00
39,1780553210323170560,1780553211323170560,Input Sequence Length,tokens,p95,74423.00
39,1780553210323170560,1780553211323170560,Input Sequence Length,tokens,p99,74423.00
39,1780553210323170560,1780553211323170560,Input Sequence Length,tokens,std,0.00
39,1780553210323170560,1780553211323170560,Input Token Throughput,tokens/sec,avg,74423.00
39,1780553210323170560,1780553211323170560,Inter Chunk Latency,ms,avg,64.39
39,1780553210323170560,1780553211323170560,Inter Chunk Latency,ms,min,64.37
39,1780553210323170560,1780553211323170560,Inter Chunk Latency,ms,max,64.42
39,1780553210323170560,1780553211323170560,Inter Chunk Latency,ms,sum,15132.60
39,1780553210323170560,1780553211323170560,Inter Chunk Latency,ms,p1,64.37
39,1780553210323170560,1780553211323170560,Inter Chunk Latency,ms,p5,64.37
39,1780553210323170560,1780553211323170560,Inter Chunk Latency,ms,p10,64.37
39,1780553210323170560,1780553211323170560,Inter Chunk Latency,ms,p25,64.38
39,1780553210323170560,1780553211323170560,Inter Chunk Latency,ms,p50,64.39
39,1780553210323170560,1780553211323170560,Inter Chunk Latency,ms,p75,64.41
39,1780553210323170560,1780553211323170560,Inter Chunk Latency,ms,p90,64.42
39,1780553210323170560,1780553211323170560,Inter Chunk Latency,ms,p95,64.42
39,1780553210323170560,1780553211323170560,Inter Chunk Latency,ms,p99,64.42
39,1780553210323170560,1780553211323170560,Inter Chunk Latency,ms,std,0.02
39,1780553210323170560,1780553211323170560,Inter Token Latency,ms,avg,119.46
39,1780553210323170560,1780553211323170560,Inter Token Latency,ms,min,119.46
39,1780553210323170560,1780553211323170560,Inter Token Latency,ms,max,119.46
39,1780553210323170560,1780553211323170560,Inter Token Latency,ms,sum,119.46
39,1780553210323170560,1780553211323170560,Inter Token Latency,ms,p1,119.46
39,1780553210323170560,1780553211323170560,Inter Token Latency,ms,p5,119.46
39,1780553210323170560,1780553211323170560,Inter Token Latency,ms,p10,119.46
39,1780553210323170560,1780553211323170560,Inter Token Latency,ms,p25,119.46
39,1780553210323170560,1780553211323170560,Inter Token Latency,ms,p50,119.46
39,1780553210323170560,1780553211323170560,Inter Token Latency,ms,p75,119.46
39,1780553210323170560,1780553211323170560,Inter Token Latency,ms,p90,119.46
39,1780553210323170560,1780553211323170560,Inter Token Latency,ms,p95,119.46
39,1780553210323170560,1780553211323170560,Inter Token Latency,ms,p99,119.46
39,1780553210323170560,1780553211323170560,Inter Token Latency,ms,std,0.00
39,1780553210323170560,1780553211323170560,Maximum Response Timestamp,ns,avg,1780553343252586240.00
39,1780553210323170560,1780553211323170560,Minimum Request Timestamp,ns,avg,1780553210776550400.00
39,1780553210323170560,1780553211323170560,OSL Mismatch Count,requests,avg,0.00
39,1780553210323170560,1780553211323170560,OSL Mismatch Diff %,%,avg,0.00
39,1780553210323170560,1780553211323170560,OSL Mismatch Diff %,%,min,0.00
39,1780553210323170560,1780553211323170560,OSL Mismatch Diff %,%,max,0.00
39,1780553210323170560,1780553211323170560,OSL Mismatch Diff %,%,sum,0.00
39,1780553210323170560,1780553211323170560,OSL Mismatch Diff %,%,p1,0.00
39,1780553210323170560,1780553211323170560,OSL Mismatch Diff %,%,p5,0.00
39,1780553210323170560,1780553211323170560,OSL Mismatch Diff %,%,p10,0.00
39,1780553210323170560,1780553211323170560,OSL Mismatch Diff %,%,p25,0.00
39,1780553210323170560,1780553211323170560,OSL Mismatch Diff %,%,p50,0.00
39,1780553210323170560,1780553211323170560,OSL Mismatch Diff %,%,p75,0.00
39,1780553210323170560,1780553211323170560,OSL Mismatch Diff %,%,p90,0.00
39,1780553210323170560,1780553211323170560,OSL Mismatch Diff %,%,p95,0.00
39,1780553210323170560,1780553211323170560,OSL Mismatch Diff %,%,p99,0.00
39,1780553210323170560,1780553211323170560,OSL Mismatch Diff %,%,std,0.00
39,1780553210323170560,1780553211323170560,Output Sequence Length,tokens,avg,236.00
39,1780553210323170560,1780553211323170560,Output Sequence Length,tokens,min,236.00
39,1780553210323170560,1780553211323170560,Output Sequence Length,tokens,max,236.00
39,1780553210323170560,1780553211323170560,Output Sequence Length,tokens,sum,236.00
39,1780553210323170560,1780553211323170560,Output Sequence Length,tokens,p1,236.00
39,1780553210323170560,1780553211323170560,Output Sequence Length,tokens,p5,236.00
39,1780553210323170560,1780553211323170560,Output Sequence Length,tokens,p10,236.00
39,1780553210323170560,1780553211323170560,Output Sequence Length,tokens,p25,236.00
39,1780553210323170560,1780553211323170560,Output Sequence Length,tokens,p50,236.00
39,1780553210323170560,1780553211323170560,Output Sequence Length,tokens,p75,236.00
39,1780553210323170560,1780553211323170560,Output Sequence Length,tokens,p90,236.00
39,1780553210323170560,1780553211323170560,Output Sequence Length,tokens,p95,236.00
39,1780553210323170560,1780553211323170560,Output Sequence Length,tokens,p99,236.00
39,1780553210323170560,1780553211323170560,Output Sequence Length,tokens,std,0.00
39,1780553210323170560,1780553211323170560,Output Token Count,tokens,avg,236.00
39,1780553210323170560,1780553211323170560,Output Token Count,tokens,min,236.00
39,1780553210323170560,1780553211323170560,Output Token Count,tokens,max,236.00
39,1780553210323170560,1780553211323170560,Output Token Count,tokens,sum,236.00
39,1780553210323170560,1780553211323170560,Output Token Count,tokens,p1,236.00
39,1780553210323170560,1780553211323170560,Output Token Count,tokens,p5,236.00
39,1780553210323170560,1780553211323170560,Output Token Count,tokens,p10,236.00
39,1780553210323170560,1780553211323170560,Output Token Count,tokens,p25,236.00
39,1780553210323170560,1780553211323170560,Output Token Count,tokens,p50,236.00
39,1780553210323170560,1780553211323170560,Output Token Count,tokens,p75,236.00
39,1780553210323170560,1780553211323170560,Output Token Count,tokens,p90,236.00
39,1780553210323170560,1780553211323170560,Output Token Count,tokens,p95,236.00
39,1780553210323170560,1780553211323170560,Output Token Count,tokens,p99,236.00
39,1780553210323170560,1780553211323170560,Output Token Count,tokens,std,0.00
39,1780553210323170560,1780553211323170560,Output Token Throughput,tokens/sec,avg,236.00
39,1780553210323170560,1780553211323170560,Output Token Throughput Per User,tokens/sec/user,avg,8.37
39,1780553210323170560,1780553211323170560,Output Token Throughput Per User,tokens/sec/user,min,8.37
39,1780553210323170560,1780553211323170560,Output Token Throughput Per User,tokens/sec/user,max,8.37
39,1780553210323170560,1780553211323170560,Output Token Throughput Per User,tokens/sec/user,sum,8.37
39,1780553210323170560,1780553211323170560,Output Token Throughput Per User,tokens/sec/user,p1,8.37
39,1780553210323170560,1780553211323170560,Output Token Throughput Per User,tokens/sec/user,p5,8.37
39,1780553210323170560,1780553211323170560,Output Token Throughput Per User,tokens/sec/user,p10,8.37
39,1780553210323170560,1780553211323170560,Output Token Throughput Per User,tokens/sec/user,p25,8.37
39,1780553210323170560,1780553211323170560,Output Token Throughput Per User,tokens/sec/user,p50,8.37
39,1780553210323170560,1780553211323170560,Output Token Throughput Per User,tokens/sec/user,p75,8.37
39,1780553210323170560,1780553211323170560,Output Token Throughput Per User,tokens/sec/user,p90,8.37
39,1780553210323170560,1780553211323170560,Output Token Throughput Per User,tokens/sec/user,p95,8.37
39,1780553210323170560,1780553211323170560,Output Token Throughput Per User,tokens/sec/user,p99,8.37
39,1780553210323170560,1780553211323170560,Output Token Throughput Per User,tokens/sec/user,std,0.00
39,1780553210323170560,1780553211323170560,Prefill Throughput Per User,tokens/sec/user,avg,712.84
39,1780553210323170560,1780553211323170560,Prefill Throughput Per User,tokens/sec/user,min,712.84
39,1780553210323170560,1780553211323170560,Prefill Throughput Per User,tokens/sec/user,max,712.84
39,1780553210323170560,1780553211323170560,Prefill Throughput Per User,tokens/sec/user,sum,712.84
39,1780553210323170560,1780553211323170560,Prefill Throughput Per User,tokens/sec/user,p1,712.84
39,1780553210323170560,1780553211323170560,Prefill Throughput Per User,tokens/sec/user,p5,712.84
39,1780553210323170560,1780553211323170560,Prefill Throughput Per User,tokens/sec/user,p10,712.84
39,1780553210323170560,1780553211323170560,Prefill Throughput Per User,tokens/sec/user,p25,712.84
39,1780553210323170560,1780553211323170560,Prefill Throughput Per User,tokens/sec/user,p50,712.84
39,1780553210323170560,1780553211323170560,Prefill Throughput Per User,tokens/sec/user,p75,712.84
39,1780553210323170560,1780553211323170560,Prefill Throughput Per User,tokens/sec/user,p90,712.84
39,1780553210323170560,1780553211323170560,Prefill Throughput Per User,tokens/sec/user,p95,712.84
39,1780553210323170560,1780553211323170560,Prefill Throughput Per User,tokens/sec/user,p99,712.84
39,1780553210323170560,1780553211323170560,Prefill Throughput Per User,tokens/sec/user,std,0.00
39,1780553210323170560,1780553211323170560,Request Count,requests,avg,1.00
39,1780553210323170560,1780553211323170560,Request Latency,ms,avg,132476.04
39,1780553210323170560,1780553211323170560,Request Latency,ms,min,132476.04
39,1780553210323170560,1780553211323170560,Request Latency,ms,max,132476.04
39,1780553210323170560,1780553211323170560,Request Latency,ms,sum,132476.04
39,1780553210323170560,1780553211323170560,Request Latency,ms,p1,132476.04
39,1780553210323170560,1780553211323170560,Request Latency,ms,p5,132476.04
39,1780553210323170560,1780553211323170560,Request Latency,ms,p10,132476.04
39,1780553210323170560,1780553211323170560,Request Latency,ms,p25,132476.04
39,1780553210323170560,1780553211323170560,Request Latency,ms,p50,132476.04
39,1780553210323170560,1780553211323170560,Request Latency,ms,p75,132476.04
39,1780553210323170560,1780553211323170560,Request Latency,ms,p90,132476.04
39,1780553210323170560,1780553211323170560,Request Latency,ms,p95,132476.04
39,1780553210323170560,1780553211323170560,Request Latency,ms,p99,132476.04
39,1780553210323170560,1780553211323170560,Request Latency,ms,std,0.00
39,1780553210323170560,1780553211323170560,Request Throughput,requests/sec,avg,1.00
39,1780553210323170560,1780553211323170560,Requested OSL,tokens,avg,236.00
39,1780553210323170560,1780553211323170560,Requested OSL,tokens,min,236.00
39,1780553210323170560,1780553211323170560,Requested OSL,tokens,max,236.00
39,1780553210323170560,1780553211323170560,Requested OSL,tokens,sum,236.00
39,1780553210323170560,1780553211323170560,Requested OSL,tokens,p1,236.00
39,1780553210323170560,1780553211323170560,Requested OSL,tokens,p5,236.00
39,1780553210323170560,1780553211323170560,Requested OSL,tokens,p10,236.00
39,1780553210323170560,1780553211323170560,Requested OSL,tokens,p25,236.00
39,1780553210323170560,1780553211323170560,Requested OSL,tokens,p50,236.00
39,1780553210323170560,1780553211323170560,Requested OSL,tokens,p75,236.00
39,1780553210323170560,1780553211323170560,Requested OSL,tokens,p90,236.00
39,1780553210323170560,1780553211323170560,Requested OSL,tokens,p95,236.00
39,1780553210323170560,1780553211323170560,Requested OSL,tokens,p99,236.00
39,1780553210323170560,1780553211323170560,Requested OSL,tokens,std,0.00
39,1780553210323170560,1780553211323170560,Time to First Output Token,ms,avg,104403.61
39,1780553210323170560,1780553211323170560,Time to First Output Token,ms,min,104403.61
39,1780553210323170560,1780553211323170560,Time to First Output Token,ms,max,104403.61
39,1780553210323170560,1780553211323170560,Time to First Output Token,ms,sum,104403.61
39,1780553210323170560,1780553211323170560,Time to First Output Token,ms,p1,104403.61
39,1780553210323170560,1780553211323170560,Time to First Output Token,ms,p5,104403.61
39,1780553210323170560,1780553211323170560,Time to First Output Token,ms,p10,104403.61
39,1780553210323170560,1780553211323170560,Time to First Output Token,ms,p25,104403.61
39,1780553210323170560,1780553211323170560,Time to First Output Token,ms,p50,104403.61
39,1780553210323170560,1780553211323170560,Time to First Output Token,ms,p75,104403.61
39,1780553210323170560,1780553211323170560,Time to First Output Token,ms,p90,104403.61
39,1780553210323170560,1780553211323170560,Time to First Output Token,ms,p95,104403.61
39,1780553210323170560,1780553211323170560,Time to First Output Token,ms,p99,104403.61
39,1780553210323170560,1780553211323170560,Time to First Output Token,ms,std,0.00
39,1780553210323170560,1780553211323170560,Time to First Token,ms,avg,104403.61
39,1780553210323170560,1780553211323170560,Time to First Token,ms,min,104403.61
39,1780553210323170560,1780553211323170560,Time to First Token,ms,max,104403.61
39,1780553210323170560,1780553211323170560,Time to First Token,ms,sum,104403.61
39,1780553210323170560,1780553211323170560,Time to First Token,ms,p1,104403.61
39,1780553210323170560,1780553211323170560,Time to First Token,ms,p5,104403.61
39,1780553210323170560,1780553211323170560,Time to First Token,ms,p10,104403.61
39,1780553210323170560,1780553211323170560,Time to First Token,ms,p25,104403.61
39,1780553210323170560,1780553211323170560,Time to First Token,ms,p50,104403.61
39,1780553210323170560,1780553211323170560,Time to First Token,ms,p75,104403.61
39,1780553210323170560,1780553211323170560,Time to First Token,ms,p90,104403.61
39,1780553210323170560,1780553211323170560,Time to First Token,ms,p95,104403.61
39,1780553210323170560,1780553211323170560,Time to First Token,ms,p99,104403.61
39,1780553210323170560,1780553211323170560,Time to First Token,ms,std,0.00
39,1780553210323170560,1780553211323170560,Time to Second Token,ms,avg,10.38
39,1780553210323170560,1780553211323170560,Time to Second Token,ms,min,10.38
39,1780553210323170560,1780553211323170560,Time to Second Token,ms,max,10.38
39,1780553210323170560,1780553211323170560,Time to Second Token,ms,sum,10.38
39,1780553210323170560,1780553211323170560,Time to Second Token,ms,p1,10.38
39,1780553210323170560,1780553211323170560,Time to Second Token,ms,p5,10.38
39,1780553210323170560,1780553211323170560,Time to Second Token,ms,p10,10.38
39,1780553210323170560,1780553211323170560,Time to Second Token,ms,p25,10.38
39,1780553210323170560,1780553211323170560,Time to Second Token,ms,p50,10.38
39,1780553210323170560,1780553211323170560,Time to Second Token,ms,p75,10.38
39,1780553210323170560,1780553211323170560,Time to Second Token,ms,p90,10.38
39,1780553210323170560,1780553211323170560,Time to Second Token,ms,p95,10.38
39,1780553210323170560,1780553211323170560,Time to Second Token,ms,p99,10.38
39,1780553210323170560,1780553211323170560,Time to Second Token,ms,std,0.00
39,1780553210323170560,1780553211323170560,Tokens In Flight,tokens,avg,1647028.60
39,1780553210323170560,1780553211323170560,Tokens In Flight,tokens,min,1606317.98
39,1780553210323170560,1780553211323170560,Tokens In Flight,tokens,max,1680800.71
39,1780553210323170560,1780553211323170560,Tokens In Flight,tokens,p50,1680769.39
39,1780553210323170560,1780553211323170560,Tokens In Flight,tokens,p90,1680794.12
39,1780553210323170560,1780553211323170560,Tokens In Flight,tokens,p95,1680796.79
39,1780553210323170560,1780553211323170560,Tokens In Flight,tokens,p99,1680800.71
39,1780553210323170560,1780553211323170560,Tokens In Flight,tokens,std,37064.53
39,1780553210323170560,1780553211323170560,Total Input Sequence Length,tokens,avg,74423.00
39,1780553210323170560,1780553211323170560,Total Output Sequence Length,tokens,avg,236.00
39,1780553210323170560,1780553211323170560,Total Output Tokens,tokens,avg,236.00
39,1780553210323170560,1780553211323170560,Total Token Throughput,tokens/sec,avg,74659.00
39,1780553210323170560,1780553211323170560,Total Usage Completion Tokens,tokens,avg,236.00
39,1780553210323170560,1780553211323170560,Total Usage Prompt Tokens,tokens,avg,74423.00
39,1780553210323170560,1780553211323170560,Total Usage Total Tokens,tokens,avg,74659.00
39,1780553210323170560,1780553211323170560,Usage Completion Tokens,tokens,avg,236.00
39,1780553210323170560,1780553211323170560,Usage Completion Tokens,tokens,min,236.00
39,1780553210323170560,1780553211323170560,Usage Completion Tokens,tokens,max,236.00
39,1780553210323170560,1780553211323170560,Usage Completion Tokens,tokens,sum,236.00
39,1780553210323170560,1780553211323170560,Usage Completion Tokens,tokens,p1,236.00
39,1780553210323170560,1780553211323170560,Usage Completion Tokens,tokens,p5,236.00
39,1780553210323170560,1780553211323170560,Usage Completion Tokens,tokens,p10,236.00
39,1780553210323170560,1780553211323170560,Usage Completion Tokens,tokens,p25,236.00
39,1780553210323170560,1780553211323170560,Usage Completion Tokens,tokens,p50,236.00
39,1780553210323170560,1780553211323170560,Usage Completion Tokens,tokens,p75,236.00
39,1780553210323170560,1780553211323170560,Usage Completion Tokens,tokens,p90,236.00
39,1780553210323170560,1780553211323170560,Usage Completion Tokens,tokens,p95,236.00
39,1780553210323170560,1780553211323170560,Usage Completion Tokens,tokens,p99,236.00
39,1780553210323170560,1780553211323170560,Usage Completion Tokens,tokens,std,0.00
39,1780553210323170560,1780553211323170560,Usage Prompt Tokens,tokens,avg,74423.00
39,1780553210323170560,1780553211323170560,Usage Prompt Tokens,tokens,min,74423.00
39,1780553210323170560,1780553211323170560,Usage Prompt Tokens,tokens,max,74423.00
39,1780553210323170560,1780553211323170560,Usage Prompt Tokens,tokens,sum,74423.00
39,1780553210323170560,1780553211323170560,Usage Prompt Tokens,tokens,p1,74423.00
39,1780553210323170560,1780553211323170560,Usage Prompt Tokens,tokens,p5,74423.00
39,1780553210323170560,1780553211323170560,Usage Prompt Tokens,tokens,p10,74423.00
39,1780553210323170560,1780553211323170560,Usage Prompt Tokens,tokens,p25,74423.00
39,1780553210323170560,1780553211323170560,Usage Prompt Tokens,tokens,p50,74423.00
39,1780553210323170560,1780553211323170560,Usage Prompt Tokens,tokens,p75,74423.00
39,1780553210323170560,1780553211323170560,Usage Prompt Tokens,tokens,p90,74423.00
39,1780553210323170560,1780553211323170560,Usage Prompt Tokens,tokens,p95,74423.00
39,1780553210323170560,1780553211323170560,Usage Prompt Tokens,tokens,p99,74423.00
39,1780553210323170560,1780553211323170560,Usage Prompt Tokens,tokens,std,0.00
39,1780553210323170560,1780553211323170560,Usage Total Tokens,tokens,avg,74659.00
39,1780553210323170560,1780553211323170560,Usage Total Tokens,tokens,min,74659.00
39,1780553210323170560,1780553211323170560,Usage Total Tokens,tokens,max,74659.00
39,1780553210323170560,1780553211323170560,Usage Total Tokens,tokens,sum,74659.00
39,1780553210323170560,1780553211323170560,Usage Total Tokens,tokens,p1,74659.00
39,1780553210323170560,1780553211323170560,Usage Total Tokens,tokens,p5,74659.00
39,1780553210323170560,1780553211323170560,Usage Total Tokens,tokens,p10,74659.00
39,1780553210323170560,1780553211323170560,Usage Total Tokens,tokens,p25,74659.00
39,1780553210323170560,1780553211323170560,Usage Total Tokens,tokens,p50,74659.00
39,1780553210323170560,1780553211323170560,Usage Total Tokens,tokens,p75,74659.00
39,1780553210323170560,1780553211323170560,Usage Total Tokens,tokens,p90,74659.00
39,1780553210323170560,1780553211323170560,Usage Total Tokens,tokens,p95,74659.00
39,1780553210323170560,1780553211323170560,Usage Total Tokens,tokens,p99,74659.00
39,1780553210323170560,1780553211323170560,Usage Total Tokens,tokens,std,0.00
40,1780553220323170560,1780553221323170560,Active Decode Throughput,tokens/sec,avg,76.64
40,1780553220323170560,1780553221323170560,Active Decode Throughput,tokens/sec,min,50.92
40,1780553220323170560,1780553221323170560,Active Decode Throughput,tokens/sec,max,102.37
40,1780553220323170560,1780553221323170560,Active Decode Throughput,tokens/sec,p50,76.64
40,1780553220323170560,1780553221323170560,Active Decode Throughput,tokens/sec,p90,76.64
40,1780553220323170560,1780553221323170560,Active Decode Throughput,tokens/sec,p95,76.64
40,1780553220323170560,1780553221323170560,Active Decode Throughput,tokens/sec,p99,76.64
40,1780553220323170560,1780553221323170560,Active Decode Throughput,tokens/sec,std,0.04
40,1780553220323170560,1780553221323170560,Active Decode Throughput Per User,tokens/sec/user,avg,6.97
40,1780553220323170560,1780553221323170560,Active Decode Throughput Per User,tokens/sec/user,min,4.63
40,1780553220323170560,1780553221323170560,Active Decode Throughput Per User,tokens/sec/user,max,9.31
40,1780553220323170560,1780553221323170560,Active Decode Throughput Per User,tokens/sec/user,p50,6.97
40,1780553220323170560,1780553221323170560,Active Decode Throughput Per User,tokens/sec/user,p90,6.97
40,1780553220323170560,1780553221323170560,Active Decode Throughput Per User,tokens/sec/user,p95,6.97
40,1780553220323170560,1780553221323170560,Active Decode Throughput Per User,tokens/sec/user,p99,6.97
40,1780553220323170560,1780553221323170560,Active Decode Throughput Per User,tokens/sec/user,std,0.00
40,1780553220323170560,1780553221323170560,Active Prefill Throughput,tokens/sec,avg,6115.38
40,1780553220323170560,1780553221323170560,Active Prefill Throughput,tokens/sec,min,5922.19
40,1780553220323170560,1780553221323170560,Active Prefill Throughput,tokens/sec,max,6410.23
40,1780553220323170560,1780553221323170560,Active Prefill Throughput,tokens/sec,p50,5922.19
40,1780553220323170560,1780553221323170560,Active Prefill Throughput,tokens/sec,p90,6410.23
40,1780553220323170560,1780553221323170560,Active Prefill Throughput,tokens/sec,p95,6410.23
40,1780553220323170560,1780553221323170560,Active Prefill Throughput,tokens/sec,p99,6410.23
40,1780553220323170560,1780553221323170560,Active Prefill Throughput,tokens/sec,std,238.67
40,1780553220323170560,1780553221323170560,Active Prefill Throughput Per User,tokens/sec/user,avg,1401.97
40,1780553220323170560,1780553221323170560,Active Prefill Throughput Per User,tokens/sec/user,min,1282.05
40,1780553220323170560,1780553221323170560,Active Prefill Throughput Per User,tokens/sec/user,max,1480.55
40,1780553220323170560,1780553221323170560,Active Prefill Throughput Per User,tokens/sec/user,p50,1480.55
40,1780553220323170560,1780553221323170560,Active Prefill Throughput Per User,tokens/sec/user,p90,1480.55
40,1780553220323170560,1780553221323170560,Active Prefill Throughput Per User,tokens/sec/user,p95,1480.55
40,1780553220323170560,1780553221323170560,Active Prefill Throughput Per User,tokens/sec/user,p99,1480.55
40,1780553220323170560,1780553221323170560,Active Prefill Throughput Per User,tokens/sec/user,std,97.07
40,1780553220323170560,1780553221323170560,Active Total Throughput,tokens/sec,avg,6194.43
40,1780553220323170560,1780553221323170560,Active Total Throughput,tokens/sec,min,6001.24
40,1780553220323170560,1780553221323170560,Active Total Throughput,tokens/sec,max,6489.27
40,1780553220323170560,1780553221323170560,Active Total Throughput,tokens/sec,p50,6001.24
40,1780553220323170560,1780553221323170560,Active Total Throughput,tokens/sec,p90,6489.27
40,1780553220323170560,1780553221323170560,Active Total Throughput,tokens/sec,p95,6489.27
40,1780553220323170560,1780553221323170560,Active Total Throughput,tokens/sec,p99,6489.27
40,1780553220323170560,1780553221323170560,Active Total Throughput,tokens/sec,std,238.67
40,1780553220323170560,1780553221323170560,Benchmark Duration,sec,avg,145.52
40,1780553220323170560,1780553221323170560,E2E Output Token Throughput,tokens/sec/user,avg,1.77
40,1780553220323170560,1780553221323170560,E2E Output Token Throughput,tokens/sec/user,min,1.77
40,1780553220323170560,1780553221323170560,E2E Output Token Throughput,tokens/sec/user,max,1.77
40,1780553220323170560,1780553221323170560,E2E Output Token Throughput,tokens/sec/user,sum,1.77
40,1780553220323170560,1780553221323170560,E2E Output Token Throughput,tokens/sec/user,p1,1.77
40,1780553220323170560,1780553221323170560,E2E Output Token Throughput,tokens/sec/user,p5,1.77
40,1780553220323170560,1780553221323170560,E2E Output Token Throughput,tokens/sec/user,p10,1.77
40,1780553220323170560,1780553221323170560,E2E Output Token Throughput,tokens/sec/user,p25,1.77
40,1780553220323170560,1780553221323170560,E2E Output Token Throughput,tokens/sec/user,p50,1.77
40,1780553220323170560,1780553221323170560,E2E Output Token Throughput,tokens/sec/user,p75,1.77
40,1780553220323170560,1780553221323170560,E2E Output Token Throughput,tokens/sec/user,p90,1.77
40,1780553220323170560,1780553221323170560,E2E Output Token Throughput,tokens/sec/user,p95,1.77
40,1780553220323170560,1780553221323170560,E2E Output Token Throughput,tokens/sec/user,p99,1.77
40,1780553220323170560,1780553221323170560,E2E Output Token Throughput,tokens/sec/user,std,0.00
40,1780553220323170560,1780553221323170560,Effective Concurrency,requests,avg,15.40
40,1780553220323170560,1780553221323170560,Effective Concurrency,requests,min,15.00
40,1780553220323170560,1780553221323170560,Effective Concurrency,requests,max,16.00
40,1780553220323170560,1780553221323170560,Effective Concurrency,requests,p50,15.00
40,1780553220323170560,1780553221323170560,Effective Concurrency,requests,p90,16.00
40,1780553220323170560,1780553221323170560,Effective Concurrency,requests,p95,16.00
40,1780553220323170560,1780553221323170560,Effective Concurrency,requests,p99,16.00
40,1780553220323170560,1780553221323170560,Effective Concurrency,requests,std,0.49
40,1780553220323170560,1780553221323170560,Effective Decode Concurrency,requests,avg,11.00
40,1780553220323170560,1780553221323170560,Effective Decode Concurrency,requests,min,11.00
40,1780553220323170560,1780553221323170560,Effective Decode Concurrency,requests,max,11.00
40,1780553220323170560,1780553221323170560,Effective Decode Concurrency,requests,p50,11.00
40,1780553220323170560,1780553221323170560,Effective Decode Concurrency,requests,p90,11.00
40,1780553220323170560,1780553221323170560,Effective Decode Concurrency,requests,p95,11.00
40,1780553220323170560,1780553221323170560,Effective Decode Concurrency,requests,p99,11.00
40,1780553220323170560,1780553221323170560,Effective Decode Concurrency,requests,std,0.00
40,1780553220323170560,1780553221323170560,Effective Decode Throughput,tokens/sec,avg,76.64
40,1780553220323170560,1780553221323170560,Effective Decode Throughput,tokens/sec,min,50.92
40,1780553220323170560,1780553221323170560,Effective Decode Throughput,tokens/sec,max,102.37
40,1780553220323170560,1780553221323170560,Effective Decode Throughput,tokens/sec,p50,76.64
40,1780553220323170560,1780553221323170560,Effective Decode Throughput,tokens/sec,p90,76.64
40,1780553220323170560,1780553221323170560,Effective Decode Throughput,tokens/sec,p95,76.64
40,1780553220323170560,1780553221323170560,Effective Decode Throughput,tokens/sec,p99,76.64
40,1780553220323170560,1780553221323170560,Effective Decode Throughput,tokens/sec,std,0.04
40,1780553220323170560,1780553221323170560,Effective Decode Throughput Per User,tokens/sec/user,avg,6.97
40,1780553220323170560,1780553221323170560,Effective Decode Throughput Per User,tokens/sec/user,min,4.63
40,1780553220323170560,1780553221323170560,Effective Decode Throughput Per User,tokens/sec/user,max,9.31
40,1780553220323170560,1780553221323170560,Effective Decode Throughput Per User,tokens/sec/user,p50,6.97
40,1780553220323170560,1780553221323170560,Effective Decode Throughput Per User,tokens/sec/user,p90,6.97
40,1780553220323170560,1780553221323170560,Effective Decode Throughput Per User,tokens/sec/user,p95,6.97
40,1780553220323170560,1780553221323170560,Effective Decode Throughput Per User,tokens/sec/user,p99,6.97
40,1780553220323170560,1780553221323170560,Effective Decode Throughput Per User,tokens/sec/user,std,0.00
40,1780553220323170560,1780553221323170560,Effective Prefill Concurrency,requests,avg,4.40
40,1780553220323170560,1780553221323170560,Effective Prefill Concurrency,requests,min,4.00
40,1780553220323170560,1780553221323170560,Effective Prefill Concurrency,requests,max,5.00
40,1780553220323170560,1780553221323170560,Effective Prefill Concurrency,requests,p50,4.00
40,1780553220323170560,1780553221323170560,Effective Prefill Concurrency,requests,p90,5.00
40,1780553220323170560,1780553221323170560,Effective Prefill Concurrency,requests,p95,5.00
40,1780553220323170560,1780553221323170560,Effective Prefill Concurrency,requests,p99,5.00
40,1780553220323170560,1780553221323170560,Effective Prefill Concurrency,requests,std,0.49
40,1780553220323170560,1780553221323170560,Effective Prefill Throughput,tokens/sec,avg,6115.38
40,1780553220323170560,1780553221323170560,Effective Prefill Throughput,tokens/sec,min,5922.19
40,1780553220323170560,1780553221323170560,Effective Prefill Throughput,tokens/sec,max,6410.23
40,1780553220323170560,1780553221323170560,Effective Prefill Throughput,tokens/sec,p50,5922.19
40,1780553220323170560,1780553221323170560,Effective Prefill Throughput,tokens/sec,p90,6410.23
40,1780553220323170560,1780553221323170560,Effective Prefill Throughput,tokens/sec,p95,6410.23
40,1780553220323170560,1780553221323170560,Effective Prefill Throughput,tokens/sec,p99,6410.23
40,1780553220323170560,1780553221323170560,Effective Prefill Throughput,tokens/sec,std,238.67
40,1780553220323170560,1780553221323170560,Effective Prefill Throughput Per User,tokens/sec/user,avg,1401.97
40,1780553220323170560,1780553221323170560,Effective Prefill Throughput Per User,tokens/sec/user,min,1282.05
40,1780553220323170560,1780553221323170560,Effective Prefill Throughput Per User,tokens/sec/user,max,1480.55
40,1780553220323170560,1780553221323170560,Effective Prefill Throughput Per User,tokens/sec/user,p50,1480.55
40,1780553220323170560,1780553221323170560,Effective Prefill Throughput Per User,tokens/sec/user,p90,1480.55
40,1780553220323170560,1780553221323170560,Effective Prefill Throughput Per User,tokens/sec/user,p95,1480.55
40,1780553220323170560,1780553221323170560,Effective Prefill Throughput Per User,tokens/sec/user,p99,1480.55
40,1780553220323170560,1780553221323170560,Effective Prefill Throughput Per User,tokens/sec/user,std,97.07
40,1780553220323170560,1780553221323170560,Effective Total Throughput,tokens/sec,avg,6194.43
40,1780553220323170560,1780553221323170560,Effective Total Throughput,tokens/sec,min,6001.24
40,1780553220323170560,1780553221323170560,Effective Total Throughput,tokens/sec,max,6489.27
40,1780553220323170560,1780553221323170560,Effective Total Throughput,tokens/sec,p50,6001.24
40,1780553220323170560,1780553221323170560,Effective Total Throughput,tokens/sec,p90,6489.27
40,1780553220323170560,1780553221323170560,Effective Total Throughput,tokens/sec,p95,6489.27
40,1780553220323170560,1780553221323170560,Effective Total Throughput,tokens/sec,p99,6489.27
40,1780553220323170560,1780553221323170560,Effective Total Throughput,tokens/sec,std,238.67
40,1780553220323170560,1780553221323170560,HTTP Blocked,ms,avg,0.00
40,1780553220323170560,1780553221323170560,HTTP Blocked,ms,min,0.00
40,1780553220323170560,1780553221323170560,HTTP Blocked,ms,max,0.00
40,1780553220323170560,1780553221323170560,HTTP Blocked,ms,sum,0.00
40,1780553220323170560,1780553221323170560,HTTP Blocked,ms,p1,0.00
40,1780553220323170560,1780553221323170560,HTTP Blocked,ms,p5,0.00
40,1780553220323170560,1780553221323170560,HTTP Blocked,ms,p10,0.00
40,1780553220323170560,1780553221323170560,HTTP Blocked,ms,p25,0.00
40,1780553220323170560,1780553221323170560,HTTP Blocked,ms,p50,0.00
40,1780553220323170560,1780553221323170560,HTTP Blocked,ms,p75,0.00
40,1780553220323170560,1780553221323170560,HTTP Blocked,ms,p90,0.00
40,1780553220323170560,1780553221323170560,HTTP Blocked,ms,p95,0.00
40,1780553220323170560,1780553221323170560,HTTP Blocked,ms,p99,0.00
40,1780553220323170560,1780553221323170560,HTTP Blocked,ms,std,0.00
40,1780553220323170560,1780553221323170560,HTTP Chunks Received,count,avg,257.00
40,1780553220323170560,1780553221323170560,HTTP Chunks Received,count,min,257.00
40,1780553220323170560,1780553221323170560,HTTP Chunks Received,count,max,257.00
40,1780553220323170560,1780553221323170560,HTTP Chunks Received,count,sum,257.00
40,1780553220323170560,1780553221323170560,HTTP Chunks Received,count,p1,257.00
40,1780553220323170560,1780553221323170560,HTTP Chunks Received,count,p5,257.00
40,1780553220323170560,1780553221323170560,HTTP Chunks Received,count,p10,257.00
40,1780553220323170560,1780553221323170560,HTTP Chunks Received,count,p25,257.00
40,1780553220323170560,1780553221323170560,HTTP Chunks Received,count,p50,257.00
40,1780553220323170560,1780553221323170560,HTTP Chunks Received,count,p75,257.00
40,1780553220323170560,1780553221323170560,HTTP Chunks Received,count,p90,257.00
40,1780553220323170560,1780553221323170560,HTTP Chunks Received,count,p95,257.00
40,1780553220323170560,1780553221323170560,HTTP Chunks Received,count,p99,257.00
40,1780553220323170560,1780553221323170560,HTTP Chunks Received,count,std,0.00
40,1780553220323170560,1780553221323170560,HTTP Chunks Sent,count,avg,1.00
40,1780553220323170560,1780553221323170560,HTTP Chunks Sent,count,min,1.00
40,1780553220323170560,1780553221323170560,HTTP Chunks Sent,count,max,1.00
40,1780553220323170560,1780553221323170560,HTTP Chunks Sent,count,sum,1.00
40,1780553220323170560,1780553221323170560,HTTP Chunks Sent,count,p1,1.00
40,1780553220323170560,1780553221323170560,HTTP Chunks Sent,count,p5,1.00
40,1780553220323170560,1780553221323170560,HTTP Chunks Sent,count,p10,1.00
40,1780553220323170560,1780553221323170560,HTTP Chunks Sent,count,p25,1.00
40,1780553220323170560,1780553221323170560,HTTP Chunks Sent,count,p50,1.00
40,1780553220323170560,1780553221323170560,HTTP Chunks Sent,count,p75,1.00
40,1780553220323170560,1780553221323170560,HTTP Chunks Sent,count,p90,1.00
40,1780553220323170560,1780553221323170560,HTTP Chunks Sent,count,p95,1.00
40,1780553220323170560,1780553221323170560,HTTP Chunks Sent,count,p99,1.00
40,1780553220323170560,1780553221323170560,HTTP Chunks Sent,count,std,0.00
40,1780553220323170560,1780553221323170560,HTTP Connecting,ms,avg,0.00
40,1780553220323170560,1780553221323170560,HTTP Connecting,ms,min,0.00
40,1780553220323170560,1780553221323170560,HTTP Connecting,ms,max,0.00
40,1780553220323170560,1780553221323170560,HTTP Connecting,ms,sum,0.00
40,1780553220323170560,1780553221323170560,HTTP Connecting,ms,p1,0.00
40,1780553220323170560,1780553221323170560,HTTP Connecting,ms,p5,0.00
40,1780553220323170560,1780553221323170560,HTTP Connecting,ms,p10,0.00
40,1780553220323170560,1780553221323170560,HTTP Connecting,ms,p25,0.00
40,1780553220323170560,1780553221323170560,HTTP Connecting,ms,p50,0.00
40,1780553220323170560,1780553221323170560,HTTP Connecting,ms,p75,0.00
40,1780553220323170560,1780553221323170560,HTTP Connecting,ms,p90,0.00
40,1780553220323170560,1780553221323170560,HTTP Connecting,ms,p95,0.00
40,1780553220323170560,1780553221323170560,HTTP Connecting,ms,p99,0.00
40,1780553220323170560,1780553221323170560,HTTP Connecting,ms,std,0.00
40,1780553220323170560,1780553221323170560,HTTP Connection Overhead,ms,avg,0.00
40,1780553220323170560,1780553221323170560,HTTP Connection Overhead,ms,min,0.00
40,1780553220323170560,1780553221323170560,HTTP Connection Overhead,ms,max,0.00
40,1780553220323170560,1780553221323170560,HTTP Connection Overhead,ms,sum,0.00
40,1780553220323170560,1780553221323170560,HTTP Connection Overhead,ms,p1,0.00
40,1780553220323170560,1780553221323170560,HTTP Connection Overhead,ms,p5,0.00
40,1780553220323170560,1780553221323170560,HTTP Connection Overhead,ms,p10,0.00
40,1780553220323170560,1780553221323170560,HTTP Connection Overhead,ms,p25,0.00
40,1780553220323170560,1780553221323170560,HTTP Connection Overhead,ms,p50,0.00
40,1780553220323170560,1780553221323170560,HTTP Connection Overhead,ms,p75,0.00
40,1780553220323170560,1780553221323170560,HTTP Connection Overhead,ms,p90,0.00
40,1780553220323170560,1780553221323170560,HTTP Connection Overhead,ms,p95,0.00
40,1780553220323170560,1780553221323170560,HTTP Connection Overhead,ms,p99,0.00
40,1780553220323170560,1780553221323170560,HTTP Connection Overhead,ms,std,0.00
40,1780553220323170560,1780553221323170560,HTTP Connection Reused,ratio,avg,1.00
40,1780553220323170560,1780553221323170560,HTTP Connection Reused,ratio,min,1.00
40,1780553220323170560,1780553221323170560,HTTP Connection Reused,ratio,max,1.00
40,1780553220323170560,1780553221323170560,HTTP Connection Reused,ratio,sum,1.00
40,1780553220323170560,1780553221323170560,HTTP Connection Reused,ratio,p1,1.00
40,1780553220323170560,1780553221323170560,HTTP Connection Reused,ratio,p5,1.00
40,1780553220323170560,1780553221323170560,HTTP Connection Reused,ratio,p10,1.00
40,1780553220323170560,1780553221323170560,HTTP Connection Reused,ratio,p25,1.00
40,1780553220323170560,1780553221323170560,HTTP Connection Reused,ratio,p50,1.00
40,1780553220323170560,1780553221323170560,HTTP Connection Reused,ratio,p75,1.00
40,1780553220323170560,1780553221323170560,HTTP Connection Reused,ratio,p90,1.00
40,1780553220323170560,1780553221323170560,HTTP Connection Reused,ratio,p95,1.00
40,1780553220323170560,1780553221323170560,HTTP Connection Reused,ratio,p99,1.00
40,1780553220323170560,1780553221323170560,HTTP Connection Reused,ratio,std,0.00
40,1780553220323170560,1780553221323170560,HTTP Data Received,KB,avg,64.53
40,1780553220323170560,1780553221323170560,HTTP Data Received,KB,min,64.53
40,1780553220323170560,1780553221323170560,HTTP Data Received,KB,max,64.53
40,1780553220323170560,1780553221323170560,HTTP Data Received,KB,sum,64.53
40,1780553220323170560,1780553221323170560,HTTP Data Received,KB,p1,64.53
40,1780553220323170560,1780553221323170560,HTTP Data Received,KB,p5,64.53
40,1780553220323170560,1780553221323170560,HTTP Data Received,KB,p10,64.53
40,1780553220323170560,1780553221323170560,HTTP Data Received,KB,p25,64.53
40,1780553220323170560,1780553221323170560,HTTP Data Received,KB,p50,64.53
40,1780553220323170560,1780553221323170560,HTTP Data Received,KB,p75,64.53
40,1780553220323170560,1780553221323170560,HTTP Data Received,KB,p90,64.53
40,1780553220323170560,1780553221323170560,HTTP Data Received,KB,p95,64.53
40,1780553220323170560,1780553221323170560,HTTP Data Received,KB,p99,64.53
40,1780553220323170560,1780553221323170560,HTTP Data Received,KB,std,0.00
40,1780553220323170560,1780553221323170560,HTTP Data Sent,KB,avg,194.48
40,1780553220323170560,1780553221323170560,HTTP Data Sent,KB,min,194.48
40,1780553220323170560,1780553221323170560,HTTP Data Sent,KB,max,194.48
40,1780553220323170560,1780553221323170560,HTTP Data Sent,KB,sum,194.48
40,1780553220323170560,1780553221323170560,HTTP Data Sent,KB,p1,194.48
40,1780553220323170560,1780553221323170560,HTTP Data Sent,KB,p5,194.48
40,1780553220323170560,1780553221323170560,HTTP Data Sent,KB,p10,194.48
40,1780553220323170560,1780553221323170560,HTTP Data Sent,KB,p25,194.48
40,1780553220323170560,1780553221323170560,HTTP Data Sent,KB,p50,194.48
40,1780553220323170560,1780553221323170560,HTTP Data Sent,KB,p75,194.48
40,1780553220323170560,1780553221323170560,HTTP Data Sent,KB,p90,194.48
40,1780553220323170560,1780553221323170560,HTTP Data Sent,KB,p95,194.48
40,1780553220323170560,1780553221323170560,HTTP Data Sent,KB,p99,194.48
40,1780553220323170560,1780553221323170560,HTTP Data Sent,KB,std,0.00
40,1780553220323170560,1780553221323170560,HTTP DNS Lookup,ms,avg,0.00
40,1780553220323170560,1780553221323170560,HTTP DNS Lookup,ms,min,0.00
40,1780553220323170560,1780553221323170560,HTTP DNS Lookup,ms,max,0.00
40,1780553220323170560,1780553221323170560,HTTP DNS Lookup,ms,sum,0.00
40,1780553220323170560,1780553221323170560,HTTP DNS Lookup,ms,p1,0.00
40,1780553220323170560,1780553221323170560,HTTP DNS Lookup,ms,p5,0.00
40,1780553220323170560,1780553221323170560,HTTP DNS Lookup,ms,p10,0.00
40,1780553220323170560,1780553221323170560,HTTP DNS Lookup,ms,p25,0.00
40,1780553220323170560,1780553221323170560,HTTP DNS Lookup,ms,p50,0.00
40,1780553220323170560,1780553221323170560,HTTP DNS Lookup,ms,p75,0.00
40,1780553220323170560,1780553221323170560,HTTP DNS Lookup,ms,p90,0.00
40,1780553220323170560,1780553221323170560,HTTP DNS Lookup,ms,p95,0.00
40,1780553220323170560,1780553221323170560,HTTP DNS Lookup,ms,p99,0.00
40,1780553220323170560,1780553221323170560,HTTP DNS Lookup,ms,std,0.00
40,1780553220323170560,1780553221323170560,HTTP Duration (excl. conn),ms,avg,145517.47
40,1780553220323170560,1780553221323170560,HTTP Duration (excl. conn),ms,min,145517.47
40,1780553220323170560,1780553221323170560,HTTP Duration (excl. conn),ms,max,145517.47
40,1780553220323170560,1780553221323170560,HTTP Duration (excl. conn),ms,sum,145517.47
40,1780553220323170560,1780553221323170560,HTTP Duration (excl. conn),ms,p1,145517.47
40,1780553220323170560,1780553221323170560,HTTP Duration (excl. conn),ms,p5,145517.47
40,1780553220323170560,1780553221323170560,HTTP Duration (excl. conn),ms,p10,145517.47
40,1780553220323170560,1780553221323170560,HTTP Duration (excl. conn),ms,p25,145517.47
40,1780553220323170560,1780553221323170560,HTTP Duration (excl. conn),ms,p50,145517.47
40,1780553220323170560,1780553221323170560,HTTP Duration (excl. conn),ms,p75,145517.47
40,1780553220323170560,1780553221323170560,HTTP Duration (excl. conn),ms,p90,145517.47
40,1780553220323170560,1780553221323170560,HTTP Duration (excl. conn),ms,p95,145517.47
40,1780553220323170560,1780553221323170560,HTTP Duration (excl. conn),ms,p99,145517.47
40,1780553220323170560,1780553221323170560,HTTP Duration (excl. conn),ms,std,0.00
40,1780553220323170560,1780553221323170560,HTTP Receiving,ms,avg,43197.47
40,1780553220323170560,1780553221323170560,HTTP Receiving,ms,min,43197.47
40,1780553220323170560,1780553221323170560,HTTP Receiving,ms,max,43197.47
40,1780553220323170560,1780553221323170560,HTTP Receiving,ms,sum,43197.47
40,1780553220323170560,1780553221323170560,HTTP Receiving,ms,p1,43197.47
40,1780553220323170560,1780553221323170560,HTTP Receiving,ms,p5,43197.47
40,1780553220323170560,1780553221323170560,HTTP Receiving,ms,p10,43197.47
40,1780553220323170560,1780553221323170560,HTTP Receiving,ms,p25,43197.47
40,1780553220323170560,1780553221323170560,HTTP Receiving,ms,p50,43197.47
40,1780553220323170560,1780553221323170560,HTTP Receiving,ms,p75,43197.47
40,1780553220323170560,1780553221323170560,HTTP Receiving,ms,p90,43197.47
40,1780553220323170560,1780553221323170560,HTTP Receiving,ms,p95,43197.47
40,1780553220323170560,1780553221323170560,HTTP Receiving,ms,p99,43197.47
40,1780553220323170560,1780553221323170560,HTTP Receiving,ms,std,0.00
40,1780553220323170560,1780553221323170560,HTTP Sending,ms,avg,0.32
40,1780553220323170560,1780553221323170560,HTTP Sending,ms,min,0.32
40,1780553220323170560,1780553221323170560,HTTP Sending,ms,max,0.32
40,1780553220323170560,1780553221323170560,HTTP Sending,ms,sum,0.32
40,1780553220323170560,1780553221323170560,HTTP Sending,ms,p1,0.32
40,1780553220323170560,1780553221323170560,HTTP Sending,ms,p5,0.32
40,1780553220323170560,1780553221323170560,HTTP Sending,ms,p10,0.32
40,1780553220323170560,1780553221323170560,HTTP Sending,ms,p25,0.32
40,1780553220323170560,1780553221323170560,HTTP Sending,ms,p50,0.32
40,1780553220323170560,1780553221323170560,HTTP Sending,ms,p75,0.32
40,1780553220323170560,1780553221323170560,HTTP Sending,ms,p90,0.32
40,1780553220323170560,1780553221323170560,HTTP Sending,ms,p95,0.32
40,1780553220323170560,1780553221323170560,HTTP Sending,ms,p99,0.32
40,1780553220323170560,1780553221323170560,HTTP Sending,ms,std,0.00
40,1780553220323170560,1780553221323170560,HTTP Total Time,ms,avg,145517.47
40,1780553220323170560,1780553221323170560,HTTP Total Time,ms,min,145517.47
40,1780553220323170560,1780553221323170560,HTTP Total Time,ms,max,145517.47
40,1780553220323170560,1780553221323170560,HTTP Total Time,ms,sum,145517.47
40,1780553220323170560,1780553221323170560,HTTP Total Time,ms,p1,145517.47
40,1780553220323170560,1780553221323170560,HTTP Total Time,ms,p5,145517.47
40,1780553220323170560,1780553221323170560,HTTP Total Time,ms,p10,145517.47
40,1780553220323170560,1780553221323170560,HTTP Total Time,ms,p25,145517.47
40,1780553220323170560,1780553221323170560,HTTP Total Time,ms,p50,145517.47
40,1780553220323170560,1780553221323170560,HTTP Total Time,ms,p75,145517.47
40,1780553220323170560,1780553221323170560,HTTP Total Time,ms,p90,145517.47
40,1780553220323170560,1780553221323170560,HTTP Total Time,ms,p95,145517.47
40,1780553220323170560,1780553221323170560,HTTP Total Time,ms,p99,145517.47
40,1780553220323170560,1780553221323170560,HTTP Total Time,ms,std,0.00
40,1780553220323170560,1780553221323170560,HTTP Waiting (TTFB),ms,avg,102319.68
40,1780553220323170560,1780553221323170560,HTTP Waiting (TTFB),ms,min,102319.68
40,1780553220323170560,1780553221323170560,HTTP Waiting (TTFB),ms,max,102319.68
40,1780553220323170560,1780553221323170560,HTTP Waiting (TTFB),ms,sum,102319.68
40,1780553220323170560,1780553221323170560,HTTP Waiting (TTFB),ms,p1,102319.68
40,1780553220323170560,1780553221323170560,HTTP Waiting (TTFB),ms,p5,102319.68
40,1780553220323170560,1780553221323170560,HTTP Waiting (TTFB),ms,p10,102319.68
40,1780553220323170560,1780553221323170560,HTTP Waiting (TTFB),ms,p25,102319.68
40,1780553220323170560,1780553221323170560,HTTP Waiting (TTFB),ms,p50,102319.68
40,1780553220323170560,1780553221323170560,HTTP Waiting (TTFB),ms,p75,102319.68
40,1780553220323170560,1780553221323170560,HTTP Waiting (TTFB),ms,p90,102319.68
40,1780553220323170560,1780553221323170560,HTTP Waiting (TTFB),ms,p95,102319.68
40,1780553220323170560,1780553221323170560,HTTP Waiting (TTFB),ms,p99,102319.68
40,1780553220323170560,1780553221323170560,HTTP Waiting (TTFB),ms,std,0.00
40,1780553220323170560,1780553221323170560,Input Sequence Length,tokens,avg,49936.00
40,1780553220323170560,1780553221323170560,Input Sequence Length,tokens,min,49936.00
40,1780553220323170560,1780553221323170560,Input Sequence Length,tokens,max,49936.00
40,1780553220323170560,1780553221323170560,Input Sequence Length,tokens,sum,49936.00
40,1780553220323170560,1780553221323170560,Input Sequence Length,tokens,p1,49936.00
40,1780553220323170560,1780553221323170560,Input Sequence Length,tokens,p5,49936.00
40,1780553220323170560,1780553221323170560,Input Sequence Length,tokens,p10,49936.00
40,1780553220323170560,1780553221323170560,Input Sequence Length,tokens,p25,49936.00
40,1780553220323170560,1780553221323170560,Input Sequence Length,tokens,p50,49936.00
40,1780553220323170560,1780553221323170560,Input Sequence Length,tokens,p75,49936.00
40,1780553220323170560,1780553221323170560,Input Sequence Length,tokens,p90,49936.00
40,1780553220323170560,1780553221323170560,Input Sequence Length,tokens,p95,49936.00
40,1780553220323170560,1780553221323170560,Input Sequence Length,tokens,p99,49936.00
40,1780553220323170560,1780553221323170560,Input Sequence Length,tokens,std,0.00
40,1780553220323170560,1780553221323170560,Input Token Throughput,tokens/sec,avg,49936.00
40,1780553220323170560,1780553221323170560,Inter Chunk Latency,ms,avg,64.71
40,1780553220323170560,1780553221323170560,Inter Chunk Latency,ms,min,64.69
40,1780553220323170560,1780553221323170560,Inter Chunk Latency,ms,max,64.72
40,1780553220323170560,1780553221323170560,Inter Chunk Latency,ms,sum,16500.37
40,1780553220323170560,1780553221323170560,Inter Chunk Latency,ms,p1,64.69
40,1780553220323170560,1780553221323170560,Inter Chunk Latency,ms,p5,64.69
40,1780553220323170560,1780553221323170560,Inter Chunk Latency,ms,p10,64.69
40,1780553220323170560,1780553221323170560,Inter Chunk Latency,ms,p25,64.70
40,1780553220323170560,1780553221323170560,Inter Chunk Latency,ms,p50,64.71
40,1780553220323170560,1780553221323170560,Inter Chunk Latency,ms,p75,64.72
40,1780553220323170560,1780553221323170560,Inter Chunk Latency,ms,p90,64.72
40,1780553220323170560,1780553221323170560,Inter Chunk Latency,ms,p95,64.72
40,1780553220323170560,1780553221323170560,Inter Chunk Latency,ms,p99,64.72
40,1780553220323170560,1780553221323170560,Inter Chunk Latency,ms,std,0.01
40,1780553220323170560,1780553221323170560,Inter Token Latency,ms,avg,168.74
40,1780553220323170560,1780553221323170560,Inter Token Latency,ms,min,168.74
40,1780553220323170560,1780553221323170560,Inter Token Latency,ms,max,168.74
40,1780553220323170560,1780553221323170560,Inter Token Latency,ms,sum,168.74
40,1780553220323170560,1780553221323170560,Inter Token Latency,ms,p1,168.74
40,1780553220323170560,1780553221323170560,Inter Token Latency,ms,p5,168.74
40,1780553220323170560,1780553221323170560,Inter Token Latency,ms,p10,168.74
40,1780553220323170560,1780553221323170560,Inter Token Latency,ms,p25,168.74
40,1780553220323170560,1780553221323170560,Inter Token Latency,ms,p50,168.74
40,1780553220323170560,1780553221323170560,Inter Token Latency,ms,p75,168.74
40,1780553220323170560,1780553221323170560,Inter Token Latency,ms,p90,168.74
40,1780553220323170560,1780553221323170560,Inter Token Latency,ms,p95,168.74
40,1780553220323170560,1780553221323170560,Inter Token Latency,ms,p99,168.74
40,1780553220323170560,1780553221323170560,Inter Token Latency,ms,std,0.00
40,1780553220323170560,1780553221323170560,Maximum Response Timestamp,ns,avg,1780553366444899840.00
40,1780553220323170560,1780553221323170560,Minimum Request Timestamp,ns,avg,1780553220927318528.00
40,1780553220323170560,1780553221323170560,OSL Mismatch Count,requests,avg,0.00
40,1780553220323170560,1780553221323170560,OSL Mismatch Diff %,%,avg,0.00
40,1780553220323170560,1780553221323170560,OSL Mismatch Diff %,%,min,0.00
40,1780553220323170560,1780553221323170560,OSL Mismatch Diff %,%,max,0.00
40,1780553220323170560,1780553221323170560,OSL Mismatch Diff %,%,sum,0.00
40,1780553220323170560,1780553221323170560,OSL Mismatch Diff %,%,p1,0.00
40,1780553220323170560,1780553221323170560,OSL Mismatch Diff %,%,p5,0.00
40,1780553220323170560,1780553221323170560,OSL Mismatch Diff %,%,p10,0.00
40,1780553220323170560,1780553221323170560,OSL Mismatch Diff %,%,p25,0.00
40,1780553220323170560,1780553221323170560,OSL Mismatch Diff %,%,p50,0.00
40,1780553220323170560,1780553221323170560,OSL Mismatch Diff %,%,p75,0.00
40,1780553220323170560,1780553221323170560,OSL Mismatch Diff %,%,p90,0.00
40,1780553220323170560,1780553221323170560,OSL Mismatch Diff %,%,p95,0.00
40,1780553220323170560,1780553221323170560,OSL Mismatch Diff %,%,p99,0.00
40,1780553220323170560,1780553221323170560,OSL Mismatch Diff %,%,std,0.00
40,1780553220323170560,1780553221323170560,Output Sequence Length,tokens,avg,257.00
40,1780553220323170560,1780553221323170560,Output Sequence Length,tokens,min,257.00
40,1780553220323170560,1780553221323170560,Output Sequence Length,tokens,max,257.00
40,1780553220323170560,1780553221323170560,Output Sequence Length,tokens,sum,257.00
40,1780553220323170560,1780553221323170560,Output Sequence Length,tokens,p1,257.00
40,1780553220323170560,1780553221323170560,Output Sequence Length,tokens,p5,257.00
40,1780553220323170560,1780553221323170560,Output Sequence Length,tokens,p10,257.00
40,1780553220323170560,1780553221323170560,Output Sequence Length,tokens,p25,257.00
40,1780553220323170560,1780553221323170560,Output Sequence Length,tokens,p50,257.00
40,1780553220323170560,1780553221323170560,Output Sequence Length,tokens,p75,257.00
40,1780553220323170560,1780553221323170560,Output Sequence Length,tokens,p90,257.00
40,1780553220323170560,1780553221323170560,Output Sequence Length,tokens,p95,257.00
40,1780553220323170560,1780553221323170560,Output Sequence Length,tokens,p99,257.00
40,1780553220323170560,1780553221323170560,Output Sequence Length,tokens,std,0.00
40,1780553220323170560,1780553221323170560,Output Token Count,tokens,avg,257.00
40,1780553220323170560,1780553221323170560,Output Token Count,tokens,min,257.00
40,1780553220323170560,1780553221323170560,Output Token Count,tokens,max,257.00
40,1780553220323170560,1780553221323170560,Output Token Count,tokens,sum,257.00
40,1780553220323170560,1780553221323170560,Output Token Count,tokens,p1,257.00
40,1780553220323170560,1780553221323170560,Output Token Count,tokens,p5,257.00
40,1780553220323170560,1780553221323170560,Output Token Count,tokens,p10,257.00
40,1780553220323170560,1780553221323170560,Output Token Count,tokens,p25,257.00
40,1780553220323170560,1780553221323170560,Output Token Count,tokens,p50,257.00
40,1780553220323170560,1780553221323170560,Output Token Count,tokens,p75,257.00
40,1780553220323170560,1780553221323170560,Output Token Count,tokens,p90,257.00
40,1780553220323170560,1780553221323170560,Output Token Count,tokens,p95,257.00
40,1780553220323170560,1780553221323170560,Output Token Count,tokens,p99,257.00
40,1780553220323170560,1780553221323170560,Output Token Count,tokens,std,0.00
40,1780553220323170560,1780553221323170560,Output Token Throughput,tokens/sec,avg,257.00
40,1780553220323170560,1780553221323170560,Output Token Throughput Per User,tokens/sec/user,avg,5.93
40,1780553220323170560,1780553221323170560,Output Token Throughput Per User,tokens/sec/user,min,5.93
40,1780553220323170560,1780553221323170560,Output Token Throughput Per User,tokens/sec/user,max,5.93
40,1780553220323170560,1780553221323170560,Output Token Throughput Per User,tokens/sec/user,sum,5.93
40,1780553220323170560,1780553221323170560,Output Token Throughput Per User,tokens/sec/user,p1,5.93
40,1780553220323170560,1780553221323170560,Output Token Throughput Per User,tokens/sec/user,p5,5.93
40,1780553220323170560,1780553221323170560,Output Token Throughput Per User,tokens/sec/user,p10,5.93
40,1780553220323170560,1780553221323170560,Output Token Throughput Per User,tokens/sec/user,p25,5.93
40,1780553220323170560,1780553221323170560,Output Token Throughput Per User,tokens/sec/user,p50,5.93
40,1780553220323170560,1780553221323170560,Output Token Throughput Per User,tokens/sec/user,p75,5.93
40,1780553220323170560,1780553221323170560,Output Token Throughput Per User,tokens/sec/user,p90,5.93
40,1780553220323170560,1780553221323170560,Output Token Throughput Per User,tokens/sec/user,p95,5.93
40,1780553220323170560,1780553221323170560,Output Token Throughput Per User,tokens/sec/user,p99,5.93
40,1780553220323170560,1780553221323170560,Output Token Throughput Per User,tokens/sec/user,std,0.00
40,1780553220323170560,1780553221323170560,Prefill Throughput Per User,tokens/sec/user,avg,488.04
40,1780553220323170560,1780553221323170560,Prefill Throughput Per User,tokens/sec/user,min,488.04
40,1780553220323170560,1780553221323170560,Prefill Throughput Per User,tokens/sec/user,max,488.04
40,1780553220323170560,1780553221323170560,Prefill Throughput Per User,tokens/sec/user,sum,488.04
40,1780553220323170560,1780553221323170560,Prefill Throughput Per User,tokens/sec/user,p1,488.04
40,1780553220323170560,1780553221323170560,Prefill Throughput Per User,tokens/sec/user,p5,488.04
40,1780553220323170560,1780553221323170560,Prefill Throughput Per User,tokens/sec/user,p10,488.04
40,1780553220323170560,1780553221323170560,Prefill Throughput Per User,tokens/sec/user,p25,488.04
40,1780553220323170560,1780553221323170560,Prefill Throughput Per User,tokens/sec/user,p50,488.04
40,1780553220323170560,1780553221323170560,Prefill Throughput Per User,tokens/sec/user,p75,488.04
40,1780553220323170560,1780553221323170560,Prefill Throughput Per User,tokens/sec/user,p90,488.04
40,1780553220323170560,1780553221323170560,Prefill Throughput Per User,tokens/sec/user,p95,488.04
40,1780553220323170560,1780553221323170560,Prefill Throughput Per User,tokens/sec/user,p99,488.04
40,1780553220323170560,1780553221323170560,Prefill Throughput Per User,tokens/sec/user,std,0.00
40,1780553220323170560,1780553221323170560,Request Count,requests,avg,1.00
40,1780553220323170560,1780553221323170560,Request Latency,ms,avg,145517.58
40,1780553220323170560,1780553221323170560,Request Latency,ms,min,145517.58
40,1780553220323170560,1780553221323170560,Request Latency,ms,max,145517.58
40,1780553220323170560,1780553221323170560,Request Latency,ms,sum,145517.58
40,1780553220323170560,1780553221323170560,Request Latency,ms,p1,145517.58
40,1780553220323170560,1780553221323170560,Request Latency,ms,p5,145517.58
40,1780553220323170560,1780553221323170560,Request Latency,ms,p10,145517.58
40,1780553220323170560,1780553221323170560,Request Latency,ms,p25,145517.58
40,1780553220323170560,1780553221323170560,Request Latency,ms,p50,145517.58
40,1780553220323170560,1780553221323170560,Request Latency,ms,p75,145517.58
40,1780553220323170560,1780553221323170560,Request Latency,ms,p90,145517.58
40,1780553220323170560,1780553221323170560,Request Latency,ms,p95,145517.58
40,1780553220323170560,1780553221323170560,Request Latency,ms,p99,145517.58
40,1780553220323170560,1780553221323170560,Request Latency,ms,std,0.00
40,1780553220323170560,1780553221323170560,Request Throughput,requests/sec,avg,1.00
40,1780553220323170560,1780553221323170560,Requested OSL,tokens,avg,257.00
40,1780553220323170560,1780553221323170560,Requested OSL,tokens,min,257.00
40,1780553220323170560,1780553221323170560,Requested OSL,tokens,max,257.00
40,1780553220323170560,1780553221323170560,Requested OSL,tokens,sum,257.00
40,1780553220323170560,1780553221323170560,Requested OSL,tokens,p1,257.00
40,1780553220323170560,1780553221323170560,Requested OSL,tokens,p5,257.00
40,1780553220323170560,1780553221323170560,Requested OSL,tokens,p10,257.00
40,1780553220323170560,1780553221323170560,Requested OSL,tokens,p25,257.00
40,1780553220323170560,1780553221323170560,Requested OSL,tokens,p50,257.00
40,1780553220323170560,1780553221323170560,Requested OSL,tokens,p75,257.00
40,1780553220323170560,1780553221323170560,Requested OSL,tokens,p90,257.00
40,1780553220323170560,1780553221323170560,Requested OSL,tokens,p95,257.00
40,1780553220323170560,1780553221323170560,Requested OSL,tokens,p99,257.00
40,1780553220323170560,1780553221323170560,Requested OSL,tokens,std,0.00
40,1780553220323170560,1780553221323170560,Time to First Output Token,ms,avg,102320.13
40,1780553220323170560,1780553221323170560,Time to First Output Token,ms,min,102320.13
40,1780553220323170560,1780553221323170560,Time to First Output Token,ms,max,102320.13
40,1780553220323170560,1780553221323170560,Time to First Output Token,ms,sum,102320.13
40,1780553220323170560,1780553221323170560,Time to First Output Token,ms,p1,102320.13
40,1780553220323170560,1780553221323170560,Time to First Output Token,ms,p5,102320.13
40,1780553220323170560,1780553221323170560,Time to First Output Token,ms,p10,102320.13
40,1780553220323170560,1780553221323170560,Time to First Output Token,ms,p25,102320.13
40,1780553220323170560,1780553221323170560,Time to First Output Token,ms,p50,102320.13
40,1780553220323170560,1780553221323170560,Time to First Output Token,ms,p75,102320.13
40,1780553220323170560,1780553221323170560,Time to First Output Token,ms,p90,102320.13
40,1780553220323170560,1780553221323170560,Time to First Output Token,ms,p95,102320.13
40,1780553220323170560,1780553221323170560,Time to First Output Token,ms,p99,102320.13
40,1780553220323170560,1780553221323170560,Time to First Output Token,ms,std,0.00
40,1780553220323170560,1780553221323170560,Time to First Token,ms,avg,102320.13
40,1780553220323170560,1780553221323170560,Time to First Token,ms,min,102320.13
40,1780553220323170560,1780553221323170560,Time to First Token,ms,max,102320.13
40,1780553220323170560,1780553221323170560,Time to First Token,ms,sum,102320.13
40,1780553220323170560,1780553221323170560,Time to First Token,ms,p1,102320.13
40,1780553220323170560,1780553221323170560,Time to First Token,ms,p5,102320.13
40,1780553220323170560,1780553221323170560,Time to First Token,ms,p10,102320.13
40,1780553220323170560,1780553221323170560,Time to First Token,ms,p25,102320.13
40,1780553220323170560,1780553221323170560,Time to First Token,ms,p50,102320.13
40,1780553220323170560,1780553221323170560,Time to First Token,ms,p75,102320.13
40,1780553220323170560,1780553221323170560,Time to First Token,ms,p90,102320.13
40,1780553220323170560,1780553221323170560,Time to First Token,ms,p95,102320.13
40,1780553220323170560,1780553221323170560,Time to First Token,ms,p99,102320.13
40,1780553220323170560,1780553221323170560,Time to First Token,ms,std,0.00
40,1780553220323170560,1780553221323170560,Time to Second Token,ms,avg,28.23
40,1780553220323170560,1780553221323170560,Time to Second Token,ms,min,28.23
40,1780553220323170560,1780553221323170560,Time to Second Token,ms,max,28.23
40,1780553220323170560,1780553221323170560,Time to Second Token,ms,sum,28.23
40,1780553220323170560,1780553221323170560,Time to Second Token,ms,p1,28.23
40,1780553220323170560,1780553221323170560,Time to Second Token,ms,p5,28.23
40,1780553220323170560,1780553221323170560,Time to Second Token,ms,p10,28.23
40,1780553220323170560,1780553221323170560,Time to Second Token,ms,p25,28.23
40,1780553220323170560,1780553221323170560,Time to Second Token,ms,p50,28.23
40,1780553220323170560,1780553221323170560,Time to Second Token,ms,p75,28.23
40,1780553220323170560,1780553221323170560,Time to Second Token,ms,p90,28.23
40,1780553220323170560,1780553221323170560,Time to Second Token,ms,p95,28.23
40,1780553220323170560,1780553221323170560,Time to Second Token,ms,p99,28.23
40,1780553220323170560,1780553221323170560,Time to Second Token,ms,std,0.00
40,1780553220323170560,1780553221323170560,Tokens In Flight,tokens,avg,1651779.54
40,1780553220323170560,1780553221323170560,Tokens In Flight,tokens,min,1631973.63
40,1780553220323170560,1780553221323170560,Tokens In Flight,tokens,max,1681986.89
40,1780553220323170560,1780553221323170560,Tokens In Flight,tokens,p50,1632013.10
40,1780553220323170560,1780553221323170560,Tokens In Flight,tokens,p90,1681978.70
40,1780553220323170560,1780553221323170560,Tokens In Flight,tokens,p95,1681981.96
40,1780553220323170560,1780553221323170560,Tokens In Flight,tokens,p99,1681986.89
40,1780553220323170560,1780553221323170560,Tokens In Flight,tokens,std,24439.11
40,1780553220323170560,1780553221323170560,Total Input Sequence Length,tokens,avg,49936.00
40,1780553220323170560,1780553221323170560,Total Output Sequence Length,tokens,avg,257.00
40,1780553220323170560,1780553221323170560,Total Output Tokens,tokens,avg,257.00
40,1780553220323170560,1780553221323170560,Total Token Throughput,tokens/sec,avg,50193.00
40,1780553220323170560,1780553221323170560,Total Usage Completion Tokens,tokens,avg,257.00
40,1780553220323170560,1780553221323170560,Total Usage Prompt Tokens,tokens,avg,49936.00
40,1780553220323170560,1780553221323170560,Total Usage Total Tokens,tokens,avg,50193.00
40,1780553220323170560,1780553221323170560,Usage Completion Tokens,tokens,avg,257.00
40,1780553220323170560,1780553221323170560,Usage Completion Tokens,tokens,min,257.00
40,1780553220323170560,1780553221323170560,Usage Completion Tokens,tokens,max,257.00
40,1780553220323170560,1780553221323170560,Usage Completion Tokens,tokens,sum,257.00
40,1780553220323170560,1780553221323170560,Usage Completion Tokens,tokens,p1,257.00
40,1780553220323170560,1780553221323170560,Usage Completion Tokens,tokens,p5,257.00
40,1780553220323170560,1780553221323170560,Usage Completion Tokens,tokens,p10,257.00
40,1780553220323170560,1780553221323170560,Usage Completion Tokens,tokens,p25,257.00
40,1780553220323170560,1780553221323170560,Usage Completion Tokens,tokens,p50,257.00
40,1780553220323170560,1780553221323170560,Usage Completion Tokens,tokens,p75,257.00
40,1780553220323170560,1780553221323170560,Usage Completion Tokens,tokens,p90,257.00
40,1780553220323170560,1780553221323170560,Usage Completion Tokens,tokens,p95,257.00
40,1780553220323170560,1780553221323170560,Usage Completion Tokens,tokens,p99,257.00
40,1780553220323170560,1780553221323170560,Usage Completion Tokens,tokens,std,0.00
40,1780553220323170560,1780553221323170560,Usage Prompt Tokens,tokens,avg,49936.00
40,1780553220323170560,1780553221323170560,Usage Prompt Tokens,tokens,min,49936.00
40,1780553220323170560,1780553221323170560,Usage Prompt Tokens,tokens,max,49936.00
40,1780553220323170560,1780553221323170560,Usage Prompt Tokens,tokens,sum,49936.00
40,1780553220323170560,1780553221323170560,Usage Prompt Tokens,tokens,p1,49936.00
40,1780553220323170560,1780553221323170560,Usage Prompt Tokens,tokens,p5,49936.00
40,1780553220323170560,1780553221323170560,Usage Prompt Tokens,tokens,p10,49936.00
40,1780553220323170560,1780553221323170560,Usage Prompt Tokens,tokens,p25,49936.00
40,1780553220323170560,1780553221323170560,Usage Prompt Tokens,tokens,p50,49936.00
40,1780553220323170560,1780553221323170560,Usage Prompt Tokens,tokens,p75,49936.00
40,1780553220323170560,1780553221323170560,Usage Prompt Tokens,tokens,p90,49936.00
40,1780553220323170560,1780553221323170560,Usage Prompt Tokens,tokens,p95,49936.00
40,1780553220323170560,1780553221323170560,Usage Prompt Tokens,tokens,p99,49936.00
40,1780553220323170560,1780553221323170560,Usage Prompt Tokens,tokens,std,0.00
40,1780553220323170560,1780553221323170560,Usage Total Tokens,tokens,avg,50193.00
40,1780553220323170560,1780553221323170560,Usage Total Tokens,tokens,min,50193.00
40,1780553220323170560,1780553221323170560,Usage Total Tokens,tokens,max,50193.00
40,1780553220323170560,1780553221323170560,Usage Total Tokens,tokens,sum,50193.00
40,1780553220323170560,1780553221323170560,Usage Total Tokens,tokens,p1,50193.00
40,1780553220323170560,1780553221323170560,Usage Total Tokens,tokens,p5,50193.00
40,1780553220323170560,1780553221323170560,Usage Total Tokens,tokens,p10,50193.00
40,1780553220323170560,1780553221323170560,Usage Total Tokens,tokens,p25,50193.00
40,1780553220323170560,1780553221323170560,Usage Total Tokens,tokens,p50,50193.00
40,1780553220323170560,1780553221323170560,Usage Total Tokens,tokens,p75,50193.00
40,1780553220323170560,1780553221323170560,Usage Total Tokens,tokens,p90,50193.00
40,1780553220323170560,1780553221323170560,Usage Total Tokens,tokens,p95,50193.00
40,1780553220323170560,1780553221323170560,Usage Total Tokens,tokens,p99,50193.00
40,1780553220323170560,1780553221323170560,Usage Total Tokens,tokens,std,0.00
41,1780553234323170560,1780553235323170560,Active Decode Throughput,tokens/sec,avg,58.97
41,1780553234323170560,1780553235323170560,Active Decode Throughput,tokens/sec,min,34.98
41,1780553234323170560,1780553235323170560,Active Decode Throughput,tokens/sec,max,82.96
41,1780553234323170560,1780553235323170560,Active Decode Throughput,tokens/sec,p50,58.97
41,1780553234323170560,1780553235323170560,Active Decode Throughput,tokens/sec,p90,58.97
41,1780553234323170560,1780553235323170560,Active Decode Throughput,tokens/sec,p95,58.97
41,1780553234323170560,1780553235323170560,Active Decode Throughput,tokens/sec,p99,58.97
41,1780553234323170560,1780553235323170560,Active Decode Throughput,tokens/sec,std,0.04
41,1780553234323170560,1780553235323170560,Active Decode Throughput Per User,tokens/sec/user,avg,5.90
41,1780553234323170560,1780553235323170560,Active Decode Throughput Per User,tokens/sec/user,min,3.50
41,1780553234323170560,1780553235323170560,Active Decode Throughput Per User,tokens/sec/user,max,8.30
41,1780553234323170560,1780553235323170560,Active Decode Throughput Per User,tokens/sec/user,p50,5.90
41,1780553234323170560,1780553235323170560,Active Decode Throughput Per User,tokens/sec/user,p90,5.90
41,1780553234323170560,1780553235323170560,Active Decode Throughput Per User,tokens/sec/user,p95,5.90
41,1780553234323170560,1780553235323170560,Active Decode Throughput Per User,tokens/sec/user,p99,5.90
41,1780553234323170560,1780553235323170560,Active Decode Throughput Per User,tokens/sec/user,std,0.00
41,1780553234323170560,1780553235323170560,Active Prefill Throughput,tokens/sec,avg,5152.63
41,1780553234323170560,1780553235323170560,Active Prefill Throughput,tokens/sec,min,4547.98
41,1780553234323170560,1780553235323170560,Active Prefill Throughput,tokens/sec,max,5638.62
41,1780553234323170560,1780553235323170560,Active Prefill Throughput,tokens/sec,p50,5638.62
41,1780553234323170560,1780553235323170560,Active Prefill Throughput,tokens/sec,p90,5638.62
41,1780553234323170560,1780553235323170560,Active Prefill Throughput,tokens/sec,p95,5638.62
41,1780553234323170560,1780553235323170560,Active Prefill Throughput,tokens/sec,p99,5638.62
41,1780553234323170560,1780553235323170560,Active Prefill Throughput,tokens/sec,std,542.09
41,1780553234323170560,1780553235323170560,Active Prefill Throughput Per User,tokens/sec/user,avg,1131.85
41,1780553234323170560,1780553235323170560,Active Prefill Throughput Per User,tokens/sec/user,min,1127.72
41,1780553234323170560,1780553235323170560,Active Prefill Throughput Per User,tokens/sec/user,max,1136.99
41,1780553234323170560,1780553235323170560,Active Prefill Throughput Per User,tokens/sec/user,p50,1127.72
41,1780553234323170560,1780553235323170560,Active Prefill Throughput Per User,tokens/sec/user,p90,1136.99
41,1780553234323170560,1780553235323170560,Active Prefill Throughput Per User,tokens/sec/user,p95,1136.99
41,1780553234323170560,1780553235323170560,Active Prefill Throughput Per User,tokens/sec/user,p99,1136.99
41,1780553234323170560,1780553235323170560,Active Prefill Throughput Per User,tokens/sec/user,std,4.61
41,1780553234323170560,1780553235323170560,Active Total Throughput,tokens/sec,avg,5225.76
41,1780553234323170560,1780553235323170560,Active Total Throughput,tokens/sec,min,4621.11
41,1780553234323170560,1780553235323170560,Active Total Throughput,tokens/sec,max,5711.75
41,1780553234323170560,1780553235323170560,Active Total Throughput,tokens/sec,p50,5711.75
41,1780553234323170560,1780553235323170560,Active Total Throughput,tokens/sec,p90,5711.75
41,1780553234323170560,1780553235323170560,Active Total Throughput,tokens/sec,p95,5711.75
41,1780553234323170560,1780553235323170560,Active Total Throughput,tokens/sec,p99,5711.75
41,1780553234323170560,1780553235323170560,Active Total Throughput,tokens/sec,std,542.09
41,1780553234323170560,1780553235323170560,Benchmark Duration,sec,avg,330.26
41,1780553234323170560,1780553235323170560,E2E Output Token Throughput,tokens/sec/user,avg,3.61
41,1780553234323170560,1780553235323170560,E2E Output Token Throughput,tokens/sec/user,min,3.61
41,1780553234323170560,1780553235323170560,E2E Output Token Throughput,tokens/sec/user,max,3.61
41,1780553234323170560,1780553235323170560,E2E Output Token Throughput,tokens/sec/user,sum,3.61
41,1780553234323170560,1780553235323170560,E2E Output Token Throughput,tokens/sec/user,p1,3.61
41,1780553234323170560,1780553235323170560,E2E Output Token Throughput,tokens/sec/user,p5,3.61
41,1780553234323170560,1780553235323170560,E2E Output Token Throughput,tokens/sec/user,p10,3.61
41,1780553234323170560,1780553235323170560,E2E Output Token Throughput,tokens/sec/user,p25,3.61
41,1780553234323170560,1780553235323170560,E2E Output Token Throughput,tokens/sec/user,p50,3.61
41,1780553234323170560,1780553235323170560,E2E Output Token Throughput,tokens/sec/user,p75,3.61
41,1780553234323170560,1780553235323170560,E2E Output Token Throughput,tokens/sec/user,p90,3.61
41,1780553234323170560,1780553235323170560,E2E Output Token Throughput,tokens/sec/user,p95,3.61
41,1780553234323170560,1780553235323170560,E2E Output Token Throughput,tokens/sec/user,p99,3.61
41,1780553234323170560,1780553235323170560,E2E Output Token Throughput,tokens/sec/user,std,0.00
41,1780553234323170560,1780553235323170560,Effective Concurrency,requests,avg,14.55
41,1780553234323170560,1780553235323170560,Effective Concurrency,requests,min,14.00
41,1780553234323170560,1780553235323170560,Effective Concurrency,requests,max,15.00
41,1780553234323170560,1780553235323170560,Effective Concurrency,requests,p50,15.00
41,1780553234323170560,1780553235323170560,Effective Concurrency,requests,p90,15.00
41,1780553234323170560,1780553235323170560,Effective Concurrency,requests,p95,15.00
41,1780553234323170560,1780553235323170560,Effective Concurrency,requests,p99,15.00
41,1780553234323170560,1780553235323170560,Effective Concurrency,requests,std,0.50
41,1780553234323170560,1780553235323170560,Effective Decode Concurrency,requests,avg,10.00
41,1780553234323170560,1780553235323170560,Effective Decode Concurrency,requests,min,10.00
41,1780553234323170560,1780553235323170560,Effective Decode Concurrency,requests,max,10.00
41,1780553234323170560,1780553235323170560,Effective Decode Concurrency,requests,p50,10.00
41,1780553234323170560,1780553235323170560,Effective Decode Concurrency,requests,p90,10.00
41,1780553234323170560,1780553235323170560,Effective Decode Concurrency,requests,p95,10.00
41,1780553234323170560,1780553235323170560,Effective Decode Concurrency,requests,p99,10.00
41,1780553234323170560,1780553235323170560,Effective Decode Concurrency,requests,std,0.00
41,1780553234323170560,1780553235323170560,Effective Decode Throughput,tokens/sec,avg,58.97
41,1780553234323170560,1780553235323170560,Effective Decode Throughput,tokens/sec,min,34.98
41,1780553234323170560,1780553235323170560,Effective Decode Throughput,tokens/sec,max,82.96
41,1780553234323170560,1780553235323170560,Effective Decode Throughput,tokens/sec,p50,58.97
41,1780553234323170560,1780553235323170560,Effective Decode Throughput,tokens/sec,p90,58.97
41,1780553234323170560,1780553235323170560,Effective Decode Throughput,tokens/sec,p95,58.97
41,1780553234323170560,1780553235323170560,Effective Decode Throughput,tokens/sec,p99,58.97
41,1780553234323170560,1780553235323170560,Effective Decode Throughput,tokens/sec,std,0.04
41,1780553234323170560,1780553235323170560,Effective Decode Throughput Per User,tokens/sec/user,avg,5.90
41,1780553234323170560,1780553235323170560,Effective Decode Throughput Per User,tokens/sec/user,min,3.50
41,1780553234323170560,1780553235323170560,Effective Decode Throughput Per User,tokens/sec/user,max,8.30
41,1780553234323170560,1780553235323170560,Effective Decode Throughput Per User,tokens/sec/user,p50,5.90
41,1780553234323170560,1780553235323170560,Effective Decode Throughput Per User,tokens/sec/user,p90,5.90
41,1780553234323170560,1780553235323170560,Effective Decode Throughput Per User,tokens/sec/user,p95,5.90
41,1780553234323170560,1780553235323170560,Effective Decode Throughput Per User,tokens/sec/user,p99,5.90
41,1780553234323170560,1780553235323170560,Effective Decode Throughput Per User,tokens/sec/user,std,0.00
41,1780553234323170560,1780553235323170560,Effective Prefill Concurrency,requests,avg,4.55
41,1780553234323170560,1780553235323170560,Effective Prefill Concurrency,requests,min,4.00
41,1780553234323170560,1780553235323170560,Effective Prefill Concurrency,requests,max,5.00
41,1780553234323170560,1780553235323170560,Effective Prefill Concurrency,requests,p50,5.00
41,1780553234323170560,1780553235323170560,Effective Prefill Concurrency,requests,p90,5.00
41,1780553234323170560,1780553235323170560,Effective Prefill Concurrency,requests,p95,5.00
41,1780553234323170560,1780553235323170560,Effective Prefill Concurrency,requests,p99,5.00
41,1780553234323170560,1780553235323170560,Effective Prefill Concurrency,requests,std,0.50
41,1780553234323170560,1780553235323170560,Effective Prefill Throughput,tokens/sec,avg,5152.63
41,1780553234323170560,1780553235323170560,Effective Prefill Throughput,tokens/sec,min,4547.98
41,1780553234323170560,1780553235323170560,Effective Prefill Throughput,tokens/sec,max,5638.62
41,1780553234323170560,1780553235323170560,Effective Prefill Throughput,tokens/sec,p50,5638.62
41,1780553234323170560,1780553235323170560,Effective Prefill Throughput,tokens/sec,p90,5638.62
41,1780553234323170560,1780553235323170560,Effective Prefill Throughput,tokens/sec,p95,5638.62
41,1780553234323170560,1780553235323170560,Effective Prefill Throughput,tokens/sec,p99,5638.62
41,1780553234323170560,1780553235323170560,Effective Prefill Throughput,tokens/sec,std,542.09
41,1780553234323170560,1780553235323170560,Effective Prefill Throughput Per User,tokens/sec/user,avg,1131.85
41,1780553234323170560,1780553235323170560,Effective Prefill Throughput Per User,tokens/sec/user,min,1127.72
41,1780553234323170560,1780553235323170560,Effective Prefill Throughput Per User,tokens/sec/user,max,1136.99
41,1780553234323170560,1780553235323170560,Effective Prefill Throughput Per User,tokens/sec/user,p50,1127.72
41,1780553234323170560,1780553235323170560,Effective Prefill Throughput Per User,tokens/sec/user,p90,1136.99
41,1780553234323170560,1780553235323170560,Effective Prefill Throughput Per User,tokens/sec/user,p95,1136.99
41,1780553234323170560,1780553235323170560,Effective Prefill Throughput Per User,tokens/sec/user,p99,1136.99
41,1780553234323170560,1780553235323170560,Effective Prefill Throughput Per User,tokens/sec/user,std,4.61
41,1780553234323170560,1780553235323170560,Effective Total Throughput,tokens/sec,avg,5225.76
41,1780553234323170560,1780553235323170560,Effective Total Throughput,tokens/sec,min,4621.11
41,1780553234323170560,1780553235323170560,Effective Total Throughput,tokens/sec,max,5711.75
41,1780553234323170560,1780553235323170560,Effective Total Throughput,tokens/sec,p50,5711.75
41,1780553234323170560,1780553235323170560,Effective Total Throughput,tokens/sec,p90,5711.75
41,1780553234323170560,1780553235323170560,Effective Total Throughput,tokens/sec,p95,5711.75
41,1780553234323170560,1780553235323170560,Effective Total Throughput,tokens/sec,p99,5711.75
41,1780553234323170560,1780553235323170560,Effective Total Throughput,tokens/sec,std,542.09
41,1780553234323170560,1780553235323170560,HTTP Blocked,ms,avg,0.00
41,1780553234323170560,1780553235323170560,HTTP Blocked,ms,min,0.00
41,1780553234323170560,1780553235323170560,HTTP Blocked,ms,max,0.00
41,1780553234323170560,1780553235323170560,HTTP Blocked,ms,sum,0.00
41,1780553234323170560,1780553235323170560,HTTP Blocked,ms,p1,0.00
41,1780553234323170560,1780553235323170560,HTTP Blocked,ms,p5,0.00
41,1780553234323170560,1780553235323170560,HTTP Blocked,ms,p10,0.00
41,1780553234323170560,1780553235323170560,HTTP Blocked,ms,p25,0.00
41,1780553234323170560,1780553235323170560,HTTP Blocked,ms,p50,0.00
41,1780553234323170560,1780553235323170560,HTTP Blocked,ms,p75,0.00
41,1780553234323170560,1780553235323170560,HTTP Blocked,ms,p90,0.00
41,1780553234323170560,1780553235323170560,HTTP Blocked,ms,p95,0.00
41,1780553234323170560,1780553235323170560,HTTP Blocked,ms,p99,0.00
41,1780553234323170560,1780553235323170560,HTTP Blocked,ms,std,0.00
41,1780553234323170560,1780553235323170560,HTTP Chunks Received,count,avg,1193.00
41,1780553234323170560,1780553235323170560,HTTP Chunks Received,count,min,1193.00
41,1780553234323170560,1780553235323170560,HTTP Chunks Received,count,max,1193.00
41,1780553234323170560,1780553235323170560,HTTP Chunks Received,count,sum,1193.00
41,1780553234323170560,1780553235323170560,HTTP Chunks Received,count,p1,1193.00
41,1780553234323170560,1780553235323170560,HTTP Chunks Received,count,p5,1193.00
41,1780553234323170560,1780553235323170560,HTTP Chunks Received,count,p10,1193.00
41,1780553234323170560,1780553235323170560,HTTP Chunks Received,count,p25,1193.00
41,1780553234323170560,1780553235323170560,HTTP Chunks Received,count,p50,1193.00
41,1780553234323170560,1780553235323170560,HTTP Chunks Received,count,p75,1193.00
41,1780553234323170560,1780553235323170560,HTTP Chunks Received,count,p90,1193.00
41,1780553234323170560,1780553235323170560,HTTP Chunks Received,count,p95,1193.00
41,1780553234323170560,1780553235323170560,HTTP Chunks Received,count,p99,1193.00
41,1780553234323170560,1780553235323170560,HTTP Chunks Received,count,std,0.00
41,1780553234323170560,1780553235323170560,HTTP Chunks Sent,count,avg,1.00
41,1780553234323170560,1780553235323170560,HTTP Chunks Sent,count,min,1.00
41,1780553234323170560,1780553235323170560,HTTP Chunks Sent,count,max,1.00
41,1780553234323170560,1780553235323170560,HTTP Chunks Sent,count,sum,1.00
41,1780553234323170560,1780553235323170560,HTTP Chunks Sent,count,p1,1.00
41,1780553234323170560,1780553235323170560,HTTP Chunks Sent,count,p5,1.00
41,1780553234323170560,1780553235323170560,HTTP Chunks Sent,count,p10,1.00
41,1780553234323170560,1780553235323170560,HTTP Chunks Sent,count,p25,1.00
41,1780553234323170560,1780553235323170560,HTTP Chunks Sent,count,p50,1.00
41,1780553234323170560,1780553235323170560,HTTP Chunks Sent,count,p75,1.00
41,1780553234323170560,1780553235323170560,HTTP Chunks Sent,count,p90,1.00
41,1780553234323170560,1780553235323170560,HTTP Chunks Sent,count,p95,1.00
41,1780553234323170560,1780553235323170560,HTTP Chunks Sent,count,p99,1.00
41,1780553234323170560,1780553235323170560,HTTP Chunks Sent,count,std,0.00
41,1780553234323170560,1780553235323170560,HTTP Connecting,ms,avg,0.67
41,1780553234323170560,1780553235323170560,HTTP Connecting,ms,min,0.67
41,1780553234323170560,1780553235323170560,HTTP Connecting,ms,max,0.67
41,1780553234323170560,1780553235323170560,HTTP Connecting,ms,sum,0.67
41,1780553234323170560,1780553235323170560,HTTP Connecting,ms,p1,0.67
41,1780553234323170560,1780553235323170560,HTTP Connecting,ms,p5,0.67
41,1780553234323170560,1780553235323170560,HTTP Connecting,ms,p10,0.67
41,1780553234323170560,1780553235323170560,HTTP Connecting,ms,p25,0.67
41,1780553234323170560,1780553235323170560,HTTP Connecting,ms,p50,0.67
41,1780553234323170560,1780553235323170560,HTTP Connecting,ms,p75,0.67
41,1780553234323170560,1780553235323170560,HTTP Connecting,ms,p90,0.67
41,1780553234323170560,1780553235323170560,HTTP Connecting,ms,p95,0.67
41,1780553234323170560,1780553235323170560,HTTP Connecting,ms,p99,0.67
41,1780553234323170560,1780553235323170560,HTTP Connecting,ms,std,0.00
41,1780553234323170560,1780553235323170560,HTTP Connection Overhead,ms,avg,0.67
41,1780553234323170560,1780553235323170560,HTTP Connection Overhead,ms,min,0.67
41,1780553234323170560,1780553235323170560,HTTP Connection Overhead,ms,max,0.67
41,1780553234323170560,1780553235323170560,HTTP Connection Overhead,ms,sum,0.67
41,1780553234323170560,1780553235323170560,HTTP Connection Overhead,ms,p1,0.67
41,1780553234323170560,1780553235323170560,HTTP Connection Overhead,ms,p5,0.67
41,1780553234323170560,1780553235323170560,HTTP Connection Overhead,ms,p10,0.67
41,1780553234323170560,1780553235323170560,HTTP Connection Overhead,ms,p25,0.67
41,1780553234323170560,1780553235323170560,HTTP Connection Overhead,ms,p50,0.67
41,1780553234323170560,1780553235323170560,HTTP Connection Overhead,ms,p75,0.67
41,1780553234323170560,1780553235323170560,HTTP Connection Overhead,ms,p90,0.67
41,1780553234323170560,1780553235323170560,HTTP Connection Overhead,ms,p95,0.67
41,1780553234323170560,1780553235323170560,HTTP Connection Overhead,ms,p99,0.67
41,1780553234323170560,1780553235323170560,HTTP Connection Overhead,ms,std,0.00
41,1780553234323170560,1780553235323170560,HTTP Connection Reused,ratio,avg,0.00
41,1780553234323170560,1780553235323170560,HTTP Connection Reused,ratio,min,0.00
41,1780553234323170560,1780553235323170560,HTTP Connection Reused,ratio,max,0.00
41,1780553234323170560,1780553235323170560,HTTP Connection Reused,ratio,sum,0.00
41,1780553234323170560,1780553235323170560,HTTP Connection Reused,ratio,p1,0.00
41,1780553234323170560,1780553235323170560,HTTP Connection Reused,ratio,p5,0.00
41,1780553234323170560,1780553235323170560,HTTP Connection Reused,ratio,p10,0.00
41,1780553234323170560,1780553235323170560,HTTP Connection Reused,ratio,p25,0.00
41,1780553234323170560,1780553235323170560,HTTP Connection Reused,ratio,p50,0.00
41,1780553234323170560,1780553235323170560,HTTP Connection Reused,ratio,p75,0.00
41,1780553234323170560,1780553235323170560,HTTP Connection Reused,ratio,p90,0.00
41,1780553234323170560,1780553235323170560,HTTP Connection Reused,ratio,p95,0.00
41,1780553234323170560,1780553235323170560,HTTP Connection Reused,ratio,p99,0.00
41,1780553234323170560,1780553235323170560,HTTP Connection Reused,ratio,std,0.00
41,1780553234323170560,1780553235323170560,HTTP Data Received,KB,avg,295.31
41,1780553234323170560,1780553235323170560,HTTP Data Received,KB,min,295.31
41,1780553234323170560,1780553235323170560,HTTP Data Received,KB,max,295.31
41,1780553234323170560,1780553235323170560,HTTP Data Received,KB,sum,295.31
41,1780553234323170560,1780553235323170560,HTTP Data Received,KB,p1,295.31
41,1780553234323170560,1780553235323170560,HTTP Data Received,KB,p5,295.31
41,1780553234323170560,1780553235323170560,HTTP Data Received,KB,p10,295.31
41,1780553234323170560,1780553235323170560,HTTP Data Received,KB,p25,295.31
41,1780553234323170560,1780553235323170560,HTTP Data Received,KB,p50,295.31
41,1780553234323170560,1780553235323170560,HTTP Data Received,KB,p75,295.31
41,1780553234323170560,1780553235323170560,HTTP Data Received,KB,p90,295.31
41,1780553234323170560,1780553235323170560,HTTP Data Received,KB,p95,295.31
41,1780553234323170560,1780553235323170560,HTTP Data Received,KB,p99,295.31
41,1780553234323170560,1780553235323170560,HTTP Data Received,KB,std,0.00
41,1780553234323170560,1780553235323170560,HTTP Data Sent,KB,avg,438.26
41,1780553234323170560,1780553235323170560,HTTP Data Sent,KB,min,438.26
41,1780553234323170560,1780553235323170560,HTTP Data Sent,KB,max,438.26
41,1780553234323170560,1780553235323170560,HTTP Data Sent,KB,sum,438.26
41,1780553234323170560,1780553235323170560,HTTP Data Sent,KB,p1,438.26
41,1780553234323170560,1780553235323170560,HTTP Data Sent,KB,p5,438.26
41,1780553234323170560,1780553235323170560,HTTP Data Sent,KB,p10,438.26
41,1780553234323170560,1780553235323170560,HTTP Data Sent,KB,p25,438.26
41,1780553234323170560,1780553235323170560,HTTP Data Sent,KB,p50,438.26
41,1780553234323170560,1780553235323170560,HTTP Data Sent,KB,p75,438.26
41,1780553234323170560,1780553235323170560,HTTP Data Sent,KB,p90,438.26
41,1780553234323170560,1780553235323170560,HTTP Data Sent,KB,p95,438.26
41,1780553234323170560,1780553235323170560,HTTP Data Sent,KB,p99,438.26
41,1780553234323170560,1780553235323170560,HTTP Data Sent,KB,std,0.00
41,1780553234323170560,1780553235323170560,HTTP DNS Lookup,ms,avg,0.00
41,1780553234323170560,1780553235323170560,HTTP DNS Lookup,ms,min,0.00
41,1780553234323170560,1780553235323170560,HTTP DNS Lookup,ms,max,0.00
41,1780553234323170560,1780553235323170560,HTTP DNS Lookup,ms,sum,0.00
41,1780553234323170560,1780553235323170560,HTTP DNS Lookup,ms,p1,0.00
41,1780553234323170560,1780553235323170560,HTTP DNS Lookup,ms,p5,0.00
41,1780553234323170560,1780553235323170560,HTTP DNS Lookup,ms,p10,0.00
41,1780553234323170560,1780553235323170560,HTTP DNS Lookup,ms,p25,0.00
41,1780553234323170560,1780553235323170560,HTTP DNS Lookup,ms,p50,0.00
41,1780553234323170560,1780553235323170560,HTTP DNS Lookup,ms,p75,0.00
41,1780553234323170560,1780553235323170560,HTTP DNS Lookup,ms,p90,0.00
41,1780553234323170560,1780553235323170560,HTTP DNS Lookup,ms,p95,0.00
41,1780553234323170560,1780553235323170560,HTTP DNS Lookup,ms,p99,0.00
41,1780553234323170560,1780553235323170560,HTTP DNS Lookup,ms,std,0.00
41,1780553234323170560,1780553235323170560,HTTP Duration (excl. conn),ms,avg,330258.30
41,1780553234323170560,1780553235323170560,HTTP Duration (excl. conn),ms,min,330258.30
41,1780553234323170560,1780553235323170560,HTTP Duration (excl. conn),ms,max,330258.30
41,1780553234323170560,1780553235323170560,HTTP Duration (excl. conn),ms,sum,330258.30
41,1780553234323170560,1780553235323170560,HTTP Duration (excl. conn),ms,p1,330258.30
41,1780553234323170560,1780553235323170560,HTTP Duration (excl. conn),ms,p5,330258.30
41,1780553234323170560,1780553235323170560,HTTP Duration (excl. conn),ms,p10,330258.30
41,1780553234323170560,1780553235323170560,HTTP Duration (excl. conn),ms,p25,330258.30
41,1780553234323170560,1780553235323170560,HTTP Duration (excl. conn),ms,p50,330258.30
41,1780553234323170560,1780553235323170560,HTTP Duration (excl. conn),ms,p75,330258.30
41,1780553234323170560,1780553235323170560,HTTP Duration (excl. conn),ms,p90,330258.30
41,1780553234323170560,1780553235323170560,HTTP Duration (excl. conn),ms,p95,330258.30
41,1780553234323170560,1780553235323170560,HTTP Duration (excl. conn),ms,p99,330258.30
41,1780553234323170560,1780553235323170560,HTTP Duration (excl. conn),ms,std,0.00
41,1780553234323170560,1780553235323170560,HTTP Receiving,ms,avg,227152.53
41,1780553234323170560,1780553235323170560,HTTP Receiving,ms,min,227152.53
41,1780553234323170560,1780553235323170560,HTTP Receiving,ms,max,227152.53
41,1780553234323170560,1780553235323170560,HTTP Receiving,ms,sum,227152.53
41,1780553234323170560,1780553235323170560,HTTP Receiving,ms,p1,227152.53
41,1780553234323170560,1780553235323170560,HTTP Receiving,ms,p5,227152.53
41,1780553234323170560,1780553235323170560,HTTP Receiving,ms,p10,227152.53
41,1780553234323170560,1780553235323170560,HTTP Receiving,ms,p25,227152.53
41,1780553234323170560,1780553235323170560,HTTP Receiving,ms,p50,227152.53
41,1780553234323170560,1780553235323170560,HTTP Receiving,ms,p75,227152.53
41,1780553234323170560,1780553235323170560,HTTP Receiving,ms,p90,227152.53
41,1780553234323170560,1780553235323170560,HTTP Receiving,ms,p95,227152.53
41,1780553234323170560,1780553235323170560,HTTP Receiving,ms,p99,227152.53
41,1780553234323170560,1780553235323170560,HTTP Receiving,ms,std,0.00
41,1780553234323170560,1780553235323170560,HTTP Sending,ms,avg,0.95
41,1780553234323170560,1780553235323170560,HTTP Sending,ms,min,0.95
41,1780553234323170560,1780553235323170560,HTTP Sending,ms,max,0.95
41,1780553234323170560,1780553235323170560,HTTP Sending,ms,sum,0.95
41,1780553234323170560,1780553235323170560,HTTP Sending,ms,p1,0.95
41,1780553234323170560,1780553235323170560,HTTP Sending,ms,p5,0.95
41,1780553234323170560,1780553235323170560,HTTP Sending,ms,p10,0.95
41,1780553234323170560,1780553235323170560,HTTP Sending,ms,p25,0.95
41,1780553234323170560,1780553235323170560,HTTP Sending,ms,p50,0.95
41,1780553234323170560,1780553235323170560,HTTP Sending,ms,p75,0.95
41,1780553234323170560,1780553235323170560,HTTP Sending,ms,p90,0.95
41,1780553234323170560,1780553235323170560,HTTP Sending,ms,p95,0.95
41,1780553234323170560,1780553235323170560,HTTP Sending,ms,p99,0.95
41,1780553234323170560,1780553235323170560,HTTP Sending,ms,std,0.00
41,1780553234323170560,1780553235323170560,HTTP Total Time,ms,avg,330258.96
41,1780553234323170560,1780553235323170560,HTTP Total Time,ms,min,330258.96
41,1780553234323170560,1780553235323170560,HTTP Total Time,ms,max,330258.96
41,1780553234323170560,1780553235323170560,HTTP Total Time,ms,sum,330258.96
41,1780553234323170560,1780553235323170560,HTTP Total Time,ms,p1,330258.96
41,1780553234323170560,1780553235323170560,HTTP Total Time,ms,p5,330258.96
41,1780553234323170560,1780553235323170560,HTTP Total Time,ms,p10,330258.96
41,1780553234323170560,1780553235323170560,HTTP Total Time,ms,p25,330258.96
41,1780553234323170560,1780553235323170560,HTTP Total Time,ms,p50,330258.96
41,1780553234323170560,1780553235323170560,HTTP Total Time,ms,p75,330258.96
41,1780553234323170560,1780553235323170560,HTTP Total Time,ms,p90,330258.96
41,1780553234323170560,1780553235323170560,HTTP Total Time,ms,p95,330258.96
41,1780553234323170560,1780553235323170560,HTTP Total Time,ms,p99,330258.96
41,1780553234323170560,1780553235323170560,HTTP Total Time,ms,std,0.00
41,1780553234323170560,1780553235323170560,HTTP Waiting (TTFB),ms,avg,103104.83
41,1780553234323170560,1780553235323170560,HTTP Waiting (TTFB),ms,min,103104.83
41,1780553234323170560,1780553235323170560,HTTP Waiting (TTFB),ms,max,103104.83
41,1780553234323170560,1780553235323170560,HTTP Waiting (TTFB),ms,sum,103104.83
41,1780553234323170560,1780553235323170560,HTTP Waiting (TTFB),ms,p1,103104.83
41,1780553234323170560,1780553235323170560,HTTP Waiting (TTFB),ms,p5,103104.83
41,1780553234323170560,1780553235323170560,HTTP Waiting (TTFB),ms,p10,103104.83
41,1780553234323170560,1780553235323170560,HTTP Waiting (TTFB),ms,p25,103104.83
41,1780553234323170560,1780553235323170560,HTTP Waiting (TTFB),ms,p50,103104.83
41,1780553234323170560,1780553235323170560,HTTP Waiting (TTFB),ms,p75,103104.83
41,1780553234323170560,1780553235323170560,HTTP Waiting (TTFB),ms,p90,103104.83
41,1780553234323170560,1780553235323170560,HTTP Waiting (TTFB),ms,p95,103104.83
41,1780553234323170560,1780553235323170560,HTTP Waiting (TTFB),ms,p99,103104.83
41,1780553234323170560,1780553235323170560,HTTP Waiting (TTFB),ms,std,0.00
41,1780553234323170560,1780553235323170560,Input Sequence Length,tokens,avg,112452.00
41,1780553234323170560,1780553235323170560,Input Sequence Length,tokens,min,112452.00
41,1780553234323170560,1780553235323170560,Input Sequence Length,tokens,max,112452.00
41,1780553234323170560,1780553235323170560,Input Sequence Length,tokens,sum,112452.00
41,1780553234323170560,1780553235323170560,Input Sequence Length,tokens,p1,112452.00
41,1780553234323170560,1780553235323170560,Input Sequence Length,tokens,p5,112452.00
41,1780553234323170560,1780553235323170560,Input Sequence Length,tokens,p10,112452.00
41,1780553234323170560,1780553235323170560,Input Sequence Length,tokens,p25,112452.00
41,1780553234323170560,1780553235323170560,Input Sequence Length,tokens,p50,112452.00
41,1780553234323170560,1780553235323170560,Input Sequence Length,tokens,p75,112452.00
41,1780553234323170560,1780553235323170560,Input Sequence Length,tokens,p90,112452.00
41,1780553234323170560,1780553235323170560,Input Sequence Length,tokens,p95,112452.00
41,1780553234323170560,1780553235323170560,Input Sequence Length,tokens,p99,112452.00
41,1780553234323170560,1780553235323170560,Input Sequence Length,tokens,std,0.00
41,1780553234323170560,1780553235323170560,Input Token Throughput,tokens/sec,avg,112452.00
41,1780553234323170560,1780553235323170560,Inter Chunk Latency,ms,avg,66.12
41,1780553234323170560,1780553235323170560,Inter Chunk Latency,ms,min,66.08
41,1780553234323170560,1780553235323170560,Inter Chunk Latency,ms,max,66.16
41,1780553234323170560,1780553235323170560,Inter Chunk Latency,ms,sum,52103.90
41,1780553234323170560,1780553235323170560,Inter Chunk Latency,ms,p1,66.08
41,1780553234323170560,1780553235323170560,Inter Chunk Latency,ms,p5,66.09
41,1780553234323170560,1780553235323170560,Inter Chunk Latency,ms,p10,66.09
41,1780553234323170560,1780553235323170560,Inter Chunk Latency,ms,p25,66.10
41,1780553234323170560,1780553235323170560,Inter Chunk Latency,ms,p50,66.12
41,1780553234323170560,1780553235323170560,Inter Chunk Latency,ms,p75,66.14
41,1780553234323170560,1780553235323170560,Inter Chunk Latency,ms,p90,66.15
41,1780553234323170560,1780553235323170560,Inter Chunk Latency,ms,p95,66.15
41,1780553234323170560,1780553235323170560,Inter Chunk Latency,ms,p99,66.15
41,1780553234323170560,1780553235323170560,Inter Chunk Latency,ms,std,0.02
41,1780553234323170560,1780553235323170560,Inter Token Latency,ms,avg,190.56
41,1780553234323170560,1780553235323170560,Inter Token Latency,ms,min,190.56
41,1780553234323170560,1780553235323170560,Inter Token Latency,ms,max,190.56
41,1780553234323170560,1780553235323170560,Inter Token Latency,ms,sum,190.56
41,1780553234323170560,1780553235323170560,Inter Token Latency,ms,p1,190.56
41,1780553234323170560,1780553235323170560,Inter Token Latency,ms,p5,190.56
41,1780553234323170560,1780553235323170560,Inter Token Latency,ms,p10,190.56
41,1780553234323170560,1780553235323170560,Inter Token Latency,ms,p25,190.56
41,1780553234323170560,1780553235323170560,Inter Token Latency,ms,p50,190.56
41,1780553234323170560,1780553235323170560,Inter Token Latency,ms,p75,190.56
41,1780553234323170560,1780553235323170560,Inter Token Latency,ms,p90,190.56
41,1780553234323170560,1780553235323170560,Inter Token Latency,ms,p95,190.56
41,1780553234323170560,1780553235323170560,Inter Token Latency,ms,p99,190.56
41,1780553234323170560,1780553235323170560,Inter Token Latency,ms,std,0.00
41,1780553234323170560,1780553235323170560,Maximum Response Timestamp,ns,avg,1780553565027186176.00
41,1780553234323170560,1780553235323170560,Minimum Request Timestamp,ns,avg,1780553234768771072.00
41,1780553234323170560,1780553235323170560,OSL Mismatch Count,requests,avg,0.00
41,1780553234323170560,1780553235323170560,OSL Mismatch Diff %,%,avg,0.00
41,1780553234323170560,1780553235323170560,OSL Mismatch Diff %,%,min,0.00
41,1780553234323170560,1780553235323170560,OSL Mismatch Diff %,%,max,0.00
41,1780553234323170560,1780553235323170560,OSL Mismatch Diff %,%,sum,0.00
41,1780553234323170560,1780553235323170560,OSL Mismatch Diff %,%,p1,0.00
41,1780553234323170560,1780553235323170560,OSL Mismatch Diff %,%,p5,0.00
41,1780553234323170560,1780553235323170560,OSL Mismatch Diff %,%,p10,0.00
41,1780553234323170560,1780553235323170560,OSL Mismatch Diff %,%,p25,0.00
41,1780553234323170560,1780553235323170560,OSL Mismatch Diff %,%,p50,0.00
41,1780553234323170560,1780553235323170560,OSL Mismatch Diff %,%,p75,0.00
41,1780553234323170560,1780553235323170560,OSL Mismatch Diff %,%,p90,0.00
41,1780553234323170560,1780553235323170560,OSL Mismatch Diff %,%,p95,0.00
41,1780553234323170560,1780553235323170560,OSL Mismatch Diff %,%,p99,0.00
41,1780553234323170560,1780553235323170560,OSL Mismatch Diff %,%,std,0.00
41,1780553234323170560,1780553235323170560,Output Sequence Length,tokens,avg,1193.00
41,1780553234323170560,1780553235323170560,Output Sequence Length,tokens,min,1193.00
41,1780553234323170560,1780553235323170560,Output Sequence Length,tokens,max,1193.00
41,1780553234323170560,1780553235323170560,Output Sequence Length,tokens,sum,1193.00
41,1780553234323170560,1780553235323170560,Output Sequence Length,tokens,p1,1193.00
41,1780553234323170560,1780553235323170560,Output Sequence Length,tokens,p5,1193.00
41,1780553234323170560,1780553235323170560,Output Sequence Length,tokens,p10,1193.00
41,1780553234323170560,1780553235323170560,Output Sequence Length,tokens,p25,1193.00
41,1780553234323170560,1780553235323170560,Output Sequence Length,tokens,p50,1193.00
41,1780553234323170560,1780553235323170560,Output Sequence Length,tokens,p75,1193.00
41,1780553234323170560,1780553235323170560,Output Sequence Length,tokens,p90,1193.00
41,1780553234323170560,1780553235323170560,Output Sequence Length,tokens,p95,1193.00
41,1780553234323170560,1780553235323170560,Output Sequence Length,tokens,p99,1193.00
41,1780553234323170560,1780553235323170560,Output Sequence Length,tokens,std,0.00
41,1780553234323170560,1780553235323170560,Output Token Count,tokens,avg,1193.00
41,1780553234323170560,1780553235323170560,Output Token Count,tokens,min,1193.00
41,1780553234323170560,1780553235323170560,Output Token Count,tokens,max,1193.00
41,1780553234323170560,1780553235323170560,Output Token Count,tokens,sum,1193.00
41,1780553234323170560,1780553235323170560,Output Token Count,tokens,p1,1193.00
41,1780553234323170560,1780553235323170560,Output Token Count,tokens,p5,1193.00
41,1780553234323170560,1780553235323170560,Output Token Count,tokens,p10,1193.00
41,1780553234323170560,1780553235323170560,Output Token Count,tokens,p25,1193.00
41,1780553234323170560,1780553235323170560,Output Token Count,tokens,p50,1193.00
41,1780553234323170560,1780553235323170560,Output Token Count,tokens,p75,1193.00
41,1780553234323170560,1780553235323170560,Output Token Count,tokens,p90,1193.00
41,1780553234323170560,1780553235323170560,Output Token Count,tokens,p95,1193.00
41,1780553234323170560,1780553235323170560,Output Token Count,tokens,p99,1193.00
41,1780553234323170560,1780553235323170560,Output Token Count,tokens,std,0.00
41,1780553234323170560,1780553235323170560,Output Token Throughput,tokens/sec,avg,1193.00
41,1780553234323170560,1780553235323170560,Output Token Throughput Per User,tokens/sec/user,avg,5.25
41,1780553234323170560,1780553235323170560,Output Token Throughput Per User,tokens/sec/user,min,5.25
41,1780553234323170560,1780553235323170560,Output Token Throughput Per User,tokens/sec/user,max,5.25
41,1780553234323170560,1780553235323170560,Output Token Throughput Per User,tokens/sec/user,sum,5.25
41,1780553234323170560,1780553235323170560,Output Token Throughput Per User,tokens/sec/user,p1,5.25
41,1780553234323170560,1780553235323170560,Output Token Throughput Per User,tokens/sec/user,p5,5.25
41,1780553234323170560,1780553235323170560,Output Token Throughput Per User,tokens/sec/user,p10,5.25
41,1780553234323170560,1780553235323170560,Output Token Throughput Per User,tokens/sec/user,p25,5.25
41,1780553234323170560,1780553235323170560,Output Token Throughput Per User,tokens/sec/user,p50,5.25
41,1780553234323170560,1780553235323170560,Output Token Throughput Per User,tokens/sec/user,p75,5.25
41,1780553234323170560,1780553235323170560,Output Token Throughput Per User,tokens/sec/user,p90,5.25
41,1780553234323170560,1780553235323170560,Output Token Throughput Per User,tokens/sec/user,p95,5.25
41,1780553234323170560,1780553235323170560,Output Token Throughput Per User,tokens/sec/user,p99,5.25
41,1780553234323170560,1780553235323170560,Output Token Throughput Per User,tokens/sec/user,std,0.00
41,1780553234323170560,1780553235323170560,Prefill Throughput Per User,tokens/sec/user,avg,1090.65
41,1780553234323170560,1780553235323170560,Prefill Throughput Per User,tokens/sec/user,min,1090.65
41,1780553234323170560,1780553235323170560,Prefill Throughput Per User,tokens/sec/user,max,1090.65
41,1780553234323170560,1780553235323170560,Prefill Throughput Per User,tokens/sec/user,sum,1090.65
41,1780553234323170560,1780553235323170560,Prefill Throughput Per User,tokens/sec/user,p1,1090.65
41,1780553234323170560,1780553235323170560,Prefill Throughput Per User,tokens/sec/user,p5,1090.65
41,1780553234323170560,1780553235323170560,Prefill Throughput Per User,tokens/sec/user,p10,1090.65
41,1780553234323170560,1780553235323170560,Prefill Throughput Per User,tokens/sec/user,p25,1090.65
41,1780553234323170560,1780553235323170560,Prefill Throughput Per User,tokens/sec/user,p50,1090.65
41,1780553234323170560,1780553235323170560,Prefill Throughput Per User,tokens/sec/user,p75,1090.65
41,1780553234323170560,1780553235323170560,Prefill Throughput Per User,tokens/sec/user,p90,1090.65
41,1780553234323170560,1780553235323170560,Prefill Throughput Per User,tokens/sec/user,p95,1090.65
41,1780553234323170560,1780553235323170560,Prefill Throughput Per User,tokens/sec/user,p99,1090.65
41,1780553234323170560,1780553235323170560,Prefill Throughput Per User,tokens/sec/user,std,0.00
41,1780553234323170560,1780553235323170560,Request Count,requests,avg,1.00
41,1780553234323170560,1780553235323170560,Request Latency,ms,avg,330258.42
41,1780553234323170560,1780553235323170560,Request Latency,ms,min,330258.42
41,1780553234323170560,1780553235323170560,Request Latency,ms,max,330258.42
41,1780553234323170560,1780553235323170560,Request Latency,ms,sum,330258.42
41,1780553234323170560,1780553235323170560,Request Latency,ms,p1,330258.42
41,1780553234323170560,1780553235323170560,Request Latency,ms,p5,330258.42
41,1780553234323170560,1780553235323170560,Request Latency,ms,p10,330258.42
41,1780553234323170560,1780553235323170560,Request Latency,ms,p25,330258.42
41,1780553234323170560,1780553235323170560,Request Latency,ms,p50,330258.42
41,1780553234323170560,1780553235323170560,Request Latency,ms,p75,330258.42
41,1780553234323170560,1780553235323170560,Request Latency,ms,p90,330258.42
41,1780553234323170560,1780553235323170560,Request Latency,ms,p95,330258.42
41,1780553234323170560,1780553235323170560,Request Latency,ms,p99,330258.42
41,1780553234323170560,1780553235323170560,Request Latency,ms,std,0.00
41,1780553234323170560,1780553235323170560,Request Throughput,requests/sec,avg,1.00
41,1780553234323170560,1780553235323170560,Requested OSL,tokens,avg,1193.00
41,1780553234323170560,1780553235323170560,Requested OSL,tokens,min,1193.00
41,1780553234323170560,1780553235323170560,Requested OSL,tokens,max,1193.00
41,1780553234323170560,1780553235323170560,Requested OSL,tokens,sum,1193.00
41,1780553234323170560,1780553235323170560,Requested OSL,tokens,p1,1193.00
41,1780553234323170560,1780553235323170560,Requested OSL,tokens,p5,1193.00
41,1780553234323170560,1780553235323170560,Requested OSL,tokens,p10,1193.00
41,1780553234323170560,1780553235323170560,Requested OSL,tokens,p25,1193.00
41,1780553234323170560,1780553235323170560,Requested OSL,tokens,p50,1193.00
41,1780553234323170560,1780553235323170560,Requested OSL,tokens,p75,1193.00
41,1780553234323170560,1780553235323170560,Requested OSL,tokens,p90,1193.00
41,1780553234323170560,1780553235323170560,Requested OSL,tokens,p95,1193.00
41,1780553234323170560,1780553235323170560,Requested OSL,tokens,p99,1193.00
41,1780553234323170560,1780553235323170560,Requested OSL,tokens,std,0.00
41,1780553234323170560,1780553235323170560,Time to First Output Token,ms,avg,103105.89
41,1780553234323170560,1780553235323170560,Time to First Output Token,ms,min,103105.89
41,1780553234323170560,1780553235323170560,Time to First Output Token,ms,max,103105.89
41,1780553234323170560,1780553235323170560,Time to First Output Token,ms,sum,103105.89
41,1780553234323170560,1780553235323170560,Time to First Output Token,ms,p1,103105.89
41,1780553234323170560,1780553235323170560,Time to First Output Token,ms,p5,103105.89
41,1780553234323170560,1780553235323170560,Time to First Output Token,ms,p10,103105.89
41,1780553234323170560,1780553235323170560,Time to First Output Token,ms,p25,103105.89
41,1780553234323170560,1780553235323170560,Time to First Output Token,ms,p50,103105.89
41,1780553234323170560,1780553235323170560,Time to First Output Token,ms,p75,103105.89
41,1780553234323170560,1780553235323170560,Time to First Output Token,ms,p90,103105.89
41,1780553234323170560,1780553235323170560,Time to First Output Token,ms,p95,103105.89
41,1780553234323170560,1780553235323170560,Time to First Output Token,ms,p99,103105.89
41,1780553234323170560,1780553235323170560,Time to First Output Token,ms,std,0.00
41,1780553234323170560,1780553235323170560,Time to First Token,ms,avg,103105.89
41,1780553234323170560,1780553235323170560,Time to First Token,ms,min,103105.89
41,1780553234323170560,1780553235323170560,Time to First Token,ms,max,103105.89
41,1780553234323170560,1780553235323170560,Time to First Token,ms,sum,103105.89
41,1780553234323170560,1780553235323170560,Time to First Token,ms,p1,103105.89
41,1780553234323170560,1780553235323170560,Time to First Token,ms,p5,103105.89
41,1780553234323170560,1780553235323170560,Time to First Token,ms,p10,103105.89
41,1780553234323170560,1780553235323170560,Time to First Token,ms,p25,103105.89
41,1780553234323170560,1780553235323170560,Time to First Token,ms,p50,103105.89
41,1780553234323170560,1780553235323170560,Time to First Token,ms,p75,103105.89
41,1780553234323170560,1780553235323170560,Time to First Token,ms,p90,103105.89
41,1780553234323170560,1780553235323170560,Time to First Token,ms,p95,103105.89
41,1780553234323170560,1780553235323170560,Time to First Token,ms,p99,103105.89
41,1780553234323170560,1780553235323170560,Time to First Token,ms,std,0.00
41,1780553234323170560,1780553235323170560,Time to Second Token,ms,avg,0.52
41,1780553234323170560,1780553235323170560,Time to Second Token,ms,min,0.52
41,1780553234323170560,1780553235323170560,Time to Second Token,ms,max,0.52
41,1780553234323170560,1780553235323170560,Time to Second Token,ms,sum,0.52
41,1780553234323170560,1780553235323170560,Time to Second Token,ms,p1,0.52
41,1780553234323170560,1780553235323170560,Time to Second Token,ms,p5,0.52
41,1780553234323170560,1780553235323170560,Time to Second Token,ms,p10,0.52
41,1780553234323170560,1780553235323170560,Time to Second Token,ms,p25,0.52
41,1780553234323170560,1780553235323170560,Time to Second Token,ms,p50,0.52
41,1780553234323170560,1780553235323170560,Time to Second Token,ms,p75,0.52
41,1780553234323170560,1780553235323170560,Time to Second Token,ms,p90,0.52
41,1780553234323170560,1780553235323170560,Time to Second Token,ms,p95,0.52
41,1780553234323170560,1780553235323170560,Time to Second Token,ms,p99,0.52
41,1780553234323170560,1780553235323170560,Time to Second Token,ms,std,0.00
41,1780553234323170560,1780553235323170560,Tokens In Flight,tokens,avg,1613637.82
41,1780553234323170560,1780553235323170560,Tokens In Flight,tokens,min,1551265.94
41,1780553234323170560,1780553235323170560,Tokens In Flight,tokens,max,1663775.37
41,1780553234323170560,1780553235323170560,Tokens In Flight,tokens,p50,1663745.98
41,1780553234323170560,1780553235323170560,Tokens In Flight,tokens,p90,1663769.96
41,1780553234323170560,1780553235323170560,Tokens In Flight,tokens,p95,1663773.78
41,1780553234323170560,1780553235323170560,Tokens In Flight,tokens,p99,1663775.37
41,1780553234323170560,1780553235323170560,Tokens In Flight,tokens,std,55906.91
41,1780553234323170560,1780553235323170560,Total Input Sequence Length,tokens,avg,112452.00
41,1780553234323170560,1780553235323170560,Total Output Sequence Length,tokens,avg,1193.00
41,1780553234323170560,1780553235323170560,Total Output Tokens,tokens,avg,1193.00
41,1780553234323170560,1780553235323170560,Total Token Throughput,tokens/sec,avg,113645.00
41,1780553234323170560,1780553235323170560,Total Usage Completion Tokens,tokens,avg,1193.00
41,1780553234323170560,1780553235323170560,Total Usage Prompt Tokens,tokens,avg,112452.00
41,1780553234323170560,1780553235323170560,Total Usage Total Tokens,tokens,avg,113645.00
41,1780553234323170560,1780553235323170560,Usage Completion Tokens,tokens,avg,1193.00
41,1780553234323170560,1780553235323170560,Usage Completion Tokens,tokens,min,1193.00
41,1780553234323170560,1780553235323170560,Usage Completion Tokens,tokens,max,1193.00
41,1780553234323170560,1780553235323170560,Usage Completion Tokens,tokens,sum,1193.00
41,1780553234323170560,1780553235323170560,Usage Completion Tokens,tokens,p1,1193.00
41,1780553234323170560,1780553235323170560,Usage Completion Tokens,tokens,p5,1193.00
41,1780553234323170560,1780553235323170560,Usage Completion Tokens,tokens,p10,1193.00
41,1780553234323170560,1780553235323170560,Usage Completion Tokens,tokens,p25,1193.00
41,1780553234323170560,1780553235323170560,Usage Completion Tokens,tokens,p50,1193.00
41,1780553234323170560,1780553235323170560,Usage Completion Tokens,tokens,p75,1193.00
41,1780553234323170560,1780553235323170560,Usage Completion Tokens,tokens,p90,1193.00
41,1780553234323170560,1780553235323170560,Usage Completion Tokens,tokens,p95,1193.00
41,1780553234323170560,1780553235323170560,Usage Completion Tokens,tokens,p99,1193.00
41,1780553234323170560,1780553235323170560,Usage Completion Tokens,tokens,std,0.00
41,1780553234323170560,1780553235323170560,Usage Prompt Tokens,tokens,avg,112452.00
41,1780553234323170560,1780553235323170560,Usage Prompt Tokens,tokens,min,112452.00
41,1780553234323170560,1780553235323170560,Usage Prompt Tokens,tokens,max,112452.00
41,1780553234323170560,1780553235323170560,Usage Prompt Tokens,tokens,sum,112452.00
41,1780553234323170560,1780553235323170560,Usage Prompt Tokens,tokens,p1,112452.00
41,1780553234323170560,1780553235323170560,Usage Prompt Tokens,tokens,p5,112452.00
41,1780553234323170560,1780553235323170560,Usage Prompt Tokens,tokens,p10,112452.00
41,1780553234323170560,1780553235323170560,Usage Prompt Tokens,tokens,p25,112452.00
41,1780553234323170560,1780553235323170560,Usage Prompt Tokens,tokens,p50,112452.00
41,1780553234323170560,1780553235323170560,Usage Prompt Tokens,tokens,p75,112452.00
41,1780553234323170560,1780553235323170560,Usage Prompt Tokens,tokens,p90,112452.00
41,1780553234323170560,1780553235323170560,Usage Prompt Tokens,tokens,p95,112452.00
41,1780553234323170560,1780553235323170560,Usage Prompt Tokens,tokens,p99,112452.00
41,1780553234323170560,1780553235323170560,Usage Prompt Tokens,tokens,std,0.00
41,1780553234323170560,1780553235323170560,Usage Total Tokens,tokens,avg,113645.00
41,1780553234323170560,1780553235323170560,Usage Total Tokens,tokens,min,113645.00
41,1780553234323170560,1780553235323170560,Usage Total Tokens,tokens,max,113645.00
41,1780553234323170560,1780553235323170560,Usage Total Tokens,tokens,sum,113645.00
41,1780553234323170560,1780553235323170560,Usage Total Tokens,tokens,p1,113645.00
41,1780553234323170560,1780553235323170560,Usage Total Tokens,tokens,p5,113645.00
41,1780553234323170560,1780553235323170560,Usage Total Tokens,tokens,p10,113645.00
41,1780553234323170560,1780553235323170560,Usage Total Tokens,tokens,p25,113645.00
41,1780553234323170560,1780553235323170560,Usage Total Tokens,tokens,p50,113645.00
41,1780553234323170560,1780553235323170560,Usage Total Tokens,tokens,p75,113645.00
41,1780553234323170560,1780553235323170560,Usage Total Tokens,tokens,p90,113645.00
41,1780553234323170560,1780553235323170560,Usage Total Tokens,tokens,p95,113645.00
41,1780553234323170560,1780553235323170560,Usage Total Tokens,tokens,p99,113645.00
41,1780553234323170560,1780553235323170560,Usage Total Tokens,tokens,std,0.00
42,1780553246323170560,1780553247323170560,Active Decode Throughput,tokens/sec,avg,39.57
42,1780553246323170560,1780553247323170560,Active Decode Throughput,tokens/sec,min,15.59
42,1780553246323170560,1780553247323170560,Active Decode Throughput,tokens/sec,max,63.55
42,1780553246323170560,1780553247323170560,Active Decode Throughput,tokens/sec,p50,39.57
42,1780553246323170560,1780553247323170560,Active Decode Throughput,tokens/sec,p90,39.57
42,1780553246323170560,1780553247323170560,Active Decode Throughput,tokens/sec,p95,39.57
42,1780553246323170560,1780553247323170560,Active Decode Throughput,tokens/sec,p99,39.57
42,1780553246323170560,1780553247323170560,Active Decode Throughput,tokens/sec,std,0.03
42,1780553246323170560,1780553247323170560,Active Decode Throughput Per User,tokens/sec/user,avg,4.40
42,1780553246323170560,1780553247323170560,Active Decode Throughput Per User,tokens/sec/user,min,1.73
42,1780553246323170560,1780553247323170560,Active Decode Throughput Per User,tokens/sec/user,max,7.06
42,1780553246323170560,1780553247323170560,Active Decode Throughput Per User,tokens/sec/user,p50,4.40
42,1780553246323170560,1780553247323170560,Active Decode Throughput Per User,tokens/sec/user,p90,4.40
42,1780553246323170560,1780553247323170560,Active Decode Throughput Per User,tokens/sec/user,p95,4.40
42,1780553246323170560,1780553247323170560,Active Decode Throughput Per User,tokens/sec/user,p99,4.40
42,1780553246323170560,1780553247323170560,Active Decode Throughput Per User,tokens/sec/user,std,0.00
42,1780553246323170560,1780553247323170560,Active Prefill Throughput,tokens/sec,avg,6040.97
42,1780553246323170560,1780553247323170560,Active Prefill Throughput,tokens/sec,min,5638.62
42,1780553246323170560,1780553247323170560,Active Prefill Throughput,tokens/sec,max,6698.30
42,1780553246323170560,1780553247323170560,Active Prefill Throughput,tokens/sec,p50,5638.62
42,1780553246323170560,1780553247323170560,Active Prefill Throughput,tokens/sec,p90,6698.30
42,1780553246323170560,1780553247323170560,Active Prefill Throughput,tokens/sec,p95,6698.30
42,1780553246323170560,1780553247323170560,Active Prefill Throughput,tokens/sec,p99,6698.30
42,1780553246323170560,1780553247323170560,Active Prefill Throughput,tokens/sec,std,514.27
42,1780553246323170560,1780553247323170560,Active Prefill Throughput Per User,tokens/sec/user,avg,1123.42
42,1780553246323170560,1780553247323170560,Active Prefill Throughput Per User,tokens/sec/user,min,1116.38
42,1780553246323170560,1780553247323170560,Active Prefill Throughput Per User,tokens/sec/user,max,1127.72
42,1780553246323170560,1780553247323170560,Active Prefill Throughput Per User,tokens/sec/user,p50,1127.72
42,1780553246323170560,1780553247323170560,Active Prefill Throughput Per User,tokens/sec/user,p90,1127.72
42,1780553246323170560,1780553247323170560,Active Prefill Throughput Per User,tokens/sec/user,p95,1127.72
42,1780553246323170560,1780553247323170560,Active Prefill Throughput Per User,tokens/sec/user,p99,1127.72
42,1780553246323170560,1780553247323170560,Active Prefill Throughput Per User,tokens/sec/user,std,5.50
42,1780553246323170560,1780553247323170560,Active Total Throughput,tokens/sec,avg,6102.77
42,1780553246323170560,1780553247323170560,Active Total Throughput,tokens/sec,min,5700.42
42,1780553246323170560,1780553247323170560,Active Total Throughput,tokens/sec,max,6760.10
42,1780553246323170560,1780553247323170560,Active Total Throughput,tokens/sec,p50,5700.42
42,1780553246323170560,1780553247323170560,Active Total Throughput,tokens/sec,p90,6760.10
42,1780553246323170560,1780553247323170560,Active Total Throughput,tokens/sec,p95,6760.10
42,1780553246323170560,1780553247323170560,Active Total Throughput,tokens/sec,p99,6760.10
42,1780553246323170560,1780553247323170560,Active Total Throughput,tokens/sec,std,514.27
42,1780553246323170560,1780553247323170560,Benchmark Duration,sec,avg,147.02
42,1780553246323170560,1780553247323170560,E2E Output Token Throughput,tokens/sec/user,avg,1.83
42,1780553246323170560,1780553247323170560,E2E Output Token Throughput,tokens/sec/user,min,1.83
42,1780553246323170560,1780553247323170560,E2E Output Token Throughput,tokens/sec/user,max,1.83
42,1780553246323170560,1780553247323170560,E2E Output Token Throughput,tokens/sec/user,sum,1.83
42,1780553246323170560,1780553247323170560,E2E Output Token Throughput,tokens/sec/user,p1,1.83
42,1780553246323170560,1780553247323170560,E2E Output Token Throughput,tokens/sec/user,p5,1.83
42,1780553246323170560,1780553247323170560,E2E Output Token Throughput,tokens/sec/user,p10,1.83
42,1780553246323170560,1780553247323170560,E2E Output Token Throughput,tokens/sec/user,p25,1.83
42,1780553246323170560,1780553247323170560,E2E Output Token Throughput,tokens/sec/user,p50,1.83
42,1780553246323170560,1780553247323170560,E2E Output Token Throughput,tokens/sec/user,p75,1.83
42,1780553246323170560,1780553247323170560,E2E Output Token Throughput,tokens/sec/user,p90,1.83
42,1780553246323170560,1780553247323170560,E2E Output Token Throughput,tokens/sec/user,p95,1.83
42,1780553246323170560,1780553247323170560,E2E Output Token Throughput,tokens/sec/user,p99,1.83
42,1780553246323170560,1780553247323170560,E2E Output Token Throughput,tokens/sec/user,std,0.00
42,1780553246323170560,1780553247323170560,Effective Concurrency,requests,avg,14.38
42,1780553246323170560,1780553247323170560,Effective Concurrency,requests,min,14.00
42,1780553246323170560,1780553247323170560,Effective Concurrency,requests,max,15.00
42,1780553246323170560,1780553247323170560,Effective Concurrency,requests,p50,14.00
42,1780553246323170560,1780553247323170560,Effective Concurrency,requests,p90,15.00
42,1780553246323170560,1780553247323170560,Effective Concurrency,requests,p95,15.00
42,1780553246323170560,1780553247323170560,Effective Concurrency,requests,p99,15.00
42,1780553246323170560,1780553247323170560,Effective Concurrency,requests,std,0.49
42,1780553246323170560,1780553247323170560,Effective Decode Concurrency,requests,avg,9.00
42,1780553246323170560,1780553247323170560,Effective Decode Concurrency,requests,min,9.00
42,1780553246323170560,1780553247323170560,Effective Decode Concurrency,requests,max,9.00
42,1780553246323170560,1780553247323170560,Effective Decode Concurrency,requests,p50,9.00
42,1780553246323170560,1780553247323170560,Effective Decode Concurrency,requests,p90,9.00
42,1780553246323170560,1780553247323170560,Effective Decode Concurrency,requests,p95,9.00
42,1780553246323170560,1780553247323170560,Effective Decode Concurrency,requests,p99,9.00
42,1780553246323170560,1780553247323170560,Effective Decode Concurrency,requests,std,0.00
42,1780553246323170560,1780553247323170560,Effective Decode Throughput,tokens/sec,avg,39.57
42,1780553246323170560,1780553247323170560,Effective Decode Throughput,tokens/sec,min,15.59
42,1780553246323170560,1780553247323170560,Effective Decode Throughput,tokens/sec,max,63.55
42,1780553246323170560,1780553247323170560,Effective Decode Throughput,tokens/sec,p50,39.57
42,1780553246323170560,1780553247323170560,Effective Decode Throughput,tokens/sec,p90,39.57
42,1780553246323170560,1780553247323170560,Effective Decode Throughput,tokens/sec,p95,39.57
42,1780553246323170560,1780553247323170560,Effective Decode Throughput,tokens/sec,p99,39.57
42,1780553246323170560,1780553247323170560,Effective Decode Throughput,tokens/sec,std,0.03
42,1780553246323170560,1780553247323170560,Effective Decode Throughput Per User,tokens/sec/user,avg,4.40
42,1780553246323170560,1780553247323170560,Effective Decode Throughput Per User,tokens/sec/user,min,1.73
42,1780553246323170560,1780553247323170560,Effective Decode Throughput Per User,tokens/sec/user,max,7.06
42,1780553246323170560,1780553247323170560,Effective Decode Throughput Per User,tokens/sec/user,p50,4.40
42,1780553246323170560,1780553247323170560,Effective Decode Throughput Per User,tokens/sec/user,p90,4.40
42,1780553246323170560,1780553247323170560,Effective Decode Throughput Per User,tokens/sec/user,p95,4.40
42,1780553246323170560,1780553247323170560,Effective Decode Throughput Per User,tokens/sec/user,p99,4.40
42,1780553246323170560,1780553247323170560,Effective Decode Throughput Per User,tokens/sec/user,std,0.00
42,1780553246323170560,1780553247323170560,Effective Prefill Concurrency,requests,avg,5.38
42,1780553246323170560,1780553247323170560,Effective Prefill Concurrency,requests,min,5.00
42,1780553246323170560,1780553247323170560,Effective Prefill Concurrency,requests,max,6.00
42,1780553246323170560,1780553247323170560,Effective Prefill Concurrency,requests,p50,5.00
42,1780553246323170560,1780553247323170560,Effective Prefill Concurrency,requests,p90,6.00
42,1780553246323170560,1780553247323170560,Effective Prefill Concurrency,requests,p95,6.00
42,1780553246323170560,1780553247323170560,Effective Prefill Concurrency,requests,p99,6.00
42,1780553246323170560,1780553247323170560,Effective Prefill Concurrency,requests,std,0.49
42,1780553246323170560,1780553247323170560,Effective Prefill Throughput,tokens/sec,avg,6040.97
42,1780553246323170560,1780553247323170560,Effective Prefill Throughput,tokens/sec,min,5638.62
42,1780553246323170560,1780553247323170560,Effective Prefill Throughput,tokens/sec,max,6698.30
42,1780553246323170560,1780553247323170560,Effective Prefill Throughput,tokens/sec,p50,5638.62
42,1780553246323170560,1780553247323170560,Effective Prefill Throughput,tokens/sec,p90,6698.30
42,1780553246323170560,1780553247323170560,Effective Prefill Throughput,tokens/sec,p95,6698.30
42,1780553246323170560,1780553247323170560,Effective Prefill Throughput,tokens/sec,p99,6698.30
42,1780553246323170560,1780553247323170560,Effective Prefill Throughput,tokens/sec,std,514.27
42,1780553246323170560,1780553247323170560,Effective Prefill Throughput Per User,tokens/sec/user,avg,1123.42
42,1780553246323170560,1780553247323170560,Effective Prefill Throughput Per User,tokens/sec/user,min,1116.38
42,1780553246323170560,1780553247323170560,Effective Prefill Throughput Per User,tokens/sec/user,max,1127.72
42,1780553246323170560,1780553247323170560,Effective Prefill Throughput Per User,tokens/sec/user,p50,1127.72
42,1780553246323170560,1780553247323170560,Effective Prefill Throughput Per User,tokens/sec/user,p90,1127.72
42,1780553246323170560,1780553247323170560,Effective Prefill Throughput Per User,tokens/sec/user,p95,1127.72
42,1780553246323170560,1780553247323170560,Effective Prefill Throughput Per User,tokens/sec/user,p99,1127.72
42,1780553246323170560,1780553247323170560,Effective Prefill Throughput Per User,tokens/sec/user,std,5.50
42,1780553246323170560,1780553247323170560,Effective Total Throughput,tokens/sec,avg,6102.77
42,1780553246323170560,1780553247323170560,Effective Total Throughput,tokens/sec,min,5700.42
42,1780553246323170560,1780553247323170560,Effective Total Throughput,tokens/sec,max,6760.10
42,1780553246323170560,1780553247323170560,Effective Total Throughput,tokens/sec,p50,5700.42
42,1780553246323170560,1780553247323170560,Effective Total Throughput,tokens/sec,p90,6760.10
42,1780553246323170560,1780553247323170560,Effective Total Throughput,tokens/sec,p95,6760.10
42,1780553246323170560,1780553247323170560,Effective Total Throughput,tokens/sec,p99,6760.10
42,1780553246323170560,1780553247323170560,Effective Total Throughput,tokens/sec,std,514.27
42,1780553246323170560,1780553247323170560,HTTP Blocked,ms,avg,0.00
42,1780553246323170560,1780553247323170560,HTTP Blocked,ms,min,0.00
42,1780553246323170560,1780553247323170560,HTTP Blocked,ms,max,0.00
42,1780553246323170560,1780553247323170560,HTTP Blocked,ms,sum,0.00
42,1780553246323170560,1780553247323170560,HTTP Blocked,ms,p1,0.00
42,1780553246323170560,1780553247323170560,HTTP Blocked,ms,p5,0.00
42,1780553246323170560,1780553247323170560,HTTP Blocked,ms,p10,0.00
42,1780553246323170560,1780553247323170560,HTTP Blocked,ms,p25,0.00
42,1780553246323170560,1780553247323170560,HTTP Blocked,ms,p50,0.00
42,1780553246323170560,1780553247323170560,HTTP Blocked,ms,p75,0.00
42,1780553246323170560,1780553247323170560,HTTP Blocked,ms,p90,0.00
42,1780553246323170560,1780553247323170560,HTTP Blocked,ms,p95,0.00
42,1780553246323170560,1780553247323170560,HTTP Blocked,ms,p99,0.00
42,1780553246323170560,1780553247323170560,HTTP Blocked,ms,std,0.00
42,1780553246323170560,1780553247323170560,HTTP Chunks Received,count,avg,269.00
42,1780553246323170560,1780553247323170560,HTTP Chunks Received,count,min,269.00
42,1780553246323170560,1780553247323170560,HTTP Chunks Received,count,max,269.00
42,1780553246323170560,1780553247323170560,HTTP Chunks Received,count,sum,269.00
42,1780553246323170560,1780553247323170560,HTTP Chunks Received,count,p1,269.00
42,1780553246323170560,1780553247323170560,HTTP Chunks Received,count,p5,269.00
42,1780553246323170560,1780553247323170560,HTTP Chunks Received,count,p10,269.00
42,1780553246323170560,1780553247323170560,HTTP Chunks Received,count,p25,269.00
42,1780553246323170560,1780553247323170560,HTTP Chunks Received,count,p50,269.00
42,1780553246323170560,1780553247323170560,HTTP Chunks Received,count,p75,269.00
42,1780553246323170560,1780553247323170560,HTTP Chunks Received,count,p90,269.00
42,1780553246323170560,1780553247323170560,HTTP Chunks Received,count,p95,269.00
42,1780553246323170560,1780553247323170560,HTTP Chunks Received,count,p99,269.00
42,1780553246323170560,1780553247323170560,HTTP Chunks Received,count,std,0.00
42,1780553246323170560,1780553247323170560,HTTP Chunks Sent,count,avg,1.00
42,1780553246323170560,1780553247323170560,HTTP Chunks Sent,count,min,1.00
42,1780553246323170560,1780553247323170560,HTTP Chunks Sent,count,max,1.00
42,1780553246323170560,1780553247323170560,HTTP Chunks Sent,count,sum,1.00
42,1780553246323170560,1780553247323170560,HTTP Chunks Sent,count,p1,1.00
42,1780553246323170560,1780553247323170560,HTTP Chunks Sent,count,p5,1.00
42,1780553246323170560,1780553247323170560,HTTP Chunks Sent,count,p10,1.00
42,1780553246323170560,1780553247323170560,HTTP Chunks Sent,count,p25,1.00
42,1780553246323170560,1780553247323170560,HTTP Chunks Sent,count,p50,1.00
42,1780553246323170560,1780553247323170560,HTTP Chunks Sent,count,p75,1.00
42,1780553246323170560,1780553247323170560,HTTP Chunks Sent,count,p90,1.00
42,1780553246323170560,1780553247323170560,HTTP Chunks Sent,count,p95,1.00
42,1780553246323170560,1780553247323170560,HTTP Chunks Sent,count,p99,1.00
42,1780553246323170560,1780553247323170560,HTTP Chunks Sent,count,std,0.00
42,1780553246323170560,1780553247323170560,HTTP Connecting,ms,avg,0.67
42,1780553246323170560,1780553247323170560,HTTP Connecting,ms,min,0.67
42,1780553246323170560,1780553247323170560,HTTP Connecting,ms,max,0.67
42,1780553246323170560,1780553247323170560,HTTP Connecting,ms,sum,0.67
42,1780553246323170560,1780553247323170560,HTTP Connecting,ms,p1,0.67
42,1780553246323170560,1780553247323170560,HTTP Connecting,ms,p5,0.67
42,1780553246323170560,1780553247323170560,HTTP Connecting,ms,p10,0.67
42,1780553246323170560,1780553247323170560,HTTP Connecting,ms,p25,0.67
42,1780553246323170560,1780553247323170560,HTTP Connecting,ms,p50,0.67
42,1780553246323170560,1780553247323170560,HTTP Connecting,ms,p75,0.67
42,1780553246323170560,1780553247323170560,HTTP Connecting,ms,p90,0.67
42,1780553246323170560,1780553247323170560,HTTP Connecting,ms,p95,0.67
42,1780553246323170560,1780553247323170560,HTTP Connecting,ms,p99,0.67
42,1780553246323170560,1780553247323170560,HTTP Connecting,ms,std,0.00
42,1780553246323170560,1780553247323170560,HTTP Connection Overhead,ms,avg,0.67
42,1780553246323170560,1780553247323170560,HTTP Connection Overhead,ms,min,0.67
42,1780553246323170560,1780553247323170560,HTTP Connection Overhead,ms,max,0.67
42,1780553246323170560,1780553247323170560,HTTP Connection Overhead,ms,sum,0.67
42,1780553246323170560,1780553247323170560,HTTP Connection Overhead,ms,p1,0.67
42,1780553246323170560,1780553247323170560,HTTP Connection Overhead,ms,p5,0.67
42,1780553246323170560,1780553247323170560,HTTP Connection Overhead,ms,p10,0.67
42,1780553246323170560,1780553247323170560,HTTP Connection Overhead,ms,p25,0.67
42,1780553246323170560,1780553247323170560,HTTP Connection Overhead,ms,p50,0.67
42,1780553246323170560,1780553247323170560,HTTP Connection Overhead,ms,p75,0.67
42,1780553246323170560,1780553247323170560,HTTP Connection Overhead,ms,p90,0.67
42,1780553246323170560,1780553247323170560,HTTP Connection Overhead,ms,p95,0.67
42,1780553246323170560,1780553247323170560,HTTP Connection Overhead,ms,p99,0.67
42,1780553246323170560,1780553247323170560,HTTP Connection Overhead,ms,std,0.00
42,1780553246323170560,1780553247323170560,HTTP Connection Reused,ratio,avg,0.00
42,1780553246323170560,1780553247323170560,HTTP Connection Reused,ratio,min,0.00
42,1780553246323170560,1780553247323170560,HTTP Connection Reused,ratio,max,0.00
42,1780553246323170560,1780553247323170560,HTTP Connection Reused,ratio,sum,0.00
42,1780553246323170560,1780553247323170560,HTTP Connection Reused,ratio,p1,0.00
42,1780553246323170560,1780553247323170560,HTTP Connection Reused,ratio,p5,0.00
42,1780553246323170560,1780553247323170560,HTTP Connection Reused,ratio,p10,0.00
42,1780553246323170560,1780553247323170560,HTTP Connection Reused,ratio,p25,0.00
42,1780553246323170560,1780553247323170560,HTTP Connection Reused,ratio,p50,0.00
42,1780553246323170560,1780553247323170560,HTTP Connection Reused,ratio,p75,0.00
42,1780553246323170560,1780553247323170560,HTTP Connection Reused,ratio,p90,0.00
42,1780553246323170560,1780553247323170560,HTTP Connection Reused,ratio,p95,0.00
42,1780553246323170560,1780553247323170560,HTTP Connection Reused,ratio,p99,0.00
42,1780553246323170560,1780553247323170560,HTTP Connection Reused,ratio,std,0.00
42,1780553246323170560,1780553247323170560,HTTP Data Received,KB,avg,67.67
42,1780553246323170560,1780553247323170560,HTTP Data Received,KB,min,67.67
42,1780553246323170560,1780553247323170560,HTTP Data Received,KB,max,67.67
42,1780553246323170560,1780553247323170560,HTTP Data Received,KB,sum,67.67
42,1780553246323170560,1780553247323170560,HTTP Data Received,KB,p1,67.67
42,1780553246323170560,1780553247323170560,HTTP Data Received,KB,p5,67.67
42,1780553246323170560,1780553247323170560,HTTP Data Received,KB,p10,67.67
42,1780553246323170560,1780553247323170560,HTTP Data Received,KB,p25,67.67
42,1780553246323170560,1780553247323170560,HTTP Data Received,KB,p50,67.67
42,1780553246323170560,1780553247323170560,HTTP Data Received,KB,p75,67.67
42,1780553246323170560,1780553247323170560,HTTP Data Received,KB,p90,67.67
42,1780553246323170560,1780553247323170560,HTTP Data Received,KB,p95,67.67
42,1780553246323170560,1780553247323170560,HTTP Data Received,KB,p99,67.67
42,1780553246323170560,1780553247323170560,HTTP Data Received,KB,std,0.00
42,1780553246323170560,1780553247323170560,HTTP Data Sent,KB,avg,448.42
42,1780553246323170560,1780553247323170560,HTTP Data Sent,KB,min,448.42
42,1780553246323170560,1780553247323170560,HTTP Data Sent,KB,max,448.42
42,1780553246323170560,1780553247323170560,HTTP Data Sent,KB,sum,448.42
42,1780553246323170560,1780553247323170560,HTTP Data Sent,KB,p1,448.42
42,1780553246323170560,1780553247323170560,HTTP Data Sent,KB,p5,448.42
42,1780553246323170560,1780553247323170560,HTTP Data Sent,KB,p10,448.42
42,1780553246323170560,1780553247323170560,HTTP Data Sent,KB,p25,448.42
42,1780553246323170560,1780553247323170560,HTTP Data Sent,KB,p50,448.42
42,1780553246323170560,1780553247323170560,HTTP Data Sent,KB,p75,448.42
42,1780553246323170560,1780553247323170560,HTTP Data Sent,KB,p90,448.42
42,1780553246323170560,1780553247323170560,HTTP Data Sent,KB,p95,448.42
42,1780553246323170560,1780553247323170560,HTTP Data Sent,KB,p99,448.42
42,1780553246323170560,1780553247323170560,HTTP Data Sent,KB,std,0.00
42,1780553246323170560,1780553247323170560,HTTP DNS Lookup,ms,avg,0.00
42,1780553246323170560,1780553247323170560,HTTP DNS Lookup,ms,min,0.00
42,1780553246323170560,1780553247323170560,HTTP DNS Lookup,ms,max,0.00
42,1780553246323170560,1780553247323170560,HTTP DNS Lookup,ms,sum,0.00
42,1780553246323170560,1780553247323170560,HTTP DNS Lookup,ms,p1,0.00
42,1780553246323170560,1780553247323170560,HTTP DNS Lookup,ms,p5,0.00
42,1780553246323170560,1780553247323170560,HTTP DNS Lookup,ms,p10,0.00
42,1780553246323170560,1780553247323170560,HTTP DNS Lookup,ms,p25,0.00
42,1780553246323170560,1780553247323170560,HTTP DNS Lookup,ms,p50,0.00
42,1780553246323170560,1780553247323170560,HTTP DNS Lookup,ms,p75,0.00
42,1780553246323170560,1780553247323170560,HTTP DNS Lookup,ms,p90,0.00
42,1780553246323170560,1780553247323170560,HTTP DNS Lookup,ms,p95,0.00
42,1780553246323170560,1780553247323170560,HTTP DNS Lookup,ms,p99,0.00
42,1780553246323170560,1780553247323170560,HTTP DNS Lookup,ms,std,0.00
42,1780553246323170560,1780553247323170560,HTTP Duration (excl. conn),ms,avg,147020.30
42,1780553246323170560,1780553247323170560,HTTP Duration (excl. conn),ms,min,147020.30
42,1780553246323170560,1780553247323170560,HTTP Duration (excl. conn),ms,max,147020.30
42,1780553246323170560,1780553247323170560,HTTP Duration (excl. conn),ms,sum,147020.30
42,1780553246323170560,1780553247323170560,HTTP Duration (excl. conn),ms,p1,147020.30
42,1780553246323170560,1780553247323170560,HTTP Duration (excl. conn),ms,p5,147020.30
42,1780553246323170560,1780553247323170560,HTTP Duration (excl. conn),ms,p10,147020.30
42,1780553246323170560,1780553247323170560,HTTP Duration (excl. conn),ms,p25,147020.30
42,1780553246323170560,1780553247323170560,HTTP Duration (excl. conn),ms,p50,147020.30
42,1780553246323170560,1780553247323170560,HTTP Duration (excl. conn),ms,p75,147020.30
42,1780553246323170560,1780553247323170560,HTTP Duration (excl. conn),ms,p90,147020.30
42,1780553246323170560,1780553247323170560,HTTP Duration (excl. conn),ms,p95,147020.30
42,1780553246323170560,1780553247323170560,HTTP Duration (excl. conn),ms,p99,147020.30
42,1780553246323170560,1780553247323170560,HTTP Duration (excl. conn),ms,std,0.00
42,1780553246323170560,1780553247323170560,HTTP Receiving,ms,avg,38894.45
42,1780553246323170560,1780553247323170560,HTTP Receiving,ms,min,38894.45
42,1780553246323170560,1780553247323170560,HTTP Receiving,ms,max,38894.45
42,1780553246323170560,1780553247323170560,HTTP Receiving,ms,sum,38894.45
42,1780553246323170560,1780553247323170560,HTTP Receiving,ms,p1,38894.45
42,1780553246323170560,1780553247323170560,HTTP Receiving,ms,p5,38894.45
42,1780553246323170560,1780553247323170560,HTTP Receiving,ms,p10,38894.45
42,1780553246323170560,1780553247323170560,HTTP Receiving,ms,p25,38894.45
42,1780553246323170560,1780553247323170560,HTTP Receiving,ms,p50,38894.45
42,1780553246323170560,1780553247323170560,HTTP Receiving,ms,p75,38894.45
42,1780553246323170560,1780553247323170560,HTTP Receiving,ms,p90,38894.45
42,1780553246323170560,1780553247323170560,HTTP Receiving,ms,p95,38894.45
42,1780553246323170560,1780553247323170560,HTTP Receiving,ms,p99,38894.45
42,1780553246323170560,1780553247323170560,HTTP Receiving,ms,std,0.00
42,1780553246323170560,1780553247323170560,HTTP Sending,ms,avg,0.96
42,1780553246323170560,1780553247323170560,HTTP Sending,ms,min,0.96
42,1780553246323170560,1780553247323170560,HTTP Sending,ms,max,0.96
42,1780553246323170560,1780553247323170560,HTTP Sending,ms,sum,0.96
42,1780553246323170560,1780553247323170560,HTTP Sending,ms,p1,0.96
42,1780553246323170560,1780553247323170560,HTTP Sending,ms,p5,0.96
42,1780553246323170560,1780553247323170560,HTTP Sending,ms,p10,0.96
42,1780553246323170560,1780553247323170560,HTTP Sending,ms,p25,0.96
42,1780553246323170560,1780553247323170560,HTTP Sending,ms,p50,0.96
42,1780553246323170560,1780553247323170560,HTTP Sending,ms,p75,0.96
42,1780553246323170560,1780553247323170560,HTTP Sending,ms,p90,0.96
42,1780553246323170560,1780553247323170560,HTTP Sending,ms,p95,0.96
42,1780553246323170560,1780553247323170560,HTTP Sending,ms,p99,0.96
42,1780553246323170560,1780553247323170560,HTTP Sending,ms,std,0.00
42,1780553246323170560,1780553247323170560,HTTP Total Time,ms,avg,147020.97
42,1780553246323170560,1780553247323170560,HTTP Total Time,ms,min,147020.97
42,1780553246323170560,1780553247323170560,HTTP Total Time,ms,max,147020.97
42,1780553246323170560,1780553247323170560,HTTP Total Time,ms,sum,147020.97
42,1780553246323170560,1780553247323170560,HTTP Total Time,ms,p1,147020.97
42,1780553246323170560,1780553247323170560,HTTP Total Time,ms,p5,147020.97
42,1780553246323170560,1780553247323170560,HTTP Total Time,ms,p10,147020.97
42,1780553246323170560,1780553247323170560,HTTP Total Time,ms,p25,147020.97
42,1780553246323170560,1780553247323170560,HTTP Total Time,ms,p50,147020.97
42,1780553246323170560,1780553247323170560,HTTP Total Time,ms,p75,147020.97
42,1780553246323170560,1780553247323170560,HTTP Total Time,ms,p90,147020.97
42,1780553246323170560,1780553247323170560,HTTP Total Time,ms,p95,147020.97
42,1780553246323170560,1780553247323170560,HTTP Total Time,ms,p99,147020.97
42,1780553246323170560,1780553247323170560,HTTP Total Time,ms,std,0.00
42,1780553246323170560,1780553247323170560,HTTP Waiting (TTFB),ms,avg,108124.89
42,1780553246323170560,1780553247323170560,HTTP Waiting (TTFB),ms,min,108124.89
42,1780553246323170560,1780553247323170560,HTTP Waiting (TTFB),ms,max,108124.89
42,1780553246323170560,1780553247323170560,HTTP Waiting (TTFB),ms,sum,108124.89
42,1780553246323170560,1780553247323170560,HTTP Waiting (TTFB),ms,p1,108124.89
42,1780553246323170560,1780553247323170560,HTTP Waiting (TTFB),ms,p5,108124.89
42,1780553246323170560,1780553247323170560,HTTP Waiting (TTFB),ms,p10,108124.89
42,1780553246323170560,1780553247323170560,HTTP Waiting (TTFB),ms,p25,108124.89
42,1780553246323170560,1780553247323170560,HTTP Waiting (TTFB),ms,p50,108124.89
42,1780553246323170560,1780553247323170560,HTTP Waiting (TTFB),ms,p75,108124.89
42,1780553246323170560,1780553247323170560,HTTP Waiting (TTFB),ms,p90,108124.89
42,1780553246323170560,1780553247323170560,HTTP Waiting (TTFB),ms,p95,108124.89
42,1780553246323170560,1780553247323170560,HTTP Waiting (TTFB),ms,p99,108124.89
42,1780553246323170560,1780553247323170560,HTTP Waiting (TTFB),ms,std,0.00
42,1780553246323170560,1780553247323170560,Input Sequence Length,tokens,avg,114579.00
42,1780553246323170560,1780553247323170560,Input Sequence Length,tokens,min,114579.00
42,1780553246323170560,1780553247323170560,Input Sequence Length,tokens,max,114579.00
42,1780553246323170560,1780553247323170560,Input Sequence Length,tokens,sum,114579.00
42,1780553246323170560,1780553247323170560,Input Sequence Length,tokens,p1,114579.00
42,1780553246323170560,1780553247323170560,Input Sequence Length,tokens,p5,114579.00
42,1780553246323170560,1780553247323170560,Input Sequence Length,tokens,p10,114579.00
42,1780553246323170560,1780553247323170560,Input Sequence Length,tokens,p25,114579.00
42,1780553246323170560,1780553247323170560,Input Sequence Length,tokens,p50,114579.00
42,1780553246323170560,1780553247323170560,Input Sequence Length,tokens,p75,114579.00
42,1780553246323170560,1780553247323170560,Input Sequence Length,tokens,p90,114579.00
42,1780553246323170560,1780553247323170560,Input Sequence Length,tokens,p95,114579.00
42,1780553246323170560,1780553247323170560,Input Sequence Length,tokens,p99,114579.00
42,1780553246323170560,1780553247323170560,Input Sequence Length,tokens,std,0.00
42,1780553246323170560,1780553247323170560,Input Token Throughput,tokens/sec,avg,114579.00
42,1780553246323170560,1780553247323170560,Inter Chunk Latency,ms,avg,64.87
42,1780553246323170560,1780553247323170560,Inter Chunk Latency,ms,min,64.85
42,1780553246323170560,1780553247323170560,Inter Chunk Latency,ms,max,64.88
42,1780553246323170560,1780553247323170560,Inter Chunk Latency,ms,sum,17384.27
42,1780553246323170560,1780553247323170560,Inter Chunk Latency,ms,p1,64.85
42,1780553246323170560,1780553247323170560,Inter Chunk Latency,ms,p5,64.85
42,1780553246323170560,1780553247323170560,Inter Chunk Latency,ms,p10,64.85
42,1780553246323170560,1780553247323170560,Inter Chunk Latency,ms,p25,64.86
42,1780553246323170560,1780553247323170560,Inter Chunk Latency,ms,p50,64.87
42,1780553246323170560,1780553247323170560,Inter Chunk Latency,ms,p75,64.87
42,1780553246323170560,1780553247323170560,Inter Chunk Latency,ms,p90,64.88
42,1780553246323170560,1780553247323170560,Inter Chunk Latency,ms,p95,64.88
42,1780553246323170560,1780553247323170560,Inter Chunk Latency,ms,p99,64.88
42,1780553246323170560,1780553247323170560,Inter Chunk Latency,ms,std,0.01
42,1780553246323170560,1780553247323170560,Inter Token Latency,ms,avg,145.13
42,1780553246323170560,1780553247323170560,Inter Token Latency,ms,min,145.13
42,1780553246323170560,1780553247323170560,Inter Token Latency,ms,max,145.13
42,1780553246323170560,1780553247323170560,Inter Token Latency,ms,sum,145.13
42,1780553246323170560,1780553247323170560,Inter Token Latency,ms,p1,145.13
42,1780553246323170560,1780553247323170560,Inter Token Latency,ms,p5,145.13
42,1780553246323170560,1780553247323170560,Inter Token Latency,ms,p10,145.13
42,1780553246323170560,1780553247323170560,Inter Token Latency,ms,p25,145.13
42,1780553246323170560,1780553247323170560,Inter Token Latency,ms,p50,145.13
42,1780553246323170560,1780553247323170560,Inter Token Latency,ms,p75,145.13
42,1780553246323170560,1780553247323170560,Inter Token Latency,ms,p90,145.13
42,1780553246323170560,1780553247323170560,Inter Token Latency,ms,p95,145.13
42,1780553246323170560,1780553247323170560,Inter Token Latency,ms,p99,145.13
42,1780553246323170560,1780553247323170560,Inter Token Latency,ms,std,0.00
42,1780553246323170560,1780553247323170560,Maximum Response Timestamp,ns,avg,1780553393963892224.00
42,1780553246323170560,1780553247323170560,Minimum Request Timestamp,ns,avg,1780553246943476736.00
42,1780553246323170560,1780553247323170560,OSL Mismatch Count,requests,avg,0.00
42,1780553246323170560,1780553247323170560,OSL Mismatch Diff %,%,avg,0.00
42,1780553246323170560,1780553247323170560,OSL Mismatch Diff %,%,min,0.00
42,1780553246323170560,1780553247323170560,OSL Mismatch Diff %,%,max,0.00
42,1780553246323170560,1780553247323170560,OSL Mismatch Diff %,%,sum,0.00
42,1780553246323170560,1780553247323170560,OSL Mismatch Diff %,%,p1,0.00
42,1780553246323170560,1780553247323170560,OSL Mismatch Diff %,%,p5,0.00
42,1780553246323170560,1780553247323170560,OSL Mismatch Diff %,%,p10,0.00
42,1780553246323170560,1780553247323170560,OSL Mismatch Diff %,%,p25,0.00
42,1780553246323170560,1780553247323170560,OSL Mismatch Diff %,%,p50,0.00
42,1780553246323170560,1780553247323170560,OSL Mismatch Diff %,%,p75,0.00
42,1780553246323170560,1780553247323170560,OSL Mismatch Diff %,%,p90,0.00
42,1780553246323170560,1780553247323170560,OSL Mismatch Diff %,%,p95,0.00
42,1780553246323170560,1780553247323170560,OSL Mismatch Diff %,%,p99,0.00
42,1780553246323170560,1780553247323170560,OSL Mismatch Diff %,%,std,0.00
42,1780553246323170560,1780553247323170560,Output Sequence Length,tokens,avg,269.00
42,1780553246323170560,1780553247323170560,Output Sequence Length,tokens,min,269.00
42,1780553246323170560,1780553247323170560,Output Sequence Length,tokens,max,269.00
42,1780553246323170560,1780553247323170560,Output Sequence Length,tokens,sum,269.00
42,1780553246323170560,1780553247323170560,Output Sequence Length,tokens,p1,269.00
42,1780553246323170560,1780553247323170560,Output Sequence Length,tokens,p5,269.00
42,1780553246323170560,1780553247323170560,Output Sequence Length,tokens,p10,269.00
42,1780553246323170560,1780553247323170560,Output Sequence Length,tokens,p25,269.00
42,1780553246323170560,1780553247323170560,Output Sequence Length,tokens,p50,269.00
42,1780553246323170560,1780553247323170560,Output Sequence Length,tokens,p75,269.00
42,1780553246323170560,1780553247323170560,Output Sequence Length,tokens,p90,269.00
42,1780553246323170560,1780553247323170560,Output Sequence Length,tokens,p95,269.00
42,1780553246323170560,1780553247323170560,Output Sequence Length,tokens,p99,269.00
42,1780553246323170560,1780553247323170560,Output Sequence Length,tokens,std,0.00
42,1780553246323170560,1780553247323170560,Output Token Count,tokens,avg,269.00
42,1780553246323170560,1780553247323170560,Output Token Count,tokens,min,269.00
42,1780553246323170560,1780553247323170560,Output Token Count,tokens,max,269.00
42,1780553246323170560,1780553247323170560,Output Token Count,tokens,sum,269.00
42,1780553246323170560,1780553247323170560,Output Token Count,tokens,p1,269.00
42,1780553246323170560,1780553247323170560,Output Token Count,tokens,p5,269.00
42,1780553246323170560,1780553247323170560,Output Token Count,tokens,p10,269.00
42,1780553246323170560,1780553247323170560,Output Token Count,tokens,p25,269.00
42,1780553246323170560,1780553247323170560,Output Token Count,tokens,p50,269.00
42,1780553246323170560,1780553247323170560,Output Token Count,tokens,p75,269.00
42,1780553246323170560,1780553247323170560,Output Token Count,tokens,p90,269.00
42,1780553246323170560,1780553247323170560,Output Token Count,tokens,p95,269.00
42,1780553246323170560,1780553247323170560,Output Token Count,tokens,p99,269.00
42,1780553246323170560,1780553247323170560,Output Token Count,tokens,std,0.00
42,1780553246323170560,1780553247323170560,Output Token Throughput,tokens/sec,avg,269.00
42,1780553246323170560,1780553247323170560,Output Token Throughput Per User,tokens/sec/user,avg,6.89
42,1780553246323170560,1780553247323170560,Output Token Throughput Per User,tokens/sec/user,min,6.89
42,1780553246323170560,1780553247323170560,Output Token Throughput Per User,tokens/sec/user,max,6.89
42,1780553246323170560,1780553247323170560,Output Token Throughput Per User,tokens/sec/user,sum,6.89
42,1780553246323170560,1780553247323170560,Output Token Throughput Per User,tokens/sec/user,p1,6.89
42,1780553246323170560,1780553247323170560,Output Token Throughput Per User,tokens/sec/user,p5,6.89
42,1780553246323170560,1780553247323170560,Output Token Throughput Per User,tokens/sec/user,p10,6.89
42,1780553246323170560,1780553247323170560,Output Token Throughput Per User,tokens/sec/user,p25,6.89
42,1780553246323170560,1780553247323170560,Output Token Throughput Per User,tokens/sec/user,p50,6.89
42,1780553246323170560,1780553247323170560,Output Token Throughput Per User,tokens/sec/user,p75,6.89
42,1780553246323170560,1780553247323170560,Output Token Throughput Per User,tokens/sec/user,p90,6.89
42,1780553246323170560,1780553247323170560,Output Token Throughput Per User,tokens/sec/user,p95,6.89
42,1780553246323170560,1780553247323170560,Output Token Throughput Per User,tokens/sec/user,p99,6.89
42,1780553246323170560,1780553247323170560,Output Token Throughput Per User,tokens/sec/user,std,0.00
42,1780553246323170560,1780553247323170560,Prefill Throughput Per User,tokens/sec/user,avg,1059.68
42,1780553246323170560,1780553247323170560,Prefill Throughput Per User,tokens/sec/user,min,1059.68
42,1780553246323170560,1780553247323170560,Prefill Throughput Per User,tokens/sec/user,max,1059.68
42,1780553246323170560,1780553247323170560,Prefill Throughput Per User,tokens/sec/user,sum,1059.68
42,1780553246323170560,1780553247323170560,Prefill Throughput Per User,tokens/sec/user,p1,1059.68
42,1780553246323170560,1780553247323170560,Prefill Throughput Per User,tokens/sec/user,p5,1059.68
42,1780553246323170560,1780553247323170560,Prefill Throughput Per User,tokens/sec/user,p10,1059.68
42,1780553246323170560,1780553247323170560,Prefill Throughput Per User,tokens/sec/user,p25,1059.68
42,1780553246323170560,1780553247323170560,Prefill Throughput Per User,tokens/sec/user,p50,1059.68
42,1780553246323170560,1780553247323170560,Prefill Throughput Per User,tokens/sec/user,p75,1059.68
42,1780553246323170560,1780553247323170560,Prefill Throughput Per User,tokens/sec/user,p90,1059.68
42,1780553246323170560,1780553247323170560,Prefill Throughput Per User,tokens/sec/user,p95,1059.68
42,1780553246323170560,1780553247323170560,Prefill Throughput Per User,tokens/sec/user,p99,1059.68
42,1780553246323170560,1780553247323170560,Prefill Throughput Per User,tokens/sec/user,std,0.00
42,1780553246323170560,1780553247323170560,Request Count,requests,avg,1.00
42,1780553246323170560,1780553247323170560,Request Latency,ms,avg,147020.42
42,1780553246323170560,1780553247323170560,Request Latency,ms,min,147020.42
42,1780553246323170560,1780553247323170560,Request Latency,ms,max,147020.42
42,1780553246323170560,1780553247323170560,Request Latency,ms,sum,147020.42
42,1780553246323170560,1780553247323170560,Request Latency,ms,p1,147020.42
42,1780553246323170560,1780553247323170560,Request Latency,ms,p5,147020.42
42,1780553246323170560,1780553247323170560,Request Latency,ms,p10,147020.42
42,1780553246323170560,1780553247323170560,Request Latency,ms,p25,147020.42
42,1780553246323170560,1780553247323170560,Request Latency,ms,p50,147020.42
42,1780553246323170560,1780553247323170560,Request Latency,ms,p75,147020.42
42,1780553246323170560,1780553247323170560,Request Latency,ms,p90,147020.42
42,1780553246323170560,1780553247323170560,Request Latency,ms,p95,147020.42
42,1780553246323170560,1780553247323170560,Request Latency,ms,p99,147020.42
42,1780553246323170560,1780553247323170560,Request Latency,ms,std,0.00
42,1780553246323170560,1780553247323170560,Request Throughput,requests/sec,avg,1.00
42,1780553246323170560,1780553247323170560,Requested OSL,tokens,avg,269.00
42,1780553246323170560,1780553247323170560,Requested OSL,tokens,min,269.00
42,1780553246323170560,1780553247323170560,Requested OSL,tokens,max,269.00
42,1780553246323170560,1780553247323170560,Requested OSL,tokens,sum,269.00
42,1780553246323170560,1780553247323170560,Requested OSL,tokens,p1,269.00
42,1780553246323170560,1780553247323170560,Requested OSL,tokens,p5,269.00
42,1780553246323170560,1780553247323170560,Requested OSL,tokens,p10,269.00
42,1780553246323170560,1780553247323170560,Requested OSL,tokens,p25,269.00
42,1780553246323170560,1780553247323170560,Requested OSL,tokens,p50,269.00
42,1780553246323170560,1780553247323170560,Requested OSL,tokens,p75,269.00
42,1780553246323170560,1780553247323170560,Requested OSL,tokens,p90,269.00
42,1780553246323170560,1780553247323170560,Requested OSL,tokens,p95,269.00
42,1780553246323170560,1780553247323170560,Requested OSL,tokens,p99,269.00
42,1780553246323170560,1780553247323170560,Requested OSL,tokens,std,0.00
42,1780553246323170560,1780553247323170560,Time to First Output Token,ms,avg,108126.00
42,1780553246323170560,1780553247323170560,Time to First Output Token,ms,min,108126.00
42,1780553246323170560,1780553247323170560,Time to First Output Token,ms,max,108126.00
42,1780553246323170560,1780553247323170560,Time to First Output Token,ms,sum,108126.00
42,1780553246323170560,1780553247323170560,Time to First Output Token,ms,p1,108126.00
42,1780553246323170560,1780553247323170560,Time to First Output Token,ms,p5,108126.00
42,1780553246323170560,1780553247323170560,Time to First Output Token,ms,p10,108126.00
42,1780553246323170560,1780553247323170560,Time to First Output Token,ms,p25,108126.00
42,1780553246323170560,1780553247323170560,Time to First Output Token,ms,p50,108126.00
42,1780553246323170560,1780553247323170560,Time to First Output Token,ms,p75,108126.00
42,1780553246323170560,1780553247323170560,Time to First Output Token,ms,p90,108126.00
42,1780553246323170560,1780553247323170560,Time to First Output Token,ms,p95,108126.00
42,1780553246323170560,1780553247323170560,Time to First Output Token,ms,p99,108126.00
42,1780553246323170560,1780553247323170560,Time to First Output Token,ms,std,0.00
42,1780553246323170560,1780553247323170560,Time to First Token,ms,avg,108126.00
42,1780553246323170560,1780553247323170560,Time to First Token,ms,min,108126.00
42,1780553246323170560,1780553247323170560,Time to First Token,ms,max,108126.00
42,1780553246323170560,1780553247323170560,Time to First Token,ms,sum,108126.00
42,1780553246323170560,1780553247323170560,Time to First Token,ms,p1,108126.00
42,1780553246323170560,1780553247323170560,Time to First Token,ms,p5,108126.00
42,1780553246323170560,1780553247323170560,Time to First Token,ms,p10,108126.00
42,1780553246323170560,1780553247323170560,Time to First Token,ms,p25,108126.00
42,1780553246323170560,1780553247323170560,Time to First Token,ms,p50,108126.00
42,1780553246323170560,1780553247323170560,Time to First Token,ms,p75,108126.00
42,1780553246323170560,1780553247323170560,Time to First Token,ms,p90,108126.00
42,1780553246323170560,1780553247323170560,Time to First Token,ms,p95,108126.00
42,1780553246323170560,1780553247323170560,Time to First Token,ms,p99,108126.00
42,1780553246323170560,1780553247323170560,Time to First Token,ms,std,0.00
42,1780553246323170560,1780553247323170560,Time to Second Token,ms,avg,219.41
42,1780553246323170560,1780553247323170560,Time to Second Token,ms,min,219.41
42,1780553246323170560,1780553247323170560,Time to Second Token,ms,max,219.41
42,1780553246323170560,1780553247323170560,Time to Second Token,ms,sum,219.41
42,1780553246323170560,1780553247323170560,Time to Second Token,ms,p1,219.41
42,1780553246323170560,1780553247323170560,Time to Second Token,ms,p5,219.41
42,1780553246323170560,1780553247323170560,Time to Second Token,ms,p10,219.41
42,1780553246323170560,1780553247323170560,Time to Second Token,ms,p25,219.41
42,1780553246323170560,1780553247323170560,Time to Second Token,ms,p50,219.41
42,1780553246323170560,1780553247323170560,Time to Second Token,ms,p75,219.41
42,1780553246323170560,1780553247323170560,Time to Second Token,ms,p90,219.41
42,1780553246323170560,1780553247323170560,Time to Second Token,ms,p95,219.41
42,1780553246323170560,1780553247323170560,Time to Second Token,ms,p99,219.41
42,1780553246323170560,1780553247323170560,Time to Second Token,ms,std,0.00
42,1780553246323170560,1780553247323170560,Tokens In Flight,tokens,avg,1609307.67
42,1780553246323170560,1780553247323170560,Tokens In Flight,tokens,min,1565783.54
42,1780553246323170560,1780553247323170560,Tokens In Flight,tokens,max,1680401.26
42,1780553246323170560,1780553247323170560,Tokens In Flight,tokens,p50,1565802.61
42,1780553246323170560,1780553247323170560,Tokens In Flight,tokens,p90,1680397.09
42,1780553246323170560,1780553247323170560,Tokens In Flight,tokens,p95,1680399.68
42,1780553246323170560,1780553247323170560,Tokens In Flight,tokens,p99,1680401.26
42,1780553246323170560,1780553247323170560,Tokens In Flight,tokens,std,55616.02
42,1780553246323170560,1780553247323170560,Total Input Sequence Length,tokens,avg,114579.00
42,1780553246323170560,1780553247323170560,Total Output Sequence Length,tokens,avg,269.00
42,1780553246323170560,1780553247323170560,Total Output Tokens,tokens,avg,269.00
42,1780553246323170560,1780553247323170560,Total Token Throughput,tokens/sec,avg,114848.00
42,1780553246323170560,1780553247323170560,Total Usage Completion Tokens,tokens,avg,269.00
42,1780553246323170560,1780553247323170560,Total Usage Prompt Tokens,tokens,avg,114579.00
42,1780553246323170560,1780553247323170560,Total Usage Total Tokens,tokens,avg,114848.00
42,1780553246323170560,1780553247323170560,Usage Completion Tokens,tokens,avg,269.00
42,1780553246323170560,1780553247323170560,Usage Completion Tokens,tokens,min,269.00
42,1780553246323170560,1780553247323170560,Usage Completion Tokens,tokens,max,269.00
42,1780553246323170560,1780553247323170560,Usage Completion Tokens,tokens,sum,269.00
42,1780553246323170560,1780553247323170560,Usage Completion Tokens,tokens,p1,269.00
42,1780553246323170560,1780553247323170560,Usage Completion Tokens,tokens,p5,269.00
42,1780553246323170560,1780553247323170560,Usage Completion Tokens,tokens,p10,269.00
42,1780553246323170560,1780553247323170560,Usage Completion Tokens,tokens,p25,269.00
42,1780553246323170560,1780553247323170560,Usage Completion Tokens,tokens,p50,269.00
42,1780553246323170560,1780553247323170560,Usage Completion Tokens,tokens,p75,269.00
42,1780553246323170560,1780553247323170560,Usage Completion Tokens,tokens,p90,269.00
42,1780553246323170560,1780553247323170560,Usage Completion Tokens,tokens,p95,269.00
42,1780553246323170560,1780553247323170560,Usage Completion Tokens,tokens,p99,269.00
42,1780553246323170560,1780553247323170560,Usage Completion Tokens,tokens,std,0.00
42,1780553246323170560,1780553247323170560,Usage Prompt Tokens,tokens,avg,114579.00
42,1780553246323170560,1780553247323170560,Usage Prompt Tokens,tokens,min,114579.00
42,1780553246323170560,1780553247323170560,Usage Prompt Tokens,tokens,max,114579.00
42,1780553246323170560,1780553247323170560,Usage Prompt Tokens,tokens,sum,114579.00
42,1780553246323170560,1780553247323170560,Usage Prompt Tokens,tokens,p1,114579.00
42,1780553246323170560,1780553247323170560,Usage Prompt Tokens,tokens,p5,114579.00
42,1780553246323170560,1780553247323170560,Usage Prompt Tokens,tokens,p10,114579.00
42,1780553246323170560,1780553247323170560,Usage Prompt Tokens,tokens,p25,114579.00
42,1780553246323170560,1780553247323170560,Usage Prompt Tokens,tokens,p50,114579.00
42,1780553246323170560,1780553247323170560,Usage Prompt Tokens,tokens,p75,114579.00
42,1780553246323170560,1780553247323170560,Usage Prompt Tokens,tokens,p90,114579.00
42,1780553246323170560,1780553247323170560,Usage Prompt Tokens,tokens,p95,114579.00
42,1780553246323170560,1780553247323170560,Usage Prompt Tokens,tokens,p99,114579.00
42,1780553246323170560,1780553247323170560,Usage Prompt Tokens,tokens,std,0.00
42,1780553246323170560,1780553247323170560,Usage Total Tokens,tokens,avg,114848.00
42,1780553246323170560,1780553247323170560,Usage Total Tokens,tokens,min,114848.00
42,1780553246323170560,1780553247323170560,Usage Total Tokens,tokens,max,114848.00
42,1780553246323170560,1780553247323170560,Usage Total Tokens,tokens,sum,114848.00
42,1780553246323170560,1780553247323170560,Usage Total Tokens,tokens,p1,114848.00
42,1780553246323170560,1780553247323170560,Usage Total Tokens,tokens,p5,114848.00
42,1780553246323170560,1780553247323170560,Usage Total Tokens,tokens,p10,114848.00
42,1780553246323170560,1780553247323170560,Usage Total Tokens,tokens,p25,114848.00
42,1780553246323170560,1780553247323170560,Usage Total Tokens,tokens,p50,114848.00
42,1780553246323170560,1780553247323170560,Usage Total Tokens,tokens,p75,114848.00
42,1780553246323170560,1780553247323170560,Usage Total Tokens,tokens,p90,114848.00
42,1780553246323170560,1780553247323170560,Usage Total Tokens,tokens,p95,114848.00
42,1780553246323170560,1780553247323170560,Usage Total Tokens,tokens,p99,114848.00
42,1780553246323170560,1780553247323170560,Usage Total Tokens,tokens,std,0.00
43,1780553254323170560,1780553255323170560,Active Decode Throughput,tokens/sec,avg,39.56
43,1780553254323170560,1780553255323170560,Active Decode Throughput,tokens/sec,min,15.58
43,1780553254323170560,1780553255323170560,Active Decode Throughput,tokens/sec,max,63.54
43,1780553254323170560,1780553255323170560,Active Decode Throughput,tokens/sec,p50,39.56
43,1780553254323170560,1780553255323170560,Active Decode Throughput,tokens/sec,p90,39.56
43,1780553254323170560,1780553255323170560,Active Decode Throughput,tokens/sec,p95,39.56
43,1780553254323170560,1780553255323170560,Active Decode Throughput,tokens/sec,p99,39.56
43,1780553254323170560,1780553255323170560,Active Decode Throughput,tokens/sec,std,0.03
43,1780553254323170560,1780553255323170560,Active Decode Throughput Per User,tokens/sec/user,avg,4.40
43,1780553254323170560,1780553255323170560,Active Decode Throughput Per User,tokens/sec/user,min,1.73
43,1780553254323170560,1780553255323170560,Active Decode Throughput Per User,tokens/sec/user,max,7.06
43,1780553254323170560,1780553255323170560,Active Decode Throughput Per User,tokens/sec/user,p50,4.40
43,1780553254323170560,1780553255323170560,Active Decode Throughput Per User,tokens/sec/user,p90,4.40
43,1780553254323170560,1780553255323170560,Active Decode Throughput Per User,tokens/sec/user,p95,4.40
43,1780553254323170560,1780553255323170560,Active Decode Throughput Per User,tokens/sec/user,p99,4.40
43,1780553254323170560,1780553255323170560,Active Decode Throughput Per User,tokens/sec/user,std,0.00
43,1780553254323170560,1780553255323170560,Active Prefill Throughput,tokens/sec,avg,6710.29
43,1780553254323170560,1780553255323170560,Active Prefill Throughput,tokens/sec,min,6698.30
43,1780553254323170560,1780553255323170560,Active Prefill Throughput,tokens/sec,max,7101.39
43,1780553254323170560,1780553255323170560,Active Prefill Throughput,tokens/sec,p50,6698.30
43,1780553254323170560,1780553255323170560,Active Prefill Throughput,tokens/sec,p90,6698.30
43,1780553254323170560,1780553255323170560,Active Prefill Throughput,tokens/sec,p95,6698.30
43,1780553254323170560,1780553255323170560,Active Prefill Throughput,tokens/sec,p99,7101.39
43,1780553254323170560,1780553255323170560,Active Prefill Throughput,tokens/sec,std,68.46
43,1780553254323170560,1780553255323170560,Active Prefill Throughput Per User,tokens/sec/user,avg,1113.35
43,1780553254323170560,1780553255323170560,Active Prefill Throughput Per User,tokens/sec/user,min,1014.48
43,1780553254323170560,1780553255323170560,Active Prefill Throughput Per User,tokens/sec/user,max,1116.38
43,1780553254323170560,1780553255323170560,Active Prefill Throughput Per User,tokens/sec/user,p50,1116.38
43,1780553254323170560,1780553255323170560,Active Prefill Throughput Per User,tokens/sec/user,p90,1116.38
43,1780553254323170560,1780553255323170560,Active Prefill Throughput Per User,tokens/sec/user,p95,1116.38
43,1780553254323170560,1780553255323170560,Active Prefill Throughput Per User,tokens/sec/user,p99,1116.38
43,1780553254323170560,1780553255323170560,Active Prefill Throughput Per User,tokens/sec/user,std,17.31
43,1780553254323170560,1780553255323170560,Active Total Throughput,tokens/sec,avg,6772.08
43,1780553254323170560,1780553255323170560,Active Total Throughput,tokens/sec,min,6760.10
43,1780553254323170560,1780553255323170560,Active Total Throughput,tokens/sec,max,7163.19
43,1780553254323170560,1780553255323170560,Active Total Throughput,tokens/sec,p50,6760.10
43,1780553254323170560,1780553255323170560,Active Total Throughput,tokens/sec,p90,6760.10
43,1780553254323170560,1780553255323170560,Active Total Throughput,tokens/sec,p95,6760.10
43,1780553254323170560,1780553255323170560,Active Total Throughput,tokens/sec,p99,7163.19
43,1780553254323170560,1780553255323170560,Active Total Throughput,tokens/sec,std,68.46
43,1780553254323170560,1780553255323170560,Benchmark Duration,sec,avg,365.66
43,1780553254323170560,1780553255323170560,E2E Output Token Throughput,tokens/sec/user,avg,3.56
43,1780553254323170560,1780553255323170560,E2E Output Token Throughput,tokens/sec/user,min,3.56
43,1780553254323170560,1780553255323170560,E2E Output Token Throughput,tokens/sec/user,max,3.56
43,1780553254323170560,1780553255323170560,E2E Output Token Throughput,tokens/sec/user,sum,3.56
43,1780553254323170560,1780553255323170560,E2E Output Token Throughput,tokens/sec/user,p1,3.56
43,1780553254323170560,1780553255323170560,E2E Output Token Throughput,tokens/sec/user,p5,3.56
43,1780553254323170560,1780553255323170560,E2E Output Token Throughput,tokens/sec/user,p10,3.56
43,1780553254323170560,1780553255323170560,E2E Output Token Throughput,tokens/sec/user,p25,3.56
43,1780553254323170560,1780553255323170560,E2E Output Token Throughput,tokens/sec/user,p50,3.56
43,1780553254323170560,1780553255323170560,E2E Output Token Throughput,tokens/sec/user,p75,3.56
43,1780553254323170560,1780553255323170560,E2E Output Token Throughput,tokens/sec/user,p90,3.56
43,1780553254323170560,1780553255323170560,E2E Output Token Throughput,tokens/sec/user,p95,3.56
43,1780553254323170560,1780553255323170560,E2E Output Token Throughput,tokens/sec/user,p99,3.56
43,1780553254323170560,1780553255323170560,E2E Output Token Throughput,tokens/sec/user,std,0.00
43,1780553254323170560,1780553255323170560,Effective Concurrency,requests,avg,15.03
43,1780553254323170560,1780553255323170560,Effective Concurrency,requests,min,15.00
43,1780553254323170560,1780553255323170560,Effective Concurrency,requests,max,16.00
43,1780553254323170560,1780553255323170560,Effective Concurrency,requests,p50,15.00
43,1780553254323170560,1780553255323170560,Effective Concurrency,requests,p90,15.00
43,1780553254323170560,1780553255323170560,Effective Concurrency,requests,p95,15.00
43,1780553254323170560,1780553255323170560,Effective Concurrency,requests,p99,16.00
43,1780553254323170560,1780553255323170560,Effective Concurrency,requests,std,0.17
43,1780553254323170560,1780553255323170560,Effective Decode Concurrency,requests,avg,9.00
43,1780553254323170560,1780553255323170560,Effective Decode Concurrency,requests,min,9.00
43,1780553254323170560,1780553255323170560,Effective Decode Concurrency,requests,max,9.00
43,1780553254323170560,1780553255323170560,Effective Decode Concurrency,requests,p50,9.00
43,1780553254323170560,1780553255323170560,Effective Decode Concurrency,requests,p90,9.00
43,1780553254323170560,1780553255323170560,Effective Decode Concurrency,requests,p95,9.00
43,1780553254323170560,1780553255323170560,Effective Decode Concurrency,requests,p99,9.00
43,1780553254323170560,1780553255323170560,Effective Decode Concurrency,requests,std,0.00
43,1780553254323170560,1780553255323170560,Effective Decode Throughput,tokens/sec,avg,39.56
43,1780553254323170560,1780553255323170560,Effective Decode Throughput,tokens/sec,min,15.58
43,1780553254323170560,1780553255323170560,Effective Decode Throughput,tokens/sec,max,63.54
43,1780553254323170560,1780553255323170560,Effective Decode Throughput,tokens/sec,p50,39.56
43,1780553254323170560,1780553255323170560,Effective Decode Throughput,tokens/sec,p90,39.56
43,1780553254323170560,1780553255323170560,Effective Decode Throughput,tokens/sec,p95,39.56
43,1780553254323170560,1780553255323170560,Effective Decode Throughput,tokens/sec,p99,39.56
43,1780553254323170560,1780553255323170560,Effective Decode Throughput,tokens/sec,std,0.03
43,1780553254323170560,1780553255323170560,Effective Decode Throughput Per User,tokens/sec/user,avg,4.40
43,1780553254323170560,1780553255323170560,Effective Decode Throughput Per User,tokens/sec/user,min,1.73
43,1780553254323170560,1780553255323170560,Effective Decode Throughput Per User,tokens/sec/user,max,7.06
43,1780553254323170560,1780553255323170560,Effective Decode Throughput Per User,tokens/sec/user,p50,4.40
43,1780553254323170560,1780553255323170560,Effective Decode Throughput Per User,tokens/sec/user,p90,4.40
43,1780553254323170560,1780553255323170560,Effective Decode Throughput Per User,tokens/sec/user,p95,4.40
43,1780553254323170560,1780553255323170560,Effective Decode Throughput Per User,tokens/sec/user,p99,4.40
43,1780553254323170560,1780553255323170560,Effective Decode Throughput Per User,tokens/sec/user,std,0.00
43,1780553254323170560,1780553255323170560,Effective Prefill Concurrency,requests,avg,6.03
43,1780553254323170560,1780553255323170560,Effective Prefill Concurrency,requests,min,6.00
43,1780553254323170560,1780553255323170560,Effective Prefill Concurrency,requests,max,7.00
43,1780553254323170560,1780553255323170560,Effective Prefill Concurrency,requests,p50,6.00
43,1780553254323170560,1780553255323170560,Effective Prefill Concurrency,requests,p90,6.00
43,1780553254323170560,1780553255323170560,Effective Prefill Concurrency,requests,p95,6.00
43,1780553254323170560,1780553255323170560,Effective Prefill Concurrency,requests,p99,7.00
43,1780553254323170560,1780553255323170560,Effective Prefill Concurrency,requests,std,0.17
43,1780553254323170560,1780553255323170560,Effective Prefill Throughput,tokens/sec,avg,6710.29
43,1780553254323170560,1780553255323170560,Effective Prefill Throughput,tokens/sec,min,6698.30
43,1780553254323170560,1780553255323170560,Effective Prefill Throughput,tokens/sec,max,7101.39
43,1780553254323170560,1780553255323170560,Effective Prefill Throughput,tokens/sec,p50,6698.30
43,1780553254323170560,1780553255323170560,Effective Prefill Throughput,tokens/sec,p90,6698.30
43,1780553254323170560,1780553255323170560,Effective Prefill Throughput,tokens/sec,p95,6698.30
43,1780553254323170560,1780553255323170560,Effective Prefill Throughput,tokens/sec,p99,7101.39
43,1780553254323170560,1780553255323170560,Effective Prefill Throughput,tokens/sec,std,68.46
43,1780553254323170560,1780553255323170560,Effective Prefill Throughput Per User,tokens/sec/user,avg,1113.35
43,1780553254323170560,1780553255323170560,Effective Prefill Throughput Per User,tokens/sec/user,min,1014.48
43,1780553254323170560,1780553255323170560,Effective Prefill Throughput Per User,tokens/sec/user,max,1116.38
43,1780553254323170560,1780553255323170560,Effective Prefill Throughput Per User,tokens/sec/user,p50,1116.38
43,1780553254323170560,1780553255323170560,Effective Prefill Throughput Per User,tokens/sec/user,p90,1116.38
43,1780553254323170560,1780553255323170560,Effective Prefill Throughput Per User,tokens/sec/user,p95,1116.38
43,1780553254323170560,1780553255323170560,Effective Prefill Throughput Per User,tokens/sec/user,p99,1116.38
43,1780553254323170560,1780553255323170560,Effective Prefill Throughput Per User,tokens/sec/user,std,17.31
43,1780553254323170560,1780553255323170560,Effective Total Throughput,tokens/sec,avg,6772.08
43,1780553254323170560,1780553255323170560,Effective Total Throughput,tokens/sec,min,6760.10
43,1780553254323170560,1780553255323170560,Effective Total Throughput,tokens/sec,max,7163.19
43,1780553254323170560,1780553255323170560,Effective Total Throughput,tokens/sec,p50,6760.10
43,1780553254323170560,1780553255323170560,Effective Total Throughput,tokens/sec,p90,6760.10
43,1780553254323170560,1780553255323170560,Effective Total Throughput,tokens/sec,p95,6760.10
43,1780553254323170560,1780553255323170560,Effective Total Throughput,tokens/sec,p99,7163.19
43,1780553254323170560,1780553255323170560,Effective Total Throughput,tokens/sec,std,68.46
43,1780553254323170560,1780553255323170560,HTTP Blocked,ms,avg,0.00
43,1780553254323170560,1780553255323170560,HTTP Blocked,ms,min,0.00
43,1780553254323170560,1780553255323170560,HTTP Blocked,ms,max,0.00
43,1780553254323170560,1780553255323170560,HTTP Blocked,ms,sum,0.00
43,1780553254323170560,1780553255323170560,HTTP Blocked,ms,p1,0.00
43,1780553254323170560,1780553255323170560,HTTP Blocked,ms,p5,0.00
43,1780553254323170560,1780553255323170560,HTTP Blocked,ms,p10,0.00
43,1780553254323170560,1780553255323170560,HTTP Blocked,ms,p25,0.00
43,1780553254323170560,1780553255323170560,HTTP Blocked,ms,p50,0.00
43,1780553254323170560,1780553255323170560,HTTP Blocked,ms,p75,0.00
43,1780553254323170560,1780553255323170560,HTTP Blocked,ms,p90,0.00
43,1780553254323170560,1780553255323170560,HTTP Blocked,ms,p95,0.00
43,1780553254323170560,1780553255323170560,HTTP Blocked,ms,p99,0.00
43,1780553254323170560,1780553255323170560,HTTP Blocked,ms,std,0.00
43,1780553254323170560,1780553255323170560,HTTP Chunks Received,count,avg,1302.00
43,1780553254323170560,1780553255323170560,HTTP Chunks Received,count,min,1302.00
43,1780553254323170560,1780553255323170560,HTTP Chunks Received,count,max,1302.00
43,1780553254323170560,1780553255323170560,HTTP Chunks Received,count,sum,1302.00
43,1780553254323170560,1780553255323170560,HTTP Chunks Received,count,p1,1302.00
43,1780553254323170560,1780553255323170560,HTTP Chunks Received,count,p5,1302.00
43,1780553254323170560,1780553255323170560,HTTP Chunks Received,count,p10,1302.00
43,1780553254323170560,1780553255323170560,HTTP Chunks Received,count,p25,1302.00
43,1780553254323170560,1780553255323170560,HTTP Chunks Received,count,p50,1302.00
43,1780553254323170560,1780553255323170560,HTTP Chunks Received,count,p75,1302.00
43,1780553254323170560,1780553255323170560,HTTP Chunks Received,count,p90,1302.00
43,1780553254323170560,1780553255323170560,HTTP Chunks Received,count,p95,1302.00
43,1780553254323170560,1780553255323170560,HTTP Chunks Received,count,p99,1302.00
43,1780553254323170560,1780553255323170560,HTTP Chunks Received,count,std,0.00
43,1780553254323170560,1780553255323170560,HTTP Chunks Sent,count,avg,1.00
43,1780553254323170560,1780553255323170560,HTTP Chunks Sent,count,min,1.00
43,1780553254323170560,1780553255323170560,HTTP Chunks Sent,count,max,1.00
43,1780553254323170560,1780553255323170560,HTTP Chunks Sent,count,sum,1.00
43,1780553254323170560,1780553255323170560,HTTP Chunks Sent,count,p1,1.00
43,1780553254323170560,1780553255323170560,HTTP Chunks Sent,count,p5,1.00
43,1780553254323170560,1780553255323170560,HTTP Chunks Sent,count,p10,1.00
43,1780553254323170560,1780553255323170560,HTTP Chunks Sent,count,p25,1.00
43,1780553254323170560,1780553255323170560,HTTP Chunks Sent,count,p50,1.00
43,1780553254323170560,1780553255323170560,HTTP Chunks Sent,count,p75,1.00
43,1780553254323170560,1780553255323170560,HTTP Chunks Sent,count,p90,1.00
43,1780553254323170560,1780553255323170560,HTTP Chunks Sent,count,p95,1.00
43,1780553254323170560,1780553255323170560,HTTP Chunks Sent,count,p99,1.00
43,1780553254323170560,1780553255323170560,HTTP Chunks Sent,count,std,0.00
43,1780553254323170560,1780553255323170560,HTTP Connecting,ms,avg,0.71
43,1780553254323170560,1780553255323170560,HTTP Connecting,ms,min,0.71
43,1780553254323170560,1780553255323170560,HTTP Connecting,ms,max,0.71
43,1780553254323170560,1780553255323170560,HTTP Connecting,ms,sum,0.71
43,1780553254323170560,1780553255323170560,HTTP Connecting,ms,p1,0.71
43,1780553254323170560,1780553255323170560,HTTP Connecting,ms,p5,0.71
43,1780553254323170560,1780553255323170560,HTTP Connecting,ms,p10,0.71
43,1780553254323170560,1780553255323170560,HTTP Connecting,ms,p25,0.71
43,1780553254323170560,1780553255323170560,HTTP Connecting,ms,p50,0.71
43,1780553254323170560,1780553255323170560,HTTP Connecting,ms,p75,0.71
43,1780553254323170560,1780553255323170560,HTTP Connecting,ms,p90,0.71
43,1780553254323170560,1780553255323170560,HTTP Connecting,ms,p95,0.71
43,1780553254323170560,1780553255323170560,HTTP Connecting,ms,p99,0.71
43,1780553254323170560,1780553255323170560,HTTP Connecting,ms,std,0.00
43,1780553254323170560,1780553255323170560,HTTP Connection Overhead,ms,avg,0.71
43,1780553254323170560,1780553255323170560,HTTP Connection Overhead,ms,min,0.71
43,1780553254323170560,1780553255323170560,HTTP Connection Overhead,ms,max,0.71
43,1780553254323170560,1780553255323170560,HTTP Connection Overhead,ms,sum,0.71
43,1780553254323170560,1780553255323170560,HTTP Connection Overhead,ms,p1,0.71
43,1780553254323170560,1780553255323170560,HTTP Connection Overhead,ms,p5,0.71
43,1780553254323170560,1780553255323170560,HTTP Connection Overhead,ms,p10,0.71
43,1780553254323170560,1780553255323170560,HTTP Connection Overhead,ms,p25,0.71
43,1780553254323170560,1780553255323170560,HTTP Connection Overhead,ms,p50,0.71
43,1780553254323170560,1780553255323170560,HTTP Connection Overhead,ms,p75,0.71
43,1780553254323170560,1780553255323170560,HTTP Connection Overhead,ms,p90,0.71
43,1780553254323170560,1780553255323170560,HTTP Connection Overhead,ms,p95,0.71
43,1780553254323170560,1780553255323170560,HTTP Connection Overhead,ms,p99,0.71
43,1780553254323170560,1780553255323170560,HTTP Connection Overhead,ms,std,0.00
43,1780553254323170560,1780553255323170560,HTTP Connection Reused,ratio,avg,0.00
43,1780553254323170560,1780553255323170560,HTTP Connection Reused,ratio,min,0.00
43,1780553254323170560,1780553255323170560,HTTP Connection Reused,ratio,max,0.00
43,1780553254323170560,1780553255323170560,HTTP Connection Reused,ratio,sum,0.00
43,1780553254323170560,1780553255323170560,HTTP Connection Reused,ratio,p1,0.00
43,1780553254323170560,1780553255323170560,HTTP Connection Reused,ratio,p5,0.00
43,1780553254323170560,1780553255323170560,HTTP Connection Reused,ratio,p10,0.00
43,1780553254323170560,1780553255323170560,HTTP Connection Reused,ratio,p25,0.00
43,1780553254323170560,1780553255323170560,HTTP Connection Reused,ratio,p50,0.00
43,1780553254323170560,1780553255323170560,HTTP Connection Reused,ratio,p75,0.00
43,1780553254323170560,1780553255323170560,HTTP Connection Reused,ratio,p90,0.00
43,1780553254323170560,1780553255323170560,HTTP Connection Reused,ratio,p95,0.00
43,1780553254323170560,1780553255323170560,HTTP Connection Reused,ratio,p99,0.00
43,1780553254323170560,1780553255323170560,HTTP Connection Reused,ratio,std,0.00
43,1780553254323170560,1780553255323170560,HTTP Data Received,KB,avg,325.03
43,1780553254323170560,1780553255323170560,HTTP Data Received,KB,min,325.03
43,1780553254323170560,1780553255323170560,HTTP Data Received,KB,max,325.03
43,1780553254323170560,1780553255323170560,HTTP Data Received,KB,sum,325.03
43,1780553254323170560,1780553255323170560,HTTP Data Received,KB,p1,325.03
43,1780553254323170560,1780553255323170560,HTTP Data Received,KB,p5,325.03
43,1780553254323170560,1780553255323170560,HTTP Data Received,KB,p10,325.03
43,1780553254323170560,1780553255323170560,HTTP Data Received,KB,p25,325.03
43,1780553254323170560,1780553255323170560,HTTP Data Received,KB,p50,325.03
43,1780553254323170560,1780553255323170560,HTTP Data Received,KB,p75,325.03
43,1780553254323170560,1780553255323170560,HTTP Data Received,KB,p90,325.03
43,1780553254323170560,1780553255323170560,HTTP Data Received,KB,p95,325.03
43,1780553254323170560,1780553255323170560,HTTP Data Received,KB,p99,325.03
43,1780553254323170560,1780553255323170560,HTTP Data Received,KB,std,0.00
43,1780553254323170560,1780553255323170560,HTTP Data Sent,KB,avg,160.40
43,1780553254323170560,1780553255323170560,HTTP Data Sent,KB,min,160.40
43,1780553254323170560,1780553255323170560,HTTP Data Sent,KB,max,160.40
43,1780553254323170560,1780553255323170560,HTTP Data Sent,KB,sum,160.40
43,1780553254323170560,1780553255323170560,HTTP Data Sent,KB,p1,160.40
43,1780553254323170560,1780553255323170560,HTTP Data Sent,KB,p5,160.40
43,1780553254323170560,1780553255323170560,HTTP Data Sent,KB,p10,160.40
43,1780553254323170560,1780553255323170560,HTTP Data Sent,KB,p25,160.40
43,1780553254323170560,1780553255323170560,HTTP Data Sent,KB,p50,160.40
43,1780553254323170560,1780553255323170560,HTTP Data Sent,KB,p75,160.40
43,1780553254323170560,1780553255323170560,HTTP Data Sent,KB,p90,160.40
43,1780553254323170560,1780553255323170560,HTTP Data Sent,KB,p95,160.40
43,1780553254323170560,1780553255323170560,HTTP Data Sent,KB,p99,160.40
43,1780553254323170560,1780553255323170560,HTTP Data Sent,KB,std,0.00
43,1780553254323170560,1780553255323170560,HTTP DNS Lookup,ms,avg,0.00
43,1780553254323170560,1780553255323170560,HTTP DNS Lookup,ms,min,0.00
43,1780553254323170560,1780553255323170560,HTTP DNS Lookup,ms,max,0.00
43,1780553254323170560,1780553255323170560,HTTP DNS Lookup,ms,sum,0.00
43,1780553254323170560,1780553255323170560,HTTP DNS Lookup,ms,p1,0.00
43,1780553254323170560,1780553255323170560,HTTP DNS Lookup,ms,p5,0.00
43,1780553254323170560,1780553255323170560,HTTP DNS Lookup,ms,p10,0.00
43,1780553254323170560,1780553255323170560,HTTP DNS Lookup,ms,p25,0.00
43,1780553254323170560,1780553255323170560,HTTP DNS Lookup,ms,p50,0.00
43,1780553254323170560,1780553255323170560,HTTP DNS Lookup,ms,p75,0.00
43,1780553254323170560,1780553255323170560,HTTP DNS Lookup,ms,p90,0.00
43,1780553254323170560,1780553255323170560,HTTP DNS Lookup,ms,p95,0.00
43,1780553254323170560,1780553255323170560,HTTP DNS Lookup,ms,p99,0.00
43,1780553254323170560,1780553255323170560,HTTP DNS Lookup,ms,std,0.00
43,1780553254323170560,1780553255323170560,HTTP Duration (excl. conn),ms,avg,365663.12
43,1780553254323170560,1780553255323170560,HTTP Duration (excl. conn),ms,min,365663.12
43,1780553254323170560,1780553255323170560,HTTP Duration (excl. conn),ms,max,365663.12
43,1780553254323170560,1780553255323170560,HTTP Duration (excl. conn),ms,sum,365663.12
43,1780553254323170560,1780553255323170560,HTTP Duration (excl. conn),ms,p1,365663.12
43,1780553254323170560,1780553255323170560,HTTP Duration (excl. conn),ms,p5,365663.12
43,1780553254323170560,1780553255323170560,HTTP Duration (excl. conn),ms,p10,365663.12
43,1780553254323170560,1780553255323170560,HTTP Duration (excl. conn),ms,p25,365663.12
43,1780553254323170560,1780553255323170560,HTTP Duration (excl. conn),ms,p50,365663.12
43,1780553254323170560,1780553255323170560,HTTP Duration (excl. conn),ms,p75,365663.12
43,1780553254323170560,1780553255323170560,HTTP Duration (excl. conn),ms,p90,365663.12
43,1780553254323170560,1780553255323170560,HTTP Duration (excl. conn),ms,p95,365663.12
43,1780553254323170560,1780553255323170560,HTTP Duration (excl. conn),ms,p99,365663.12
43,1780553254323170560,1780553255323170560,HTTP Duration (excl. conn),ms,std,0.00
43,1780553254323170560,1780553255323170560,HTTP Receiving,ms,avg,263941.85
43,1780553254323170560,1780553255323170560,HTTP Receiving,ms,min,263941.85
43,1780553254323170560,1780553255323170560,HTTP Receiving,ms,max,263941.85
43,1780553254323170560,1780553255323170560,HTTP Receiving,ms,sum,263941.85
43,1780553254323170560,1780553255323170560,HTTP Receiving,ms,p1,263941.85
43,1780553254323170560,1780553255323170560,HTTP Receiving,ms,p5,263941.85
43,1780553254323170560,1780553255323170560,HTTP Receiving,ms,p10,263941.85
43,1780553254323170560,1780553255323170560,HTTP Receiving,ms,p25,263941.85
43,1780553254323170560,1780553255323170560,HTTP Receiving,ms,p50,263941.85
43,1780553254323170560,1780553255323170560,HTTP Receiving,ms,p75,263941.85
43,1780553254323170560,1780553255323170560,HTTP Receiving,ms,p90,263941.85
43,1780553254323170560,1780553255323170560,HTTP Receiving,ms,p95,263941.85
43,1780553254323170560,1780553255323170560,HTTP Receiving,ms,p99,263941.85
43,1780553254323170560,1780553255323170560,HTTP Receiving,ms,std,0.00
43,1780553254323170560,1780553255323170560,HTTP Sending,ms,avg,1.01
43,1780553254323170560,1780553255323170560,HTTP Sending,ms,min,1.01
43,1780553254323170560,1780553255323170560,HTTP Sending,ms,max,1.01
43,1780553254323170560,1780553255323170560,HTTP Sending,ms,sum,1.01
43,1780553254323170560,1780553255323170560,HTTP Sending,ms,p1,1.01
43,1780553254323170560,1780553255323170560,HTTP Sending,ms,p5,1.01
43,1780553254323170560,1780553255323170560,HTTP Sending,ms,p10,1.01
43,1780553254323170560,1780553255323170560,HTTP Sending,ms,p25,1.01
43,1780553254323170560,1780553255323170560,HTTP Sending,ms,p50,1.01
43,1780553254323170560,1780553255323170560,HTTP Sending,ms,p75,1.01
43,1780553254323170560,1780553255323170560,HTTP Sending,ms,p90,1.01
43,1780553254323170560,1780553255323170560,HTTP Sending,ms,p95,1.01
43,1780553254323170560,1780553255323170560,HTTP Sending,ms,p99,1.01
43,1780553254323170560,1780553255323170560,HTTP Sending,ms,std,0.00
43,1780553254323170560,1780553255323170560,HTTP Total Time,ms,avg,365663.84
43,1780553254323170560,1780553255323170560,HTTP Total Time,ms,min,365663.84
43,1780553254323170560,1780553255323170560,HTTP Total Time,ms,max,365663.84
43,1780553254323170560,1780553255323170560,HTTP Total Time,ms,sum,365663.84
43,1780553254323170560,1780553255323170560,HTTP Total Time,ms,p1,365663.84
43,1780553254323170560,1780553255323170560,HTTP Total Time,ms,p5,365663.84
43,1780553254323170560,1780553255323170560,HTTP Total Time,ms,p10,365663.84
43,1780553254323170560,1780553255323170560,HTTP Total Time,ms,p25,365663.84
43,1780553254323170560,1780553255323170560,HTTP Total Time,ms,p50,365663.84
43,1780553254323170560,1780553255323170560,HTTP Total Time,ms,p75,365663.84
43,1780553254323170560,1780553255323170560,HTTP Total Time,ms,p90,365663.84
43,1780553254323170560,1780553255323170560,HTTP Total Time,ms,p95,365663.84
43,1780553254323170560,1780553255323170560,HTTP Total Time,ms,p99,365663.84
43,1780553254323170560,1780553255323170560,HTTP Total Time,ms,std,0.00
43,1780553254323170560,1780553255323170560,HTTP Waiting (TTFB),ms,avg,101720.27
43,1780553254323170560,1780553255323170560,HTTP Waiting (TTFB),ms,min,101720.27
43,1780553254323170560,1780553255323170560,HTTP Waiting (TTFB),ms,max,101720.27
43,1780553254323170560,1780553255323170560,HTTP Waiting (TTFB),ms,sum,101720.27
43,1780553254323170560,1780553255323170560,HTTP Waiting (TTFB),ms,p1,101720.27
43,1780553254323170560,1780553255323170560,HTTP Waiting (TTFB),ms,p5,101720.27
43,1780553254323170560,1780553255323170560,HTTP Waiting (TTFB),ms,p10,101720.27
43,1780553254323170560,1780553255323170560,HTTP Waiting (TTFB),ms,p25,101720.27
43,1780553254323170560,1780553255323170560,HTTP Waiting (TTFB),ms,p50,101720.27
43,1780553254323170560,1780553255323170560,HTTP Waiting (TTFB),ms,p75,101720.27
43,1780553254323170560,1780553255323170560,HTTP Waiting (TTFB),ms,p90,101720.27
43,1780553254323170560,1780553255323170560,HTTP Waiting (TTFB),ms,p95,101720.27
43,1780553254323170560,1780553255323170560,HTTP Waiting (TTFB),ms,p99,101720.27
43,1780553254323170560,1780553255323170560,HTTP Waiting (TTFB),ms,std,0.00
43,1780553254323170560,1780553255323170560,Input Sequence Length,tokens,avg,41003.00
43,1780553254323170560,1780553255323170560,Input Sequence Length,tokens,min,41003.00
43,1780553254323170560,1780553255323170560,Input Sequence Length,tokens,max,41003.00
43,1780553254323170560,1780553255323170560,Input Sequence Length,tokens,sum,41003.00
43,1780553254323170560,1780553255323170560,Input Sequence Length,tokens,p1,41003.00
43,1780553254323170560,1780553255323170560,Input Sequence Length,tokens,p5,41003.00
43,1780553254323170560,1780553255323170560,Input Sequence Length,tokens,p10,41003.00
43,1780553254323170560,1780553255323170560,Input Sequence Length,tokens,p25,41003.00
43,1780553254323170560,1780553255323170560,Input Sequence Length,tokens,p50,41003.00
43,1780553254323170560,1780553255323170560,Input Sequence Length,tokens,p75,41003.00
43,1780553254323170560,1780553255323170560,Input Sequence Length,tokens,p90,41003.00
43,1780553254323170560,1780553255323170560,Input Sequence Length,tokens,p95,41003.00
43,1780553254323170560,1780553255323170560,Input Sequence Length,tokens,p99,41003.00
43,1780553254323170560,1780553255323170560,Input Sequence Length,tokens,std,0.00
43,1780553254323170560,1780553255323170560,Input Token Throughput,tokens/sec,avg,41003.00
43,1780553254323170560,1780553255323170560,Inter Chunk Latency,ms,avg,66.34
43,1780553254323170560,1780553255323170560,Inter Chunk Latency,ms,min,66.29
43,1780553254323170560,1780553255323170560,Inter Chunk Latency,ms,max,66.38
43,1780553254323170560,1780553255323170560,Inter Chunk Latency,ms,sum,85640.92
43,1780553254323170560,1780553255323170560,Inter Chunk Latency,ms,p1,66.29
43,1780553254323170560,1780553255323170560,Inter Chunk Latency,ms,p5,66.29
43,1780553254323170560,1780553255323170560,Inter Chunk Latency,ms,p10,66.30
43,1780553254323170560,1780553255323170560,Inter Chunk Latency,ms,p25,66.31
43,1780553254323170560,1780553255323170560,Inter Chunk Latency,ms,p50,66.34
43,1780553254323170560,1780553255323170560,Inter Chunk Latency,ms,p75,66.36
43,1780553254323170560,1780553255323170560,Inter Chunk Latency,ms,p90,66.37
43,1780553254323170560,1780553255323170560,Inter Chunk Latency,ms,p95,66.38
43,1780553254323170560,1780553255323170560,Inter Chunk Latency,ms,p99,66.38
43,1780553254323170560,1780553255323170560,Inter Chunk Latency,ms,std,0.03
43,1780553254323170560,1780553255323170560,Inter Token Latency,ms,avg,202.88
43,1780553254323170560,1780553255323170560,Inter Token Latency,ms,min,202.88
43,1780553254323170560,1780553255323170560,Inter Token Latency,ms,max,202.88
43,1780553254323170560,1780553255323170560,Inter Token Latency,ms,sum,202.88
43,1780553254323170560,1780553255323170560,Inter Token Latency,ms,p1,202.88
43,1780553254323170560,1780553255323170560,Inter Token Latency,ms,p5,202.88
43,1780553254323170560,1780553255323170560,Inter Token Latency,ms,p10,202.88
43,1780553254323170560,1780553255323170560,Inter Token Latency,ms,p25,202.88
43,1780553254323170560,1780553255323170560,Inter Token Latency,ms,p50,202.88
43,1780553254323170560,1780553255323170560,Inter Token Latency,ms,p75,202.88
43,1780553254323170560,1780553255323170560,Inter Token Latency,ms,p90,202.88
43,1780553254323170560,1780553255323170560,Inter Token Latency,ms,p95,202.88
43,1780553254323170560,1780553255323170560,Inter Token Latency,ms,p99,202.88
43,1780553254323170560,1780553255323170560,Inter Token Latency,ms,std,0.00
43,1780553254323170560,1780553255323170560,Maximum Response Timestamp,ns,avg,1780553620956684800.00
43,1780553254323170560,1780553255323170560,Minimum Request Timestamp,ns,avg,1780553255293440768.00
43,1780553254323170560,1780553255323170560,OSL Mismatch Count,requests,avg,0.00
43,1780553254323170560,1780553255323170560,OSL Mismatch Diff %,%,avg,0.00
43,1780553254323170560,1780553255323170560,OSL Mismatch Diff %,%,min,0.00
43,1780553254323170560,1780553255323170560,OSL Mismatch Diff %,%,max,0.00
43,1780553254323170560,1780553255323170560,OSL Mismatch Diff %,%,sum,0.00
43,1780553254323170560,1780553255323170560,OSL Mismatch Diff %,%,p1,0.00
43,1780553254323170560,1780553255323170560,OSL Mismatch Diff %,%,p5,0.00
43,1780553254323170560,1780553255323170560,OSL Mismatch Diff %,%,p10,0.00
43,1780553254323170560,1780553255323170560,OSL Mismatch Diff %,%,p25,0.00
43,1780553254323170560,1780553255323170560,OSL Mismatch Diff %,%,p50,0.00
43,1780553254323170560,1780553255323170560,OSL Mismatch Diff %,%,p75,0.00
43,1780553254323170560,1780553255323170560,OSL Mismatch Diff %,%,p90,0.00
43,1780553254323170560,1780553255323170560,OSL Mismatch Diff %,%,p95,0.00
43,1780553254323170560,1780553255323170560,OSL Mismatch Diff %,%,p99,0.00
43,1780553254323170560,1780553255323170560,OSL Mismatch Diff %,%,std,0.00
43,1780553254323170560,1780553255323170560,Output Sequence Length,tokens,avg,1302.00
43,1780553254323170560,1780553255323170560,Output Sequence Length,tokens,min,1302.00
43,1780553254323170560,1780553255323170560,Output Sequence Length,tokens,max,1302.00
43,1780553254323170560,1780553255323170560,Output Sequence Length,tokens,sum,1302.00
43,1780553254323170560,1780553255323170560,Output Sequence Length,tokens,p1,1302.00
43,1780553254323170560,1780553255323170560,Output Sequence Length,tokens,p5,1302.00
43,1780553254323170560,1780553255323170560,Output Sequence Length,tokens,p10,1302.00
43,1780553254323170560,1780553255323170560,Output Sequence Length,tokens,p25,1302.00
43,1780553254323170560,1780553255323170560,Output Sequence Length,tokens,p50,1302.00
43,1780553254323170560,1780553255323170560,Output Sequence Length,tokens,p75,1302.00
43,1780553254323170560,1780553255323170560,Output Sequence Length,tokens,p90,1302.00
43,1780553254323170560,1780553255323170560,Output Sequence Length,tokens,p95,1302.00
43,1780553254323170560,1780553255323170560,Output Sequence Length,tokens,p99,1302.00
43,1780553254323170560,1780553255323170560,Output Sequence Length,tokens,std,0.00
43,1780553254323170560,1780553255323170560,Output Token Count,tokens,avg,1302.00
43,1780553254323170560,1780553255323170560,Output Token Count,tokens,min,1302.00
43,1780553254323170560,1780553255323170560,Output Token Count,tokens,max,1302.00
43,1780553254323170560,1780553255323170560,Output Token Count,tokens,sum,1302.00
43,1780553254323170560,1780553255323170560,Output Token Count,tokens,p1,1302.00
43,1780553254323170560,1780553255323170560,Output Token Count,tokens,p5,1302.00
43,1780553254323170560,1780553255323170560,Output Token Count,tokens,p10,1302.00
43,1780553254323170560,1780553255323170560,Output Token Count,tokens,p25,1302.00
43,1780553254323170560,1780553255323170560,Output Token Count,tokens,p50,1302.00
43,1780553254323170560,1780553255323170560,Output Token Count,tokens,p75,1302.00
43,1780553254323170560,1780553255323170560,Output Token Count,tokens,p90,1302.00
43,1780553254323170560,1780553255323170560,Output Token Count,tokens,p95,1302.00
43,1780553254323170560,1780553255323170560,Output Token Count,tokens,p99,1302.00
43,1780553254323170560,1780553255323170560,Output Token Count,tokens,std,0.00
43,1780553254323170560,1780553255323170560,Output Token Throughput,tokens/sec,avg,1302.00
43,1780553254323170560,1780553255323170560,Output Token Throughput Per User,tokens/sec/user,avg,4.93
43,1780553254323170560,1780553255323170560,Output Token Throughput Per User,tokens/sec/user,min,4.93
43,1780553254323170560,1780553255323170560,Output Token Throughput Per User,tokens/sec/user,max,4.93
43,1780553254323170560,1780553255323170560,Output Token Throughput Per User,tokens/sec/user,sum,4.93
43,1780553254323170560,1780553255323170560,Output Token Throughput Per User,tokens/sec/user,p1,4.93
43,1780553254323170560,1780553255323170560,Output Token Throughput Per User,tokens/sec/user,p5,4.93
43,1780553254323170560,1780553255323170560,Output Token Throughput Per User,tokens/sec/user,p10,4.93
43,1780553254323170560,1780553255323170560,Output Token Throughput Per User,tokens/sec/user,p25,4.93
43,1780553254323170560,1780553255323170560,Output Token Throughput Per User,tokens/sec/user,p50,4.93
43,1780553254323170560,1780553255323170560,Output Token Throughput Per User,tokens/sec/user,p75,4.93
43,1780553254323170560,1780553255323170560,Output Token Throughput Per User,tokens/sec/user,p90,4.93
43,1780553254323170560,1780553255323170560,Output Token Throughput Per User,tokens/sec/user,p95,4.93
43,1780553254323170560,1780553255323170560,Output Token Throughput Per User,tokens/sec/user,p99,4.93
43,1780553254323170560,1780553255323170560,Output Token Throughput Per User,tokens/sec/user,std,0.00
43,1780553254323170560,1780553255323170560,Prefill Throughput Per User,tokens/sec/user,avg,403.09
43,1780553254323170560,1780553255323170560,Prefill Throughput Per User,tokens/sec/user,min,403.09
43,1780553254323170560,1780553255323170560,Prefill Throughput Per User,tokens/sec/user,max,403.09
43,1780553254323170560,1780553255323170560,Prefill Throughput Per User,tokens/sec/user,sum,403.09
43,1780553254323170560,1780553255323170560,Prefill Throughput Per User,tokens/sec/user,p1,403.09
43,1780553254323170560,1780553255323170560,Prefill Throughput Per User,tokens/sec/user,p5,403.09
43,1780553254323170560,1780553255323170560,Prefill Throughput Per User,tokens/sec/user,p10,403.09
43,1780553254323170560,1780553255323170560,Prefill Throughput Per User,tokens/sec/user,p25,403.09
43,1780553254323170560,1780553255323170560,Prefill Throughput Per User,tokens/sec/user,p50,403.09
43,1780553254323170560,1780553255323170560,Prefill Throughput Per User,tokens/sec/user,p75,403.09
43,1780553254323170560,1780553255323170560,Prefill Throughput Per User,tokens/sec/user,p90,403.09
43,1780553254323170560,1780553255323170560,Prefill Throughput Per User,tokens/sec/user,p95,403.09
43,1780553254323170560,1780553255323170560,Prefill Throughput Per User,tokens/sec/user,p99,403.09
43,1780553254323170560,1780553255323170560,Prefill Throughput Per User,tokens/sec/user,std,0.00
43,1780553254323170560,1780553255323170560,Request Count,requests,avg,1.00
43,1780553254323170560,1780553255323170560,Request Latency,ms,avg,365663.24
43,1780553254323170560,1780553255323170560,Request Latency,ms,min,365663.24
43,1780553254323170560,1780553255323170560,Request Latency,ms,max,365663.24
43,1780553254323170560,1780553255323170560,Request Latency,ms,sum,365663.24
43,1780553254323170560,1780553255323170560,Request Latency,ms,p1,365663.24
43,1780553254323170560,1780553255323170560,Request Latency,ms,p5,365663.24
43,1780553254323170560,1780553255323170560,Request Latency,ms,p10,365663.24
43,1780553254323170560,1780553255323170560,Request Latency,ms,p25,365663.24
43,1780553254323170560,1780553255323170560,Request Latency,ms,p50,365663.24
43,1780553254323170560,1780553255323170560,Request Latency,ms,p75,365663.24
43,1780553254323170560,1780553255323170560,Request Latency,ms,p90,365663.24
43,1780553254323170560,1780553255323170560,Request Latency,ms,p95,365663.24
43,1780553254323170560,1780553255323170560,Request Latency,ms,p99,365663.24
43,1780553254323170560,1780553255323170560,Request Latency,ms,std,0.00
43,1780553254323170560,1780553255323170560,Request Throughput,requests/sec,avg,1.00
43,1780553254323170560,1780553255323170560,Requested OSL,tokens,avg,1302.00
43,1780553254323170560,1780553255323170560,Requested OSL,tokens,min,1302.00
43,1780553254323170560,1780553255323170560,Requested OSL,tokens,max,1302.00
43,1780553254323170560,1780553255323170560,Requested OSL,tokens,sum,1302.00
43,1780553254323170560,1780553255323170560,Requested OSL,tokens,p1,1302.00
43,1780553254323170560,1780553255323170560,Requested OSL,tokens,p5,1302.00
43,1780553254323170560,1780553255323170560,Requested OSL,tokens,p10,1302.00
43,1780553254323170560,1780553255323170560,Requested OSL,tokens,p25,1302.00
43,1780553254323170560,1780553255323170560,Requested OSL,tokens,p50,1302.00
43,1780553254323170560,1780553255323170560,Requested OSL,tokens,p75,1302.00
43,1780553254323170560,1780553255323170560,Requested OSL,tokens,p90,1302.00
43,1780553254323170560,1780553255323170560,Requested OSL,tokens,p95,1302.00
43,1780553254323170560,1780553255323170560,Requested OSL,tokens,p99,1302.00
43,1780553254323170560,1780553255323170560,Requested OSL,tokens,std,0.00
43,1780553254323170560,1780553255323170560,Time to First Output Token,ms,avg,101721.41
43,1780553254323170560,1780553255323170560,Time to First Output Token,ms,min,101721.41
43,1780553254323170560,1780553255323170560,Time to First Output Token,ms,max,101721.41
43,1780553254323170560,1780553255323170560,Time to First Output Token,ms,sum,101721.41
43,1780553254323170560,1780553255323170560,Time to First Output Token,ms,p1,101721.41
43,1780553254323170560,1780553255323170560,Time to First Output Token,ms,p5,101721.41
43,1780553254323170560,1780553255323170560,Time to First Output Token,ms,p10,101721.41
43,1780553254323170560,1780553255323170560,Time to First Output Token,ms,p25,101721.41
43,1780553254323170560,1780553255323170560,Time to First Output Token,ms,p50,101721.41
43,1780553254323170560,1780553255323170560,Time to First Output Token,ms,p75,101721.41
43,1780553254323170560,1780553255323170560,Time to First Output Token,ms,p90,101721.41
43,1780553254323170560,1780553255323170560,Time to First Output Token,ms,p95,101721.41
43,1780553254323170560,1780553255323170560,Time to First Output Token,ms,p99,101721.41
43,1780553254323170560,1780553255323170560,Time to First Output Token,ms,std,0.00
43,1780553254323170560,1780553255323170560,Time to First Token,ms,avg,101721.41
43,1780553254323170560,1780553255323170560,Time to First Token,ms,min,101721.41
43,1780553254323170560,1780553255323170560,Time to First Token,ms,max,101721.41
43,1780553254323170560,1780553255323170560,Time to First Token,ms,sum,101721.41
43,1780553254323170560,1780553255323170560,Time to First Token,ms,p1,101721.41
43,1780553254323170560,1780553255323170560,Time to First Token,ms,p5,101721.41
43,1780553254323170560,1780553255323170560,Time to First Token,ms,p10,101721.41
43,1780553254323170560,1780553255323170560,Time to First Token,ms,p25,101721.41
43,1780553254323170560,1780553255323170560,Time to First Token,ms,p50,101721.41
43,1780553254323170560,1780553255323170560,Time to First Token,ms,p75,101721.41
43,1780553254323170560,1780553255323170560,Time to First Token,ms,p90,101721.41
43,1780553254323170560,1780553255323170560,Time to First Token,ms,p95,101721.41
43,1780553254323170560,1780553255323170560,Time to First Token,ms,p99,101721.41
43,1780553254323170560,1780553255323170560,Time to First Token,ms,std,0.00
43,1780553254323170560,1780553255323170560,Time to Second Token,ms,avg,30.42
43,1780553254323170560,1780553255323170560,Time to Second Token,ms,min,30.42
43,1780553254323170560,1780553255323170560,Time to Second Token,ms,max,30.42
43,1780553254323170560,1780553255323170560,Time to Second Token,ms,sum,30.42
43,1780553254323170560,1780553255323170560,Time to Second Token,ms,p1,30.42
43,1780553254323170560,1780553255323170560,Time to Second Token,ms,p5,30.42
43,1780553254323170560,1780553255323170560,Time to Second Token,ms,p10,30.42
43,1780553254323170560,1780553255323170560,Time to Second Token,ms,p25,30.42
43,1780553254323170560,1780553255323170560,Time to Second Token,ms,p50,30.42
43,1780553254323170560,1780553255323170560,Time to Second Token,ms,p75,30.42
43,1780553254323170560,1780553255323170560,Time to Second Token,ms,p90,30.42
43,1780553254323170560,1780553255323170560,Time to Second Token,ms,p95,30.42
43,1780553254323170560,1780553255323170560,Time to Second Token,ms,p99,30.42
43,1780553254323170560,1780553255323170560,Time to Second Token,ms,std,0.00
43,1780553254323170560,1780553255323170560,Tokens In Flight,tokens,avg,1681917.26
43,1780553254323170560,1780553255323170560,Tokens In Flight,tokens,min,1680677.86
43,1780553254323170560,1780553255323170560,Tokens In Flight,tokens,max,1721720.58
43,1780553254323170560,1780553255323170560,Tokens In Flight,tokens,p50,1680698.51
43,1780553254323170560,1780553255323170560,Tokens In Flight,tokens,p90,1680714.00
43,1780553254323170560,1780553255323170560,Tokens In Flight,tokens,p95,1680716.58
43,1780553254323170560,1780553255323170560,Tokens In Flight,tokens,p99,1721720.58
43,1780553254323170560,1780553255323170560,Tokens In Flight,tokens,std,6967.38
43,1780553254323170560,1780553255323170560,Total Input Sequence Length,tokens,avg,41003.00
43,1780553254323170560,1780553255323170560,Total Output Sequence Length,tokens,avg,1302.00
43,1780553254323170560,1780553255323170560,Total Output Tokens,tokens,avg,1302.00
43,1780553254323170560,1780553255323170560,Total Token Throughput,tokens/sec,avg,42305.00
43,1780553254323170560,1780553255323170560,Total Usage Completion Tokens,tokens,avg,1302.00
43,1780553254323170560,1780553255323170560,Total Usage Prompt Tokens,tokens,avg,41003.00
43,1780553254323170560,1780553255323170560,Total Usage Total Tokens,tokens,avg,42305.00
43,1780553254323170560,1780553255323170560,Usage Completion Tokens,tokens,avg,1302.00
43,1780553254323170560,1780553255323170560,Usage Completion Tokens,tokens,min,1302.00
43,1780553254323170560,1780553255323170560,Usage Completion Tokens,tokens,max,1302.00
43,1780553254323170560,1780553255323170560,Usage Completion Tokens,tokens,sum,1302.00
43,1780553254323170560,1780553255323170560,Usage Completion Tokens,tokens,p1,1302.00
43,1780553254323170560,1780553255323170560,Usage Completion Tokens,tokens,p5,1302.00
43,1780553254323170560,1780553255323170560,Usage Completion Tokens,tokens,p10,1302.00
43,1780553254323170560,1780553255323170560,Usage Completion Tokens,tokens,p25,1302.00
43,1780553254323170560,1780553255323170560,Usage Completion Tokens,tokens,p50,1302.00
43,1780553254323170560,1780553255323170560,Usage Completion Tokens,tokens,p75,1302.00
43,1780553254323170560,1780553255323170560,Usage Completion Tokens,tokens,p90,1302.00
43,1780553254323170560,1780553255323170560,Usage Completion Tokens,tokens,p95,1302.00
43,1780553254323170560,1780553255323170560,Usage Completion Tokens,tokens,p99,1302.00
43,1780553254323170560,1780553255323170560,Usage Completion Tokens,tokens,std,0.00
43,1780553254323170560,1780553255323170560,Usage Prompt Tokens,tokens,avg,41003.00
43,1780553254323170560,1780553255323170560,Usage Prompt Tokens,tokens,min,41003.00
43,1780553254323170560,1780553255323170560,Usage Prompt Tokens,tokens,max,41003.00
43,1780553254323170560,1780553255323170560,Usage Prompt Tokens,tokens,sum,41003.00
43,1780553254323170560,1780553255323170560,Usage Prompt Tokens,tokens,p1,41003.00
43,1780553254323170560,1780553255323170560,Usage Prompt Tokens,tokens,p5,41003.00
43,1780553254323170560,1780553255323170560,Usage Prompt Tokens,tokens,p10,41003.00
43,1780553254323170560,1780553255323170560,Usage Prompt Tokens,tokens,p25,41003.00
43,1780553254323170560,1780553255323170560,Usage Prompt Tokens,tokens,p50,41003.00
43,1780553254323170560,1780553255323170560,Usage Prompt Tokens,tokens,p75,41003.00
43,1780553254323170560,1780553255323170560,Usage Prompt Tokens,tokens,p90,41003.00
43,1780553254323170560,1780553255323170560,Usage Prompt Tokens,tokens,p95,41003.00
43,1780553254323170560,1780553255323170560,Usage Prompt Tokens,tokens,p99,41003.00
43,1780553254323170560,1780553255323170560,Usage Prompt Tokens,tokens,std,0.00
43,1780553254323170560,1780553255323170560,Usage Total Tokens,tokens,avg,42305.00
43,1780553254323170560,1780553255323170560,Usage Total Tokens,tokens,min,42305.00
43,1780553254323170560,1780553255323170560,Usage Total Tokens,tokens,max,42305.00
43,1780553254323170560,1780553255323170560,Usage Total Tokens,tokens,sum,42305.00
43,1780553254323170560,1780553255323170560,Usage Total Tokens,tokens,p1,42305.00
43,1780553254323170560,1780553255323170560,Usage Total Tokens,tokens,p5,42305.00
43,1780553254323170560,1780553255323170560,Usage Total Tokens,tokens,p10,42305.00
43,1780553254323170560,1780553255323170560,Usage Total Tokens,tokens,p25,42305.00
43,1780553254323170560,1780553255323170560,Usage Total Tokens,tokens,p50,42305.00
43,1780553254323170560,1780553255323170560,Usage Total Tokens,tokens,p75,42305.00
43,1780553254323170560,1780553255323170560,Usage Total Tokens,tokens,p90,42305.00
43,1780553254323170560,1780553255323170560,Usage Total Tokens,tokens,p95,42305.00
43,1780553254323170560,1780553255323170560,Usage Total Tokens,tokens,p99,42305.00
43,1780553254323170560,1780553255323170560,Usage Total Tokens,tokens,std,0.00
44,1780553320323170560,1780553321323170560,Active Decode Throughput,tokens/sec,avg,30.53
44,1780553320323170560,1780553321323170560,Active Decode Throughput,tokens/sec,min,15.00
44,1780553320323170560,1780553321323170560,Active Decode Throughput,tokens/sec,max,46.06
44,1780553320323170560,1780553321323170560,Active Decode Throughput,tokens/sec,p50,30.53
44,1780553320323170560,1780553321323170560,Active Decode Throughput,tokens/sec,p90,30.53
44,1780553320323170560,1780553321323170560,Active Decode Throughput,tokens/sec,p95,30.53
44,1780553320323170560,1780553321323170560,Active Decode Throughput,tokens/sec,p99,30.53
44,1780553320323170560,1780553321323170560,Active Decode Throughput,tokens/sec,std,0.03
44,1780553320323170560,1780553321323170560,Active Decode Throughput Per User,tokens/sec/user,avg,3.39
44,1780553320323170560,1780553321323170560,Active Decode Throughput Per User,tokens/sec/user,min,1.67
44,1780553320323170560,1780553321323170560,Active Decode Throughput Per User,tokens/sec/user,max,5.12
44,1780553320323170560,1780553321323170560,Active Decode Throughput Per User,tokens/sec/user,p50,3.39
44,1780553320323170560,1780553321323170560,Active Decode Throughput Per User,tokens/sec/user,p90,3.39
44,1780553320323170560,1780553321323170560,Active Decode Throughput Per User,tokens/sec/user,p95,3.39
44,1780553320323170560,1780553321323170560,Active Decode Throughput Per User,tokens/sec/user,p99,3.39
44,1780553320323170560,1780553321323170560,Active Decode Throughput Per User,tokens/sec/user,std,0.00
44,1780553320323170560,1780553321323170560,Active Prefill Throughput,tokens/sec,avg,3766.36
44,1780553320323170560,1780553321323170560,Active Prefill Throughput,tokens/sec,min,3041.45
44,1780553320323170560,1780553321323170560,Active Prefill Throughput,tokens/sec,max,4593.57
44,1780553320323170560,1780553321323170560,Active Prefill Throughput,tokens/sec,p50,3041.45
44,1780553320323170560,1780553321323170560,Active Prefill Throughput,tokens/sec,p90,4593.57
44,1780553320323170560,1780553321323170560,Active Prefill Throughput,tokens/sec,p95,4593.57
44,1780553320323170560,1780553321323170560,Active Prefill Throughput,tokens/sec,p99,4593.57
44,1780553320323170560,1780553321323170560,Active Prefill Throughput,tokens/sec,std,774.37
44,1780553320323170560,1780553321323170560,Active Prefill Throughput Per User,tokens/sec/user,avg,834.32
44,1780553320323170560,1780553321323170560,Active Prefill Throughput Per User,tokens/sec/user,min,760.36
44,1780553320323170560,1780553321323170560,Active Prefill Throughput Per User,tokens/sec/user,max,918.71
44,1780553320323170560,1780553321323170560,Active Prefill Throughput Per User,tokens/sec/user,p50,760.36
44,1780553320323170560,1780553321323170560,Active Prefill Throughput Per User,tokens/sec/user,p90,918.71
44,1780553320323170560,1780553321323170560,Active Prefill Throughput Per User,tokens/sec/user,p95,918.71
44,1780553320323170560,1780553321323170560,Active Prefill Throughput Per User,tokens/sec/user,p99,918.71
44,1780553320323170560,1780553321323170560,Active Prefill Throughput Per User,tokens/sec/user,std,79.00
44,1780553320323170560,1780553321323170560,Active Total Throughput,tokens/sec,avg,3827.05
44,1780553320323170560,1780553321323170560,Active Total Throughput,tokens/sec,min,3102.14
44,1780553320323170560,1780553321323170560,Active Total Throughput,tokens/sec,max,4654.26
44,1780553320323170560,1780553321323170560,Active Total Throughput,tokens/sec,p50,3102.14
44,1780553320323170560,1780553321323170560,Active Total Throughput,tokens/sec,p90,4654.26
44,1780553320323170560,1780553321323170560,Active Total Throughput,tokens/sec,p95,4654.26
44,1780553320323170560,1780553321323170560,Active Total Throughput,tokens/sec,p99,4654.26
44,1780553320323170560,1780553321323170560,Active Total Throughput,tokens/sec,std,774.37
44,1780553320323170560,1780553321323170560,Benchmark Duration,sec,avg,57.77
44,1780553320323170560,1780553321323170560,E2E Output Token Throughput,tokens/sec/user,avg,1.52
44,1780553320323170560,1780553321323170560,E2E Output Token Throughput,tokens/sec/user,min,1.52
44,1780553320323170560,1780553321323170560,E2E Output Token Throughput,tokens/sec/user,max,1.52
44,1780553320323170560,1780553321323170560,E2E Output Token Throughput,tokens/sec/user,sum,1.52
44,1780553320323170560,1780553321323170560,E2E Output Token Throughput,tokens/sec/user,p1,1.52
44,1780553320323170560,1780553321323170560,E2E Output Token Throughput,tokens/sec/user,p5,1.52
44,1780553320323170560,1780553321323170560,E2E Output Token Throughput,tokens/sec/user,p10,1.52
44,1780553320323170560,1780553321323170560,E2E Output Token Throughput,tokens/sec/user,p25,1.52
44,1780553320323170560,1780553321323170560,E2E Output Token Throughput,tokens/sec/user,p50,1.52
44,1780553320323170560,1780553321323170560,E2E Output Token Throughput,tokens/sec/user,p75,1.52
44,1780553320323170560,1780553321323170560,E2E Output Token Throughput,tokens/sec/user,p90,1.52
44,1780553320323170560,1780553321323170560,E2E Output Token Throughput,tokens/sec/user,p95,1.52
44,1780553320323170560,1780553321323170560,E2E Output Token Throughput,tokens/sec/user,p99,1.52
44,1780553320323170560,1780553321323170560,E2E Output Token Throughput,tokens/sec/user,std,0.00
44,1780553320323170560,1780553321323170560,Effective Concurrency,requests,avg,13.47
44,1780553320323170560,1780553321323170560,Effective Concurrency,requests,min,13.00
44,1780553320323170560,1780553321323170560,Effective Concurrency,requests,max,14.00
44,1780553320323170560,1780553321323170560,Effective Concurrency,requests,p50,13.00
44,1780553320323170560,1780553321323170560,Effective Concurrency,requests,p90,14.00
44,1780553320323170560,1780553321323170560,Effective Concurrency,requests,p95,14.00
44,1780553320323170560,1780553321323170560,Effective Concurrency,requests,p99,14.00
44,1780553320323170560,1780553321323170560,Effective Concurrency,requests,std,0.50
44,1780553320323170560,1780553321323170560,Effective Decode Concurrency,requests,avg,9.00
44,1780553320323170560,1780553321323170560,Effective Decode Concurrency,requests,min,9.00
44,1780553320323170560,1780553321323170560,Effective Decode Concurrency,requests,max,9.00
44,1780553320323170560,1780553321323170560,Effective Decode Concurrency,requests,p50,9.00
44,1780553320323170560,1780553321323170560,Effective Decode Concurrency,requests,p90,9.00
44,1780553320323170560,1780553321323170560,Effective Decode Concurrency,requests,p95,9.00
44,1780553320323170560,1780553321323170560,Effective Decode Concurrency,requests,p99,9.00
44,1780553320323170560,1780553321323170560,Effective Decode Concurrency,requests,std,0.00
44,1780553320323170560,1780553321323170560,Effective Decode Throughput,tokens/sec,avg,30.53
44,1780553320323170560,1780553321323170560,Effective Decode Throughput,tokens/sec,min,15.00
44,1780553320323170560,1780553321323170560,Effective Decode Throughput,tokens/sec,max,46.06
44,1780553320323170560,1780553321323170560,Effective Decode Throughput,tokens/sec,p50,30.53
44,1780553320323170560,1780553321323170560,Effective Decode Throughput,tokens/sec,p90,30.53
44,1780553320323170560,1780553321323170560,Effective Decode Throughput,tokens/sec,p95,30.53
44,1780553320323170560,1780553321323170560,Effective Decode Throughput,tokens/sec,p99,30.53
44,1780553320323170560,1780553321323170560,Effective Decode Throughput,tokens/sec,std,0.03
44,1780553320323170560,1780553321323170560,Effective Decode Throughput Per User,tokens/sec/user,avg,3.39
44,1780553320323170560,1780553321323170560,Effective Decode Throughput Per User,tokens/sec/user,min,1.67
44,1780553320323170560,1780553321323170560,Effective Decode Throughput Per User,tokens/sec/user,max,5.12
44,1780553320323170560,1780553321323170560,Effective Decode Throughput Per User,tokens/sec/user,p50,3.39
44,1780553320323170560,1780553321323170560,Effective Decode Throughput Per User,tokens/sec/user,p90,3.39
44,1780553320323170560,1780553321323170560,Effective Decode Throughput Per User,tokens/sec/user,p95,3.39
44,1780553320323170560,1780553321323170560,Effective Decode Throughput Per User,tokens/sec/user,p99,3.39
44,1780553320323170560,1780553321323170560,Effective Decode Throughput Per User,tokens/sec/user,std,0.00
44,1780553320323170560,1780553321323170560,Effective Prefill Concurrency,requests,avg,4.47
44,1780553320323170560,1780553321323170560,Effective Prefill Concurrency,requests,min,4.00
44,1780553320323170560,1780553321323170560,Effective Prefill Concurrency,requests,max,5.00
44,1780553320323170560,1780553321323170560,Effective Prefill Concurrency,requests,p50,4.00
44,1780553320323170560,1780553321323170560,Effective Prefill Concurrency,requests,p90,5.00
44,1780553320323170560,1780553321323170560,Effective Prefill Concurrency,requests,p95,5.00
44,1780553320323170560,1780553321323170560,Effective Prefill Concurrency,requests,p99,5.00
44,1780553320323170560,1780553321323170560,Effective Prefill Concurrency,requests,std,0.50
44,1780553320323170560,1780553321323170560,Effective Prefill Throughput,tokens/sec,avg,3766.36
44,1780553320323170560,1780553321323170560,Effective Prefill Throughput,tokens/sec,min,3041.45
44,1780553320323170560,1780553321323170560,Effective Prefill Throughput,tokens/sec,max,4593.57
44,1780553320323170560,1780553321323170560,Effective Prefill Throughput,tokens/sec,p50,3041.45
44,1780553320323170560,1780553321323170560,Effective Prefill Throughput,tokens/sec,p90,4593.57
44,1780553320323170560,1780553321323170560,Effective Prefill Throughput,tokens/sec,p95,4593.57
44,1780553320323170560,1780553321323170560,Effective Prefill Throughput,tokens/sec,p99,4593.57
44,1780553320323170560,1780553321323170560,Effective Prefill Throughput,tokens/sec,std,774.37
44,1780553320323170560,1780553321323170560,Effective Prefill Throughput Per User,tokens/sec/user,avg,834.32
44,1780553320323170560,1780553321323170560,Effective Prefill Throughput Per User,tokens/sec/user,min,760.36
44,1780553320323170560,1780553321323170560,Effective Prefill Throughput Per User,tokens/sec/user,max,918.71
44,1780553320323170560,1780553321323170560,Effective Prefill Throughput Per User,tokens/sec/user,p50,760.36
44,1780553320323170560,1780553321323170560,Effective Prefill Throughput Per User,tokens/sec/user,p90,918.71
44,1780553320323170560,1780553321323170560,Effective Prefill Throughput Per User,tokens/sec/user,p95,918.71
44,1780553320323170560,1780553321323170560,Effective Prefill Throughput Per User,tokens/sec/user,p99,918.71
44,1780553320323170560,1780553321323170560,Effective Prefill Throughput Per User,tokens/sec/user,std,79.00
44,1780553320323170560,1780553321323170560,Effective Total Throughput,tokens/sec,avg,3827.05
44,1780553320323170560,1780553321323170560,Effective Total Throughput,tokens/sec,min,3102.14
44,1780553320323170560,1780553321323170560,Effective Total Throughput,tokens/sec,max,4654.26
44,1780553320323170560,1780553321323170560,Effective Total Throughput,tokens/sec,p50,3102.14
44,1780553320323170560,1780553321323170560,Effective Total Throughput,tokens/sec,p90,4654.26
44,1780553320323170560,1780553321323170560,Effective Total Throughput,tokens/sec,p95,4654.26
44,1780553320323170560,1780553321323170560,Effective Total Throughput,tokens/sec,p99,4654.26
44,1780553320323170560,1780553321323170560,Effective Total Throughput,tokens/sec,std,774.37
44,1780553320323170560,1780553321323170560,HTTP Blocked,ms,avg,0.00
44,1780553320323170560,1780553321323170560,HTTP Blocked,ms,min,0.00
44,1780553320323170560,1780553321323170560,HTTP Blocked,ms,max,0.00
44,1780553320323170560,1780553321323170560,HTTP Blocked,ms,sum,0.00
44,1780553320323170560,1780553321323170560,HTTP Blocked,ms,p1,0.00
44,1780553320323170560,1780553321323170560,HTTP Blocked,ms,p5,0.00
44,1780553320323170560,1780553321323170560,HTTP Blocked,ms,p10,0.00
44,1780553320323170560,1780553321323170560,HTTP Blocked,ms,p25,0.00
44,1780553320323170560,1780553321323170560,HTTP Blocked,ms,p50,0.00
44,1780553320323170560,1780553321323170560,HTTP Blocked,ms,p75,0.00
44,1780553320323170560,1780553321323170560,HTTP Blocked,ms,p90,0.00
44,1780553320323170560,1780553321323170560,HTTP Blocked,ms,p95,0.00
44,1780553320323170560,1780553321323170560,HTTP Blocked,ms,p99,0.00
44,1780553320323170560,1780553321323170560,HTTP Blocked,ms,std,0.00
44,1780553320323170560,1780553321323170560,HTTP Chunks Received,count,avg,88.00
44,1780553320323170560,1780553321323170560,HTTP Chunks Received,count,min,88.00
44,1780553320323170560,1780553321323170560,HTTP Chunks Received,count,max,88.00
44,1780553320323170560,1780553321323170560,HTTP Chunks Received,count,sum,88.00
44,1780553320323170560,1780553321323170560,HTTP Chunks Received,count,p1,88.00
44,1780553320323170560,1780553321323170560,HTTP Chunks Received,count,p5,88.00
44,1780553320323170560,1780553321323170560,HTTP Chunks Received,count,p10,88.00
44,1780553320323170560,1780553321323170560,HTTP Chunks Received,count,p25,88.00
44,1780553320323170560,1780553321323170560,HTTP Chunks Received,count,p50,88.00
44,1780553320323170560,1780553321323170560,HTTP Chunks Received,count,p75,88.00
44,1780553320323170560,1780553321323170560,HTTP Chunks Received,count,p90,88.00
44,1780553320323170560,1780553321323170560,HTTP Chunks Received,count,p95,88.00
44,1780553320323170560,1780553321323170560,HTTP Chunks Received,count,p99,88.00
44,1780553320323170560,1780553321323170560,HTTP Chunks Received,count,std,0.00
44,1780553320323170560,1780553321323170560,HTTP Chunks Sent,count,avg,1.00
44,1780553320323170560,1780553321323170560,HTTP Chunks Sent,count,min,1.00
44,1780553320323170560,1780553321323170560,HTTP Chunks Sent,count,max,1.00
44,1780553320323170560,1780553321323170560,HTTP Chunks Sent,count,sum,1.00
44,1780553320323170560,1780553321323170560,HTTP Chunks Sent,count,p1,1.00
44,1780553320323170560,1780553321323170560,HTTP Chunks Sent,count,p5,1.00
44,1780553320323170560,1780553321323170560,HTTP Chunks Sent,count,p10,1.00
44,1780553320323170560,1780553321323170560,HTTP Chunks Sent,count,p25,1.00
44,1780553320323170560,1780553321323170560,HTTP Chunks Sent,count,p50,1.00
44,1780553320323170560,1780553321323170560,HTTP Chunks Sent,count,p75,1.00
44,1780553320323170560,1780553321323170560,HTTP Chunks Sent,count,p90,1.00
44,1780553320323170560,1780553321323170560,HTTP Chunks Sent,count,p95,1.00
44,1780553320323170560,1780553321323170560,HTTP Chunks Sent,count,p99,1.00
44,1780553320323170560,1780553321323170560,HTTP Chunks Sent,count,std,0.00
44,1780553320323170560,1780553321323170560,HTTP Connecting,ms,avg,0.72
44,1780553320323170560,1780553321323170560,HTTP Connecting,ms,min,0.72
44,1780553320323170560,1780553321323170560,HTTP Connecting,ms,max,0.72
44,1780553320323170560,1780553321323170560,HTTP Connecting,ms,sum,0.72
44,1780553320323170560,1780553321323170560,HTTP Connecting,ms,p1,0.72
44,1780553320323170560,1780553321323170560,HTTP Connecting,ms,p5,0.72
44,1780553320323170560,1780553321323170560,HTTP Connecting,ms,p10,0.72
44,1780553320323170560,1780553321323170560,HTTP Connecting,ms,p25,0.72
44,1780553320323170560,1780553321323170560,HTTP Connecting,ms,p50,0.72
44,1780553320323170560,1780553321323170560,HTTP Connecting,ms,p75,0.72
44,1780553320323170560,1780553321323170560,HTTP Connecting,ms,p90,0.72
44,1780553320323170560,1780553321323170560,HTTP Connecting,ms,p95,0.72
44,1780553320323170560,1780553321323170560,HTTP Connecting,ms,p99,0.72
44,1780553320323170560,1780553321323170560,HTTP Connecting,ms,std,0.00
44,1780553320323170560,1780553321323170560,HTTP Connection Overhead,ms,avg,0.72
44,1780553320323170560,1780553321323170560,HTTP Connection Overhead,ms,min,0.72
44,1780553320323170560,1780553321323170560,HTTP Connection Overhead,ms,max,0.72
44,1780553320323170560,1780553321323170560,HTTP Connection Overhead,ms,sum,0.72
44,1780553320323170560,1780553321323170560,HTTP Connection Overhead,ms,p1,0.72
44,1780553320323170560,1780553321323170560,HTTP Connection Overhead,ms,p5,0.72
44,1780553320323170560,1780553321323170560,HTTP Connection Overhead,ms,p10,0.72
44,1780553320323170560,1780553321323170560,HTTP Connection Overhead,ms,p25,0.72
44,1780553320323170560,1780553321323170560,HTTP Connection Overhead,ms,p50,0.72
44,1780553320323170560,1780553321323170560,HTTP Connection Overhead,ms,p75,0.72
44,1780553320323170560,1780553321323170560,HTTP Connection Overhead,ms,p90,0.72
44,1780553320323170560,1780553321323170560,HTTP Connection Overhead,ms,p95,0.72
44,1780553320323170560,1780553321323170560,HTTP Connection Overhead,ms,p99,0.72
44,1780553320323170560,1780553321323170560,HTTP Connection Overhead,ms,std,0.00
44,1780553320323170560,1780553321323170560,HTTP Connection Reused,ratio,avg,0.00
44,1780553320323170560,1780553321323170560,HTTP Connection Reused,ratio,min,0.00
44,1780553320323170560,1780553321323170560,HTTP Connection Reused,ratio,max,0.00
44,1780553320323170560,1780553321323170560,HTTP Connection Reused,ratio,sum,0.00
44,1780553320323170560,1780553321323170560,HTTP Connection Reused,ratio,p1,0.00
44,1780553320323170560,1780553321323170560,HTTP Connection Reused,ratio,p5,0.00
44,1780553320323170560,1780553321323170560,HTTP Connection Reused,ratio,p10,0.00
44,1780553320323170560,1780553321323170560,HTTP Connection Reused,ratio,p25,0.00
44,1780553320323170560,1780553321323170560,HTTP Connection Reused,ratio,p50,0.00
44,1780553320323170560,1780553321323170560,HTTP Connection Reused,ratio,p75,0.00
44,1780553320323170560,1780553321323170560,HTTP Connection Reused,ratio,p90,0.00
44,1780553320323170560,1780553321323170560,HTTP Connection Reused,ratio,p95,0.00
44,1780553320323170560,1780553321323170560,HTTP Connection Reused,ratio,p99,0.00
44,1780553320323170560,1780553321323170560,HTTP Connection Reused,ratio,std,0.00
44,1780553320323170560,1780553321323170560,HTTP Data Received,KB,avg,22.49
44,1780553320323170560,1780553321323170560,HTTP Data Received,KB,min,22.49
44,1780553320323170560,1780553321323170560,HTTP Data Received,KB,max,22.49
44,1780553320323170560,1780553321323170560,HTTP Data Received,KB,sum,22.49
44,1780553320323170560,1780553321323170560,HTTP Data Received,KB,p1,22.49
44,1780553320323170560,1780553321323170560,HTTP Data Received,KB,p5,22.49
44,1780553320323170560,1780553321323170560,HTTP Data Received,KB,p10,22.49
44,1780553320323170560,1780553321323170560,HTTP Data Received,KB,p25,22.49
44,1780553320323170560,1780553321323170560,HTTP Data Received,KB,p50,22.49
44,1780553320323170560,1780553321323170560,HTTP Data Received,KB,p75,22.49
44,1780553320323170560,1780553321323170560,HTTP Data Received,KB,p90,22.49
44,1780553320323170560,1780553321323170560,HTTP Data Received,KB,p95,22.49
44,1780553320323170560,1780553321323170560,HTTP Data Received,KB,p99,22.49
44,1780553320323170560,1780553321323170560,HTTP Data Received,KB,std,0.00
44,1780553320323170560,1780553321323170560,HTTP Data Sent,KB,avg,251.48
44,1780553320323170560,1780553321323170560,HTTP Data Sent,KB,min,251.48
44,1780553320323170560,1780553321323170560,HTTP Data Sent,KB,max,251.48
44,1780553320323170560,1780553321323170560,HTTP Data Sent,KB,sum,251.48
44,1780553320323170560,1780553321323170560,HTTP Data Sent,KB,p1,251.48
44,1780553320323170560,1780553321323170560,HTTP Data Sent,KB,p5,251.48
44,1780553320323170560,1780553321323170560,HTTP Data Sent,KB,p10,251.48
44,1780553320323170560,1780553321323170560,HTTP Data Sent,KB,p25,251.48
44,1780553320323170560,1780553321323170560,HTTP Data Sent,KB,p50,251.48
44,1780553320323170560,1780553321323170560,HTTP Data Sent,KB,p75,251.48
44,1780553320323170560,1780553321323170560,HTTP Data Sent,KB,p90,251.48
44,1780553320323170560,1780553321323170560,HTTP Data Sent,KB,p95,251.48
44,1780553320323170560,1780553321323170560,HTTP Data Sent,KB,p99,251.48
44,1780553320323170560,1780553321323170560,HTTP Data Sent,KB,std,0.00
44,1780553320323170560,1780553321323170560,HTTP DNS Lookup,ms,avg,0.00
44,1780553320323170560,1780553321323170560,HTTP DNS Lookup,ms,min,0.00
44,1780553320323170560,1780553321323170560,HTTP DNS Lookup,ms,max,0.00
44,1780553320323170560,1780553321323170560,HTTP DNS Lookup,ms,sum,0.00
44,1780553320323170560,1780553321323170560,HTTP DNS Lookup,ms,p1,0.00
44,1780553320323170560,1780553321323170560,HTTP DNS Lookup,ms,p5,0.00
44,1780553320323170560,1780553321323170560,HTTP DNS Lookup,ms,p10,0.00
44,1780553320323170560,1780553321323170560,HTTP DNS Lookup,ms,p25,0.00
44,1780553320323170560,1780553321323170560,HTTP DNS Lookup,ms,p50,0.00
44,1780553320323170560,1780553321323170560,HTTP DNS Lookup,ms,p75,0.00
44,1780553320323170560,1780553321323170560,HTTP DNS Lookup,ms,p90,0.00
44,1780553320323170560,1780553321323170560,HTTP DNS Lookup,ms,p95,0.00
44,1780553320323170560,1780553321323170560,HTTP DNS Lookup,ms,p99,0.00
44,1780553320323170560,1780553321323170560,HTTP DNS Lookup,ms,std,0.00
44,1780553320323170560,1780553321323170560,HTTP Duration (excl. conn),ms,avg,57774.19
44,1780553320323170560,1780553321323170560,HTTP Duration (excl. conn),ms,min,57774.19
44,1780553320323170560,1780553321323170560,HTTP Duration (excl. conn),ms,max,57774.19
44,1780553320323170560,1780553321323170560,HTTP Duration (excl. conn),ms,sum,57774.19
44,1780553320323170560,1780553321323170560,HTTP Duration (excl. conn),ms,p1,57774.19
44,1780553320323170560,1780553321323170560,HTTP Duration (excl. conn),ms,p5,57774.19
44,1780553320323170560,1780553321323170560,HTTP Duration (excl. conn),ms,p10,57774.19
44,1780553320323170560,1780553321323170560,HTTP Duration (excl. conn),ms,p25,57774.19
44,1780553320323170560,1780553321323170560,HTTP Duration (excl. conn),ms,p50,57774.19
44,1780553320323170560,1780553321323170560,HTTP Duration (excl. conn),ms,p75,57774.19
44,1780553320323170560,1780553321323170560,HTTP Duration (excl. conn),ms,p90,57774.19
44,1780553320323170560,1780553321323170560,HTTP Duration (excl. conn),ms,p95,57774.19
44,1780553320323170560,1780553321323170560,HTTP Duration (excl. conn),ms,p99,57774.19
44,1780553320323170560,1780553321323170560,HTTP Duration (excl. conn),ms,std,0.00
44,1780553320323170560,1780553321323170560,HTTP Receiving,ms,avg,15939.89
44,1780553320323170560,1780553321323170560,HTTP Receiving,ms,min,15939.89
44,1780553320323170560,1780553321323170560,HTTP Receiving,ms,max,15939.89
44,1780553320323170560,1780553321323170560,HTTP Receiving,ms,sum,15939.89
44,1780553320323170560,1780553321323170560,HTTP Receiving,ms,p1,15939.89
44,1780553320323170560,1780553321323170560,HTTP Receiving,ms,p5,15939.89
44,1780553320323170560,1780553321323170560,HTTP Receiving,ms,p10,15939.89
44,1780553320323170560,1780553321323170560,HTTP Receiving,ms,p25,15939.89
44,1780553320323170560,1780553321323170560,HTTP Receiving,ms,p50,15939.89
44,1780553320323170560,1780553321323170560,HTTP Receiving,ms,p75,15939.89
44,1780553320323170560,1780553321323170560,HTTP Receiving,ms,p90,15939.89
44,1780553320323170560,1780553321323170560,HTTP Receiving,ms,p95,15939.89
44,1780553320323170560,1780553321323170560,HTTP Receiving,ms,p99,15939.89
44,1780553320323170560,1780553321323170560,HTTP Receiving,ms,std,0.00
44,1780553320323170560,1780553321323170560,HTTP Sending,ms,avg,0.98
44,1780553320323170560,1780553321323170560,HTTP Sending,ms,min,0.98
44,1780553320323170560,1780553321323170560,HTTP Sending,ms,max,0.98
44,1780553320323170560,1780553321323170560,HTTP Sending,ms,sum,0.98
44,1780553320323170560,1780553321323170560,HTTP Sending,ms,p1,0.98
44,1780553320323170560,1780553321323170560,HTTP Sending,ms,p5,0.98
44,1780553320323170560,1780553321323170560,HTTP Sending,ms,p10,0.98
44,1780553320323170560,1780553321323170560,HTTP Sending,ms,p25,0.98
44,1780553320323170560,1780553321323170560,HTTP Sending,ms,p50,0.98
44,1780553320323170560,1780553321323170560,HTTP Sending,ms,p75,0.98
44,1780553320323170560,1780553321323170560,HTTP Sending,ms,p90,0.98
44,1780553320323170560,1780553321323170560,HTTP Sending,ms,p95,0.98
44,1780553320323170560,1780553321323170560,HTTP Sending,ms,p99,0.98
44,1780553320323170560,1780553321323170560,HTTP Sending,ms,std,0.00
44,1780553320323170560,1780553321323170560,HTTP Total Time,ms,avg,57774.91
44,1780553320323170560,1780553321323170560,HTTP Total Time,ms,min,57774.91
44,1780553320323170560,1780553321323170560,HTTP Total Time,ms,max,57774.91
44,1780553320323170560,1780553321323170560,HTTP Total Time,ms,sum,57774.91
44,1780553320323170560,1780553321323170560,HTTP Total Time,ms,p1,57774.91
44,1780553320323170560,1780553321323170560,HTTP Total Time,ms,p5,57774.91
44,1780553320323170560,1780553321323170560,HTTP Total Time,ms,p10,57774.91
44,1780553320323170560,1780553321323170560,HTTP Total Time,ms,p25,57774.91
44,1780553320323170560,1780553321323170560,HTTP Total Time,ms,p50,57774.91
44,1780553320323170560,1780553321323170560,HTTP Total Time,ms,p75,57774.91
44,1780553320323170560,1780553321323170560,HTTP Total Time,ms,p90,57774.91
44,1780553320323170560,1780553321323170560,HTTP Total Time,ms,p95,57774.91
44,1780553320323170560,1780553321323170560,HTTP Total Time,ms,p99,57774.91
44,1780553320323170560,1780553321323170560,HTTP Total Time,ms,std,0.00
44,1780553320323170560,1780553321323170560,HTTP Waiting (TTFB),ms,avg,41833.32
44,1780553320323170560,1780553321323170560,HTTP Waiting (TTFB),ms,min,41833.32
44,1780553320323170560,1780553321323170560,HTTP Waiting (TTFB),ms,max,41833.32
44,1780553320323170560,1780553321323170560,HTTP Waiting (TTFB),ms,sum,41833.32
44,1780553320323170560,1780553321323170560,HTTP Waiting (TTFB),ms,p1,41833.32
44,1780553320323170560,1780553321323170560,HTTP Waiting (TTFB),ms,p5,41833.32
44,1780553320323170560,1780553321323170560,HTTP Waiting (TTFB),ms,p10,41833.32
44,1780553320323170560,1780553321323170560,HTTP Waiting (TTFB),ms,p25,41833.32
44,1780553320323170560,1780553321323170560,HTTP Waiting (TTFB),ms,p50,41833.32
44,1780553320323170560,1780553321323170560,HTTP Waiting (TTFB),ms,p75,41833.32
44,1780553320323170560,1780553321323170560,HTTP Waiting (TTFB),ms,p90,41833.32
44,1780553320323170560,1780553321323170560,HTTP Waiting (TTFB),ms,p95,41833.32
44,1780553320323170560,1780553321323170560,HTTP Waiting (TTFB),ms,p99,41833.32
44,1780553320323170560,1780553321323170560,HTTP Waiting (TTFB),ms,std,0.00
44,1780553320323170560,1780553321323170560,Input Sequence Length,tokens,avg,64932.00
44,1780553320323170560,1780553321323170560,Input Sequence Length,tokens,min,64932.00
44,1780553320323170560,1780553321323170560,Input Sequence Length,tokens,max,64932.00
44,1780553320323170560,1780553321323170560,Input Sequence Length,tokens,sum,64932.00
44,1780553320323170560,1780553321323170560,Input Sequence Length,tokens,p1,64932.00
44,1780553320323170560,1780553321323170560,Input Sequence Length,tokens,p5,64932.00
44,1780553320323170560,1780553321323170560,Input Sequence Length,tokens,p10,64932.00
44,1780553320323170560,1780553321323170560,Input Sequence Length,tokens,p25,64932.00
44,1780553320323170560,1780553321323170560,Input Sequence Length,tokens,p50,64932.00
44,1780553320323170560,1780553321323170560,Input Sequence Length,tokens,p75,64932.00
44,1780553320323170560,1780553321323170560,Input Sequence Length,tokens,p90,64932.00
44,1780553320323170560,1780553321323170560,Input Sequence Length,tokens,p95,64932.00
44,1780553320323170560,1780553321323170560,Input Sequence Length,tokens,p99,64932.00
44,1780553320323170560,1780553321323170560,Input Sequence Length,tokens,std,0.00
44,1780553320323170560,1780553321323170560,Input Token Throughput,tokens/sec,avg,64932.00
44,1780553320323170560,1780553321323170560,Inter Chunk Latency,ms,avg,64.73
44,1780553320323170560,1780553321323170560,Inter Chunk Latency,ms,min,64.73
44,1780553320323170560,1780553321323170560,Inter Chunk Latency,ms,max,64.73
44,1780553320323170560,1780553321323170560,Inter Chunk Latency,ms,sum,5631.48
44,1780553320323170560,1780553321323170560,Inter Chunk Latency,ms,p1,64.73
44,1780553320323170560,1780553321323170560,Inter Chunk Latency,ms,p5,64.73
44,1780553320323170560,1780553321323170560,Inter Chunk Latency,ms,p10,64.73
44,1780553320323170560,1780553321323170560,Inter Chunk Latency,ms,p25,64.73
44,1780553320323170560,1780553321323170560,Inter Chunk Latency,ms,p50,64.73
44,1780553320323170560,1780553321323170560,Inter Chunk Latency,ms,p75,64.73
44,1780553320323170560,1780553321323170560,Inter Chunk Latency,ms,p90,64.73
44,1780553320323170560,1780553321323170560,Inter Chunk Latency,ms,p95,64.73
44,1780553320323170560,1780553321323170560,Inter Chunk Latency,ms,p99,64.73
44,1780553320323170560,1780553321323170560,Inter Chunk Latency,ms,std,0.00
44,1780553320323170560,1780553321323170560,Inter Token Latency,ms,avg,183.22
44,1780553320323170560,1780553321323170560,Inter Token Latency,ms,min,183.22
44,1780553320323170560,1780553321323170560,Inter Token Latency,ms,max,183.22
44,1780553320323170560,1780553321323170560,Inter Token Latency,ms,sum,183.22
44,1780553320323170560,1780553321323170560,Inter Token Latency,ms,p1,183.22
44,1780553320323170560,1780553321323170560,Inter Token Latency,ms,p5,183.22
44,1780553320323170560,1780553321323170560,Inter Token Latency,ms,p10,183.22
44,1780553320323170560,1780553321323170560,Inter Token Latency,ms,p25,183.22
44,1780553320323170560,1780553321323170560,Inter Token Latency,ms,p50,183.22
44,1780553320323170560,1780553321323170560,Inter Token Latency,ms,p75,183.22
44,1780553320323170560,1780553321323170560,Inter Token Latency,ms,p90,183.22
44,1780553320323170560,1780553321323170560,Inter Token Latency,ms,p95,183.22
44,1780553320323170560,1780553321323170560,Inter Token Latency,ms,p99,183.22
44,1780553320323170560,1780553321323170560,Inter Token Latency,ms,std,0.00
44,1780553320323170560,1780553321323170560,Maximum Response Timestamp,ns,avg,1780553378630424320.00
44,1780553320323170560,1780553321323170560,Minimum Request Timestamp,ns,avg,1780553320856125440.00
44,1780553320323170560,1780553321323170560,OSL Mismatch Count,requests,avg,0.00
44,1780553320323170560,1780553321323170560,OSL Mismatch Diff %,%,avg,0.00
44,1780553320323170560,1780553321323170560,OSL Mismatch Diff %,%,min,0.00
44,1780553320323170560,1780553321323170560,OSL Mismatch Diff %,%,max,0.00
44,1780553320323170560,1780553321323170560,OSL Mismatch Diff %,%,sum,0.00
44,1780553320323170560,1780553321323170560,OSL Mismatch Diff %,%,p1,0.00
44,1780553320323170560,1780553321323170560,OSL Mismatch Diff %,%,p5,0.00
44,1780553320323170560,1780553321323170560,OSL Mismatch Diff %,%,p10,0.00
44,1780553320323170560,1780553321323170560,OSL Mismatch Diff %,%,p25,0.00
44,1780553320323170560,1780553321323170560,OSL Mismatch Diff %,%,p50,0.00
44,1780553320323170560,1780553321323170560,OSL Mismatch Diff %,%,p75,0.00
44,1780553320323170560,1780553321323170560,OSL Mismatch Diff %,%,p90,0.00
44,1780553320323170560,1780553321323170560,OSL Mismatch Diff %,%,p95,0.00
44,1780553320323170560,1780553321323170560,OSL Mismatch Diff %,%,p99,0.00
44,1780553320323170560,1780553321323170560,OSL Mismatch Diff %,%,std,0.00
44,1780553320323170560,1780553321323170560,Output Sequence Length,tokens,avg,88.00
44,1780553320323170560,1780553321323170560,Output Sequence Length,tokens,min,88.00
44,1780553320323170560,1780553321323170560,Output Sequence Length,tokens,max,88.00
44,1780553320323170560,1780553321323170560,Output Sequence Length,tokens,sum,88.00
44,1780553320323170560,1780553321323170560,Output Sequence Length,tokens,p1,88.00
44,1780553320323170560,1780553321323170560,Output Sequence Length,tokens,p5,88.00
44,1780553320323170560,1780553321323170560,Output Sequence Length,tokens,p10,88.00
44,1780553320323170560,1780553321323170560,Output Sequence Length,tokens,p25,88.00
44,1780553320323170560,1780553321323170560,Output Sequence Length,tokens,p50,88.00
44,1780553320323170560,1780553321323170560,Output Sequence Length,tokens,p75,88.00
44,1780553320323170560,1780553321323170560,Output Sequence Length,tokens,p90,88.00
44,1780553320323170560,1780553321323170560,Output Sequence Length,tokens,p95,88.00
44,1780553320323170560,1780553321323170560,Output Sequence Length,tokens,p99,88.00
44,1780553320323170560,1780553321323170560,Output Sequence Length,tokens,std,0.00
44,1780553320323170560,1780553321323170560,Output Token Count,tokens,avg,88.00
44,1780553320323170560,1780553321323170560,Output Token Count,tokens,min,88.00
44,1780553320323170560,1780553321323170560,Output Token Count,tokens,max,88.00
44,1780553320323170560,1780553321323170560,Output Token Count,tokens,sum,88.00
44,1780553320323170560,1780553321323170560,Output Token Count,tokens,p1,88.00
44,1780553320323170560,1780553321323170560,Output Token Count,tokens,p5,88.00
44,1780553320323170560,1780553321323170560,Output Token Count,tokens,p10,88.00
44,1780553320323170560,1780553321323170560,Output Token Count,tokens,p25,88.00
44,1780553320323170560,1780553321323170560,Output Token Count,tokens,p50,88.00
44,1780553320323170560,1780553321323170560,Output Token Count,tokens,p75,88.00
44,1780553320323170560,1780553321323170560,Output Token Count,tokens,p90,88.00
44,1780553320323170560,1780553321323170560,Output Token Count,tokens,p95,88.00
44,1780553320323170560,1780553321323170560,Output Token Count,tokens,p99,88.00
44,1780553320323170560,1780553321323170560,Output Token Count,tokens,std,0.00
44,1780553320323170560,1780553321323170560,Output Token Throughput,tokens/sec,avg,88.00
44,1780553320323170560,1780553321323170560,Output Token Throughput Per User,tokens/sec/user,avg,5.46
44,1780553320323170560,1780553321323170560,Output Token Throughput Per User,tokens/sec/user,min,5.46
44,1780553320323170560,1780553321323170560,Output Token Throughput Per User,tokens/sec/user,max,5.46
44,1780553320323170560,1780553321323170560,Output Token Throughput Per User,tokens/sec/user,sum,5.46
44,1780553320323170560,1780553321323170560,Output Token Throughput Per User,tokens/sec/user,p1,5.46
44,1780553320323170560,1780553321323170560,Output Token Throughput Per User,tokens/sec/user,p5,5.46
44,1780553320323170560,1780553321323170560,Output Token Throughput Per User,tokens/sec/user,p10,5.46
44,1780553320323170560,1780553321323170560,Output Token Throughput Per User,tokens/sec/user,p25,5.46
44,1780553320323170560,1780553321323170560,Output Token Throughput Per User,tokens/sec/user,p50,5.46
44,1780553320323170560,1780553321323170560,Output Token Throughput Per User,tokens/sec/user,p75,5.46
44,1780553320323170560,1780553321323170560,Output Token Throughput Per User,tokens/sec/user,p90,5.46
44,1780553320323170560,1780553321323170560,Output Token Throughput Per User,tokens/sec/user,p95,5.46
44,1780553320323170560,1780553321323170560,Output Token Throughput Per User,tokens/sec/user,p99,5.46
44,1780553320323170560,1780553321323170560,Output Token Throughput Per User,tokens/sec/user,std,0.00
44,1780553320323170560,1780553321323170560,Prefill Throughput Per User,tokens/sec/user,avg,1552.12
44,1780553320323170560,1780553321323170560,Prefill Throughput Per User,tokens/sec/user,min,1552.12
44,1780553320323170560,1780553321323170560,Prefill Throughput Per User,tokens/sec/user,max,1552.12
44,1780553320323170560,1780553321323170560,Prefill Throughput Per User,tokens/sec/user,sum,1552.12
44,1780553320323170560,1780553321323170560,Prefill Throughput Per User,tokens/sec/user,p1,1552.12
44,1780553320323170560,1780553321323170560,Prefill Throughput Per User,tokens/sec/user,p5,1552.12
44,1780553320323170560,1780553321323170560,Prefill Throughput Per User,tokens/sec/user,p10,1552.12
44,1780553320323170560,1780553321323170560,Prefill Throughput Per User,tokens/sec/user,p25,1552.12
44,1780553320323170560,1780553321323170560,Prefill Throughput Per User,tokens/sec/user,p50,1552.12
44,1780553320323170560,1780553321323170560,Prefill Throughput Per User,tokens/sec/user,p75,1552.12
44,1780553320323170560,1780553321323170560,Prefill Throughput Per User,tokens/sec/user,p90,1552.12
44,1780553320323170560,1780553321323170560,Prefill Throughput Per User,tokens/sec/user,p95,1552.12
44,1780553320323170560,1780553321323170560,Prefill Throughput Per User,tokens/sec/user,p99,1552.12
44,1780553320323170560,1780553321323170560,Prefill Throughput Per User,tokens/sec/user,std,0.00
44,1780553320323170560,1780553321323170560,Request Count,requests,avg,1.00
44,1780553320323170560,1780553321323170560,Request Latency,ms,avg,57774.30
44,1780553320323170560,1780553321323170560,Request Latency,ms,min,57774.30
44,1780553320323170560,1780553321323170560,Request Latency,ms,max,57774.30
44,1780553320323170560,1780553321323170560,Request Latency,ms,sum,57774.30
44,1780553320323170560,1780553321323170560,Request Latency,ms,p1,57774.30
44,1780553320323170560,1780553321323170560,Request Latency,ms,p5,57774.30
44,1780553320323170560,1780553321323170560,Request Latency,ms,p10,57774.30
44,1780553320323170560,1780553321323170560,Request Latency,ms,p25,57774.30
44,1780553320323170560,1780553321323170560,Request Latency,ms,p50,57774.30
44,1780553320323170560,1780553321323170560,Request Latency,ms,p75,57774.30
44,1780553320323170560,1780553321323170560,Request Latency,ms,p90,57774.30
44,1780553320323170560,1780553321323170560,Request Latency,ms,p95,57774.30
44,1780553320323170560,1780553321323170560,Request Latency,ms,p99,57774.30
44,1780553320323170560,1780553321323170560,Request Latency,ms,std,0.00
44,1780553320323170560,1780553321323170560,Request Throughput,requests/sec,avg,1.00
44,1780553320323170560,1780553321323170560,Requested OSL,tokens,avg,88.00
44,1780553320323170560,1780553321323170560,Requested OSL,tokens,min,88.00
44,1780553320323170560,1780553321323170560,Requested OSL,tokens,max,88.00
44,1780553320323170560,1780553321323170560,Requested OSL,tokens,sum,88.00
44,1780553320323170560,1780553321323170560,Requested OSL,tokens,p1,88.00
44,1780553320323170560,1780553321323170560,Requested OSL,tokens,p5,88.00
44,1780553320323170560,1780553321323170560,Requested OSL,tokens,p10,88.00
44,1780553320323170560,1780553321323170560,Requested OSL,tokens,p25,88.00
44,1780553320323170560,1780553321323170560,Requested OSL,tokens,p50,88.00
44,1780553320323170560,1780553321323170560,Requested OSL,tokens,p75,88.00
44,1780553320323170560,1780553321323170560,Requested OSL,tokens,p90,88.00
44,1780553320323170560,1780553321323170560,Requested OSL,tokens,p95,88.00
44,1780553320323170560,1780553321323170560,Requested OSL,tokens,p99,88.00
44,1780553320323170560,1780553321323170560,Requested OSL,tokens,std,0.00
44,1780553320323170560,1780553321323170560,Time to First Output Token,ms,avg,41834.42
44,1780553320323170560,1780553321323170560,Time to First Output Token,ms,min,41834.42
44,1780553320323170560,1780553321323170560,Time to First Output Token,ms,max,41834.42
44,1780553320323170560,1780553321323170560,Time to First Output Token,ms,sum,41834.42
44,1780553320323170560,1780553321323170560,Time to First Output Token,ms,p1,41834.42
44,1780553320323170560,1780553321323170560,Time to First Output Token,ms,p5,41834.42
44,1780553320323170560,1780553321323170560,Time to First Output Token,ms,p10,41834.42
44,1780553320323170560,1780553321323170560,Time to First Output Token,ms,p25,41834.42
44,1780553320323170560,1780553321323170560,Time to First Output Token,ms,p50,41834.42
44,1780553320323170560,1780553321323170560,Time to First Output Token,ms,p75,41834.42
44,1780553320323170560,1780553321323170560,Time to First Output Token,ms,p90,41834.42
44,1780553320323170560,1780553321323170560,Time to First Output Token,ms,p95,41834.42
44,1780553320323170560,1780553321323170560,Time to First Output Token,ms,p99,41834.42
44,1780553320323170560,1780553321323170560,Time to First Output Token,ms,std,0.00
44,1780553320323170560,1780553321323170560,Time to First Token,ms,avg,41834.42
44,1780553320323170560,1780553321323170560,Time to First Token,ms,min,41834.42
44,1780553320323170560,1780553321323170560,Time to First Token,ms,max,41834.42
44,1780553320323170560,1780553321323170560,Time to First Token,ms,sum,41834.42
44,1780553320323170560,1780553321323170560,Time to First Token,ms,p1,41834.42
44,1780553320323170560,1780553321323170560,Time to First Token,ms,p5,41834.42
44,1780553320323170560,1780553321323170560,Time to First Token,ms,p10,41834.42
44,1780553320323170560,1780553321323170560,Time to First Token,ms,p25,41834.42
44,1780553320323170560,1780553321323170560,Time to First Token,ms,p50,41834.42
44,1780553320323170560,1780553321323170560,Time to First Token,ms,p75,41834.42
44,1780553320323170560,1780553321323170560,Time to First Token,ms,p90,41834.42
44,1780553320323170560,1780553321323170560,Time to First Token,ms,p95,41834.42
44,1780553320323170560,1780553321323170560,Time to First Token,ms,p99,41834.42
44,1780553320323170560,1780553321323170560,Time to First Token,ms,std,0.00
44,1780553320323170560,1780553321323170560,Time to Second Token,ms,avg,10.21
44,1780553320323170560,1780553321323170560,Time to Second Token,ms,min,10.21
44,1780553320323170560,1780553321323170560,Time to Second Token,ms,max,10.21
44,1780553320323170560,1780553321323170560,Time to Second Token,ms,sum,10.21
44,1780553320323170560,1780553321323170560,Time to Second Token,ms,p1,10.21
44,1780553320323170560,1780553321323170560,Time to Second Token,ms,p5,10.21
44,1780553320323170560,1780553321323170560,Time to Second Token,ms,p10,10.21
44,1780553320323170560,1780553321323170560,Time to Second Token,ms,p25,10.21
44,1780553320323170560,1780553321323170560,Time to Second Token,ms,p50,10.21
44,1780553320323170560,1780553321323170560,Time to Second Token,ms,p75,10.21
44,1780553320323170560,1780553321323170560,Time to Second Token,ms,p90,10.21
44,1780553320323170560,1780553321323170560,Time to Second Token,ms,p95,10.21
44,1780553320323170560,1780553321323170560,Time to Second Token,ms,p99,10.21
44,1780553320323170560,1780553321323170560,Time to Second Token,ms,std,0.00
44,1780553320323170560,1780553321323170560,Tokens In Flight,tokens,avg,1535128.98
44,1780553320323170560,1780553321323170560,Tokens In Flight,tokens,min,1504787.00
44,1780553320323170560,1780553321323170560,Tokens In Flight,tokens,max,1569750.00
44,1780553320323170560,1780553321323170560,Tokens In Flight,tokens,p50,1504803.00
44,1780553320323170560,1780553321323170560,Tokens In Flight,tokens,p90,1569747.00
44,1780553320323170560,1780553321323170560,Tokens In Flight,tokens,p95,1569748.00
44,1780553320323170560,1780553321323170560,Tokens In Flight,tokens,p99,1569750.00
44,1780553320323170560,1780553321323170560,Tokens In Flight,tokens,std,32403.02
44,1780553320323170560,1780553321323170560,Total Input Sequence Length,tokens,avg,64932.00
44,1780553320323170560,1780553321323170560,Total Output Sequence Length,tokens,avg,88.00
44,1780553320323170560,1780553321323170560,Total Output Tokens,tokens,avg,88.00
44,1780553320323170560,1780553321323170560,Total Token Throughput,tokens/sec,avg,65020.00
44,1780553320323170560,1780553321323170560,Total Usage Completion Tokens,tokens,avg,88.00
44,1780553320323170560,1780553321323170560,Total Usage Prompt Tokens,tokens,avg,64932.00
44,1780553320323170560,1780553321323170560,Total Usage Total Tokens,tokens,avg,65020.00
44,1780553320323170560,1780553321323170560,Usage Completion Tokens,tokens,avg,88.00
44,1780553320323170560,1780553321323170560,Usage Completion Tokens,tokens,min,88.00
44,1780553320323170560,1780553321323170560,Usage Completion Tokens,tokens,max,88.00
44,1780553320323170560,1780553321323170560,Usage Completion Tokens,tokens,sum,88.00
44,1780553320323170560,1780553321323170560,Usage Completion Tokens,tokens,p1,88.00
44,1780553320323170560,1780553321323170560,Usage Completion Tokens,tokens,p5,88.00
44,1780553320323170560,1780553321323170560,Usage Completion Tokens,tokens,p10,88.00
44,1780553320323170560,1780553321323170560,Usage Completion Tokens,tokens,p25,88.00
44,1780553320323170560,1780553321323170560,Usage Completion Tokens,tokens,p50,88.00
44,1780553320323170560,1780553321323170560,Usage Completion Tokens,tokens,p75,88.00
44,1780553320323170560,1780553321323170560,Usage Completion Tokens,tokens,p90,88.00
44,1780553320323170560,1780553321323170560,Usage Completion Tokens,tokens,p95,88.00
44,1780553320323170560,1780553321323170560,Usage Completion Tokens,tokens,p99,88.00
44,1780553320323170560,1780553321323170560,Usage Completion Tokens,tokens,std,0.00
44,1780553320323170560,1780553321323170560,Usage Prompt Tokens,tokens,avg,64932.00
44,1780553320323170560,1780553321323170560,Usage Prompt Tokens,tokens,min,64932.00
44,1780553320323170560,1780553321323170560,Usage Prompt Tokens,tokens,max,64932.00
44,1780553320323170560,1780553321323170560,Usage Prompt Tokens,tokens,sum,64932.00
44,1780553320323170560,1780553321323170560,Usage Prompt Tokens,tokens,p1,64932.00
44,1780553320323170560,1780553321323170560,Usage Prompt Tokens,tokens,p5,64932.00
44,1780553320323170560,1780553321323170560,Usage Prompt Tokens,tokens,p10,64932.00
44,1780553320323170560,1780553321323170560,Usage Prompt Tokens,tokens,p25,64932.00
44,1780553320323170560,1780553321323170560,Usage Prompt Tokens,tokens,p50,64932.00
44,1780553320323170560,1780553321323170560,Usage Prompt Tokens,tokens,p75,64932.00
44,1780553320323170560,1780553321323170560,Usage Prompt Tokens,tokens,p90,64932.00
44,1780553320323170560,1780553321323170560,Usage Prompt Tokens,tokens,p95,64932.00
44,1780553320323170560,1780553321323170560,Usage Prompt Tokens,tokens,p99,64932.00
44,1780553320323170560,1780553321323170560,Usage Prompt Tokens,tokens,std,0.00
44,1780553320323170560,1780553321323170560,Usage Total Tokens,tokens,avg,65020.00
44,1780553320323170560,1780553321323170560,Usage Total Tokens,tokens,min,65020.00
44,1780553320323170560,1780553321323170560,Usage Total Tokens,tokens,max,65020.00
44,1780553320323170560,1780553321323170560,Usage Total Tokens,tokens,sum,65020.00
44,1780553320323170560,1780553321323170560,Usage Total Tokens,tokens,p1,65020.00
44,1780553320323170560,1780553321323170560,Usage Total Tokens,tokens,p5,65020.00
44,1780553320323170560,1780553321323170560,Usage Total Tokens,tokens,p10,65020.00
44,1780553320323170560,1780553321323170560,Usage Total Tokens,tokens,p25,65020.00
44,1780553320323170560,1780553321323170560,Usage Total Tokens,tokens,p50,65020.00
44,1780553320323170560,1780553321323170560,Usage Total Tokens,tokens,p75,65020.00
44,1780553320323170560,1780553321323170560,Usage Total Tokens,tokens,p90,65020.00
44,1780553320323170560,1780553321323170560,Usage Total Tokens,tokens,p95,65020.00
44,1780553320323170560,1780553321323170560,Usage Total Tokens,tokens,p99,65020.00
44,1780553320323170560,1780553321323170560,Usage Total Tokens,tokens,std,0.00
45,1780553324323170560,1780553325323170560,Active Decode Throughput,tokens/sec,avg,46.04
45,1780553324323170560,1780553325323170560,Active Decode Throughput,tokens/sec,min,30.52
45,1780553324323170560,1780553325323170560,Active Decode Throughput,tokens/sec,max,61.57
45,1780553324323170560,1780553325323170560,Active Decode Throughput,tokens/sec,p50,46.04
45,1780553324323170560,1780553325323170560,Active Decode Throughput,tokens/sec,p90,46.04
45,1780553324323170560,1780553325323170560,Active Decode Throughput,tokens/sec,p95,46.05
45,1780553324323170560,1780553325323170560,Active Decode Throughput,tokens/sec,p99,46.05
45,1780553324323170560,1780553325323170560,Active Decode Throughput,tokens/sec,std,0.03
45,1780553324323170560,1780553325323170560,Active Decode Throughput Per User,tokens/sec/user,avg,4.60
45,1780553324323170560,1780553325323170560,Active Decode Throughput Per User,tokens/sec/user,min,3.05
45,1780553324323170560,1780553325323170560,Active Decode Throughput Per User,tokens/sec/user,max,6.16
45,1780553324323170560,1780553325323170560,Active Decode Throughput Per User,tokens/sec/user,p50,4.60
45,1780553324323170560,1780553325323170560,Active Decode Throughput Per User,tokens/sec/user,p90,4.60
45,1780553324323170560,1780553325323170560,Active Decode Throughput Per User,tokens/sec/user,p95,4.60
45,1780553324323170560,1780553325323170560,Active Decode Throughput Per User,tokens/sec/user,p99,4.60
45,1780553324323170560,1780553325323170560,Active Decode Throughput Per User,tokens/sec/user,std,0.00
45,1780553324323170560,1780553325323170560,Active Prefill Throughput,tokens/sec,avg,4907.49
45,1780553324323170560,1780553325323170560,Active Prefill Throughput,tokens/sec,min,4105.54
45,1780553324323170560,1780553325323170560,Active Prefill Throughput,tokens/sec,max,5863.98
45,1780553324323170560,1780553325323170560,Active Prefill Throughput,tokens/sec,p50,4105.54
45,1780553324323170560,1780553325323170560,Active Prefill Throughput,tokens/sec,p90,5863.98
45,1780553324323170560,1780553325323170560,Active Prefill Throughput,tokens/sec,p95,5863.98
45,1780553324323170560,1780553325323170560,Active Prefill Throughput,tokens/sec,p99,5863.98
45,1780553324323170560,1780553325323170560,Active Prefill Throughput,tokens/sec,std,875.82
45,1780553324323170560,1780553325323170560,Active Prefill Throughput Per User,tokens/sec/user,avg,1093.16
45,1780553324323170560,1780553325323170560,Active Prefill Throughput Per User,tokens/sec/user,min,1026.38
45,1780553324323170560,1780553325323170560,Active Prefill Throughput Per User,tokens/sec/user,max,1172.80
45,1780553324323170560,1780553325323170560,Active Prefill Throughput Per User,tokens/sec/user,p50,1026.38
45,1780553324323170560,1780553325323170560,Active Prefill Throughput Per User,tokens/sec/user,p90,1172.80
45,1780553324323170560,1780553325323170560,Active Prefill Throughput Per User,tokens/sec/user,p95,1172.80
45,1780553324323170560,1780553325323170560,Active Prefill Throughput Per User,tokens/sec/user,p99,1172.80
45,1780553324323170560,1780553325323170560,Active Prefill Throughput Per User,tokens/sec/user,std,72.92
45,1780553324323170560,1780553325323170560,Active Total Throughput,tokens/sec,avg,4974.10
45,1780553324323170560,1780553325323170560,Active Total Throughput,tokens/sec,min,4172.15
45,1780553324323170560,1780553325323170560,Active Total Throughput,tokens/sec,max,5930.59
45,1780553324323170560,1780553325323170560,Active Total Throughput,tokens/sec,p50,4172.15
45,1780553324323170560,1780553325323170560,Active Total Throughput,tokens/sec,p90,5930.59
45,1780553324323170560,1780553325323170560,Active Total Throughput,tokens/sec,p95,5930.59
45,1780553324323170560,1780553325323170560,Active Total Throughput,tokens/sec,p99,5930.59
45,1780553324323170560,1780553325323170560,Active Total Throughput,tokens/sec,std,875.82
45,1780553324323170560,1780553325323170560,Benchmark Duration,sec,avg,48.79
45,1780553324323170560,1780553325323170560,E2E Output Token Throughput,tokens/sec/user,avg,0.12
45,1780553324323170560,1780553325323170560,E2E Output Token Throughput,tokens/sec/user,min,0.12
45,1780553324323170560,1780553325323170560,E2E Output Token Throughput,tokens/sec/user,max,0.12
45,1780553324323170560,1780553325323170560,E2E Output Token Throughput,tokens/sec/user,sum,0.12
45,1780553324323170560,1780553325323170560,E2E Output Token Throughput,tokens/sec/user,p1,0.12
45,1780553324323170560,1780553325323170560,E2E Output Token Throughput,tokens/sec/user,p5,0.12
45,1780553324323170560,1780553325323170560,E2E Output Token Throughput,tokens/sec/user,p10,0.12
45,1780553324323170560,1780553325323170560,E2E Output Token Throughput,tokens/sec/user,p25,0.12
45,1780553324323170560,1780553325323170560,E2E Output Token Throughput,tokens/sec/user,p50,0.12
45,1780553324323170560,1780553325323170560,E2E Output Token Throughput,tokens/sec/user,p75,0.12
45,1780553324323170560,1780553325323170560,E2E Output Token Throughput,tokens/sec/user,p90,0.12
45,1780553324323170560,1780553325323170560,E2E Output Token Throughput,tokens/sec/user,p95,0.12
45,1780553324323170560,1780553325323170560,E2E Output Token Throughput,tokens/sec/user,p99,0.12
45,1780553324323170560,1780553325323170560,E2E Output Token Throughput,tokens/sec/user,std,0.00
45,1780553324323170560,1780553325323170560,Effective Concurrency,requests,avg,14.46
45,1780553324323170560,1780553325323170560,Effective Concurrency,requests,min,14.00
45,1780553324323170560,1780553325323170560,Effective Concurrency,requests,max,15.00
45,1780553324323170560,1780553325323170560,Effective Concurrency,requests,p50,14.00
45,1780553324323170560,1780553325323170560,Effective Concurrency,requests,p90,15.00
45,1780553324323170560,1780553325323170560,Effective Concurrency,requests,p95,15.00
45,1780553324323170560,1780553325323170560,Effective Concurrency,requests,p99,15.00
45,1780553324323170560,1780553325323170560,Effective Concurrency,requests,std,0.50
45,1780553324323170560,1780553325323170560,Effective Decode Concurrency,requests,avg,10.00
45,1780553324323170560,1780553325323170560,Effective Decode Concurrency,requests,min,10.00
45,1780553324323170560,1780553325323170560,Effective Decode Concurrency,requests,max,10.00
45,1780553324323170560,1780553325323170560,Effective Decode Concurrency,requests,p50,10.00
45,1780553324323170560,1780553325323170560,Effective Decode Concurrency,requests,p90,10.00
45,1780553324323170560,1780553325323170560,Effective Decode Concurrency,requests,p95,10.00
45,1780553324323170560,1780553325323170560,Effective Decode Concurrency,requests,p99,10.00
45,1780553324323170560,1780553325323170560,Effective Decode Concurrency,requests,std,0.00
45,1780553324323170560,1780553325323170560,Effective Decode Throughput,tokens/sec,avg,46.04
45,1780553324323170560,1780553325323170560,Effective Decode Throughput,tokens/sec,min,30.52
45,1780553324323170560,1780553325323170560,Effective Decode Throughput,tokens/sec,max,61.57
45,1780553324323170560,1780553325323170560,Effective Decode Throughput,tokens/sec,p50,46.04
45,1780553324323170560,1780553325323170560,Effective Decode Throughput,tokens/sec,p90,46.04
45,1780553324323170560,1780553325323170560,Effective Decode Throughput,tokens/sec,p95,46.05
45,1780553324323170560,1780553325323170560,Effective Decode Throughput,tokens/sec,p99,46.05
45,1780553324323170560,1780553325323170560,Effective Decode Throughput,tokens/sec,std,0.03
45,1780553324323170560,1780553325323170560,Effective Decode Throughput Per User,tokens/sec/user,avg,4.60
45,1780553324323170560,1780553325323170560,Effective Decode Throughput Per User,tokens/sec/user,min,3.05
45,1780553324323170560,1780553325323170560,Effective Decode Throughput Per User,tokens/sec/user,max,6.16
45,1780553324323170560,1780553325323170560,Effective Decode Throughput Per User,tokens/sec/user,p50,4.60
45,1780553324323170560,1780553325323170560,Effective Decode Throughput Per User,tokens/sec/user,p90,4.60
45,1780553324323170560,1780553325323170560,Effective Decode Throughput Per User,tokens/sec/user,p95,4.60
45,1780553324323170560,1780553325323170560,Effective Decode Throughput Per User,tokens/sec/user,p99,4.60
45,1780553324323170560,1780553325323170560,Effective Decode Throughput Per User,tokens/sec/user,std,0.00
45,1780553324323170560,1780553325323170560,Effective Prefill Concurrency,requests,avg,4.46
45,1780553324323170560,1780553325323170560,Effective Prefill Concurrency,requests,min,4.00
45,1780553324323170560,1780553325323170560,Effective Prefill Concurrency,requests,max,5.00
45,1780553324323170560,1780553325323170560,Effective Prefill Concurrency,requests,p50,4.00
45,1780553324323170560,1780553325323170560,Effective Prefill Concurrency,requests,p90,5.00
45,1780553324323170560,1780553325323170560,Effective Prefill Concurrency,requests,p95,5.00
45,1780553324323170560,1780553325323170560,Effective Prefill Concurrency,requests,p99,5.00
45,1780553324323170560,1780553325323170560,Effective Prefill Concurrency,requests,std,0.50
45,1780553324323170560,1780553325323170560,Effective Prefill Throughput,tokens/sec,avg,4907.49
45,1780553324323170560,1780553325323170560,Effective Prefill Throughput,tokens/sec,min,4105.54
45,1780553324323170560,1780553325323170560,Effective Prefill Throughput,tokens/sec,max,5863.98
45,1780553324323170560,1780553325323170560,Effective Prefill Throughput,tokens/sec,p50,4105.54
45,1780553324323170560,1780553325323170560,Effective Prefill Throughput,tokens/sec,p90,5863.98
45,1780553324323170560,1780553325323170560,Effective Prefill Throughput,tokens/sec,p95,5863.98
45,1780553324323170560,1780553325323170560,Effective Prefill Throughput,tokens/sec,p99,5863.98
45,1780553324323170560,1780553325323170560,Effective Prefill Throughput,tokens/sec,std,875.82
45,1780553324323170560,1780553325323170560,Effective Prefill Throughput Per User,tokens/sec/user,avg,1093.16
45,1780553324323170560,1780553325323170560,Effective Prefill Throughput Per User,tokens/sec/user,min,1026.38
45,1780553324323170560,1780553325323170560,Effective Prefill Throughput Per User,tokens/sec/user,max,1172.80
45,1780553324323170560,1780553325323170560,Effective Prefill Throughput Per User,tokens/sec/user,p50,1026.38
45,1780553324323170560,1780553325323170560,Effective Prefill Throughput Per User,tokens/sec/user,p90,1172.80
45,1780553324323170560,1780553325323170560,Effective Prefill Throughput Per User,tokens/sec/user,p95,1172.80
45,1780553324323170560,1780553325323170560,Effective Prefill Throughput Per User,tokens/sec/user,p99,1172.80
45,1780553324323170560,1780553325323170560,Effective Prefill Throughput Per User,tokens/sec/user,std,72.92
45,1780553324323170560,1780553325323170560,Effective Total Throughput,tokens/sec,avg,4974.10
45,1780553324323170560,1780553325323170560,Effective Total Throughput,tokens/sec,min,4172.15
45,1780553324323170560,1780553325323170560,Effective Total Throughput,tokens/sec,max,5930.59
45,1780553324323170560,1780553325323170560,Effective Total Throughput,tokens/sec,p50,4172.15
45,1780553324323170560,1780553325323170560,Effective Total Throughput,tokens/sec,p90,5930.59
45,1780553324323170560,1780553325323170560,Effective Total Throughput,tokens/sec,p95,5930.59
45,1780553324323170560,1780553325323170560,Effective Total Throughput,tokens/sec,p99,5930.59
45,1780553324323170560,1780553325323170560,Effective Total Throughput,tokens/sec,std,875.82
45,1780553324323170560,1780553325323170560,HTTP Blocked,ms,avg,0.00
45,1780553324323170560,1780553325323170560,HTTP Blocked,ms,min,0.00
45,1780553324323170560,1780553325323170560,HTTP Blocked,ms,max,0.00
45,1780553324323170560,1780553325323170560,HTTP Blocked,ms,sum,0.00
45,1780553324323170560,1780553325323170560,HTTP Blocked,ms,p1,0.00
45,1780553324323170560,1780553325323170560,HTTP Blocked,ms,p5,0.00
45,1780553324323170560,1780553325323170560,HTTP Blocked,ms,p10,0.00
45,1780553324323170560,1780553325323170560,HTTP Blocked,ms,p25,0.00
45,1780553324323170560,1780553325323170560,HTTP Blocked,ms,p50,0.00
45,1780553324323170560,1780553325323170560,HTTP Blocked,ms,p75,0.00
45,1780553324323170560,1780553325323170560,HTTP Blocked,ms,p90,0.00
45,1780553324323170560,1780553325323170560,HTTP Blocked,ms,p95,0.00
45,1780553324323170560,1780553325323170560,HTTP Blocked,ms,p99,0.00
45,1780553324323170560,1780553325323170560,HTTP Blocked,ms,std,0.00
45,1780553324323170560,1780553325323170560,HTTP Chunks Received,count,avg,6.00
45,1780553324323170560,1780553325323170560,HTTP Chunks Received,count,min,6.00
45,1780553324323170560,1780553325323170560,HTTP Chunks Received,count,max,6.00
45,1780553324323170560,1780553325323170560,HTTP Chunks Received,count,sum,6.00
45,1780553324323170560,1780553325323170560,HTTP Chunks Received,count,p1,6.00
45,1780553324323170560,1780553325323170560,HTTP Chunks Received,count,p5,6.00
45,1780553324323170560,1780553325323170560,HTTP Chunks Received,count,p10,6.00
45,1780553324323170560,1780553325323170560,HTTP Chunks Received,count,p25,6.00
45,1780553324323170560,1780553325323170560,HTTP Chunks Received,count,p50,6.00
45,1780553324323170560,1780553325323170560,HTTP Chunks Received,count,p75,6.00
45,1780553324323170560,1780553325323170560,HTTP Chunks Received,count,p90,6.00
45,1780553324323170560,1780553325323170560,HTTP Chunks Received,count,p95,6.00
45,1780553324323170560,1780553325323170560,HTTP Chunks Received,count,p99,6.00
45,1780553324323170560,1780553325323170560,HTTP Chunks Received,count,std,0.00
45,1780553324323170560,1780553325323170560,HTTP Chunks Sent,count,avg,1.00
45,1780553324323170560,1780553325323170560,HTTP Chunks Sent,count,min,1.00
45,1780553324323170560,1780553325323170560,HTTP Chunks Sent,count,max,1.00
45,1780553324323170560,1780553325323170560,HTTP Chunks Sent,count,sum,1.00
45,1780553324323170560,1780553325323170560,HTTP Chunks Sent,count,p1,1.00
45,1780553324323170560,1780553325323170560,HTTP Chunks Sent,count,p5,1.00
45,1780553324323170560,1780553325323170560,HTTP Chunks Sent,count,p10,1.00
45,1780553324323170560,1780553325323170560,HTTP Chunks Sent,count,p25,1.00
45,1780553324323170560,1780553325323170560,HTTP Chunks Sent,count,p50,1.00
45,1780553324323170560,1780553325323170560,HTTP Chunks Sent,count,p75,1.00
45,1780553324323170560,1780553325323170560,HTTP Chunks Sent,count,p90,1.00
45,1780553324323170560,1780553325323170560,HTTP Chunks Sent,count,p95,1.00
45,1780553324323170560,1780553325323170560,HTTP Chunks Sent,count,p99,1.00
45,1780553324323170560,1780553325323170560,HTTP Chunks Sent,count,std,0.00
45,1780553324323170560,1780553325323170560,HTTP Connecting,ms,avg,1.24
45,1780553324323170560,1780553325323170560,HTTP Connecting,ms,min,1.24
45,1780553324323170560,1780553325323170560,HTTP Connecting,ms,max,1.24
45,1780553324323170560,1780553325323170560,HTTP Connecting,ms,sum,1.24
45,1780553324323170560,1780553325323170560,HTTP Connecting,ms,p1,1.24
45,1780553324323170560,1780553325323170560,HTTP Connecting,ms,p5,1.24
45,1780553324323170560,1780553325323170560,HTTP Connecting,ms,p10,1.24
45,1780553324323170560,1780553325323170560,HTTP Connecting,ms,p25,1.24
45,1780553324323170560,1780553325323170560,HTTP Connecting,ms,p50,1.24
45,1780553324323170560,1780553325323170560,HTTP Connecting,ms,p75,1.24
45,1780553324323170560,1780553325323170560,HTTP Connecting,ms,p90,1.24
45,1780553324323170560,1780553325323170560,HTTP Connecting,ms,p95,1.24
45,1780553324323170560,1780553325323170560,HTTP Connecting,ms,p99,1.24
45,1780553324323170560,1780553325323170560,HTTP Connecting,ms,std,0.00
45,1780553324323170560,1780553325323170560,HTTP Connection Overhead,ms,avg,1.72
45,1780553324323170560,1780553325323170560,HTTP Connection Overhead,ms,min,1.72
45,1780553324323170560,1780553325323170560,HTTP Connection Overhead,ms,max,1.72
45,1780553324323170560,1780553325323170560,HTTP Connection Overhead,ms,sum,1.72
45,1780553324323170560,1780553325323170560,HTTP Connection Overhead,ms,p1,1.72
45,1780553324323170560,1780553325323170560,HTTP Connection Overhead,ms,p5,1.72
45,1780553324323170560,1780553325323170560,HTTP Connection Overhead,ms,p10,1.72
45,1780553324323170560,1780553325323170560,HTTP Connection Overhead,ms,p25,1.72
45,1780553324323170560,1780553325323170560,HTTP Connection Overhead,ms,p50,1.72
45,1780553324323170560,1780553325323170560,HTTP Connection Overhead,ms,p75,1.72
45,1780553324323170560,1780553325323170560,HTTP Connection Overhead,ms,p90,1.72
45,1780553324323170560,1780553325323170560,HTTP Connection Overhead,ms,p95,1.72
45,1780553324323170560,1780553325323170560,HTTP Connection Overhead,ms,p99,1.72
45,1780553324323170560,1780553325323170560,HTTP Connection Overhead,ms,std,0.00
45,1780553324323170560,1780553325323170560,HTTP Connection Reused,ratio,avg,0.00
45,1780553324323170560,1780553325323170560,HTTP Connection Reused,ratio,min,0.00
45,1780553324323170560,1780553325323170560,HTTP Connection Reused,ratio,max,0.00
45,1780553324323170560,1780553325323170560,HTTP Connection Reused,ratio,sum,0.00
45,1780553324323170560,1780553325323170560,HTTP Connection Reused,ratio,p1,0.00
45,1780553324323170560,1780553325323170560,HTTP Connection Reused,ratio,p5,0.00
45,1780553324323170560,1780553325323170560,HTTP Connection Reused,ratio,p10,0.00
45,1780553324323170560,1780553325323170560,HTTP Connection Reused,ratio,p25,0.00
45,1780553324323170560,1780553325323170560,HTTP Connection Reused,ratio,p50,0.00
45,1780553324323170560,1780553325323170560,HTTP Connection Reused,ratio,p75,0.00
45,1780553324323170560,1780553325323170560,HTTP Connection Reused,ratio,p90,0.00
45,1780553324323170560,1780553325323170560,HTTP Connection Reused,ratio,p95,0.00
45,1780553324323170560,1780553325323170560,HTTP Connection Reused,ratio,p99,0.00
45,1780553324323170560,1780553325323170560,HTTP Connection Reused,ratio,std,0.00
45,1780553324323170560,1780553325323170560,HTTP Data Received,KB,avg,2.09
45,1780553324323170560,1780553325323170560,HTTP Data Received,KB,min,2.09
45,1780553324323170560,1780553325323170560,HTTP Data Received,KB,max,2.09
45,1780553324323170560,1780553325323170560,HTTP Data Received,KB,sum,2.09
45,1780553324323170560,1780553325323170560,HTTP Data Received,KB,p1,2.09
45,1780553324323170560,1780553325323170560,HTTP Data Received,KB,p5,2.09
45,1780553324323170560,1780553325323170560,HTTP Data Received,KB,p10,2.09
45,1780553324323170560,1780553325323170560,HTTP Data Received,KB,p25,2.09
45,1780553324323170560,1780553325323170560,HTTP Data Received,KB,p50,2.09
45,1780553324323170560,1780553325323170560,HTTP Data Received,KB,p75,2.09
45,1780553324323170560,1780553325323170560,HTTP Data Received,KB,p90,2.09
45,1780553324323170560,1780553325323170560,HTTP Data Received,KB,p95,2.09
45,1780553324323170560,1780553325323170560,HTTP Data Received,KB,p99,2.09
45,1780553324323170560,1780553325323170560,HTTP Data Received,KB,std,0.00
45,1780553324323170560,1780553325323170560,HTTP Data Sent,KB,avg,329.90
45,1780553324323170560,1780553325323170560,HTTP Data Sent,KB,min,329.90
45,1780553324323170560,1780553325323170560,HTTP Data Sent,KB,max,329.90
45,1780553324323170560,1780553325323170560,HTTP Data Sent,KB,sum,329.90
45,1780553324323170560,1780553325323170560,HTTP Data Sent,KB,p1,329.90
45,1780553324323170560,1780553325323170560,HTTP Data Sent,KB,p5,329.90
45,1780553324323170560,1780553325323170560,HTTP Data Sent,KB,p10,329.90
45,1780553324323170560,1780553325323170560,HTTP Data Sent,KB,p25,329.90
45,1780553324323170560,1780553325323170560,HTTP Data Sent,KB,p50,329.90
45,1780553324323170560,1780553325323170560,HTTP Data Sent,KB,p75,329.90
45,1780553324323170560,1780553325323170560,HTTP Data Sent,KB,p90,329.90
45,1780553324323170560,1780553325323170560,HTTP Data Sent,KB,p95,329.90
45,1780553324323170560,1780553325323170560,HTTP Data Sent,KB,p99,329.90
45,1780553324323170560,1780553325323170560,HTTP Data Sent,KB,std,0.00
45,1780553324323170560,1780553325323170560,HTTP DNS Lookup,ms,avg,0.49
45,1780553324323170560,1780553325323170560,HTTP DNS Lookup,ms,min,0.49
45,1780553324323170560,1780553325323170560,HTTP DNS Lookup,ms,max,0.49
45,1780553324323170560,1780553325323170560,HTTP DNS Lookup,ms,sum,0.49
45,1780553324323170560,1780553325323170560,HTTP DNS Lookup,ms,p1,0.49
45,1780553324323170560,1780553325323170560,HTTP DNS Lookup,ms,p5,0.49
45,1780553324323170560,1780553325323170560,HTTP DNS Lookup,ms,p10,0.49
45,1780553324323170560,1780553325323170560,HTTP DNS Lookup,ms,p25,0.49
45,1780553324323170560,1780553325323170560,HTTP DNS Lookup,ms,p50,0.49
45,1780553324323170560,1780553325323170560,HTTP DNS Lookup,ms,p75,0.49
45,1780553324323170560,1780553325323170560,HTTP DNS Lookup,ms,p90,0.49
45,1780553324323170560,1780553325323170560,HTTP DNS Lookup,ms,p95,0.49
45,1780553324323170560,1780553325323170560,HTTP DNS Lookup,ms,p99,0.49
45,1780553324323170560,1780553325323170560,HTTP DNS Lookup,ms,std,0.00
45,1780553324323170560,1780553325323170560,HTTP Duration (excl. conn),ms,avg,48787.35
45,1780553324323170560,1780553325323170560,HTTP Duration (excl. conn),ms,min,48787.35
45,1780553324323170560,1780553325323170560,HTTP Duration (excl. conn),ms,max,48787.35
45,1780553324323170560,1780553325323170560,HTTP Duration (excl. conn),ms,sum,48787.35
45,1780553324323170560,1780553325323170560,HTTP Duration (excl. conn),ms,p1,48787.35
45,1780553324323170560,1780553325323170560,HTTP Duration (excl. conn),ms,p5,48787.35
45,1780553324323170560,1780553325323170560,HTTP Duration (excl. conn),ms,p10,48787.35
45,1780553324323170560,1780553325323170560,HTTP Duration (excl. conn),ms,p25,48787.35
45,1780553324323170560,1780553325323170560,HTTP Duration (excl. conn),ms,p50,48787.35
45,1780553324323170560,1780553325323170560,HTTP Duration (excl. conn),ms,p75,48787.35
45,1780553324323170560,1780553325323170560,HTTP Duration (excl. conn),ms,p90,48787.35
45,1780553324323170560,1780553325323170560,HTTP Duration (excl. conn),ms,p95,48787.35
45,1780553324323170560,1780553325323170560,HTTP Duration (excl. conn),ms,p99,48787.35
45,1780553324323170560,1780553325323170560,HTTP Duration (excl. conn),ms,std,0.00
45,1780553324323170560,1780553325323170560,HTTP Receiving,ms,avg,275.20
45,1780553324323170560,1780553325323170560,HTTP Receiving,ms,min,275.20
45,1780553324323170560,1780553325323170560,HTTP Receiving,ms,max,275.20
45,1780553324323170560,1780553325323170560,HTTP Receiving,ms,sum,275.20
45,1780553324323170560,1780553325323170560,HTTP Receiving,ms,p1,275.20
45,1780553324323170560,1780553325323170560,HTTP Receiving,ms,p5,275.20
45,1780553324323170560,1780553325323170560,HTTP Receiving,ms,p10,275.20
45,1780553324323170560,1780553325323170560,HTTP Receiving,ms,p25,275.20
45,1780553324323170560,1780553325323170560,HTTP Receiving,ms,p50,275.20
45,1780553324323170560,1780553325323170560,HTTP Receiving,ms,p75,275.20
45,1780553324323170560,1780553325323170560,HTTP Receiving,ms,p90,275.20
45,1780553324323170560,1780553325323170560,HTTP Receiving,ms,p95,275.20
45,1780553324323170560,1780553325323170560,HTTP Receiving,ms,p99,275.20
45,1780553324323170560,1780553325323170560,HTTP Receiving,ms,std,0.00
45,1780553324323170560,1780553325323170560,HTTP Sending,ms,avg,1.54
45,1780553324323170560,1780553325323170560,HTTP Sending,ms,min,1.54
45,1780553324323170560,1780553325323170560,HTTP Sending,ms,max,1.54
45,1780553324323170560,1780553325323170560,HTTP Sending,ms,sum,1.54
45,1780553324323170560,1780553325323170560,HTTP Sending,ms,p1,1.54
45,1780553324323170560,1780553325323170560,HTTP Sending,ms,p5,1.54
45,1780553324323170560,1780553325323170560,HTTP Sending,ms,p10,1.54
45,1780553324323170560,1780553325323170560,HTTP Sending,ms,p25,1.54
45,1780553324323170560,1780553325323170560,HTTP Sending,ms,p50,1.54
45,1780553324323170560,1780553325323170560,HTTP Sending,ms,p75,1.54
45,1780553324323170560,1780553325323170560,HTTP Sending,ms,p90,1.54
45,1780553324323170560,1780553325323170560,HTTP Sending,ms,p95,1.54
45,1780553324323170560,1780553325323170560,HTTP Sending,ms,p99,1.54
45,1780553324323170560,1780553325323170560,HTTP Sending,ms,std,0.00
45,1780553324323170560,1780553325323170560,HTTP Total Time,ms,avg,48789.08
45,1780553324323170560,1780553325323170560,HTTP Total Time,ms,min,48789.08
45,1780553324323170560,1780553325323170560,HTTP Total Time,ms,max,48789.08
45,1780553324323170560,1780553325323170560,HTTP Total Time,ms,sum,48789.08
45,1780553324323170560,1780553325323170560,HTTP Total Time,ms,p1,48789.08
45,1780553324323170560,1780553325323170560,HTTP Total Time,ms,p5,48789.08
45,1780553324323170560,1780553325323170560,HTTP Total Time,ms,p10,48789.08
45,1780553324323170560,1780553325323170560,HTTP Total Time,ms,p25,48789.08
45,1780553324323170560,1780553325323170560,HTTP Total Time,ms,p50,48789.08
45,1780553324323170560,1780553325323170560,HTTP Total Time,ms,p75,48789.08
45,1780553324323170560,1780553325323170560,HTTP Total Time,ms,p90,48789.08
45,1780553324323170560,1780553325323170560,HTTP Total Time,ms,p95,48789.08
45,1780553324323170560,1780553325323170560,HTTP Total Time,ms,p99,48789.08
45,1780553324323170560,1780553325323170560,HTTP Total Time,ms,std,0.00
45,1780553324323170560,1780553325323170560,HTTP Waiting (TTFB),ms,avg,48510.61
45,1780553324323170560,1780553325323170560,HTTP Waiting (TTFB),ms,min,48510.61
45,1780553324323170560,1780553325323170560,HTTP Waiting (TTFB),ms,max,48510.61
45,1780553324323170560,1780553325323170560,HTTP Waiting (TTFB),ms,sum,48510.61
45,1780553324323170560,1780553325323170560,HTTP Waiting (TTFB),ms,p1,48510.61
45,1780553324323170560,1780553325323170560,HTTP Waiting (TTFB),ms,p5,48510.61
45,1780553324323170560,1780553325323170560,HTTP Waiting (TTFB),ms,p10,48510.61
45,1780553324323170560,1780553325323170560,HTTP Waiting (TTFB),ms,p25,48510.61
45,1780553324323170560,1780553325323170560,HTTP Waiting (TTFB),ms,p50,48510.61
45,1780553324323170560,1780553325323170560,HTTP Waiting (TTFB),ms,p75,48510.61
45,1780553324323170560,1780553325323170560,HTTP Waiting (TTFB),ms,p90,48510.61
45,1780553324323170560,1780553325323170560,HTTP Waiting (TTFB),ms,p95,48510.61
45,1780553324323170560,1780553325323170560,HTTP Waiting (TTFB),ms,p99,48510.61
45,1780553324323170560,1780553325323170560,HTTP Waiting (TTFB),ms,std,0.00
45,1780553324323170560,1780553325323170560,Input Sequence Length,tokens,avg,85306.00
45,1780553324323170560,1780553325323170560,Input Sequence Length,tokens,min,85306.00
45,1780553324323170560,1780553325323170560,Input Sequence Length,tokens,max,85306.00
45,1780553324323170560,1780553325323170560,Input Sequence Length,tokens,sum,85306.00
45,1780553324323170560,1780553325323170560,Input Sequence Length,tokens,p1,85306.00
45,1780553324323170560,1780553325323170560,Input Sequence Length,tokens,p5,85306.00
45,1780553324323170560,1780553325323170560,Input Sequence Length,tokens,p10,85306.00
45,1780553324323170560,1780553325323170560,Input Sequence Length,tokens,p25,85306.00
45,1780553324323170560,1780553325323170560,Input Sequence Length,tokens,p50,85306.00
45,1780553324323170560,1780553325323170560,Input Sequence Length,tokens,p75,85306.00
45,1780553324323170560,1780553325323170560,Input Sequence Length,tokens,p90,85306.00
45,1780553324323170560,1780553325323170560,Input Sequence Length,tokens,p95,85306.00
45,1780553324323170560,1780553325323170560,Input Sequence Length,tokens,p99,85306.00
45,1780553324323170560,1780553325323170560,Input Sequence Length,tokens,std,0.00
45,1780553324323170560,1780553325323170560,Input Token Throughput,tokens/sec,avg,85306.00
45,1780553324323170560,1780553325323170560,Inter Chunk Latency,ms,avg,64.73
45,1780553324323170560,1780553325323170560,Inter Chunk Latency,ms,min,64.73
45,1780553324323170560,1780553325323170560,Inter Chunk Latency,ms,max,64.73
45,1780553324323170560,1780553325323170560,Inter Chunk Latency,ms,sum,323.63
45,1780553324323170560,1780553325323170560,Inter Chunk Latency,ms,p1,64.73
45,1780553324323170560,1780553325323170560,Inter Chunk Latency,ms,p5,64.73
45,1780553324323170560,1780553325323170560,Inter Chunk Latency,ms,p10,64.73
45,1780553324323170560,1780553325323170560,Inter Chunk Latency,ms,p25,64.73
45,1780553324323170560,1780553325323170560,Inter Chunk Latency,ms,p50,64.73
45,1780553324323170560,1780553325323170560,Inter Chunk Latency,ms,p75,64.73
45,1780553324323170560,1780553325323170560,Inter Chunk Latency,ms,p90,64.73
45,1780553324323170560,1780553325323170560,Inter Chunk Latency,ms,p95,64.73
45,1780553324323170560,1780553325323170560,Inter Chunk Latency,ms,p99,64.73
45,1780553324323170560,1780553325323170560,Inter Chunk Latency,ms,std,0.00
45,1780553324323170560,1780553325323170560,Inter Token Latency,ms,avg,55.04
45,1780553324323170560,1780553325323170560,Inter Token Latency,ms,min,55.04
45,1780553324323170560,1780553325323170560,Inter Token Latency,ms,max,55.04
45,1780553324323170560,1780553325323170560,Inter Token Latency,ms,sum,55.04
45,1780553324323170560,1780553325323170560,Inter Token Latency,ms,p1,55.04
45,1780553324323170560,1780553325323170560,Inter Token Latency,ms,p5,55.04
45,1780553324323170560,1780553325323170560,Inter Token Latency,ms,p10,55.04
45,1780553324323170560,1780553325323170560,Inter Token Latency,ms,p25,55.04
45,1780553324323170560,1780553325323170560,Inter Token Latency,ms,p50,55.04
45,1780553324323170560,1780553325323170560,Inter Token Latency,ms,p75,55.04
45,1780553324323170560,1780553325323170560,Inter Token Latency,ms,p90,55.04
45,1780553324323170560,1780553325323170560,Inter Token Latency,ms,p95,55.04
45,1780553324323170560,1780553325323170560,Inter Token Latency,ms,p99,55.04
45,1780553324323170560,1780553325323170560,Inter Token Latency,ms,std,0.00
45,1780553324323170560,1780553325323170560,Maximum Response Timestamp,ns,avg,1780553373654585856.00
45,1780553324323170560,1780553325323170560,Minimum Request Timestamp,ns,avg,1780553324867111424.00
45,1780553324323170560,1780553325323170560,OSL Mismatch Count,requests,avg,0.00
45,1780553324323170560,1780553325323170560,OSL Mismatch Diff %,%,avg,0.00
45,1780553324323170560,1780553325323170560,OSL Mismatch Diff %,%,min,0.00
45,1780553324323170560,1780553325323170560,OSL Mismatch Diff %,%,max,0.00
45,1780553324323170560,1780553325323170560,OSL Mismatch Diff %,%,sum,0.00
45,1780553324323170560,1780553325323170560,OSL Mismatch Diff %,%,p1,0.00
45,1780553324323170560,1780553325323170560,OSL Mismatch Diff %,%,p5,0.00
45,1780553324323170560,1780553325323170560,OSL Mismatch Diff %,%,p10,0.00
45,1780553324323170560,1780553325323170560,OSL Mismatch Diff %,%,p25,0.00
45,1780553324323170560,1780553325323170560,OSL Mismatch Diff %,%,p50,0.00
45,1780553324323170560,1780553325323170560,OSL Mismatch Diff %,%,p75,0.00
45,1780553324323170560,1780553325323170560,OSL Mismatch Diff %,%,p90,0.00
45,1780553324323170560,1780553325323170560,OSL Mismatch Diff %,%,p95,0.00
45,1780553324323170560,1780553325323170560,OSL Mismatch Diff %,%,p99,0.00
45,1780553324323170560,1780553325323170560,OSL Mismatch Diff %,%,std,0.00
45,1780553324323170560,1780553325323170560,Output Sequence Length,tokens,avg,6.00
45,1780553324323170560,1780553325323170560,Output Sequence Length,tokens,min,6.00
45,1780553324323170560,1780553325323170560,Output Sequence Length,tokens,max,6.00
45,1780553324323170560,1780553325323170560,Output Sequence Length,tokens,sum,6.00
45,1780553324323170560,1780553325323170560,Output Sequence Length,tokens,p1,6.00
45,1780553324323170560,1780553325323170560,Output Sequence Length,tokens,p5,6.00
45,1780553324323170560,1780553325323170560,Output Sequence Length,tokens,p10,6.00
45,1780553324323170560,1780553325323170560,Output Sequence Length,tokens,p25,6.00
45,1780553324323170560,1780553325323170560,Output Sequence Length,tokens,p50,6.00
45,1780553324323170560,1780553325323170560,Output Sequence Length,tokens,p75,6.00
45,1780553324323170560,1780553325323170560,Output Sequence Length,tokens,p90,6.00
45,1780553324323170560,1780553325323170560,Output Sequence Length,tokens,p95,6.00
45,1780553324323170560,1780553325323170560,Output Sequence Length,tokens,p99,6.00
45,1780553324323170560,1780553325323170560,Output Sequence Length,tokens,std,0.00
45,1780553324323170560,1780553325323170560,Output Token Count,tokens,avg,6.00
45,1780553324323170560,1780553325323170560,Output Token Count,tokens,min,6.00
45,1780553324323170560,1780553325323170560,Output Token Count,tokens,max,6.00
45,1780553324323170560,1780553325323170560,Output Token Count,tokens,sum,6.00
45,1780553324323170560,1780553325323170560,Output Token Count,tokens,p1,6.00
45,1780553324323170560,1780553325323170560,Output Token Count,tokens,p5,6.00
45,1780553324323170560,1780553325323170560,Output Token Count,tokens,p10,6.00
45,1780553324323170560,1780553325323170560,Output Token Count,tokens,p25,6.00
45,1780553324323170560,1780553325323170560,Output Token Count,tokens,p50,6.00
45,1780553324323170560,1780553325323170560,Output Token Count,tokens,p75,6.00
45,1780553324323170560,1780553325323170560,Output Token Count,tokens,p90,6.00
45,1780553324323170560,1780553325323170560,Output Token Count,tokens,p95,6.00
45,1780553324323170560,1780553325323170560,Output Token Count,tokens,p99,6.00
45,1780553324323170560,1780553325323170560,Output Token Count,tokens,std,0.00
45,1780553324323170560,1780553325323170560,Output Token Throughput,tokens/sec,avg,6.00
45,1780553324323170560,1780553325323170560,Output Token Throughput Per User,tokens/sec/user,avg,18.17
45,1780553324323170560,1780553325323170560,Output Token Throughput Per User,tokens/sec/user,min,18.17
45,1780553324323170560,1780553325323170560,Output Token Throughput Per User,tokens/sec/user,max,18.17
45,1780553324323170560,1780553325323170560,Output Token Throughput Per User,tokens/sec/user,sum,18.17
45,1780553324323170560,1780553325323170560,Output Token Throughput Per User,tokens/sec/user,p1,18.17
45,1780553324323170560,1780553325323170560,Output Token Throughput Per User,tokens/sec/user,p5,18.17
45,1780553324323170560,1780553325323170560,Output Token Throughput Per User,tokens/sec/user,p10,18.17
45,1780553324323170560,1780553325323170560,Output Token Throughput Per User,tokens/sec/user,p25,18.17
45,1780553324323170560,1780553325323170560,Output Token Throughput Per User,tokens/sec/user,p50,18.17
45,1780553324323170560,1780553325323170560,Output Token Throughput Per User,tokens/sec/user,p75,18.17
45,1780553324323170560,1780553325323170560,Output Token Throughput Per User,tokens/sec/user,p90,18.17
45,1780553324323170560,1780553325323170560,Output Token Throughput Per User,tokens/sec/user,p95,18.17
45,1780553324323170560,1780553325323170560,Output Token Throughput Per User,tokens/sec/user,p99,18.17
45,1780553324323170560,1780553325323170560,Output Token Throughput Per User,tokens/sec/user,std,0.00
45,1780553324323170560,1780553325323170560,Prefill Throughput Per User,tokens/sec/user,avg,1758.44
45,1780553324323170560,1780553325323170560,Prefill Throughput Per User,tokens/sec/user,min,1758.44
45,1780553324323170560,1780553325323170560,Prefill Throughput Per User,tokens/sec/user,max,1758.44
45,1780553324323170560,1780553325323170560,Prefill Throughput Per User,tokens/sec/user,sum,1758.44
45,1780553324323170560,1780553325323170560,Prefill Throughput Per User,tokens/sec/user,p1,1758.44
45,1780553324323170560,1780553325323170560,Prefill Throughput Per User,tokens/sec/user,p5,1758.44
45,1780553324323170560,1780553325323170560,Prefill Throughput Per User,tokens/sec/user,p10,1758.44
45,1780553324323170560,1780553325323170560,Prefill Throughput Per User,tokens/sec/user,p25,1758.44
45,1780553324323170560,1780553325323170560,Prefill Throughput Per User,tokens/sec/user,p50,1758.44
45,1780553324323170560,1780553325323170560,Prefill Throughput Per User,tokens/sec/user,p75,1758.44
45,1780553324323170560,1780553325323170560,Prefill Throughput Per User,tokens/sec/user,p90,1758.44
45,1780553324323170560,1780553325323170560,Prefill Throughput Per User,tokens/sec/user,p95,1758.44
45,1780553324323170560,1780553325323170560,Prefill Throughput Per User,tokens/sec/user,p99,1758.44
45,1780553324323170560,1780553325323170560,Prefill Throughput Per User,tokens/sec/user,std,0.00
45,1780553324323170560,1780553325323170560,Request Count,requests,avg,1.00
45,1780553324323170560,1780553325323170560,Request Latency,ms,avg,48787.47
45,1780553324323170560,1780553325323170560,Request Latency,ms,min,48787.47
45,1780553324323170560,1780553325323170560,Request Latency,ms,max,48787.47
45,1780553324323170560,1780553325323170560,Request Latency,ms,sum,48787.47
45,1780553324323170560,1780553325323170560,Request Latency,ms,p1,48787.47
45,1780553324323170560,1780553325323170560,Request Latency,ms,p5,48787.47
45,1780553324323170560,1780553325323170560,Request Latency,ms,p10,48787.47
45,1780553324323170560,1780553325323170560,Request Latency,ms,p25,48787.47
45,1780553324323170560,1780553325323170560,Request Latency,ms,p50,48787.47
45,1780553324323170560,1780553325323170560,Request Latency,ms,p75,48787.47
45,1780553324323170560,1780553325323170560,Request Latency,ms,p90,48787.47
45,1780553324323170560,1780553325323170560,Request Latency,ms,p95,48787.47
45,1780553324323170560,1780553325323170560,Request Latency,ms,p99,48787.47
45,1780553324323170560,1780553325323170560,Request Latency,ms,std,0.00
45,1780553324323170560,1780553325323170560,Request Throughput,requests/sec,avg,1.00
45,1780553324323170560,1780553325323170560,Requested OSL,tokens,avg,6.00
45,1780553324323170560,1780553325323170560,Requested OSL,tokens,min,6.00
45,1780553324323170560,1780553325323170560,Requested OSL,tokens,max,6.00
45,1780553324323170560,1780553325323170560,Requested OSL,tokens,sum,6.00
45,1780553324323170560,1780553325323170560,Requested OSL,tokens,p1,6.00
45,1780553324323170560,1780553325323170560,Requested OSL,tokens,p5,6.00
45,1780553324323170560,1780553325323170560,Requested OSL,tokens,p10,6.00
45,1780553324323170560,1780553325323170560,Requested OSL,tokens,p25,6.00
45,1780553324323170560,1780553325323170560,Requested OSL,tokens,p50,6.00
45,1780553324323170560,1780553325323170560,Requested OSL,tokens,p75,6.00
45,1780553324323170560,1780553325323170560,Requested OSL,tokens,p90,6.00
45,1780553324323170560,1780553325323170560,Requested OSL,tokens,p95,6.00
45,1780553324323170560,1780553325323170560,Requested OSL,tokens,p99,6.00
45,1780553324323170560,1780553325323170560,Requested OSL,tokens,std,0.00
45,1780553324323170560,1780553325323170560,Time to First Output Token,ms,avg,48512.28
45,1780553324323170560,1780553325323170560,Time to First Output Token,ms,min,48512.28
45,1780553324323170560,1780553325323170560,Time to First Output Token,ms,max,48512.28
45,1780553324323170560,1780553325323170560,Time to First Output Token,ms,sum,48512.28
45,1780553324323170560,1780553325323170560,Time to First Output Token,ms,p1,48512.28
45,1780553324323170560,1780553325323170560,Time to First Output Token,ms,p5,48512.28
45,1780553324323170560,1780553325323170560,Time to First Output Token,ms,p10,48512.28
45,1780553324323170560,1780553325323170560,Time to First Output Token,ms,p25,48512.28
45,1780553324323170560,1780553325323170560,Time to First Output Token,ms,p50,48512.28
45,1780553324323170560,1780553325323170560,Time to First Output Token,ms,p75,48512.28
45,1780553324323170560,1780553325323170560,Time to First Output Token,ms,p90,48512.28
45,1780553324323170560,1780553325323170560,Time to First Output Token,ms,p95,48512.28
45,1780553324323170560,1780553325323170560,Time to First Output Token,ms,p99,48512.28
45,1780553324323170560,1780553325323170560,Time to First Output Token,ms,std,0.00
45,1780553324323170560,1780553325323170560,Time to First Token,ms,avg,48512.28
45,1780553324323170560,1780553325323170560,Time to First Token,ms,min,48512.28
45,1780553324323170560,1780553325323170560,Time to First Token,ms,max,48512.28
45,1780553324323170560,1780553325323170560,Time to First Token,ms,sum,48512.28
45,1780553324323170560,1780553325323170560,Time to First Token,ms,p1,48512.28
45,1780553324323170560,1780553325323170560,Time to First Token,ms,p5,48512.28
45,1780553324323170560,1780553325323170560,Time to First Token,ms,p10,48512.28
45,1780553324323170560,1780553325323170560,Time to First Token,ms,p25,48512.28
45,1780553324323170560,1780553325323170560,Time to First Token,ms,p50,48512.28
45,1780553324323170560,1780553325323170560,Time to First Token,ms,p75,48512.28
45,1780553324323170560,1780553325323170560,Time to First Token,ms,p90,48512.28
45,1780553324323170560,1780553325323170560,Time to First Token,ms,p95,48512.28
45,1780553324323170560,1780553325323170560,Time to First Token,ms,p99,48512.28
45,1780553324323170560,1780553325323170560,Time to First Token,ms,std,0.00
45,1780553324323170560,1780553325323170560,Time to Second Token,ms,avg,0.49
45,1780553324323170560,1780553325323170560,Time to Second Token,ms,min,0.49
45,1780553324323170560,1780553325323170560,Time to Second Token,ms,max,0.49
45,1780553324323170560,1780553325323170560,Time to Second Token,ms,sum,0.49
45,1780553324323170560,1780553325323170560,Time to Second Token,ms,p1,0.49
45,1780553324323170560,1780553325323170560,Time to Second Token,ms,p5,0.49
45,1780553324323170560,1780553325323170560,Time to Second Token,ms,p10,0.49
45,1780553324323170560,1780553325323170560,Time to Second Token,ms,p25,0.49
45,1780553324323170560,1780553325323170560,Time to Second Token,ms,p50,0.49
45,1780553324323170560,1780553325323170560,Time to Second Token,ms,p75,0.49
45,1780553324323170560,1780553325323170560,Time to Second Token,ms,p90,0.49
45,1780553324323170560,1780553325323170560,Time to Second Token,ms,p95,0.49
45,1780553324323170560,1780553325323170560,Time to Second Token,ms,p99,0.49
45,1780553324323170560,1780553325323170560,Time to Second Token,ms,std,0.00
45,1780553324323170560,1780553325323170560,Tokens In Flight,tokens,avg,1608786.45
45,1780553324323170560,1780553325323170560,Tokens In Flight,tokens,min,1569859.06
45,1780553324323170560,1780553325323170560,Tokens In Flight,tokens,max,1655211.13
45,1780553324323170560,1780553325323170560,Tokens In Flight,tokens,p50,1569882.09
45,1780553324323170560,1780553325323170560,Tokens In Flight,tokens,p90,1655206.12
45,1780553324323170560,1780553325323170560,Tokens In Flight,tokens,p95,1655208.12
45,1780553324323170560,1780553325323170560,Tokens In Flight,tokens,p99,1655210.12
45,1780553324323170560,1780553325323170560,Tokens In Flight,tokens,std,42499.44
45,1780553324323170560,1780553325323170560,Total Input Sequence Length,tokens,avg,85306.00
45,1780553324323170560,1780553325323170560,Total Output Sequence Length,tokens,avg,6.00
45,1780553324323170560,1780553325323170560,Total Output Tokens,tokens,avg,6.00
45,1780553324323170560,1780553325323170560,Total Token Throughput,tokens/sec,avg,85312.00
45,1780553324323170560,1780553325323170560,Total Usage Completion Tokens,tokens,avg,6.00
45,1780553324323170560,1780553325323170560,Total Usage Prompt Tokens,tokens,avg,85306.00
45,1780553324323170560,1780553325323170560,Total Usage Total Tokens,tokens,avg,85312.00
45,1780553324323170560,1780553325323170560,Usage Completion Tokens,tokens,avg,6.00
45,1780553324323170560,1780553325323170560,Usage Completion Tokens,tokens,min,6.00
45,1780553324323170560,1780553325323170560,Usage Completion Tokens,tokens,max,6.00
45,1780553324323170560,1780553325323170560,Usage Completion Tokens,tokens,sum,6.00
45,1780553324323170560,1780553325323170560,Usage Completion Tokens,tokens,p1,6.00
45,1780553324323170560,1780553325323170560,Usage Completion Tokens,tokens,p5,6.00
45,1780553324323170560,1780553325323170560,Usage Completion Tokens,tokens,p10,6.00
45,1780553324323170560,1780553325323170560,Usage Completion Tokens,tokens,p25,6.00
45,1780553324323170560,1780553325323170560,Usage Completion Tokens,tokens,p50,6.00
45,1780553324323170560,1780553325323170560,Usage Completion Tokens,tokens,p75,6.00
45,1780553324323170560,1780553325323170560,Usage Completion Tokens,tokens,p90,6.00
45,1780553324323170560,1780553325323170560,Usage Completion Tokens,tokens,p95,6.00
45,1780553324323170560,1780553325323170560,Usage Completion Tokens,tokens,p99,6.00
45,1780553324323170560,1780553325323170560,Usage Completion Tokens,tokens,std,0.00
45,1780553324323170560,1780553325323170560,Usage Prompt Tokens,tokens,avg,85306.00
45,1780553324323170560,1780553325323170560,Usage Prompt Tokens,tokens,min,85306.00
45,1780553324323170560,1780553325323170560,Usage Prompt Tokens,tokens,max,85306.00
45,1780553324323170560,1780553325323170560,Usage Prompt Tokens,tokens,sum,85306.00
45,1780553324323170560,1780553325323170560,Usage Prompt Tokens,tokens,p1,85306.00
45,1780553324323170560,1780553325323170560,Usage Prompt Tokens,tokens,p5,85306.00
45,1780553324323170560,1780553325323170560,Usage Prompt Tokens,tokens,p10,85306.00
45,1780553324323170560,1780553325323170560,Usage Prompt Tokens,tokens,p25,85306.00
45,1780553324323170560,1780553325323170560,Usage Prompt Tokens,tokens,p50,85306.00
45,1780553324323170560,1780553325323170560,Usage Prompt Tokens,tokens,p75,85306.00
45,1780553324323170560,1780553325323170560,Usage Prompt Tokens,tokens,p90,85306.00
45,1780553324323170560,1780553325323170560,Usage Prompt Tokens,tokens,p95,85306.00
45,1780553324323170560,1780553325323170560,Usage Prompt Tokens,tokens,p99,85306.00
45,1780553324323170560,1780553325323170560,Usage Prompt Tokens,tokens,std,0.00
45,1780553324323170560,1780553325323170560,Usage Total Tokens,tokens,avg,85312.00
45,1780553324323170560,1780553325323170560,Usage Total Tokens,tokens,min,85312.00
45,1780553324323170560,1780553325323170560,Usage Total Tokens,tokens,max,85312.00
45,1780553324323170560,1780553325323170560,Usage Total Tokens,tokens,sum,85312.00
45,1780553324323170560,1780553325323170560,Usage Total Tokens,tokens,p1,85312.00
45,1780553324323170560,1780553325323170560,Usage Total Tokens,tokens,p5,85312.00
45,1780553324323170560,1780553325323170560,Usage Total Tokens,tokens,p10,85312.00
45,1780553324323170560,1780553325323170560,Usage Total Tokens,tokens,p25,85312.00
45,1780553324323170560,1780553325323170560,Usage Total Tokens,tokens,p50,85312.00
45,1780553324323170560,1780553325323170560,Usage Total Tokens,tokens,p75,85312.00
45,1780553324323170560,1780553325323170560,Usage Total Tokens,tokens,p90,85312.00
45,1780553324323170560,1780553325323170560,Usage Total Tokens,tokens,p95,85312.00
45,1780553324323170560,1780553325323170560,Usage Total Tokens,tokens,p99,85312.00
45,1780553324323170560,1780553325323170560,Usage Total Tokens,tokens,std,0.00
46,1780553328323170560,1780553329323170560,Active Decode Throughput,tokens/sec,avg,46.04
46,1780553328323170560,1780553329323170560,Active Decode Throughput,tokens/sec,min,30.51
46,1780553328323170560,1780553329323170560,Active Decode Throughput,tokens/sec,max,61.56
46,1780553328323170560,1780553329323170560,Active Decode Throughput,tokens/sec,p50,46.04
46,1780553328323170560,1780553329323170560,Active Decode Throughput,tokens/sec,p90,46.04
46,1780553328323170560,1780553329323170560,Active Decode Throughput,tokens/sec,p95,46.04
46,1780553328323170560,1780553329323170560,Active Decode Throughput,tokens/sec,p99,46.04
46,1780553328323170560,1780553329323170560,Active Decode Throughput,tokens/sec,std,0.02
46,1780553328323170560,1780553329323170560,Active Decode Throughput Per User,tokens/sec/user,avg,5.12
46,1780553328323170560,1780553329323170560,Active Decode Throughput Per User,tokens/sec/user,min,3.39
46,1780553328323170560,1780553329323170560,Active Decode Throughput Per User,tokens/sec/user,max,6.84
46,1780553328323170560,1780553329323170560,Active Decode Throughput Per User,tokens/sec/user,p50,5.12
46,1780553328323170560,1780553329323170560,Active Decode Throughput Per User,tokens/sec/user,p90,5.12
46,1780553328323170560,1780553329323170560,Active Decode Throughput Per User,tokens/sec/user,p95,5.12
46,1780553328323170560,1780553329323170560,Active Decode Throughput Per User,tokens/sec/user,p99,5.12
46,1780553328323170560,1780553329323170560,Active Decode Throughput Per User,tokens/sec/user,std,0.00
46,1780553328323170560,1780553329323170560,Active Prefill Throughput,tokens/sec,avg,6509.30
46,1780553328323170560,1780553329323170560,Active Prefill Throughput,tokens/sec,min,5863.98
46,1780553328323170560,1780553329323170560,Active Prefill Throughput,tokens/sec,max,7233.01
46,1780553328323170560,1780553329323170560,Active Prefill Throughput,tokens/sec,p50,5863.98
46,1780553328323170560,1780553329323170560,Active Prefill Throughput,tokens/sec,p90,7233.01
46,1780553328323170560,1780553329323170560,Active Prefill Throughput,tokens/sec,p95,7233.01
46,1780553328323170560,1780553329323170560,Active Prefill Throughput,tokens/sec,p99,7233.01
46,1780553328323170560,1780553329323170560,Active Prefill Throughput,tokens/sec,std,683.40
46,1780553328323170560,1780553329323170560,Active Prefill Throughput Per User,tokens/sec/user,avg,1188.21
46,1780553328323170560,1780553329323170560,Active Prefill Throughput Per User,tokens/sec/user,min,1172.80
46,1780553328323170560,1780553329323170560,Active Prefill Throughput Per User,tokens/sec/user,max,1205.50
46,1780553328323170560,1780553329323170560,Active Prefill Throughput Per User,tokens/sec/user,p50,1172.80
46,1780553328323170560,1780553329323170560,Active Prefill Throughput Per User,tokens/sec/user,p90,1205.50
46,1780553328323170560,1780553329323170560,Active Prefill Throughput Per User,tokens/sec/user,p95,1205.50
46,1780553328323170560,1780553329323170560,Active Prefill Throughput Per User,tokens/sec/user,p99,1205.50
46,1780553328323170560,1780553329323170560,Active Prefill Throughput Per User,tokens/sec/user,std,16.33
46,1780553328323170560,1780553329323170560,Active Total Throughput,tokens/sec,avg,6567.81
46,1780553328323170560,1780553329323170560,Active Total Throughput,tokens/sec,min,5922.49
46,1780553328323170560,1780553329323170560,Active Total Throughput,tokens/sec,max,7291.53
46,1780553328323170560,1780553329323170560,Active Total Throughput,tokens/sec,p50,5922.49
46,1780553328323170560,1780553329323170560,Active Total Throughput,tokens/sec,p90,7291.53
46,1780553328323170560,1780553329323170560,Active Total Throughput,tokens/sec,p95,7291.53
46,1780553328323170560,1780553329323170560,Active Total Throughput,tokens/sec,p99,7291.53
46,1780553328323170560,1780553329323170560,Active Total Throughput,tokens/sec,std,683.40
46,1780553328323170560,1780553329323170560,Benchmark Duration,sec,avg,50.77
46,1780553328323170560,1780553329323170560,E2E Output Token Throughput,tokens/sec/user,avg,0.18
46,1780553328323170560,1780553329323170560,E2E Output Token Throughput,tokens/sec/user,min,0.18
46,1780553328323170560,1780553329323170560,E2E Output Token Throughput,tokens/sec/user,max,0.18
46,1780553328323170560,1780553329323170560,E2E Output Token Throughput,tokens/sec/user,sum,0.18
46,1780553328323170560,1780553329323170560,E2E Output Token Throughput,tokens/sec/user,p1,0.18
46,1780553328323170560,1780553329323170560,E2E Output Token Throughput,tokens/sec/user,p5,0.18
46,1780553328323170560,1780553329323170560,E2E Output Token Throughput,tokens/sec/user,p10,0.18
46,1780553328323170560,1780553329323170560,E2E Output Token Throughput,tokens/sec/user,p25,0.18
46,1780553328323170560,1780553329323170560,E2E Output Token Throughput,tokens/sec/user,p50,0.18
46,1780553328323170560,1780553329323170560,E2E Output Token Throughput,tokens/sec/user,p75,0.18
46,1780553328323170560,1780553329323170560,E2E Output Token Throughput,tokens/sec/user,p90,0.18
46,1780553328323170560,1780553329323170560,E2E Output Token Throughput,tokens/sec/user,p95,0.18
46,1780553328323170560,1780553329323170560,E2E Output Token Throughput,tokens/sec/user,p99,0.18
46,1780553328323170560,1780553329323170560,E2E Output Token Throughput,tokens/sec/user,std,0.00
46,1780553328323170560,1780553329323170560,Effective Concurrency,requests,avg,14.47
46,1780553328323170560,1780553329323170560,Effective Concurrency,requests,min,14.00
46,1780553328323170560,1780553329323170560,Effective Concurrency,requests,max,15.00
46,1780553328323170560,1780553329323170560,Effective Concurrency,requests,p50,14.00
46,1780553328323170560,1780553329323170560,Effective Concurrency,requests,p90,15.00
46,1780553328323170560,1780553329323170560,Effective Concurrency,requests,p95,15.00
46,1780553328323170560,1780553329323170560,Effective Concurrency,requests,p99,15.00
46,1780553328323170560,1780553329323170560,Effective Concurrency,requests,std,0.50
46,1780553328323170560,1780553329323170560,Effective Decode Concurrency,requests,avg,9.00
46,1780553328323170560,1780553329323170560,Effective Decode Concurrency,requests,min,9.00
46,1780553328323170560,1780553329323170560,Effective Decode Concurrency,requests,max,9.00
46,1780553328323170560,1780553329323170560,Effective Decode Concurrency,requests,p50,9.00
46,1780553328323170560,1780553329323170560,Effective Decode Concurrency,requests,p90,9.00
46,1780553328323170560,1780553329323170560,Effective Decode Concurrency,requests,p95,9.00
46,1780553328323170560,1780553329323170560,Effective Decode Concurrency,requests,p99,9.00
46,1780553328323170560,1780553329323170560,Effective Decode Concurrency,requests,std,0.00
46,1780553328323170560,1780553329323170560,Effective Decode Throughput,tokens/sec,avg,46.04
46,1780553328323170560,1780553329323170560,Effective Decode Throughput,tokens/sec,min,30.51
46,1780553328323170560,1780553329323170560,Effective Decode Throughput,tokens/sec,max,61.56
46,1780553328323170560,1780553329323170560,Effective Decode Throughput,tokens/sec,p50,46.04
46,1780553328323170560,1780553329323170560,Effective Decode Throughput,tokens/sec,p90,46.04
46,1780553328323170560,1780553329323170560,Effective Decode Throughput,tokens/sec,p95,46.04
46,1780553328323170560,1780553329323170560,Effective Decode Throughput,tokens/sec,p99,46.04
46,1780553328323170560,1780553329323170560,Effective Decode Throughput,tokens/sec,std,0.02
46,1780553328323170560,1780553329323170560,Effective Decode Throughput Per User,tokens/sec/user,avg,5.12
46,1780553328323170560,1780553329323170560,Effective Decode Throughput Per User,tokens/sec/user,min,3.39
46,1780553328323170560,1780553329323170560,Effective Decode Throughput Per User,tokens/sec/user,max,6.84
46,1780553328323170560,1780553329323170560,Effective Decode Throughput Per User,tokens/sec/user,p50,5.12
46,1780553328323170560,1780553329323170560,Effective Decode Throughput Per User,tokens/sec/user,p90,5.12
46,1780553328323170560,1780553329323170560,Effective Decode Throughput Per User,tokens/sec/user,p95,5.12
46,1780553328323170560,1780553329323170560,Effective Decode Throughput Per User,tokens/sec/user,p99,5.12
46,1780553328323170560,1780553329323170560,Effective Decode Throughput Per User,tokens/sec/user,std,0.00
46,1780553328323170560,1780553329323170560,Effective Prefill Concurrency,requests,avg,5.47
46,1780553328323170560,1780553329323170560,Effective Prefill Concurrency,requests,min,5.00
46,1780553328323170560,1780553329323170560,Effective Prefill Concurrency,requests,max,6.00
46,1780553328323170560,1780553329323170560,Effective Prefill Concurrency,requests,p50,5.00
46,1780553328323170560,1780553329323170560,Effective Prefill Concurrency,requests,p90,6.00
46,1780553328323170560,1780553329323170560,Effective Prefill Concurrency,requests,p95,6.00
46,1780553328323170560,1780553329323170560,Effective Prefill Concurrency,requests,p99,6.00
46,1780553328323170560,1780553329323170560,Effective Prefill Concurrency,requests,std,0.50
46,1780553328323170560,1780553329323170560,Effective Prefill Throughput,tokens/sec,avg,6509.30
46,1780553328323170560,1780553329323170560,Effective Prefill Throughput,tokens/sec,min,5863.98
46,1780553328323170560,1780553329323170560,Effective Prefill Throughput,tokens/sec,max,7233.01
46,1780553328323170560,1780553329323170560,Effective Prefill Throughput,tokens/sec,p50,5863.98
46,1780553328323170560,1780553329323170560,Effective Prefill Throughput,tokens/sec,p90,7233.01
46,1780553328323170560,1780553329323170560,Effective Prefill Throughput,tokens/sec,p95,7233.01
46,1780553328323170560,1780553329323170560,Effective Prefill Throughput,tokens/sec,p99,7233.01
46,1780553328323170560,1780553329323170560,Effective Prefill Throughput,tokens/sec,std,683.40
46,1780553328323170560,1780553329323170560,Effective Prefill Throughput Per User,tokens/sec/user,avg,1188.21
46,1780553328323170560,1780553329323170560,Effective Prefill Throughput Per User,tokens/sec/user,min,1172.80
46,1780553328323170560,1780553329323170560,Effective Prefill Throughput Per User,tokens/sec/user,max,1205.50
46,1780553328323170560,1780553329323170560,Effective Prefill Throughput Per User,tokens/sec/user,p50,1172.80
46,1780553328323170560,1780553329323170560,Effective Prefill Throughput Per User,tokens/sec/user,p90,1205.50
46,1780553328323170560,1780553329323170560,Effective Prefill Throughput Per User,tokens/sec/user,p95,1205.50
46,1780553328323170560,1780553329323170560,Effective Prefill Throughput Per User,tokens/sec/user,p99,1205.50
46,1780553328323170560,1780553329323170560,Effective Prefill Throughput Per User,tokens/sec/user,std,16.33
46,1780553328323170560,1780553329323170560,Effective Total Throughput,tokens/sec,avg,6567.81
46,1780553328323170560,1780553329323170560,Effective Total Throughput,tokens/sec,min,5922.49
46,1780553328323170560,1780553329323170560,Effective Total Throughput,tokens/sec,max,7291.53
46,1780553328323170560,1780553329323170560,Effective Total Throughput,tokens/sec,p50,5922.49
46,1780553328323170560,1780553329323170560,Effective Total Throughput,tokens/sec,p90,7291.53
46,1780553328323170560,1780553329323170560,Effective Total Throughput,tokens/sec,p95,7291.53
46,1780553328323170560,1780553329323170560,Effective Total Throughput,tokens/sec,p99,7291.53
46,1780553328323170560,1780553329323170560,Effective Total Throughput,tokens/sec,std,683.40
46,1780553328323170560,1780553329323170560,HTTP Blocked,ms,avg,0.00
46,1780553328323170560,1780553329323170560,HTTP Blocked,ms,min,0.00
46,1780553328323170560,1780553329323170560,HTTP Blocked,ms,max,0.00
46,1780553328323170560,1780553329323170560,HTTP Blocked,ms,sum,0.00
46,1780553328323170560,1780553329323170560,HTTP Blocked,ms,p1,0.00
46,1780553328323170560,1780553329323170560,HTTP Blocked,ms,p5,0.00
46,1780553328323170560,1780553329323170560,HTTP Blocked,ms,p10,0.00
46,1780553328323170560,1780553329323170560,HTTP Blocked,ms,p25,0.00
46,1780553328323170560,1780553329323170560,HTTP Blocked,ms,p50,0.00
46,1780553328323170560,1780553329323170560,HTTP Blocked,ms,p75,0.00
46,1780553328323170560,1780553329323170560,HTTP Blocked,ms,p90,0.00
46,1780553328323170560,1780553329323170560,HTTP Blocked,ms,p95,0.00
46,1780553328323170560,1780553329323170560,HTTP Blocked,ms,p99,0.00
46,1780553328323170560,1780553329323170560,HTTP Blocked,ms,std,0.00
46,1780553328323170560,1780553329323170560,HTTP Chunks Received,count,avg,9.00
46,1780553328323170560,1780553329323170560,HTTP Chunks Received,count,min,9.00
46,1780553328323170560,1780553329323170560,HTTP Chunks Received,count,max,9.00
46,1780553328323170560,1780553329323170560,HTTP Chunks Received,count,sum,9.00
46,1780553328323170560,1780553329323170560,HTTP Chunks Received,count,p1,9.00
46,1780553328323170560,1780553329323170560,HTTP Chunks Received,count,p5,9.00
46,1780553328323170560,1780553329323170560,HTTP Chunks Received,count,p10,9.00
46,1780553328323170560,1780553329323170560,HTTP Chunks Received,count,p25,9.00
46,1780553328323170560,1780553329323170560,HTTP Chunks Received,count,p50,9.00
46,1780553328323170560,1780553329323170560,HTTP Chunks Received,count,p75,9.00
46,1780553328323170560,1780553329323170560,HTTP Chunks Received,count,p90,9.00
46,1780553328323170560,1780553329323170560,HTTP Chunks Received,count,p95,9.00
46,1780553328323170560,1780553329323170560,HTTP Chunks Received,count,p99,9.00
46,1780553328323170560,1780553329323170560,HTTP Chunks Received,count,std,0.00
46,1780553328323170560,1780553329323170560,HTTP Chunks Sent,count,avg,1.00
46,1780553328323170560,1780553329323170560,HTTP Chunks Sent,count,min,1.00
46,1780553328323170560,1780553329323170560,HTTP Chunks Sent,count,max,1.00
46,1780553328323170560,1780553329323170560,HTTP Chunks Sent,count,sum,1.00
46,1780553328323170560,1780553329323170560,HTTP Chunks Sent,count,p1,1.00
46,1780553328323170560,1780553329323170560,HTTP Chunks Sent,count,p5,1.00
46,1780553328323170560,1780553329323170560,HTTP Chunks Sent,count,p10,1.00
46,1780553328323170560,1780553329323170560,HTTP Chunks Sent,count,p25,1.00
46,1780553328323170560,1780553329323170560,HTTP Chunks Sent,count,p50,1.00
46,1780553328323170560,1780553329323170560,HTTP Chunks Sent,count,p75,1.00
46,1780553328323170560,1780553329323170560,HTTP Chunks Sent,count,p90,1.00
46,1780553328323170560,1780553329323170560,HTTP Chunks Sent,count,p95,1.00
46,1780553328323170560,1780553329323170560,HTTP Chunks Sent,count,p99,1.00
46,1780553328323170560,1780553329323170560,HTTP Chunks Sent,count,std,0.00
46,1780553328323170560,1780553329323170560,HTTP Connecting,ms,avg,0.96
46,1780553328323170560,1780553329323170560,HTTP Connecting,ms,min,0.96
46,1780553328323170560,1780553329323170560,HTTP Connecting,ms,max,0.96
46,1780553328323170560,1780553329323170560,HTTP Connecting,ms,sum,0.96
46,1780553328323170560,1780553329323170560,HTTP Connecting,ms,p1,0.96
46,1780553328323170560,1780553329323170560,HTTP Connecting,ms,p5,0.96
46,1780553328323170560,1780553329323170560,HTTP Connecting,ms,p10,0.96
46,1780553328323170560,1780553329323170560,HTTP Connecting,ms,p25,0.96
46,1780553328323170560,1780553329323170560,HTTP Connecting,ms,p50,0.96
46,1780553328323170560,1780553329323170560,HTTP Connecting,ms,p75,0.96
46,1780553328323170560,1780553329323170560,HTTP Connecting,ms,p90,0.96
46,1780553328323170560,1780553329323170560,HTTP Connecting,ms,p95,0.96
46,1780553328323170560,1780553329323170560,HTTP Connecting,ms,p99,0.96
46,1780553328323170560,1780553329323170560,HTTP Connecting,ms,std,0.00
46,1780553328323170560,1780553329323170560,HTTP Connection Overhead,ms,avg,1.45
46,1780553328323170560,1780553329323170560,HTTP Connection Overhead,ms,min,1.45
46,1780553328323170560,1780553329323170560,HTTP Connection Overhead,ms,max,1.45
46,1780553328323170560,1780553329323170560,HTTP Connection Overhead,ms,sum,1.45
46,1780553328323170560,1780553329323170560,HTTP Connection Overhead,ms,p1,1.45
46,1780553328323170560,1780553329323170560,HTTP Connection Overhead,ms,p5,1.45
46,1780553328323170560,1780553329323170560,HTTP Connection Overhead,ms,p10,1.45
46,1780553328323170560,1780553329323170560,HTTP Connection Overhead,ms,p25,1.45
46,1780553328323170560,1780553329323170560,HTTP Connection Overhead,ms,p50,1.45
46,1780553328323170560,1780553329323170560,HTTP Connection Overhead,ms,p75,1.45
46,1780553328323170560,1780553329323170560,HTTP Connection Overhead,ms,p90,1.45
46,1780553328323170560,1780553329323170560,HTTP Connection Overhead,ms,p95,1.45
46,1780553328323170560,1780553329323170560,HTTP Connection Overhead,ms,p99,1.45
46,1780553328323170560,1780553329323170560,HTTP Connection Overhead,ms,std,0.00
46,1780553328323170560,1780553329323170560,HTTP Connection Reused,ratio,avg,0.00
46,1780553328323170560,1780553329323170560,HTTP Connection Reused,ratio,min,0.00
46,1780553328323170560,1780553329323170560,HTTP Connection Reused,ratio,max,0.00
46,1780553328323170560,1780553329323170560,HTTP Connection Reused,ratio,sum,0.00
46,1780553328323170560,1780553329323170560,HTTP Connection Reused,ratio,p1,0.00
46,1780553328323170560,1780553329323170560,HTTP Connection Reused,ratio,p5,0.00
46,1780553328323170560,1780553329323170560,HTTP Connection Reused,ratio,p10,0.00
46,1780553328323170560,1780553329323170560,HTTP Connection Reused,ratio,p25,0.00
46,1780553328323170560,1780553329323170560,HTTP Connection Reused,ratio,p50,0.00
46,1780553328323170560,1780553329323170560,HTTP Connection Reused,ratio,p75,0.00
46,1780553328323170560,1780553329323170560,HTTP Connection Reused,ratio,p90,0.00
46,1780553328323170560,1780553329323170560,HTTP Connection Reused,ratio,p95,0.00
46,1780553328323170560,1780553329323170560,HTTP Connection Reused,ratio,p99,0.00
46,1780553328323170560,1780553329323170560,HTTP Connection Reused,ratio,std,0.00
46,1780553328323170560,1780553329323170560,HTTP Data Received,KB,avg,2.83
46,1780553328323170560,1780553329323170560,HTTP Data Received,KB,min,2.83
46,1780553328323170560,1780553329323170560,HTTP Data Received,KB,max,2.83
46,1780553328323170560,1780553329323170560,HTTP Data Received,KB,sum,2.83
46,1780553328323170560,1780553329323170560,HTTP Data Received,KB,p1,2.83
46,1780553328323170560,1780553329323170560,HTTP Data Received,KB,p5,2.83
46,1780553328323170560,1780553329323170560,HTTP Data Received,KB,p10,2.83
46,1780553328323170560,1780553329323170560,HTTP Data Received,KB,p25,2.83
46,1780553328323170560,1780553329323170560,HTTP Data Received,KB,p50,2.83
46,1780553328323170560,1780553329323170560,HTTP Data Received,KB,p75,2.83
46,1780553328323170560,1780553329323170560,HTTP Data Received,KB,p90,2.83
46,1780553328323170560,1780553329323170560,HTTP Data Received,KB,p95,2.83
46,1780553328323170560,1780553329323170560,HTTP Data Received,KB,p99,2.83
46,1780553328323170560,1780553329323170560,HTTP Data Received,KB,std,0.00
46,1780553328323170560,1780553329323170560,HTTP Data Sent,KB,avg,262.30
46,1780553328323170560,1780553329323170560,HTTP Data Sent,KB,min,262.30
46,1780553328323170560,1780553329323170560,HTTP Data Sent,KB,max,262.30
46,1780553328323170560,1780553329323170560,HTTP Data Sent,KB,sum,262.30
46,1780553328323170560,1780553329323170560,HTTP Data Sent,KB,p1,262.30
46,1780553328323170560,1780553329323170560,HTTP Data Sent,KB,p5,262.30
46,1780553328323170560,1780553329323170560,HTTP Data Sent,KB,p10,262.30
46,1780553328323170560,1780553329323170560,HTTP Data Sent,KB,p25,262.30
46,1780553328323170560,1780553329323170560,HTTP Data Sent,KB,p50,262.30
46,1780553328323170560,1780553329323170560,HTTP Data Sent,KB,p75,262.30
46,1780553328323170560,1780553329323170560,HTTP Data Sent,KB,p90,262.30
46,1780553328323170560,1780553329323170560,HTTP Data Sent,KB,p95,262.30
46,1780553328323170560,1780553329323170560,HTTP Data Sent,KB,p99,262.30
46,1780553328323170560,1780553329323170560,HTTP Data Sent,KB,std,0.00
46,1780553328323170560,1780553329323170560,HTTP DNS Lookup,ms,avg,0.48
46,1780553328323170560,1780553329323170560,HTTP DNS Lookup,ms,min,0.48
46,1780553328323170560,1780553329323170560,HTTP DNS Lookup,ms,max,0.48
46,1780553328323170560,1780553329323170560,HTTP DNS Lookup,ms,sum,0.48
46,1780553328323170560,1780553329323170560,HTTP DNS Lookup,ms,p1,0.48
46,1780553328323170560,1780553329323170560,HTTP DNS Lookup,ms,p5,0.48
46,1780553328323170560,1780553329323170560,HTTP DNS Lookup,ms,p10,0.48
46,1780553328323170560,1780553329323170560,HTTP DNS Lookup,ms,p25,0.48
46,1780553328323170560,1780553329323170560,HTTP DNS Lookup,ms,p50,0.48
46,1780553328323170560,1780553329323170560,HTTP DNS Lookup,ms,p75,0.48
46,1780553328323170560,1780553329323170560,HTTP DNS Lookup,ms,p90,0.48
46,1780553328323170560,1780553329323170560,HTTP DNS Lookup,ms,p95,0.48
46,1780553328323170560,1780553329323170560,HTTP DNS Lookup,ms,p99,0.48
46,1780553328323170560,1780553329323170560,HTTP DNS Lookup,ms,std,0.00
46,1780553328323170560,1780553329323170560,HTTP Duration (excl. conn),ms,avg,50766.34
46,1780553328323170560,1780553329323170560,HTTP Duration (excl. conn),ms,min,50766.34
46,1780553328323170560,1780553329323170560,HTTP Duration (excl. conn),ms,max,50766.34
46,1780553328323170560,1780553329323170560,HTTP Duration (excl. conn),ms,sum,50766.34
46,1780553328323170560,1780553329323170560,HTTP Duration (excl. conn),ms,p1,50766.34
46,1780553328323170560,1780553329323170560,HTTP Duration (excl. conn),ms,p5,50766.34
46,1780553328323170560,1780553329323170560,HTTP Duration (excl. conn),ms,p10,50766.34
46,1780553328323170560,1780553329323170560,HTTP Duration (excl. conn),ms,p25,50766.34
46,1780553328323170560,1780553329323170560,HTTP Duration (excl. conn),ms,p50,50766.34
46,1780553328323170560,1780553329323170560,HTTP Duration (excl. conn),ms,p75,50766.34
46,1780553328323170560,1780553329323170560,HTTP Duration (excl. conn),ms,p90,50766.34
46,1780553328323170560,1780553329323170560,HTTP Duration (excl. conn),ms,p95,50766.34
46,1780553328323170560,1780553329323170560,HTTP Duration (excl. conn),ms,p99,50766.34
46,1780553328323170560,1780553329323170560,HTTP Duration (excl. conn),ms,std,0.00
46,1780553328323170560,1780553329323170560,HTTP Receiving,ms,avg,1202.38
46,1780553328323170560,1780553329323170560,HTTP Receiving,ms,min,1202.38
46,1780553328323170560,1780553329323170560,HTTP Receiving,ms,max,1202.38
46,1780553328323170560,1780553329323170560,HTTP Receiving,ms,sum,1202.38
46,1780553328323170560,1780553329323170560,HTTP Receiving,ms,p1,1202.38
46,1780553328323170560,1780553329323170560,HTTP Receiving,ms,p5,1202.38
46,1780553328323170560,1780553329323170560,HTTP Receiving,ms,p10,1202.38
46,1780553328323170560,1780553329323170560,HTTP Receiving,ms,p25,1202.38
46,1780553328323170560,1780553329323170560,HTTP Receiving,ms,p50,1202.38
46,1780553328323170560,1780553329323170560,HTTP Receiving,ms,p75,1202.38
46,1780553328323170560,1780553329323170560,HTTP Receiving,ms,p90,1202.38
46,1780553328323170560,1780553329323170560,HTTP Receiving,ms,p95,1202.38
46,1780553328323170560,1780553329323170560,HTTP Receiving,ms,p99,1202.38
46,1780553328323170560,1780553329323170560,HTTP Receiving,ms,std,0.00
46,1780553328323170560,1780553329323170560,HTTP Sending,ms,avg,1.16
46,1780553328323170560,1780553329323170560,HTTP Sending,ms,min,1.16
46,1780553328323170560,1780553329323170560,HTTP Sending,ms,max,1.16
46,1780553328323170560,1780553329323170560,HTTP Sending,ms,sum,1.16
46,1780553328323170560,1780553329323170560,HTTP Sending,ms,p1,1.16
46,1780553328323170560,1780553329323170560,HTTP Sending,ms,p5,1.16
46,1780553328323170560,1780553329323170560,HTTP Sending,ms,p10,1.16
46,1780553328323170560,1780553329323170560,HTTP Sending,ms,p25,1.16
46,1780553328323170560,1780553329323170560,HTTP Sending,ms,p50,1.16
46,1780553328323170560,1780553329323170560,HTTP Sending,ms,p75,1.16
46,1780553328323170560,1780553329323170560,HTTP Sending,ms,p90,1.16
46,1780553328323170560,1780553329323170560,HTTP Sending,ms,p95,1.16
46,1780553328323170560,1780553329323170560,HTTP Sending,ms,p99,1.16
46,1780553328323170560,1780553329323170560,HTTP Sending,ms,std,0.00
46,1780553328323170560,1780553329323170560,HTTP Total Time,ms,avg,50767.78
46,1780553328323170560,1780553329323170560,HTTP Total Time,ms,min,50767.78
46,1780553328323170560,1780553329323170560,HTTP Total Time,ms,max,50767.78
46,1780553328323170560,1780553329323170560,HTTP Total Time,ms,sum,50767.78
46,1780553328323170560,1780553329323170560,HTTP Total Time,ms,p1,50767.78
46,1780553328323170560,1780553329323170560,HTTP Total Time,ms,p5,50767.78
46,1780553328323170560,1780553329323170560,HTTP Total Time,ms,p10,50767.78
46,1780553328323170560,1780553329323170560,HTTP Total Time,ms,p25,50767.78
46,1780553328323170560,1780553329323170560,HTTP Total Time,ms,p50,50767.78
46,1780553328323170560,1780553329323170560,HTTP Total Time,ms,p75,50767.78
46,1780553328323170560,1780553329323170560,HTTP Total Time,ms,p90,50767.78
46,1780553328323170560,1780553329323170560,HTTP Total Time,ms,p95,50767.78
46,1780553328323170560,1780553329323170560,HTTP Total Time,ms,p99,50767.78
46,1780553328323170560,1780553329323170560,HTTP Total Time,ms,std,0.00
46,1780553328323170560,1780553329323170560,HTTP Waiting (TTFB),ms,avg,49562.80
46,1780553328323170560,1780553329323170560,HTTP Waiting (TTFB),ms,min,49562.80
46,1780553328323170560,1780553329323170560,HTTP Waiting (TTFB),ms,max,49562.80
46,1780553328323170560,1780553329323170560,HTTP Waiting (TTFB),ms,sum,49562.80
46,1780553328323170560,1780553329323170560,HTTP Waiting (TTFB),ms,p1,49562.80
46,1780553328323170560,1780553329323170560,HTTP Waiting (TTFB),ms,p5,49562.80
46,1780553328323170560,1780553329323170560,HTTP Waiting (TTFB),ms,p10,49562.80
46,1780553328323170560,1780553329323170560,HTTP Waiting (TTFB),ms,p25,49562.80
46,1780553328323170560,1780553329323170560,HTTP Waiting (TTFB),ms,p50,49562.80
46,1780553328323170560,1780553329323170560,HTTP Waiting (TTFB),ms,p75,49562.80
46,1780553328323170560,1780553329323170560,HTTP Waiting (TTFB),ms,p90,49562.80
46,1780553328323170560,1780553329323170560,HTTP Waiting (TTFB),ms,p95,49562.80
46,1780553328323170560,1780553329323170560,HTTP Waiting (TTFB),ms,p99,49562.80
46,1780553328323170560,1780553329323170560,HTTP Waiting (TTFB),ms,std,0.00
46,1780553328323170560,1780553329323170560,Input Sequence Length,tokens,avg,67855.00
46,1780553328323170560,1780553329323170560,Input Sequence Length,tokens,min,67855.00
46,1780553328323170560,1780553329323170560,Input Sequence Length,tokens,max,67855.00
46,1780553328323170560,1780553329323170560,Input Sequence Length,tokens,sum,67855.00
46,1780553328323170560,1780553329323170560,Input Sequence Length,tokens,p1,67855.00
46,1780553328323170560,1780553329323170560,Input Sequence Length,tokens,p5,67855.00
46,1780553328323170560,1780553329323170560,Input Sequence Length,tokens,p10,67855.00
46,1780553328323170560,1780553329323170560,Input Sequence Length,tokens,p25,67855.00
46,1780553328323170560,1780553329323170560,Input Sequence Length,tokens,p50,67855.00
46,1780553328323170560,1780553329323170560,Input Sequence Length,tokens,p75,67855.00
46,1780553328323170560,1780553329323170560,Input Sequence Length,tokens,p90,67855.00
46,1780553328323170560,1780553329323170560,Input Sequence Length,tokens,p95,67855.00
46,1780553328323170560,1780553329323170560,Input Sequence Length,tokens,p99,67855.00
46,1780553328323170560,1780553329323170560,Input Sequence Length,tokens,std,0.00
46,1780553328323170560,1780553329323170560,Input Token Throughput,tokens/sec,avg,67855.00
46,1780553328323170560,1780553329323170560,Inter Chunk Latency,ms,avg,64.73
46,1780553328323170560,1780553329323170560,Inter Chunk Latency,ms,min,64.73
46,1780553328323170560,1780553329323170560,Inter Chunk Latency,ms,max,64.74
46,1780553328323170560,1780553329323170560,Inter Chunk Latency,ms,sum,517.88
46,1780553328323170560,1780553329323170560,Inter Chunk Latency,ms,p1,64.73
46,1780553328323170560,1780553329323170560,Inter Chunk Latency,ms,p5,64.73
46,1780553328323170560,1780553329323170560,Inter Chunk Latency,ms,p10,64.73
46,1780553328323170560,1780553329323170560,Inter Chunk Latency,ms,p25,64.73
46,1780553328323170560,1780553329323170560,Inter Chunk Latency,ms,p50,64.73
46,1780553328323170560,1780553329323170560,Inter Chunk Latency,ms,p75,64.73
46,1780553328323170560,1780553329323170560,Inter Chunk Latency,ms,p90,64.74
46,1780553328323170560,1780553329323170560,Inter Chunk Latency,ms,p95,64.74
46,1780553328323170560,1780553329323170560,Inter Chunk Latency,ms,p99,64.74
46,1780553328323170560,1780553329323170560,Inter Chunk Latency,ms,std,0.00
46,1780553328323170560,1780553329323170560,Inter Token Latency,ms,avg,150.30
46,1780553328323170560,1780553329323170560,Inter Token Latency,ms,min,150.30
46,1780553328323170560,1780553329323170560,Inter Token Latency,ms,max,150.30
46,1780553328323170560,1780553329323170560,Inter Token Latency,ms,sum,150.30
46,1780553328323170560,1780553329323170560,Inter Token Latency,ms,p1,150.30
46,1780553328323170560,1780553329323170560,Inter Token Latency,ms,p5,150.30
46,1780553328323170560,1780553329323170560,Inter Token Latency,ms,p10,150.30
46,1780553328323170560,1780553329323170560,Inter Token Latency,ms,p25,150.30
46,1780553328323170560,1780553329323170560,Inter Token Latency,ms,p50,150.30
46,1780553328323170560,1780553329323170560,Inter Token Latency,ms,p75,150.30
46,1780553328323170560,1780553329323170560,Inter Token Latency,ms,p90,150.30
46,1780553328323170560,1780553329323170560,Inter Token Latency,ms,p95,150.30
46,1780553328323170560,1780553329323170560,Inter Token Latency,ms,p99,150.30
46,1780553328323170560,1780553329323170560,Inter Token Latency,ms,std,0.00
46,1780553328323170560,1780553329323170560,Maximum Response Timestamp,ns,avg,1780553379618216704.00
46,1780553328323170560,1780553329323170560,Minimum Request Timestamp,ns,avg,1780553328851803904.00
46,1780553328323170560,1780553329323170560,OSL Mismatch Count,requests,avg,0.00
46,1780553328323170560,1780553329323170560,OSL Mismatch Diff %,%,avg,0.00
46,1780553328323170560,1780553329323170560,OSL Mismatch Diff %,%,min,0.00
46,1780553328323170560,1780553329323170560,OSL Mismatch Diff %,%,max,0.00
46,1780553328323170560,1780553329323170560,OSL Mismatch Diff %,%,sum,0.00
46,1780553328323170560,1780553329323170560,OSL Mismatch Diff %,%,p1,0.00
46,1780553328323170560,1780553329323170560,OSL Mismatch Diff %,%,p5,0.00
46,1780553328323170560,1780553329323170560,OSL Mismatch Diff %,%,p10,0.00
46,1780553328323170560,1780553329323170560,OSL Mismatch Diff %,%,p25,0.00
46,1780553328323170560,1780553329323170560,OSL Mismatch Diff %,%,p50,0.00
46,1780553328323170560,1780553329323170560,OSL Mismatch Diff %,%,p75,0.00
46,1780553328323170560,1780553329323170560,OSL Mismatch Diff %,%,p90,0.00
46,1780553328323170560,1780553329323170560,OSL Mismatch Diff %,%,p95,0.00
46,1780553328323170560,1780553329323170560,OSL Mismatch Diff %,%,p99,0.00
46,1780553328323170560,1780553329323170560,OSL Mismatch Diff %,%,std,0.00
46,1780553328323170560,1780553329323170560,Output Sequence Length,tokens,avg,9.00
46,1780553328323170560,1780553329323170560,Output Sequence Length,tokens,min,9.00
46,1780553328323170560,1780553329323170560,Output Sequence Length,tokens,max,9.00
46,1780553328323170560,1780553329323170560,Output Sequence Length,tokens,sum,9.00
46,1780553328323170560,1780553329323170560,Output Sequence Length,tokens,p1,9.00
46,1780553328323170560,1780553329323170560,Output Sequence Length,tokens,p5,9.00
46,1780553328323170560,1780553329323170560,Output Sequence Length,tokens,p10,9.00
46,1780553328323170560,1780553329323170560,Output Sequence Length,tokens,p25,9.00
46,1780553328323170560,1780553329323170560,Output Sequence Length,tokens,p50,9.00
46,1780553328323170560,1780553329323170560,Output Sequence Length,tokens,p75,9.00
46,1780553328323170560,1780553329323170560,Output Sequence Length,tokens,p90,9.00
46,1780553328323170560,1780553329323170560,Output Sequence Length,tokens,p95,9.00
46,1780553328323170560,1780553329323170560,Output Sequence Length,tokens,p99,9.00
46,1780553328323170560,1780553329323170560,Output Sequence Length,tokens,std,0.00
46,1780553328323170560,1780553329323170560,Output Token Count,tokens,avg,9.00
46,1780553328323170560,1780553329323170560,Output Token Count,tokens,min,9.00
46,1780553328323170560,1780553329323170560,Output Token Count,tokens,max,9.00
46,1780553328323170560,1780553329323170560,Output Token Count,tokens,sum,9.00
46,1780553328323170560,1780553329323170560,Output Token Count,tokens,p1,9.00
46,1780553328323170560,1780553329323170560,Output Token Count,tokens,p5,9.00
46,1780553328323170560,1780553329323170560,Output Token Count,tokens,p10,9.00
46,1780553328323170560,1780553329323170560,Output Token Count,tokens,p25,9.00
46,1780553328323170560,1780553329323170560,Output Token Count,tokens,p50,9.00
46,1780553328323170560,1780553329323170560,Output Token Count,tokens,p75,9.00
46,1780553328323170560,1780553329323170560,Output Token Count,tokens,p90,9.00
46,1780553328323170560,1780553329323170560,Output Token Count,tokens,p95,9.00
46,1780553328323170560,1780553329323170560,Output Token Count,tokens,p99,9.00
46,1780553328323170560,1780553329323170560,Output Token Count,tokens,std,0.00
46,1780553328323170560,1780553329323170560,Output Token Throughput,tokens/sec,avg,9.00
46,1780553328323170560,1780553329323170560,Output Token Throughput Per User,tokens/sec/user,avg,6.65
46,1780553328323170560,1780553329323170560,Output Token Throughput Per User,tokens/sec/user,min,6.65
46,1780553328323170560,1780553329323170560,Output Token Throughput Per User,tokens/sec/user,max,6.65
46,1780553328323170560,1780553329323170560,Output Token Throughput Per User,tokens/sec/user,sum,6.65
46,1780553328323170560,1780553329323170560,Output Token Throughput Per User,tokens/sec/user,p1,6.65
46,1780553328323170560,1780553329323170560,Output Token Throughput Per User,tokens/sec/user,p5,6.65
46,1780553328323170560,1780553329323170560,Output Token Throughput Per User,tokens/sec/user,p10,6.65
46,1780553328323170560,1780553329323170560,Output Token Throughput Per User,tokens/sec/user,p25,6.65
46,1780553328323170560,1780553329323170560,Output Token Throughput Per User,tokens/sec/user,p50,6.65
46,1780553328323170560,1780553329323170560,Output Token Throughput Per User,tokens/sec/user,p75,6.65
46,1780553328323170560,1780553329323170560,Output Token Throughput Per User,tokens/sec/user,p90,6.65
46,1780553328323170560,1780553329323170560,Output Token Throughput Per User,tokens/sec/user,p95,6.65
46,1780553328323170560,1780553329323170560,Output Token Throughput Per User,tokens/sec/user,p99,6.65
46,1780553328323170560,1780553329323170560,Output Token Throughput Per User,tokens/sec/user,std,0.00
46,1780553328323170560,1780553329323170560,Prefill Throughput Per User,tokens/sec/user,avg,1369.04
46,1780553328323170560,1780553329323170560,Prefill Throughput Per User,tokens/sec/user,min,1369.04
46,1780553328323170560,1780553329323170560,Prefill Throughput Per User,tokens/sec/user,max,1369.04
46,1780553328323170560,1780553329323170560,Prefill Throughput Per User,tokens/sec/user,sum,1369.04
46,1780553328323170560,1780553329323170560,Prefill Throughput Per User,tokens/sec/user,p1,1369.04
46,1780553328323170560,1780553329323170560,Prefill Throughput Per User,tokens/sec/user,p5,1369.04
46,1780553328323170560,1780553329323170560,Prefill Throughput Per User,tokens/sec/user,p10,1369.04
46,1780553328323170560,1780553329323170560,Prefill Throughput Per User,tokens/sec/user,p25,1369.04
46,1780553328323170560,1780553329323170560,Prefill Throughput Per User,tokens/sec/user,p50,1369.04
46,1780553328323170560,1780553329323170560,Prefill Throughput Per User,tokens/sec/user,p75,1369.04
46,1780553328323170560,1780553329323170560,Prefill Throughput Per User,tokens/sec/user,p90,1369.04
46,1780553328323170560,1780553329323170560,Prefill Throughput Per User,tokens/sec/user,p95,1369.04
46,1780553328323170560,1780553329323170560,Prefill Throughput Per User,tokens/sec/user,p99,1369.04
46,1780553328323170560,1780553329323170560,Prefill Throughput Per User,tokens/sec/user,std,0.00
46,1780553328323170560,1780553329323170560,Request Count,requests,avg,1.00
46,1780553328323170560,1780553329323170560,Request Latency,ms,avg,50766.41
46,1780553328323170560,1780553329323170560,Request Latency,ms,min,50766.41
46,1780553328323170560,1780553329323170560,Request Latency,ms,max,50766.41
46,1780553328323170560,1780553329323170560,Request Latency,ms,sum,50766.41
46,1780553328323170560,1780553329323170560,Request Latency,ms,p1,50766.41
46,1780553328323170560,1780553329323170560,Request Latency,ms,p5,50766.41
46,1780553328323170560,1780553329323170560,Request Latency,ms,p10,50766.41
46,1780553328323170560,1780553329323170560,Request Latency,ms,p25,50766.41
46,1780553328323170560,1780553329323170560,Request Latency,ms,p50,50766.41
46,1780553328323170560,1780553329323170560,Request Latency,ms,p75,50766.41
46,1780553328323170560,1780553329323170560,Request Latency,ms,p90,50766.41
46,1780553328323170560,1780553329323170560,Request Latency,ms,p95,50766.41
46,1780553328323170560,1780553329323170560,Request Latency,ms,p99,50766.41
46,1780553328323170560,1780553329323170560,Request Latency,ms,std,0.00
46,1780553328323170560,1780553329323170560,Request Throughput,requests/sec,avg,1.00
46,1780553328323170560,1780553329323170560,Requested OSL,tokens,avg,9.00
46,1780553328323170560,1780553329323170560,Requested OSL,tokens,min,9.00
46,1780553328323170560,1780553329323170560,Requested OSL,tokens,max,9.00
46,1780553328323170560,1780553329323170560,Requested OSL,tokens,sum,9.00
46,1780553328323170560,1780553329323170560,Requested OSL,tokens,p1,9.00
46,1780553328323170560,1780553329323170560,Requested OSL,tokens,p5,9.00
46,1780553328323170560,1780553329323170560,Requested OSL,tokens,p10,9.00
46,1780553328323170560,1780553329323170560,Requested OSL,tokens,p25,9.00
46,1780553328323170560,1780553329323170560,Requested OSL,tokens,p50,9.00
46,1780553328323170560,1780553329323170560,Requested OSL,tokens,p75,9.00
46,1780553328323170560,1780553329323170560,Requested OSL,tokens,p90,9.00
46,1780553328323170560,1780553329323170560,Requested OSL,tokens,p95,9.00
46,1780553328323170560,1780553329323170560,Requested OSL,tokens,p99,9.00
46,1780553328323170560,1780553329323170560,Requested OSL,tokens,std,0.00
46,1780553328323170560,1780553329323170560,Time to First Output Token,ms,avg,49564.03
46,1780553328323170560,1780553329323170560,Time to First Output Token,ms,min,49564.03
46,1780553328323170560,1780553329323170560,Time to First Output Token,ms,max,49564.03
46,1780553328323170560,1780553329323170560,Time to First Output Token,ms,sum,49564.03
46,1780553328323170560,1780553329323170560,Time to First Output Token,ms,p1,49564.03
46,1780553328323170560,1780553329323170560,Time to First Output Token,ms,p5,49564.03
46,1780553328323170560,1780553329323170560,Time to First Output Token,ms,p10,49564.03
46,1780553328323170560,1780553329323170560,Time to First Output Token,ms,p25,49564.03
46,1780553328323170560,1780553329323170560,Time to First Output Token,ms,p50,49564.03
46,1780553328323170560,1780553329323170560,Time to First Output Token,ms,p75,49564.03
46,1780553328323170560,1780553329323170560,Time to First Output Token,ms,p90,49564.03
46,1780553328323170560,1780553329323170560,Time to First Output Token,ms,p95,49564.03
46,1780553328323170560,1780553329323170560,Time to First Output Token,ms,p99,49564.03
46,1780553328323170560,1780553329323170560,Time to First Output Token,ms,std,0.00
46,1780553328323170560,1780553329323170560,Time to First Token,ms,avg,49564.03
46,1780553328323170560,1780553329323170560,Time to First Token,ms,min,49564.03
46,1780553328323170560,1780553329323170560,Time to First Token,ms,max,49564.03
46,1780553328323170560,1780553329323170560,Time to First Token,ms,sum,49564.03
46,1780553328323170560,1780553329323170560,Time to First Token,ms,p1,49564.03
46,1780553328323170560,1780553329323170560,Time to First Token,ms,p5,49564.03
46,1780553328323170560,1780553329323170560,Time to First Token,ms,p10,49564.03
46,1780553328323170560,1780553329323170560,Time to First Token,ms,p25,49564.03
46,1780553328323170560,1780553329323170560,Time to First Token,ms,p50,49564.03
46,1780553328323170560,1780553329323170560,Time to First Token,ms,p75,49564.03
46,1780553328323170560,1780553329323170560,Time to First Token,ms,p90,49564.03
46,1780553328323170560,1780553329323170560,Time to First Token,ms,p95,49564.03
46,1780553328323170560,1780553329323170560,Time to First Token,ms,p99,49564.03
46,1780553328323170560,1780553329323170560,Time to First Token,ms,std,0.00
46,1780553328323170560,1780553329323170560,Time to Second Token,ms,avg,7.39
46,1780553328323170560,1780553329323170560,Time to Second Token,ms,min,7.39
46,1780553328323170560,1780553329323170560,Time to Second Token,ms,max,7.39
46,1780553328323170560,1780553329323170560,Time to Second Token,ms,sum,7.39
46,1780553328323170560,1780553329323170560,Time to Second Token,ms,p1,7.39
46,1780553328323170560,1780553329323170560,Time to Second Token,ms,p5,7.39
46,1780553328323170560,1780553329323170560,Time to Second Token,ms,p10,7.39
46,1780553328323170560,1780553329323170560,Time to Second Token,ms,p25,7.39
46,1780553328323170560,1780553329323170560,Time to Second Token,ms,p50,7.39
46,1780553328323170560,1780553329323170560,Time to Second Token,ms,p75,7.39
46,1780553328323170560,1780553329323170560,Time to Second Token,ms,p90,7.39
46,1780553328323170560,1780553329323170560,Time to Second Token,ms,p95,7.39
46,1780553328323170560,1780553329323170560,Time to Second Token,ms,p99,7.39
46,1780553328323170560,1780553329323170560,Time to Second Token,ms,std,0.00
46,1780553328323170560,1780553329323170560,Tokens In Flight,tokens,avg,1539516.62
46,1780553328323170560,1780553329323170560,Tokens In Flight,tokens,min,1507509.31
46,1780553328323170560,1780553329323170560,Tokens In Flight,tokens,max,1575409.36
46,1780553328323170560,1780553329323170560,Tokens In Flight,tokens,p50,1507532.34
46,1780553328323170560,1780553329323170560,Tokens In Flight,tokens,p90,1575406.36
46,1780553328323170560,1780553329323170560,Tokens In Flight,tokens,p95,1575407.36
46,1780553328323170560,1780553329323170560,Tokens In Flight,tokens,p99,1575409.36
46,1780553328323170560,1780553329323170560,Tokens In Flight,tokens,std,33883.30
46,1780553328323170560,1780553329323170560,Total Input Sequence Length,tokens,avg,67855.00
46,1780553328323170560,1780553329323170560,Total Output Sequence Length,tokens,avg,9.00
46,1780553328323170560,1780553329323170560,Total Output Tokens,tokens,avg,9.00
46,1780553328323170560,1780553329323170560,Total Token Throughput,tokens/sec,avg,67864.00
46,1780553328323170560,1780553329323170560,Total Usage Completion Tokens,tokens,avg,9.00
46,1780553328323170560,1780553329323170560,Total Usage Prompt Tokens,tokens,avg,67855.00
46,1780553328323170560,1780553329323170560,Total Usage Total Tokens,tokens,avg,67864.00
46,1780553328323170560,1780553329323170560,Usage Completion Tokens,tokens,avg,9.00
46,1780553328323170560,1780553329323170560,Usage Completion Tokens,tokens,min,9.00
46,1780553328323170560,1780553329323170560,Usage Completion Tokens,tokens,max,9.00
46,1780553328323170560,1780553329323170560,Usage Completion Tokens,tokens,sum,9.00
46,1780553328323170560,1780553329323170560,Usage Completion Tokens,tokens,p1,9.00
46,1780553328323170560,1780553329323170560,Usage Completion Tokens,tokens,p5,9.00
46,1780553328323170560,1780553329323170560,Usage Completion Tokens,tokens,p10,9.00
46,1780553328323170560,1780553329323170560,Usage Completion Tokens,tokens,p25,9.00
46,1780553328323170560,1780553329323170560,Usage Completion Tokens,tokens,p50,9.00
46,1780553328323170560,1780553329323170560,Usage Completion Tokens,tokens,p75,9.00
46,1780553328323170560,1780553329323170560,Usage Completion Tokens,tokens,p90,9.00
46,1780553328323170560,1780553329323170560,Usage Completion Tokens,tokens,p95,9.00
46,1780553328323170560,1780553329323170560,Usage Completion Tokens,tokens,p99,9.00
46,1780553328323170560,1780553329323170560,Usage Completion Tokens,tokens,std,0.00
46,1780553328323170560,1780553329323170560,Usage Prompt Tokens,tokens,avg,67855.00
46,1780553328323170560,1780553329323170560,Usage Prompt Tokens,tokens,min,67855.00
46,1780553328323170560,1780553329323170560,Usage Prompt Tokens,tokens,max,67855.00
46,1780553328323170560,1780553329323170560,Usage Prompt Tokens,tokens,sum,67855.00
46,1780553328323170560,1780553329323170560,Usage Prompt Tokens,tokens,p1,67855.00
46,1780553328323170560,1780553329323170560,Usage Prompt Tokens,tokens,p5,67855.00
46,1780553328323170560,1780553329323170560,Usage Prompt Tokens,tokens,p10,67855.00
46,1780553328323170560,1780553329323170560,Usage Prompt Tokens,tokens,p25,67855.00
46,1780553328323170560,1780553329323170560,Usage Prompt Tokens,tokens,p50,67855.00
46,1780553328323170560,1780553329323170560,Usage Prompt Tokens,tokens,p75,67855.00
46,1780553328323170560,1780553329323170560,Usage Prompt Tokens,tokens,p90,67855.00
46,1780553328323170560,1780553329323170560,Usage Prompt Tokens,tokens,p95,67855.00
46,1780553328323170560,1780553329323170560,Usage Prompt Tokens,tokens,p99,67855.00
46,1780553328323170560,1780553329323170560,Usage Prompt Tokens,tokens,std,0.00
46,1780553328323170560,1780553329323170560,Usage Total Tokens,tokens,avg,67864.00
46,1780553328323170560,1780553329323170560,Usage Total Tokens,tokens,min,67864.00
46,1780553328323170560,1780553329323170560,Usage Total Tokens,tokens,max,67864.00
46,1780553328323170560,1780553329323170560,Usage Total Tokens,tokens,sum,67864.00
46,1780553328323170560,1780553329323170560,Usage Total Tokens,tokens,p1,67864.00
46,1780553328323170560,1780553329323170560,Usage Total Tokens,tokens,p5,67864.00
46,1780553328323170560,1780553329323170560,Usage Total Tokens,tokens,p10,67864.00
46,1780553328323170560,1780553329323170560,Usage Total Tokens,tokens,p25,67864.00
46,1780553328323170560,1780553329323170560,Usage Total Tokens,tokens,p50,67864.00
46,1780553328323170560,1780553329323170560,Usage Total Tokens,tokens,p75,67864.00
46,1780553328323170560,1780553329323170560,Usage Total Tokens,tokens,p90,67864.00
46,1780553328323170560,1780553329323170560,Usage Total Tokens,tokens,p95,67864.00
46,1780553328323170560,1780553329323170560,Usage Total Tokens,tokens,p99,67864.00
46,1780553328323170560,1780553329323170560,Usage Total Tokens,tokens,std,0.00
47,1780553346323170560,1780553347323170560,Active Decode Throughput,tokens/sec,avg,37.88
47,1780553346323170560,1780553347323170560,Active Decode Throughput,tokens/sec,min,14.99
47,1780553346323170560,1780553347323170560,Active Decode Throughput,tokens/sec,max,60.77
47,1780553346323170560,1780553347323170560,Active Decode Throughput,tokens/sec,p50,37.88
47,1780553346323170560,1780553347323170560,Active Decode Throughput,tokens/sec,p90,37.88
47,1780553346323170560,1780553347323170560,Active Decode Throughput,tokens/sec,p95,37.88
47,1780553346323170560,1780553347323170560,Active Decode Throughput,tokens/sec,p99,37.88
47,1780553346323170560,1780553347323170560,Active Decode Throughput,tokens/sec,std,0.02
47,1780553346323170560,1780553347323170560,Active Decode Throughput Per User,tokens/sec/user,avg,4.21
47,1780553346323170560,1780553347323170560,Active Decode Throughput Per User,tokens/sec/user,min,1.67
47,1780553346323170560,1780553347323170560,Active Decode Throughput Per User,tokens/sec/user,max,6.75
47,1780553346323170560,1780553347323170560,Active Decode Throughput Per User,tokens/sec/user,p50,4.21
47,1780553346323170560,1780553347323170560,Active Decode Throughput Per User,tokens/sec/user,p90,4.21
47,1780553346323170560,1780553347323170560,Active Decode Throughput Per User,tokens/sec/user,p95,4.21
47,1780553346323170560,1780553347323170560,Active Decode Throughput Per User,tokens/sec/user,p99,4.21
47,1780553346323170560,1780553347323170560,Active Decode Throughput Per User,tokens/sec/user,std,0.00
47,1780553346323170560,1780553347323170560,Active Prefill Throughput,tokens/sec,avg,7907.22
47,1780553346323170560,1780553347323170560,Active Prefill Throughput,tokens/sec,min,6142.37
47,1780553346323170560,1780553347323170560,Active Prefill Throughput,tokens/sec,max,8213.78
47,1780553346323170560,1780553347323170560,Active Prefill Throughput,tokens/sec,p50,8213.78
47,1780553346323170560,1780553347323170560,Active Prefill Throughput,tokens/sec,p90,8213.78
47,1780553346323170560,1780553347323170560,Active Prefill Throughput,tokens/sec,p95,8213.78
47,1780553346323170560,1780553347323170560,Active Prefill Throughput,tokens/sec,p99,8213.78
47,1780553346323170560,1780553347323170560,Active Prefill Throughput,tokens/sec,std,735.55
47,1780553346323170560,1780553347323170560,Active Prefill Throughput Per User,tokens/sec/user,avg,1348.17
47,1780553346323170560,1780553347323170560,Active Prefill Throughput Per User,tokens/sec/user,min,1228.47
47,1780553346323170560,1780553347323170560,Active Prefill Throughput Per User,tokens/sec/user,max,1368.96
47,1780553346323170560,1780553347323170560,Active Prefill Throughput Per User,tokens/sec/user,p50,1368.96
47,1780553346323170560,1780553347323170560,Active Prefill Throughput Per User,tokens/sec/user,p90,1368.96
47,1780553346323170560,1780553347323170560,Active Prefill Throughput Per User,tokens/sec/user,p95,1368.96
47,1780553346323170560,1780553347323170560,Active Prefill Throughput Per User,tokens/sec/user,p99,1368.96
47,1780553346323170560,1780553347323170560,Active Prefill Throughput Per User,tokens/sec/user,std,49.89
47,1780553346323170560,1780553347323170560,Active Total Throughput,tokens/sec,avg,7962.61
47,1780553346323170560,1780553347323170560,Active Total Throughput,tokens/sec,min,6197.76
47,1780553346323170560,1780553347323170560,Active Total Throughput,tokens/sec,max,8269.17
47,1780553346323170560,1780553347323170560,Active Total Throughput,tokens/sec,p50,8269.17
47,1780553346323170560,1780553347323170560,Active Total Throughput,tokens/sec,p90,8269.17
47,1780553346323170560,1780553347323170560,Active Total Throughput,tokens/sec,p95,8269.17
47,1780553346323170560,1780553347323170560,Active Total Throughput,tokens/sec,p99,8269.17
47,1780553346323170560,1780553347323170560,Active Total Throughput,tokens/sec,std,735.55
47,1780553346323170560,1780553347323170560,Benchmark Duration,sec,avg,89.24
47,1780553346323170560,1780553347323170560,E2E Output Token Throughput,tokens/sec/user,avg,2.77
47,1780553346323170560,1780553347323170560,E2E Output Token Throughput,tokens/sec/user,min,2.77
47,1780553346323170560,1780553347323170560,E2E Output Token Throughput,tokens/sec/user,max,2.77
47,1780553346323170560,1780553347323170560,E2E Output Token Throughput,tokens/sec/user,sum,2.77
47,1780553346323170560,1780553347323170560,E2E Output Token Throughput,tokens/sec/user,p1,2.77
47,1780553346323170560,1780553347323170560,E2E Output Token Throughput,tokens/sec/user,p5,2.77
47,1780553346323170560,1780553347323170560,E2E Output Token Throughput,tokens/sec/user,p10,2.77
47,1780553346323170560,1780553347323170560,E2E Output Token Throughput,tokens/sec/user,p25,2.77
47,1780553346323170560,1780553347323170560,E2E Output Token Throughput,tokens/sec/user,p50,2.77
47,1780553346323170560,1780553347323170560,E2E Output Token Throughput,tokens/sec/user,p75,2.77
47,1780553346323170560,1780553347323170560,E2E Output Token Throughput,tokens/sec/user,p90,2.77
47,1780553346323170560,1780553347323170560,E2E Output Token Throughput,tokens/sec/user,p95,2.77
47,1780553346323170560,1780553347323170560,E2E Output Token Throughput,tokens/sec/user,p99,2.77
47,1780553346323170560,1780553347323170560,E2E Output Token Throughput,tokens/sec/user,std,0.00
47,1780553346323170560,1780553347323170560,Effective Concurrency,requests,avg,14.85
47,1780553346323170560,1780553347323170560,Effective Concurrency,requests,min,14.00
47,1780553346323170560,1780553347323170560,Effective Concurrency,requests,max,15.00
47,1780553346323170560,1780553347323170560,Effective Concurrency,requests,p50,15.00
47,1780553346323170560,1780553347323170560,Effective Concurrency,requests,p90,15.00
47,1780553346323170560,1780553347323170560,Effective Concurrency,requests,p95,15.00
47,1780553346323170560,1780553347323170560,Effective Concurrency,requests,p99,15.00
47,1780553346323170560,1780553347323170560,Effective Concurrency,requests,std,0.36
47,1780553346323170560,1780553347323170560,Effective Decode Concurrency,requests,avg,9.00
47,1780553346323170560,1780553347323170560,Effective Decode Concurrency,requests,min,9.00
47,1780553346323170560,1780553347323170560,Effective Decode Concurrency,requests,max,9.00
47,1780553346323170560,1780553347323170560,Effective Decode Concurrency,requests,p50,9.00
47,1780553346323170560,1780553347323170560,Effective Decode Concurrency,requests,p90,9.00
47,1780553346323170560,1780553347323170560,Effective Decode Concurrency,requests,p95,9.00
47,1780553346323170560,1780553347323170560,Effective Decode Concurrency,requests,p99,9.00
47,1780553346323170560,1780553347323170560,Effective Decode Concurrency,requests,std,0.00
47,1780553346323170560,1780553347323170560,Effective Decode Throughput,tokens/sec,avg,37.88
47,1780553346323170560,1780553347323170560,Effective Decode Throughput,tokens/sec,min,14.99
47,1780553346323170560,1780553347323170560,Effective Decode Throughput,tokens/sec,max,60.77
47,1780553346323170560,1780553347323170560,Effective Decode Throughput,tokens/sec,p50,37.88
47,1780553346323170560,1780553347323170560,Effective Decode Throughput,tokens/sec,p90,37.88
47,1780553346323170560,1780553347323170560,Effective Decode Throughput,tokens/sec,p95,37.88
47,1780553346323170560,1780553347323170560,Effective Decode Throughput,tokens/sec,p99,37.88
47,1780553346323170560,1780553347323170560,Effective Decode Throughput,tokens/sec,std,0.02
47,1780553346323170560,1780553347323170560,Effective Decode Throughput Per User,tokens/sec/user,avg,4.21
47,1780553346323170560,1780553347323170560,Effective Decode Throughput Per User,tokens/sec/user,min,1.67
47,1780553346323170560,1780553347323170560,Effective Decode Throughput Per User,tokens/sec/user,max,6.75
47,1780553346323170560,1780553347323170560,Effective Decode Throughput Per User,tokens/sec/user,p50,4.21
47,1780553346323170560,1780553347323170560,Effective Decode Throughput Per User,tokens/sec/user,p90,4.21
47,1780553346323170560,1780553347323170560,Effective Decode Throughput Per User,tokens/sec/user,p95,4.21
47,1780553346323170560,1780553347323170560,Effective Decode Throughput Per User,tokens/sec/user,p99,4.21
47,1780553346323170560,1780553347323170560,Effective Decode Throughput Per User,tokens/sec/user,std,0.00
47,1780553346323170560,1780553347323170560,Effective Prefill Concurrency,requests,avg,5.85
47,1780553346323170560,1780553347323170560,Effective Prefill Concurrency,requests,min,5.00
47,1780553346323170560,1780553347323170560,Effective Prefill Concurrency,requests,max,6.00
47,1780553346323170560,1780553347323170560,Effective Prefill Concurrency,requests,p50,6.00
47,1780553346323170560,1780553347323170560,Effective Prefill Concurrency,requests,p90,6.00
47,1780553346323170560,1780553347323170560,Effective Prefill Concurrency,requests,p95,6.00
47,1780553346323170560,1780553347323170560,Effective Prefill Concurrency,requests,p99,6.00
47,1780553346323170560,1780553347323170560,Effective Prefill Concurrency,requests,std,0.36
47,1780553346323170560,1780553347323170560,Effective Prefill Throughput,tokens/sec,avg,7907.22
47,1780553346323170560,1780553347323170560,Effective Prefill Throughput,tokens/sec,min,6142.37
47,1780553346323170560,1780553347323170560,Effective Prefill Throughput,tokens/sec,max,8213.78
47,1780553346323170560,1780553347323170560,Effective Prefill Throughput,tokens/sec,p50,8213.78
47,1780553346323170560,1780553347323170560,Effective Prefill Throughput,tokens/sec,p90,8213.78
47,1780553346323170560,1780553347323170560,Effective Prefill Throughput,tokens/sec,p95,8213.78
47,1780553346323170560,1780553347323170560,Effective Prefill Throughput,tokens/sec,p99,8213.78
47,1780553346323170560,1780553347323170560,Effective Prefill Throughput,tokens/sec,std,735.55
47,1780553346323170560,1780553347323170560,Effective Prefill Throughput Per User,tokens/sec/user,avg,1348.17
47,1780553346323170560,1780553347323170560,Effective Prefill Throughput Per User,tokens/sec/user,min,1228.47
47,1780553346323170560,1780553347323170560,Effective Prefill Throughput Per User,tokens/sec/user,max,1368.96
47,1780553346323170560,1780553347323170560,Effective Prefill Throughput Per User,tokens/sec/user,p50,1368.96
47,1780553346323170560,1780553347323170560,Effective Prefill Throughput Per User,tokens/sec/user,p90,1368.96
47,1780553346323170560,1780553347323170560,Effective Prefill Throughput Per User,tokens/sec/user,p95,1368.96
47,1780553346323170560,1780553347323170560,Effective Prefill Throughput Per User,tokens/sec/user,p99,1368.96
47,1780553346323170560,1780553347323170560,Effective Prefill Throughput Per User,tokens/sec/user,std,49.89
47,1780553346323170560,1780553347323170560,Effective Total Throughput,tokens/sec,avg,7962.61
47,1780553346323170560,1780553347323170560,Effective Total Throughput,tokens/sec,min,6197.76
47,1780553346323170560,1780553347323170560,Effective Total Throughput,tokens/sec,max,8269.17
47,1780553346323170560,1780553347323170560,Effective Total Throughput,tokens/sec,p50,8269.17
47,1780553346323170560,1780553347323170560,Effective Total Throughput,tokens/sec,p90,8269.17
47,1780553346323170560,1780553347323170560,Effective Total Throughput,tokens/sec,p95,8269.17
47,1780553346323170560,1780553347323170560,Effective Total Throughput,tokens/sec,p99,8269.17
47,1780553346323170560,1780553347323170560,Effective Total Throughput,tokens/sec,std,735.55
47,1780553346323170560,1780553347323170560,HTTP Blocked,ms,avg,0.00
47,1780553346323170560,1780553347323170560,HTTP Blocked,ms,min,0.00
47,1780553346323170560,1780553347323170560,HTTP Blocked,ms,max,0.00
47,1780553346323170560,1780553347323170560,HTTP Blocked,ms,sum,0.00
47,1780553346323170560,1780553347323170560,HTTP Blocked,ms,p1,0.00
47,1780553346323170560,1780553347323170560,HTTP Blocked,ms,p5,0.00
47,1780553346323170560,1780553347323170560,HTTP Blocked,ms,p10,0.00
47,1780553346323170560,1780553347323170560,HTTP Blocked,ms,p25,0.00
47,1780553346323170560,1780553347323170560,HTTP Blocked,ms,p50,0.00
47,1780553346323170560,1780553347323170560,HTTP Blocked,ms,p75,0.00
47,1780553346323170560,1780553347323170560,HTTP Blocked,ms,p90,0.00
47,1780553346323170560,1780553347323170560,HTTP Blocked,ms,p95,0.00
47,1780553346323170560,1780553347323170560,HTTP Blocked,ms,p99,0.00
47,1780553346323170560,1780553347323170560,HTTP Blocked,ms,std,0.00
47,1780553346323170560,1780553347323170560,HTTP Chunks Received,count,avg,247.00
47,1780553346323170560,1780553347323170560,HTTP Chunks Received,count,min,247.00
47,1780553346323170560,1780553347323170560,HTTP Chunks Received,count,max,247.00
47,1780553346323170560,1780553347323170560,HTTP Chunks Received,count,sum,247.00
47,1780553346323170560,1780553347323170560,HTTP Chunks Received,count,p1,247.00
47,1780553346323170560,1780553347323170560,HTTP Chunks Received,count,p5,247.00
47,1780553346323170560,1780553347323170560,HTTP Chunks Received,count,p10,247.00
47,1780553346323170560,1780553347323170560,HTTP Chunks Received,count,p25,247.00
47,1780553346323170560,1780553347323170560,HTTP Chunks Received,count,p50,247.00
47,1780553346323170560,1780553347323170560,HTTP Chunks Received,count,p75,247.00
47,1780553346323170560,1780553347323170560,HTTP Chunks Received,count,p90,247.00
47,1780553346323170560,1780553347323170560,HTTP Chunks Received,count,p95,247.00
47,1780553346323170560,1780553347323170560,HTTP Chunks Received,count,p99,247.00
47,1780553346323170560,1780553347323170560,HTTP Chunks Received,count,std,0.00
47,1780553346323170560,1780553347323170560,HTTP Chunks Sent,count,avg,1.00
47,1780553346323170560,1780553347323170560,HTTP Chunks Sent,count,min,1.00
47,1780553346323170560,1780553347323170560,HTTP Chunks Sent,count,max,1.00
47,1780553346323170560,1780553347323170560,HTTP Chunks Sent,count,sum,1.00
47,1780553346323170560,1780553347323170560,HTTP Chunks Sent,count,p1,1.00
47,1780553346323170560,1780553347323170560,HTTP Chunks Sent,count,p5,1.00
47,1780553346323170560,1780553347323170560,HTTP Chunks Sent,count,p10,1.00
47,1780553346323170560,1780553347323170560,HTTP Chunks Sent,count,p25,1.00
47,1780553346323170560,1780553347323170560,HTTP Chunks Sent,count,p50,1.00
47,1780553346323170560,1780553347323170560,HTTP Chunks Sent,count,p75,1.00
47,1780553346323170560,1780553347323170560,HTTP Chunks Sent,count,p90,1.00
47,1780553346323170560,1780553347323170560,HTTP Chunks Sent,count,p95,1.00
47,1780553346323170560,1780553347323170560,HTTP Chunks Sent,count,p99,1.00
47,1780553346323170560,1780553347323170560,HTTP Chunks Sent,count,std,0.00
47,1780553346323170560,1780553347323170560,HTTP Connecting,ms,avg,0.00
47,1780553346323170560,1780553347323170560,HTTP Connecting,ms,min,0.00
47,1780553346323170560,1780553347323170560,HTTP Connecting,ms,max,0.00
47,1780553346323170560,1780553347323170560,HTTP Connecting,ms,sum,0.00
47,1780553346323170560,1780553347323170560,HTTP Connecting,ms,p1,0.00
47,1780553346323170560,1780553347323170560,HTTP Connecting,ms,p5,0.00
47,1780553346323170560,1780553347323170560,HTTP Connecting,ms,p10,0.00
47,1780553346323170560,1780553347323170560,HTTP Connecting,ms,p25,0.00
47,1780553346323170560,1780553347323170560,HTTP Connecting,ms,p50,0.00
47,1780553346323170560,1780553347323170560,HTTP Connecting,ms,p75,0.00
47,1780553346323170560,1780553347323170560,HTTP Connecting,ms,p90,0.00
47,1780553346323170560,1780553347323170560,HTTP Connecting,ms,p95,0.00
47,1780553346323170560,1780553347323170560,HTTP Connecting,ms,p99,0.00
47,1780553346323170560,1780553347323170560,HTTP Connecting,ms,std,0.00
47,1780553346323170560,1780553347323170560,HTTP Connection Overhead,ms,avg,0.00
47,1780553346323170560,1780553347323170560,HTTP Connection Overhead,ms,min,0.00
47,1780553346323170560,1780553347323170560,HTTP Connection Overhead,ms,max,0.00
47,1780553346323170560,1780553347323170560,HTTP Connection Overhead,ms,sum,0.00
47,1780553346323170560,1780553347323170560,HTTP Connection Overhead,ms,p1,0.00
47,1780553346323170560,1780553347323170560,HTTP Connection Overhead,ms,p5,0.00
47,1780553346323170560,1780553347323170560,HTTP Connection Overhead,ms,p10,0.00
47,1780553346323170560,1780553347323170560,HTTP Connection Overhead,ms,p25,0.00
47,1780553346323170560,1780553347323170560,HTTP Connection Overhead,ms,p50,0.00
47,1780553346323170560,1780553347323170560,HTTP Connection Overhead,ms,p75,0.00
47,1780553346323170560,1780553347323170560,HTTP Connection Overhead,ms,p90,0.00
47,1780553346323170560,1780553347323170560,HTTP Connection Overhead,ms,p95,0.00
47,1780553346323170560,1780553347323170560,HTTP Connection Overhead,ms,p99,0.00
47,1780553346323170560,1780553347323170560,HTTP Connection Overhead,ms,std,0.00
47,1780553346323170560,1780553347323170560,HTTP Connection Reused,ratio,avg,1.00
47,1780553346323170560,1780553347323170560,HTTP Connection Reused,ratio,min,1.00
47,1780553346323170560,1780553347323170560,HTTP Connection Reused,ratio,max,1.00
47,1780553346323170560,1780553347323170560,HTTP Connection Reused,ratio,sum,1.00
47,1780553346323170560,1780553347323170560,HTTP Connection Reused,ratio,p1,1.00
47,1780553346323170560,1780553347323170560,HTTP Connection Reused,ratio,p5,1.00
47,1780553346323170560,1780553347323170560,HTTP Connection Reused,ratio,p10,1.00
47,1780553346323170560,1780553347323170560,HTTP Connection Reused,ratio,p25,1.00
47,1780553346323170560,1780553347323170560,HTTP Connection Reused,ratio,p50,1.00
47,1780553346323170560,1780553347323170560,HTTP Connection Reused,ratio,p75,1.00
47,1780553346323170560,1780553347323170560,HTTP Connection Reused,ratio,p90,1.00
47,1780553346323170560,1780553347323170560,HTTP Connection Reused,ratio,p95,1.00
47,1780553346323170560,1780553347323170560,HTTP Connection Reused,ratio,p99,1.00
47,1780553346323170560,1780553347323170560,HTTP Connection Reused,ratio,std,0.00
47,1780553346323170560,1780553347323170560,HTTP Data Received,KB,avg,61.99
47,1780553346323170560,1780553347323170560,HTTP Data Received,KB,min,61.99
47,1780553346323170560,1780553347323170560,HTTP Data Received,KB,max,61.99
47,1780553346323170560,1780553347323170560,HTTP Data Received,KB,sum,61.99
47,1780553346323170560,1780553347323170560,HTTP Data Received,KB,p1,61.99
47,1780553346323170560,1780553347323170560,HTTP Data Received,KB,p5,61.99
47,1780553346323170560,1780553347323170560,HTTP Data Received,KB,p10,61.99
47,1780553346323170560,1780553347323170560,HTTP Data Received,KB,p25,61.99
47,1780553346323170560,1780553347323170560,HTTP Data Received,KB,p50,61.99
47,1780553346323170560,1780553347323170560,HTTP Data Received,KB,p75,61.99
47,1780553346323170560,1780553347323170560,HTTP Data Received,KB,p90,61.99
47,1780553346323170560,1780553347323170560,HTTP Data Received,KB,p95,61.99
47,1780553346323170560,1780553347323170560,HTTP Data Received,KB,p99,61.99
47,1780553346323170560,1780553347323170560,HTTP Data Received,KB,std,0.00
47,1780553346323170560,1780553347323170560,HTTP Data Sent,KB,avg,310.35
47,1780553346323170560,1780553347323170560,HTTP Data Sent,KB,min,310.35
47,1780553346323170560,1780553347323170560,HTTP Data Sent,KB,max,310.35
47,1780553346323170560,1780553347323170560,HTTP Data Sent,KB,sum,310.35
47,1780553346323170560,1780553347323170560,HTTP Data Sent,KB,p1,310.35
47,1780553346323170560,1780553347323170560,HTTP Data Sent,KB,p5,310.35
47,1780553346323170560,1780553347323170560,HTTP Data Sent,KB,p10,310.35
47,1780553346323170560,1780553347323170560,HTTP Data Sent,KB,p25,310.35
47,1780553346323170560,1780553347323170560,HTTP Data Sent,KB,p50,310.35
47,1780553346323170560,1780553347323170560,HTTP Data Sent,KB,p75,310.35
47,1780553346323170560,1780553347323170560,HTTP Data Sent,KB,p90,310.35
47,1780553346323170560,1780553347323170560,HTTP Data Sent,KB,p95,310.35
47,1780553346323170560,1780553347323170560,HTTP Data Sent,KB,p99,310.35
47,1780553346323170560,1780553347323170560,HTTP Data Sent,KB,std,0.00
47,1780553346323170560,1780553347323170560,HTTP DNS Lookup,ms,avg,0.00
47,1780553346323170560,1780553347323170560,HTTP DNS Lookup,ms,min,0.00
47,1780553346323170560,1780553347323170560,HTTP DNS Lookup,ms,max,0.00
47,1780553346323170560,1780553347323170560,HTTP DNS Lookup,ms,sum,0.00
47,1780553346323170560,1780553347323170560,HTTP DNS Lookup,ms,p1,0.00
47,1780553346323170560,1780553347323170560,HTTP DNS Lookup,ms,p5,0.00
47,1780553346323170560,1780553347323170560,HTTP DNS Lookup,ms,p10,0.00
47,1780553346323170560,1780553347323170560,HTTP DNS Lookup,ms,p25,0.00
47,1780553346323170560,1780553347323170560,HTTP DNS Lookup,ms,p50,0.00
47,1780553346323170560,1780553347323170560,HTTP DNS Lookup,ms,p75,0.00
47,1780553346323170560,1780553347323170560,HTTP DNS Lookup,ms,p90,0.00
47,1780553346323170560,1780553347323170560,HTTP DNS Lookup,ms,p95,0.00
47,1780553346323170560,1780553347323170560,HTTP DNS Lookup,ms,p99,0.00
47,1780553346323170560,1780553347323170560,HTTP DNS Lookup,ms,std,0.00
47,1780553346323170560,1780553347323170560,HTTP Duration (excl. conn),ms,avg,89239.43
47,1780553346323170560,1780553347323170560,HTTP Duration (excl. conn),ms,min,89239.43
47,1780553346323170560,1780553347323170560,HTTP Duration (excl. conn),ms,max,89239.43
47,1780553346323170560,1780553347323170560,HTTP Duration (excl. conn),ms,sum,89239.43
47,1780553346323170560,1780553347323170560,HTTP Duration (excl. conn),ms,p1,89239.43
47,1780553346323170560,1780553347323170560,HTTP Duration (excl. conn),ms,p5,89239.43
47,1780553346323170560,1780553347323170560,HTTP Duration (excl. conn),ms,p10,89239.43
47,1780553346323170560,1780553347323170560,HTTP Duration (excl. conn),ms,p25,89239.43
47,1780553346323170560,1780553347323170560,HTTP Duration (excl. conn),ms,p50,89239.43
47,1780553346323170560,1780553347323170560,HTTP Duration (excl. conn),ms,p75,89239.43
47,1780553346323170560,1780553347323170560,HTTP Duration (excl. conn),ms,p90,89239.43
47,1780553346323170560,1780553347323170560,HTTP Duration (excl. conn),ms,p95,89239.43
47,1780553346323170560,1780553347323170560,HTTP Duration (excl. conn),ms,p99,89239.43
47,1780553346323170560,1780553347323170560,HTTP Duration (excl. conn),ms,std,0.00
47,1780553346323170560,1780553347323170560,HTTP Receiving,ms,avg,50958.84
47,1780553346323170560,1780553347323170560,HTTP Receiving,ms,min,50958.84
47,1780553346323170560,1780553347323170560,HTTP Receiving,ms,max,50958.84
47,1780553346323170560,1780553347323170560,HTTP Receiving,ms,sum,50958.84
47,1780553346323170560,1780553347323170560,HTTP Receiving,ms,p1,50958.84
47,1780553346323170560,1780553347323170560,HTTP Receiving,ms,p5,50958.84
47,1780553346323170560,1780553347323170560,HTTP Receiving,ms,p10,50958.84
47,1780553346323170560,1780553347323170560,HTTP Receiving,ms,p25,50958.84
47,1780553346323170560,1780553347323170560,HTTP Receiving,ms,p50,50958.84
47,1780553346323170560,1780553347323170560,HTTP Receiving,ms,p75,50958.84
47,1780553346323170560,1780553347323170560,HTTP Receiving,ms,p90,50958.84
47,1780553346323170560,1780553347323170560,HTTP Receiving,ms,p95,50958.84
47,1780553346323170560,1780553347323170560,HTTP Receiving,ms,p99,50958.84
47,1780553346323170560,1780553347323170560,HTTP Receiving,ms,std,0.00
47,1780553346323170560,1780553347323170560,HTTP Sending,ms,avg,0.26
47,1780553346323170560,1780553347323170560,HTTP Sending,ms,min,0.26
47,1780553346323170560,1780553347323170560,HTTP Sending,ms,max,0.26
47,1780553346323170560,1780553347323170560,HTTP Sending,ms,sum,0.26
47,1780553346323170560,1780553347323170560,HTTP Sending,ms,p1,0.26
47,1780553346323170560,1780553347323170560,HTTP Sending,ms,p5,0.26
47,1780553346323170560,1780553347323170560,HTTP Sending,ms,p10,0.26
47,1780553346323170560,1780553347323170560,HTTP Sending,ms,p25,0.26
47,1780553346323170560,1780553347323170560,HTTP Sending,ms,p50,0.26
47,1780553346323170560,1780553347323170560,HTTP Sending,ms,p75,0.26
47,1780553346323170560,1780553347323170560,HTTP Sending,ms,p90,0.26
47,1780553346323170560,1780553347323170560,HTTP Sending,ms,p95,0.26
47,1780553346323170560,1780553347323170560,HTTP Sending,ms,p99,0.26
47,1780553346323170560,1780553347323170560,HTTP Sending,ms,std,0.00
47,1780553346323170560,1780553347323170560,HTTP Total Time,ms,avg,89239.43
47,1780553346323170560,1780553347323170560,HTTP Total Time,ms,min,89239.43
47,1780553346323170560,1780553347323170560,HTTP Total Time,ms,max,89239.43
47,1780553346323170560,1780553347323170560,HTTP Total Time,ms,sum,89239.43
47,1780553346323170560,1780553347323170560,HTTP Total Time,ms,p1,89239.43
47,1780553346323170560,1780553347323170560,HTTP Total Time,ms,p5,89239.43
47,1780553346323170560,1780553347323170560,HTTP Total Time,ms,p10,89239.43
47,1780553346323170560,1780553347323170560,HTTP Total Time,ms,p25,89239.43
47,1780553346323170560,1780553347323170560,HTTP Total Time,ms,p50,89239.43
47,1780553346323170560,1780553347323170560,HTTP Total Time,ms,p75,89239.43
47,1780553346323170560,1780553347323170560,HTTP Total Time,ms,p90,89239.43
47,1780553346323170560,1780553347323170560,HTTP Total Time,ms,p95,89239.43
47,1780553346323170560,1780553347323170560,HTTP Total Time,ms,p99,89239.43
47,1780553346323170560,1780553347323170560,HTTP Total Time,ms,std,0.00
47,1780553346323170560,1780553347323170560,HTTP Waiting (TTFB),ms,avg,38280.33
47,1780553346323170560,1780553347323170560,HTTP Waiting (TTFB),ms,min,38280.33
47,1780553346323170560,1780553347323170560,HTTP Waiting (TTFB),ms,max,38280.33
47,1780553346323170560,1780553347323170560,HTTP Waiting (TTFB),ms,sum,38280.33
47,1780553346323170560,1780553347323170560,HTTP Waiting (TTFB),ms,p1,38280.33
47,1780553346323170560,1780553347323170560,HTTP Waiting (TTFB),ms,p5,38280.33
47,1780553346323170560,1780553347323170560,HTTP Waiting (TTFB),ms,p10,38280.33
47,1780553346323170560,1780553347323170560,HTTP Waiting (TTFB),ms,p25,38280.33
47,1780553346323170560,1780553347323170560,HTTP Waiting (TTFB),ms,p50,38280.33
47,1780553346323170560,1780553347323170560,HTTP Waiting (TTFB),ms,p75,38280.33
47,1780553346323170560,1780553347323170560,HTTP Waiting (TTFB),ms,p90,38280.33
47,1780553346323170560,1780553347323170560,HTTP Waiting (TTFB),ms,p95,38280.33
47,1780553346323170560,1780553347323170560,HTTP Waiting (TTFB),ms,p99,38280.33
47,1780553346323170560,1780553347323170560,HTTP Waiting (TTFB),ms,std,0.00
47,1780553346323170560,1780553347323170560,Input Sequence Length,tokens,avg,79295.00
47,1780553346323170560,1780553347323170560,Input Sequence Length,tokens,min,79295.00
47,1780553346323170560,1780553347323170560,Input Sequence Length,tokens,max,79295.00
47,1780553346323170560,1780553347323170560,Input Sequence Length,tokens,sum,79295.00
47,1780553346323170560,1780553347323170560,Input Sequence Length,tokens,p1,79295.00
47,1780553346323170560,1780553347323170560,Input Sequence Length,tokens,p5,79295.00
47,1780553346323170560,1780553347323170560,Input Sequence Length,tokens,p10,79295.00
47,1780553346323170560,1780553347323170560,Input Sequence Length,tokens,p25,79295.00
47,1780553346323170560,1780553347323170560,Input Sequence Length,tokens,p50,79295.00
47,1780553346323170560,1780553347323170560,Input Sequence Length,tokens,p75,79295.00
47,1780553346323170560,1780553347323170560,Input Sequence Length,tokens,p90,79295.00
47,1780553346323170560,1780553347323170560,Input Sequence Length,tokens,p95,79295.00
47,1780553346323170560,1780553347323170560,Input Sequence Length,tokens,p99,79295.00
47,1780553346323170560,1780553347323170560,Input Sequence Length,tokens,std,0.00
47,1780553346323170560,1780553347323170560,Input Token Throughput,tokens/sec,avg,79295.00
47,1780553346323170560,1780553347323170560,Inter Chunk Latency,ms,avg,64.90
47,1780553346323170560,1780553347323170560,Inter Chunk Latency,ms,min,64.88
47,1780553346323170560,1780553347323170560,Inter Chunk Latency,ms,max,64.92
47,1780553346323170560,1780553347323170560,Inter Chunk Latency,ms,sum,15965.31
47,1780553346323170560,1780553347323170560,Inter Chunk Latency,ms,p1,64.88
47,1780553346323170560,1780553347323170560,Inter Chunk Latency,ms,p5,64.89
47,1780553346323170560,1780553347323170560,Inter Chunk Latency,ms,p10,64.89
47,1780553346323170560,1780553347323170560,Inter Chunk Latency,ms,p25,64.89
47,1780553346323170560,1780553347323170560,Inter Chunk Latency,ms,p50,64.90
47,1780553346323170560,1780553347323170560,Inter Chunk Latency,ms,p75,64.91
47,1780553346323170560,1780553347323170560,Inter Chunk Latency,ms,p90,64.91
47,1780553346323170560,1780553347323170560,Inter Chunk Latency,ms,p95,64.91
47,1780553346323170560,1780553347323170560,Inter Chunk Latency,ms,p99,64.91
47,1780553346323170560,1780553347323170560,Inter Chunk Latency,ms,std,0.01
47,1780553346323170560,1780553347323170560,Inter Token Latency,ms,avg,207.15
47,1780553346323170560,1780553347323170560,Inter Token Latency,ms,min,207.15
47,1780553346323170560,1780553347323170560,Inter Token Latency,ms,max,207.15
47,1780553346323170560,1780553347323170560,Inter Token Latency,ms,sum,207.15
47,1780553346323170560,1780553347323170560,Inter Token Latency,ms,p1,207.15
47,1780553346323170560,1780553347323170560,Inter Token Latency,ms,p5,207.15
47,1780553346323170560,1780553347323170560,Inter Token Latency,ms,p10,207.15
47,1780553346323170560,1780553347323170560,Inter Token Latency,ms,p25,207.15
47,1780553346323170560,1780553347323170560,Inter Token Latency,ms,p50,207.15
47,1780553346323170560,1780553347323170560,Inter Token Latency,ms,p75,207.15
47,1780553346323170560,1780553347323170560,Inter Token Latency,ms,p90,207.15
47,1780553346323170560,1780553347323170560,Inter Token Latency,ms,p95,207.15
47,1780553346323170560,1780553347323170560,Inter Token Latency,ms,p99,207.15
47,1780553346323170560,1780553347323170560,Inter Token Latency,ms,std,0.00
47,1780553346323170560,1780553347323170560,Maximum Response Timestamp,ns,avg,1780553435710708224.00
47,1780553346323170560,1780553347323170560,Minimum Request Timestamp,ns,avg,1780553346471165952.00
47,1780553346323170560,1780553347323170560,OSL Mismatch Count,requests,avg,0.00
47,1780553346323170560,1780553347323170560,OSL Mismatch Diff %,%,avg,0.00
47,1780553346323170560,1780553347323170560,OSL Mismatch Diff %,%,min,0.00
47,1780553346323170560,1780553347323170560,OSL Mismatch Diff %,%,max,0.00
47,1780553346323170560,1780553347323170560,OSL Mismatch Diff %,%,sum,0.00
47,1780553346323170560,1780553347323170560,OSL Mismatch Diff %,%,p1,0.00
47,1780553346323170560,1780553347323170560,OSL Mismatch Diff %,%,p5,0.00
47,1780553346323170560,1780553347323170560,OSL Mismatch Diff %,%,p10,0.00
47,1780553346323170560,1780553347323170560,OSL Mismatch Diff %,%,p25,0.00
47,1780553346323170560,1780553347323170560,OSL Mismatch Diff %,%,p50,0.00
47,1780553346323170560,1780553347323170560,OSL Mismatch Diff %,%,p75,0.00
47,1780553346323170560,1780553347323170560,OSL Mismatch Diff %,%,p90,0.00
47,1780553346323170560,1780553347323170560,OSL Mismatch Diff %,%,p95,0.00
47,1780553346323170560,1780553347323170560,OSL Mismatch Diff %,%,p99,0.00
47,1780553346323170560,1780553347323170560,OSL Mismatch Diff %,%,std,0.00
47,1780553346323170560,1780553347323170560,Output Sequence Length,tokens,avg,247.00
47,1780553346323170560,1780553347323170560,Output Sequence Length,tokens,min,247.00
47,1780553346323170560,1780553347323170560,Output Sequence Length,tokens,max,247.00
47,1780553346323170560,1780553347323170560,Output Sequence Length,tokens,sum,247.00
47,1780553346323170560,1780553347323170560,Output Sequence Length,tokens,p1,247.00
47,1780553346323170560,1780553347323170560,Output Sequence Length,tokens,p5,247.00
47,1780553346323170560,1780553347323170560,Output Sequence Length,tokens,p10,247.00
47,1780553346323170560,1780553347323170560,Output Sequence Length,tokens,p25,247.00
47,1780553346323170560,1780553347323170560,Output Sequence Length,tokens,p50,247.00
47,1780553346323170560,1780553347323170560,Output Sequence Length,tokens,p75,247.00
47,1780553346323170560,1780553347323170560,Output Sequence Length,tokens,p90,247.00
47,1780553346323170560,1780553347323170560,Output Sequence Length,tokens,p95,247.00
47,1780553346323170560,1780553347323170560,Output Sequence Length,tokens,p99,247.00
47,1780553346323170560,1780553347323170560,Output Sequence Length,tokens,std,0.00
47,1780553346323170560,1780553347323170560,Output Token Count,tokens,avg,247.00
47,1780553346323170560,1780553347323170560,Output Token Count,tokens,min,247.00
47,1780553346323170560,1780553347323170560,Output Token Count,tokens,max,247.00
47,1780553346323170560,1780553347323170560,Output Token Count,tokens,sum,247.00
47,1780553346323170560,1780553347323170560,Output Token Count,tokens,p1,247.00
47,1780553346323170560,1780553347323170560,Output Token Count,tokens,p5,247.00
47,1780553346323170560,1780553347323170560,Output Token Count,tokens,p10,247.00
47,1780553346323170560,1780553347323170560,Output Token Count,tokens,p25,247.00
47,1780553346323170560,1780553347323170560,Output Token Count,tokens,p50,247.00
47,1780553346323170560,1780553347323170560,Output Token Count,tokens,p75,247.00
47,1780553346323170560,1780553347323170560,Output Token Count,tokens,p90,247.00
47,1780553346323170560,1780553347323170560,Output Token Count,tokens,p95,247.00
47,1780553346323170560,1780553347323170560,Output Token Count,tokens,p99,247.00
47,1780553346323170560,1780553347323170560,Output Token Count,tokens,std,0.00
47,1780553346323170560,1780553347323170560,Output Token Throughput,tokens/sec,avg,247.00
47,1780553346323170560,1780553347323170560,Output Token Throughput Per User,tokens/sec/user,avg,4.83
47,1780553346323170560,1780553347323170560,Output Token Throughput Per User,tokens/sec/user,min,4.83
47,1780553346323170560,1780553347323170560,Output Token Throughput Per User,tokens/sec/user,max,4.83
47,1780553346323170560,1780553347323170560,Output Token Throughput Per User,tokens/sec/user,sum,4.83
47,1780553346323170560,1780553347323170560,Output Token Throughput Per User,tokens/sec/user,p1,4.83
47,1780553346323170560,1780553347323170560,Output Token Throughput Per User,tokens/sec/user,p5,4.83
47,1780553346323170560,1780553347323170560,Output Token Throughput Per User,tokens/sec/user,p10,4.83
47,1780553346323170560,1780553347323170560,Output Token Throughput Per User,tokens/sec/user,p25,4.83
47,1780553346323170560,1780553347323170560,Output Token Throughput Per User,tokens/sec/user,p50,4.83
47,1780553346323170560,1780553347323170560,Output Token Throughput Per User,tokens/sec/user,p75,4.83
47,1780553346323170560,1780553347323170560,Output Token Throughput Per User,tokens/sec/user,p90,4.83
47,1780553346323170560,1780553347323170560,Output Token Throughput Per User,tokens/sec/user,p95,4.83
47,1780553346323170560,1780553347323170560,Output Token Throughput Per User,tokens/sec/user,p99,4.83
47,1780553346323170560,1780553347323170560,Output Token Throughput Per User,tokens/sec/user,std,0.00
47,1780553346323170560,1780553347323170560,Prefill Throughput Per User,tokens/sec/user,avg,2071.41
47,1780553346323170560,1780553347323170560,Prefill Throughput Per User,tokens/sec/user,min,2071.41
47,1780553346323170560,1780553347323170560,Prefill Throughput Per User,tokens/sec/user,max,2071.41
47,1780553346323170560,1780553347323170560,Prefill Throughput Per User,tokens/sec/user,sum,2071.41
47,1780553346323170560,1780553347323170560,Prefill Throughput Per User,tokens/sec/user,p1,2071.41
47,1780553346323170560,1780553347323170560,Prefill Throughput Per User,tokens/sec/user,p5,2071.41
47,1780553346323170560,1780553347323170560,Prefill Throughput Per User,tokens/sec/user,p10,2071.41
47,1780553346323170560,1780553347323170560,Prefill Throughput Per User,tokens/sec/user,p25,2071.41
47,1780553346323170560,1780553347323170560,Prefill Throughput Per User,tokens/sec/user,p50,2071.41
47,1780553346323170560,1780553347323170560,Prefill Throughput Per User,tokens/sec/user,p75,2071.41
47,1780553346323170560,1780553347323170560,Prefill Throughput Per User,tokens/sec/user,p90,2071.41
47,1780553346323170560,1780553347323170560,Prefill Throughput Per User,tokens/sec/user,p95,2071.41
47,1780553346323170560,1780553347323170560,Prefill Throughput Per User,tokens/sec/user,p99,2071.41
47,1780553346323170560,1780553347323170560,Prefill Throughput Per User,tokens/sec/user,std,0.00
47,1780553346323170560,1780553347323170560,Request Count,requests,avg,1.00
47,1780553346323170560,1780553347323170560,Request Latency,ms,avg,89239.54
47,1780553346323170560,1780553347323170560,Request Latency,ms,min,89239.54
47,1780553346323170560,1780553347323170560,Request Latency,ms,max,89239.54
47,1780553346323170560,1780553347323170560,Request Latency,ms,sum,89239.54
47,1780553346323170560,1780553347323170560,Request Latency,ms,p1,89239.54
47,1780553346323170560,1780553347323170560,Request Latency,ms,p5,89239.54
47,1780553346323170560,1780553347323170560,Request Latency,ms,p10,89239.54
47,1780553346323170560,1780553347323170560,Request Latency,ms,p25,89239.54
47,1780553346323170560,1780553347323170560,Request Latency,ms,p50,89239.54
47,1780553346323170560,1780553347323170560,Request Latency,ms,p75,89239.54
47,1780553346323170560,1780553347323170560,Request Latency,ms,p90,89239.54
47,1780553346323170560,1780553347323170560,Request Latency,ms,p95,89239.54
47,1780553346323170560,1780553347323170560,Request Latency,ms,p99,89239.54
47,1780553346323170560,1780553347323170560,Request Latency,ms,std,0.00
47,1780553346323170560,1780553347323170560,Request Throughput,requests/sec,avg,1.00
47,1780553346323170560,1780553347323170560,Requested OSL,tokens,avg,247.00
47,1780553346323170560,1780553347323170560,Requested OSL,tokens,min,247.00
47,1780553346323170560,1780553347323170560,Requested OSL,tokens,max,247.00
47,1780553346323170560,1780553347323170560,Requested OSL,tokens,sum,247.00
47,1780553346323170560,1780553347323170560,Requested OSL,tokens,p1,247.00
47,1780553346323170560,1780553347323170560,Requested OSL,tokens,p5,247.00
47,1780553346323170560,1780553347323170560,Requested OSL,tokens,p10,247.00
47,1780553346323170560,1780553347323170560,Requested OSL,tokens,p25,247.00
47,1780553346323170560,1780553347323170560,Requested OSL,tokens,p50,247.00
47,1780553346323170560,1780553347323170560,Requested OSL,tokens,p75,247.00
47,1780553346323170560,1780553347323170560,Requested OSL,tokens,p90,247.00
47,1780553346323170560,1780553347323170560,Requested OSL,tokens,p95,247.00
47,1780553346323170560,1780553347323170560,Requested OSL,tokens,p99,247.00
47,1780553346323170560,1780553347323170560,Requested OSL,tokens,std,0.00
47,1780553346323170560,1780553347323170560,Time to First Output Token,ms,avg,38280.71
47,1780553346323170560,1780553347323170560,Time to First Output Token,ms,min,38280.71
47,1780553346323170560,1780553347323170560,Time to First Output Token,ms,max,38280.71
47,1780553346323170560,1780553347323170560,Time to First Output Token,ms,sum,38280.71
47,1780553346323170560,1780553347323170560,Time to First Output Token,ms,p1,38280.71
47,1780553346323170560,1780553347323170560,Time to First Output Token,ms,p5,38280.71
47,1780553346323170560,1780553347323170560,Time to First Output Token,ms,p10,38280.71
47,1780553346323170560,1780553347323170560,Time to First Output Token,ms,p25,38280.71
47,1780553346323170560,1780553347323170560,Time to First Output Token,ms,p50,38280.71
47,1780553346323170560,1780553347323170560,Time to First Output Token,ms,p75,38280.71
47,1780553346323170560,1780553347323170560,Time to First Output Token,ms,p90,38280.71
47,1780553346323170560,1780553347323170560,Time to First Output Token,ms,p95,38280.71
47,1780553346323170560,1780553347323170560,Time to First Output Token,ms,p99,38280.71
47,1780553346323170560,1780553347323170560,Time to First Output Token,ms,std,0.00
47,1780553346323170560,1780553347323170560,Time to First Token,ms,avg,38280.71
47,1780553346323170560,1780553347323170560,Time to First Token,ms,min,38280.71
47,1780553346323170560,1780553347323170560,Time to First Token,ms,max,38280.71
47,1780553346323170560,1780553347323170560,Time to First Token,ms,sum,38280.71
47,1780553346323170560,1780553347323170560,Time to First Token,ms,p1,38280.71
47,1780553346323170560,1780553347323170560,Time to First Token,ms,p5,38280.71
47,1780553346323170560,1780553347323170560,Time to First Token,ms,p10,38280.71
47,1780553346323170560,1780553347323170560,Time to First Token,ms,p25,38280.71
47,1780553346323170560,1780553347323170560,Time to First Token,ms,p50,38280.71
47,1780553346323170560,1780553347323170560,Time to First Token,ms,p75,38280.71
47,1780553346323170560,1780553347323170560,Time to First Token,ms,p90,38280.71
47,1780553346323170560,1780553347323170560,Time to First Token,ms,p95,38280.71
47,1780553346323170560,1780553347323170560,Time to First Token,ms,p99,38280.71
47,1780553346323170560,1780553347323170560,Time to First Token,ms,std,0.00
47,1780553346323170560,1780553347323170560,Time to Second Token,ms,avg,1.35
47,1780553346323170560,1780553347323170560,Time to Second Token,ms,min,1.35
47,1780553346323170560,1780553347323170560,Time to Second Token,ms,max,1.35
47,1780553346323170560,1780553347323170560,Time to Second Token,ms,sum,1.35
47,1780553346323170560,1780553347323170560,Time to Second Token,ms,p1,1.35
47,1780553346323170560,1780553347323170560,Time to Second Token,ms,p5,1.35
47,1780553346323170560,1780553347323170560,Time to Second Token,ms,p10,1.35
47,1780553346323170560,1780553347323170560,Time to Second Token,ms,p25,1.35
47,1780553346323170560,1780553347323170560,Time to Second Token,ms,p50,1.35
47,1780553346323170560,1780553347323170560,Time to Second Token,ms,p75,1.35
47,1780553346323170560,1780553347323170560,Time to Second Token,ms,p90,1.35
47,1780553346323170560,1780553347323170560,Time to Second Token,ms,p95,1.35
47,1780553346323170560,1780553347323170560,Time to Second Token,ms,p99,1.35
47,1780553346323170560,1780553347323170560,Time to Second Token,ms,std,0.00
47,1780553346323170560,1780553347323170560,Tokens In Flight,tokens,avg,1568956.33
47,1780553346323170560,1780553347323170560,Tokens In Flight,tokens,min,1501377.11
47,1780553346323170560,1780553347323170560,Tokens In Flight,tokens,max,1580709.80
47,1780553346323170560,1780553347323170560,Tokens In Flight,tokens,p50,1580692.21
47,1780553346323170560,1780553347323170560,Tokens In Flight,tokens,p90,1580707.29
47,1780553346323170560,1780553347323170560,Tokens In Flight,tokens,p95,1580708.80
47,1780553346323170560,1780553347323170560,Tokens In Flight,tokens,p99,1580709.80
47,1780553346323170560,1780553347323170560,Tokens In Flight,tokens,std,28164.03
47,1780553346323170560,1780553347323170560,Total Input Sequence Length,tokens,avg,79295.00
47,1780553346323170560,1780553347323170560,Total Output Sequence Length,tokens,avg,247.00
47,1780553346323170560,1780553347323170560,Total Output Tokens,tokens,avg,247.00
47,1780553346323170560,1780553347323170560,Total Token Throughput,tokens/sec,avg,79542.00
47,1780553346323170560,1780553347323170560,Total Usage Completion Tokens,tokens,avg,247.00
47,1780553346323170560,1780553347323170560,Total Usage Prompt Tokens,tokens,avg,79295.00
47,1780553346323170560,1780553347323170560,Total Usage Total Tokens,tokens,avg,79542.00
47,1780553346323170560,1780553347323170560,Usage Completion Tokens,tokens,avg,247.00
47,1780553346323170560,1780553347323170560,Usage Completion Tokens,tokens,min,247.00
47,1780553346323170560,1780553347323170560,Usage Completion Tokens,tokens,max,247.00
47,1780553346323170560,1780553347323170560,Usage Completion Tokens,tokens,sum,247.00
47,1780553346323170560,1780553347323170560,Usage Completion Tokens,tokens,p1,247.00
47,1780553346323170560,1780553347323170560,Usage Completion Tokens,tokens,p5,247.00
47,1780553346323170560,1780553347323170560,Usage Completion Tokens,tokens,p10,247.00
47,1780553346323170560,1780553347323170560,Usage Completion Tokens,tokens,p25,247.00
47,1780553346323170560,1780553347323170560,Usage Completion Tokens,tokens,p50,247.00
47,1780553346323170560,1780553347323170560,Usage Completion Tokens,tokens,p75,247.00
47,1780553346323170560,1780553347323170560,Usage Completion Tokens,tokens,p90,247.00
47,1780553346323170560,1780553347323170560,Usage Completion Tokens,tokens,p95,247.00
47,1780553346323170560,1780553347323170560,Usage Completion Tokens,tokens,p99,247.00
47,1780553346323170560,1780553347323170560,Usage Completion Tokens,tokens,std,0.00
47,1780553346323170560,1780553347323170560,Usage Prompt Tokens,tokens,avg,79295.00
47,1780553346323170560,1780553347323170560,Usage Prompt Tokens,tokens,min,79295.00
47,1780553346323170560,1780553347323170560,Usage Prompt Tokens,tokens,max,79295.00
47,1780553346323170560,1780553347323170560,Usage Prompt Tokens,tokens,sum,79295.00
47,1780553346323170560,1780553347323170560,Usage Prompt Tokens,tokens,p1,79295.00
47,1780553346323170560,1780553347323170560,Usage Prompt Tokens,tokens,p5,79295.00
47,1780553346323170560,1780553347323170560,Usage Prompt Tokens,tokens,p10,79295.00
47,1780553346323170560,1780553347323170560,Usage Prompt Tokens,tokens,p25,79295.00
47,1780553346323170560,1780553347323170560,Usage Prompt Tokens,tokens,p50,79295.00
47,1780553346323170560,1780553347323170560,Usage Prompt Tokens,tokens,p75,79295.00
47,1780553346323170560,1780553347323170560,Usage Prompt Tokens,tokens,p90,79295.00
47,1780553346323170560,1780553347323170560,Usage Prompt Tokens,tokens,p95,79295.00
47,1780553346323170560,1780553347323170560,Usage Prompt Tokens,tokens,p99,79295.00
47,1780553346323170560,1780553347323170560,Usage Prompt Tokens,tokens,std,0.00
47,1780553346323170560,1780553347323170560,Usage Total Tokens,tokens,avg,79542.00
47,1780553346323170560,1780553347323170560,Usage Total Tokens,tokens,min,79542.00
47,1780553346323170560,1780553347323170560,Usage Total Tokens,tokens,max,79542.00
47,1780553346323170560,1780553347323170560,Usage Total Tokens,tokens,sum,79542.00
47,1780553346323170560,1780553347323170560,Usage Total Tokens,tokens,p1,79542.00
47,1780553346323170560,1780553347323170560,Usage Total Tokens,tokens,p5,79542.00
47,1780553346323170560,1780553347323170560,Usage Total Tokens,tokens,p10,79542.00
47,1780553346323170560,1780553347323170560,Usage Total Tokens,tokens,p25,79542.00
47,1780553346323170560,1780553347323170560,Usage Total Tokens,tokens,p50,79542.00
47,1780553346323170560,1780553347323170560,Usage Total Tokens,tokens,p75,79542.00
47,1780553346323170560,1780553347323170560,Usage Total Tokens,tokens,p90,79542.00
47,1780553346323170560,1780553347323170560,Usage Total Tokens,tokens,p95,79542.00
47,1780553346323170560,1780553347323170560,Usage Total Tokens,tokens,p99,79542.00
47,1780553346323170560,1780553347323170560,Usage Total Tokens,tokens,std,0.00
48,1780553355323170560,1780553356323170560,Active Decode Throughput,tokens/sec,avg,53.29
48,1780553355323170560,1780553356323170560,Active Decode Throughput,tokens/sec,min,30.41
48,1780553355323170560,1780553356323170560,Active Decode Throughput,tokens/sec,max,76.18
48,1780553355323170560,1780553356323170560,Active Decode Throughput,tokens/sec,p50,53.29
48,1780553355323170560,1780553356323170560,Active Decode Throughput,tokens/sec,p90,53.29
48,1780553355323170560,1780553356323170560,Active Decode Throughput,tokens/sec,p95,53.29
48,1780553355323170560,1780553356323170560,Active Decode Throughput,tokens/sec,p99,53.29
48,1780553355323170560,1780553356323170560,Active Decode Throughput,tokens/sec,std,0.03
48,1780553355323170560,1780553356323170560,Active Decode Throughput Per User,tokens/sec/user,avg,5.33
48,1780553355323170560,1780553356323170560,Active Decode Throughput Per User,tokens/sec/user,min,3.04
48,1780553355323170560,1780553356323170560,Active Decode Throughput Per User,tokens/sec/user,max,7.62
48,1780553355323170560,1780553356323170560,Active Decode Throughput Per User,tokens/sec/user,p50,5.33
48,1780553355323170560,1780553356323170560,Active Decode Throughput Per User,tokens/sec/user,p90,5.33
48,1780553355323170560,1780553356323170560,Active Decode Throughput Per User,tokens/sec/user,p95,5.33
48,1780553355323170560,1780553356323170560,Active Decode Throughput Per User,tokens/sec/user,p99,5.33
48,1780553355323170560,1780553356323170560,Active Decode Throughput Per User,tokens/sec/user,std,0.00
48,1780553355323170560,1780553356323170560,Active Prefill Throughput,tokens/sec,avg,9110.08
48,1780553355323170560,1780553356323170560,Active Prefill Throughput,tokens/sec,min,7154.10
48,1780553355323170560,1780553356323170560,Active Prefill Throughput,tokens/sec,max,9954.12
48,1780553355323170560,1780553356323170560,Active Prefill Throughput,tokens/sec,p50,9954.12
48,1780553355323170560,1780553356323170560,Active Prefill Throughput,tokens/sec,p90,9954.12
48,1780553355323170560,1780553356323170560,Active Prefill Throughput,tokens/sec,p95,9954.12
48,1780553355323170560,1780553356323170560,Active Prefill Throughput,tokens/sec,p99,9954.12
48,1780553355323170560,1780553356323170560,Active Prefill Throughput,tokens/sec,std,1284.88
48,1780553355323170560,1780553356323170560,Active Prefill Throughput Per User,tokens/sec/user,avg,1590.23
48,1780553355323170560,1780553356323170560,Active Prefill Throughput Per User,tokens/sec/user,min,1430.82
48,1780553355323170560,1780553356323170560,Active Prefill Throughput Per User,tokens/sec/user,max,1659.02
48,1780553355323170560,1780553356323170560,Active Prefill Throughput Per User,tokens/sec/user,p50,1659.02
48,1780553355323170560,1780553356323170560,Active Prefill Throughput Per User,tokens/sec/user,p90,1659.02
48,1780553355323170560,1780553356323170560,Active Prefill Throughput Per User,tokens/sec/user,p95,1659.02
48,1780553355323170560,1780553356323170560,Active Prefill Throughput Per User,tokens/sec/user,p99,1659.02
48,1780553355323170560,1780553356323170560,Active Prefill Throughput Per User,tokens/sec/user,std,104.72
48,1780553355323170560,1780553356323170560,Active Total Throughput,tokens/sec,avg,9172.37
48,1780553355323170560,1780553356323170560,Active Total Throughput,tokens/sec,min,7216.38
48,1780553355323170560,1780553356323170560,Active Total Throughput,tokens/sec,max,10016.40
48,1780553355323170560,1780553356323170560,Active Total Throughput,tokens/sec,p50,10016.40
48,1780553355323170560,1780553356323170560,Active Total Throughput,tokens/sec,p90,10016.40
48,1780553355323170560,1780553356323170560,Active Total Throughput,tokens/sec,p95,10016.40
48,1780553355323170560,1780553356323170560,Active Total Throughput,tokens/sec,p99,10016.40
48,1780553355323170560,1780553356323170560,Active Total Throughput,tokens/sec,std,1284.88
48,1780553355323170560,1780553356323170560,Benchmark Duration,sec,avg,243.57
48,1780553355323170560,1780553356323170560,E2E Output Token Throughput,tokens/sec/user,avg,4.04
48,1780553355323170560,1780553356323170560,E2E Output Token Throughput,tokens/sec/user,min,4.04
48,1780553355323170560,1780553356323170560,E2E Output Token Throughput,tokens/sec/user,max,4.04
48,1780553355323170560,1780553356323170560,E2E Output Token Throughput,tokens/sec/user,sum,4.04
48,1780553355323170560,1780553356323170560,E2E Output Token Throughput,tokens/sec/user,p1,4.04
48,1780553355323170560,1780553356323170560,E2E Output Token Throughput,tokens/sec/user,p5,4.04
48,1780553355323170560,1780553356323170560,E2E Output Token Throughput,tokens/sec/user,p10,4.04
48,1780553355323170560,1780553356323170560,E2E Output Token Throughput,tokens/sec/user,p25,4.04
48,1780553355323170560,1780553356323170560,E2E Output Token Throughput,tokens/sec/user,p50,4.04
48,1780553355323170560,1780553356323170560,E2E Output Token Throughput,tokens/sec/user,p75,4.04
48,1780553355323170560,1780553356323170560,E2E Output Token Throughput,tokens/sec/user,p90,4.04
48,1780553355323170560,1780553356323170560,E2E Output Token Throughput,tokens/sec/user,p95,4.04
48,1780553355323170560,1780553356323170560,E2E Output Token Throughput,tokens/sec/user,p99,4.04
48,1780553355323170560,1780553356323170560,E2E Output Token Throughput,tokens/sec/user,std,0.00
48,1780553355323170560,1780553356323170560,Effective Concurrency,requests,avg,15.70
48,1780553355323170560,1780553356323170560,Effective Concurrency,requests,min,15.00
48,1780553355323170560,1780553356323170560,Effective Concurrency,requests,max,16.00
48,1780553355323170560,1780553356323170560,Effective Concurrency,requests,p50,16.00
48,1780553355323170560,1780553356323170560,Effective Concurrency,requests,p90,16.00
48,1780553355323170560,1780553356323170560,Effective Concurrency,requests,p95,16.00
48,1780553355323170560,1780553356323170560,Effective Concurrency,requests,p99,16.00
48,1780553355323170560,1780553356323170560,Effective Concurrency,requests,std,0.46
48,1780553355323170560,1780553356323170560,Effective Decode Concurrency,requests,avg,10.00
48,1780553355323170560,1780553356323170560,Effective Decode Concurrency,requests,min,10.00
48,1780553355323170560,1780553356323170560,Effective Decode Concurrency,requests,max,10.00
48,1780553355323170560,1780553356323170560,Effective Decode Concurrency,requests,p50,10.00
48,1780553355323170560,1780553356323170560,Effective Decode Concurrency,requests,p90,10.00
48,1780553355323170560,1780553356323170560,Effective Decode Concurrency,requests,p95,10.00
48,1780553355323170560,1780553356323170560,Effective Decode Concurrency,requests,p99,10.00
48,1780553355323170560,1780553356323170560,Effective Decode Concurrency,requests,std,0.00
48,1780553355323170560,1780553356323170560,Effective Decode Throughput,tokens/sec,avg,53.29
48,1780553355323170560,1780553356323170560,Effective Decode Throughput,tokens/sec,min,30.41
48,1780553355323170560,1780553356323170560,Effective Decode Throughput,tokens/sec,max,76.18
48,1780553355323170560,1780553356323170560,Effective Decode Throughput,tokens/sec,p50,53.29
48,1780553355323170560,1780553356323170560,Effective Decode Throughput,tokens/sec,p90,53.29
48,1780553355323170560,1780553356323170560,Effective Decode Throughput,tokens/sec,p95,53.29
48,1780553355323170560,1780553356323170560,Effective Decode Throughput,tokens/sec,p99,53.29
48,1780553355323170560,1780553356323170560,Effective Decode Throughput,tokens/sec,std,0.03
48,1780553355323170560,1780553356323170560,Effective Decode Throughput Per User,tokens/sec/user,avg,5.33
48,1780553355323170560,1780553356323170560,Effective Decode Throughput Per User,tokens/sec/user,min,3.04
48,1780553355323170560,1780553356323170560,Effective Decode Throughput Per User,tokens/sec/user,max,7.62
48,1780553355323170560,1780553356323170560,Effective Decode Throughput Per User,tokens/sec/user,p50,5.33
48,1780553355323170560,1780553356323170560,Effective Decode Throughput Per User,tokens/sec/user,p90,5.33
48,1780553355323170560,1780553356323170560,Effective Decode Throughput Per User,tokens/sec/user,p95,5.33
48,1780553355323170560,1780553356323170560,Effective Decode Throughput Per User,tokens/sec/user,p99,5.33
48,1780553355323170560,1780553356323170560,Effective Decode Throughput Per User,tokens/sec/user,std,0.00
48,1780553355323170560,1780553356323170560,Effective Prefill Concurrency,requests,avg,5.70
48,1780553355323170560,1780553356323170560,Effective Prefill Concurrency,requests,min,5.00
48,1780553355323170560,1780553356323170560,Effective Prefill Concurrency,requests,max,6.00
48,1780553355323170560,1780553356323170560,Effective Prefill Concurrency,requests,p50,6.00
48,1780553355323170560,1780553356323170560,Effective Prefill Concurrency,requests,p90,6.00
48,1780553355323170560,1780553356323170560,Effective Prefill Concurrency,requests,p95,6.00
48,1780553355323170560,1780553356323170560,Effective Prefill Concurrency,requests,p99,6.00
48,1780553355323170560,1780553356323170560,Effective Prefill Concurrency,requests,std,0.46
48,1780553355323170560,1780553356323170560,Effective Prefill Throughput,tokens/sec,avg,9110.08
48,1780553355323170560,1780553356323170560,Effective Prefill Throughput,tokens/sec,min,7154.10
48,1780553355323170560,1780553356323170560,Effective Prefill Throughput,tokens/sec,max,9954.12
48,1780553355323170560,1780553356323170560,Effective Prefill Throughput,tokens/sec,p50,9954.12
48,1780553355323170560,1780553356323170560,Effective Prefill Throughput,tokens/sec,p90,9954.12
48,1780553355323170560,1780553356323170560,Effective Prefill Throughput,tokens/sec,p95,9954.12
48,1780553355323170560,1780553356323170560,Effective Prefill Throughput,tokens/sec,p99,9954.12
48,1780553355323170560,1780553356323170560,Effective Prefill Throughput,tokens/sec,std,1284.88
48,1780553355323170560,1780553356323170560,Effective Prefill Throughput Per User,tokens/sec/user,avg,1590.23
48,1780553355323170560,1780553356323170560,Effective Prefill Throughput Per User,tokens/sec/user,min,1430.82
48,1780553355323170560,1780553356323170560,Effective Prefill Throughput Per User,tokens/sec/user,max,1659.02
48,1780553355323170560,1780553356323170560,Effective Prefill Throughput Per User,tokens/sec/user,p50,1659.02
48,1780553355323170560,1780553356323170560,Effective Prefill Throughput Per User,tokens/sec/user,p90,1659.02
48,1780553355323170560,1780553356323170560,Effective Prefill Throughput Per User,tokens/sec/user,p95,1659.02
48,1780553355323170560,1780553356323170560,Effective Prefill Throughput Per User,tokens/sec/user,p99,1659.02
48,1780553355323170560,1780553356323170560,Effective Prefill Throughput Per User,tokens/sec/user,std,104.72
48,1780553355323170560,1780553356323170560,Effective Total Throughput,tokens/sec,avg,9172.37
48,1780553355323170560,1780553356323170560,Effective Total Throughput,tokens/sec,min,7216.38
48,1780553355323170560,1780553356323170560,Effective Total Throughput,tokens/sec,max,10016.40
48,1780553355323170560,1780553356323170560,Effective Total Throughput,tokens/sec,p50,10016.40
48,1780553355323170560,1780553356323170560,Effective Total Throughput,tokens/sec,p90,10016.40
48,1780553355323170560,1780553356323170560,Effective Total Throughput,tokens/sec,p95,10016.40
48,1780553355323170560,1780553356323170560,Effective Total Throughput,tokens/sec,p99,10016.40
48,1780553355323170560,1780553356323170560,Effective Total Throughput,tokens/sec,std,1284.88
48,1780553355323170560,1780553356323170560,HTTP Blocked,ms,avg,0.00
48,1780553355323170560,1780553356323170560,HTTP Blocked,ms,min,0.00
48,1780553355323170560,1780553356323170560,HTTP Blocked,ms,max,0.00
48,1780553355323170560,1780553356323170560,HTTP Blocked,ms,sum,0.00
48,1780553355323170560,1780553356323170560,HTTP Blocked,ms,p1,0.00
48,1780553355323170560,1780553356323170560,HTTP Blocked,ms,p5,0.00
48,1780553355323170560,1780553356323170560,HTTP Blocked,ms,p10,0.00
48,1780553355323170560,1780553356323170560,HTTP Blocked,ms,p25,0.00
48,1780553355323170560,1780553356323170560,HTTP Blocked,ms,p50,0.00
48,1780553355323170560,1780553356323170560,HTTP Blocked,ms,p75,0.00
48,1780553355323170560,1780553356323170560,HTTP Blocked,ms,p90,0.00
48,1780553355323170560,1780553356323170560,HTTP Blocked,ms,p95,0.00
48,1780553355323170560,1780553356323170560,HTTP Blocked,ms,p99,0.00
48,1780553355323170560,1780553356323170560,HTTP Blocked,ms,std,0.00
48,1780553355323170560,1780553356323170560,HTTP Chunks Received,count,avg,985.00
48,1780553355323170560,1780553356323170560,HTTP Chunks Received,count,min,985.00
48,1780553355323170560,1780553356323170560,HTTP Chunks Received,count,max,985.00
48,1780553355323170560,1780553356323170560,HTTP Chunks Received,count,sum,985.00
48,1780553355323170560,1780553356323170560,HTTP Chunks Received,count,p1,985.00
48,1780553355323170560,1780553356323170560,HTTP Chunks Received,count,p5,985.00
48,1780553355323170560,1780553356323170560,HTTP Chunks Received,count,p10,985.00
48,1780553355323170560,1780553356323170560,HTTP Chunks Received,count,p25,985.00
48,1780553355323170560,1780553356323170560,HTTP Chunks Received,count,p50,985.00
48,1780553355323170560,1780553356323170560,HTTP Chunks Received,count,p75,985.00
48,1780553355323170560,1780553356323170560,HTTP Chunks Received,count,p90,985.00
48,1780553355323170560,1780553356323170560,HTTP Chunks Received,count,p95,985.00
48,1780553355323170560,1780553356323170560,HTTP Chunks Received,count,p99,985.00
48,1780553355323170560,1780553356323170560,HTTP Chunks Received,count,std,0.00
48,1780553355323170560,1780553356323170560,HTTP Chunks Sent,count,avg,1.00
48,1780553355323170560,1780553356323170560,HTTP Chunks Sent,count,min,1.00
48,1780553355323170560,1780553356323170560,HTTP Chunks Sent,count,max,1.00
48,1780553355323170560,1780553356323170560,HTTP Chunks Sent,count,sum,1.00
48,1780553355323170560,1780553356323170560,HTTP Chunks Sent,count,p1,1.00
48,1780553355323170560,1780553356323170560,HTTP Chunks Sent,count,p5,1.00
48,1780553355323170560,1780553356323170560,HTTP Chunks Sent,count,p10,1.00
48,1780553355323170560,1780553356323170560,HTTP Chunks Sent,count,p25,1.00
48,1780553355323170560,1780553356323170560,HTTP Chunks Sent,count,p50,1.00
48,1780553355323170560,1780553356323170560,HTTP Chunks Sent,count,p75,1.00
48,1780553355323170560,1780553356323170560,HTTP Chunks Sent,count,p90,1.00
48,1780553355323170560,1780553356323170560,HTTP Chunks Sent,count,p95,1.00
48,1780553355323170560,1780553356323170560,HTTP Chunks Sent,count,p99,1.00
48,1780553355323170560,1780553356323170560,HTTP Chunks Sent,count,std,0.00
48,1780553355323170560,1780553356323170560,HTTP Connecting,ms,avg,1.14
48,1780553355323170560,1780553356323170560,HTTP Connecting,ms,min,1.14
48,1780553355323170560,1780553356323170560,HTTP Connecting,ms,max,1.14
48,1780553355323170560,1780553356323170560,HTTP Connecting,ms,sum,1.14
48,1780553355323170560,1780553356323170560,HTTP Connecting,ms,p1,1.14
48,1780553355323170560,1780553356323170560,HTTP Connecting,ms,p5,1.14
48,1780553355323170560,1780553356323170560,HTTP Connecting,ms,p10,1.14
48,1780553355323170560,1780553356323170560,HTTP Connecting,ms,p25,1.14
48,1780553355323170560,1780553356323170560,HTTP Connecting,ms,p50,1.14
48,1780553355323170560,1780553356323170560,HTTP Connecting,ms,p75,1.14
48,1780553355323170560,1780553356323170560,HTTP Connecting,ms,p90,1.14
48,1780553355323170560,1780553356323170560,HTTP Connecting,ms,p95,1.14
48,1780553355323170560,1780553356323170560,HTTP Connecting,ms,p99,1.14
48,1780553355323170560,1780553356323170560,HTTP Connecting,ms,std,0.00
48,1780553355323170560,1780553356323170560,HTTP Connection Overhead,ms,avg,1.66
48,1780553355323170560,1780553356323170560,HTTP Connection Overhead,ms,min,1.66
48,1780553355323170560,1780553356323170560,HTTP Connection Overhead,ms,max,1.66
48,1780553355323170560,1780553356323170560,HTTP Connection Overhead,ms,sum,1.66
48,1780553355323170560,1780553356323170560,HTTP Connection Overhead,ms,p1,1.66
48,1780553355323170560,1780553356323170560,HTTP Connection Overhead,ms,p5,1.66
48,1780553355323170560,1780553356323170560,HTTP Connection Overhead,ms,p10,1.66
48,1780553355323170560,1780553356323170560,HTTP Connection Overhead,ms,p25,1.66
48,1780553355323170560,1780553356323170560,HTTP Connection Overhead,ms,p50,1.66
48,1780553355323170560,1780553356323170560,HTTP Connection Overhead,ms,p75,1.66
48,1780553355323170560,1780553356323170560,HTTP Connection Overhead,ms,p90,1.66
48,1780553355323170560,1780553356323170560,HTTP Connection Overhead,ms,p95,1.66
48,1780553355323170560,1780553356323170560,HTTP Connection Overhead,ms,p99,1.66
48,1780553355323170560,1780553356323170560,HTTP Connection Overhead,ms,std,0.00
48,1780553355323170560,1780553356323170560,HTTP Connection Reused,ratio,avg,0.00
48,1780553355323170560,1780553356323170560,HTTP Connection Reused,ratio,min,0.00
48,1780553355323170560,1780553356323170560,HTTP Connection Reused,ratio,max,0.00
48,1780553355323170560,1780553356323170560,HTTP Connection Reused,ratio,sum,0.00
48,1780553355323170560,1780553356323170560,HTTP Connection Reused,ratio,p1,0.00
48,1780553355323170560,1780553356323170560,HTTP Connection Reused,ratio,p5,0.00
48,1780553355323170560,1780553356323170560,HTTP Connection Reused,ratio,p10,0.00
48,1780553355323170560,1780553356323170560,HTTP Connection Reused,ratio,p25,0.00
48,1780553355323170560,1780553356323170560,HTTP Connection Reused,ratio,p50,0.00
48,1780553355323170560,1780553356323170560,HTTP Connection Reused,ratio,p75,0.00
48,1780553355323170560,1780553356323170560,HTTP Connection Reused,ratio,p90,0.00
48,1780553355323170560,1780553356323170560,HTTP Connection Reused,ratio,p95,0.00
48,1780553355323170560,1780553356323170560,HTTP Connection Reused,ratio,p99,0.00
48,1780553355323170560,1780553356323170560,HTTP Connection Reused,ratio,std,0.00
48,1780553355323170560,1780553356323170560,HTTP Data Received,KB,avg,244.62
48,1780553355323170560,1780553356323170560,HTTP Data Received,KB,min,244.62
48,1780553355323170560,1780553356323170560,HTTP Data Received,KB,max,244.62
48,1780553355323170560,1780553356323170560,HTTP Data Received,KB,sum,244.62
48,1780553355323170560,1780553356323170560,HTTP Data Received,KB,p1,244.62
48,1780553355323170560,1780553356323170560,HTTP Data Received,KB,p5,244.62
48,1780553355323170560,1780553356323170560,HTTP Data Received,KB,p10,244.62
48,1780553355323170560,1780553356323170560,HTTP Data Received,KB,p25,244.62
48,1780553355323170560,1780553356323170560,HTTP Data Received,KB,p50,244.62
48,1780553355323170560,1780553356323170560,HTTP Data Received,KB,p75,244.62
48,1780553355323170560,1780553356323170560,HTTP Data Received,KB,p90,244.62
48,1780553355323170560,1780553356323170560,HTTP Data Received,KB,p95,244.62
48,1780553355323170560,1780553356323170560,HTTP Data Received,KB,p99,244.62
48,1780553355323170560,1780553356323170560,HTTP Data Received,KB,std,0.00
48,1780553355323170560,1780553356323170560,HTTP Data Sent,KB,avg,690.88
48,1780553355323170560,1780553356323170560,HTTP Data Sent,KB,min,690.88
48,1780553355323170560,1780553356323170560,HTTP Data Sent,KB,max,690.88
48,1780553355323170560,1780553356323170560,HTTP Data Sent,KB,sum,690.88
48,1780553355323170560,1780553356323170560,HTTP Data Sent,KB,p1,690.88
48,1780553355323170560,1780553356323170560,HTTP Data Sent,KB,p5,690.88
48,1780553355323170560,1780553356323170560,HTTP Data Sent,KB,p10,690.88
48,1780553355323170560,1780553356323170560,HTTP Data Sent,KB,p25,690.88
48,1780553355323170560,1780553356323170560,HTTP Data Sent,KB,p50,690.88
48,1780553355323170560,1780553356323170560,HTTP Data Sent,KB,p75,690.88
48,1780553355323170560,1780553356323170560,HTTP Data Sent,KB,p90,690.88
48,1780553355323170560,1780553356323170560,HTTP Data Sent,KB,p95,690.88
48,1780553355323170560,1780553356323170560,HTTP Data Sent,KB,p99,690.88
48,1780553355323170560,1780553356323170560,HTTP Data Sent,KB,std,0.00
48,1780553355323170560,1780553356323170560,HTTP DNS Lookup,ms,avg,0.52
48,1780553355323170560,1780553356323170560,HTTP DNS Lookup,ms,min,0.52
48,1780553355323170560,1780553356323170560,HTTP DNS Lookup,ms,max,0.52
48,1780553355323170560,1780553356323170560,HTTP DNS Lookup,ms,sum,0.52
48,1780553355323170560,1780553356323170560,HTTP DNS Lookup,ms,p1,0.52
48,1780553355323170560,1780553356323170560,HTTP DNS Lookup,ms,p5,0.52
48,1780553355323170560,1780553356323170560,HTTP DNS Lookup,ms,p10,0.52
48,1780553355323170560,1780553356323170560,HTTP DNS Lookup,ms,p25,0.52
48,1780553355323170560,1780553356323170560,HTTP DNS Lookup,ms,p50,0.52
48,1780553355323170560,1780553356323170560,HTTP DNS Lookup,ms,p75,0.52
48,1780553355323170560,1780553356323170560,HTTP DNS Lookup,ms,p90,0.52
48,1780553355323170560,1780553356323170560,HTTP DNS Lookup,ms,p95,0.52
48,1780553355323170560,1780553356323170560,HTTP DNS Lookup,ms,p99,0.52
48,1780553355323170560,1780553356323170560,HTTP DNS Lookup,ms,std,0.00
48,1780553355323170560,1780553356323170560,HTTP Duration (excl. conn),ms,avg,243648.08
48,1780553355323170560,1780553356323170560,HTTP Duration (excl. conn),ms,min,243648.08
48,1780553355323170560,1780553356323170560,HTTP Duration (excl. conn),ms,max,243648.08
48,1780553355323170560,1780553356323170560,HTTP Duration (excl. conn),ms,sum,243648.08
48,1780553355323170560,1780553356323170560,HTTP Duration (excl. conn),ms,p1,243648.08
48,1780553355323170560,1780553356323170560,HTTP Duration (excl. conn),ms,p5,243648.08
48,1780553355323170560,1780553356323170560,HTTP Duration (excl. conn),ms,p10,243648.08
48,1780553355323170560,1780553356323170560,HTTP Duration (excl. conn),ms,p25,243648.08
48,1780553355323170560,1780553356323170560,HTTP Duration (excl. conn),ms,p50,243648.08
48,1780553355323170560,1780553356323170560,HTTP Duration (excl. conn),ms,p75,243648.08
48,1780553355323170560,1780553356323170560,HTTP Duration (excl. conn),ms,p90,243648.08
48,1780553355323170560,1780553356323170560,HTTP Duration (excl. conn),ms,p95,243648.08
48,1780553355323170560,1780553356323170560,HTTP Duration (excl. conn),ms,p99,243648.08
48,1780553355323170560,1780553356323170560,HTTP Duration (excl. conn),ms,std,0.00
48,1780553355323170560,1780553356323170560,HTTP Receiving,ms,avg,180287.01
48,1780553355323170560,1780553356323170560,HTTP Receiving,ms,min,180287.01
48,1780553355323170560,1780553356323170560,HTTP Receiving,ms,max,180287.01
48,1780553355323170560,1780553356323170560,HTTP Receiving,ms,sum,180287.01
48,1780553355323170560,1780553356323170560,HTTP Receiving,ms,p1,180287.01
48,1780553355323170560,1780553356323170560,HTTP Receiving,ms,p5,180287.01
48,1780553355323170560,1780553356323170560,HTTP Receiving,ms,p10,180287.01
48,1780553355323170560,1780553356323170560,HTTP Receiving,ms,p25,180287.01
48,1780553355323170560,1780553356323170560,HTTP Receiving,ms,p50,180287.01
48,1780553355323170560,1780553356323170560,HTTP Receiving,ms,p75,180287.01
48,1780553355323170560,1780553356323170560,HTTP Receiving,ms,p90,180287.01
48,1780553355323170560,1780553356323170560,HTTP Receiving,ms,p95,180287.01
48,1780553355323170560,1780553356323170560,HTTP Receiving,ms,p99,180287.01
48,1780553355323170560,1780553356323170560,HTTP Receiving,ms,std,0.00
48,1780553355323170560,1780553356323170560,HTTP Sending,ms,avg,1.43
48,1780553355323170560,1780553356323170560,HTTP Sending,ms,min,1.43
48,1780553355323170560,1780553356323170560,HTTP Sending,ms,max,1.43
48,1780553355323170560,1780553356323170560,HTTP Sending,ms,sum,1.43
48,1780553355323170560,1780553356323170560,HTTP Sending,ms,p1,1.43
48,1780553355323170560,1780553356323170560,HTTP Sending,ms,p5,1.43
48,1780553355323170560,1780553356323170560,HTTP Sending,ms,p10,1.43
48,1780553355323170560,1780553356323170560,HTTP Sending,ms,p25,1.43
48,1780553355323170560,1780553356323170560,HTTP Sending,ms,p50,1.43
48,1780553355323170560,1780553356323170560,HTTP Sending,ms,p75,1.43
48,1780553355323170560,1780553356323170560,HTTP Sending,ms,p90,1.43
48,1780553355323170560,1780553356323170560,HTTP Sending,ms,p95,1.43
48,1780553355323170560,1780553356323170560,HTTP Sending,ms,p99,1.43
48,1780553355323170560,1780553356323170560,HTTP Sending,ms,std,0.00
48,1780553355323170560,1780553356323170560,HTTP Total Time,ms,avg,243649.73
48,1780553355323170560,1780553356323170560,HTTP Total Time,ms,min,243649.73
48,1780553355323170560,1780553356323170560,HTTP Total Time,ms,max,243649.73
48,1780553355323170560,1780553356323170560,HTTP Total Time,ms,sum,243649.73
48,1780553355323170560,1780553356323170560,HTTP Total Time,ms,p1,243649.73
48,1780553355323170560,1780553356323170560,HTTP Total Time,ms,p5,243649.73
48,1780553355323170560,1780553356323170560,HTTP Total Time,ms,p10,243649.73
48,1780553355323170560,1780553356323170560,HTTP Total Time,ms,p25,243649.73
48,1780553355323170560,1780553356323170560,HTTP Total Time,ms,p50,243649.73
48,1780553355323170560,1780553356323170560,HTTP Total Time,ms,p75,243649.73
48,1780553355323170560,1780553356323170560,HTTP Total Time,ms,p90,243649.73
48,1780553355323170560,1780553356323170560,HTTP Total Time,ms,p95,243649.73
48,1780553355323170560,1780553356323170560,HTTP Total Time,ms,p99,243649.73
48,1780553355323170560,1780553356323170560,HTTP Total Time,ms,std,0.00
48,1780553355323170560,1780553356323170560,HTTP Waiting (TTFB),ms,avg,63359.64
48,1780553355323170560,1780553356323170560,HTTP Waiting (TTFB),ms,min,63359.64
48,1780553355323170560,1780553356323170560,HTTP Waiting (TTFB),ms,max,63359.64
48,1780553355323170560,1780553356323170560,HTTP Waiting (TTFB),ms,sum,63359.64
48,1780553355323170560,1780553356323170560,HTTP Waiting (TTFB),ms,p1,63359.64
48,1780553355323170560,1780553356323170560,HTTP Waiting (TTFB),ms,p5,63359.64
48,1780553355323170560,1780553356323170560,HTTP Waiting (TTFB),ms,p10,63359.64
48,1780553355323170560,1780553356323170560,HTTP Waiting (TTFB),ms,p25,63359.64
48,1780553355323170560,1780553356323170560,HTTP Waiting (TTFB),ms,p50,63359.64
48,1780553355323170560,1780553356323170560,HTTP Waiting (TTFB),ms,p75,63359.64
48,1780553355323170560,1780553356323170560,HTTP Waiting (TTFB),ms,p90,63359.64
48,1780553355323170560,1780553356323170560,HTTP Waiting (TTFB),ms,p95,63359.64
48,1780553355323170560,1780553356323170560,HTTP Waiting (TTFB),ms,p99,63359.64
48,1780553355323170560,1780553356323170560,HTTP Waiting (TTFB),ms,std,0.00
48,1780553355323170560,1780553356323170560,Input Sequence Length,tokens,avg,177413.00
48,1780553355323170560,1780553356323170560,Input Sequence Length,tokens,min,177413.00
48,1780553355323170560,1780553356323170560,Input Sequence Length,tokens,max,177413.00
48,1780553355323170560,1780553356323170560,Input Sequence Length,tokens,sum,177413.00
48,1780553355323170560,1780553356323170560,Input Sequence Length,tokens,p1,177413.00
48,1780553355323170560,1780553356323170560,Input Sequence Length,tokens,p5,177413.00
48,1780553355323170560,1780553356323170560,Input Sequence Length,tokens,p10,177413.00
48,1780553355323170560,1780553356323170560,Input Sequence Length,tokens,p25,177413.00
48,1780553355323170560,1780553356323170560,Input Sequence Length,tokens,p50,177413.00
48,1780553355323170560,1780553356323170560,Input Sequence Length,tokens,p75,177413.00
48,1780553355323170560,1780553356323170560,Input Sequence Length,tokens,p90,177413.00
48,1780553355323170560,1780553356323170560,Input Sequence Length,tokens,p95,177413.00
48,1780553355323170560,1780553356323170560,Input Sequence Length,tokens,p99,177413.00
48,1780553355323170560,1780553356323170560,Input Sequence Length,tokens,std,0.00
48,1780553355323170560,1780553356323170560,Input Token Throughput,tokens/sec,avg,177413.00
48,1780553355323170560,1780553356323170560,Inter Chunk Latency,ms,avg,66.23
48,1780553355323170560,1780553356323170560,Inter Chunk Latency,ms,min,66.21
48,1780553355323170560,1780553356323170560,Inter Chunk Latency,ms,max,66.27
48,1780553355323170560,1780553356323170560,Inter Chunk Latency,ms,sum,49741.39
48,1780553355323170560,1780553356323170560,Inter Chunk Latency,ms,p1,66.21
48,1780553355323170560,1780553356323170560,Inter Chunk Latency,ms,p5,66.21
48,1780553355323170560,1780553356323170560,Inter Chunk Latency,ms,p10,66.21
48,1780553355323170560,1780553356323170560,Inter Chunk Latency,ms,p25,66.22
48,1780553355323170560,1780553356323170560,Inter Chunk Latency,ms,p50,66.23
48,1780553355323170560,1780553356323170560,Inter Chunk Latency,ms,p75,66.25
48,1780553355323170560,1780553356323170560,Inter Chunk Latency,ms,p90,66.26
48,1780553355323170560,1780553356323170560,Inter Chunk Latency,ms,p95,66.26
48,1780553355323170560,1780553356323170560,Inter Chunk Latency,ms,p99,66.27
48,1780553355323170560,1780553356323170560,Inter Chunk Latency,ms,std,0.02
48,1780553355323170560,1780553356323170560,Inter Token Latency,ms,avg,183.14
48,1780553355323170560,1780553356323170560,Inter Token Latency,ms,min,183.14
48,1780553355323170560,1780553356323170560,Inter Token Latency,ms,max,183.14
48,1780553355323170560,1780553356323170560,Inter Token Latency,ms,sum,183.14
48,1780553355323170560,1780553356323170560,Inter Token Latency,ms,p1,183.14
48,1780553355323170560,1780553356323170560,Inter Token Latency,ms,p5,183.14
48,1780553355323170560,1780553356323170560,Inter Token Latency,ms,p10,183.14
48,1780553355323170560,1780553356323170560,Inter Token Latency,ms,p25,183.14
48,1780553355323170560,1780553356323170560,Inter Token Latency,ms,p50,183.14
48,1780553355323170560,1780553356323170560,Inter Token Latency,ms,p75,183.14
48,1780553355323170560,1780553356323170560,Inter Token Latency,ms,p90,183.14
48,1780553355323170560,1780553356323170560,Inter Token Latency,ms,p95,183.14
48,1780553355323170560,1780553356323170560,Inter Token Latency,ms,p99,183.14
48,1780553355323170560,1780553356323170560,Inter Token Latency,ms,std,0.00
48,1780553355323170560,1780553356323170560,Maximum Response Timestamp,ns,avg,1780553599197281792.00
48,1780553355323170560,1780553356323170560,Minimum Request Timestamp,ns,avg,1780553355624610304.00
48,1780553355323170560,1780553356323170560,OSL Mismatch Count,requests,avg,0.00
48,1780553355323170560,1780553356323170560,OSL Mismatch Diff %,%,avg,0.00
48,1780553355323170560,1780553356323170560,OSL Mismatch Diff %,%,min,0.00
48,1780553355323170560,1780553356323170560,OSL Mismatch Diff %,%,max,0.00
48,1780553355323170560,1780553356323170560,OSL Mismatch Diff %,%,sum,0.00
48,1780553355323170560,1780553356323170560,OSL Mismatch Diff %,%,p1,0.00
48,1780553355323170560,1780553356323170560,OSL Mismatch Diff %,%,p5,0.00
48,1780553355323170560,1780553356323170560,OSL Mismatch Diff %,%,p10,0.00
48,1780553355323170560,1780553356323170560,OSL Mismatch Diff %,%,p25,0.00
48,1780553355323170560,1780553356323170560,OSL Mismatch Diff %,%,p50,0.00
48,1780553355323170560,1780553356323170560,OSL Mismatch Diff %,%,p75,0.00
48,1780553355323170560,1780553356323170560,OSL Mismatch Diff %,%,p90,0.00
48,1780553355323170560,1780553356323170560,OSL Mismatch Diff %,%,p95,0.00
48,1780553355323170560,1780553356323170560,OSL Mismatch Diff %,%,p99,0.00
48,1780553355323170560,1780553356323170560,OSL Mismatch Diff %,%,std,0.00
48,1780553355323170560,1780553356323170560,Output Sequence Length,tokens,avg,985.00
48,1780553355323170560,1780553356323170560,Output Sequence Length,tokens,min,985.00
48,1780553355323170560,1780553356323170560,Output Sequence Length,tokens,max,985.00
48,1780553355323170560,1780553356323170560,Output Sequence Length,tokens,sum,985.00
48,1780553355323170560,1780553356323170560,Output Sequence Length,tokens,p1,985.00
48,1780553355323170560,1780553356323170560,Output Sequence Length,tokens,p5,985.00
48,1780553355323170560,1780553356323170560,Output Sequence Length,tokens,p10,985.00
48,1780553355323170560,1780553356323170560,Output Sequence Length,tokens,p25,985.00
48,1780553355323170560,1780553356323170560,Output Sequence Length,tokens,p50,985.00
48,1780553355323170560,1780553356323170560,Output Sequence Length,tokens,p75,985.00
48,1780553355323170560,1780553356323170560,Output Sequence Length,tokens,p90,985.00
48,1780553355323170560,1780553356323170560,Output Sequence Length,tokens,p95,985.00
48,1780553355323170560,1780553356323170560,Output Sequence Length,tokens,p99,985.00
48,1780553355323170560,1780553356323170560,Output Sequence Length,tokens,std,0.00
48,1780553355323170560,1780553356323170560,Output Token Count,tokens,avg,985.00
48,1780553355323170560,1780553356323170560,Output Token Count,tokens,min,985.00
48,1780553355323170560,1780553356323170560,Output Token Count,tokens,max,985.00
48,1780553355323170560,1780553356323170560,Output Token Count,tokens,sum,985.00
48,1780553355323170560,1780553356323170560,Output Token Count,tokens,p1,985.00
48,1780553355323170560,1780553356323170560,Output Token Count,tokens,p5,985.00
48,1780553355323170560,1780553356323170560,Output Token Count,tokens,p10,985.00
48,1780553355323170560,1780553356323170560,Output Token Count,tokens,p25,985.00
48,1780553355323170560,1780553356323170560,Output Token Count,tokens,p50,985.00
48,1780553355323170560,1780553356323170560,Output Token Count,tokens,p75,985.00
48,1780553355323170560,1780553356323170560,Output Token Count,tokens,p90,985.00
48,1780553355323170560,1780553356323170560,Output Token Count,tokens,p95,985.00
48,1780553355323170560,1780553356323170560,Output Token Count,tokens,p99,985.00
48,1780553355323170560,1780553356323170560,Output Token Count,tokens,std,0.00
48,1780553355323170560,1780553356323170560,Output Token Throughput,tokens/sec,avg,985.00
48,1780553355323170560,1780553356323170560,Output Token Throughput Per User,tokens/sec/user,avg,5.46
48,1780553355323170560,1780553356323170560,Output Token Throughput Per User,tokens/sec/user,min,5.46
48,1780553355323170560,1780553356323170560,Output Token Throughput Per User,tokens/sec/user,max,5.46
48,1780553355323170560,1780553356323170560,Output Token Throughput Per User,tokens/sec/user,sum,5.46
48,1780553355323170560,1780553356323170560,Output Token Throughput Per User,tokens/sec/user,p1,5.46
48,1780553355323170560,1780553356323170560,Output Token Throughput Per User,tokens/sec/user,p5,5.46
48,1780553355323170560,1780553356323170560,Output Token Throughput Per User,tokens/sec/user,p10,5.46
48,1780553355323170560,1780553356323170560,Output Token Throughput Per User,tokens/sec/user,p25,5.46
48,1780553355323170560,1780553356323170560,Output Token Throughput Per User,tokens/sec/user,p50,5.46
48,1780553355323170560,1780553356323170560,Output Token Throughput Per User,tokens/sec/user,p75,5.46
48,1780553355323170560,1780553356323170560,Output Token Throughput Per User,tokens/sec/user,p90,5.46
48,1780553355323170560,1780553356323170560,Output Token Throughput Per User,tokens/sec/user,p95,5.46
48,1780553355323170560,1780553356323170560,Output Token Throughput Per User,tokens/sec/user,p99,5.46
48,1780553355323170560,1780553356323170560,Output Token Throughput Per User,tokens/sec/user,std,0.00
48,1780553355323170560,1780553356323170560,Prefill Throughput Per User,tokens/sec/user,avg,2800.03
48,1780553355323170560,1780553356323170560,Prefill Throughput Per User,tokens/sec/user,min,2800.03
48,1780553355323170560,1780553356323170560,Prefill Throughput Per User,tokens/sec/user,max,2800.03
48,1780553355323170560,1780553356323170560,Prefill Throughput Per User,tokens/sec/user,sum,2800.03
48,1780553355323170560,1780553356323170560,Prefill Throughput Per User,tokens/sec/user,p1,2800.03
48,1780553355323170560,1780553356323170560,Prefill Throughput Per User,tokens/sec/user,p5,2800.03
48,1780553355323170560,1780553356323170560,Prefill Throughput Per User,tokens/sec/user,p10,2800.03
48,1780553355323170560,1780553356323170560,Prefill Throughput Per User,tokens/sec/user,p25,2800.03
48,1780553355323170560,1780553356323170560,Prefill Throughput Per User,tokens/sec/user,p50,2800.03
48,1780553355323170560,1780553356323170560,Prefill Throughput Per User,tokens/sec/user,p75,2800.03
48,1780553355323170560,1780553356323170560,Prefill Throughput Per User,tokens/sec/user,p90,2800.03
48,1780553355323170560,1780553356323170560,Prefill Throughput Per User,tokens/sec/user,p95,2800.03
48,1780553355323170560,1780553356323170560,Prefill Throughput Per User,tokens/sec/user,p99,2800.03
48,1780553355323170560,1780553356323170560,Prefill Throughput Per User,tokens/sec/user,std,0.00
48,1780553355323170560,1780553356323170560,Request Count,requests,avg,1.00
48,1780553355323170560,1780553356323170560,Request Latency,ms,avg,243572.67
48,1780553355323170560,1780553356323170560,Request Latency,ms,min,243572.67
48,1780553355323170560,1780553356323170560,Request Latency,ms,max,243572.67
48,1780553355323170560,1780553356323170560,Request Latency,ms,sum,243572.67
48,1780553355323170560,1780553356323170560,Request Latency,ms,p1,243572.67
48,1780553355323170560,1780553356323170560,Request Latency,ms,p5,243572.67
48,1780553355323170560,1780553356323170560,Request Latency,ms,p10,243572.67
48,1780553355323170560,1780553356323170560,Request Latency,ms,p25,243572.67
48,1780553355323170560,1780553356323170560,Request Latency,ms,p50,243572.67
48,1780553355323170560,1780553356323170560,Request Latency,ms,p75,243572.67
48,1780553355323170560,1780553356323170560,Request Latency,ms,p90,243572.67
48,1780553355323170560,1780553356323170560,Request Latency,ms,p95,243572.67
48,1780553355323170560,1780553356323170560,Request Latency,ms,p99,243572.67
48,1780553355323170560,1780553356323170560,Request Latency,ms,std,0.00
48,1780553355323170560,1780553356323170560,Request Throughput,requests/sec,avg,1.00
48,1780553355323170560,1780553356323170560,Requested OSL,tokens,avg,985.00
48,1780553355323170560,1780553356323170560,Requested OSL,tokens,min,985.00
48,1780553355323170560,1780553356323170560,Requested OSL,tokens,max,985.00
48,1780553355323170560,1780553356323170560,Requested OSL,tokens,sum,985.00
48,1780553355323170560,1780553356323170560,Requested OSL,tokens,p1,985.00
48,1780553355323170560,1780553356323170560,Requested OSL,tokens,p5,985.00
48,1780553355323170560,1780553356323170560,Requested OSL,tokens,p10,985.00
48,1780553355323170560,1780553356323170560,Requested OSL,tokens,p25,985.00
48,1780553355323170560,1780553356323170560,Requested OSL,tokens,p50,985.00
48,1780553355323170560,1780553356323170560,Requested OSL,tokens,p75,985.00
48,1780553355323170560,1780553356323170560,Requested OSL,tokens,p90,985.00
48,1780553355323170560,1780553356323170560,Requested OSL,tokens,p95,985.00
48,1780553355323170560,1780553356323170560,Requested OSL,tokens,p99,985.00
48,1780553355323170560,1780553356323170560,Requested OSL,tokens,std,0.00
48,1780553355323170560,1780553356323170560,Time to First Output Token,ms,avg,63361.20
48,1780553355323170560,1780553356323170560,Time to First Output Token,ms,min,63361.20
48,1780553355323170560,1780553356323170560,Time to First Output Token,ms,max,63361.20
48,1780553355323170560,1780553356323170560,Time to First Output Token,ms,sum,63361.20
48,1780553355323170560,1780553356323170560,Time to First Output Token,ms,p1,63361.20
48,1780553355323170560,1780553356323170560,Time to First Output Token,ms,p5,63361.20
48,1780553355323170560,1780553356323170560,Time to First Output Token,ms,p10,63361.20
48,1780553355323170560,1780553356323170560,Time to First Output Token,ms,p25,63361.20
48,1780553355323170560,1780553356323170560,Time to First Output Token,ms,p50,63361.20
48,1780553355323170560,1780553356323170560,Time to First Output Token,ms,p75,63361.20
48,1780553355323170560,1780553356323170560,Time to First Output Token,ms,p90,63361.20
48,1780553355323170560,1780553356323170560,Time to First Output Token,ms,p95,63361.20
48,1780553355323170560,1780553356323170560,Time to First Output Token,ms,p99,63361.20
48,1780553355323170560,1780553356323170560,Time to First Output Token,ms,std,0.00
48,1780553355323170560,1780553356323170560,Time to First Token,ms,avg,63361.20
48,1780553355323170560,1780553356323170560,Time to First Token,ms,min,63361.20
48,1780553355323170560,1780553356323170560,Time to First Token,ms,max,63361.20
48,1780553355323170560,1780553356323170560,Time to First Token,ms,sum,63361.20
48,1780553355323170560,1780553356323170560,Time to First Token,ms,p1,63361.20
48,1780553355323170560,1780553356323170560,Time to First Token,ms,p5,63361.20
48,1780553355323170560,1780553356323170560,Time to First Token,ms,p10,63361.20
48,1780553355323170560,1780553356323170560,Time to First Token,ms,p25,63361.20
48,1780553355323170560,1780553356323170560,Time to First Token,ms,p50,63361.20
48,1780553355323170560,1780553356323170560,Time to First Token,ms,p75,63361.20
48,1780553355323170560,1780553356323170560,Time to First Token,ms,p90,63361.20
48,1780553355323170560,1780553356323170560,Time to First Token,ms,p95,63361.20
48,1780553355323170560,1780553356323170560,Time to First Token,ms,p99,63361.20
48,1780553355323170560,1780553356323170560,Time to First Token,ms,std,0.00
48,1780553355323170560,1780553356323170560,Time to Second Token,ms,avg,126.43
48,1780553355323170560,1780553356323170560,Time to Second Token,ms,min,126.43
48,1780553355323170560,1780553356323170560,Time to Second Token,ms,max,126.43
48,1780553355323170560,1780553356323170560,Time to Second Token,ms,sum,126.43
48,1780553355323170560,1780553356323170560,Time to Second Token,ms,p1,126.43
48,1780553355323170560,1780553356323170560,Time to Second Token,ms,p5,126.43
48,1780553355323170560,1780553356323170560,Time to Second Token,ms,p10,126.43
48,1780553355323170560,1780553356323170560,Time to Second Token,ms,p25,126.43
48,1780553355323170560,1780553356323170560,Time to Second Token,ms,p50,126.43
48,1780553355323170560,1780553356323170560,Time to Second Token,ms,p75,126.43
48,1780553355323170560,1780553356323170560,Time to Second Token,ms,p90,126.43
48,1780553355323170560,1780553356323170560,Time to Second Token,ms,p95,126.43
48,1780553355323170560,1780553356323170560,Time to Second Token,ms,p99,126.43
48,1780553355323170560,1780553356323170560,Time to Second Token,ms,std,0.00
48,1780553355323170560,1780553356323170560,Tokens In Flight,tokens,avg,1704978.32
48,1780553355323170560,1780553356323170560,Tokens In Flight,tokens,min,1581016.84
48,1780553355323170560,1780553356323170560,Tokens In Flight,tokens,max,1758485.04
48,1780553355323170560,1780553356323170560,Tokens In Flight,tokens,p50,1758457.94
48,1780553355323170560,1780553356323170560,Tokens In Flight,tokens,p90,1758479.02
48,1780553355323170560,1780553356323170560,Tokens In Flight,tokens,p95,1758481.53
48,1780553355323170560,1780553356323170560,Tokens In Flight,tokens,p99,1758483.53
48,1780553355323170560,1780553356323170560,Tokens In Flight,tokens,std,81424.06
48,1780553355323170560,1780553356323170560,Total Input Sequence Length,tokens,avg,177413.00
48,1780553355323170560,1780553356323170560,Total Output Sequence Length,tokens,avg,985.00
48,1780553355323170560,1780553356323170560,Total Output Tokens,tokens,avg,985.00
48,1780553355323170560,1780553356323170560,Total Token Throughput,tokens/sec,avg,178398.00
48,1780553355323170560,1780553356323170560,Total Usage Completion Tokens,tokens,avg,985.00
48,1780553355323170560,1780553356323170560,Total Usage Prompt Tokens,tokens,avg,177413.00
48,1780553355323170560,1780553356323170560,Total Usage Total Tokens,tokens,avg,178398.00
48,1780553355323170560,1780553356323170560,Usage Completion Tokens,tokens,avg,985.00
48,1780553355323170560,1780553356323170560,Usage Completion Tokens,tokens,min,985.00
48,1780553355323170560,1780553356323170560,Usage Completion Tokens,tokens,max,985.00
48,1780553355323170560,1780553356323170560,Usage Completion Tokens,tokens,sum,985.00
48,1780553355323170560,1780553356323170560,Usage Completion Tokens,tokens,p1,985.00
48,1780553355323170560,1780553356323170560,Usage Completion Tokens,tokens,p5,985.00
48,1780553355323170560,1780553356323170560,Usage Completion Tokens,tokens,p10,985.00
48,1780553355323170560,1780553356323170560,Usage Completion Tokens,tokens,p25,985.00
48,1780553355323170560,1780553356323170560,Usage Completion Tokens,tokens,p50,985.00
48,1780553355323170560,1780553356323170560,Usage Completion Tokens,tokens,p75,985.00
48,1780553355323170560,1780553356323170560,Usage Completion Tokens,tokens,p90,985.00
48,1780553355323170560,1780553356323170560,Usage Completion Tokens,tokens,p95,985.00
48,1780553355323170560,1780553356323170560,Usage Completion Tokens,tokens,p99,985.00
48,1780553355323170560,1780553356323170560,Usage Completion Tokens,tokens,std,0.00
48,1780553355323170560,1780553356323170560,Usage Prompt Tokens,tokens,avg,177413.00
48,1780553355323170560,1780553356323170560,Usage Prompt Tokens,tokens,min,177413.00
48,1780553355323170560,1780553356323170560,Usage Prompt Tokens,tokens,max,177413.00
48,1780553355323170560,1780553356323170560,Usage Prompt Tokens,tokens,sum,177413.00
48,1780553355323170560,1780553356323170560,Usage Prompt Tokens,tokens,p1,177413.00
48,1780553355323170560,1780553356323170560,Usage Prompt Tokens,tokens,p5,177413.00
48,1780553355323170560,1780553356323170560,Usage Prompt Tokens,tokens,p10,177413.00
48,1780553355323170560,1780553356323170560,Usage Prompt Tokens,tokens,p25,177413.00
48,1780553355323170560,1780553356323170560,Usage Prompt Tokens,tokens,p50,177413.00
48,1780553355323170560,1780553356323170560,Usage Prompt Tokens,tokens,p75,177413.00
48,1780553355323170560,1780553356323170560,Usage Prompt Tokens,tokens,p90,177413.00
48,1780553355323170560,1780553356323170560,Usage Prompt Tokens,tokens,p95,177413.00
48,1780553355323170560,1780553356323170560,Usage Prompt Tokens,tokens,p99,177413.00
48,1780553355323170560,1780553356323170560,Usage Prompt Tokens,tokens,std,0.00
48,1780553355323170560,1780553356323170560,Usage Total Tokens,tokens,avg,178398.00
48,1780553355323170560,1780553356323170560,Usage Total Tokens,tokens,min,178398.00
48,1780553355323170560,1780553356323170560,Usage Total Tokens,tokens,max,178398.00
48,1780553355323170560,1780553356323170560,Usage Total Tokens,tokens,sum,178398.00
48,1780553355323170560,1780553356323170560,Usage Total Tokens,tokens,p1,178398.00
48,1780553355323170560,1780553356323170560,Usage Total Tokens,tokens,p5,178398.00
48,1780553355323170560,1780553356323170560,Usage Total Tokens,tokens,p10,178398.00
48,1780553355323170560,1780553356323170560,Usage Total Tokens,tokens,p25,178398.00
48,1780553355323170560,1780553356323170560,Usage Total Tokens,tokens,p50,178398.00
48,1780553355323170560,1780553356323170560,Usage Total Tokens,tokens,p75,178398.00
48,1780553355323170560,1780553356323170560,Usage Total Tokens,tokens,p90,178398.00
48,1780553355323170560,1780553356323170560,Usage Total Tokens,tokens,p95,178398.00
48,1780553355323170560,1780553356323170560,Usage Total Tokens,tokens,p99,178398.00
48,1780553355323170560,1780553356323170560,Usage Total Tokens,tokens,std,0.00
49,1780553371323170560,1780553372323170560,Active Decode Throughput,tokens/sec,avg,68.47
49,1780553371323170560,1780553372323170560,Active Decode Throughput,tokens/sec,min,45.60
49,1780553371323170560,1780553372323170560,Active Decode Throughput,tokens/sec,max,91.35
49,1780553371323170560,1780553372323170560,Active Decode Throughput,tokens/sec,p50,68.47
49,1780553371323170560,1780553372323170560,Active Decode Throughput,tokens/sec,p90,68.47
49,1780553371323170560,1780553372323170560,Active Decode Throughput,tokens/sec,p95,68.47
49,1780553371323170560,1780553372323170560,Active Decode Throughput,tokens/sec,p99,68.47
49,1780553371323170560,1780553372323170560,Active Decode Throughput,tokens/sec,std,0.04
49,1780553371323170560,1780553372323170560,Active Decode Throughput Per User,tokens/sec/user,avg,6.85
49,1780553371323170560,1780553372323170560,Active Decode Throughput Per User,tokens/sec/user,min,4.56
49,1780553371323170560,1780553372323170560,Active Decode Throughput Per User,tokens/sec/user,max,9.13
49,1780553371323170560,1780553372323170560,Active Decode Throughput Per User,tokens/sec/user,p50,6.85
49,1780553371323170560,1780553372323170560,Active Decode Throughput Per User,tokens/sec/user,p90,6.85
49,1780553371323170560,1780553372323170560,Active Decode Throughput Per User,tokens/sec/user,p95,6.85
49,1780553371323170560,1780553372323170560,Active Decode Throughput Per User,tokens/sec/user,p99,6.85
49,1780553371323170560,1780553372323170560,Active Decode Throughput Per User,tokens/sec/user,std,0.00
49,1780553371323170560,1780553372323170560,Active Prefill Throughput,tokens/sec,avg,9632.28
49,1780553371323170560,1780553372323170560,Active Prefill Throughput,tokens/sec,min,7998.91
49,1780553371323170560,1780553372323170560,Active Prefill Throughput,tokens/sec,max,9984.67
49,1780553371323170560,1780553372323170560,Active Prefill Throughput,tokens/sec,p50,9984.67
49,1780553371323170560,1780553372323170560,Active Prefill Throughput,tokens/sec,p90,9984.67
49,1780553371323170560,1780553372323170560,Active Prefill Throughput,tokens/sec,p95,9984.67
49,1780553371323170560,1780553372323170560,Active Prefill Throughput,tokens/sec,p99,9984.67
49,1780553371323170560,1780553372323170560,Active Prefill Throughput,tokens/sec,std,758.67
49,1780553371323170560,1780553372323170560,Active Prefill Throughput Per User,tokens/sec/user,avg,1997.43
49,1780553371323170560,1780553372323170560,Active Prefill Throughput Per User,tokens/sec/user,min,1996.93
49,1780553371323170560,1780553372323170560,Active Prefill Throughput Per User,tokens/sec/user,max,1999.73
49,1780553371323170560,1780553372323170560,Active Prefill Throughput Per User,tokens/sec/user,p50,1996.93
49,1780553371323170560,1780553372323170560,Active Prefill Throughput Per User,tokens/sec/user,p90,1999.73
49,1780553371323170560,1780553372323170560,Active Prefill Throughput Per User,tokens/sec/user,p95,1999.73
49,1780553371323170560,1780553372323170560,Active Prefill Throughput Per User,tokens/sec/user,p99,1999.73
49,1780553371323170560,1780553372323170560,Active Prefill Throughput Per User,tokens/sec/user,std,1.07
49,1780553371323170560,1780553372323170560,Active Total Throughput,tokens/sec,avg,9692.54
49,1780553371323170560,1780553372323170560,Active Total Throughput,tokens/sec,min,8059.18
49,1780553371323170560,1780553372323170560,Active Total Throughput,tokens/sec,max,10044.93
49,1780553371323170560,1780553372323170560,Active Total Throughput,tokens/sec,p50,10044.93
49,1780553371323170560,1780553372323170560,Active Total Throughput,tokens/sec,p90,10044.93
49,1780553371323170560,1780553372323170560,Active Total Throughput,tokens/sec,p95,10044.93
49,1780553371323170560,1780553372323170560,Active Total Throughput,tokens/sec,p99,10044.93
49,1780553371323170560,1780553372323170560,Active Total Throughput,tokens/sec,std,758.67
49,1780553371323170560,1780553372323170560,Benchmark Duration,sec,avg,179.75
49,1780553371323170560,1780553372323170560,E2E Output Token Throughput,tokens/sec/user,avg,3.99
49,1780553371323170560,1780553372323170560,E2E Output Token Throughput,tokens/sec/user,min,3.99
49,1780553371323170560,1780553372323170560,E2E Output Token Throughput,tokens/sec/user,max,3.99
49,1780553371323170560,1780553372323170560,E2E Output Token Throughput,tokens/sec/user,sum,3.99
49,1780553371323170560,1780553372323170560,E2E Output Token Throughput,tokens/sec/user,p1,3.99
49,1780553371323170560,1780553372323170560,E2E Output Token Throughput,tokens/sec/user,p5,3.99
49,1780553371323170560,1780553372323170560,E2E Output Token Throughput,tokens/sec/user,p10,3.99
49,1780553371323170560,1780553372323170560,E2E Output Token Throughput,tokens/sec/user,p25,3.99
49,1780553371323170560,1780553372323170560,E2E Output Token Throughput,tokens/sec/user,p50,3.99
49,1780553371323170560,1780553372323170560,E2E Output Token Throughput,tokens/sec/user,p75,3.99
49,1780553371323170560,1780553372323170560,E2E Output Token Throughput,tokens/sec/user,p90,3.99
49,1780553371323170560,1780553372323170560,E2E Output Token Throughput,tokens/sec/user,p95,3.99
49,1780553371323170560,1780553372323170560,E2E Output Token Throughput,tokens/sec/user,p99,3.99
49,1780553371323170560,1780553372323170560,E2E Output Token Throughput,tokens/sec/user,std,0.00
49,1780553371323170560,1780553372323170560,Effective Concurrency,requests,avg,14.82
49,1780553371323170560,1780553372323170560,Effective Concurrency,requests,min,14.00
49,1780553371323170560,1780553372323170560,Effective Concurrency,requests,max,15.00
49,1780553371323170560,1780553372323170560,Effective Concurrency,requests,p50,15.00
49,1780553371323170560,1780553372323170560,Effective Concurrency,requests,p90,15.00
49,1780553371323170560,1780553372323170560,Effective Concurrency,requests,p95,15.00
49,1780553371323170560,1780553372323170560,Effective Concurrency,requests,p99,15.00
49,1780553371323170560,1780553372323170560,Effective Concurrency,requests,std,0.38
49,1780553371323170560,1780553372323170560,Effective Decode Concurrency,requests,avg,10.00
49,1780553371323170560,1780553372323170560,Effective Decode Concurrency,requests,min,10.00
49,1780553371323170560,1780553372323170560,Effective Decode Concurrency,requests,max,10.00
49,1780553371323170560,1780553372323170560,Effective Decode Concurrency,requests,p50,10.00
49,1780553371323170560,1780553372323170560,Effective Decode Concurrency,requests,p90,10.00
49,1780553371323170560,1780553372323170560,Effective Decode Concurrency,requests,p95,10.00
49,1780553371323170560,1780553372323170560,Effective Decode Concurrency,requests,p99,10.00
49,1780553371323170560,1780553372323170560,Effective Decode Concurrency,requests,std,0.00
49,1780553371323170560,1780553372323170560,Effective Decode Throughput,tokens/sec,avg,68.47
49,1780553371323170560,1780553372323170560,Effective Decode Throughput,tokens/sec,min,45.60
49,1780553371323170560,1780553372323170560,Effective Decode Throughput,tokens/sec,max,91.35
49,1780553371323170560,1780553372323170560,Effective Decode Throughput,tokens/sec,p50,68.47
49,1780553371323170560,1780553372323170560,Effective Decode Throughput,tokens/sec,p90,68.47
49,1780553371323170560,1780553372323170560,Effective Decode Throughput,tokens/sec,p95,68.47
49,1780553371323170560,1780553372323170560,Effective Decode Throughput,tokens/sec,p99,68.47
49,1780553371323170560,1780553372323170560,Effective Decode Throughput,tokens/sec,std,0.04
49,1780553371323170560,1780553372323170560,Effective Decode Throughput Per User,tokens/sec/user,avg,6.85
49,1780553371323170560,1780553372323170560,Effective Decode Throughput Per User,tokens/sec/user,min,4.56
49,1780553371323170560,1780553372323170560,Effective Decode Throughput Per User,tokens/sec/user,max,9.13
49,1780553371323170560,1780553372323170560,Effective Decode Throughput Per User,tokens/sec/user,p50,6.85
49,1780553371323170560,1780553372323170560,Effective Decode Throughput Per User,tokens/sec/user,p90,6.85
49,1780553371323170560,1780553372323170560,Effective Decode Throughput Per User,tokens/sec/user,p95,6.85
49,1780553371323170560,1780553372323170560,Effective Decode Throughput Per User,tokens/sec/user,p99,6.85
49,1780553371323170560,1780553372323170560,Effective Decode Throughput Per User,tokens/sec/user,std,0.00
49,1780553371323170560,1780553372323170560,Effective Prefill Concurrency,requests,avg,4.82
49,1780553371323170560,1780553372323170560,Effective Prefill Concurrency,requests,min,4.00
49,1780553371323170560,1780553372323170560,Effective Prefill Concurrency,requests,max,5.00
49,1780553371323170560,1780553372323170560,Effective Prefill Concurrency,requests,p50,5.00
49,1780553371323170560,1780553372323170560,Effective Prefill Concurrency,requests,p90,5.00
49,1780553371323170560,1780553372323170560,Effective Prefill Concurrency,requests,p95,5.00
49,1780553371323170560,1780553372323170560,Effective Prefill Concurrency,requests,p99,5.00
49,1780553371323170560,1780553372323170560,Effective Prefill Concurrency,requests,std,0.38
49,1780553371323170560,1780553372323170560,Effective Prefill Throughput,tokens/sec,avg,9632.28
49,1780553371323170560,1780553372323170560,Effective Prefill Throughput,tokens/sec,min,7998.91
49,1780553371323170560,1780553372323170560,Effective Prefill Throughput,tokens/sec,max,9984.67
49,1780553371323170560,1780553372323170560,Effective Prefill Throughput,tokens/sec,p50,9984.67
49,1780553371323170560,1780553372323170560,Effective Prefill Throughput,tokens/sec,p90,9984.67
49,1780553371323170560,1780553372323170560,Effective Prefill Throughput,tokens/sec,p95,9984.67
49,1780553371323170560,1780553372323170560,Effective Prefill Throughput,tokens/sec,p99,9984.67
49,1780553371323170560,1780553372323170560,Effective Prefill Throughput,tokens/sec,std,758.67
49,1780553371323170560,1780553372323170560,Effective Prefill Throughput Per User,tokens/sec/user,avg,1997.43
49,1780553371323170560,1780553372323170560,Effective Prefill Throughput Per User,tokens/sec/user,min,1996.93
49,1780553371323170560,1780553372323170560,Effective Prefill Throughput Per User,tokens/sec/user,max,1999.73
49,1780553371323170560,1780553372323170560,Effective Prefill Throughput Per User,tokens/sec/user,p50,1996.93
49,1780553371323170560,1780553372323170560,Effective Prefill Throughput Per User,tokens/sec/user,p90,1999.73
49,1780553371323170560,1780553372323170560,Effective Prefill Throughput Per User,tokens/sec/user,p95,1999.73
49,1780553371323170560,1780553372323170560,Effective Prefill Throughput Per User,tokens/sec/user,p99,1999.73
49,1780553371323170560,1780553372323170560,Effective Prefill Throughput Per User,tokens/sec/user,std,1.07
49,1780553371323170560,1780553372323170560,Effective Total Throughput,tokens/sec,avg,9692.54
49,1780553371323170560,1780553372323170560,Effective Total Throughput,tokens/sec,min,8059.18
49,1780553371323170560,1780553372323170560,Effective Total Throughput,tokens/sec,max,10044.93
49,1780553371323170560,1780553372323170560,Effective Total Throughput,tokens/sec,p50,10044.93
49,1780553371323170560,1780553372323170560,Effective Total Throughput,tokens/sec,p90,10044.93
49,1780553371323170560,1780553372323170560,Effective Total Throughput,tokens/sec,p95,10044.93
49,1780553371323170560,1780553372323170560,Effective Total Throughput,tokens/sec,p99,10044.93
49,1780553371323170560,1780553372323170560,Effective Total Throughput,tokens/sec,std,758.67
49,1780553371323170560,1780553372323170560,HTTP Blocked,ms,avg,0.00
49,1780553371323170560,1780553372323170560,HTTP Blocked,ms,min,0.00
49,1780553371323170560,1780553372323170560,HTTP Blocked,ms,max,0.00
49,1780553371323170560,1780553372323170560,HTTP Blocked,ms,sum,0.00
49,1780553371323170560,1780553372323170560,HTTP Blocked,ms,p1,0.00
49,1780553371323170560,1780553372323170560,HTTP Blocked,ms,p5,0.00
49,1780553371323170560,1780553372323170560,HTTP Blocked,ms,p10,0.00
49,1780553371323170560,1780553372323170560,HTTP Blocked,ms,p25,0.00
49,1780553371323170560,1780553372323170560,HTTP Blocked,ms,p50,0.00
49,1780553371323170560,1780553372323170560,HTTP Blocked,ms,p75,0.00
49,1780553371323170560,1780553372323170560,HTTP Blocked,ms,p90,0.00
49,1780553371323170560,1780553372323170560,HTTP Blocked,ms,p95,0.00
49,1780553371323170560,1780553372323170560,HTTP Blocked,ms,p99,0.00
49,1780553371323170560,1780553372323170560,HTTP Blocked,ms,std,0.00
49,1780553371323170560,1780553372323170560,HTTP Chunks Received,count,avg,717.00
49,1780553371323170560,1780553372323170560,HTTP Chunks Received,count,min,717.00
49,1780553371323170560,1780553372323170560,HTTP Chunks Received,count,max,717.00
49,1780553371323170560,1780553372323170560,HTTP Chunks Received,count,sum,717.00
49,1780553371323170560,1780553372323170560,HTTP Chunks Received,count,p1,717.00
49,1780553371323170560,1780553372323170560,HTTP Chunks Received,count,p5,717.00
49,1780553371323170560,1780553372323170560,HTTP Chunks Received,count,p10,717.00
49,1780553371323170560,1780553372323170560,HTTP Chunks Received,count,p25,717.00
49,1780553371323170560,1780553372323170560,HTTP Chunks Received,count,p50,717.00
49,1780553371323170560,1780553372323170560,HTTP Chunks Received,count,p75,717.00
49,1780553371323170560,1780553372323170560,HTTP Chunks Received,count,p90,717.00
49,1780553371323170560,1780553372323170560,HTTP Chunks Received,count,p95,717.00
49,1780553371323170560,1780553372323170560,HTTP Chunks Received,count,p99,717.00
49,1780553371323170560,1780553372323170560,HTTP Chunks Received,count,std,0.00
49,1780553371323170560,1780553372323170560,HTTP Chunks Sent,count,avg,1.00
49,1780553371323170560,1780553372323170560,HTTP Chunks Sent,count,min,1.00
49,1780553371323170560,1780553372323170560,HTTP Chunks Sent,count,max,1.00
49,1780553371323170560,1780553372323170560,HTTP Chunks Sent,count,sum,1.00
49,1780553371323170560,1780553372323170560,HTTP Chunks Sent,count,p1,1.00
49,1780553371323170560,1780553372323170560,HTTP Chunks Sent,count,p5,1.00
49,1780553371323170560,1780553372323170560,HTTP Chunks Sent,count,p10,1.00
49,1780553371323170560,1780553372323170560,HTTP Chunks Sent,count,p25,1.00
49,1780553371323170560,1780553372323170560,HTTP Chunks Sent,count,p50,1.00
49,1780553371323170560,1780553372323170560,HTTP Chunks Sent,count,p75,1.00
49,1780553371323170560,1780553372323170560,HTTP Chunks Sent,count,p90,1.00
49,1780553371323170560,1780553372323170560,HTTP Chunks Sent,count,p95,1.00
49,1780553371323170560,1780553372323170560,HTTP Chunks Sent,count,p99,1.00
49,1780553371323170560,1780553372323170560,HTTP Chunks Sent,count,std,0.00
49,1780553371323170560,1780553372323170560,HTTP Connecting,ms,avg,1.20
49,1780553371323170560,1780553372323170560,HTTP Connecting,ms,min,1.20
49,1780553371323170560,1780553372323170560,HTTP Connecting,ms,max,1.20
49,1780553371323170560,1780553372323170560,HTTP Connecting,ms,sum,1.20
49,1780553371323170560,1780553372323170560,HTTP Connecting,ms,p1,1.20
49,1780553371323170560,1780553372323170560,HTTP Connecting,ms,p5,1.20
49,1780553371323170560,1780553372323170560,HTTP Connecting,ms,p10,1.20
49,1780553371323170560,1780553372323170560,HTTP Connecting,ms,p25,1.20
49,1780553371323170560,1780553372323170560,HTTP Connecting,ms,p50,1.20
49,1780553371323170560,1780553372323170560,HTTP Connecting,ms,p75,1.20
49,1780553371323170560,1780553372323170560,HTTP Connecting,ms,p90,1.20
49,1780553371323170560,1780553372323170560,HTTP Connecting,ms,p95,1.20
49,1780553371323170560,1780553372323170560,HTTP Connecting,ms,p99,1.20
49,1780553371323170560,1780553372323170560,HTTP Connecting,ms,std,0.00
49,1780553371323170560,1780553372323170560,HTTP Connection Overhead,ms,avg,1.80
49,1780553371323170560,1780553372323170560,HTTP Connection Overhead,ms,min,1.80
49,1780553371323170560,1780553372323170560,HTTP Connection Overhead,ms,max,1.80
49,1780553371323170560,1780553372323170560,HTTP Connection Overhead,ms,sum,1.80
49,1780553371323170560,1780553372323170560,HTTP Connection Overhead,ms,p1,1.80
49,1780553371323170560,1780553372323170560,HTTP Connection Overhead,ms,p5,1.80
49,1780553371323170560,1780553372323170560,HTTP Connection Overhead,ms,p10,1.80
49,1780553371323170560,1780553372323170560,HTTP Connection Overhead,ms,p25,1.80
49,1780553371323170560,1780553372323170560,HTTP Connection Overhead,ms,p50,1.80
49,1780553371323170560,1780553372323170560,HTTP Connection Overhead,ms,p75,1.80
49,1780553371323170560,1780553372323170560,HTTP Connection Overhead,ms,p90,1.80
49,1780553371323170560,1780553372323170560,HTTP Connection Overhead,ms,p95,1.80
49,1780553371323170560,1780553372323170560,HTTP Connection Overhead,ms,p99,1.80
49,1780553371323170560,1780553372323170560,HTTP Connection Overhead,ms,std,0.00
49,1780553371323170560,1780553372323170560,HTTP Connection Reused,ratio,avg,0.00
49,1780553371323170560,1780553372323170560,HTTP Connection Reused,ratio,min,0.00
49,1780553371323170560,1780553372323170560,HTTP Connection Reused,ratio,max,0.00
49,1780553371323170560,1780553372323170560,HTTP Connection Reused,ratio,sum,0.00
49,1780553371323170560,1780553372323170560,HTTP Connection Reused,ratio,p1,0.00
49,1780553371323170560,1780553372323170560,HTTP Connection Reused,ratio,p5,0.00
49,1780553371323170560,1780553372323170560,HTTP Connection Reused,ratio,p10,0.00
49,1780553371323170560,1780553372323170560,HTTP Connection Reused,ratio,p25,0.00
49,1780553371323170560,1780553372323170560,HTTP Connection Reused,ratio,p50,0.00
49,1780553371323170560,1780553372323170560,HTTP Connection Reused,ratio,p75,0.00
49,1780553371323170560,1780553372323170560,HTTP Connection Reused,ratio,p90,0.00
49,1780553371323170560,1780553372323170560,HTTP Connection Reused,ratio,p95,0.00
49,1780553371323170560,1780553372323170560,HTTP Connection Reused,ratio,p99,0.00
49,1780553371323170560,1780553372323170560,HTTP Connection Reused,ratio,std,0.00
49,1780553371323170560,1780553372323170560,HTTP Data Received,KB,avg,178.23
49,1780553371323170560,1780553372323170560,HTTP Data Received,KB,min,178.23
49,1780553371323170560,1780553372323170560,HTTP Data Received,KB,max,178.23
49,1780553371323170560,1780553372323170560,HTTP Data Received,KB,sum,178.23
49,1780553371323170560,1780553372323170560,HTTP Data Received,KB,p1,178.23
49,1780553371323170560,1780553372323170560,HTTP Data Received,KB,p5,178.23
49,1780553371323170560,1780553372323170560,HTTP Data Received,KB,p10,178.23
49,1780553371323170560,1780553372323170560,HTTP Data Received,KB,p25,178.23
49,1780553371323170560,1780553372323170560,HTTP Data Received,KB,p50,178.23
49,1780553371323170560,1780553372323170560,HTTP Data Received,KB,p75,178.23
49,1780553371323170560,1780553372323170560,HTTP Data Received,KB,p90,178.23
49,1780553371323170560,1780553372323170560,HTTP Data Received,KB,p95,178.23
49,1780553371323170560,1780553372323170560,HTTP Data Received,KB,p99,178.23
49,1780553371323170560,1780553372323170560,HTTP Data Received,KB,std,0.00
49,1780553371323170560,1780553372323170560,HTTP Data Sent,KB,avg,459.41
49,1780553371323170560,1780553372323170560,HTTP Data Sent,KB,min,459.41
49,1780553371323170560,1780553372323170560,HTTP Data Sent,KB,max,459.41
49,1780553371323170560,1780553372323170560,HTTP Data Sent,KB,sum,459.41
49,1780553371323170560,1780553372323170560,HTTP Data Sent,KB,p1,459.41
49,1780553371323170560,1780553372323170560,HTTP Data Sent,KB,p5,459.41
49,1780553371323170560,1780553372323170560,HTTP Data Sent,KB,p10,459.41
49,1780553371323170560,1780553372323170560,HTTP Data Sent,KB,p25,459.41
49,1780553371323170560,1780553372323170560,HTTP Data Sent,KB,p50,459.41
49,1780553371323170560,1780553372323170560,HTTP Data Sent,KB,p75,459.41
49,1780553371323170560,1780553372323170560,HTTP Data Sent,KB,p90,459.41
49,1780553371323170560,1780553372323170560,HTTP Data Sent,KB,p95,459.41
49,1780553371323170560,1780553372323170560,HTTP Data Sent,KB,p99,459.41
49,1780553371323170560,1780553372323170560,HTTP Data Sent,KB,std,0.00
49,1780553371323170560,1780553372323170560,HTTP DNS Lookup,ms,avg,0.60
49,1780553371323170560,1780553372323170560,HTTP DNS Lookup,ms,min,0.60
49,1780553371323170560,1780553372323170560,HTTP DNS Lookup,ms,max,0.60
49,1780553371323170560,1780553372323170560,HTTP DNS Lookup,ms,sum,0.60
49,1780553371323170560,1780553372323170560,HTTP DNS Lookup,ms,p1,0.60
49,1780553371323170560,1780553372323170560,HTTP DNS Lookup,ms,p5,0.60
49,1780553371323170560,1780553372323170560,HTTP DNS Lookup,ms,p10,0.60
49,1780553371323170560,1780553372323170560,HTTP DNS Lookup,ms,p25,0.60
49,1780553371323170560,1780553372323170560,HTTP DNS Lookup,ms,p50,0.60
49,1780553371323170560,1780553372323170560,HTTP DNS Lookup,ms,p75,0.60
49,1780553371323170560,1780553372323170560,HTTP DNS Lookup,ms,p90,0.60
49,1780553371323170560,1780553372323170560,HTTP DNS Lookup,ms,p95,0.60
49,1780553371323170560,1780553372323170560,HTTP DNS Lookup,ms,p99,0.60
49,1780553371323170560,1780553372323170560,HTTP DNS Lookup,ms,std,0.00
49,1780553371323170560,1780553372323170560,HTTP Duration (excl. conn),ms,avg,179826.23
49,1780553371323170560,1780553372323170560,HTTP Duration (excl. conn),ms,min,179826.23
49,1780553371323170560,1780553372323170560,HTTP Duration (excl. conn),ms,max,179826.23
49,1780553371323170560,1780553372323170560,HTTP Duration (excl. conn),ms,sum,179826.23
49,1780553371323170560,1780553372323170560,HTTP Duration (excl. conn),ms,p1,179826.23
49,1780553371323170560,1780553372323170560,HTTP Duration (excl. conn),ms,p5,179826.23
49,1780553371323170560,1780553372323170560,HTTP Duration (excl. conn),ms,p10,179826.23
49,1780553371323170560,1780553372323170560,HTTP Duration (excl. conn),ms,p25,179826.23
49,1780553371323170560,1780553372323170560,HTTP Duration (excl. conn),ms,p50,179826.23
49,1780553371323170560,1780553372323170560,HTTP Duration (excl. conn),ms,p75,179826.23
49,1780553371323170560,1780553372323170560,HTTP Duration (excl. conn),ms,p90,179826.23
49,1780553371323170560,1780553372323170560,HTTP Duration (excl. conn),ms,p95,179826.23
49,1780553371323170560,1780553372323170560,HTTP Duration (excl. conn),ms,p99,179826.23
49,1780553371323170560,1780553372323170560,HTTP Duration (excl. conn),ms,std,0.00
49,1780553371323170560,1780553372323170560,HTTP Receiving,ms,avg,120499.78
49,1780553371323170560,1780553372323170560,HTTP Receiving,ms,min,120499.78
49,1780553371323170560,1780553372323170560,HTTP Receiving,ms,max,120499.78
49,1780553371323170560,1780553372323170560,HTTP Receiving,ms,sum,120499.78
49,1780553371323170560,1780553372323170560,HTTP Receiving,ms,p1,120499.78
49,1780553371323170560,1780553372323170560,HTTP Receiving,ms,p5,120499.78
49,1780553371323170560,1780553372323170560,HTTP Receiving,ms,p10,120499.78
49,1780553371323170560,1780553372323170560,HTTP Receiving,ms,p25,120499.78
49,1780553371323170560,1780553372323170560,HTTP Receiving,ms,p50,120499.78
49,1780553371323170560,1780553372323170560,HTTP Receiving,ms,p75,120499.78
49,1780553371323170560,1780553372323170560,HTTP Receiving,ms,p90,120499.78
49,1780553371323170560,1780553372323170560,HTTP Receiving,ms,p95,120499.78
49,1780553371323170560,1780553372323170560,HTTP Receiving,ms,p99,120499.78
49,1780553371323170560,1780553372323170560,HTTP Receiving,ms,std,0.00
49,1780553371323170560,1780553372323170560,HTTP Sending,ms,avg,1.49
49,1780553371323170560,1780553372323170560,HTTP Sending,ms,min,1.49
49,1780553371323170560,1780553372323170560,HTTP Sending,ms,max,1.49
49,1780553371323170560,1780553372323170560,HTTP Sending,ms,sum,1.49
49,1780553371323170560,1780553372323170560,HTTP Sending,ms,p1,1.49
49,1780553371323170560,1780553372323170560,HTTP Sending,ms,p5,1.49
49,1780553371323170560,1780553372323170560,HTTP Sending,ms,p10,1.49
49,1780553371323170560,1780553372323170560,HTTP Sending,ms,p25,1.49
49,1780553371323170560,1780553372323170560,HTTP Sending,ms,p50,1.49
49,1780553371323170560,1780553372323170560,HTTP Sending,ms,p75,1.49
49,1780553371323170560,1780553372323170560,HTTP Sending,ms,p90,1.49
49,1780553371323170560,1780553372323170560,HTTP Sending,ms,p95,1.49
49,1780553371323170560,1780553372323170560,HTTP Sending,ms,p99,1.49
49,1780553371323170560,1780553372323170560,HTTP Sending,ms,std,0.00
49,1780553371323170560,1780553372323170560,HTTP Total Time,ms,avg,179828.03
49,1780553371323170560,1780553372323170560,HTTP Total Time,ms,min,179828.03
49,1780553371323170560,1780553372323170560,HTTP Total Time,ms,max,179828.03
49,1780553371323170560,1780553372323170560,HTTP Total Time,ms,sum,179828.03
49,1780553371323170560,1780553372323170560,HTTP Total Time,ms,p1,179828.03
49,1780553371323170560,1780553372323170560,HTTP Total Time,ms,p5,179828.03
49,1780553371323170560,1780553372323170560,HTTP Total Time,ms,p10,179828.03
49,1780553371323170560,1780553372323170560,HTTP Total Time,ms,p25,179828.03
49,1780553371323170560,1780553372323170560,HTTP Total Time,ms,p50,179828.03
49,1780553371323170560,1780553372323170560,HTTP Total Time,ms,p75,179828.03
49,1780553371323170560,1780553372323170560,HTTP Total Time,ms,p90,179828.03
49,1780553371323170560,1780553372323170560,HTTP Total Time,ms,p95,179828.03
49,1780553371323170560,1780553372323170560,HTTP Total Time,ms,p99,179828.03
49,1780553371323170560,1780553372323170560,HTTP Total Time,ms,std,0.00
49,1780553371323170560,1780553372323170560,HTTP Waiting (TTFB),ms,avg,59324.96
49,1780553371323170560,1780553372323170560,HTTP Waiting (TTFB),ms,min,59324.96
49,1780553371323170560,1780553372323170560,HTTP Waiting (TTFB),ms,max,59324.96
49,1780553371323170560,1780553372323170560,HTTP Waiting (TTFB),ms,sum,59324.96
49,1780553371323170560,1780553372323170560,HTTP Waiting (TTFB),ms,p1,59324.96
49,1780553371323170560,1780553372323170560,HTTP Waiting (TTFB),ms,p5,59324.96
49,1780553371323170560,1780553372323170560,HTTP Waiting (TTFB),ms,p10,59324.96
49,1780553371323170560,1780553372323170560,HTTP Waiting (TTFB),ms,p25,59324.96
49,1780553371323170560,1780553372323170560,HTTP Waiting (TTFB),ms,p50,59324.96
49,1780553371323170560,1780553372323170560,HTTP Waiting (TTFB),ms,p75,59324.96
49,1780553371323170560,1780553372323170560,HTTP Waiting (TTFB),ms,p90,59324.96
49,1780553371323170560,1780553372323170560,HTTP Waiting (TTFB),ms,p95,59324.96
49,1780553371323170560,1780553372323170560,HTTP Waiting (TTFB),ms,p99,59324.96
49,1780553371323170560,1780553372323170560,HTTP Waiting (TTFB),ms,std,0.00
49,1780553371323170560,1780553372323170560,Input Sequence Length,tokens,avg,117808.00
49,1780553371323170560,1780553372323170560,Input Sequence Length,tokens,min,117808.00
49,1780553371323170560,1780553372323170560,Input Sequence Length,tokens,max,117808.00
49,1780553371323170560,1780553372323170560,Input Sequence Length,tokens,sum,117808.00
49,1780553371323170560,1780553372323170560,Input Sequence Length,tokens,p1,117808.00
49,1780553371323170560,1780553372323170560,Input Sequence Length,tokens,p5,117808.00
49,1780553371323170560,1780553372323170560,Input Sequence Length,tokens,p10,117808.00
49,1780553371323170560,1780553372323170560,Input Sequence Length,tokens,p25,117808.00
49,1780553371323170560,1780553372323170560,Input Sequence Length,tokens,p50,117808.00
49,1780553371323170560,1780553372323170560,Input Sequence Length,tokens,p75,117808.00
49,1780553371323170560,1780553372323170560,Input Sequence Length,tokens,p90,117808.00
49,1780553371323170560,1780553372323170560,Input Sequence Length,tokens,p95,117808.00
49,1780553371323170560,1780553372323170560,Input Sequence Length,tokens,p99,117808.00
49,1780553371323170560,1780553372323170560,Input Sequence Length,tokens,std,0.00
49,1780553371323170560,1780553372323170560,Input Token Throughput,tokens/sec,avg,117808.00
49,1780553371323170560,1780553372323170560,Inter Chunk Latency,ms,avg,66.05
49,1780553371323170560,1780553372323170560,Inter Chunk Latency,ms,min,66.03
49,1780553371323170560,1780553372323170560,Inter Chunk Latency,ms,max,66.08
49,1780553371323170560,1780553372323170560,Inter Chunk Latency,ms,sum,36593.86
49,1780553371323170560,1780553372323170560,Inter Chunk Latency,ms,p1,66.03
49,1780553371323170560,1780553372323170560,Inter Chunk Latency,ms,p5,66.03
49,1780553371323170560,1780553372323170560,Inter Chunk Latency,ms,p10,66.03
49,1780553371323170560,1780553372323170560,Inter Chunk Latency,ms,p25,66.04
49,1780553371323170560,1780553372323170560,Inter Chunk Latency,ms,p50,66.05
49,1780553371323170560,1780553372323170560,Inter Chunk Latency,ms,p75,66.07
49,1780553371323170560,1780553372323170560,Inter Chunk Latency,ms,p90,66.07
49,1780553371323170560,1780553372323170560,Inter Chunk Latency,ms,p95,66.08
49,1780553371323170560,1780553372323170560,Inter Chunk Latency,ms,p99,66.08
49,1780553371323170560,1780553372323170560,Inter Chunk Latency,ms,std,0.02
49,1780553371323170560,1780553372323170560,Inter Token Latency,ms,avg,168.19
49,1780553371323170560,1780553372323170560,Inter Token Latency,ms,min,168.19
49,1780553371323170560,1780553372323170560,Inter Token Latency,ms,max,168.19
49,1780553371323170560,1780553372323170560,Inter Token Latency,ms,sum,168.19
49,1780553371323170560,1780553372323170560,Inter Token Latency,ms,p1,168.19
49,1780553371323170560,1780553372323170560,Inter Token Latency,ms,p5,168.19
49,1780553371323170560,1780553372323170560,Inter Token Latency,ms,p10,168.19
49,1780553371323170560,1780553372323170560,Inter Token Latency,ms,p25,168.19
49,1780553371323170560,1780553372323170560,Inter Token Latency,ms,p50,168.19
49,1780553371323170560,1780553372323170560,Inter Token Latency,ms,p75,168.19
49,1780553371323170560,1780553372323170560,Inter Token Latency,ms,p90,168.19
49,1780553371323170560,1780553372323170560,Inter Token Latency,ms,p95,168.19
49,1780553371323170560,1780553372323170560,Inter Token Latency,ms,p99,168.19
49,1780553371323170560,1780553372323170560,Inter Token Latency,ms,std,0.00
49,1780553371323170560,1780553372323170560,Maximum Response Timestamp,ns,avg,1780553551254235392.00
49,1780553371323170560,1780553372323170560,Minimum Request Timestamp,ns,avg,1780553371500630016.00
49,1780553371323170560,1780553372323170560,OSL Mismatch Count,requests,avg,0.00
49,1780553371323170560,1780553372323170560,OSL Mismatch Diff %,%,avg,0.00
49,1780553371323170560,1780553372323170560,OSL Mismatch Diff %,%,min,0.00
49,1780553371323170560,1780553372323170560,OSL Mismatch Diff %,%,max,0.00
49,1780553371323170560,1780553372323170560,OSL Mismatch Diff %,%,sum,0.00
49,1780553371323170560,1780553372323170560,OSL Mismatch Diff %,%,p1,0.00
49,1780553371323170560,1780553372323170560,OSL Mismatch Diff %,%,p5,0.00
49,1780553371323170560,1780553372323170560,OSL Mismatch Diff %,%,p10,0.00
49,1780553371323170560,1780553372323170560,OSL Mismatch Diff %,%,p25,0.00
49,1780553371323170560,1780553372323170560,OSL Mismatch Diff %,%,p50,0.00
49,1780553371323170560,1780553372323170560,OSL Mismatch Diff %,%,p75,0.00
49,1780553371323170560,1780553372323170560,OSL Mismatch Diff %,%,p90,0.00
49,1780553371323170560,1780553372323170560,OSL Mismatch Diff %,%,p95,0.00
49,1780553371323170560,1780553372323170560,OSL Mismatch Diff %,%,p99,0.00
49,1780553371323170560,1780553372323170560,OSL Mismatch Diff %,%,std,0.00
49,1780553371323170560,1780553372323170560,Output Sequence Length,tokens,avg,717.00
49,1780553371323170560,1780553372323170560,Output Sequence Length,tokens,min,717.00
49,1780553371323170560,1780553372323170560,Output Sequence Length,tokens,max,717.00
49,1780553371323170560,1780553372323170560,Output Sequence Length,tokens,sum,717.00
49,1780553371323170560,1780553372323170560,Output Sequence Length,tokens,p1,717.00
49,1780553371323170560,1780553372323170560,Output Sequence Length,tokens,p5,717.00
49,1780553371323170560,1780553372323170560,Output Sequence Length,tokens,p10,717.00
49,1780553371323170560,1780553372323170560,Output Sequence Length,tokens,p25,717.00
49,1780553371323170560,1780553372323170560,Output Sequence Length,tokens,p50,717.00
49,1780553371323170560,1780553372323170560,Output Sequence Length,tokens,p75,717.00
49,1780553371323170560,1780553372323170560,Output Sequence Length,tokens,p90,717.00
49,1780553371323170560,1780553372323170560,Output Sequence Length,tokens,p95,717.00
49,1780553371323170560,1780553372323170560,Output Sequence Length,tokens,p99,717.00
49,1780553371323170560,1780553372323170560,Output Sequence Length,tokens,std,0.00
49,1780553371323170560,1780553372323170560,Output Token Count,tokens,avg,717.00
49,1780553371323170560,1780553372323170560,Output Token Count,tokens,min,717.00
49,1780553371323170560,1780553372323170560,Output Token Count,tokens,max,717.00
49,1780553371323170560,1780553372323170560,Output Token Count,tokens,sum,717.00
49,1780553371323170560,1780553372323170560,Output Token Count,tokens,p1,717.00
49,1780553371323170560,1780553372323170560,Output Token Count,tokens,p5,717.00
49,1780553371323170560,1780553372323170560,Output Token Count,tokens,p10,717.00
49,1780553371323170560,1780553372323170560,Output Token Count,tokens,p25,717.00
49,1780553371323170560,1780553372323170560,Output Token Count,tokens,p50,717.00
49,1780553371323170560,1780553372323170560,Output Token Count,tokens,p75,717.00
49,1780553371323170560,1780553372323170560,Output Token Count,tokens,p90,717.00
49,1780553371323170560,1780553372323170560,Output Token Count,tokens,p95,717.00
49,1780553371323170560,1780553372323170560,Output Token Count,tokens,p99,717.00
49,1780553371323170560,1780553372323170560,Output Token Count,tokens,std,0.00
49,1780553371323170560,1780553372323170560,Output Token Throughput,tokens/sec,avg,717.00
49,1780553371323170560,1780553372323170560,Output Token Throughput Per User,tokens/sec/user,avg,5.95
49,1780553371323170560,1780553372323170560,Output Token Throughput Per User,tokens/sec/user,min,5.95
49,1780553371323170560,1780553372323170560,Output Token Throughput Per User,tokens/sec/user,max,5.95
49,1780553371323170560,1780553372323170560,Output Token Throughput Per User,tokens/sec/user,sum,5.95
49,1780553371323170560,1780553372323170560,Output Token Throughput Per User,tokens/sec/user,p1,5.95
49,1780553371323170560,1780553372323170560,Output Token Throughput Per User,tokens/sec/user,p5,5.95
49,1780553371323170560,1780553372323170560,Output Token Throughput Per User,tokens/sec/user,p10,5.95
49,1780553371323170560,1780553372323170560,Output Token Throughput Per User,tokens/sec/user,p25,5.95
49,1780553371323170560,1780553372323170560,Output Token Throughput Per User,tokens/sec/user,p50,5.95
49,1780553371323170560,1780553372323170560,Output Token Throughput Per User,tokens/sec/user,p75,5.95
49,1780553371323170560,1780553372323170560,Output Token Throughput Per User,tokens/sec/user,p90,5.95
49,1780553371323170560,1780553372323170560,Output Token Throughput Per User,tokens/sec/user,p95,5.95
49,1780553371323170560,1780553372323170560,Output Token Throughput Per User,tokens/sec/user,p99,5.95
49,1780553371323170560,1780553372323170560,Output Token Throughput Per User,tokens/sec/user,std,0.00
49,1780553371323170560,1780553372323170560,Prefill Throughput Per User,tokens/sec/user,avg,1985.75
49,1780553371323170560,1780553372323170560,Prefill Throughput Per User,tokens/sec/user,min,1985.75
49,1780553371323170560,1780553372323170560,Prefill Throughput Per User,tokens/sec/user,max,1985.75
49,1780553371323170560,1780553372323170560,Prefill Throughput Per User,tokens/sec/user,sum,1985.75
49,1780553371323170560,1780553372323170560,Prefill Throughput Per User,tokens/sec/user,p1,1985.75
49,1780553371323170560,1780553372323170560,Prefill Throughput Per User,tokens/sec/user,p5,1985.75
49,1780553371323170560,1780553372323170560,Prefill Throughput Per User,tokens/sec/user,p10,1985.75
49,1780553371323170560,1780553372323170560,Prefill Throughput Per User,tokens/sec/user,p25,1985.75
49,1780553371323170560,1780553372323170560,Prefill Throughput Per User,tokens/sec/user,p50,1985.75
49,1780553371323170560,1780553372323170560,Prefill Throughput Per User,tokens/sec/user,p75,1985.75
49,1780553371323170560,1780553372323170560,Prefill Throughput Per User,tokens/sec/user,p90,1985.75
49,1780553371323170560,1780553372323170560,Prefill Throughput Per User,tokens/sec/user,p95,1985.75
49,1780553371323170560,1780553372323170560,Prefill Throughput Per User,tokens/sec/user,p99,1985.75
49,1780553371323170560,1780553372323170560,Prefill Throughput Per User,tokens/sec/user,std,0.00
49,1780553371323170560,1780553372323170560,Request Count,requests,avg,1.00
49,1780553371323170560,1780553372323170560,Request Latency,ms,avg,179753.61
49,1780553371323170560,1780553372323170560,Request Latency,ms,min,179753.61
49,1780553371323170560,1780553372323170560,Request Latency,ms,max,179753.61
49,1780553371323170560,1780553372323170560,Request Latency,ms,sum,179753.61
49,1780553371323170560,1780553372323170560,Request Latency,ms,p1,179753.61
49,1780553371323170560,1780553372323170560,Request Latency,ms,p5,179753.61
49,1780553371323170560,1780553372323170560,Request Latency,ms,p10,179753.61
49,1780553371323170560,1780553372323170560,Request Latency,ms,p25,179753.61
49,1780553371323170560,1780553372323170560,Request Latency,ms,p50,179753.61
49,1780553371323170560,1780553372323170560,Request Latency,ms,p75,179753.61
49,1780553371323170560,1780553372323170560,Request Latency,ms,p90,179753.61
49,1780553371323170560,1780553372323170560,Request Latency,ms,p95,179753.61
49,1780553371323170560,1780553372323170560,Request Latency,ms,p99,179753.61
49,1780553371323170560,1780553372323170560,Request Latency,ms,std,0.00
49,1780553371323170560,1780553372323170560,Request Throughput,requests/sec,avg,1.00
49,1780553371323170560,1780553372323170560,Requested OSL,tokens,avg,717.00
49,1780553371323170560,1780553372323170560,Requested OSL,tokens,min,717.00
49,1780553371323170560,1780553372323170560,Requested OSL,tokens,max,717.00
49,1780553371323170560,1780553372323170560,Requested OSL,tokens,sum,717.00
49,1780553371323170560,1780553372323170560,Requested OSL,tokens,p1,717.00
49,1780553371323170560,1780553372323170560,Requested OSL,tokens,p5,717.00
49,1780553371323170560,1780553372323170560,Requested OSL,tokens,p10,717.00
49,1780553371323170560,1780553372323170560,Requested OSL,tokens,p25,717.00
49,1780553371323170560,1780553372323170560,Requested OSL,tokens,p50,717.00
49,1780553371323170560,1780553372323170560,Requested OSL,tokens,p75,717.00
49,1780553371323170560,1780553372323170560,Requested OSL,tokens,p90,717.00
49,1780553371323170560,1780553372323170560,Requested OSL,tokens,p95,717.00
49,1780553371323170560,1780553372323170560,Requested OSL,tokens,p99,717.00
49,1780553371323170560,1780553372323170560,Requested OSL,tokens,std,0.00
49,1780553371323170560,1780553372323170560,Time to First Output Token,ms,avg,59326.58
49,1780553371323170560,1780553372323170560,Time to First Output Token,ms,min,59326.58
49,1780553371323170560,1780553372323170560,Time to First Output Token,ms,max,59326.58
49,1780553371323170560,1780553372323170560,Time to First Output Token,ms,sum,59326.58
49,1780553371323170560,1780553372323170560,Time to First Output Token,ms,p1,59326.58
49,1780553371323170560,1780553372323170560,Time to First Output Token,ms,p5,59326.58
49,1780553371323170560,1780553372323170560,Time to First Output Token,ms,p10,59326.58
49,1780553371323170560,1780553372323170560,Time to First Output Token,ms,p25,59326.58
49,1780553371323170560,1780553372323170560,Time to First Output Token,ms,p50,59326.58
49,1780553371323170560,1780553372323170560,Time to First Output Token,ms,p75,59326.58
49,1780553371323170560,1780553372323170560,Time to First Output Token,ms,p90,59326.58
49,1780553371323170560,1780553372323170560,Time to First Output Token,ms,p95,59326.58
49,1780553371323170560,1780553372323170560,Time to First Output Token,ms,p99,59326.58
49,1780553371323170560,1780553372323170560,Time to First Output Token,ms,std,0.00
49,1780553371323170560,1780553372323170560,Time to First Token,ms,avg,59326.58
49,1780553371323170560,1780553372323170560,Time to First Token,ms,min,59326.58
49,1780553371323170560,1780553372323170560,Time to First Token,ms,max,59326.58
49,1780553371323170560,1780553372323170560,Time to First Token,ms,sum,59326.58
49,1780553371323170560,1780553372323170560,Time to First Token,ms,p1,59326.58
49,1780553371323170560,1780553372323170560,Time to First Token,ms,p5,59326.58
49,1780553371323170560,1780553372323170560,Time to First Token,ms,p10,59326.58
49,1780553371323170560,1780553372323170560,Time to First Token,ms,p25,59326.58
49,1780553371323170560,1780553372323170560,Time to First Token,ms,p50,59326.58
49,1780553371323170560,1780553372323170560,Time to First Token,ms,p75,59326.58
49,1780553371323170560,1780553372323170560,Time to First Token,ms,p90,59326.58
49,1780553371323170560,1780553372323170560,Time to First Token,ms,p95,59326.58
49,1780553371323170560,1780553372323170560,Time to First Token,ms,p99,59326.58
49,1780553371323170560,1780553372323170560,Time to First Token,ms,std,0.00
49,1780553371323170560,1780553372323170560,Time to Second Token,ms,avg,0.52
49,1780553371323170560,1780553372323170560,Time to Second Token,ms,min,0.52
49,1780553371323170560,1780553372323170560,Time to Second Token,ms,max,0.52
49,1780553371323170560,1780553372323170560,Time to Second Token,ms,sum,0.52
49,1780553371323170560,1780553372323170560,Time to Second Token,ms,p1,0.52
49,1780553371323170560,1780553372323170560,Time to Second Token,ms,p5,0.52
49,1780553371323170560,1780553372323170560,Time to Second Token,ms,p10,0.52
49,1780553371323170560,1780553372323170560,Time to Second Token,ms,p25,0.52
49,1780553371323170560,1780553372323170560,Time to Second Token,ms,p50,0.52
49,1780553371323170560,1780553372323170560,Time to Second Token,ms,p75,0.52
49,1780553371323170560,1780553372323170560,Time to Second Token,ms,p90,0.52
49,1780553371323170560,1780553372323170560,Time to Second Token,ms,p95,0.52
49,1780553371323170560,1780553372323170560,Time to Second Token,ms,p99,0.52
49,1780553371323170560,1780553372323170560,Time to Second Token,ms,std,0.00
49,1780553371323170560,1780553372323170560,Tokens In Flight,tokens,avg,1686786.64
49,1780553371323170560,1780553372323170560,Tokens In Flight,tokens,min,1589849.57
49,1780553371323170560,1780553372323170560,Tokens In Flight,tokens,max,1707726.89
49,1780553371323170560,1780553372323170560,Tokens In Flight,tokens,p50,1707692.74
49,1780553371323170560,1780553372323170560,Tokens In Flight,tokens,p90,1707719.86
49,1780553371323170560,1780553372323170560,Tokens In Flight,tokens,p95,1707724.38
49,1780553371323170560,1780553372323170560,Tokens In Flight,tokens,p99,1707725.38
49,1780553371323170560,1780553372323170560,Tokens In Flight,tokens,std,45022.44
49,1780553371323170560,1780553372323170560,Total Input Sequence Length,tokens,avg,117808.00
49,1780553371323170560,1780553372323170560,Total Output Sequence Length,tokens,avg,717.00
49,1780553371323170560,1780553372323170560,Total Output Tokens,tokens,avg,717.00
49,1780553371323170560,1780553372323170560,Total Token Throughput,tokens/sec,avg,118525.00
49,1780553371323170560,1780553372323170560,Total Usage Completion Tokens,tokens,avg,717.00
49,1780553371323170560,1780553372323170560,Total Usage Prompt Tokens,tokens,avg,117808.00
49,1780553371323170560,1780553372323170560,Total Usage Total Tokens,tokens,avg,118525.00
49,1780553371323170560,1780553372323170560,Usage Completion Tokens,tokens,avg,717.00
49,1780553371323170560,1780553372323170560,Usage Completion Tokens,tokens,min,717.00
49,1780553371323170560,1780553372323170560,Usage Completion Tokens,tokens,max,717.00
49,1780553371323170560,1780553372323170560,Usage Completion Tokens,tokens,sum,717.00
49,1780553371323170560,1780553372323170560,Usage Completion Tokens,tokens,p1,717.00
49,1780553371323170560,1780553372323170560,Usage Completion Tokens,tokens,p5,717.00
49,1780553371323170560,1780553372323170560,Usage Completion Tokens,tokens,p10,717.00
49,1780553371323170560,1780553372323170560,Usage Completion Tokens,tokens,p25,717.00
49,1780553371323170560,1780553372323170560,Usage Completion Tokens,tokens,p50,717.00
49,1780553371323170560,1780553372323170560,Usage Completion Tokens,tokens,p75,717.00
49,1780553371323170560,1780553372323170560,Usage Completion Tokens,tokens,p90,717.00
49,1780553371323170560,1780553372323170560,Usage Completion Tokens,tokens,p95,717.00
49,1780553371323170560,1780553372323170560,Usage Completion Tokens,tokens,p99,717.00
49,1780553371323170560,1780553372323170560,Usage Completion Tokens,tokens,std,0.00
49,1780553371323170560,1780553372323170560,Usage Prompt Tokens,tokens,avg,117808.00
49,1780553371323170560,1780553372323170560,Usage Prompt Tokens,tokens,min,117808.00
49,1780553371323170560,1780553372323170560,Usage Prompt Tokens,tokens,max,117808.00
49,1780553371323170560,1780553372323170560,Usage Prompt Tokens,tokens,sum,117808.00
49,1780553371323170560,1780553372323170560,Usage Prompt Tokens,tokens,p1,117808.00
49,1780553371323170560,1780553372323170560,Usage Prompt Tokens,tokens,p5,117808.00
49,1780553371323170560,1780553372323170560,Usage Prompt Tokens,tokens,p10,117808.00
49,1780553371323170560,1780553372323170560,Usage Prompt Tokens,tokens,p25,117808.00
49,1780553371323170560,1780553372323170560,Usage Prompt Tokens,tokens,p50,117808.00
49,1780553371323170560,1780553372323170560,Usage Prompt Tokens,tokens,p75,117808.00
49,1780553371323170560,1780553372323170560,Usage Prompt Tokens,tokens,p90,117808.00
49,1780553371323170560,1780553372323170560,Usage Prompt Tokens,tokens,p95,117808.00
49,1780553371323170560,1780553372323170560,Usage Prompt Tokens,tokens,p99,117808.00
49,1780553371323170560,1780553372323170560,Usage Prompt Tokens,tokens,std,0.00
49,1780553371323170560,1780553372323170560,Usage Total Tokens,tokens,avg,118525.00
49,1780553371323170560,1780553372323170560,Usage Total Tokens,tokens,min,118525.00
49,1780553371323170560,1780553372323170560,Usage Total Tokens,tokens,max,118525.00
49,1780553371323170560,1780553372323170560,Usage Total Tokens,tokens,sum,118525.00
49,1780553371323170560,1780553372323170560,Usage Total Tokens,tokens,p1,118525.00
49,1780553371323170560,1780553372323170560,Usage Total Tokens,tokens,p5,118525.00
49,1780553371323170560,1780553372323170560,Usage Total Tokens,tokens,p10,118525.00
49,1780553371323170560,1780553372323170560,Usage Total Tokens,tokens,p25,118525.00
49,1780553371323170560,1780553372323170560,Usage Total Tokens,tokens,p50,118525.00
49,1780553371323170560,1780553372323170560,Usage Total Tokens,tokens,p75,118525.00
49,1780553371323170560,1780553372323170560,Usage Total Tokens,tokens,p90,118525.00
49,1780553371323170560,1780553372323170560,Usage Total Tokens,tokens,p95,118525.00
49,1780553371323170560,1780553372323170560,Usage Total Tokens,tokens,p99,118525.00
49,1780553371323170560,1780553372323170560,Usage Total Tokens,tokens,std,0.00
50,1780553388323170560,1780553389323170560,Active Decode Throughput,tokens/sec,avg,68.46
50,1780553388323170560,1780553389323170560,Active Decode Throughput,tokens/sec,min,45.59
50,1780553388323170560,1780553389323170560,Active Decode Throughput,tokens/sec,max,91.32
50,1780553388323170560,1780553389323170560,Active Decode Throughput,tokens/sec,p50,68.46
50,1780553388323170560,1780553389323170560,Active Decode Throughput,tokens/sec,p90,68.46
50,1780553388323170560,1780553389323170560,Active Decode Throughput,tokens/sec,p95,68.46
50,1780553388323170560,1780553389323170560,Active Decode Throughput,tokens/sec,p99,68.46
50,1780553388323170560,1780553389323170560,Active Decode Throughput,tokens/sec,std,0.03
50,1780553388323170560,1780553389323170560,Active Decode Throughput Per User,tokens/sec/user,avg,6.85
50,1780553388323170560,1780553389323170560,Active Decode Throughput Per User,tokens/sec/user,min,4.56
50,1780553388323170560,1780553389323170560,Active Decode Throughput Per User,tokens/sec/user,max,9.13
50,1780553388323170560,1780553389323170560,Active Decode Throughput Per User,tokens/sec/user,p50,6.85
50,1780553388323170560,1780553389323170560,Active Decode Throughput Per User,tokens/sec/user,p90,6.85
50,1780553388323170560,1780553389323170560,Active Decode Throughput Per User,tokens/sec/user,p95,6.85
50,1780553388323170560,1780553389323170560,Active Decode Throughput Per User,tokens/sec/user,p99,6.85
50,1780553388323170560,1780553389323170560,Active Decode Throughput Per User,tokens/sec/user,std,0.00
50,1780553388323170560,1780553389323170560,Active Prefill Throughput,tokens/sec,avg,5481.69
50,1780553388323170560,1780553389323170560,Active Prefill Throughput,tokens/sec,min,4785.78
50,1780553388323170560,1780553389323170560,Active Prefill Throughput,tokens/sec,max,6374.39
50,1780553388323170560,1780553389323170560,Active Prefill Throughput,tokens/sec,p50,4785.78
50,1780553388323170560,1780553389323170560,Active Prefill Throughput,tokens/sec,p90,6374.39
50,1780553388323170560,1780553389323170560,Active Prefill Throughput,tokens/sec,p95,6374.39
50,1780553388323170560,1780553389323170560,Active Prefill Throughput,tokens/sec,p99,6374.39
50,1780553388323170560,1780553389323170560,Active Prefill Throughput,tokens/sec,std,788.19
50,1780553388323170560,1780553389323170560,Active Prefill Throughput Per User,tokens/sec/user,avg,2275.45
50,1780553388323170560,1780553389323170560,Active Prefill Throughput Per User,tokens/sec/user,min,2124.80
50,1780553388323170560,1780553389323170560,Active Prefill Throughput Per User,tokens/sec/user,max,2392.89
50,1780553388323170560,1780553389323170560,Active Prefill Throughput Per User,tokens/sec/user,p50,2392.89
50,1780553388323170560,1780553389323170560,Active Prefill Throughput Per User,tokens/sec/user,p90,2392.89
50,1780553388323170560,1780553389323170560,Active Prefill Throughput Per User,tokens/sec/user,p95,2392.89
50,1780553388323170560,1780553389323170560,Active Prefill Throughput Per User,tokens/sec/user,p99,2392.89
50,1780553388323170560,1780553389323170560,Active Prefill Throughput Per User,tokens/sec/user,std,133.01
50,1780553388323170560,1780553389323170560,Active Total Throughput,tokens/sec,avg,5541.32
50,1780553388323170560,1780553389323170560,Active Total Throughput,tokens/sec,min,4845.42
50,1780553388323170560,1780553389323170560,Active Total Throughput,tokens/sec,max,6434.03
50,1780553388323170560,1780553389323170560,Active Total Throughput,tokens/sec,p50,4845.42
50,1780553388323170560,1780553389323170560,Active Total Throughput,tokens/sec,p90,6434.03
50,1780553388323170560,1780553389323170560,Active Total Throughput,tokens/sec,p95,6434.03
50,1780553388323170560,1780553389323170560,Active Total Throughput,tokens/sec,p99,6434.03
50,1780553388323170560,1780553389323170560,Active Total Throughput,tokens/sec,std,788.19
50,1780553388323170560,1780553389323170560,Benchmark Duration,sec,avg,86.73
50,1780553388323170560,1780553389323170560,E2E Output Token Throughput,tokens/sec/user,avg,2.17
50,1780553388323170560,1780553389323170560,E2E Output Token Throughput,tokens/sec/user,min,2.17
50,1780553388323170560,1780553389323170560,E2E Output Token Throughput,tokens/sec/user,max,2.17
50,1780553388323170560,1780553389323170560,E2E Output Token Throughput,tokens/sec/user,sum,2.17
50,1780553388323170560,1780553389323170560,E2E Output Token Throughput,tokens/sec/user,p1,2.17
50,1780553388323170560,1780553389323170560,E2E Output Token Throughput,tokens/sec/user,p5,2.17
50,1780553388323170560,1780553389323170560,E2E Output Token Throughput,tokens/sec/user,p10,2.17
50,1780553388323170560,1780553389323170560,E2E Output Token Throughput,tokens/sec/user,p25,2.17
50,1780553388323170560,1780553389323170560,E2E Output Token Throughput,tokens/sec/user,p50,2.17
50,1780553388323170560,1780553389323170560,E2E Output Token Throughput,tokens/sec/user,p75,2.17
50,1780553388323170560,1780553389323170560,E2E Output Token Throughput,tokens/sec/user,p90,2.17
50,1780553388323170560,1780553389323170560,E2E Output Token Throughput,tokens/sec/user,p95,2.17
50,1780553388323170560,1780553389323170560,E2E Output Token Throughput,tokens/sec/user,p99,2.17
50,1780553388323170560,1780553389323170560,E2E Output Token Throughput,tokens/sec/user,std,0.00
50,1780553388323170560,1780553389323170560,Effective Concurrency,requests,avg,12.44
50,1780553388323170560,1780553389323170560,Effective Concurrency,requests,min,12.00
50,1780553388323170560,1780553389323170560,Effective Concurrency,requests,max,13.00
50,1780553388323170560,1780553389323170560,Effective Concurrency,requests,p50,12.00
50,1780553388323170560,1780553389323170560,Effective Concurrency,requests,p90,13.00
50,1780553388323170560,1780553389323170560,Effective Concurrency,requests,p95,13.00
50,1780553388323170560,1780553389323170560,Effective Concurrency,requests,p99,13.00
50,1780553388323170560,1780553389323170560,Effective Concurrency,requests,std,0.50
50,1780553388323170560,1780553389323170560,Effective Decode Concurrency,requests,avg,10.00
50,1780553388323170560,1780553389323170560,Effective Decode Concurrency,requests,min,10.00
50,1780553388323170560,1780553389323170560,Effective Decode Concurrency,requests,max,10.00
50,1780553388323170560,1780553389323170560,Effective Decode Concurrency,requests,p50,10.00
50,1780553388323170560,1780553389323170560,Effective Decode Concurrency,requests,p90,10.00
50,1780553388323170560,1780553389323170560,Effective Decode Concurrency,requests,p95,10.00
50,1780553388323170560,1780553389323170560,Effective Decode Concurrency,requests,p99,10.00
50,1780553388323170560,1780553389323170560,Effective Decode Concurrency,requests,std,0.00
50,1780553388323170560,1780553389323170560,Effective Decode Throughput,tokens/sec,avg,68.46
50,1780553388323170560,1780553389323170560,Effective Decode Throughput,tokens/sec,min,45.59
50,1780553388323170560,1780553389323170560,Effective Decode Throughput,tokens/sec,max,91.32
50,1780553388323170560,1780553389323170560,Effective Decode Throughput,tokens/sec,p50,68.46
50,1780553388323170560,1780553389323170560,Effective Decode Throughput,tokens/sec,p90,68.46
50,1780553388323170560,1780553389323170560,Effective Decode Throughput,tokens/sec,p95,68.46
50,1780553388323170560,1780553389323170560,Effective Decode Throughput,tokens/sec,p99,68.46
50,1780553388323170560,1780553389323170560,Effective Decode Throughput,tokens/sec,std,0.03
50,1780553388323170560,1780553389323170560,Effective Decode Throughput Per User,tokens/sec/user,avg,6.85
50,1780553388323170560,1780553389323170560,Effective Decode Throughput Per User,tokens/sec/user,min,4.56
50,1780553388323170560,1780553389323170560,Effective Decode Throughput Per User,tokens/sec/user,max,9.13
50,1780553388323170560,1780553389323170560,Effective Decode Throughput Per User,tokens/sec/user,p50,6.85
50,1780553388323170560,1780553389323170560,Effective Decode Throughput Per User,tokens/sec/user,p90,6.85
50,1780553388323170560,1780553389323170560,Effective Decode Throughput Per User,tokens/sec/user,p95,6.85
50,1780553388323170560,1780553389323170560,Effective Decode Throughput Per User,tokens/sec/user,p99,6.85
50,1780553388323170560,1780553389323170560,Effective Decode Throughput Per User,tokens/sec/user,std,0.00
50,1780553388323170560,1780553389323170560,Effective Prefill Concurrency,requests,avg,2.44
50,1780553388323170560,1780553389323170560,Effective Prefill Concurrency,requests,min,2.00
50,1780553388323170560,1780553389323170560,Effective Prefill Concurrency,requests,max,3.00
50,1780553388323170560,1780553389323170560,Effective Prefill Concurrency,requests,p50,2.00
50,1780553388323170560,1780553389323170560,Effective Prefill Concurrency,requests,p90,3.00
50,1780553388323170560,1780553389323170560,Effective Prefill Concurrency,requests,p95,3.00
50,1780553388323170560,1780553389323170560,Effective Prefill Concurrency,requests,p99,3.00
50,1780553388323170560,1780553389323170560,Effective Prefill Concurrency,requests,std,0.50
50,1780553388323170560,1780553389323170560,Effective Prefill Throughput,tokens/sec,avg,5481.69
50,1780553388323170560,1780553389323170560,Effective Prefill Throughput,tokens/sec,min,4785.78
50,1780553388323170560,1780553389323170560,Effective Prefill Throughput,tokens/sec,max,6374.39
50,1780553388323170560,1780553389323170560,Effective Prefill Throughput,tokens/sec,p50,4785.78
50,1780553388323170560,1780553389323170560,Effective Prefill Throughput,tokens/sec,p90,6374.39
50,1780553388323170560,1780553389323170560,Effective Prefill Throughput,tokens/sec,p95,6374.39
50,1780553388323170560,1780553389323170560,Effective Prefill Throughput,tokens/sec,p99,6374.39
50,1780553388323170560,1780553389323170560,Effective Prefill Throughput,tokens/sec,std,788.19
50,1780553388323170560,1780553389323170560,Effective Prefill Throughput Per User,tokens/sec/user,avg,2275.45
50,1780553388323170560,1780553389323170560,Effective Prefill Throughput Per User,tokens/sec/user,min,2124.80
50,1780553388323170560,1780553389323170560,Effective Prefill Throughput Per User,tokens/sec/user,max,2392.89
50,1780553388323170560,1780553389323170560,Effective Prefill Throughput Per User,tokens/sec/user,p50,2392.89
50,1780553388323170560,1780553389323170560,Effective Prefill Throughput Per User,tokens/sec/user,p90,2392.89
50,1780553388323170560,1780553389323170560,Effective Prefill Throughput Per User,tokens/sec/user,p95,2392.89
50,1780553388323170560,1780553389323170560,Effective Prefill Throughput Per User,tokens/sec/user,p99,2392.89
50,1780553388323170560,1780553389323170560,Effective Prefill Throughput Per User,tokens/sec/user,std,133.01
50,1780553388323170560,1780553389323170560,Effective Total Throughput,tokens/sec,avg,5541.32
50,1780553388323170560,1780553389323170560,Effective Total Throughput,tokens/sec,min,4845.42
50,1780553388323170560,1780553389323170560,Effective Total Throughput,tokens/sec,max,6434.03
50,1780553388323170560,1780553389323170560,Effective Total Throughput,tokens/sec,p50,4845.42
50,1780553388323170560,1780553389323170560,Effective Total Throughput,tokens/sec,p90,6434.03
50,1780553388323170560,1780553389323170560,Effective Total Throughput,tokens/sec,p95,6434.03
50,1780553388323170560,1780553389323170560,Effective Total Throughput,tokens/sec,p99,6434.03
50,1780553388323170560,1780553389323170560,Effective Total Throughput,tokens/sec,std,788.19
50,1780553388323170560,1780553389323170560,HTTP Blocked,ms,avg,0.00
50,1780553388323170560,1780553389323170560,HTTP Blocked,ms,min,0.00
50,1780553388323170560,1780553389323170560,HTTP Blocked,ms,max,0.00
50,1780553388323170560,1780553389323170560,HTTP Blocked,ms,sum,0.00
50,1780553388323170560,1780553389323170560,HTTP Blocked,ms,p1,0.00
50,1780553388323170560,1780553389323170560,HTTP Blocked,ms,p5,0.00
50,1780553388323170560,1780553389323170560,HTTP Blocked,ms,p10,0.00
50,1780553388323170560,1780553389323170560,HTTP Blocked,ms,p25,0.00
50,1780553388323170560,1780553389323170560,HTTP Blocked,ms,p50,0.00
50,1780553388323170560,1780553389323170560,HTTP Blocked,ms,p75,0.00
50,1780553388323170560,1780553389323170560,HTTP Blocked,ms,p90,0.00
50,1780553388323170560,1780553389323170560,HTTP Blocked,ms,p95,0.00
50,1780553388323170560,1780553389323170560,HTTP Blocked,ms,p99,0.00
50,1780553388323170560,1780553389323170560,HTTP Blocked,ms,std,0.00
50,1780553388323170560,1780553389323170560,HTTP Chunks Received,count,avg,188.00
50,1780553388323170560,1780553389323170560,HTTP Chunks Received,count,min,188.00
50,1780553388323170560,1780553389323170560,HTTP Chunks Received,count,max,188.00
50,1780553388323170560,1780553389323170560,HTTP Chunks Received,count,sum,188.00
50,1780553388323170560,1780553389323170560,HTTP Chunks Received,count,p1,188.00
50,1780553388323170560,1780553389323170560,HTTP Chunks Received,count,p5,188.00
50,1780553388323170560,1780553389323170560,HTTP Chunks Received,count,p10,188.00
50,1780553388323170560,1780553389323170560,HTTP Chunks Received,count,p25,188.00
50,1780553388323170560,1780553389323170560,HTTP Chunks Received,count,p50,188.00
50,1780553388323170560,1780553389323170560,HTTP Chunks Received,count,p75,188.00
50,1780553388323170560,1780553389323170560,HTTP Chunks Received,count,p90,188.00
50,1780553388323170560,1780553389323170560,HTTP Chunks Received,count,p95,188.00
50,1780553388323170560,1780553389323170560,HTTP Chunks Received,count,p99,188.00
50,1780553388323170560,1780553389323170560,HTTP Chunks Received,count,std,0.00
50,1780553388323170560,1780553389323170560,HTTP Chunks Sent,count,avg,1.00
50,1780553388323170560,1780553389323170560,HTTP Chunks Sent,count,min,1.00
50,1780553388323170560,1780553389323170560,HTTP Chunks Sent,count,max,1.00
50,1780553388323170560,1780553389323170560,HTTP Chunks Sent,count,sum,1.00
50,1780553388323170560,1780553389323170560,HTTP Chunks Sent,count,p1,1.00
50,1780553388323170560,1780553389323170560,HTTP Chunks Sent,count,p5,1.00
50,1780553388323170560,1780553389323170560,HTTP Chunks Sent,count,p10,1.00
50,1780553388323170560,1780553389323170560,HTTP Chunks Sent,count,p25,1.00
50,1780553388323170560,1780553389323170560,HTTP Chunks Sent,count,p50,1.00
50,1780553388323170560,1780553389323170560,HTTP Chunks Sent,count,p75,1.00
50,1780553388323170560,1780553389323170560,HTTP Chunks Sent,count,p90,1.00
50,1780553388323170560,1780553389323170560,HTTP Chunks Sent,count,p95,1.00
50,1780553388323170560,1780553389323170560,HTTP Chunks Sent,count,p99,1.00
50,1780553388323170560,1780553389323170560,HTTP Chunks Sent,count,std,0.00
50,1780553388323170560,1780553389323170560,HTTP Connecting,ms,avg,0.68
50,1780553388323170560,1780553389323170560,HTTP Connecting,ms,min,0.68
50,1780553388323170560,1780553389323170560,HTTP Connecting,ms,max,0.68
50,1780553388323170560,1780553389323170560,HTTP Connecting,ms,sum,0.68
50,1780553388323170560,1780553389323170560,HTTP Connecting,ms,p1,0.68
50,1780553388323170560,1780553389323170560,HTTP Connecting,ms,p5,0.68
50,1780553388323170560,1780553389323170560,HTTP Connecting,ms,p10,0.68
50,1780553388323170560,1780553389323170560,HTTP Connecting,ms,p25,0.68
50,1780553388323170560,1780553389323170560,HTTP Connecting,ms,p50,0.68
50,1780553388323170560,1780553389323170560,HTTP Connecting,ms,p75,0.68
50,1780553388323170560,1780553389323170560,HTTP Connecting,ms,p90,0.68
50,1780553388323170560,1780553389323170560,HTTP Connecting,ms,p95,0.68
50,1780553388323170560,1780553389323170560,HTTP Connecting,ms,p99,0.68
50,1780553388323170560,1780553389323170560,HTTP Connecting,ms,std,0.00
50,1780553388323170560,1780553389323170560,HTTP Connection Overhead,ms,avg,0.68
50,1780553388323170560,1780553389323170560,HTTP Connection Overhead,ms,min,0.68
50,1780553388323170560,1780553389323170560,HTTP Connection Overhead,ms,max,0.68
50,1780553388323170560,1780553389323170560,HTTP Connection Overhead,ms,sum,0.68
50,1780553388323170560,1780553389323170560,HTTP Connection Overhead,ms,p1,0.68
50,1780553388323170560,1780553389323170560,HTTP Connection Overhead,ms,p5,0.68
50,1780553388323170560,1780553389323170560,HTTP Connection Overhead,ms,p10,0.68
50,1780553388323170560,1780553389323170560,HTTP Connection Overhead,ms,p25,0.68
50,1780553388323170560,1780553389323170560,HTTP Connection Overhead,ms,p50,0.68
50,1780553388323170560,1780553389323170560,HTTP Connection Overhead,ms,p75,0.68
50,1780553388323170560,1780553389323170560,HTTP Connection Overhead,ms,p90,0.68
50,1780553388323170560,1780553389323170560,HTTP Connection Overhead,ms,p95,0.68
50,1780553388323170560,1780553389323170560,HTTP Connection Overhead,ms,p99,0.68
50,1780553388323170560,1780553389323170560,HTTP Connection Overhead,ms,std,0.00
50,1780553388323170560,1780553389323170560,HTTP Connection Reused,ratio,avg,0.00
50,1780553388323170560,1780553389323170560,HTTP Connection Reused,ratio,min,0.00
50,1780553388323170560,1780553389323170560,HTTP Connection Reused,ratio,max,0.00
50,1780553388323170560,1780553389323170560,HTTP Connection Reused,ratio,sum,0.00
50,1780553388323170560,1780553389323170560,HTTP Connection Reused,ratio,p1,0.00
50,1780553388323170560,1780553389323170560,HTTP Connection Reused,ratio,p5,0.00
50,1780553388323170560,1780553389323170560,HTTP Connection Reused,ratio,p10,0.00
50,1780553388323170560,1780553389323170560,HTTP Connection Reused,ratio,p25,0.00
50,1780553388323170560,1780553389323170560,HTTP Connection Reused,ratio,p50,0.00
50,1780553388323170560,1780553389323170560,HTTP Connection Reused,ratio,p75,0.00
50,1780553388323170560,1780553389323170560,HTTP Connection Reused,ratio,p90,0.00
50,1780553388323170560,1780553389323170560,HTTP Connection Reused,ratio,p95,0.00
50,1780553388323170560,1780553389323170560,HTTP Connection Reused,ratio,p99,0.00
50,1780553388323170560,1780553389323170560,HTTP Connection Reused,ratio,std,0.00
50,1780553388323170560,1780553389323170560,HTTP Data Received,KB,avg,47.43
50,1780553388323170560,1780553389323170560,HTTP Data Received,KB,min,47.43
50,1780553388323170560,1780553389323170560,HTTP Data Received,KB,max,47.43
50,1780553388323170560,1780553389323170560,HTTP Data Received,KB,sum,47.43
50,1780553388323170560,1780553389323170560,HTTP Data Received,KB,p1,47.43
50,1780553388323170560,1780553389323170560,HTTP Data Received,KB,p5,47.43
50,1780553388323170560,1780553389323170560,HTTP Data Received,KB,p10,47.43
50,1780553388323170560,1780553389323170560,HTTP Data Received,KB,p25,47.43
50,1780553388323170560,1780553389323170560,HTTP Data Received,KB,p50,47.43
50,1780553388323170560,1780553389323170560,HTTP Data Received,KB,p75,47.43
50,1780553388323170560,1780553389323170560,HTTP Data Received,KB,p90,47.43
50,1780553388323170560,1780553389323170560,HTTP Data Received,KB,p95,47.43
50,1780553388323170560,1780553389323170560,HTTP Data Received,KB,p99,47.43
50,1780553388323170560,1780553389323170560,HTTP Data Received,KB,std,0.00
50,1780553388323170560,1780553389323170560,HTTP Data Sent,KB,avg,330.13
50,1780553388323170560,1780553389323170560,HTTP Data Sent,KB,min,330.13
50,1780553388323170560,1780553389323170560,HTTP Data Sent,KB,max,330.13
50,1780553388323170560,1780553389323170560,HTTP Data Sent,KB,sum,330.13
50,1780553388323170560,1780553389323170560,HTTP Data Sent,KB,p1,330.13
50,1780553388323170560,1780553389323170560,HTTP Data Sent,KB,p5,330.13
50,1780553388323170560,1780553389323170560,HTTP Data Sent,KB,p10,330.13
50,1780553388323170560,1780553389323170560,HTTP Data Sent,KB,p25,330.13
50,1780553388323170560,1780553389323170560,HTTP Data Sent,KB,p50,330.13
50,1780553388323170560,1780553389323170560,HTTP Data Sent,KB,p75,330.13
50,1780553388323170560,1780553389323170560,HTTP Data Sent,KB,p90,330.13
50,1780553388323170560,1780553389323170560,HTTP Data Sent,KB,p95,330.13
50,1780553388323170560,1780553389323170560,HTTP Data Sent,KB,p99,330.13
50,1780553388323170560,1780553389323170560,HTTP Data Sent,KB,std,0.00
50,1780553388323170560,1780553389323170560,HTTP DNS Lookup,ms,avg,0.00
50,1780553388323170560,1780553389323170560,HTTP DNS Lookup,ms,min,0.00
50,1780553388323170560,1780553389323170560,HTTP DNS Lookup,ms,max,0.00
50,1780553388323170560,1780553389323170560,HTTP DNS Lookup,ms,sum,0.00
50,1780553388323170560,1780553389323170560,HTTP DNS Lookup,ms,p1,0.00
50,1780553388323170560,1780553389323170560,HTTP DNS Lookup,ms,p5,0.00
50,1780553388323170560,1780553389323170560,HTTP DNS Lookup,ms,p10,0.00
50,1780553388323170560,1780553389323170560,HTTP DNS Lookup,ms,p25,0.00
50,1780553388323170560,1780553389323170560,HTTP DNS Lookup,ms,p50,0.00
50,1780553388323170560,1780553389323170560,HTTP DNS Lookup,ms,p75,0.00
50,1780553388323170560,1780553389323170560,HTTP DNS Lookup,ms,p90,0.00
50,1780553388323170560,1780553389323170560,HTTP DNS Lookup,ms,p95,0.00
50,1780553388323170560,1780553389323170560,HTTP DNS Lookup,ms,p99,0.00
50,1780553388323170560,1780553389323170560,HTTP DNS Lookup,ms,std,0.00
50,1780553388323170560,1780553389323170560,HTTP Duration (excl. conn),ms,avg,86731.79
50,1780553388323170560,1780553389323170560,HTTP Duration (excl. conn),ms,min,86731.79
50,1780553388323170560,1780553389323170560,HTTP Duration (excl. conn),ms,max,86731.79
50,1780553388323170560,1780553389323170560,HTTP Duration (excl. conn),ms,sum,86731.79
50,1780553388323170560,1780553389323170560,HTTP Duration (excl. conn),ms,p1,86731.79
50,1780553388323170560,1780553389323170560,HTTP Duration (excl. conn),ms,p5,86731.79
50,1780553388323170560,1780553389323170560,HTTP Duration (excl. conn),ms,p10,86731.79
50,1780553388323170560,1780553389323170560,HTTP Duration (excl. conn),ms,p25,86731.79
50,1780553388323170560,1780553389323170560,HTTP Duration (excl. conn),ms,p50,86731.79
50,1780553388323170560,1780553389323170560,HTTP Duration (excl. conn),ms,p75,86731.79
50,1780553388323170560,1780553389323170560,HTTP Duration (excl. conn),ms,p90,86731.79
50,1780553388323170560,1780553389323170560,HTTP Duration (excl. conn),ms,p95,86731.79
50,1780553388323170560,1780553389323170560,HTTP Duration (excl. conn),ms,p99,86731.79
50,1780553388323170560,1780553389323170560,HTTP Duration (excl. conn),ms,std,0.00
50,1780553388323170560,1780553389323170560,HTTP Receiving,ms,avg,32990.03
50,1780553388323170560,1780553389323170560,HTTP Receiving,ms,min,32990.03
50,1780553388323170560,1780553389323170560,HTTP Receiving,ms,max,32990.03
50,1780553388323170560,1780553389323170560,HTTP Receiving,ms,sum,32990.03
50,1780553388323170560,1780553389323170560,HTTP Receiving,ms,p1,32990.03
50,1780553388323170560,1780553389323170560,HTTP Receiving,ms,p5,32990.03
50,1780553388323170560,1780553389323170560,HTTP Receiving,ms,p10,32990.03
50,1780553388323170560,1780553389323170560,HTTP Receiving,ms,p25,32990.03
50,1780553388323170560,1780553389323170560,HTTP Receiving,ms,p50,32990.03
50,1780553388323170560,1780553389323170560,HTTP Receiving,ms,p75,32990.03
50,1780553388323170560,1780553389323170560,HTTP Receiving,ms,p90,32990.03
50,1780553388323170560,1780553389323170560,HTTP Receiving,ms,p95,32990.03
50,1780553388323170560,1780553389323170560,HTTP Receiving,ms,p99,32990.03
50,1780553388323170560,1780553389323170560,HTTP Receiving,ms,std,0.00
50,1780553388323170560,1780553389323170560,HTTP Sending,ms,avg,0.95
50,1780553388323170560,1780553389323170560,HTTP Sending,ms,min,0.95
50,1780553388323170560,1780553389323170560,HTTP Sending,ms,max,0.95
50,1780553388323170560,1780553389323170560,HTTP Sending,ms,sum,0.95
50,1780553388323170560,1780553389323170560,HTTP Sending,ms,p1,0.95
50,1780553388323170560,1780553389323170560,HTTP Sending,ms,p5,0.95
50,1780553388323170560,1780553389323170560,HTTP Sending,ms,p10,0.95
50,1780553388323170560,1780553389323170560,HTTP Sending,ms,p25,0.95
50,1780553388323170560,1780553389323170560,HTTP Sending,ms,p50,0.95
50,1780553388323170560,1780553389323170560,HTTP Sending,ms,p75,0.95
50,1780553388323170560,1780553389323170560,HTTP Sending,ms,p90,0.95
50,1780553388323170560,1780553389323170560,HTTP Sending,ms,p95,0.95
50,1780553388323170560,1780553389323170560,HTTP Sending,ms,p99,0.95
50,1780553388323170560,1780553389323170560,HTTP Sending,ms,std,0.00
50,1780553388323170560,1780553389323170560,HTTP Total Time,ms,avg,86732.47
50,1780553388323170560,1780553389323170560,HTTP Total Time,ms,min,86732.47
50,1780553388323170560,1780553389323170560,HTTP Total Time,ms,max,86732.47
50,1780553388323170560,1780553389323170560,HTTP Total Time,ms,sum,86732.47
50,1780553388323170560,1780553389323170560,HTTP Total Time,ms,p1,86732.47
50,1780553388323170560,1780553389323170560,HTTP Total Time,ms,p5,86732.47
50,1780553388323170560,1780553389323170560,HTTP Total Time,ms,p10,86732.47
50,1780553388323170560,1780553389323170560,HTTP Total Time,ms,p25,86732.47
50,1780553388323170560,1780553389323170560,HTTP Total Time,ms,p50,86732.47
50,1780553388323170560,1780553389323170560,HTTP Total Time,ms,p75,86732.47
50,1780553388323170560,1780553389323170560,HTTP Total Time,ms,p90,86732.47
50,1780553388323170560,1780553389323170560,HTTP Total Time,ms,p95,86732.47
50,1780553388323170560,1780553389323170560,HTTP Total Time,ms,p99,86732.47
50,1780553388323170560,1780553389323170560,HTTP Total Time,ms,std,0.00
50,1780553388323170560,1780553389323170560,HTTP Waiting (TTFB),ms,avg,53740.81
50,1780553388323170560,1780553389323170560,HTTP Waiting (TTFB),ms,min,53740.81
50,1780553388323170560,1780553389323170560,HTTP Waiting (TTFB),ms,max,53740.81
50,1780553388323170560,1780553389323170560,HTTP Waiting (TTFB),ms,sum,53740.81
50,1780553388323170560,1780553389323170560,HTTP Waiting (TTFB),ms,p1,53740.81
50,1780553388323170560,1780553389323170560,HTTP Waiting (TTFB),ms,p5,53740.81
50,1780553388323170560,1780553389323170560,HTTP Waiting (TTFB),ms,p10,53740.81
50,1780553388323170560,1780553389323170560,HTTP Waiting (TTFB),ms,p25,53740.81
50,1780553388323170560,1780553389323170560,HTTP Waiting (TTFB),ms,p50,53740.81
50,1780553388323170560,1780553389323170560,HTTP Waiting (TTFB),ms,p75,53740.81
50,1780553388323170560,1780553389323170560,HTTP Waiting (TTFB),ms,p90,53740.81
50,1780553388323170560,1780553389323170560,HTTP Waiting (TTFB),ms,p95,53740.81
50,1780553388323170560,1780553389323170560,HTTP Waiting (TTFB),ms,p99,53740.81
50,1780553388323170560,1780553389323170560,HTTP Waiting (TTFB),ms,std,0.00
50,1780553388323170560,1780553389323170560,Input Sequence Length,tokens,avg,85375.00
50,1780553388323170560,1780553389323170560,Input Sequence Length,tokens,min,85375.00
50,1780553388323170560,1780553389323170560,Input Sequence Length,tokens,max,85375.00
50,1780553388323170560,1780553389323170560,Input Sequence Length,tokens,sum,85375.00
50,1780553388323170560,1780553389323170560,Input Sequence Length,tokens,p1,85375.00
50,1780553388323170560,1780553389323170560,Input Sequence Length,tokens,p5,85375.00
50,1780553388323170560,1780553389323170560,Input Sequence Length,tokens,p10,85375.00
50,1780553388323170560,1780553389323170560,Input Sequence Length,tokens,p25,85375.00
50,1780553388323170560,1780553389323170560,Input Sequence Length,tokens,p50,85375.00
50,1780553388323170560,1780553389323170560,Input Sequence Length,tokens,p75,85375.00
50,1780553388323170560,1780553389323170560,Input Sequence Length,tokens,p90,85375.00
50,1780553388323170560,1780553389323170560,Input Sequence Length,tokens,p95,85375.00
50,1780553388323170560,1780553389323170560,Input Sequence Length,tokens,p99,85375.00
50,1780553388323170560,1780553389323170560,Input Sequence Length,tokens,std,0.00
50,1780553388323170560,1780553389323170560,Input Token Throughput,tokens/sec,avg,85375.00
50,1780553388323170560,1780553389323170560,Inter Chunk Latency,ms,avg,65.78
50,1780553388323170560,1780553389323170560,Inter Chunk Latency,ms,min,65.77
50,1780553388323170560,1780553389323170560,Inter Chunk Latency,ms,max,65.79
50,1780553388323170560,1780553389323170560,Inter Chunk Latency,ms,sum,12301.50
50,1780553388323170560,1780553389323170560,Inter Chunk Latency,ms,p1,65.77
50,1780553388323170560,1780553389323170560,Inter Chunk Latency,ms,p5,65.77
50,1780553388323170560,1780553389323170560,Inter Chunk Latency,ms,p10,65.78
50,1780553388323170560,1780553389323170560,Inter Chunk Latency,ms,p25,65.78
50,1780553388323170560,1780553389323170560,Inter Chunk Latency,ms,p50,65.78
50,1780553388323170560,1780553389323170560,Inter Chunk Latency,ms,p75,65.79
50,1780553388323170560,1780553389323170560,Inter Chunk Latency,ms,p90,65.79
50,1780553388323170560,1780553389323170560,Inter Chunk Latency,ms,p95,65.79
50,1780553388323170560,1780553389323170560,Inter Chunk Latency,ms,p99,65.79
50,1780553388323170560,1780553389323170560,Inter Chunk Latency,ms,std,0.01
50,1780553388323170560,1780553389323170560,Inter Token Latency,ms,avg,176.42
50,1780553388323170560,1780553389323170560,Inter Token Latency,ms,min,176.42
50,1780553388323170560,1780553389323170560,Inter Token Latency,ms,max,176.42
50,1780553388323170560,1780553389323170560,Inter Token Latency,ms,sum,176.42
50,1780553388323170560,1780553389323170560,Inter Token Latency,ms,p1,176.42
50,1780553388323170560,1780553389323170560,Inter Token Latency,ms,p5,176.42
50,1780553388323170560,1780553389323170560,Inter Token Latency,ms,p10,176.42
50,1780553388323170560,1780553389323170560,Inter Token Latency,ms,p25,176.42
50,1780553388323170560,1780553389323170560,Inter Token Latency,ms,p50,176.42
50,1780553388323170560,1780553389323170560,Inter Token Latency,ms,p75,176.42
50,1780553388323170560,1780553389323170560,Inter Token Latency,ms,p90,176.42
50,1780553388323170560,1780553389323170560,Inter Token Latency,ms,p95,176.42
50,1780553388323170560,1780553389323170560,Inter Token Latency,ms,p99,176.42
50,1780553388323170560,1780553389323170560,Inter Token Latency,ms,std,0.00
50,1780553388323170560,1780553389323170560,Maximum Response Timestamp,ns,avg,1780553475617013248.00
50,1780553388323170560,1780553389323170560,Minimum Request Timestamp,ns,avg,1780553388885110784.00
50,1780553388323170560,1780553389323170560,OSL Mismatch Count,requests,avg,0.00
50,1780553388323170560,1780553389323170560,OSL Mismatch Diff %,%,avg,0.00
50,1780553388323170560,1780553389323170560,OSL Mismatch Diff %,%,min,0.00
50,1780553388323170560,1780553389323170560,OSL Mismatch Diff %,%,max,0.00
50,1780553388323170560,1780553389323170560,OSL Mismatch Diff %,%,sum,0.00
50,1780553388323170560,1780553389323170560,OSL Mismatch Diff %,%,p1,0.00
50,1780553388323170560,1780553389323170560,OSL Mismatch Diff %,%,p5,0.00
50,1780553388323170560,1780553389323170560,OSL Mismatch Diff %,%,p10,0.00
50,1780553388323170560,1780553389323170560,OSL Mismatch Diff %,%,p25,0.00
50,1780553388323170560,1780553389323170560,OSL Mismatch Diff %,%,p50,0.00
50,1780553388323170560,1780553389323170560,OSL Mismatch Diff %,%,p75,0.00
50,1780553388323170560,1780553389323170560,OSL Mismatch Diff %,%,p90,0.00
50,1780553388323170560,1780553389323170560,OSL Mismatch Diff %,%,p95,0.00
50,1780553388323170560,1780553389323170560,OSL Mismatch Diff %,%,p99,0.00
50,1780553388323170560,1780553389323170560,OSL Mismatch Diff %,%,std,0.00
50,1780553388323170560,1780553389323170560,Output Sequence Length,tokens,avg,188.00
50,1780553388323170560,1780553389323170560,Output Sequence Length,tokens,min,188.00
50,1780553388323170560,1780553389323170560,Output Sequence Length,tokens,max,188.00
50,1780553388323170560,1780553389323170560,Output Sequence Length,tokens,sum,188.00
50,1780553388323170560,1780553389323170560,Output Sequence Length,tokens,p1,188.00
50,1780553388323170560,1780553389323170560,Output Sequence Length,tokens,p5,188.00
50,1780553388323170560,1780553389323170560,Output Sequence Length,tokens,p10,188.00
50,1780553388323170560,1780553389323170560,Output Sequence Length,tokens,p25,188.00
50,1780553388323170560,1780553389323170560,Output Sequence Length,tokens,p50,188.00
50,1780553388323170560,1780553389323170560,Output Sequence Length,tokens,p75,188.00
50,1780553388323170560,1780553389323170560,Output Sequence Length,tokens,p90,188.00
50,1780553388323170560,1780553389323170560,Output Sequence Length,tokens,p95,188.00
50,1780553388323170560,1780553389323170560,Output Sequence Length,tokens,p99,188.00
50,1780553388323170560,1780553389323170560,Output Sequence Length,tokens,std,0.00
50,1780553388323170560,1780553389323170560,Output Token Count,tokens,avg,188.00
50,1780553388323170560,1780553389323170560,Output Token Count,tokens,min,188.00
50,1780553388323170560,1780553389323170560,Output Token Count,tokens,max,188.00
50,1780553388323170560,1780553389323170560,Output Token Count,tokens,sum,188.00
50,1780553388323170560,1780553389323170560,Output Token Count,tokens,p1,188.00
50,1780553388323170560,1780553389323170560,Output Token Count,tokens,p5,188.00
50,1780553388323170560,1780553389323170560,Output Token Count,tokens,p10,188.00
50,1780553388323170560,1780553389323170560,Output Token Count,tokens,p25,188.00
50,1780553388323170560,1780553389323170560,Output Token Count,tokens,p50,188.00
50,1780553388323170560,1780553389323170560,Output Token Count,tokens,p75,188.00
50,1780553388323170560,1780553389323170560,Output Token Count,tokens,p90,188.00
50,1780553388323170560,1780553389323170560,Output Token Count,tokens,p95,188.00
50,1780553388323170560,1780553389323170560,Output Token Count,tokens,p99,188.00
50,1780553388323170560,1780553389323170560,Output Token Count,tokens,std,0.00
50,1780553388323170560,1780553389323170560,Output Token Throughput,tokens/sec,avg,188.00
50,1780553388323170560,1780553389323170560,Output Token Throughput Per User,tokens/sec/user,avg,5.67
50,1780553388323170560,1780553389323170560,Output Token Throughput Per User,tokens/sec/user,min,5.67
50,1780553388323170560,1780553389323170560,Output Token Throughput Per User,tokens/sec/user,max,5.67
50,1780553388323170560,1780553389323170560,Output Token Throughput Per User,tokens/sec/user,sum,5.67
50,1780553388323170560,1780553389323170560,Output Token Throughput Per User,tokens/sec/user,p1,5.67
50,1780553388323170560,1780553389323170560,Output Token Throughput Per User,tokens/sec/user,p5,5.67
50,1780553388323170560,1780553389323170560,Output Token Throughput Per User,tokens/sec/user,p10,5.67
50,1780553388323170560,1780553389323170560,Output Token Throughput Per User,tokens/sec/user,p25,5.67
50,1780553388323170560,1780553389323170560,Output Token Throughput Per User,tokens/sec/user,p50,5.67
50,1780553388323170560,1780553389323170560,Output Token Throughput Per User,tokens/sec/user,p75,5.67
50,1780553388323170560,1780553389323170560,Output Token Throughput Per User,tokens/sec/user,p90,5.67
50,1780553388323170560,1780553389323170560,Output Token Throughput Per User,tokens/sec/user,p95,5.67
50,1780553388323170560,1780553389323170560,Output Token Throughput Per User,tokens/sec/user,p99,5.67
50,1780553388323170560,1780553389323170560,Output Token Throughput Per User,tokens/sec/user,std,0.00
50,1780553388323170560,1780553389323170560,Prefill Throughput Per User,tokens/sec/user,avg,1588.61
50,1780553388323170560,1780553389323170560,Prefill Throughput Per User,tokens/sec/user,min,1588.61
50,1780553388323170560,1780553389323170560,Prefill Throughput Per User,tokens/sec/user,max,1588.61
50,1780553388323170560,1780553389323170560,Prefill Throughput Per User,tokens/sec/user,sum,1588.61
50,1780553388323170560,1780553389323170560,Prefill Throughput Per User,tokens/sec/user,p1,1588.61
50,1780553388323170560,1780553389323170560,Prefill Throughput Per User,tokens/sec/user,p5,1588.61
50,1780553388323170560,1780553389323170560,Prefill Throughput Per User,tokens/sec/user,p10,1588.61
50,1780553388323170560,1780553389323170560,Prefill Throughput Per User,tokens/sec/user,p25,1588.61
50,1780553388323170560,1780553389323170560,Prefill Throughput Per User,tokens/sec/user,p50,1588.61
50,1780553388323170560,1780553389323170560,Prefill Throughput Per User,tokens/sec/user,p75,1588.61
50,1780553388323170560,1780553389323170560,Prefill Throughput Per User,tokens/sec/user,p90,1588.61
50,1780553388323170560,1780553389323170560,Prefill Throughput Per User,tokens/sec/user,p95,1588.61
50,1780553388323170560,1780553389323170560,Prefill Throughput Per User,tokens/sec/user,p99,1588.61
50,1780553388323170560,1780553389323170560,Prefill Throughput Per User,tokens/sec/user,std,0.00
50,1780553388323170560,1780553389323170560,Request Count,requests,avg,1.00
50,1780553388323170560,1780553389323170560,Request Latency,ms,avg,86731.90
50,1780553388323170560,1780553389323170560,Request Latency,ms,min,86731.90
50,1780553388323170560,1780553389323170560,Request Latency,ms,max,86731.90
50,1780553388323170560,1780553389323170560,Request Latency,ms,sum,86731.90
50,1780553388323170560,1780553389323170560,Request Latency,ms,p1,86731.90
50,1780553388323170560,1780553389323170560,Request Latency,ms,p5,86731.90
50,1780553388323170560,1780553389323170560,Request Latency,ms,p10,86731.90
50,1780553388323170560,1780553389323170560,Request Latency,ms,p25,86731.90
50,1780553388323170560,1780553389323170560,Request Latency,ms,p50,86731.90
50,1780553388323170560,1780553389323170560,Request Latency,ms,p75,86731.90
50,1780553388323170560,1780553389323170560,Request Latency,ms,p90,86731.90
50,1780553388323170560,1780553389323170560,Request Latency,ms,p95,86731.90
50,1780553388323170560,1780553389323170560,Request Latency,ms,p99,86731.90
50,1780553388323170560,1780553389323170560,Request Latency,ms,std,0.00
50,1780553388323170560,1780553389323170560,Request Throughput,requests/sec,avg,1.00
50,1780553388323170560,1780553389323170560,Requested OSL,tokens,avg,188.00
50,1780553388323170560,1780553389323170560,Requested OSL,tokens,min,188.00
50,1780553388323170560,1780553389323170560,Requested OSL,tokens,max,188.00
50,1780553388323170560,1780553389323170560,Requested OSL,tokens,sum,188.00
50,1780553388323170560,1780553389323170560,Requested OSL,tokens,p1,188.00
50,1780553388323170560,1780553389323170560,Requested OSL,tokens,p5,188.00
50,1780553388323170560,1780553389323170560,Requested OSL,tokens,p10,188.00
50,1780553388323170560,1780553389323170560,Requested OSL,tokens,p25,188.00
50,1780553388323170560,1780553389323170560,Requested OSL,tokens,p50,188.00
50,1780553388323170560,1780553389323170560,Requested OSL,tokens,p75,188.00
50,1780553388323170560,1780553389323170560,Requested OSL,tokens,p90,188.00
50,1780553388323170560,1780553389323170560,Requested OSL,tokens,p95,188.00
50,1780553388323170560,1780553389323170560,Requested OSL,tokens,p99,188.00
50,1780553388323170560,1780553389323170560,Requested OSL,tokens,std,0.00
50,1780553388323170560,1780553389323170560,Time to First Output Token,ms,avg,53741.89
50,1780553388323170560,1780553389323170560,Time to First Output Token,ms,min,53741.89
50,1780553388323170560,1780553389323170560,Time to First Output Token,ms,max,53741.89
50,1780553388323170560,1780553389323170560,Time to First Output Token,ms,sum,53741.89
50,1780553388323170560,1780553389323170560,Time to First Output Token,ms,p1,53741.89
50,1780553388323170560,1780553389323170560,Time to First Output Token,ms,p5,53741.89
50,1780553388323170560,1780553389323170560,Time to First Output Token,ms,p10,53741.89
50,1780553388323170560,1780553389323170560,Time to First Output Token,ms,p25,53741.89
50,1780553388323170560,1780553389323170560,Time to First Output Token,ms,p50,53741.89
50,1780553388323170560,1780553389323170560,Time to First Output Token,ms,p75,53741.89
50,1780553388323170560,1780553389323170560,Time to First Output Token,ms,p90,53741.89
50,1780553388323170560,1780553389323170560,Time to First Output Token,ms,p95,53741.89
50,1780553388323170560,1780553389323170560,Time to First Output Token,ms,p99,53741.89
50,1780553388323170560,1780553389323170560,Time to First Output Token,ms,std,0.00
50,1780553388323170560,1780553389323170560,Time to First Token,ms,avg,53741.89
50,1780553388323170560,1780553389323170560,Time to First Token,ms,min,53741.89
50,1780553388323170560,1780553389323170560,Time to First Token,ms,max,53741.89
50,1780553388323170560,1780553389323170560,Time to First Token,ms,sum,53741.89
50,1780553388323170560,1780553389323170560,Time to First Token,ms,p1,53741.89
50,1780553388323170560,1780553389323170560,Time to First Token,ms,p5,53741.89
50,1780553388323170560,1780553389323170560,Time to First Token,ms,p10,53741.89
50,1780553388323170560,1780553389323170560,Time to First Token,ms,p25,53741.89
50,1780553388323170560,1780553389323170560,Time to First Token,ms,p50,53741.89
50,1780553388323170560,1780553389323170560,Time to First Token,ms,p75,53741.89
50,1780553388323170560,1780553389323170560,Time to First Token,ms,p90,53741.89
50,1780553388323170560,1780553389323170560,Time to First Token,ms,p95,53741.89
50,1780553388323170560,1780553389323170560,Time to First Token,ms,p99,53741.89
50,1780553388323170560,1780553389323170560,Time to First Token,ms,std,0.00
50,1780553388323170560,1780553389323170560,Time to Second Token,ms,avg,4.29
50,1780553388323170560,1780553389323170560,Time to Second Token,ms,min,4.29
50,1780553388323170560,1780553389323170560,Time to Second Token,ms,max,4.29
50,1780553388323170560,1780553389323170560,Time to Second Token,ms,sum,4.29
50,1780553388323170560,1780553389323170560,Time to Second Token,ms,p1,4.29
50,1780553388323170560,1780553389323170560,Time to Second Token,ms,p5,4.29
50,1780553388323170560,1780553389323170560,Time to Second Token,ms,p10,4.29
50,1780553388323170560,1780553389323170560,Time to Second Token,ms,p25,4.29
50,1780553388323170560,1780553389323170560,Time to Second Token,ms,p50,4.29
50,1780553388323170560,1780553389323170560,Time to Second Token,ms,p75,4.29
50,1780553388323170560,1780553389323170560,Time to Second Token,ms,p90,4.29
50,1780553388323170560,1780553389323170560,Time to Second Token,ms,p95,4.29
50,1780553388323170560,1780553389323170560,Time to Second Token,ms,p99,4.29
50,1780553388323170560,1780553389323170560,Time to Second Token,ms,std,0.00
50,1780553388323170560,1780553389323170560,Tokens In Flight,tokens,avg,1527886.53
50,1780553388323170560,1780553389323170560,Tokens In Flight,tokens,min,1490453.33
50,1780553388323170560,1780553389323170560,Tokens In Flight,tokens,max,1575897.65
50,1780553388323170560,1780553389323170560,Tokens In Flight,tokens,p50,1490486.48
50,1780553388323170560,1780553389323170560,Tokens In Flight,tokens,p90,1575888.60
50,1780553388323170560,1780553389323170560,Tokens In Flight,tokens,p95,1575893.12
50,1780553388323170560,1780553389323170560,Tokens In Flight,tokens,p99,1575896.13
50,1780553388323170560,1780553389323170560,Tokens In Flight,tokens,std,42375.64
50,1780553388323170560,1780553389323170560,Total Input Sequence Length,tokens,avg,85375.00
50,1780553388323170560,1780553389323170560,Total Output Sequence Length,tokens,avg,188.00
50,1780553388323170560,1780553389323170560,Total Output Tokens,tokens,avg,188.00
50,1780553388323170560,1780553389323170560,Total Token Throughput,tokens/sec,avg,85563.00
50,1780553388323170560,1780553389323170560,Total Usage Completion Tokens,tokens,avg,188.00
50,1780553388323170560,1780553389323170560,Total Usage Prompt Tokens,tokens,avg,85375.00
50,1780553388323170560,1780553389323170560,Total Usage Total Tokens,tokens,avg,85563.00
50,1780553388323170560,1780553389323170560,Usage Completion Tokens,tokens,avg,188.00
50,1780553388323170560,1780553389323170560,Usage Completion Tokens,tokens,min,188.00
50,1780553388323170560,1780553389323170560,Usage Completion Tokens,tokens,max,188.00
50,1780553388323170560,1780553389323170560,Usage Completion Tokens,tokens,sum,188.00
50,1780553388323170560,1780553389323170560,Usage Completion Tokens,tokens,p1,188.00
50,1780553388323170560,1780553389323170560,Usage Completion Tokens,tokens,p5,188.00
50,1780553388323170560,1780553389323170560,Usage Completion Tokens,tokens,p10,188.00
50,1780553388323170560,1780553389323170560,Usage Completion Tokens,tokens,p25,188.00
50,1780553388323170560,1780553389323170560,Usage Completion Tokens,tokens,p50,188.00
50,1780553388323170560,1780553389323170560,Usage Completion Tokens,tokens,p75,188.00
50,1780553388323170560,1780553389323170560,Usage Completion Tokens,tokens,p90,188.00
50,1780553388323170560,1780553389323170560,Usage Completion Tokens,tokens,p95,188.00
50,1780553388323170560,1780553389323170560,Usage Completion Tokens,tokens,p99,188.00
50,1780553388323170560,1780553389323170560,Usage Completion Tokens,tokens,std,0.00
50,1780553388323170560,1780553389323170560,Usage Prompt Tokens,tokens,avg,85375.00
50,1780553388323170560,1780553389323170560,Usage Prompt Tokens,tokens,min,85375.00
50,1780553388323170560,1780553389323170560,Usage Prompt Tokens,tokens,max,85375.00
50,1780553388323170560,1780553389323170560,Usage Prompt Tokens,tokens,sum,85375.00
50,1780553388323170560,1780553389323170560,Usage Prompt Tokens,tokens,p1,85375.00
50,1780553388323170560,1780553389323170560,Usage Prompt Tokens,tokens,p5,85375.00
50,1780553388323170560,1780553389323170560,Usage Prompt Tokens,tokens,p10,85375.00
50,1780553388323170560,1780553389323170560,Usage Prompt Tokens,tokens,p25,85375.00
50,1780553388323170560,1780553389323170560,Usage Prompt Tokens,tokens,p50,85375.00
50,1780553388323170560,1780553389323170560,Usage Prompt Tokens,tokens,p75,85375.00
50,1780553388323170560,1780553389323170560,Usage Prompt Tokens,tokens,p90,85375.00
50,1780553388323170560,1780553389323170560,Usage Prompt Tokens,tokens,p95,85375.00
50,1780553388323170560,1780553389323170560,Usage Prompt Tokens,tokens,p99,85375.00
50,1780553388323170560,1780553389323170560,Usage Prompt Tokens,tokens,std,0.00
50,1780553388323170560,1780553389323170560,Usage Total Tokens,tokens,avg,85563.00
50,1780553388323170560,1780553389323170560,Usage Total Tokens,tokens,min,85563.00
50,1780553388323170560,1780553389323170560,Usage Total Tokens,tokens,max,85563.00
50,1780553388323170560,1780553389323170560,Usage Total Tokens,tokens,sum,85563.00
50,1780553388323170560,1780553389323170560,Usage Total Tokens,tokens,p1,85563.00
50,1780553388323170560,1780553389323170560,Usage Total Tokens,tokens,p5,85563.00
50,1780553388323170560,1780553389323170560,Usage Total Tokens,tokens,p10,85563.00
50,1780553388323170560,1780553389323170560,Usage Total Tokens,tokens,p25,85563.00
50,1780553388323170560,1780553389323170560,Usage Total Tokens,tokens,p50,85563.00
50,1780553388323170560,1780553389323170560,Usage Total Tokens,tokens,p75,85563.00
50,1780553388323170560,1780553389323170560,Usage Total Tokens,tokens,p90,85563.00
50,1780553388323170560,1780553389323170560,Usage Total Tokens,tokens,p95,85563.00
50,1780553388323170560,1780553389323170560,Usage Total Tokens,tokens,p99,85563.00
50,1780553388323170560,1780553389323170560,Usage Total Tokens,tokens,std,0.00
51,1780553390323170560,1780553391323170560,Active Decode Throughput,tokens/sec,avg,45.59
51,1780553390323170560,1780553391323170560,Active Decode Throughput,tokens/sec,min,30.18
51,1780553390323170560,1780553391323170560,Active Decode Throughput,tokens/sec,max,61.00
51,1780553390323170560,1780553391323170560,Active Decode Throughput,tokens/sec,p50,45.59
51,1780553390323170560,1780553391323170560,Active Decode Throughput,tokens/sec,p90,45.59
51,1780553390323170560,1780553391323170560,Active Decode Throughput,tokens/sec,p95,45.59
51,1780553390323170560,1780553391323170560,Active Decode Throughput,tokens/sec,p99,45.59
51,1780553390323170560,1780553391323170560,Active Decode Throughput,tokens/sec,std,0.03
51,1780553390323170560,1780553391323170560,Active Decode Throughput Per User,tokens/sec/user,avg,4.56
51,1780553390323170560,1780553391323170560,Active Decode Throughput Per User,tokens/sec/user,min,3.02
51,1780553390323170560,1780553391323170560,Active Decode Throughput Per User,tokens/sec/user,max,6.10
51,1780553390323170560,1780553391323170560,Active Decode Throughput Per User,tokens/sec/user,p50,4.56
51,1780553390323170560,1780553391323170560,Active Decode Throughput Per User,tokens/sec/user,p90,4.56
51,1780553390323170560,1780553391323170560,Active Decode Throughput Per User,tokens/sec/user,p95,4.56
51,1780553390323170560,1780553391323170560,Active Decode Throughput Per User,tokens/sec/user,p99,4.56
51,1780553390323170560,1780553391323170560,Active Decode Throughput Per User,tokens/sec/user,std,0.00
51,1780553390323170560,1780553391323170560,Active Prefill Throughput,tokens/sec,avg,6764.42
51,1780553390323170560,1780553391323170560,Active Prefill Throughput,tokens/sec,min,6374.39
51,1780553390323170560,1780553391323170560,Active Prefill Throughput,tokens/sec,max,7246.58
51,1780553390323170560,1780553391323170560,Active Prefill Throughput,tokens/sec,p50,6374.39
51,1780553390323170560,1780553391323170560,Active Prefill Throughput,tokens/sec,p90,7246.58
51,1780553390323170560,1780553391323170560,Active Prefill Throughput,tokens/sec,p95,7246.58
51,1780553390323170560,1780553391323170560,Active Prefill Throughput,tokens/sec,p99,7246.58
51,1780553390323170560,1780553391323170560,Active Prefill Throughput,tokens/sec,std,433.66
51,1780553390323170560,1780553391323170560,Active Prefill Throughput Per User,tokens/sec/user,avg,1984.76
51,1780553390323170560,1780553391323170560,Active Prefill Throughput Per User,tokens/sec/user,min,1811.65
51,1780553390323170560,1780553391323170560,Active Prefill Throughput Per User,tokens/sec/user,max,2124.80
51,1780553390323170560,1780553391323170560,Active Prefill Throughput Per User,tokens/sec/user,p50,2124.80
51,1780553390323170560,1780553391323170560,Active Prefill Throughput Per User,tokens/sec/user,p90,2124.80
51,1780553390323170560,1780553391323170560,Active Prefill Throughput Per User,tokens/sec/user,p95,2124.80
51,1780553390323170560,1780553391323170560,Active Prefill Throughput Per User,tokens/sec/user,p99,2124.80
51,1780553390323170560,1780553391323170560,Active Prefill Throughput Per User,tokens/sec/user,std,155.70
51,1780553390323170560,1780553391323170560,Active Total Throughput,tokens/sec,avg,6824.06
51,1780553390323170560,1780553391323170560,Active Total Throughput,tokens/sec,min,6434.03
51,1780553390323170560,1780553391323170560,Active Total Throughput,tokens/sec,max,7306.22
51,1780553390323170560,1780553391323170560,Active Total Throughput,tokens/sec,p50,6434.03
51,1780553390323170560,1780553391323170560,Active Total Throughput,tokens/sec,p90,7306.22
51,1780553390323170560,1780553391323170560,Active Total Throughput,tokens/sec,p95,7306.22
51,1780553390323170560,1780553391323170560,Active Total Throughput,tokens/sec,p99,7306.22
51,1780553390323170560,1780553391323170560,Active Total Throughput,tokens/sec,std,433.66
51,1780553390323170560,1780553391323170560,Benchmark Duration,sec,avg,111.04
51,1780553390323170560,1780553391323170560,E2E Output Token Throughput,tokens/sec/user,avg,3.13
51,1780553390323170560,1780553391323170560,E2E Output Token Throughput,tokens/sec/user,min,3.13
51,1780553390323170560,1780553391323170560,E2E Output Token Throughput,tokens/sec/user,max,3.13
51,1780553390323170560,1780553391323170560,E2E Output Token Throughput,tokens/sec/user,sum,3.13
51,1780553390323170560,1780553391323170560,E2E Output Token Throughput,tokens/sec/user,p1,3.13
51,1780553390323170560,1780553391323170560,E2E Output Token Throughput,tokens/sec/user,p5,3.13
51,1780553390323170560,1780553391323170560,E2E Output Token Throughput,tokens/sec/user,p10,3.13
51,1780553390323170560,1780553391323170560,E2E Output Token Throughput,tokens/sec/user,p25,3.13
51,1780553390323170560,1780553391323170560,E2E Output Token Throughput,tokens/sec/user,p50,3.13
51,1780553390323170560,1780553391323170560,E2E Output Token Throughput,tokens/sec/user,p75,3.13
51,1780553390323170560,1780553391323170560,E2E Output Token Throughput,tokens/sec/user,p90,3.13
51,1780553390323170560,1780553391323170560,E2E Output Token Throughput,tokens/sec/user,p95,3.13
51,1780553390323170560,1780553391323170560,E2E Output Token Throughput,tokens/sec/user,p99,3.13
51,1780553390323170560,1780553391323170560,E2E Output Token Throughput,tokens/sec/user,std,0.00
51,1780553390323170560,1780553391323170560,Effective Concurrency,requests,avg,13.45
51,1780553390323170560,1780553391323170560,Effective Concurrency,requests,min,13.00
51,1780553390323170560,1780553391323170560,Effective Concurrency,requests,max,14.00
51,1780553390323170560,1780553391323170560,Effective Concurrency,requests,p50,13.00
51,1780553390323170560,1780553391323170560,Effective Concurrency,requests,p90,14.00
51,1780553390323170560,1780553391323170560,Effective Concurrency,requests,p95,14.00
51,1780553390323170560,1780553391323170560,Effective Concurrency,requests,p99,14.00
51,1780553390323170560,1780553391323170560,Effective Concurrency,requests,std,0.50
51,1780553390323170560,1780553391323170560,Effective Decode Concurrency,requests,avg,10.00
51,1780553390323170560,1780553391323170560,Effective Decode Concurrency,requests,min,10.00
51,1780553390323170560,1780553391323170560,Effective Decode Concurrency,requests,max,10.00
51,1780553390323170560,1780553391323170560,Effective Decode Concurrency,requests,p50,10.00
51,1780553390323170560,1780553391323170560,Effective Decode Concurrency,requests,p90,10.00
51,1780553390323170560,1780553391323170560,Effective Decode Concurrency,requests,p95,10.00
51,1780553390323170560,1780553391323170560,Effective Decode Concurrency,requests,p99,10.00
51,1780553390323170560,1780553391323170560,Effective Decode Concurrency,requests,std,0.00
51,1780553390323170560,1780553391323170560,Effective Decode Throughput,tokens/sec,avg,45.59
51,1780553390323170560,1780553391323170560,Effective Decode Throughput,tokens/sec,min,30.18
51,1780553390323170560,1780553391323170560,Effective Decode Throughput,tokens/sec,max,61.00
51,1780553390323170560,1780553391323170560,Effective Decode Throughput,tokens/sec,p50,45.59
51,1780553390323170560,1780553391323170560,Effective Decode Throughput,tokens/sec,p90,45.59
51,1780553390323170560,1780553391323170560,Effective Decode Throughput,tokens/sec,p95,45.59
51,1780553390323170560,1780553391323170560,Effective Decode Throughput,tokens/sec,p99,45.59
51,1780553390323170560,1780553391323170560,Effective Decode Throughput,tokens/sec,std,0.03
51,1780553390323170560,1780553391323170560,Effective Decode Throughput Per User,tokens/sec/user,avg,4.56
51,1780553390323170560,1780553391323170560,Effective Decode Throughput Per User,tokens/sec/user,min,3.02
51,1780553390323170560,1780553391323170560,Effective Decode Throughput Per User,tokens/sec/user,max,6.10
51,1780553390323170560,1780553391323170560,Effective Decode Throughput Per User,tokens/sec/user,p50,4.56
51,1780553390323170560,1780553391323170560,Effective Decode Throughput Per User,tokens/sec/user,p90,4.56
51,1780553390323170560,1780553391323170560,Effective Decode Throughput Per User,tokens/sec/user,p95,4.56
51,1780553390323170560,1780553391323170560,Effective Decode Throughput Per User,tokens/sec/user,p99,4.56
51,1780553390323170560,1780553391323170560,Effective Decode Throughput Per User,tokens/sec/user,std,0.00
51,1780553390323170560,1780553391323170560,Effective Prefill Concurrency,requests,avg,3.45
51,1780553390323170560,1780553391323170560,Effective Prefill Concurrency,requests,min,3.00
51,1780553390323170560,1780553391323170560,Effective Prefill Concurrency,requests,max,4.00
51,1780553390323170560,1780553391323170560,Effective Prefill Concurrency,requests,p50,3.00
51,1780553390323170560,1780553391323170560,Effective Prefill Concurrency,requests,p90,4.00
51,1780553390323170560,1780553391323170560,Effective Prefill Concurrency,requests,p95,4.00
51,1780553390323170560,1780553391323170560,Effective Prefill Concurrency,requests,p99,4.00
51,1780553390323170560,1780553391323170560,Effective Prefill Concurrency,requests,std,0.50
51,1780553390323170560,1780553391323170560,Effective Prefill Throughput,tokens/sec,avg,6764.42
51,1780553390323170560,1780553391323170560,Effective Prefill Throughput,tokens/sec,min,6374.39
51,1780553390323170560,1780553391323170560,Effective Prefill Throughput,tokens/sec,max,7246.58
51,1780553390323170560,1780553391323170560,Effective Prefill Throughput,tokens/sec,p50,6374.39
51,1780553390323170560,1780553391323170560,Effective Prefill Throughput,tokens/sec,p90,7246.58
51,1780553390323170560,1780553391323170560,Effective Prefill Throughput,tokens/sec,p95,7246.58
51,1780553390323170560,1780553391323170560,Effective Prefill Throughput,tokens/sec,p99,7246.58
51,1780553390323170560,1780553391323170560,Effective Prefill Throughput,tokens/sec,std,433.66
51,1780553390323170560,1780553391323170560,Effective Prefill Throughput Per User,tokens/sec/user,avg,1984.76
51,1780553390323170560,1780553391323170560,Effective Prefill Throughput Per User,tokens/sec/user,min,1811.65
51,1780553390323170560,1780553391323170560,Effective Prefill Throughput Per User,tokens/sec/user,max,2124.80
51,1780553390323170560,1780553391323170560,Effective Prefill Throughput Per User,tokens/sec/user,p50,2124.80
51,1780553390323170560,1780553391323170560,Effective Prefill Throughput Per User,tokens/sec/user,p90,2124.80
51,1780553390323170560,1780553391323170560,Effective Prefill Throughput Per User,tokens/sec/user,p95,2124.80
51,1780553390323170560,1780553391323170560,Effective Prefill Throughput Per User,tokens/sec/user,p99,2124.80
51,1780553390323170560,1780553391323170560,Effective Prefill Throughput Per User,tokens/sec/user,std,155.70
51,1780553390323170560,1780553391323170560,Effective Total Throughput,tokens/sec,avg,6824.06
51,1780553390323170560,1780553391323170560,Effective Total Throughput,tokens/sec,min,6434.03
51,1780553390323170560,1780553391323170560,Effective Total Throughput,tokens/sec,max,7306.22
51,1780553390323170560,1780553391323170560,Effective Total Throughput,tokens/sec,p50,6434.03
51,1780553390323170560,1780553391323170560,Effective Total Throughput,tokens/sec,p90,7306.22
51,1780553390323170560,1780553391323170560,Effective Total Throughput,tokens/sec,p95,7306.22
51,1780553390323170560,1780553391323170560,Effective Total Throughput,tokens/sec,p99,7306.22
51,1780553390323170560,1780553391323170560,Effective Total Throughput,tokens/sec,std,433.66
51,1780553390323170560,1780553391323170560,HTTP Blocked,ms,avg,0.00
51,1780553390323170560,1780553391323170560,HTTP Blocked,ms,min,0.00
51,1780553390323170560,1780553391323170560,HTTP Blocked,ms,max,0.00
51,1780553390323170560,1780553391323170560,HTTP Blocked,ms,sum,0.00
51,1780553390323170560,1780553391323170560,HTTP Blocked,ms,p1,0.00
51,1780553390323170560,1780553391323170560,HTTP Blocked,ms,p5,0.00
51,1780553390323170560,1780553391323170560,HTTP Blocked,ms,p10,0.00
51,1780553390323170560,1780553391323170560,HTTP Blocked,ms,p25,0.00
51,1780553390323170560,1780553391323170560,HTTP Blocked,ms,p50,0.00
51,1780553390323170560,1780553391323170560,HTTP Blocked,ms,p75,0.00
51,1780553390323170560,1780553391323170560,HTTP Blocked,ms,p90,0.00
51,1780553390323170560,1780553391323170560,HTTP Blocked,ms,p95,0.00
51,1780553390323170560,1780553391323170560,HTTP Blocked,ms,p99,0.00
51,1780553390323170560,1780553391323170560,HTTP Blocked,ms,std,0.00
51,1780553390323170560,1780553391323170560,HTTP Chunks Received,count,avg,348.00
51,1780553390323170560,1780553391323170560,HTTP Chunks Received,count,min,348.00
51,1780553390323170560,1780553391323170560,HTTP Chunks Received,count,max,348.00
51,1780553390323170560,1780553391323170560,HTTP Chunks Received,count,sum,348.00
51,1780553390323170560,1780553391323170560,HTTP Chunks Received,count,p1,348.00
51,1780553390323170560,1780553391323170560,HTTP Chunks Received,count,p5,348.00
51,1780553390323170560,1780553391323170560,HTTP Chunks Received,count,p10,348.00
51,1780553390323170560,1780553391323170560,HTTP Chunks Received,count,p25,348.00
51,1780553390323170560,1780553391323170560,HTTP Chunks Received,count,p50,348.00
51,1780553390323170560,1780553391323170560,HTTP Chunks Received,count,p75,348.00
51,1780553390323170560,1780553391323170560,HTTP Chunks Received,count,p90,348.00
51,1780553390323170560,1780553391323170560,HTTP Chunks Received,count,p95,348.00
51,1780553390323170560,1780553391323170560,HTTP Chunks Received,count,p99,348.00
51,1780553390323170560,1780553391323170560,HTTP Chunks Received,count,std,0.00
51,1780553390323170560,1780553391323170560,HTTP Chunks Sent,count,avg,1.00
51,1780553390323170560,1780553391323170560,HTTP Chunks Sent,count,min,1.00
51,1780553390323170560,1780553391323170560,HTTP Chunks Sent,count,max,1.00
51,1780553390323170560,1780553391323170560,HTTP Chunks Sent,count,sum,1.00
51,1780553390323170560,1780553391323170560,HTTP Chunks Sent,count,p1,1.00
51,1780553390323170560,1780553391323170560,HTTP Chunks Sent,count,p5,1.00
51,1780553390323170560,1780553391323170560,HTTP Chunks Sent,count,p10,1.00
51,1780553390323170560,1780553391323170560,HTTP Chunks Sent,count,p25,1.00
51,1780553390323170560,1780553391323170560,HTTP Chunks Sent,count,p50,1.00
51,1780553390323170560,1780553391323170560,HTTP Chunks Sent,count,p75,1.00
51,1780553390323170560,1780553391323170560,HTTP Chunks Sent,count,p90,1.00
51,1780553390323170560,1780553391323170560,HTTP Chunks Sent,count,p95,1.00
51,1780553390323170560,1780553391323170560,HTTP Chunks Sent,count,p99,1.00
51,1780553390323170560,1780553391323170560,HTTP Chunks Sent,count,std,0.00
51,1780553390323170560,1780553391323170560,HTTP Connecting,ms,avg,1.13
51,1780553390323170560,1780553391323170560,HTTP Connecting,ms,min,1.13
51,1780553390323170560,1780553391323170560,HTTP Connecting,ms,max,1.13
51,1780553390323170560,1780553391323170560,HTTP Connecting,ms,sum,1.13
51,1780553390323170560,1780553391323170560,HTTP Connecting,ms,p1,1.13
51,1780553390323170560,1780553391323170560,HTTP Connecting,ms,p5,1.13
51,1780553390323170560,1780553391323170560,HTTP Connecting,ms,p10,1.13
51,1780553390323170560,1780553391323170560,HTTP Connecting,ms,p25,1.13
51,1780553390323170560,1780553391323170560,HTTP Connecting,ms,p50,1.13
51,1780553390323170560,1780553391323170560,HTTP Connecting,ms,p75,1.13
51,1780553390323170560,1780553391323170560,HTTP Connecting,ms,p90,1.13
51,1780553390323170560,1780553391323170560,HTTP Connecting,ms,p95,1.13
51,1780553390323170560,1780553391323170560,HTTP Connecting,ms,p99,1.13
51,1780553390323170560,1780553391323170560,HTTP Connecting,ms,std,0.00
51,1780553390323170560,1780553391323170560,HTTP Connection Overhead,ms,avg,1.66
51,1780553390323170560,1780553391323170560,HTTP Connection Overhead,ms,min,1.66
51,1780553390323170560,1780553391323170560,HTTP Connection Overhead,ms,max,1.66
51,1780553390323170560,1780553391323170560,HTTP Connection Overhead,ms,sum,1.66
51,1780553390323170560,1780553391323170560,HTTP Connection Overhead,ms,p1,1.66
51,1780553390323170560,1780553391323170560,HTTP Connection Overhead,ms,p5,1.66
51,1780553390323170560,1780553391323170560,HTTP Connection Overhead,ms,p10,1.66
51,1780553390323170560,1780553391323170560,HTTP Connection Overhead,ms,p25,1.66
51,1780553390323170560,1780553391323170560,HTTP Connection Overhead,ms,p50,1.66
51,1780553390323170560,1780553391323170560,HTTP Connection Overhead,ms,p75,1.66
51,1780553390323170560,1780553391323170560,HTTP Connection Overhead,ms,p90,1.66
51,1780553390323170560,1780553391323170560,HTTP Connection Overhead,ms,p95,1.66
51,1780553390323170560,1780553391323170560,HTTP Connection Overhead,ms,p99,1.66
51,1780553390323170560,1780553391323170560,HTTP Connection Overhead,ms,std,0.00
51,1780553390323170560,1780553391323170560,HTTP Connection Reused,ratio,avg,0.00
51,1780553390323170560,1780553391323170560,HTTP Connection Reused,ratio,min,0.00
51,1780553390323170560,1780553391323170560,HTTP Connection Reused,ratio,max,0.00
51,1780553390323170560,1780553391323170560,HTTP Connection Reused,ratio,sum,0.00
51,1780553390323170560,1780553391323170560,HTTP Connection Reused,ratio,p1,0.00
51,1780553390323170560,1780553391323170560,HTTP Connection Reused,ratio,p5,0.00
51,1780553390323170560,1780553391323170560,HTTP Connection Reused,ratio,p10,0.00
51,1780553390323170560,1780553391323170560,HTTP Connection Reused,ratio,p25,0.00
51,1780553390323170560,1780553391323170560,HTTP Connection Reused,ratio,p50,0.00
51,1780553390323170560,1780553391323170560,HTTP Connection Reused,ratio,p75,0.00
51,1780553390323170560,1780553391323170560,HTTP Connection Reused,ratio,p90,0.00
51,1780553390323170560,1780553391323170560,HTTP Connection Reused,ratio,p95,0.00
51,1780553390323170560,1780553391323170560,HTTP Connection Reused,ratio,p99,0.00
51,1780553390323170560,1780553391323170560,HTTP Connection Reused,ratio,std,0.00
51,1780553390323170560,1780553391323170560,HTTP Data Received,KB,avg,87.10
51,1780553390323170560,1780553391323170560,HTTP Data Received,KB,min,87.10
51,1780553390323170560,1780553391323170560,HTTP Data Received,KB,max,87.10
51,1780553390323170560,1780553391323170560,HTTP Data Received,KB,sum,87.10
51,1780553390323170560,1780553391323170560,HTTP Data Received,KB,p1,87.10
51,1780553390323170560,1780553391323170560,HTTP Data Received,KB,p5,87.10
51,1780553390323170560,1780553391323170560,HTTP Data Received,KB,p10,87.10
51,1780553390323170560,1780553391323170560,HTTP Data Received,KB,p25,87.10
51,1780553390323170560,1780553391323170560,HTTP Data Received,KB,p50,87.10
51,1780553390323170560,1780553391323170560,HTTP Data Received,KB,p75,87.10
51,1780553390323170560,1780553391323170560,HTTP Data Received,KB,p90,87.10
51,1780553390323170560,1780553391323170560,HTTP Data Received,KB,p95,87.10
51,1780553390323170560,1780553391323170560,HTTP Data Received,KB,p99,87.10
51,1780553390323170560,1780553391323170560,HTTP Data Received,KB,std,0.00
51,1780553390323170560,1780553391323170560,HTTP Data Sent,KB,avg,196.42
51,1780553390323170560,1780553391323170560,HTTP Data Sent,KB,min,196.42
51,1780553390323170560,1780553391323170560,HTTP Data Sent,KB,max,196.42
51,1780553390323170560,1780553391323170560,HTTP Data Sent,KB,sum,196.42
51,1780553390323170560,1780553391323170560,HTTP Data Sent,KB,p1,196.42
51,1780553390323170560,1780553391323170560,HTTP Data Sent,KB,p5,196.42
51,1780553390323170560,1780553391323170560,HTTP Data Sent,KB,p10,196.42
51,1780553390323170560,1780553391323170560,HTTP Data Sent,KB,p25,196.42
51,1780553390323170560,1780553391323170560,HTTP Data Sent,KB,p50,196.42
51,1780553390323170560,1780553391323170560,HTTP Data Sent,KB,p75,196.42
51,1780553390323170560,1780553391323170560,HTTP Data Sent,KB,p90,196.42
51,1780553390323170560,1780553391323170560,HTTP Data Sent,KB,p95,196.42
51,1780553390323170560,1780553391323170560,HTTP Data Sent,KB,p99,196.42
51,1780553390323170560,1780553391323170560,HTTP Data Sent,KB,std,0.00
51,1780553390323170560,1780553391323170560,HTTP DNS Lookup,ms,avg,0.53
51,1780553390323170560,1780553391323170560,HTTP DNS Lookup,ms,min,0.53
51,1780553390323170560,1780553391323170560,HTTP DNS Lookup,ms,max,0.53
51,1780553390323170560,1780553391323170560,HTTP DNS Lookup,ms,sum,0.53
51,1780553390323170560,1780553391323170560,HTTP DNS Lookup,ms,p1,0.53
51,1780553390323170560,1780553391323170560,HTTP DNS Lookup,ms,p5,0.53
51,1780553390323170560,1780553391323170560,HTTP DNS Lookup,ms,p10,0.53
51,1780553390323170560,1780553391323170560,HTTP DNS Lookup,ms,p25,0.53
51,1780553390323170560,1780553391323170560,HTTP DNS Lookup,ms,p50,0.53
51,1780553390323170560,1780553391323170560,HTTP DNS Lookup,ms,p75,0.53
51,1780553390323170560,1780553391323170560,HTTP DNS Lookup,ms,p90,0.53
51,1780553390323170560,1780553391323170560,HTTP DNS Lookup,ms,p95,0.53
51,1780553390323170560,1780553391323170560,HTTP DNS Lookup,ms,p99,0.53
51,1780553390323170560,1780553391323170560,HTTP DNS Lookup,ms,std,0.00
51,1780553390323170560,1780553391323170560,HTTP Duration (excl. conn),ms,avg,111038.62
51,1780553390323170560,1780553391323170560,HTTP Duration (excl. conn),ms,min,111038.62
51,1780553390323170560,1780553391323170560,HTTP Duration (excl. conn),ms,max,111038.62
51,1780553390323170560,1780553391323170560,HTTP Duration (excl. conn),ms,sum,111038.62
51,1780553390323170560,1780553391323170560,HTTP Duration (excl. conn),ms,p1,111038.62
51,1780553390323170560,1780553391323170560,HTTP Duration (excl. conn),ms,p5,111038.62
51,1780553390323170560,1780553391323170560,HTTP Duration (excl. conn),ms,p10,111038.62
51,1780553390323170560,1780553391323170560,HTTP Duration (excl. conn),ms,p25,111038.62
51,1780553390323170560,1780553391323170560,HTTP Duration (excl. conn),ms,p50,111038.62
51,1780553390323170560,1780553391323170560,HTTP Duration (excl. conn),ms,p75,111038.62
51,1780553390323170560,1780553391323170560,HTTP Duration (excl. conn),ms,p90,111038.62
51,1780553390323170560,1780553391323170560,HTTP Duration (excl. conn),ms,p95,111038.62
51,1780553390323170560,1780553391323170560,HTTP Duration (excl. conn),ms,p99,111038.62
51,1780553390323170560,1780553391323170560,HTTP Duration (excl. conn),ms,std,0.00
51,1780553390323170560,1780553391323170560,HTTP Receiving,ms,avg,53186.70
51,1780553390323170560,1780553391323170560,HTTP Receiving,ms,min,53186.70
51,1780553390323170560,1780553391323170560,HTTP Receiving,ms,max,53186.70
51,1780553390323170560,1780553391323170560,HTTP Receiving,ms,sum,53186.70
51,1780553390323170560,1780553391323170560,HTTP Receiving,ms,p1,53186.70
51,1780553390323170560,1780553391323170560,HTTP Receiving,ms,p5,53186.70
51,1780553390323170560,1780553391323170560,HTTP Receiving,ms,p10,53186.70
51,1780553390323170560,1780553391323170560,HTTP Receiving,ms,p25,53186.70
51,1780553390323170560,1780553391323170560,HTTP Receiving,ms,p50,53186.70
51,1780553390323170560,1780553391323170560,HTTP Receiving,ms,p75,53186.70
51,1780553390323170560,1780553391323170560,HTTP Receiving,ms,p90,53186.70
51,1780553390323170560,1780553391323170560,HTTP Receiving,ms,p95,53186.70
51,1780553390323170560,1780553391323170560,HTTP Receiving,ms,p99,53186.70
51,1780553390323170560,1780553391323170560,HTTP Receiving,ms,std,0.00
51,1780553390323170560,1780553391323170560,HTTP Sending,ms,avg,1.40
51,1780553390323170560,1780553391323170560,HTTP Sending,ms,min,1.40
51,1780553390323170560,1780553391323170560,HTTP Sending,ms,max,1.40
51,1780553390323170560,1780553391323170560,HTTP Sending,ms,sum,1.40
51,1780553390323170560,1780553391323170560,HTTP Sending,ms,p1,1.40
51,1780553390323170560,1780553391323170560,HTTP Sending,ms,p5,1.40
51,1780553390323170560,1780553391323170560,HTTP Sending,ms,p10,1.40
51,1780553390323170560,1780553391323170560,HTTP Sending,ms,p25,1.40
51,1780553390323170560,1780553391323170560,HTTP Sending,ms,p50,1.40
51,1780553390323170560,1780553391323170560,HTTP Sending,ms,p75,1.40
51,1780553390323170560,1780553391323170560,HTTP Sending,ms,p90,1.40
51,1780553390323170560,1780553391323170560,HTTP Sending,ms,p95,1.40
51,1780553390323170560,1780553391323170560,HTTP Sending,ms,p99,1.40
51,1780553390323170560,1780553391323170560,HTTP Sending,ms,std,0.00
51,1780553390323170560,1780553391323170560,HTTP Total Time,ms,avg,111040.28
51,1780553390323170560,1780553391323170560,HTTP Total Time,ms,min,111040.28
51,1780553390323170560,1780553391323170560,HTTP Total Time,ms,max,111040.28
51,1780553390323170560,1780553391323170560,HTTP Total Time,ms,sum,111040.28
51,1780553390323170560,1780553391323170560,HTTP Total Time,ms,p1,111040.28
51,1780553390323170560,1780553391323170560,HTTP Total Time,ms,p5,111040.28
51,1780553390323170560,1780553391323170560,HTTP Total Time,ms,p10,111040.28
51,1780553390323170560,1780553391323170560,HTTP Total Time,ms,p25,111040.28
51,1780553390323170560,1780553391323170560,HTTP Total Time,ms,p50,111040.28
51,1780553390323170560,1780553391323170560,HTTP Total Time,ms,p75,111040.28
51,1780553390323170560,1780553391323170560,HTTP Total Time,ms,p90,111040.28
51,1780553390323170560,1780553391323170560,HTTP Total Time,ms,p95,111040.28
51,1780553390323170560,1780553391323170560,HTTP Total Time,ms,p99,111040.28
51,1780553390323170560,1780553391323170560,HTTP Total Time,ms,std,0.00
51,1780553390323170560,1780553391323170560,HTTP Waiting (TTFB),ms,avg,57850.52
51,1780553390323170560,1780553391323170560,HTTP Waiting (TTFB),ms,min,57850.52
51,1780553390323170560,1780553391323170560,HTTP Waiting (TTFB),ms,max,57850.52
51,1780553390323170560,1780553391323170560,HTTP Waiting (TTFB),ms,sum,57850.52
51,1780553390323170560,1780553391323170560,HTTP Waiting (TTFB),ms,p1,57850.52
51,1780553390323170560,1780553391323170560,HTTP Waiting (TTFB),ms,p5,57850.52
51,1780553390323170560,1780553391323170560,HTTP Waiting (TTFB),ms,p10,57850.52
51,1780553390323170560,1780553391323170560,HTTP Waiting (TTFB),ms,p25,57850.52
51,1780553390323170560,1780553391323170560,HTTP Waiting (TTFB),ms,p50,57850.52
51,1780553390323170560,1780553391323170560,HTTP Waiting (TTFB),ms,p75,57850.52
51,1780553390323170560,1780553391323170560,HTTP Waiting (TTFB),ms,p90,57850.52
51,1780553390323170560,1780553391323170560,HTTP Waiting (TTFB),ms,p95,57850.52
51,1780553390323170560,1780553391323170560,HTTP Waiting (TTFB),ms,p99,57850.52
51,1780553390323170560,1780553391323170560,HTTP Waiting (TTFB),ms,std,0.00
51,1780553390323170560,1780553391323170560,Input Sequence Length,tokens,avg,50458.00
51,1780553390323170560,1780553391323170560,Input Sequence Length,tokens,min,50458.00
51,1780553390323170560,1780553391323170560,Input Sequence Length,tokens,max,50458.00
51,1780553390323170560,1780553391323170560,Input Sequence Length,tokens,sum,50458.00
51,1780553390323170560,1780553391323170560,Input Sequence Length,tokens,p1,50458.00
51,1780553390323170560,1780553391323170560,Input Sequence Length,tokens,p5,50458.00
51,1780553390323170560,1780553391323170560,Input Sequence Length,tokens,p10,50458.00
51,1780553390323170560,1780553391323170560,Input Sequence Length,tokens,p25,50458.00
51,1780553390323170560,1780553391323170560,Input Sequence Length,tokens,p50,50458.00
51,1780553390323170560,1780553391323170560,Input Sequence Length,tokens,p75,50458.00
51,1780553390323170560,1780553391323170560,Input Sequence Length,tokens,p90,50458.00
51,1780553390323170560,1780553391323170560,Input Sequence Length,tokens,p95,50458.00
51,1780553390323170560,1780553391323170560,Input Sequence Length,tokens,p99,50458.00
51,1780553390323170560,1780553391323170560,Input Sequence Length,tokens,std,0.00
51,1780553390323170560,1780553391323170560,Input Token Throughput,tokens/sec,avg,50458.00
51,1780553390323170560,1780553391323170560,Inter Chunk Latency,ms,avg,65.81
51,1780553390323170560,1780553391323170560,Inter Chunk Latency,ms,min,65.79
51,1780553390323170560,1780553391323170560,Inter Chunk Latency,ms,max,65.83
51,1780553390323170560,1780553391323170560,Inter Chunk Latency,ms,sum,22837.34
51,1780553390323170560,1780553391323170560,Inter Chunk Latency,ms,p1,65.79
51,1780553390323170560,1780553391323170560,Inter Chunk Latency,ms,p5,65.80
51,1780553390323170560,1780553391323170560,Inter Chunk Latency,ms,p10,65.80
51,1780553390323170560,1780553391323170560,Inter Chunk Latency,ms,p25,65.80
51,1780553390323170560,1780553391323170560,Inter Chunk Latency,ms,p50,65.81
51,1780553390323170560,1780553391323170560,Inter Chunk Latency,ms,p75,65.82
51,1780553390323170560,1780553391323170560,Inter Chunk Latency,ms,p90,65.83
51,1780553390323170560,1780553391323170560,Inter Chunk Latency,ms,p95,65.83
51,1780553390323170560,1780553391323170560,Inter Chunk Latency,ms,p99,65.83
51,1780553390323170560,1780553391323170560,Inter Chunk Latency,ms,std,0.01
51,1780553390323170560,1780553391323170560,Inter Token Latency,ms,avg,153.28
51,1780553390323170560,1780553391323170560,Inter Token Latency,ms,min,153.28
51,1780553390323170560,1780553391323170560,Inter Token Latency,ms,max,153.28
51,1780553390323170560,1780553391323170560,Inter Token Latency,ms,sum,153.28
51,1780553390323170560,1780553391323170560,Inter Token Latency,ms,p1,153.28
51,1780553390323170560,1780553391323170560,Inter Token Latency,ms,p5,153.28
51,1780553390323170560,1780553391323170560,Inter Token Latency,ms,p10,153.28
51,1780553390323170560,1780553391323170560,Inter Token Latency,ms,p25,153.28
51,1780553390323170560,1780553391323170560,Inter Token Latency,ms,p50,153.28
51,1780553390323170560,1780553391323170560,Inter Token Latency,ms,p75,153.28
51,1780553390323170560,1780553391323170560,Inter Token Latency,ms,p90,153.28
51,1780553390323170560,1780553391323170560,Inter Token Latency,ms,p95,153.28
51,1780553390323170560,1780553391323170560,Inter Token Latency,ms,p99,153.28
51,1780553390323170560,1780553391323170560,Inter Token Latency,ms,std,0.00
51,1780553390323170560,1780553391323170560,Maximum Response Timestamp,ns,avg,1780553501914706176.00
51,1780553390323170560,1780553391323170560,Minimum Request Timestamp,ns,avg,1780553390875983616.00
51,1780553390323170560,1780553391323170560,OSL Mismatch Count,requests,avg,0.00
51,1780553390323170560,1780553391323170560,OSL Mismatch Diff %,%,avg,0.00
51,1780553390323170560,1780553391323170560,OSL Mismatch Diff %,%,min,0.00
51,1780553390323170560,1780553391323170560,OSL Mismatch Diff %,%,max,0.00
51,1780553390323170560,1780553391323170560,OSL Mismatch Diff %,%,sum,0.00
51,1780553390323170560,1780553391323170560,OSL Mismatch Diff %,%,p1,0.00
51,1780553390323170560,1780553391323170560,OSL Mismatch Diff %,%,p5,0.00
51,1780553390323170560,1780553391323170560,OSL Mismatch Diff %,%,p10,0.00
51,1780553390323170560,1780553391323170560,OSL Mismatch Diff %,%,p25,0.00
51,1780553390323170560,1780553391323170560,OSL Mismatch Diff %,%,p50,0.00
51,1780553390323170560,1780553391323170560,OSL Mismatch Diff %,%,p75,0.00
51,1780553390323170560,1780553391323170560,OSL Mismatch Diff %,%,p90,0.00
51,1780553390323170560,1780553391323170560,OSL Mismatch Diff %,%,p95,0.00
51,1780553390323170560,1780553391323170560,OSL Mismatch Diff %,%,p99,0.00
51,1780553390323170560,1780553391323170560,OSL Mismatch Diff %,%,std,0.00
51,1780553390323170560,1780553391323170560,Output Sequence Length,tokens,avg,348.00
51,1780553390323170560,1780553391323170560,Output Sequence Length,tokens,min,348.00
51,1780553390323170560,1780553391323170560,Output Sequence Length,tokens,max,348.00
51,1780553390323170560,1780553391323170560,Output Sequence Length,tokens,sum,348.00
51,1780553390323170560,1780553391323170560,Output Sequence Length,tokens,p1,348.00
51,1780553390323170560,1780553391323170560,Output Sequence Length,tokens,p5,348.00
51,1780553390323170560,1780553391323170560,Output Sequence Length,tokens,p10,348.00
51,1780553390323170560,1780553391323170560,Output Sequence Length,tokens,p25,348.00
51,1780553390323170560,1780553391323170560,Output Sequence Length,tokens,p50,348.00
51,1780553390323170560,1780553391323170560,Output Sequence Length,tokens,p75,348.00
51,1780553390323170560,1780553391323170560,Output Sequence Length,tokens,p90,348.00
51,1780553390323170560,1780553391323170560,Output Sequence Length,tokens,p95,348.00
51,1780553390323170560,1780553391323170560,Output Sequence Length,tokens,p99,348.00
51,1780553390323170560,1780553391323170560,Output Sequence Length,tokens,std,0.00
51,1780553390323170560,1780553391323170560,Output Token Count,tokens,avg,348.00
51,1780553390323170560,1780553391323170560,Output Token Count,tokens,min,348.00
51,1780553390323170560,1780553391323170560,Output Token Count,tokens,max,348.00
51,1780553390323170560,1780553391323170560,Output Token Count,tokens,sum,348.00
51,1780553390323170560,1780553391323170560,Output Token Count,tokens,p1,348.00
51,1780553390323170560,1780553391323170560,Output Token Count,tokens,p5,348.00
51,1780553390323170560,1780553391323170560,Output Token Count,tokens,p10,348.00
51,1780553390323170560,1780553391323170560,Output Token Count,tokens,p25,348.00
51,1780553390323170560,1780553391323170560,Output Token Count,tokens,p50,348.00
51,1780553390323170560,1780553391323170560,Output Token Count,tokens,p75,348.00
51,1780553390323170560,1780553391323170560,Output Token Count,tokens,p90,348.00
51,1780553390323170560,1780553391323170560,Output Token Count,tokens,p95,348.00
51,1780553390323170560,1780553391323170560,Output Token Count,tokens,p99,348.00
51,1780553390323170560,1780553391323170560,Output Token Count,tokens,std,0.00
51,1780553390323170560,1780553391323170560,Output Token Throughput,tokens/sec,avg,348.00
51,1780553390323170560,1780553391323170560,Output Token Throughput Per User,tokens/sec/user,avg,6.52
51,1780553390323170560,1780553391323170560,Output Token Throughput Per User,tokens/sec/user,min,6.52
51,1780553390323170560,1780553391323170560,Output Token Throughput Per User,tokens/sec/user,max,6.52
51,1780553390323170560,1780553391323170560,Output Token Throughput Per User,tokens/sec/user,sum,6.52
51,1780553390323170560,1780553391323170560,Output Token Throughput Per User,tokens/sec/user,p1,6.52
51,1780553390323170560,1780553391323170560,Output Token Throughput Per User,tokens/sec/user,p5,6.52
51,1780553390323170560,1780553391323170560,Output Token Throughput Per User,tokens/sec/user,p10,6.52
51,1780553390323170560,1780553391323170560,Output Token Throughput Per User,tokens/sec/user,p25,6.52
51,1780553390323170560,1780553391323170560,Output Token Throughput Per User,tokens/sec/user,p50,6.52
51,1780553390323170560,1780553391323170560,Output Token Throughput Per User,tokens/sec/user,p75,6.52
51,1780553390323170560,1780553391323170560,Output Token Throughput Per User,tokens/sec/user,p90,6.52
51,1780553390323170560,1780553391323170560,Output Token Throughput Per User,tokens/sec/user,p95,6.52
51,1780553390323170560,1780553391323170560,Output Token Throughput Per User,tokens/sec/user,p99,6.52
51,1780553390323170560,1780553391323170560,Output Token Throughput Per User,tokens/sec/user,std,0.00
51,1780553390323170560,1780553391323170560,Prefill Throughput Per User,tokens/sec/user,avg,872.19
51,1780553390323170560,1780553391323170560,Prefill Throughput Per User,tokens/sec/user,min,872.19
51,1780553390323170560,1780553391323170560,Prefill Throughput Per User,tokens/sec/user,max,872.19
51,1780553390323170560,1780553391323170560,Prefill Throughput Per User,tokens/sec/user,sum,872.19
51,1780553390323170560,1780553391323170560,Prefill Throughput Per User,tokens/sec/user,p1,872.19
51,1780553390323170560,1780553391323170560,Prefill Throughput Per User,tokens/sec/user,p5,872.19
51,1780553390323170560,1780553391323170560,Prefill Throughput Per User,tokens/sec/user,p10,872.19
51,1780553390323170560,1780553391323170560,Prefill Throughput Per User,tokens/sec/user,p25,872.19
51,1780553390323170560,1780553391323170560,Prefill Throughput Per User,tokens/sec/user,p50,872.19
51,1780553390323170560,1780553391323170560,Prefill Throughput Per User,tokens/sec/user,p75,872.19
51,1780553390323170560,1780553391323170560,Prefill Throughput Per User,tokens/sec/user,p90,872.19
51,1780553390323170560,1780553391323170560,Prefill Throughput Per User,tokens/sec/user,p95,872.19
51,1780553390323170560,1780553391323170560,Prefill Throughput Per User,tokens/sec/user,p99,872.19
51,1780553390323170560,1780553391323170560,Prefill Throughput Per User,tokens/sec/user,std,0.00
51,1780553390323170560,1780553391323170560,Request Count,requests,avg,1.00
51,1780553390323170560,1780553391323170560,Request Latency,ms,avg,111038.72
51,1780553390323170560,1780553391323170560,Request Latency,ms,min,111038.72
51,1780553390323170560,1780553391323170560,Request Latency,ms,max,111038.72
51,1780553390323170560,1780553391323170560,Request Latency,ms,sum,111038.72
51,1780553390323170560,1780553391323170560,Request Latency,ms,p1,111038.72
51,1780553390323170560,1780553391323170560,Request Latency,ms,p5,111038.72
51,1780553390323170560,1780553391323170560,Request Latency,ms,p10,111038.72
51,1780553390323170560,1780553391323170560,Request Latency,ms,p25,111038.72
51,1780553390323170560,1780553391323170560,Request Latency,ms,p50,111038.72
51,1780553390323170560,1780553391323170560,Request Latency,ms,p75,111038.72
51,1780553390323170560,1780553391323170560,Request Latency,ms,p90,111038.72
51,1780553390323170560,1780553391323170560,Request Latency,ms,p95,111038.72
51,1780553390323170560,1780553391323170560,Request Latency,ms,p99,111038.72
51,1780553390323170560,1780553391323170560,Request Latency,ms,std,0.00
51,1780553390323170560,1780553391323170560,Request Throughput,requests/sec,avg,1.00
51,1780553390323170560,1780553391323170560,Requested OSL,tokens,avg,348.00
51,1780553390323170560,1780553391323170560,Requested OSL,tokens,min,348.00
51,1780553390323170560,1780553391323170560,Requested OSL,tokens,max,348.00
51,1780553390323170560,1780553391323170560,Requested OSL,tokens,sum,348.00
51,1780553390323170560,1780553391323170560,Requested OSL,tokens,p1,348.00
51,1780553390323170560,1780553391323170560,Requested OSL,tokens,p5,348.00
51,1780553390323170560,1780553391323170560,Requested OSL,tokens,p10,348.00
51,1780553390323170560,1780553391323170560,Requested OSL,tokens,p25,348.00
51,1780553390323170560,1780553391323170560,Requested OSL,tokens,p50,348.00
51,1780553390323170560,1780553391323170560,Requested OSL,tokens,p75,348.00
51,1780553390323170560,1780553391323170560,Requested OSL,tokens,p90,348.00
51,1780553390323170560,1780553391323170560,Requested OSL,tokens,p95,348.00
51,1780553390323170560,1780553391323170560,Requested OSL,tokens,p99,348.00
51,1780553390323170560,1780553391323170560,Requested OSL,tokens,std,0.00
51,1780553390323170560,1780553391323170560,Time to First Output Token,ms,avg,57852.04
51,1780553390323170560,1780553391323170560,Time to First Output Token,ms,min,57852.04
51,1780553390323170560,1780553391323170560,Time to First Output Token,ms,max,57852.04
51,1780553390323170560,1780553391323170560,Time to First Output Token,ms,sum,57852.04
51,1780553390323170560,1780553391323170560,Time to First Output Token,ms,p1,57852.04
51,1780553390323170560,1780553391323170560,Time to First Output Token,ms,p5,57852.04
51,1780553390323170560,1780553391323170560,Time to First Output Token,ms,p10,57852.04
51,1780553390323170560,1780553391323170560,Time to First Output Token,ms,p25,57852.04
51,1780553390323170560,1780553391323170560,Time to First Output Token,ms,p50,57852.04
51,1780553390323170560,1780553391323170560,Time to First Output Token,ms,p75,57852.04
51,1780553390323170560,1780553391323170560,Time to First Output Token,ms,p90,57852.04
51,1780553390323170560,1780553391323170560,Time to First Output Token,ms,p95,57852.04
51,1780553390323170560,1780553391323170560,Time to First Output Token,ms,p99,57852.04
51,1780553390323170560,1780553391323170560,Time to First Output Token,ms,std,0.00
51,1780553390323170560,1780553391323170560,Time to First Token,ms,avg,57852.04
51,1780553390323170560,1780553391323170560,Time to First Token,ms,min,57852.04
51,1780553390323170560,1780553391323170560,Time to First Token,ms,max,57852.04
51,1780553390323170560,1780553391323170560,Time to First Token,ms,sum,57852.04
51,1780553390323170560,1780553391323170560,Time to First Token,ms,p1,57852.04
51,1780553390323170560,1780553391323170560,Time to First Token,ms,p5,57852.04
51,1780553390323170560,1780553391323170560,Time to First Token,ms,p10,57852.04
51,1780553390323170560,1780553391323170560,Time to First Token,ms,p25,57852.04
51,1780553390323170560,1780553391323170560,Time to First Token,ms,p50,57852.04
51,1780553390323170560,1780553391323170560,Time to First Token,ms,p75,57852.04
51,1780553390323170560,1780553391323170560,Time to First Token,ms,p90,57852.04
51,1780553390323170560,1780553391323170560,Time to First Token,ms,p95,57852.04
51,1780553390323170560,1780553391323170560,Time to First Token,ms,p99,57852.04
51,1780553390323170560,1780553391323170560,Time to First Token,ms,std,0.00
51,1780553390323170560,1780553391323170560,Time to Second Token,ms,avg,237.42
51,1780553390323170560,1780553391323170560,Time to Second Token,ms,min,237.42
51,1780553390323170560,1780553391323170560,Time to Second Token,ms,max,237.42
51,1780553390323170560,1780553391323170560,Time to Second Token,ms,sum,237.42
51,1780553390323170560,1780553391323170560,Time to Second Token,ms,p1,237.42
51,1780553390323170560,1780553391323170560,Time to Second Token,ms,p5,237.42
51,1780553390323170560,1780553391323170560,Time to Second Token,ms,p10,237.42
51,1780553390323170560,1780553391323170560,Time to Second Token,ms,p25,237.42
51,1780553390323170560,1780553391323170560,Time to Second Token,ms,p50,237.42
51,1780553390323170560,1780553391323170560,Time to Second Token,ms,p75,237.42
51,1780553390323170560,1780553391323170560,Time to Second Token,ms,p90,237.42
51,1780553390323170560,1780553391323170560,Time to Second Token,ms,p95,237.42
51,1780553390323170560,1780553391323170560,Time to Second Token,ms,p99,237.42
51,1780553390323170560,1780553391323170560,Time to Second Token,ms,std,0.00
51,1780553390323170560,1780553391323170560,Tokens In Flight,tokens,avg,1598544.69
51,1780553390323170560,1780553391323170560,Tokens In Flight,tokens,min,1575957.89
51,1780553390323170560,1780553391323170560,Tokens In Flight,tokens,max,1626462.00
51,1780553390323170560,1780553391323170560,Tokens In Flight,tokens,p50,1575979.94
51,1780553390323170560,1780553391323170560,Tokens In Flight,tokens,p90,1626455.99
51,1780553390323170560,1780553391323170560,Tokens In Flight,tokens,p95,1626459.00
51,1780553390323170560,1780553391323170560,Tokens In Flight,tokens,p99,1626461.00
51,1780553390323170560,1780553391323170560,Tokens In Flight,tokens,std,25099.19
51,1780553390323170560,1780553391323170560,Total Input Sequence Length,tokens,avg,50458.00
51,1780553390323170560,1780553391323170560,Total Output Sequence Length,tokens,avg,348.00
51,1780553390323170560,1780553391323170560,Total Output Tokens,tokens,avg,348.00
51,1780553390323170560,1780553391323170560,Total Token Throughput,tokens/sec,avg,50806.00
51,1780553390323170560,1780553391323170560,Total Usage Completion Tokens,tokens,avg,348.00
51,1780553390323170560,1780553391323170560,Total Usage Prompt Tokens,tokens,avg,50458.00
51,1780553390323170560,1780553391323170560,Total Usage Total Tokens,tokens,avg,50806.00
51,1780553390323170560,1780553391323170560,Usage Completion Tokens,tokens,avg,348.00
51,1780553390323170560,1780553391323170560,Usage Completion Tokens,tokens,min,348.00
51,1780553390323170560,1780553391323170560,Usage Completion Tokens,tokens,max,348.00
51,1780553390323170560,1780553391323170560,Usage Completion Tokens,tokens,sum,348.00
51,1780553390323170560,1780553391323170560,Usage Completion Tokens,tokens,p1,348.00
51,1780553390323170560,1780553391323170560,Usage Completion Tokens,tokens,p5,348.00
51,1780553390323170560,1780553391323170560,Usage Completion Tokens,tokens,p10,348.00
51,1780553390323170560,1780553391323170560,Usage Completion Tokens,tokens,p25,348.00
51,1780553390323170560,1780553391323170560,Usage Completion Tokens,tokens,p50,348.00
51,1780553390323170560,1780553391323170560,Usage Completion Tokens,tokens,p75,348.00
51,1780553390323170560,1780553391323170560,Usage Completion Tokens,tokens,p90,348.00
51,1780553390323170560,1780553391323170560,Usage Completion Tokens,tokens,p95,348.00
51,1780553390323170560,1780553391323170560,Usage Completion Tokens,tokens,p99,348.00
51,1780553390323170560,1780553391323170560,Usage Completion Tokens,tokens,std,0.00
51,1780553390323170560,1780553391323170560,Usage Prompt Tokens,tokens,avg,50458.00
51,1780553390323170560,1780553391323170560,Usage Prompt Tokens,tokens,min,50458.00
51,1780553390323170560,1780553391323170560,Usage Prompt Tokens,tokens,max,50458.00
51,1780553390323170560,1780553391323170560,Usage Prompt Tokens,tokens,sum,50458.00
51,1780553390323170560,1780553391323170560,Usage Prompt Tokens,tokens,p1,50458.00
51,1780553390323170560,1780553391323170560,Usage Prompt Tokens,tokens,p5,50458.00
51,1780553390323170560,1780553391323170560,Usage Prompt Tokens,tokens,p10,50458.00
51,1780553390323170560,1780553391323170560,Usage Prompt Tokens,tokens,p25,50458.00
51,1780553390323170560,1780553391323170560,Usage Prompt Tokens,tokens,p50,50458.00
51,1780553390323170560,1780553391323170560,Usage Prompt Tokens,tokens,p75,50458.00
51,1780553390323170560,1780553391323170560,Usage Prompt Tokens,tokens,p90,50458.00
51,1780553390323170560,1780553391323170560,Usage Prompt Tokens,tokens,p95,50458.00
51,1780553390323170560,1780553391323170560,Usage Prompt Tokens,tokens,p99,50458.00
51,1780553390323170560,1780553391323170560,Usage Prompt Tokens,tokens,std,0.00
51,1780553390323170560,1780553391323170560,Usage Total Tokens,tokens,avg,50806.00
51,1780553390323170560,1780553391323170560,Usage Total Tokens,tokens,min,50806.00
51,1780553390323170560,1780553391323170560,Usage Total Tokens,tokens,max,50806.00
51,1780553390323170560,1780553391323170560,Usage Total Tokens,tokens,sum,50806.00
51,1780553390323170560,1780553391323170560,Usage Total Tokens,tokens,p1,50806.00
51,1780553390323170560,1780553391323170560,Usage Total Tokens,tokens,p5,50806.00
51,1780553390323170560,1780553391323170560,Usage Total Tokens,tokens,p10,50806.00
51,1780553390323170560,1780553391323170560,Usage Total Tokens,tokens,p25,50806.00
51,1780553390323170560,1780553391323170560,Usage Total Tokens,tokens,p50,50806.00
51,1780553390323170560,1780553391323170560,Usage Total Tokens,tokens,p75,50806.00
51,1780553390323170560,1780553391323170560,Usage Total Tokens,tokens,p90,50806.00
51,1780553390323170560,1780553391323170560,Usage Total Tokens,tokens,p95,50806.00
51,1780553390323170560,1780553391323170560,Usage Total Tokens,tokens,p99,50806.00
51,1780553390323170560,1780553391323170560,Usage Total Tokens,tokens,std,0.00
52,1780553401323170560,1780553402323170560,Active Decode Throughput,tokens/sec,avg,30.17
52,1780553401323170560,1780553402323170560,Active Decode Throughput,tokens/sec,min,14.98
52,1780553401323170560,1780553402323170560,Active Decode Throughput,tokens/sec,max,45.37
52,1780553401323170560,1780553402323170560,Active Decode Throughput,tokens/sec,p50,30.17
52,1780553401323170560,1780553402323170560,Active Decode Throughput,tokens/sec,p90,30.17
52,1780553401323170560,1780553402323170560,Active Decode Throughput,tokens/sec,p95,30.17
52,1780553401323170560,1780553402323170560,Active Decode Throughput,tokens/sec,p99,30.17
52,1780553401323170560,1780553402323170560,Active Decode Throughput,tokens/sec,std,0.02
52,1780553401323170560,1780553402323170560,Active Decode Throughput Per User,tokens/sec/user,avg,3.77
52,1780553401323170560,1780553402323170560,Active Decode Throughput Per User,tokens/sec/user,min,1.87
52,1780553401323170560,1780553402323170560,Active Decode Throughput Per User,tokens/sec/user,max,5.67
52,1780553401323170560,1780553402323170560,Active Decode Throughput Per User,tokens/sec/user,p50,3.77
52,1780553401323170560,1780553402323170560,Active Decode Throughput Per User,tokens/sec/user,p90,3.77
52,1780553401323170560,1780553402323170560,Active Decode Throughput Per User,tokens/sec/user,p95,3.77
52,1780553401323170560,1780553402323170560,Active Decode Throughput Per User,tokens/sec/user,p99,3.77
52,1780553401323170560,1780553402323170560,Active Decode Throughput Per User,tokens/sec/user,std,0.00
52,1780553401323170560,1780553402323170560,Active Prefill Throughput,tokens/sec,avg,8152.32
52,1780553401323170560,1780553402323170560,Active Prefill Throughput,tokens/sec,min,7246.58
52,1780553401323170560,1780553402323170560,Active Prefill Throughput,tokens/sec,max,9393.63
52,1780553401323170560,1780553402323170560,Active Prefill Throughput,tokens/sec,p50,7246.58
52,1780553401323170560,1780553402323170560,Active Prefill Throughput,tokens/sec,p90,9393.63
52,1780553401323170560,1780553402323170560,Active Prefill Throughput,tokens/sec,p95,9393.63
52,1780553401323170560,1780553402323170560,Active Prefill Throughput,tokens/sec,p99,9393.63
52,1780553401323170560,1780553402323170560,Active Prefill Throughput,tokens/sec,std,1060.33
52,1780553401323170560,1780553402323170560,Active Prefill Throughput Per User,tokens/sec/user,avg,1839.94
52,1780553401323170560,1780553402323170560,Active Prefill Throughput Per User,tokens/sec/user,min,1811.65
52,1780553401323170560,1780553402323170560,Active Prefill Throughput Per User,tokens/sec/user,max,1878.73
52,1780553401323170560,1780553402323170560,Active Prefill Throughput Per User,tokens/sec/user,p50,1811.65
52,1780553401323170560,1780553402323170560,Active Prefill Throughput Per User,tokens/sec/user,p90,1878.73
52,1780553401323170560,1780553402323170560,Active Prefill Throughput Per User,tokens/sec/user,p95,1878.73
52,1780553401323170560,1780553402323170560,Active Prefill Throughput Per User,tokens/sec/user,p99,1878.73
52,1780553401323170560,1780553402323170560,Active Prefill Throughput Per User,tokens/sec/user,std,33.13
52,1780553401323170560,1780553402323170560,Active Total Throughput,tokens/sec,avg,8198.24
52,1780553401323170560,1780553402323170560,Active Total Throughput,tokens/sec,min,7292.50
52,1780553401323170560,1780553402323170560,Active Total Throughput,tokens/sec,max,9439.55
52,1780553401323170560,1780553402323170560,Active Total Throughput,tokens/sec,p50,7292.50
52,1780553401323170560,1780553402323170560,Active Total Throughput,tokens/sec,p90,9439.55
52,1780553401323170560,1780553402323170560,Active Total Throughput,tokens/sec,p95,9439.55
52,1780553401323170560,1780553402323170560,Active Total Throughput,tokens/sec,p99,9439.55
52,1780553401323170560,1780553402323170560,Active Total Throughput,tokens/sec,std,1060.33
52,1780553401323170560,1780553402323170560,Benchmark Duration,sec,avg,116.22
52,1780553401323170560,1780553402323170560,E2E Output Token Throughput,tokens/sec/user,avg,4.44
52,1780553401323170560,1780553402323170560,E2E Output Token Throughput,tokens/sec/user,min,4.44
52,1780553401323170560,1780553402323170560,E2E Output Token Throughput,tokens/sec/user,max,4.44
52,1780553401323170560,1780553402323170560,E2E Output Token Throughput,tokens/sec/user,sum,4.44
52,1780553401323170560,1780553402323170560,E2E Output Token Throughput,tokens/sec/user,p1,4.44
52,1780553401323170560,1780553402323170560,E2E Output Token Throughput,tokens/sec/user,p5,4.44
52,1780553401323170560,1780553402323170560,E2E Output Token Throughput,tokens/sec/user,p10,4.44
52,1780553401323170560,1780553402323170560,E2E Output Token Throughput,tokens/sec/user,p25,4.44
52,1780553401323170560,1780553402323170560,E2E Output Token Throughput,tokens/sec/user,p50,4.44
52,1780553401323170560,1780553402323170560,E2E Output Token Throughput,tokens/sec/user,p75,4.44
52,1780553401323170560,1780553402323170560,E2E Output Token Throughput,tokens/sec/user,p90,4.44
52,1780553401323170560,1780553402323170560,E2E Output Token Throughput,tokens/sec/user,p95,4.44
52,1780553401323170560,1780553402323170560,E2E Output Token Throughput,tokens/sec/user,p99,4.44
52,1780553401323170560,1780553402323170560,E2E Output Token Throughput,tokens/sec/user,std,0.00
52,1780553401323170560,1780553402323170560,Effective Concurrency,requests,avg,12.42
52,1780553401323170560,1780553402323170560,Effective Concurrency,requests,min,12.00
52,1780553401323170560,1780553402323170560,Effective Concurrency,requests,max,13.00
52,1780553401323170560,1780553402323170560,Effective Concurrency,requests,p50,12.00
52,1780553401323170560,1780553402323170560,Effective Concurrency,requests,p90,13.00
52,1780553401323170560,1780553402323170560,Effective Concurrency,requests,p95,13.00
52,1780553401323170560,1780553402323170560,Effective Concurrency,requests,p99,13.00
52,1780553401323170560,1780553402323170560,Effective Concurrency,requests,std,0.49
52,1780553401323170560,1780553402323170560,Effective Decode Concurrency,requests,avg,8.00
52,1780553401323170560,1780553402323170560,Effective Decode Concurrency,requests,min,8.00
52,1780553401323170560,1780553402323170560,Effective Decode Concurrency,requests,max,8.00
52,1780553401323170560,1780553402323170560,Effective Decode Concurrency,requests,p50,8.00
52,1780553401323170560,1780553402323170560,Effective Decode Concurrency,requests,p90,8.00
52,1780553401323170560,1780553402323170560,Effective Decode Concurrency,requests,p95,8.00
52,1780553401323170560,1780553402323170560,Effective Decode Concurrency,requests,p99,8.00
52,1780553401323170560,1780553402323170560,Effective Decode Concurrency,requests,std,0.00
52,1780553401323170560,1780553402323170560,Effective Decode Throughput,tokens/sec,avg,30.17
52,1780553401323170560,1780553402323170560,Effective Decode Throughput,tokens/sec,min,14.98
52,1780553401323170560,1780553402323170560,Effective Decode Throughput,tokens/sec,max,45.37
52,1780553401323170560,1780553402323170560,Effective Decode Throughput,tokens/sec,p50,30.17
52,1780553401323170560,1780553402323170560,Effective Decode Throughput,tokens/sec,p90,30.17
52,1780553401323170560,1780553402323170560,Effective Decode Throughput,tokens/sec,p95,30.17
52,1780553401323170560,1780553402323170560,Effective Decode Throughput,tokens/sec,p99,30.17
52,1780553401323170560,1780553402323170560,Effective Decode Throughput,tokens/sec,std,0.02
52,1780553401323170560,1780553402323170560,Effective Decode Throughput Per User,tokens/sec/user,avg,3.77
52,1780553401323170560,1780553402323170560,Effective Decode Throughput Per User,tokens/sec/user,min,1.87
52,1780553401323170560,1780553402323170560,Effective Decode Throughput Per User,tokens/sec/user,max,5.67
52,1780553401323170560,1780553402323170560,Effective Decode Throughput Per User,tokens/sec/user,p50,3.77
52,1780553401323170560,1780553402323170560,Effective Decode Throughput Per User,tokens/sec/user,p90,3.77
52,1780553401323170560,1780553402323170560,Effective Decode Throughput Per User,tokens/sec/user,p95,3.77
52,1780553401323170560,1780553402323170560,Effective Decode Throughput Per User,tokens/sec/user,p99,3.77
52,1780553401323170560,1780553402323170560,Effective Decode Throughput Per User,tokens/sec/user,std,0.00
52,1780553401323170560,1780553402323170560,Effective Prefill Concurrency,requests,avg,4.42
52,1780553401323170560,1780553402323170560,Effective Prefill Concurrency,requests,min,4.00
52,1780553401323170560,1780553402323170560,Effective Prefill Concurrency,requests,max,5.00
52,1780553401323170560,1780553402323170560,Effective Prefill Concurrency,requests,p50,4.00
52,1780553401323170560,1780553402323170560,Effective Prefill Concurrency,requests,p90,5.00
52,1780553401323170560,1780553402323170560,Effective Prefill Concurrency,requests,p95,5.00
52,1780553401323170560,1780553402323170560,Effective Prefill Concurrency,requests,p99,5.00
52,1780553401323170560,1780553402323170560,Effective Prefill Concurrency,requests,std,0.49
52,1780553401323170560,1780553402323170560,Effective Prefill Throughput,tokens/sec,avg,8152.32
52,1780553401323170560,1780553402323170560,Effective Prefill Throughput,tokens/sec,min,7246.58
52,1780553401323170560,1780553402323170560,Effective Prefill Throughput,tokens/sec,max,9393.63
52,1780553401323170560,1780553402323170560,Effective Prefill Throughput,tokens/sec,p50,7246.58
52,1780553401323170560,1780553402323170560,Effective Prefill Throughput,tokens/sec,p90,9393.63
52,1780553401323170560,1780553402323170560,Effective Prefill Throughput,tokens/sec,p95,9393.63
52,1780553401323170560,1780553402323170560,Effective Prefill Throughput,tokens/sec,p99,9393.63
52,1780553401323170560,1780553402323170560,Effective Prefill Throughput,tokens/sec,std,1060.33
52,1780553401323170560,1780553402323170560,Effective Prefill Throughput Per User,tokens/sec/user,avg,1839.94
52,1780553401323170560,1780553402323170560,Effective Prefill Throughput Per User,tokens/sec/user,min,1811.65
52,1780553401323170560,1780553402323170560,Effective Prefill Throughput Per User,tokens/sec/user,max,1878.73
52,1780553401323170560,1780553402323170560,Effective Prefill Throughput Per User,tokens/sec/user,p50,1811.65
52,1780553401323170560,1780553402323170560,Effective Prefill Throughput Per User,tokens/sec/user,p90,1878.73
52,1780553401323170560,1780553402323170560,Effective Prefill Throughput Per User,tokens/sec/user,p95,1878.73
52,1780553401323170560,1780553402323170560,Effective Prefill Throughput Per User,tokens/sec/user,p99,1878.73
52,1780553401323170560,1780553402323170560,Effective Prefill Throughput Per User,tokens/sec/user,std,33.13
52,1780553401323170560,1780553402323170560,Effective Total Throughput,tokens/sec,avg,8198.24
52,1780553401323170560,1780553402323170560,Effective Total Throughput,tokens/sec,min,7292.50
52,1780553401323170560,1780553402323170560,Effective Total Throughput,tokens/sec,max,9439.55
52,1780553401323170560,1780553402323170560,Effective Total Throughput,tokens/sec,p50,7292.50
52,1780553401323170560,1780553402323170560,Effective Total Throughput,tokens/sec,p90,9439.55
52,1780553401323170560,1780553402323170560,Effective Total Throughput,tokens/sec,p95,9439.55
52,1780553401323170560,1780553402323170560,Effective Total Throughput,tokens/sec,p99,9439.55
52,1780553401323170560,1780553402323170560,Effective Total Throughput,tokens/sec,std,1060.33
52,1780553401323170560,1780553402323170560,HTTP Blocked,ms,avg,0.00
52,1780553401323170560,1780553402323170560,HTTP Blocked,ms,min,0.00
52,1780553401323170560,1780553402323170560,HTTP Blocked,ms,max,0.00
52,1780553401323170560,1780553402323170560,HTTP Blocked,ms,sum,0.00
52,1780553401323170560,1780553402323170560,HTTP Blocked,ms,p1,0.00
52,1780553401323170560,1780553402323170560,HTTP Blocked,ms,p5,0.00
52,1780553401323170560,1780553402323170560,HTTP Blocked,ms,p10,0.00
52,1780553401323170560,1780553402323170560,HTTP Blocked,ms,p25,0.00
52,1780553401323170560,1780553402323170560,HTTP Blocked,ms,p50,0.00
52,1780553401323170560,1780553402323170560,HTTP Blocked,ms,p75,0.00
52,1780553401323170560,1780553402323170560,HTTP Blocked,ms,p90,0.00
52,1780553401323170560,1780553402323170560,HTTP Blocked,ms,p95,0.00
52,1780553401323170560,1780553402323170560,HTTP Blocked,ms,p99,0.00
52,1780553401323170560,1780553402323170560,HTTP Blocked,ms,std,0.00
52,1780553401323170560,1780553402323170560,HTTP Chunks Received,count,avg,516.00
52,1780553401323170560,1780553402323170560,HTTP Chunks Received,count,min,516.00
52,1780553401323170560,1780553402323170560,HTTP Chunks Received,count,max,516.00
52,1780553401323170560,1780553402323170560,HTTP Chunks Received,count,sum,516.00
52,1780553401323170560,1780553402323170560,HTTP Chunks Received,count,p1,516.00
52,1780553401323170560,1780553402323170560,HTTP Chunks Received,count,p5,516.00
52,1780553401323170560,1780553402323170560,HTTP Chunks Received,count,p10,516.00
52,1780553401323170560,1780553402323170560,HTTP Chunks Received,count,p25,516.00
52,1780553401323170560,1780553402323170560,HTTP Chunks Received,count,p50,516.00
52,1780553401323170560,1780553402323170560,HTTP Chunks Received,count,p75,516.00
52,1780553401323170560,1780553402323170560,HTTP Chunks Received,count,p90,516.00
52,1780553401323170560,1780553402323170560,HTTP Chunks Received,count,p95,516.00
52,1780553401323170560,1780553402323170560,HTTP Chunks Received,count,p99,516.00
52,1780553401323170560,1780553402323170560,HTTP Chunks Received,count,std,0.00
52,1780553401323170560,1780553402323170560,HTTP Chunks Sent,count,avg,1.00
52,1780553401323170560,1780553402323170560,HTTP Chunks Sent,count,min,1.00
52,1780553401323170560,1780553402323170560,HTTP Chunks Sent,count,max,1.00
52,1780553401323170560,1780553402323170560,HTTP Chunks Sent,count,sum,1.00
52,1780553401323170560,1780553402323170560,HTTP Chunks Sent,count,p1,1.00
52,1780553401323170560,1780553402323170560,HTTP Chunks Sent,count,p5,1.00
52,1780553401323170560,1780553402323170560,HTTP Chunks Sent,count,p10,1.00
52,1780553401323170560,1780553402323170560,HTTP Chunks Sent,count,p25,1.00
52,1780553401323170560,1780553402323170560,HTTP Chunks Sent,count,p50,1.00
52,1780553401323170560,1780553402323170560,HTTP Chunks Sent,count,p75,1.00
52,1780553401323170560,1780553402323170560,HTTP Chunks Sent,count,p90,1.00
52,1780553401323170560,1780553402323170560,HTTP Chunks Sent,count,p95,1.00
52,1780553401323170560,1780553402323170560,HTTP Chunks Sent,count,p99,1.00
52,1780553401323170560,1780553402323170560,HTTP Chunks Sent,count,std,0.00
52,1780553401323170560,1780553402323170560,HTTP Connecting,ms,avg,1.16
52,1780553401323170560,1780553402323170560,HTTP Connecting,ms,min,1.16
52,1780553401323170560,1780553402323170560,HTTP Connecting,ms,max,1.16
52,1780553401323170560,1780553402323170560,HTTP Connecting,ms,sum,1.16
52,1780553401323170560,1780553402323170560,HTTP Connecting,ms,p1,1.16
52,1780553401323170560,1780553402323170560,HTTP Connecting,ms,p5,1.16
52,1780553401323170560,1780553402323170560,HTTP Connecting,ms,p10,1.16
52,1780553401323170560,1780553402323170560,HTTP Connecting,ms,p25,1.16
52,1780553401323170560,1780553402323170560,HTTP Connecting,ms,p50,1.16
52,1780553401323170560,1780553402323170560,HTTP Connecting,ms,p75,1.16
52,1780553401323170560,1780553402323170560,HTTP Connecting,ms,p90,1.16
52,1780553401323170560,1780553402323170560,HTTP Connecting,ms,p95,1.16
52,1780553401323170560,1780553402323170560,HTTP Connecting,ms,p99,1.16
52,1780553401323170560,1780553402323170560,HTTP Connecting,ms,std,0.00
52,1780553401323170560,1780553402323170560,HTTP Connection Overhead,ms,avg,1.60
52,1780553401323170560,1780553402323170560,HTTP Connection Overhead,ms,min,1.60
52,1780553401323170560,1780553402323170560,HTTP Connection Overhead,ms,max,1.60
52,1780553401323170560,1780553402323170560,HTTP Connection Overhead,ms,sum,1.60
52,1780553401323170560,1780553402323170560,HTTP Connection Overhead,ms,p1,1.60
52,1780553401323170560,1780553402323170560,HTTP Connection Overhead,ms,p5,1.60
52,1780553401323170560,1780553402323170560,HTTP Connection Overhead,ms,p10,1.60
52,1780553401323170560,1780553402323170560,HTTP Connection Overhead,ms,p25,1.60
52,1780553401323170560,1780553402323170560,HTTP Connection Overhead,ms,p50,1.60
52,1780553401323170560,1780553402323170560,HTTP Connection Overhead,ms,p75,1.60
52,1780553401323170560,1780553402323170560,HTTP Connection Overhead,ms,p90,1.60
52,1780553401323170560,1780553402323170560,HTTP Connection Overhead,ms,p95,1.60
52,1780553401323170560,1780553402323170560,HTTP Connection Overhead,ms,p99,1.60
52,1780553401323170560,1780553402323170560,HTTP Connection Overhead,ms,std,0.00
52,1780553401323170560,1780553402323170560,HTTP Connection Reused,ratio,avg,0.00
52,1780553401323170560,1780553402323170560,HTTP Connection Reused,ratio,min,0.00
52,1780553401323170560,1780553402323170560,HTTP Connection Reused,ratio,max,0.00
52,1780553401323170560,1780553402323170560,HTTP Connection Reused,ratio,sum,0.00
52,1780553401323170560,1780553402323170560,HTTP Connection Reused,ratio,p1,0.00
52,1780553401323170560,1780553402323170560,HTTP Connection Reused,ratio,p5,0.00
52,1780553401323170560,1780553402323170560,HTTP Connection Reused,ratio,p10,0.00
52,1780553401323170560,1780553402323170560,HTTP Connection Reused,ratio,p25,0.00
52,1780553401323170560,1780553402323170560,HTTP Connection Reused,ratio,p50,0.00
52,1780553401323170560,1780553402323170560,HTTP Connection Reused,ratio,p75,0.00
52,1780553401323170560,1780553402323170560,HTTP Connection Reused,ratio,p90,0.00
52,1780553401323170560,1780553402323170560,HTTP Connection Reused,ratio,p95,0.00
52,1780553401323170560,1780553402323170560,HTTP Connection Reused,ratio,p99,0.00
52,1780553401323170560,1780553402323170560,HTTP Connection Reused,ratio,std,0.00
52,1780553401323170560,1780553402323170560,HTTP Data Received,KB,avg,128.74
52,1780553401323170560,1780553402323170560,HTTP Data Received,KB,min,128.74
52,1780553401323170560,1780553402323170560,HTTP Data Received,KB,max,128.74
52,1780553401323170560,1780553402323170560,HTTP Data Received,KB,sum,128.74
52,1780553401323170560,1780553402323170560,HTTP Data Received,KB,p1,128.74
52,1780553401323170560,1780553402323170560,HTTP Data Received,KB,p5,128.74
52,1780553401323170560,1780553402323170560,HTTP Data Received,KB,p10,128.74
52,1780553401323170560,1780553402323170560,HTTP Data Received,KB,p25,128.74
52,1780553401323170560,1780553402323170560,HTTP Data Received,KB,p50,128.74
52,1780553401323170560,1780553402323170560,HTTP Data Received,KB,p75,128.74
52,1780553401323170560,1780553402323170560,HTTP Data Received,KB,p90,128.74
52,1780553401323170560,1780553402323170560,HTTP Data Received,KB,p95,128.74
52,1780553401323170560,1780553402323170560,HTTP Data Received,KB,p99,128.74
52,1780553401323170560,1780553402323170560,HTTP Data Received,KB,std,0.00
52,1780553401323170560,1780553402323170560,HTTP Data Sent,KB,avg,514.65
52,1780553401323170560,1780553402323170560,HTTP Data Sent,KB,min,514.65
52,1780553401323170560,1780553402323170560,HTTP Data Sent,KB,max,514.65
52,1780553401323170560,1780553402323170560,HTTP Data Sent,KB,sum,514.65
52,1780553401323170560,1780553402323170560,HTTP Data Sent,KB,p1,514.65
52,1780553401323170560,1780553402323170560,HTTP Data Sent,KB,p5,514.65
52,1780553401323170560,1780553402323170560,HTTP Data Sent,KB,p10,514.65
52,1780553401323170560,1780553402323170560,HTTP Data Sent,KB,p25,514.65
52,1780553401323170560,1780553402323170560,HTTP Data Sent,KB,p50,514.65
52,1780553401323170560,1780553402323170560,HTTP Data Sent,KB,p75,514.65
52,1780553401323170560,1780553402323170560,HTTP Data Sent,KB,p90,514.65
52,1780553401323170560,1780553402323170560,HTTP Data Sent,KB,p95,514.65
52,1780553401323170560,1780553402323170560,HTTP Data Sent,KB,p99,514.65
52,1780553401323170560,1780553402323170560,HTTP Data Sent,KB,std,0.00
52,1780553401323170560,1780553402323170560,HTTP DNS Lookup,ms,avg,0.44
52,1780553401323170560,1780553402323170560,HTTP DNS Lookup,ms,min,0.44
52,1780553401323170560,1780553402323170560,HTTP DNS Lookup,ms,max,0.44
52,1780553401323170560,1780553402323170560,HTTP DNS Lookup,ms,sum,0.44
52,1780553401323170560,1780553402323170560,HTTP DNS Lookup,ms,p1,0.44
52,1780553401323170560,1780553402323170560,HTTP DNS Lookup,ms,p5,0.44
52,1780553401323170560,1780553402323170560,HTTP DNS Lookup,ms,p10,0.44
52,1780553401323170560,1780553402323170560,HTTP DNS Lookup,ms,p25,0.44
52,1780553401323170560,1780553402323170560,HTTP DNS Lookup,ms,p50,0.44
52,1780553401323170560,1780553402323170560,HTTP DNS Lookup,ms,p75,0.44
52,1780553401323170560,1780553402323170560,HTTP DNS Lookup,ms,p90,0.44
52,1780553401323170560,1780553402323170560,HTTP DNS Lookup,ms,p95,0.44
52,1780553401323170560,1780553402323170560,HTTP DNS Lookup,ms,p99,0.44
52,1780553401323170560,1780553402323170560,HTTP DNS Lookup,ms,std,0.00
52,1780553401323170560,1780553402323170560,HTTP Duration (excl. conn),ms,avg,116221.76
52,1780553401323170560,1780553402323170560,HTTP Duration (excl. conn),ms,min,116221.76
52,1780553401323170560,1780553402323170560,HTTP Duration (excl. conn),ms,max,116221.76
52,1780553401323170560,1780553402323170560,HTTP Duration (excl. conn),ms,sum,116221.76
52,1780553401323170560,1780553402323170560,HTTP Duration (excl. conn),ms,p1,116221.76
52,1780553401323170560,1780553402323170560,HTTP Duration (excl. conn),ms,p5,116221.76
52,1780553401323170560,1780553402323170560,HTTP Duration (excl. conn),ms,p10,116221.76
52,1780553401323170560,1780553402323170560,HTTP Duration (excl. conn),ms,p25,116221.76
52,1780553401323170560,1780553402323170560,HTTP Duration (excl. conn),ms,p50,116221.76
52,1780553401323170560,1780553402323170560,HTTP Duration (excl. conn),ms,p75,116221.76
52,1780553401323170560,1780553402323170560,HTTP Duration (excl. conn),ms,p90,116221.76
52,1780553401323170560,1780553402323170560,HTTP Duration (excl. conn),ms,p95,116221.76
52,1780553401323170560,1780553402323170560,HTTP Duration (excl. conn),ms,p99,116221.76
52,1780553401323170560,1780553402323170560,HTTP Duration (excl. conn),ms,std,0.00
52,1780553401323170560,1780553402323170560,HTTP Receiving,ms,avg,55102.28
52,1780553401323170560,1780553402323170560,HTTP Receiving,ms,min,55102.28
52,1780553401323170560,1780553402323170560,HTTP Receiving,ms,max,55102.28
52,1780553401323170560,1780553402323170560,HTTP Receiving,ms,sum,55102.28
52,1780553401323170560,1780553402323170560,HTTP Receiving,ms,p1,55102.28
52,1780553401323170560,1780553402323170560,HTTP Receiving,ms,p5,55102.28
52,1780553401323170560,1780553402323170560,HTTP Receiving,ms,p10,55102.28
52,1780553401323170560,1780553402323170560,HTTP Receiving,ms,p25,55102.28
52,1780553401323170560,1780553402323170560,HTTP Receiving,ms,p50,55102.28
52,1780553401323170560,1780553402323170560,HTTP Receiving,ms,p75,55102.28
52,1780553401323170560,1780553402323170560,HTTP Receiving,ms,p90,55102.28
52,1780553401323170560,1780553402323170560,HTTP Receiving,ms,p95,55102.28
52,1780553401323170560,1780553402323170560,HTTP Receiving,ms,p99,55102.28
52,1780553401323170560,1780553402323170560,HTTP Receiving,ms,std,0.00
52,1780553401323170560,1780553402323170560,HTTP Sending,ms,avg,1.48
52,1780553401323170560,1780553402323170560,HTTP Sending,ms,min,1.48
52,1780553401323170560,1780553402323170560,HTTP Sending,ms,max,1.48
52,1780553401323170560,1780553402323170560,HTTP Sending,ms,sum,1.48
52,1780553401323170560,1780553402323170560,HTTP Sending,ms,p1,1.48
52,1780553401323170560,1780553402323170560,HTTP Sending,ms,p5,1.48
52,1780553401323170560,1780553402323170560,HTTP Sending,ms,p10,1.48
52,1780553401323170560,1780553402323170560,HTTP Sending,ms,p25,1.48
52,1780553401323170560,1780553402323170560,HTTP Sending,ms,p50,1.48
52,1780553401323170560,1780553402323170560,HTTP Sending,ms,p75,1.48
52,1780553401323170560,1780553402323170560,HTTP Sending,ms,p90,1.48
52,1780553401323170560,1780553402323170560,HTTP Sending,ms,p95,1.48
52,1780553401323170560,1780553402323170560,HTTP Sending,ms,p99,1.48
52,1780553401323170560,1780553402323170560,HTTP Sending,ms,std,0.00
52,1780553401323170560,1780553402323170560,HTTP Total Time,ms,avg,116223.36
52,1780553401323170560,1780553402323170560,HTTP Total Time,ms,min,116223.36
52,1780553401323170560,1780553402323170560,HTTP Total Time,ms,max,116223.36
52,1780553401323170560,1780553402323170560,HTTP Total Time,ms,sum,116223.36
52,1780553401323170560,1780553402323170560,HTTP Total Time,ms,p1,116223.36
52,1780553401323170560,1780553402323170560,HTTP Total Time,ms,p5,116223.36
52,1780553401323170560,1780553402323170560,HTTP Total Time,ms,p10,116223.36
52,1780553401323170560,1780553402323170560,HTTP Total Time,ms,p25,116223.36
52,1780553401323170560,1780553402323170560,HTTP Total Time,ms,p50,116223.36
52,1780553401323170560,1780553402323170560,HTTP Total Time,ms,p75,116223.36
52,1780553401323170560,1780553402323170560,HTTP Total Time,ms,p90,116223.36
52,1780553401323170560,1780553402323170560,HTTP Total Time,ms,p95,116223.36
52,1780553401323170560,1780553402323170560,HTTP Total Time,ms,p99,116223.36
52,1780553401323170560,1780553402323170560,HTTP Total Time,ms,std,0.00
52,1780553401323170560,1780553402323170560,HTTP Waiting (TTFB),ms,avg,61118.00
52,1780553401323170560,1780553402323170560,HTTP Waiting (TTFB),ms,min,61118.00
52,1780553401323170560,1780553402323170560,HTTP Waiting (TTFB),ms,max,61118.00
52,1780553401323170560,1780553402323170560,HTTP Waiting (TTFB),ms,sum,61118.00
52,1780553401323170560,1780553402323170560,HTTP Waiting (TTFB),ms,p1,61118.00
52,1780553401323170560,1780553402323170560,HTTP Waiting (TTFB),ms,p5,61118.00
52,1780553401323170560,1780553402323170560,HTTP Waiting (TTFB),ms,p10,61118.00
52,1780553401323170560,1780553402323170560,HTTP Waiting (TTFB),ms,p25,61118.00
52,1780553401323170560,1780553402323170560,HTTP Waiting (TTFB),ms,p50,61118.00
52,1780553401323170560,1780553402323170560,HTTP Waiting (TTFB),ms,p75,61118.00
52,1780553401323170560,1780553402323170560,HTTP Waiting (TTFB),ms,p90,61118.00
52,1780553401323170560,1780553402323170560,HTTP Waiting (TTFB),ms,p95,61118.00
52,1780553401323170560,1780553402323170560,HTTP Waiting (TTFB),ms,p99,61118.00
52,1780553401323170560,1780553402323170560,HTTP Waiting (TTFB),ms,std,0.00
52,1780553401323170560,1780553402323170560,Input Sequence Length,tokens,avg,131227.00
52,1780553401323170560,1780553402323170560,Input Sequence Length,tokens,min,131227.00
52,1780553401323170560,1780553402323170560,Input Sequence Length,tokens,max,131227.00
52,1780553401323170560,1780553402323170560,Input Sequence Length,tokens,sum,131227.00
52,1780553401323170560,1780553402323170560,Input Sequence Length,tokens,p1,131227.00
52,1780553401323170560,1780553402323170560,Input Sequence Length,tokens,p5,131227.00
52,1780553401323170560,1780553402323170560,Input Sequence Length,tokens,p10,131227.00
52,1780553401323170560,1780553402323170560,Input Sequence Length,tokens,p25,131227.00
52,1780553401323170560,1780553402323170560,Input Sequence Length,tokens,p50,131227.00
52,1780553401323170560,1780553402323170560,Input Sequence Length,tokens,p75,131227.00
52,1780553401323170560,1780553402323170560,Input Sequence Length,tokens,p90,131227.00
52,1780553401323170560,1780553402323170560,Input Sequence Length,tokens,p95,131227.00
52,1780553401323170560,1780553402323170560,Input Sequence Length,tokens,p99,131227.00
52,1780553401323170560,1780553402323170560,Input Sequence Length,tokens,std,0.00
52,1780553401323170560,1780553402323170560,Input Token Throughput,tokens/sec,avg,131227.00
52,1780553401323170560,1780553402323170560,Inter Chunk Latency,ms,avg,65.87
52,1780553401323170560,1780553402323170560,Inter Chunk Latency,ms,min,65.84
52,1780553401323170560,1780553402323170560,Inter Chunk Latency,ms,max,65.89
52,1780553401323170560,1780553402323170560,Inter Chunk Latency,ms,sum,33921.00
52,1780553401323170560,1780553402323170560,Inter Chunk Latency,ms,p1,65.84
52,1780553401323170560,1780553402323170560,Inter Chunk Latency,ms,p5,65.84
52,1780553401323170560,1780553402323170560,Inter Chunk Latency,ms,p10,65.85
52,1780553401323170560,1780553402323170560,Inter Chunk Latency,ms,p25,65.85
52,1780553401323170560,1780553402323170560,Inter Chunk Latency,ms,p50,65.87
52,1780553401323170560,1780553402323170560,Inter Chunk Latency,ms,p75,65.88
52,1780553401323170560,1780553402323170560,Inter Chunk Latency,ms,p90,65.89
52,1780553401323170560,1780553402323170560,Inter Chunk Latency,ms,p95,65.89
52,1780553401323170560,1780553402323170560,Inter Chunk Latency,ms,p99,65.89
52,1780553401323170560,1780553402323170560,Inter Chunk Latency,ms,std,0.01
52,1780553401323170560,1780553402323170560,Inter Token Latency,ms,avg,106.99
52,1780553401323170560,1780553402323170560,Inter Token Latency,ms,min,106.99
52,1780553401323170560,1780553402323170560,Inter Token Latency,ms,max,106.99
52,1780553401323170560,1780553402323170560,Inter Token Latency,ms,sum,106.99
52,1780553401323170560,1780553402323170560,Inter Token Latency,ms,p1,106.99
52,1780553401323170560,1780553402323170560,Inter Token Latency,ms,p5,106.99
52,1780553401323170560,1780553402323170560,Inter Token Latency,ms,p10,106.99
52,1780553401323170560,1780553402323170560,Inter Token Latency,ms,p25,106.99
52,1780553401323170560,1780553402323170560,Inter Token Latency,ms,p50,106.99
52,1780553401323170560,1780553402323170560,Inter Token Latency,ms,p75,106.99
52,1780553401323170560,1780553402323170560,Inter Token Latency,ms,p90,106.99
52,1780553401323170560,1780553402323170560,Inter Token Latency,ms,p95,106.99
52,1780553401323170560,1780553402323170560,Inter Token Latency,ms,p99,106.99
52,1780553401323170560,1780553402323170560,Inter Token Latency,ms,std,0.00
52,1780553401323170560,1780553402323170560,Maximum Response Timestamp,ns,avg,1780553518123201792.00
52,1780553401323170560,1780553402323170560,Minimum Request Timestamp,ns,avg,1780553401901319168.00
52,1780553401323170560,1780553402323170560,OSL Mismatch Count,requests,avg,0.00
52,1780553401323170560,1780553402323170560,OSL Mismatch Diff %,%,avg,0.00
52,1780553401323170560,1780553402323170560,OSL Mismatch Diff %,%,min,0.00
52,1780553401323170560,1780553402323170560,OSL Mismatch Diff %,%,max,0.00
52,1780553401323170560,1780553402323170560,OSL Mismatch Diff %,%,sum,0.00
52,1780553401323170560,1780553402323170560,OSL Mismatch Diff %,%,p1,0.00
52,1780553401323170560,1780553402323170560,OSL Mismatch Diff %,%,p5,0.00
52,1780553401323170560,1780553402323170560,OSL Mismatch Diff %,%,p10,0.00
52,1780553401323170560,1780553402323170560,OSL Mismatch Diff %,%,p25,0.00
52,1780553401323170560,1780553402323170560,OSL Mismatch Diff %,%,p50,0.00
52,1780553401323170560,1780553402323170560,OSL Mismatch Diff %,%,p75,0.00
52,1780553401323170560,1780553402323170560,OSL Mismatch Diff %,%,p90,0.00
52,1780553401323170560,1780553402323170560,OSL Mismatch Diff %,%,p95,0.00
52,1780553401323170560,1780553402323170560,OSL Mismatch Diff %,%,p99,0.00
52,1780553401323170560,1780553402323170560,OSL Mismatch Diff %,%,std,0.00
52,1780553401323170560,1780553402323170560,Output Sequence Length,tokens,avg,516.00
52,1780553401323170560,1780553402323170560,Output Sequence Length,tokens,min,516.00
52,1780553401323170560,1780553402323170560,Output Sequence Length,tokens,max,516.00
52,1780553401323170560,1780553402323170560,Output Sequence Length,tokens,sum,516.00
52,1780553401323170560,1780553402323170560,Output Sequence Length,tokens,p1,516.00
52,1780553401323170560,1780553402323170560,Output Sequence Length,tokens,p5,516.00
52,1780553401323170560,1780553402323170560,Output Sequence Length,tokens,p10,516.00
52,1780553401323170560,1780553402323170560,Output Sequence Length,tokens,p25,516.00
52,1780553401323170560,1780553402323170560,Output Sequence Length,tokens,p50,516.00
52,1780553401323170560,1780553402323170560,Output Sequence Length,tokens,p75,516.00
52,1780553401323170560,1780553402323170560,Output Sequence Length,tokens,p90,516.00
52,1780553401323170560,1780553402323170560,Output Sequence Length,tokens,p95,516.00
52,1780553401323170560,1780553402323170560,Output Sequence Length,tokens,p99,516.00
52,1780553401323170560,1780553402323170560,Output Sequence Length,tokens,std,0.00
52,1780553401323170560,1780553402323170560,Output Token Count,tokens,avg,516.00
52,1780553401323170560,1780553402323170560,Output Token Count,tokens,min,516.00
52,1780553401323170560,1780553402323170560,Output Token Count,tokens,max,516.00
52,1780553401323170560,1780553402323170560,Output Token Count,tokens,sum,516.00
52,1780553401323170560,1780553402323170560,Output Token Count,tokens,p1,516.00
52,1780553401323170560,1780553402323170560,Output Token Count,tokens,p5,516.00
52,1780553401323170560,1780553402323170560,Output Token Count,tokens,p10,516.00
52,1780553401323170560,1780553402323170560,Output Token Count,tokens,p25,516.00
52,1780553401323170560,1780553402323170560,Output Token Count,tokens,p50,516.00
52,1780553401323170560,1780553402323170560,Output Token Count,tokens,p75,516.00
52,1780553401323170560,1780553402323170560,Output Token Count,tokens,p90,516.00
52,1780553401323170560,1780553402323170560,Output Token Count,tokens,p95,516.00
52,1780553401323170560,1780553402323170560,Output Token Count,tokens,p99,516.00
52,1780553401323170560,1780553402323170560,Output Token Count,tokens,std,0.00
52,1780553401323170560,1780553402323170560,Output Token Throughput,tokens/sec,avg,516.00
52,1780553401323170560,1780553402323170560,Output Token Throughput Per User,tokens/sec/user,avg,9.35
52,1780553401323170560,1780553402323170560,Output Token Throughput Per User,tokens/sec/user,min,9.35
52,1780553401323170560,1780553402323170560,Output Token Throughput Per User,tokens/sec/user,max,9.35
52,1780553401323170560,1780553402323170560,Output Token Throughput Per User,tokens/sec/user,sum,9.35
52,1780553401323170560,1780553402323170560,Output Token Throughput Per User,tokens/sec/user,p1,9.35
52,1780553401323170560,1780553402323170560,Output Token Throughput Per User,tokens/sec/user,p5,9.35
52,1780553401323170560,1780553402323170560,Output Token Throughput Per User,tokens/sec/user,p10,9.35
52,1780553401323170560,1780553402323170560,Output Token Throughput Per User,tokens/sec/user,p25,9.35
52,1780553401323170560,1780553402323170560,Output Token Throughput Per User,tokens/sec/user,p50,9.35
52,1780553401323170560,1780553402323170560,Output Token Throughput Per User,tokens/sec/user,p75,9.35
52,1780553401323170560,1780553402323170560,Output Token Throughput Per User,tokens/sec/user,p90,9.35
52,1780553401323170560,1780553402323170560,Output Token Throughput Per User,tokens/sec/user,p95,9.35
52,1780553401323170560,1780553402323170560,Output Token Throughput Per User,tokens/sec/user,p99,9.35
52,1780553401323170560,1780553402323170560,Output Token Throughput Per User,tokens/sec/user,std,0.00
52,1780553401323170560,1780553402323170560,Prefill Throughput Per User,tokens/sec/user,avg,2147.05
52,1780553401323170560,1780553402323170560,Prefill Throughput Per User,tokens/sec/user,min,2147.05
52,1780553401323170560,1780553402323170560,Prefill Throughput Per User,tokens/sec/user,max,2147.05
52,1780553401323170560,1780553402323170560,Prefill Throughput Per User,tokens/sec/user,sum,2147.05
52,1780553401323170560,1780553402323170560,Prefill Throughput Per User,tokens/sec/user,p1,2147.05
52,1780553401323170560,1780553402323170560,Prefill Throughput Per User,tokens/sec/user,p5,2147.05
52,1780553401323170560,1780553402323170560,Prefill Throughput Per User,tokens/sec/user,p10,2147.05
52,1780553401323170560,1780553402323170560,Prefill Throughput Per User,tokens/sec/user,p25,2147.05
52,1780553401323170560,1780553402323170560,Prefill Throughput Per User,tokens/sec/user,p50,2147.05
52,1780553401323170560,1780553402323170560,Prefill Throughput Per User,tokens/sec/user,p75,2147.05
52,1780553401323170560,1780553402323170560,Prefill Throughput Per User,tokens/sec/user,p90,2147.05
52,1780553401323170560,1780553402323170560,Prefill Throughput Per User,tokens/sec/user,p95,2147.05
52,1780553401323170560,1780553402323170560,Prefill Throughput Per User,tokens/sec/user,p99,2147.05
52,1780553401323170560,1780553402323170560,Prefill Throughput Per User,tokens/sec/user,std,0.00
52,1780553401323170560,1780553402323170560,Request Count,requests,avg,1.00
52,1780553401323170560,1780553402323170560,Request Latency,ms,avg,116221.88
52,1780553401323170560,1780553402323170560,Request Latency,ms,min,116221.88
52,1780553401323170560,1780553402323170560,Request Latency,ms,max,116221.88
52,1780553401323170560,1780553402323170560,Request Latency,ms,sum,116221.88
52,1780553401323170560,1780553402323170560,Request Latency,ms,p1,116221.88
52,1780553401323170560,1780553402323170560,Request Latency,ms,p5,116221.88
52,1780553401323170560,1780553402323170560,Request Latency,ms,p10,116221.88
52,1780553401323170560,1780553402323170560,Request Latency,ms,p25,116221.88
52,1780553401323170560,1780553402323170560,Request Latency,ms,p50,116221.88
52,1780553401323170560,1780553402323170560,Request Latency,ms,p75,116221.88
52,1780553401323170560,1780553402323170560,Request Latency,ms,p90,116221.88
52,1780553401323170560,1780553402323170560,Request Latency,ms,p95,116221.88
52,1780553401323170560,1780553402323170560,Request Latency,ms,p99,116221.88
52,1780553401323170560,1780553402323170560,Request Latency,ms,std,0.00
52,1780553401323170560,1780553402323170560,Request Throughput,requests/sec,avg,1.00
52,1780553401323170560,1780553402323170560,Requested OSL,tokens,avg,516.00
52,1780553401323170560,1780553402323170560,Requested OSL,tokens,min,516.00
52,1780553401323170560,1780553402323170560,Requested OSL,tokens,max,516.00
52,1780553401323170560,1780553402323170560,Requested OSL,tokens,sum,516.00
52,1780553401323170560,1780553402323170560,Requested OSL,tokens,p1,516.00
52,1780553401323170560,1780553402323170560,Requested OSL,tokens,p5,516.00
52,1780553401323170560,1780553402323170560,Requested OSL,tokens,p10,516.00
52,1780553401323170560,1780553402323170560,Requested OSL,tokens,p25,516.00
52,1780553401323170560,1780553402323170560,Requested OSL,tokens,p50,516.00
52,1780553401323170560,1780553402323170560,Requested OSL,tokens,p75,516.00
52,1780553401323170560,1780553402323170560,Requested OSL,tokens,p90,516.00
52,1780553401323170560,1780553402323170560,Requested OSL,tokens,p95,516.00
52,1780553401323170560,1780553402323170560,Requested OSL,tokens,p99,516.00
52,1780553401323170560,1780553402323170560,Requested OSL,tokens,std,0.00
52,1780553401323170560,1780553402323170560,Time to First Output Token,ms,avg,61119.61
52,1780553401323170560,1780553402323170560,Time to First Output Token,ms,min,61119.61
52,1780553401323170560,1780553402323170560,Time to First Output Token,ms,max,61119.61
52,1780553401323170560,1780553402323170560,Time to First Output Token,ms,sum,61119.61
52,1780553401323170560,1780553402323170560,Time to First Output Token,ms,p1,61119.61
52,1780553401323170560,1780553402323170560,Time to First Output Token,ms,p5,61119.61
52,1780553401323170560,1780553402323170560,Time to First Output Token,ms,p10,61119.61
52,1780553401323170560,1780553402323170560,Time to First Output Token,ms,p25,61119.61
52,1780553401323170560,1780553402323170560,Time to First Output Token,ms,p50,61119.61
52,1780553401323170560,1780553402323170560,Time to First Output Token,ms,p75,61119.61
52,1780553401323170560,1780553402323170560,Time to First Output Token,ms,p90,61119.61
52,1780553401323170560,1780553402323170560,Time to First Output Token,ms,p95,61119.61
52,1780553401323170560,1780553402323170560,Time to First Output Token,ms,p99,61119.61
52,1780553401323170560,1780553402323170560,Time to First Output Token,ms,std,0.00
52,1780553401323170560,1780553402323170560,Time to First Token,ms,avg,61119.61
52,1780553401323170560,1780553402323170560,Time to First Token,ms,min,61119.61
52,1780553401323170560,1780553402323170560,Time to First Token,ms,max,61119.61
52,1780553401323170560,1780553402323170560,Time to First Token,ms,sum,61119.61
52,1780553401323170560,1780553402323170560,Time to First Token,ms,p1,61119.61
52,1780553401323170560,1780553402323170560,Time to First Token,ms,p5,61119.61
52,1780553401323170560,1780553402323170560,Time to First Token,ms,p10,61119.61
52,1780553401323170560,1780553402323170560,Time to First Token,ms,p25,61119.61
52,1780553401323170560,1780553402323170560,Time to First Token,ms,p50,61119.61
52,1780553401323170560,1780553402323170560,Time to First Token,ms,p75,61119.61
52,1780553401323170560,1780553402323170560,Time to First Token,ms,p90,61119.61
52,1780553401323170560,1780553402323170560,Time to First Token,ms,p95,61119.61
52,1780553401323170560,1780553402323170560,Time to First Token,ms,p99,61119.61
52,1780553401323170560,1780553402323170560,Time to First Token,ms,std,0.00
52,1780553401323170560,1780553402323170560,Time to Second Token,ms,avg,0.75
52,1780553401323170560,1780553402323170560,Time to Second Token,ms,min,0.75
52,1780553401323170560,1780553402323170560,Time to Second Token,ms,max,0.75
52,1780553401323170560,1780553402323170560,Time to Second Token,ms,sum,0.75
52,1780553401323170560,1780553402323170560,Time to Second Token,ms,p1,0.75
52,1780553401323170560,1780553402323170560,Time to Second Token,ms,p5,0.75
52,1780553401323170560,1780553402323170560,Time to Second Token,ms,p10,0.75
52,1780553401323170560,1780553402323170560,Time to Second Token,ms,p25,0.75
52,1780553401323170560,1780553402323170560,Time to Second Token,ms,p50,0.75
52,1780553401323170560,1780553402323170560,Time to Second Token,ms,p75,0.75
52,1780553401323170560,1780553402323170560,Time to Second Token,ms,p90,0.75
52,1780553401323170560,1780553402323170560,Time to Second Token,ms,p95,0.75
52,1780553401323170560,1780553402323170560,Time to Second Token,ms,p99,0.75
52,1780553401323170560,1780553402323170560,Time to Second Token,ms,std,0.00
52,1780553401323170560,1780553402323170560,Tokens In Flight,tokens,avg,1442825.71
52,1780553401323170560,1780553402323170560,Tokens In Flight,tokens,min,1387452.17
52,1780553401323170560,1780553402323170560,Tokens In Flight,tokens,max,1518709.29
52,1780553401323170560,1780553402323170560,Tokens In Flight,tokens,p50,1387467.23
52,1780553401323170560,1780553402323170560,Tokens In Flight,tokens,p90,1518706.27
52,1780553401323170560,1780553402323170560,Tokens In Flight,tokens,p95,1518708.28
52,1780553401323170560,1780553402323170560,Tokens In Flight,tokens,p99,1518709.29
52,1780553401323170560,1780553402323170560,Tokens In Flight,tokens,std,64814.56
52,1780553401323170560,1780553402323170560,Total Input Sequence Length,tokens,avg,131227.00
52,1780553401323170560,1780553402323170560,Total Output Sequence Length,tokens,avg,516.00
52,1780553401323170560,1780553402323170560,Total Output Tokens,tokens,avg,516.00
52,1780553401323170560,1780553402323170560,Total Token Throughput,tokens/sec,avg,131743.00
52,1780553401323170560,1780553402323170560,Total Usage Completion Tokens,tokens,avg,516.00
52,1780553401323170560,1780553402323170560,Total Usage Prompt Tokens,tokens,avg,131227.00
52,1780553401323170560,1780553402323170560,Total Usage Total Tokens,tokens,avg,131743.00
52,1780553401323170560,1780553402323170560,Usage Completion Tokens,tokens,avg,516.00
52,1780553401323170560,1780553402323170560,Usage Completion Tokens,tokens,min,516.00
52,1780553401323170560,1780553402323170560,Usage Completion Tokens,tokens,max,516.00
52,1780553401323170560,1780553402323170560,Usage Completion Tokens,tokens,sum,516.00
52,1780553401323170560,1780553402323170560,Usage Completion Tokens,tokens,p1,516.00
52,1780553401323170560,1780553402323170560,Usage Completion Tokens,tokens,p5,516.00
52,1780553401323170560,1780553402323170560,Usage Completion Tokens,tokens,p10,516.00
52,1780553401323170560,1780553402323170560,Usage Completion Tokens,tokens,p25,516.00
52,1780553401323170560,1780553402323170560,Usage Completion Tokens,tokens,p50,516.00
52,1780553401323170560,1780553402323170560,Usage Completion Tokens,tokens,p75,516.00
52,1780553401323170560,1780553402323170560,Usage Completion Tokens,tokens,p90,516.00
52,1780553401323170560,1780553402323170560,Usage Completion Tokens,tokens,p95,516.00
52,1780553401323170560,1780553402323170560,Usage Completion Tokens,tokens,p99,516.00
52,1780553401323170560,1780553402323170560,Usage Completion Tokens,tokens,std,0.00
52,1780553401323170560,1780553402323170560,Usage Prompt Tokens,tokens,avg,131227.00
52,1780553401323170560,1780553402323170560,Usage Prompt Tokens,tokens,min,131227.00
52,1780553401323170560,1780553402323170560,Usage Prompt Tokens,tokens,max,131227.00
52,1780553401323170560,1780553402323170560,Usage Prompt Tokens,tokens,sum,131227.00
52,1780553401323170560,1780553402323170560,Usage Prompt Tokens,tokens,p1,131227.00
52,1780553401323170560,1780553402323170560,Usage Prompt Tokens,tokens,p5,131227.00
52,1780553401323170560,1780553402323170560,Usage Prompt Tokens,tokens,p10,131227.00
52,1780553401323170560,1780553402323170560,Usage Prompt Tokens,tokens,p25,131227.00
52,1780553401323170560,1780553402323170560,Usage Prompt Tokens,tokens,p50,131227.00
52,1780553401323170560,1780553402323170560,Usage Prompt Tokens,tokens,p75,131227.00
52,1780553401323170560,1780553402323170560,Usage Prompt Tokens,tokens,p90,131227.00
52,1780553401323170560,1780553402323170560,Usage Prompt Tokens,tokens,p95,131227.00
52,1780553401323170560,1780553402323170560,Usage Prompt Tokens,tokens,p99,131227.00
52,1780553401323170560,1780553402323170560,Usage Prompt Tokens,tokens,std,0.00
52,1780553401323170560,1780553402323170560,Usage Total Tokens,tokens,avg,131743.00
52,1780553401323170560,1780553402323170560,Usage Total Tokens,tokens,min,131743.00
52,1780553401323170560,1780553402323170560,Usage Total Tokens,tokens,max,131743.00
52,1780553401323170560,1780553402323170560,Usage Total Tokens,tokens,sum,131743.00
52,1780553401323170560,1780553402323170560,Usage Total Tokens,tokens,p1,131743.00
52,1780553401323170560,1780553402323170560,Usage Total Tokens,tokens,p5,131743.00
52,1780553401323170560,1780553402323170560,Usage Total Tokens,tokens,p10,131743.00
52,1780553401323170560,1780553402323170560,Usage Total Tokens,tokens,p25,131743.00
52,1780553401323170560,1780553402323170560,Usage Total Tokens,tokens,p50,131743.00
52,1780553401323170560,1780553402323170560,Usage Total Tokens,tokens,p75,131743.00
52,1780553401323170560,1780553402323170560,Usage Total Tokens,tokens,p90,131743.00
52,1780553401323170560,1780553402323170560,Usage Total Tokens,tokens,p95,131743.00
52,1780553401323170560,1780553402323170560,Usage Total Tokens,tokens,p99,131743.00
52,1780553401323170560,1780553402323170560,Usage Total Tokens,tokens,std,0.00
53,1780553415323170560,1780553416323170560,Active Decode Throughput,tokens/sec,avg,30.17
53,1780553415323170560,1780553416323170560,Active Decode Throughput,tokens/sec,min,14.98
53,1780553415323170560,1780553416323170560,Active Decode Throughput,tokens/sec,max,45.36
53,1780553415323170560,1780553416323170560,Active Decode Throughput,tokens/sec,p50,30.17
53,1780553415323170560,1780553416323170560,Active Decode Throughput,tokens/sec,p90,30.17
53,1780553415323170560,1780553416323170560,Active Decode Throughput,tokens/sec,p95,30.17
53,1780553415323170560,1780553416323170560,Active Decode Throughput,tokens/sec,p99,30.17
53,1780553415323170560,1780553416323170560,Active Decode Throughput,tokens/sec,std,0.02
53,1780553415323170560,1780553416323170560,Active Decode Throughput Per User,tokens/sec/user,avg,3.77
53,1780553415323170560,1780553416323170560,Active Decode Throughput Per User,tokens/sec/user,min,1.87
53,1780553415323170560,1780553416323170560,Active Decode Throughput Per User,tokens/sec/user,max,5.67
53,1780553415323170560,1780553416323170560,Active Decode Throughput Per User,tokens/sec/user,p50,3.77
53,1780553415323170560,1780553416323170560,Active Decode Throughput Per User,tokens/sec/user,p90,3.77
53,1780553415323170560,1780553416323170560,Active Decode Throughput Per User,tokens/sec/user,p95,3.77
53,1780553415323170560,1780553416323170560,Active Decode Throughput Per User,tokens/sec/user,p99,3.77
53,1780553415323170560,1780553416323170560,Active Decode Throughput Per User,tokens/sec/user,std,0.00
53,1780553415323170560,1780553416323170560,Active Prefill Throughput,tokens/sec,avg,10167.46
53,1780553415323170560,1780553416323170560,Active Prefill Throughput,tokens/sec,min,9393.63
53,1780553415323170560,1780553416323170560,Active Prefill Throughput,tokens/sec,max,10654.98
53,1780553415323170560,1780553416323170560,Active Prefill Throughput,tokens/sec,p50,10654.98
53,1780553415323170560,1780553416323170560,Active Prefill Throughput,tokens/sec,p90,10654.98
53,1780553415323170560,1780553416323170560,Active Prefill Throughput,tokens/sec,p95,10654.98
53,1780553415323170560,1780553416323170560,Active Prefill Throughput,tokens/sec,p99,10654.98
53,1780553415323170560,1780553416323170560,Active Prefill Throughput,tokens/sec,std,614.21
53,1780553415323170560,1780553416323170560,Active Prefill Throughput Per User,tokens/sec/user,avg,1815.60
53,1780553415323170560,1780553416323170560,Active Prefill Throughput Per User,tokens/sec/user,min,1775.83
53,1780553415323170560,1780553416323170560,Active Prefill Throughput Per User,tokens/sec/user,max,1878.73
53,1780553415323170560,1780553416323170560,Active Prefill Throughput Per User,tokens/sec/user,p50,1775.83
53,1780553415323170560,1780553416323170560,Active Prefill Throughput Per User,tokens/sec/user,p90,1878.73
53,1780553415323170560,1780553416323170560,Active Prefill Throughput Per User,tokens/sec/user,p95,1878.73
53,1780553415323170560,1780553416323170560,Active Prefill Throughput Per User,tokens/sec/user,p99,1878.73
53,1780553415323170560,1780553416323170560,Active Prefill Throughput Per User,tokens/sec/user,std,50.11
53,1780553415323170560,1780553416323170560,Active Total Throughput,tokens/sec,avg,10213.38
53,1780553415323170560,1780553416323170560,Active Total Throughput,tokens/sec,min,9439.55
53,1780553415323170560,1780553416323170560,Active Total Throughput,tokens/sec,max,10700.90
53,1780553415323170560,1780553416323170560,Active Total Throughput,tokens/sec,p50,10700.90
53,1780553415323170560,1780553416323170560,Active Total Throughput,tokens/sec,p90,10700.90
53,1780553415323170560,1780553416323170560,Active Total Throughput,tokens/sec,p95,10700.90
53,1780553415323170560,1780553416323170560,Active Total Throughput,tokens/sec,p99,10700.90
53,1780553415323170560,1780553416323170560,Active Total Throughput,tokens/sec,std,614.21
53,1780553415323170560,1780553416323170560,Benchmark Duration,sec,avg,290.55
53,1780553415323170560,1780553416323170560,E2E Output Token Throughput,tokens/sec/user,avg,3.97
53,1780553415323170560,1780553416323170560,E2E Output Token Throughput,tokens/sec/user,min,3.97
53,1780553415323170560,1780553416323170560,E2E Output Token Throughput,tokens/sec/user,max,3.97
53,1780553415323170560,1780553416323170560,E2E Output Token Throughput,tokens/sec/user,sum,3.97
53,1780553415323170560,1780553416323170560,E2E Output Token Throughput,tokens/sec/user,p1,3.97
53,1780553415323170560,1780553416323170560,E2E Output Token Throughput,tokens/sec/user,p5,3.97
53,1780553415323170560,1780553416323170560,E2E Output Token Throughput,tokens/sec/user,p10,3.97
53,1780553415323170560,1780553416323170560,E2E Output Token Throughput,tokens/sec/user,p25,3.97
53,1780553415323170560,1780553416323170560,E2E Output Token Throughput,tokens/sec/user,p50,3.97
53,1780553415323170560,1780553416323170560,E2E Output Token Throughput,tokens/sec/user,p75,3.97
53,1780553415323170560,1780553416323170560,E2E Output Token Throughput,tokens/sec/user,p90,3.97
53,1780553415323170560,1780553416323170560,E2E Output Token Throughput,tokens/sec/user,p95,3.97
53,1780553415323170560,1780553416323170560,E2E Output Token Throughput,tokens/sec/user,p99,3.97
53,1780553415323170560,1780553416323170560,E2E Output Token Throughput,tokens/sec/user,std,0.00
53,1780553415323170560,1780553416323170560,Effective Concurrency,requests,avg,13.61
53,1780553415323170560,1780553416323170560,Effective Concurrency,requests,min,13.00
53,1780553415323170560,1780553416323170560,Effective Concurrency,requests,max,14.00
53,1780553415323170560,1780553416323170560,Effective Concurrency,requests,p50,14.00
53,1780553415323170560,1780553416323170560,Effective Concurrency,requests,p90,14.00
53,1780553415323170560,1780553416323170560,Effective Concurrency,requests,p95,14.00
53,1780553415323170560,1780553416323170560,Effective Concurrency,requests,p99,14.00
53,1780553415323170560,1780553416323170560,Effective Concurrency,requests,std,0.49
53,1780553415323170560,1780553416323170560,Effective Decode Concurrency,requests,avg,8.00
53,1780553415323170560,1780553416323170560,Effective Decode Concurrency,requests,min,8.00
53,1780553415323170560,1780553416323170560,Effective Decode Concurrency,requests,max,8.00
53,1780553415323170560,1780553416323170560,Effective Decode Concurrency,requests,p50,8.00
53,1780553415323170560,1780553416323170560,Effective Decode Concurrency,requests,p90,8.00
53,1780553415323170560,1780553416323170560,Effective Decode Concurrency,requests,p95,8.00
53,1780553415323170560,1780553416323170560,Effective Decode Concurrency,requests,p99,8.00
53,1780553415323170560,1780553416323170560,Effective Decode Concurrency,requests,std,0.00
53,1780553415323170560,1780553416323170560,Effective Decode Throughput,tokens/sec,avg,30.17
53,1780553415323170560,1780553416323170560,Effective Decode Throughput,tokens/sec,min,14.98
53,1780553415323170560,1780553416323170560,Effective Decode Throughput,tokens/sec,max,45.36
53,1780553415323170560,1780553416323170560,Effective Decode Throughput,tokens/sec,p50,30.17
53,1780553415323170560,1780553416323170560,Effective Decode Throughput,tokens/sec,p90,30.17
53,1780553415323170560,1780553416323170560,Effective Decode Throughput,tokens/sec,p95,30.17
53,1780553415323170560,1780553416323170560,Effective Decode Throughput,tokens/sec,p99,30.17
53,1780553415323170560,1780553416323170560,Effective Decode Throughput,tokens/sec,std,0.02
53,1780553415323170560,1780553416323170560,Effective Decode Throughput Per User,tokens/sec/user,avg,3.77
53,1780553415323170560,1780553416323170560,Effective Decode Throughput Per User,tokens/sec/user,min,1.87
53,1780553415323170560,1780553416323170560,Effective Decode Throughput Per User,tokens/sec/user,max,5.67
53,1780553415323170560,1780553416323170560,Effective Decode Throughput Per User,tokens/sec/user,p50,3.77
53,1780553415323170560,1780553416323170560,Effective Decode Throughput Per User,tokens/sec/user,p90,3.77
53,1780553415323170560,1780553416323170560,Effective Decode Throughput Per User,tokens/sec/user,p95,3.77
53,1780553415323170560,1780553416323170560,Effective Decode Throughput Per User,tokens/sec/user,p99,3.77
53,1780553415323170560,1780553416323170560,Effective Decode Throughput Per User,tokens/sec/user,std,0.00
53,1780553415323170560,1780553416323170560,Effective Prefill Concurrency,requests,avg,5.61
53,1780553415323170560,1780553416323170560,Effective Prefill Concurrency,requests,min,5.00
53,1780553415323170560,1780553416323170560,Effective Prefill Concurrency,requests,max,6.00
53,1780553415323170560,1780553416323170560,Effective Prefill Concurrency,requests,p50,6.00
53,1780553415323170560,1780553416323170560,Effective Prefill Concurrency,requests,p90,6.00
53,1780553415323170560,1780553416323170560,Effective Prefill Concurrency,requests,p95,6.00
53,1780553415323170560,1780553416323170560,Effective Prefill Concurrency,requests,p99,6.00
53,1780553415323170560,1780553416323170560,Effective Prefill Concurrency,requests,std,0.49
53,1780553415323170560,1780553416323170560,Effective Prefill Throughput,tokens/sec,avg,10167.46
53,1780553415323170560,1780553416323170560,Effective Prefill Throughput,tokens/sec,min,9393.63
53,1780553415323170560,1780553416323170560,Effective Prefill Throughput,tokens/sec,max,10654.98
53,1780553415323170560,1780553416323170560,Effective Prefill Throughput,tokens/sec,p50,10654.98
53,1780553415323170560,1780553416323170560,Effective Prefill Throughput,tokens/sec,p90,10654.98
53,1780553415323170560,1780553416323170560,Effective Prefill Throughput,tokens/sec,p95,10654.98
53,1780553415323170560,1780553416323170560,Effective Prefill Throughput,tokens/sec,p99,10654.98
53,1780553415323170560,1780553416323170560,Effective Prefill Throughput,tokens/sec,std,614.21
53,1780553415323170560,1780553416323170560,Effective Prefill Throughput Per User,tokens/sec/user,avg,1815.60
53,1780553415323170560,1780553416323170560,Effective Prefill Throughput Per User,tokens/sec/user,min,1775.83
53,1780553415323170560,1780553416323170560,Effective Prefill Throughput Per User,tokens/sec/user,max,1878.73
53,1780553415323170560,1780553416323170560,Effective Prefill Throughput Per User,tokens/sec/user,p50,1775.83
53,1780553415323170560,1780553416323170560,Effective Prefill Throughput Per User,tokens/sec/user,p90,1878.73
53,1780553415323170560,1780553416323170560,Effective Prefill Throughput Per User,tokens/sec/user,p95,1878.73
53,1780553415323170560,1780553416323170560,Effective Prefill Throughput Per User,tokens/sec/user,p99,1878.73
53,1780553415323170560,1780553416323170560,Effective Prefill Throughput Per User,tokens/sec/user,std,50.11
53,1780553415323170560,1780553416323170560,Effective Total Throughput,tokens/sec,avg,10213.38
53,1780553415323170560,1780553416323170560,Effective Total Throughput,tokens/sec,min,9439.55
53,1780553415323170560,1780553416323170560,Effective Total Throughput,tokens/sec,max,10700.90
53,1780553415323170560,1780553416323170560,Effective Total Throughput,tokens/sec,p50,10700.90
53,1780553415323170560,1780553416323170560,Effective Total Throughput,tokens/sec,p90,10700.90
53,1780553415323170560,1780553416323170560,Effective Total Throughput,tokens/sec,p95,10700.90
53,1780553415323170560,1780553416323170560,Effective Total Throughput,tokens/sec,p99,10700.90
53,1780553415323170560,1780553416323170560,Effective Total Throughput,tokens/sec,std,614.21
53,1780553415323170560,1780553416323170560,HTTP Blocked,ms,avg,0.00
53,1780553415323170560,1780553416323170560,HTTP Blocked,ms,min,0.00
53,1780553415323170560,1780553416323170560,HTTP Blocked,ms,max,0.00
53,1780553415323170560,1780553416323170560,HTTP Blocked,ms,sum,0.00
53,1780553415323170560,1780553416323170560,HTTP Blocked,ms,p1,0.00
53,1780553415323170560,1780553416323170560,HTTP Blocked,ms,p5,0.00
53,1780553415323170560,1780553416323170560,HTTP Blocked,ms,p10,0.00
53,1780553415323170560,1780553416323170560,HTTP Blocked,ms,p25,0.00
53,1780553415323170560,1780553416323170560,HTTP Blocked,ms,p50,0.00
53,1780553415323170560,1780553416323170560,HTTP Blocked,ms,p75,0.00
53,1780553415323170560,1780553416323170560,HTTP Blocked,ms,p90,0.00
53,1780553415323170560,1780553416323170560,HTTP Blocked,ms,p95,0.00
53,1780553415323170560,1780553416323170560,HTTP Blocked,ms,p99,0.00
53,1780553415323170560,1780553416323170560,HTTP Blocked,ms,std,0.00
53,1780553415323170560,1780553416323170560,HTTP Chunks Received,count,avg,1154.00
53,1780553415323170560,1780553416323170560,HTTP Chunks Received,count,min,1154.00
53,1780553415323170560,1780553416323170560,HTTP Chunks Received,count,max,1154.00
53,1780553415323170560,1780553416323170560,HTTP Chunks Received,count,sum,1154.00
53,1780553415323170560,1780553416323170560,HTTP Chunks Received,count,p1,1154.00
53,1780553415323170560,1780553416323170560,HTTP Chunks Received,count,p5,1154.00
53,1780553415323170560,1780553416323170560,HTTP Chunks Received,count,p10,1154.00
53,1780553415323170560,1780553416323170560,HTTP Chunks Received,count,p25,1154.00
53,1780553415323170560,1780553416323170560,HTTP Chunks Received,count,p50,1154.00
53,1780553415323170560,1780553416323170560,HTTP Chunks Received,count,p75,1154.00
53,1780553415323170560,1780553416323170560,HTTP Chunks Received,count,p90,1154.00
53,1780553415323170560,1780553416323170560,HTTP Chunks Received,count,p95,1154.00
53,1780553415323170560,1780553416323170560,HTTP Chunks Received,count,p99,1154.00
53,1780553415323170560,1780553416323170560,HTTP Chunks Received,count,std,0.00
53,1780553415323170560,1780553416323170560,HTTP Chunks Sent,count,avg,1.00
53,1780553415323170560,1780553416323170560,HTTP Chunks Sent,count,min,1.00
53,1780553415323170560,1780553416323170560,HTTP Chunks Sent,count,max,1.00
53,1780553415323170560,1780553416323170560,HTTP Chunks Sent,count,sum,1.00
53,1780553415323170560,1780553416323170560,HTTP Chunks Sent,count,p1,1.00
53,1780553415323170560,1780553416323170560,HTTP Chunks Sent,count,p5,1.00
53,1780553415323170560,1780553416323170560,HTTP Chunks Sent,count,p10,1.00
53,1780553415323170560,1780553416323170560,HTTP Chunks Sent,count,p25,1.00
53,1780553415323170560,1780553416323170560,HTTP Chunks Sent,count,p50,1.00
53,1780553415323170560,1780553416323170560,HTTP Chunks Sent,count,p75,1.00
53,1780553415323170560,1780553416323170560,HTTP Chunks Sent,count,p90,1.00
53,1780553415323170560,1780553416323170560,HTTP Chunks Sent,count,p95,1.00
53,1780553415323170560,1780553416323170560,HTTP Chunks Sent,count,p99,1.00
53,1780553415323170560,1780553416323170560,HTTP Chunks Sent,count,std,0.00
53,1780553415323170560,1780553416323170560,HTTP Connecting,ms,avg,0.70
53,1780553415323170560,1780553416323170560,HTTP Connecting,ms,min,0.70
53,1780553415323170560,1780553416323170560,HTTP Connecting,ms,max,0.70
53,1780553415323170560,1780553416323170560,HTTP Connecting,ms,sum,0.70
53,1780553415323170560,1780553416323170560,HTTP Connecting,ms,p1,0.70
53,1780553415323170560,1780553416323170560,HTTP Connecting,ms,p5,0.70
53,1780553415323170560,1780553416323170560,HTTP Connecting,ms,p10,0.70
53,1780553415323170560,1780553416323170560,HTTP Connecting,ms,p25,0.70
53,1780553415323170560,1780553416323170560,HTTP Connecting,ms,p50,0.70
53,1780553415323170560,1780553416323170560,HTTP Connecting,ms,p75,0.70
53,1780553415323170560,1780553416323170560,HTTP Connecting,ms,p90,0.70
53,1780553415323170560,1780553416323170560,HTTP Connecting,ms,p95,0.70
53,1780553415323170560,1780553416323170560,HTTP Connecting,ms,p99,0.70
53,1780553415323170560,1780553416323170560,HTTP Connecting,ms,std,0.00
53,1780553415323170560,1780553416323170560,HTTP Connection Overhead,ms,avg,0.70
53,1780553415323170560,1780553416323170560,HTTP Connection Overhead,ms,min,0.70
53,1780553415323170560,1780553416323170560,HTTP Connection Overhead,ms,max,0.70
53,1780553415323170560,1780553416323170560,HTTP Connection Overhead,ms,sum,0.70
53,1780553415323170560,1780553416323170560,HTTP Connection Overhead,ms,p1,0.70
53,1780553415323170560,1780553416323170560,HTTP Connection Overhead,ms,p5,0.70
53,1780553415323170560,1780553416323170560,HTTP Connection Overhead,ms,p10,0.70
53,1780553415323170560,1780553416323170560,HTTP Connection Overhead,ms,p25,0.70
53,1780553415323170560,1780553416323170560,HTTP Connection Overhead,ms,p50,0.70
53,1780553415323170560,1780553416323170560,HTTP Connection Overhead,ms,p75,0.70
53,1780553415323170560,1780553416323170560,HTTP Connection Overhead,ms,p90,0.70
53,1780553415323170560,1780553416323170560,HTTP Connection Overhead,ms,p95,0.70
53,1780553415323170560,1780553416323170560,HTTP Connection Overhead,ms,p99,0.70
53,1780553415323170560,1780553416323170560,HTTP Connection Overhead,ms,std,0.00
53,1780553415323170560,1780553416323170560,HTTP Connection Reused,ratio,avg,0.00
53,1780553415323170560,1780553416323170560,HTTP Connection Reused,ratio,min,0.00
53,1780553415323170560,1780553416323170560,HTTP Connection Reused,ratio,max,0.00
53,1780553415323170560,1780553416323170560,HTTP Connection Reused,ratio,sum,0.00
53,1780553415323170560,1780553416323170560,HTTP Connection Reused,ratio,p1,0.00
53,1780553415323170560,1780553416323170560,HTTP Connection Reused,ratio,p5,0.00
53,1780553415323170560,1780553416323170560,HTTP Connection Reused,ratio,p10,0.00
53,1780553415323170560,1780553416323170560,HTTP Connection Reused,ratio,p25,0.00
53,1780553415323170560,1780553416323170560,HTTP Connection Reused,ratio,p50,0.00
53,1780553415323170560,1780553416323170560,HTTP Connection Reused,ratio,p75,0.00
53,1780553415323170560,1780553416323170560,HTTP Connection Reused,ratio,p90,0.00
53,1780553415323170560,1780553416323170560,HTTP Connection Reused,ratio,p95,0.00
53,1780553415323170560,1780553416323170560,HTTP Connection Reused,ratio,p99,0.00
53,1780553415323170560,1780553416323170560,HTTP Connection Reused,ratio,std,0.00
53,1780553415323170560,1780553416323170560,HTTP Data Received,KB,avg,287.11
53,1780553415323170560,1780553416323170560,HTTP Data Received,KB,min,287.11
53,1780553415323170560,1780553416323170560,HTTP Data Received,KB,max,287.11
53,1780553415323170560,1780553416323170560,HTTP Data Received,KB,sum,287.11
53,1780553415323170560,1780553416323170560,HTTP Data Received,KB,p1,287.11
53,1780553415323170560,1780553416323170560,HTTP Data Received,KB,p5,287.11
53,1780553415323170560,1780553416323170560,HTTP Data Received,KB,p10,287.11
53,1780553415323170560,1780553416323170560,HTTP Data Received,KB,p25,287.11
53,1780553415323170560,1780553416323170560,HTTP Data Received,KB,p50,287.11
53,1780553415323170560,1780553416323170560,HTTP Data Received,KB,p75,287.11
53,1780553415323170560,1780553416323170560,HTTP Data Received,KB,p90,287.11
53,1780553415323170560,1780553416323170560,HTTP Data Received,KB,p95,287.11
53,1780553415323170560,1780553416323170560,HTTP Data Received,KB,p99,287.11
53,1780553415323170560,1780553416323170560,HTTP Data Received,KB,std,0.00
53,1780553415323170560,1780553416323170560,HTTP Data Sent,KB,avg,283.53
53,1780553415323170560,1780553416323170560,HTTP Data Sent,KB,min,283.53
53,1780553415323170560,1780553416323170560,HTTP Data Sent,KB,max,283.53
53,1780553415323170560,1780553416323170560,HTTP Data Sent,KB,sum,283.53
53,1780553415323170560,1780553416323170560,HTTP Data Sent,KB,p1,283.53
53,1780553415323170560,1780553416323170560,HTTP Data Sent,KB,p5,283.53
53,1780553415323170560,1780553416323170560,HTTP Data Sent,KB,p10,283.53
53,1780553415323170560,1780553416323170560,HTTP Data Sent,KB,p25,283.53
53,1780553415323170560,1780553416323170560,HTTP Data Sent,KB,p50,283.53
53,1780553415323170560,1780553416323170560,HTTP Data Sent,KB,p75,283.53
53,1780553415323170560,1780553416323170560,HTTP Data Sent,KB,p90,283.53
53,1780553415323170560,1780553416323170560,HTTP Data Sent,KB,p95,283.53
53,1780553415323170560,1780553416323170560,HTTP Data Sent,KB,p99,283.53
53,1780553415323170560,1780553416323170560,HTTP Data Sent,KB,std,0.00
53,1780553415323170560,1780553416323170560,HTTP DNS Lookup,ms,avg,0.00
53,1780553415323170560,1780553416323170560,HTTP DNS Lookup,ms,min,0.00
53,1780553415323170560,1780553416323170560,HTTP DNS Lookup,ms,max,0.00
53,1780553415323170560,1780553416323170560,HTTP DNS Lookup,ms,sum,0.00
53,1780553415323170560,1780553416323170560,HTTP DNS Lookup,ms,p1,0.00
53,1780553415323170560,1780553416323170560,HTTP DNS Lookup,ms,p5,0.00
53,1780553415323170560,1780553416323170560,HTTP DNS Lookup,ms,p10,0.00
53,1780553415323170560,1780553416323170560,HTTP DNS Lookup,ms,p25,0.00
53,1780553415323170560,1780553416323170560,HTTP DNS Lookup,ms,p50,0.00
53,1780553415323170560,1780553416323170560,HTTP DNS Lookup,ms,p75,0.00
53,1780553415323170560,1780553416323170560,HTTP DNS Lookup,ms,p90,0.00
53,1780553415323170560,1780553416323170560,HTTP DNS Lookup,ms,p95,0.00
53,1780553415323170560,1780553416323170560,HTTP DNS Lookup,ms,p99,0.00
53,1780553415323170560,1780553416323170560,HTTP DNS Lookup,ms,std,0.00
53,1780553415323170560,1780553416323170560,HTTP Duration (excl. conn),ms,avg,290549.70
53,1780553415323170560,1780553416323170560,HTTP Duration (excl. conn),ms,min,290549.70
53,1780553415323170560,1780553416323170560,HTTP Duration (excl. conn),ms,max,290549.70
53,1780553415323170560,1780553416323170560,HTTP Duration (excl. conn),ms,sum,290549.70
53,1780553415323170560,1780553416323170560,HTTP Duration (excl. conn),ms,p1,290549.70
53,1780553415323170560,1780553416323170560,HTTP Duration (excl. conn),ms,p5,290549.70
53,1780553415323170560,1780553416323170560,HTTP Duration (excl. conn),ms,p10,290549.70
53,1780553415323170560,1780553416323170560,HTTP Duration (excl. conn),ms,p25,290549.70
53,1780553415323170560,1780553416323170560,HTTP Duration (excl. conn),ms,p50,290549.70
53,1780553415323170560,1780553416323170560,HTTP Duration (excl. conn),ms,p75,290549.70
53,1780553415323170560,1780553416323170560,HTTP Duration (excl. conn),ms,p90,290549.70
53,1780553415323170560,1780553416323170560,HTTP Duration (excl. conn),ms,p95,290549.70
53,1780553415323170560,1780553416323170560,HTTP Duration (excl. conn),ms,p99,290549.70
53,1780553415323170560,1780553416323170560,HTTP Duration (excl. conn),ms,std,0.00
53,1780553415323170560,1780553416323170560,HTTP Receiving,ms,avg,232292.42
53,1780553415323170560,1780553416323170560,HTTP Receiving,ms,min,232292.42
53,1780553415323170560,1780553416323170560,HTTP Receiving,ms,max,232292.42
53,1780553415323170560,1780553416323170560,HTTP Receiving,ms,sum,232292.42
53,1780553415323170560,1780553416323170560,HTTP Receiving,ms,p1,232292.42
53,1780553415323170560,1780553416323170560,HTTP Receiving,ms,p5,232292.42
53,1780553415323170560,1780553416323170560,HTTP Receiving,ms,p10,232292.42
53,1780553415323170560,1780553416323170560,HTTP Receiving,ms,p25,232292.42
53,1780553415323170560,1780553416323170560,HTTP Receiving,ms,p50,232292.42
53,1780553415323170560,1780553416323170560,HTTP Receiving,ms,p75,232292.42
53,1780553415323170560,1780553416323170560,HTTP Receiving,ms,p90,232292.42
53,1780553415323170560,1780553416323170560,HTTP Receiving,ms,p95,232292.42
53,1780553415323170560,1780553416323170560,HTTP Receiving,ms,p99,232292.42
53,1780553415323170560,1780553416323170560,HTTP Receiving,ms,std,0.00
53,1780553415323170560,1780553416323170560,HTTP Sending,ms,avg,1.00
53,1780553415323170560,1780553416323170560,HTTP Sending,ms,min,1.00
53,1780553415323170560,1780553416323170560,HTTP Sending,ms,max,1.00
53,1780553415323170560,1780553416323170560,HTTP Sending,ms,sum,1.00
53,1780553415323170560,1780553416323170560,HTTP Sending,ms,p1,1.00
53,1780553415323170560,1780553416323170560,HTTP Sending,ms,p5,1.00
53,1780553415323170560,1780553416323170560,HTTP Sending,ms,p10,1.00
53,1780553415323170560,1780553416323170560,HTTP Sending,ms,p25,1.00
53,1780553415323170560,1780553416323170560,HTTP Sending,ms,p50,1.00
53,1780553415323170560,1780553416323170560,HTTP Sending,ms,p75,1.00
53,1780553415323170560,1780553416323170560,HTTP Sending,ms,p90,1.00
53,1780553415323170560,1780553416323170560,HTTP Sending,ms,p95,1.00
53,1780553415323170560,1780553416323170560,HTTP Sending,ms,p99,1.00
53,1780553415323170560,1780553416323170560,HTTP Sending,ms,std,0.00
53,1780553415323170560,1780553416323170560,HTTP Total Time,ms,avg,290550.41
53,1780553415323170560,1780553416323170560,HTTP Total Time,ms,min,290550.41
53,1780553415323170560,1780553416323170560,HTTP Total Time,ms,max,290550.41
53,1780553415323170560,1780553416323170560,HTTP Total Time,ms,sum,290550.41
53,1780553415323170560,1780553416323170560,HTTP Total Time,ms,p1,290550.41
53,1780553415323170560,1780553416323170560,HTTP Total Time,ms,p5,290550.41
53,1780553415323170560,1780553416323170560,HTTP Total Time,ms,p10,290550.41
53,1780553415323170560,1780553416323170560,HTTP Total Time,ms,p25,290550.41
53,1780553415323170560,1780553416323170560,HTTP Total Time,ms,p50,290550.41
53,1780553415323170560,1780553416323170560,HTTP Total Time,ms,p75,290550.41
53,1780553415323170560,1780553416323170560,HTTP Total Time,ms,p90,290550.41
53,1780553415323170560,1780553416323170560,HTTP Total Time,ms,p95,290550.41
53,1780553415323170560,1780553416323170560,HTTP Total Time,ms,p99,290550.41
53,1780553415323170560,1780553416323170560,HTTP Total Time,ms,std,0.00
53,1780553415323170560,1780553416323170560,HTTP Waiting (TTFB),ms,avg,58256.28
53,1780553415323170560,1780553416323170560,HTTP Waiting (TTFB),ms,min,58256.28
53,1780553415323170560,1780553416323170560,HTTP Waiting (TTFB),ms,max,58256.28
53,1780553415323170560,1780553416323170560,HTTP Waiting (TTFB),ms,sum,58256.28
53,1780553415323170560,1780553416323170560,HTTP Waiting (TTFB),ms,p1,58256.28
53,1780553415323170560,1780553416323170560,HTTP Waiting (TTFB),ms,p5,58256.28
53,1780553415323170560,1780553416323170560,HTTP Waiting (TTFB),ms,p10,58256.28
53,1780553415323170560,1780553416323170560,HTTP Waiting (TTFB),ms,p25,58256.28
53,1780553415323170560,1780553416323170560,HTTP Waiting (TTFB),ms,p50,58256.28
53,1780553415323170560,1780553416323170560,HTTP Waiting (TTFB),ms,p75,58256.28
53,1780553415323170560,1780553416323170560,HTTP Waiting (TTFB),ms,p90,58256.28
53,1780553415323170560,1780553416323170560,HTTP Waiting (TTFB),ms,p95,58256.28
53,1780553415323170560,1780553416323170560,HTTP Waiting (TTFB),ms,p99,58256.28
53,1780553415323170560,1780553416323170560,HTTP Waiting (TTFB),ms,std,0.00
53,1780553415323170560,1780553416323170560,Input Sequence Length,tokens,avg,73483.00
53,1780553415323170560,1780553416323170560,Input Sequence Length,tokens,min,73483.00
53,1780553415323170560,1780553416323170560,Input Sequence Length,tokens,max,73483.00
53,1780553415323170560,1780553416323170560,Input Sequence Length,tokens,sum,73483.00
53,1780553415323170560,1780553416323170560,Input Sequence Length,tokens,p1,73483.00
53,1780553415323170560,1780553416323170560,Input Sequence Length,tokens,p5,73483.00
53,1780553415323170560,1780553416323170560,Input Sequence Length,tokens,p10,73483.00
53,1780553415323170560,1780553416323170560,Input Sequence Length,tokens,p25,73483.00
53,1780553415323170560,1780553416323170560,Input Sequence Length,tokens,p50,73483.00
53,1780553415323170560,1780553416323170560,Input Sequence Length,tokens,p75,73483.00
53,1780553415323170560,1780553416323170560,Input Sequence Length,tokens,p90,73483.00
53,1780553415323170560,1780553416323170560,Input Sequence Length,tokens,p95,73483.00
53,1780553415323170560,1780553416323170560,Input Sequence Length,tokens,p99,73483.00
53,1780553415323170560,1780553416323170560,Input Sequence Length,tokens,std,0.00
53,1780553415323170560,1780553416323170560,Input Token Throughput,tokens/sec,avg,73483.00
53,1780553415323170560,1780553416323170560,Inter Chunk Latency,ms,avg,66.54
53,1780553415323170560,1780553416323170560,Inter Chunk Latency,ms,min,66.51
53,1780553415323170560,1780553416323170560,Inter Chunk Latency,ms,max,66.58
53,1780553415323170560,1780553416323170560,Inter Chunk Latency,ms,sum,76722.66
53,1780553415323170560,1780553416323170560,Inter Chunk Latency,ms,p1,66.51
53,1780553415323170560,1780553416323170560,Inter Chunk Latency,ms,p5,66.51
53,1780553415323170560,1780553416323170560,Inter Chunk Latency,ms,p10,66.51
53,1780553415323170560,1780553416323170560,Inter Chunk Latency,ms,p25,66.52
53,1780553415323170560,1780553416323170560,Inter Chunk Latency,ms,p50,66.54
53,1780553415323170560,1780553416323170560,Inter Chunk Latency,ms,p75,66.56
53,1780553415323170560,1780553416323170560,Inter Chunk Latency,ms,p90,66.57
53,1780553415323170560,1780553416323170560,Inter Chunk Latency,ms,p95,66.57
53,1780553415323170560,1780553416323170560,Inter Chunk Latency,ms,p99,66.58
53,1780553415323170560,1780553416323170560,Inter Chunk Latency,ms,std,0.02
53,1780553415323170560,1780553416323170560,Inter Token Latency,ms,avg,201.47
53,1780553415323170560,1780553416323170560,Inter Token Latency,ms,min,201.47
53,1780553415323170560,1780553416323170560,Inter Token Latency,ms,max,201.47
53,1780553415323170560,1780553416323170560,Inter Token Latency,ms,sum,201.47
53,1780553415323170560,1780553416323170560,Inter Token Latency,ms,p1,201.47
53,1780553415323170560,1780553416323170560,Inter Token Latency,ms,p5,201.47
53,1780553415323170560,1780553416323170560,Inter Token Latency,ms,p10,201.47
53,1780553415323170560,1780553416323170560,Inter Token Latency,ms,p25,201.47
53,1780553415323170560,1780553416323170560,Inter Token Latency,ms,p50,201.47
53,1780553415323170560,1780553416323170560,Inter Token Latency,ms,p75,201.47
53,1780553415323170560,1780553416323170560,Inter Token Latency,ms,p90,201.47
53,1780553415323170560,1780553416323170560,Inter Token Latency,ms,p95,201.47
53,1780553415323170560,1780553416323170560,Inter Token Latency,ms,p99,201.47
53,1780553415323170560,1780553416323170560,Inter Token Latency,ms,std,0.00
53,1780553415323170560,1780553416323170560,Maximum Response Timestamp,ns,avg,1780553706259507968.00
53,1780553415323170560,1780553416323170560,Minimum Request Timestamp,ns,avg,1780553415709679616.00
53,1780553415323170560,1780553416323170560,OSL Mismatch Count,requests,avg,0.00
53,1780553415323170560,1780553416323170560,OSL Mismatch Diff %,%,avg,0.00
53,1780553415323170560,1780553416323170560,OSL Mismatch Diff %,%,min,0.00
53,1780553415323170560,1780553416323170560,OSL Mismatch Diff %,%,max,0.00
53,1780553415323170560,1780553416323170560,OSL Mismatch Diff %,%,sum,0.00
53,1780553415323170560,1780553416323170560,OSL Mismatch Diff %,%,p1,0.00
53,1780553415323170560,1780553416323170560,OSL Mismatch Diff %,%,p5,0.00
53,1780553415323170560,1780553416323170560,OSL Mismatch Diff %,%,p10,0.00
53,1780553415323170560,1780553416323170560,OSL Mismatch Diff %,%,p25,0.00
53,1780553415323170560,1780553416323170560,OSL Mismatch Diff %,%,p50,0.00
53,1780553415323170560,1780553416323170560,OSL Mismatch Diff %,%,p75,0.00
53,1780553415323170560,1780553416323170560,OSL Mismatch Diff %,%,p90,0.00
53,1780553415323170560,1780553416323170560,OSL Mismatch Diff %,%,p95,0.00
53,1780553415323170560,1780553416323170560,OSL Mismatch Diff %,%,p99,0.00
53,1780553415323170560,1780553416323170560,OSL Mismatch Diff %,%,std,0.00
53,1780553415323170560,1780553416323170560,Output Sequence Length,tokens,avg,1154.00
53,1780553415323170560,1780553416323170560,Output Sequence Length,tokens,min,1154.00
53,1780553415323170560,1780553416323170560,Output Sequence Length,tokens,max,1154.00
53,1780553415323170560,1780553416323170560,Output Sequence Length,tokens,sum,1154.00
53,1780553415323170560,1780553416323170560,Output Sequence Length,tokens,p1,1154.00
53,1780553415323170560,1780553416323170560,Output Sequence Length,tokens,p5,1154.00
53,1780553415323170560,1780553416323170560,Output Sequence Length,tokens,p10,1154.00
53,1780553415323170560,1780553416323170560,Output Sequence Length,tokens,p25,1154.00
53,1780553415323170560,1780553416323170560,Output Sequence Length,tokens,p50,1154.00
53,1780553415323170560,1780553416323170560,Output Sequence Length,tokens,p75,1154.00
53,1780553415323170560,1780553416323170560,Output Sequence Length,tokens,p90,1154.00
53,1780553415323170560,1780553416323170560,Output Sequence Length,tokens,p95,1154.00
53,1780553415323170560,1780553416323170560,Output Sequence Length,tokens,p99,1154.00
53,1780553415323170560,1780553416323170560,Output Sequence Length,tokens,std,0.00
53,1780553415323170560,1780553416323170560,Output Token Count,tokens,avg,1154.00
53,1780553415323170560,1780553416323170560,Output Token Count,tokens,min,1154.00
53,1780553415323170560,1780553416323170560,Output Token Count,tokens,max,1154.00
53,1780553415323170560,1780553416323170560,Output Token Count,tokens,sum,1154.00
53,1780553415323170560,1780553416323170560,Output Token Count,tokens,p1,1154.00
53,1780553415323170560,1780553416323170560,Output Token Count,tokens,p5,1154.00
53,1780553415323170560,1780553416323170560,Output Token Count,tokens,p10,1154.00
53,1780553415323170560,1780553416323170560,Output Token Count,tokens,p25,1154.00
53,1780553415323170560,1780553416323170560,Output Token Count,tokens,p50,1154.00
53,1780553415323170560,1780553416323170560,Output Token Count,tokens,p75,1154.00
53,1780553415323170560,1780553416323170560,Output Token Count,tokens,p90,1154.00
53,1780553415323170560,1780553416323170560,Output Token Count,tokens,p95,1154.00
53,1780553415323170560,1780553416323170560,Output Token Count,tokens,p99,1154.00
53,1780553415323170560,1780553416323170560,Output Token Count,tokens,std,0.00
53,1780553415323170560,1780553416323170560,Output Token Throughput,tokens/sec,avg,1154.00
53,1780553415323170560,1780553416323170560,Output Token Throughput Per User,tokens/sec/user,avg,4.96
53,1780553415323170560,1780553416323170560,Output Token Throughput Per User,tokens/sec/user,min,4.96
53,1780553415323170560,1780553416323170560,Output Token Throughput Per User,tokens/sec/user,max,4.96
53,1780553415323170560,1780553416323170560,Output Token Throughput Per User,tokens/sec/user,sum,4.96
53,1780553415323170560,1780553416323170560,Output Token Throughput Per User,tokens/sec/user,p1,4.96
53,1780553415323170560,1780553416323170560,Output Token Throughput Per User,tokens/sec/user,p5,4.96
53,1780553415323170560,1780553416323170560,Output Token Throughput Per User,tokens/sec/user,p10,4.96
53,1780553415323170560,1780553416323170560,Output Token Throughput Per User,tokens/sec/user,p25,4.96
53,1780553415323170560,1780553416323170560,Output Token Throughput Per User,tokens/sec/user,p50,4.96
53,1780553415323170560,1780553416323170560,Output Token Throughput Per User,tokens/sec/user,p75,4.96
53,1780553415323170560,1780553416323170560,Output Token Throughput Per User,tokens/sec/user,p90,4.96
53,1780553415323170560,1780553416323170560,Output Token Throughput Per User,tokens/sec/user,p95,4.96
53,1780553415323170560,1780553416323170560,Output Token Throughput Per User,tokens/sec/user,p99,4.96
53,1780553415323170560,1780553416323170560,Output Token Throughput Per User,tokens/sec/user,std,0.00
53,1780553415323170560,1780553416323170560,Prefill Throughput Per User,tokens/sec/user,avg,1261.35
53,1780553415323170560,1780553416323170560,Prefill Throughput Per User,tokens/sec/user,min,1261.35
53,1780553415323170560,1780553416323170560,Prefill Throughput Per User,tokens/sec/user,max,1261.35
53,1780553415323170560,1780553416323170560,Prefill Throughput Per User,tokens/sec/user,sum,1261.35
53,1780553415323170560,1780553416323170560,Prefill Throughput Per User,tokens/sec/user,p1,1261.35
53,1780553415323170560,1780553416323170560,Prefill Throughput Per User,tokens/sec/user,p5,1261.35
53,1780553415323170560,1780553416323170560,Prefill Throughput Per User,tokens/sec/user,p10,1261.35
53,1780553415323170560,1780553416323170560,Prefill Throughput Per User,tokens/sec/user,p25,1261.35
53,1780553415323170560,1780553416323170560,Prefill Throughput Per User,tokens/sec/user,p50,1261.35
53,1780553415323170560,1780553416323170560,Prefill Throughput Per User,tokens/sec/user,p75,1261.35
53,1780553415323170560,1780553416323170560,Prefill Throughput Per User,tokens/sec/user,p90,1261.35
53,1780553415323170560,1780553416323170560,Prefill Throughput Per User,tokens/sec/user,p95,1261.35
53,1780553415323170560,1780553416323170560,Prefill Throughput Per User,tokens/sec/user,p99,1261.35
53,1780553415323170560,1780553416323170560,Prefill Throughput Per User,tokens/sec/user,std,0.00
53,1780553415323170560,1780553416323170560,Request Count,requests,avg,1.00
53,1780553415323170560,1780553416323170560,Request Latency,ms,avg,290549.83
53,1780553415323170560,1780553416323170560,Request Latency,ms,min,290549.83
53,1780553415323170560,1780553416323170560,Request Latency,ms,max,290549.83
53,1780553415323170560,1780553416323170560,Request Latency,ms,sum,290549.83
53,1780553415323170560,1780553416323170560,Request Latency,ms,p1,290549.83
53,1780553415323170560,1780553416323170560,Request Latency,ms,p5,290549.83
53,1780553415323170560,1780553416323170560,Request Latency,ms,p10,290549.83
53,1780553415323170560,1780553416323170560,Request Latency,ms,p25,290549.83
53,1780553415323170560,1780553416323170560,Request Latency,ms,p50,290549.83
53,1780553415323170560,1780553416323170560,Request Latency,ms,p75,290549.83
53,1780553415323170560,1780553416323170560,Request Latency,ms,p90,290549.83
53,1780553415323170560,1780553416323170560,Request Latency,ms,p95,290549.83
53,1780553415323170560,1780553416323170560,Request Latency,ms,p99,290549.83
53,1780553415323170560,1780553416323170560,Request Latency,ms,std,0.00
53,1780553415323170560,1780553416323170560,Request Throughput,requests/sec,avg,1.00
53,1780553415323170560,1780553416323170560,Requested OSL,tokens,avg,1154.00
53,1780553415323170560,1780553416323170560,Requested OSL,tokens,min,1154.00
53,1780553415323170560,1780553416323170560,Requested OSL,tokens,max,1154.00
53,1780553415323170560,1780553416323170560,Requested OSL,tokens,sum,1154.00
53,1780553415323170560,1780553416323170560,Requested OSL,tokens,p1,1154.00
53,1780553415323170560,1780553416323170560,Requested OSL,tokens,p5,1154.00
53,1780553415323170560,1780553416323170560,Requested OSL,tokens,p10,1154.00
53,1780553415323170560,1780553416323170560,Requested OSL,tokens,p25,1154.00
53,1780553415323170560,1780553416323170560,Requested OSL,tokens,p50,1154.00
53,1780553415323170560,1780553416323170560,Requested OSL,tokens,p75,1154.00
53,1780553415323170560,1780553416323170560,Requested OSL,tokens,p90,1154.00
53,1780553415323170560,1780553416323170560,Requested OSL,tokens,p95,1154.00
53,1780553415323170560,1780553416323170560,Requested OSL,tokens,p99,1154.00
53,1780553415323170560,1780553416323170560,Requested OSL,tokens,std,0.00
53,1780553415323170560,1780553416323170560,Time to First Output Token,ms,avg,58257.40
53,1780553415323170560,1780553416323170560,Time to First Output Token,ms,min,58257.40
53,1780553415323170560,1780553416323170560,Time to First Output Token,ms,max,58257.40
53,1780553415323170560,1780553416323170560,Time to First Output Token,ms,sum,58257.40
53,1780553415323170560,1780553416323170560,Time to First Output Token,ms,p1,58257.40
53,1780553415323170560,1780553416323170560,Time to First Output Token,ms,p5,58257.40
53,1780553415323170560,1780553416323170560,Time to First Output Token,ms,p10,58257.40
53,1780553415323170560,1780553416323170560,Time to First Output Token,ms,p25,58257.40
53,1780553415323170560,1780553416323170560,Time to First Output Token,ms,p50,58257.40
53,1780553415323170560,1780553416323170560,Time to First Output Token,ms,p75,58257.40
53,1780553415323170560,1780553416323170560,Time to First Output Token,ms,p90,58257.40
53,1780553415323170560,1780553416323170560,Time to First Output Token,ms,p95,58257.40
53,1780553415323170560,1780553416323170560,Time to First Output Token,ms,p99,58257.40
53,1780553415323170560,1780553416323170560,Time to First Output Token,ms,std,0.00
53,1780553415323170560,1780553416323170560,Time to First Token,ms,avg,58257.40
53,1780553415323170560,1780553416323170560,Time to First Token,ms,min,58257.40
53,1780553415323170560,1780553416323170560,Time to First Token,ms,max,58257.40
53,1780553415323170560,1780553416323170560,Time to First Token,ms,sum,58257.40
53,1780553415323170560,1780553416323170560,Time to First Token,ms,p1,58257.40
53,1780553415323170560,1780553416323170560,Time to First Token,ms,p5,58257.40
53,1780553415323170560,1780553416323170560,Time to First Token,ms,p10,58257.40
53,1780553415323170560,1780553416323170560,Time to First Token,ms,p25,58257.40
53,1780553415323170560,1780553416323170560,Time to First Token,ms,p50,58257.40
53,1780553415323170560,1780553416323170560,Time to First Token,ms,p75,58257.40
53,1780553415323170560,1780553416323170560,Time to First Token,ms,p90,58257.40
53,1780553415323170560,1780553416323170560,Time to First Token,ms,p95,58257.40
53,1780553415323170560,1780553416323170560,Time to First Token,ms,p99,58257.40
53,1780553415323170560,1780553416323170560,Time to First Token,ms,std,0.00
53,1780553415323170560,1780553416323170560,Time to Second Token,ms,avg,11.13
53,1780553415323170560,1780553416323170560,Time to Second Token,ms,min,11.13
53,1780553415323170560,1780553416323170560,Time to Second Token,ms,max,11.13
53,1780553415323170560,1780553416323170560,Time to Second Token,ms,sum,11.13
53,1780553415323170560,1780553416323170560,Time to Second Token,ms,p1,11.13
53,1780553415323170560,1780553416323170560,Time to Second Token,ms,p5,11.13
53,1780553415323170560,1780553416323170560,Time to Second Token,ms,p10,11.13
53,1780553415323170560,1780553416323170560,Time to Second Token,ms,p25,11.13
53,1780553415323170560,1780553416323170560,Time to Second Token,ms,p50,11.13
53,1780553415323170560,1780553416323170560,Time to Second Token,ms,p75,11.13
53,1780553415323170560,1780553416323170560,Time to Second Token,ms,p90,11.13
53,1780553415323170560,1780553416323170560,Time to Second Token,ms,p95,11.13
53,1780553415323170560,1780553416323170560,Time to Second Token,ms,p99,11.13
53,1780553415323170560,1780553416323170560,Time to Second Token,ms,std,0.00
53,1780553415323170560,1780553416323170560,Tokens In Flight,tokens,avg,1564197.98
53,1780553415323170560,1780553416323170560,Tokens In Flight,tokens,min,1519101.81
53,1780553415323170560,1780553416323170560,Tokens In Flight,tokens,max,1592614.92
53,1780553415323170560,1780553416323170560,Tokens In Flight,tokens,p50,1592599.86
53,1780553415323170560,1780553416323170560,Tokens In Flight,tokens,p90,1592611.91
53,1780553415323170560,1780553416323170560,Tokens In Flight,tokens,p95,1592612.92
53,1780553415323170560,1780553416323170560,Tokens In Flight,tokens,p99,1592614.92
53,1780553415323170560,1780553416323170560,Tokens In Flight,tokens,std,35789.86
53,1780553415323170560,1780553416323170560,Total Input Sequence Length,tokens,avg,73483.00
53,1780553415323170560,1780553416323170560,Total Output Sequence Length,tokens,avg,1154.00
53,1780553415323170560,1780553416323170560,Total Output Tokens,tokens,avg,1154.00
53,1780553415323170560,1780553416323170560,Total Token Throughput,tokens/sec,avg,74637.00
53,1780553415323170560,1780553416323170560,Total Usage Completion Tokens,tokens,avg,1154.00
53,1780553415323170560,1780553416323170560,Total Usage Prompt Tokens,tokens,avg,73483.00
53,1780553415323170560,1780553416323170560,Total Usage Total Tokens,tokens,avg,74637.00
53,1780553415323170560,1780553416323170560,Usage Completion Tokens,tokens,avg,1154.00
53,1780553415323170560,1780553416323170560,Usage Completion Tokens,tokens,min,1154.00
53,1780553415323170560,1780553416323170560,Usage Completion Tokens,tokens,max,1154.00
53,1780553415323170560,1780553416323170560,Usage Completion Tokens,tokens,sum,1154.00
53,1780553415323170560,1780553416323170560,Usage Completion Tokens,tokens,p1,1154.00
53,1780553415323170560,1780553416323170560,Usage Completion Tokens,tokens,p5,1154.00
53,1780553415323170560,1780553416323170560,Usage Completion Tokens,tokens,p10,1154.00
53,1780553415323170560,1780553416323170560,Usage Completion Tokens,tokens,p25,1154.00
53,1780553415323170560,1780553416323170560,Usage Completion Tokens,tokens,p50,1154.00
53,1780553415323170560,1780553416323170560,Usage Completion Tokens,tokens,p75,1154.00
53,1780553415323170560,1780553416323170560,Usage Completion Tokens,tokens,p90,1154.00
53,1780553415323170560,1780553416323170560,Usage Completion Tokens,tokens,p95,1154.00
53,1780553415323170560,1780553416323170560,Usage Completion Tokens,tokens,p99,1154.00
53,1780553415323170560,1780553416323170560,Usage Completion Tokens,tokens,std,0.00
53,1780553415323170560,1780553416323170560,Usage Prompt Tokens,tokens,avg,73483.00
53,1780553415323170560,1780553416323170560,Usage Prompt Tokens,tokens,min,73483.00
53,1780553415323170560,1780553416323170560,Usage Prompt Tokens,tokens,max,73483.00
53,1780553415323170560,1780553416323170560,Usage Prompt Tokens,tokens,sum,73483.00
53,1780553415323170560,1780553416323170560,Usage Prompt Tokens,tokens,p1,73483.00
53,1780553415323170560,1780553416323170560,Usage Prompt Tokens,tokens,p5,73483.00
53,1780553415323170560,1780553416323170560,Usage Prompt Tokens,tokens,p10,73483.00
53,1780553415323170560,1780553416323170560,Usage Prompt Tokens,tokens,p25,73483.00
53,1780553415323170560,1780553416323170560,Usage Prompt Tokens,tokens,p50,73483.00
53,1780553415323170560,1780553416323170560,Usage Prompt Tokens,tokens,p75,73483.00
53,1780553415323170560,1780553416323170560,Usage Prompt Tokens,tokens,p90,73483.00
53,1780553415323170560,1780553416323170560,Usage Prompt Tokens,tokens,p95,73483.00
53,1780553415323170560,1780553416323170560,Usage Prompt Tokens,tokens,p99,73483.00
53,1780553415323170560,1780553416323170560,Usage Prompt Tokens,tokens,std,0.00
53,1780553415323170560,1780553416323170560,Usage Total Tokens,tokens,avg,74637.00
53,1780553415323170560,1780553416323170560,Usage Total Tokens,tokens,min,74637.00
53,1780553415323170560,1780553416323170560,Usage Total Tokens,tokens,max,74637.00
53,1780553415323170560,1780553416323170560,Usage Total Tokens,tokens,sum,74637.00
53,1780553415323170560,1780553416323170560,Usage Total Tokens,tokens,p1,74637.00
53,1780553415323170560,1780553416323170560,Usage Total Tokens,tokens,p5,74637.00
53,1780553415323170560,1780553416323170560,Usage Total Tokens,tokens,p10,74637.00
53,1780553415323170560,1780553416323170560,Usage Total Tokens,tokens,p25,74637.00
53,1780553415323170560,1780553416323170560,Usage Total Tokens,tokens,p50,74637.00
53,1780553415323170560,1780553416323170560,Usage Total Tokens,tokens,p75,74637.00
53,1780553415323170560,1780553416323170560,Usage Total Tokens,tokens,p90,74637.00
53,1780553415323170560,1780553416323170560,Usage Total Tokens,tokens,p95,74637.00
53,1780553415323170560,1780553416323170560,Usage Total Tokens,tokens,p99,74637.00
53,1780553415323170560,1780553416323170560,Usage Total Tokens,tokens,std,0.00
54,1780553418323170560,1780553419323170560,Active Decode Throughput,tokens/sec,avg,36.84
54,1780553418323170560,1780553419323170560,Active Decode Throughput,tokens/sec,min,14.98
54,1780553418323170560,1780553419323170560,Active Decode Throughput,tokens/sec,max,69.75
54,1780553418323170560,1780553419323170560,Active Decode Throughput,tokens/sec,p50,30.17
54,1780553418323170560,1780553419323170560,Active Decode Throughput,tokens/sec,p90,49.96
54,1780553418323170560,1780553419323170560,Active Decode Throughput,tokens/sec,p95,49.96
54,1780553418323170560,1780553419323170560,Active Decode Throughput,tokens/sec,p99,49.96
54,1780553418323170560,1780553419323170560,Active Decode Throughput,tokens/sec,std,9.36
54,1780553418323170560,1780553419323170560,Active Decode Throughput Per User,tokens/sec/user,avg,4.37
54,1780553418323170560,1780553419323170560,Active Decode Throughput Per User,tokens/sec/user,min,1.87
54,1780553418323170560,1780553419323170560,Active Decode Throughput Per User,tokens/sec/user,max,7.75
54,1780553418323170560,1780553419323170560,Active Decode Throughput Per User,tokens/sec/user,p50,3.77
54,1780553418323170560,1780553419323170560,Active Decode Throughput Per User,tokens/sec/user,p90,5.55
54,1780553418323170560,1780553419323170560,Active Decode Throughput Per User,tokens/sec/user,p95,5.55
54,1780553418323170560,1780553419323170560,Active Decode Throughput Per User,tokens/sec/user,p99,5.55
54,1780553418323170560,1780553419323170560,Active Decode Throughput Per User,tokens/sec/user,std,0.84
54,1780553418323170560,1780553419323170560,Active Prefill Throughput,tokens/sec,avg,11026.09
54,1780553418323170560,1780553419323170560,Active Prefill Throughput,tokens/sec,min,9609.71
54,1780553418323170560,1780553419323170560,Active Prefill Throughput,tokens/sec,max,12409.73
54,1780553418323170560,1780553419323170560,Active Prefill Throughput,tokens/sec,p50,10654.98
54,1780553418323170560,1780553419323170560,Active Prefill Throughput,tokens/sec,p90,12409.73
54,1780553418323170560,1780553419323170560,Active Prefill Throughput,tokens/sec,p95,12409.73
54,1780553418323170560,1780553419323170560,Active Prefill Throughput,tokens/sec,p99,12409.73
54,1780553418323170560,1780553419323170560,Active Prefill Throughput,tokens/sec,std,1225.09
54,1780553418323170560,1780553419323170560,Active Prefill Throughput Per User,tokens/sec/user,avg,1715.82
54,1780553418323170560,1780553419323170560,Active Prefill Throughput Per User,tokens/sec/user,min,1601.62
54,1780553418323170560,1780553419323170560,Active Prefill Throughput Per User,tokens/sec/user,max,1775.83
54,1780553418323170560,1780553419323170560,Active Prefill Throughput Per User,tokens/sec/user,p50,1772.82
54,1780553418323170560,1780553419323170560,Active Prefill Throughput Per User,tokens/sec/user,p90,1775.83
54,1780553418323170560,1780553419323170560,Active Prefill Throughput Per User,tokens/sec/user,p95,1775.83
54,1780553418323170560,1780553419323170560,Active Prefill Throughput Per User,tokens/sec/user,p99,1775.83
54,1780553418323170560,1780553419323170560,Active Prefill Throughput Per User,tokens/sec/user,std,81.49
54,1780553418323170560,1780553419323170560,Active Total Throughput,tokens/sec,avg,11073.85
54,1780553418323170560,1780553419323170560,Active Total Throughput,tokens/sec,min,9661.08
54,1780553418323170560,1780553419323170560,Active Total Throughput,tokens/sec,max,12455.65
54,1780553418323170560,1780553419323170560,Active Total Throughput,tokens/sec,p50,10700.90
54,1780553418323170560,1780553419323170560,Active Total Throughput,tokens/sec,p90,12455.65
54,1780553418323170560,1780553419323170560,Active Total Throughput,tokens/sec,p95,12455.65
54,1780553418323170560,1780553419323170560,Active Total Throughput,tokens/sec,p99,12455.65
54,1780553418323170560,1780553419323170560,Active Total Throughput,tokens/sec,std,1222.97
54,1780553418323170560,1780553419323170560,Benchmark Duration,sec,avg,157.60
54,1780553418323170560,1780553419323170560,E2E Output Token Throughput,tokens/sec/user,avg,3.43
54,1780553418323170560,1780553419323170560,E2E Output Token Throughput,tokens/sec/user,min,3.43
54,1780553418323170560,1780553419323170560,E2E Output Token Throughput,tokens/sec/user,max,3.43
54,1780553418323170560,1780553419323170560,E2E Output Token Throughput,tokens/sec/user,sum,3.43
54,1780553418323170560,1780553419323170560,E2E Output Token Throughput,tokens/sec/user,p1,3.43
54,1780553418323170560,1780553419323170560,E2E Output Token Throughput,tokens/sec/user,p5,3.43
54,1780553418323170560,1780553419323170560,E2E Output Token Throughput,tokens/sec/user,p10,3.43
54,1780553418323170560,1780553419323170560,E2E Output Token Throughput,tokens/sec/user,p25,3.43
54,1780553418323170560,1780553419323170560,E2E Output Token Throughput,tokens/sec/user,p50,3.43
54,1780553418323170560,1780553419323170560,E2E Output Token Throughput,tokens/sec/user,p75,3.43
54,1780553418323170560,1780553419323170560,E2E Output Token Throughput,tokens/sec/user,p90,3.43
54,1780553418323170560,1780553419323170560,E2E Output Token Throughput,tokens/sec/user,p95,3.43
54,1780553418323170560,1780553419323170560,E2E Output Token Throughput,tokens/sec/user,p99,3.43
54,1780553418323170560,1780553419323170560,E2E Output Token Throughput,tokens/sec/user,std,0.00
54,1780553418323170560,1780553419323170560,Effective Concurrency,requests,avg,14.75
54,1780553418323170560,1780553419323170560,Effective Concurrency,requests,min,14.00
54,1780553418323170560,1780553419323170560,Effective Concurrency,requests,max,15.00
54,1780553418323170560,1780553419323170560,Effective Concurrency,requests,p50,15.00
54,1780553418323170560,1780553419323170560,Effective Concurrency,requests,p90,15.00
54,1780553418323170560,1780553419323170560,Effective Concurrency,requests,p95,15.00
54,1780553418323170560,1780553419323170560,Effective Concurrency,requests,p99,15.00
54,1780553418323170560,1780553419323170560,Effective Concurrency,requests,std,0.43
54,1780553418323170560,1780553419323170560,Effective Decode Concurrency,requests,avg,8.34
54,1780553418323170560,1780553419323170560,Effective Decode Concurrency,requests,min,8.00
54,1780553418323170560,1780553419323170560,Effective Decode Concurrency,requests,max,9.00
54,1780553418323170560,1780553419323170560,Effective Decode Concurrency,requests,p50,8.00
54,1780553418323170560,1780553419323170560,Effective Decode Concurrency,requests,p90,9.00
54,1780553418323170560,1780553419323170560,Effective Decode Concurrency,requests,p95,9.00
54,1780553418323170560,1780553419323170560,Effective Decode Concurrency,requests,p99,9.00
54,1780553418323170560,1780553419323170560,Effective Decode Concurrency,requests,std,0.47
54,1780553418323170560,1780553419323170560,Effective Decode Throughput,tokens/sec,avg,36.84
54,1780553418323170560,1780553419323170560,Effective Decode Throughput,tokens/sec,min,14.98
54,1780553418323170560,1780553419323170560,Effective Decode Throughput,tokens/sec,max,69.75
54,1780553418323170560,1780553419323170560,Effective Decode Throughput,tokens/sec,p50,30.17
54,1780553418323170560,1780553419323170560,Effective Decode Throughput,tokens/sec,p90,49.96
54,1780553418323170560,1780553419323170560,Effective Decode Throughput,tokens/sec,p95,49.96
54,1780553418323170560,1780553419323170560,Effective Decode Throughput,tokens/sec,p99,49.96
54,1780553418323170560,1780553419323170560,Effective Decode Throughput,tokens/sec,std,9.36
54,1780553418323170560,1780553419323170560,Effective Decode Throughput Per User,tokens/sec/user,avg,4.37
54,1780553418323170560,1780553419323170560,Effective Decode Throughput Per User,tokens/sec/user,min,1.87
54,1780553418323170560,1780553419323170560,Effective Decode Throughput Per User,tokens/sec/user,max,7.75
54,1780553418323170560,1780553419323170560,Effective Decode Throughput Per User,tokens/sec/user,p50,3.77
54,1780553418323170560,1780553419323170560,Effective Decode Throughput Per User,tokens/sec/user,p90,5.55
54,1780553418323170560,1780553419323170560,Effective Decode Throughput Per User,tokens/sec/user,p95,5.55
54,1780553418323170560,1780553419323170560,Effective Decode Throughput Per User,tokens/sec/user,p99,5.55
54,1780553418323170560,1780553419323170560,Effective Decode Throughput Per User,tokens/sec/user,std,0.84
54,1780553418323170560,1780553419323170560,Effective Prefill Concurrency,requests,avg,6.41
54,1780553418323170560,1780553419323170560,Effective Prefill Concurrency,requests,min,6.00
54,1780553418323170560,1780553419323170560,Effective Prefill Concurrency,requests,max,7.00
54,1780553418323170560,1780553419323170560,Effective Prefill Concurrency,requests,p50,6.00
54,1780553418323170560,1780553419323170560,Effective Prefill Concurrency,requests,p90,7.00
54,1780553418323170560,1780553419323170560,Effective Prefill Concurrency,requests,p95,7.00
54,1780553418323170560,1780553419323170560,Effective Prefill Concurrency,requests,p99,7.00
54,1780553418323170560,1780553419323170560,Effective Prefill Concurrency,requests,std,0.49
54,1780553418323170560,1780553419323170560,Effective Prefill Throughput,tokens/sec,avg,11026.09
54,1780553418323170560,1780553419323170560,Effective Prefill Throughput,tokens/sec,min,9609.71
54,1780553418323170560,1780553419323170560,Effective Prefill Throughput,tokens/sec,max,12409.73
54,1780553418323170560,1780553419323170560,Effective Prefill Throughput,tokens/sec,p50,10654.98
54,1780553418323170560,1780553419323170560,Effective Prefill Throughput,tokens/sec,p90,12409.73
54,1780553418323170560,1780553419323170560,Effective Prefill Throughput,tokens/sec,p95,12409.73
54,1780553418323170560,1780553419323170560,Effective Prefill Throughput,tokens/sec,p99,12409.73
54,1780553418323170560,1780553419323170560,Effective Prefill Throughput,tokens/sec,std,1225.09
54,1780553418323170560,1780553419323170560,Effective Prefill Throughput Per User,tokens/sec/user,avg,1715.82
54,1780553418323170560,1780553419323170560,Effective Prefill Throughput Per User,tokens/sec/user,min,1601.62
54,1780553418323170560,1780553419323170560,Effective Prefill Throughput Per User,tokens/sec/user,max,1775.83
54,1780553418323170560,1780553419323170560,Effective Prefill Throughput Per User,tokens/sec/user,p50,1772.82
54,1780553418323170560,1780553419323170560,Effective Prefill Throughput Per User,tokens/sec/user,p90,1775.83
54,1780553418323170560,1780553419323170560,Effective Prefill Throughput Per User,tokens/sec/user,p95,1775.83
54,1780553418323170560,1780553419323170560,Effective Prefill Throughput Per User,tokens/sec/user,p99,1775.83
54,1780553418323170560,1780553419323170560,Effective Prefill Throughput Per User,tokens/sec/user,std,81.49
54,1780553418323170560,1780553419323170560,Effective Total Throughput,tokens/sec,avg,11073.85
54,1780553418323170560,1780553419323170560,Effective Total Throughput,tokens/sec,min,9661.08
54,1780553418323170560,1780553419323170560,Effective Total Throughput,tokens/sec,max,12455.65
54,1780553418323170560,1780553419323170560,Effective Total Throughput,tokens/sec,p50,10700.90
54,1780553418323170560,1780553419323170560,Effective Total Throughput,tokens/sec,p90,12455.65
54,1780553418323170560,1780553419323170560,Effective Total Throughput,tokens/sec,p95,12455.65
54,1780553418323170560,1780553419323170560,Effective Total Throughput,tokens/sec,p99,12455.65
54,1780553418323170560,1780553419323170560,Effective Total Throughput,tokens/sec,std,1222.97
54,1780553418323170560,1780553419323170560,HTTP Blocked,ms,avg,0.00
54,1780553418323170560,1780553419323170560,HTTP Blocked,ms,min,0.00
54,1780553418323170560,1780553419323170560,HTTP Blocked,ms,max,0.00
54,1780553418323170560,1780553419323170560,HTTP Blocked,ms,sum,0.00
54,1780553418323170560,1780553419323170560,HTTP Blocked,ms,p1,0.00
54,1780553418323170560,1780553419323170560,HTTP Blocked,ms,p5,0.00
54,1780553418323170560,1780553419323170560,HTTP Blocked,ms,p10,0.00
54,1780553418323170560,1780553419323170560,HTTP Blocked,ms,p25,0.00
54,1780553418323170560,1780553419323170560,HTTP Blocked,ms,p50,0.00
54,1780553418323170560,1780553419323170560,HTTP Blocked,ms,p75,0.00
54,1780553418323170560,1780553419323170560,HTTP Blocked,ms,p90,0.00
54,1780553418323170560,1780553419323170560,HTTP Blocked,ms,p95,0.00
54,1780553418323170560,1780553419323170560,HTTP Blocked,ms,p99,0.00
54,1780553418323170560,1780553419323170560,HTTP Blocked,ms,std,0.00
54,1780553418323170560,1780553419323170560,HTTP Chunks Received,count,avg,540.00
54,1780553418323170560,1780553419323170560,HTTP Chunks Received,count,min,540.00
54,1780553418323170560,1780553419323170560,HTTP Chunks Received,count,max,540.00
54,1780553418323170560,1780553419323170560,HTTP Chunks Received,count,sum,540.00
54,1780553418323170560,1780553419323170560,HTTP Chunks Received,count,p1,540.00
54,1780553418323170560,1780553419323170560,HTTP Chunks Received,count,p5,540.00
54,1780553418323170560,1780553419323170560,HTTP Chunks Received,count,p10,540.00
54,1780553418323170560,1780553419323170560,HTTP Chunks Received,count,p25,540.00
54,1780553418323170560,1780553419323170560,HTTP Chunks Received,count,p50,540.00
54,1780553418323170560,1780553419323170560,HTTP Chunks Received,count,p75,540.00
54,1780553418323170560,1780553419323170560,HTTP Chunks Received,count,p90,540.00
54,1780553418323170560,1780553419323170560,HTTP Chunks Received,count,p95,540.00
54,1780553418323170560,1780553419323170560,HTTP Chunks Received,count,p99,540.00
54,1780553418323170560,1780553419323170560,HTTP Chunks Received,count,std,0.00
54,1780553418323170560,1780553419323170560,HTTP Chunks Sent,count,avg,1.00
54,1780553418323170560,1780553419323170560,HTTP Chunks Sent,count,min,1.00
54,1780553418323170560,1780553419323170560,HTTP Chunks Sent,count,max,1.00
54,1780553418323170560,1780553419323170560,HTTP Chunks Sent,count,sum,1.00
54,1780553418323170560,1780553419323170560,HTTP Chunks Sent,count,p1,1.00
54,1780553418323170560,1780553419323170560,HTTP Chunks Sent,count,p5,1.00
54,1780553418323170560,1780553419323170560,HTTP Chunks Sent,count,p10,1.00
54,1780553418323170560,1780553419323170560,HTTP Chunks Sent,count,p25,1.00
54,1780553418323170560,1780553419323170560,HTTP Chunks Sent,count,p50,1.00
54,1780553418323170560,1780553419323170560,HTTP Chunks Sent,count,p75,1.00
54,1780553418323170560,1780553419323170560,HTTP Chunks Sent,count,p90,1.00
54,1780553418323170560,1780553419323170560,HTTP Chunks Sent,count,p95,1.00
54,1780553418323170560,1780553419323170560,HTTP Chunks Sent,count,p99,1.00
54,1780553418323170560,1780553419323170560,HTTP Chunks Sent,count,std,0.00
54,1780553418323170560,1780553419323170560,HTTP Connecting,ms,avg,1.12
54,1780553418323170560,1780553419323170560,HTTP Connecting,ms,min,1.12
54,1780553418323170560,1780553419323170560,HTTP Connecting,ms,max,1.12
54,1780553418323170560,1780553419323170560,HTTP Connecting,ms,sum,1.12
54,1780553418323170560,1780553419323170560,HTTP Connecting,ms,p1,1.12
54,1780553418323170560,1780553419323170560,HTTP Connecting,ms,p5,1.12
54,1780553418323170560,1780553419323170560,HTTP Connecting,ms,p10,1.12
54,1780553418323170560,1780553419323170560,HTTP Connecting,ms,p25,1.12
54,1780553418323170560,1780553419323170560,HTTP Connecting,ms,p50,1.12
54,1780553418323170560,1780553419323170560,HTTP Connecting,ms,p75,1.12
54,1780553418323170560,1780553419323170560,HTTP Connecting,ms,p90,1.12
54,1780553418323170560,1780553419323170560,HTTP Connecting,ms,p95,1.12
54,1780553418323170560,1780553419323170560,HTTP Connecting,ms,p99,1.12
54,1780553418323170560,1780553419323170560,HTTP Connecting,ms,std,0.00
54,1780553418323170560,1780553419323170560,HTTP Connection Overhead,ms,avg,1.58
54,1780553418323170560,1780553419323170560,HTTP Connection Overhead,ms,min,1.58
54,1780553418323170560,1780553419323170560,HTTP Connection Overhead,ms,max,1.58
54,1780553418323170560,1780553419323170560,HTTP Connection Overhead,ms,sum,1.58
54,1780553418323170560,1780553419323170560,HTTP Connection Overhead,ms,p1,1.58
54,1780553418323170560,1780553419323170560,HTTP Connection Overhead,ms,p5,1.58
54,1780553418323170560,1780553419323170560,HTTP Connection Overhead,ms,p10,1.58
54,1780553418323170560,1780553419323170560,HTTP Connection Overhead,ms,p25,1.58
54,1780553418323170560,1780553419323170560,HTTP Connection Overhead,ms,p50,1.58
54,1780553418323170560,1780553419323170560,HTTP Connection Overhead,ms,p75,1.58
54,1780553418323170560,1780553419323170560,HTTP Connection Overhead,ms,p90,1.58
54,1780553418323170560,1780553419323170560,HTTP Connection Overhead,ms,p95,1.58
54,1780553418323170560,1780553419323170560,HTTP Connection Overhead,ms,p99,1.58
54,1780553418323170560,1780553419323170560,HTTP Connection Overhead,ms,std,0.00
54,1780553418323170560,1780553419323170560,HTTP Connection Reused,ratio,avg,0.00
54,1780553418323170560,1780553419323170560,HTTP Connection Reused,ratio,min,0.00
54,1780553418323170560,1780553419323170560,HTTP Connection Reused,ratio,max,0.00
54,1780553418323170560,1780553419323170560,HTTP Connection Reused,ratio,sum,0.00
54,1780553418323170560,1780553419323170560,HTTP Connection Reused,ratio,p1,0.00
54,1780553418323170560,1780553419323170560,HTTP Connection Reused,ratio,p5,0.00
54,1780553418323170560,1780553419323170560,HTTP Connection Reused,ratio,p10,0.00
54,1780553418323170560,1780553419323170560,HTTP Connection Reused,ratio,p25,0.00
54,1780553418323170560,1780553419323170560,HTTP Connection Reused,ratio,p50,0.00
54,1780553418323170560,1780553419323170560,HTTP Connection Reused,ratio,p75,0.00
54,1780553418323170560,1780553419323170560,HTTP Connection Reused,ratio,p90,0.00
54,1780553418323170560,1780553419323170560,HTTP Connection Reused,ratio,p95,0.00
54,1780553418323170560,1780553419323170560,HTTP Connection Reused,ratio,p99,0.00
54,1780553418323170560,1780553419323170560,HTTP Connection Reused,ratio,std,0.00
54,1780553418323170560,1780553419323170560,HTTP Data Received,KB,avg,134.98
54,1780553418323170560,1780553419323170560,HTTP Data Received,KB,min,134.98
54,1780553418323170560,1780553419323170560,HTTP Data Received,KB,max,134.98
54,1780553418323170560,1780553419323170560,HTTP Data Received,KB,sum,134.98
54,1780553418323170560,1780553419323170560,HTTP Data Received,KB,p1,134.98
54,1780553418323170560,1780553419323170560,HTTP Data Received,KB,p5,134.98
54,1780553418323170560,1780553419323170560,HTTP Data Received,KB,p10,134.98
54,1780553418323170560,1780553419323170560,HTTP Data Received,KB,p25,134.98
54,1780553418323170560,1780553419323170560,HTTP Data Received,KB,p50,134.98
54,1780553418323170560,1780553419323170560,HTTP Data Received,KB,p75,134.98
54,1780553418323170560,1780553419323170560,HTTP Data Received,KB,p90,134.98
54,1780553418323170560,1780553419323170560,HTTP Data Received,KB,p95,134.98
54,1780553418323170560,1780553419323170560,HTTP Data Received,KB,p99,134.98
54,1780553418323170560,1780553419323170560,HTTP Data Received,KB,std,0.00
54,1780553418323170560,1780553419323170560,HTTP Data Sent,KB,avg,481.70
54,1780553418323170560,1780553419323170560,HTTP Data Sent,KB,min,481.70
54,1780553418323170560,1780553419323170560,HTTP Data Sent,KB,max,481.70
54,1780553418323170560,1780553419323170560,HTTP Data Sent,KB,sum,481.70
54,1780553418323170560,1780553419323170560,HTTP Data Sent,KB,p1,481.70
54,1780553418323170560,1780553419323170560,HTTP Data Sent,KB,p5,481.70
54,1780553418323170560,1780553419323170560,HTTP Data Sent,KB,p10,481.70
54,1780553418323170560,1780553419323170560,HTTP Data Sent,KB,p25,481.70
54,1780553418323170560,1780553419323170560,HTTP Data Sent,KB,p50,481.70
54,1780553418323170560,1780553419323170560,HTTP Data Sent,KB,p75,481.70
54,1780553418323170560,1780553419323170560,HTTP Data Sent,KB,p90,481.70
54,1780553418323170560,1780553419323170560,HTTP Data Sent,KB,p95,481.70
54,1780553418323170560,1780553419323170560,HTTP Data Sent,KB,p99,481.70
54,1780553418323170560,1780553419323170560,HTTP Data Sent,KB,std,0.00
54,1780553418323170560,1780553419323170560,HTTP DNS Lookup,ms,avg,0.46
54,1780553418323170560,1780553419323170560,HTTP DNS Lookup,ms,min,0.46
54,1780553418323170560,1780553419323170560,HTTP DNS Lookup,ms,max,0.46
54,1780553418323170560,1780553419323170560,HTTP DNS Lookup,ms,sum,0.46
54,1780553418323170560,1780553419323170560,HTTP DNS Lookup,ms,p1,0.46
54,1780553418323170560,1780553419323170560,HTTP DNS Lookup,ms,p5,0.46
54,1780553418323170560,1780553419323170560,HTTP DNS Lookup,ms,p10,0.46
54,1780553418323170560,1780553419323170560,HTTP DNS Lookup,ms,p25,0.46
54,1780553418323170560,1780553419323170560,HTTP DNS Lookup,ms,p50,0.46
54,1780553418323170560,1780553419323170560,HTTP DNS Lookup,ms,p75,0.46
54,1780553418323170560,1780553419323170560,HTTP DNS Lookup,ms,p90,0.46
54,1780553418323170560,1780553419323170560,HTTP DNS Lookup,ms,p95,0.46
54,1780553418323170560,1780553419323170560,HTTP DNS Lookup,ms,p99,0.46
54,1780553418323170560,1780553419323170560,HTTP DNS Lookup,ms,std,0.00
54,1780553418323170560,1780553419323170560,HTTP Duration (excl. conn),ms,avg,157603.40
54,1780553418323170560,1780553419323170560,HTTP Duration (excl. conn),ms,min,157603.40
54,1780553418323170560,1780553419323170560,HTTP Duration (excl. conn),ms,max,157603.40
54,1780553418323170560,1780553419323170560,HTTP Duration (excl. conn),ms,sum,157603.40
54,1780553418323170560,1780553419323170560,HTTP Duration (excl. conn),ms,p1,157603.40
54,1780553418323170560,1780553419323170560,HTTP Duration (excl. conn),ms,p5,157603.40
54,1780553418323170560,1780553419323170560,HTTP Duration (excl. conn),ms,p10,157603.40
54,1780553418323170560,1780553419323170560,HTTP Duration (excl. conn),ms,p25,157603.40
54,1780553418323170560,1780553419323170560,HTTP Duration (excl. conn),ms,p50,157603.40
54,1780553418323170560,1780553419323170560,HTTP Duration (excl. conn),ms,p75,157603.40
54,1780553418323170560,1780553419323170560,HTTP Duration (excl. conn),ms,p90,157603.40
54,1780553418323170560,1780553419323170560,HTTP Duration (excl. conn),ms,p95,157603.40
54,1780553418323170560,1780553419323170560,HTTP Duration (excl. conn),ms,p99,157603.40
54,1780553418323170560,1780553419323170560,HTTP Duration (excl. conn),ms,std,0.00
54,1780553418323170560,1780553419323170560,HTTP Receiving,ms,avg,87470.38
54,1780553418323170560,1780553419323170560,HTTP Receiving,ms,min,87470.38
54,1780553418323170560,1780553419323170560,HTTP Receiving,ms,max,87470.38
54,1780553418323170560,1780553419323170560,HTTP Receiving,ms,sum,87470.38
54,1780553418323170560,1780553419323170560,HTTP Receiving,ms,p1,87470.38
54,1780553418323170560,1780553419323170560,HTTP Receiving,ms,p5,87470.38
54,1780553418323170560,1780553419323170560,HTTP Receiving,ms,p10,87470.38
54,1780553418323170560,1780553419323170560,HTTP Receiving,ms,p25,87470.38
54,1780553418323170560,1780553419323170560,HTTP Receiving,ms,p50,87470.38
54,1780553418323170560,1780553419323170560,HTTP Receiving,ms,p75,87470.38
54,1780553418323170560,1780553419323170560,HTTP Receiving,ms,p90,87470.38
54,1780553418323170560,1780553419323170560,HTTP Receiving,ms,p95,87470.38
54,1780553418323170560,1780553419323170560,HTTP Receiving,ms,p99,87470.38
54,1780553418323170560,1780553419323170560,HTTP Receiving,ms,std,0.00
54,1780553418323170560,1780553419323170560,HTTP Sending,ms,avg,1.45
54,1780553418323170560,1780553419323170560,HTTP Sending,ms,min,1.45
54,1780553418323170560,1780553419323170560,HTTP Sending,ms,max,1.45
54,1780553418323170560,1780553419323170560,HTTP Sending,ms,sum,1.45
54,1780553418323170560,1780553419323170560,HTTP Sending,ms,p1,1.45
54,1780553418323170560,1780553419323170560,HTTP Sending,ms,p5,1.45
54,1780553418323170560,1780553419323170560,HTTP Sending,ms,p10,1.45
54,1780553418323170560,1780553419323170560,HTTP Sending,ms,p25,1.45
54,1780553418323170560,1780553419323170560,HTTP Sending,ms,p50,1.45
54,1780553418323170560,1780553419323170560,HTTP Sending,ms,p75,1.45
54,1780553418323170560,1780553419323170560,HTTP Sending,ms,p90,1.45
54,1780553418323170560,1780553419323170560,HTTP Sending,ms,p95,1.45
54,1780553418323170560,1780553419323170560,HTTP Sending,ms,p99,1.45
54,1780553418323170560,1780553419323170560,HTTP Sending,ms,std,0.00
54,1780553418323170560,1780553419323170560,HTTP Total Time,ms,avg,157604.98
54,1780553418323170560,1780553419323170560,HTTP Total Time,ms,min,157604.98
54,1780553418323170560,1780553419323170560,HTTP Total Time,ms,max,157604.98
54,1780553418323170560,1780553419323170560,HTTP Total Time,ms,sum,157604.98
54,1780553418323170560,1780553419323170560,HTTP Total Time,ms,p1,157604.98
54,1780553418323170560,1780553419323170560,HTTP Total Time,ms,p5,157604.98
54,1780553418323170560,1780553419323170560,HTTP Total Time,ms,p10,157604.98
54,1780553418323170560,1780553419323170560,HTTP Total Time,ms,p25,157604.98
54,1780553418323170560,1780553419323170560,HTTP Total Time,ms,p50,157604.98
54,1780553418323170560,1780553419323170560,HTTP Total Time,ms,p75,157604.98
54,1780553418323170560,1780553419323170560,HTTP Total Time,ms,p90,157604.98
54,1780553418323170560,1780553419323170560,HTTP Total Time,ms,p95,157604.98
54,1780553418323170560,1780553419323170560,HTTP Total Time,ms,p99,157604.98
54,1780553418323170560,1780553419323170560,HTTP Total Time,ms,std,0.00
54,1780553418323170560,1780553419323170560,HTTP Waiting (TTFB),ms,avg,70131.58
54,1780553418323170560,1780553419323170560,HTTP Waiting (TTFB),ms,min,70131.58
54,1780553418323170560,1780553419323170560,HTTP Waiting (TTFB),ms,max,70131.58
54,1780553418323170560,1780553419323170560,HTTP Waiting (TTFB),ms,sum,70131.58
54,1780553418323170560,1780553419323170560,HTTP Waiting (TTFB),ms,p1,70131.58
54,1780553418323170560,1780553419323170560,HTTP Waiting (TTFB),ms,p5,70131.58
54,1780553418323170560,1780553419323170560,HTTP Waiting (TTFB),ms,p10,70131.58
54,1780553418323170560,1780553419323170560,HTTP Waiting (TTFB),ms,p25,70131.58
54,1780553418323170560,1780553419323170560,HTTP Waiting (TTFB),ms,p50,70131.58
54,1780553418323170560,1780553419323170560,HTTP Waiting (TTFB),ms,p75,70131.58
54,1780553418323170560,1780553419323170560,HTTP Waiting (TTFB),ms,p90,70131.58
54,1780553418323170560,1780553419323170560,HTTP Waiting (TTFB),ms,p95,70131.58
54,1780553418323170560,1780553419323170560,HTTP Waiting (TTFB),ms,p99,70131.58
54,1780553418323170560,1780553419323170560,HTTP Waiting (TTFB),ms,std,0.00
54,1780553418323170560,1780553419323170560,Input Sequence Length,tokens,avg,123066.00
54,1780553418323170560,1780553419323170560,Input Sequence Length,tokens,min,123066.00
54,1780553418323170560,1780553419323170560,Input Sequence Length,tokens,max,123066.00
54,1780553418323170560,1780553419323170560,Input Sequence Length,tokens,sum,123066.00
54,1780553418323170560,1780553419323170560,Input Sequence Length,tokens,p1,123066.00
54,1780553418323170560,1780553419323170560,Input Sequence Length,tokens,p5,123066.00
54,1780553418323170560,1780553419323170560,Input Sequence Length,tokens,p10,123066.00
54,1780553418323170560,1780553419323170560,Input Sequence Length,tokens,p25,123066.00
54,1780553418323170560,1780553419323170560,Input Sequence Length,tokens,p50,123066.00
54,1780553418323170560,1780553419323170560,Input Sequence Length,tokens,p75,123066.00
54,1780553418323170560,1780553419323170560,Input Sequence Length,tokens,p90,123066.00
54,1780553418323170560,1780553419323170560,Input Sequence Length,tokens,p95,123066.00
54,1780553418323170560,1780553419323170560,Input Sequence Length,tokens,p99,123066.00
54,1780553418323170560,1780553419323170560,Input Sequence Length,tokens,std,0.00
54,1780553418323170560,1780553419323170560,Input Token Throughput,tokens/sec,avg,123066.00
54,1780553418323170560,1780553419323170560,Inter Chunk Latency,ms,avg,66.18
54,1780553418323170560,1780553419323170560,Inter Chunk Latency,ms,min,66.16
54,1780553418323170560,1780553419323170560,Inter Chunk Latency,ms,max,66.21
54,1780553418323170560,1780553419323170560,Inter Chunk Latency,ms,sum,35671.86
54,1780553418323170560,1780553419323170560,Inter Chunk Latency,ms,p1,66.16
54,1780553418323170560,1780553419323170560,Inter Chunk Latency,ms,p5,66.16
54,1780553418323170560,1780553419323170560,Inter Chunk Latency,ms,p10,66.16
54,1780553418323170560,1780553419323170560,Inter Chunk Latency,ms,p25,66.17
54,1780553418323170560,1780553419323170560,Inter Chunk Latency,ms,p50,66.18
54,1780553418323170560,1780553419323170560,Inter Chunk Latency,ms,p75,66.19
54,1780553418323170560,1780553419323170560,Inter Chunk Latency,ms,p90,66.20
54,1780553418323170560,1780553419323170560,Inter Chunk Latency,ms,p95,66.20
54,1780553418323170560,1780553419323170560,Inter Chunk Latency,ms,p99,66.20
54,1780553418323170560,1780553419323170560,Inter Chunk Latency,ms,std,0.01
54,1780553418323170560,1780553419323170560,Inter Token Latency,ms,avg,162.28
54,1780553418323170560,1780553419323170560,Inter Token Latency,ms,min,162.28
54,1780553418323170560,1780553419323170560,Inter Token Latency,ms,max,162.28
54,1780553418323170560,1780553419323170560,Inter Token Latency,ms,sum,162.28
54,1780553418323170560,1780553419323170560,Inter Token Latency,ms,p1,162.28
54,1780553418323170560,1780553419323170560,Inter Token Latency,ms,p5,162.28
54,1780553418323170560,1780553419323170560,Inter Token Latency,ms,p10,162.28
54,1780553418323170560,1780553419323170560,Inter Token Latency,ms,p25,162.28
54,1780553418323170560,1780553419323170560,Inter Token Latency,ms,p50,162.28
54,1780553418323170560,1780553419323170560,Inter Token Latency,ms,p75,162.28
54,1780553418323170560,1780553419323170560,Inter Token Latency,ms,p90,162.28
54,1780553418323170560,1780553419323170560,Inter Token Latency,ms,p95,162.28
54,1780553418323170560,1780553419323170560,Inter Token Latency,ms,p99,162.28
54,1780553418323170560,1780553419323170560,Inter Token Latency,ms,std,0.00
54,1780553418323170560,1780553419323170560,Maximum Response Timestamp,ns,avg,1780553576176923648.00
54,1780553418323170560,1780553419323170560,Minimum Request Timestamp,ns,avg,1780553418573368320.00
54,1780553418323170560,1780553419323170560,OSL Mismatch Count,requests,avg,0.00
54,1780553418323170560,1780553419323170560,OSL Mismatch Diff %,%,avg,0.00
54,1780553418323170560,1780553419323170560,OSL Mismatch Diff %,%,min,0.00
54,1780553418323170560,1780553419323170560,OSL Mismatch Diff %,%,max,0.00
54,1780553418323170560,1780553419323170560,OSL Mismatch Diff %,%,sum,0.00
54,1780553418323170560,1780553419323170560,OSL Mismatch Diff %,%,p1,0.00
54,1780553418323170560,1780553419323170560,OSL Mismatch Diff %,%,p5,0.00
54,1780553418323170560,1780553419323170560,OSL Mismatch Diff %,%,p10,0.00
54,1780553418323170560,1780553419323170560,OSL Mismatch Diff %,%,p25,0.00
54,1780553418323170560,1780553419323170560,OSL Mismatch Diff %,%,p50,0.00
54,1780553418323170560,1780553419323170560,OSL Mismatch Diff %,%,p75,0.00
54,1780553418323170560,1780553419323170560,OSL Mismatch Diff %,%,p90,0.00
54,1780553418323170560,1780553419323170560,OSL Mismatch Diff %,%,p95,0.00
54,1780553418323170560,1780553419323170560,OSL Mismatch Diff %,%,p99,0.00
54,1780553418323170560,1780553419323170560,OSL Mismatch Diff %,%,std,0.00
54,1780553418323170560,1780553419323170560,Output Sequence Length,tokens,avg,540.00
54,1780553418323170560,1780553419323170560,Output Sequence Length,tokens,min,540.00
54,1780553418323170560,1780553419323170560,Output Sequence Length,tokens,max,540.00
54,1780553418323170560,1780553419323170560,Output Sequence Length,tokens,sum,540.00
54,1780553418323170560,1780553419323170560,Output Sequence Length,tokens,p1,540.00
54,1780553418323170560,1780553419323170560,Output Sequence Length,tokens,p5,540.00
54,1780553418323170560,1780553419323170560,Output Sequence Length,tokens,p10,540.00
54,1780553418323170560,1780553419323170560,Output Sequence Length,tokens,p25,540.00
54,1780553418323170560,1780553419323170560,Output Sequence Length,tokens,p50,540.00
54,1780553418323170560,1780553419323170560,Output Sequence Length,tokens,p75,540.00
54,1780553418323170560,1780553419323170560,Output Sequence Length,tokens,p90,540.00
54,1780553418323170560,1780553419323170560,Output Sequence Length,tokens,p95,540.00
54,1780553418323170560,1780553419323170560,Output Sequence Length,tokens,p99,540.00
54,1780553418323170560,1780553419323170560,Output Sequence Length,tokens,std,0.00
54,1780553418323170560,1780553419323170560,Output Token Count,tokens,avg,540.00
54,1780553418323170560,1780553419323170560,Output Token Count,tokens,min,540.00
54,1780553418323170560,1780553419323170560,Output Token Count,tokens,max,540.00
54,1780553418323170560,1780553419323170560,Output Token Count,tokens,sum,540.00
54,1780553418323170560,1780553419323170560,Output Token Count,tokens,p1,540.00
54,1780553418323170560,1780553419323170560,Output Token Count,tokens,p5,540.00
54,1780553418323170560,1780553419323170560,Output Token Count,tokens,p10,540.00
54,1780553418323170560,1780553419323170560,Output Token Count,tokens,p25,540.00
54,1780553418323170560,1780553419323170560,Output Token Count,tokens,p50,540.00
54,1780553418323170560,1780553419323170560,Output Token Count,tokens,p75,540.00
54,1780553418323170560,1780553419323170560,Output Token Count,tokens,p90,540.00
54,1780553418323170560,1780553419323170560,Output Token Count,tokens,p95,540.00
54,1780553418323170560,1780553419323170560,Output Token Count,tokens,p99,540.00
54,1780553418323170560,1780553419323170560,Output Token Count,tokens,std,0.00
54,1780553418323170560,1780553419323170560,Output Token Throughput,tokens/sec,avg,540.00
54,1780553418323170560,1780553419323170560,Output Token Throughput Per User,tokens/sec/user,avg,6.16
54,1780553418323170560,1780553419323170560,Output Token Throughput Per User,tokens/sec/user,min,6.16
54,1780553418323170560,1780553419323170560,Output Token Throughput Per User,tokens/sec/user,max,6.16
54,1780553418323170560,1780553419323170560,Output Token Throughput Per User,tokens/sec/user,sum,6.16
54,1780553418323170560,1780553419323170560,Output Token Throughput Per User,tokens/sec/user,p1,6.16
54,1780553418323170560,1780553419323170560,Output Token Throughput Per User,tokens/sec/user,p5,6.16
54,1780553418323170560,1780553419323170560,Output Token Throughput Per User,tokens/sec/user,p10,6.16
54,1780553418323170560,1780553419323170560,Output Token Throughput Per User,tokens/sec/user,p25,6.16
54,1780553418323170560,1780553419323170560,Output Token Throughput Per User,tokens/sec/user,p50,6.16
54,1780553418323170560,1780553419323170560,Output Token Throughput Per User,tokens/sec/user,p75,6.16
54,1780553418323170560,1780553419323170560,Output Token Throughput Per User,tokens/sec/user,p90,6.16
54,1780553418323170560,1780553419323170560,Output Token Throughput Per User,tokens/sec/user,p95,6.16
54,1780553418323170560,1780553419323170560,Output Token Throughput Per User,tokens/sec/user,p99,6.16
54,1780553418323170560,1780553419323170560,Output Token Throughput Per User,tokens/sec/user,std,0.00
54,1780553418323170560,1780553419323170560,Prefill Throughput Per User,tokens/sec/user,avg,1754.75
54,1780553418323170560,1780553419323170560,Prefill Throughput Per User,tokens/sec/user,min,1754.75
54,1780553418323170560,1780553419323170560,Prefill Throughput Per User,tokens/sec/user,max,1754.75
54,1780553418323170560,1780553419323170560,Prefill Throughput Per User,tokens/sec/user,sum,1754.75
54,1780553418323170560,1780553419323170560,Prefill Throughput Per User,tokens/sec/user,p1,1754.75
54,1780553418323170560,1780553419323170560,Prefill Throughput Per User,tokens/sec/user,p5,1754.75
54,1780553418323170560,1780553419323170560,Prefill Throughput Per User,tokens/sec/user,p10,1754.75
54,1780553418323170560,1780553419323170560,Prefill Throughput Per User,tokens/sec/user,p25,1754.75
54,1780553418323170560,1780553419323170560,Prefill Throughput Per User,tokens/sec/user,p50,1754.75
54,1780553418323170560,1780553419323170560,Prefill Throughput Per User,tokens/sec/user,p75,1754.75
54,1780553418323170560,1780553419323170560,Prefill Throughput Per User,tokens/sec/user,p90,1754.75
54,1780553418323170560,1780553419323170560,Prefill Throughput Per User,tokens/sec/user,p95,1754.75
54,1780553418323170560,1780553419323170560,Prefill Throughput Per User,tokens/sec/user,p99,1754.75
54,1780553418323170560,1780553419323170560,Prefill Throughput Per User,tokens/sec/user,std,0.00
54,1780553418323170560,1780553419323170560,Request Count,requests,avg,1.00
54,1780553418323170560,1780553419323170560,Request Latency,ms,avg,157603.56
54,1780553418323170560,1780553419323170560,Request Latency,ms,min,157603.56
54,1780553418323170560,1780553419323170560,Request Latency,ms,max,157603.56
54,1780553418323170560,1780553419323170560,Request Latency,ms,sum,157603.56
54,1780553418323170560,1780553419323170560,Request Latency,ms,p1,157603.56
54,1780553418323170560,1780553419323170560,Request Latency,ms,p5,157603.56
54,1780553418323170560,1780553419323170560,Request Latency,ms,p10,157603.56
54,1780553418323170560,1780553419323170560,Request Latency,ms,p25,157603.56
54,1780553418323170560,1780553419323170560,Request Latency,ms,p50,157603.56
54,1780553418323170560,1780553419323170560,Request Latency,ms,p75,157603.56
54,1780553418323170560,1780553419323170560,Request Latency,ms,p90,157603.56
54,1780553418323170560,1780553419323170560,Request Latency,ms,p95,157603.56
54,1780553418323170560,1780553419323170560,Request Latency,ms,p99,157603.56
54,1780553418323170560,1780553419323170560,Request Latency,ms,std,0.00
54,1780553418323170560,1780553419323170560,Request Throughput,requests/sec,avg,1.00
54,1780553418323170560,1780553419323170560,Requested OSL,tokens,avg,540.00
54,1780553418323170560,1780553419323170560,Requested OSL,tokens,min,540.00
54,1780553418323170560,1780553419323170560,Requested OSL,tokens,max,540.00
54,1780553418323170560,1780553419323170560,Requested OSL,tokens,sum,540.00
54,1780553418323170560,1780553419323170560,Requested OSL,tokens,p1,540.00
54,1780553418323170560,1780553419323170560,Requested OSL,tokens,p5,540.00
54,1780553418323170560,1780553419323170560,Requested OSL,tokens,p10,540.00
54,1780553418323170560,1780553419323170560,Requested OSL,tokens,p25,540.00
54,1780553418323170560,1780553419323170560,Requested OSL,tokens,p50,540.00
54,1780553418323170560,1780553419323170560,Requested OSL,tokens,p75,540.00
54,1780553418323170560,1780553419323170560,Requested OSL,tokens,p90,540.00
54,1780553418323170560,1780553419323170560,Requested OSL,tokens,p95,540.00
54,1780553418323170560,1780553419323170560,Requested OSL,tokens,p99,540.00
54,1780553418323170560,1780553419323170560,Requested OSL,tokens,std,0.00
54,1780553418323170560,1780553419323170560,Time to First Output Token,ms,avg,70133.19
54,1780553418323170560,1780553419323170560,Time to First Output Token,ms,min,70133.19
54,1780553418323170560,1780553419323170560,Time to First Output Token,ms,max,70133.19
54,1780553418323170560,1780553419323170560,Time to First Output Token,ms,sum,70133.19
54,1780553418323170560,1780553419323170560,Time to First Output Token,ms,p1,70133.19
54,1780553418323170560,1780553419323170560,Time to First Output Token,ms,p5,70133.19
54,1780553418323170560,1780553419323170560,Time to First Output Token,ms,p10,70133.19
54,1780553418323170560,1780553419323170560,Time to First Output Token,ms,p25,70133.19
54,1780553418323170560,1780553419323170560,Time to First Output Token,ms,p50,70133.19
54,1780553418323170560,1780553419323170560,Time to First Output Token,ms,p75,70133.19
54,1780553418323170560,1780553419323170560,Time to First Output Token,ms,p90,70133.19
54,1780553418323170560,1780553419323170560,Time to First Output Token,ms,p95,70133.19
54,1780553418323170560,1780553419323170560,Time to First Output Token,ms,p99,70133.19
54,1780553418323170560,1780553419323170560,Time to First Output Token,ms,std,0.00
54,1780553418323170560,1780553419323170560,Time to First Token,ms,avg,70133.19
54,1780553418323170560,1780553419323170560,Time to First Token,ms,min,70133.19
54,1780553418323170560,1780553419323170560,Time to First Token,ms,max,70133.19
54,1780553418323170560,1780553419323170560,Time to First Token,ms,sum,70133.19
54,1780553418323170560,1780553419323170560,Time to First Token,ms,p1,70133.19
54,1780553418323170560,1780553419323170560,Time to First Token,ms,p5,70133.19
54,1780553418323170560,1780553419323170560,Time to First Token,ms,p10,70133.19
54,1780553418323170560,1780553419323170560,Time to First Token,ms,p25,70133.19
54,1780553418323170560,1780553419323170560,Time to First Token,ms,p50,70133.19
54,1780553418323170560,1780553419323170560,Time to First Token,ms,p75,70133.19
54,1780553418323170560,1780553419323170560,Time to First Token,ms,p90,70133.19
54,1780553418323170560,1780553419323170560,Time to First Token,ms,p95,70133.19
54,1780553418323170560,1780553419323170560,Time to First Token,ms,p99,70133.19
54,1780553418323170560,1780553419323170560,Time to First Token,ms,std,0.00
54,1780553418323170560,1780553419323170560,Time to Second Token,ms,avg,0.66
54,1780553418323170560,1780553419323170560,Time to Second Token,ms,min,0.66
54,1780553418323170560,1780553419323170560,Time to Second Token,ms,max,0.66
54,1780553418323170560,1780553419323170560,Time to Second Token,ms,sum,0.66
54,1780553418323170560,1780553419323170560,Time to Second Token,ms,p1,0.66
54,1780553418323170560,1780553419323170560,Time to Second Token,ms,p5,0.66
54,1780553418323170560,1780553419323170560,Time to Second Token,ms,p10,0.66
54,1780553418323170560,1780553419323170560,Time to Second Token,ms,p25,0.66
54,1780553418323170560,1780553419323170560,Time to Second Token,ms,p50,0.66
54,1780553418323170560,1780553419323170560,Time to Second Token,ms,p75,0.66
54,1780553418323170560,1780553419323170560,Time to Second Token,ms,p90,0.66
54,1780553418323170560,1780553419323170560,Time to Second Token,ms,p95,0.66
54,1780553418323170560,1780553419323170560,Time to Second Token,ms,p99,0.66
54,1780553418323170560,1780553419323170560,Time to Second Token,ms,std,0.00
54,1780553418323170560,1780553419323170560,Tokens In Flight,tokens,avg,1684966.73
54,1780553418323170560,1780553419323170560,Tokens In Flight,tokens,min,1592675.16
54,1780553418323170560,1780553419323170560,Tokens In Flight,tokens,max,1715778.82
54,1780553418323170560,1780553419323170560,Tokens In Flight,tokens,p50,1715756.21
54,1780553418323170560,1780553419323170560,Tokens In Flight,tokens,p90,1715773.19
54,1780553418323170560,1780553419323170560,Tokens In Flight,tokens,p95,1715775.51
54,1780553418323170560,1780553419323170560,Tokens In Flight,tokens,p99,1715777.51
54,1780553418323170560,1780553419323170560,Tokens In Flight,tokens,std,53310.44
54,1780553418323170560,1780553419323170560,Total Input Sequence Length,tokens,avg,123066.00
54,1780553418323170560,1780553419323170560,Total Output Sequence Length,tokens,avg,540.00
54,1780553418323170560,1780553419323170560,Total Output Tokens,tokens,avg,540.00
54,1780553418323170560,1780553419323170560,Total Token Throughput,tokens/sec,avg,123606.00
54,1780553418323170560,1780553419323170560,Total Usage Completion Tokens,tokens,avg,540.00
54,1780553418323170560,1780553419323170560,Total Usage Prompt Tokens,tokens,avg,123066.00
54,1780553418323170560,1780553419323170560,Total Usage Total Tokens,tokens,avg,123606.00
54,1780553418323170560,1780553419323170560,Usage Completion Tokens,tokens,avg,540.00
54,1780553418323170560,1780553419323170560,Usage Completion Tokens,tokens,min,540.00
54,1780553418323170560,1780553419323170560,Usage Completion Tokens,tokens,max,540.00
54,1780553418323170560,1780553419323170560,Usage Completion Tokens,tokens,sum,540.00
54,1780553418323170560,1780553419323170560,Usage Completion Tokens,tokens,p1,540.00
54,1780553418323170560,1780553419323170560,Usage Completion Tokens,tokens,p5,540.00
54,1780553418323170560,1780553419323170560,Usage Completion Tokens,tokens,p10,540.00
54,1780553418323170560,1780553419323170560,Usage Completion Tokens,tokens,p25,540.00
54,1780553418323170560,1780553419323170560,Usage Completion Tokens,tokens,p50,540.00
54,1780553418323170560,1780553419323170560,Usage Completion Tokens,tokens,p75,540.00
54,1780553418323170560,1780553419323170560,Usage Completion Tokens,tokens,p90,540.00
54,1780553418323170560,1780553419323170560,Usage Completion Tokens,tokens,p95,540.00
54,1780553418323170560,1780553419323170560,Usage Completion Tokens,tokens,p99,540.00
54,1780553418323170560,1780553419323170560,Usage Completion Tokens,tokens,std,0.00
54,1780553418323170560,1780553419323170560,Usage Prompt Tokens,tokens,avg,123066.00
54,1780553418323170560,1780553419323170560,Usage Prompt Tokens,tokens,min,123066.00
54,1780553418323170560,1780553419323170560,Usage Prompt Tokens,tokens,max,123066.00
54,1780553418323170560,1780553419323170560,Usage Prompt Tokens,tokens,sum,123066.00
54,1780553418323170560,1780553419323170560,Usage Prompt Tokens,tokens,p1,123066.00
54,1780553418323170560,1780553419323170560,Usage Prompt Tokens,tokens,p5,123066.00
54,1780553418323170560,1780553419323170560,Usage Prompt Tokens,tokens,p10,123066.00
54,1780553418323170560,1780553419323170560,Usage Prompt Tokens,tokens,p25,123066.00
54,1780553418323170560,1780553419323170560,Usage Prompt Tokens,tokens,p50,123066.00
54,1780553418323170560,1780553419323170560,Usage Prompt Tokens,tokens,p75,123066.00
54,1780553418323170560,1780553419323170560,Usage Prompt Tokens,tokens,p90,123066.00
54,1780553418323170560,1780553419323170560,Usage Prompt Tokens,tokens,p95,123066.00
54,1780553418323170560,1780553419323170560,Usage Prompt Tokens,tokens,p99,123066.00
54,1780553418323170560,1780553419323170560,Usage Prompt Tokens,tokens,std,0.00
54,1780553418323170560,1780553419323170560,Usage Total Tokens,tokens,avg,123606.00
54,1780553418323170560,1780553419323170560,Usage Total Tokens,tokens,min,123606.00
54,1780553418323170560,1780553419323170560,Usage Total Tokens,tokens,max,123606.00
54,1780553418323170560,1780553419323170560,Usage Total Tokens,tokens,sum,123606.00
54,1780553418323170560,1780553419323170560,Usage Total Tokens,tokens,p1,123606.00
54,1780553418323170560,1780553419323170560,Usage Total Tokens,tokens,p5,123606.00
54,1780553418323170560,1780553419323170560,Usage Total Tokens,tokens,p10,123606.00
54,1780553418323170560,1780553419323170560,Usage Total Tokens,tokens,p25,123606.00
54,1780553418323170560,1780553419323170560,Usage Total Tokens,tokens,p50,123606.00
54,1780553418323170560,1780553419323170560,Usage Total Tokens,tokens,p75,123606.00
54,1780553418323170560,1780553419323170560,Usage Total Tokens,tokens,p90,123606.00
54,1780553418323170560,1780553419323170560,Usage Total Tokens,tokens,p95,123606.00
54,1780553418323170560,1780553419323170560,Usage Total Tokens,tokens,p99,123606.00
54,1780553418323170560,1780553419323170560,Usage Total Tokens,tokens,std,0.00
55,1780553438323170560,1780553439323170560,Active Decode Throughput,tokens/sec,avg,69.51
55,1780553438323170560,1780553439323170560,Active Decode Throughput,tokens/sec,min,49.73
55,1780553438323170560,1780553439323170560,Active Decode Throughput,tokens/sec,max,89.30
55,1780553438323170560,1780553439323170560,Active Decode Throughput,tokens/sec,p50,69.51
55,1780553438323170560,1780553439323170560,Active Decode Throughput,tokens/sec,p90,69.51
55,1780553438323170560,1780553439323170560,Active Decode Throughput,tokens/sec,p95,69.51
55,1780553438323170560,1780553439323170560,Active Decode Throughput,tokens/sec,p99,69.52
55,1780553438323170560,1780553439323170560,Active Decode Throughput,tokens/sec,std,0.03
55,1780553438323170560,1780553439323170560,Active Decode Throughput Per User,tokens/sec/user,avg,7.72
55,1780553438323170560,1780553439323170560,Active Decode Throughput Per User,tokens/sec/user,min,5.53
55,1780553438323170560,1780553439323170560,Active Decode Throughput Per User,tokens/sec/user,max,9.92
55,1780553438323170560,1780553439323170560,Active Decode Throughput Per User,tokens/sec/user,p50,7.72
55,1780553438323170560,1780553439323170560,Active Decode Throughput Per User,tokens/sec/user,p90,7.72
55,1780553438323170560,1780553439323170560,Active Decode Throughput Per User,tokens/sec/user,p95,7.72
55,1780553438323170560,1780553439323170560,Active Decode Throughput Per User,tokens/sec/user,p99,7.72
55,1780553438323170560,1780553439323170560,Active Decode Throughput Per User,tokens/sec/user,std,0.00
55,1780553438323170560,1780553439323170560,Active Prefill Throughput,tokens/sec,avg,8288.55
55,1780553438323170560,1780553439323170560,Active Prefill Throughput,tokens/sec,min,7623.95
55,1780553438323170560,1780553439323170560,Active Prefill Throughput,tokens/sec,max,8587.58
55,1780553438323170560,1780553439323170560,Active Prefill Throughput,tokens/sec,p50,8587.58
55,1780553438323170560,1780553439323170560,Active Prefill Throughput,tokens/sec,p90,8587.58
55,1780553438323170560,1780553439323170560,Active Prefill Throughput,tokens/sec,p95,8587.58
55,1780553438323170560,1780553439323170560,Active Prefill Throughput,tokens/sec,p99,8587.58
55,1780553438323170560,1780553439323170560,Active Prefill Throughput,tokens/sec,std,445.79
55,1780553438323170560,1780553439323170560,Active Prefill Throughput Per User,tokens/sec/user,avg,1460.29
55,1780553438323170560,1780553439323170560,Active Prefill Throughput Per User,tokens/sec/user,min,1431.26
55,1780553438323170560,1780553439323170560,Active Prefill Throughput Per User,tokens/sec/user,max,1524.79
55,1780553438323170560,1780553439323170560,Active Prefill Throughput Per User,tokens/sec/user,p50,1431.26
55,1780553438323170560,1780553439323170560,Active Prefill Throughput Per User,tokens/sec/user,p90,1524.79
55,1780553438323170560,1780553439323170560,Active Prefill Throughput Per User,tokens/sec/user,p95,1524.79
55,1780553438323170560,1780553439323170560,Active Prefill Throughput Per User,tokens/sec/user,p99,1524.79
55,1780553438323170560,1780553439323170560,Active Prefill Throughput Per User,tokens/sec/user,std,43.27
55,1780553438323170560,1780553439323170560,Active Total Throughput,tokens/sec,avg,8341.04
55,1780553438323170560,1780553439323170560,Active Total Throughput,tokens/sec,min,7676.44
55,1780553438323170560,1780553439323170560,Active Total Throughput,tokens/sec,max,8640.06
55,1780553438323170560,1780553439323170560,Active Total Throughput,tokens/sec,p50,8640.06
55,1780553438323170560,1780553439323170560,Active Total Throughput,tokens/sec,p90,8640.06
55,1780553438323170560,1780553439323170560,Active Total Throughput,tokens/sec,p95,8640.06
55,1780553438323170560,1780553439323170560,Active Total Throughput,tokens/sec,p99,8640.06
55,1780553438323170560,1780553439323170560,Active Total Throughput,tokens/sec,std,445.79
55,1780553438323170560,1780553439323170560,Benchmark Duration,sec,avg,73.61
55,1780553438323170560,1780553439323170560,E2E Output Token Throughput,tokens/sec/user,avg,1.21
55,1780553438323170560,1780553439323170560,E2E Output Token Throughput,tokens/sec/user,min,1.21
55,1780553438323170560,1780553439323170560,E2E Output Token Throughput,tokens/sec/user,max,1.21
55,1780553438323170560,1780553439323170560,E2E Output Token Throughput,tokens/sec/user,sum,1.21
55,1780553438323170560,1780553439323170560,E2E Output Token Throughput,tokens/sec/user,p1,1.21
55,1780553438323170560,1780553439323170560,E2E Output Token Throughput,tokens/sec/user,p5,1.21
55,1780553438323170560,1780553439323170560,E2E Output Token Throughput,tokens/sec/user,p10,1.21
55,1780553438323170560,1780553439323170560,E2E Output Token Throughput,tokens/sec/user,p25,1.21
55,1780553438323170560,1780553439323170560,E2E Output Token Throughput,tokens/sec/user,p50,1.21
55,1780553438323170560,1780553439323170560,E2E Output Token Throughput,tokens/sec/user,p75,1.21
55,1780553438323170560,1780553439323170560,E2E Output Token Throughput,tokens/sec/user,p90,1.21
55,1780553438323170560,1780553439323170560,E2E Output Token Throughput,tokens/sec/user,p95,1.21
55,1780553438323170560,1780553439323170560,E2E Output Token Throughput,tokens/sec/user,p99,1.21
55,1780553438323170560,1780553439323170560,E2E Output Token Throughput,tokens/sec/user,std,0.00
55,1780553438323170560,1780553439323170560,Effective Concurrency,requests,avg,14.69
55,1780553438323170560,1780553439323170560,Effective Concurrency,requests,min,14.00
55,1780553438323170560,1780553439323170560,Effective Concurrency,requests,max,15.00
55,1780553438323170560,1780553439323170560,Effective Concurrency,requests,p50,15.00
55,1780553438323170560,1780553439323170560,Effective Concurrency,requests,p90,15.00
55,1780553438323170560,1780553439323170560,Effective Concurrency,requests,p95,15.00
55,1780553438323170560,1780553439323170560,Effective Concurrency,requests,p99,15.00
55,1780553438323170560,1780553439323170560,Effective Concurrency,requests,std,0.46
55,1780553438323170560,1780553439323170560,Effective Decode Concurrency,requests,avg,9.00
55,1780553438323170560,1780553439323170560,Effective Decode Concurrency,requests,min,9.00
55,1780553438323170560,1780553439323170560,Effective Decode Concurrency,requests,max,9.00
55,1780553438323170560,1780553439323170560,Effective Decode Concurrency,requests,p50,9.00
55,1780553438323170560,1780553439323170560,Effective Decode Concurrency,requests,p90,9.00
55,1780553438323170560,1780553439323170560,Effective Decode Concurrency,requests,p95,9.00
55,1780553438323170560,1780553439323170560,Effective Decode Concurrency,requests,p99,9.00
55,1780553438323170560,1780553439323170560,Effective Decode Concurrency,requests,std,0.00
55,1780553438323170560,1780553439323170560,Effective Decode Throughput,tokens/sec,avg,69.51
55,1780553438323170560,1780553439323170560,Effective Decode Throughput,tokens/sec,min,49.73
55,1780553438323170560,1780553439323170560,Effective Decode Throughput,tokens/sec,max,89.30
55,1780553438323170560,1780553439323170560,Effective Decode Throughput,tokens/sec,p50,69.51
55,1780553438323170560,1780553439323170560,Effective Decode Throughput,tokens/sec,p90,69.51
55,1780553438323170560,1780553439323170560,Effective Decode Throughput,tokens/sec,p95,69.51
55,1780553438323170560,1780553439323170560,Effective Decode Throughput,tokens/sec,p99,69.52
55,1780553438323170560,1780553439323170560,Effective Decode Throughput,tokens/sec,std,0.03
55,1780553438323170560,1780553439323170560,Effective Decode Throughput Per User,tokens/sec/user,avg,7.72
55,1780553438323170560,1780553439323170560,Effective Decode Throughput Per User,tokens/sec/user,min,5.53
55,1780553438323170560,1780553439323170560,Effective Decode Throughput Per User,tokens/sec/user,max,9.92
55,1780553438323170560,1780553439323170560,Effective Decode Throughput Per User,tokens/sec/user,p50,7.72
55,1780553438323170560,1780553439323170560,Effective Decode Throughput Per User,tokens/sec/user,p90,7.72
55,1780553438323170560,1780553439323170560,Effective Decode Throughput Per User,tokens/sec/user,p95,7.72
55,1780553438323170560,1780553439323170560,Effective Decode Throughput Per User,tokens/sec/user,p99,7.72
55,1780553438323170560,1780553439323170560,Effective Decode Throughput Per User,tokens/sec/user,std,0.00
55,1780553438323170560,1780553439323170560,Effective Prefill Concurrency,requests,avg,5.69
55,1780553438323170560,1780553439323170560,Effective Prefill Concurrency,requests,min,5.00
55,1780553438323170560,1780553439323170560,Effective Prefill Concurrency,requests,max,6.00
55,1780553438323170560,1780553439323170560,Effective Prefill Concurrency,requests,p50,6.00
55,1780553438323170560,1780553439323170560,Effective Prefill Concurrency,requests,p90,6.00
55,1780553438323170560,1780553439323170560,Effective Prefill Concurrency,requests,p95,6.00
55,1780553438323170560,1780553439323170560,Effective Prefill Concurrency,requests,p99,6.00
55,1780553438323170560,1780553439323170560,Effective Prefill Concurrency,requests,std,0.46
55,1780553438323170560,1780553439323170560,Effective Prefill Throughput,tokens/sec,avg,8288.55
55,1780553438323170560,1780553439323170560,Effective Prefill Throughput,tokens/sec,min,7623.95
55,1780553438323170560,1780553439323170560,Effective Prefill Throughput,tokens/sec,max,8587.58
55,1780553438323170560,1780553439323170560,Effective Prefill Throughput,tokens/sec,p50,8587.58
55,1780553438323170560,1780553439323170560,Effective Prefill Throughput,tokens/sec,p90,8587.58
55,1780553438323170560,1780553439323170560,Effective Prefill Throughput,tokens/sec,p95,8587.58
55,1780553438323170560,1780553439323170560,Effective Prefill Throughput,tokens/sec,p99,8587.58
55,1780553438323170560,1780553439323170560,Effective Prefill Throughput,tokens/sec,std,445.79
55,1780553438323170560,1780553439323170560,Effective Prefill Throughput Per User,tokens/sec/user,avg,1460.29
55,1780553438323170560,1780553439323170560,Effective Prefill Throughput Per User,tokens/sec/user,min,1431.26
55,1780553438323170560,1780553439323170560,Effective Prefill Throughput Per User,tokens/sec/user,max,1524.79
55,1780553438323170560,1780553439323170560,Effective Prefill Throughput Per User,tokens/sec/user,p50,1431.26
55,1780553438323170560,1780553439323170560,Effective Prefill Throughput Per User,tokens/sec/user,p90,1524.79
55,1780553438323170560,1780553439323170560,Effective Prefill Throughput Per User,tokens/sec/user,p95,1524.79
55,1780553438323170560,1780553439323170560,Effective Prefill Throughput Per User,tokens/sec/user,p99,1524.79
55,1780553438323170560,1780553439323170560,Effective Prefill Throughput Per User,tokens/sec/user,std,43.27
55,1780553438323170560,1780553439323170560,Effective Total Throughput,tokens/sec,avg,8341.04
55,1780553438323170560,1780553439323170560,Effective Total Throughput,tokens/sec,min,7676.44
55,1780553438323170560,1780553439323170560,Effective Total Throughput,tokens/sec,max,8640.06
55,1780553438323170560,1780553439323170560,Effective Total Throughput,tokens/sec,p50,8640.06
55,1780553438323170560,1780553439323170560,Effective Total Throughput,tokens/sec,p90,8640.06
55,1780553438323170560,1780553439323170560,Effective Total Throughput,tokens/sec,p95,8640.06
55,1780553438323170560,1780553439323170560,Effective Total Throughput,tokens/sec,p99,8640.06
55,1780553438323170560,1780553439323170560,Effective Total Throughput,tokens/sec,std,445.79
55,1780553438323170560,1780553439323170560,HTTP Blocked,ms,avg,0.00
55,1780553438323170560,1780553439323170560,HTTP Blocked,ms,min,0.00
55,1780553438323170560,1780553439323170560,HTTP Blocked,ms,max,0.00
55,1780553438323170560,1780553439323170560,HTTP Blocked,ms,sum,0.00
55,1780553438323170560,1780553439323170560,HTTP Blocked,ms,p1,0.00
55,1780553438323170560,1780553439323170560,HTTP Blocked,ms,p5,0.00
55,1780553438323170560,1780553439323170560,HTTP Blocked,ms,p10,0.00
55,1780553438323170560,1780553439323170560,HTTP Blocked,ms,p25,0.00
55,1780553438323170560,1780553439323170560,HTTP Blocked,ms,p50,0.00
55,1780553438323170560,1780553439323170560,HTTP Blocked,ms,p75,0.00
55,1780553438323170560,1780553439323170560,HTTP Blocked,ms,p90,0.00
55,1780553438323170560,1780553439323170560,HTTP Blocked,ms,p95,0.00
55,1780553438323170560,1780553439323170560,HTTP Blocked,ms,p99,0.00
55,1780553438323170560,1780553439323170560,HTTP Blocked,ms,std,0.00
55,1780553438323170560,1780553439323170560,HTTP Chunks Received,count,avg,89.00
55,1780553438323170560,1780553439323170560,HTTP Chunks Received,count,min,89.00
55,1780553438323170560,1780553439323170560,HTTP Chunks Received,count,max,89.00
55,1780553438323170560,1780553439323170560,HTTP Chunks Received,count,sum,89.00
55,1780553438323170560,1780553439323170560,HTTP Chunks Received,count,p1,89.00
55,1780553438323170560,1780553439323170560,HTTP Chunks Received,count,p5,89.00
55,1780553438323170560,1780553439323170560,HTTP Chunks Received,count,p10,89.00
55,1780553438323170560,1780553439323170560,HTTP Chunks Received,count,p25,89.00
55,1780553438323170560,1780553439323170560,HTTP Chunks Received,count,p50,89.00
55,1780553438323170560,1780553439323170560,HTTP Chunks Received,count,p75,89.00
55,1780553438323170560,1780553439323170560,HTTP Chunks Received,count,p90,89.00
55,1780553438323170560,1780553439323170560,HTTP Chunks Received,count,p95,89.00
55,1780553438323170560,1780553439323170560,HTTP Chunks Received,count,p99,89.00
55,1780553438323170560,1780553439323170560,HTTP Chunks Received,count,std,0.00
55,1780553438323170560,1780553439323170560,HTTP Chunks Sent,count,avg,1.00
55,1780553438323170560,1780553439323170560,HTTP Chunks Sent,count,min,1.00
55,1780553438323170560,1780553439323170560,HTTP Chunks Sent,count,max,1.00
55,1780553438323170560,1780553439323170560,HTTP Chunks Sent,count,sum,1.00
55,1780553438323170560,1780553439323170560,HTTP Chunks Sent,count,p1,1.00
55,1780553438323170560,1780553439323170560,HTTP Chunks Sent,count,p5,1.00
55,1780553438323170560,1780553439323170560,HTTP Chunks Sent,count,p10,1.00
55,1780553438323170560,1780553439323170560,HTTP Chunks Sent,count,p25,1.00
55,1780553438323170560,1780553439323170560,HTTP Chunks Sent,count,p50,1.00
55,1780553438323170560,1780553439323170560,HTTP Chunks Sent,count,p75,1.00
55,1780553438323170560,1780553439323170560,HTTP Chunks Sent,count,p90,1.00
55,1780553438323170560,1780553439323170560,HTTP Chunks Sent,count,p95,1.00
55,1780553438323170560,1780553439323170560,HTTP Chunks Sent,count,p99,1.00
55,1780553438323170560,1780553439323170560,HTTP Chunks Sent,count,std,0.00
55,1780553438323170560,1780553439323170560,HTTP Connecting,ms,avg,1.22
55,1780553438323170560,1780553439323170560,HTTP Connecting,ms,min,1.22
55,1780553438323170560,1780553439323170560,HTTP Connecting,ms,max,1.22
55,1780553438323170560,1780553439323170560,HTTP Connecting,ms,sum,1.22
55,1780553438323170560,1780553439323170560,HTTP Connecting,ms,p1,1.22
55,1780553438323170560,1780553439323170560,HTTP Connecting,ms,p5,1.22
55,1780553438323170560,1780553439323170560,HTTP Connecting,ms,p10,1.22
55,1780553438323170560,1780553439323170560,HTTP Connecting,ms,p25,1.22
55,1780553438323170560,1780553439323170560,HTTP Connecting,ms,p50,1.22
55,1780553438323170560,1780553439323170560,HTTP Connecting,ms,p75,1.22
55,1780553438323170560,1780553439323170560,HTTP Connecting,ms,p90,1.22
55,1780553438323170560,1780553439323170560,HTTP Connecting,ms,p95,1.22
55,1780553438323170560,1780553439323170560,HTTP Connecting,ms,p99,1.22
55,1780553438323170560,1780553439323170560,HTTP Connecting,ms,std,0.00
55,1780553438323170560,1780553439323170560,HTTP Connection Overhead,ms,avg,1.75
55,1780553438323170560,1780553439323170560,HTTP Connection Overhead,ms,min,1.75
55,1780553438323170560,1780553439323170560,HTTP Connection Overhead,ms,max,1.75
55,1780553438323170560,1780553439323170560,HTTP Connection Overhead,ms,sum,1.75
55,1780553438323170560,1780553439323170560,HTTP Connection Overhead,ms,p1,1.75
55,1780553438323170560,1780553439323170560,HTTP Connection Overhead,ms,p5,1.75
55,1780553438323170560,1780553439323170560,HTTP Connection Overhead,ms,p10,1.75
55,1780553438323170560,1780553439323170560,HTTP Connection Overhead,ms,p25,1.75
55,1780553438323170560,1780553439323170560,HTTP Connection Overhead,ms,p50,1.75
55,1780553438323170560,1780553439323170560,HTTP Connection Overhead,ms,p75,1.75
55,1780553438323170560,1780553439323170560,HTTP Connection Overhead,ms,p90,1.75
55,1780553438323170560,1780553439323170560,HTTP Connection Overhead,ms,p95,1.75
55,1780553438323170560,1780553439323170560,HTTP Connection Overhead,ms,p99,1.75
55,1780553438323170560,1780553439323170560,HTTP Connection Overhead,ms,std,0.00
55,1780553438323170560,1780553439323170560,HTTP Connection Reused,ratio,avg,0.00
55,1780553438323170560,1780553439323170560,HTTP Connection Reused,ratio,min,0.00
55,1780553438323170560,1780553439323170560,HTTP Connection Reused,ratio,max,0.00
55,1780553438323170560,1780553439323170560,HTTP Connection Reused,ratio,sum,0.00
55,1780553438323170560,1780553439323170560,HTTP Connection Reused,ratio,p1,0.00
55,1780553438323170560,1780553439323170560,HTTP Connection Reused,ratio,p5,0.00
55,1780553438323170560,1780553439323170560,HTTP Connection Reused,ratio,p10,0.00
55,1780553438323170560,1780553439323170560,HTTP Connection Reused,ratio,p25,0.00
55,1780553438323170560,1780553439323170560,HTTP Connection Reused,ratio,p50,0.00
55,1780553438323170560,1780553439323170560,HTTP Connection Reused,ratio,p75,0.00
55,1780553438323170560,1780553439323170560,HTTP Connection Reused,ratio,p90,0.00
55,1780553438323170560,1780553439323170560,HTTP Connection Reused,ratio,p95,0.00
55,1780553438323170560,1780553439323170560,HTTP Connection Reused,ratio,p99,0.00
55,1780553438323170560,1780553439323170560,HTTP Connection Reused,ratio,std,0.00
55,1780553438323170560,1780553439323170560,HTTP Data Received,KB,avg,22.74
55,1780553438323170560,1780553439323170560,HTTP Data Received,KB,min,22.74
55,1780553438323170560,1780553439323170560,HTTP Data Received,KB,max,22.74
55,1780553438323170560,1780553439323170560,HTTP Data Received,KB,sum,22.74
55,1780553438323170560,1780553439323170560,HTTP Data Received,KB,p1,22.74
55,1780553438323170560,1780553439323170560,HTTP Data Received,KB,p5,22.74
55,1780553438323170560,1780553439323170560,HTTP Data Received,KB,p10,22.74
55,1780553438323170560,1780553439323170560,HTTP Data Received,KB,p25,22.74
55,1780553438323170560,1780553439323170560,HTTP Data Received,KB,p50,22.74
55,1780553438323170560,1780553439323170560,HTTP Data Received,KB,p75,22.74
55,1780553438323170560,1780553439323170560,HTTP Data Received,KB,p90,22.74
55,1780553438323170560,1780553439323170560,HTTP Data Received,KB,p95,22.74
55,1780553438323170560,1780553439323170560,HTTP Data Received,KB,p99,22.74
55,1780553438323170560,1780553439323170560,HTTP Data Received,KB,std,0.00
55,1780553438323170560,1780553439323170560,HTTP Data Sent,KB,avg,252.49
55,1780553438323170560,1780553439323170560,HTTP Data Sent,KB,min,252.49
55,1780553438323170560,1780553439323170560,HTTP Data Sent,KB,max,252.49
55,1780553438323170560,1780553439323170560,HTTP Data Sent,KB,sum,252.49
55,1780553438323170560,1780553439323170560,HTTP Data Sent,KB,p1,252.49
55,1780553438323170560,1780553439323170560,HTTP Data Sent,KB,p5,252.49
55,1780553438323170560,1780553439323170560,HTTP Data Sent,KB,p10,252.49
55,1780553438323170560,1780553439323170560,HTTP Data Sent,KB,p25,252.49
55,1780553438323170560,1780553439323170560,HTTP Data Sent,KB,p50,252.49
55,1780553438323170560,1780553439323170560,HTTP Data Sent,KB,p75,252.49
55,1780553438323170560,1780553439323170560,HTTP Data Sent,KB,p90,252.49
55,1780553438323170560,1780553439323170560,HTTP Data Sent,KB,p95,252.49
55,1780553438323170560,1780553439323170560,HTTP Data Sent,KB,p99,252.49
55,1780553438323170560,1780553439323170560,HTTP Data Sent,KB,std,0.00
55,1780553438323170560,1780553439323170560,HTTP DNS Lookup,ms,avg,0.53
55,1780553438323170560,1780553439323170560,HTTP DNS Lookup,ms,min,0.53
55,1780553438323170560,1780553439323170560,HTTP DNS Lookup,ms,max,0.53
55,1780553438323170560,1780553439323170560,HTTP DNS Lookup,ms,sum,0.53
55,1780553438323170560,1780553439323170560,HTTP DNS Lookup,ms,p1,0.53
55,1780553438323170560,1780553439323170560,HTTP DNS Lookup,ms,p5,0.53
55,1780553438323170560,1780553439323170560,HTTP DNS Lookup,ms,p10,0.53
55,1780553438323170560,1780553439323170560,HTTP DNS Lookup,ms,p25,0.53
55,1780553438323170560,1780553439323170560,HTTP DNS Lookup,ms,p50,0.53
55,1780553438323170560,1780553439323170560,HTTP DNS Lookup,ms,p75,0.53
55,1780553438323170560,1780553439323170560,HTTP DNS Lookup,ms,p90,0.53
55,1780553438323170560,1780553439323170560,HTTP DNS Lookup,ms,p95,0.53
55,1780553438323170560,1780553439323170560,HTTP DNS Lookup,ms,p99,0.53
55,1780553438323170560,1780553439323170560,HTTP DNS Lookup,ms,std,0.00
55,1780553438323170560,1780553439323170560,HTTP Duration (excl. conn),ms,avg,73605.39
55,1780553438323170560,1780553439323170560,HTTP Duration (excl. conn),ms,min,73605.39
55,1780553438323170560,1780553439323170560,HTTP Duration (excl. conn),ms,max,73605.39
55,1780553438323170560,1780553439323170560,HTTP Duration (excl. conn),ms,sum,73605.39
55,1780553438323170560,1780553439323170560,HTTP Duration (excl. conn),ms,p1,73605.39
55,1780553438323170560,1780553439323170560,HTTP Duration (excl. conn),ms,p5,73605.39
55,1780553438323170560,1780553439323170560,HTTP Duration (excl. conn),ms,p10,73605.39
55,1780553438323170560,1780553439323170560,HTTP Duration (excl. conn),ms,p25,73605.39
55,1780553438323170560,1780553439323170560,HTTP Duration (excl. conn),ms,p50,73605.39
55,1780553438323170560,1780553439323170560,HTTP Duration (excl. conn),ms,p75,73605.39
55,1780553438323170560,1780553439323170560,HTTP Duration (excl. conn),ms,p90,73605.39
55,1780553438323170560,1780553439323170560,HTTP Duration (excl. conn),ms,p95,73605.39
55,1780553438323170560,1780553439323170560,HTTP Duration (excl. conn),ms,p99,73605.39
55,1780553438323170560,1780553439323170560,HTTP Duration (excl. conn),ms,std,0.00
55,1780553438323170560,1780553439323170560,HTTP Receiving,ms,avg,5947.33
55,1780553438323170560,1780553439323170560,HTTP Receiving,ms,min,5947.33
55,1780553438323170560,1780553439323170560,HTTP Receiving,ms,max,5947.33
55,1780553438323170560,1780553439323170560,HTTP Receiving,ms,sum,5947.33
55,1780553438323170560,1780553439323170560,HTTP Receiving,ms,p1,5947.33
55,1780553438323170560,1780553439323170560,HTTP Receiving,ms,p5,5947.33
55,1780553438323170560,1780553439323170560,HTTP Receiving,ms,p10,5947.33
55,1780553438323170560,1780553439323170560,HTTP Receiving,ms,p25,5947.33
55,1780553438323170560,1780553439323170560,HTTP Receiving,ms,p50,5947.33
55,1780553438323170560,1780553439323170560,HTTP Receiving,ms,p75,5947.33
55,1780553438323170560,1780553439323170560,HTTP Receiving,ms,p90,5947.33
55,1780553438323170560,1780553439323170560,HTTP Receiving,ms,p95,5947.33
55,1780553438323170560,1780553439323170560,HTTP Receiving,ms,p99,5947.33
55,1780553438323170560,1780553439323170560,HTTP Receiving,ms,std,0.00
55,1780553438323170560,1780553439323170560,HTTP Sending,ms,avg,1.49
55,1780553438323170560,1780553439323170560,HTTP Sending,ms,min,1.49
55,1780553438323170560,1780553439323170560,HTTP Sending,ms,max,1.49
55,1780553438323170560,1780553439323170560,HTTP Sending,ms,sum,1.49
55,1780553438323170560,1780553439323170560,HTTP Sending,ms,p1,1.49
55,1780553438323170560,1780553439323170560,HTTP Sending,ms,p5,1.49
55,1780553438323170560,1780553439323170560,HTTP Sending,ms,p10,1.49
55,1780553438323170560,1780553439323170560,HTTP Sending,ms,p25,1.49
55,1780553438323170560,1780553439323170560,HTTP Sending,ms,p50,1.49
55,1780553438323170560,1780553439323170560,HTTP Sending,ms,p75,1.49
55,1780553438323170560,1780553439323170560,HTTP Sending,ms,p90,1.49
55,1780553438323170560,1780553439323170560,HTTP Sending,ms,p95,1.49
55,1780553438323170560,1780553439323170560,HTTP Sending,ms,p99,1.49
55,1780553438323170560,1780553439323170560,HTTP Sending,ms,std,0.00
55,1780553438323170560,1780553439323170560,HTTP Total Time,ms,avg,73607.14
55,1780553438323170560,1780553439323170560,HTTP Total Time,ms,min,73607.14
55,1780553438323170560,1780553439323170560,HTTP Total Time,ms,max,73607.14
55,1780553438323170560,1780553439323170560,HTTP Total Time,ms,sum,73607.14
55,1780553438323170560,1780553439323170560,HTTP Total Time,ms,p1,73607.14
55,1780553438323170560,1780553439323170560,HTTP Total Time,ms,p5,73607.14
55,1780553438323170560,1780553439323170560,HTTP Total Time,ms,p10,73607.14
55,1780553438323170560,1780553439323170560,HTTP Total Time,ms,p25,73607.14
55,1780553438323170560,1780553439323170560,HTTP Total Time,ms,p50,73607.14
55,1780553438323170560,1780553439323170560,HTTP Total Time,ms,p75,73607.14
55,1780553438323170560,1780553439323170560,HTTP Total Time,ms,p90,73607.14
55,1780553438323170560,1780553439323170560,HTTP Total Time,ms,p95,73607.14
55,1780553438323170560,1780553439323170560,HTTP Total Time,ms,p99,73607.14
55,1780553438323170560,1780553439323170560,HTTP Total Time,ms,std,0.00
55,1780553438323170560,1780553439323170560,HTTP Waiting (TTFB),ms,avg,67656.57
55,1780553438323170560,1780553439323170560,HTTP Waiting (TTFB),ms,min,67656.57
55,1780553438323170560,1780553439323170560,HTTP Waiting (TTFB),ms,max,67656.57
55,1780553438323170560,1780553439323170560,HTTP Waiting (TTFB),ms,sum,67656.57
55,1780553438323170560,1780553439323170560,HTTP Waiting (TTFB),ms,p1,67656.57
55,1780553438323170560,1780553439323170560,HTTP Waiting (TTFB),ms,p5,67656.57
55,1780553438323170560,1780553439323170560,HTTP Waiting (TTFB),ms,p10,67656.57
55,1780553438323170560,1780553439323170560,HTTP Waiting (TTFB),ms,p25,67656.57
55,1780553438323170560,1780553439323170560,HTTP Waiting (TTFB),ms,p50,67656.57
55,1780553438323170560,1780553439323170560,HTTP Waiting (TTFB),ms,p75,67656.57
55,1780553438323170560,1780553439323170560,HTTP Waiting (TTFB),ms,p90,67656.57
55,1780553438323170560,1780553439323170560,HTTP Waiting (TTFB),ms,p95,67656.57
55,1780553438323170560,1780553439323170560,HTTP Waiting (TTFB),ms,p99,67656.57
55,1780553438323170560,1780553439323170560,HTTP Waiting (TTFB),ms,std,0.00
55,1780553438323170560,1780553439323170560,Input Sequence Length,tokens,avg,65197.00
55,1780553438323170560,1780553439323170560,Input Sequence Length,tokens,min,65197.00
55,1780553438323170560,1780553439323170560,Input Sequence Length,tokens,max,65197.00
55,1780553438323170560,1780553439323170560,Input Sequence Length,tokens,sum,65197.00
55,1780553438323170560,1780553439323170560,Input Sequence Length,tokens,p1,65197.00
55,1780553438323170560,1780553439323170560,Input Sequence Length,tokens,p5,65197.00
55,1780553438323170560,1780553439323170560,Input Sequence Length,tokens,p10,65197.00
55,1780553438323170560,1780553439323170560,Input Sequence Length,tokens,p25,65197.00
55,1780553438323170560,1780553439323170560,Input Sequence Length,tokens,p50,65197.00
55,1780553438323170560,1780553439323170560,Input Sequence Length,tokens,p75,65197.00
55,1780553438323170560,1780553439323170560,Input Sequence Length,tokens,p90,65197.00
55,1780553438323170560,1780553439323170560,Input Sequence Length,tokens,p95,65197.00
55,1780553438323170560,1780553439323170560,Input Sequence Length,tokens,p99,65197.00
55,1780553438323170560,1780553439323170560,Input Sequence Length,tokens,std,0.00
55,1780553438323170560,1780553439323170560,Input Token Throughput,tokens/sec,avg,65197.00
55,1780553438323170560,1780553439323170560,Inter Chunk Latency,ms,avg,65.84
55,1780553438323170560,1780553439323170560,Inter Chunk Latency,ms,min,65.83
55,1780553438323170560,1780553439323170560,Inter Chunk Latency,ms,max,65.84
55,1780553438323170560,1780553439323170560,Inter Chunk Latency,ms,sum,5793.59
55,1780553438323170560,1780553439323170560,Inter Chunk Latency,ms,p1,65.83
55,1780553438323170560,1780553439323170560,Inter Chunk Latency,ms,p5,65.83
55,1780553438323170560,1780553439323170560,Inter Chunk Latency,ms,p10,65.83
55,1780553438323170560,1780553439323170560,Inter Chunk Latency,ms,p25,65.83
55,1780553438323170560,1780553439323170560,Inter Chunk Latency,ms,p50,65.84
55,1780553438323170560,1780553439323170560,Inter Chunk Latency,ms,p75,65.84
55,1780553438323170560,1780553439323170560,Inter Chunk Latency,ms,p90,65.84
55,1780553438323170560,1780553439323170560,Inter Chunk Latency,ms,p95,65.84
55,1780553438323170560,1780553439323170560,Inter Chunk Latency,ms,p99,65.84
55,1780553438323170560,1780553439323170560,Inter Chunk Latency,ms,std,0.00
55,1780553438323170560,1780553439323170560,Inter Token Latency,ms,avg,67.58
55,1780553438323170560,1780553439323170560,Inter Token Latency,ms,min,67.58
55,1780553438323170560,1780553439323170560,Inter Token Latency,ms,max,67.58
55,1780553438323170560,1780553439323170560,Inter Token Latency,ms,sum,67.58
55,1780553438323170560,1780553439323170560,Inter Token Latency,ms,p1,67.58
55,1780553438323170560,1780553439323170560,Inter Token Latency,ms,p5,67.58
55,1780553438323170560,1780553439323170560,Inter Token Latency,ms,p10,67.58
55,1780553438323170560,1780553439323170560,Inter Token Latency,ms,p25,67.58
55,1780553438323170560,1780553439323170560,Inter Token Latency,ms,p50,67.58
55,1780553438323170560,1780553439323170560,Inter Token Latency,ms,p75,67.58
55,1780553438323170560,1780553439323170560,Inter Token Latency,ms,p90,67.58
55,1780553438323170560,1780553439323170560,Inter Token Latency,ms,p95,67.58
55,1780553438323170560,1780553439323170560,Inter Token Latency,ms,p99,67.58
55,1780553438323170560,1780553439323170560,Inter Token Latency,ms,std,0.00
55,1780553438323170560,1780553439323170560,Maximum Response Timestamp,ns,avg,1780553512238978560.00
55,1780553438323170560,1780553439323170560,Minimum Request Timestamp,ns,avg,1780553438633479680.00
55,1780553438323170560,1780553439323170560,OSL Mismatch Count,requests,avg,0.00
55,1780553438323170560,1780553439323170560,OSL Mismatch Diff %,%,avg,0.00
55,1780553438323170560,1780553439323170560,OSL Mismatch Diff %,%,min,0.00
55,1780553438323170560,1780553439323170560,OSL Mismatch Diff %,%,max,0.00
55,1780553438323170560,1780553439323170560,OSL Mismatch Diff %,%,sum,0.00
55,1780553438323170560,1780553439323170560,OSL Mismatch Diff %,%,p1,0.00
55,1780553438323170560,1780553439323170560,OSL Mismatch Diff %,%,p5,0.00
55,1780553438323170560,1780553439323170560,OSL Mismatch Diff %,%,p10,0.00
55,1780553438323170560,1780553439323170560,OSL Mismatch Diff %,%,p25,0.00
55,1780553438323170560,1780553439323170560,OSL Mismatch Diff %,%,p50,0.00
55,1780553438323170560,1780553439323170560,OSL Mismatch Diff %,%,p75,0.00
55,1780553438323170560,1780553439323170560,OSL Mismatch Diff %,%,p90,0.00
55,1780553438323170560,1780553439323170560,OSL Mismatch Diff %,%,p95,0.00
55,1780553438323170560,1780553439323170560,OSL Mismatch Diff %,%,p99,0.00
55,1780553438323170560,1780553439323170560,OSL Mismatch Diff %,%,std,0.00
55,1780553438323170560,1780553439323170560,Output Sequence Length,tokens,avg,89.00
55,1780553438323170560,1780553439323170560,Output Sequence Length,tokens,min,89.00
55,1780553438323170560,1780553439323170560,Output Sequence Length,tokens,max,89.00
55,1780553438323170560,1780553439323170560,Output Sequence Length,tokens,sum,89.00
55,1780553438323170560,1780553439323170560,Output Sequence Length,tokens,p1,89.00
55,1780553438323170560,1780553439323170560,Output Sequence Length,tokens,p5,89.00
55,1780553438323170560,1780553439323170560,Output Sequence Length,tokens,p10,89.00
55,1780553438323170560,1780553439323170560,Output Sequence Length,tokens,p25,89.00
55,1780553438323170560,1780553439323170560,Output Sequence Length,tokens,p50,89.00
55,1780553438323170560,1780553439323170560,Output Sequence Length,tokens,p75,89.00
55,1780553438323170560,1780553439323170560,Output Sequence Length,tokens,p90,89.00
55,1780553438323170560,1780553439323170560,Output Sequence Length,tokens,p95,89.00
55,1780553438323170560,1780553439323170560,Output Sequence Length,tokens,p99,89.00
55,1780553438323170560,1780553439323170560,Output Sequence Length,tokens,std,0.00
55,1780553438323170560,1780553439323170560,Output Token Count,tokens,avg,89.00
55,1780553438323170560,1780553439323170560,Output Token Count,tokens,min,89.00
55,1780553438323170560,1780553439323170560,Output Token Count,tokens,max,89.00
55,1780553438323170560,1780553439323170560,Output Token Count,tokens,sum,89.00
55,1780553438323170560,1780553439323170560,Output Token Count,tokens,p1,89.00
55,1780553438323170560,1780553439323170560,Output Token Count,tokens,p5,89.00
55,1780553438323170560,1780553439323170560,Output Token Count,tokens,p10,89.00
55,1780553438323170560,1780553439323170560,Output Token Count,tokens,p25,89.00
55,1780553438323170560,1780553439323170560,Output Token Count,tokens,p50,89.00
55,1780553438323170560,1780553439323170560,Output Token Count,tokens,p75,89.00
55,1780553438323170560,1780553439323170560,Output Token Count,tokens,p90,89.00
55,1780553438323170560,1780553439323170560,Output Token Count,tokens,p95,89.00
55,1780553438323170560,1780553439323170560,Output Token Count,tokens,p99,89.00
55,1780553438323170560,1780553439323170560,Output Token Count,tokens,std,0.00
55,1780553438323170560,1780553439323170560,Output Token Throughput,tokens/sec,avg,89.00
55,1780553438323170560,1780553439323170560,Output Token Throughput Per User,tokens/sec/user,avg,14.80
55,1780553438323170560,1780553439323170560,Output Token Throughput Per User,tokens/sec/user,min,14.80
55,1780553438323170560,1780553439323170560,Output Token Throughput Per User,tokens/sec/user,max,14.80
55,1780553438323170560,1780553439323170560,Output Token Throughput Per User,tokens/sec/user,sum,14.80
55,1780553438323170560,1780553439323170560,Output Token Throughput Per User,tokens/sec/user,p1,14.80
55,1780553438323170560,1780553439323170560,Output Token Throughput Per User,tokens/sec/user,p5,14.80
55,1780553438323170560,1780553439323170560,Output Token Throughput Per User,tokens/sec/user,p10,14.80
55,1780553438323170560,1780553439323170560,Output Token Throughput Per User,tokens/sec/user,p25,14.80
55,1780553438323170560,1780553439323170560,Output Token Throughput Per User,tokens/sec/user,p50,14.80
55,1780553438323170560,1780553439323170560,Output Token Throughput Per User,tokens/sec/user,p75,14.80
55,1780553438323170560,1780553439323170560,Output Token Throughput Per User,tokens/sec/user,p90,14.80
55,1780553438323170560,1780553439323170560,Output Token Throughput Per User,tokens/sec/user,p95,14.80
55,1780553438323170560,1780553439323170560,Output Token Throughput Per User,tokens/sec/user,p99,14.80
55,1780553438323170560,1780553439323170560,Output Token Throughput Per User,tokens/sec/user,std,0.00
55,1780553438323170560,1780553439323170560,Prefill Throughput Per User,tokens/sec/user,avg,963.62
55,1780553438323170560,1780553439323170560,Prefill Throughput Per User,tokens/sec/user,min,963.62
55,1780553438323170560,1780553439323170560,Prefill Throughput Per User,tokens/sec/user,max,963.62
55,1780553438323170560,1780553439323170560,Prefill Throughput Per User,tokens/sec/user,sum,963.62
55,1780553438323170560,1780553439323170560,Prefill Throughput Per User,tokens/sec/user,p1,963.62
55,1780553438323170560,1780553439323170560,Prefill Throughput Per User,tokens/sec/user,p5,963.62
55,1780553438323170560,1780553439323170560,Prefill Throughput Per User,tokens/sec/user,p10,963.62
55,1780553438323170560,1780553439323170560,Prefill Throughput Per User,tokens/sec/user,p25,963.62
55,1780553438323170560,1780553439323170560,Prefill Throughput Per User,tokens/sec/user,p50,963.62
55,1780553438323170560,1780553439323170560,Prefill Throughput Per User,tokens/sec/user,p75,963.62
55,1780553438323170560,1780553439323170560,Prefill Throughput Per User,tokens/sec/user,p90,963.62
55,1780553438323170560,1780553439323170560,Prefill Throughput Per User,tokens/sec/user,p95,963.62
55,1780553438323170560,1780553439323170560,Prefill Throughput Per User,tokens/sec/user,p99,963.62
55,1780553438323170560,1780553439323170560,Prefill Throughput Per User,tokens/sec/user,std,0.00
55,1780553438323170560,1780553439323170560,Request Count,requests,avg,1.00
55,1780553438323170560,1780553439323170560,Request Latency,ms,avg,73605.50
55,1780553438323170560,1780553439323170560,Request Latency,ms,min,73605.50
55,1780553438323170560,1780553439323170560,Request Latency,ms,max,73605.50
55,1780553438323170560,1780553439323170560,Request Latency,ms,sum,73605.50
55,1780553438323170560,1780553439323170560,Request Latency,ms,p1,73605.50
55,1780553438323170560,1780553439323170560,Request Latency,ms,p5,73605.50
55,1780553438323170560,1780553439323170560,Request Latency,ms,p10,73605.50
55,1780553438323170560,1780553439323170560,Request Latency,ms,p25,73605.50
55,1780553438323170560,1780553439323170560,Request Latency,ms,p50,73605.50
55,1780553438323170560,1780553439323170560,Request Latency,ms,p75,73605.50
55,1780553438323170560,1780553439323170560,Request Latency,ms,p90,73605.50
55,1780553438323170560,1780553439323170560,Request Latency,ms,p95,73605.50
55,1780553438323170560,1780553439323170560,Request Latency,ms,p99,73605.50
55,1780553438323170560,1780553439323170560,Request Latency,ms,std,0.00
55,1780553438323170560,1780553439323170560,Request Throughput,requests/sec,avg,1.00
55,1780553438323170560,1780553439323170560,Requested OSL,tokens,avg,89.00
55,1780553438323170560,1780553439323170560,Requested OSL,tokens,min,89.00
55,1780553438323170560,1780553439323170560,Requested OSL,tokens,max,89.00
55,1780553438323170560,1780553439323170560,Requested OSL,tokens,sum,89.00
55,1780553438323170560,1780553439323170560,Requested OSL,tokens,p1,89.00
55,1780553438323170560,1780553439323170560,Requested OSL,tokens,p5,89.00
55,1780553438323170560,1780553439323170560,Requested OSL,tokens,p10,89.00
55,1780553438323170560,1780553439323170560,Requested OSL,tokens,p25,89.00
55,1780553438323170560,1780553439323170560,Requested OSL,tokens,p50,89.00
55,1780553438323170560,1780553439323170560,Requested OSL,tokens,p75,89.00
55,1780553438323170560,1780553439323170560,Requested OSL,tokens,p90,89.00
55,1780553438323170560,1780553439323170560,Requested OSL,tokens,p95,89.00
55,1780553438323170560,1780553439323170560,Requested OSL,tokens,p99,89.00
55,1780553438323170560,1780553439323170560,Requested OSL,tokens,std,0.00
55,1780553438323170560,1780553439323170560,Time to First Output Token,ms,avg,67658.17
55,1780553438323170560,1780553439323170560,Time to First Output Token,ms,min,67658.17
55,1780553438323170560,1780553439323170560,Time to First Output Token,ms,max,67658.17
55,1780553438323170560,1780553439323170560,Time to First Output Token,ms,sum,67658.17
55,1780553438323170560,1780553439323170560,Time to First Output Token,ms,p1,67658.17
55,1780553438323170560,1780553439323170560,Time to First Output Token,ms,p5,67658.17
55,1780553438323170560,1780553439323170560,Time to First Output Token,ms,p10,67658.17
55,1780553438323170560,1780553439323170560,Time to First Output Token,ms,p25,67658.17
55,1780553438323170560,1780553439323170560,Time to First Output Token,ms,p50,67658.17
55,1780553438323170560,1780553439323170560,Time to First Output Token,ms,p75,67658.17
55,1780553438323170560,1780553439323170560,Time to First Output Token,ms,p90,67658.17
55,1780553438323170560,1780553439323170560,Time to First Output Token,ms,p95,67658.17
55,1780553438323170560,1780553439323170560,Time to First Output Token,ms,p99,67658.17
55,1780553438323170560,1780553439323170560,Time to First Output Token,ms,std,0.00
55,1780553438323170560,1780553439323170560,Time to First Token,ms,avg,67658.17
55,1780553438323170560,1780553439323170560,Time to First Token,ms,min,67658.17
55,1780553438323170560,1780553439323170560,Time to First Token,ms,max,67658.17
55,1780553438323170560,1780553439323170560,Time to First Token,ms,sum,67658.17
55,1780553438323170560,1780553439323170560,Time to First Token,ms,p1,67658.17
55,1780553438323170560,1780553439323170560,Time to First Token,ms,p5,67658.17
55,1780553438323170560,1780553439323170560,Time to First Token,ms,p10,67658.17
55,1780553438323170560,1780553439323170560,Time to First Token,ms,p25,67658.17
55,1780553438323170560,1780553439323170560,Time to First Token,ms,p50,67658.17
55,1780553438323170560,1780553439323170560,Time to First Token,ms,p75,67658.17
55,1780553438323170560,1780553439323170560,Time to First Token,ms,p90,67658.17
55,1780553438323170560,1780553439323170560,Time to First Token,ms,p95,67658.17
55,1780553438323170560,1780553439323170560,Time to First Token,ms,p99,67658.17
55,1780553438323170560,1780553439323170560,Time to First Token,ms,std,0.00
55,1780553438323170560,1780553439323170560,Time to Second Token,ms,avg,18.27
55,1780553438323170560,1780553439323170560,Time to Second Token,ms,min,18.27
55,1780553438323170560,1780553439323170560,Time to Second Token,ms,max,18.27
55,1780553438323170560,1780553439323170560,Time to Second Token,ms,sum,18.27
55,1780553438323170560,1780553439323170560,Time to Second Token,ms,p1,18.27
55,1780553438323170560,1780553439323170560,Time to Second Token,ms,p5,18.27
55,1780553438323170560,1780553439323170560,Time to Second Token,ms,p10,18.27
55,1780553438323170560,1780553439323170560,Time to Second Token,ms,p25,18.27
55,1780553438323170560,1780553439323170560,Time to Second Token,ms,p50,18.27
55,1780553438323170560,1780553439323170560,Time to Second Token,ms,p75,18.27
55,1780553438323170560,1780553439323170560,Time to Second Token,ms,p90,18.27
55,1780553438323170560,1780553439323170560,Time to Second Token,ms,p95,18.27
55,1780553438323170560,1780553439323170560,Time to Second Token,ms,p99,18.27
55,1780553438323170560,1780553439323170560,Time to Second Token,ms,std,0.00
55,1780553438323170560,1780553439323170560,Tokens In Flight,tokens,avg,1682333.11
55,1780553438323170560,1780553439323170560,Tokens In Flight,tokens,min,1637333.13
55,1780553438323170560,1780553439323170560,Tokens In Flight,tokens,max,1702599.28
55,1780553438323170560,1780553439323170560,Tokens In Flight,tokens,p50,1702564.70
55,1780553438323170560,1780553439323170560,Tokens In Flight,tokens,p90,1702592.36
55,1780553438323170560,1780553439323170560,Tokens In Flight,tokens,p95,1702595.68
55,1780553438323170560,1780553439323170560,Tokens In Flight,tokens,p99,1702597.97
55,1780553438323170560,1780553439323170560,Tokens In Flight,tokens,std,30177.53
55,1780553438323170560,1780553439323170560,Total Input Sequence Length,tokens,avg,65197.00
55,1780553438323170560,1780553439323170560,Total Output Sequence Length,tokens,avg,89.00
55,1780553438323170560,1780553439323170560,Total Output Tokens,tokens,avg,89.00
55,1780553438323170560,1780553439323170560,Total Token Throughput,tokens/sec,avg,65286.00
55,1780553438323170560,1780553439323170560,Total Usage Completion Tokens,tokens,avg,89.00
55,1780553438323170560,1780553439323170560,Total Usage Prompt Tokens,tokens,avg,65197.00
55,1780553438323170560,1780553439323170560,Total Usage Total Tokens,tokens,avg,65286.00
55,1780553438323170560,1780553439323170560,Usage Completion Tokens,tokens,avg,89.00
55,1780553438323170560,1780553439323170560,Usage Completion Tokens,tokens,min,89.00
55,1780553438323170560,1780553439323170560,Usage Completion Tokens,tokens,max,89.00
55,1780553438323170560,1780553439323170560,Usage Completion Tokens,tokens,sum,89.00
55,1780553438323170560,1780553439323170560,Usage Completion Tokens,tokens,p1,89.00
55,1780553438323170560,1780553439323170560,Usage Completion Tokens,tokens,p5,89.00
55,1780553438323170560,1780553439323170560,Usage Completion Tokens,tokens,p10,89.00
55,1780553438323170560,1780553439323170560,Usage Completion Tokens,tokens,p25,89.00
55,1780553438323170560,1780553439323170560,Usage Completion Tokens,tokens,p50,89.00
55,1780553438323170560,1780553439323170560,Usage Completion Tokens,tokens,p75,89.00
55,1780553438323170560,1780553439323170560,Usage Completion Tokens,tokens,p90,89.00
55,1780553438323170560,1780553439323170560,Usage Completion Tokens,tokens,p95,89.00
55,1780553438323170560,1780553439323170560,Usage Completion Tokens,tokens,p99,89.00
55,1780553438323170560,1780553439323170560,Usage Completion Tokens,tokens,std,0.00
55,1780553438323170560,1780553439323170560,Usage Prompt Tokens,tokens,avg,65197.00
55,1780553438323170560,1780553439323170560,Usage Prompt Tokens,tokens,min,65197.00
55,1780553438323170560,1780553439323170560,Usage Prompt Tokens,tokens,max,65197.00
55,1780553438323170560,1780553439323170560,Usage Prompt Tokens,tokens,sum,65197.00
55,1780553438323170560,1780553439323170560,Usage Prompt Tokens,tokens,p1,65197.00
55,1780553438323170560,1780553439323170560,Usage Prompt Tokens,tokens,p5,65197.00
55,1780553438323170560,1780553439323170560,Usage Prompt Tokens,tokens,p10,65197.00
55,1780553438323170560,1780553439323170560,Usage Prompt Tokens,tokens,p25,65197.00
55,1780553438323170560,1780553439323170560,Usage Prompt Tokens,tokens,p50,65197.00
55,1780553438323170560,1780553439323170560,Usage Prompt Tokens,tokens,p75,65197.00
55,1780553438323170560,1780553439323170560,Usage Prompt Tokens,tokens,p90,65197.00
55,1780553438323170560,1780553439323170560,Usage Prompt Tokens,tokens,p95,65197.00
55,1780553438323170560,1780553439323170560,Usage Prompt Tokens,tokens,p99,65197.00
55,1780553438323170560,1780553439323170560,Usage Prompt Tokens,tokens,std,0.00
55,1780553438323170560,1780553439323170560,Usage Total Tokens,tokens,avg,65286.00
55,1780553438323170560,1780553439323170560,Usage Total Tokens,tokens,min,65286.00
55,1780553438323170560,1780553439323170560,Usage Total Tokens,tokens,max,65286.00
55,1780553438323170560,1780553439323170560,Usage Total Tokens,tokens,sum,65286.00
55,1780553438323170560,1780553439323170560,Usage Total Tokens,tokens,p1,65286.00
55,1780553438323170560,1780553439323170560,Usage Total Tokens,tokens,p5,65286.00
55,1780553438323170560,1780553439323170560,Usage Total Tokens,tokens,p10,65286.00
55,1780553438323170560,1780553439323170560,Usage Total Tokens,tokens,p25,65286.00
55,1780553438323170560,1780553439323170560,Usage Total Tokens,tokens,p50,65286.00
55,1780553438323170560,1780553439323170560,Usage Total Tokens,tokens,p75,65286.00
55,1780553438323170560,1780553439323170560,Usage Total Tokens,tokens,p90,65286.00
55,1780553438323170560,1780553439323170560,Usage Total Tokens,tokens,p95,65286.00
55,1780553438323170560,1780553439323170560,Usage Total Tokens,tokens,p99,65286.00
55,1780553438323170560,1780553439323170560,Usage Total Tokens,tokens,std,0.00
56,1780553461323170560,1780553462323170560,Active Decode Throughput,tokens/sec,avg,54.53
56,1780553461323170560,1780553462323170560,Active Decode Throughput,tokens/sec,min,34.75
56,1780553461323170560,1780553462323170560,Active Decode Throughput,tokens/sec,max,74.31
56,1780553461323170560,1780553462323170560,Active Decode Throughput,tokens/sec,p50,54.53
56,1780553461323170560,1780553462323170560,Active Decode Throughput,tokens/sec,p90,54.53
56,1780553461323170560,1780553462323170560,Active Decode Throughput,tokens/sec,p95,54.53
56,1780553461323170560,1780553462323170560,Active Decode Throughput,tokens/sec,p99,54.53
56,1780553461323170560,1780553462323170560,Active Decode Throughput,tokens/sec,std,0.03
56,1780553461323170560,1780553462323170560,Active Decode Throughput Per User,tokens/sec/user,avg,5.45
56,1780553461323170560,1780553462323170560,Active Decode Throughput Per User,tokens/sec/user,min,3.48
56,1780553461323170560,1780553462323170560,Active Decode Throughput Per User,tokens/sec/user,max,7.43
56,1780553461323170560,1780553462323170560,Active Decode Throughput Per User,tokens/sec/user,p50,5.45
56,1780553461323170560,1780553462323170560,Active Decode Throughput Per User,tokens/sec/user,p90,5.45
56,1780553461323170560,1780553462323170560,Active Decode Throughput Per User,tokens/sec/user,p95,5.45
56,1780553461323170560,1780553462323170560,Active Decode Throughput Per User,tokens/sec/user,p99,5.45
56,1780553461323170560,1780553462323170560,Active Decode Throughput Per User,tokens/sec/user,std,0.00
56,1780553461323170560,1780553462323170560,Active Prefill Throughput,tokens/sec,avg,6386.17
56,1780553461323170560,1780553462323170560,Active Prefill Throughput,tokens/sec,min,6126.77
56,1780553461323170560,1780553462323170560,Active Prefill Throughput,tokens/sec,max,8336.16
56,1780553461323170560,1780553462323170560,Active Prefill Throughput,tokens/sec,p50,6126.77
56,1780553461323170560,1780553462323170560,Active Prefill Throughput,tokens/sec,p90,8336.16
56,1780553461323170560,1780553462323170560,Active Prefill Throughput,tokens/sec,p95,8336.16
56,1780553461323170560,1780553462323170560,Active Prefill Throughput,tokens/sec,p99,8336.16
56,1780553461323170560,1780553462323170560,Active Prefill Throughput,tokens/sec,std,711.21
56,1780553461323170560,1780553462323170560,Active Prefill Throughput Per User,tokens/sec/user,avg,1547.61
56,1780553461323170560,1780553462323170560,Active Prefill Throughput Per User,tokens/sec/user,min,1531.69
56,1780553461323170560,1780553462323170560,Active Prefill Throughput Per User,tokens/sec/user,max,1667.23
56,1780553461323170560,1780553462323170560,Active Prefill Throughput Per User,tokens/sec/user,p50,1531.69
56,1780553461323170560,1780553462323170560,Active Prefill Throughput Per User,tokens/sec/user,p90,1667.23
56,1780553461323170560,1780553462323170560,Active Prefill Throughput Per User,tokens/sec/user,p95,1667.23
56,1780553461323170560,1780553462323170560,Active Prefill Throughput Per User,tokens/sec/user,p99,1667.23
56,1780553461323170560,1780553462323170560,Active Prefill Throughput Per User,tokens/sec/user,std,43.63
56,1780553461323170560,1780553462323170560,Active Total Throughput,tokens/sec,avg,6444.68
56,1780553461323170560,1780553462323170560,Active Total Throughput,tokens/sec,min,6185.29
56,1780553461323170560,1780553462323170560,Active Total Throughput,tokens/sec,max,8394.67
56,1780553461323170560,1780553462323170560,Active Total Throughput,tokens/sec,p50,6185.29
56,1780553461323170560,1780553462323170560,Active Total Throughput,tokens/sec,p90,8394.67
56,1780553461323170560,1780553462323170560,Active Total Throughput,tokens/sec,p95,8394.67
56,1780553461323170560,1780553462323170560,Active Total Throughput,tokens/sec,p99,8394.67
56,1780553461323170560,1780553462323170560,Active Total Throughput,tokens/sec,std,711.21
56,1780553461323170560,1780553462323170560,Benchmark Duration,sec,avg,768.64
56,1780553461323170560,1780553462323170560,E2E Output Token Throughput,tokens/sec/user,avg,5.65
56,1780553461323170560,1780553462323170560,E2E Output Token Throughput,tokens/sec/user,min,5.65
56,1780553461323170560,1780553462323170560,E2E Output Token Throughput,tokens/sec/user,max,5.65
56,1780553461323170560,1780553462323170560,E2E Output Token Throughput,tokens/sec/user,sum,5.65
56,1780553461323170560,1780553462323170560,E2E Output Token Throughput,tokens/sec/user,p1,5.65
56,1780553461323170560,1780553462323170560,E2E Output Token Throughput,tokens/sec/user,p5,5.65
56,1780553461323170560,1780553462323170560,E2E Output Token Throughput,tokens/sec/user,p10,5.65
56,1780553461323170560,1780553462323170560,E2E Output Token Throughput,tokens/sec/user,p25,5.65
56,1780553461323170560,1780553462323170560,E2E Output Token Throughput,tokens/sec/user,p50,5.65
56,1780553461323170560,1780553462323170560,E2E Output Token Throughput,tokens/sec/user,p75,5.65
56,1780553461323170560,1780553462323170560,E2E Output Token Throughput,tokens/sec/user,p90,5.65
56,1780553461323170560,1780553462323170560,E2E Output Token Throughput,tokens/sec/user,p95,5.65
56,1780553461323170560,1780553462323170560,E2E Output Token Throughput,tokens/sec/user,p99,5.65
56,1780553461323170560,1780553462323170560,E2E Output Token Throughput,tokens/sec/user,std,0.00
56,1780553461323170560,1780553462323170560,Effective Concurrency,requests,avg,14.12
56,1780553461323170560,1780553462323170560,Effective Concurrency,requests,min,14.00
56,1780553461323170560,1780553462323170560,Effective Concurrency,requests,max,15.00
56,1780553461323170560,1780553462323170560,Effective Concurrency,requests,p50,14.00
56,1780553461323170560,1780553462323170560,Effective Concurrency,requests,p90,15.00
56,1780553461323170560,1780553462323170560,Effective Concurrency,requests,p95,15.00
56,1780553461323170560,1780553462323170560,Effective Concurrency,requests,p99,15.00
56,1780553461323170560,1780553462323170560,Effective Concurrency,requests,std,0.32
56,1780553461323170560,1780553462323170560,Effective Decode Concurrency,requests,avg,10.00
56,1780553461323170560,1780553462323170560,Effective Decode Concurrency,requests,min,10.00
56,1780553461323170560,1780553462323170560,Effective Decode Concurrency,requests,max,10.00
56,1780553461323170560,1780553462323170560,Effective Decode Concurrency,requests,p50,10.00
56,1780553461323170560,1780553462323170560,Effective Decode Concurrency,requests,p90,10.00
56,1780553461323170560,1780553462323170560,Effective Decode Concurrency,requests,p95,10.00
56,1780553461323170560,1780553462323170560,Effective Decode Concurrency,requests,p99,10.00
56,1780553461323170560,1780553462323170560,Effective Decode Concurrency,requests,std,0.00
56,1780553461323170560,1780553462323170560,Effective Decode Throughput,tokens/sec,avg,54.53
56,1780553461323170560,1780553462323170560,Effective Decode Throughput,tokens/sec,min,34.75
56,1780553461323170560,1780553462323170560,Effective Decode Throughput,tokens/sec,max,74.31
56,1780553461323170560,1780553462323170560,Effective Decode Throughput,tokens/sec,p50,54.53
56,1780553461323170560,1780553462323170560,Effective Decode Throughput,tokens/sec,p90,54.53
56,1780553461323170560,1780553462323170560,Effective Decode Throughput,tokens/sec,p95,54.53
56,1780553461323170560,1780553462323170560,Effective Decode Throughput,tokens/sec,p99,54.53
56,1780553461323170560,1780553462323170560,Effective Decode Throughput,tokens/sec,std,0.03
56,1780553461323170560,1780553462323170560,Effective Decode Throughput Per User,tokens/sec/user,avg,5.45
56,1780553461323170560,1780553462323170560,Effective Decode Throughput Per User,tokens/sec/user,min,3.48
56,1780553461323170560,1780553462323170560,Effective Decode Throughput Per User,tokens/sec/user,max,7.43
56,1780553461323170560,1780553462323170560,Effective Decode Throughput Per User,tokens/sec/user,p50,5.45
56,1780553461323170560,1780553462323170560,Effective Decode Throughput Per User,tokens/sec/user,p90,5.45
56,1780553461323170560,1780553462323170560,Effective Decode Throughput Per User,tokens/sec/user,p95,5.45
56,1780553461323170560,1780553462323170560,Effective Decode Throughput Per User,tokens/sec/user,p99,5.45
56,1780553461323170560,1780553462323170560,Effective Decode Throughput Per User,tokens/sec/user,std,0.00
56,1780553461323170560,1780553462323170560,Effective Prefill Concurrency,requests,avg,4.12
56,1780553461323170560,1780553462323170560,Effective Prefill Concurrency,requests,min,4.00
56,1780553461323170560,1780553462323170560,Effective Prefill Concurrency,requests,max,5.00
56,1780553461323170560,1780553462323170560,Effective Prefill Concurrency,requests,p50,4.00
56,1780553461323170560,1780553462323170560,Effective Prefill Concurrency,requests,p90,5.00
56,1780553461323170560,1780553462323170560,Effective Prefill Concurrency,requests,p95,5.00
56,1780553461323170560,1780553462323170560,Effective Prefill Concurrency,requests,p99,5.00
56,1780553461323170560,1780553462323170560,Effective Prefill Concurrency,requests,std,0.32
56,1780553461323170560,1780553462323170560,Effective Prefill Throughput,tokens/sec,avg,6386.17
56,1780553461323170560,1780553462323170560,Effective Prefill Throughput,tokens/sec,min,6126.77
56,1780553461323170560,1780553462323170560,Effective Prefill Throughput,tokens/sec,max,8336.16
56,1780553461323170560,1780553462323170560,Effective Prefill Throughput,tokens/sec,p50,6126.77
56,1780553461323170560,1780553462323170560,Effective Prefill Throughput,tokens/sec,p90,8336.16
56,1780553461323170560,1780553462323170560,Effective Prefill Throughput,tokens/sec,p95,8336.16
56,1780553461323170560,1780553462323170560,Effective Prefill Throughput,tokens/sec,p99,8336.16
56,1780553461323170560,1780553462323170560,Effective Prefill Throughput,tokens/sec,std,711.21
56,1780553461323170560,1780553462323170560,Effective Prefill Throughput Per User,tokens/sec/user,avg,1547.61
56,1780553461323170560,1780553462323170560,Effective Prefill Throughput Per User,tokens/sec/user,min,1531.69
56,1780553461323170560,1780553462323170560,Effective Prefill Throughput Per User,tokens/sec/user,max,1667.23
56,1780553461323170560,1780553462323170560,Effective Prefill Throughput Per User,tokens/sec/user,p50,1531.69
56,1780553461323170560,1780553462323170560,Effective Prefill Throughput Per User,tokens/sec/user,p90,1667.23
56,1780553461323170560,1780553462323170560,Effective Prefill Throughput Per User,tokens/sec/user,p95,1667.23
56,1780553461323170560,1780553462323170560,Effective Prefill Throughput Per User,tokens/sec/user,p99,1667.23
56,1780553461323170560,1780553462323170560,Effective Prefill Throughput Per User,tokens/sec/user,std,43.63
56,1780553461323170560,1780553462323170560,Effective Total Throughput,tokens/sec,avg,6444.68
56,1780553461323170560,1780553462323170560,Effective Total Throughput,tokens/sec,min,6185.29
56,1780553461323170560,1780553462323170560,Effective Total Throughput,tokens/sec,max,8394.67
56,1780553461323170560,1780553462323170560,Effective Total Throughput,tokens/sec,p50,6185.29
56,1780553461323170560,1780553462323170560,Effective Total Throughput,tokens/sec,p90,8394.67
56,1780553461323170560,1780553462323170560,Effective Total Throughput,tokens/sec,p95,8394.67
56,1780553461323170560,1780553462323170560,Effective Total Throughput,tokens/sec,p99,8394.67
56,1780553461323170560,1780553462323170560,Effective Total Throughput,tokens/sec,std,711.21
56,1780553461323170560,1780553462323170560,HTTP Blocked,ms,avg,0.00
56,1780553461323170560,1780553462323170560,HTTP Blocked,ms,min,0.00
56,1780553461323170560,1780553462323170560,HTTP Blocked,ms,max,0.00
56,1780553461323170560,1780553462323170560,HTTP Blocked,ms,sum,0.00
56,1780553461323170560,1780553462323170560,HTTP Blocked,ms,p1,0.00
56,1780553461323170560,1780553462323170560,HTTP Blocked,ms,p5,0.00
56,1780553461323170560,1780553462323170560,HTTP Blocked,ms,p10,0.00
56,1780553461323170560,1780553462323170560,HTTP Blocked,ms,p25,0.00
56,1780553461323170560,1780553462323170560,HTTP Blocked,ms,p50,0.00
56,1780553461323170560,1780553462323170560,HTTP Blocked,ms,p75,0.00
56,1780553461323170560,1780553462323170560,HTTP Blocked,ms,p90,0.00
56,1780553461323170560,1780553462323170560,HTTP Blocked,ms,p95,0.00
56,1780553461323170560,1780553462323170560,HTTP Blocked,ms,p99,0.00
56,1780553461323170560,1780553462323170560,HTTP Blocked,ms,std,0.00
56,1780553461323170560,1780553462323170560,HTTP Chunks Received,count,avg,4343.00
56,1780553461323170560,1780553462323170560,HTTP Chunks Received,count,min,4343.00
56,1780553461323170560,1780553462323170560,HTTP Chunks Received,count,max,4343.00
56,1780553461323170560,1780553462323170560,HTTP Chunks Received,count,sum,4343.00
56,1780553461323170560,1780553462323170560,HTTP Chunks Received,count,p1,4343.00
56,1780553461323170560,1780553462323170560,HTTP Chunks Received,count,p5,4343.00
56,1780553461323170560,1780553462323170560,HTTP Chunks Received,count,p10,4343.00
56,1780553461323170560,1780553462323170560,HTTP Chunks Received,count,p25,4343.00
56,1780553461323170560,1780553462323170560,HTTP Chunks Received,count,p50,4343.00
56,1780553461323170560,1780553462323170560,HTTP Chunks Received,count,p75,4343.00
56,1780553461323170560,1780553462323170560,HTTP Chunks Received,count,p90,4343.00
56,1780553461323170560,1780553462323170560,HTTP Chunks Received,count,p95,4343.00
56,1780553461323170560,1780553462323170560,HTTP Chunks Received,count,p99,4343.00
56,1780553461323170560,1780553462323170560,HTTP Chunks Received,count,std,0.00
56,1780553461323170560,1780553462323170560,HTTP Chunks Sent,count,avg,1.00
56,1780553461323170560,1780553462323170560,HTTP Chunks Sent,count,min,1.00
56,1780553461323170560,1780553462323170560,HTTP Chunks Sent,count,max,1.00
56,1780553461323170560,1780553462323170560,HTTP Chunks Sent,count,sum,1.00
56,1780553461323170560,1780553462323170560,HTTP Chunks Sent,count,p1,1.00
56,1780553461323170560,1780553462323170560,HTTP Chunks Sent,count,p5,1.00
56,1780553461323170560,1780553462323170560,HTTP Chunks Sent,count,p10,1.00
56,1780553461323170560,1780553462323170560,HTTP Chunks Sent,count,p25,1.00
56,1780553461323170560,1780553462323170560,HTTP Chunks Sent,count,p50,1.00
56,1780553461323170560,1780553462323170560,HTTP Chunks Sent,count,p75,1.00
56,1780553461323170560,1780553462323170560,HTTP Chunks Sent,count,p90,1.00
56,1780553461323170560,1780553462323170560,HTTP Chunks Sent,count,p95,1.00
56,1780553461323170560,1780553462323170560,HTTP Chunks Sent,count,p99,1.00
56,1780553461323170560,1780553462323170560,HTTP Chunks Sent,count,std,0.00
56,1780553461323170560,1780553462323170560,HTTP Connecting,ms,avg,1.23
56,1780553461323170560,1780553462323170560,HTTP Connecting,ms,min,1.23
56,1780553461323170560,1780553462323170560,HTTP Connecting,ms,max,1.23
56,1780553461323170560,1780553462323170560,HTTP Connecting,ms,sum,1.23
56,1780553461323170560,1780553462323170560,HTTP Connecting,ms,p1,1.23
56,1780553461323170560,1780553462323170560,HTTP Connecting,ms,p5,1.23
56,1780553461323170560,1780553462323170560,HTTP Connecting,ms,p10,1.23
56,1780553461323170560,1780553462323170560,HTTP Connecting,ms,p25,1.23
56,1780553461323170560,1780553462323170560,HTTP Connecting,ms,p50,1.23
56,1780553461323170560,1780553462323170560,HTTP Connecting,ms,p75,1.23
56,1780553461323170560,1780553462323170560,HTTP Connecting,ms,p90,1.23
56,1780553461323170560,1780553462323170560,HTTP Connecting,ms,p95,1.23
56,1780553461323170560,1780553462323170560,HTTP Connecting,ms,p99,1.23
56,1780553461323170560,1780553462323170560,HTTP Connecting,ms,std,0.00
56,1780553461323170560,1780553462323170560,HTTP Connection Overhead,ms,avg,1.82
56,1780553461323170560,1780553462323170560,HTTP Connection Overhead,ms,min,1.82
56,1780553461323170560,1780553462323170560,HTTP Connection Overhead,ms,max,1.82
56,1780553461323170560,1780553462323170560,HTTP Connection Overhead,ms,sum,1.82
56,1780553461323170560,1780553462323170560,HTTP Connection Overhead,ms,p1,1.82
56,1780553461323170560,1780553462323170560,HTTP Connection Overhead,ms,p5,1.82
56,1780553461323170560,1780553462323170560,HTTP Connection Overhead,ms,p10,1.82
56,1780553461323170560,1780553462323170560,HTTP Connection Overhead,ms,p25,1.82
56,1780553461323170560,1780553462323170560,HTTP Connection Overhead,ms,p50,1.82
56,1780553461323170560,1780553462323170560,HTTP Connection Overhead,ms,p75,1.82
56,1780553461323170560,1780553462323170560,HTTP Connection Overhead,ms,p90,1.82
56,1780553461323170560,1780553462323170560,HTTP Connection Overhead,ms,p95,1.82
56,1780553461323170560,1780553462323170560,HTTP Connection Overhead,ms,p99,1.82
56,1780553461323170560,1780553462323170560,HTTP Connection Overhead,ms,std,0.00
56,1780553461323170560,1780553462323170560,HTTP Connection Reused,ratio,avg,0.00
56,1780553461323170560,1780553462323170560,HTTP Connection Reused,ratio,min,0.00
56,1780553461323170560,1780553462323170560,HTTP Connection Reused,ratio,max,0.00
56,1780553461323170560,1780553462323170560,HTTP Connection Reused,ratio,sum,0.00
56,1780553461323170560,1780553462323170560,HTTP Connection Reused,ratio,p1,0.00
56,1780553461323170560,1780553462323170560,HTTP Connection Reused,ratio,p5,0.00
56,1780553461323170560,1780553462323170560,HTTP Connection Reused,ratio,p10,0.00
56,1780553461323170560,1780553462323170560,HTTP Connection Reused,ratio,p25,0.00
56,1780553461323170560,1780553462323170560,HTTP Connection Reused,ratio,p50,0.00
56,1780553461323170560,1780553462323170560,HTTP Connection Reused,ratio,p75,0.00
56,1780553461323170560,1780553462323170560,HTTP Connection Reused,ratio,p90,0.00
56,1780553461323170560,1780553462323170560,HTTP Connection Reused,ratio,p95,0.00
56,1780553461323170560,1780553462323170560,HTTP Connection Reused,ratio,p99,0.00
56,1780553461323170560,1780553462323170560,HTTP Connection Reused,ratio,std,0.00
56,1780553461323170560,1780553462323170560,HTTP Data Received,KB,avg,1081.60
56,1780553461323170560,1780553462323170560,HTTP Data Received,KB,min,1081.60
56,1780553461323170560,1780553462323170560,HTTP Data Received,KB,max,1081.60
56,1780553461323170560,1780553462323170560,HTTP Data Received,KB,sum,1081.60
56,1780553461323170560,1780553462323170560,HTTP Data Received,KB,p1,1081.60
56,1780553461323170560,1780553462323170560,HTTP Data Received,KB,p5,1081.60
56,1780553461323170560,1780553462323170560,HTTP Data Received,KB,p10,1081.60
56,1780553461323170560,1780553462323170560,HTTP Data Received,KB,p25,1081.60
56,1780553461323170560,1780553462323170560,HTTP Data Received,KB,p50,1081.60
56,1780553461323170560,1780553462323170560,HTTP Data Received,KB,p75,1081.60
56,1780553461323170560,1780553462323170560,HTTP Data Received,KB,p90,1081.60
56,1780553461323170560,1780553462323170560,HTTP Data Received,KB,p95,1081.60
56,1780553461323170560,1780553462323170560,HTTP Data Received,KB,p99,1081.60
56,1780553461323170560,1780553462323170560,HTTP Data Received,KB,std,0.00
56,1780553461323170560,1780553462323170560,HTTP Data Sent,KB,avg,706.73
56,1780553461323170560,1780553462323170560,HTTP Data Sent,KB,min,706.73
56,1780553461323170560,1780553462323170560,HTTP Data Sent,KB,max,706.73
56,1780553461323170560,1780553462323170560,HTTP Data Sent,KB,sum,706.73
56,1780553461323170560,1780553462323170560,HTTP Data Sent,KB,p1,706.73
56,1780553461323170560,1780553462323170560,HTTP Data Sent,KB,p5,706.73
56,1780553461323170560,1780553462323170560,HTTP Data Sent,KB,p10,706.73
56,1780553461323170560,1780553462323170560,HTTP Data Sent,KB,p25,706.73
56,1780553461323170560,1780553462323170560,HTTP Data Sent,KB,p50,706.73
56,1780553461323170560,1780553462323170560,HTTP Data Sent,KB,p75,706.73
56,1780553461323170560,1780553462323170560,HTTP Data Sent,KB,p90,706.73
56,1780553461323170560,1780553462323170560,HTTP Data Sent,KB,p95,706.73
56,1780553461323170560,1780553462323170560,HTTP Data Sent,KB,p99,706.73
56,1780553461323170560,1780553462323170560,HTTP Data Sent,KB,std,0.00
56,1780553461323170560,1780553462323170560,HTTP DNS Lookup,ms,avg,0.59
56,1780553461323170560,1780553462323170560,HTTP DNS Lookup,ms,min,0.59
56,1780553461323170560,1780553462323170560,HTTP DNS Lookup,ms,max,0.59
56,1780553461323170560,1780553462323170560,HTTP DNS Lookup,ms,sum,0.59
56,1780553461323170560,1780553462323170560,HTTP DNS Lookup,ms,p1,0.59
56,1780553461323170560,1780553462323170560,HTTP DNS Lookup,ms,p5,0.59
56,1780553461323170560,1780553462323170560,HTTP DNS Lookup,ms,p10,0.59
56,1780553461323170560,1780553462323170560,HTTP DNS Lookup,ms,p25,0.59
56,1780553461323170560,1780553462323170560,HTTP DNS Lookup,ms,p50,0.59
56,1780553461323170560,1780553462323170560,HTTP DNS Lookup,ms,p75,0.59
56,1780553461323170560,1780553462323170560,HTTP DNS Lookup,ms,p90,0.59
56,1780553461323170560,1780553462323170560,HTTP DNS Lookup,ms,p95,0.59
56,1780553461323170560,1780553462323170560,HTTP DNS Lookup,ms,p99,0.59
56,1780553461323170560,1780553462323170560,HTTP DNS Lookup,ms,std,0.00
56,1780553461323170560,1780553462323170560,HTTP Duration (excl. conn),ms,avg,768644.84
56,1780553461323170560,1780553462323170560,HTTP Duration (excl. conn),ms,min,768644.84
56,1780553461323170560,1780553462323170560,HTTP Duration (excl. conn),ms,max,768644.84
56,1780553461323170560,1780553462323170560,HTTP Duration (excl. conn),ms,sum,768644.84
56,1780553461323170560,1780553462323170560,HTTP Duration (excl. conn),ms,p1,768644.84
56,1780553461323170560,1780553462323170560,HTTP Duration (excl. conn),ms,p5,768644.84
56,1780553461323170560,1780553462323170560,HTTP Duration (excl. conn),ms,p10,768644.84
56,1780553461323170560,1780553462323170560,HTTP Duration (excl. conn),ms,p25,768644.84
56,1780553461323170560,1780553462323170560,HTTP Duration (excl. conn),ms,p50,768644.84
56,1780553461323170560,1780553462323170560,HTTP Duration (excl. conn),ms,p75,768644.84
56,1780553461323170560,1780553462323170560,HTTP Duration (excl. conn),ms,p90,768644.84
56,1780553461323170560,1780553462323170560,HTTP Duration (excl. conn),ms,p95,768644.84
56,1780553461323170560,1780553462323170560,HTTP Duration (excl. conn),ms,p99,768644.84
56,1780553461323170560,1780553462323170560,HTTP Duration (excl. conn),ms,std,0.00
56,1780553461323170560,1780553462323170560,HTTP Receiving,ms,avg,686373.31
56,1780553461323170560,1780553462323170560,HTTP Receiving,ms,min,686373.31
56,1780553461323170560,1780553462323170560,HTTP Receiving,ms,max,686373.31
56,1780553461323170560,1780553462323170560,HTTP Receiving,ms,sum,686373.31
56,1780553461323170560,1780553462323170560,HTTP Receiving,ms,p1,686373.31
56,1780553461323170560,1780553462323170560,HTTP Receiving,ms,p5,686373.31
56,1780553461323170560,1780553462323170560,HTTP Receiving,ms,p10,686373.31
56,1780553461323170560,1780553462323170560,HTTP Receiving,ms,p25,686373.31
56,1780553461323170560,1780553462323170560,HTTP Receiving,ms,p50,686373.31
56,1780553461323170560,1780553462323170560,HTTP Receiving,ms,p75,686373.31
56,1780553461323170560,1780553462323170560,HTTP Receiving,ms,p90,686373.31
56,1780553461323170560,1780553462323170560,HTTP Receiving,ms,p95,686373.31
56,1780553461323170560,1780553462323170560,HTTP Receiving,ms,p99,686373.31
56,1780553461323170560,1780553462323170560,HTTP Receiving,ms,std,0.00
56,1780553461323170560,1780553462323170560,HTTP Sending,ms,avg,1.50
56,1780553461323170560,1780553462323170560,HTTP Sending,ms,min,1.50
56,1780553461323170560,1780553462323170560,HTTP Sending,ms,max,1.50
56,1780553461323170560,1780553462323170560,HTTP Sending,ms,sum,1.50
56,1780553461323170560,1780553462323170560,HTTP Sending,ms,p1,1.50
56,1780553461323170560,1780553462323170560,HTTP Sending,ms,p5,1.50
56,1780553461323170560,1780553462323170560,HTTP Sending,ms,p10,1.50
56,1780553461323170560,1780553462323170560,HTTP Sending,ms,p25,1.50
56,1780553461323170560,1780553462323170560,HTTP Sending,ms,p50,1.50
56,1780553461323170560,1780553462323170560,HTTP Sending,ms,p75,1.50
56,1780553461323170560,1780553462323170560,HTTP Sending,ms,p90,1.50
56,1780553461323170560,1780553462323170560,HTTP Sending,ms,p95,1.50
56,1780553461323170560,1780553462323170560,HTTP Sending,ms,p99,1.50
56,1780553461323170560,1780553462323170560,HTTP Sending,ms,std,0.00
56,1780553461323170560,1780553462323170560,HTTP Total Time,ms,avg,768646.66
56,1780553461323170560,1780553462323170560,HTTP Total Time,ms,min,768646.66
56,1780553461323170560,1780553462323170560,HTTP Total Time,ms,max,768646.66
56,1780553461323170560,1780553462323170560,HTTP Total Time,ms,sum,768646.66
56,1780553461323170560,1780553462323170560,HTTP Total Time,ms,p1,768646.66
56,1780553461323170560,1780553462323170560,HTTP Total Time,ms,p5,768646.66
56,1780553461323170560,1780553462323170560,HTTP Total Time,ms,p10,768646.66
56,1780553461323170560,1780553462323170560,HTTP Total Time,ms,p25,768646.66
56,1780553461323170560,1780553462323170560,HTTP Total Time,ms,p50,768646.66
56,1780553461323170560,1780553462323170560,HTTP Total Time,ms,p75,768646.66
56,1780553461323170560,1780553462323170560,HTTP Total Time,ms,p90,768646.66
56,1780553461323170560,1780553462323170560,HTTP Total Time,ms,p95,768646.66
56,1780553461323170560,1780553462323170560,HTTP Total Time,ms,p99,768646.66
56,1780553461323170560,1780553462323170560,HTTP Total Time,ms,std,0.00
56,1780553461323170560,1780553462323170560,HTTP Waiting (TTFB),ms,avg,82270.03
56,1780553461323170560,1780553462323170560,HTTP Waiting (TTFB),ms,min,82270.03
56,1780553461323170560,1780553462323170560,HTTP Waiting (TTFB),ms,max,82270.03
56,1780553461323170560,1780553462323170560,HTTP Waiting (TTFB),ms,sum,82270.03
56,1780553461323170560,1780553462323170560,HTTP Waiting (TTFB),ms,p1,82270.03
56,1780553461323170560,1780553462323170560,HTTP Waiting (TTFB),ms,p5,82270.03
56,1780553461323170560,1780553462323170560,HTTP Waiting (TTFB),ms,p10,82270.03
56,1780553461323170560,1780553462323170560,HTTP Waiting (TTFB),ms,p25,82270.03
56,1780553461323170560,1780553462323170560,HTTP Waiting (TTFB),ms,p50,82270.03
56,1780553461323170560,1780553462323170560,HTTP Waiting (TTFB),ms,p75,82270.03
56,1780553461323170560,1780553462323170560,HTTP Waiting (TTFB),ms,p90,82270.03
56,1780553461323170560,1780553462323170560,HTTP Waiting (TTFB),ms,p95,82270.03
56,1780553461323170560,1780553462323170560,HTTP Waiting (TTFB),ms,p99,82270.03
56,1780553461323170560,1780553462323170560,HTTP Waiting (TTFB),ms,std,0.00
56,1780553461323170560,1780553462323170560,Input Sequence Length,tokens,avg,181770.00
56,1780553461323170560,1780553462323170560,Input Sequence Length,tokens,min,181770.00
56,1780553461323170560,1780553462323170560,Input Sequence Length,tokens,max,181770.00
56,1780553461323170560,1780553462323170560,Input Sequence Length,tokens,sum,181770.00
56,1780553461323170560,1780553462323170560,Input Sequence Length,tokens,p1,181770.00
56,1780553461323170560,1780553462323170560,Input Sequence Length,tokens,p5,181770.00
56,1780553461323170560,1780553462323170560,Input Sequence Length,tokens,p10,181770.00
56,1780553461323170560,1780553462323170560,Input Sequence Length,tokens,p25,181770.00
56,1780553461323170560,1780553462323170560,Input Sequence Length,tokens,p50,181770.00
56,1780553461323170560,1780553462323170560,Input Sequence Length,tokens,p75,181770.00
56,1780553461323170560,1780553462323170560,Input Sequence Length,tokens,p90,181770.00
56,1780553461323170560,1780553462323170560,Input Sequence Length,tokens,p95,181770.00
56,1780553461323170560,1780553462323170560,Input Sequence Length,tokens,p99,181770.00
56,1780553461323170560,1780553462323170560,Input Sequence Length,tokens,std,0.00
56,1780553461323170560,1780553462323170560,Input Token Throughput,tokens/sec,avg,181770.00
56,1780553461323170560,1780553462323170560,Inter Chunk Latency,ms,avg,67.84
56,1780553461323170560,1780553462323170560,Inter Chunk Latency,ms,min,67.77
56,1780553461323170560,1780553462323170560,Inter Chunk Latency,ms,max,67.92
56,1780553461323170560,1780553462323170560,Inter Chunk Latency,ms,sum,285826.52
56,1780553461323170560,1780553462323170560,Inter Chunk Latency,ms,p1,67.77
56,1780553461323170560,1780553462323170560,Inter Chunk Latency,ms,p5,67.78
56,1780553461323170560,1780553462323170560,Inter Chunk Latency,ms,p10,67.79
56,1780553461323170560,1780553462323170560,Inter Chunk Latency,ms,p25,67.81
56,1780553461323170560,1780553462323170560,Inter Chunk Latency,ms,p50,67.85
56,1780553461323170560,1780553462323170560,Inter Chunk Latency,ms,p75,67.88
56,1780553461323170560,1780553462323170560,Inter Chunk Latency,ms,p90,67.90
56,1780553461323170560,1780553462323170560,Inter Chunk Latency,ms,p95,67.91
56,1780553461323170560,1780553462323170560,Inter Chunk Latency,ms,p99,67.91
56,1780553461323170560,1780553462323170560,Inter Chunk Latency,ms,std,0.04
56,1780553461323170560,1780553462323170560,Inter Token Latency,ms,avg,158.08
56,1780553461323170560,1780553462323170560,Inter Token Latency,ms,min,158.08
56,1780553461323170560,1780553462323170560,Inter Token Latency,ms,max,158.08
56,1780553461323170560,1780553462323170560,Inter Token Latency,ms,sum,158.08
56,1780553461323170560,1780553462323170560,Inter Token Latency,ms,p1,158.08
56,1780553461323170560,1780553462323170560,Inter Token Latency,ms,p5,158.08
56,1780553461323170560,1780553462323170560,Inter Token Latency,ms,p10,158.08
56,1780553461323170560,1780553462323170560,Inter Token Latency,ms,p25,158.08
56,1780553461323170560,1780553462323170560,Inter Token Latency,ms,p50,158.08
56,1780553461323170560,1780553462323170560,Inter Token Latency,ms,p75,158.08
56,1780553461323170560,1780553462323170560,Inter Token Latency,ms,p90,158.08
56,1780553461323170560,1780553462323170560,Inter Token Latency,ms,p95,158.08
56,1780553461323170560,1780553462323170560,Inter Token Latency,ms,p99,158.08
56,1780553461323170560,1780553462323170560,Inter Token Latency,ms,std,0.00
56,1780553461323170560,1780553462323170560,Maximum Response Timestamp,ns,avg,1780554230850714368.00
56,1780553461323170560,1780553462323170560,Minimum Request Timestamp,ns,avg,1780553462205765632.00
56,1780553461323170560,1780553462323170560,OSL Mismatch Count,requests,avg,0.00
56,1780553461323170560,1780553462323170560,OSL Mismatch Diff %,%,avg,0.00
56,1780553461323170560,1780553462323170560,OSL Mismatch Diff %,%,min,0.00
56,1780553461323170560,1780553462323170560,OSL Mismatch Diff %,%,max,0.00
56,1780553461323170560,1780553462323170560,OSL Mismatch Diff %,%,sum,0.00
56,1780553461323170560,1780553462323170560,OSL Mismatch Diff %,%,p1,0.00
56,1780553461323170560,1780553462323170560,OSL Mismatch Diff %,%,p5,0.00
56,1780553461323170560,1780553462323170560,OSL Mismatch Diff %,%,p10,0.00
56,1780553461323170560,1780553462323170560,OSL Mismatch Diff %,%,p25,0.00
56,1780553461323170560,1780553462323170560,OSL Mismatch Diff %,%,p50,0.00
56,1780553461323170560,1780553462323170560,OSL Mismatch Diff %,%,p75,0.00
56,1780553461323170560,1780553462323170560,OSL Mismatch Diff %,%,p90,0.00
56,1780553461323170560,1780553462323170560,OSL Mismatch Diff %,%,p95,0.00
56,1780553461323170560,1780553462323170560,OSL Mismatch Diff %,%,p99,0.00
56,1780553461323170560,1780553462323170560,OSL Mismatch Diff %,%,std,0.00
56,1780553461323170560,1780553462323170560,Output Sequence Length,tokens,avg,4343.00
56,1780553461323170560,1780553462323170560,Output Sequence Length,tokens,min,4343.00
56,1780553461323170560,1780553462323170560,Output Sequence Length,tokens,max,4343.00
56,1780553461323170560,1780553462323170560,Output Sequence Length,tokens,sum,4343.00
56,1780553461323170560,1780553462323170560,Output Sequence Length,tokens,p1,4343.00
56,1780553461323170560,1780553462323170560,Output Sequence Length,tokens,p5,4343.00
56,1780553461323170560,1780553462323170560,Output Sequence Length,tokens,p10,4343.00
56,1780553461323170560,1780553462323170560,Output Sequence Length,tokens,p25,4343.00
56,1780553461323170560,1780553462323170560,Output Sequence Length,tokens,p50,4343.00
56,1780553461323170560,1780553462323170560,Output Sequence Length,tokens,p75,4343.00
56,1780553461323170560,1780553462323170560,Output Sequence Length,tokens,p90,4343.00
56,1780553461323170560,1780553462323170560,Output Sequence Length,tokens,p95,4343.00
56,1780553461323170560,1780553462323170560,Output Sequence Length,tokens,p99,4343.00
56,1780553461323170560,1780553462323170560,Output Sequence Length,tokens,std,0.00
56,1780553461323170560,1780553462323170560,Output Token Count,tokens,avg,4343.00
56,1780553461323170560,1780553462323170560,Output Token Count,tokens,min,4343.00
56,1780553461323170560,1780553462323170560,Output Token Count,tokens,max,4343.00
56,1780553461323170560,1780553462323170560,Output Token Count,tokens,sum,4343.00
56,1780553461323170560,1780553462323170560,Output Token Count,tokens,p1,4343.00
56,1780553461323170560,1780553462323170560,Output Token Count,tokens,p5,4343.00
56,1780553461323170560,1780553462323170560,Output Token Count,tokens,p10,4343.00
56,1780553461323170560,1780553462323170560,Output Token Count,tokens,p25,4343.00
56,1780553461323170560,1780553462323170560,Output Token Count,tokens,p50,4343.00
56,1780553461323170560,1780553462323170560,Output Token Count,tokens,p75,4343.00
56,1780553461323170560,1780553462323170560,Output Token Count,tokens,p90,4343.00
56,1780553461323170560,1780553462323170560,Output Token Count,tokens,p95,4343.00
56,1780553461323170560,1780553462323170560,Output Token Count,tokens,p99,4343.00
56,1780553461323170560,1780553462323170560,Output Token Count,tokens,std,0.00
56,1780553461323170560,1780553462323170560,Output Token Throughput,tokens/sec,avg,4343.00
56,1780553461323170560,1780553462323170560,Output Token Throughput Per User,tokens/sec/user,avg,6.33
56,1780553461323170560,1780553462323170560,Output Token Throughput Per User,tokens/sec/user,min,6.33
56,1780553461323170560,1780553462323170560,Output Token Throughput Per User,tokens/sec/user,max,6.33
56,1780553461323170560,1780553462323170560,Output Token Throughput Per User,tokens/sec/user,sum,6.33
56,1780553461323170560,1780553462323170560,Output Token Throughput Per User,tokens/sec/user,p1,6.33
56,1780553461323170560,1780553462323170560,Output Token Throughput Per User,tokens/sec/user,p5,6.33
56,1780553461323170560,1780553462323170560,Output Token Throughput Per User,tokens/sec/user,p10,6.33
56,1780553461323170560,1780553462323170560,Output Token Throughput Per User,tokens/sec/user,p25,6.33
56,1780553461323170560,1780553462323170560,Output Token Throughput Per User,tokens/sec/user,p50,6.33
56,1780553461323170560,1780553462323170560,Output Token Throughput Per User,tokens/sec/user,p75,6.33
56,1780553461323170560,1780553462323170560,Output Token Throughput Per User,tokens/sec/user,p90,6.33
56,1780553461323170560,1780553462323170560,Output Token Throughput Per User,tokens/sec/user,p95,6.33
56,1780553461323170560,1780553462323170560,Output Token Throughput Per User,tokens/sec/user,p99,6.33
56,1780553461323170560,1780553462323170560,Output Token Throughput Per User,tokens/sec/user,std,0.00
56,1780553461323170560,1780553462323170560,Prefill Throughput Per User,tokens/sec/user,avg,2209.39
56,1780553461323170560,1780553462323170560,Prefill Throughput Per User,tokens/sec/user,min,2209.39
56,1780553461323170560,1780553462323170560,Prefill Throughput Per User,tokens/sec/user,max,2209.39
56,1780553461323170560,1780553462323170560,Prefill Throughput Per User,tokens/sec/user,sum,2209.39
56,1780553461323170560,1780553462323170560,Prefill Throughput Per User,tokens/sec/user,p1,2209.39
56,1780553461323170560,1780553462323170560,Prefill Throughput Per User,tokens/sec/user,p5,2209.39
56,1780553461323170560,1780553462323170560,Prefill Throughput Per User,tokens/sec/user,p10,2209.39
56,1780553461323170560,1780553462323170560,Prefill Throughput Per User,tokens/sec/user,p25,2209.39
56,1780553461323170560,1780553462323170560,Prefill Throughput Per User,tokens/sec/user,p50,2209.39
56,1780553461323170560,1780553462323170560,Prefill Throughput Per User,tokens/sec/user,p75,2209.39
56,1780553461323170560,1780553462323170560,Prefill Throughput Per User,tokens/sec/user,p90,2209.39
56,1780553461323170560,1780553462323170560,Prefill Throughput Per User,tokens/sec/user,p95,2209.39
56,1780553461323170560,1780553462323170560,Prefill Throughput Per User,tokens/sec/user,p99,2209.39
56,1780553461323170560,1780553462323170560,Prefill Throughput Per User,tokens/sec/user,std,0.00
56,1780553461323170560,1780553462323170560,Request Count,requests,avg,1.00
56,1780553461323170560,1780553462323170560,Request Latency,ms,avg,768644.95
56,1780553461323170560,1780553462323170560,Request Latency,ms,min,768644.95
56,1780553461323170560,1780553462323170560,Request Latency,ms,max,768644.95
56,1780553461323170560,1780553462323170560,Request Latency,ms,sum,768644.95
56,1780553461323170560,1780553462323170560,Request Latency,ms,p1,768644.95
56,1780553461323170560,1780553462323170560,Request Latency,ms,p5,768644.95
56,1780553461323170560,1780553462323170560,Request Latency,ms,p10,768644.95
56,1780553461323170560,1780553462323170560,Request Latency,ms,p25,768644.95
56,1780553461323170560,1780553462323170560,Request Latency,ms,p50,768644.95
56,1780553461323170560,1780553462323170560,Request Latency,ms,p75,768644.95
56,1780553461323170560,1780553462323170560,Request Latency,ms,p90,768644.95
56,1780553461323170560,1780553462323170560,Request Latency,ms,p95,768644.95
56,1780553461323170560,1780553462323170560,Request Latency,ms,p99,768644.95
56,1780553461323170560,1780553462323170560,Request Latency,ms,std,0.00
56,1780553461323170560,1780553462323170560,Request Throughput,requests/sec,avg,1.00
56,1780553461323170560,1780553462323170560,Requested OSL,tokens,avg,4343.00
56,1780553461323170560,1780553462323170560,Requested OSL,tokens,min,4343.00
56,1780553461323170560,1780553462323170560,Requested OSL,tokens,max,4343.00
56,1780553461323170560,1780553462323170560,Requested OSL,tokens,sum,4343.00
56,1780553461323170560,1780553462323170560,Requested OSL,tokens,p1,4343.00
56,1780553461323170560,1780553462323170560,Requested OSL,tokens,p5,4343.00
56,1780553461323170560,1780553462323170560,Requested OSL,tokens,p10,4343.00
56,1780553461323170560,1780553462323170560,Requested OSL,tokens,p25,4343.00
56,1780553461323170560,1780553462323170560,Requested OSL,tokens,p50,4343.00
56,1780553461323170560,1780553462323170560,Requested OSL,tokens,p75,4343.00
56,1780553461323170560,1780553462323170560,Requested OSL,tokens,p90,4343.00
56,1780553461323170560,1780553462323170560,Requested OSL,tokens,p95,4343.00
56,1780553461323170560,1780553462323170560,Requested OSL,tokens,p99,4343.00
56,1780553461323170560,1780553462323170560,Requested OSL,tokens,std,0.00
56,1780553461323170560,1780553462323170560,Time to First Output Token,ms,avg,82271.65
56,1780553461323170560,1780553462323170560,Time to First Output Token,ms,min,82271.65
56,1780553461323170560,1780553462323170560,Time to First Output Token,ms,max,82271.65
56,1780553461323170560,1780553462323170560,Time to First Output Token,ms,sum,82271.65
56,1780553461323170560,1780553462323170560,Time to First Output Token,ms,p1,82271.65
56,1780553461323170560,1780553462323170560,Time to First Output Token,ms,p5,82271.65
56,1780553461323170560,1780553462323170560,Time to First Output Token,ms,p10,82271.65
56,1780553461323170560,1780553462323170560,Time to First Output Token,ms,p25,82271.65
56,1780553461323170560,1780553462323170560,Time to First Output Token,ms,p50,82271.65
56,1780553461323170560,1780553462323170560,Time to First Output Token,ms,p75,82271.65
56,1780553461323170560,1780553462323170560,Time to First Output Token,ms,p90,82271.65
56,1780553461323170560,1780553462323170560,Time to First Output Token,ms,p95,82271.65
56,1780553461323170560,1780553462323170560,Time to First Output Token,ms,p99,82271.65
56,1780553461323170560,1780553462323170560,Time to First Output Token,ms,std,0.00
56,1780553461323170560,1780553462323170560,Time to First Token,ms,avg,82271.65
56,1780553461323170560,1780553462323170560,Time to First Token,ms,min,82271.65
56,1780553461323170560,1780553462323170560,Time to First Token,ms,max,82271.65
56,1780553461323170560,1780553462323170560,Time to First Token,ms,sum,82271.65
56,1780553461323170560,1780553462323170560,Time to First Token,ms,p1,82271.65
56,1780553461323170560,1780553462323170560,Time to First Token,ms,p5,82271.65
56,1780553461323170560,1780553462323170560,Time to First Token,ms,p10,82271.65
56,1780553461323170560,1780553462323170560,Time to First Token,ms,p25,82271.65
56,1780553461323170560,1780553462323170560,Time to First Token,ms,p50,82271.65
56,1780553461323170560,1780553462323170560,Time to First Token,ms,p75,82271.65
56,1780553461323170560,1780553462323170560,Time to First Token,ms,p90,82271.65
56,1780553461323170560,1780553462323170560,Time to First Token,ms,p95,82271.65
56,1780553461323170560,1780553462323170560,Time to First Token,ms,p99,82271.65
56,1780553461323170560,1780553462323170560,Time to First Token,ms,std,0.00
56,1780553461323170560,1780553462323170560,Time to Second Token,ms,avg,165.81
56,1780553461323170560,1780553462323170560,Time to Second Token,ms,min,165.81
56,1780553461323170560,1780553462323170560,Time to Second Token,ms,max,165.81
56,1780553461323170560,1780553462323170560,Time to Second Token,ms,sum,165.81
56,1780553461323170560,1780553462323170560,Time to Second Token,ms,p1,165.81
56,1780553461323170560,1780553462323170560,Time to Second Token,ms,p5,165.81
56,1780553461323170560,1780553462323170560,Time to Second Token,ms,p10,165.81
56,1780553461323170560,1780553462323170560,Time to Second Token,ms,p25,165.81
56,1780553461323170560,1780553462323170560,Time to Second Token,ms,p50,165.81
56,1780553461323170560,1780553462323170560,Time to Second Token,ms,p75,165.81
56,1780553461323170560,1780553462323170560,Time to Second Token,ms,p90,165.81
56,1780553461323170560,1780553462323170560,Time to Second Token,ms,p95,165.81
56,1780553461323170560,1780553462323170560,Time to Second Token,ms,p99,165.81
56,1780553461323170560,1780553462323170560,Time to Second Token,ms,std,0.00
56,1780553461323170560,1780553462323170560,Tokens In Flight,tokens,avg,1543992.88
56,1780553461323170560,1780553462323170560,Tokens In Flight,tokens,min,1522625.06
56,1780553461323170560,1780553462323170560,Tokens In Flight,tokens,max,1704449.10
56,1780553461323170560,1780553462323170560,Tokens In Flight,tokens,p50,1522651.57
56,1780553461323170560,1780553462323170560,Tokens In Flight,tokens,p90,1704444.18
56,1780553461323170560,1780553462323170560,Tokens In Flight,tokens,p95,1704446.79
56,1780553461323170560,1780553462323170560,Tokens In Flight,tokens,p99,1704449.10
56,1780553461323170560,1780553462323170560,Tokens In Flight,tokens,std,58520.95
56,1780553461323170560,1780553462323170560,Total Input Sequence Length,tokens,avg,181770.00
56,1780553461323170560,1780553462323170560,Total Output Sequence Length,tokens,avg,4343.00
56,1780553461323170560,1780553462323170560,Total Output Tokens,tokens,avg,4343.00
56,1780553461323170560,1780553462323170560,Total Token Throughput,tokens/sec,avg,186113.00
56,1780553461323170560,1780553462323170560,Total Usage Completion Tokens,tokens,avg,4343.00
56,1780553461323170560,1780553462323170560,Total Usage Prompt Tokens,tokens,avg,181770.00
56,1780553461323170560,1780553462323170560,Total Usage Total Tokens,tokens,avg,186113.00
56,1780553461323170560,1780553462323170560,Usage Completion Tokens,tokens,avg,4343.00
56,1780553461323170560,1780553462323170560,Usage Completion Tokens,tokens,min,4343.00
56,1780553461323170560,1780553462323170560,Usage Completion Tokens,tokens,max,4343.00
56,1780553461323170560,1780553462323170560,Usage Completion Tokens,tokens,sum,4343.00
56,1780553461323170560,1780553462323170560,Usage Completion Tokens,tokens,p1,4343.00
56,1780553461323170560,1780553462323170560,Usage Completion Tokens,tokens,p5,4343.00
56,1780553461323170560,1780553462323170560,Usage Completion Tokens,tokens,p10,4343.00
56,1780553461323170560,1780553462323170560,Usage Completion Tokens,tokens,p25,4343.00
56,1780553461323170560,1780553462323170560,Usage Completion Tokens,tokens,p50,4343.00
56,1780553461323170560,1780553462323170560,Usage Completion Tokens,tokens,p75,4343.00
56,1780553461323170560,1780553462323170560,Usage Completion Tokens,tokens,p90,4343.00
56,1780553461323170560,1780553462323170560,Usage Completion Tokens,tokens,p95,4343.00
56,1780553461323170560,1780553462323170560,Usage Completion Tokens,tokens,p99,4343.00
56,1780553461323170560,1780553462323170560,Usage Completion Tokens,tokens,std,0.00
56,1780553461323170560,1780553462323170560,Usage Prompt Tokens,tokens,avg,181770.00
56,1780553461323170560,1780553462323170560,Usage Prompt Tokens,tokens,min,181770.00
56,1780553461323170560,1780553462323170560,Usage Prompt Tokens,tokens,max,181770.00
56,1780553461323170560,1780553462323170560,Usage Prompt Tokens,tokens,sum,181770.00
56,1780553461323170560,1780553462323170560,Usage Prompt Tokens,tokens,p1,181770.00
56,1780553461323170560,1780553462323170560,Usage Prompt Tokens,tokens,p5,181770.00
56,1780553461323170560,1780553462323170560,Usage Prompt Tokens,tokens,p10,181770.00
56,1780553461323170560,1780553462323170560,Usage Prompt Tokens,tokens,p25,181770.00
56,1780553461323170560,1780553462323170560,Usage Prompt Tokens,tokens,p50,181770.00
56,1780553461323170560,1780553462323170560,Usage Prompt Tokens,tokens,p75,181770.00
56,1780553461323170560,1780553462323170560,Usage Prompt Tokens,tokens,p90,181770.00
56,1780553461323170560,1780553462323170560,Usage Prompt Tokens,tokens,p95,181770.00
56,1780553461323170560,1780553462323170560,Usage Prompt Tokens,tokens,p99,181770.00
56,1780553461323170560,1780553462323170560,Usage Prompt Tokens,tokens,std,0.00
56,1780553461323170560,1780553462323170560,Usage Total Tokens,tokens,avg,186113.00
56,1780553461323170560,1780553462323170560,Usage Total Tokens,tokens,min,186113.00
56,1780553461323170560,1780553462323170560,Usage Total Tokens,tokens,max,186113.00
56,1780553461323170560,1780553462323170560,Usage Total Tokens,tokens,sum,186113.00
56,1780553461323170560,1780553462323170560,Usage Total Tokens,tokens,p1,186113.00
56,1780553461323170560,1780553462323170560,Usage Total Tokens,tokens,p5,186113.00
56,1780553461323170560,1780553462323170560,Usage Total Tokens,tokens,p10,186113.00
56,1780553461323170560,1780553462323170560,Usage Total Tokens,tokens,p25,186113.00
56,1780553461323170560,1780553462323170560,Usage Total Tokens,tokens,p50,186113.00
56,1780553461323170560,1780553462323170560,Usage Total Tokens,tokens,p75,186113.00
56,1780553461323170560,1780553462323170560,Usage Total Tokens,tokens,p90,186113.00
56,1780553461323170560,1780553462323170560,Usage Total Tokens,tokens,p95,186113.00
56,1780553461323170560,1780553462323170560,Usage Total Tokens,tokens,p99,186113.00
56,1780553461323170560,1780553462323170560,Usage Total Tokens,tokens,std,0.00
57,1780553474323170560,1780553475323170560,Active Decode Throughput,tokens/sec,avg,30.22
57,1780553474323170560,1780553475323170560,Active Decode Throughput,tokens/sec,min,15.04
57,1780553474323170560,1780553475323170560,Active Decode Throughput,tokens/sec,max,45.40
57,1780553474323170560,1780553475323170560,Active Decode Throughput,tokens/sec,p50,30.22
57,1780553474323170560,1780553475323170560,Active Decode Throughput,tokens/sec,p90,30.22
57,1780553474323170560,1780553475323170560,Active Decode Throughput,tokens/sec,p95,30.22
57,1780553474323170560,1780553475323170560,Active Decode Throughput,tokens/sec,p99,30.22
57,1780553474323170560,1780553475323170560,Active Decode Throughput,tokens/sec,std,0.02
57,1780553474323170560,1780553475323170560,Active Decode Throughput Per User,tokens/sec/user,avg,2.75
57,1780553474323170560,1780553475323170560,Active Decode Throughput Per User,tokens/sec/user,min,1.37
57,1780553474323170560,1780553475323170560,Active Decode Throughput Per User,tokens/sec/user,max,4.13
57,1780553474323170560,1780553475323170560,Active Decode Throughput Per User,tokens/sec/user,p50,2.75
57,1780553474323170560,1780553475323170560,Active Decode Throughput Per User,tokens/sec/user,p90,2.75
57,1780553474323170560,1780553475323170560,Active Decode Throughput Per User,tokens/sec/user,p95,2.75
57,1780553474323170560,1780553475323170560,Active Decode Throughput Per User,tokens/sec/user,p99,2.75
57,1780553474323170560,1780553475323170560,Active Decode Throughput Per User,tokens/sec/user,std,0.00
57,1780553474323170560,1780553475323170560,Active Prefill Throughput,tokens/sec,avg,5474.74
57,1780553474323170560,1780553475323170560,Active Prefill Throughput,tokens/sec,min,4927.76
57,1780553474323170560,1780553475323170560,Active Prefill Throughput,tokens/sec,max,5987.40
57,1780553474323170560,1780553475323170560,Active Prefill Throughput,tokens/sec,p50,5987.40
57,1780553474323170560,1780553475323170560,Active Prefill Throughput,tokens/sec,p90,5987.40
57,1780553474323170560,1780553475323170560,Active Prefill Throughput,tokens/sec,p95,5987.40
57,1780553474323170560,1780553475323170560,Active Prefill Throughput,tokens/sec,p99,5987.40
57,1780553474323170560,1780553475323170560,Active Prefill Throughput,tokens/sec,std,529.54
57,1780553474323170560,1780553475323170560,Active Prefill Throughput Per User,tokens/sec/user,avg,1567.36
57,1780553474323170560,1780553475323170560,Active Prefill Throughput Per User,tokens/sec/user,min,1496.85
57,1780553474323170560,1780553475323170560,Active Prefill Throughput Per User,tokens/sec/user,max,1642.59
57,1780553474323170560,1780553475323170560,Active Prefill Throughput Per User,tokens/sec/user,p50,1496.85
57,1780553474323170560,1780553475323170560,Active Prefill Throughput Per User,tokens/sec/user,p90,1642.59
57,1780553474323170560,1780553475323170560,Active Prefill Throughput Per User,tokens/sec/user,p95,1642.59
57,1780553474323170560,1780553475323170560,Active Prefill Throughput Per User,tokens/sec/user,p99,1642.59
57,1780553474323170560,1780553475323170560,Active Prefill Throughput Per User,tokens/sec/user,std,72.83
57,1780553474323170560,1780553475323170560,Active Total Throughput,tokens/sec,avg,5541.54
57,1780553474323170560,1780553475323170560,Active Total Throughput,tokens/sec,min,4994.56
57,1780553474323170560,1780553475323170560,Active Total Throughput,tokens/sec,max,6054.20
57,1780553474323170560,1780553475323170560,Active Total Throughput,tokens/sec,p50,6054.20
57,1780553474323170560,1780553475323170560,Active Total Throughput,tokens/sec,p90,6054.20
57,1780553474323170560,1780553475323170560,Active Total Throughput,tokens/sec,p95,6054.20
57,1780553474323170560,1780553475323170560,Active Total Throughput,tokens/sec,p99,6054.20
57,1780553474323170560,1780553475323170560,Active Total Throughput,tokens/sec,std,529.54
57,1780553474323170560,1780553475323170560,Benchmark Duration,sec,avg,173.42
57,1780553474323170560,1780553475323170560,E2E Output Token Throughput,tokens/sec/user,avg,2.71
57,1780553474323170560,1780553475323170560,E2E Output Token Throughput,tokens/sec/user,min,2.71
57,1780553474323170560,1780553475323170560,E2E Output Token Throughput,tokens/sec/user,max,2.71
57,1780553474323170560,1780553475323170560,E2E Output Token Throughput,tokens/sec/user,sum,2.71
57,1780553474323170560,1780553475323170560,E2E Output Token Throughput,tokens/sec/user,p1,2.71
57,1780553474323170560,1780553475323170560,E2E Output Token Throughput,tokens/sec/user,p5,2.71
57,1780553474323170560,1780553475323170560,E2E Output Token Throughput,tokens/sec/user,p10,2.71
57,1780553474323170560,1780553475323170560,E2E Output Token Throughput,tokens/sec/user,p25,2.71
57,1780553474323170560,1780553475323170560,E2E Output Token Throughput,tokens/sec/user,p50,2.71
57,1780553474323170560,1780553475323170560,E2E Output Token Throughput,tokens/sec/user,p75,2.71
57,1780553474323170560,1780553475323170560,E2E Output Token Throughput,tokens/sec/user,p90,2.71
57,1780553474323170560,1780553475323170560,E2E Output Token Throughput,tokens/sec/user,p95,2.71
57,1780553474323170560,1780553475323170560,E2E Output Token Throughput,tokens/sec/user,p99,2.71
57,1780553474323170560,1780553475323170560,E2E Output Token Throughput,tokens/sec/user,std,0.00
57,1780553474323170560,1780553475323170560,Effective Concurrency,requests,avg,14.52
57,1780553474323170560,1780553475323170560,Effective Concurrency,requests,min,14.00
57,1780553474323170560,1780553475323170560,Effective Concurrency,requests,max,15.00
57,1780553474323170560,1780553475323170560,Effective Concurrency,requests,p50,15.00
57,1780553474323170560,1780553475323170560,Effective Concurrency,requests,p90,15.00
57,1780553474323170560,1780553475323170560,Effective Concurrency,requests,p95,15.00
57,1780553474323170560,1780553475323170560,Effective Concurrency,requests,p99,15.00
57,1780553474323170560,1780553475323170560,Effective Concurrency,requests,std,0.50
57,1780553474323170560,1780553475323170560,Effective Decode Concurrency,requests,avg,11.00
57,1780553474323170560,1780553475323170560,Effective Decode Concurrency,requests,min,11.00
57,1780553474323170560,1780553475323170560,Effective Decode Concurrency,requests,max,11.00
57,1780553474323170560,1780553475323170560,Effective Decode Concurrency,requests,p50,11.00
57,1780553474323170560,1780553475323170560,Effective Decode Concurrency,requests,p90,11.00
57,1780553474323170560,1780553475323170560,Effective Decode Concurrency,requests,p95,11.00
57,1780553474323170560,1780553475323170560,Effective Decode Concurrency,requests,p99,11.00
57,1780553474323170560,1780553475323170560,Effective Decode Concurrency,requests,std,0.00
57,1780553474323170560,1780553475323170560,Effective Decode Throughput,tokens/sec,avg,30.22
57,1780553474323170560,1780553475323170560,Effective Decode Throughput,tokens/sec,min,15.04
57,1780553474323170560,1780553475323170560,Effective Decode Throughput,tokens/sec,max,45.40
57,1780553474323170560,1780553475323170560,Effective Decode Throughput,tokens/sec,p50,30.22
57,1780553474323170560,1780553475323170560,Effective Decode Throughput,tokens/sec,p90,30.22
57,1780553474323170560,1780553475323170560,Effective Decode Throughput,tokens/sec,p95,30.22
57,1780553474323170560,1780553475323170560,Effective Decode Throughput,tokens/sec,p99,30.22
57,1780553474323170560,1780553475323170560,Effective Decode Throughput,tokens/sec,std,0.02
57,1780553474323170560,1780553475323170560,Effective Decode Throughput Per User,tokens/sec/user,avg,2.75
57,1780553474323170560,1780553475323170560,Effective Decode Throughput Per User,tokens/sec/user,min,1.37
57,1780553474323170560,1780553475323170560,Effective Decode Throughput Per User,tokens/sec/user,max,4.13
57,1780553474323170560,1780553475323170560,Effective Decode Throughput Per User,tokens/sec/user,p50,2.75
57,1780553474323170560,1780553475323170560,Effective Decode Throughput Per User,tokens/sec/user,p90,2.75
57,1780553474323170560,1780553475323170560,Effective Decode Throughput Per User,tokens/sec/user,p95,2.75
57,1780553474323170560,1780553475323170560,Effective Decode Throughput Per User,tokens/sec/user,p99,2.75
57,1780553474323170560,1780553475323170560,Effective Decode Throughput Per User,tokens/sec/user,std,0.00
57,1780553474323170560,1780553475323170560,Effective Prefill Concurrency,requests,avg,3.52
57,1780553474323170560,1780553475323170560,Effective Prefill Concurrency,requests,min,3.00
57,1780553474323170560,1780553475323170560,Effective Prefill Concurrency,requests,max,4.00
57,1780553474323170560,1780553475323170560,Effective Prefill Concurrency,requests,p50,4.00
57,1780553474323170560,1780553475323170560,Effective Prefill Concurrency,requests,p90,4.00
57,1780553474323170560,1780553475323170560,Effective Prefill Concurrency,requests,p95,4.00
57,1780553474323170560,1780553475323170560,Effective Prefill Concurrency,requests,p99,4.00
57,1780553474323170560,1780553475323170560,Effective Prefill Concurrency,requests,std,0.50
57,1780553474323170560,1780553475323170560,Effective Prefill Throughput,tokens/sec,avg,5474.74
57,1780553474323170560,1780553475323170560,Effective Prefill Throughput,tokens/sec,min,4927.76
57,1780553474323170560,1780553475323170560,Effective Prefill Throughput,tokens/sec,max,5987.40
57,1780553474323170560,1780553475323170560,Effective Prefill Throughput,tokens/sec,p50,5987.40
57,1780553474323170560,1780553475323170560,Effective Prefill Throughput,tokens/sec,p90,5987.40
57,1780553474323170560,1780553475323170560,Effective Prefill Throughput,tokens/sec,p95,5987.40
57,1780553474323170560,1780553475323170560,Effective Prefill Throughput,tokens/sec,p99,5987.40
57,1780553474323170560,1780553475323170560,Effective Prefill Throughput,tokens/sec,std,529.54
57,1780553474323170560,1780553475323170560,Effective Prefill Throughput Per User,tokens/sec/user,avg,1567.36
57,1780553474323170560,1780553475323170560,Effective Prefill Throughput Per User,tokens/sec/user,min,1496.85
57,1780553474323170560,1780553475323170560,Effective Prefill Throughput Per User,tokens/sec/user,max,1642.59
57,1780553474323170560,1780553475323170560,Effective Prefill Throughput Per User,tokens/sec/user,p50,1496.85
57,1780553474323170560,1780553475323170560,Effective Prefill Throughput Per User,tokens/sec/user,p90,1642.59
57,1780553474323170560,1780553475323170560,Effective Prefill Throughput Per User,tokens/sec/user,p95,1642.59
57,1780553474323170560,1780553475323170560,Effective Prefill Throughput Per User,tokens/sec/user,p99,1642.59
57,1780553474323170560,1780553475323170560,Effective Prefill Throughput Per User,tokens/sec/user,std,72.83
57,1780553474323170560,1780553475323170560,Effective Total Throughput,tokens/sec,avg,5541.54
57,1780553474323170560,1780553475323170560,Effective Total Throughput,tokens/sec,min,4994.56
57,1780553474323170560,1780553475323170560,Effective Total Throughput,tokens/sec,max,6054.20
57,1780553474323170560,1780553475323170560,Effective Total Throughput,tokens/sec,p50,6054.20
57,1780553474323170560,1780553475323170560,Effective Total Throughput,tokens/sec,p90,6054.20
57,1780553474323170560,1780553475323170560,Effective Total Throughput,tokens/sec,p95,6054.20
57,1780553474323170560,1780553475323170560,Effective Total Throughput,tokens/sec,p99,6054.20
57,1780553474323170560,1780553475323170560,Effective Total Throughput,tokens/sec,std,529.54
57,1780553474323170560,1780553475323170560,HTTP Blocked,ms,avg,0.00
57,1780553474323170560,1780553475323170560,HTTP Blocked,ms,min,0.00
57,1780553474323170560,1780553475323170560,HTTP Blocked,ms,max,0.00
57,1780553474323170560,1780553475323170560,HTTP Blocked,ms,sum,0.00
57,1780553474323170560,1780553475323170560,HTTP Blocked,ms,p1,0.00
57,1780553474323170560,1780553475323170560,HTTP Blocked,ms,p5,0.00
57,1780553474323170560,1780553475323170560,HTTP Blocked,ms,p10,0.00
57,1780553474323170560,1780553475323170560,HTTP Blocked,ms,p25,0.00
57,1780553474323170560,1780553475323170560,HTTP Blocked,ms,p50,0.00
57,1780553474323170560,1780553475323170560,HTTP Blocked,ms,p75,0.00
57,1780553474323170560,1780553475323170560,HTTP Blocked,ms,p90,0.00
57,1780553474323170560,1780553475323170560,HTTP Blocked,ms,p95,0.00
57,1780553474323170560,1780553475323170560,HTTP Blocked,ms,p99,0.00
57,1780553474323170560,1780553475323170560,HTTP Blocked,ms,std,0.00
57,1780553474323170560,1780553475323170560,HTTP Chunks Received,count,avg,470.00
57,1780553474323170560,1780553475323170560,HTTP Chunks Received,count,min,470.00
57,1780553474323170560,1780553475323170560,HTTP Chunks Received,count,max,470.00
57,1780553474323170560,1780553475323170560,HTTP Chunks Received,count,sum,470.00
57,1780553474323170560,1780553475323170560,HTTP Chunks Received,count,p1,470.00
57,1780553474323170560,1780553475323170560,HTTP Chunks Received,count,p5,470.00
57,1780553474323170560,1780553475323170560,HTTP Chunks Received,count,p10,470.00
57,1780553474323170560,1780553475323170560,HTTP Chunks Received,count,p25,470.00
57,1780553474323170560,1780553475323170560,HTTP Chunks Received,count,p50,470.00
57,1780553474323170560,1780553475323170560,HTTP Chunks Received,count,p75,470.00
57,1780553474323170560,1780553475323170560,HTTP Chunks Received,count,p90,470.00
57,1780553474323170560,1780553475323170560,HTTP Chunks Received,count,p95,470.00
57,1780553474323170560,1780553475323170560,HTTP Chunks Received,count,p99,470.00
57,1780553474323170560,1780553475323170560,HTTP Chunks Received,count,std,0.00
57,1780553474323170560,1780553475323170560,HTTP Chunks Sent,count,avg,1.00
57,1780553474323170560,1780553475323170560,HTTP Chunks Sent,count,min,1.00
57,1780553474323170560,1780553475323170560,HTTP Chunks Sent,count,max,1.00
57,1780553474323170560,1780553475323170560,HTTP Chunks Sent,count,sum,1.00
57,1780553474323170560,1780553475323170560,HTTP Chunks Sent,count,p1,1.00
57,1780553474323170560,1780553475323170560,HTTP Chunks Sent,count,p5,1.00
57,1780553474323170560,1780553475323170560,HTTP Chunks Sent,count,p10,1.00
57,1780553474323170560,1780553475323170560,HTTP Chunks Sent,count,p25,1.00
57,1780553474323170560,1780553475323170560,HTTP Chunks Sent,count,p50,1.00
57,1780553474323170560,1780553475323170560,HTTP Chunks Sent,count,p75,1.00
57,1780553474323170560,1780553475323170560,HTTP Chunks Sent,count,p90,1.00
57,1780553474323170560,1780553475323170560,HTTP Chunks Sent,count,p95,1.00
57,1780553474323170560,1780553475323170560,HTTP Chunks Sent,count,p99,1.00
57,1780553474323170560,1780553475323170560,HTTP Chunks Sent,count,std,0.00
57,1780553474323170560,1780553475323170560,HTTP Connecting,ms,avg,1.26
57,1780553474323170560,1780553475323170560,HTTP Connecting,ms,min,1.26
57,1780553474323170560,1780553475323170560,HTTP Connecting,ms,max,1.26
57,1780553474323170560,1780553475323170560,HTTP Connecting,ms,sum,1.26
57,1780553474323170560,1780553475323170560,HTTP Connecting,ms,p1,1.26
57,1780553474323170560,1780553475323170560,HTTP Connecting,ms,p5,1.26
57,1780553474323170560,1780553475323170560,HTTP Connecting,ms,p10,1.26
57,1780553474323170560,1780553475323170560,HTTP Connecting,ms,p25,1.26
57,1780553474323170560,1780553475323170560,HTTP Connecting,ms,p50,1.26
57,1780553474323170560,1780553475323170560,HTTP Connecting,ms,p75,1.26
57,1780553474323170560,1780553475323170560,HTTP Connecting,ms,p90,1.26
57,1780553474323170560,1780553475323170560,HTTP Connecting,ms,p95,1.26
57,1780553474323170560,1780553475323170560,HTTP Connecting,ms,p99,1.26
57,1780553474323170560,1780553475323170560,HTTP Connecting,ms,std,0.00
57,1780553474323170560,1780553475323170560,HTTP Connection Overhead,ms,avg,1.80
57,1780553474323170560,1780553475323170560,HTTP Connection Overhead,ms,min,1.80
57,1780553474323170560,1780553475323170560,HTTP Connection Overhead,ms,max,1.80
57,1780553474323170560,1780553475323170560,HTTP Connection Overhead,ms,sum,1.80
57,1780553474323170560,1780553475323170560,HTTP Connection Overhead,ms,p1,1.80
57,1780553474323170560,1780553475323170560,HTTP Connection Overhead,ms,p5,1.80
57,1780553474323170560,1780553475323170560,HTTP Connection Overhead,ms,p10,1.80
57,1780553474323170560,1780553475323170560,HTTP Connection Overhead,ms,p25,1.80
57,1780553474323170560,1780553475323170560,HTTP Connection Overhead,ms,p50,1.80
57,1780553474323170560,1780553475323170560,HTTP Connection Overhead,ms,p75,1.80
57,1780553474323170560,1780553475323170560,HTTP Connection Overhead,ms,p90,1.80
57,1780553474323170560,1780553475323170560,HTTP Connection Overhead,ms,p95,1.80
57,1780553474323170560,1780553475323170560,HTTP Connection Overhead,ms,p99,1.80
57,1780553474323170560,1780553475323170560,HTTP Connection Overhead,ms,std,0.00
57,1780553474323170560,1780553475323170560,HTTP Connection Reused,ratio,avg,0.00
57,1780553474323170560,1780553475323170560,HTTP Connection Reused,ratio,min,0.00
57,1780553474323170560,1780553475323170560,HTTP Connection Reused,ratio,max,0.00
57,1780553474323170560,1780553475323170560,HTTP Connection Reused,ratio,sum,0.00
57,1780553474323170560,1780553475323170560,HTTP Connection Reused,ratio,p1,0.00
57,1780553474323170560,1780553475323170560,HTTP Connection Reused,ratio,p5,0.00
57,1780553474323170560,1780553475323170560,HTTP Connection Reused,ratio,p10,0.00
57,1780553474323170560,1780553475323170560,HTTP Connection Reused,ratio,p25,0.00
57,1780553474323170560,1780553475323170560,HTTP Connection Reused,ratio,p50,0.00
57,1780553474323170560,1780553475323170560,HTTP Connection Reused,ratio,p75,0.00
57,1780553474323170560,1780553475323170560,HTTP Connection Reused,ratio,p90,0.00
57,1780553474323170560,1780553475323170560,HTTP Connection Reused,ratio,p95,0.00
57,1780553474323170560,1780553475323170560,HTTP Connection Reused,ratio,p99,0.00
57,1780553474323170560,1780553475323170560,HTTP Connection Reused,ratio,std,0.00
57,1780553474323170560,1780553475323170560,HTTP Data Received,KB,avg,117.39
57,1780553474323170560,1780553475323170560,HTTP Data Received,KB,min,117.39
57,1780553474323170560,1780553475323170560,HTTP Data Received,KB,max,117.39
57,1780553474323170560,1780553475323170560,HTTP Data Received,KB,sum,117.39
57,1780553474323170560,1780553475323170560,HTTP Data Received,KB,p1,117.39
57,1780553474323170560,1780553475323170560,HTTP Data Received,KB,p5,117.39
57,1780553474323170560,1780553475323170560,HTTP Data Received,KB,p10,117.39
57,1780553474323170560,1780553475323170560,HTTP Data Received,KB,p25,117.39
57,1780553474323170560,1780553475323170560,HTTP Data Received,KB,p50,117.39
57,1780553474323170560,1780553475323170560,HTTP Data Received,KB,p75,117.39
57,1780553474323170560,1780553475323170560,HTTP Data Received,KB,p90,117.39
57,1780553474323170560,1780553475323170560,HTTP Data Received,KB,p95,117.39
57,1780553474323170560,1780553475323170560,HTTP Data Received,KB,p99,117.39
57,1780553474323170560,1780553475323170560,HTTP Data Received,KB,std,0.00
57,1780553474323170560,1780553475323170560,HTTP Data Sent,KB,avg,313.90
57,1780553474323170560,1780553475323170560,HTTP Data Sent,KB,min,313.90
57,1780553474323170560,1780553475323170560,HTTP Data Sent,KB,max,313.90
57,1780553474323170560,1780553475323170560,HTTP Data Sent,KB,sum,313.90
57,1780553474323170560,1780553475323170560,HTTP Data Sent,KB,p1,313.90
57,1780553474323170560,1780553475323170560,HTTP Data Sent,KB,p5,313.90
57,1780553474323170560,1780553475323170560,HTTP Data Sent,KB,p10,313.90
57,1780553474323170560,1780553475323170560,HTTP Data Sent,KB,p25,313.90
57,1780553474323170560,1780553475323170560,HTTP Data Sent,KB,p50,313.90
57,1780553474323170560,1780553475323170560,HTTP Data Sent,KB,p75,313.90
57,1780553474323170560,1780553475323170560,HTTP Data Sent,KB,p90,313.90
57,1780553474323170560,1780553475323170560,HTTP Data Sent,KB,p95,313.90
57,1780553474323170560,1780553475323170560,HTTP Data Sent,KB,p99,313.90
57,1780553474323170560,1780553475323170560,HTTP Data Sent,KB,std,0.00
57,1780553474323170560,1780553475323170560,HTTP DNS Lookup,ms,avg,0.54
57,1780553474323170560,1780553475323170560,HTTP DNS Lookup,ms,min,0.54
57,1780553474323170560,1780553475323170560,HTTP DNS Lookup,ms,max,0.54
57,1780553474323170560,1780553475323170560,HTTP DNS Lookup,ms,sum,0.54
57,1780553474323170560,1780553475323170560,HTTP DNS Lookup,ms,p1,0.54
57,1780553474323170560,1780553475323170560,HTTP DNS Lookup,ms,p5,0.54
57,1780553474323170560,1780553475323170560,HTTP DNS Lookup,ms,p10,0.54
57,1780553474323170560,1780553475323170560,HTTP DNS Lookup,ms,p25,0.54
57,1780553474323170560,1780553475323170560,HTTP DNS Lookup,ms,p50,0.54
57,1780553474323170560,1780553475323170560,HTTP DNS Lookup,ms,p75,0.54
57,1780553474323170560,1780553475323170560,HTTP DNS Lookup,ms,p90,0.54
57,1780553474323170560,1780553475323170560,HTTP DNS Lookup,ms,p95,0.54
57,1780553474323170560,1780553475323170560,HTTP DNS Lookup,ms,p99,0.54
57,1780553474323170560,1780553475323170560,HTTP DNS Lookup,ms,std,0.00
57,1780553474323170560,1780553475323170560,HTTP Duration (excl. conn),ms,avg,173419.16
57,1780553474323170560,1780553475323170560,HTTP Duration (excl. conn),ms,min,173419.16
57,1780553474323170560,1780553475323170560,HTTP Duration (excl. conn),ms,max,173419.16
57,1780553474323170560,1780553475323170560,HTTP Duration (excl. conn),ms,sum,173419.16
57,1780553474323170560,1780553475323170560,HTTP Duration (excl. conn),ms,p1,173419.16
57,1780553474323170560,1780553475323170560,HTTP Duration (excl. conn),ms,p5,173419.16
57,1780553474323170560,1780553475323170560,HTTP Duration (excl. conn),ms,p10,173419.16
57,1780553474323170560,1780553475323170560,HTTP Duration (excl. conn),ms,p25,173419.16
57,1780553474323170560,1780553475323170560,HTTP Duration (excl. conn),ms,p50,173419.16
57,1780553474323170560,1780553475323170560,HTTP Duration (excl. conn),ms,p75,173419.16
57,1780553474323170560,1780553475323170560,HTTP Duration (excl. conn),ms,p90,173419.16
57,1780553474323170560,1780553475323170560,HTTP Duration (excl. conn),ms,p95,173419.16
57,1780553474323170560,1780553475323170560,HTTP Duration (excl. conn),ms,p99,173419.16
57,1780553474323170560,1780553475323170560,HTTP Duration (excl. conn),ms,std,0.00
57,1780553474323170560,1780553475323170560,HTTP Receiving,ms,avg,97791.62
57,1780553474323170560,1780553475323170560,HTTP Receiving,ms,min,97791.62
57,1780553474323170560,1780553475323170560,HTTP Receiving,ms,max,97791.62
57,1780553474323170560,1780553475323170560,HTTP Receiving,ms,sum,97791.62
57,1780553474323170560,1780553475323170560,HTTP Receiving,ms,p1,97791.62
57,1780553474323170560,1780553475323170560,HTTP Receiving,ms,p5,97791.62
57,1780553474323170560,1780553475323170560,HTTP Receiving,ms,p10,97791.62
57,1780553474323170560,1780553475323170560,HTTP Receiving,ms,p25,97791.62
57,1780553474323170560,1780553475323170560,HTTP Receiving,ms,p50,97791.62
57,1780553474323170560,1780553475323170560,HTTP Receiving,ms,p75,97791.62
57,1780553474323170560,1780553475323170560,HTTP Receiving,ms,p90,97791.62
57,1780553474323170560,1780553475323170560,HTTP Receiving,ms,p95,97791.62
57,1780553474323170560,1780553475323170560,HTTP Receiving,ms,p99,97791.62
57,1780553474323170560,1780553475323170560,HTTP Receiving,ms,std,0.00
57,1780553474323170560,1780553475323170560,HTTP Sending,ms,avg,1.57
57,1780553474323170560,1780553475323170560,HTTP Sending,ms,min,1.57
57,1780553474323170560,1780553475323170560,HTTP Sending,ms,max,1.57
57,1780553474323170560,1780553475323170560,HTTP Sending,ms,sum,1.57
57,1780553474323170560,1780553475323170560,HTTP Sending,ms,p1,1.57
57,1780553474323170560,1780553475323170560,HTTP Sending,ms,p5,1.57
57,1780553474323170560,1780553475323170560,HTTP Sending,ms,p10,1.57
57,1780553474323170560,1780553475323170560,HTTP Sending,ms,p25,1.57
57,1780553474323170560,1780553475323170560,HTTP Sending,ms,p50,1.57
57,1780553474323170560,1780553475323170560,HTTP Sending,ms,p75,1.57
57,1780553474323170560,1780553475323170560,HTTP Sending,ms,p90,1.57
57,1780553474323170560,1780553475323170560,HTTP Sending,ms,p95,1.57
57,1780553474323170560,1780553475323170560,HTTP Sending,ms,p99,1.57
57,1780553474323170560,1780553475323170560,HTTP Sending,ms,std,0.00
57,1780553474323170560,1780553475323170560,HTTP Total Time,ms,avg,173420.96
57,1780553474323170560,1780553475323170560,HTTP Total Time,ms,min,173420.96
57,1780553474323170560,1780553475323170560,HTTP Total Time,ms,max,173420.96
57,1780553474323170560,1780553475323170560,HTTP Total Time,ms,sum,173420.96
57,1780553474323170560,1780553475323170560,HTTP Total Time,ms,p1,173420.96
57,1780553474323170560,1780553475323170560,HTTP Total Time,ms,p5,173420.96
57,1780553474323170560,1780553475323170560,HTTP Total Time,ms,p10,173420.96
57,1780553474323170560,1780553475323170560,HTTP Total Time,ms,p25,173420.96
57,1780553474323170560,1780553475323170560,HTTP Total Time,ms,p50,173420.96
57,1780553474323170560,1780553475323170560,HTTP Total Time,ms,p75,173420.96
57,1780553474323170560,1780553475323170560,HTTP Total Time,ms,p90,173420.96
57,1780553474323170560,1780553475323170560,HTTP Total Time,ms,p95,173420.96
57,1780553474323170560,1780553475323170560,HTTP Total Time,ms,p99,173420.96
57,1780553474323170560,1780553475323170560,HTTP Total Time,ms,std,0.00
57,1780553474323170560,1780553475323170560,HTTP Waiting (TTFB),ms,avg,75625.97
57,1780553474323170560,1780553475323170560,HTTP Waiting (TTFB),ms,min,75625.97
57,1780553474323170560,1780553475323170560,HTTP Waiting (TTFB),ms,max,75625.97
57,1780553474323170560,1780553475323170560,HTTP Waiting (TTFB),ms,sum,75625.97
57,1780553474323170560,1780553475323170560,HTTP Waiting (TTFB),ms,p1,75625.97
57,1780553474323170560,1780553475323170560,HTTP Waiting (TTFB),ms,p5,75625.97
57,1780553474323170560,1780553475323170560,HTTP Waiting (TTFB),ms,p10,75625.97
57,1780553474323170560,1780553475323170560,HTTP Waiting (TTFB),ms,p25,75625.97
57,1780553474323170560,1780553475323170560,HTTP Waiting (TTFB),ms,p50,75625.97
57,1780553474323170560,1780553475323170560,HTTP Waiting (TTFB),ms,p75,75625.97
57,1780553474323170560,1780553475323170560,HTTP Waiting (TTFB),ms,p90,75625.97
57,1780553474323170560,1780553475323170560,HTTP Waiting (TTFB),ms,p95,75625.97
57,1780553474323170560,1780553475323170560,HTTP Waiting (TTFB),ms,p99,75625.97
57,1780553474323170560,1780553475323170560,HTTP Waiting (TTFB),ms,std,0.00
57,1780553474323170560,1780553475323170560,Input Sequence Length,tokens,avg,80138.00
57,1780553474323170560,1780553475323170560,Input Sequence Length,tokens,min,80138.00
57,1780553474323170560,1780553475323170560,Input Sequence Length,tokens,max,80138.00
57,1780553474323170560,1780553475323170560,Input Sequence Length,tokens,sum,80138.00
57,1780553474323170560,1780553475323170560,Input Sequence Length,tokens,p1,80138.00
57,1780553474323170560,1780553475323170560,Input Sequence Length,tokens,p5,80138.00
57,1780553474323170560,1780553475323170560,Input Sequence Length,tokens,p10,80138.00
57,1780553474323170560,1780553475323170560,Input Sequence Length,tokens,p25,80138.00
57,1780553474323170560,1780553475323170560,Input Sequence Length,tokens,p50,80138.00
57,1780553474323170560,1780553475323170560,Input Sequence Length,tokens,p75,80138.00
57,1780553474323170560,1780553475323170560,Input Sequence Length,tokens,p90,80138.00
57,1780553474323170560,1780553475323170560,Input Sequence Length,tokens,p95,80138.00
57,1780553474323170560,1780553475323170560,Input Sequence Length,tokens,p99,80138.00
57,1780553474323170560,1780553475323170560,Input Sequence Length,tokens,std,0.00
57,1780553474323170560,1780553475323170560,Input Token Throughput,tokens/sec,avg,80138.00
57,1780553474323170560,1780553475323170560,Inter Chunk Latency,ms,avg,66.41
57,1780553474323170560,1780553475323170560,Inter Chunk Latency,ms,min,66.39
57,1780553474323170560,1780553475323170560,Inter Chunk Latency,ms,max,66.43
57,1780553474323170560,1780553475323170560,Inter Chunk Latency,ms,sum,31146.42
57,1780553474323170560,1780553475323170560,Inter Chunk Latency,ms,p1,66.40
57,1780553474323170560,1780553475323170560,Inter Chunk Latency,ms,p5,66.40
57,1780553474323170560,1780553475323170560,Inter Chunk Latency,ms,p10,66.40
57,1780553474323170560,1780553475323170560,Inter Chunk Latency,ms,p25,66.40
57,1780553474323170560,1780553475323170560,Inter Chunk Latency,ms,p50,66.41
57,1780553474323170560,1780553475323170560,Inter Chunk Latency,ms,p75,66.42
57,1780553474323170560,1780553475323170560,Inter Chunk Latency,ms,p90,66.42
57,1780553474323170560,1780553475323170560,Inter Chunk Latency,ms,p95,66.42
57,1780553474323170560,1780553475323170560,Inter Chunk Latency,ms,p99,66.43
57,1780553474323170560,1780553475323170560,Inter Chunk Latency,ms,std,0.01
57,1780553474323170560,1780553475323170560,Inter Token Latency,ms,avg,208.51
57,1780553474323170560,1780553475323170560,Inter Token Latency,ms,min,208.51
57,1780553474323170560,1780553475323170560,Inter Token Latency,ms,max,208.51
57,1780553474323170560,1780553475323170560,Inter Token Latency,ms,sum,208.51
57,1780553474323170560,1780553475323170560,Inter Token Latency,ms,p1,208.51
57,1780553474323170560,1780553475323170560,Inter Token Latency,ms,p5,208.51
57,1780553474323170560,1780553475323170560,Inter Token Latency,ms,p10,208.51
57,1780553474323170560,1780553475323170560,Inter Token Latency,ms,p25,208.51
57,1780553474323170560,1780553475323170560,Inter Token Latency,ms,p50,208.51
57,1780553474323170560,1780553475323170560,Inter Token Latency,ms,p75,208.51
57,1780553474323170560,1780553475323170560,Inter Token Latency,ms,p90,208.51
57,1780553474323170560,1780553475323170560,Inter Token Latency,ms,p95,208.51
57,1780553474323170560,1780553475323170560,Inter Token Latency,ms,p99,208.51
57,1780553474323170560,1780553475323170560,Inter Token Latency,ms,std,0.00
57,1780553474323170560,1780553475323170560,Maximum Response Timestamp,ns,avg,1780553648226253056.00
57,1780553474323170560,1780553475323170560,Minimum Request Timestamp,ns,avg,1780553474806970112.00
57,1780553474323170560,1780553475323170560,OSL Mismatch Count,requests,avg,0.00
57,1780553474323170560,1780553475323170560,OSL Mismatch Diff %,%,avg,0.00
57,1780553474323170560,1780553475323170560,OSL Mismatch Diff %,%,min,0.00
57,1780553474323170560,1780553475323170560,OSL Mismatch Diff %,%,max,0.00
57,1780553474323170560,1780553475323170560,OSL Mismatch Diff %,%,sum,0.00
57,1780553474323170560,1780553475323170560,OSL Mismatch Diff %,%,p1,0.00
57,1780553474323170560,1780553475323170560,OSL Mismatch Diff %,%,p5,0.00
57,1780553474323170560,1780553475323170560,OSL Mismatch Diff %,%,p10,0.00
57,1780553474323170560,1780553475323170560,OSL Mismatch Diff %,%,p25,0.00
57,1780553474323170560,1780553475323170560,OSL Mismatch Diff %,%,p50,0.00
57,1780553474323170560,1780553475323170560,OSL Mismatch Diff %,%,p75,0.00
57,1780553474323170560,1780553475323170560,OSL Mismatch Diff %,%,p90,0.00
57,1780553474323170560,1780553475323170560,OSL Mismatch Diff %,%,p95,0.00
57,1780553474323170560,1780553475323170560,OSL Mismatch Diff %,%,p99,0.00
57,1780553474323170560,1780553475323170560,OSL Mismatch Diff %,%,std,0.00
57,1780553474323170560,1780553475323170560,Output Sequence Length,tokens,avg,470.00
57,1780553474323170560,1780553475323170560,Output Sequence Length,tokens,min,470.00
57,1780553474323170560,1780553475323170560,Output Sequence Length,tokens,max,470.00
57,1780553474323170560,1780553475323170560,Output Sequence Length,tokens,sum,470.00
57,1780553474323170560,1780553475323170560,Output Sequence Length,tokens,p1,470.00
57,1780553474323170560,1780553475323170560,Output Sequence Length,tokens,p5,470.00
57,1780553474323170560,1780553475323170560,Output Sequence Length,tokens,p10,470.00
57,1780553474323170560,1780553475323170560,Output Sequence Length,tokens,p25,470.00
57,1780553474323170560,1780553475323170560,Output Sequence Length,tokens,p50,470.00
57,1780553474323170560,1780553475323170560,Output Sequence Length,tokens,p75,470.00
57,1780553474323170560,1780553475323170560,Output Sequence Length,tokens,p90,470.00
57,1780553474323170560,1780553475323170560,Output Sequence Length,tokens,p95,470.00
57,1780553474323170560,1780553475323170560,Output Sequence Length,tokens,p99,470.00
57,1780553474323170560,1780553475323170560,Output Sequence Length,tokens,std,0.00
57,1780553474323170560,1780553475323170560,Output Token Count,tokens,avg,470.00
57,1780553474323170560,1780553475323170560,Output Token Count,tokens,min,470.00
57,1780553474323170560,1780553475323170560,Output Token Count,tokens,max,470.00
57,1780553474323170560,1780553475323170560,Output Token Count,tokens,sum,470.00
57,1780553474323170560,1780553475323170560,Output Token Count,tokens,p1,470.00
57,1780553474323170560,1780553475323170560,Output Token Count,tokens,p5,470.00
57,1780553474323170560,1780553475323170560,Output Token Count,tokens,p10,470.00
57,1780553474323170560,1780553475323170560,Output Token Count,tokens,p25,470.00
57,1780553474323170560,1780553475323170560,Output Token Count,tokens,p50,470.00
57,1780553474323170560,1780553475323170560,Output Token Count,tokens,p75,470.00
57,1780553474323170560,1780553475323170560,Output Token Count,tokens,p90,470.00
57,1780553474323170560,1780553475323170560,Output Token Count,tokens,p95,470.00
57,1780553474323170560,1780553475323170560,Output Token Count,tokens,p99,470.00
57,1780553474323170560,1780553475323170560,Output Token Count,tokens,std,0.00
57,1780553474323170560,1780553475323170560,Output Token Throughput,tokens/sec,avg,470.00
57,1780553474323170560,1780553475323170560,Output Token Throughput Per User,tokens/sec/user,avg,4.80
57,1780553474323170560,1780553475323170560,Output Token Throughput Per User,tokens/sec/user,min,4.80
57,1780553474323170560,1780553475323170560,Output Token Throughput Per User,tokens/sec/user,max,4.80
57,1780553474323170560,1780553475323170560,Output Token Throughput Per User,tokens/sec/user,sum,4.80
57,1780553474323170560,1780553475323170560,Output Token Throughput Per User,tokens/sec/user,p1,4.80
57,1780553474323170560,1780553475323170560,Output Token Throughput Per User,tokens/sec/user,p5,4.80
57,1780553474323170560,1780553475323170560,Output Token Throughput Per User,tokens/sec/user,p10,4.80
57,1780553474323170560,1780553475323170560,Output Token Throughput Per User,tokens/sec/user,p25,4.80
57,1780553474323170560,1780553475323170560,Output Token Throughput Per User,tokens/sec/user,p50,4.80
57,1780553474323170560,1780553475323170560,Output Token Throughput Per User,tokens/sec/user,p75,4.80
57,1780553474323170560,1780553475323170560,Output Token Throughput Per User,tokens/sec/user,p90,4.80
57,1780553474323170560,1780553475323170560,Output Token Throughput Per User,tokens/sec/user,p95,4.80
57,1780553474323170560,1780553475323170560,Output Token Throughput Per User,tokens/sec/user,p99,4.80
57,1780553474323170560,1780553475323170560,Output Token Throughput Per User,tokens/sec/user,std,0.00
57,1780553474323170560,1780553475323170560,Prefill Throughput Per User,tokens/sec/user,avg,1059.64
57,1780553474323170560,1780553475323170560,Prefill Throughput Per User,tokens/sec/user,min,1059.64
57,1780553474323170560,1780553475323170560,Prefill Throughput Per User,tokens/sec/user,max,1059.64
57,1780553474323170560,1780553475323170560,Prefill Throughput Per User,tokens/sec/user,sum,1059.64
57,1780553474323170560,1780553475323170560,Prefill Throughput Per User,tokens/sec/user,p1,1059.64
57,1780553474323170560,1780553475323170560,Prefill Throughput Per User,tokens/sec/user,p5,1059.64
57,1780553474323170560,1780553475323170560,Prefill Throughput Per User,tokens/sec/user,p10,1059.64
57,1780553474323170560,1780553475323170560,Prefill Throughput Per User,tokens/sec/user,p25,1059.64
57,1780553474323170560,1780553475323170560,Prefill Throughput Per User,tokens/sec/user,p50,1059.64
57,1780553474323170560,1780553475323170560,Prefill Throughput Per User,tokens/sec/user,p75,1059.64
57,1780553474323170560,1780553475323170560,Prefill Throughput Per User,tokens/sec/user,p90,1059.64
57,1780553474323170560,1780553475323170560,Prefill Throughput Per User,tokens/sec/user,p95,1059.64
57,1780553474323170560,1780553475323170560,Prefill Throughput Per User,tokens/sec/user,p99,1059.64
57,1780553474323170560,1780553475323170560,Prefill Throughput Per User,tokens/sec/user,std,0.00
57,1780553474323170560,1780553475323170560,Request Count,requests,avg,1.00
57,1780553474323170560,1780553475323170560,Request Latency,ms,avg,173419.28
57,1780553474323170560,1780553475323170560,Request Latency,ms,min,173419.28
57,1780553474323170560,1780553475323170560,Request Latency,ms,max,173419.28
57,1780553474323170560,1780553475323170560,Request Latency,ms,sum,173419.28
57,1780553474323170560,1780553475323170560,Request Latency,ms,p1,173419.28
57,1780553474323170560,1780553475323170560,Request Latency,ms,p5,173419.28
57,1780553474323170560,1780553475323170560,Request Latency,ms,p10,173419.28
57,1780553474323170560,1780553475323170560,Request Latency,ms,p25,173419.28
57,1780553474323170560,1780553475323170560,Request Latency,ms,p50,173419.28
57,1780553474323170560,1780553475323170560,Request Latency,ms,p75,173419.28
57,1780553474323170560,1780553475323170560,Request Latency,ms,p90,173419.28
57,1780553474323170560,1780553475323170560,Request Latency,ms,p95,173419.28
57,1780553474323170560,1780553475323170560,Request Latency,ms,p99,173419.28
57,1780553474323170560,1780553475323170560,Request Latency,ms,std,0.00
57,1780553474323170560,1780553475323170560,Request Throughput,requests/sec,avg,1.00
57,1780553474323170560,1780553475323170560,Requested OSL,tokens,avg,470.00
57,1780553474323170560,1780553475323170560,Requested OSL,tokens,min,470.00
57,1780553474323170560,1780553475323170560,Requested OSL,tokens,max,470.00
57,1780553474323170560,1780553475323170560,Requested OSL,tokens,sum,470.00
57,1780553474323170560,1780553475323170560,Requested OSL,tokens,p1,470.00
57,1780553474323170560,1780553475323170560,Requested OSL,tokens,p5,470.00
57,1780553474323170560,1780553475323170560,Requested OSL,tokens,p10,470.00
57,1780553474323170560,1780553475323170560,Requested OSL,tokens,p25,470.00
57,1780553474323170560,1780553475323170560,Requested OSL,tokens,p50,470.00
57,1780553474323170560,1780553475323170560,Requested OSL,tokens,p75,470.00
57,1780553474323170560,1780553475323170560,Requested OSL,tokens,p90,470.00
57,1780553474323170560,1780553475323170560,Requested OSL,tokens,p95,470.00
57,1780553474323170560,1780553475323170560,Requested OSL,tokens,p99,470.00
57,1780553474323170560,1780553475323170560,Requested OSL,tokens,std,0.00
57,1780553474323170560,1780553475323170560,Time to First Output Token,ms,avg,75627.68
57,1780553474323170560,1780553475323170560,Time to First Output Token,ms,min,75627.68
57,1780553474323170560,1780553475323170560,Time to First Output Token,ms,max,75627.68
57,1780553474323170560,1780553475323170560,Time to First Output Token,ms,sum,75627.68
57,1780553474323170560,1780553475323170560,Time to First Output Token,ms,p1,75627.68
57,1780553474323170560,1780553475323170560,Time to First Output Token,ms,p5,75627.68
57,1780553474323170560,1780553475323170560,Time to First Output Token,ms,p10,75627.68
57,1780553474323170560,1780553475323170560,Time to First Output Token,ms,p25,75627.68
57,1780553474323170560,1780553475323170560,Time to First Output Token,ms,p50,75627.68
57,1780553474323170560,1780553475323170560,Time to First Output Token,ms,p75,75627.68
57,1780553474323170560,1780553475323170560,Time to First Output Token,ms,p90,75627.68
57,1780553474323170560,1780553475323170560,Time to First Output Token,ms,p95,75627.68
57,1780553474323170560,1780553475323170560,Time to First Output Token,ms,p99,75627.68
57,1780553474323170560,1780553475323170560,Time to First Output Token,ms,std,0.00
57,1780553474323170560,1780553475323170560,Time to First Token,ms,avg,75627.68
57,1780553474323170560,1780553475323170560,Time to First Token,ms,min,75627.68
57,1780553474323170560,1780553475323170560,Time to First Token,ms,max,75627.68
57,1780553474323170560,1780553475323170560,Time to First Token,ms,sum,75627.68
57,1780553474323170560,1780553475323170560,Time to First Token,ms,p1,75627.68
57,1780553474323170560,1780553475323170560,Time to First Token,ms,p5,75627.68
57,1780553474323170560,1780553475323170560,Time to First Token,ms,p10,75627.68
57,1780553474323170560,1780553475323170560,Time to First Token,ms,p25,75627.68
57,1780553474323170560,1780553475323170560,Time to First Token,ms,p50,75627.68
57,1780553474323170560,1780553475323170560,Time to First Token,ms,p75,75627.68
57,1780553474323170560,1780553475323170560,Time to First Token,ms,p90,75627.68
57,1780553474323170560,1780553475323170560,Time to First Token,ms,p95,75627.68
57,1780553474323170560,1780553475323170560,Time to First Token,ms,p99,75627.68
57,1780553474323170560,1780553475323170560,Time to First Token,ms,std,0.00
57,1780553474323170560,1780553475323170560,Time to Second Token,ms,avg,4.16
57,1780553474323170560,1780553475323170560,Time to Second Token,ms,min,4.16
57,1780553474323170560,1780553475323170560,Time to Second Token,ms,max,4.16
57,1780553474323170560,1780553475323170560,Time to Second Token,ms,sum,4.16
57,1780553474323170560,1780553475323170560,Time to Second Token,ms,p1,4.16
57,1780553474323170560,1780553475323170560,Time to Second Token,ms,p5,4.16
57,1780553474323170560,1780553475323170560,Time to Second Token,ms,p10,4.16
57,1780553474323170560,1780553475323170560,Time to Second Token,ms,p25,4.16
57,1780553474323170560,1780553475323170560,Time to Second Token,ms,p50,4.16
57,1780553474323170560,1780553475323170560,Time to Second Token,ms,p75,4.16
57,1780553474323170560,1780553475323170560,Time to Second Token,ms,p90,4.16
57,1780553474323170560,1780553475323170560,Time to Second Token,ms,p95,4.16
57,1780553474323170560,1780553475323170560,Time to Second Token,ms,p99,4.16
57,1780553474323170560,1780553475323170560,Time to Second Token,ms,std,0.00
57,1780553474323170560,1780553475323170560,Tokens In Flight,tokens,avg,1638632.37
57,1780553474323170560,1780553475323170560,Tokens In Flight,tokens,min,1597250.00
57,1780553474323170560,1780553475323170560,Tokens In Flight,tokens,max,1677418.00
57,1780553474323170560,1780553475323170560,Tokens In Flight,tokens,p50,1677403.00
57,1780553474323170560,1780553475323170560,Tokens In Flight,tokens,p90,1677415.00
57,1780553474323170560,1780553475323170560,Tokens In Flight,tokens,p95,1677417.00
57,1780553474323170560,1780553475323170560,Tokens In Flight,tokens,p99,1677418.00
57,1780553474323170560,1780553475323170560,Tokens In Flight,tokens,std,40055.52
57,1780553474323170560,1780553475323170560,Total Input Sequence Length,tokens,avg,80138.00
57,1780553474323170560,1780553475323170560,Total Output Sequence Length,tokens,avg,470.00
57,1780553474323170560,1780553475323170560,Total Output Tokens,tokens,avg,470.00
57,1780553474323170560,1780553475323170560,Total Token Throughput,tokens/sec,avg,80608.00
57,1780553474323170560,1780553475323170560,Total Usage Completion Tokens,tokens,avg,470.00
57,1780553474323170560,1780553475323170560,Total Usage Prompt Tokens,tokens,avg,80138.00
57,1780553474323170560,1780553475323170560,Total Usage Total Tokens,tokens,avg,80608.00
57,1780553474323170560,1780553475323170560,Usage Completion Tokens,tokens,avg,470.00
57,1780553474323170560,1780553475323170560,Usage Completion Tokens,tokens,min,470.00
57,1780553474323170560,1780553475323170560,Usage Completion Tokens,tokens,max,470.00
57,1780553474323170560,1780553475323170560,Usage Completion Tokens,tokens,sum,470.00
57,1780553474323170560,1780553475323170560,Usage Completion Tokens,tokens,p1,470.00
57,1780553474323170560,1780553475323170560,Usage Completion Tokens,tokens,p5,470.00
57,1780553474323170560,1780553475323170560,Usage Completion Tokens,tokens,p10,470.00
57,1780553474323170560,1780553475323170560,Usage Completion Tokens,tokens,p25,470.00
57,1780553474323170560,1780553475323170560,Usage Completion Tokens,tokens,p50,470.00
57,1780553474323170560,1780553475323170560,Usage Completion Tokens,tokens,p75,470.00
57,1780553474323170560,1780553475323170560,Usage Completion Tokens,tokens,p90,470.00
57,1780553474323170560,1780553475323170560,Usage Completion Tokens,tokens,p95,470.00
57,1780553474323170560,1780553475323170560,Usage Completion Tokens,tokens,p99,470.00
57,1780553474323170560,1780553475323170560,Usage Completion Tokens,tokens,std,0.00
57,1780553474323170560,1780553475323170560,Usage Prompt Tokens,tokens,avg,80138.00
57,1780553474323170560,1780553475323170560,Usage Prompt Tokens,tokens,min,80138.00
57,1780553474323170560,1780553475323170560,Usage Prompt Tokens,tokens,max,80138.00
57,1780553474323170560,1780553475323170560,Usage Prompt Tokens,tokens,sum,80138.00
57,1780553474323170560,1780553475323170560,Usage Prompt Tokens,tokens,p1,80138.00
57,1780553474323170560,1780553475323170560,Usage Prompt Tokens,tokens,p5,80138.00
57,1780553474323170560,1780553475323170560,Usage Prompt Tokens,tokens,p10,80138.00
57,1780553474323170560,1780553475323170560,Usage Prompt Tokens,tokens,p25,80138.00
57,1780553474323170560,1780553475323170560,Usage Prompt Tokens,tokens,p50,80138.00
57,1780553474323170560,1780553475323170560,Usage Prompt Tokens,tokens,p75,80138.00
57,1780553474323170560,1780553475323170560,Usage Prompt Tokens,tokens,p90,80138.00
57,1780553474323170560,1780553475323170560,Usage Prompt Tokens,tokens,p95,80138.00
57,1780553474323170560,1780553475323170560,Usage Prompt Tokens,tokens,p99,80138.00
57,1780553474323170560,1780553475323170560,Usage Prompt Tokens,tokens,std,0.00
57,1780553474323170560,1780553475323170560,Usage Total Tokens,tokens,avg,80608.00
57,1780553474323170560,1780553475323170560,Usage Total Tokens,tokens,min,80608.00
57,1780553474323170560,1780553475323170560,Usage Total Tokens,tokens,max,80608.00
57,1780553474323170560,1780553475323170560,Usage Total Tokens,tokens,sum,80608.00
57,1780553474323170560,1780553475323170560,Usage Total Tokens,tokens,p1,80608.00
57,1780553474323170560,1780553475323170560,Usage Total Tokens,tokens,p5,80608.00
57,1780553474323170560,1780553475323170560,Usage Total Tokens,tokens,p10,80608.00
57,1780553474323170560,1780553475323170560,Usage Total Tokens,tokens,p25,80608.00
57,1780553474323170560,1780553475323170560,Usage Total Tokens,tokens,p50,80608.00
57,1780553474323170560,1780553475323170560,Usage Total Tokens,tokens,p75,80608.00
57,1780553474323170560,1780553475323170560,Usage Total Tokens,tokens,p90,80608.00
57,1780553474323170560,1780553475323170560,Usage Total Tokens,tokens,p95,80608.00
57,1780553474323170560,1780553475323170560,Usage Total Tokens,tokens,p99,80608.00
57,1780553474323170560,1780553475323170560,Usage Total Tokens,tokens,std,0.00
58,1780553484323170560,1780553485323170560,Active Decode Throughput,tokens/sec,avg,30.21
58,1780553484323170560,1780553485323170560,Active Decode Throughput,tokens/sec,min,15.03
58,1780553484323170560,1780553485323170560,Active Decode Throughput,tokens/sec,max,45.40
58,1780553484323170560,1780553485323170560,Active Decode Throughput,tokens/sec,p50,30.21
58,1780553484323170560,1780553485323170560,Active Decode Throughput,tokens/sec,p90,30.22
58,1780553484323170560,1780553485323170560,Active Decode Throughput,tokens/sec,p95,30.22
58,1780553484323170560,1780553485323170560,Active Decode Throughput,tokens/sec,p99,30.22
58,1780553484323170560,1780553485323170560,Active Decode Throughput,tokens/sec,std,0.02
58,1780553484323170560,1780553485323170560,Active Decode Throughput Per User,tokens/sec/user,avg,3.02
58,1780553484323170560,1780553485323170560,Active Decode Throughput Per User,tokens/sec/user,min,1.50
58,1780553484323170560,1780553485323170560,Active Decode Throughput Per User,tokens/sec/user,max,4.54
58,1780553484323170560,1780553485323170560,Active Decode Throughput Per User,tokens/sec/user,p50,3.02
58,1780553484323170560,1780553485323170560,Active Decode Throughput Per User,tokens/sec/user,p90,3.02
58,1780553484323170560,1780553485323170560,Active Decode Throughput Per User,tokens/sec/user,p95,3.02
58,1780553484323170560,1780553485323170560,Active Decode Throughput Per User,tokens/sec/user,p99,3.02
58,1780553484323170560,1780553485323170560,Active Decode Throughput Per User,tokens/sec/user,std,0.00
58,1780553484323170560,1780553485323170560,Active Prefill Throughput,tokens/sec,avg,6791.23
58,1780553484323170560,1780553485323170560,Active Prefill Throughput,tokens/sec,min,5987.40
58,1780553484323170560,1780553485323170560,Active Prefill Throughput,tokens/sec,max,7358.50
58,1780553484323170560,1780553485323170560,Active Prefill Throughput,tokens/sec,p50,7358.50
58,1780553484323170560,1780553485323170560,Active Prefill Throughput,tokens/sec,p90,7358.50
58,1780553484323170560,1780553485323170560,Active Prefill Throughput,tokens/sec,p95,7358.50
58,1780553484323170560,1780553485323170560,Active Prefill Throughput,tokens/sec,p99,7358.50
58,1780553484323170560,1780553485323170560,Active Prefill Throughput,tokens/sec,std,675.27
58,1780553484323170560,1780553485323170560,Active Prefill Throughput Per User,tokens/sec/user,avg,1482.11
58,1780553484323170560,1780553485323170560,Active Prefill Throughput Per User,tokens/sec/user,min,1471.70
58,1780553484323170560,1780553485323170560,Active Prefill Throughput Per User,tokens/sec/user,max,1496.85
58,1780553484323170560,1780553485323170560,Active Prefill Throughput Per User,tokens/sec/user,p50,1471.70
58,1780553484323170560,1780553485323170560,Active Prefill Throughput Per User,tokens/sec/user,p90,1496.85
58,1780553484323170560,1780553485323170560,Active Prefill Throughput Per User,tokens/sec/user,p95,1496.85
58,1780553484323170560,1780553485323170560,Active Prefill Throughput Per User,tokens/sec/user,p99,1496.85
58,1780553484323170560,1780553485323170560,Active Prefill Throughput Per User,tokens/sec/user,std,12.39
58,1780553484323170560,1780553485323170560,Active Total Throughput,tokens/sec,avg,6852.37
58,1780553484323170560,1780553485323170560,Active Total Throughput,tokens/sec,min,6048.53
58,1780553484323170560,1780553485323170560,Active Total Throughput,tokens/sec,max,7419.64
58,1780553484323170560,1780553485323170560,Active Total Throughput,tokens/sec,p50,7419.64
58,1780553484323170560,1780553485323170560,Active Total Throughput,tokens/sec,p90,7419.64
58,1780553484323170560,1780553485323170560,Active Total Throughput,tokens/sec,p95,7419.64
58,1780553484323170560,1780553485323170560,Active Total Throughput,tokens/sec,p99,7419.64
58,1780553484323170560,1780553485323170560,Active Total Throughput,tokens/sec,std,675.27
58,1780553484323170560,1780553485323170560,Benchmark Duration,sec,avg,129.69
58,1780553484323170560,1780553485323170560,E2E Output Token Throughput,tokens/sec/user,avg,2.02
58,1780553484323170560,1780553485323170560,E2E Output Token Throughput,tokens/sec/user,min,2.02
58,1780553484323170560,1780553485323170560,E2E Output Token Throughput,tokens/sec/user,max,2.02
58,1780553484323170560,1780553485323170560,E2E Output Token Throughput,tokens/sec/user,sum,2.02
58,1780553484323170560,1780553485323170560,E2E Output Token Throughput,tokens/sec/user,p1,2.02
58,1780553484323170560,1780553485323170560,E2E Output Token Throughput,tokens/sec/user,p5,2.02
58,1780553484323170560,1780553485323170560,E2E Output Token Throughput,tokens/sec/user,p10,2.02
58,1780553484323170560,1780553485323170560,E2E Output Token Throughput,tokens/sec/user,p25,2.02
58,1780553484323170560,1780553485323170560,E2E Output Token Throughput,tokens/sec/user,p50,2.02
58,1780553484323170560,1780553485323170560,E2E Output Token Throughput,tokens/sec/user,p75,2.02
58,1780553484323170560,1780553485323170560,E2E Output Token Throughput,tokens/sec/user,p90,2.02
58,1780553484323170560,1780553485323170560,E2E Output Token Throughput,tokens/sec/user,p95,2.02
58,1780553484323170560,1780553485323170560,E2E Output Token Throughput,tokens/sec/user,p99,2.02
58,1780553484323170560,1780553485323170560,E2E Output Token Throughput,tokens/sec/user,std,0.00
58,1780553484323170560,1780553485323170560,Effective Concurrency,requests,avg,14.59
58,1780553484323170560,1780553485323170560,Effective Concurrency,requests,min,14.00
58,1780553484323170560,1780553485323170560,Effective Concurrency,requests,max,15.00
58,1780553484323170560,1780553485323170560,Effective Concurrency,requests,p50,15.00
58,1780553484323170560,1780553485323170560,Effective Concurrency,requests,p90,15.00
58,1780553484323170560,1780553485323170560,Effective Concurrency,requests,p95,15.00
58,1780553484323170560,1780553485323170560,Effective Concurrency,requests,p99,15.00
58,1780553484323170560,1780553485323170560,Effective Concurrency,requests,std,0.49
58,1780553484323170560,1780553485323170560,Effective Decode Concurrency,requests,avg,10.00
58,1780553484323170560,1780553485323170560,Effective Decode Concurrency,requests,min,10.00
58,1780553484323170560,1780553485323170560,Effective Decode Concurrency,requests,max,10.00
58,1780553484323170560,1780553485323170560,Effective Decode Concurrency,requests,p50,10.00
58,1780553484323170560,1780553485323170560,Effective Decode Concurrency,requests,p90,10.00
58,1780553484323170560,1780553485323170560,Effective Decode Concurrency,requests,p95,10.00
58,1780553484323170560,1780553485323170560,Effective Decode Concurrency,requests,p99,10.00
58,1780553484323170560,1780553485323170560,Effective Decode Concurrency,requests,std,0.00
58,1780553484323170560,1780553485323170560,Effective Decode Throughput,tokens/sec,avg,30.21
58,1780553484323170560,1780553485323170560,Effective Decode Throughput,tokens/sec,min,15.03
58,1780553484323170560,1780553485323170560,Effective Decode Throughput,tokens/sec,max,45.40
58,1780553484323170560,1780553485323170560,Effective Decode Throughput,tokens/sec,p50,30.21
58,1780553484323170560,1780553485323170560,Effective Decode Throughput,tokens/sec,p90,30.22
58,1780553484323170560,1780553485323170560,Effective Decode Throughput,tokens/sec,p95,30.22
58,1780553484323170560,1780553485323170560,Effective Decode Throughput,tokens/sec,p99,30.22
58,1780553484323170560,1780553485323170560,Effective Decode Throughput,tokens/sec,std,0.02
58,1780553484323170560,1780553485323170560,Effective Decode Throughput Per User,tokens/sec/user,avg,3.02
58,1780553484323170560,1780553485323170560,Effective Decode Throughput Per User,tokens/sec/user,min,1.50
58,1780553484323170560,1780553485323170560,Effective Decode Throughput Per User,tokens/sec/user,max,4.54
58,1780553484323170560,1780553485323170560,Effective Decode Throughput Per User,tokens/sec/user,p50,3.02
58,1780553484323170560,1780553485323170560,Effective Decode Throughput Per User,tokens/sec/user,p90,3.02
58,1780553484323170560,1780553485323170560,Effective Decode Throughput Per User,tokens/sec/user,p95,3.02
58,1780553484323170560,1780553485323170560,Effective Decode Throughput Per User,tokens/sec/user,p99,3.02
58,1780553484323170560,1780553485323170560,Effective Decode Throughput Per User,tokens/sec/user,std,0.00
58,1780553484323170560,1780553485323170560,Effective Prefill Concurrency,requests,avg,4.59
58,1780553484323170560,1780553485323170560,Effective Prefill Concurrency,requests,min,4.00
58,1780553484323170560,1780553485323170560,Effective Prefill Concurrency,requests,max,5.00
58,1780553484323170560,1780553485323170560,Effective Prefill Concurrency,requests,p50,5.00
58,1780553484323170560,1780553485323170560,Effective Prefill Concurrency,requests,p90,5.00
58,1780553484323170560,1780553485323170560,Effective Prefill Concurrency,requests,p95,5.00
58,1780553484323170560,1780553485323170560,Effective Prefill Concurrency,requests,p99,5.00
58,1780553484323170560,1780553485323170560,Effective Prefill Concurrency,requests,std,0.49
58,1780553484323170560,1780553485323170560,Effective Prefill Throughput,tokens/sec,avg,6791.23
58,1780553484323170560,1780553485323170560,Effective Prefill Throughput,tokens/sec,min,5987.40
58,1780553484323170560,1780553485323170560,Effective Prefill Throughput,tokens/sec,max,7358.50
58,1780553484323170560,1780553485323170560,Effective Prefill Throughput,tokens/sec,p50,7358.50
58,1780553484323170560,1780553485323170560,Effective Prefill Throughput,tokens/sec,p90,7358.50
58,1780553484323170560,1780553485323170560,Effective Prefill Throughput,tokens/sec,p95,7358.50
58,1780553484323170560,1780553485323170560,Effective Prefill Throughput,tokens/sec,p99,7358.50
58,1780553484323170560,1780553485323170560,Effective Prefill Throughput,tokens/sec,std,675.27
58,1780553484323170560,1780553485323170560,Effective Prefill Throughput Per User,tokens/sec/user,avg,1482.11
58,1780553484323170560,1780553485323170560,Effective Prefill Throughput Per User,tokens/sec/user,min,1471.70
58,1780553484323170560,1780553485323170560,Effective Prefill Throughput Per User,tokens/sec/user,max,1496.85
58,1780553484323170560,1780553485323170560,Effective Prefill Throughput Per User,tokens/sec/user,p50,1471.70
58,1780553484323170560,1780553485323170560,Effective Prefill Throughput Per User,tokens/sec/user,p90,1496.85
58,1780553484323170560,1780553485323170560,Effective Prefill Throughput Per User,tokens/sec/user,p95,1496.85
58,1780553484323170560,1780553485323170560,Effective Prefill Throughput Per User,tokens/sec/user,p99,1496.85
58,1780553484323170560,1780553485323170560,Effective Prefill Throughput Per User,tokens/sec/user,std,12.39
58,1780553484323170560,1780553485323170560,Effective Total Throughput,tokens/sec,avg,6852.37
58,1780553484323170560,1780553485323170560,Effective Total Throughput,tokens/sec,min,6048.53
58,1780553484323170560,1780553485323170560,Effective Total Throughput,tokens/sec,max,7419.64
58,1780553484323170560,1780553485323170560,Effective Total Throughput,tokens/sec,p50,7419.64
58,1780553484323170560,1780553485323170560,Effective Total Throughput,tokens/sec,p90,7419.64
58,1780553484323170560,1780553485323170560,Effective Total Throughput,tokens/sec,p95,7419.64
58,1780553484323170560,1780553485323170560,Effective Total Throughput,tokens/sec,p99,7419.64
58,1780553484323170560,1780553485323170560,Effective Total Throughput,tokens/sec,std,675.27
58,1780553484323170560,1780553485323170560,HTTP Blocked,ms,avg,0.00
58,1780553484323170560,1780553485323170560,HTTP Blocked,ms,min,0.00
58,1780553484323170560,1780553485323170560,HTTP Blocked,ms,max,0.00
58,1780553484323170560,1780553485323170560,HTTP Blocked,ms,sum,0.00
58,1780553484323170560,1780553485323170560,HTTP Blocked,ms,p1,0.00
58,1780553484323170560,1780553485323170560,HTTP Blocked,ms,p5,0.00
58,1780553484323170560,1780553485323170560,HTTP Blocked,ms,p10,0.00
58,1780553484323170560,1780553485323170560,HTTP Blocked,ms,p25,0.00
58,1780553484323170560,1780553485323170560,HTTP Blocked,ms,p50,0.00
58,1780553484323170560,1780553485323170560,HTTP Blocked,ms,p75,0.00
58,1780553484323170560,1780553485323170560,HTTP Blocked,ms,p90,0.00
58,1780553484323170560,1780553485323170560,HTTP Blocked,ms,p95,0.00
58,1780553484323170560,1780553485323170560,HTTP Blocked,ms,p99,0.00
58,1780553484323170560,1780553485323170560,HTTP Blocked,ms,std,0.00
58,1780553484323170560,1780553485323170560,HTTP Chunks Received,count,avg,262.00
58,1780553484323170560,1780553485323170560,HTTP Chunks Received,count,min,262.00
58,1780553484323170560,1780553485323170560,HTTP Chunks Received,count,max,262.00
58,1780553484323170560,1780553485323170560,HTTP Chunks Received,count,sum,262.00
58,1780553484323170560,1780553485323170560,HTTP Chunks Received,count,p1,262.00
58,1780553484323170560,1780553485323170560,HTTP Chunks Received,count,p5,262.00
58,1780553484323170560,1780553485323170560,HTTP Chunks Received,count,p10,262.00
58,1780553484323170560,1780553485323170560,HTTP Chunks Received,count,p25,262.00
58,1780553484323170560,1780553485323170560,HTTP Chunks Received,count,p50,262.00
58,1780553484323170560,1780553485323170560,HTTP Chunks Received,count,p75,262.00
58,1780553484323170560,1780553485323170560,HTTP Chunks Received,count,p90,262.00
58,1780553484323170560,1780553485323170560,HTTP Chunks Received,count,p95,262.00
58,1780553484323170560,1780553485323170560,HTTP Chunks Received,count,p99,262.00
58,1780553484323170560,1780553485323170560,HTTP Chunks Received,count,std,0.00
58,1780553484323170560,1780553485323170560,HTTP Chunks Sent,count,avg,1.00
58,1780553484323170560,1780553485323170560,HTTP Chunks Sent,count,min,1.00
58,1780553484323170560,1780553485323170560,HTTP Chunks Sent,count,max,1.00
58,1780553484323170560,1780553485323170560,HTTP Chunks Sent,count,sum,1.00
58,1780553484323170560,1780553485323170560,HTTP Chunks Sent,count,p1,1.00
58,1780553484323170560,1780553485323170560,HTTP Chunks Sent,count,p5,1.00
58,1780553484323170560,1780553485323170560,HTTP Chunks Sent,count,p10,1.00
58,1780553484323170560,1780553485323170560,HTTP Chunks Sent,count,p25,1.00
58,1780553484323170560,1780553485323170560,HTTP Chunks Sent,count,p50,1.00
58,1780553484323170560,1780553485323170560,HTTP Chunks Sent,count,p75,1.00
58,1780553484323170560,1780553485323170560,HTTP Chunks Sent,count,p90,1.00
58,1780553484323170560,1780553485323170560,HTTP Chunks Sent,count,p95,1.00
58,1780553484323170560,1780553485323170560,HTTP Chunks Sent,count,p99,1.00
58,1780553484323170560,1780553485323170560,HTTP Chunks Sent,count,std,0.00
58,1780553484323170560,1780553485323170560,HTTP Connecting,ms,avg,1.23
58,1780553484323170560,1780553485323170560,HTTP Connecting,ms,min,1.23
58,1780553484323170560,1780553485323170560,HTTP Connecting,ms,max,1.23
58,1780553484323170560,1780553485323170560,HTTP Connecting,ms,sum,1.23
58,1780553484323170560,1780553485323170560,HTTP Connecting,ms,p1,1.23
58,1780553484323170560,1780553485323170560,HTTP Connecting,ms,p5,1.23
58,1780553484323170560,1780553485323170560,HTTP Connecting,ms,p10,1.23
58,1780553484323170560,1780553485323170560,HTTP Connecting,ms,p25,1.23
58,1780553484323170560,1780553485323170560,HTTP Connecting,ms,p50,1.23
58,1780553484323170560,1780553485323170560,HTTP Connecting,ms,p75,1.23
58,1780553484323170560,1780553485323170560,HTTP Connecting,ms,p90,1.23
58,1780553484323170560,1780553485323170560,HTTP Connecting,ms,p95,1.23
58,1780553484323170560,1780553485323170560,HTTP Connecting,ms,p99,1.23
58,1780553484323170560,1780553485323170560,HTTP Connecting,ms,std,0.00
58,1780553484323170560,1780553485323170560,HTTP Connection Overhead,ms,avg,1.85
58,1780553484323170560,1780553485323170560,HTTP Connection Overhead,ms,min,1.85
58,1780553484323170560,1780553485323170560,HTTP Connection Overhead,ms,max,1.85
58,1780553484323170560,1780553485323170560,HTTP Connection Overhead,ms,sum,1.85
58,1780553484323170560,1780553485323170560,HTTP Connection Overhead,ms,p1,1.85
58,1780553484323170560,1780553485323170560,HTTP Connection Overhead,ms,p5,1.85
58,1780553484323170560,1780553485323170560,HTTP Connection Overhead,ms,p10,1.85
58,1780553484323170560,1780553485323170560,HTTP Connection Overhead,ms,p25,1.85
58,1780553484323170560,1780553485323170560,HTTP Connection Overhead,ms,p50,1.85
58,1780553484323170560,1780553485323170560,HTTP Connection Overhead,ms,p75,1.85
58,1780553484323170560,1780553485323170560,HTTP Connection Overhead,ms,p90,1.85
58,1780553484323170560,1780553485323170560,HTTP Connection Overhead,ms,p95,1.85
58,1780553484323170560,1780553485323170560,HTTP Connection Overhead,ms,p99,1.85
58,1780553484323170560,1780553485323170560,HTTP Connection Overhead,ms,std,0.00
58,1780553484323170560,1780553485323170560,HTTP Connection Reused,ratio,avg,0.00
58,1780553484323170560,1780553485323170560,HTTP Connection Reused,ratio,min,0.00
58,1780553484323170560,1780553485323170560,HTTP Connection Reused,ratio,max,0.00
58,1780553484323170560,1780553485323170560,HTTP Connection Reused,ratio,sum,0.00
58,1780553484323170560,1780553485323170560,HTTP Connection Reused,ratio,p1,0.00
58,1780553484323170560,1780553485323170560,HTTP Connection Reused,ratio,p5,0.00
58,1780553484323170560,1780553485323170560,HTTP Connection Reused,ratio,p10,0.00
58,1780553484323170560,1780553485323170560,HTTP Connection Reused,ratio,p25,0.00
58,1780553484323170560,1780553485323170560,HTTP Connection Reused,ratio,p50,0.00
58,1780553484323170560,1780553485323170560,HTTP Connection Reused,ratio,p75,0.00
58,1780553484323170560,1780553485323170560,HTTP Connection Reused,ratio,p90,0.00
58,1780553484323170560,1780553485323170560,HTTP Connection Reused,ratio,p95,0.00
58,1780553484323170560,1780553485323170560,HTTP Connection Reused,ratio,p99,0.00
58,1780553484323170560,1780553485323170560,HTTP Connection Reused,ratio,std,0.00
58,1780553484323170560,1780553485323170560,HTTP Data Received,KB,avg,65.88
58,1780553484323170560,1780553485323170560,HTTP Data Received,KB,min,65.88
58,1780553484323170560,1780553485323170560,HTTP Data Received,KB,max,65.88
58,1780553484323170560,1780553485323170560,HTTP Data Received,KB,sum,65.88
58,1780553484323170560,1780553485323170560,HTTP Data Received,KB,p1,65.88
58,1780553484323170560,1780553485323170560,HTTP Data Received,KB,p5,65.88
58,1780553484323170560,1780553485323170560,HTTP Data Received,KB,p10,65.88
58,1780553484323170560,1780553485323170560,HTTP Data Received,KB,p25,65.88
58,1780553484323170560,1780553485323170560,HTTP Data Received,KB,p50,65.88
58,1780553484323170560,1780553485323170560,HTTP Data Received,KB,p75,65.88
58,1780553484323170560,1780553485323170560,HTTP Data Received,KB,p90,65.88
58,1780553484323170560,1780553485323170560,HTTP Data Received,KB,p95,65.88
58,1780553484323170560,1780553485323170560,HTTP Data Received,KB,p99,65.88
58,1780553484323170560,1780553485323170560,HTTP Data Received,KB,std,0.00
58,1780553484323170560,1780553485323170560,HTTP Data Sent,KB,avg,405.32
58,1780553484323170560,1780553485323170560,HTTP Data Sent,KB,min,405.32
58,1780553484323170560,1780553485323170560,HTTP Data Sent,KB,max,405.32
58,1780553484323170560,1780553485323170560,HTTP Data Sent,KB,sum,405.32
58,1780553484323170560,1780553485323170560,HTTP Data Sent,KB,p1,405.32
58,1780553484323170560,1780553485323170560,HTTP Data Sent,KB,p5,405.32
58,1780553484323170560,1780553485323170560,HTTP Data Sent,KB,p10,405.32
58,1780553484323170560,1780553485323170560,HTTP Data Sent,KB,p25,405.32
58,1780553484323170560,1780553485323170560,HTTP Data Sent,KB,p50,405.32
58,1780553484323170560,1780553485323170560,HTTP Data Sent,KB,p75,405.32
58,1780553484323170560,1780553485323170560,HTTP Data Sent,KB,p90,405.32
58,1780553484323170560,1780553485323170560,HTTP Data Sent,KB,p95,405.32
58,1780553484323170560,1780553485323170560,HTTP Data Sent,KB,p99,405.32
58,1780553484323170560,1780553485323170560,HTTP Data Sent,KB,std,0.00
58,1780553484323170560,1780553485323170560,HTTP DNS Lookup,ms,avg,0.61
58,1780553484323170560,1780553485323170560,HTTP DNS Lookup,ms,min,0.61
58,1780553484323170560,1780553485323170560,HTTP DNS Lookup,ms,max,0.61
58,1780553484323170560,1780553485323170560,HTTP DNS Lookup,ms,sum,0.61
58,1780553484323170560,1780553485323170560,HTTP DNS Lookup,ms,p1,0.61
58,1780553484323170560,1780553485323170560,HTTP DNS Lookup,ms,p5,0.61
58,1780553484323170560,1780553485323170560,HTTP DNS Lookup,ms,p10,0.61
58,1780553484323170560,1780553485323170560,HTTP DNS Lookup,ms,p25,0.61
58,1780553484323170560,1780553485323170560,HTTP DNS Lookup,ms,p50,0.61
58,1780553484323170560,1780553485323170560,HTTP DNS Lookup,ms,p75,0.61
58,1780553484323170560,1780553485323170560,HTTP DNS Lookup,ms,p90,0.61
58,1780553484323170560,1780553485323170560,HTTP DNS Lookup,ms,p95,0.61
58,1780553484323170560,1780553485323170560,HTTP DNS Lookup,ms,p99,0.61
58,1780553484323170560,1780553485323170560,HTTP DNS Lookup,ms,std,0.00
58,1780553484323170560,1780553485323170560,HTTP Duration (excl. conn),ms,avg,129687.14
58,1780553484323170560,1780553485323170560,HTTP Duration (excl. conn),ms,min,129687.14
58,1780553484323170560,1780553485323170560,HTTP Duration (excl. conn),ms,max,129687.14
58,1780553484323170560,1780553485323170560,HTTP Duration (excl. conn),ms,sum,129687.14
58,1780553484323170560,1780553485323170560,HTTP Duration (excl. conn),ms,p1,129687.14
58,1780553484323170560,1780553485323170560,HTTP Duration (excl. conn),ms,p5,129687.14
58,1780553484323170560,1780553485323170560,HTTP Duration (excl. conn),ms,p10,129687.14
58,1780553484323170560,1780553485323170560,HTTP Duration (excl. conn),ms,p25,129687.14
58,1780553484323170560,1780553485323170560,HTTP Duration (excl. conn),ms,p50,129687.14
58,1780553484323170560,1780553485323170560,HTTP Duration (excl. conn),ms,p75,129687.14
58,1780553484323170560,1780553485323170560,HTTP Duration (excl. conn),ms,p90,129687.14
58,1780553484323170560,1780553485323170560,HTTP Duration (excl. conn),ms,p95,129687.14
58,1780553484323170560,1780553485323170560,HTTP Duration (excl. conn),ms,p99,129687.14
58,1780553484323170560,1780553485323170560,HTTP Duration (excl. conn),ms,std,0.00
58,1780553484323170560,1780553485323170560,HTTP Receiving,ms,avg,53404.42
58,1780553484323170560,1780553485323170560,HTTP Receiving,ms,min,53404.42
58,1780553484323170560,1780553485323170560,HTTP Receiving,ms,max,53404.42
58,1780553484323170560,1780553485323170560,HTTP Receiving,ms,sum,53404.42
58,1780553484323170560,1780553485323170560,HTTP Receiving,ms,p1,53404.42
58,1780553484323170560,1780553485323170560,HTTP Receiving,ms,p5,53404.42
58,1780553484323170560,1780553485323170560,HTTP Receiving,ms,p10,53404.42
58,1780553484323170560,1780553485323170560,HTTP Receiving,ms,p25,53404.42
58,1780553484323170560,1780553485323170560,HTTP Receiving,ms,p50,53404.42
58,1780553484323170560,1780553485323170560,HTTP Receiving,ms,p75,53404.42
58,1780553484323170560,1780553485323170560,HTTP Receiving,ms,p90,53404.42
58,1780553484323170560,1780553485323170560,HTTP Receiving,ms,p95,53404.42
58,1780553484323170560,1780553485323170560,HTTP Receiving,ms,p99,53404.42
58,1780553484323170560,1780553485323170560,HTTP Receiving,ms,std,0.00
58,1780553484323170560,1780553485323170560,HTTP Sending,ms,avg,1.52
58,1780553484323170560,1780553485323170560,HTTP Sending,ms,min,1.52
58,1780553484323170560,1780553485323170560,HTTP Sending,ms,max,1.52
58,1780553484323170560,1780553485323170560,HTTP Sending,ms,sum,1.52
58,1780553484323170560,1780553485323170560,HTTP Sending,ms,p1,1.52
58,1780553484323170560,1780553485323170560,HTTP Sending,ms,p5,1.52
58,1780553484323170560,1780553485323170560,HTTP Sending,ms,p10,1.52
58,1780553484323170560,1780553485323170560,HTTP Sending,ms,p25,1.52
58,1780553484323170560,1780553485323170560,HTTP Sending,ms,p50,1.52
58,1780553484323170560,1780553485323170560,HTTP Sending,ms,p75,1.52
58,1780553484323170560,1780553485323170560,HTTP Sending,ms,p90,1.52
58,1780553484323170560,1780553485323170560,HTTP Sending,ms,p95,1.52
58,1780553484323170560,1780553485323170560,HTTP Sending,ms,p99,1.52
58,1780553484323170560,1780553485323170560,HTTP Sending,ms,std,0.00
58,1780553484323170560,1780553485323170560,HTTP Total Time,ms,avg,129688.99
58,1780553484323170560,1780553485323170560,HTTP Total Time,ms,min,129688.99
58,1780553484323170560,1780553485323170560,HTTP Total Time,ms,max,129688.99
58,1780553484323170560,1780553485323170560,HTTP Total Time,ms,sum,129688.99
58,1780553484323170560,1780553485323170560,HTTP Total Time,ms,p1,129688.99
58,1780553484323170560,1780553485323170560,HTTP Total Time,ms,p5,129688.99
58,1780553484323170560,1780553485323170560,HTTP Total Time,ms,p10,129688.99
58,1780553484323170560,1780553485323170560,HTTP Total Time,ms,p25,129688.99
58,1780553484323170560,1780553485323170560,HTTP Total Time,ms,p50,129688.99
58,1780553484323170560,1780553485323170560,HTTP Total Time,ms,p75,129688.99
58,1780553484323170560,1780553485323170560,HTTP Total Time,ms,p90,129688.99
58,1780553484323170560,1780553485323170560,HTTP Total Time,ms,p95,129688.99
58,1780553484323170560,1780553485323170560,HTTP Total Time,ms,p99,129688.99
58,1780553484323170560,1780553485323170560,HTTP Total Time,ms,std,0.00
58,1780553484323170560,1780553485323170560,HTTP Waiting (TTFB),ms,avg,76281.20
58,1780553484323170560,1780553485323170560,HTTP Waiting (TTFB),ms,min,76281.20
58,1780553484323170560,1780553485323170560,HTTP Waiting (TTFB),ms,max,76281.20
58,1780553484323170560,1780553485323170560,HTTP Waiting (TTFB),ms,sum,76281.20
58,1780553484323170560,1780553485323170560,HTTP Waiting (TTFB),ms,p1,76281.20
58,1780553484323170560,1780553485323170560,HTTP Waiting (TTFB),ms,p5,76281.20
58,1780553484323170560,1780553485323170560,HTTP Waiting (TTFB),ms,p10,76281.20
58,1780553484323170560,1780553485323170560,HTTP Waiting (TTFB),ms,p25,76281.20
58,1780553484323170560,1780553485323170560,HTTP Waiting (TTFB),ms,p50,76281.20
58,1780553484323170560,1780553485323170560,HTTP Waiting (TTFB),ms,p75,76281.20
58,1780553484323170560,1780553485323170560,HTTP Waiting (TTFB),ms,p90,76281.20
58,1780553484323170560,1780553485323170560,HTTP Waiting (TTFB),ms,p95,76281.20
58,1780553484323170560,1780553485323170560,HTTP Waiting (TTFB),ms,p99,76281.20
58,1780553484323170560,1780553485323170560,HTTP Waiting (TTFB),ms,std,0.00
58,1780553484323170560,1780553485323170560,Input Sequence Length,tokens,avg,104592.00
58,1780553484323170560,1780553485323170560,Input Sequence Length,tokens,min,104592.00
58,1780553484323170560,1780553485323170560,Input Sequence Length,tokens,max,104592.00
58,1780553484323170560,1780553485323170560,Input Sequence Length,tokens,sum,104592.00
58,1780553484323170560,1780553485323170560,Input Sequence Length,tokens,p1,104592.00
58,1780553484323170560,1780553485323170560,Input Sequence Length,tokens,p5,104592.00
58,1780553484323170560,1780553485323170560,Input Sequence Length,tokens,p10,104592.00
58,1780553484323170560,1780553485323170560,Input Sequence Length,tokens,p25,104592.00
58,1780553484323170560,1780553485323170560,Input Sequence Length,tokens,p50,104592.00
58,1780553484323170560,1780553485323170560,Input Sequence Length,tokens,p75,104592.00
58,1780553484323170560,1780553485323170560,Input Sequence Length,tokens,p90,104592.00
58,1780553484323170560,1780553485323170560,Input Sequence Length,tokens,p95,104592.00
58,1780553484323170560,1780553485323170560,Input Sequence Length,tokens,p99,104592.00
58,1780553484323170560,1780553485323170560,Input Sequence Length,tokens,std,0.00
58,1780553484323170560,1780553485323170560,Input Token Throughput,tokens/sec,avg,104592.00
58,1780553484323170560,1780553485323170560,Inter Chunk Latency,ms,avg,66.28
58,1780553484323170560,1780553485323170560,Inter Chunk Latency,ms,min,66.27
58,1780553484323170560,1780553485323170560,Inter Chunk Latency,ms,max,66.29
58,1780553484323170560,1780553485323170560,Inter Chunk Latency,ms,sum,17298.07
58,1780553484323170560,1780553485323170560,Inter Chunk Latency,ms,p1,66.27
58,1780553484323170560,1780553485323170560,Inter Chunk Latency,ms,p5,66.27
58,1780553484323170560,1780553485323170560,Inter Chunk Latency,ms,p10,66.27
58,1780553484323170560,1780553485323170560,Inter Chunk Latency,ms,p25,66.27
58,1780553484323170560,1780553485323170560,Inter Chunk Latency,ms,p50,66.28
58,1780553484323170560,1780553485323170560,Inter Chunk Latency,ms,p75,66.28
58,1780553484323170560,1780553485323170560,Inter Chunk Latency,ms,p90,66.28
58,1780553484323170560,1780553485323170560,Inter Chunk Latency,ms,p95,66.29
58,1780553484323170560,1780553485323170560,Inter Chunk Latency,ms,p99,66.29
58,1780553484323170560,1780553485323170560,Inter Chunk Latency,ms,std,0.01
58,1780553484323170560,1780553485323170560,Inter Token Latency,ms,avg,204.61
58,1780553484323170560,1780553485323170560,Inter Token Latency,ms,min,204.61
58,1780553484323170560,1780553485323170560,Inter Token Latency,ms,max,204.61
58,1780553484323170560,1780553485323170560,Inter Token Latency,ms,sum,204.61
58,1780553484323170560,1780553485323170560,Inter Token Latency,ms,p1,204.61
58,1780553484323170560,1780553485323170560,Inter Token Latency,ms,p5,204.61
58,1780553484323170560,1780553485323170560,Inter Token Latency,ms,p10,204.61
58,1780553484323170560,1780553485323170560,Inter Token Latency,ms,p25,204.61
58,1780553484323170560,1780553485323170560,Inter Token Latency,ms,p50,204.61
58,1780553484323170560,1780553485323170560,Inter Token Latency,ms,p75,204.61
58,1780553484323170560,1780553485323170560,Inter Token Latency,ms,p90,204.61
58,1780553484323170560,1780553485323170560,Inter Token Latency,ms,p95,204.61
58,1780553484323170560,1780553485323170560,Inter Token Latency,ms,p99,204.61
58,1780553484323170560,1780553485323170560,Inter Token Latency,ms,std,0.00
58,1780553484323170560,1780553485323170560,Maximum Response Timestamp,ns,avg,1780553614424155392.00
58,1780553484323170560,1780553485323170560,Minimum Request Timestamp,ns,avg,1780553484736902144.00
58,1780553484323170560,1780553485323170560,OSL Mismatch Count,requests,avg,0.00
58,1780553484323170560,1780553485323170560,OSL Mismatch Diff %,%,avg,0.00
58,1780553484323170560,1780553485323170560,OSL Mismatch Diff %,%,min,0.00
58,1780553484323170560,1780553485323170560,OSL Mismatch Diff %,%,max,0.00
58,1780553484323170560,1780553485323170560,OSL Mismatch Diff %,%,sum,0.00
58,1780553484323170560,1780553485323170560,OSL Mismatch Diff %,%,p1,0.00
58,1780553484323170560,1780553485323170560,OSL Mismatch Diff %,%,p5,0.00
58,1780553484323170560,1780553485323170560,OSL Mismatch Diff %,%,p10,0.00
58,1780553484323170560,1780553485323170560,OSL Mismatch Diff %,%,p25,0.00
58,1780553484323170560,1780553485323170560,OSL Mismatch Diff %,%,p50,0.00
58,1780553484323170560,1780553485323170560,OSL Mismatch Diff %,%,p75,0.00
58,1780553484323170560,1780553485323170560,OSL Mismatch Diff %,%,p90,0.00
58,1780553484323170560,1780553485323170560,OSL Mismatch Diff %,%,p95,0.00
58,1780553484323170560,1780553485323170560,OSL Mismatch Diff %,%,p99,0.00
58,1780553484323170560,1780553485323170560,OSL Mismatch Diff %,%,std,0.00
58,1780553484323170560,1780553485323170560,Output Sequence Length,tokens,avg,262.00
58,1780553484323170560,1780553485323170560,Output Sequence Length,tokens,min,262.00
58,1780553484323170560,1780553485323170560,Output Sequence Length,tokens,max,262.00
58,1780553484323170560,1780553485323170560,Output Sequence Length,tokens,sum,262.00
58,1780553484323170560,1780553485323170560,Output Sequence Length,tokens,p1,262.00
58,1780553484323170560,1780553485323170560,Output Sequence Length,tokens,p5,262.00
58,1780553484323170560,1780553485323170560,Output Sequence Length,tokens,p10,262.00
58,1780553484323170560,1780553485323170560,Output Sequence Length,tokens,p25,262.00
58,1780553484323170560,1780553485323170560,Output Sequence Length,tokens,p50,262.00
58,1780553484323170560,1780553485323170560,Output Sequence Length,tokens,p75,262.00
58,1780553484323170560,1780553485323170560,Output Sequence Length,tokens,p90,262.00
58,1780553484323170560,1780553485323170560,Output Sequence Length,tokens,p95,262.00
58,1780553484323170560,1780553485323170560,Output Sequence Length,tokens,p99,262.00
58,1780553484323170560,1780553485323170560,Output Sequence Length,tokens,std,0.00
58,1780553484323170560,1780553485323170560,Output Token Count,tokens,avg,262.00
58,1780553484323170560,1780553485323170560,Output Token Count,tokens,min,262.00
58,1780553484323170560,1780553485323170560,Output Token Count,tokens,max,262.00
58,1780553484323170560,1780553485323170560,Output Token Count,tokens,sum,262.00
58,1780553484323170560,1780553485323170560,Output Token Count,tokens,p1,262.00
58,1780553484323170560,1780553485323170560,Output Token Count,tokens,p5,262.00
58,1780553484323170560,1780553485323170560,Output Token Count,tokens,p10,262.00
58,1780553484323170560,1780553485323170560,Output Token Count,tokens,p25,262.00
58,1780553484323170560,1780553485323170560,Output Token Count,tokens,p50,262.00
58,1780553484323170560,1780553485323170560,Output Token Count,tokens,p75,262.00
58,1780553484323170560,1780553485323170560,Output Token Count,tokens,p90,262.00
58,1780553484323170560,1780553485323170560,Output Token Count,tokens,p95,262.00
58,1780553484323170560,1780553485323170560,Output Token Count,tokens,p99,262.00
58,1780553484323170560,1780553485323170560,Output Token Count,tokens,std,0.00
58,1780553484323170560,1780553485323170560,Output Token Throughput,tokens/sec,avg,262.00
58,1780553484323170560,1780553485323170560,Output Token Throughput Per User,tokens/sec/user,avg,4.89
58,1780553484323170560,1780553485323170560,Output Token Throughput Per User,tokens/sec/user,min,4.89
58,1780553484323170560,1780553485323170560,Output Token Throughput Per User,tokens/sec/user,max,4.89
58,1780553484323170560,1780553485323170560,Output Token Throughput Per User,tokens/sec/user,sum,4.89
58,1780553484323170560,1780553485323170560,Output Token Throughput Per User,tokens/sec/user,p1,4.89
58,1780553484323170560,1780553485323170560,Output Token Throughput Per User,tokens/sec/user,p5,4.89
58,1780553484323170560,1780553485323170560,Output Token Throughput Per User,tokens/sec/user,p10,4.89
58,1780553484323170560,1780553485323170560,Output Token Throughput Per User,tokens/sec/user,p25,4.89
58,1780553484323170560,1780553485323170560,Output Token Throughput Per User,tokens/sec/user,p50,4.89
58,1780553484323170560,1780553485323170560,Output Token Throughput Per User,tokens/sec/user,p75,4.89
58,1780553484323170560,1780553485323170560,Output Token Throughput Per User,tokens/sec/user,p90,4.89
58,1780553484323170560,1780553485323170560,Output Token Throughput Per User,tokens/sec/user,p95,4.89
58,1780553484323170560,1780553485323170560,Output Token Throughput Per User,tokens/sec/user,p99,4.89
58,1780553484323170560,1780553485323170560,Output Token Throughput Per User,tokens/sec/user,std,0.00
58,1780553484323170560,1780553485323170560,Prefill Throughput Per User,tokens/sec/user,avg,1371.11
58,1780553484323170560,1780553485323170560,Prefill Throughput Per User,tokens/sec/user,min,1371.11
58,1780553484323170560,1780553485323170560,Prefill Throughput Per User,tokens/sec/user,max,1371.11
58,1780553484323170560,1780553485323170560,Prefill Throughput Per User,tokens/sec/user,sum,1371.11
58,1780553484323170560,1780553485323170560,Prefill Throughput Per User,tokens/sec/user,p1,1371.11
58,1780553484323170560,1780553485323170560,Prefill Throughput Per User,tokens/sec/user,p5,1371.11
58,1780553484323170560,1780553485323170560,Prefill Throughput Per User,tokens/sec/user,p10,1371.11
58,1780553484323170560,1780553485323170560,Prefill Throughput Per User,tokens/sec/user,p25,1371.11
58,1780553484323170560,1780553485323170560,Prefill Throughput Per User,tokens/sec/user,p50,1371.11
58,1780553484323170560,1780553485323170560,Prefill Throughput Per User,tokens/sec/user,p75,1371.11
58,1780553484323170560,1780553485323170560,Prefill Throughput Per User,tokens/sec/user,p90,1371.11
58,1780553484323170560,1780553485323170560,Prefill Throughput Per User,tokens/sec/user,p95,1371.11
58,1780553484323170560,1780553485323170560,Prefill Throughput Per User,tokens/sec/user,p99,1371.11
58,1780553484323170560,1780553485323170560,Prefill Throughput Per User,tokens/sec/user,std,0.00
58,1780553484323170560,1780553485323170560,Request Count,requests,avg,1.00
58,1780553484323170560,1780553485323170560,Request Latency,ms,avg,129687.25
58,1780553484323170560,1780553485323170560,Request Latency,ms,min,129687.25
58,1780553484323170560,1780553485323170560,Request Latency,ms,max,129687.25
58,1780553484323170560,1780553485323170560,Request Latency,ms,sum,129687.25
58,1780553484323170560,1780553485323170560,Request Latency,ms,p1,129687.25
58,1780553484323170560,1780553485323170560,Request Latency,ms,p5,129687.25
58,1780553484323170560,1780553485323170560,Request Latency,ms,p10,129687.25
58,1780553484323170560,1780553485323170560,Request Latency,ms,p25,129687.25
58,1780553484323170560,1780553485323170560,Request Latency,ms,p50,129687.25
58,1780553484323170560,1780553485323170560,Request Latency,ms,p75,129687.25
58,1780553484323170560,1780553485323170560,Request Latency,ms,p90,129687.25
58,1780553484323170560,1780553485323170560,Request Latency,ms,p95,129687.25
58,1780553484323170560,1780553485323170560,Request Latency,ms,p99,129687.25
58,1780553484323170560,1780553485323170560,Request Latency,ms,std,0.00
58,1780553484323170560,1780553485323170560,Request Throughput,requests/sec,avg,1.00
58,1780553484323170560,1780553485323170560,Requested OSL,tokens,avg,262.00
58,1780553484323170560,1780553485323170560,Requested OSL,tokens,min,262.00
58,1780553484323170560,1780553485323170560,Requested OSL,tokens,max,262.00
58,1780553484323170560,1780553485323170560,Requested OSL,tokens,sum,262.00
58,1780553484323170560,1780553485323170560,Requested OSL,tokens,p1,262.00
58,1780553484323170560,1780553485323170560,Requested OSL,tokens,p5,262.00
58,1780553484323170560,1780553485323170560,Requested OSL,tokens,p10,262.00
58,1780553484323170560,1780553485323170560,Requested OSL,tokens,p25,262.00
58,1780553484323170560,1780553485323170560,Requested OSL,tokens,p50,262.00
58,1780553484323170560,1780553485323170560,Requested OSL,tokens,p75,262.00
58,1780553484323170560,1780553485323170560,Requested OSL,tokens,p90,262.00
58,1780553484323170560,1780553485323170560,Requested OSL,tokens,p95,262.00
58,1780553484323170560,1780553485323170560,Requested OSL,tokens,p99,262.00
58,1780553484323170560,1780553485323170560,Requested OSL,tokens,std,0.00
58,1780553484323170560,1780553485323170560,Time to First Output Token,ms,avg,76282.84
58,1780553484323170560,1780553485323170560,Time to First Output Token,ms,min,76282.84
58,1780553484323170560,1780553485323170560,Time to First Output Token,ms,max,76282.84
58,1780553484323170560,1780553485323170560,Time to First Output Token,ms,sum,76282.84
58,1780553484323170560,1780553485323170560,Time to First Output Token,ms,p1,76282.84
58,1780553484323170560,1780553485323170560,Time to First Output Token,ms,p5,76282.84
58,1780553484323170560,1780553485323170560,Time to First Output Token,ms,p10,76282.84
58,1780553484323170560,1780553485323170560,Time to First Output Token,ms,p25,76282.84
58,1780553484323170560,1780553485323170560,Time to First Output Token,ms,p50,76282.84
58,1780553484323170560,1780553485323170560,Time to First Output Token,ms,p75,76282.84
58,1780553484323170560,1780553485323170560,Time to First Output Token,ms,p90,76282.84
58,1780553484323170560,1780553485323170560,Time to First Output Token,ms,p95,76282.84
58,1780553484323170560,1780553485323170560,Time to First Output Token,ms,p99,76282.84
58,1780553484323170560,1780553485323170560,Time to First Output Token,ms,std,0.00
58,1780553484323170560,1780553485323170560,Time to First Token,ms,avg,76282.84
58,1780553484323170560,1780553485323170560,Time to First Token,ms,min,76282.84
58,1780553484323170560,1780553485323170560,Time to First Token,ms,max,76282.84
58,1780553484323170560,1780553485323170560,Time to First Token,ms,sum,76282.84
58,1780553484323170560,1780553485323170560,Time to First Token,ms,p1,76282.84
58,1780553484323170560,1780553485323170560,Time to First Token,ms,p5,76282.84
58,1780553484323170560,1780553485323170560,Time to First Token,ms,p10,76282.84
58,1780553484323170560,1780553485323170560,Time to First Token,ms,p25,76282.84
58,1780553484323170560,1780553485323170560,Time to First Token,ms,p50,76282.84
58,1780553484323170560,1780553485323170560,Time to First Token,ms,p75,76282.84
58,1780553484323170560,1780553485323170560,Time to First Token,ms,p90,76282.84
58,1780553484323170560,1780553485323170560,Time to First Token,ms,p95,76282.84
58,1780553484323170560,1780553485323170560,Time to First Token,ms,p99,76282.84
58,1780553484323170560,1780553485323170560,Time to First Token,ms,std,0.00
58,1780553484323170560,1780553485323170560,Time to Second Token,ms,avg,0.58
58,1780553484323170560,1780553485323170560,Time to Second Token,ms,min,0.58
58,1780553484323170560,1780553485323170560,Time to Second Token,ms,max,0.58
58,1780553484323170560,1780553485323170560,Time to Second Token,ms,sum,0.58
58,1780553484323170560,1780553485323170560,Time to Second Token,ms,p1,0.58
58,1780553484323170560,1780553485323170560,Time to Second Token,ms,p5,0.58
58,1780553484323170560,1780553485323170560,Time to Second Token,ms,p10,0.58
58,1780553484323170560,1780553485323170560,Time to Second Token,ms,p25,0.58
58,1780553484323170560,1780553485323170560,Time to Second Token,ms,p50,0.58
58,1780553484323170560,1780553485323170560,Time to Second Token,ms,p75,0.58
58,1780553484323170560,1780553485323170560,Time to Second Token,ms,p90,0.58
58,1780553484323170560,1780553485323170560,Time to Second Token,ms,p95,0.58
58,1780553484323170560,1780553485323170560,Time to Second Token,ms,p99,0.58
58,1780553484323170560,1780553485323170560,Time to Second Token,ms,std,0.00
58,1780553484323170560,1780553485323170560,Tokens In Flight,tokens,avg,1653461.26
58,1780553484323170560,1780553485323170560,Tokens In Flight,tokens,min,1592127.00
58,1780553484323170560,1780553485323170560,Tokens In Flight,tokens,max,1696749.00
58,1780553484323170560,1780553485323170560,Tokens In Flight,tokens,p50,1696735.00
58,1780553484323170560,1780553485323170560,Tokens In Flight,tokens,p90,1696747.00
58,1780553484323170560,1780553485323170560,Tokens In Flight,tokens,p95,1696747.00
58,1780553484323170560,1780553485323170560,Tokens In Flight,tokens,p99,1696749.00
58,1780553484323170560,1780553485323170560,Tokens In Flight,tokens,std,51519.17
58,1780553484323170560,1780553485323170560,Total Input Sequence Length,tokens,avg,104592.00
58,1780553484323170560,1780553485323170560,Total Output Sequence Length,tokens,avg,262.00
58,1780553484323170560,1780553485323170560,Total Output Tokens,tokens,avg,262.00
58,1780553484323170560,1780553485323170560,Total Token Throughput,tokens/sec,avg,104854.00
58,1780553484323170560,1780553485323170560,Total Usage Completion Tokens,tokens,avg,262.00
58,1780553484323170560,1780553485323170560,Total Usage Prompt Tokens,tokens,avg,104592.00
58,1780553484323170560,1780553485323170560,Total Usage Total Tokens,tokens,avg,104854.00
58,1780553484323170560,1780553485323170560,Usage Completion Tokens,tokens,avg,262.00
58,1780553484323170560,1780553485323170560,Usage Completion Tokens,tokens,min,262.00
58,1780553484323170560,1780553485323170560,Usage Completion Tokens,tokens,max,262.00
58,1780553484323170560,1780553485323170560,Usage Completion Tokens,tokens,sum,262.00
58,1780553484323170560,1780553485323170560,Usage Completion Tokens,tokens,p1,262.00
58,1780553484323170560,1780553485323170560,Usage Completion Tokens,tokens,p5,262.00
58,1780553484323170560,1780553485323170560,Usage Completion Tokens,tokens,p10,262.00
58,1780553484323170560,1780553485323170560,Usage Completion Tokens,tokens,p25,262.00
58,1780553484323170560,1780553485323170560,Usage Completion Tokens,tokens,p50,262.00
58,1780553484323170560,1780553485323170560,Usage Completion Tokens,tokens,p75,262.00
58,1780553484323170560,1780553485323170560,Usage Completion Tokens,tokens,p90,262.00
58,1780553484323170560,1780553485323170560,Usage Completion Tokens,tokens,p95,262.00
58,1780553484323170560,1780553485323170560,Usage Completion Tokens,tokens,p99,262.00
58,1780553484323170560,1780553485323170560,Usage Completion Tokens,tokens,std,0.00
58,1780553484323170560,1780553485323170560,Usage Prompt Tokens,tokens,avg,104592.00
58,1780553484323170560,1780553485323170560,Usage Prompt Tokens,tokens,min,104592.00
58,1780553484323170560,1780553485323170560,Usage Prompt Tokens,tokens,max,104592.00
58,1780553484323170560,1780553485323170560,Usage Prompt Tokens,tokens,sum,104592.00
58,1780553484323170560,1780553485323170560,Usage Prompt Tokens,tokens,p1,104592.00
58,1780553484323170560,1780553485323170560,Usage Prompt Tokens,tokens,p5,104592.00
58,1780553484323170560,1780553485323170560,Usage Prompt Tokens,tokens,p10,104592.00
58,1780553484323170560,1780553485323170560,Usage Prompt Tokens,tokens,p25,104592.00
58,1780553484323170560,1780553485323170560,Usage Prompt Tokens,tokens,p50,104592.00
58,1780553484323170560,1780553485323170560,Usage Prompt Tokens,tokens,p75,104592.00
58,1780553484323170560,1780553485323170560,Usage Prompt Tokens,tokens,p90,104592.00
58,1780553484323170560,1780553485323170560,Usage Prompt Tokens,tokens,p95,104592.00
58,1780553484323170560,1780553485323170560,Usage Prompt Tokens,tokens,p99,104592.00
58,1780553484323170560,1780553485323170560,Usage Prompt Tokens,tokens,std,0.00
58,1780553484323170560,1780553485323170560,Usage Total Tokens,tokens,avg,104854.00
58,1780553484323170560,1780553485323170560,Usage Total Tokens,tokens,min,104854.00
58,1780553484323170560,1780553485323170560,Usage Total Tokens,tokens,max,104854.00
58,1780553484323170560,1780553485323170560,Usage Total Tokens,tokens,sum,104854.00
58,1780553484323170560,1780553485323170560,Usage Total Tokens,tokens,p1,104854.00
58,1780553484323170560,1780553485323170560,Usage Total Tokens,tokens,p5,104854.00
58,1780553484323170560,1780553485323170560,Usage Total Tokens,tokens,p10,104854.00
58,1780553484323170560,1780553485323170560,Usage Total Tokens,tokens,p25,104854.00
58,1780553484323170560,1780553485323170560,Usage Total Tokens,tokens,p50,104854.00
58,1780553484323170560,1780553485323170560,Usage Total Tokens,tokens,p75,104854.00
58,1780553484323170560,1780553485323170560,Usage Total Tokens,tokens,p90,104854.00
58,1780553484323170560,1780553485323170560,Usage Total Tokens,tokens,p95,104854.00
58,1780553484323170560,1780553485323170560,Usage Total Tokens,tokens,p99,104854.00
58,1780553484323170560,1780553485323170560,Usage Total Tokens,tokens,std,0.00
59,1780553505323170560,1780553506323170560,Active Decode Throughput,tokens/sec,avg,30.62
59,1780553505323170560,1780553506323170560,Active Decode Throughput,tokens/sec,min,15.03
59,1780553505323170560,1780553506323170560,Active Decode Throughput,tokens/sec,max,45.33
59,1780553505323170560,1780553506323170560,Active Decode Throughput,tokens/sec,p50,30.14
59,1780553505323170560,1780553506323170560,Active Decode Throughput,tokens/sec,p90,30.14
59,1780553505323170560,1780553506323170560,Active Decode Throughput,tokens/sec,p95,30.14
59,1780553505323170560,1780553506323170560,Active Decode Throughput,tokens/sec,p99,45.33
59,1780553505323170560,1780553506323170560,Active Decode Throughput,tokens/sec,std,2.65
59,1780553505323170560,1780553506323170560,Active Decode Throughput Per User,tokens/sec/user,avg,3.05
59,1780553505323170560,1780553506323170560,Active Decode Throughput Per User,tokens/sec/user,min,1.50
59,1780553505323170560,1780553506323170560,Active Decode Throughput Per User,tokens/sec/user,max,4.52
59,1780553505323170560,1780553506323170560,Active Decode Throughput Per User,tokens/sec/user,p50,3.01
59,1780553505323170560,1780553506323170560,Active Decode Throughput Per User,tokens/sec/user,p90,3.01
59,1780553505323170560,1780553506323170560,Active Decode Throughput Per User,tokens/sec/user,p95,3.01
59,1780553505323170560,1780553506323170560,Active Decode Throughput Per User,tokens/sec/user,p99,4.12
59,1780553505323170560,1780553506323170560,Active Decode Throughput Per User,tokens/sec/user,std,0.19
59,1780553505323170560,1780553506323170560,Active Prefill Throughput,tokens/sec,avg,5856.12
59,1780553505323170560,1780553506323170560,Active Prefill Throughput,tokens/sec,min,5603.76
59,1780553505323170560,1780553506323170560,Active Prefill Throughput,tokens/sec,max,6901.68
59,1780553505323170560,1780553506323170560,Active Prefill Throughput,tokens/sec,p50,5603.76
59,1780553505323170560,1780553506323170560,Active Prefill Throughput,tokens/sec,p90,6901.68
59,1780553505323170560,1780553506323170560,Active Prefill Throughput,tokens/sec,p95,6901.68
59,1780553505323170560,1780553506323170560,Active Prefill Throughput,tokens/sec,p99,6901.68
59,1780553505323170560,1780553506323170560,Active Prefill Throughput,tokens/sec,std,503.70
59,1780553505323170560,1780553506323170560,Active Prefill Throughput Per User,tokens/sec/user,avg,1399.73
59,1780553505323170560,1780553506323170560,Active Prefill Throughput Per User,tokens/sec/user,min,1380.34
59,1780553505323170560,1780553506323170560,Active Prefill Throughput Per User,tokens/sec/user,max,1484.52
59,1780553505323170560,1780553506323170560,Active Prefill Throughput Per User,tokens/sec/user,p50,1400.94
59,1780553505323170560,1780553506323170560,Active Prefill Throughput Per User,tokens/sec/user,p90,1400.94
59,1780553505323170560,1780553506323170560,Active Prefill Throughput Per User,tokens/sec/user,p95,1400.94
59,1780553505323170560,1780553506323170560,Active Prefill Throughput Per User,tokens/sec/user,p99,1484.52
59,1780553505323170560,1780553506323170560,Active Prefill Throughput Per User,tokens/sec/user,std,17.26
59,1780553505323170560,1780553506323170560,Active Total Throughput,tokens/sec,avg,5917.36
59,1780553505323170560,1780553506323170560,Active Total Throughput,tokens/sec,min,5664.53
59,1780553505323170560,1780553506323170560,Active Total Throughput,tokens/sec,max,6962.45
59,1780553505323170560,1780553506323170560,Active Total Throughput,tokens/sec,p50,5664.53
59,1780553505323170560,1780553506323170560,Active Total Throughput,tokens/sec,p90,6962.45
59,1780553505323170560,1780553506323170560,Active Total Throughput,tokens/sec,p95,6962.45
59,1780553505323170560,1780553506323170560,Active Total Throughput,tokens/sec,p99,6962.45
59,1780553505323170560,1780553506323170560,Active Total Throughput,tokens/sec,std,503.78
59,1780553505323170560,1780553506323170560,Benchmark Duration,sec,avg,68.24
59,1780553505323170560,1780553506323170560,E2E Output Token Throughput,tokens/sec/user,avg,0.09
59,1780553505323170560,1780553506323170560,E2E Output Token Throughput,tokens/sec/user,min,0.09
59,1780553505323170560,1780553506323170560,E2E Output Token Throughput,tokens/sec/user,max,0.09
59,1780553505323170560,1780553506323170560,E2E Output Token Throughput,tokens/sec/user,sum,0.09
59,1780553505323170560,1780553506323170560,E2E Output Token Throughput,tokens/sec/user,p1,0.09
59,1780553505323170560,1780553506323170560,E2E Output Token Throughput,tokens/sec/user,p5,0.09
59,1780553505323170560,1780553506323170560,E2E Output Token Throughput,tokens/sec/user,p10,0.09
59,1780553505323170560,1780553506323170560,E2E Output Token Throughput,tokens/sec/user,p25,0.09
59,1780553505323170560,1780553506323170560,E2E Output Token Throughput,tokens/sec/user,p50,0.09
59,1780553505323170560,1780553506323170560,E2E Output Token Throughput,tokens/sec/user,p75,0.09
59,1780553505323170560,1780553506323170560,E2E Output Token Throughput,tokens/sec/user,p90,0.09
59,1780553505323170560,1780553506323170560,E2E Output Token Throughput,tokens/sec/user,p95,0.09
59,1780553505323170560,1780553506323170560,E2E Output Token Throughput,tokens/sec/user,p99,0.09
59,1780553505323170560,1780553506323170560,E2E Output Token Throughput,tokens/sec/user,std,0.00
59,1780553505323170560,1780553506323170560,Effective Concurrency,requests,avg,14.22
59,1780553505323170560,1780553506323170560,Effective Concurrency,requests,min,14.00
59,1780553505323170560,1780553506323170560,Effective Concurrency,requests,max,15.00
59,1780553505323170560,1780553506323170560,Effective Concurrency,requests,p50,14.00
59,1780553505323170560,1780553506323170560,Effective Concurrency,requests,p90,15.00
59,1780553505323170560,1780553506323170560,Effective Concurrency,requests,p95,15.00
59,1780553505323170560,1780553506323170560,Effective Concurrency,requests,p99,15.00
59,1780553505323170560,1780553506323170560,Effective Concurrency,requests,std,0.41
59,1780553505323170560,1780553506323170560,Effective Decode Concurrency,requests,avg,10.03
59,1780553505323170560,1780553506323170560,Effective Decode Concurrency,requests,min,10.00
59,1780553505323170560,1780553506323170560,Effective Decode Concurrency,requests,max,11.00
59,1780553505323170560,1780553506323170560,Effective Decode Concurrency,requests,p50,10.00
59,1780553505323170560,1780553506323170560,Effective Decode Concurrency,requests,p90,10.00
59,1780553505323170560,1780553506323170560,Effective Decode Concurrency,requests,p95,10.00
59,1780553505323170560,1780553506323170560,Effective Decode Concurrency,requests,p99,11.00
59,1780553505323170560,1780553506323170560,Effective Decode Concurrency,requests,std,0.17
59,1780553505323170560,1780553506323170560,Effective Decode Throughput,tokens/sec,avg,30.62
59,1780553505323170560,1780553506323170560,Effective Decode Throughput,tokens/sec,min,15.03
59,1780553505323170560,1780553506323170560,Effective Decode Throughput,tokens/sec,max,45.33
59,1780553505323170560,1780553506323170560,Effective Decode Throughput,tokens/sec,p50,30.14
59,1780553505323170560,1780553506323170560,Effective Decode Throughput,tokens/sec,p90,30.14
59,1780553505323170560,1780553506323170560,Effective Decode Throughput,tokens/sec,p95,30.14
59,1780553505323170560,1780553506323170560,Effective Decode Throughput,tokens/sec,p99,45.33
59,1780553505323170560,1780553506323170560,Effective Decode Throughput,tokens/sec,std,2.65
59,1780553505323170560,1780553506323170560,Effective Decode Throughput Per User,tokens/sec/user,avg,3.05
59,1780553505323170560,1780553506323170560,Effective Decode Throughput Per User,tokens/sec/user,min,1.50
59,1780553505323170560,1780553506323170560,Effective Decode Throughput Per User,tokens/sec/user,max,4.52
59,1780553505323170560,1780553506323170560,Effective Decode Throughput Per User,tokens/sec/user,p50,3.01
59,1780553505323170560,1780553506323170560,Effective Decode Throughput Per User,tokens/sec/user,p90,3.01
59,1780553505323170560,1780553506323170560,Effective Decode Throughput Per User,tokens/sec/user,p95,3.01
59,1780553505323170560,1780553506323170560,Effective Decode Throughput Per User,tokens/sec/user,p99,4.12
59,1780553505323170560,1780553506323170560,Effective Decode Throughput Per User,tokens/sec/user,std,0.19
59,1780553505323170560,1780553506323170560,Effective Prefill Concurrency,requests,avg,4.19
59,1780553505323170560,1780553506323170560,Effective Prefill Concurrency,requests,min,4.00
59,1780553505323170560,1780553506323170560,Effective Prefill Concurrency,requests,max,5.00
59,1780553505323170560,1780553506323170560,Effective Prefill Concurrency,requests,p50,4.00
59,1780553505323170560,1780553506323170560,Effective Prefill Concurrency,requests,p90,5.00
59,1780553505323170560,1780553506323170560,Effective Prefill Concurrency,requests,p95,5.00
59,1780553505323170560,1780553506323170560,Effective Prefill Concurrency,requests,p99,5.00
59,1780553505323170560,1780553506323170560,Effective Prefill Concurrency,requests,std,0.39
59,1780553505323170560,1780553506323170560,Effective Prefill Throughput,tokens/sec,avg,5856.12
59,1780553505323170560,1780553506323170560,Effective Prefill Throughput,tokens/sec,min,5603.76
59,1780553505323170560,1780553506323170560,Effective Prefill Throughput,tokens/sec,max,6901.68
59,1780553505323170560,1780553506323170560,Effective Prefill Throughput,tokens/sec,p50,5603.76
59,1780553505323170560,1780553506323170560,Effective Prefill Throughput,tokens/sec,p90,6901.68
59,1780553505323170560,1780553506323170560,Effective Prefill Throughput,tokens/sec,p95,6901.68
59,1780553505323170560,1780553506323170560,Effective Prefill Throughput,tokens/sec,p99,6901.68
59,1780553505323170560,1780553506323170560,Effective Prefill Throughput,tokens/sec,std,503.70
59,1780553505323170560,1780553506323170560,Effective Prefill Throughput Per User,tokens/sec/user,avg,1399.73
59,1780553505323170560,1780553506323170560,Effective Prefill Throughput Per User,tokens/sec/user,min,1380.34
59,1780553505323170560,1780553506323170560,Effective Prefill Throughput Per User,tokens/sec/user,max,1484.52
59,1780553505323170560,1780553506323170560,Effective Prefill Throughput Per User,tokens/sec/user,p50,1400.94
59,1780553505323170560,1780553506323170560,Effective Prefill Throughput Per User,tokens/sec/user,p90,1400.94
59,1780553505323170560,1780553506323170560,Effective Prefill Throughput Per User,tokens/sec/user,p95,1400.94
59,1780553505323170560,1780553506323170560,Effective Prefill Throughput Per User,tokens/sec/user,p99,1484.52
59,1780553505323170560,1780553506323170560,Effective Prefill Throughput Per User,tokens/sec/user,std,17.26
59,1780553505323170560,1780553506323170560,Effective Total Throughput,tokens/sec,avg,5917.36
59,1780553505323170560,1780553506323170560,Effective Total Throughput,tokens/sec,min,5664.53
59,1780553505323170560,1780553506323170560,Effective Total Throughput,tokens/sec,max,6962.45
59,1780553505323170560,1780553506323170560,Effective Total Throughput,tokens/sec,p50,5664.53
59,1780553505323170560,1780553506323170560,Effective Total Throughput,tokens/sec,p90,6962.45
59,1780553505323170560,1780553506323170560,Effective Total Throughput,tokens/sec,p95,6962.45
59,1780553505323170560,1780553506323170560,Effective Total Throughput,tokens/sec,p99,6962.45
59,1780553505323170560,1780553506323170560,Effective Total Throughput,tokens/sec,std,503.78
59,1780553505323170560,1780553506323170560,HTTP Blocked,ms,avg,0.00
59,1780553505323170560,1780553506323170560,HTTP Blocked,ms,min,0.00
59,1780553505323170560,1780553506323170560,HTTP Blocked,ms,max,0.00
59,1780553505323170560,1780553506323170560,HTTP Blocked,ms,sum,0.00
59,1780553505323170560,1780553506323170560,HTTP Blocked,ms,p1,0.00
59,1780553505323170560,1780553506323170560,HTTP Blocked,ms,p5,0.00
59,1780553505323170560,1780553506323170560,HTTP Blocked,ms,p10,0.00
59,1780553505323170560,1780553506323170560,HTTP Blocked,ms,p25,0.00
59,1780553505323170560,1780553506323170560,HTTP Blocked,ms,p50,0.00
59,1780553505323170560,1780553506323170560,HTTP Blocked,ms,p75,0.00
59,1780553505323170560,1780553506323170560,HTTP Blocked,ms,p90,0.00
59,1780553505323170560,1780553506323170560,HTTP Blocked,ms,p95,0.00
59,1780553505323170560,1780553506323170560,HTTP Blocked,ms,p99,0.00
59,1780553505323170560,1780553506323170560,HTTP Blocked,ms,std,0.00
59,1780553505323170560,1780553506323170560,HTTP Chunks Received,count,avg,6.00
59,1780553505323170560,1780553506323170560,HTTP Chunks Received,count,min,6.00
59,1780553505323170560,1780553506323170560,HTTP Chunks Received,count,max,6.00
59,1780553505323170560,1780553506323170560,HTTP Chunks Received,count,sum,6.00
59,1780553505323170560,1780553506323170560,HTTP Chunks Received,count,p1,6.00
59,1780553505323170560,1780553506323170560,HTTP Chunks Received,count,p5,6.00
59,1780553505323170560,1780553506323170560,HTTP Chunks Received,count,p10,6.00
59,1780553505323170560,1780553506323170560,HTTP Chunks Received,count,p25,6.00
59,1780553505323170560,1780553506323170560,HTTP Chunks Received,count,p50,6.00
59,1780553505323170560,1780553506323170560,HTTP Chunks Received,count,p75,6.00
59,1780553505323170560,1780553506323170560,HTTP Chunks Received,count,p90,6.00
59,1780553505323170560,1780553506323170560,HTTP Chunks Received,count,p95,6.00
59,1780553505323170560,1780553506323170560,HTTP Chunks Received,count,p99,6.00
59,1780553505323170560,1780553506323170560,HTTP Chunks Received,count,std,0.00
59,1780553505323170560,1780553506323170560,HTTP Chunks Sent,count,avg,1.00
59,1780553505323170560,1780553506323170560,HTTP Chunks Sent,count,min,1.00
59,1780553505323170560,1780553506323170560,HTTP Chunks Sent,count,max,1.00
59,1780553505323170560,1780553506323170560,HTTP Chunks Sent,count,sum,1.00
59,1780553505323170560,1780553506323170560,HTTP Chunks Sent,count,p1,1.00
59,1780553505323170560,1780553506323170560,HTTP Chunks Sent,count,p5,1.00
59,1780553505323170560,1780553506323170560,HTTP Chunks Sent,count,p10,1.00
59,1780553505323170560,1780553506323170560,HTTP Chunks Sent,count,p25,1.00
59,1780553505323170560,1780553506323170560,HTTP Chunks Sent,count,p50,1.00
59,1780553505323170560,1780553506323170560,HTTP Chunks Sent,count,p75,1.00
59,1780553505323170560,1780553506323170560,HTTP Chunks Sent,count,p90,1.00
59,1780553505323170560,1780553506323170560,HTTP Chunks Sent,count,p95,1.00
59,1780553505323170560,1780553506323170560,HTTP Chunks Sent,count,p99,1.00
59,1780553505323170560,1780553506323170560,HTTP Chunks Sent,count,std,0.00
59,1780553505323170560,1780553506323170560,HTTP Connecting,ms,avg,0.71
59,1780553505323170560,1780553506323170560,HTTP Connecting,ms,min,0.71
59,1780553505323170560,1780553506323170560,HTTP Connecting,ms,max,0.71
59,1780553505323170560,1780553506323170560,HTTP Connecting,ms,sum,0.71
59,1780553505323170560,1780553506323170560,HTTP Connecting,ms,p1,0.71
59,1780553505323170560,1780553506323170560,HTTP Connecting,ms,p5,0.71
59,1780553505323170560,1780553506323170560,HTTP Connecting,ms,p10,0.71
59,1780553505323170560,1780553506323170560,HTTP Connecting,ms,p25,0.71
59,1780553505323170560,1780553506323170560,HTTP Connecting,ms,p50,0.71
59,1780553505323170560,1780553506323170560,HTTP Connecting,ms,p75,0.71
59,1780553505323170560,1780553506323170560,HTTP Connecting,ms,p90,0.71
59,1780553505323170560,1780553506323170560,HTTP Connecting,ms,p95,0.71
59,1780553505323170560,1780553506323170560,HTTP Connecting,ms,p99,0.71
59,1780553505323170560,1780553506323170560,HTTP Connecting,ms,std,0.00
59,1780553505323170560,1780553506323170560,HTTP Connection Overhead,ms,avg,0.71
59,1780553505323170560,1780553506323170560,HTTP Connection Overhead,ms,min,0.71
59,1780553505323170560,1780553506323170560,HTTP Connection Overhead,ms,max,0.71
59,1780553505323170560,1780553506323170560,HTTP Connection Overhead,ms,sum,0.71
59,1780553505323170560,1780553506323170560,HTTP Connection Overhead,ms,p1,0.71
59,1780553505323170560,1780553506323170560,HTTP Connection Overhead,ms,p5,0.71
59,1780553505323170560,1780553506323170560,HTTP Connection Overhead,ms,p10,0.71
59,1780553505323170560,1780553506323170560,HTTP Connection Overhead,ms,p25,0.71
59,1780553505323170560,1780553506323170560,HTTP Connection Overhead,ms,p50,0.71
59,1780553505323170560,1780553506323170560,HTTP Connection Overhead,ms,p75,0.71
59,1780553505323170560,1780553506323170560,HTTP Connection Overhead,ms,p90,0.71
59,1780553505323170560,1780553506323170560,HTTP Connection Overhead,ms,p95,0.71
59,1780553505323170560,1780553506323170560,HTTP Connection Overhead,ms,p99,0.71
59,1780553505323170560,1780553506323170560,HTTP Connection Overhead,ms,std,0.00
59,1780553505323170560,1780553506323170560,HTTP Connection Reused,ratio,avg,0.00
59,1780553505323170560,1780553506323170560,HTTP Connection Reused,ratio,min,0.00
59,1780553505323170560,1780553506323170560,HTTP Connection Reused,ratio,max,0.00
59,1780553505323170560,1780553506323170560,HTTP Connection Reused,ratio,sum,0.00
59,1780553505323170560,1780553506323170560,HTTP Connection Reused,ratio,p1,0.00
59,1780553505323170560,1780553506323170560,HTTP Connection Reused,ratio,p5,0.00
59,1780553505323170560,1780553506323170560,HTTP Connection Reused,ratio,p10,0.00
59,1780553505323170560,1780553506323170560,HTTP Connection Reused,ratio,p25,0.00
59,1780553505323170560,1780553506323170560,HTTP Connection Reused,ratio,p50,0.00
59,1780553505323170560,1780553506323170560,HTTP Connection Reused,ratio,p75,0.00
59,1780553505323170560,1780553506323170560,HTTP Connection Reused,ratio,p90,0.00
59,1780553505323170560,1780553506323170560,HTTP Connection Reused,ratio,p95,0.00
59,1780553505323170560,1780553506323170560,HTTP Connection Reused,ratio,p99,0.00
59,1780553505323170560,1780553506323170560,HTTP Connection Reused,ratio,std,0.00
59,1780553505323170560,1780553506323170560,HTTP Data Received,KB,avg,2.09
59,1780553505323170560,1780553506323170560,HTTP Data Received,KB,min,2.09
59,1780553505323170560,1780553506323170560,HTTP Data Received,KB,max,2.09
59,1780553505323170560,1780553506323170560,HTTP Data Received,KB,sum,2.09
59,1780553505323170560,1780553506323170560,HTTP Data Received,KB,p1,2.09
59,1780553505323170560,1780553506323170560,HTTP Data Received,KB,p5,2.09
59,1780553505323170560,1780553506323170560,HTTP Data Received,KB,p10,2.09
59,1780553505323170560,1780553506323170560,HTTP Data Received,KB,p25,2.09
59,1780553505323170560,1780553506323170560,HTTP Data Received,KB,p50,2.09
59,1780553505323170560,1780553506323170560,HTTP Data Received,KB,p75,2.09
59,1780553505323170560,1780553506323170560,HTTP Data Received,KB,p90,2.09
59,1780553505323170560,1780553506323170560,HTTP Data Received,KB,p95,2.09
59,1780553505323170560,1780553506323170560,HTTP Data Received,KB,p99,2.09
59,1780553505323170560,1780553506323170560,HTTP Data Received,KB,std,0.00
59,1780553505323170560,1780553506323170560,HTTP Data Sent,KB,avg,331.15
59,1780553505323170560,1780553506323170560,HTTP Data Sent,KB,min,331.15
59,1780553505323170560,1780553506323170560,HTTP Data Sent,KB,max,331.15
59,1780553505323170560,1780553506323170560,HTTP Data Sent,KB,sum,331.15
59,1780553505323170560,1780553506323170560,HTTP Data Sent,KB,p1,331.15
59,1780553505323170560,1780553506323170560,HTTP Data Sent,KB,p5,331.15
59,1780553505323170560,1780553506323170560,HTTP Data Sent,KB,p10,331.15
59,1780553505323170560,1780553506323170560,HTTP Data Sent,KB,p25,331.15
59,1780553505323170560,1780553506323170560,HTTP Data Sent,KB,p50,331.15
59,1780553505323170560,1780553506323170560,HTTP Data Sent,KB,p75,331.15
59,1780553505323170560,1780553506323170560,HTTP Data Sent,KB,p90,331.15
59,1780553505323170560,1780553506323170560,HTTP Data Sent,KB,p95,331.15
59,1780553505323170560,1780553506323170560,HTTP Data Sent,KB,p99,331.15
59,1780553505323170560,1780553506323170560,HTTP Data Sent,KB,std,0.00
59,1780553505323170560,1780553506323170560,HTTP DNS Lookup,ms,avg,0.00
59,1780553505323170560,1780553506323170560,HTTP DNS Lookup,ms,min,0.00
59,1780553505323170560,1780553506323170560,HTTP DNS Lookup,ms,max,0.00
59,1780553505323170560,1780553506323170560,HTTP DNS Lookup,ms,sum,0.00
59,1780553505323170560,1780553506323170560,HTTP DNS Lookup,ms,p1,0.00
59,1780553505323170560,1780553506323170560,HTTP DNS Lookup,ms,p5,0.00
59,1780553505323170560,1780553506323170560,HTTP DNS Lookup,ms,p10,0.00
59,1780553505323170560,1780553506323170560,HTTP DNS Lookup,ms,p25,0.00
59,1780553505323170560,1780553506323170560,HTTP DNS Lookup,ms,p50,0.00
59,1780553505323170560,1780553506323170560,HTTP DNS Lookup,ms,p75,0.00
59,1780553505323170560,1780553506323170560,HTTP DNS Lookup,ms,p90,0.00
59,1780553505323170560,1780553506323170560,HTTP DNS Lookup,ms,p95,0.00
59,1780553505323170560,1780553506323170560,HTTP DNS Lookup,ms,p99,0.00
59,1780553505323170560,1780553506323170560,HTTP DNS Lookup,ms,std,0.00
59,1780553505323170560,1780553506323170560,HTTP Duration (excl. conn),ms,avg,68236.20
59,1780553505323170560,1780553506323170560,HTTP Duration (excl. conn),ms,min,68236.20
59,1780553505323170560,1780553506323170560,HTTP Duration (excl. conn),ms,max,68236.20
59,1780553505323170560,1780553506323170560,HTTP Duration (excl. conn),ms,sum,68236.20
59,1780553505323170560,1780553506323170560,HTTP Duration (excl. conn),ms,p1,68236.20
59,1780553505323170560,1780553506323170560,HTTP Duration (excl. conn),ms,p5,68236.20
59,1780553505323170560,1780553506323170560,HTTP Duration (excl. conn),ms,p10,68236.20
59,1780553505323170560,1780553506323170560,HTTP Duration (excl. conn),ms,p25,68236.20
59,1780553505323170560,1780553506323170560,HTTP Duration (excl. conn),ms,p50,68236.20
59,1780553505323170560,1780553506323170560,HTTP Duration (excl. conn),ms,p75,68236.20
59,1780553505323170560,1780553506323170560,HTTP Duration (excl. conn),ms,p90,68236.20
59,1780553505323170560,1780553506323170560,HTTP Duration (excl. conn),ms,p95,68236.20
59,1780553505323170560,1780553506323170560,HTTP Duration (excl. conn),ms,p99,68236.20
59,1780553505323170560,1780553506323170560,HTTP Duration (excl. conn),ms,std,0.00
59,1780553505323170560,1780553506323170560,HTTP Receiving,ms,avg,2253.37
59,1780553505323170560,1780553506323170560,HTTP Receiving,ms,min,2253.37
59,1780553505323170560,1780553506323170560,HTTP Receiving,ms,max,2253.37
59,1780553505323170560,1780553506323170560,HTTP Receiving,ms,sum,2253.37
59,1780553505323170560,1780553506323170560,HTTP Receiving,ms,p1,2253.37
59,1780553505323170560,1780553506323170560,HTTP Receiving,ms,p5,2253.37
59,1780553505323170560,1780553506323170560,HTTP Receiving,ms,p10,2253.37
59,1780553505323170560,1780553506323170560,HTTP Receiving,ms,p25,2253.37
59,1780553505323170560,1780553506323170560,HTTP Receiving,ms,p50,2253.37
59,1780553505323170560,1780553506323170560,HTTP Receiving,ms,p75,2253.37
59,1780553505323170560,1780553506323170560,HTTP Receiving,ms,p90,2253.37
59,1780553505323170560,1780553506323170560,HTTP Receiving,ms,p95,2253.37
59,1780553505323170560,1780553506323170560,HTTP Receiving,ms,p99,2253.37
59,1780553505323170560,1780553506323170560,HTTP Receiving,ms,std,0.00
59,1780553505323170560,1780553506323170560,HTTP Sending,ms,avg,1.02
59,1780553505323170560,1780553506323170560,HTTP Sending,ms,min,1.02
59,1780553505323170560,1780553506323170560,HTTP Sending,ms,max,1.02
59,1780553505323170560,1780553506323170560,HTTP Sending,ms,sum,1.02
59,1780553505323170560,1780553506323170560,HTTP Sending,ms,p1,1.02
59,1780553505323170560,1780553506323170560,HTTP Sending,ms,p5,1.02
59,1780553505323170560,1780553506323170560,HTTP Sending,ms,p10,1.02
59,1780553505323170560,1780553506323170560,HTTP Sending,ms,p25,1.02
59,1780553505323170560,1780553506323170560,HTTP Sending,ms,p50,1.02
59,1780553505323170560,1780553506323170560,HTTP Sending,ms,p75,1.02
59,1780553505323170560,1780553506323170560,HTTP Sending,ms,p90,1.02
59,1780553505323170560,1780553506323170560,HTTP Sending,ms,p95,1.02
59,1780553505323170560,1780553506323170560,HTTP Sending,ms,p99,1.02
59,1780553505323170560,1780553506323170560,HTTP Sending,ms,std,0.00
59,1780553505323170560,1780553506323170560,HTTP Total Time,ms,avg,68236.90
59,1780553505323170560,1780553506323170560,HTTP Total Time,ms,min,68236.90
59,1780553505323170560,1780553506323170560,HTTP Total Time,ms,max,68236.90
59,1780553505323170560,1780553506323170560,HTTP Total Time,ms,sum,68236.90
59,1780553505323170560,1780553506323170560,HTTP Total Time,ms,p1,68236.90
59,1780553505323170560,1780553506323170560,HTTP Total Time,ms,p5,68236.90
59,1780553505323170560,1780553506323170560,HTTP Total Time,ms,p10,68236.90
59,1780553505323170560,1780553506323170560,HTTP Total Time,ms,p25,68236.90
59,1780553505323170560,1780553506323170560,HTTP Total Time,ms,p50,68236.90
59,1780553505323170560,1780553506323170560,HTTP Total Time,ms,p75,68236.90
59,1780553505323170560,1780553506323170560,HTTP Total Time,ms,p90,68236.90
59,1780553505323170560,1780553506323170560,HTTP Total Time,ms,p95,68236.90
59,1780553505323170560,1780553506323170560,HTTP Total Time,ms,p99,68236.90
59,1780553505323170560,1780553506323170560,HTTP Total Time,ms,std,0.00
59,1780553505323170560,1780553506323170560,HTTP Waiting (TTFB),ms,avg,65981.80
59,1780553505323170560,1780553506323170560,HTTP Waiting (TTFB),ms,min,65981.80
59,1780553505323170560,1780553506323170560,HTTP Waiting (TTFB),ms,max,65981.80
59,1780553505323170560,1780553506323170560,HTTP Waiting (TTFB),ms,sum,65981.80
59,1780553505323170560,1780553506323170560,HTTP Waiting (TTFB),ms,p1,65981.80
59,1780553505323170560,1780553506323170560,HTTP Waiting (TTFB),ms,p5,65981.80
59,1780553505323170560,1780553506323170560,HTTP Waiting (TTFB),ms,p10,65981.80
59,1780553505323170560,1780553506323170560,HTTP Waiting (TTFB),ms,p25,65981.80
59,1780553505323170560,1780553506323170560,HTTP Waiting (TTFB),ms,p50,65981.80
59,1780553505323170560,1780553506323170560,HTTP Waiting (TTFB),ms,p75,65981.80
59,1780553505323170560,1780553506323170560,HTTP Waiting (TTFB),ms,p90,65981.80
59,1780553505323170560,1780553506323170560,HTTP Waiting (TTFB),ms,p95,65981.80
59,1780553505323170560,1780553506323170560,HTTP Waiting (TTFB),ms,p99,65981.80
59,1780553505323170560,1780553506323170560,HTTP Waiting (TTFB),ms,std,0.00
59,1780553505323170560,1780553506323170560,Input Sequence Length,tokens,avg,85641.00
59,1780553505323170560,1780553506323170560,Input Sequence Length,tokens,min,85641.00
59,1780553505323170560,1780553506323170560,Input Sequence Length,tokens,max,85641.00
59,1780553505323170560,1780553506323170560,Input Sequence Length,tokens,sum,85641.00
59,1780553505323170560,1780553506323170560,Input Sequence Length,tokens,p1,85641.00
59,1780553505323170560,1780553506323170560,Input Sequence Length,tokens,p5,85641.00
59,1780553505323170560,1780553506323170560,Input Sequence Length,tokens,p10,85641.00
59,1780553505323170560,1780553506323170560,Input Sequence Length,tokens,p25,85641.00
59,1780553505323170560,1780553506323170560,Input Sequence Length,tokens,p50,85641.00
59,1780553505323170560,1780553506323170560,Input Sequence Length,tokens,p75,85641.00
59,1780553505323170560,1780553506323170560,Input Sequence Length,tokens,p90,85641.00
59,1780553505323170560,1780553506323170560,Input Sequence Length,tokens,p95,85641.00
59,1780553505323170560,1780553506323170560,Input Sequence Length,tokens,p99,85641.00
59,1780553505323170560,1780553506323170560,Input Sequence Length,tokens,std,0.00
59,1780553505323170560,1780553506323170560,Input Token Throughput,tokens/sec,avg,85641.00
59,1780553505323170560,1780553506323170560,Inter Chunk Latency,ms,avg,66.16
59,1780553505323170560,1780553506323170560,Inter Chunk Latency,ms,min,66.16
59,1780553505323170560,1780553506323170560,Inter Chunk Latency,ms,max,66.16
59,1780553505323170560,1780553506323170560,Inter Chunk Latency,ms,sum,330.78
59,1780553505323170560,1780553506323170560,Inter Chunk Latency,ms,p1,66.16
59,1780553505323170560,1780553506323170560,Inter Chunk Latency,ms,p5,66.16
59,1780553505323170560,1780553506323170560,Inter Chunk Latency,ms,p10,66.16
59,1780553505323170560,1780553506323170560,Inter Chunk Latency,ms,p25,66.16
59,1780553505323170560,1780553506323170560,Inter Chunk Latency,ms,p50,66.16
59,1780553505323170560,1780553506323170560,Inter Chunk Latency,ms,p75,66.16
59,1780553505323170560,1780553506323170560,Inter Chunk Latency,ms,p90,66.16
59,1780553505323170560,1780553506323170560,Inter Chunk Latency,ms,p95,66.16
59,1780553505323170560,1780553506323170560,Inter Chunk Latency,ms,p99,66.16
59,1780553505323170560,1780553506323170560,Inter Chunk Latency,ms,std,0.00
59,1780553505323170560,1780553506323170560,Inter Token Latency,ms,avg,450.67
59,1780553505323170560,1780553506323170560,Inter Token Latency,ms,min,450.67
59,1780553505323170560,1780553506323170560,Inter Token Latency,ms,max,450.67
59,1780553505323170560,1780553506323170560,Inter Token Latency,ms,sum,450.67
59,1780553505323170560,1780553506323170560,Inter Token Latency,ms,p1,450.67
59,1780553505323170560,1780553506323170560,Inter Token Latency,ms,p5,450.67
59,1780553505323170560,1780553506323170560,Inter Token Latency,ms,p10,450.67
59,1780553505323170560,1780553506323170560,Inter Token Latency,ms,p25,450.67
59,1780553505323170560,1780553506323170560,Inter Token Latency,ms,p50,450.67
59,1780553505323170560,1780553506323170560,Inter Token Latency,ms,p75,450.67
59,1780553505323170560,1780553506323170560,Inter Token Latency,ms,p90,450.67
59,1780553505323170560,1780553506323170560,Inter Token Latency,ms,p95,450.67
59,1780553505323170560,1780553506323170560,Inter Token Latency,ms,p99,450.67
59,1780553505323170560,1780553506323170560,Inter Token Latency,ms,std,0.00
59,1780553505323170560,1780553506323170560,Maximum Response Timestamp,ns,avg,1780553574341656320.00
59,1780553505323170560,1780553506323170560,Minimum Request Timestamp,ns,avg,1780553506105335296.00
59,1780553505323170560,1780553506323170560,OSL Mismatch Count,requests,avg,0.00
59,1780553505323170560,1780553506323170560,OSL Mismatch Diff %,%,avg,0.00
59,1780553505323170560,1780553506323170560,OSL Mismatch Diff %,%,min,0.00
59,1780553505323170560,1780553506323170560,OSL Mismatch Diff %,%,max,0.00
59,1780553505323170560,1780553506323170560,OSL Mismatch Diff %,%,sum,0.00
59,1780553505323170560,1780553506323170560,OSL Mismatch Diff %,%,p1,0.00
59,1780553505323170560,1780553506323170560,OSL Mismatch Diff %,%,p5,0.00
59,1780553505323170560,1780553506323170560,OSL Mismatch Diff %,%,p10,0.00
59,1780553505323170560,1780553506323170560,OSL Mismatch Diff %,%,p25,0.00
59,1780553505323170560,1780553506323170560,OSL Mismatch Diff %,%,p50,0.00
59,1780553505323170560,1780553506323170560,OSL Mismatch Diff %,%,p75,0.00
59,1780553505323170560,1780553506323170560,OSL Mismatch Diff %,%,p90,0.00
59,1780553505323170560,1780553506323170560,OSL Mismatch Diff %,%,p95,0.00
59,1780553505323170560,1780553506323170560,OSL Mismatch Diff %,%,p99,0.00
59,1780553505323170560,1780553506323170560,OSL Mismatch Diff %,%,std,0.00
59,1780553505323170560,1780553506323170560,Output Sequence Length,tokens,avg,6.00
59,1780553505323170560,1780553506323170560,Output Sequence Length,tokens,min,6.00
59,1780553505323170560,1780553506323170560,Output Sequence Length,tokens,max,6.00
59,1780553505323170560,1780553506323170560,Output Sequence Length,tokens,sum,6.00
59,1780553505323170560,1780553506323170560,Output Sequence Length,tokens,p1,6.00
59,1780553505323170560,1780553506323170560,Output Sequence Length,tokens,p5,6.00
59,1780553505323170560,1780553506323170560,Output Sequence Length,tokens,p10,6.00
59,1780553505323170560,1780553506323170560,Output Sequence Length,tokens,p25,6.00
59,1780553505323170560,1780553506323170560,Output Sequence Length,tokens,p50,6.00
59,1780553505323170560,1780553506323170560,Output Sequence Length,tokens,p75,6.00
59,1780553505323170560,1780553506323170560,Output Sequence Length,tokens,p90,6.00
59,1780553505323170560,1780553506323170560,Output Sequence Length,tokens,p95,6.00
59,1780553505323170560,1780553506323170560,Output Sequence Length,tokens,p99,6.00
59,1780553505323170560,1780553506323170560,Output Sequence Length,tokens,std,0.00
59,1780553505323170560,1780553506323170560,Output Token Count,tokens,avg,6.00
59,1780553505323170560,1780553506323170560,Output Token Count,tokens,min,6.00
59,1780553505323170560,1780553506323170560,Output Token Count,tokens,max,6.00
59,1780553505323170560,1780553506323170560,Output Token Count,tokens,sum,6.00
59,1780553505323170560,1780553506323170560,Output Token Count,tokens,p1,6.00
59,1780553505323170560,1780553506323170560,Output Token Count,tokens,p5,6.00
59,1780553505323170560,1780553506323170560,Output Token Count,tokens,p10,6.00
59,1780553505323170560,1780553506323170560,Output Token Count,tokens,p25,6.00
59,1780553505323170560,1780553506323170560,Output Token Count,tokens,p50,6.00
59,1780553505323170560,1780553506323170560,Output Token Count,tokens,p75,6.00
59,1780553505323170560,1780553506323170560,Output Token Count,tokens,p90,6.00
59,1780553505323170560,1780553506323170560,Output Token Count,tokens,p95,6.00
59,1780553505323170560,1780553506323170560,Output Token Count,tokens,p99,6.00
59,1780553505323170560,1780553506323170560,Output Token Count,tokens,std,0.00
59,1780553505323170560,1780553506323170560,Output Token Throughput,tokens/sec,avg,6.00
59,1780553505323170560,1780553506323170560,Output Token Throughput Per User,tokens/sec/user,avg,2.22
59,1780553505323170560,1780553506323170560,Output Token Throughput Per User,tokens/sec/user,min,2.22
59,1780553505323170560,1780553506323170560,Output Token Throughput Per User,tokens/sec/user,max,2.22
59,1780553505323170560,1780553506323170560,Output Token Throughput Per User,tokens/sec/user,sum,2.22
59,1780553505323170560,1780553506323170560,Output Token Throughput Per User,tokens/sec/user,p1,2.22
59,1780553505323170560,1780553506323170560,Output Token Throughput Per User,tokens/sec/user,p5,2.22
59,1780553505323170560,1780553506323170560,Output Token Throughput Per User,tokens/sec/user,p10,2.22
59,1780553505323170560,1780553506323170560,Output Token Throughput Per User,tokens/sec/user,p25,2.22
59,1780553505323170560,1780553506323170560,Output Token Throughput Per User,tokens/sec/user,p50,2.22
59,1780553505323170560,1780553506323170560,Output Token Throughput Per User,tokens/sec/user,p75,2.22
59,1780553505323170560,1780553506323170560,Output Token Throughput Per User,tokens/sec/user,p90,2.22
59,1780553505323170560,1780553506323170560,Output Token Throughput Per User,tokens/sec/user,p95,2.22
59,1780553505323170560,1780553506323170560,Output Token Throughput Per User,tokens/sec/user,p99,2.22
59,1780553505323170560,1780553506323170560,Output Token Throughput Per User,tokens/sec/user,std,0.00
59,1780553505323170560,1780553506323170560,Prefill Throughput Per User,tokens/sec/user,avg,1297.93
59,1780553505323170560,1780553506323170560,Prefill Throughput Per User,tokens/sec/user,min,1297.93
59,1780553505323170560,1780553506323170560,Prefill Throughput Per User,tokens/sec/user,max,1297.93
59,1780553505323170560,1780553506323170560,Prefill Throughput Per User,tokens/sec/user,sum,1297.93
59,1780553505323170560,1780553506323170560,Prefill Throughput Per User,tokens/sec/user,p1,1297.93
59,1780553505323170560,1780553506323170560,Prefill Throughput Per User,tokens/sec/user,p5,1297.93
59,1780553505323170560,1780553506323170560,Prefill Throughput Per User,tokens/sec/user,p10,1297.93
59,1780553505323170560,1780553506323170560,Prefill Throughput Per User,tokens/sec/user,p25,1297.93
59,1780553505323170560,1780553506323170560,Prefill Throughput Per User,tokens/sec/user,p50,1297.93
59,1780553505323170560,1780553506323170560,Prefill Throughput Per User,tokens/sec/user,p75,1297.93
59,1780553505323170560,1780553506323170560,Prefill Throughput Per User,tokens/sec/user,p90,1297.93
59,1780553505323170560,1780553506323170560,Prefill Throughput Per User,tokens/sec/user,p95,1297.93
59,1780553505323170560,1780553506323170560,Prefill Throughput Per User,tokens/sec/user,p99,1297.93
59,1780553505323170560,1780553506323170560,Prefill Throughput Per User,tokens/sec/user,std,0.00
59,1780553505323170560,1780553506323170560,Request Count,requests,avg,1.00
59,1780553505323170560,1780553506323170560,Request Latency,ms,avg,68236.32
59,1780553505323170560,1780553506323170560,Request Latency,ms,min,68236.32
59,1780553505323170560,1780553506323170560,Request Latency,ms,max,68236.32
59,1780553505323170560,1780553506323170560,Request Latency,ms,sum,68236.32
59,1780553505323170560,1780553506323170560,Request Latency,ms,p1,68236.32
59,1780553505323170560,1780553506323170560,Request Latency,ms,p5,68236.32
59,1780553505323170560,1780553506323170560,Request Latency,ms,p10,68236.32
59,1780553505323170560,1780553506323170560,Request Latency,ms,p25,68236.32
59,1780553505323170560,1780553506323170560,Request Latency,ms,p50,68236.32
59,1780553505323170560,1780553506323170560,Request Latency,ms,p75,68236.32
59,1780553505323170560,1780553506323170560,Request Latency,ms,p90,68236.32
59,1780553505323170560,1780553506323170560,Request Latency,ms,p95,68236.32
59,1780553505323170560,1780553506323170560,Request Latency,ms,p99,68236.32
59,1780553505323170560,1780553506323170560,Request Latency,ms,std,0.00
59,1780553505323170560,1780553506323170560,Request Throughput,requests/sec,avg,1.00
59,1780553505323170560,1780553506323170560,Requested OSL,tokens,avg,6.00
59,1780553505323170560,1780553506323170560,Requested OSL,tokens,min,6.00
59,1780553505323170560,1780553506323170560,Requested OSL,tokens,max,6.00
59,1780553505323170560,1780553506323170560,Requested OSL,tokens,sum,6.00
59,1780553505323170560,1780553506323170560,Requested OSL,tokens,p1,6.00
59,1780553505323170560,1780553506323170560,Requested OSL,tokens,p5,6.00
59,1780553505323170560,1780553506323170560,Requested OSL,tokens,p10,6.00
59,1780553505323170560,1780553506323170560,Requested OSL,tokens,p25,6.00
59,1780553505323170560,1780553506323170560,Requested OSL,tokens,p50,6.00
59,1780553505323170560,1780553506323170560,Requested OSL,tokens,p75,6.00
59,1780553505323170560,1780553506323170560,Requested OSL,tokens,p90,6.00
59,1780553505323170560,1780553506323170560,Requested OSL,tokens,p95,6.00
59,1780553505323170560,1780553506323170560,Requested OSL,tokens,p99,6.00
59,1780553505323170560,1780553506323170560,Requested OSL,tokens,std,0.00
59,1780553505323170560,1780553506323170560,Time to First Output Token,ms,avg,65982.95
59,1780553505323170560,1780553506323170560,Time to First Output Token,ms,min,65982.95
59,1780553505323170560,1780553506323170560,Time to First Output Token,ms,max,65982.95
59,1780553505323170560,1780553506323170560,Time to First Output Token,ms,sum,65982.95
59,1780553505323170560,1780553506323170560,Time to First Output Token,ms,p1,65982.95
59,1780553505323170560,1780553506323170560,Time to First Output Token,ms,p5,65982.95
59,1780553505323170560,1780553506323170560,Time to First Output Token,ms,p10,65982.95
59,1780553505323170560,1780553506323170560,Time to First Output Token,ms,p25,65982.95
59,1780553505323170560,1780553506323170560,Time to First Output Token,ms,p50,65982.95
59,1780553505323170560,1780553506323170560,Time to First Output Token,ms,p75,65982.95
59,1780553505323170560,1780553506323170560,Time to First Output Token,ms,p90,65982.95
59,1780553505323170560,1780553506323170560,Time to First Output Token,ms,p95,65982.95
59,1780553505323170560,1780553506323170560,Time to First Output Token,ms,p99,65982.95
59,1780553505323170560,1780553506323170560,Time to First Output Token,ms,std,0.00
59,1780553505323170560,1780553506323170560,Time to First Token,ms,avg,65982.95
59,1780553505323170560,1780553506323170560,Time to First Token,ms,min,65982.95
59,1780553505323170560,1780553506323170560,Time to First Token,ms,max,65982.95
59,1780553505323170560,1780553506323170560,Time to First Token,ms,sum,65982.95
59,1780553505323170560,1780553506323170560,Time to First Token,ms,p1,65982.95
59,1780553505323170560,1780553506323170560,Time to First Token,ms,p5,65982.95
59,1780553505323170560,1780553506323170560,Time to First Token,ms,p10,65982.95
59,1780553505323170560,1780553506323170560,Time to First Token,ms,p25,65982.95
59,1780553505323170560,1780553506323170560,Time to First Token,ms,p50,65982.95
59,1780553505323170560,1780553506323170560,Time to First Token,ms,p75,65982.95
59,1780553505323170560,1780553506323170560,Time to First Token,ms,p90,65982.95
59,1780553505323170560,1780553506323170560,Time to First Token,ms,p95,65982.95
59,1780553505323170560,1780553506323170560,Time to First Token,ms,p99,65982.95
59,1780553505323170560,1780553506323170560,Time to First Token,ms,std,0.00
59,1780553505323170560,1780553506323170560,Time to Second Token,ms,avg,186.34
59,1780553505323170560,1780553506323170560,Time to Second Token,ms,min,186.34
59,1780553505323170560,1780553506323170560,Time to Second Token,ms,max,186.34
59,1780553505323170560,1780553506323170560,Time to Second Token,ms,sum,186.34
59,1780553505323170560,1780553506323170560,Time to Second Token,ms,p1,186.34
59,1780553505323170560,1780553506323170560,Time to Second Token,ms,p5,186.34
59,1780553505323170560,1780553506323170560,Time to Second Token,ms,p10,186.34
59,1780553505323170560,1780553506323170560,Time to Second Token,ms,p25,186.34
59,1780553505323170560,1780553506323170560,Time to Second Token,ms,p50,186.34
59,1780553505323170560,1780553506323170560,Time to Second Token,ms,p75,186.34
59,1780553505323170560,1780553506323170560,Time to Second Token,ms,p90,186.34
59,1780553505323170560,1780553506323170560,Time to Second Token,ms,p95,186.34
59,1780553505323170560,1780553506323170560,Time to Second Token,ms,p99,186.34
59,1780553505323170560,1780553506323170560,Time to Second Token,ms,std,0.00
59,1780553505323170560,1780553506323170560,Tokens In Flight,tokens,avg,1665343.23
59,1780553505323170560,1780553506323170560,Tokens In Flight,tokens,min,1646673.00
59,1780553505323170560,1780553506323170560,Tokens In Flight,tokens,max,1732345.00
59,1780553505323170560,1780553506323170560,Tokens In Flight,tokens,p50,1646687.00
59,1780553505323170560,1780553506323170560,Tokens In Flight,tokens,p90,1732340.00
59,1780553505323170560,1780553506323170560,Tokens In Flight,tokens,p95,1732342.00
59,1780553505323170560,1780553506323170560,Tokens In Flight,tokens,p99,1732345.00
59,1780553505323170560,1780553506323170560,Tokens In Flight,tokens,std,35356.75
59,1780553505323170560,1780553506323170560,Total Input Sequence Length,tokens,avg,85641.00
59,1780553505323170560,1780553506323170560,Total Output Sequence Length,tokens,avg,6.00
59,1780553505323170560,1780553506323170560,Total Output Tokens,tokens,avg,6.00
59,1780553505323170560,1780553506323170560,Total Token Throughput,tokens/sec,avg,85647.00
59,1780553505323170560,1780553506323170560,Total Usage Completion Tokens,tokens,avg,6.00
59,1780553505323170560,1780553506323170560,Total Usage Prompt Tokens,tokens,avg,85641.00
59,1780553505323170560,1780553506323170560,Total Usage Total Tokens,tokens,avg,85647.00
59,1780553505323170560,1780553506323170560,Usage Completion Tokens,tokens,avg,6.00
59,1780553505323170560,1780553506323170560,Usage Completion Tokens,tokens,min,6.00
59,1780553505323170560,1780553506323170560,Usage Completion Tokens,tokens,max,6.00
59,1780553505323170560,1780553506323170560,Usage Completion Tokens,tokens,sum,6.00
59,1780553505323170560,1780553506323170560,Usage Completion Tokens,tokens,p1,6.00
59,1780553505323170560,1780553506323170560,Usage Completion Tokens,tokens,p5,6.00
59,1780553505323170560,1780553506323170560,Usage Completion Tokens,tokens,p10,6.00
59,1780553505323170560,1780553506323170560,Usage Completion Tokens,tokens,p25,6.00
59,1780553505323170560,1780553506323170560,Usage Completion Tokens,tokens,p50,6.00
59,1780553505323170560,1780553506323170560,Usage Completion Tokens,tokens,p75,6.00
59,1780553505323170560,1780553506323170560,Usage Completion Tokens,tokens,p90,6.00
59,1780553505323170560,1780553506323170560,Usage Completion Tokens,tokens,p95,6.00
59,1780553505323170560,1780553506323170560,Usage Completion Tokens,tokens,p99,6.00
59,1780553505323170560,1780553506323170560,Usage Completion Tokens,tokens,std,0.00
59,1780553505323170560,1780553506323170560,Usage Prompt Tokens,tokens,avg,85641.00
59,1780553505323170560,1780553506323170560,Usage Prompt Tokens,tokens,min,85641.00
59,1780553505323170560,1780553506323170560,Usage Prompt Tokens,tokens,max,85641.00
59,1780553505323170560,1780553506323170560,Usage Prompt Tokens,tokens,sum,85641.00
59,1780553505323170560,1780553506323170560,Usage Prompt Tokens,tokens,p1,85641.00
59,1780553505323170560,1780553506323170560,Usage Prompt Tokens,tokens,p5,85641.00
59,1780553505323170560,1780553506323170560,Usage Prompt Tokens,tokens,p10,85641.00
59,1780553505323170560,1780553506323170560,Usage Prompt Tokens,tokens,p25,85641.00
59,1780553505323170560,1780553506323170560,Usage Prompt Tokens,tokens,p50,85641.00
59,1780553505323170560,1780553506323170560,Usage Prompt Tokens,tokens,p75,85641.00
59,1780553505323170560,1780553506323170560,Usage Prompt Tokens,tokens,p90,85641.00
59,1780553505323170560,1780553506323170560,Usage Prompt Tokens,tokens,p95,85641.00
59,1780553505323170560,1780553506323170560,Usage Prompt Tokens,tokens,p99,85641.00
59,1780553505323170560,1780553506323170560,Usage Prompt Tokens,tokens,std,0.00
59,1780553505323170560,1780553506323170560,Usage Total Tokens,tokens,avg,85647.00
59,1780553505323170560,1780553506323170560,Usage Total Tokens,tokens,min,85647.00
59,1780553505323170560,1780553506323170560,Usage Total Tokens,tokens,max,85647.00
59,1780553505323170560,1780553506323170560,Usage Total Tokens,tokens,sum,85647.00
59,1780553505323170560,1780553506323170560,Usage Total Tokens,tokens,p1,85647.00
59,1780553505323170560,1780553506323170560,Usage Total Tokens,tokens,p5,85647.00
59,1780553505323170560,1780553506323170560,Usage Total Tokens,tokens,p10,85647.00
59,1780553505323170560,1780553506323170560,Usage Total Tokens,tokens,p25,85647.00
59,1780553505323170560,1780553506323170560,Usage Total Tokens,tokens,p50,85647.00
59,1780553505323170560,1780553506323170560,Usage Total Tokens,tokens,p75,85647.00
59,1780553505323170560,1780553506323170560,Usage Total Tokens,tokens,p90,85647.00
59,1780553505323170560,1780553506323170560,Usage Total Tokens,tokens,p95,85647.00
59,1780553505323170560,1780553506323170560,Usage Total Tokens,tokens,p99,85647.00
59,1780553505323170560,1780553506323170560,Usage Total Tokens,tokens,std,0.00
60,1780553508323170560,1780553509323170560,Active Decode Throughput,tokens/sec,avg,45.33
60,1780553508323170560,1780553509323170560,Active Decode Throughput,tokens/sec,min,30.14
60,1780553508323170560,1780553509323170560,Active Decode Throughput,tokens/sec,max,60.52
60,1780553508323170560,1780553509323170560,Active Decode Throughput,tokens/sec,p50,45.33
60,1780553508323170560,1780553509323170560,Active Decode Throughput,tokens/sec,p90,45.33
60,1780553508323170560,1780553509323170560,Active Decode Throughput,tokens/sec,p95,45.33
60,1780553508323170560,1780553509323170560,Active Decode Throughput,tokens/sec,p99,45.33
60,1780553508323170560,1780553509323170560,Active Decode Throughput,tokens/sec,std,0.02
60,1780553508323170560,1780553509323170560,Active Decode Throughput Per User,tokens/sec/user,avg,4.12
60,1780553508323170560,1780553509323170560,Active Decode Throughput Per User,tokens/sec/user,min,2.74
60,1780553508323170560,1780553509323170560,Active Decode Throughput Per User,tokens/sec/user,max,5.50
60,1780553508323170560,1780553509323170560,Active Decode Throughput Per User,tokens/sec/user,p50,4.12
60,1780553508323170560,1780553509323170560,Active Decode Throughput Per User,tokens/sec/user,p90,4.12
60,1780553508323170560,1780553509323170560,Active Decode Throughput Per User,tokens/sec/user,p95,4.12
60,1780553508323170560,1780553509323170560,Active Decode Throughput Per User,tokens/sec/user,p99,4.12
60,1780553508323170560,1780553509323170560,Active Decode Throughput Per User,tokens/sec/user,std,0.00
60,1780553508323170560,1780553509323170560,Active Prefill Throughput,tokens/sec,avg,6096.12
60,1780553508323170560,1780553509323170560,Active Prefill Throughput,tokens/sec,min,5938.06
60,1780553508323170560,1780553509323170560,Active Prefill Throughput,tokens/sec,max,6710.48
60,1780553508323170560,1780553509323170560,Active Prefill Throughput,tokens/sec,p50,5938.06
60,1780553508323170560,1780553509323170560,Active Prefill Throughput,tokens/sec,p90,6710.48
60,1780553508323170560,1780553509323170560,Active Prefill Throughput,tokens/sec,p95,6710.48
60,1780553508323170560,1780553509323170560,Active Prefill Throughput,tokens/sec,p99,6710.48
60,1780553508323170560,1780553509323170560,Active Prefill Throughput,tokens/sec,std,311.62
60,1780553508323170560,1780553509323170560,Active Prefill Throughput Per User,tokens/sec/user,avg,1455.37
60,1780553508323170560,1780553509323170560,Active Prefill Throughput Per User,tokens/sec/user,min,1342.10
60,1780553508323170560,1780553509323170560,Active Prefill Throughput Per User,tokens/sec/user,max,1484.52
60,1780553508323170560,1780553509323170560,Active Prefill Throughput Per User,tokens/sec/user,p50,1484.52
60,1780553508323170560,1780553509323170560,Active Prefill Throughput Per User,tokens/sec/user,p90,1484.52
60,1780553508323170560,1780553509323170560,Active Prefill Throughput Per User,tokens/sec/user,p95,1484.52
60,1780553508323170560,1780553509323170560,Active Prefill Throughput Per User,tokens/sec/user,p99,1484.52
60,1780553508323170560,1780553509323170560,Active Prefill Throughput Per User,tokens/sec/user,std,57.46
60,1780553508323170560,1780553509323170560,Active Total Throughput,tokens/sec,avg,6171.69
60,1780553508323170560,1780553509323170560,Active Total Throughput,tokens/sec,min,6013.63
60,1780553508323170560,1780553509323170560,Active Total Throughput,tokens/sec,max,6786.05
60,1780553508323170560,1780553509323170560,Active Total Throughput,tokens/sec,p50,6013.63
60,1780553508323170560,1780553509323170560,Active Total Throughput,tokens/sec,p90,6786.05
60,1780553508323170560,1780553509323170560,Active Total Throughput,tokens/sec,p95,6786.05
60,1780553508323170560,1780553509323170560,Active Total Throughput,tokens/sec,p99,6786.05
60,1780553508323170560,1780553509323170560,Active Total Throughput,tokens/sec,std,311.62
60,1780553508323170560,1780553509323170560,Benchmark Duration,sec,avg,184.43
60,1780553508323170560,1780553509323170560,E2E Output Token Throughput,tokens/sec/user,avg,3.00
60,1780553508323170560,1780553509323170560,E2E Output Token Throughput,tokens/sec/user,min,3.00
60,1780553508323170560,1780553509323170560,E2E Output Token Throughput,tokens/sec/user,max,3.00
60,1780553508323170560,1780553509323170560,E2E Output Token Throughput,tokens/sec/user,sum,3.00
60,1780553508323170560,1780553509323170560,E2E Output Token Throughput,tokens/sec/user,p1,3.00
60,1780553508323170560,1780553509323170560,E2E Output Token Throughput,tokens/sec/user,p5,3.00
60,1780553508323170560,1780553509323170560,E2E Output Token Throughput,tokens/sec/user,p10,3.00
60,1780553508323170560,1780553509323170560,E2E Output Token Throughput,tokens/sec/user,p25,3.00
60,1780553508323170560,1780553509323170560,E2E Output Token Throughput,tokens/sec/user,p50,3.00
60,1780553508323170560,1780553509323170560,E2E Output Token Throughput,tokens/sec/user,p75,3.00
60,1780553508323170560,1780553509323170560,E2E Output Token Throughput,tokens/sec/user,p90,3.00
60,1780553508323170560,1780553509323170560,E2E Output Token Throughput,tokens/sec/user,p95,3.00
60,1780553508323170560,1780553509323170560,E2E Output Token Throughput,tokens/sec/user,p99,3.00
60,1780553508323170560,1780553509323170560,E2E Output Token Throughput,tokens/sec/user,std,0.00
60,1780553508323170560,1780553509323170560,Effective Concurrency,requests,avg,15.20
60,1780553508323170560,1780553509323170560,Effective Concurrency,requests,min,15.00
60,1780553508323170560,1780553509323170560,Effective Concurrency,requests,max,16.00
60,1780553508323170560,1780553509323170560,Effective Concurrency,requests,p50,15.00
60,1780553508323170560,1780553509323170560,Effective Concurrency,requests,p90,16.00
60,1780553508323170560,1780553509323170560,Effective Concurrency,requests,p95,16.00
60,1780553508323170560,1780553509323170560,Effective Concurrency,requests,p99,16.00
60,1780553508323170560,1780553509323170560,Effective Concurrency,requests,std,0.40
60,1780553508323170560,1780553509323170560,Effective Decode Concurrency,requests,avg,11.00
60,1780553508323170560,1780553509323170560,Effective Decode Concurrency,requests,min,11.00
60,1780553508323170560,1780553509323170560,Effective Decode Concurrency,requests,max,11.00
60,1780553508323170560,1780553509323170560,Effective Decode Concurrency,requests,p50,11.00
60,1780553508323170560,1780553509323170560,Effective Decode Concurrency,requests,p90,11.00
60,1780553508323170560,1780553509323170560,Effective Decode Concurrency,requests,p95,11.00
60,1780553508323170560,1780553509323170560,Effective Decode Concurrency,requests,p99,11.00
60,1780553508323170560,1780553509323170560,Effective Decode Concurrency,requests,std,0.00
60,1780553508323170560,1780553509323170560,Effective Decode Throughput,tokens/sec,avg,45.33
60,1780553508323170560,1780553509323170560,Effective Decode Throughput,tokens/sec,min,30.14
60,1780553508323170560,1780553509323170560,Effective Decode Throughput,tokens/sec,max,60.52
60,1780553508323170560,1780553509323170560,Effective Decode Throughput,tokens/sec,p50,45.33
60,1780553508323170560,1780553509323170560,Effective Decode Throughput,tokens/sec,p90,45.33
60,1780553508323170560,1780553509323170560,Effective Decode Throughput,tokens/sec,p95,45.33
60,1780553508323170560,1780553509323170560,Effective Decode Throughput,tokens/sec,p99,45.33
60,1780553508323170560,1780553509323170560,Effective Decode Throughput,tokens/sec,std,0.02
60,1780553508323170560,1780553509323170560,Effective Decode Throughput Per User,tokens/sec/user,avg,4.12
60,1780553508323170560,1780553509323170560,Effective Decode Throughput Per User,tokens/sec/user,min,2.74
60,1780553508323170560,1780553509323170560,Effective Decode Throughput Per User,tokens/sec/user,max,5.50
60,1780553508323170560,1780553509323170560,Effective Decode Throughput Per User,tokens/sec/user,p50,4.12
60,1780553508323170560,1780553509323170560,Effective Decode Throughput Per User,tokens/sec/user,p90,4.12
60,1780553508323170560,1780553509323170560,Effective Decode Throughput Per User,tokens/sec/user,p95,4.12
60,1780553508323170560,1780553509323170560,Effective Decode Throughput Per User,tokens/sec/user,p99,4.12
60,1780553508323170560,1780553509323170560,Effective Decode Throughput Per User,tokens/sec/user,std,0.00
60,1780553508323170560,1780553509323170560,Effective Prefill Concurrency,requests,avg,4.20
60,1780553508323170560,1780553509323170560,Effective Prefill Concurrency,requests,min,4.00
60,1780553508323170560,1780553509323170560,Effective Prefill Concurrency,requests,max,5.00
60,1780553508323170560,1780553509323170560,Effective Prefill Concurrency,requests,p50,4.00
60,1780553508323170560,1780553509323170560,Effective Prefill Concurrency,requests,p90,5.00
60,1780553508323170560,1780553509323170560,Effective Prefill Concurrency,requests,p95,5.00
60,1780553508323170560,1780553509323170560,Effective Prefill Concurrency,requests,p99,5.00
60,1780553508323170560,1780553509323170560,Effective Prefill Concurrency,requests,std,0.40
60,1780553508323170560,1780553509323170560,Effective Prefill Throughput,tokens/sec,avg,6096.12
60,1780553508323170560,1780553509323170560,Effective Prefill Throughput,tokens/sec,min,5938.06
60,1780553508323170560,1780553509323170560,Effective Prefill Throughput,tokens/sec,max,6710.48
60,1780553508323170560,1780553509323170560,Effective Prefill Throughput,tokens/sec,p50,5938.06
60,1780553508323170560,1780553509323170560,Effective Prefill Throughput,tokens/sec,p90,6710.48
60,1780553508323170560,1780553509323170560,Effective Prefill Throughput,tokens/sec,p95,6710.48
60,1780553508323170560,1780553509323170560,Effective Prefill Throughput,tokens/sec,p99,6710.48
60,1780553508323170560,1780553509323170560,Effective Prefill Throughput,tokens/sec,std,311.62
60,1780553508323170560,1780553509323170560,Effective Prefill Throughput Per User,tokens/sec/user,avg,1455.37
60,1780553508323170560,1780553509323170560,Effective Prefill Throughput Per User,tokens/sec/user,min,1342.10
60,1780553508323170560,1780553509323170560,Effective Prefill Throughput Per User,tokens/sec/user,max,1484.52
60,1780553508323170560,1780553509323170560,Effective Prefill Throughput Per User,tokens/sec/user,p50,1484.52
60,1780553508323170560,1780553509323170560,Effective Prefill Throughput Per User,tokens/sec/user,p90,1484.52
60,1780553508323170560,1780553509323170560,Effective Prefill Throughput Per User,tokens/sec/user,p95,1484.52
60,1780553508323170560,1780553509323170560,Effective Prefill Throughput Per User,tokens/sec/user,p99,1484.52
60,1780553508323170560,1780553509323170560,Effective Prefill Throughput Per User,tokens/sec/user,std,57.46
60,1780553508323170560,1780553509323170560,Effective Total Throughput,tokens/sec,avg,6171.69
60,1780553508323170560,1780553509323170560,Effective Total Throughput,tokens/sec,min,6013.63
60,1780553508323170560,1780553509323170560,Effective Total Throughput,tokens/sec,max,6786.05
60,1780553508323170560,1780553509323170560,Effective Total Throughput,tokens/sec,p50,6013.63
60,1780553508323170560,1780553509323170560,Effective Total Throughput,tokens/sec,p90,6786.05
60,1780553508323170560,1780553509323170560,Effective Total Throughput,tokens/sec,p95,6786.05
60,1780553508323170560,1780553509323170560,Effective Total Throughput,tokens/sec,p99,6786.05
60,1780553508323170560,1780553509323170560,Effective Total Throughput,tokens/sec,std,311.62
60,1780553508323170560,1780553509323170560,HTTP Blocked,ms,avg,0.00
60,1780553508323170560,1780553509323170560,HTTP Blocked,ms,min,0.00
60,1780553508323170560,1780553509323170560,HTTP Blocked,ms,max,0.00
60,1780553508323170560,1780553509323170560,HTTP Blocked,ms,sum,0.00
60,1780553508323170560,1780553509323170560,HTTP Blocked,ms,p1,0.00
60,1780553508323170560,1780553509323170560,HTTP Blocked,ms,p5,0.00
60,1780553508323170560,1780553509323170560,HTTP Blocked,ms,p10,0.00
60,1780553508323170560,1780553509323170560,HTTP Blocked,ms,p25,0.00
60,1780553508323170560,1780553509323170560,HTTP Blocked,ms,p50,0.00
60,1780553508323170560,1780553509323170560,HTTP Blocked,ms,p75,0.00
60,1780553508323170560,1780553509323170560,HTTP Blocked,ms,p90,0.00
60,1780553508323170560,1780553509323170560,HTTP Blocked,ms,p95,0.00
60,1780553508323170560,1780553509323170560,HTTP Blocked,ms,p99,0.00
60,1780553508323170560,1780553509323170560,HTTP Blocked,ms,std,0.00
60,1780553508323170560,1780553509323170560,HTTP Chunks Received,count,avg,554.00
60,1780553508323170560,1780553509323170560,HTTP Chunks Received,count,min,554.00
60,1780553508323170560,1780553509323170560,HTTP Chunks Received,count,max,554.00
60,1780553508323170560,1780553509323170560,HTTP Chunks Received,count,sum,554.00
60,1780553508323170560,1780553509323170560,HTTP Chunks Received,count,p1,554.00
60,1780553508323170560,1780553509323170560,HTTP Chunks Received,count,p5,554.00
60,1780553508323170560,1780553509323170560,HTTP Chunks Received,count,p10,554.00
60,1780553508323170560,1780553509323170560,HTTP Chunks Received,count,p25,554.00
60,1780553508323170560,1780553509323170560,HTTP Chunks Received,count,p50,554.00
60,1780553508323170560,1780553509323170560,HTTP Chunks Received,count,p75,554.00
60,1780553508323170560,1780553509323170560,HTTP Chunks Received,count,p90,554.00
60,1780553508323170560,1780553509323170560,HTTP Chunks Received,count,p95,554.00
60,1780553508323170560,1780553509323170560,HTTP Chunks Received,count,p99,554.00
60,1780553508323170560,1780553509323170560,HTTP Chunks Received,count,std,0.00
60,1780553508323170560,1780553509323170560,HTTP Chunks Sent,count,avg,1.00
60,1780553508323170560,1780553509323170560,HTTP Chunks Sent,count,min,1.00
60,1780553508323170560,1780553509323170560,HTTP Chunks Sent,count,max,1.00
60,1780553508323170560,1780553509323170560,HTTP Chunks Sent,count,sum,1.00
60,1780553508323170560,1780553509323170560,HTTP Chunks Sent,count,p1,1.00
60,1780553508323170560,1780553509323170560,HTTP Chunks Sent,count,p5,1.00
60,1780553508323170560,1780553509323170560,HTTP Chunks Sent,count,p10,1.00
60,1780553508323170560,1780553509323170560,HTTP Chunks Sent,count,p25,1.00
60,1780553508323170560,1780553509323170560,HTTP Chunks Sent,count,p50,1.00
60,1780553508323170560,1780553509323170560,HTTP Chunks Sent,count,p75,1.00
60,1780553508323170560,1780553509323170560,HTTP Chunks Sent,count,p90,1.00
60,1780553508323170560,1780553509323170560,HTTP Chunks Sent,count,p95,1.00
60,1780553508323170560,1780553509323170560,HTTP Chunks Sent,count,p99,1.00
60,1780553508323170560,1780553509323170560,HTTP Chunks Sent,count,std,0.00
60,1780553508323170560,1780553509323170560,HTTP Connecting,ms,avg,0.75
60,1780553508323170560,1780553509323170560,HTTP Connecting,ms,min,0.75
60,1780553508323170560,1780553509323170560,HTTP Connecting,ms,max,0.75
60,1780553508323170560,1780553509323170560,HTTP Connecting,ms,sum,0.75
60,1780553508323170560,1780553509323170560,HTTP Connecting,ms,p1,0.75
60,1780553508323170560,1780553509323170560,HTTP Connecting,ms,p5,0.75
60,1780553508323170560,1780553509323170560,HTTP Connecting,ms,p10,0.75
60,1780553508323170560,1780553509323170560,HTTP Connecting,ms,p25,0.75
60,1780553508323170560,1780553509323170560,HTTP Connecting,ms,p50,0.75
60,1780553508323170560,1780553509323170560,HTTP Connecting,ms,p75,0.75
60,1780553508323170560,1780553509323170560,HTTP Connecting,ms,p90,0.75
60,1780553508323170560,1780553509323170560,HTTP Connecting,ms,p95,0.75
60,1780553508323170560,1780553509323170560,HTTP Connecting,ms,p99,0.75
60,1780553508323170560,1780553509323170560,HTTP Connecting,ms,std,0.00
60,1780553508323170560,1780553509323170560,HTTP Connection Overhead,ms,avg,0.75
60,1780553508323170560,1780553509323170560,HTTP Connection Overhead,ms,min,0.75
60,1780553508323170560,1780553509323170560,HTTP Connection Overhead,ms,max,0.75
60,1780553508323170560,1780553509323170560,HTTP Connection Overhead,ms,sum,0.75
60,1780553508323170560,1780553509323170560,HTTP Connection Overhead,ms,p1,0.75
60,1780553508323170560,1780553509323170560,HTTP Connection Overhead,ms,p5,0.75
60,1780553508323170560,1780553509323170560,HTTP Connection Overhead,ms,p10,0.75
60,1780553508323170560,1780553509323170560,HTTP Connection Overhead,ms,p25,0.75
60,1780553508323170560,1780553509323170560,HTTP Connection Overhead,ms,p50,0.75
60,1780553508323170560,1780553509323170560,HTTP Connection Overhead,ms,p75,0.75
60,1780553508323170560,1780553509323170560,HTTP Connection Overhead,ms,p90,0.75
60,1780553508323170560,1780553509323170560,HTTP Connection Overhead,ms,p95,0.75
60,1780553508323170560,1780553509323170560,HTTP Connection Overhead,ms,p99,0.75
60,1780553508323170560,1780553509323170560,HTTP Connection Overhead,ms,std,0.00
60,1780553508323170560,1780553509323170560,HTTP Connection Reused,ratio,avg,0.00
60,1780553508323170560,1780553509323170560,HTTP Connection Reused,ratio,min,0.00
60,1780553508323170560,1780553509323170560,HTTP Connection Reused,ratio,max,0.00
60,1780553508323170560,1780553509323170560,HTTP Connection Reused,ratio,sum,0.00
60,1780553508323170560,1780553509323170560,HTTP Connection Reused,ratio,p1,0.00
60,1780553508323170560,1780553509323170560,HTTP Connection Reused,ratio,p5,0.00
60,1780553508323170560,1780553509323170560,HTTP Connection Reused,ratio,p10,0.00
60,1780553508323170560,1780553509323170560,HTTP Connection Reused,ratio,p25,0.00
60,1780553508323170560,1780553509323170560,HTTP Connection Reused,ratio,p50,0.00
60,1780553508323170560,1780553509323170560,HTTP Connection Reused,ratio,p75,0.00
60,1780553508323170560,1780553509323170560,HTTP Connection Reused,ratio,p90,0.00
60,1780553508323170560,1780553509323170560,HTTP Connection Reused,ratio,p95,0.00
60,1780553508323170560,1780553509323170560,HTTP Connection Reused,ratio,p99,0.00
60,1780553508323170560,1780553509323170560,HTTP Connection Reused,ratio,std,0.00
60,1780553508323170560,1780553509323170560,HTTP Data Received,KB,avg,138.19
60,1780553508323170560,1780553509323170560,HTTP Data Received,KB,min,138.19
60,1780553508323170560,1780553509323170560,HTTP Data Received,KB,max,138.19
60,1780553508323170560,1780553509323170560,HTTP Data Received,KB,sum,138.19
60,1780553508323170560,1780553509323170560,HTTP Data Received,KB,p1,138.19
60,1780553508323170560,1780553509323170560,HTTP Data Received,KB,p5,138.19
60,1780553508323170560,1780553509323170560,HTTP Data Received,KB,p10,138.19
60,1780553508323170560,1780553509323170560,HTTP Data Received,KB,p25,138.19
60,1780553508323170560,1780553509323170560,HTTP Data Received,KB,p50,138.19
60,1780553508323170560,1780553509323170560,HTTP Data Received,KB,p75,138.19
60,1780553508323170560,1780553509323170560,HTTP Data Received,KB,p90,138.19
60,1780553508323170560,1780553509323170560,HTTP Data Received,KB,p95,138.19
60,1780553508323170560,1780553509323170560,HTTP Data Received,KB,p99,138.19
60,1780553508323170560,1780553509323170560,HTTP Data Received,KB,std,0.00
60,1780553508323170560,1780553509323170560,HTTP Data Sent,KB,avg,197.59
60,1780553508323170560,1780553509323170560,HTTP Data Sent,KB,min,197.59
60,1780553508323170560,1780553509323170560,HTTP Data Sent,KB,max,197.59
60,1780553508323170560,1780553509323170560,HTTP Data Sent,KB,sum,197.59
60,1780553508323170560,1780553509323170560,HTTP Data Sent,KB,p1,197.59
60,1780553508323170560,1780553509323170560,HTTP Data Sent,KB,p5,197.59
60,1780553508323170560,1780553509323170560,HTTP Data Sent,KB,p10,197.59
60,1780553508323170560,1780553509323170560,HTTP Data Sent,KB,p25,197.59
60,1780553508323170560,1780553509323170560,HTTP Data Sent,KB,p50,197.59
60,1780553508323170560,1780553509323170560,HTTP Data Sent,KB,p75,197.59
60,1780553508323170560,1780553509323170560,HTTP Data Sent,KB,p90,197.59
60,1780553508323170560,1780553509323170560,HTTP Data Sent,KB,p95,197.59
60,1780553508323170560,1780553509323170560,HTTP Data Sent,KB,p99,197.59
60,1780553508323170560,1780553509323170560,HTTP Data Sent,KB,std,0.00
60,1780553508323170560,1780553509323170560,HTTP DNS Lookup,ms,avg,0.00
60,1780553508323170560,1780553509323170560,HTTP DNS Lookup,ms,min,0.00
60,1780553508323170560,1780553509323170560,HTTP DNS Lookup,ms,max,0.00
60,1780553508323170560,1780553509323170560,HTTP DNS Lookup,ms,sum,0.00
60,1780553508323170560,1780553509323170560,HTTP DNS Lookup,ms,p1,0.00
60,1780553508323170560,1780553509323170560,HTTP DNS Lookup,ms,p5,0.00
60,1780553508323170560,1780553509323170560,HTTP DNS Lookup,ms,p10,0.00
60,1780553508323170560,1780553509323170560,HTTP DNS Lookup,ms,p25,0.00
60,1780553508323170560,1780553509323170560,HTTP DNS Lookup,ms,p50,0.00
60,1780553508323170560,1780553509323170560,HTTP DNS Lookup,ms,p75,0.00
60,1780553508323170560,1780553509323170560,HTTP DNS Lookup,ms,p90,0.00
60,1780553508323170560,1780553509323170560,HTTP DNS Lookup,ms,p95,0.00
60,1780553508323170560,1780553509323170560,HTTP DNS Lookup,ms,p99,0.00
60,1780553508323170560,1780553509323170560,HTTP DNS Lookup,ms,std,0.00
60,1780553508323170560,1780553509323170560,HTTP Duration (excl. conn),ms,avg,184426.27
60,1780553508323170560,1780553509323170560,HTTP Duration (excl. conn),ms,min,184426.27
60,1780553508323170560,1780553509323170560,HTTP Duration (excl. conn),ms,max,184426.27
60,1780553508323170560,1780553509323170560,HTTP Duration (excl. conn),ms,sum,184426.27
60,1780553508323170560,1780553509323170560,HTTP Duration (excl. conn),ms,p1,184426.27
60,1780553508323170560,1780553509323170560,HTTP Duration (excl. conn),ms,p5,184426.27
60,1780553508323170560,1780553509323170560,HTTP Duration (excl. conn),ms,p10,184426.27
60,1780553508323170560,1780553509323170560,HTTP Duration (excl. conn),ms,p25,184426.27
60,1780553508323170560,1780553509323170560,HTTP Duration (excl. conn),ms,p50,184426.27
60,1780553508323170560,1780553509323170560,HTTP Duration (excl. conn),ms,p75,184426.27
60,1780553508323170560,1780553509323170560,HTTP Duration (excl. conn),ms,p90,184426.27
60,1780553508323170560,1780553509323170560,HTTP Duration (excl. conn),ms,p95,184426.27
60,1780553508323170560,1780553509323170560,HTTP Duration (excl. conn),ms,p99,184426.27
60,1780553508323170560,1780553509323170560,HTTP Duration (excl. conn),ms,std,0.00
60,1780553508323170560,1780553509323170560,HTTP Receiving,ms,avg,118681.35
60,1780553508323170560,1780553509323170560,HTTP Receiving,ms,min,118681.35
60,1780553508323170560,1780553509323170560,HTTP Receiving,ms,max,118681.35
60,1780553508323170560,1780553509323170560,HTTP Receiving,ms,sum,118681.35
60,1780553508323170560,1780553509323170560,HTTP Receiving,ms,p1,118681.35
60,1780553508323170560,1780553509323170560,HTTP Receiving,ms,p5,118681.35
60,1780553508323170560,1780553509323170560,HTTP Receiving,ms,p10,118681.35
60,1780553508323170560,1780553509323170560,HTTP Receiving,ms,p25,118681.35
60,1780553508323170560,1780553509323170560,HTTP Receiving,ms,p50,118681.35
60,1780553508323170560,1780553509323170560,HTTP Receiving,ms,p75,118681.35
60,1780553508323170560,1780553509323170560,HTTP Receiving,ms,p90,118681.35
60,1780553508323170560,1780553509323170560,HTTP Receiving,ms,p95,118681.35
60,1780553508323170560,1780553509323170560,HTTP Receiving,ms,p99,118681.35
60,1780553508323170560,1780553509323170560,HTTP Receiving,ms,std,0.00
60,1780553508323170560,1780553509323170560,HTTP Sending,ms,avg,1.04
60,1780553508323170560,1780553509323170560,HTTP Sending,ms,min,1.04
60,1780553508323170560,1780553509323170560,HTTP Sending,ms,max,1.04
60,1780553508323170560,1780553509323170560,HTTP Sending,ms,sum,1.04
60,1780553508323170560,1780553509323170560,HTTP Sending,ms,p1,1.04
60,1780553508323170560,1780553509323170560,HTTP Sending,ms,p5,1.04
60,1780553508323170560,1780553509323170560,HTTP Sending,ms,p10,1.04
60,1780553508323170560,1780553509323170560,HTTP Sending,ms,p25,1.04
60,1780553508323170560,1780553509323170560,HTTP Sending,ms,p50,1.04
60,1780553508323170560,1780553509323170560,HTTP Sending,ms,p75,1.04
60,1780553508323170560,1780553509323170560,HTTP Sending,ms,p90,1.04
60,1780553508323170560,1780553509323170560,HTTP Sending,ms,p95,1.04
60,1780553508323170560,1780553509323170560,HTTP Sending,ms,p99,1.04
60,1780553508323170560,1780553509323170560,HTTP Sending,ms,std,0.00
60,1780553508323170560,1780553509323170560,HTTP Total Time,ms,avg,184427.02
60,1780553508323170560,1780553509323170560,HTTP Total Time,ms,min,184427.02
60,1780553508323170560,1780553509323170560,HTTP Total Time,ms,max,184427.02
60,1780553508323170560,1780553509323170560,HTTP Total Time,ms,sum,184427.02
60,1780553508323170560,1780553509323170560,HTTP Total Time,ms,p1,184427.02
60,1780553508323170560,1780553509323170560,HTTP Total Time,ms,p5,184427.02
60,1780553508323170560,1780553509323170560,HTTP Total Time,ms,p10,184427.02
60,1780553508323170560,1780553509323170560,HTTP Total Time,ms,p25,184427.02
60,1780553508323170560,1780553509323170560,HTTP Total Time,ms,p50,184427.02
60,1780553508323170560,1780553509323170560,HTTP Total Time,ms,p75,184427.02
60,1780553508323170560,1780553509323170560,HTTP Total Time,ms,p90,184427.02
60,1780553508323170560,1780553509323170560,HTTP Total Time,ms,p95,184427.02
60,1780553508323170560,1780553509323170560,HTTP Total Time,ms,p99,184427.02
60,1780553508323170560,1780553509323170560,HTTP Total Time,ms,std,0.00
60,1780553508323170560,1780553509323170560,HTTP Waiting (TTFB),ms,avg,65743.88
60,1780553508323170560,1780553509323170560,HTTP Waiting (TTFB),ms,min,65743.88
60,1780553508323170560,1780553509323170560,HTTP Waiting (TTFB),ms,max,65743.88
60,1780553508323170560,1780553509323170560,HTTP Waiting (TTFB),ms,sum,65743.88
60,1780553508323170560,1780553509323170560,HTTP Waiting (TTFB),ms,p1,65743.88
60,1780553508323170560,1780553509323170560,HTTP Waiting (TTFB),ms,p5,65743.88
60,1780553508323170560,1780553509323170560,HTTP Waiting (TTFB),ms,p10,65743.88
60,1780553508323170560,1780553509323170560,HTTP Waiting (TTFB),ms,p25,65743.88
60,1780553508323170560,1780553509323170560,HTTP Waiting (TTFB),ms,p50,65743.88
60,1780553508323170560,1780553509323170560,HTTP Waiting (TTFB),ms,p75,65743.88
60,1780553508323170560,1780553509323170560,HTTP Waiting (TTFB),ms,p90,65743.88
60,1780553508323170560,1780553509323170560,HTTP Waiting (TTFB),ms,p95,65743.88
60,1780553508323170560,1780553509323170560,HTTP Waiting (TTFB),ms,p99,65743.88
60,1780553508323170560,1780553509323170560,HTTP Waiting (TTFB),ms,std,0.00
60,1780553508323170560,1780553509323170560,Input Sequence Length,tokens,avg,50783.00
60,1780553508323170560,1780553509323170560,Input Sequence Length,tokens,min,50783.00
60,1780553508323170560,1780553509323170560,Input Sequence Length,tokens,max,50783.00
60,1780553508323170560,1780553509323170560,Input Sequence Length,tokens,sum,50783.00
60,1780553508323170560,1780553509323170560,Input Sequence Length,tokens,p1,50783.00
60,1780553508323170560,1780553509323170560,Input Sequence Length,tokens,p5,50783.00
60,1780553508323170560,1780553509323170560,Input Sequence Length,tokens,p10,50783.00
60,1780553508323170560,1780553509323170560,Input Sequence Length,tokens,p25,50783.00
60,1780553508323170560,1780553509323170560,Input Sequence Length,tokens,p50,50783.00
60,1780553508323170560,1780553509323170560,Input Sequence Length,tokens,p75,50783.00
60,1780553508323170560,1780553509323170560,Input Sequence Length,tokens,p90,50783.00
60,1780553508323170560,1780553509323170560,Input Sequence Length,tokens,p95,50783.00
60,1780553508323170560,1780553509323170560,Input Sequence Length,tokens,p99,50783.00
60,1780553508323170560,1780553509323170560,Input Sequence Length,tokens,std,0.00
60,1780553508323170560,1780553509323170560,Input Token Throughput,tokens/sec,avg,50783.00
60,1780553508323170560,1780553509323170560,Inter Chunk Latency,ms,avg,66.48
60,1780553508323170560,1780553509323170560,Inter Chunk Latency,ms,min,66.46
60,1780553508323170560,1780553509323170560,Inter Chunk Latency,ms,max,66.50
60,1780553508323170560,1780553509323170560,Inter Chunk Latency,ms,sum,36762.21
60,1780553508323170560,1780553509323170560,Inter Chunk Latency,ms,p1,66.46
60,1780553508323170560,1780553509323170560,Inter Chunk Latency,ms,p5,66.46
60,1780553508323170560,1780553509323170560,Inter Chunk Latency,ms,p10,66.46
60,1780553508323170560,1780553509323170560,Inter Chunk Latency,ms,p25,66.47
60,1780553508323170560,1780553509323170560,Inter Chunk Latency,ms,p50,66.48
60,1780553508323170560,1780553509323170560,Inter Chunk Latency,ms,p75,66.49
60,1780553508323170560,1780553509323170560,Inter Chunk Latency,ms,p90,66.49
60,1780553508323170560,1780553509323170560,Inter Chunk Latency,ms,p95,66.49
60,1780553508323170560,1780553509323170560,Inter Chunk Latency,ms,p99,66.50
60,1780553508323170560,1780553509323170560,Inter Chunk Latency,ms,std,0.01
60,1780553508323170560,1780553509323170560,Inter Token Latency,ms,avg,214.61
60,1780553508323170560,1780553509323170560,Inter Token Latency,ms,min,214.61
60,1780553508323170560,1780553509323170560,Inter Token Latency,ms,max,214.61
60,1780553508323170560,1780553509323170560,Inter Token Latency,ms,sum,214.61
60,1780553508323170560,1780553509323170560,Inter Token Latency,ms,p1,214.61
60,1780553508323170560,1780553509323170560,Inter Token Latency,ms,p5,214.61
60,1780553508323170560,1780553509323170560,Inter Token Latency,ms,p10,214.61
60,1780553508323170560,1780553509323170560,Inter Token Latency,ms,p25,214.61
60,1780553508323170560,1780553509323170560,Inter Token Latency,ms,p50,214.61
60,1780553508323170560,1780553509323170560,Inter Token Latency,ms,p75,214.61
60,1780553508323170560,1780553509323170560,Inter Token Latency,ms,p90,214.61
60,1780553508323170560,1780553509323170560,Inter Token Latency,ms,p95,214.61
60,1780553508323170560,1780553509323170560,Inter Token Latency,ms,p99,214.61
60,1780553508323170560,1780553509323170560,Inter Token Latency,ms,std,0.00
60,1780553508323170560,1780553509323170560,Maximum Response Timestamp,ns,avg,1780553693544928000.00
60,1780553508323170560,1780553509323170560,Minimum Request Timestamp,ns,avg,1780553509118537984.00
60,1780553508323170560,1780553509323170560,OSL Mismatch Count,requests,avg,0.00
60,1780553508323170560,1780553509323170560,OSL Mismatch Diff %,%,avg,0.00
60,1780553508323170560,1780553509323170560,OSL Mismatch Diff %,%,min,0.00
60,1780553508323170560,1780553509323170560,OSL Mismatch Diff %,%,max,0.00
60,1780553508323170560,1780553509323170560,OSL Mismatch Diff %,%,sum,0.00
60,1780553508323170560,1780553509323170560,OSL Mismatch Diff %,%,p1,0.00
60,1780553508323170560,1780553509323170560,OSL Mismatch Diff %,%,p5,0.00
60,1780553508323170560,1780553509323170560,OSL Mismatch Diff %,%,p10,0.00
60,1780553508323170560,1780553509323170560,OSL Mismatch Diff %,%,p25,0.00
60,1780553508323170560,1780553509323170560,OSL Mismatch Diff %,%,p50,0.00
60,1780553508323170560,1780553509323170560,OSL Mismatch Diff %,%,p75,0.00
60,1780553508323170560,1780553509323170560,OSL Mismatch Diff %,%,p90,0.00
60,1780553508323170560,1780553509323170560,OSL Mismatch Diff %,%,p95,0.00
60,1780553508323170560,1780553509323170560,OSL Mismatch Diff %,%,p99,0.00
60,1780553508323170560,1780553509323170560,OSL Mismatch Diff %,%,std,0.00
60,1780553508323170560,1780553509323170560,Output Sequence Length,tokens,avg,554.00
60,1780553508323170560,1780553509323170560,Output Sequence Length,tokens,min,554.00
60,1780553508323170560,1780553509323170560,Output Sequence Length,tokens,max,554.00
60,1780553508323170560,1780553509323170560,Output Sequence Length,tokens,sum,554.00
60,1780553508323170560,1780553509323170560,Output Sequence Length,tokens,p1,554.00
60,1780553508323170560,1780553509323170560,Output Sequence Length,tokens,p5,554.00
60,1780553508323170560,1780553509323170560,Output Sequence Length,tokens,p10,554.00
60,1780553508323170560,1780553509323170560,Output Sequence Length,tokens,p25,554.00
60,1780553508323170560,1780553509323170560,Output Sequence Length,tokens,p50,554.00
60,1780553508323170560,1780553509323170560,Output Sequence Length,tokens,p75,554.00
60,1780553508323170560,1780553509323170560,Output Sequence Length,tokens,p90,554.00
60,1780553508323170560,1780553509323170560,Output Sequence Length,tokens,p95,554.00
60,1780553508323170560,1780553509323170560,Output Sequence Length,tokens,p99,554.00
60,1780553508323170560,1780553509323170560,Output Sequence Length,tokens,std,0.00
60,1780553508323170560,1780553509323170560,Output Token Count,tokens,avg,554.00
60,1780553508323170560,1780553509323170560,Output Token Count,tokens,min,554.00
60,1780553508323170560,1780553509323170560,Output Token Count,tokens,max,554.00
60,1780553508323170560,1780553509323170560,Output Token Count,tokens,sum,554.00
60,1780553508323170560,1780553509323170560,Output Token Count,tokens,p1,554.00
60,1780553508323170560,1780553509323170560,Output Token Count,tokens,p5,554.00
60,1780553508323170560,1780553509323170560,Output Token Count,tokens,p10,554.00
60,1780553508323170560,1780553509323170560,Output Token Count,tokens,p25,554.00
60,1780553508323170560,1780553509323170560,Output Token Count,tokens,p50,554.00
60,1780553508323170560,1780553509323170560,Output Token Count,tokens,p75,554.00
60,1780553508323170560,1780553509323170560,Output Token Count,tokens,p90,554.00
60,1780553508323170560,1780553509323170560,Output Token Count,tokens,p95,554.00
60,1780553508323170560,1780553509323170560,Output Token Count,tokens,p99,554.00
60,1780553508323170560,1780553509323170560,Output Token Count,tokens,std,0.00
60,1780553508323170560,1780553509323170560,Output Token Throughput,tokens/sec,avg,554.00
60,1780553508323170560,1780553509323170560,Output Token Throughput Per User,tokens/sec/user,avg,4.66
60,1780553508323170560,1780553509323170560,Output Token Throughput Per User,tokens/sec/user,min,4.66
60,1780553508323170560,1780553509323170560,Output Token Throughput Per User,tokens/sec/user,max,4.66
60,1780553508323170560,1780553509323170560,Output Token Throughput Per User,tokens/sec/user,sum,4.66
60,1780553508323170560,1780553509323170560,Output Token Throughput Per User,tokens/sec/user,p1,4.66
60,1780553508323170560,1780553509323170560,Output Token Throughput Per User,tokens/sec/user,p5,4.66
60,1780553508323170560,1780553509323170560,Output Token Throughput Per User,tokens/sec/user,p10,4.66
60,1780553508323170560,1780553509323170560,Output Token Throughput Per User,tokens/sec/user,p25,4.66
60,1780553508323170560,1780553509323170560,Output Token Throughput Per User,tokens/sec/user,p50,4.66
60,1780553508323170560,1780553509323170560,Output Token Throughput Per User,tokens/sec/user,p75,4.66
60,1780553508323170560,1780553509323170560,Output Token Throughput Per User,tokens/sec/user,p90,4.66
60,1780553508323170560,1780553509323170560,Output Token Throughput Per User,tokens/sec/user,p95,4.66
60,1780553508323170560,1780553509323170560,Output Token Throughput Per User,tokens/sec/user,p99,4.66
60,1780553508323170560,1780553509323170560,Output Token Throughput Per User,tokens/sec/user,std,0.00
60,1780553508323170560,1780553509323170560,Prefill Throughput Per User,tokens/sec/user,avg,772.42
60,1780553508323170560,1780553509323170560,Prefill Throughput Per User,tokens/sec/user,min,772.42
60,1780553508323170560,1780553509323170560,Prefill Throughput Per User,tokens/sec/user,max,772.42
60,1780553508323170560,1780553509323170560,Prefill Throughput Per User,tokens/sec/user,sum,772.42
60,1780553508323170560,1780553509323170560,Prefill Throughput Per User,tokens/sec/user,p1,772.42
60,1780553508323170560,1780553509323170560,Prefill Throughput Per User,tokens/sec/user,p5,772.42
60,1780553508323170560,1780553509323170560,Prefill Throughput Per User,tokens/sec/user,p10,772.42
60,1780553508323170560,1780553509323170560,Prefill Throughput Per User,tokens/sec/user,p25,772.42
60,1780553508323170560,1780553509323170560,Prefill Throughput Per User,tokens/sec/user,p50,772.42
60,1780553508323170560,1780553509323170560,Prefill Throughput Per User,tokens/sec/user,p75,772.42
60,1780553508323170560,1780553509323170560,Prefill Throughput Per User,tokens/sec/user,p90,772.42
60,1780553508323170560,1780553509323170560,Prefill Throughput Per User,tokens/sec/user,p95,772.42
60,1780553508323170560,1780553509323170560,Prefill Throughput Per User,tokens/sec/user,p99,772.42
60,1780553508323170560,1780553509323170560,Prefill Throughput Per User,tokens/sec/user,std,0.00
60,1780553508323170560,1780553509323170560,Request Count,requests,avg,1.00
60,1780553508323170560,1780553509323170560,Request Latency,ms,avg,184426.39
60,1780553508323170560,1780553509323170560,Request Latency,ms,min,184426.39
60,1780553508323170560,1780553509323170560,Request Latency,ms,max,184426.39
60,1780553508323170560,1780553509323170560,Request Latency,ms,sum,184426.39
60,1780553508323170560,1780553509323170560,Request Latency,ms,p1,184426.39
60,1780553508323170560,1780553509323170560,Request Latency,ms,p5,184426.39
60,1780553508323170560,1780553509323170560,Request Latency,ms,p10,184426.39
60,1780553508323170560,1780553509323170560,Request Latency,ms,p25,184426.39
60,1780553508323170560,1780553509323170560,Request Latency,ms,p50,184426.39
60,1780553508323170560,1780553509323170560,Request Latency,ms,p75,184426.39
60,1780553508323170560,1780553509323170560,Request Latency,ms,p90,184426.39
60,1780553508323170560,1780553509323170560,Request Latency,ms,p95,184426.39
60,1780553508323170560,1780553509323170560,Request Latency,ms,p99,184426.39
60,1780553508323170560,1780553509323170560,Request Latency,ms,std,0.00
60,1780553508323170560,1780553509323170560,Request Throughput,requests/sec,avg,1.00
60,1780553508323170560,1780553509323170560,Requested OSL,tokens,avg,554.00
60,1780553508323170560,1780553509323170560,Requested OSL,tokens,min,554.00
60,1780553508323170560,1780553509323170560,Requested OSL,tokens,max,554.00
60,1780553508323170560,1780553509323170560,Requested OSL,tokens,sum,554.00
60,1780553508323170560,1780553509323170560,Requested OSL,tokens,p1,554.00
60,1780553508323170560,1780553509323170560,Requested OSL,tokens,p5,554.00
60,1780553508323170560,1780553509323170560,Requested OSL,tokens,p10,554.00
60,1780553508323170560,1780553509323170560,Requested OSL,tokens,p25,554.00
60,1780553508323170560,1780553509323170560,Requested OSL,tokens,p50,554.00
60,1780553508323170560,1780553509323170560,Requested OSL,tokens,p75,554.00
60,1780553508323170560,1780553509323170560,Requested OSL,tokens,p90,554.00
60,1780553508323170560,1780553509323170560,Requested OSL,tokens,p95,554.00
60,1780553508323170560,1780553509323170560,Requested OSL,tokens,p99,554.00
60,1780553508323170560,1780553509323170560,Requested OSL,tokens,std,0.00
60,1780553508323170560,1780553509323170560,Time to First Output Token,ms,avg,65745.05
60,1780553508323170560,1780553509323170560,Time to First Output Token,ms,min,65745.05
60,1780553508323170560,1780553509323170560,Time to First Output Token,ms,max,65745.05
60,1780553508323170560,1780553509323170560,Time to First Output Token,ms,sum,65745.05
60,1780553508323170560,1780553509323170560,Time to First Output Token,ms,p1,65745.05
60,1780553508323170560,1780553509323170560,Time to First Output Token,ms,p5,65745.05
60,1780553508323170560,1780553509323170560,Time to First Output Token,ms,p10,65745.05
60,1780553508323170560,1780553509323170560,Time to First Output Token,ms,p25,65745.05
60,1780553508323170560,1780553509323170560,Time to First Output Token,ms,p50,65745.05
60,1780553508323170560,1780553509323170560,Time to First Output Token,ms,p75,65745.05
60,1780553508323170560,1780553509323170560,Time to First Output Token,ms,p90,65745.05
60,1780553508323170560,1780553509323170560,Time to First Output Token,ms,p95,65745.05
60,1780553508323170560,1780553509323170560,Time to First Output Token,ms,p99,65745.05
60,1780553508323170560,1780553509323170560,Time to First Output Token,ms,std,0.00
60,1780553508323170560,1780553509323170560,Time to First Token,ms,avg,65745.05
60,1780553508323170560,1780553509323170560,Time to First Token,ms,min,65745.05
60,1780553508323170560,1780553509323170560,Time to First Token,ms,max,65745.05
60,1780553508323170560,1780553509323170560,Time to First Token,ms,sum,65745.05
60,1780553508323170560,1780553509323170560,Time to First Token,ms,p1,65745.05
60,1780553508323170560,1780553509323170560,Time to First Token,ms,p5,65745.05
60,1780553508323170560,1780553509323170560,Time to First Token,ms,p10,65745.05
60,1780553508323170560,1780553509323170560,Time to First Token,ms,p25,65745.05
60,1780553508323170560,1780553509323170560,Time to First Token,ms,p50,65745.05
60,1780553508323170560,1780553509323170560,Time to First Token,ms,p75,65745.05
60,1780553508323170560,1780553509323170560,Time to First Token,ms,p90,65745.05
60,1780553508323170560,1780553509323170560,Time to First Token,ms,p95,65745.05
60,1780553508323170560,1780553509323170560,Time to First Token,ms,p99,65745.05
60,1780553508323170560,1780553509323170560,Time to First Token,ms,std,0.00
60,1780553508323170560,1780553509323170560,Time to Second Token,ms,avg,20.79
60,1780553508323170560,1780553509323170560,Time to Second Token,ms,min,20.79
60,1780553508323170560,1780553509323170560,Time to Second Token,ms,max,20.79
60,1780553508323170560,1780553509323170560,Time to Second Token,ms,sum,20.79
60,1780553508323170560,1780553509323170560,Time to Second Token,ms,p1,20.79
60,1780553508323170560,1780553509323170560,Time to Second Token,ms,p5,20.79
60,1780553508323170560,1780553509323170560,Time to Second Token,ms,p10,20.79
60,1780553508323170560,1780553509323170560,Time to Second Token,ms,p25,20.79
60,1780553508323170560,1780553509323170560,Time to Second Token,ms,p50,20.79
60,1780553508323170560,1780553509323170560,Time to Second Token,ms,p75,20.79
60,1780553508323170560,1780553509323170560,Time to Second Token,ms,p90,20.79
60,1780553508323170560,1780553509323170560,Time to Second Token,ms,p95,20.79
60,1780553508323170560,1780553509323170560,Time to Second Token,ms,p99,20.79
60,1780553508323170560,1780553509323170560,Time to Second Token,ms,std,0.00
60,1780553508323170560,1780553509323170560,Tokens In Flight,tokens,avg,1742849.79
60,1780553508323170560,1780553509323170560,Tokens In Flight,tokens,min,1732435.00
60,1780553508323170560,1780553509323170560,Tokens In Flight,tokens,max,1783264.00
60,1780553508323170560,1780553509323170560,Tokens In Flight,tokens,p50,1732458.00
60,1780553508323170560,1780553509323170560,Tokens In Flight,tokens,p90,1783259.00
60,1780553508323170560,1780553509323170560,Tokens In Flight,tokens,p95,1783261.00
60,1780553508323170560,1780553509323170560,Tokens In Flight,tokens,p99,1783263.00
60,1780553508323170560,1780553509323170560,Tokens In Flight,tokens,std,20496.68
60,1780553508323170560,1780553509323170560,Total Input Sequence Length,tokens,avg,50783.00
60,1780553508323170560,1780553509323170560,Total Output Sequence Length,tokens,avg,554.00
60,1780553508323170560,1780553509323170560,Total Output Tokens,tokens,avg,554.00
60,1780553508323170560,1780553509323170560,Total Token Throughput,tokens/sec,avg,51337.00
60,1780553508323170560,1780553509323170560,Total Usage Completion Tokens,tokens,avg,554.00
60,1780553508323170560,1780553509323170560,Total Usage Prompt Tokens,tokens,avg,50783.00
60,1780553508323170560,1780553509323170560,Total Usage Total Tokens,tokens,avg,51337.00
60,1780553508323170560,1780553509323170560,Usage Completion Tokens,tokens,avg,554.00
60,1780553508323170560,1780553509323170560,Usage Completion Tokens,tokens,min,554.00
60,1780553508323170560,1780553509323170560,Usage Completion Tokens,tokens,max,554.00
60,1780553508323170560,1780553509323170560,Usage Completion Tokens,tokens,sum,554.00
60,1780553508323170560,1780553509323170560,Usage Completion Tokens,tokens,p1,554.00
60,1780553508323170560,1780553509323170560,Usage Completion Tokens,tokens,p5,554.00
60,1780553508323170560,1780553509323170560,Usage Completion Tokens,tokens,p10,554.00
60,1780553508323170560,1780553509323170560,Usage Completion Tokens,tokens,p25,554.00
60,1780553508323170560,1780553509323170560,Usage Completion Tokens,tokens,p50,554.00
60,1780553508323170560,1780553509323170560,Usage Completion Tokens,tokens,p75,554.00
60,1780553508323170560,1780553509323170560,Usage Completion Tokens,tokens,p90,554.00
60,1780553508323170560,1780553509323170560,Usage Completion Tokens,tokens,p95,554.00
60,1780553508323170560,1780553509323170560,Usage Completion Tokens,tokens,p99,554.00
60,1780553508323170560,1780553509323170560,Usage Completion Tokens,tokens,std,0.00
60,1780553508323170560,1780553509323170560,Usage Prompt Tokens,tokens,avg,50783.00
60,1780553508323170560,1780553509323170560,Usage Prompt Tokens,tokens,min,50783.00
60,1780553508323170560,1780553509323170560,Usage Prompt Tokens,tokens,max,50783.00
60,1780553508323170560,1780553509323170560,Usage Prompt Tokens,tokens,sum,50783.00
60,1780553508323170560,1780553509323170560,Usage Prompt Tokens,tokens,p1,50783.00
60,1780553508323170560,1780553509323170560,Usage Prompt Tokens,tokens,p5,50783.00
60,1780553508323170560,1780553509323170560,Usage Prompt Tokens,tokens,p10,50783.00
60,1780553508323170560,1780553509323170560,Usage Prompt Tokens,tokens,p25,50783.00
60,1780553508323170560,1780553509323170560,Usage Prompt Tokens,tokens,p50,50783.00
60,1780553508323170560,1780553509323170560,Usage Prompt Tokens,tokens,p75,50783.00
60,1780553508323170560,1780553509323170560,Usage Prompt Tokens,tokens,p90,50783.00
60,1780553508323170560,1780553509323170560,Usage Prompt Tokens,tokens,p95,50783.00
60,1780553508323170560,1780553509323170560,Usage Prompt Tokens,tokens,p99,50783.00
60,1780553508323170560,1780553509323170560,Usage Prompt Tokens,tokens,std,0.00
60,1780553508323170560,1780553509323170560,Usage Total Tokens,tokens,avg,51337.00
60,1780553508323170560,1780553509323170560,Usage Total Tokens,tokens,min,51337.00
60,1780553508323170560,1780553509323170560,Usage Total Tokens,tokens,max,51337.00
60,1780553508323170560,1780553509323170560,Usage Total Tokens,tokens,sum,51337.00
60,1780553508323170560,1780553509323170560,Usage Total Tokens,tokens,p1,51337.00
60,1780553508323170560,1780553509323170560,Usage Total Tokens,tokens,p5,51337.00
60,1780553508323170560,1780553509323170560,Usage Total Tokens,tokens,p10,51337.00
60,1780553508323170560,1780553509323170560,Usage Total Tokens,tokens,p25,51337.00
60,1780553508323170560,1780553509323170560,Usage Total Tokens,tokens,p50,51337.00
60,1780553508323170560,1780553509323170560,Usage Total Tokens,tokens,p75,51337.00
60,1780553508323170560,1780553509323170560,Usage Total Tokens,tokens,p90,51337.00
60,1780553508323170560,1780553509323170560,Usage Total Tokens,tokens,p95,51337.00
60,1780553508323170560,1780553509323170560,Usage Total Tokens,tokens,p99,51337.00
60,1780553508323170560,1780553509323170560,Usage Total Tokens,tokens,std,0.00
61,1780553511323170560,1780553512323170560,Active Decode Throughput,tokens/sec,avg,41.71
61,1780553511323170560,1780553512323170560,Active Decode Throughput,tokens/sec,min,15.11
61,1780553511323170560,1780553512323170560,Active Decode Throughput,tokens/sec,max,60.51
61,1780553511323170560,1780553512323170560,Active Decode Throughput,tokens/sec,p50,45.32
61,1780553511323170560,1780553512323170560,Active Decode Throughput,tokens/sec,p90,45.33
61,1780553511323170560,1780553512323170560,Active Decode Throughput,tokens/sec,p95,45.33
61,1780553511323170560,1780553512323170560,Active Decode Throughput,tokens/sec,p99,45.33
61,1780553511323170560,1780553512323170560,Active Decode Throughput,tokens/sec,std,6.47
61,1780553511323170560,1780553512323170560,Active Decode Throughput Per User,tokens/sec/user,avg,3.81
61,1780553511323170560,1780553512323170560,Active Decode Throughput Per User,tokens/sec/user,min,1.37
61,1780553511323170560,1780553512323170560,Active Decode Throughput Per User,tokens/sec/user,max,5.50
61,1780553511323170560,1780553512323170560,Active Decode Throughput Per User,tokens/sec/user,p50,4.12
61,1780553511323170560,1780553512323170560,Active Decode Throughput Per User,tokens/sec/user,p90,4.12
61,1780553511323170560,1780553512323170560,Active Decode Throughput Per User,tokens/sec/user,p95,4.12
61,1780553511323170560,1780553512323170560,Active Decode Throughput Per User,tokens/sec/user,p99,4.12
61,1780553511323170560,1780553512323170560,Active Decode Throughput Per User,tokens/sec/user,std,0.55
61,1780553511323170560,1780553512323170560,Active Prefill Throughput,tokens/sec,avg,6711.03
61,1780553511323170560,1780553512323170560,Active Prefill Throughput,tokens/sec,min,6710.48
61,1780553511323170560,1780553512323170560,Active Prefill Throughput,tokens/sec,max,6717.41
61,1780553511323170560,1780553512323170560,Active Prefill Throughput,tokens/sec,p50,6710.48
61,1780553511323170560,1780553512323170560,Active Prefill Throughput,tokens/sec,p90,6710.48
61,1780553511323170560,1780553512323170560,Active Prefill Throughput,tokens/sec,p95,6717.41
61,1780553511323170560,1780553512323170560,Active Prefill Throughput,tokens/sec,p99,6717.41
61,1780553511323170560,1780553512323170560,Active Prefill Throughput,tokens/sec,std,1.88
61,1780553511323170560,1780553512323170560,Active Prefill Throughput Per User,tokens/sec/user,avg,1324.40
61,1780553511323170560,1780553512323170560,Active Prefill Throughput Per User,tokens/sec/user,min,1119.57
61,1780553511323170560,1780553512323170560,Active Prefill Throughput Per User,tokens/sec/user,max,1342.10
61,1780553511323170560,1780553512323170560,Active Prefill Throughput Per User,tokens/sec/user,p50,1342.10
61,1780553511323170560,1780553512323170560,Active Prefill Throughput Per User,tokens/sec/user,p90,1342.10
61,1780553511323170560,1780553512323170560,Active Prefill Throughput Per User,tokens/sec/user,p95,1342.10
61,1780553511323170560,1780553512323170560,Active Prefill Throughput Per User,tokens/sec/user,p99,1342.10
61,1780553511323170560,1780553512323170560,Active Prefill Throughput Per User,tokens/sec/user,std,60.21
61,1780553511323170560,1780553512323170560,Active Total Throughput,tokens/sec,avg,6785.36
61,1780553511323170560,1780553512323170560,Active Total Throughput,tokens/sec,min,6771.25
61,1780553511323170560,1780553512323170560,Active Total Throughput,tokens/sec,max,6786.05
61,1780553511323170560,1780553512323170560,Active Total Throughput,tokens/sec,p50,6786.05
61,1780553511323170560,1780553512323170560,Active Total Throughput,tokens/sec,p90,6786.05
61,1780553511323170560,1780553512323170560,Active Total Throughput,tokens/sec,p95,6786.05
61,1780553511323170560,1780553512323170560,Active Total Throughput,tokens/sec,p99,6786.05
61,1780553511323170560,1780553512323170560,Active Total Throughput,tokens/sec,std,2.34
61,1780553511323170560,1780553512323170560,Benchmark Duration,sec,avg,63.79
61,1780553511323170560,1780553512323170560,Credit Drop Latency,ms,avg,2.45
61,1780553511323170560,1780553512323170560,Credit Drop Latency,ms,min,2.45
61,1780553511323170560,1780553512323170560,Credit Drop Latency,ms,max,2.45
61,1780553511323170560,1780553512323170560,Credit Drop Latency,ms,sum,2.45
61,1780553511323170560,1780553512323170560,Credit Drop Latency,ms,p1,2.45
61,1780553511323170560,1780553512323170560,Credit Drop Latency,ms,p5,2.45
61,1780553511323170560,1780553512323170560,Credit Drop Latency,ms,p10,2.45
61,1780553511323170560,1780553512323170560,Credit Drop Latency,ms,p25,2.45
61,1780553511323170560,1780553512323170560,Credit Drop Latency,ms,p50,2.45
61,1780553511323170560,1780553512323170560,Credit Drop Latency,ms,p75,2.45
61,1780553511323170560,1780553512323170560,Credit Drop Latency,ms,p90,2.45
61,1780553511323170560,1780553512323170560,Credit Drop Latency,ms,p95,2.45
61,1780553511323170560,1780553512323170560,Credit Drop Latency,ms,p99,2.45
61,1780553511323170560,1780553512323170560,Credit Drop Latency,ms,std,0.00
61,1780553511323170560,1780553512323170560,E2E Output Token Throughput,tokens/sec/user,avg,0.30
61,1780553511323170560,1780553512323170560,E2E Output Token Throughput,tokens/sec/user,min,0.30
61,1780553511323170560,1780553512323170560,E2E Output Token Throughput,tokens/sec/user,max,0.30
61,1780553511323170560,1780553512323170560,E2E Output Token Throughput,tokens/sec/user,sum,0.30
61,1780553511323170560,1780553512323170560,E2E Output Token Throughput,tokens/sec/user,p1,0.30
61,1780553511323170560,1780553512323170560,E2E Output Token Throughput,tokens/sec/user,p5,0.30
61,1780553511323170560,1780553512323170560,E2E Output Token Throughput,tokens/sec/user,p10,0.30
61,1780553511323170560,1780553512323170560,E2E Output Token Throughput,tokens/sec/user,p25,0.30
61,1780553511323170560,1780553512323170560,E2E Output Token Throughput,tokens/sec/user,p50,0.30
61,1780553511323170560,1780553512323170560,E2E Output Token Throughput,tokens/sec/user,p75,0.30
61,1780553511323170560,1780553512323170560,E2E Output Token Throughput,tokens/sec/user,p90,0.30
61,1780553511323170560,1780553512323170560,E2E Output Token Throughput,tokens/sec/user,p95,0.30
61,1780553511323170560,1780553512323170560,E2E Output Token Throughput,tokens/sec/user,p99,0.30
61,1780553511323170560,1780553512323170560,E2E Output Token Throughput,tokens/sec/user,std,0.00
61,1780553511323170560,1780553512323170560,Effective Concurrency,requests,avg,16.00
61,1780553511323170560,1780553512323170560,Effective Concurrency,requests,min,15.00
61,1780553511323170560,1780553512323170560,Effective Concurrency,requests,max,16.00
61,1780553511323170560,1780553512323170560,Effective Concurrency,requests,p50,16.00
61,1780553511323170560,1780553512323170560,Effective Concurrency,requests,p90,16.00
61,1780553511323170560,1780553512323170560,Effective Concurrency,requests,p95,16.00
61,1780553511323170560,1780553512323170560,Effective Concurrency,requests,p99,16.00
61,1780553511323170560,1780553512323170560,Effective Concurrency,requests,std,0.07
61,1780553511323170560,1780553512323170560,Effective Decode Concurrency,requests,avg,10.92
61,1780553511323170560,1780553512323170560,Effective Decode Concurrency,requests,min,10.00
61,1780553511323170560,1780553512323170560,Effective Decode Concurrency,requests,max,11.00
61,1780553511323170560,1780553512323170560,Effective Decode Concurrency,requests,p50,11.00
61,1780553511323170560,1780553512323170560,Effective Decode Concurrency,requests,p90,11.00
61,1780553511323170560,1780553512323170560,Effective Decode Concurrency,requests,p95,11.00
61,1780553511323170560,1780553512323170560,Effective Decode Concurrency,requests,p99,11.00
61,1780553511323170560,1780553512323170560,Effective Decode Concurrency,requests,std,0.28
61,1780553511323170560,1780553512323170560,Effective Decode Throughput,tokens/sec,avg,41.71
61,1780553511323170560,1780553512323170560,Effective Decode Throughput,tokens/sec,min,15.11
61,1780553511323170560,1780553512323170560,Effective Decode Throughput,tokens/sec,max,60.51
61,1780553511323170560,1780553512323170560,Effective Decode Throughput,tokens/sec,p50,45.32
61,1780553511323170560,1780553512323170560,Effective Decode Throughput,tokens/sec,p90,45.33
61,1780553511323170560,1780553512323170560,Effective Decode Throughput,tokens/sec,p95,45.33
61,1780553511323170560,1780553512323170560,Effective Decode Throughput,tokens/sec,p99,45.33
61,1780553511323170560,1780553512323170560,Effective Decode Throughput,tokens/sec,std,6.47
61,1780553511323170560,1780553512323170560,Effective Decode Throughput Per User,tokens/sec/user,avg,3.81
61,1780553511323170560,1780553512323170560,Effective Decode Throughput Per User,tokens/sec/user,min,1.37
61,1780553511323170560,1780553512323170560,Effective Decode Throughput Per User,tokens/sec/user,max,5.50
61,1780553511323170560,1780553512323170560,Effective Decode Throughput Per User,tokens/sec/user,p50,4.12
61,1780553511323170560,1780553512323170560,Effective Decode Throughput Per User,tokens/sec/user,p90,4.12
61,1780553511323170560,1780553512323170560,Effective Decode Throughput Per User,tokens/sec/user,p95,4.12
61,1780553511323170560,1780553512323170560,Effective Decode Throughput Per User,tokens/sec/user,p99,4.12
61,1780553511323170560,1780553512323170560,Effective Decode Throughput Per User,tokens/sec/user,std,0.55
61,1780553511323170560,1780553512323170560,Effective Prefill Concurrency,requests,avg,5.08
61,1780553511323170560,1780553512323170560,Effective Prefill Concurrency,requests,min,5.00
61,1780553511323170560,1780553512323170560,Effective Prefill Concurrency,requests,max,6.00
61,1780553511323170560,1780553512323170560,Effective Prefill Concurrency,requests,p50,5.00
61,1780553511323170560,1780553512323170560,Effective Prefill Concurrency,requests,p90,5.00
61,1780553511323170560,1780553512323170560,Effective Prefill Concurrency,requests,p95,6.00
61,1780553511323170560,1780553512323170560,Effective Prefill Concurrency,requests,p99,6.00
61,1780553511323170560,1780553512323170560,Effective Prefill Concurrency,requests,std,0.27
61,1780553511323170560,1780553512323170560,Effective Prefill Throughput,tokens/sec,avg,6711.03
61,1780553511323170560,1780553512323170560,Effective Prefill Throughput,tokens/sec,min,6710.48
61,1780553511323170560,1780553512323170560,Effective Prefill Throughput,tokens/sec,max,6717.41
61,1780553511323170560,1780553512323170560,Effective Prefill Throughput,tokens/sec,p50,6710.48
61,1780553511323170560,1780553512323170560,Effective Prefill Throughput,tokens/sec,p90,6710.48
61,1780553511323170560,1780553512323170560,Effective Prefill Throughput,tokens/sec,p95,6717.41
61,1780553511323170560,1780553512323170560,Effective Prefill Throughput,tokens/sec,p99,6717.41
61,1780553511323170560,1780553512323170560,Effective Prefill Throughput,tokens/sec,std,1.88
61,1780553511323170560,1780553512323170560,Effective Prefill Throughput Per User,tokens/sec/user,avg,1324.40
61,1780553511323170560,1780553512323170560,Effective Prefill Throughput Per User,tokens/sec/user,min,1119.57
61,1780553511323170560,1780553512323170560,Effective Prefill Throughput Per User,tokens/sec/user,max,1342.10
61,1780553511323170560,1780553512323170560,Effective Prefill Throughput Per User,tokens/sec/user,p50,1342.10
61,1780553511323170560,1780553512323170560,Effective Prefill Throughput Per User,tokens/sec/user,p90,1342.10
61,1780553511323170560,1780553512323170560,Effective Prefill Throughput Per User,tokens/sec/user,p95,1342.10
61,1780553511323170560,1780553512323170560,Effective Prefill Throughput Per User,tokens/sec/user,p99,1342.10
61,1780553511323170560,1780553512323170560,Effective Prefill Throughput Per User,tokens/sec/user,std,60.21
61,1780553511323170560,1780553512323170560,Effective Total Throughput,tokens/sec,avg,6785.36
61,1780553511323170560,1780553512323170560,Effective Total Throughput,tokens/sec,min,6771.25
61,1780553511323170560,1780553512323170560,Effective Total Throughput,tokens/sec,max,6786.05
61,1780553511323170560,1780553512323170560,Effective Total Throughput,tokens/sec,p50,6786.05
61,1780553511323170560,1780553512323170560,Effective Total Throughput,tokens/sec,p90,6786.05
61,1780553511323170560,1780553512323170560,Effective Total Throughput,tokens/sec,p95,6786.05
61,1780553511323170560,1780553512323170560,Effective Total Throughput,tokens/sec,p99,6786.05
61,1780553511323170560,1780553512323170560,Effective Total Throughput,tokens/sec,std,2.34
61,1780553511323170560,1780553512323170560,HTTP Blocked,ms,avg,0.00
61,1780553511323170560,1780553512323170560,HTTP Blocked,ms,min,0.00
61,1780553511323170560,1780553512323170560,HTTP Blocked,ms,max,0.00
61,1780553511323170560,1780553512323170560,HTTP Blocked,ms,sum,0.00
61,1780553511323170560,1780553512323170560,HTTP Blocked,ms,p1,0.00
61,1780553511323170560,1780553512323170560,HTTP Blocked,ms,p5,0.00
61,1780553511323170560,1780553512323170560,HTTP Blocked,ms,p10,0.00
61,1780553511323170560,1780553512323170560,HTTP Blocked,ms,p25,0.00
61,1780553511323170560,1780553512323170560,HTTP Blocked,ms,p50,0.00
61,1780553511323170560,1780553512323170560,HTTP Blocked,ms,p75,0.00
61,1780553511323170560,1780553512323170560,HTTP Blocked,ms,p90,0.00
61,1780553511323170560,1780553512323170560,HTTP Blocked,ms,p95,0.00
61,1780553511323170560,1780553512323170560,HTTP Blocked,ms,p99,0.00
61,1780553511323170560,1780553512323170560,HTTP Blocked,ms,std,0.00
61,1780553511323170560,1780553512323170560,HTTP Chunks Received,count,avg,19.00
61,1780553511323170560,1780553512323170560,HTTP Chunks Received,count,min,19.00
61,1780553511323170560,1780553512323170560,HTTP Chunks Received,count,max,19.00
61,1780553511323170560,1780553512323170560,HTTP Chunks Received,count,sum,19.00
61,1780553511323170560,1780553512323170560,HTTP Chunks Received,count,p1,19.00
61,1780553511323170560,1780553512323170560,HTTP Chunks Received,count,p5,19.00
61,1780553511323170560,1780553512323170560,HTTP Chunks Received,count,p10,19.00
61,1780553511323170560,1780553512323170560,HTTP Chunks Received,count,p25,19.00
61,1780553511323170560,1780553512323170560,HTTP Chunks Received,count,p50,19.00
61,1780553511323170560,1780553512323170560,HTTP Chunks Received,count,p75,19.00
61,1780553511323170560,1780553512323170560,HTTP Chunks Received,count,p90,19.00
61,1780553511323170560,1780553512323170560,HTTP Chunks Received,count,p95,19.00
61,1780553511323170560,1780553512323170560,HTTP Chunks Received,count,p99,19.00
61,1780553511323170560,1780553512323170560,HTTP Chunks Received,count,std,0.00
61,1780553511323170560,1780553512323170560,HTTP Chunks Sent,count,avg,1.00
61,1780553511323170560,1780553512323170560,HTTP Chunks Sent,count,min,1.00
61,1780553511323170560,1780553512323170560,HTTP Chunks Sent,count,max,1.00
61,1780553511323170560,1780553512323170560,HTTP Chunks Sent,count,sum,1.00
61,1780553511323170560,1780553512323170560,HTTP Chunks Sent,count,p1,1.00
61,1780553511323170560,1780553512323170560,HTTP Chunks Sent,count,p5,1.00
61,1780553511323170560,1780553512323170560,HTTP Chunks Sent,count,p10,1.00
61,1780553511323170560,1780553512323170560,HTTP Chunks Sent,count,p25,1.00
61,1780553511323170560,1780553512323170560,HTTP Chunks Sent,count,p50,1.00
61,1780553511323170560,1780553512323170560,HTTP Chunks Sent,count,p75,1.00
61,1780553511323170560,1780553512323170560,HTTP Chunks Sent,count,p90,1.00
61,1780553511323170560,1780553512323170560,HTTP Chunks Sent,count,p95,1.00
61,1780553511323170560,1780553512323170560,HTTP Chunks Sent,count,p99,1.00
61,1780553511323170560,1780553512323170560,HTTP Chunks Sent,count,std,0.00
61,1780553511323170560,1780553512323170560,HTTP Connecting,ms,avg,0.00
61,1780553511323170560,1780553512323170560,HTTP Connecting,ms,min,0.00
61,1780553511323170560,1780553512323170560,HTTP Connecting,ms,max,0.00
61,1780553511323170560,1780553512323170560,HTTP Connecting,ms,sum,0.00
61,1780553511323170560,1780553512323170560,HTTP Connecting,ms,p1,0.00
61,1780553511323170560,1780553512323170560,HTTP Connecting,ms,p5,0.00
61,1780553511323170560,1780553512323170560,HTTP Connecting,ms,p10,0.00
61,1780553511323170560,1780553512323170560,HTTP Connecting,ms,p25,0.00
61,1780553511323170560,1780553512323170560,HTTP Connecting,ms,p50,0.00
61,1780553511323170560,1780553512323170560,HTTP Connecting,ms,p75,0.00
61,1780553511323170560,1780553512323170560,HTTP Connecting,ms,p90,0.00
61,1780553511323170560,1780553512323170560,HTTP Connecting,ms,p95,0.00
61,1780553511323170560,1780553512323170560,HTTP Connecting,ms,p99,0.00
61,1780553511323170560,1780553512323170560,HTTP Connecting,ms,std,0.00
61,1780553511323170560,1780553512323170560,HTTP Connection Overhead,ms,avg,0.00
61,1780553511323170560,1780553512323170560,HTTP Connection Overhead,ms,min,0.00
61,1780553511323170560,1780553512323170560,HTTP Connection Overhead,ms,max,0.00
61,1780553511323170560,1780553512323170560,HTTP Connection Overhead,ms,sum,0.00
61,1780553511323170560,1780553512323170560,HTTP Connection Overhead,ms,p1,0.00
61,1780553511323170560,1780553512323170560,HTTP Connection Overhead,ms,p5,0.00
61,1780553511323170560,1780553512323170560,HTTP Connection Overhead,ms,p10,0.00
61,1780553511323170560,1780553512323170560,HTTP Connection Overhead,ms,p25,0.00
61,1780553511323170560,1780553512323170560,HTTP Connection Overhead,ms,p50,0.00
61,1780553511323170560,1780553512323170560,HTTP Connection Overhead,ms,p75,0.00
61,1780553511323170560,1780553512323170560,HTTP Connection Overhead,ms,p90,0.00
61,1780553511323170560,1780553512323170560,HTTP Connection Overhead,ms,p95,0.00
61,1780553511323170560,1780553512323170560,HTTP Connection Overhead,ms,p99,0.00
61,1780553511323170560,1780553512323170560,HTTP Connection Overhead,ms,std,0.00
61,1780553511323170560,1780553512323170560,HTTP Connection Reused,ratio,avg,1.00
61,1780553511323170560,1780553512323170560,HTTP Connection Reused,ratio,min,1.00
61,1780553511323170560,1780553512323170560,HTTP Connection Reused,ratio,max,1.00
61,1780553511323170560,1780553512323170560,HTTP Connection Reused,ratio,sum,1.00
61,1780553511323170560,1780553512323170560,HTTP Connection Reused,ratio,p1,1.00
61,1780553511323170560,1780553512323170560,HTTP Connection Reused,ratio,p5,1.00
61,1780553511323170560,1780553512323170560,HTTP Connection Reused,ratio,p10,1.00
61,1780553511323170560,1780553512323170560,HTTP Connection Reused,ratio,p25,1.00
61,1780553511323170560,1780553512323170560,HTTP Connection Reused,ratio,p50,1.00
61,1780553511323170560,1780553512323170560,HTTP Connection Reused,ratio,p75,1.00
61,1780553511323170560,1780553512323170560,HTTP Connection Reused,ratio,p90,1.00
61,1780553511323170560,1780553512323170560,HTTP Connection Reused,ratio,p95,1.00
61,1780553511323170560,1780553512323170560,HTTP Connection Reused,ratio,p99,1.00
61,1780553511323170560,1780553512323170560,HTTP Connection Reused,ratio,std,0.00
61,1780553511323170560,1780553512323170560,HTTP Data Received,KB,avg,5.33
61,1780553511323170560,1780553512323170560,HTTP Data Received,KB,min,5.33
61,1780553511323170560,1780553512323170560,HTTP Data Received,KB,max,5.33
61,1780553511323170560,1780553512323170560,HTTP Data Received,KB,sum,5.33
61,1780553511323170560,1780553512323170560,HTTP Data Received,KB,p1,5.33
61,1780553511323170560,1780553512323170560,HTTP Data Received,KB,p5,5.33
61,1780553511323170560,1780553512323170560,HTTP Data Received,KB,p10,5.33
61,1780553511323170560,1780553512323170560,HTTP Data Received,KB,p25,5.33
61,1780553511323170560,1780553512323170560,HTTP Data Received,KB,p50,5.33
61,1780553511323170560,1780553512323170560,HTTP Data Received,KB,p75,5.33
61,1780553511323170560,1780553512323170560,HTTP Data Received,KB,p90,5.33
61,1780553511323170560,1780553512323170560,HTTP Data Received,KB,p95,5.33
61,1780553511323170560,1780553512323170560,HTTP Data Received,KB,p99,5.33
61,1780553511323170560,1780553512323170560,HTTP Data Received,KB,std,0.00
61,1780553511323170560,1780553512323170560,HTTP Data Sent,KB,avg,1.36
61,1780553511323170560,1780553512323170560,HTTP Data Sent,KB,min,1.36
61,1780553511323170560,1780553512323170560,HTTP Data Sent,KB,max,1.36
61,1780553511323170560,1780553512323170560,HTTP Data Sent,KB,sum,1.36
61,1780553511323170560,1780553512323170560,HTTP Data Sent,KB,p1,1.36
61,1780553511323170560,1780553512323170560,HTTP Data Sent,KB,p5,1.36
61,1780553511323170560,1780553512323170560,HTTP Data Sent,KB,p10,1.36
61,1780553511323170560,1780553512323170560,HTTP Data Sent,KB,p25,1.36
61,1780553511323170560,1780553512323170560,HTTP Data Sent,KB,p50,1.36
61,1780553511323170560,1780553512323170560,HTTP Data Sent,KB,p75,1.36
61,1780553511323170560,1780553512323170560,HTTP Data Sent,KB,p90,1.36
61,1780553511323170560,1780553512323170560,HTTP Data Sent,KB,p95,1.36
61,1780553511323170560,1780553512323170560,HTTP Data Sent,KB,p99,1.36
61,1780553511323170560,1780553512323170560,HTTP Data Sent,KB,std,0.00
61,1780553511323170560,1780553512323170560,HTTP DNS Lookup,ms,avg,0.00
61,1780553511323170560,1780553512323170560,HTTP DNS Lookup,ms,min,0.00
61,1780553511323170560,1780553512323170560,HTTP DNS Lookup,ms,max,0.00
61,1780553511323170560,1780553512323170560,HTTP DNS Lookup,ms,sum,0.00
61,1780553511323170560,1780553512323170560,HTTP DNS Lookup,ms,p1,0.00
61,1780553511323170560,1780553512323170560,HTTP DNS Lookup,ms,p5,0.00
61,1780553511323170560,1780553512323170560,HTTP DNS Lookup,ms,p10,0.00
61,1780553511323170560,1780553512323170560,HTTP DNS Lookup,ms,p25,0.00
61,1780553511323170560,1780553512323170560,HTTP DNS Lookup,ms,p50,0.00
61,1780553511323170560,1780553512323170560,HTTP DNS Lookup,ms,p75,0.00
61,1780553511323170560,1780553512323170560,HTTP DNS Lookup,ms,p90,0.00
61,1780553511323170560,1780553512323170560,HTTP DNS Lookup,ms,p95,0.00
61,1780553511323170560,1780553512323170560,HTTP DNS Lookup,ms,p99,0.00
61,1780553511323170560,1780553512323170560,HTTP DNS Lookup,ms,std,0.00
61,1780553511323170560,1780553512323170560,HTTP Duration (excl. conn),ms,avg,63790.32
61,1780553511323170560,1780553512323170560,HTTP Duration (excl. conn),ms,min,63790.32
61,1780553511323170560,1780553512323170560,HTTP Duration (excl. conn),ms,max,63790.32
61,1780553511323170560,1780553512323170560,HTTP Duration (excl. conn),ms,sum,63790.32
61,1780553511323170560,1780553512323170560,HTTP Duration (excl. conn),ms,p1,63790.32
61,1780553511323170560,1780553512323170560,HTTP Duration (excl. conn),ms,p5,63790.32
61,1780553511323170560,1780553512323170560,HTTP Duration (excl. conn),ms,p10,63790.32
61,1780553511323170560,1780553512323170560,HTTP Duration (excl. conn),ms,p25,63790.32
61,1780553511323170560,1780553512323170560,HTTP Duration (excl. conn),ms,p50,63790.32
61,1780553511323170560,1780553512323170560,HTTP Duration (excl. conn),ms,p75,63790.32
61,1780553511323170560,1780553512323170560,HTTP Duration (excl. conn),ms,p90,63790.32
61,1780553511323170560,1780553512323170560,HTTP Duration (excl. conn),ms,p95,63790.32
61,1780553511323170560,1780553512323170560,HTTP Duration (excl. conn),ms,p99,63790.32
61,1780553511323170560,1780553512323170560,HTTP Duration (excl. conn),ms,std,0.00
61,1780553511323170560,1780553512323170560,HTTP Receiving,ms,avg,1170.54
61,1780553511323170560,1780553512323170560,HTTP Receiving,ms,min,1170.54
61,1780553511323170560,1780553512323170560,HTTP Receiving,ms,max,1170.54
61,1780553511323170560,1780553512323170560,HTTP Receiving,ms,sum,1170.54
61,1780553511323170560,1780553512323170560,HTTP Receiving,ms,p1,1170.54
61,1780553511323170560,1780553512323170560,HTTP Receiving,ms,p5,1170.54
61,1780553511323170560,1780553512323170560,HTTP Receiving,ms,p10,1170.54
61,1780553511323170560,1780553512323170560,HTTP Receiving,ms,p25,1170.54
61,1780553511323170560,1780553512323170560,HTTP Receiving,ms,p50,1170.54
61,1780553511323170560,1780553512323170560,HTTP Receiving,ms,p75,1170.54
61,1780553511323170560,1780553512323170560,HTTP Receiving,ms,p90,1170.54
61,1780553511323170560,1780553512323170560,HTTP Receiving,ms,p95,1170.54
61,1780553511323170560,1780553512323170560,HTTP Receiving,ms,p99,1170.54
61,1780553511323170560,1780553512323170560,HTTP Receiving,ms,std,0.00
61,1780553511323170560,1780553512323170560,HTTP Sending,ms,avg,0.23
61,1780553511323170560,1780553512323170560,HTTP Sending,ms,min,0.23
61,1780553511323170560,1780553512323170560,HTTP Sending,ms,max,0.23
61,1780553511323170560,1780553512323170560,HTTP Sending,ms,sum,0.23
61,1780553511323170560,1780553512323170560,HTTP Sending,ms,p1,0.23
61,1780553511323170560,1780553512323170560,HTTP Sending,ms,p5,0.23
61,1780553511323170560,1780553512323170560,HTTP Sending,ms,p10,0.23
61,1780553511323170560,1780553512323170560,HTTP Sending,ms,p25,0.23
61,1780553511323170560,1780553512323170560,HTTP Sending,ms,p50,0.23
61,1780553511323170560,1780553512323170560,HTTP Sending,ms,p75,0.23
61,1780553511323170560,1780553512323170560,HTTP Sending,ms,p90,0.23
61,1780553511323170560,1780553512323170560,HTTP Sending,ms,p95,0.23
61,1780553511323170560,1780553512323170560,HTTP Sending,ms,p99,0.23
61,1780553511323170560,1780553512323170560,HTTP Sending,ms,std,0.00
61,1780553511323170560,1780553512323170560,HTTP Total Time,ms,avg,63790.32
61,1780553511323170560,1780553512323170560,HTTP Total Time,ms,min,63790.32
61,1780553511323170560,1780553512323170560,HTTP Total Time,ms,max,63790.32
61,1780553511323170560,1780553512323170560,HTTP Total Time,ms,sum,63790.32
61,1780553511323170560,1780553512323170560,HTTP Total Time,ms,p1,63790.32
61,1780553511323170560,1780553512323170560,HTTP Total Time,ms,p5,63790.32
61,1780553511323170560,1780553512323170560,HTTP Total Time,ms,p10,63790.32
61,1780553511323170560,1780553512323170560,HTTP Total Time,ms,p25,63790.32
61,1780553511323170560,1780553512323170560,HTTP Total Time,ms,p50,63790.32
61,1780553511323170560,1780553512323170560,HTTP Total Time,ms,p75,63790.32
61,1780553511323170560,1780553512323170560,HTTP Total Time,ms,p90,63790.32
61,1780553511323170560,1780553512323170560,HTTP Total Time,ms,p95,63790.32
61,1780553511323170560,1780553512323170560,HTTP Total Time,ms,p99,63790.32
61,1780553511323170560,1780553512323170560,HTTP Total Time,ms,std,0.00
61,1780553511323170560,1780553512323170560,HTTP Waiting (TTFB),ms,avg,62619.55
61,1780553511323170560,1780553512323170560,HTTP Waiting (TTFB),ms,min,62619.55
61,1780553511323170560,1780553512323170560,HTTP Waiting (TTFB),ms,max,62619.55
61,1780553511323170560,1780553512323170560,HTTP Waiting (TTFB),ms,sum,62619.55
61,1780553511323170560,1780553512323170560,HTTP Waiting (TTFB),ms,p1,62619.55
61,1780553511323170560,1780553512323170560,HTTP Waiting (TTFB),ms,p5,62619.55
61,1780553511323170560,1780553512323170560,HTTP Waiting (TTFB),ms,p10,62619.55
61,1780553511323170560,1780553512323170560,HTTP Waiting (TTFB),ms,p25,62619.55
61,1780553511323170560,1780553512323170560,HTTP Waiting (TTFB),ms,p50,62619.55
61,1780553511323170560,1780553512323170560,HTTP Waiting (TTFB),ms,p75,62619.55
61,1780553511323170560,1780553512323170560,HTTP Waiting (TTFB),ms,p90,62619.55
61,1780553511323170560,1780553512323170560,HTTP Waiting (TTFB),ms,p95,62619.55
61,1780553511323170560,1780553512323170560,HTTP Waiting (TTFB),ms,p99,62619.55
61,1780553511323170560,1780553512323170560,HTTP Waiting (TTFB),ms,std,0.00
61,1780553511323170560,1780553512323170560,Input Sequence Length,tokens,avg,434.00
61,1780553511323170560,1780553512323170560,Input Sequence Length,tokens,min,434.00
61,1780553511323170560,1780553512323170560,Input Sequence Length,tokens,max,434.00
61,1780553511323170560,1780553512323170560,Input Sequence Length,tokens,sum,434.00
61,1780553511323170560,1780553512323170560,Input Sequence Length,tokens,p1,434.00
61,1780553511323170560,1780553512323170560,Input Sequence Length,tokens,p5,434.00
61,1780553511323170560,1780553512323170560,Input Sequence Length,tokens,p10,434.00
61,1780553511323170560,1780553512323170560,Input Sequence Length,tokens,p25,434.00
61,1780553511323170560,1780553512323170560,Input Sequence Length,tokens,p50,434.00
61,1780553511323170560,1780553512323170560,Input Sequence Length,tokens,p75,434.00
61,1780553511323170560,1780553512323170560,Input Sequence Length,tokens,p90,434.00
61,1780553511323170560,1780553512323170560,Input Sequence Length,tokens,p95,434.00
61,1780553511323170560,1780553512323170560,Input Sequence Length,tokens,p99,434.00
61,1780553511323170560,1780553512323170560,Input Sequence Length,tokens,std,0.00
61,1780553511323170560,1780553512323170560,Input Token Throughput,tokens/sec,avg,434.00
61,1780553511323170560,1780553512323170560,Inter Chunk Latency,ms,avg,66.16
61,1780553511323170560,1780553512323170560,Inter Chunk Latency,ms,min,66.16
61,1780553511323170560,1780553512323170560,Inter Chunk Latency,ms,max,66.16
61,1780553511323170560,1780553512323170560,Inter Chunk Latency,ms,sum,1190.81
61,1780553511323170560,1780553512323170560,Inter Chunk Latency,ms,p1,66.16
61,1780553511323170560,1780553512323170560,Inter Chunk Latency,ms,p5,66.16
61,1780553511323170560,1780553512323170560,Inter Chunk Latency,ms,p10,66.16
61,1780553511323170560,1780553512323170560,Inter Chunk Latency,ms,p25,66.16
61,1780553511323170560,1780553512323170560,Inter Chunk Latency,ms,p50,66.16
61,1780553511323170560,1780553512323170560,Inter Chunk Latency,ms,p75,66.16
61,1780553511323170560,1780553512323170560,Inter Chunk Latency,ms,p90,66.16
61,1780553511323170560,1780553512323170560,Inter Chunk Latency,ms,p95,66.16
61,1780553511323170560,1780553512323170560,Inter Chunk Latency,ms,p99,66.16
61,1780553511323170560,1780553512323170560,Inter Chunk Latency,ms,std,0.00
61,1780553511323170560,1780553512323170560,Inter Token Latency,ms,avg,65.03
61,1780553511323170560,1780553512323170560,Inter Token Latency,ms,min,65.03
61,1780553511323170560,1780553512323170560,Inter Token Latency,ms,max,65.03
61,1780553511323170560,1780553512323170560,Inter Token Latency,ms,sum,65.03
61,1780553511323170560,1780553512323170560,Inter Token Latency,ms,p1,65.03
61,1780553511323170560,1780553512323170560,Inter Token Latency,ms,p5,65.03
61,1780553511323170560,1780553512323170560,Inter Token Latency,ms,p10,65.03
61,1780553511323170560,1780553512323170560,Inter Token Latency,ms,p25,65.03
61,1780553511323170560,1780553512323170560,Inter Token Latency,ms,p50,65.03
61,1780553511323170560,1780553512323170560,Inter Token Latency,ms,p75,65.03
61,1780553511323170560,1780553512323170560,Inter Token Latency,ms,p90,65.03
61,1780553511323170560,1780553512323170560,Inter Token Latency,ms,p95,65.03
61,1780553511323170560,1780553512323170560,Inter Token Latency,ms,p99,65.03
61,1780553511323170560,1780553512323170560,Inter Token Latency,ms,std,0.00
61,1780553511323170560,1780553512323170560,Maximum Response Timestamp,ns,avg,1780553576034070528.00
61,1780553511323170560,1780553512323170560,Minimum Request Timestamp,ns,avg,1780553512243647488.00
61,1780553511323170560,1780553512323170560,OSL Mismatch Count,requests,avg,0.00
61,1780553511323170560,1780553512323170560,OSL Mismatch Diff %,%,avg,0.00
61,1780553511323170560,1780553512323170560,OSL Mismatch Diff %,%,min,0.00
61,1780553511323170560,1780553512323170560,OSL Mismatch Diff %,%,max,0.00
61,1780553511323170560,1780553512323170560,OSL Mismatch Diff %,%,sum,0.00
61,1780553511323170560,1780553512323170560,OSL Mismatch Diff %,%,p1,0.00
61,1780553511323170560,1780553512323170560,OSL Mismatch Diff %,%,p5,0.00
61,1780553511323170560,1780553512323170560,OSL Mismatch Diff %,%,p10,0.00
61,1780553511323170560,1780553512323170560,OSL Mismatch Diff %,%,p25,0.00
61,1780553511323170560,1780553512323170560,OSL Mismatch Diff %,%,p50,0.00
61,1780553511323170560,1780553512323170560,OSL Mismatch Diff %,%,p75,0.00
61,1780553511323170560,1780553512323170560,OSL Mismatch Diff %,%,p90,0.00
61,1780553511323170560,1780553512323170560,OSL Mismatch Diff %,%,p95,0.00
61,1780553511323170560,1780553512323170560,OSL Mismatch Diff %,%,p99,0.00
61,1780553511323170560,1780553512323170560,OSL Mismatch Diff %,%,std,0.00
61,1780553511323170560,1780553512323170560,Output Sequence Length,tokens,avg,19.00
61,1780553511323170560,1780553512323170560,Output Sequence Length,tokens,min,19.00
61,1780553511323170560,1780553512323170560,Output Sequence Length,tokens,max,19.00
61,1780553511323170560,1780553512323170560,Output Sequence Length,tokens,sum,19.00
61,1780553511323170560,1780553512323170560,Output Sequence Length,tokens,p1,19.00
61,1780553511323170560,1780553512323170560,Output Sequence Length,tokens,p5,19.00
61,1780553511323170560,1780553512323170560,Output Sequence Length,tokens,p10,19.00
61,1780553511323170560,1780553512323170560,Output Sequence Length,tokens,p25,19.00
61,1780553511323170560,1780553512323170560,Output Sequence Length,tokens,p50,19.00
61,1780553511323170560,1780553512323170560,Output Sequence Length,tokens,p75,19.00
61,1780553511323170560,1780553512323170560,Output Sequence Length,tokens,p90,19.00
61,1780553511323170560,1780553512323170560,Output Sequence Length,tokens,p95,19.00
61,1780553511323170560,1780553512323170560,Output Sequence Length,tokens,p99,19.00
61,1780553511323170560,1780553512323170560,Output Sequence Length,tokens,std,0.00
61,1780553511323170560,1780553512323170560,Output Token Count,tokens,avg,19.00
61,1780553511323170560,1780553512323170560,Output Token Count,tokens,min,19.00
61,1780553511323170560,1780553512323170560,Output Token Count,tokens,max,19.00
61,1780553511323170560,1780553512323170560,Output Token Count,tokens,sum,19.00
61,1780553511323170560,1780553512323170560,Output Token Count,tokens,p1,19.00
61,1780553511323170560,1780553512323170560,Output Token Count,tokens,p5,19.00
61,1780553511323170560,1780553512323170560,Output Token Count,tokens,p10,19.00
61,1780553511323170560,1780553512323170560,Output Token Count,tokens,p25,19.00
61,1780553511323170560,1780553512323170560,Output Token Count,tokens,p50,19.00
61,1780553511323170560,1780553512323170560,Output Token Count,tokens,p75,19.00
61,1780553511323170560,1780553512323170560,Output Token Count,tokens,p90,19.00
61,1780553511323170560,1780553512323170560,Output Token Count,tokens,p95,19.00
61,1780553511323170560,1780553512323170560,Output Token Count,tokens,p99,19.00
61,1780553511323170560,1780553512323170560,Output Token Count,tokens,std,0.00
61,1780553511323170560,1780553512323170560,Output Token Throughput,tokens/sec,avg,19.00
61,1780553511323170560,1780553512323170560,Output Token Throughput Per User,tokens/sec/user,avg,15.38
61,1780553511323170560,1780553512323170560,Output Token Throughput Per User,tokens/sec/user,min,15.38
61,1780553511323170560,1780553512323170560,Output Token Throughput Per User,tokens/sec/user,max,15.38
61,1780553511323170560,1780553512323170560,Output Token Throughput Per User,tokens/sec/user,sum,15.38
61,1780553511323170560,1780553512323170560,Output Token Throughput Per User,tokens/sec/user,p1,15.38
61,1780553511323170560,1780553512323170560,Output Token Throughput Per User,tokens/sec/user,p5,15.38
61,1780553511323170560,1780553512323170560,Output Token Throughput Per User,tokens/sec/user,p10,15.38
61,1780553511323170560,1780553512323170560,Output Token Throughput Per User,tokens/sec/user,p25,15.38
61,1780553511323170560,1780553512323170560,Output Token Throughput Per User,tokens/sec/user,p50,15.38
61,1780553511323170560,1780553512323170560,Output Token Throughput Per User,tokens/sec/user,p75,15.38
61,1780553511323170560,1780553512323170560,Output Token Throughput Per User,tokens/sec/user,p90,15.38
61,1780553511323170560,1780553512323170560,Output Token Throughput Per User,tokens/sec/user,p95,15.38
61,1780553511323170560,1780553512323170560,Output Token Throughput Per User,tokens/sec/user,p99,15.38
61,1780553511323170560,1780553512323170560,Output Token Throughput Per User,tokens/sec/user,std,0.00
61,1780553511323170560,1780553512323170560,Prefill Throughput Per User,tokens/sec/user,avg,6.93
61,1780553511323170560,1780553512323170560,Prefill Throughput Per User,tokens/sec/user,min,6.93
61,1780553511323170560,1780553512323170560,Prefill Throughput Per User,tokens/sec/user,max,6.93
61,1780553511323170560,1780553512323170560,Prefill Throughput Per User,tokens/sec/user,sum,6.93
61,1780553511323170560,1780553512323170560,Prefill Throughput Per User,tokens/sec/user,p1,6.93
61,1780553511323170560,1780553512323170560,Prefill Throughput Per User,tokens/sec/user,p5,6.93
61,1780553511323170560,1780553512323170560,Prefill Throughput Per User,tokens/sec/user,p10,6.93
61,1780553511323170560,1780553512323170560,Prefill Throughput Per User,tokens/sec/user,p25,6.93
61,1780553511323170560,1780553512323170560,Prefill Throughput Per User,tokens/sec/user,p50,6.93
61,1780553511323170560,1780553512323170560,Prefill Throughput Per User,tokens/sec/user,p75,6.93
61,1780553511323170560,1780553512323170560,Prefill Throughput Per User,tokens/sec/user,p90,6.93
61,1780553511323170560,1780553512323170560,Prefill Throughput Per User,tokens/sec/user,p95,6.93
61,1780553511323170560,1780553512323170560,Prefill Throughput Per User,tokens/sec/user,p99,6.93
61,1780553511323170560,1780553512323170560,Prefill Throughput Per User,tokens/sec/user,std,0.00
61,1780553511323170560,1780553512323170560,Request Count,requests,avg,1.00
61,1780553511323170560,1780553512323170560,Request Latency,ms,avg,63790.42
61,1780553511323170560,1780553512323170560,Request Latency,ms,min,63790.42
61,1780553511323170560,1780553512323170560,Request Latency,ms,max,63790.42
61,1780553511323170560,1780553512323170560,Request Latency,ms,sum,63790.42
61,1780553511323170560,1780553512323170560,Request Latency,ms,p1,63790.42
61,1780553511323170560,1780553512323170560,Request Latency,ms,p5,63790.42
61,1780553511323170560,1780553512323170560,Request Latency,ms,p10,63790.42
61,1780553511323170560,1780553512323170560,Request Latency,ms,p25,63790.42
61,1780553511323170560,1780553512323170560,Request Latency,ms,p50,63790.42
61,1780553511323170560,1780553512323170560,Request Latency,ms,p75,63790.42
61,1780553511323170560,1780553512323170560,Request Latency,ms,p90,63790.42
61,1780553511323170560,1780553512323170560,Request Latency,ms,p95,63790.42
61,1780553511323170560,1780553512323170560,Request Latency,ms,p99,63790.42
61,1780553511323170560,1780553512323170560,Request Latency,ms,std,0.00
61,1780553511323170560,1780553512323170560,Request Throughput,requests/sec,avg,1.00
61,1780553511323170560,1780553512323170560,Requested OSL,tokens,avg,19.00
61,1780553511323170560,1780553512323170560,Requested OSL,tokens,min,19.00
61,1780553511323170560,1780553512323170560,Requested OSL,tokens,max,19.00
61,1780553511323170560,1780553512323170560,Requested OSL,tokens,sum,19.00
61,1780553511323170560,1780553512323170560,Requested OSL,tokens,p1,19.00
61,1780553511323170560,1780553512323170560,Requested OSL,tokens,p5,19.00
61,1780553511323170560,1780553512323170560,Requested OSL,tokens,p10,19.00
61,1780553511323170560,1780553512323170560,Requested OSL,tokens,p25,19.00
61,1780553511323170560,1780553512323170560,Requested OSL,tokens,p50,19.00
61,1780553511323170560,1780553512323170560,Requested OSL,tokens,p75,19.00
61,1780553511323170560,1780553512323170560,Requested OSL,tokens,p90,19.00
61,1780553511323170560,1780553512323170560,Requested OSL,tokens,p95,19.00
61,1780553511323170560,1780553512323170560,Requested OSL,tokens,p99,19.00
61,1780553511323170560,1780553512323170560,Requested OSL,tokens,std,0.00
61,1780553511323170560,1780553512323170560,Time to First Output Token,ms,avg,62619.89
61,1780553511323170560,1780553512323170560,Time to First Output Token,ms,min,62619.89
61,1780553511323170560,1780553512323170560,Time to First Output Token,ms,max,62619.89
61,1780553511323170560,1780553512323170560,Time to First Output Token,ms,sum,62619.89
61,1780553511323170560,1780553512323170560,Time to First Output Token,ms,p1,62619.89
61,1780553511323170560,1780553512323170560,Time to First Output Token,ms,p5,62619.89
61,1780553511323170560,1780553512323170560,Time to First Output Token,ms,p10,62619.89
61,1780553511323170560,1780553512323170560,Time to First Output Token,ms,p25,62619.89
61,1780553511323170560,1780553512323170560,Time to First Output Token,ms,p50,62619.89
61,1780553511323170560,1780553512323170560,Time to First Output Token,ms,p75,62619.89
61,1780553511323170560,1780553512323170560,Time to First Output Token,ms,p90,62619.89
61,1780553511323170560,1780553512323170560,Time to First Output Token,ms,p95,62619.89
61,1780553511323170560,1780553512323170560,Time to First Output Token,ms,p99,62619.89
61,1780553511323170560,1780553512323170560,Time to First Output Token,ms,std,0.00
61,1780553511323170560,1780553512323170560,Time to First Token,ms,avg,62619.89
61,1780553511323170560,1780553512323170560,Time to First Token,ms,min,62619.89
61,1780553511323170560,1780553512323170560,Time to First Token,ms,max,62619.89
61,1780553511323170560,1780553512323170560,Time to First Token,ms,sum,62619.89
61,1780553511323170560,1780553512323170560,Time to First Token,ms,p1,62619.89
61,1780553511323170560,1780553512323170560,Time to First Token,ms,p5,62619.89
61,1780553511323170560,1780553512323170560,Time to First Token,ms,p10,62619.89
61,1780553511323170560,1780553512323170560,Time to First Token,ms,p25,62619.89
61,1780553511323170560,1780553512323170560,Time to First Token,ms,p50,62619.89
61,1780553511323170560,1780553512323170560,Time to First Token,ms,p75,62619.89
61,1780553511323170560,1780553512323170560,Time to First Token,ms,p90,62619.89
61,1780553511323170560,1780553512323170560,Time to First Token,ms,p95,62619.89
61,1780553511323170560,1780553512323170560,Time to First Token,ms,p99,62619.89
61,1780553511323170560,1780553512323170560,Time to First Token,ms,std,0.00
61,1780553511323170560,1780553512323170560,Time to Second Token,ms,avg,20.83
61,1780553511323170560,1780553512323170560,Time to Second Token,ms,min,20.83
61,1780553511323170560,1780553512323170560,Time to Second Token,ms,max,20.83
61,1780553511323170560,1780553512323170560,Time to Second Token,ms,sum,20.83
61,1780553511323170560,1780553512323170560,Time to Second Token,ms,p1,20.83
61,1780553511323170560,1780553512323170560,Time to Second Token,ms,p5,20.83
61,1780553511323170560,1780553512323170560,Time to Second Token,ms,p10,20.83
61,1780553511323170560,1780553512323170560,Time to Second Token,ms,p25,20.83
61,1780553511323170560,1780553512323170560,Time to Second Token,ms,p50,20.83
61,1780553511323170560,1780553512323170560,Time to Second Token,ms,p75,20.83
61,1780553511323170560,1780553512323170560,Time to Second Token,ms,p90,20.83
61,1780553511323170560,1780553512323170560,Time to Second Token,ms,p95,20.83
61,1780553511323170560,1780553512323170560,Time to Second Token,ms,p99,20.83
61,1780553511323170560,1780553512323170560,Time to Second Token,ms,std,0.00
61,1780553511323170560,1780553512323170560,Tokens In Flight,tokens,avg,1777914.55
61,1780553511323170560,1780553512323170560,Tokens In Flight,tokens,min,1718108.00
61,1780553511323170560,1780553512323170560,Tokens In Flight,tokens,max,1783394.00
61,1780553511323170560,1780553512323170560,Tokens In Flight,tokens,p50,1783373.00
61,1780553511323170560,1780553512323170560,Tokens In Flight,tokens,p90,1783391.00
61,1780553511323170560,1780553512323170560,Tokens In Flight,tokens,p95,1783392.00
61,1780553511323170560,1780553512323170560,Tokens In Flight,tokens,p99,1783394.00
61,1780553511323170560,1780553512323170560,Tokens In Flight,tokens,std,18008.90
61,1780553511323170560,1780553512323170560,Total Input Sequence Length,tokens,avg,434.00
61,1780553511323170560,1780553512323170560,Total Output Sequence Length,tokens,avg,19.00
61,1780553511323170560,1780553512323170560,Total Output Tokens,tokens,avg,19.00
61,1780553511323170560,1780553512323170560,Total Token Throughput,tokens/sec,avg,453.00
61,1780553511323170560,1780553512323170560,Total Usage Completion Tokens,tokens,avg,19.00
61,1780553511323170560,1780553512323170560,Total Usage Prompt Tokens,tokens,avg,434.00
61,1780553511323170560,1780553512323170560,Total Usage Total Tokens,tokens,avg,453.00
61,1780553511323170560,1780553512323170560,Usage Completion Tokens,tokens,avg,19.00
61,1780553511323170560,1780553512323170560,Usage Completion Tokens,tokens,min,19.00
61,1780553511323170560,1780553512323170560,Usage Completion Tokens,tokens,max,19.00
61,1780553511323170560,1780553512323170560,Usage Completion Tokens,tokens,sum,19.00
61,1780553511323170560,1780553512323170560,Usage Completion Tokens,tokens,p1,19.00
61,1780553511323170560,1780553512323170560,Usage Completion Tokens,tokens,p5,19.00
61,1780553511323170560,1780553512323170560,Usage Completion Tokens,tokens,p10,19.00
61,1780553511323170560,1780553512323170560,Usage Completion Tokens,tokens,p25,19.00
61,1780553511323170560,1780553512323170560,Usage Completion Tokens,tokens,p50,19.00
61,1780553511323170560,1780553512323170560,Usage Completion Tokens,tokens,p75,19.00
61,1780553511323170560,1780553512323170560,Usage Completion Tokens,tokens,p90,19.00
61,1780553511323170560,1780553512323170560,Usage Completion Tokens,tokens,p95,19.00
61,1780553511323170560,1780553512323170560,Usage Completion Tokens,tokens,p99,19.00
61,1780553511323170560,1780553512323170560,Usage Completion Tokens,tokens,std,0.00
61,1780553511323170560,1780553512323170560,Usage Prompt Tokens,tokens,avg,434.00
61,1780553511323170560,1780553512323170560,Usage Prompt Tokens,tokens,min,434.00
61,1780553511323170560,1780553512323170560,Usage Prompt Tokens,tokens,max,434.00
61,1780553511323170560,1780553512323170560,Usage Prompt Tokens,tokens,sum,434.00
61,1780553511323170560,1780553512323170560,Usage Prompt Tokens,tokens,p1,434.00
61,1780553511323170560,1780553512323170560,Usage Prompt Tokens,tokens,p5,434.00
61,1780553511323170560,1780553512323170560,Usage Prompt Tokens,tokens,p10,434.00
61,1780553511323170560,1780553512323170560,Usage Prompt Tokens,tokens,p25,434.00
61,1780553511323170560,1780553512323170560,Usage Prompt Tokens,tokens,p50,434.00
61,1780553511323170560,1780553512323170560,Usage Prompt Tokens,tokens,p75,434.00
61,1780553511323170560,1780553512323170560,Usage Prompt Tokens,tokens,p90,434.00
61,1780553511323170560,1780553512323170560,Usage Prompt Tokens,tokens,p95,434.00
61,1780553511323170560,1780553512323170560,Usage Prompt Tokens,tokens,p99,434.00
61,1780553511323170560,1780553512323170560,Usage Prompt Tokens,tokens,std,0.00
61,1780553511323170560,1780553512323170560,Usage Total Tokens,tokens,avg,453.00
61,1780553511323170560,1780553512323170560,Usage Total Tokens,tokens,min,453.00
61,1780553511323170560,1780553512323170560,Usage Total Tokens,tokens,max,453.00
61,1780553511323170560,1780553512323170560,Usage Total Tokens,tokens,sum,453.00
61,1780553511323170560,1780553512323170560,Usage Total Tokens,tokens,p1,453.00
61,1780553511323170560,1780553512323170560,Usage Total Tokens,tokens,p5,453.00
61,1780553511323170560,1780553512323170560,Usage Total Tokens,tokens,p10,453.00
61,1780553511323170560,1780553512323170560,Usage Total Tokens,tokens,p25,453.00
61,1780553511323170560,1780553512323170560,Usage Total Tokens,tokens,p50,453.00
61,1780553511323170560,1780553512323170560,Usage Total Tokens,tokens,p75,453.00
61,1780553511323170560,1780553512323170560,Usage Total Tokens,tokens,p90,453.00
61,1780553511323170560,1780553512323170560,Usage Total Tokens,tokens,p95,453.00
61,1780553511323170560,1780553512323170560,Usage Total Tokens,tokens,p99,453.00
61,1780553511323170560,1780553512323170560,Usage Total Tokens,tokens,std,0.00
62,1780553536323170560,1780553537323170560,Active Decode Throughput,tokens/sec,avg,15.02
62,1780553536323170560,1780553537323170560,Active Decode Throughput,tokens/sec,min,0.00
62,1780553536323170560,1780553537323170560,Active Decode Throughput,tokens/sec,max,30.05
62,1780553536323170560,1780553537323170560,Active Decode Throughput,tokens/sec,p50,15.02
62,1780553536323170560,1780553537323170560,Active Decode Throughput,tokens/sec,p90,15.02
62,1780553536323170560,1780553537323170560,Active Decode Throughput,tokens/sec,p95,15.02
62,1780553536323170560,1780553537323170560,Active Decode Throughput,tokens/sec,p99,15.02
62,1780553536323170560,1780553537323170560,Active Decode Throughput,tokens/sec,std,0.02
62,1780553536323170560,1780553537323170560,Active Decode Throughput Per User,tokens/sec/user,avg,1.88
62,1780553536323170560,1780553537323170560,Active Decode Throughput Per User,tokens/sec/user,min,0.00
62,1780553536323170560,1780553537323170560,Active Decode Throughput Per User,tokens/sec/user,max,3.76
62,1780553536323170560,1780553537323170560,Active Decode Throughput Per User,tokens/sec/user,p50,1.88
62,1780553536323170560,1780553537323170560,Active Decode Throughput Per User,tokens/sec/user,p90,1.88
62,1780553536323170560,1780553537323170560,Active Decode Throughput Per User,tokens/sec/user,p95,1.88
62,1780553536323170560,1780553537323170560,Active Decode Throughput Per User,tokens/sec/user,p99,1.88
62,1780553536323170560,1780553537323170560,Active Decode Throughput Per User,tokens/sec/user,std,0.00
62,1780553536323170560,1780553537323170560,Active Prefill Throughput,tokens/sec,avg,7234.15
62,1780553536323170560,1780553537323170560,Active Prefill Throughput,tokens/sec,min,6717.41
62,1780553536323170560,1780553537323170560,Active Prefill Throughput,tokens/sec,max,9177.15
62,1780553536323170560,1780553537323170560,Active Prefill Throughput,tokens/sec,p50,6717.41
62,1780553536323170560,1780553537323170560,Active Prefill Throughput,tokens/sec,p90,9177.15
62,1780553536323170560,1780553537323170560,Active Prefill Throughput,tokens/sec,p95,9177.15
62,1780553536323170560,1780553537323170560,Active Prefill Throughput,tokens/sec,p99,9177.15
62,1780553536323170560,1780553537323170560,Active Prefill Throughput,tokens/sec,std,1002.01
62,1780553536323170560,1780553537323170560,Active Prefill Throughput Per User,tokens/sec/user,avg,1159.79
62,1780553536323170560,1780553537323170560,Active Prefill Throughput Per User,tokens/sec/user,min,1119.57
62,1780553536323170560,1780553537323170560,Active Prefill Throughput Per User,tokens/sec/user,max,1311.02
62,1780553536323170560,1780553537323170560,Active Prefill Throughput Per User,tokens/sec/user,p50,1119.57
62,1780553536323170560,1780553537323170560,Active Prefill Throughput Per User,tokens/sec/user,p90,1311.02
62,1780553536323170560,1780553537323170560,Active Prefill Throughput Per User,tokens/sec/user,p95,1311.02
62,1780553536323170560,1780553537323170560,Active Prefill Throughput Per User,tokens/sec/user,p99,1311.02
62,1780553536323170560,1780553537323170560,Active Prefill Throughput Per User,tokens/sec/user,std,77.99
62,1780553536323170560,1780553537323170560,Active Total Throughput,tokens/sec,avg,7278.65
62,1780553536323170560,1780553537323170560,Active Total Throughput,tokens/sec,min,6761.91
62,1780553536323170560,1780553537323170560,Active Total Throughput,tokens/sec,max,9221.65
62,1780553536323170560,1780553537323170560,Active Total Throughput,tokens/sec,p50,6761.91
62,1780553536323170560,1780553537323170560,Active Total Throughput,tokens/sec,p90,9221.65
62,1780553536323170560,1780553537323170560,Active Total Throughput,tokens/sec,p95,9221.65
62,1780553536323170560,1780553537323170560,Active Total Throughput,tokens/sec,p99,9221.65
62,1780553536323170560,1780553537323170560,Active Total Throughput,tokens/sec,std,1002.01
62,1780553536323170560,1780553537323170560,Benchmark Duration,sec,avg,180.41
62,1780553536323170560,1780553537323170560,E2E Output Token Throughput,tokens/sec/user,avg,3.55
62,1780553536323170560,1780553537323170560,E2E Output Token Throughput,tokens/sec/user,min,3.55
62,1780553536323170560,1780553537323170560,E2E Output Token Throughput,tokens/sec/user,max,3.55
62,1780553536323170560,1780553537323170560,E2E Output Token Throughput,tokens/sec/user,sum,3.55
62,1780553536323170560,1780553537323170560,E2E Output Token Throughput,tokens/sec/user,p1,3.55
62,1780553536323170560,1780553537323170560,E2E Output Token Throughput,tokens/sec/user,p5,3.55
62,1780553536323170560,1780553537323170560,E2E Output Token Throughput,tokens/sec/user,p10,3.55
62,1780553536323170560,1780553537323170560,E2E Output Token Throughput,tokens/sec/user,p25,3.55
62,1780553536323170560,1780553537323170560,E2E Output Token Throughput,tokens/sec/user,p50,3.55
62,1780553536323170560,1780553537323170560,E2E Output Token Throughput,tokens/sec/user,p75,3.55
62,1780553536323170560,1780553537323170560,E2E Output Token Throughput,tokens/sec/user,p90,3.55
62,1780553536323170560,1780553537323170560,E2E Output Token Throughput,tokens/sec/user,p95,3.55
62,1780553536323170560,1780553537323170560,E2E Output Token Throughput,tokens/sec/user,p99,3.55
62,1780553536323170560,1780553537323170560,E2E Output Token Throughput,tokens/sec/user,std,0.00
62,1780553536323170560,1780553537323170560,Effective Concurrency,requests,avg,14.21
62,1780553536323170560,1780553537323170560,Effective Concurrency,requests,min,14.00
62,1780553536323170560,1780553537323170560,Effective Concurrency,requests,max,15.00
62,1780553536323170560,1780553537323170560,Effective Concurrency,requests,p50,14.00
62,1780553536323170560,1780553537323170560,Effective Concurrency,requests,p90,15.00
62,1780553536323170560,1780553537323170560,Effective Concurrency,requests,p95,15.00
62,1780553536323170560,1780553537323170560,Effective Concurrency,requests,p99,15.00
62,1780553536323170560,1780553537323170560,Effective Concurrency,requests,std,0.41
62,1780553536323170560,1780553537323170560,Effective Decode Concurrency,requests,avg,8.00
62,1780553536323170560,1780553537323170560,Effective Decode Concurrency,requests,min,8.00
62,1780553536323170560,1780553537323170560,Effective Decode Concurrency,requests,max,8.00
62,1780553536323170560,1780553537323170560,Effective Decode Concurrency,requests,p50,8.00
62,1780553536323170560,1780553537323170560,Effective Decode Concurrency,requests,p90,8.00
62,1780553536323170560,1780553537323170560,Effective Decode Concurrency,requests,p95,8.00
62,1780553536323170560,1780553537323170560,Effective Decode Concurrency,requests,p99,8.00
62,1780553536323170560,1780553537323170560,Effective Decode Concurrency,requests,std,0.00
62,1780553536323170560,1780553537323170560,Effective Decode Throughput,tokens/sec,avg,15.02
62,1780553536323170560,1780553537323170560,Effective Decode Throughput,tokens/sec,min,0.00
62,1780553536323170560,1780553537323170560,Effective Decode Throughput,tokens/sec,max,30.05
62,1780553536323170560,1780553537323170560,Effective Decode Throughput,tokens/sec,p50,15.02
62,1780553536323170560,1780553537323170560,Effective Decode Throughput,tokens/sec,p90,15.02
62,1780553536323170560,1780553537323170560,Effective Decode Throughput,tokens/sec,p95,15.02
62,1780553536323170560,1780553537323170560,Effective Decode Throughput,tokens/sec,p99,15.02
62,1780553536323170560,1780553537323170560,Effective Decode Throughput,tokens/sec,std,0.02
62,1780553536323170560,1780553537323170560,Effective Decode Throughput Per User,tokens/sec/user,avg,1.88
62,1780553536323170560,1780553537323170560,Effective Decode Throughput Per User,tokens/sec/user,min,0.00
62,1780553536323170560,1780553537323170560,Effective Decode Throughput Per User,tokens/sec/user,max,3.76
62,1780553536323170560,1780553537323170560,Effective Decode Throughput Per User,tokens/sec/user,p50,1.88
62,1780553536323170560,1780553537323170560,Effective Decode Throughput Per User,tokens/sec/user,p90,1.88
62,1780553536323170560,1780553537323170560,Effective Decode Throughput Per User,tokens/sec/user,p95,1.88
62,1780553536323170560,1780553537323170560,Effective Decode Throughput Per User,tokens/sec/user,p99,1.88
62,1780553536323170560,1780553537323170560,Effective Decode Throughput Per User,tokens/sec/user,std,0.00
62,1780553536323170560,1780553537323170560,Effective Prefill Concurrency,requests,avg,6.21
62,1780553536323170560,1780553537323170560,Effective Prefill Concurrency,requests,min,6.00
62,1780553536323170560,1780553537323170560,Effective Prefill Concurrency,requests,max,7.00
62,1780553536323170560,1780553537323170560,Effective Prefill Concurrency,requests,p50,6.00
62,1780553536323170560,1780553537323170560,Effective Prefill Concurrency,requests,p90,7.00
62,1780553536323170560,1780553537323170560,Effective Prefill Concurrency,requests,p95,7.00
62,1780553536323170560,1780553537323170560,Effective Prefill Concurrency,requests,p99,7.00
62,1780553536323170560,1780553537323170560,Effective Prefill Concurrency,requests,std,0.41
62,1780553536323170560,1780553537323170560,Effective Prefill Throughput,tokens/sec,avg,7234.15
62,1780553536323170560,1780553537323170560,Effective Prefill Throughput,tokens/sec,min,6717.41
62,1780553536323170560,1780553537323170560,Effective Prefill Throughput,tokens/sec,max,9177.15
62,1780553536323170560,1780553537323170560,Effective Prefill Throughput,tokens/sec,p50,6717.41
62,1780553536323170560,1780553537323170560,Effective Prefill Throughput,tokens/sec,p90,9177.15
62,1780553536323170560,1780553537323170560,Effective Prefill Throughput,tokens/sec,p95,9177.15
62,1780553536323170560,1780553537323170560,Effective Prefill Throughput,tokens/sec,p99,9177.15
62,1780553536323170560,1780553537323170560,Effective Prefill Throughput,tokens/sec,std,1002.01
62,1780553536323170560,1780553537323170560,Effective Prefill Throughput Per User,tokens/sec/user,avg,1159.79
62,1780553536323170560,1780553537323170560,Effective Prefill Throughput Per User,tokens/sec/user,min,1119.57
62,1780553536323170560,1780553537323170560,Effective Prefill Throughput Per User,tokens/sec/user,max,1311.02
62,1780553536323170560,1780553537323170560,Effective Prefill Throughput Per User,tokens/sec/user,p50,1119.57
62,1780553536323170560,1780553537323170560,Effective Prefill Throughput Per User,tokens/sec/user,p90,1311.02
62,1780553536323170560,1780553537323170560,Effective Prefill Throughput Per User,tokens/sec/user,p95,1311.02
62,1780553536323170560,1780553537323170560,Effective Prefill Throughput Per User,tokens/sec/user,p99,1311.02
62,1780553536323170560,1780553537323170560,Effective Prefill Throughput Per User,tokens/sec/user,std,77.99
62,1780553536323170560,1780553537323170560,Effective Total Throughput,tokens/sec,avg,7278.65
62,1780553536323170560,1780553537323170560,Effective Total Throughput,tokens/sec,min,6761.91
62,1780553536323170560,1780553537323170560,Effective Total Throughput,tokens/sec,max,9221.65
62,1780553536323170560,1780553537323170560,Effective Total Throughput,tokens/sec,p50,6761.91
62,1780553536323170560,1780553537323170560,Effective Total Throughput,tokens/sec,p90,9221.65
62,1780553536323170560,1780553537323170560,Effective Total Throughput,tokens/sec,p95,9221.65
62,1780553536323170560,1780553537323170560,Effective Total Throughput,tokens/sec,p99,9221.65
62,1780553536323170560,1780553537323170560,Effective Total Throughput,tokens/sec,std,1002.01
62,1780553536323170560,1780553537323170560,HTTP Blocked,ms,avg,0.00
62,1780553536323170560,1780553537323170560,HTTP Blocked,ms,min,0.00
62,1780553536323170560,1780553537323170560,HTTP Blocked,ms,max,0.00
62,1780553536323170560,1780553537323170560,HTTP Blocked,ms,sum,0.00
62,1780553536323170560,1780553537323170560,HTTP Blocked,ms,p1,0.00
62,1780553536323170560,1780553537323170560,HTTP Blocked,ms,p5,0.00
62,1780553536323170560,1780553537323170560,HTTP Blocked,ms,p10,0.00
62,1780553536323170560,1780553537323170560,HTTP Blocked,ms,p25,0.00
62,1780553536323170560,1780553537323170560,HTTP Blocked,ms,p50,0.00
62,1780553536323170560,1780553537323170560,HTTP Blocked,ms,p75,0.00
62,1780553536323170560,1780553537323170560,HTTP Blocked,ms,p90,0.00
62,1780553536323170560,1780553537323170560,HTTP Blocked,ms,p95,0.00
62,1780553536323170560,1780553537323170560,HTTP Blocked,ms,p99,0.00
62,1780553536323170560,1780553537323170560,HTTP Blocked,ms,std,0.00
62,1780553536323170560,1780553537323170560,HTTP Chunks Received,count,avg,640.00
62,1780553536323170560,1780553537323170560,HTTP Chunks Received,count,min,640.00
62,1780553536323170560,1780553537323170560,HTTP Chunks Received,count,max,640.00
62,1780553536323170560,1780553537323170560,HTTP Chunks Received,count,sum,640.00
62,1780553536323170560,1780553537323170560,HTTP Chunks Received,count,p1,640.00
62,1780553536323170560,1780553537323170560,HTTP Chunks Received,count,p5,640.00
62,1780553536323170560,1780553537323170560,HTTP Chunks Received,count,p10,640.00
62,1780553536323170560,1780553537323170560,HTTP Chunks Received,count,p25,640.00
62,1780553536323170560,1780553537323170560,HTTP Chunks Received,count,p50,640.00
62,1780553536323170560,1780553537323170560,HTTP Chunks Received,count,p75,640.00
62,1780553536323170560,1780553537323170560,HTTP Chunks Received,count,p90,640.00
62,1780553536323170560,1780553537323170560,HTTP Chunks Received,count,p95,640.00
62,1780553536323170560,1780553537323170560,HTTP Chunks Received,count,p99,640.00
62,1780553536323170560,1780553537323170560,HTTP Chunks Received,count,std,0.00
62,1780553536323170560,1780553537323170560,HTTP Chunks Sent,count,avg,1.00
62,1780553536323170560,1780553537323170560,HTTP Chunks Sent,count,min,1.00
62,1780553536323170560,1780553537323170560,HTTP Chunks Sent,count,max,1.00
62,1780553536323170560,1780553537323170560,HTTP Chunks Sent,count,sum,1.00
62,1780553536323170560,1780553537323170560,HTTP Chunks Sent,count,p1,1.00
62,1780553536323170560,1780553537323170560,HTTP Chunks Sent,count,p5,1.00
62,1780553536323170560,1780553537323170560,HTTP Chunks Sent,count,p10,1.00
62,1780553536323170560,1780553537323170560,HTTP Chunks Sent,count,p25,1.00
62,1780553536323170560,1780553537323170560,HTTP Chunks Sent,count,p50,1.00
62,1780553536323170560,1780553537323170560,HTTP Chunks Sent,count,p75,1.00
62,1780553536323170560,1780553537323170560,HTTP Chunks Sent,count,p90,1.00
62,1780553536323170560,1780553537323170560,HTTP Chunks Sent,count,p95,1.00
62,1780553536323170560,1780553537323170560,HTTP Chunks Sent,count,p99,1.00
62,1780553536323170560,1780553537323170560,HTTP Chunks Sent,count,std,0.00
62,1780553536323170560,1780553537323170560,HTTP Connecting,ms,avg,0.70
62,1780553536323170560,1780553537323170560,HTTP Connecting,ms,min,0.70
62,1780553536323170560,1780553537323170560,HTTP Connecting,ms,max,0.70
62,1780553536323170560,1780553537323170560,HTTP Connecting,ms,sum,0.70
62,1780553536323170560,1780553537323170560,HTTP Connecting,ms,p1,0.70
62,1780553536323170560,1780553537323170560,HTTP Connecting,ms,p5,0.70
62,1780553536323170560,1780553537323170560,HTTP Connecting,ms,p10,0.70
62,1780553536323170560,1780553537323170560,HTTP Connecting,ms,p25,0.70
62,1780553536323170560,1780553537323170560,HTTP Connecting,ms,p50,0.70
62,1780553536323170560,1780553537323170560,HTTP Connecting,ms,p75,0.70
62,1780553536323170560,1780553537323170560,HTTP Connecting,ms,p90,0.70
62,1780553536323170560,1780553537323170560,HTTP Connecting,ms,p95,0.70
62,1780553536323170560,1780553537323170560,HTTP Connecting,ms,p99,0.70
62,1780553536323170560,1780553537323170560,HTTP Connecting,ms,std,0.00
62,1780553536323170560,1780553537323170560,HTTP Connection Overhead,ms,avg,0.70
62,1780553536323170560,1780553537323170560,HTTP Connection Overhead,ms,min,0.70
62,1780553536323170560,1780553537323170560,HTTP Connection Overhead,ms,max,0.70
62,1780553536323170560,1780553537323170560,HTTP Connection Overhead,ms,sum,0.70
62,1780553536323170560,1780553537323170560,HTTP Connection Overhead,ms,p1,0.70
62,1780553536323170560,1780553537323170560,HTTP Connection Overhead,ms,p5,0.70
62,1780553536323170560,1780553537323170560,HTTP Connection Overhead,ms,p10,0.70
62,1780553536323170560,1780553537323170560,HTTP Connection Overhead,ms,p25,0.70
62,1780553536323170560,1780553537323170560,HTTP Connection Overhead,ms,p50,0.70
62,1780553536323170560,1780553537323170560,HTTP Connection Overhead,ms,p75,0.70
62,1780553536323170560,1780553537323170560,HTTP Connection Overhead,ms,p90,0.70
62,1780553536323170560,1780553537323170560,HTTP Connection Overhead,ms,p95,0.70
62,1780553536323170560,1780553537323170560,HTTP Connection Overhead,ms,p99,0.70
62,1780553536323170560,1780553537323170560,HTTP Connection Overhead,ms,std,0.00
62,1780553536323170560,1780553537323170560,HTTP Connection Reused,ratio,avg,0.00
62,1780553536323170560,1780553537323170560,HTTP Connection Reused,ratio,min,0.00
62,1780553536323170560,1780553537323170560,HTTP Connection Reused,ratio,max,0.00
62,1780553536323170560,1780553537323170560,HTTP Connection Reused,ratio,sum,0.00
62,1780553536323170560,1780553537323170560,HTTP Connection Reused,ratio,p1,0.00
62,1780553536323170560,1780553537323170560,HTTP Connection Reused,ratio,p5,0.00
62,1780553536323170560,1780553537323170560,HTTP Connection Reused,ratio,p10,0.00
62,1780553536323170560,1780553537323170560,HTTP Connection Reused,ratio,p25,0.00
62,1780553536323170560,1780553537323170560,HTTP Connection Reused,ratio,p50,0.00
62,1780553536323170560,1780553537323170560,HTTP Connection Reused,ratio,p75,0.00
62,1780553536323170560,1780553537323170560,HTTP Connection Reused,ratio,p90,0.00
62,1780553536323170560,1780553537323170560,HTTP Connection Reused,ratio,p95,0.00
62,1780553536323170560,1780553537323170560,HTTP Connection Reused,ratio,p99,0.00
62,1780553536323170560,1780553537323170560,HTTP Connection Reused,ratio,std,0.00
62,1780553536323170560,1780553537323170560,HTTP Data Received,KB,avg,159.73
62,1780553536323170560,1780553537323170560,HTTP Data Received,KB,min,159.73
62,1780553536323170560,1780553537323170560,HTTP Data Received,KB,max,159.73
62,1780553536323170560,1780553537323170560,HTTP Data Received,KB,sum,159.73
62,1780553536323170560,1780553537323170560,HTTP Data Received,KB,p1,159.73
62,1780553536323170560,1780553537323170560,HTTP Data Received,KB,p5,159.73
62,1780553536323170560,1780553537323170560,HTTP Data Received,KB,p10,159.73
62,1780553536323170560,1780553537323170560,HTTP Data Received,KB,p25,159.73
62,1780553536323170560,1780553537323170560,HTTP Data Received,KB,p50,159.73
62,1780553536323170560,1780553537323170560,HTTP Data Received,KB,p75,159.73
62,1780553536323170560,1780553537323170560,HTTP Data Received,KB,p90,159.73
62,1780553536323170560,1780553537323170560,HTTP Data Received,KB,p95,159.73
62,1780553536323170560,1780553537323170560,HTTP Data Received,KB,p99,159.73
62,1780553536323170560,1780553537323170560,HTTP Data Received,KB,std,0.00
62,1780553536323170560,1780553537323170560,HTTP Data Sent,KB,avg,519.53
62,1780553536323170560,1780553537323170560,HTTP Data Sent,KB,min,519.53
62,1780553536323170560,1780553537323170560,HTTP Data Sent,KB,max,519.53
62,1780553536323170560,1780553537323170560,HTTP Data Sent,KB,sum,519.53
62,1780553536323170560,1780553537323170560,HTTP Data Sent,KB,p1,519.53
62,1780553536323170560,1780553537323170560,HTTP Data Sent,KB,p5,519.53
62,1780553536323170560,1780553537323170560,HTTP Data Sent,KB,p10,519.53
62,1780553536323170560,1780553537323170560,HTTP Data Sent,KB,p25,519.53
62,1780553536323170560,1780553537323170560,HTTP Data Sent,KB,p50,519.53
62,1780553536323170560,1780553537323170560,HTTP Data Sent,KB,p75,519.53
62,1780553536323170560,1780553537323170560,HTTP Data Sent,KB,p90,519.53
62,1780553536323170560,1780553537323170560,HTTP Data Sent,KB,p95,519.53
62,1780553536323170560,1780553537323170560,HTTP Data Sent,KB,p99,519.53
62,1780553536323170560,1780553537323170560,HTTP Data Sent,KB,std,0.00
62,1780553536323170560,1780553537323170560,HTTP DNS Lookup,ms,avg,0.00
62,1780553536323170560,1780553537323170560,HTTP DNS Lookup,ms,min,0.00
62,1780553536323170560,1780553537323170560,HTTP DNS Lookup,ms,max,0.00
62,1780553536323170560,1780553537323170560,HTTP DNS Lookup,ms,sum,0.00
62,1780553536323170560,1780553537323170560,HTTP DNS Lookup,ms,p1,0.00
62,1780553536323170560,1780553537323170560,HTTP DNS Lookup,ms,p5,0.00
62,1780553536323170560,1780553537323170560,HTTP DNS Lookup,ms,p10,0.00
62,1780553536323170560,1780553537323170560,HTTP DNS Lookup,ms,p25,0.00
62,1780553536323170560,1780553537323170560,HTTP DNS Lookup,ms,p50,0.00
62,1780553536323170560,1780553537323170560,HTTP DNS Lookup,ms,p75,0.00
62,1780553536323170560,1780553537323170560,HTTP DNS Lookup,ms,p90,0.00
62,1780553536323170560,1780553537323170560,HTTP DNS Lookup,ms,p95,0.00
62,1780553536323170560,1780553537323170560,HTTP DNS Lookup,ms,p99,0.00
62,1780553536323170560,1780553537323170560,HTTP DNS Lookup,ms,std,0.00
62,1780553536323170560,1780553537323170560,HTTP Duration (excl. conn),ms,avg,180406.92
62,1780553536323170560,1780553537323170560,HTTP Duration (excl. conn),ms,min,180406.92
62,1780553536323170560,1780553537323170560,HTTP Duration (excl. conn),ms,max,180406.92
62,1780553536323170560,1780553537323170560,HTTP Duration (excl. conn),ms,sum,180406.92
62,1780553536323170560,1780553537323170560,HTTP Duration (excl. conn),ms,p1,180406.92
62,1780553536323170560,1780553537323170560,HTTP Duration (excl. conn),ms,p5,180406.92
62,1780553536323170560,1780553537323170560,HTTP Duration (excl. conn),ms,p10,180406.92
62,1780553536323170560,1780553537323170560,HTTP Duration (excl. conn),ms,p25,180406.92
62,1780553536323170560,1780553537323170560,HTTP Duration (excl. conn),ms,p50,180406.92
62,1780553536323170560,1780553537323170560,HTTP Duration (excl. conn),ms,p75,180406.92
62,1780553536323170560,1780553537323170560,HTTP Duration (excl. conn),ms,p90,180406.92
62,1780553536323170560,1780553537323170560,HTTP Duration (excl. conn),ms,p95,180406.92
62,1780553536323170560,1780553537323170560,HTTP Duration (excl. conn),ms,p99,180406.92
62,1780553536323170560,1780553537323170560,HTTP Duration (excl. conn),ms,std,0.00
62,1780553536323170560,1780553537323170560,HTTP Receiving,ms,avg,126507.02
62,1780553536323170560,1780553537323170560,HTTP Receiving,ms,min,126507.02
62,1780553536323170560,1780553537323170560,HTTP Receiving,ms,max,126507.02
62,1780553536323170560,1780553537323170560,HTTP Receiving,ms,sum,126507.02
62,1780553536323170560,1780553537323170560,HTTP Receiving,ms,p1,126507.02
62,1780553536323170560,1780553537323170560,HTTP Receiving,ms,p5,126507.02
62,1780553536323170560,1780553537323170560,HTTP Receiving,ms,p10,126507.02
62,1780553536323170560,1780553537323170560,HTTP Receiving,ms,p25,126507.02
62,1780553536323170560,1780553537323170560,HTTP Receiving,ms,p50,126507.02
62,1780553536323170560,1780553537323170560,HTTP Receiving,ms,p75,126507.02
62,1780553536323170560,1780553537323170560,HTTP Receiving,ms,p90,126507.02
62,1780553536323170560,1780553537323170560,HTTP Receiving,ms,p95,126507.02
62,1780553536323170560,1780553537323170560,HTTP Receiving,ms,p99,126507.02
62,1780553536323170560,1780553537323170560,HTTP Receiving,ms,std,0.00
62,1780553536323170560,1780553537323170560,HTTP Sending,ms,avg,1.00
62,1780553536323170560,1780553537323170560,HTTP Sending,ms,min,1.00
62,1780553536323170560,1780553537323170560,HTTP Sending,ms,max,1.00
62,1780553536323170560,1780553537323170560,HTTP Sending,ms,sum,1.00
62,1780553536323170560,1780553537323170560,HTTP Sending,ms,p1,1.00
62,1780553536323170560,1780553537323170560,HTTP Sending,ms,p5,1.00
62,1780553536323170560,1780553537323170560,HTTP Sending,ms,p10,1.00
62,1780553536323170560,1780553537323170560,HTTP Sending,ms,p25,1.00
62,1780553536323170560,1780553537323170560,HTTP Sending,ms,p50,1.00
62,1780553536323170560,1780553537323170560,HTTP Sending,ms,p75,1.00
62,1780553536323170560,1780553537323170560,HTTP Sending,ms,p90,1.00
62,1780553536323170560,1780553537323170560,HTTP Sending,ms,p95,1.00
62,1780553536323170560,1780553537323170560,HTTP Sending,ms,p99,1.00
62,1780553536323170560,1780553537323170560,HTTP Sending,ms,std,0.00
62,1780553536323170560,1780553537323170560,HTTP Total Time,ms,avg,180407.62
62,1780553536323170560,1780553537323170560,HTTP Total Time,ms,min,180407.62
62,1780553536323170560,1780553537323170560,HTTP Total Time,ms,max,180407.62
62,1780553536323170560,1780553537323170560,HTTP Total Time,ms,sum,180407.62
62,1780553536323170560,1780553537323170560,HTTP Total Time,ms,p1,180407.62
62,1780553536323170560,1780553537323170560,HTTP Total Time,ms,p5,180407.62
62,1780553536323170560,1780553537323170560,HTTP Total Time,ms,p10,180407.62
62,1780553536323170560,1780553537323170560,HTTP Total Time,ms,p25,180407.62
62,1780553536323170560,1780553537323170560,HTTP Total Time,ms,p50,180407.62
62,1780553536323170560,1780553537323170560,HTTP Total Time,ms,p75,180407.62
62,1780553536323170560,1780553537323170560,HTTP Total Time,ms,p90,180407.62
62,1780553536323170560,1780553537323170560,HTTP Total Time,ms,p95,180407.62
62,1780553536323170560,1780553537323170560,HTTP Total Time,ms,p99,180407.62
62,1780553536323170560,1780553537323170560,HTTP Total Time,ms,std,0.00
62,1780553536323170560,1780553537323170560,HTTP Waiting (TTFB),ms,avg,53898.90
62,1780553536323170560,1780553537323170560,HTTP Waiting (TTFB),ms,min,53898.90
62,1780553536323170560,1780553537323170560,HTTP Waiting (TTFB),ms,max,53898.90
62,1780553536323170560,1780553537323170560,HTTP Waiting (TTFB),ms,sum,53898.90
62,1780553536323170560,1780553537323170560,HTTP Waiting (TTFB),ms,p1,53898.90
62,1780553536323170560,1780553537323170560,HTTP Waiting (TTFB),ms,p5,53898.90
62,1780553536323170560,1780553537323170560,HTTP Waiting (TTFB),ms,p10,53898.90
62,1780553536323170560,1780553537323170560,HTTP Waiting (TTFB),ms,p25,53898.90
62,1780553536323170560,1780553537323170560,HTTP Waiting (TTFB),ms,p50,53898.90
62,1780553536323170560,1780553537323170560,HTTP Waiting (TTFB),ms,p75,53898.90
62,1780553536323170560,1780553537323170560,HTTP Waiting (TTFB),ms,p90,53898.90
62,1780553536323170560,1780553537323170560,HTTP Waiting (TTFB),ms,p95,53898.90
62,1780553536323170560,1780553537323170560,HTTP Waiting (TTFB),ms,p99,53898.90
62,1780553536323170560,1780553537323170560,HTTP Waiting (TTFB),ms,std,0.00
62,1780553536323170560,1780553537323170560,Input Sequence Length,tokens,avg,132580.00
62,1780553536323170560,1780553537323170560,Input Sequence Length,tokens,min,132580.00
62,1780553536323170560,1780553537323170560,Input Sequence Length,tokens,max,132580.00
62,1780553536323170560,1780553537323170560,Input Sequence Length,tokens,sum,132580.00
62,1780553536323170560,1780553537323170560,Input Sequence Length,tokens,p1,132580.00
62,1780553536323170560,1780553537323170560,Input Sequence Length,tokens,p5,132580.00
62,1780553536323170560,1780553537323170560,Input Sequence Length,tokens,p10,132580.00
62,1780553536323170560,1780553537323170560,Input Sequence Length,tokens,p25,132580.00
62,1780553536323170560,1780553537323170560,Input Sequence Length,tokens,p50,132580.00
62,1780553536323170560,1780553537323170560,Input Sequence Length,tokens,p75,132580.00
62,1780553536323170560,1780553537323170560,Input Sequence Length,tokens,p90,132580.00
62,1780553536323170560,1780553537323170560,Input Sequence Length,tokens,p95,132580.00
62,1780553536323170560,1780553537323170560,Input Sequence Length,tokens,p99,132580.00
62,1780553536323170560,1780553537323170560,Input Sequence Length,tokens,std,0.00
62,1780553536323170560,1780553537323170560,Input Token Throughput,tokens/sec,avg,132580.00
62,1780553536323170560,1780553537323170560,Inter Chunk Latency,ms,avg,66.60
62,1780553536323170560,1780553537323170560,Inter Chunk Latency,ms,min,66.58
62,1780553536323170560,1780553537323170560,Inter Chunk Latency,ms,max,66.62
62,1780553536323170560,1780553537323170560,Inter Chunk Latency,ms,sum,42556.63
62,1780553536323170560,1780553537323170560,Inter Chunk Latency,ms,p1,66.58
62,1780553536323170560,1780553537323170560,Inter Chunk Latency,ms,p5,66.58
62,1780553536323170560,1780553537323170560,Inter Chunk Latency,ms,p10,66.58
62,1780553536323170560,1780553537323170560,Inter Chunk Latency,ms,p25,66.59
62,1780553536323170560,1780553537323170560,Inter Chunk Latency,ms,p50,66.60
62,1780553536323170560,1780553537323170560,Inter Chunk Latency,ms,p75,66.61
62,1780553536323170560,1780553537323170560,Inter Chunk Latency,ms,p90,66.61
62,1780553536323170560,1780553537323170560,Inter Chunk Latency,ms,p95,66.62
62,1780553536323170560,1780553537323170560,Inter Chunk Latency,ms,p99,66.62
62,1780553536323170560,1780553537323170560,Inter Chunk Latency,ms,std,0.01
62,1780553536323170560,1780553537323170560,Inter Token Latency,ms,avg,197.98
62,1780553536323170560,1780553537323170560,Inter Token Latency,ms,min,197.98
62,1780553536323170560,1780553537323170560,Inter Token Latency,ms,max,197.98
62,1780553536323170560,1780553537323170560,Inter Token Latency,ms,sum,197.98
62,1780553536323170560,1780553537323170560,Inter Token Latency,ms,p1,197.98
62,1780553536323170560,1780553537323170560,Inter Token Latency,ms,p5,197.98
62,1780553536323170560,1780553537323170560,Inter Token Latency,ms,p10,197.98
62,1780553536323170560,1780553537323170560,Inter Token Latency,ms,p25,197.98
62,1780553536323170560,1780553537323170560,Inter Token Latency,ms,p50,197.98
62,1780553536323170560,1780553537323170560,Inter Token Latency,ms,p75,197.98
62,1780553536323170560,1780553537323170560,Inter Token Latency,ms,p90,197.98
62,1780553536323170560,1780553537323170560,Inter Token Latency,ms,p95,197.98
62,1780553536323170560,1780553537323170560,Inter Token Latency,ms,p99,197.98
62,1780553536323170560,1780553537323170560,Inter Token Latency,ms,std,0.00
62,1780553536323170560,1780553537323170560,Maximum Response Timestamp,ns,avg,1780553717520132864.00
62,1780553536323170560,1780553537323170560,Minimum Request Timestamp,ns,avg,1780553537113092352.00
62,1780553536323170560,1780553537323170560,OSL Mismatch Count,requests,avg,0.00
62,1780553536323170560,1780553537323170560,OSL Mismatch Diff %,%,avg,0.00
62,1780553536323170560,1780553537323170560,OSL Mismatch Diff %,%,min,0.00
62,1780553536323170560,1780553537323170560,OSL Mismatch Diff %,%,max,0.00
62,1780553536323170560,1780553537323170560,OSL Mismatch Diff %,%,sum,0.00
62,1780553536323170560,1780553537323170560,OSL Mismatch Diff %,%,p1,0.00
62,1780553536323170560,1780553537323170560,OSL Mismatch Diff %,%,p5,0.00
62,1780553536323170560,1780553537323170560,OSL Mismatch Diff %,%,p10,0.00
62,1780553536323170560,1780553537323170560,OSL Mismatch Diff %,%,p25,0.00
62,1780553536323170560,1780553537323170560,OSL Mismatch Diff %,%,p50,0.00
62,1780553536323170560,1780553537323170560,OSL Mismatch Diff %,%,p75,0.00
62,1780553536323170560,1780553537323170560,OSL Mismatch Diff %,%,p90,0.00
62,1780553536323170560,1780553537323170560,OSL Mismatch Diff %,%,p95,0.00
62,1780553536323170560,1780553537323170560,OSL Mismatch Diff %,%,p99,0.00
62,1780553536323170560,1780553537323170560,OSL Mismatch Diff %,%,std,0.00
62,1780553536323170560,1780553537323170560,Output Sequence Length,tokens,avg,640.00
62,1780553536323170560,1780553537323170560,Output Sequence Length,tokens,min,640.00
62,1780553536323170560,1780553537323170560,Output Sequence Length,tokens,max,640.00
62,1780553536323170560,1780553537323170560,Output Sequence Length,tokens,sum,640.00
62,1780553536323170560,1780553537323170560,Output Sequence Length,tokens,p1,640.00
62,1780553536323170560,1780553537323170560,Output Sequence Length,tokens,p5,640.00
62,1780553536323170560,1780553537323170560,Output Sequence Length,tokens,p10,640.00
62,1780553536323170560,1780553537323170560,Output Sequence Length,tokens,p25,640.00
62,1780553536323170560,1780553537323170560,Output Sequence Length,tokens,p50,640.00
62,1780553536323170560,1780553537323170560,Output Sequence Length,tokens,p75,640.00
62,1780553536323170560,1780553537323170560,Output Sequence Length,tokens,p90,640.00
62,1780553536323170560,1780553537323170560,Output Sequence Length,tokens,p95,640.00
62,1780553536323170560,1780553537323170560,Output Sequence Length,tokens,p99,640.00
62,1780553536323170560,1780553537323170560,Output Sequence Length,tokens,std,0.00
62,1780553536323170560,1780553537323170560,Output Token Count,tokens,avg,640.00
62,1780553536323170560,1780553537323170560,Output Token Count,tokens,min,640.00
62,1780553536323170560,1780553537323170560,Output Token Count,tokens,max,640.00
62,1780553536323170560,1780553537323170560,Output Token Count,tokens,sum,640.00
62,1780553536323170560,1780553537323170560,Output Token Count,tokens,p1,640.00
62,1780553536323170560,1780553537323170560,Output Token Count,tokens,p5,640.00
62,1780553536323170560,1780553537323170560,Output Token Count,tokens,p10,640.00
62,1780553536323170560,1780553537323170560,Output Token Count,tokens,p25,640.00
62,1780553536323170560,1780553537323170560,Output Token Count,tokens,p50,640.00
62,1780553536323170560,1780553537323170560,Output Token Count,tokens,p75,640.00
62,1780553536323170560,1780553537323170560,Output Token Count,tokens,p90,640.00
62,1780553536323170560,1780553537323170560,Output Token Count,tokens,p95,640.00
62,1780553536323170560,1780553537323170560,Output Token Count,tokens,p99,640.00
62,1780553536323170560,1780553537323170560,Output Token Count,tokens,std,0.00
62,1780553536323170560,1780553537323170560,Output Token Throughput,tokens/sec,avg,640.00
62,1780553536323170560,1780553537323170560,Output Token Throughput Per User,tokens/sec/user,avg,5.05
62,1780553536323170560,1780553537323170560,Output Token Throughput Per User,tokens/sec/user,min,5.05
62,1780553536323170560,1780553537323170560,Output Token Throughput Per User,tokens/sec/user,max,5.05
62,1780553536323170560,1780553537323170560,Output Token Throughput Per User,tokens/sec/user,sum,5.05
62,1780553536323170560,1780553537323170560,Output Token Throughput Per User,tokens/sec/user,p1,5.05
62,1780553536323170560,1780553537323170560,Output Token Throughput Per User,tokens/sec/user,p5,5.05
62,1780553536323170560,1780553537323170560,Output Token Throughput Per User,tokens/sec/user,p10,5.05
62,1780553536323170560,1780553537323170560,Output Token Throughput Per User,tokens/sec/user,p25,5.05
62,1780553536323170560,1780553537323170560,Output Token Throughput Per User,tokens/sec/user,p50,5.05
62,1780553536323170560,1780553537323170560,Output Token Throughput Per User,tokens/sec/user,p75,5.05
62,1780553536323170560,1780553537323170560,Output Token Throughput Per User,tokens/sec/user,p90,5.05
62,1780553536323170560,1780553537323170560,Output Token Throughput Per User,tokens/sec/user,p95,5.05
62,1780553536323170560,1780553537323170560,Output Token Throughput Per User,tokens/sec/user,p99,5.05
62,1780553536323170560,1780553537323170560,Output Token Throughput Per User,tokens/sec/user,std,0.00
62,1780553536323170560,1780553537323170560,Prefill Throughput Per User,tokens/sec/user,avg,2459.74
62,1780553536323170560,1780553537323170560,Prefill Throughput Per User,tokens/sec/user,min,2459.74
62,1780553536323170560,1780553537323170560,Prefill Throughput Per User,tokens/sec/user,max,2459.74
62,1780553536323170560,1780553537323170560,Prefill Throughput Per User,tokens/sec/user,sum,2459.74
62,1780553536323170560,1780553537323170560,Prefill Throughput Per User,tokens/sec/user,p1,2459.74
62,1780553536323170560,1780553537323170560,Prefill Throughput Per User,tokens/sec/user,p5,2459.74
62,1780553536323170560,1780553537323170560,Prefill Throughput Per User,tokens/sec/user,p10,2459.74
62,1780553536323170560,1780553537323170560,Prefill Throughput Per User,tokens/sec/user,p25,2459.74
62,1780553536323170560,1780553537323170560,Prefill Throughput Per User,tokens/sec/user,p50,2459.74
62,1780553536323170560,1780553537323170560,Prefill Throughput Per User,tokens/sec/user,p75,2459.74
62,1780553536323170560,1780553537323170560,Prefill Throughput Per User,tokens/sec/user,p90,2459.74
62,1780553536323170560,1780553537323170560,Prefill Throughput Per User,tokens/sec/user,p95,2459.74
62,1780553536323170560,1780553537323170560,Prefill Throughput Per User,tokens/sec/user,p99,2459.74
62,1780553536323170560,1780553537323170560,Prefill Throughput Per User,tokens/sec/user,std,0.00
62,1780553536323170560,1780553537323170560,Request Count,requests,avg,1.00
62,1780553536323170560,1780553537323170560,Request Latency,ms,avg,180407.04
62,1780553536323170560,1780553537323170560,Request Latency,ms,min,180407.04
62,1780553536323170560,1780553537323170560,Request Latency,ms,max,180407.04
62,1780553536323170560,1780553537323170560,Request Latency,ms,sum,180407.04
62,1780553536323170560,1780553537323170560,Request Latency,ms,p1,180407.04
62,1780553536323170560,1780553537323170560,Request Latency,ms,p5,180407.04
62,1780553536323170560,1780553537323170560,Request Latency,ms,p10,180407.04
62,1780553536323170560,1780553537323170560,Request Latency,ms,p25,180407.04
62,1780553536323170560,1780553537323170560,Request Latency,ms,p50,180407.04
62,1780553536323170560,1780553537323170560,Request Latency,ms,p75,180407.04
62,1780553536323170560,1780553537323170560,Request Latency,ms,p90,180407.04
62,1780553536323170560,1780553537323170560,Request Latency,ms,p95,180407.04
62,1780553536323170560,1780553537323170560,Request Latency,ms,p99,180407.04
62,1780553536323170560,1780553537323170560,Request Latency,ms,std,0.00
62,1780553536323170560,1780553537323170560,Request Throughput,requests/sec,avg,1.00
62,1780553536323170560,1780553537323170560,Requested OSL,tokens,avg,640.00
62,1780553536323170560,1780553537323170560,Requested OSL,tokens,min,640.00
62,1780553536323170560,1780553537323170560,Requested OSL,tokens,max,640.00
62,1780553536323170560,1780553537323170560,Requested OSL,tokens,sum,640.00
62,1780553536323170560,1780553537323170560,Requested OSL,tokens,p1,640.00
62,1780553536323170560,1780553537323170560,Requested OSL,tokens,p5,640.00
62,1780553536323170560,1780553537323170560,Requested OSL,tokens,p10,640.00
62,1780553536323170560,1780553537323170560,Requested OSL,tokens,p25,640.00
62,1780553536323170560,1780553537323170560,Requested OSL,tokens,p50,640.00
62,1780553536323170560,1780553537323170560,Requested OSL,tokens,p75,640.00
62,1780553536323170560,1780553537323170560,Requested OSL,tokens,p90,640.00
62,1780553536323170560,1780553537323170560,Requested OSL,tokens,p95,640.00
62,1780553536323170560,1780553537323170560,Requested OSL,tokens,p99,640.00
62,1780553536323170560,1780553537323170560,Requested OSL,tokens,std,0.00
62,1780553536323170560,1780553537323170560,Time to First Output Token,ms,avg,53900.02
62,1780553536323170560,1780553537323170560,Time to First Output Token,ms,min,53900.02
62,1780553536323170560,1780553537323170560,Time to First Output Token,ms,max,53900.02
62,1780553536323170560,1780553537323170560,Time to First Output Token,ms,sum,53900.02
62,1780553536323170560,1780553537323170560,Time to First Output Token,ms,p1,53900.02
62,1780553536323170560,1780553537323170560,Time to First Output Token,ms,p5,53900.02
62,1780553536323170560,1780553537323170560,Time to First Output Token,ms,p10,53900.02
62,1780553536323170560,1780553537323170560,Time to First Output Token,ms,p25,53900.02
62,1780553536323170560,1780553537323170560,Time to First Output Token,ms,p50,53900.02
62,1780553536323170560,1780553537323170560,Time to First Output Token,ms,p75,53900.02
62,1780553536323170560,1780553537323170560,Time to First Output Token,ms,p90,53900.02
62,1780553536323170560,1780553537323170560,Time to First Output Token,ms,p95,53900.02
62,1780553536323170560,1780553537323170560,Time to First Output Token,ms,p99,53900.02
62,1780553536323170560,1780553537323170560,Time to First Output Token,ms,std,0.00
62,1780553536323170560,1780553537323170560,Time to First Token,ms,avg,53900.02
62,1780553536323170560,1780553537323170560,Time to First Token,ms,min,53900.02
62,1780553536323170560,1780553537323170560,Time to First Token,ms,max,53900.02
62,1780553536323170560,1780553537323170560,Time to First Token,ms,sum,53900.02
62,1780553536323170560,1780553537323170560,Time to First Token,ms,p1,53900.02
62,1780553536323170560,1780553537323170560,Time to First Token,ms,p5,53900.02
62,1780553536323170560,1780553537323170560,Time to First Token,ms,p10,53900.02
62,1780553536323170560,1780553537323170560,Time to First Token,ms,p25,53900.02
62,1780553536323170560,1780553537323170560,Time to First Token,ms,p50,53900.02
62,1780553536323170560,1780553537323170560,Time to First Token,ms,p75,53900.02
62,1780553536323170560,1780553537323170560,Time to First Token,ms,p90,53900.02
62,1780553536323170560,1780553537323170560,Time to First Token,ms,p95,53900.02
62,1780553536323170560,1780553537323170560,Time to First Token,ms,p99,53900.02
62,1780553536323170560,1780553537323170560,Time to First Token,ms,std,0.00
62,1780553536323170560,1780553537323170560,Time to Second Token,ms,avg,0.20
62,1780553536323170560,1780553537323170560,Time to Second Token,ms,min,0.20
62,1780553536323170560,1780553537323170560,Time to Second Token,ms,max,0.20
62,1780553536323170560,1780553537323170560,Time to Second Token,ms,sum,0.20
62,1780553536323170560,1780553537323170560,Time to Second Token,ms,p1,0.20
62,1780553536323170560,1780553537323170560,Time to Second Token,ms,p5,0.20
62,1780553536323170560,1780553537323170560,Time to Second Token,ms,p10,0.20
62,1780553536323170560,1780553537323170560,Time to Second Token,ms,p25,0.20
62,1780553536323170560,1780553537323170560,Time to Second Token,ms,p50,0.20
62,1780553536323170560,1780553537323170560,Time to Second Token,ms,p75,0.20
62,1780553536323170560,1780553537323170560,Time to Second Token,ms,p90,0.20
62,1780553536323170560,1780553537323170560,Time to Second Token,ms,p95,0.20
62,1780553536323170560,1780553537323170560,Time to Second Token,ms,p99,0.20
62,1780553536323170560,1780553537323170560,Time to Second Token,ms,std,0.00
62,1780553536323170560,1780553537323170560,Tokens In Flight,tokens,avg,1522913.37
62,1780553536323170560,1780553537323170560,Tokens In Flight,tokens,min,1495054.00
62,1780553536323170560,1780553537323170560,Tokens In Flight,tokens,max,1627649.00
62,1780553536323170560,1780553537323170560,Tokens In Flight,tokens,p50,1495061.00
62,1780553536323170560,1780553537323170560,Tokens In Flight,tokens,p90,1627647.00
62,1780553536323170560,1780553537323170560,Tokens In Flight,tokens,p95,1627648.00
62,1780553536323170560,1780553537323170560,Tokens In Flight,tokens,p99,1627649.00
62,1780553536323170560,1780553537323170560,Tokens In Flight,tokens,std,54011.38
62,1780553536323170560,1780553537323170560,Total Input Sequence Length,tokens,avg,132580.00
62,1780553536323170560,1780553537323170560,Total Output Sequence Length,tokens,avg,640.00
62,1780553536323170560,1780553537323170560,Total Output Tokens,tokens,avg,640.00
62,1780553536323170560,1780553537323170560,Total Token Throughput,tokens/sec,avg,133220.00
62,1780553536323170560,1780553537323170560,Total Usage Completion Tokens,tokens,avg,640.00
62,1780553536323170560,1780553537323170560,Total Usage Prompt Tokens,tokens,avg,132580.00
62,1780553536323170560,1780553537323170560,Total Usage Total Tokens,tokens,avg,133220.00
62,1780553536323170560,1780553537323170560,Usage Completion Tokens,tokens,avg,640.00
62,1780553536323170560,1780553537323170560,Usage Completion Tokens,tokens,min,640.00
62,1780553536323170560,1780553537323170560,Usage Completion Tokens,tokens,max,640.00
62,1780553536323170560,1780553537323170560,Usage Completion Tokens,tokens,sum,640.00
62,1780553536323170560,1780553537323170560,Usage Completion Tokens,tokens,p1,640.00
62,1780553536323170560,1780553537323170560,Usage Completion Tokens,tokens,p5,640.00
62,1780553536323170560,1780553537323170560,Usage Completion Tokens,tokens,p10,640.00
62,1780553536323170560,1780553537323170560,Usage Completion Tokens,tokens,p25,640.00
62,1780553536323170560,1780553537323170560,Usage Completion Tokens,tokens,p50,640.00
62,1780553536323170560,1780553537323170560,Usage Completion Tokens,tokens,p75,640.00
62,1780553536323170560,1780553537323170560,Usage Completion Tokens,tokens,p90,640.00
62,1780553536323170560,1780553537323170560,Usage Completion Tokens,tokens,p95,640.00
62,1780553536323170560,1780553537323170560,Usage Completion Tokens,tokens,p99,640.00
62,1780553536323170560,1780553537323170560,Usage Completion Tokens,tokens,std,0.00
62,1780553536323170560,1780553537323170560,Usage Prompt Tokens,tokens,avg,132580.00
62,1780553536323170560,1780553537323170560,Usage Prompt Tokens,tokens,min,132580.00
62,1780553536323170560,1780553537323170560,Usage Prompt Tokens,tokens,max,132580.00
62,1780553536323170560,1780553537323170560,Usage Prompt Tokens,tokens,sum,132580.00
62,1780553536323170560,1780553537323170560,Usage Prompt Tokens,tokens,p1,132580.00
62,1780553536323170560,1780553537323170560,Usage Prompt Tokens,tokens,p5,132580.00
62,1780553536323170560,1780553537323170560,Usage Prompt Tokens,tokens,p10,132580.00
62,1780553536323170560,1780553537323170560,Usage Prompt Tokens,tokens,p25,132580.00
62,1780553536323170560,1780553537323170560,Usage Prompt Tokens,tokens,p50,132580.00
62,1780553536323170560,1780553537323170560,Usage Prompt Tokens,tokens,p75,132580.00
62,1780553536323170560,1780553537323170560,Usage Prompt Tokens,tokens,p90,132580.00
62,1780553536323170560,1780553537323170560,Usage Prompt Tokens,tokens,p95,132580.00
62,1780553536323170560,1780553537323170560,Usage Prompt Tokens,tokens,p99,132580.00
62,1780553536323170560,1780553537323170560,Usage Prompt Tokens,tokens,std,0.00
62,1780553536323170560,1780553537323170560,Usage Total Tokens,tokens,avg,133220.00
62,1780553536323170560,1780553537323170560,Usage Total Tokens,tokens,min,133220.00
62,1780553536323170560,1780553537323170560,Usage Total Tokens,tokens,max,133220.00
62,1780553536323170560,1780553537323170560,Usage Total Tokens,tokens,sum,133220.00
62,1780553536323170560,1780553537323170560,Usage Total Tokens,tokens,p1,133220.00
62,1780553536323170560,1780553537323170560,Usage Total Tokens,tokens,p5,133220.00
62,1780553536323170560,1780553537323170560,Usage Total Tokens,tokens,p10,133220.00
62,1780553536323170560,1780553537323170560,Usage Total Tokens,tokens,p25,133220.00
62,1780553536323170560,1780553537323170560,Usage Total Tokens,tokens,p50,133220.00
62,1780553536323170560,1780553537323170560,Usage Total Tokens,tokens,p75,133220.00
62,1780553536323170560,1780553537323170560,Usage Total Tokens,tokens,p90,133220.00
62,1780553536323170560,1780553537323170560,Usage Total Tokens,tokens,p95,133220.00
62,1780553536323170560,1780553537323170560,Usage Total Tokens,tokens,p99,133220.00
62,1780553536323170560,1780553537323170560,Usage Total Tokens,tokens,std,0.00
63,1780553556323170560,1780553557323170560,Active Decode Throughput,tokens/sec,avg,30.27
63,1780553556323170560,1780553557323170560,Active Decode Throughput,tokens/sec,min,15.06
63,1780553556323170560,1780553557323170560,Active Decode Throughput,tokens/sec,max,45.47
63,1780553556323170560,1780553557323170560,Active Decode Throughput,tokens/sec,p50,30.27
63,1780553556323170560,1780553557323170560,Active Decode Throughput,tokens/sec,p90,30.27
63,1780553556323170560,1780553557323170560,Active Decode Throughput,tokens/sec,p95,30.27
63,1780553556323170560,1780553557323170560,Active Decode Throughput,tokens/sec,p99,30.27
63,1780553556323170560,1780553557323170560,Active Decode Throughput,tokens/sec,std,0.02
63,1780553556323170560,1780553557323170560,Active Decode Throughput Per User,tokens/sec/user,avg,3.36
63,1780553556323170560,1780553557323170560,Active Decode Throughput Per User,tokens/sec/user,min,1.67
63,1780553556323170560,1780553557323170560,Active Decode Throughput Per User,tokens/sec/user,max,5.05
63,1780553556323170560,1780553557323170560,Active Decode Throughput Per User,tokens/sec/user,p50,3.36
63,1780553556323170560,1780553557323170560,Active Decode Throughput Per User,tokens/sec/user,p90,3.36
63,1780553556323170560,1780553557323170560,Active Decode Throughput Per User,tokens/sec/user,p95,3.36
63,1780553556323170560,1780553557323170560,Active Decode Throughput Per User,tokens/sec/user,p99,3.36
63,1780553556323170560,1780553557323170560,Active Decode Throughput Per User,tokens/sec/user,std,0.00
63,1780553556323170560,1780553557323170560,Active Prefill Throughput,tokens/sec,avg,6656.50
63,1780553556323170560,1780553557323170560,Active Prefill Throughput,tokens/sec,min,5908.13
63,1780553556323170560,1780553557323170560,Active Prefill Throughput,tokens/sec,max,8083.19
63,1780553556323170560,1780553557323170560,Active Prefill Throughput,tokens/sec,p50,5908.13
63,1780553556323170560,1780553557323170560,Active Prefill Throughput,tokens/sec,p90,8083.19
63,1780553556323170560,1780553557323170560,Active Prefill Throughput,tokens/sec,p95,8083.19
63,1780553556323170560,1780553557323170560,Active Prefill Throughput,tokens/sec,p99,8083.19
63,1780553556323170560,1780553557323170560,Active Prefill Throughput,tokens/sec,std,1033.30
63,1780553556323170560,1780553557323170560,Active Prefill Throughput Per User,tokens/sec/user,avg,1238.59
63,1780553556323170560,1780553557323170560,Active Prefill Throughput Per User,tokens/sec/user,min,1181.63
63,1780553556323170560,1780553557323170560,Active Prefill Throughput Per User,tokens/sec/user,max,1347.20
63,1780553556323170560,1780553557323170560,Active Prefill Throughput Per User,tokens/sec/user,p50,1181.63
63,1780553556323170560,1780553557323170560,Active Prefill Throughput Per User,tokens/sec/user,p90,1347.20
63,1780553556323170560,1780553557323170560,Active Prefill Throughput Per User,tokens/sec/user,p95,1347.20
63,1780553556323170560,1780553557323170560,Active Prefill Throughput Per User,tokens/sec/user,p99,1347.20
63,1780553556323170560,1780553557323170560,Active Prefill Throughput Per User,tokens/sec/user,std,78.66
63,1780553556323170560,1780553557323170560,Active Total Throughput,tokens/sec,avg,6706.18
63,1780553556323170560,1780553557323170560,Active Total Throughput,tokens/sec,min,5957.80
63,1780553556323170560,1780553557323170560,Active Total Throughput,tokens/sec,max,8132.87
63,1780553556323170560,1780553557323170560,Active Total Throughput,tokens/sec,p50,5957.80
63,1780553556323170560,1780553557323170560,Active Total Throughput,tokens/sec,p90,8132.87
63,1780553556323170560,1780553557323170560,Active Total Throughput,tokens/sec,p95,8132.87
63,1780553556323170560,1780553557323170560,Active Total Throughput,tokens/sec,p99,8132.87
63,1780553556323170560,1780553557323170560,Active Total Throughput,tokens/sec,std,1033.30
63,1780553556323170560,1780553557323170560,Benchmark Duration,sec,avg,106.94
63,1780553556323170560,1780553557323170560,E2E Output Token Throughput,tokens/sec/user,avg,1.95
63,1780553556323170560,1780553557323170560,E2E Output Token Throughput,tokens/sec/user,min,1.95
63,1780553556323170560,1780553557323170560,E2E Output Token Throughput,tokens/sec/user,max,1.95
63,1780553556323170560,1780553557323170560,E2E Output Token Throughput,tokens/sec/user,sum,1.95
63,1780553556323170560,1780553557323170560,E2E Output Token Throughput,tokens/sec/user,p1,1.95
63,1780553556323170560,1780553557323170560,E2E Output Token Throughput,tokens/sec/user,p5,1.95
63,1780553556323170560,1780553557323170560,E2E Output Token Throughput,tokens/sec/user,p10,1.95
63,1780553556323170560,1780553557323170560,E2E Output Token Throughput,tokens/sec/user,p25,1.95
63,1780553556323170560,1780553557323170560,E2E Output Token Throughput,tokens/sec/user,p50,1.95
63,1780553556323170560,1780553557323170560,E2E Output Token Throughput,tokens/sec/user,p75,1.95
63,1780553556323170560,1780553557323170560,E2E Output Token Throughput,tokens/sec/user,p90,1.95
63,1780553556323170560,1780553557323170560,E2E Output Token Throughput,tokens/sec/user,p95,1.95
63,1780553556323170560,1780553557323170560,E2E Output Token Throughput,tokens/sec/user,p99,1.95
63,1780553556323170560,1780553557323170560,E2E Output Token Throughput,tokens/sec/user,std,0.00
63,1780553556323170560,1780553557323170560,Effective Concurrency,requests,avg,14.34
63,1780553556323170560,1780553557323170560,Effective Concurrency,requests,min,14.00
63,1780553556323170560,1780553557323170560,Effective Concurrency,requests,max,15.00
63,1780553556323170560,1780553557323170560,Effective Concurrency,requests,p50,14.00
63,1780553556323170560,1780553557323170560,Effective Concurrency,requests,p90,15.00
63,1780553556323170560,1780553557323170560,Effective Concurrency,requests,p95,15.00
63,1780553556323170560,1780553557323170560,Effective Concurrency,requests,p99,15.00
63,1780553556323170560,1780553557323170560,Effective Concurrency,requests,std,0.48
63,1780553556323170560,1780553557323170560,Effective Decode Concurrency,requests,avg,9.00
63,1780553556323170560,1780553557323170560,Effective Decode Concurrency,requests,min,9.00
63,1780553556323170560,1780553557323170560,Effective Decode Concurrency,requests,max,9.00
63,1780553556323170560,1780553557323170560,Effective Decode Concurrency,requests,p50,9.00
63,1780553556323170560,1780553557323170560,Effective Decode Concurrency,requests,p90,9.00
63,1780553556323170560,1780553557323170560,Effective Decode Concurrency,requests,p95,9.00
63,1780553556323170560,1780553557323170560,Effective Decode Concurrency,requests,p99,9.00
63,1780553556323170560,1780553557323170560,Effective Decode Concurrency,requests,std,0.00
63,1780553556323170560,1780553557323170560,Effective Decode Throughput,tokens/sec,avg,30.27
63,1780553556323170560,1780553557323170560,Effective Decode Throughput,tokens/sec,min,15.06
63,1780553556323170560,1780553557323170560,Effective Decode Throughput,tokens/sec,max,45.47
63,1780553556323170560,1780553557323170560,Effective Decode Throughput,tokens/sec,p50,30.27
63,1780553556323170560,1780553557323170560,Effective Decode Throughput,tokens/sec,p90,30.27
63,1780553556323170560,1780553557323170560,Effective Decode Throughput,tokens/sec,p95,30.27
63,1780553556323170560,1780553557323170560,Effective Decode Throughput,tokens/sec,p99,30.27
63,1780553556323170560,1780553557323170560,Effective Decode Throughput,tokens/sec,std,0.02
63,1780553556323170560,1780553557323170560,Effective Decode Throughput Per User,tokens/sec/user,avg,3.36
63,1780553556323170560,1780553557323170560,Effective Decode Throughput Per User,tokens/sec/user,min,1.67
63,1780553556323170560,1780553557323170560,Effective Decode Throughput Per User,tokens/sec/user,max,5.05
63,1780553556323170560,1780553557323170560,Effective Decode Throughput Per User,tokens/sec/user,p50,3.36
63,1780553556323170560,1780553557323170560,Effective Decode Throughput Per User,tokens/sec/user,p90,3.36
63,1780553556323170560,1780553557323170560,Effective Decode Throughput Per User,tokens/sec/user,p95,3.36
63,1780553556323170560,1780553557323170560,Effective Decode Throughput Per User,tokens/sec/user,p99,3.36
63,1780553556323170560,1780553557323170560,Effective Decode Throughput Per User,tokens/sec/user,std,0.00
63,1780553556323170560,1780553557323170560,Effective Prefill Concurrency,requests,avg,5.34
63,1780553556323170560,1780553557323170560,Effective Prefill Concurrency,requests,min,5.00
63,1780553556323170560,1780553557323170560,Effective Prefill Concurrency,requests,max,6.00
63,1780553556323170560,1780553557323170560,Effective Prefill Concurrency,requests,p50,5.00
63,1780553556323170560,1780553557323170560,Effective Prefill Concurrency,requests,p90,6.00
63,1780553556323170560,1780553557323170560,Effective Prefill Concurrency,requests,p95,6.00
63,1780553556323170560,1780553557323170560,Effective Prefill Concurrency,requests,p99,6.00
63,1780553556323170560,1780553557323170560,Effective Prefill Concurrency,requests,std,0.48
63,1780553556323170560,1780553557323170560,Effective Prefill Throughput,tokens/sec,avg,6656.50
63,1780553556323170560,1780553557323170560,Effective Prefill Throughput,tokens/sec,min,5908.13
63,1780553556323170560,1780553557323170560,Effective Prefill Throughput,tokens/sec,max,8083.19
63,1780553556323170560,1780553557323170560,Effective Prefill Throughput,tokens/sec,p50,5908.13
63,1780553556323170560,1780553557323170560,Effective Prefill Throughput,tokens/sec,p90,8083.19
63,1780553556323170560,1780553557323170560,Effective Prefill Throughput,tokens/sec,p95,8083.19
63,1780553556323170560,1780553557323170560,Effective Prefill Throughput,tokens/sec,p99,8083.19
63,1780553556323170560,1780553557323170560,Effective Prefill Throughput,tokens/sec,std,1033.30
63,1780553556323170560,1780553557323170560,Effective Prefill Throughput Per User,tokens/sec/user,avg,1238.59
63,1780553556323170560,1780553557323170560,Effective Prefill Throughput Per User,tokens/sec/user,min,1181.63
63,1780553556323170560,1780553557323170560,Effective Prefill Throughput Per User,tokens/sec/user,max,1347.20
63,1780553556323170560,1780553557323170560,Effective Prefill Throughput Per User,tokens/sec/user,p50,1181.63
63,1780553556323170560,1780553557323170560,Effective Prefill Throughput Per User,tokens/sec/user,p90,1347.20
63,1780553556323170560,1780553557323170560,Effective Prefill Throughput Per User,tokens/sec/user,p95,1347.20
63,1780553556323170560,1780553557323170560,Effective Prefill Throughput Per User,tokens/sec/user,p99,1347.20
63,1780553556323170560,1780553557323170560,Effective Prefill Throughput Per User,tokens/sec/user,std,78.66
63,1780553556323170560,1780553557323170560,Effective Total Throughput,tokens/sec,avg,6706.18
63,1780553556323170560,1780553557323170560,Effective Total Throughput,tokens/sec,min,5957.80
63,1780553556323170560,1780553557323170560,Effective Total Throughput,tokens/sec,max,8132.87
63,1780553556323170560,1780553557323170560,Effective Total Throughput,tokens/sec,p50,5957.80
63,1780553556323170560,1780553557323170560,Effective Total Throughput,tokens/sec,p90,8132.87
63,1780553556323170560,1780553557323170560,Effective Total Throughput,tokens/sec,p95,8132.87
63,1780553556323170560,1780553557323170560,Effective Total Throughput,tokens/sec,p99,8132.87
63,1780553556323170560,1780553557323170560,Effective Total Throughput,tokens/sec,std,1033.30
63,1780553556323170560,1780553557323170560,HTTP Blocked,ms,avg,0.00
63,1780553556323170560,1780553557323170560,HTTP Blocked,ms,min,0.00
63,1780553556323170560,1780553557323170560,HTTP Blocked,ms,max,0.00
63,1780553556323170560,1780553557323170560,HTTP Blocked,ms,sum,0.00
63,1780553556323170560,1780553557323170560,HTTP Blocked,ms,p1,0.00
63,1780553556323170560,1780553557323170560,HTTP Blocked,ms,p5,0.00
63,1780553556323170560,1780553557323170560,HTTP Blocked,ms,p10,0.00
63,1780553556323170560,1780553557323170560,HTTP Blocked,ms,p25,0.00
63,1780553556323170560,1780553557323170560,HTTP Blocked,ms,p50,0.00
63,1780553556323170560,1780553557323170560,HTTP Blocked,ms,p75,0.00
63,1780553556323170560,1780553557323170560,HTTP Blocked,ms,p90,0.00
63,1780553556323170560,1780553557323170560,HTTP Blocked,ms,p95,0.00
63,1780553556323170560,1780553557323170560,HTTP Blocked,ms,p99,0.00
63,1780553556323170560,1780553557323170560,HTTP Blocked,ms,std,0.00
63,1780553556323170560,1780553557323170560,HTTP Chunks Received,count,avg,209.00
63,1780553556323170560,1780553557323170560,HTTP Chunks Received,count,min,209.00
63,1780553556323170560,1780553557323170560,HTTP Chunks Received,count,max,209.00
63,1780553556323170560,1780553557323170560,HTTP Chunks Received,count,sum,209.00
63,1780553556323170560,1780553557323170560,HTTP Chunks Received,count,p1,209.00
63,1780553556323170560,1780553557323170560,HTTP Chunks Received,count,p5,209.00
63,1780553556323170560,1780553557323170560,HTTP Chunks Received,count,p10,209.00
63,1780553556323170560,1780553557323170560,HTTP Chunks Received,count,p25,209.00
63,1780553556323170560,1780553557323170560,HTTP Chunks Received,count,p50,209.00
63,1780553556323170560,1780553557323170560,HTTP Chunks Received,count,p75,209.00
63,1780553556323170560,1780553557323170560,HTTP Chunks Received,count,p90,209.00
63,1780553556323170560,1780553557323170560,HTTP Chunks Received,count,p95,209.00
63,1780553556323170560,1780553557323170560,HTTP Chunks Received,count,p99,209.00
63,1780553556323170560,1780553557323170560,HTTP Chunks Received,count,std,0.00
63,1780553556323170560,1780553557323170560,HTTP Chunks Sent,count,avg,1.00
63,1780553556323170560,1780553557323170560,HTTP Chunks Sent,count,min,1.00
63,1780553556323170560,1780553557323170560,HTTP Chunks Sent,count,max,1.00
63,1780553556323170560,1780553557323170560,HTTP Chunks Sent,count,sum,1.00
63,1780553556323170560,1780553557323170560,HTTP Chunks Sent,count,p1,1.00
63,1780553556323170560,1780553557323170560,HTTP Chunks Sent,count,p5,1.00
63,1780553556323170560,1780553557323170560,HTTP Chunks Sent,count,p10,1.00
63,1780553556323170560,1780553557323170560,HTTP Chunks Sent,count,p25,1.00
63,1780553556323170560,1780553557323170560,HTTP Chunks Sent,count,p50,1.00
63,1780553556323170560,1780553557323170560,HTTP Chunks Sent,count,p75,1.00
63,1780553556323170560,1780553557323170560,HTTP Chunks Sent,count,p90,1.00
63,1780553556323170560,1780553557323170560,HTTP Chunks Sent,count,p95,1.00
63,1780553556323170560,1780553557323170560,HTTP Chunks Sent,count,p99,1.00
63,1780553556323170560,1780553557323170560,HTTP Chunks Sent,count,std,0.00
63,1780553556323170560,1780553557323170560,HTTP Connecting,ms,avg,0.73
63,1780553556323170560,1780553557323170560,HTTP Connecting,ms,min,0.73
63,1780553556323170560,1780553557323170560,HTTP Connecting,ms,max,0.73
63,1780553556323170560,1780553557323170560,HTTP Connecting,ms,sum,0.73
63,1780553556323170560,1780553557323170560,HTTP Connecting,ms,p1,0.73
63,1780553556323170560,1780553557323170560,HTTP Connecting,ms,p5,0.73
63,1780553556323170560,1780553557323170560,HTTP Connecting,ms,p10,0.73
63,1780553556323170560,1780553557323170560,HTTP Connecting,ms,p25,0.73
63,1780553556323170560,1780553557323170560,HTTP Connecting,ms,p50,0.73
63,1780553556323170560,1780553557323170560,HTTP Connecting,ms,p75,0.73
63,1780553556323170560,1780553557323170560,HTTP Connecting,ms,p90,0.73
63,1780553556323170560,1780553557323170560,HTTP Connecting,ms,p95,0.73
63,1780553556323170560,1780553557323170560,HTTP Connecting,ms,p99,0.73
63,1780553556323170560,1780553557323170560,HTTP Connecting,ms,std,0.00
63,1780553556323170560,1780553557323170560,HTTP Connection Overhead,ms,avg,0.73
63,1780553556323170560,1780553557323170560,HTTP Connection Overhead,ms,min,0.73
63,1780553556323170560,1780553557323170560,HTTP Connection Overhead,ms,max,0.73
63,1780553556323170560,1780553557323170560,HTTP Connection Overhead,ms,sum,0.73
63,1780553556323170560,1780553557323170560,HTTP Connection Overhead,ms,p1,0.73
63,1780553556323170560,1780553557323170560,HTTP Connection Overhead,ms,p5,0.73
63,1780553556323170560,1780553557323170560,HTTP Connection Overhead,ms,p10,0.73
63,1780553556323170560,1780553557323170560,HTTP Connection Overhead,ms,p25,0.73
63,1780553556323170560,1780553557323170560,HTTP Connection Overhead,ms,p50,0.73
63,1780553556323170560,1780553557323170560,HTTP Connection Overhead,ms,p75,0.73
63,1780553556323170560,1780553557323170560,HTTP Connection Overhead,ms,p90,0.73
63,1780553556323170560,1780553557323170560,HTTP Connection Overhead,ms,p95,0.73
63,1780553556323170560,1780553557323170560,HTTP Connection Overhead,ms,p99,0.73
63,1780553556323170560,1780553557323170560,HTTP Connection Overhead,ms,std,0.00
63,1780553556323170560,1780553557323170560,HTTP Connection Reused,ratio,avg,0.00
63,1780553556323170560,1780553557323170560,HTTP Connection Reused,ratio,min,0.00
63,1780553556323170560,1780553557323170560,HTTP Connection Reused,ratio,max,0.00
63,1780553556323170560,1780553557323170560,HTTP Connection Reused,ratio,sum,0.00
63,1780553556323170560,1780553557323170560,HTTP Connection Reused,ratio,p1,0.00
63,1780553556323170560,1780553557323170560,HTTP Connection Reused,ratio,p5,0.00
63,1780553556323170560,1780553557323170560,HTTP Connection Reused,ratio,p10,0.00
63,1780553556323170560,1780553557323170560,HTTP Connection Reused,ratio,p25,0.00
63,1780553556323170560,1780553557323170560,HTTP Connection Reused,ratio,p50,0.00
63,1780553556323170560,1780553557323170560,HTTP Connection Reused,ratio,p75,0.00
63,1780553556323170560,1780553557323170560,HTTP Connection Reused,ratio,p90,0.00
63,1780553556323170560,1780553557323170560,HTTP Connection Reused,ratio,p95,0.00
63,1780553556323170560,1780553557323170560,HTTP Connection Reused,ratio,p99,0.00
63,1780553556323170560,1780553557323170560,HTTP Connection Reused,ratio,std,0.00
63,1780553556323170560,1780553557323170560,HTTP Data Received,KB,avg,52.56
63,1780553556323170560,1780553557323170560,HTTP Data Received,KB,min,52.56
63,1780553556323170560,1780553557323170560,HTTP Data Received,KB,max,52.56
63,1780553556323170560,1780553557323170560,HTTP Data Received,KB,sum,52.56
63,1780553556323170560,1780553557323170560,HTTP Data Received,KB,p1,52.56
63,1780553556323170560,1780553557323170560,HTTP Data Received,KB,p5,52.56
63,1780553556323170560,1780553557323170560,HTTP Data Received,KB,p10,52.56
63,1780553556323170560,1780553557323170560,HTTP Data Received,KB,p25,52.56
63,1780553556323170560,1780553557323170560,HTTP Data Received,KB,p50,52.56
63,1780553556323170560,1780553557323170560,HTTP Data Received,KB,p75,52.56
63,1780553556323170560,1780553557323170560,HTTP Data Received,KB,p90,52.56
63,1780553556323170560,1780553557323170560,HTTP Data Received,KB,p95,52.56
63,1780553556323170560,1780553557323170560,HTTP Data Received,KB,p99,52.56
63,1780553556323170560,1780553557323170560,HTTP Data Received,KB,std,0.00
63,1780553556323170560,1780553557323170560,HTTP Data Sent,KB,avg,463.08
63,1780553556323170560,1780553557323170560,HTTP Data Sent,KB,min,463.08
63,1780553556323170560,1780553557323170560,HTTP Data Sent,KB,max,463.08
63,1780553556323170560,1780553557323170560,HTTP Data Sent,KB,sum,463.08
63,1780553556323170560,1780553557323170560,HTTP Data Sent,KB,p1,463.08
63,1780553556323170560,1780553557323170560,HTTP Data Sent,KB,p5,463.08
63,1780553556323170560,1780553557323170560,HTTP Data Sent,KB,p10,463.08
63,1780553556323170560,1780553557323170560,HTTP Data Sent,KB,p25,463.08
63,1780553556323170560,1780553557323170560,HTTP Data Sent,KB,p50,463.08
63,1780553556323170560,1780553557323170560,HTTP Data Sent,KB,p75,463.08
63,1780553556323170560,1780553557323170560,HTTP Data Sent,KB,p90,463.08
63,1780553556323170560,1780553557323170560,HTTP Data Sent,KB,p95,463.08
63,1780553556323170560,1780553557323170560,HTTP Data Sent,KB,p99,463.08
63,1780553556323170560,1780553557323170560,HTTP Data Sent,KB,std,0.00
63,1780553556323170560,1780553557323170560,HTTP DNS Lookup,ms,avg,0.00
63,1780553556323170560,1780553557323170560,HTTP DNS Lookup,ms,min,0.00
63,1780553556323170560,1780553557323170560,HTTP DNS Lookup,ms,max,0.00
63,1780553556323170560,1780553557323170560,HTTP DNS Lookup,ms,sum,0.00
63,1780553556323170560,1780553557323170560,HTTP DNS Lookup,ms,p1,0.00
63,1780553556323170560,1780553557323170560,HTTP DNS Lookup,ms,p5,0.00
63,1780553556323170560,1780553557323170560,HTTP DNS Lookup,ms,p10,0.00
63,1780553556323170560,1780553557323170560,HTTP DNS Lookup,ms,p25,0.00
63,1780553556323170560,1780553557323170560,HTTP DNS Lookup,ms,p50,0.00
63,1780553556323170560,1780553557323170560,HTTP DNS Lookup,ms,p75,0.00
63,1780553556323170560,1780553557323170560,HTTP DNS Lookup,ms,p90,0.00
63,1780553556323170560,1780553557323170560,HTTP DNS Lookup,ms,p95,0.00
63,1780553556323170560,1780553557323170560,HTTP DNS Lookup,ms,p99,0.00
63,1780553556323170560,1780553557323170560,HTTP DNS Lookup,ms,std,0.00
63,1780553556323170560,1780553557323170560,HTTP Duration (excl. conn),ms,avg,106938.96
63,1780553556323170560,1780553557323170560,HTTP Duration (excl. conn),ms,min,106938.96
63,1780553556323170560,1780553557323170560,HTTP Duration (excl. conn),ms,max,106938.96
63,1780553556323170560,1780553557323170560,HTTP Duration (excl. conn),ms,sum,106938.96
63,1780553556323170560,1780553557323170560,HTTP Duration (excl. conn),ms,p1,106938.96
63,1780553556323170560,1780553557323170560,HTTP Duration (excl. conn),ms,p5,106938.96
63,1780553556323170560,1780553557323170560,HTTP Duration (excl. conn),ms,p10,106938.96
63,1780553556323170560,1780553557323170560,HTTP Duration (excl. conn),ms,p25,106938.96
63,1780553556323170560,1780553557323170560,HTTP Duration (excl. conn),ms,p50,106938.96
63,1780553556323170560,1780553557323170560,HTTP Duration (excl. conn),ms,p75,106938.96
63,1780553556323170560,1780553557323170560,HTTP Duration (excl. conn),ms,p90,106938.96
63,1780553556323170560,1780553557323170560,HTTP Duration (excl. conn),ms,p95,106938.96
63,1780553556323170560,1780553557323170560,HTTP Duration (excl. conn),ms,p99,106938.96
63,1780553556323170560,1780553557323170560,HTTP Duration (excl. conn),ms,std,0.00
63,1780553556323170560,1780553557323170560,HTTP Receiving,ms,avg,52330.18
63,1780553556323170560,1780553557323170560,HTTP Receiving,ms,min,52330.18
63,1780553556323170560,1780553557323170560,HTTP Receiving,ms,max,52330.18
63,1780553556323170560,1780553557323170560,HTTP Receiving,ms,sum,52330.18
63,1780553556323170560,1780553557323170560,HTTP Receiving,ms,p1,52330.18
63,1780553556323170560,1780553557323170560,HTTP Receiving,ms,p5,52330.18
63,1780553556323170560,1780553557323170560,HTTP Receiving,ms,p10,52330.18
63,1780553556323170560,1780553557323170560,HTTP Receiving,ms,p25,52330.18
63,1780553556323170560,1780553557323170560,HTTP Receiving,ms,p50,52330.18
63,1780553556323170560,1780553557323170560,HTTP Receiving,ms,p75,52330.18
63,1780553556323170560,1780553557323170560,HTTP Receiving,ms,p90,52330.18
63,1780553556323170560,1780553557323170560,HTTP Receiving,ms,p95,52330.18
63,1780553556323170560,1780553557323170560,HTTP Receiving,ms,p99,52330.18
63,1780553556323170560,1780553557323170560,HTTP Receiving,ms,std,0.00
63,1780553556323170560,1780553557323170560,HTTP Sending,ms,avg,1.04
63,1780553556323170560,1780553557323170560,HTTP Sending,ms,min,1.04
63,1780553556323170560,1780553557323170560,HTTP Sending,ms,max,1.04
63,1780553556323170560,1780553557323170560,HTTP Sending,ms,sum,1.04
63,1780553556323170560,1780553557323170560,HTTP Sending,ms,p1,1.04
63,1780553556323170560,1780553557323170560,HTTP Sending,ms,p5,1.04
63,1780553556323170560,1780553557323170560,HTTP Sending,ms,p10,1.04
63,1780553556323170560,1780553557323170560,HTTP Sending,ms,p25,1.04
63,1780553556323170560,1780553557323170560,HTTP Sending,ms,p50,1.04
63,1780553556323170560,1780553557323170560,HTTP Sending,ms,p75,1.04
63,1780553556323170560,1780553557323170560,HTTP Sending,ms,p90,1.04
63,1780553556323170560,1780553557323170560,HTTP Sending,ms,p95,1.04
63,1780553556323170560,1780553557323170560,HTTP Sending,ms,p99,1.04
63,1780553556323170560,1780553557323170560,HTTP Sending,ms,std,0.00
63,1780553556323170560,1780553557323170560,HTTP Total Time,ms,avg,106939.69
63,1780553556323170560,1780553557323170560,HTTP Total Time,ms,min,106939.69
63,1780553556323170560,1780553557323170560,HTTP Total Time,ms,max,106939.69
63,1780553556323170560,1780553557323170560,HTTP Total Time,ms,sum,106939.69
63,1780553556323170560,1780553557323170560,HTTP Total Time,ms,p1,106939.69
63,1780553556323170560,1780553557323170560,HTTP Total Time,ms,p5,106939.69
63,1780553556323170560,1780553557323170560,HTTP Total Time,ms,p10,106939.69
63,1780553556323170560,1780553557323170560,HTTP Total Time,ms,p25,106939.69
63,1780553556323170560,1780553557323170560,HTTP Total Time,ms,p50,106939.69
63,1780553556323170560,1780553557323170560,HTTP Total Time,ms,p75,106939.69
63,1780553556323170560,1780553557323170560,HTTP Total Time,ms,p90,106939.69
63,1780553556323170560,1780553557323170560,HTTP Total Time,ms,p95,106939.69
63,1780553556323170560,1780553557323170560,HTTP Total Time,ms,p99,106939.69
63,1780553556323170560,1780553557323170560,HTTP Total Time,ms,std,0.00
63,1780553556323170560,1780553557323170560,HTTP Waiting (TTFB),ms,avg,54607.74
63,1780553556323170560,1780553557323170560,HTTP Waiting (TTFB),ms,min,54607.74
63,1780553556323170560,1780553557323170560,HTTP Waiting (TTFB),ms,max,54607.74
63,1780553556323170560,1780553557323170560,HTTP Waiting (TTFB),ms,sum,54607.74
63,1780553556323170560,1780553557323170560,HTTP Waiting (TTFB),ms,p1,54607.74
63,1780553556323170560,1780553557323170560,HTTP Waiting (TTFB),ms,p5,54607.74
63,1780553556323170560,1780553557323170560,HTTP Waiting (TTFB),ms,p10,54607.74
63,1780553556323170560,1780553557323170560,HTTP Waiting (TTFB),ms,p25,54607.74
63,1780553556323170560,1780553557323170560,HTTP Waiting (TTFB),ms,p50,54607.74
63,1780553556323170560,1780553557323170560,HTTP Waiting (TTFB),ms,p75,54607.74
63,1780553556323170560,1780553557323170560,HTTP Waiting (TTFB),ms,p90,54607.74
63,1780553556323170560,1780553557323170560,HTTP Waiting (TTFB),ms,p95,54607.74
63,1780553556323170560,1780553557323170560,HTTP Waiting (TTFB),ms,p99,54607.74
63,1780553556323170560,1780553557323170560,HTTP Waiting (TTFB),ms,std,0.00
63,1780553556323170560,1780553557323170560,Input Sequence Length,tokens,avg,118778.00
63,1780553556323170560,1780553557323170560,Input Sequence Length,tokens,min,118778.00
63,1780553556323170560,1780553557323170560,Input Sequence Length,tokens,max,118778.00
63,1780553556323170560,1780553557323170560,Input Sequence Length,tokens,sum,118778.00
63,1780553556323170560,1780553557323170560,Input Sequence Length,tokens,p1,118778.00
63,1780553556323170560,1780553557323170560,Input Sequence Length,tokens,p5,118778.00
63,1780553556323170560,1780553557323170560,Input Sequence Length,tokens,p10,118778.00
63,1780553556323170560,1780553557323170560,Input Sequence Length,tokens,p25,118778.00
63,1780553556323170560,1780553557323170560,Input Sequence Length,tokens,p50,118778.00
63,1780553556323170560,1780553557323170560,Input Sequence Length,tokens,p75,118778.00
63,1780553556323170560,1780553557323170560,Input Sequence Length,tokens,p90,118778.00
63,1780553556323170560,1780553557323170560,Input Sequence Length,tokens,p95,118778.00
63,1780553556323170560,1780553557323170560,Input Sequence Length,tokens,p99,118778.00
63,1780553556323170560,1780553557323170560,Input Sequence Length,tokens,std,0.00
63,1780553556323170560,1780553557323170560,Input Token Throughput,tokens/sec,avg,118778.00
63,1780553556323170560,1780553557323170560,Inter Chunk Latency,ms,avg,66.43
63,1780553556323170560,1780553557323170560,Inter Chunk Latency,ms,min,66.43
63,1780553556323170560,1780553557323170560,Inter Chunk Latency,ms,max,66.44
63,1780553556323170560,1780553557323170560,Inter Chunk Latency,ms,sum,13751.73
63,1780553556323170560,1780553557323170560,Inter Chunk Latency,ms,p1,66.43
63,1780553556323170560,1780553557323170560,Inter Chunk Latency,ms,p5,66.43
63,1780553556323170560,1780553557323170560,Inter Chunk Latency,ms,p10,66.43
63,1780553556323170560,1780553557323170560,Inter Chunk Latency,ms,p25,66.43
63,1780553556323170560,1780553557323170560,Inter Chunk Latency,ms,p50,66.43
63,1780553556323170560,1780553557323170560,Inter Chunk Latency,ms,p75,66.44
63,1780553556323170560,1780553557323170560,Inter Chunk Latency,ms,p90,66.44
63,1780553556323170560,1780553557323170560,Inter Chunk Latency,ms,p95,66.44
63,1780553556323170560,1780553557323170560,Inter Chunk Latency,ms,p99,66.44
63,1780553556323170560,1780553557323170560,Inter Chunk Latency,ms,std,0.00
63,1780553556323170560,1780553557323170560,Inter Token Latency,ms,avg,251.59
63,1780553556323170560,1780553557323170560,Inter Token Latency,ms,min,251.59
63,1780553556323170560,1780553557323170560,Inter Token Latency,ms,max,251.59
63,1780553556323170560,1780553557323170560,Inter Token Latency,ms,sum,251.59
63,1780553556323170560,1780553557323170560,Inter Token Latency,ms,p1,251.59
63,1780553556323170560,1780553557323170560,Inter Token Latency,ms,p5,251.59
63,1780553556323170560,1780553557323170560,Inter Token Latency,ms,p10,251.59
63,1780553556323170560,1780553557323170560,Inter Token Latency,ms,p25,251.59
63,1780553556323170560,1780553557323170560,Inter Token Latency,ms,p50,251.59
63,1780553556323170560,1780553557323170560,Inter Token Latency,ms,p75,251.59
63,1780553556323170560,1780553557323170560,Inter Token Latency,ms,p90,251.59
63,1780553556323170560,1780553557323170560,Inter Token Latency,ms,p95,251.59
63,1780553556323170560,1780553557323170560,Inter Token Latency,ms,p99,251.59
63,1780553556323170560,1780553557323170560,Inter Token Latency,ms,std,0.00
63,1780553556323170560,1780553557323170560,Maximum Response Timestamp,ns,avg,1780553663918191360.00
63,1780553556323170560,1780553557323170560,Minimum Request Timestamp,ns,avg,1780553556979101184.00
63,1780553556323170560,1780553557323170560,OSL Mismatch Count,requests,avg,0.00
63,1780553556323170560,1780553557323170560,OSL Mismatch Diff %,%,avg,0.00
63,1780553556323170560,1780553557323170560,OSL Mismatch Diff %,%,min,0.00
63,1780553556323170560,1780553557323170560,OSL Mismatch Diff %,%,max,0.00
63,1780553556323170560,1780553557323170560,OSL Mismatch Diff %,%,sum,0.00
63,1780553556323170560,1780553557323170560,OSL Mismatch Diff %,%,p1,0.00
63,1780553556323170560,1780553557323170560,OSL Mismatch Diff %,%,p5,0.00
63,1780553556323170560,1780553557323170560,OSL Mismatch Diff %,%,p10,0.00
63,1780553556323170560,1780553557323170560,OSL Mismatch Diff %,%,p25,0.00
63,1780553556323170560,1780553557323170560,OSL Mismatch Diff %,%,p50,0.00
63,1780553556323170560,1780553557323170560,OSL Mismatch Diff %,%,p75,0.00
63,1780553556323170560,1780553557323170560,OSL Mismatch Diff %,%,p90,0.00
63,1780553556323170560,1780553557323170560,OSL Mismatch Diff %,%,p95,0.00
63,1780553556323170560,1780553557323170560,OSL Mismatch Diff %,%,p99,0.00
63,1780553556323170560,1780553557323170560,OSL Mismatch Diff %,%,std,0.00
63,1780553556323170560,1780553557323170560,Output Sequence Length,tokens,avg,209.00
63,1780553556323170560,1780553557323170560,Output Sequence Length,tokens,min,209.00
63,1780553556323170560,1780553557323170560,Output Sequence Length,tokens,max,209.00
63,1780553556323170560,1780553557323170560,Output Sequence Length,tokens,sum,209.00
63,1780553556323170560,1780553557323170560,Output Sequence Length,tokens,p1,209.00
63,1780553556323170560,1780553557323170560,Output Sequence Length,tokens,p5,209.00
63,1780553556323170560,1780553557323170560,Output Sequence Length,tokens,p10,209.00
63,1780553556323170560,1780553557323170560,Output Sequence Length,tokens,p25,209.00
63,1780553556323170560,1780553557323170560,Output Sequence Length,tokens,p50,209.00
63,1780553556323170560,1780553557323170560,Output Sequence Length,tokens,p75,209.00
63,1780553556323170560,1780553557323170560,Output Sequence Length,tokens,p90,209.00
63,1780553556323170560,1780553557323170560,Output Sequence Length,tokens,p95,209.00
63,1780553556323170560,1780553557323170560,Output Sequence Length,tokens,p99,209.00
63,1780553556323170560,1780553557323170560,Output Sequence Length,tokens,std,0.00
63,1780553556323170560,1780553557323170560,Output Token Count,tokens,avg,209.00
63,1780553556323170560,1780553557323170560,Output Token Count,tokens,min,209.00
63,1780553556323170560,1780553557323170560,Output Token Count,tokens,max,209.00
63,1780553556323170560,1780553557323170560,Output Token Count,tokens,sum,209.00
63,1780553556323170560,1780553557323170560,Output Token Count,tokens,p1,209.00
63,1780553556323170560,1780553557323170560,Output Token Count,tokens,p5,209.00
63,1780553556323170560,1780553557323170560,Output Token Count,tokens,p10,209.00
63,1780553556323170560,1780553557323170560,Output Token Count,tokens,p25,209.00
63,1780553556323170560,1780553557323170560,Output Token Count,tokens,p50,209.00
63,1780553556323170560,1780553557323170560,Output Token Count,tokens,p75,209.00
63,1780553556323170560,1780553557323170560,Output Token Count,tokens,p90,209.00
63,1780553556323170560,1780553557323170560,Output Token Count,tokens,p95,209.00
63,1780553556323170560,1780553557323170560,Output Token Count,tokens,p99,209.00
63,1780553556323170560,1780553557323170560,Output Token Count,tokens,std,0.00
63,1780553556323170560,1780553557323170560,Output Token Throughput,tokens/sec,avg,209.00
63,1780553556323170560,1780553557323170560,Output Token Throughput Per User,tokens/sec/user,avg,3.97
63,1780553556323170560,1780553557323170560,Output Token Throughput Per User,tokens/sec/user,min,3.97
63,1780553556323170560,1780553557323170560,Output Token Throughput Per User,tokens/sec/user,max,3.97
63,1780553556323170560,1780553557323170560,Output Token Throughput Per User,tokens/sec/user,sum,3.97
63,1780553556323170560,1780553557323170560,Output Token Throughput Per User,tokens/sec/user,p1,3.97
63,1780553556323170560,1780553557323170560,Output Token Throughput Per User,tokens/sec/user,p5,3.97
63,1780553556323170560,1780553557323170560,Output Token Throughput Per User,tokens/sec/user,p10,3.97
63,1780553556323170560,1780553557323170560,Output Token Throughput Per User,tokens/sec/user,p25,3.97
63,1780553556323170560,1780553557323170560,Output Token Throughput Per User,tokens/sec/user,p50,3.97
63,1780553556323170560,1780553557323170560,Output Token Throughput Per User,tokens/sec/user,p75,3.97
63,1780553556323170560,1780553557323170560,Output Token Throughput Per User,tokens/sec/user,p90,3.97
63,1780553556323170560,1780553557323170560,Output Token Throughput Per User,tokens/sec/user,p95,3.97
63,1780553556323170560,1780553557323170560,Output Token Throughput Per User,tokens/sec/user,p99,3.97
63,1780553556323170560,1780553557323170560,Output Token Throughput Per User,tokens/sec/user,std,0.00
63,1780553556323170560,1780553557323170560,Prefill Throughput Per User,tokens/sec/user,avg,2175.07
63,1780553556323170560,1780553557323170560,Prefill Throughput Per User,tokens/sec/user,min,2175.07
63,1780553556323170560,1780553557323170560,Prefill Throughput Per User,tokens/sec/user,max,2175.07
63,1780553556323170560,1780553557323170560,Prefill Throughput Per User,tokens/sec/user,sum,2175.07
63,1780553556323170560,1780553557323170560,Prefill Throughput Per User,tokens/sec/user,p1,2175.07
63,1780553556323170560,1780553557323170560,Prefill Throughput Per User,tokens/sec/user,p5,2175.07
63,1780553556323170560,1780553557323170560,Prefill Throughput Per User,tokens/sec/user,p10,2175.07
63,1780553556323170560,1780553557323170560,Prefill Throughput Per User,tokens/sec/user,p25,2175.07
63,1780553556323170560,1780553557323170560,Prefill Throughput Per User,tokens/sec/user,p50,2175.07
63,1780553556323170560,1780553557323170560,Prefill Throughput Per User,tokens/sec/user,p75,2175.07
63,1780553556323170560,1780553557323170560,Prefill Throughput Per User,tokens/sec/user,p90,2175.07
63,1780553556323170560,1780553557323170560,Prefill Throughput Per User,tokens/sec/user,p95,2175.07
63,1780553556323170560,1780553557323170560,Prefill Throughput Per User,tokens/sec/user,p99,2175.07
63,1780553556323170560,1780553557323170560,Prefill Throughput Per User,tokens/sec/user,std,0.00
63,1780553556323170560,1780553557323170560,Request Count,requests,avg,1.00
63,1780553556323170560,1780553557323170560,Request Latency,ms,avg,106939.09
63,1780553556323170560,1780553557323170560,Request Latency,ms,min,106939.09
63,1780553556323170560,1780553557323170560,Request Latency,ms,max,106939.09
63,1780553556323170560,1780553557323170560,Request Latency,ms,sum,106939.09
63,1780553556323170560,1780553557323170560,Request Latency,ms,p1,106939.09
63,1780553556323170560,1780553557323170560,Request Latency,ms,p5,106939.09
63,1780553556323170560,1780553557323170560,Request Latency,ms,p10,106939.09
63,1780553556323170560,1780553557323170560,Request Latency,ms,p25,106939.09
63,1780553556323170560,1780553557323170560,Request Latency,ms,p50,106939.09
63,1780553556323170560,1780553557323170560,Request Latency,ms,p75,106939.09
63,1780553556323170560,1780553557323170560,Request Latency,ms,p90,106939.09
63,1780553556323170560,1780553557323170560,Request Latency,ms,p95,106939.09
63,1780553556323170560,1780553557323170560,Request Latency,ms,p99,106939.09
63,1780553556323170560,1780553557323170560,Request Latency,ms,std,0.00
63,1780553556323170560,1780553557323170560,Request Throughput,requests/sec,avg,1.00
63,1780553556323170560,1780553557323170560,Requested OSL,tokens,avg,209.00
63,1780553556323170560,1780553557323170560,Requested OSL,tokens,min,209.00
63,1780553556323170560,1780553557323170560,Requested OSL,tokens,max,209.00
63,1780553556323170560,1780553557323170560,Requested OSL,tokens,sum,209.00
63,1780553556323170560,1780553557323170560,Requested OSL,tokens,p1,209.00
63,1780553556323170560,1780553557323170560,Requested OSL,tokens,p5,209.00
63,1780553556323170560,1780553557323170560,Requested OSL,tokens,p10,209.00
63,1780553556323170560,1780553557323170560,Requested OSL,tokens,p25,209.00
63,1780553556323170560,1780553557323170560,Requested OSL,tokens,p50,209.00
63,1780553556323170560,1780553557323170560,Requested OSL,tokens,p75,209.00
63,1780553556323170560,1780553557323170560,Requested OSL,tokens,p90,209.00
63,1780553556323170560,1780553557323170560,Requested OSL,tokens,p95,209.00
63,1780553556323170560,1780553557323170560,Requested OSL,tokens,p99,209.00
63,1780553556323170560,1780553557323170560,Requested OSL,tokens,std,0.00
63,1780553556323170560,1780553557323170560,Time to First Output Token,ms,avg,54608.91
63,1780553556323170560,1780553557323170560,Time to First Output Token,ms,min,54608.91
63,1780553556323170560,1780553557323170560,Time to First Output Token,ms,max,54608.91
63,1780553556323170560,1780553557323170560,Time to First Output Token,ms,sum,54608.91
63,1780553556323170560,1780553557323170560,Time to First Output Token,ms,p1,54608.91
63,1780553556323170560,1780553557323170560,Time to First Output Token,ms,p5,54608.91
63,1780553556323170560,1780553557323170560,Time to First Output Token,ms,p10,54608.91
63,1780553556323170560,1780553557323170560,Time to First Output Token,ms,p25,54608.91
63,1780553556323170560,1780553557323170560,Time to First Output Token,ms,p50,54608.91
63,1780553556323170560,1780553557323170560,Time to First Output Token,ms,p75,54608.91
63,1780553556323170560,1780553557323170560,Time to First Output Token,ms,p90,54608.91
63,1780553556323170560,1780553557323170560,Time to First Output Token,ms,p95,54608.91
63,1780553556323170560,1780553557323170560,Time to First Output Token,ms,p99,54608.91
63,1780553556323170560,1780553557323170560,Time to First Output Token,ms,std,0.00
63,1780553556323170560,1780553557323170560,Time to First Token,ms,avg,54608.91
63,1780553556323170560,1780553557323170560,Time to First Token,ms,min,54608.91
63,1780553556323170560,1780553557323170560,Time to First Token,ms,max,54608.91
63,1780553556323170560,1780553557323170560,Time to First Token,ms,sum,54608.91
63,1780553556323170560,1780553557323170560,Time to First Token,ms,p1,54608.91
63,1780553556323170560,1780553557323170560,Time to First Token,ms,p5,54608.91
63,1780553556323170560,1780553557323170560,Time to First Token,ms,p10,54608.91
63,1780553556323170560,1780553557323170560,Time to First Token,ms,p25,54608.91
63,1780553556323170560,1780553557323170560,Time to First Token,ms,p50,54608.91
63,1780553556323170560,1780553557323170560,Time to First Token,ms,p75,54608.91
63,1780553556323170560,1780553557323170560,Time to First Token,ms,p90,54608.91
63,1780553556323170560,1780553557323170560,Time to First Token,ms,p95,54608.91
63,1780553556323170560,1780553557323170560,Time to First Token,ms,p99,54608.91
63,1780553556323170560,1780553557323170560,Time to First Token,ms,std,0.00
63,1780553556323170560,1780553557323170560,Time to Second Token,ms,avg,165.95
63,1780553556323170560,1780553557323170560,Time to Second Token,ms,min,165.95
63,1780553556323170560,1780553557323170560,Time to Second Token,ms,max,165.95
63,1780553556323170560,1780553557323170560,Time to Second Token,ms,sum,165.95
63,1780553556323170560,1780553557323170560,Time to Second Token,ms,p1,165.95
63,1780553556323170560,1780553557323170560,Time to Second Token,ms,p5,165.95
63,1780553556323170560,1780553557323170560,Time to Second Token,ms,p10,165.95
63,1780553556323170560,1780553557323170560,Time to Second Token,ms,p25,165.95
63,1780553556323170560,1780553557323170560,Time to Second Token,ms,p50,165.95
63,1780553556323170560,1780553557323170560,Time to Second Token,ms,p75,165.95
63,1780553556323170560,1780553557323170560,Time to Second Token,ms,p90,165.95
63,1780553556323170560,1780553557323170560,Time to Second Token,ms,p95,165.95
63,1780553556323170560,1780553557323170560,Time to Second Token,ms,p99,165.95
63,1780553556323170560,1780553557323170560,Time to Second Token,ms,std,0.00
63,1780553556323170560,1780553557323170560,Tokens In Flight,tokens,avg,1550477.81
63,1780553556323170560,1780553557323170560,Tokens In Flight,tokens,min,1509594.33
63,1780553556323170560,1780553557323170560,Tokens In Flight,tokens,max,1628402.79
63,1780553556323170560,1780553557323170560,Tokens In Flight,tokens,p50,1509610.57
63,1780553556323170560,1780553557323170560,Tokens In Flight,tokens,p90,1628400.76
63,1780553556323170560,1780553557323170560,Tokens In Flight,tokens,p95,1628400.76
63,1780553556323170560,1780553557323170560,Tokens In Flight,tokens,p99,1628402.79
63,1780553556323170560,1780553557323170560,Tokens In Flight,tokens,std,56434.32
63,1780553556323170560,1780553557323170560,Total Input Sequence Length,tokens,avg,118778.00
63,1780553556323170560,1780553557323170560,Total Output Sequence Length,tokens,avg,209.00
63,1780553556323170560,1780553557323170560,Total Output Tokens,tokens,avg,209.00
63,1780553556323170560,1780553557323170560,Total Token Throughput,tokens/sec,avg,118987.00
63,1780553556323170560,1780553557323170560,Total Usage Completion Tokens,tokens,avg,209.00
63,1780553556323170560,1780553557323170560,Total Usage Prompt Tokens,tokens,avg,118778.00
63,1780553556323170560,1780553557323170560,Total Usage Total Tokens,tokens,avg,118987.00
63,1780553556323170560,1780553557323170560,Usage Completion Tokens,tokens,avg,209.00
63,1780553556323170560,1780553557323170560,Usage Completion Tokens,tokens,min,209.00
63,1780553556323170560,1780553557323170560,Usage Completion Tokens,tokens,max,209.00
63,1780553556323170560,1780553557323170560,Usage Completion Tokens,tokens,sum,209.00
63,1780553556323170560,1780553557323170560,Usage Completion Tokens,tokens,p1,209.00
63,1780553556323170560,1780553557323170560,Usage Completion Tokens,tokens,p5,209.00
63,1780553556323170560,1780553557323170560,Usage Completion Tokens,tokens,p10,209.00
63,1780553556323170560,1780553557323170560,Usage Completion Tokens,tokens,p25,209.00
63,1780553556323170560,1780553557323170560,Usage Completion Tokens,tokens,p50,209.00
63,1780553556323170560,1780553557323170560,Usage Completion Tokens,tokens,p75,209.00
63,1780553556323170560,1780553557323170560,Usage Completion Tokens,tokens,p90,209.00
63,1780553556323170560,1780553557323170560,Usage Completion Tokens,tokens,p95,209.00
63,1780553556323170560,1780553557323170560,Usage Completion Tokens,tokens,p99,209.00
63,1780553556323170560,1780553557323170560,Usage Completion Tokens,tokens,std,0.00
63,1780553556323170560,1780553557323170560,Usage Prompt Tokens,tokens,avg,118778.00
63,1780553556323170560,1780553557323170560,Usage Prompt Tokens,tokens,min,118778.00
63,1780553556323170560,1780553557323170560,Usage Prompt Tokens,tokens,max,118778.00
63,1780553556323170560,1780553557323170560,Usage Prompt Tokens,tokens,sum,118778.00
63,1780553556323170560,1780553557323170560,Usage Prompt Tokens,tokens,p1,118778.00
63,1780553556323170560,1780553557323170560,Usage Prompt Tokens,tokens,p5,118778.00
63,1780553556323170560,1780553557323170560,Usage Prompt Tokens,tokens,p10,118778.00
63,1780553556323170560,1780553557323170560,Usage Prompt Tokens,tokens,p25,118778.00
63,1780553556323170560,1780553557323170560,Usage Prompt Tokens,tokens,p50,118778.00
63,1780553556323170560,1780553557323170560,Usage Prompt Tokens,tokens,p75,118778.00
63,1780553556323170560,1780553557323170560,Usage Prompt Tokens,tokens,p90,118778.00
63,1780553556323170560,1780553557323170560,Usage Prompt Tokens,tokens,p95,118778.00
63,1780553556323170560,1780553557323170560,Usage Prompt Tokens,tokens,p99,118778.00
63,1780553556323170560,1780553557323170560,Usage Prompt Tokens,tokens,std,0.00
63,1780553556323170560,1780553557323170560,Usage Total Tokens,tokens,avg,118987.00
63,1780553556323170560,1780553557323170560,Usage Total Tokens,tokens,min,118987.00
63,1780553556323170560,1780553557323170560,Usage Total Tokens,tokens,max,118987.00
63,1780553556323170560,1780553557323170560,Usage Total Tokens,tokens,sum,118987.00
63,1780553556323170560,1780553557323170560,Usage Total Tokens,tokens,p1,118987.00
63,1780553556323170560,1780553557323170560,Usage Total Tokens,tokens,p5,118987.00
63,1780553556323170560,1780553557323170560,Usage Total Tokens,tokens,p10,118987.00
63,1780553556323170560,1780553557323170560,Usage Total Tokens,tokens,p25,118987.00
63,1780553556323170560,1780553557323170560,Usage Total Tokens,tokens,p50,118987.00
63,1780553556323170560,1780553557323170560,Usage Total Tokens,tokens,p75,118987.00
63,1780553556323170560,1780553557323170560,Usage Total Tokens,tokens,p90,118987.00
63,1780553556323170560,1780553557323170560,Usage Total Tokens,tokens,p95,118987.00
63,1780553556323170560,1780553557323170560,Usage Total Tokens,tokens,p99,118987.00
63,1780553556323170560,1780553557323170560,Usage Total Tokens,tokens,std,0.00
64,1780553575323170560,1780553576323170560,Active Decode Throughput,tokens/sec,avg,71.44
64,1780553575323170560,1780553576323170560,Active Decode Throughput,tokens/sec,min,45.34
64,1780553575323170560,1780553576323170560,Active Decode Throughput,tokens/sec,max,90.62
64,1780553575323170560,1780553576323170560,Active Decode Throughput,tokens/sec,p50,75.51
64,1780553575323170560,1780553576323170560,Active Decode Throughput,tokens/sec,p90,75.51
64,1780553575323170560,1780553576323170560,Active Decode Throughput,tokens/sec,p95,75.51
64,1780553575323170560,1780553576323170560,Active Decode Throughput,tokens/sec,p99,75.51
64,1780553575323170560,1780553576323170560,Active Decode Throughput,tokens/sec,std,6.70
64,1780553575323170560,1780553576323170560,Active Decode Throughput Per User,tokens/sec/user,avg,6.75
64,1780553575323170560,1780553576323170560,Active Decode Throughput Per User,tokens/sec/user,min,4.53
64,1780553575323170560,1780553576323170560,Active Decode Throughput Per User,tokens/sec/user,max,8.24
64,1780553575323170560,1780553576323170560,Active Decode Throughput Per User,tokens/sec/user,p50,6.86
64,1780553575323170560,1780553576323170560,Active Decode Throughput Per User,tokens/sec/user,p90,6.86
64,1780553575323170560,1780553576323170560,Active Decode Throughput Per User,tokens/sec/user,p95,6.86
64,1780553575323170560,1780553576323170560,Active Decode Throughput Per User,tokens/sec/user,p99,7.55
64,1780553575323170560,1780553576323170560,Active Decode Throughput Per User,tokens/sec/user,std,0.29
64,1780553575323170560,1780553576323170560,Active Prefill Throughput,tokens/sec,avg,5722.45
64,1780553575323170560,1780553576323170560,Active Prefill Throughput,tokens/sec,min,4634.81
64,1780553575323170560,1780553576323170560,Active Prefill Throughput,tokens/sec,max,6642.22
64,1780553575323170560,1780553576323170560,Active Prefill Throughput,tokens/sec,p50,6642.22
64,1780553575323170560,1780553576323170560,Active Prefill Throughput,tokens/sec,p90,6642.22
64,1780553575323170560,1780553576323170560,Active Prefill Throughput,tokens/sec,p95,6642.22
64,1780553575323170560,1780553576323170560,Active Prefill Throughput,tokens/sec,p99,6642.22
64,1780553575323170560,1780553576323170560,Active Prefill Throughput,tokens/sec,std,1000.19
64,1780553575323170560,1780553576323170560,Active Prefill Throughput Per User,tokens/sec/user,avg,2261.42
64,1780553575323170560,1780553576323170560,Active Prefill Throughput Per User,tokens/sec/user,min,2214.07
64,1780553575323170560,1780553576323170560,Active Prefill Throughput Per User,tokens/sec/user,max,2317.40
64,1780553575323170560,1780553576323170560,Active Prefill Throughput Per User,tokens/sec/user,p50,2214.07
64,1780553575323170560,1780553576323170560,Active Prefill Throughput Per User,tokens/sec/user,p90,2317.40
64,1780553575323170560,1780553576323170560,Active Prefill Throughput Per User,tokens/sec/user,p95,2317.40
64,1780553575323170560,1780553576323170560,Active Prefill Throughput Per User,tokens/sec/user,p99,2317.40
64,1780553575323170560,1780553576323170560,Active Prefill Throughput Per User,tokens/sec/user,std,51.48
64,1780553575323170560,1780553576323170560,Active Total Throughput,tokens/sec,avg,5786.46
64,1780553575323170560,1780553576323170560,Active Total Throughput,tokens/sec,min,4704.16
64,1780553575323170560,1780553576323170560,Active Total Throughput,tokens/sec,max,6711.57
64,1780553575323170560,1780553576323170560,Active Total Throughput,tokens/sec,p50,6690.03
64,1780553575323170560,1780553576323170560,Active Total Throughput,tokens/sec,p90,6711.57
64,1780553575323170560,1780553576323170560,Active Total Throughput,tokens/sec,p95,6711.57
64,1780553575323170560,1780553576323170560,Active Total Throughput,tokens/sec,p99,6711.57
64,1780553575323170560,1780553576323170560,Active Total Throughput,tokens/sec,std,995.30
64,1780553575323170560,1780553576323170560,Benchmark Duration,sec,avg,50.44
64,1780553575323170560,1780553576323170560,E2E Output Token Throughput,tokens/sec/user,avg,0.24
64,1780553575323170560,1780553576323170560,E2E Output Token Throughput,tokens/sec/user,min,0.24
64,1780553575323170560,1780553576323170560,E2E Output Token Throughput,tokens/sec/user,max,0.24
64,1780553575323170560,1780553576323170560,E2E Output Token Throughput,tokens/sec/user,sum,0.24
64,1780553575323170560,1780553576323170560,E2E Output Token Throughput,tokens/sec/user,p1,0.24
64,1780553575323170560,1780553576323170560,E2E Output Token Throughput,tokens/sec/user,p5,0.24
64,1780553575323170560,1780553576323170560,E2E Output Token Throughput,tokens/sec/user,p10,0.24
64,1780553575323170560,1780553576323170560,E2E Output Token Throughput,tokens/sec/user,p25,0.24
64,1780553575323170560,1780553576323170560,E2E Output Token Throughput,tokens/sec/user,p50,0.24
64,1780553575323170560,1780553576323170560,E2E Output Token Throughput,tokens/sec/user,p75,0.24
64,1780553575323170560,1780553576323170560,E2E Output Token Throughput,tokens/sec/user,p90,0.24
64,1780553575323170560,1780553576323170560,E2E Output Token Throughput,tokens/sec/user,p95,0.24
64,1780553575323170560,1780553576323170560,E2E Output Token Throughput,tokens/sec/user,p99,0.24
64,1780553575323170560,1780553576323170560,E2E Output Token Throughput,tokens/sec/user,std,0.00
64,1780553575323170560,1780553576323170560,Effective Concurrency,requests,avg,13.11
64,1780553575323170560,1780553576323170560,Effective Concurrency,requests,min,12.00
64,1780553575323170560,1780553576323170560,Effective Concurrency,requests,max,14.00
64,1780553575323170560,1780553576323170560,Effective Concurrency,requests,p50,13.00
64,1780553575323170560,1780553576323170560,Effective Concurrency,requests,p90,14.00
64,1780553575323170560,1780553576323170560,Effective Concurrency,requests,p95,14.00
64,1780553575323170560,1780553576323170560,Effective Concurrency,requests,p99,14.00
64,1780553575323170560,1780553576323170560,Effective Concurrency,requests,std,0.62
64,1780553575323170560,1780553576323170560,Effective Decode Concurrency,requests,avg,10.56
64,1780553575323170560,1780553576323170560,Effective Decode Concurrency,requests,min,9.00
64,1780553575323170560,1780553576323170560,Effective Decode Concurrency,requests,max,11.00
64,1780553575323170560,1780553576323170560,Effective Decode Concurrency,requests,p50,11.00
64,1780553575323170560,1780553576323170560,Effective Decode Concurrency,requests,p90,11.00
64,1780553575323170560,1780553576323170560,Effective Decode Concurrency,requests,p95,11.00
64,1780553575323170560,1780553576323170560,Effective Decode Concurrency,requests,p99,11.00
64,1780553575323170560,1780553576323170560,Effective Decode Concurrency,requests,std,0.73
64,1780553575323170560,1780553576323170560,Effective Decode Throughput,tokens/sec,avg,71.44
64,1780553575323170560,1780553576323170560,Effective Decode Throughput,tokens/sec,min,45.34
64,1780553575323170560,1780553576323170560,Effective Decode Throughput,tokens/sec,max,90.62
64,1780553575323170560,1780553576323170560,Effective Decode Throughput,tokens/sec,p50,75.51
64,1780553575323170560,1780553576323170560,Effective Decode Throughput,tokens/sec,p90,75.51
64,1780553575323170560,1780553576323170560,Effective Decode Throughput,tokens/sec,p95,75.51
64,1780553575323170560,1780553576323170560,Effective Decode Throughput,tokens/sec,p99,75.51
64,1780553575323170560,1780553576323170560,Effective Decode Throughput,tokens/sec,std,6.70
64,1780553575323170560,1780553576323170560,Effective Decode Throughput Per User,tokens/sec/user,avg,6.75
64,1780553575323170560,1780553576323170560,Effective Decode Throughput Per User,tokens/sec/user,min,4.53
64,1780553575323170560,1780553576323170560,Effective Decode Throughput Per User,tokens/sec/user,max,8.24
64,1780553575323170560,1780553576323170560,Effective Decode Throughput Per User,tokens/sec/user,p50,6.86
64,1780553575323170560,1780553576323170560,Effective Decode Throughput Per User,tokens/sec/user,p90,6.86
64,1780553575323170560,1780553576323170560,Effective Decode Throughput Per User,tokens/sec/user,p95,6.86
64,1780553575323170560,1780553576323170560,Effective Decode Throughput Per User,tokens/sec/user,p99,7.55
64,1780553575323170560,1780553576323170560,Effective Decode Throughput Per User,tokens/sec/user,std,0.29
64,1780553575323170560,1780553576323170560,Effective Prefill Concurrency,requests,avg,2.54
64,1780553575323170560,1780553576323170560,Effective Prefill Concurrency,requests,min,2.00
64,1780553575323170560,1780553576323170560,Effective Prefill Concurrency,requests,max,3.00
64,1780553575323170560,1780553576323170560,Effective Prefill Concurrency,requests,p50,3.00
64,1780553575323170560,1780553576323170560,Effective Prefill Concurrency,requests,p90,3.00
64,1780553575323170560,1780553576323170560,Effective Prefill Concurrency,requests,p95,3.00
64,1780553575323170560,1780553576323170560,Effective Prefill Concurrency,requests,p99,3.00
64,1780553575323170560,1780553576323170560,Effective Prefill Concurrency,requests,std,0.50
64,1780553575323170560,1780553576323170560,Effective Prefill Throughput,tokens/sec,avg,5722.45
64,1780553575323170560,1780553576323170560,Effective Prefill Throughput,tokens/sec,min,4634.81
64,1780553575323170560,1780553576323170560,Effective Prefill Throughput,tokens/sec,max,6642.22
64,1780553575323170560,1780553576323170560,Effective Prefill Throughput,tokens/sec,p50,6642.22
64,1780553575323170560,1780553576323170560,Effective Prefill Throughput,tokens/sec,p90,6642.22
64,1780553575323170560,1780553576323170560,Effective Prefill Throughput,tokens/sec,p95,6642.22
64,1780553575323170560,1780553576323170560,Effective Prefill Throughput,tokens/sec,p99,6642.22
64,1780553575323170560,1780553576323170560,Effective Prefill Throughput,tokens/sec,std,1000.19
64,1780553575323170560,1780553576323170560,Effective Prefill Throughput Per User,tokens/sec/user,avg,2261.42
64,1780553575323170560,1780553576323170560,Effective Prefill Throughput Per User,tokens/sec/user,min,2214.07
64,1780553575323170560,1780553576323170560,Effective Prefill Throughput Per User,tokens/sec/user,max,2317.40
64,1780553575323170560,1780553576323170560,Effective Prefill Throughput Per User,tokens/sec/user,p50,2214.07
64,1780553575323170560,1780553576323170560,Effective Prefill Throughput Per User,tokens/sec/user,p90,2317.40
64,1780553575323170560,1780553576323170560,Effective Prefill Throughput Per User,tokens/sec/user,p95,2317.40
64,1780553575323170560,1780553576323170560,Effective Prefill Throughput Per User,tokens/sec/user,p99,2317.40
64,1780553575323170560,1780553576323170560,Effective Prefill Throughput Per User,tokens/sec/user,std,51.48
64,1780553575323170560,1780553576323170560,Effective Total Throughput,tokens/sec,avg,5786.46
64,1780553575323170560,1780553576323170560,Effective Total Throughput,tokens/sec,min,4704.16
64,1780553575323170560,1780553576323170560,Effective Total Throughput,tokens/sec,max,6711.57
64,1780553575323170560,1780553576323170560,Effective Total Throughput,tokens/sec,p50,6690.03
64,1780553575323170560,1780553576323170560,Effective Total Throughput,tokens/sec,p90,6711.57
64,1780553575323170560,1780553576323170560,Effective Total Throughput,tokens/sec,p95,6711.57
64,1780553575323170560,1780553576323170560,Effective Total Throughput,tokens/sec,p99,6711.57
64,1780553575323170560,1780553576323170560,Effective Total Throughput,tokens/sec,std,995.30
64,1780553575323170560,1780553576323170560,HTTP Blocked,ms,avg,0.00
64,1780553575323170560,1780553576323170560,HTTP Blocked,ms,min,0.00
64,1780553575323170560,1780553576323170560,HTTP Blocked,ms,max,0.00
64,1780553575323170560,1780553576323170560,HTTP Blocked,ms,sum,0.00
64,1780553575323170560,1780553576323170560,HTTP Blocked,ms,p1,0.00
64,1780553575323170560,1780553576323170560,HTTP Blocked,ms,p5,0.00
64,1780553575323170560,1780553576323170560,HTTP Blocked,ms,p10,0.00
64,1780553575323170560,1780553576323170560,HTTP Blocked,ms,p25,0.00
64,1780553575323170560,1780553576323170560,HTTP Blocked,ms,p50,0.00
64,1780553575323170560,1780553576323170560,HTTP Blocked,ms,p75,0.00
64,1780553575323170560,1780553576323170560,HTTP Blocked,ms,p90,0.00
64,1780553575323170560,1780553576323170560,HTTP Blocked,ms,p95,0.00
64,1780553575323170560,1780553576323170560,HTTP Blocked,ms,p99,0.00
64,1780553575323170560,1780553576323170560,HTTP Blocked,ms,std,0.00
64,1780553575323170560,1780553576323170560,HTTP Chunks Received,count,avg,12.00
64,1780553575323170560,1780553576323170560,HTTP Chunks Received,count,min,12.00
64,1780553575323170560,1780553576323170560,HTTP Chunks Received,count,max,12.00
64,1780553575323170560,1780553576323170560,HTTP Chunks Received,count,sum,12.00
64,1780553575323170560,1780553576323170560,HTTP Chunks Received,count,p1,12.00
64,1780553575323170560,1780553576323170560,HTTP Chunks Received,count,p5,12.00
64,1780553575323170560,1780553576323170560,HTTP Chunks Received,count,p10,12.00
64,1780553575323170560,1780553576323170560,HTTP Chunks Received,count,p25,12.00
64,1780553575323170560,1780553576323170560,HTTP Chunks Received,count,p50,12.00
64,1780553575323170560,1780553576323170560,HTTP Chunks Received,count,p75,12.00
64,1780553575323170560,1780553576323170560,HTTP Chunks Received,count,p90,12.00
64,1780553575323170560,1780553576323170560,HTTP Chunks Received,count,p95,12.00
64,1780553575323170560,1780553576323170560,HTTP Chunks Received,count,p99,12.00
64,1780553575323170560,1780553576323170560,HTTP Chunks Received,count,std,0.00
64,1780553575323170560,1780553576323170560,HTTP Chunks Sent,count,avg,1.00
64,1780553575323170560,1780553576323170560,HTTP Chunks Sent,count,min,1.00
64,1780553575323170560,1780553576323170560,HTTP Chunks Sent,count,max,1.00
64,1780553575323170560,1780553576323170560,HTTP Chunks Sent,count,sum,1.00
64,1780553575323170560,1780553576323170560,HTTP Chunks Sent,count,p1,1.00
64,1780553575323170560,1780553576323170560,HTTP Chunks Sent,count,p5,1.00
64,1780553575323170560,1780553576323170560,HTTP Chunks Sent,count,p10,1.00
64,1780553575323170560,1780553576323170560,HTTP Chunks Sent,count,p25,1.00
64,1780553575323170560,1780553576323170560,HTTP Chunks Sent,count,p50,1.00
64,1780553575323170560,1780553576323170560,HTTP Chunks Sent,count,p75,1.00
64,1780553575323170560,1780553576323170560,HTTP Chunks Sent,count,p90,1.00
64,1780553575323170560,1780553576323170560,HTTP Chunks Sent,count,p95,1.00
64,1780553575323170560,1780553576323170560,HTTP Chunks Sent,count,p99,1.00
64,1780553575323170560,1780553576323170560,HTTP Chunks Sent,count,std,0.00
64,1780553575323170560,1780553576323170560,HTTP Connecting,ms,avg,0.00
64,1780553575323170560,1780553576323170560,HTTP Connecting,ms,min,0.00
64,1780553575323170560,1780553576323170560,HTTP Connecting,ms,max,0.00
64,1780553575323170560,1780553576323170560,HTTP Connecting,ms,sum,0.00
64,1780553575323170560,1780553576323170560,HTTP Connecting,ms,p1,0.00
64,1780553575323170560,1780553576323170560,HTTP Connecting,ms,p5,0.00
64,1780553575323170560,1780553576323170560,HTTP Connecting,ms,p10,0.00
64,1780553575323170560,1780553576323170560,HTTP Connecting,ms,p25,0.00
64,1780553575323170560,1780553576323170560,HTTP Connecting,ms,p50,0.00
64,1780553575323170560,1780553576323170560,HTTP Connecting,ms,p75,0.00
64,1780553575323170560,1780553576323170560,HTTP Connecting,ms,p90,0.00
64,1780553575323170560,1780553576323170560,HTTP Connecting,ms,p95,0.00
64,1780553575323170560,1780553576323170560,HTTP Connecting,ms,p99,0.00
64,1780553575323170560,1780553576323170560,HTTP Connecting,ms,std,0.00
64,1780553575323170560,1780553576323170560,HTTP Connection Overhead,ms,avg,0.00
64,1780553575323170560,1780553576323170560,HTTP Connection Overhead,ms,min,0.00
64,1780553575323170560,1780553576323170560,HTTP Connection Overhead,ms,max,0.00
64,1780553575323170560,1780553576323170560,HTTP Connection Overhead,ms,sum,0.00
64,1780553575323170560,1780553576323170560,HTTP Connection Overhead,ms,p1,0.00
64,1780553575323170560,1780553576323170560,HTTP Connection Overhead,ms,p5,0.00
64,1780553575323170560,1780553576323170560,HTTP Connection Overhead,ms,p10,0.00
64,1780553575323170560,1780553576323170560,HTTP Connection Overhead,ms,p25,0.00
64,1780553575323170560,1780553576323170560,HTTP Connection Overhead,ms,p50,0.00
64,1780553575323170560,1780553576323170560,HTTP Connection Overhead,ms,p75,0.00
64,1780553575323170560,1780553576323170560,HTTP Connection Overhead,ms,p90,0.00
64,1780553575323170560,1780553576323170560,HTTP Connection Overhead,ms,p95,0.00
64,1780553575323170560,1780553576323170560,HTTP Connection Overhead,ms,p99,0.00
64,1780553575323170560,1780553576323170560,HTTP Connection Overhead,ms,std,0.00
64,1780553575323170560,1780553576323170560,HTTP Connection Reused,ratio,avg,1.00
64,1780553575323170560,1780553576323170560,HTTP Connection Reused,ratio,min,1.00
64,1780553575323170560,1780553576323170560,HTTP Connection Reused,ratio,max,1.00
64,1780553575323170560,1780553576323170560,HTTP Connection Reused,ratio,sum,1.00
64,1780553575323170560,1780553576323170560,HTTP Connection Reused,ratio,p1,1.00
64,1780553575323170560,1780553576323170560,HTTP Connection Reused,ratio,p5,1.00
64,1780553575323170560,1780553576323170560,HTTP Connection Reused,ratio,p10,1.00
64,1780553575323170560,1780553576323170560,HTTP Connection Reused,ratio,p25,1.00
64,1780553575323170560,1780553576323170560,HTTP Connection Reused,ratio,p50,1.00
64,1780553575323170560,1780553576323170560,HTTP Connection Reused,ratio,p75,1.00
64,1780553575323170560,1780553576323170560,HTTP Connection Reused,ratio,p90,1.00
64,1780553575323170560,1780553576323170560,HTTP Connection Reused,ratio,p95,1.00
64,1780553575323170560,1780553576323170560,HTTP Connection Reused,ratio,p99,1.00
64,1780553575323170560,1780553576323170560,HTTP Connection Reused,ratio,std,0.00
64,1780553575323170560,1780553576323170560,HTTP Data Received,KB,avg,3.58
64,1780553575323170560,1780553576323170560,HTTP Data Received,KB,min,3.58
64,1780553575323170560,1780553576323170560,HTTP Data Received,KB,max,3.58
64,1780553575323170560,1780553576323170560,HTTP Data Received,KB,sum,3.58
64,1780553575323170560,1780553576323170560,HTTP Data Received,KB,p1,3.58
64,1780553575323170560,1780553576323170560,HTTP Data Received,KB,p5,3.58
64,1780553575323170560,1780553576323170560,HTTP Data Received,KB,p10,3.58
64,1780553575323170560,1780553576323170560,HTTP Data Received,KB,p25,3.58
64,1780553575323170560,1780553576323170560,HTTP Data Received,KB,p50,3.58
64,1780553575323170560,1780553576323170560,HTTP Data Received,KB,p75,3.58
64,1780553575323170560,1780553576323170560,HTTP Data Received,KB,p90,3.58
64,1780553575323170560,1780553576323170560,HTTP Data Received,KB,p95,3.58
64,1780553575323170560,1780553576323170560,HTTP Data Received,KB,p99,3.58
64,1780553575323170560,1780553576323170560,HTTP Data Received,KB,std,0.00
64,1780553575323170560,1780553576323170560,HTTP Data Sent,KB,avg,332.78
64,1780553575323170560,1780553576323170560,HTTP Data Sent,KB,min,332.78
64,1780553575323170560,1780553576323170560,HTTP Data Sent,KB,max,332.78
64,1780553575323170560,1780553576323170560,HTTP Data Sent,KB,sum,332.78
64,1780553575323170560,1780553576323170560,HTTP Data Sent,KB,p1,332.78
64,1780553575323170560,1780553576323170560,HTTP Data Sent,KB,p5,332.78
64,1780553575323170560,1780553576323170560,HTTP Data Sent,KB,p10,332.78
64,1780553575323170560,1780553576323170560,HTTP Data Sent,KB,p25,332.78
64,1780553575323170560,1780553576323170560,HTTP Data Sent,KB,p50,332.78
64,1780553575323170560,1780553576323170560,HTTP Data Sent,KB,p75,332.78
64,1780553575323170560,1780553576323170560,HTTP Data Sent,KB,p90,332.78
64,1780553575323170560,1780553576323170560,HTTP Data Sent,KB,p95,332.78
64,1780553575323170560,1780553576323170560,HTTP Data Sent,KB,p99,332.78
64,1780553575323170560,1780553576323170560,HTTP Data Sent,KB,std,0.00
64,1780553575323170560,1780553576323170560,HTTP DNS Lookup,ms,avg,0.00
64,1780553575323170560,1780553576323170560,HTTP DNS Lookup,ms,min,0.00
64,1780553575323170560,1780553576323170560,HTTP DNS Lookup,ms,max,0.00
64,1780553575323170560,1780553576323170560,HTTP DNS Lookup,ms,sum,0.00
64,1780553575323170560,1780553576323170560,HTTP DNS Lookup,ms,p1,0.00
64,1780553575323170560,1780553576323170560,HTTP DNS Lookup,ms,p5,0.00
64,1780553575323170560,1780553576323170560,HTTP DNS Lookup,ms,p10,0.00
64,1780553575323170560,1780553576323170560,HTTP DNS Lookup,ms,p25,0.00
64,1780553575323170560,1780553576323170560,HTTP DNS Lookup,ms,p50,0.00
64,1780553575323170560,1780553576323170560,HTTP DNS Lookup,ms,p75,0.00
64,1780553575323170560,1780553576323170560,HTTP DNS Lookup,ms,p90,0.00
64,1780553575323170560,1780553576323170560,HTTP DNS Lookup,ms,p95,0.00
64,1780553575323170560,1780553576323170560,HTTP DNS Lookup,ms,p99,0.00
64,1780553575323170560,1780553576323170560,HTTP DNS Lookup,ms,std,0.00
64,1780553575323170560,1780553576323170560,HTTP Duration (excl. conn),ms,avg,50441.06
64,1780553575323170560,1780553576323170560,HTTP Duration (excl. conn),ms,min,50441.06
64,1780553575323170560,1780553576323170560,HTTP Duration (excl. conn),ms,max,50441.06
64,1780553575323170560,1780553576323170560,HTTP Duration (excl. conn),ms,sum,50441.06
64,1780553575323170560,1780553576323170560,HTTP Duration (excl. conn),ms,p1,50441.06
64,1780553575323170560,1780553576323170560,HTTP Duration (excl. conn),ms,p5,50441.06
64,1780553575323170560,1780553576323170560,HTTP Duration (excl. conn),ms,p10,50441.06
64,1780553575323170560,1780553576323170560,HTTP Duration (excl. conn),ms,p25,50441.06
64,1780553575323170560,1780553576323170560,HTTP Duration (excl. conn),ms,p50,50441.06
64,1780553575323170560,1780553576323170560,HTTP Duration (excl. conn),ms,p75,50441.06
64,1780553575323170560,1780553576323170560,HTTP Duration (excl. conn),ms,p90,50441.06
64,1780553575323170560,1780553576323170560,HTTP Duration (excl. conn),ms,p95,50441.06
64,1780553575323170560,1780553576323170560,HTTP Duration (excl. conn),ms,p99,50441.06
64,1780553575323170560,1780553576323170560,HTTP Duration (excl. conn),ms,std,0.00
64,1780553575323170560,1780553576323170560,HTTP Receiving,ms,avg,7582.58
64,1780553575323170560,1780553576323170560,HTTP Receiving,ms,min,7582.58
64,1780553575323170560,1780553576323170560,HTTP Receiving,ms,max,7582.58
64,1780553575323170560,1780553576323170560,HTTP Receiving,ms,sum,7582.58
64,1780553575323170560,1780553576323170560,HTTP Receiving,ms,p1,7582.58
64,1780553575323170560,1780553576323170560,HTTP Receiving,ms,p5,7582.58
64,1780553575323170560,1780553576323170560,HTTP Receiving,ms,p10,7582.58
64,1780553575323170560,1780553576323170560,HTTP Receiving,ms,p25,7582.58
64,1780553575323170560,1780553576323170560,HTTP Receiving,ms,p50,7582.58
64,1780553575323170560,1780553576323170560,HTTP Receiving,ms,p75,7582.58
64,1780553575323170560,1780553576323170560,HTTP Receiving,ms,p90,7582.58
64,1780553575323170560,1780553576323170560,HTTP Receiving,ms,p95,7582.58
64,1780553575323170560,1780553576323170560,HTTP Receiving,ms,p99,7582.58
64,1780553575323170560,1780553576323170560,HTTP Receiving,ms,std,0.00
64,1780553575323170560,1780553576323170560,HTTP Sending,ms,avg,0.22
64,1780553575323170560,1780553576323170560,HTTP Sending,ms,min,0.22
64,1780553575323170560,1780553576323170560,HTTP Sending,ms,max,0.22
64,1780553575323170560,1780553576323170560,HTTP Sending,ms,sum,0.22
64,1780553575323170560,1780553576323170560,HTTP Sending,ms,p1,0.22
64,1780553575323170560,1780553576323170560,HTTP Sending,ms,p5,0.22
64,1780553575323170560,1780553576323170560,HTTP Sending,ms,p10,0.22
64,1780553575323170560,1780553576323170560,HTTP Sending,ms,p25,0.22
64,1780553575323170560,1780553576323170560,HTTP Sending,ms,p50,0.22
64,1780553575323170560,1780553576323170560,HTTP Sending,ms,p75,0.22
64,1780553575323170560,1780553576323170560,HTTP Sending,ms,p90,0.22
64,1780553575323170560,1780553576323170560,HTTP Sending,ms,p95,0.22
64,1780553575323170560,1780553576323170560,HTTP Sending,ms,p99,0.22
64,1780553575323170560,1780553576323170560,HTTP Sending,ms,std,0.00
64,1780553575323170560,1780553576323170560,HTTP Total Time,ms,avg,50441.06
64,1780553575323170560,1780553576323170560,HTTP Total Time,ms,min,50441.06
64,1780553575323170560,1780553576323170560,HTTP Total Time,ms,max,50441.06
64,1780553575323170560,1780553576323170560,HTTP Total Time,ms,sum,50441.06
64,1780553575323170560,1780553576323170560,HTTP Total Time,ms,p1,50441.06
64,1780553575323170560,1780553576323170560,HTTP Total Time,ms,p5,50441.06
64,1780553575323170560,1780553576323170560,HTTP Total Time,ms,p10,50441.06
64,1780553575323170560,1780553576323170560,HTTP Total Time,ms,p25,50441.06
64,1780553575323170560,1780553576323170560,HTTP Total Time,ms,p50,50441.06
64,1780553575323170560,1780553576323170560,HTTP Total Time,ms,p75,50441.06
64,1780553575323170560,1780553576323170560,HTTP Total Time,ms,p90,50441.06
64,1780553575323170560,1780553576323170560,HTTP Total Time,ms,p95,50441.06
64,1780553575323170560,1780553576323170560,HTTP Total Time,ms,p99,50441.06
64,1780553575323170560,1780553576323170560,HTTP Total Time,ms,std,0.00
64,1780553575323170560,1780553576323170560,HTTP Waiting (TTFB),ms,avg,42858.26
64,1780553575323170560,1780553576323170560,HTTP Waiting (TTFB),ms,min,42858.26
64,1780553575323170560,1780553576323170560,HTTP Waiting (TTFB),ms,max,42858.26
64,1780553575323170560,1780553576323170560,HTTP Waiting (TTFB),ms,sum,42858.26
64,1780553575323170560,1780553576323170560,HTTP Waiting (TTFB),ms,p1,42858.26
64,1780553575323170560,1780553576323170560,HTTP Waiting (TTFB),ms,p5,42858.26
64,1780553575323170560,1780553576323170560,HTTP Waiting (TTFB),ms,p10,42858.26
64,1780553575323170560,1780553576323170560,HTTP Waiting (TTFB),ms,p25,42858.26
64,1780553575323170560,1780553576323170560,HTTP Waiting (TTFB),ms,p50,42858.26
64,1780553575323170560,1780553576323170560,HTTP Waiting (TTFB),ms,p75,42858.26
64,1780553575323170560,1780553576323170560,HTTP Waiting (TTFB),ms,p90,42858.26
64,1780553575323170560,1780553576323170560,HTTP Waiting (TTFB),ms,p95,42858.26
64,1780553575323170560,1780553576323170560,HTTP Waiting (TTFB),ms,p99,42858.26
64,1780553575323170560,1780553576323170560,HTTP Waiting (TTFB),ms,std,0.00
64,1780553575323170560,1780553576323170560,Input Sequence Length,tokens,avg,86035.00
64,1780553575323170560,1780553576323170560,Input Sequence Length,tokens,min,86035.00
64,1780553575323170560,1780553576323170560,Input Sequence Length,tokens,max,86035.00
64,1780553575323170560,1780553576323170560,Input Sequence Length,tokens,sum,86035.00
64,1780553575323170560,1780553576323170560,Input Sequence Length,tokens,p1,86035.00
64,1780553575323170560,1780553576323170560,Input Sequence Length,tokens,p5,86035.00
64,1780553575323170560,1780553576323170560,Input Sequence Length,tokens,p10,86035.00
64,1780553575323170560,1780553576323170560,Input Sequence Length,tokens,p25,86035.00
64,1780553575323170560,1780553576323170560,Input Sequence Length,tokens,p50,86035.00
64,1780553575323170560,1780553576323170560,Input Sequence Length,tokens,p75,86035.00
64,1780553575323170560,1780553576323170560,Input Sequence Length,tokens,p90,86035.00
64,1780553575323170560,1780553576323170560,Input Sequence Length,tokens,p95,86035.00
64,1780553575323170560,1780553576323170560,Input Sequence Length,tokens,p99,86035.00
64,1780553575323170560,1780553576323170560,Input Sequence Length,tokens,std,0.00
64,1780553575323170560,1780553576323170560,Input Token Throughput,tokens/sec,avg,86035.00
64,1780553575323170560,1780553576323170560,Inter Chunk Latency,ms,avg,66.38
64,1780553575323170560,1780553576323170560,Inter Chunk Latency,ms,min,66.38
64,1780553575323170560,1780553576323170560,Inter Chunk Latency,ms,max,66.38
64,1780553575323170560,1780553576323170560,Inter Chunk Latency,ms,sum,730.22
64,1780553575323170560,1780553576323170560,Inter Chunk Latency,ms,p1,66.38
64,1780553575323170560,1780553576323170560,Inter Chunk Latency,ms,p5,66.38
64,1780553575323170560,1780553576323170560,Inter Chunk Latency,ms,p10,66.38
64,1780553575323170560,1780553576323170560,Inter Chunk Latency,ms,p25,66.38
64,1780553575323170560,1780553576323170560,Inter Chunk Latency,ms,p50,66.38
64,1780553575323170560,1780553576323170560,Inter Chunk Latency,ms,p75,66.38
64,1780553575323170560,1780553576323170560,Inter Chunk Latency,ms,p90,66.38
64,1780553575323170560,1780553576323170560,Inter Chunk Latency,ms,p95,66.38
64,1780553575323170560,1780553576323170560,Inter Chunk Latency,ms,p99,66.38
64,1780553575323170560,1780553576323170560,Inter Chunk Latency,ms,std,0.00
64,1780553575323170560,1780553576323170560,Inter Token Latency,ms,avg,689.32
64,1780553575323170560,1780553576323170560,Inter Token Latency,ms,min,689.32
64,1780553575323170560,1780553576323170560,Inter Token Latency,ms,max,689.32
64,1780553575323170560,1780553576323170560,Inter Token Latency,ms,sum,689.32
64,1780553575323170560,1780553576323170560,Inter Token Latency,ms,p1,689.32
64,1780553575323170560,1780553576323170560,Inter Token Latency,ms,p5,689.32
64,1780553575323170560,1780553576323170560,Inter Token Latency,ms,p10,689.32
64,1780553575323170560,1780553576323170560,Inter Token Latency,ms,p25,689.32
64,1780553575323170560,1780553576323170560,Inter Token Latency,ms,p50,689.32
64,1780553575323170560,1780553576323170560,Inter Token Latency,ms,p75,689.32
64,1780553575323170560,1780553576323170560,Inter Token Latency,ms,p90,689.32
64,1780553575323170560,1780553576323170560,Inter Token Latency,ms,p95,689.32
64,1780553575323170560,1780553576323170560,Inter Token Latency,ms,p99,689.32
64,1780553575323170560,1780553576323170560,Inter Token Latency,ms,std,0.00
64,1780553575323170560,1780553576323170560,Maximum Response Timestamp,ns,avg,1780553626222534400.00
64,1780553575323170560,1780553576323170560,Minimum Request Timestamp,ns,avg,1780553575781356288.00
64,1780553575323170560,1780553576323170560,OSL Mismatch Count,requests,avg,0.00
64,1780553575323170560,1780553576323170560,OSL Mismatch Diff %,%,avg,0.00
64,1780553575323170560,1780553576323170560,OSL Mismatch Diff %,%,min,0.00
64,1780553575323170560,1780553576323170560,OSL Mismatch Diff %,%,max,0.00
64,1780553575323170560,1780553576323170560,OSL Mismatch Diff %,%,sum,0.00
64,1780553575323170560,1780553576323170560,OSL Mismatch Diff %,%,p1,0.00
64,1780553575323170560,1780553576323170560,OSL Mismatch Diff %,%,p5,0.00
64,1780553575323170560,1780553576323170560,OSL Mismatch Diff %,%,p10,0.00
64,1780553575323170560,1780553576323170560,OSL Mismatch Diff %,%,p25,0.00
64,1780553575323170560,1780553576323170560,OSL Mismatch Diff %,%,p50,0.00
64,1780553575323170560,1780553576323170560,OSL Mismatch Diff %,%,p75,0.00
64,1780553575323170560,1780553576323170560,OSL Mismatch Diff %,%,p90,0.00
64,1780553575323170560,1780553576323170560,OSL Mismatch Diff %,%,p95,0.00
64,1780553575323170560,1780553576323170560,OSL Mismatch Diff %,%,p99,0.00
64,1780553575323170560,1780553576323170560,OSL Mismatch Diff %,%,std,0.00
64,1780553575323170560,1780553576323170560,Output Sequence Length,tokens,avg,12.00
64,1780553575323170560,1780553576323170560,Output Sequence Length,tokens,min,12.00
64,1780553575323170560,1780553576323170560,Output Sequence Length,tokens,max,12.00
64,1780553575323170560,1780553576323170560,Output Sequence Length,tokens,sum,12.00
64,1780553575323170560,1780553576323170560,Output Sequence Length,tokens,p1,12.00
64,1780553575323170560,1780553576323170560,Output Sequence Length,tokens,p5,12.00
64,1780553575323170560,1780553576323170560,Output Sequence Length,tokens,p10,12.00
64,1780553575323170560,1780553576323170560,Output Sequence Length,tokens,p25,12.00
64,1780553575323170560,1780553576323170560,Output Sequence Length,tokens,p50,12.00
64,1780553575323170560,1780553576323170560,Output Sequence Length,tokens,p75,12.00
64,1780553575323170560,1780553576323170560,Output Sequence Length,tokens,p90,12.00
64,1780553575323170560,1780553576323170560,Output Sequence Length,tokens,p95,12.00
64,1780553575323170560,1780553576323170560,Output Sequence Length,tokens,p99,12.00
64,1780553575323170560,1780553576323170560,Output Sequence Length,tokens,std,0.00
64,1780553575323170560,1780553576323170560,Output Token Count,tokens,avg,12.00
64,1780553575323170560,1780553576323170560,Output Token Count,tokens,min,12.00
64,1780553575323170560,1780553576323170560,Output Token Count,tokens,max,12.00
64,1780553575323170560,1780553576323170560,Output Token Count,tokens,sum,12.00
64,1780553575323170560,1780553576323170560,Output Token Count,tokens,p1,12.00
64,1780553575323170560,1780553576323170560,Output Token Count,tokens,p5,12.00
64,1780553575323170560,1780553576323170560,Output Token Count,tokens,p10,12.00
64,1780553575323170560,1780553576323170560,Output Token Count,tokens,p25,12.00
64,1780553575323170560,1780553576323170560,Output Token Count,tokens,p50,12.00
64,1780553575323170560,1780553576323170560,Output Token Count,tokens,p75,12.00
64,1780553575323170560,1780553576323170560,Output Token Count,tokens,p90,12.00
64,1780553575323170560,1780553576323170560,Output Token Count,tokens,p95,12.00
64,1780553575323170560,1780553576323170560,Output Token Count,tokens,p99,12.00
64,1780553575323170560,1780553576323170560,Output Token Count,tokens,std,0.00
64,1780553575323170560,1780553576323170560,Output Token Throughput,tokens/sec,avg,12.00
64,1780553575323170560,1780553576323170560,Output Token Throughput Per User,tokens/sec/user,avg,1.45
64,1780553575323170560,1780553576323170560,Output Token Throughput Per User,tokens/sec/user,min,1.45
64,1780553575323170560,1780553576323170560,Output Token Throughput Per User,tokens/sec/user,max,1.45
64,1780553575323170560,1780553576323170560,Output Token Throughput Per User,tokens/sec/user,sum,1.45
64,1780553575323170560,1780553576323170560,Output Token Throughput Per User,tokens/sec/user,p1,1.45
64,1780553575323170560,1780553576323170560,Output Token Throughput Per User,tokens/sec/user,p5,1.45
64,1780553575323170560,1780553576323170560,Output Token Throughput Per User,tokens/sec/user,p10,1.45
64,1780553575323170560,1780553576323170560,Output Token Throughput Per User,tokens/sec/user,p25,1.45
64,1780553575323170560,1780553576323170560,Output Token Throughput Per User,tokens/sec/user,p50,1.45
64,1780553575323170560,1780553576323170560,Output Token Throughput Per User,tokens/sec/user,p75,1.45
64,1780553575323170560,1780553576323170560,Output Token Throughput Per User,tokens/sec/user,p90,1.45
64,1780553575323170560,1780553576323170560,Output Token Throughput Per User,tokens/sec/user,p95,1.45
64,1780553575323170560,1780553576323170560,Output Token Throughput Per User,tokens/sec/user,p99,1.45
64,1780553575323170560,1780553576323170560,Output Token Throughput Per User,tokens/sec/user,std,0.00
64,1780553575323170560,1780553576323170560,Prefill Throughput Per User,tokens/sec/user,avg,2007.41
64,1780553575323170560,1780553576323170560,Prefill Throughput Per User,tokens/sec/user,min,2007.41
64,1780553575323170560,1780553576323170560,Prefill Throughput Per User,tokens/sec/user,max,2007.41
64,1780553575323170560,1780553576323170560,Prefill Throughput Per User,tokens/sec/user,sum,2007.41
64,1780553575323170560,1780553576323170560,Prefill Throughput Per User,tokens/sec/user,p1,2007.41
64,1780553575323170560,1780553576323170560,Prefill Throughput Per User,tokens/sec/user,p5,2007.41
64,1780553575323170560,1780553576323170560,Prefill Throughput Per User,tokens/sec/user,p10,2007.41
64,1780553575323170560,1780553576323170560,Prefill Throughput Per User,tokens/sec/user,p25,2007.41
64,1780553575323170560,1780553576323170560,Prefill Throughput Per User,tokens/sec/user,p50,2007.41
64,1780553575323170560,1780553576323170560,Prefill Throughput Per User,tokens/sec/user,p75,2007.41
64,1780553575323170560,1780553576323170560,Prefill Throughput Per User,tokens/sec/user,p90,2007.41
64,1780553575323170560,1780553576323170560,Prefill Throughput Per User,tokens/sec/user,p95,2007.41
64,1780553575323170560,1780553576323170560,Prefill Throughput Per User,tokens/sec/user,p99,2007.41
64,1780553575323170560,1780553576323170560,Prefill Throughput Per User,tokens/sec/user,std,0.00
64,1780553575323170560,1780553576323170560,Request Count,requests,avg,1.00
64,1780553575323170560,1780553576323170560,Request Latency,ms,avg,50441.18
64,1780553575323170560,1780553576323170560,Request Latency,ms,min,50441.18
64,1780553575323170560,1780553576323170560,Request Latency,ms,max,50441.18
64,1780553575323170560,1780553576323170560,Request Latency,ms,sum,50441.18
64,1780553575323170560,1780553576323170560,Request Latency,ms,p1,50441.18
64,1780553575323170560,1780553576323170560,Request Latency,ms,p5,50441.18
64,1780553575323170560,1780553576323170560,Request Latency,ms,p10,50441.18
64,1780553575323170560,1780553576323170560,Request Latency,ms,p25,50441.18
64,1780553575323170560,1780553576323170560,Request Latency,ms,p50,50441.18
64,1780553575323170560,1780553576323170560,Request Latency,ms,p75,50441.18
64,1780553575323170560,1780553576323170560,Request Latency,ms,p90,50441.18
64,1780553575323170560,1780553576323170560,Request Latency,ms,p95,50441.18
64,1780553575323170560,1780553576323170560,Request Latency,ms,p99,50441.18
64,1780553575323170560,1780553576323170560,Request Latency,ms,std,0.00
64,1780553575323170560,1780553576323170560,Request Throughput,requests/sec,avg,1.00
64,1780553575323170560,1780553576323170560,Requested OSL,tokens,avg,12.00
64,1780553575323170560,1780553576323170560,Requested OSL,tokens,min,12.00
64,1780553575323170560,1780553576323170560,Requested OSL,tokens,max,12.00
64,1780553575323170560,1780553576323170560,Requested OSL,tokens,sum,12.00
64,1780553575323170560,1780553576323170560,Requested OSL,tokens,p1,12.00
64,1780553575323170560,1780553576323170560,Requested OSL,tokens,p5,12.00
64,1780553575323170560,1780553576323170560,Requested OSL,tokens,p10,12.00
64,1780553575323170560,1780553576323170560,Requested OSL,tokens,p25,12.00
64,1780553575323170560,1780553576323170560,Requested OSL,tokens,p50,12.00
64,1780553575323170560,1780553576323170560,Requested OSL,tokens,p75,12.00
64,1780553575323170560,1780553576323170560,Requested OSL,tokens,p90,12.00
64,1780553575323170560,1780553576323170560,Requested OSL,tokens,p95,12.00
64,1780553575323170560,1780553576323170560,Requested OSL,tokens,p99,12.00
64,1780553575323170560,1780553576323170560,Requested OSL,tokens,std,0.00
64,1780553575323170560,1780553576323170560,Time to First Output Token,ms,avg,42858.61
64,1780553575323170560,1780553576323170560,Time to First Output Token,ms,min,42858.61
64,1780553575323170560,1780553576323170560,Time to First Output Token,ms,max,42858.61
64,1780553575323170560,1780553576323170560,Time to First Output Token,ms,sum,42858.61
64,1780553575323170560,1780553576323170560,Time to First Output Token,ms,p1,42858.61
64,1780553575323170560,1780553576323170560,Time to First Output Token,ms,p5,42858.61
64,1780553575323170560,1780553576323170560,Time to First Output Token,ms,p10,42858.61
64,1780553575323170560,1780553576323170560,Time to First Output Token,ms,p25,42858.61
64,1780553575323170560,1780553576323170560,Time to First Output Token,ms,p50,42858.61
64,1780553575323170560,1780553576323170560,Time to First Output Token,ms,p75,42858.61
64,1780553575323170560,1780553576323170560,Time to First Output Token,ms,p90,42858.61
64,1780553575323170560,1780553576323170560,Time to First Output Token,ms,p95,42858.61
64,1780553575323170560,1780553576323170560,Time to First Output Token,ms,p99,42858.61
64,1780553575323170560,1780553576323170560,Time to First Output Token,ms,std,0.00
64,1780553575323170560,1780553576323170560,Time to First Token,ms,avg,42858.61
64,1780553575323170560,1780553576323170560,Time to First Token,ms,min,42858.61
64,1780553575323170560,1780553576323170560,Time to First Token,ms,max,42858.61
64,1780553575323170560,1780553576323170560,Time to First Token,ms,sum,42858.61
64,1780553575323170560,1780553576323170560,Time to First Token,ms,p1,42858.61
64,1780553575323170560,1780553576323170560,Time to First Token,ms,p5,42858.61
64,1780553575323170560,1780553576323170560,Time to First Token,ms,p10,42858.61
64,1780553575323170560,1780553576323170560,Time to First Token,ms,p25,42858.61
64,1780553575323170560,1780553576323170560,Time to First Token,ms,p50,42858.61
64,1780553575323170560,1780553576323170560,Time to First Token,ms,p75,42858.61
64,1780553575323170560,1780553576323170560,Time to First Token,ms,p90,42858.61
64,1780553575323170560,1780553576323170560,Time to First Token,ms,p95,42858.61
64,1780553575323170560,1780553576323170560,Time to First Token,ms,p99,42858.61
64,1780553575323170560,1780553576323170560,Time to First Token,ms,std,0.00
64,1780553575323170560,1780553576323170560,Time to Second Token,ms,avg,221.79
64,1780553575323170560,1780553576323170560,Time to Second Token,ms,min,221.79
64,1780553575323170560,1780553576323170560,Time to Second Token,ms,max,221.79
64,1780553575323170560,1780553576323170560,Time to Second Token,ms,sum,221.79
64,1780553575323170560,1780553576323170560,Time to Second Token,ms,p1,221.79
64,1780553575323170560,1780553576323170560,Time to Second Token,ms,p5,221.79
64,1780553575323170560,1780553576323170560,Time to Second Token,ms,p10,221.79
64,1780553575323170560,1780553576323170560,Time to Second Token,ms,p25,221.79
64,1780553575323170560,1780553576323170560,Time to Second Token,ms,p50,221.79
64,1780553575323170560,1780553576323170560,Time to Second Token,ms,p75,221.79
64,1780553575323170560,1780553576323170560,Time to Second Token,ms,p90,221.79
64,1780553575323170560,1780553576323170560,Time to Second Token,ms,p95,221.79
64,1780553575323170560,1780553576323170560,Time to Second Token,ms,p99,221.79
64,1780553575323170560,1780553576323170560,Time to Second Token,ms,std,0.00
64,1780553575323170560,1780553576323170560,Tokens In Flight,tokens,avg,1458337.38
64,1780553575323170560,1780553576323170560,Tokens In Flight,tokens,min,1391931.30
64,1780553575323170560,1780553576323170560,Tokens In Flight,tokens,max,1515982.24
64,1780553575323170560,1780553576323170560,Tokens In Flight,tokens,p50,1429921.08
64,1780553575323170560,1780553576323170560,Tokens In Flight,tokens,p90,1515975.21
64,1780553575323170560,1780553576323170560,Tokens In Flight,tokens,p95,1515976.21
64,1780553575323170560,1780553576323170560,Tokens In Flight,tokens,p99,1515981.24
64,1780553575323170560,1780553576323170560,Tokens In Flight,tokens,std,48185.75
64,1780553575323170560,1780553576323170560,Total Input Sequence Length,tokens,avg,86035.00
64,1780553575323170560,1780553576323170560,Total Output Sequence Length,tokens,avg,12.00
64,1780553575323170560,1780553576323170560,Total Output Tokens,tokens,avg,12.00
64,1780553575323170560,1780553576323170560,Total Token Throughput,tokens/sec,avg,86047.00
64,1780553575323170560,1780553576323170560,Total Usage Completion Tokens,tokens,avg,12.00
64,1780553575323170560,1780553576323170560,Total Usage Prompt Tokens,tokens,avg,86035.00
64,1780553575323170560,1780553576323170560,Total Usage Total Tokens,tokens,avg,86047.00
64,1780553575323170560,1780553576323170560,Usage Completion Tokens,tokens,avg,12.00
64,1780553575323170560,1780553576323170560,Usage Completion Tokens,tokens,min,12.00
64,1780553575323170560,1780553576323170560,Usage Completion Tokens,tokens,max,12.00
64,1780553575323170560,1780553576323170560,Usage Completion Tokens,tokens,sum,12.00
64,1780553575323170560,1780553576323170560,Usage Completion Tokens,tokens,p1,12.00
64,1780553575323170560,1780553576323170560,Usage Completion Tokens,tokens,p5,12.00
64,1780553575323170560,1780553576323170560,Usage Completion Tokens,tokens,p10,12.00
64,1780553575323170560,1780553576323170560,Usage Completion Tokens,tokens,p25,12.00
64,1780553575323170560,1780553576323170560,Usage Completion Tokens,tokens,p50,12.00
64,1780553575323170560,1780553576323170560,Usage Completion Tokens,tokens,p75,12.00
64,1780553575323170560,1780553576323170560,Usage Completion Tokens,tokens,p90,12.00
64,1780553575323170560,1780553576323170560,Usage Completion Tokens,tokens,p95,12.00
64,1780553575323170560,1780553576323170560,Usage Completion Tokens,tokens,p99,12.00
64,1780553575323170560,1780553576323170560,Usage Completion Tokens,tokens,std,0.00
64,1780553575323170560,1780553576323170560,Usage Prompt Tokens,tokens,avg,86035.00
64,1780553575323170560,1780553576323170560,Usage Prompt Tokens,tokens,min,86035.00
64,1780553575323170560,1780553576323170560,Usage Prompt Tokens,tokens,max,86035.00
64,1780553575323170560,1780553576323170560,Usage Prompt Tokens,tokens,sum,86035.00
64,1780553575323170560,1780553576323170560,Usage Prompt Tokens,tokens,p1,86035.00
64,1780553575323170560,1780553576323170560,Usage Prompt Tokens,tokens,p5,86035.00
64,1780553575323170560,1780553576323170560,Usage Prompt Tokens,tokens,p10,86035.00
64,1780553575323170560,1780553576323170560,Usage Prompt Tokens,tokens,p25,86035.00
64,1780553575323170560,1780553576323170560,Usage Prompt Tokens,tokens,p50,86035.00
64,1780553575323170560,1780553576323170560,Usage Prompt Tokens,tokens,p75,86035.00
64,1780553575323170560,1780553576323170560,Usage Prompt Tokens,tokens,p90,86035.00
64,1780553575323170560,1780553576323170560,Usage Prompt Tokens,tokens,p95,86035.00
64,1780553575323170560,1780553576323170560,Usage Prompt Tokens,tokens,p99,86035.00
64,1780553575323170560,1780553576323170560,Usage Prompt Tokens,tokens,std,0.00
64,1780553575323170560,1780553576323170560,Usage Total Tokens,tokens,avg,86047.00
64,1780553575323170560,1780553576323170560,Usage Total Tokens,tokens,min,86047.00
64,1780553575323170560,1780553576323170560,Usage Total Tokens,tokens,max,86047.00
64,1780553575323170560,1780553576323170560,Usage Total Tokens,tokens,sum,86047.00
64,1780553575323170560,1780553576323170560,Usage Total Tokens,tokens,p1,86047.00
64,1780553575323170560,1780553576323170560,Usage Total Tokens,tokens,p5,86047.00
64,1780553575323170560,1780553576323170560,Usage Total Tokens,tokens,p10,86047.00
64,1780553575323170560,1780553576323170560,Usage Total Tokens,tokens,p25,86047.00
64,1780553575323170560,1780553576323170560,Usage Total Tokens,tokens,p50,86047.00
64,1780553575323170560,1780553576323170560,Usage Total Tokens,tokens,p75,86047.00
64,1780553575323170560,1780553576323170560,Usage Total Tokens,tokens,p90,86047.00
64,1780553575323170560,1780553576323170560,Usage Total Tokens,tokens,p95,86047.00
64,1780553575323170560,1780553576323170560,Usage Total Tokens,tokens,p99,86047.00
64,1780553575323170560,1780553576323170560,Usage Total Tokens,tokens,std,0.00
65,1780553577323170560,1780553578323170560,Active Decode Throughput,tokens/sec,avg,60.31
65,1780553577323170560,1780553578323170560,Active Decode Throughput,tokens/sec,min,45.19
65,1780553577323170560,1780553578323170560,Active Decode Throughput,tokens/sec,max,75.59
65,1780553577323170560,1780553578323170560,Active Decode Throughput,tokens/sec,p50,60.39
65,1780553577323170560,1780553578323170560,Active Decode Throughput,tokens/sec,p90,60.39
65,1780553577323170560,1780553578323170560,Active Decode Throughput,tokens/sec,p95,60.39
65,1780553577323170560,1780553578323170560,Active Decode Throughput,tokens/sec,p99,60.39
65,1780553577323170560,1780553578323170560,Active Decode Throughput,tokens/sec,std,1.10
65,1780553577323170560,1780553578323170560,Active Decode Throughput Per User,tokens/sec/user,avg,6.70
65,1780553577323170560,1780553578323170560,Active Decode Throughput Per User,tokens/sec/user,min,5.02
65,1780553577323170560,1780553578323170560,Active Decode Throughput Per User,tokens/sec/user,max,8.40
65,1780553577323170560,1780553578323170560,Active Decode Throughput Per User,tokens/sec/user,p50,6.71
65,1780553577323170560,1780553578323170560,Active Decode Throughput Per User,tokens/sec/user,p90,6.71
65,1780553577323170560,1780553578323170560,Active Decode Throughput Per User,tokens/sec/user,p95,6.71
65,1780553577323170560,1780553578323170560,Active Decode Throughput Per User,tokens/sec/user,p99,6.71
65,1780553577323170560,1780553578323170560,Active Decode Throughput Per User,tokens/sec/user,std,0.12
65,1780553577323170560,1780553578323170560,Active Prefill Throughput,tokens/sec,avg,7069.19
65,1780553577323170560,1780553578323170560,Active Prefill Throughput,tokens/sec,min,6642.22
65,1780553577323170560,1780553578323170560,Active Prefill Throughput,tokens/sec,max,9206.56
65,1780553577323170560,1780553578323170560,Active Prefill Throughput,tokens/sec,p50,6642.22
65,1780553577323170560,1780553578323170560,Active Prefill Throughput,tokens/sec,p90,8544.27
65,1780553577323170560,1780553578323170560,Active Prefill Throughput,tokens/sec,p95,9206.56
65,1780553577323170560,1780553578323170560,Active Prefill Throughput,tokens/sec,p99,9206.56
65,1780553577323170560,1780553578323170560,Active Prefill Throughput,tokens/sec,std,883.60
65,1780553577323170560,1780553578323170560,Active Prefill Throughput Per User,tokens/sec/user,avg,2172.78
65,1780553577323170560,1780553578323170560,Active Prefill Throughput Per User,tokens/sec/user,min,1841.31
65,1780553577323170560,1780553578323170560,Active Prefill Throughput Per User,tokens/sec/user,max,2214.07
65,1780553577323170560,1780553578323170560,Active Prefill Throughput Per User,tokens/sec/user,p50,2214.07
65,1780553577323170560,1780553578323170560,Active Prefill Throughput Per User,tokens/sec/user,p90,2214.07
65,1780553577323170560,1780553578323170560,Active Prefill Throughput Per User,tokens/sec/user,p95,2214.07
65,1780553577323170560,1780553578323170560,Active Prefill Throughput Per User,tokens/sec/user,p99,2214.07
65,1780553577323170560,1780553578323170560,Active Prefill Throughput Per User,tokens/sec/user,std,106.21
65,1780553577323170560,1780553578323170560,Active Total Throughput,tokens/sec,avg,7117.00
65,1780553577323170560,1780553578323170560,Active Total Throughput,tokens/sec,min,6690.03
65,1780553577323170560,1780553578323170560,Active Total Throughput,tokens/sec,max,9254.38
65,1780553577323170560,1780553578323170560,Active Total Throughput,tokens/sec,p50,6690.03
65,1780553577323170560,1780553578323170560,Active Total Throughput,tokens/sec,p90,8592.08
65,1780553577323170560,1780553578323170560,Active Total Throughput,tokens/sec,p95,9254.38
65,1780553577323170560,1780553578323170560,Active Total Throughput,tokens/sec,p99,9254.38
65,1780553577323170560,1780553578323170560,Active Total Throughput,tokens/sec,std,883.60
65,1780553577323170560,1780553578323170560,Benchmark Duration,sec,avg,177.47
65,1780553577323170560,1780553578323170560,E2E Output Token Throughput,tokens/sec/user,avg,3.33
65,1780553577323170560,1780553578323170560,E2E Output Token Throughput,tokens/sec/user,min,2.51
65,1780553577323170560,1780553578323170560,E2E Output Token Throughput,tokens/sec/user,max,4.14
65,1780553577323170560,1780553578323170560,E2E Output Token Throughput,tokens/sec/user,sum,6.65
65,1780553577323170560,1780553578323170560,E2E Output Token Throughput,tokens/sec/user,p1,2.53
65,1780553577323170560,1780553578323170560,E2E Output Token Throughput,tokens/sec/user,p5,2.59
65,1780553577323170560,1780553578323170560,E2E Output Token Throughput,tokens/sec/user,p10,2.67
65,1780553577323170560,1780553578323170560,E2E Output Token Throughput,tokens/sec/user,p25,2.92
65,1780553577323170560,1780553578323170560,E2E Output Token Throughput,tokens/sec/user,p50,3.33
65,1780553577323170560,1780553578323170560,E2E Output Token Throughput,tokens/sec/user,p75,3.73
65,1780553577323170560,1780553578323170560,E2E Output Token Throughput,tokens/sec/user,p90,3.98
65,1780553577323170560,1780553578323170560,E2E Output Token Throughput,tokens/sec/user,p95,4.06
65,1780553577323170560,1780553578323170560,E2E Output Token Throughput,tokens/sec/user,p99,4.13
65,1780553577323170560,1780553578323170560,E2E Output Token Throughput,tokens/sec/user,std,0.82
65,1780553577323170560,1780553578323170560,Effective Concurrency,requests,avg,12.28
65,1780553577323170560,1780553578323170560,Effective Concurrency,requests,min,12.00
65,1780553577323170560,1780553578323170560,Effective Concurrency,requests,max,14.00
65,1780553577323170560,1780553578323170560,Effective Concurrency,requests,p50,12.00
65,1780553577323170560,1780553578323170560,Effective Concurrency,requests,p90,13.00
65,1780553577323170560,1780553578323170560,Effective Concurrency,requests,p95,14.00
65,1780553577323170560,1780553578323170560,Effective Concurrency,requests,p99,14.00
65,1780553577323170560,1780553578323170560,Effective Concurrency,requests,std,0.62
65,1780553577323170560,1780553578323170560,Effective Decode Concurrency,requests,avg,9.00
65,1780553577323170560,1780553578323170560,Effective Decode Concurrency,requests,min,9.00
65,1780553577323170560,1780553578323170560,Effective Decode Concurrency,requests,max,9.00
65,1780553577323170560,1780553578323170560,Effective Decode Concurrency,requests,p50,9.00
65,1780553577323170560,1780553578323170560,Effective Decode Concurrency,requests,p90,9.00
65,1780553577323170560,1780553578323170560,Effective Decode Concurrency,requests,p95,9.00
65,1780553577323170560,1780553578323170560,Effective Decode Concurrency,requests,p99,9.00
65,1780553577323170560,1780553578323170560,Effective Decode Concurrency,requests,std,0.00
65,1780553577323170560,1780553578323170560,Effective Decode Throughput,tokens/sec,avg,60.31
65,1780553577323170560,1780553578323170560,Effective Decode Throughput,tokens/sec,min,45.19
65,1780553577323170560,1780553578323170560,Effective Decode Throughput,tokens/sec,max,75.59
65,1780553577323170560,1780553578323170560,Effective Decode Throughput,tokens/sec,p50,60.39
65,1780553577323170560,1780553578323170560,Effective Decode Throughput,tokens/sec,p90,60.39
65,1780553577323170560,1780553578323170560,Effective Decode Throughput,tokens/sec,p95,60.39
65,1780553577323170560,1780553578323170560,Effective Decode Throughput,tokens/sec,p99,60.39
65,1780553577323170560,1780553578323170560,Effective Decode Throughput,tokens/sec,std,1.10
65,1780553577323170560,1780553578323170560,Effective Decode Throughput Per User,tokens/sec/user,avg,6.70
65,1780553577323170560,1780553578323170560,Effective Decode Throughput Per User,tokens/sec/user,min,5.02
65,1780553577323170560,1780553578323170560,Effective Decode Throughput Per User,tokens/sec/user,max,8.40
65,1780553577323170560,1780553578323170560,Effective Decode Throughput Per User,tokens/sec/user,p50,6.71
65,1780553577323170560,1780553578323170560,Effective Decode Throughput Per User,tokens/sec/user,p90,6.71
65,1780553577323170560,1780553578323170560,Effective Decode Throughput Per User,tokens/sec/user,p95,6.71
65,1780553577323170560,1780553578323170560,Effective Decode Throughput Per User,tokens/sec/user,p99,6.71
65,1780553577323170560,1780553578323170560,Effective Decode Throughput Per User,tokens/sec/user,std,0.12
65,1780553577323170560,1780553578323170560,Effective Prefill Concurrency,requests,avg,3.28
65,1780553577323170560,1780553578323170560,Effective Prefill Concurrency,requests,min,3.00
65,1780553577323170560,1780553578323170560,Effective Prefill Concurrency,requests,max,5.00
65,1780553577323170560,1780553578323170560,Effective Prefill Concurrency,requests,p50,3.00
65,1780553577323170560,1780553578323170560,Effective Prefill Concurrency,requests,p90,4.00
65,1780553577323170560,1780553578323170560,Effective Prefill Concurrency,requests,p95,5.00
65,1780553577323170560,1780553578323170560,Effective Prefill Concurrency,requests,p99,5.00
65,1780553577323170560,1780553578323170560,Effective Prefill Concurrency,requests,std,0.62
65,1780553577323170560,1780553578323170560,Effective Prefill Throughput,tokens/sec,avg,7069.19
65,1780553577323170560,1780553578323170560,Effective Prefill Throughput,tokens/sec,min,6642.22
65,1780553577323170560,1780553578323170560,Effective Prefill Throughput,tokens/sec,max,9206.56
65,1780553577323170560,1780553578323170560,Effective Prefill Throughput,tokens/sec,p50,6642.22
65,1780553577323170560,1780553578323170560,Effective Prefill Throughput,tokens/sec,p90,8544.27
65,1780553577323170560,1780553578323170560,Effective Prefill Throughput,tokens/sec,p95,9206.56
65,1780553577323170560,1780553578323170560,Effective Prefill Throughput,tokens/sec,p99,9206.56
65,1780553577323170560,1780553578323170560,Effective Prefill Throughput,tokens/sec,std,883.60
65,1780553577323170560,1780553578323170560,Effective Prefill Throughput Per User,tokens/sec/user,avg,2172.78
65,1780553577323170560,1780553578323170560,Effective Prefill Throughput Per User,tokens/sec/user,min,1841.31
65,1780553577323170560,1780553578323170560,Effective Prefill Throughput Per User,tokens/sec/user,max,2214.07
65,1780553577323170560,1780553578323170560,Effective Prefill Throughput Per User,tokens/sec/user,p50,2214.07
65,1780553577323170560,1780553578323170560,Effective Prefill Throughput Per User,tokens/sec/user,p90,2214.07
65,1780553577323170560,1780553578323170560,Effective Prefill Throughput Per User,tokens/sec/user,p95,2214.07
65,1780553577323170560,1780553578323170560,Effective Prefill Throughput Per User,tokens/sec/user,p99,2214.07
65,1780553577323170560,1780553578323170560,Effective Prefill Throughput Per User,tokens/sec/user,std,106.21
65,1780553577323170560,1780553578323170560,Effective Total Throughput,tokens/sec,avg,7117.00
65,1780553577323170560,1780553578323170560,Effective Total Throughput,tokens/sec,min,6690.03
65,1780553577323170560,1780553578323170560,Effective Total Throughput,tokens/sec,max,9254.38
65,1780553577323170560,1780553578323170560,Effective Total Throughput,tokens/sec,p50,6690.03
65,1780553577323170560,1780553578323170560,Effective Total Throughput,tokens/sec,p90,8592.08
65,1780553577323170560,1780553578323170560,Effective Total Throughput,tokens/sec,p95,9254.38
65,1780553577323170560,1780553578323170560,Effective Total Throughput,tokens/sec,p99,9254.38
65,1780553577323170560,1780553578323170560,Effective Total Throughput,tokens/sec,std,883.60
65,1780553577323170560,1780553578323170560,HTTP Blocked,ms,avg,0.00
65,1780553577323170560,1780553578323170560,HTTP Blocked,ms,min,0.00
65,1780553577323170560,1780553578323170560,HTTP Blocked,ms,max,0.00
65,1780553577323170560,1780553578323170560,HTTP Blocked,ms,sum,0.00
65,1780553577323170560,1780553578323170560,HTTP Blocked,ms,p1,0.00
65,1780553577323170560,1780553578323170560,HTTP Blocked,ms,p5,0.00
65,1780553577323170560,1780553578323170560,HTTP Blocked,ms,p10,0.00
65,1780553577323170560,1780553578323170560,HTTP Blocked,ms,p25,0.00
65,1780553577323170560,1780553578323170560,HTTP Blocked,ms,p50,0.00
65,1780553577323170560,1780553578323170560,HTTP Blocked,ms,p75,0.00
65,1780553577323170560,1780553578323170560,HTTP Blocked,ms,p90,0.00
65,1780553577323170560,1780553578323170560,HTTP Blocked,ms,p95,0.00
65,1780553577323170560,1780553578323170560,HTTP Blocked,ms,p99,0.00
65,1780553577323170560,1780553578323170560,HTTP Blocked,ms,std,0.00
65,1780553577323170560,1780553578323170560,HTTP Chunks Received,count,avg,503.00
65,1780553577323170560,1780553578323170560,HTTP Chunks Received,count,min,271.00
65,1780553577323170560,1780553578323170560,HTTP Chunks Received,count,max,735.00
65,1780553577323170560,1780553578323170560,HTTP Chunks Received,count,sum,1006.00
65,1780553577323170560,1780553578323170560,HTTP Chunks Received,count,p1,275.64
65,1780553577323170560,1780553578323170560,HTTP Chunks Received,count,p5,294.20
65,1780553577323170560,1780553578323170560,HTTP Chunks Received,count,p10,317.40
65,1780553577323170560,1780553578323170560,HTTP Chunks Received,count,p25,387.00
65,1780553577323170560,1780553578323170560,HTTP Chunks Received,count,p50,503.00
65,1780553577323170560,1780553578323170560,HTTP Chunks Received,count,p75,619.00
65,1780553577323170560,1780553578323170560,HTTP Chunks Received,count,p90,688.60
65,1780553577323170560,1780553578323170560,HTTP Chunks Received,count,p95,711.80
65,1780553577323170560,1780553578323170560,HTTP Chunks Received,count,p99,730.36
65,1780553577323170560,1780553578323170560,HTTP Chunks Received,count,std,232.00
65,1780553577323170560,1780553578323170560,HTTP Chunks Sent,count,avg,1.00
65,1780553577323170560,1780553578323170560,HTTP Chunks Sent,count,min,1.00
65,1780553577323170560,1780553578323170560,HTTP Chunks Sent,count,max,1.00
65,1780553577323170560,1780553578323170560,HTTP Chunks Sent,count,sum,2.00
65,1780553577323170560,1780553578323170560,HTTP Chunks Sent,count,p1,1.00
65,1780553577323170560,1780553578323170560,HTTP Chunks Sent,count,p5,1.00
65,1780553577323170560,1780553578323170560,HTTP Chunks Sent,count,p10,1.00
65,1780553577323170560,1780553578323170560,HTTP Chunks Sent,count,p25,1.00
65,1780553577323170560,1780553578323170560,HTTP Chunks Sent,count,p50,1.00
65,1780553577323170560,1780553578323170560,HTTP Chunks Sent,count,p75,1.00
65,1780553577323170560,1780553578323170560,HTTP Chunks Sent,count,p90,1.00
65,1780553577323170560,1780553578323170560,HTTP Chunks Sent,count,p95,1.00
65,1780553577323170560,1780553578323170560,HTTP Chunks Sent,count,p99,1.00
65,1780553577323170560,1780553578323170560,HTTP Chunks Sent,count,std,0.00
65,1780553577323170560,1780553578323170560,HTTP Connecting,ms,avg,0.89
65,1780553577323170560,1780553578323170560,HTTP Connecting,ms,min,0.00
65,1780553577323170560,1780553578323170560,HTTP Connecting,ms,max,1.78
65,1780553577323170560,1780553578323170560,HTTP Connecting,ms,sum,1.78
65,1780553577323170560,1780553578323170560,HTTP Connecting,ms,p1,0.02
65,1780553577323170560,1780553578323170560,HTTP Connecting,ms,p5,0.09
65,1780553577323170560,1780553578323170560,HTTP Connecting,ms,p10,0.18
65,1780553577323170560,1780553578323170560,HTTP Connecting,ms,p25,0.45
65,1780553577323170560,1780553578323170560,HTTP Connecting,ms,p50,0.89
65,1780553577323170560,1780553578323170560,HTTP Connecting,ms,p75,1.34
65,1780553577323170560,1780553578323170560,HTTP Connecting,ms,p90,1.60
65,1780553577323170560,1780553578323170560,HTTP Connecting,ms,p95,1.69
65,1780553577323170560,1780553578323170560,HTTP Connecting,ms,p99,1.77
65,1780553577323170560,1780553578323170560,HTTP Connecting,ms,std,0.89
65,1780553577323170560,1780553578323170560,HTTP Connection Overhead,ms,avg,1.57
65,1780553577323170560,1780553578323170560,HTTP Connection Overhead,ms,min,0.00
65,1780553577323170560,1780553578323170560,HTTP Connection Overhead,ms,max,3.14
65,1780553577323170560,1780553578323170560,HTTP Connection Overhead,ms,sum,3.14
65,1780553577323170560,1780553578323170560,HTTP Connection Overhead,ms,p1,0.03
65,1780553577323170560,1780553578323170560,HTTP Connection Overhead,ms,p5,0.16
65,1780553577323170560,1780553578323170560,HTTP Connection Overhead,ms,p10,0.31
65,1780553577323170560,1780553578323170560,HTTP Connection Overhead,ms,p25,0.79
65,1780553577323170560,1780553578323170560,HTTP Connection Overhead,ms,p50,1.57
65,1780553577323170560,1780553578323170560,HTTP Connection Overhead,ms,p75,2.36
65,1780553577323170560,1780553578323170560,HTTP Connection Overhead,ms,p90,2.83
65,1780553577323170560,1780553578323170560,HTTP Connection Overhead,ms,p95,2.98
65,1780553577323170560,1780553578323170560,HTTP Connection Overhead,ms,p99,3.11
65,1780553577323170560,1780553578323170560,HTTP Connection Overhead,ms,std,1.57
65,1780553577323170560,1780553578323170560,HTTP Connection Reused,ratio,avg,0.50
65,1780553577323170560,1780553578323170560,HTTP Connection Reused,ratio,min,0.00
65,1780553577323170560,1780553578323170560,HTTP Connection Reused,ratio,max,1.00
65,1780553577323170560,1780553578323170560,HTTP Connection Reused,ratio,sum,1.00
65,1780553577323170560,1780553578323170560,HTTP Connection Reused,ratio,p1,0.01
65,1780553577323170560,1780553578323170560,HTTP Connection Reused,ratio,p5,0.05
65,1780553577323170560,1780553578323170560,HTTP Connection Reused,ratio,p10,0.10
65,1780553577323170560,1780553578323170560,HTTP Connection Reused,ratio,p25,0.25
65,1780553577323170560,1780553578323170560,HTTP Connection Reused,ratio,p50,0.50
65,1780553577323170560,1780553578323170560,HTTP Connection Reused,ratio,p75,0.75
65,1780553577323170560,1780553578323170560,HTTP Connection Reused,ratio,p90,0.90
65,1780553577323170560,1780553578323170560,HTTP Connection Reused,ratio,p95,0.95
65,1780553577323170560,1780553578323170560,HTTP Connection Reused,ratio,p99,0.99
65,1780553577323170560,1780553578323170560,HTTP Connection Reused,ratio,std,0.50
65,1780553577323170560,1780553578323170560,HTTP Data Received,KB,avg,125.78
65,1780553577323170560,1780553578323170560,HTTP Data Received,KB,min,68.04
65,1780553577323170560,1780553578323170560,HTTP Data Received,KB,max,183.52
65,1780553577323170560,1780553578323170560,HTTP Data Received,KB,sum,251.56
65,1780553577323170560,1780553578323170560,HTTP Data Received,KB,p1,69.20
65,1780553577323170560,1780553578323170560,HTTP Data Received,KB,p5,73.82
65,1780553577323170560,1780553578323170560,HTTP Data Received,KB,p10,79.59
65,1780553577323170560,1780553578323170560,HTTP Data Received,KB,p25,96.91
65,1780553577323170560,1780553578323170560,HTTP Data Received,KB,p50,125.78
65,1780553577323170560,1780553578323170560,HTTP Data Received,KB,p75,154.65
65,1780553577323170560,1780553578323170560,HTTP Data Received,KB,p90,171.97
65,1780553577323170560,1780553578323170560,HTTP Data Received,KB,p95,177.74
65,1780553577323170560,1780553578323170560,HTTP Data Received,KB,p99,182.36
65,1780553577323170560,1780553578323170560,HTTP Data Received,KB,std,57.74
65,1780553577323170560,1780553578323170560,HTTP Data Sent,KB,avg,241.87
65,1780553577323170560,1780553578323170560,HTTP Data Sent,KB,min,125.77
65,1780553577323170560,1780553578323170560,HTTP Data Sent,KB,max,357.97
65,1780553577323170560,1780553578323170560,HTTP Data Sent,KB,sum,483.74
65,1780553577323170560,1780553578323170560,HTTP Data Sent,KB,p1,128.09
65,1780553577323170560,1780553578323170560,HTTP Data Sent,KB,p5,137.38
65,1780553577323170560,1780553578323170560,HTTP Data Sent,KB,p10,148.99
65,1780553577323170560,1780553578323170560,HTTP Data Sent,KB,p25,183.82
65,1780553577323170560,1780553578323170560,HTTP Data Sent,KB,p50,241.87
65,1780553577323170560,1780553578323170560,HTTP Data Sent,KB,p75,299.92
65,1780553577323170560,1780553578323170560,HTTP Data Sent,KB,p90,334.75
65,1780553577323170560,1780553578323170560,HTTP Data Sent,KB,p95,346.36
65,1780553577323170560,1780553578323170560,HTTP Data Sent,KB,p99,355.65
65,1780553577323170560,1780553578323170560,HTTP Data Sent,KB,std,116.10
65,1780553577323170560,1780553578323170560,HTTP DNS Lookup,ms,avg,0.68
65,1780553577323170560,1780553578323170560,HTTP DNS Lookup,ms,min,0.00
65,1780553577323170560,1780553578323170560,HTTP DNS Lookup,ms,max,1.36
65,1780553577323170560,1780553578323170560,HTTP DNS Lookup,ms,sum,1.36
65,1780553577323170560,1780553578323170560,HTTP DNS Lookup,ms,p1,0.01
65,1780553577323170560,1780553578323170560,HTTP DNS Lookup,ms,p5,0.07
65,1780553577323170560,1780553578323170560,HTTP DNS Lookup,ms,p10,0.14
65,1780553577323170560,1780553578323170560,HTTP DNS Lookup,ms,p25,0.34
65,1780553577323170560,1780553578323170560,HTTP DNS Lookup,ms,p50,0.68
65,1780553577323170560,1780553578323170560,HTTP DNS Lookup,ms,p75,1.02
65,1780553577323170560,1780553578323170560,HTTP DNS Lookup,ms,p90,1.22
65,1780553577323170560,1780553578323170560,HTTP DNS Lookup,ms,p95,1.29
65,1780553577323170560,1780553578323170560,HTTP DNS Lookup,ms,p99,1.34
65,1780553577323170560,1780553578323170560,HTTP DNS Lookup,ms,std,0.68
65,1780553577323170560,1780553578323170560,HTTP Duration (excl. conn),ms,avg,142748.97
65,1780553577323170560,1780553578323170560,HTTP Duration (excl. conn),ms,min,107957.94
65,1780553577323170560,1780553578323170560,HTTP Duration (excl. conn),ms,max,177540.00
65,1780553577323170560,1780553578323170560,HTTP Duration (excl. conn),ms,sum,285497.94
65,1780553577323170560,1780553578323170560,HTTP Duration (excl. conn),ms,p1,108653.76
65,1780553577323170560,1780553578323170560,HTTP Duration (excl. conn),ms,p5,111437.04
65,1780553577323170560,1780553578323170560,HTTP Duration (excl. conn),ms,p10,114916.15
65,1780553577323170560,1780553578323170560,HTTP Duration (excl. conn),ms,p25,125353.46
65,1780553577323170560,1780553578323170560,HTTP Duration (excl. conn),ms,p50,142748.97
65,1780553577323170560,1780553578323170560,HTTP Duration (excl. conn),ms,p75,160144.48
65,1780553577323170560,1780553578323170560,HTTP Duration (excl. conn),ms,p90,170581.79
65,1780553577323170560,1780553578323170560,HTTP Duration (excl. conn),ms,p95,174060.89
65,1780553577323170560,1780553578323170560,HTTP Duration (excl. conn),ms,p99,176844.18
65,1780553577323170560,1780553578323170560,HTTP Duration (excl. conn),ms,std,34791.03
65,1780553577323170560,1780553578323170560,HTTP Receiving,ms,avg,94028.63
65,1780553577323170560,1780553578323170560,HTTP Receiving,ms,min,58610.06
65,1780553577323170560,1780553578323170560,HTTP Receiving,ms,max,129447.20
65,1780553577323170560,1780553578323170560,HTTP Receiving,ms,sum,188057.27
65,1780553577323170560,1780553578323170560,HTTP Receiving,ms,p1,59318.43
65,1780553577323170560,1780553578323170560,HTTP Receiving,ms,p5,62151.92
65,1780553577323170560,1780553578323170560,HTTP Receiving,ms,p10,65693.78
65,1780553577323170560,1780553578323170560,HTTP Receiving,ms,p25,76319.35
65,1780553577323170560,1780553578323170560,HTTP Receiving,ms,p50,94028.63
65,1780553577323170560,1780553578323170560,HTTP Receiving,ms,p75,111737.92
65,1780553577323170560,1780553578323170560,HTTP Receiving,ms,p90,122363.49
65,1780553577323170560,1780553578323170560,HTTP Receiving,ms,p95,125905.35
65,1780553577323170560,1780553578323170560,HTTP Receiving,ms,p99,128738.83
65,1780553577323170560,1780553578323170560,HTTP Receiving,ms,std,35418.57
65,1780553577323170560,1780553578323170560,HTTP Sending,ms,avg,1.12
65,1780553577323170560,1780553578323170560,HTTP Sending,ms,min,0.26
65,1780553577323170560,1780553578323170560,HTTP Sending,ms,max,1.99
65,1780553577323170560,1780553578323170560,HTTP Sending,ms,sum,2.25
65,1780553577323170560,1780553578323170560,HTTP Sending,ms,p1,0.27
65,1780553577323170560,1780553578323170560,HTTP Sending,ms,p5,0.34
65,1780553577323170560,1780553578323170560,HTTP Sending,ms,p10,0.43
65,1780553577323170560,1780553578323170560,HTTP Sending,ms,p25,0.69
65,1780553577323170560,1780553578323170560,HTTP Sending,ms,p50,1.12
65,1780553577323170560,1780553578323170560,HTTP Sending,ms,p75,1.56
65,1780553577323170560,1780553578323170560,HTTP Sending,ms,p90,1.82
65,1780553577323170560,1780553578323170560,HTTP Sending,ms,p95,1.91
65,1780553577323170560,1780553578323170560,HTTP Sending,ms,p99,1.97
65,1780553577323170560,1780553578323170560,HTTP Sending,ms,std,0.87
65,1780553577323170560,1780553578323170560,HTTP Total Time,ms,avg,142750.54
65,1780553577323170560,1780553578323170560,HTTP Total Time,ms,min,107957.94
65,1780553577323170560,1780553578323170560,HTTP Total Time,ms,max,177543.14
65,1780553577323170560,1780553578323170560,HTTP Total Time,ms,sum,285501.08
65,1780553577323170560,1780553578323170560,HTTP Total Time,ms,p1,108653.79
65,1780553577323170560,1780553578323170560,HTTP Total Time,ms,p5,111437.20
65,1780553577323170560,1780553578323170560,HTTP Total Time,ms,p10,114916.46
65,1780553577323170560,1780553578323170560,HTTP Total Time,ms,p25,125354.24
65,1780553577323170560,1780553578323170560,HTTP Total Time,ms,p50,142750.54
65,1780553577323170560,1780553578323170560,HTTP Total Time,ms,p75,160146.84
65,1780553577323170560,1780553578323170560,HTTP Total Time,ms,p90,170584.62
65,1780553577323170560,1780553578323170560,HTTP Total Time,ms,p95,174063.88
65,1780553577323170560,1780553578323170560,HTTP Total Time,ms,p99,176847.28
65,1780553577323170560,1780553578323170560,HTTP Total Time,ms,std,34792.60
65,1780553577323170560,1780553578323170560,HTTP Waiting (TTFB),ms,avg,48719.21
65,1780553577323170560,1780553578323170560,HTTP Waiting (TTFB),ms,min,48090.80
65,1780553577323170560,1780553578323170560,HTTP Waiting (TTFB),ms,max,49347.62
65,1780553577323170560,1780553578323170560,HTTP Waiting (TTFB),ms,sum,97438.42
65,1780553577323170560,1780553578323170560,HTTP Waiting (TTFB),ms,p1,48103.37
65,1780553577323170560,1780553578323170560,HTTP Waiting (TTFB),ms,p5,48153.64
65,1780553577323170560,1780553578323170560,HTTP Waiting (TTFB),ms,p10,48216.48
65,1780553577323170560,1780553578323170560,HTTP Waiting (TTFB),ms,p25,48405.00
65,1780553577323170560,1780553578323170560,HTTP Waiting (TTFB),ms,p50,48719.21
65,1780553577323170560,1780553578323170560,HTTP Waiting (TTFB),ms,p75,49033.42
65,1780553577323170560,1780553578323170560,HTTP Waiting (TTFB),ms,p90,49221.94
65,1780553577323170560,1780553578323170560,HTTP Waiting (TTFB),ms,p95,49284.78
65,1780553577323170560,1780553578323170560,HTTP Waiting (TTFB),ms,p99,49335.05
65,1780553577323170560,1780553578323170560,HTTP Waiting (TTFB),ms,std,628.41
65,1780553577323170560,1780553578323170560,Input Sequence Length,tokens,avg,62079.00
65,1780553577323170560,1780553578323170560,Input Sequence Length,tokens,min,32683.00
65,1780553577323170560,1780553578323170560,Input Sequence Length,tokens,max,91475.00
65,1780553577323170560,1780553578323170560,Input Sequence Length,tokens,sum,124158.00
65,1780553577323170560,1780553578323170560,Input Sequence Length,tokens,p1,33270.92
65,1780553577323170560,1780553578323170560,Input Sequence Length,tokens,p5,35622.60
65,1780553577323170560,1780553578323170560,Input Sequence Length,tokens,p10,38562.20
65,1780553577323170560,1780553578323170560,Input Sequence Length,tokens,p25,47381.00
65,1780553577323170560,1780553578323170560,Input Sequence Length,tokens,p50,62079.00
65,1780553577323170560,1780553578323170560,Input Sequence Length,tokens,p75,76777.00
65,1780553577323170560,1780553578323170560,Input Sequence Length,tokens,p90,85595.80
65,1780553577323170560,1780553578323170560,Input Sequence Length,tokens,p95,88535.40
65,1780553577323170560,1780553578323170560,Input Sequence Length,tokens,p99,90887.08
65,1780553577323170560,1780553578323170560,Input Sequence Length,tokens,std,29396.00
65,1780553577323170560,1780553578323170560,Input Token Throughput,tokens/sec,avg,124158.00
65,1780553577323170560,1780553578323170560,Inter Chunk Latency,ms,avg,66.70
65,1780553577323170560,1780553578323170560,Inter Chunk Latency,ms,min,66.44
65,1780553577323170560,1780553578323170560,Inter Chunk Latency,ms,max,66.81
65,1780553577323170560,1780553578323170560,Inter Chunk Latency,ms,sum,66699.17
65,1780553577323170560,1780553578323170560,Inter Chunk Latency,ms,p1,66.44
65,1780553577323170560,1780553578323170560,Inter Chunk Latency,ms,p5,66.44
65,1780553577323170560,1780553578323170560,Inter Chunk Latency,ms,p10,66.45
65,1780553577323170560,1780553578323170560,Inter Chunk Latency,ms,p25,66.46
65,1780553577323170560,1780553578323170560,Inter Chunk Latency,ms,p50,66.78
65,1780553577323170560,1780553578323170560,Inter Chunk Latency,ms,p75,66.80
65,1780553577323170560,1780553578323170560,Inter Chunk Latency,ms,p90,66.81
65,1780553577323170560,1780553578323170560,Inter Chunk Latency,ms,p95,66.81
65,1780553577323170560,1780553578323170560,Inter Chunk Latency,ms,p99,66.81
65,1780553577323170560,1780553578323170560,Inter Chunk Latency,ms,std,0.15
65,1780553577323170560,1780553578323170560,Inter Token Latency,ms,avg,196.67
65,1780553577323170560,1780553578323170560,Inter Token Latency,ms,min,176.26
65,1780553577323170560,1780553578323170560,Inter Token Latency,ms,max,217.07
65,1780553577323170560,1780553578323170560,Inter Token Latency,ms,sum,393.34
65,1780553577323170560,1780553578323170560,Inter Token Latency,ms,p1,176.67
65,1780553577323170560,1780553578323170560,Inter Token Latency,ms,p5,178.30
65,1780553577323170560,1780553578323170560,Inter Token Latency,ms,p10,180.34
65,1780553577323170560,1780553578323170560,Inter Token Latency,ms,p25,186.47
65,1780553577323170560,1780553578323170560,Inter Token Latency,ms,p50,196.67
65,1780553577323170560,1780553578323170560,Inter Token Latency,ms,p75,206.87
65,1780553577323170560,1780553578323170560,Inter Token Latency,ms,p90,212.99
65,1780553577323170560,1780553578323170560,Inter Token Latency,ms,p95,215.03
65,1780553577323170560,1780553578323170560,Inter Token Latency,ms,p99,216.67
65,1780553577323170560,1780553578323170560,Inter Token Latency,ms,std,20.41
65,1780553577323170560,1780553578323170560,Maximum Response Timestamp,ns,avg,1780553755599240704.00
65,1780553577323170560,1780553578323170560,Minimum Request Timestamp,ns,avg,1780553578129638912.00
65,1780553577323170560,1780553578323170560,OSL Mismatch Count,requests,avg,0.00
65,1780553577323170560,1780553578323170560,OSL Mismatch Diff %,%,avg,0.00
65,1780553577323170560,1780553578323170560,OSL Mismatch Diff %,%,min,0.00
65,1780553577323170560,1780553578323170560,OSL Mismatch Diff %,%,max,0.00
65,1780553577323170560,1780553578323170560,OSL Mismatch Diff %,%,sum,0.00
65,1780553577323170560,1780553578323170560,OSL Mismatch Diff %,%,p1,0.00
65,1780553577323170560,1780553578323170560,OSL Mismatch Diff %,%,p5,0.00
65,1780553577323170560,1780553578323170560,OSL Mismatch Diff %,%,p10,0.00
65,1780553577323170560,1780553578323170560,OSL Mismatch Diff %,%,p25,0.00
65,1780553577323170560,1780553578323170560,OSL Mismatch Diff %,%,p50,0.00
65,1780553577323170560,1780553578323170560,OSL Mismatch Diff %,%,p75,0.00
65,1780553577323170560,1780553578323170560,OSL Mismatch Diff %,%,p90,0.00
65,1780553577323170560,1780553578323170560,OSL Mismatch Diff %,%,p95,0.00
65,1780553577323170560,1780553578323170560,OSL Mismatch Diff %,%,p99,0.00
65,1780553577323170560,1780553578323170560,OSL Mismatch Diff %,%,std,0.00
65,1780553577323170560,1780553578323170560,Output Sequence Length,tokens,avg,503.00
65,1780553577323170560,1780553578323170560,Output Sequence Length,tokens,min,271.00
65,1780553577323170560,1780553578323170560,Output Sequence Length,tokens,max,735.00
65,1780553577323170560,1780553578323170560,Output Sequence Length,tokens,sum,1006.00
65,1780553577323170560,1780553578323170560,Output Sequence Length,tokens,p1,275.64
65,1780553577323170560,1780553578323170560,Output Sequence Length,tokens,p5,294.20
65,1780553577323170560,1780553578323170560,Output Sequence Length,tokens,p10,317.40
65,1780553577323170560,1780553578323170560,Output Sequence Length,tokens,p25,387.00
65,1780553577323170560,1780553578323170560,Output Sequence Length,tokens,p50,503.00
65,1780553577323170560,1780553578323170560,Output Sequence Length,tokens,p75,619.00
65,1780553577323170560,1780553578323170560,Output Sequence Length,tokens,p90,688.60
65,1780553577323170560,1780553578323170560,Output Sequence Length,tokens,p95,711.80
65,1780553577323170560,1780553578323170560,Output Sequence Length,tokens,p99,730.36
65,1780553577323170560,1780553578323170560,Output Sequence Length,tokens,std,232.00
65,1780553577323170560,1780553578323170560,Output Token Count,tokens,avg,503.00
65,1780553577323170560,1780553578323170560,Output Token Count,tokens,min,271.00
65,1780553577323170560,1780553578323170560,Output Token Count,tokens,max,735.00
65,1780553577323170560,1780553578323170560,Output Token Count,tokens,sum,1006.00
65,1780553577323170560,1780553578323170560,Output Token Count,tokens,p1,275.64
65,1780553577323170560,1780553578323170560,Output Token Count,tokens,p5,294.20
65,1780553577323170560,1780553578323170560,Output Token Count,tokens,p10,317.40
65,1780553577323170560,1780553578323170560,Output Token Count,tokens,p25,387.00
65,1780553577323170560,1780553578323170560,Output Token Count,tokens,p50,503.00
65,1780553577323170560,1780553578323170560,Output Token Count,tokens,p75,619.00
65,1780553577323170560,1780553578323170560,Output Token Count,tokens,p90,688.60
65,1780553577323170560,1780553578323170560,Output Token Count,tokens,p95,711.80
65,1780553577323170560,1780553578323170560,Output Token Count,tokens,p99,730.36
65,1780553577323170560,1780553578323170560,Output Token Count,tokens,std,232.00
65,1780553577323170560,1780553578323170560,Output Token Throughput,tokens/sec,avg,1006.00
65,1780553577323170560,1780553578323170560,Output Token Throughput Per User,tokens/sec/user,avg,5.14
65,1780553577323170560,1780553578323170560,Output Token Throughput Per User,tokens/sec/user,min,4.61
65,1780553577323170560,1780553578323170560,Output Token Throughput Per User,tokens/sec/user,max,5.67
65,1780553577323170560,1780553578323170560,Output Token Throughput Per User,tokens/sec/user,sum,10.28
65,1780553577323170560,1780553578323170560,Output Token Throughput Per User,tokens/sec/user,p1,4.62
65,1780553577323170560,1780553578323170560,Output Token Throughput Per User,tokens/sec/user,p5,4.66
65,1780553577323170560,1780553578323170560,Output Token Throughput Per User,tokens/sec/user,p10,4.71
65,1780553577323170560,1780553578323170560,Output Token Throughput Per User,tokens/sec/user,p25,4.87
65,1780553577323170560,1780553578323170560,Output Token Throughput Per User,tokens/sec/user,p50,5.14
65,1780553577323170560,1780553578323170560,Output Token Throughput Per User,tokens/sec/user,p75,5.41
65,1780553577323170560,1780553578323170560,Output Token Throughput Per User,tokens/sec/user,p90,5.57
65,1780553577323170560,1780553578323170560,Output Token Throughput Per User,tokens/sec/user,p95,5.62
65,1780553577323170560,1780553578323170560,Output Token Throughput Per User,tokens/sec/user,p99,5.66
65,1780553577323170560,1780553578323170560,Output Token Throughput Per User,tokens/sec/user,std,0.53
65,1780553577323170560,1780553578323170560,Prefill Throughput Per User,tokens/sec/user,avg,1282.17
65,1780553577323170560,1780553578323170560,Prefill Throughput Per User,tokens/sec/user,min,662.30
65,1780553577323170560,1780553578323170560,Prefill Throughput Per User,tokens/sec/user,max,1902.05
65,1780553577323170560,1780553578323170560,Prefill Throughput Per User,tokens/sec/user,sum,2564.34
65,1780553577323170560,1780553578323170560,Prefill Throughput Per User,tokens/sec/user,p1,674.69
65,1780553577323170560,1780553578323170560,Prefill Throughput Per User,tokens/sec/user,p5,724.28
65,1780553577323170560,1780553578323170560,Prefill Throughput Per User,tokens/sec/user,p10,786.27
65,1780553577323170560,1780553578323170560,Prefill Throughput Per User,tokens/sec/user,p25,972.23
65,1780553577323170560,1780553578323170560,Prefill Throughput Per User,tokens/sec/user,p50,1282.17
65,1780553577323170560,1780553578323170560,Prefill Throughput Per User,tokens/sec/user,p75,1592.11
65,1780553577323170560,1780553578323170560,Prefill Throughput Per User,tokens/sec/user,p90,1778.07
65,1780553577323170560,1780553578323170560,Prefill Throughput Per User,tokens/sec/user,p95,1840.06
65,1780553577323170560,1780553578323170560,Prefill Throughput Per User,tokens/sec/user,p99,1889.65
65,1780553577323170560,1780553578323170560,Prefill Throughput Per User,tokens/sec/user,std,619.88
65,1780553577323170560,1780553578323170560,Request Count,requests,avg,2.00
65,1780553577323170560,1780553578323170560,Request Latency,ms,avg,142713.83
65,1780553577323170560,1780553578323170560,Request Latency,ms,min,107958.05
65,1780553577323170560,1780553578323170560,Request Latency,ms,max,177469.60
65,1780553577323170560,1780553578323170560,Request Latency,ms,sum,285427.65
65,1780553577323170560,1780553578323170560,Request Latency,ms,p1,108653.17
65,1780553577323170560,1780553578323170560,Request Latency,ms,p5,111433.63
65,1780553577323170560,1780553578323170560,Request Latency,ms,p10,114909.21
65,1780553577323170560,1780553578323170560,Request Latency,ms,p25,125335.94
65,1780553577323170560,1780553578323170560,Request Latency,ms,p50,142713.83
65,1780553577323170560,1780553578323170560,Request Latency,ms,p75,160091.71
65,1780553577323170560,1780553578323170560,Request Latency,ms,p90,170518.45
65,1780553577323170560,1780553578323170560,Request Latency,ms,p95,173994.02
65,1780553577323170560,1780553578323170560,Request Latency,ms,p99,176774.49
65,1780553577323170560,1780553578323170560,Request Latency,ms,std,34755.78
65,1780553577323170560,1780553578323170560,Request Throughput,requests/sec,avg,2.00
65,1780553577323170560,1780553578323170560,Requested OSL,tokens,avg,503.00
65,1780553577323170560,1780553578323170560,Requested OSL,tokens,min,271.00
65,1780553577323170560,1780553578323170560,Requested OSL,tokens,max,735.00
65,1780553577323170560,1780553578323170560,Requested OSL,tokens,sum,1006.00
65,1780553577323170560,1780553578323170560,Requested OSL,tokens,p1,275.64
65,1780553577323170560,1780553578323170560,Requested OSL,tokens,p5,294.20
65,1780553577323170560,1780553578323170560,Requested OSL,tokens,p10,317.40
65,1780553577323170560,1780553578323170560,Requested OSL,tokens,p25,387.00
65,1780553577323170560,1780553578323170560,Requested OSL,tokens,p50,503.00
65,1780553577323170560,1780553578323170560,Requested OSL,tokens,p75,619.00
65,1780553577323170560,1780553578323170560,Requested OSL,tokens,p90,688.60
65,1780553577323170560,1780553578323170560,Requested OSL,tokens,p95,711.80
65,1780553577323170560,1780553578323170560,Requested OSL,tokens,p99,730.36
65,1780553577323170560,1780553578323170560,Requested OSL,tokens,std,232.00
65,1780553577323170560,1780553578323170560,Time to First Output Token,ms,avg,48720.45
65,1780553577323170560,1780553578323170560,Time to First Output Token,ms,min,48092.90
65,1780553577323170560,1780553578323170560,Time to First Output Token,ms,max,49348.00
65,1780553577323170560,1780553578323170560,Time to First Output Token,ms,sum,97440.90
65,1780553577323170560,1780553578323170560,Time to First Output Token,ms,p1,48105.45
65,1780553577323170560,1780553578323170560,Time to First Output Token,ms,p5,48155.65
65,1780553577323170560,1780553578323170560,Time to First Output Token,ms,p10,48218.41
65,1780553577323170560,1780553578323170560,Time to First Output Token,ms,p25,48406.67
65,1780553577323170560,1780553578323170560,Time to First Output Token,ms,p50,48720.45
65,1780553577323170560,1780553578323170560,Time to First Output Token,ms,p75,49034.23
65,1780553577323170560,1780553578323170560,Time to First Output Token,ms,p90,49222.49
65,1780553577323170560,1780553578323170560,Time to First Output Token,ms,p95,49285.25
65,1780553577323170560,1780553578323170560,Time to First Output Token,ms,p99,49335.45
65,1780553577323170560,1780553578323170560,Time to First Output Token,ms,std,627.55
65,1780553577323170560,1780553578323170560,Time to First Token,ms,avg,48720.45
65,1780553577323170560,1780553578323170560,Time to First Token,ms,min,48092.90
65,1780553577323170560,1780553578323170560,Time to First Token,ms,max,49348.00
65,1780553577323170560,1780553578323170560,Time to First Token,ms,sum,97440.90
65,1780553577323170560,1780553578323170560,Time to First Token,ms,p1,48105.45
65,1780553577323170560,1780553578323170560,Time to First Token,ms,p5,48155.65
65,1780553577323170560,1780553578323170560,Time to First Token,ms,p10,48218.41
65,1780553577323170560,1780553578323170560,Time to First Token,ms,p25,48406.67
65,1780553577323170560,1780553578323170560,Time to First Token,ms,p50,48720.45
65,1780553577323170560,1780553578323170560,Time to First Token,ms,p75,49034.23
65,1780553577323170560,1780553578323170560,Time to First Token,ms,p90,49222.49
65,1780553577323170560,1780553578323170560,Time to First Token,ms,p95,49285.25
65,1780553577323170560,1780553578323170560,Time to First Token,ms,p99,49335.45
65,1780553577323170560,1780553578323170560,Time to First Token,ms,std,627.55
65,1780553577323170560,1780553578323170560,Time to Second Token,ms,avg,225.62
65,1780553577323170560,1780553578323170560,Time to Second Token,ms,min,201.85
65,1780553577323170560,1780553578323170560,Time to Second Token,ms,max,249.38
65,1780553577323170560,1780553578323170560,Time to Second Token,ms,sum,451.23
65,1780553577323170560,1780553578323170560,Time to Second Token,ms,p1,202.33
65,1780553577323170560,1780553578323170560,Time to Second Token,ms,p5,204.23
65,1780553577323170560,1780553578323170560,Time to Second Token,ms,p10,206.61
65,1780553577323170560,1780553578323170560,Time to Second Token,ms,p25,213.73
65,1780553577323170560,1780553578323170560,Time to Second Token,ms,p50,225.62
65,1780553577323170560,1780553578323170560,Time to Second Token,ms,p75,237.50
65,1780553577323170560,1780553578323170560,Time to Second Token,ms,p90,244.63
65,1780553577323170560,1780553578323170560,Time to Second Token,ms,p95,247.00
65,1780553577323170560,1780553578323170560,Time to Second Token,ms,p99,248.90
65,1780553577323170560,1780553578323170560,Time to Second Token,ms,std,23.76
65,1780553577323170560,1780553578323170560,Tokens In Flight,tokens,avg,1412639.54
65,1780553577323170560,1780553578323170560,Tokens In Flight,tokens,min,1392000.82
65,1780553577323170560,1780553578323170560,Tokens In Flight,tokens,max,1516220.28
65,1780553577323170560,1780553578323170560,Tokens In Flight,tokens,p50,1392031.03
65,1780553577323170560,1780553578323170560,Tokens In Flight,tokens,p90,1483530.22
65,1780553577323170560,1780553578323170560,Tokens In Flight,tokens,p95,1516217.25
65,1780553577323170560,1780553578323170560,Tokens In Flight,tokens,p99,1516218.28
65,1780553577323170560,1780553578323170560,Tokens In Flight,tokens,std,42685.97
65,1780553577323170560,1780553578323170560,Total Input Sequence Length,tokens,avg,124158.00
65,1780553577323170560,1780553578323170560,Total Output Sequence Length,tokens,avg,1006.00
65,1780553577323170560,1780553578323170560,Total Output Tokens,tokens,avg,1006.00
65,1780553577323170560,1780553578323170560,Total Token Throughput,tokens/sec,avg,125164.00
65,1780553577323170560,1780553578323170560,Total Usage Completion Tokens,tokens,avg,1006.00
65,1780553577323170560,1780553578323170560,Total Usage Prompt Tokens,tokens,avg,124158.00
65,1780553577323170560,1780553578323170560,Total Usage Total Tokens,tokens,avg,125164.00
65,1780553577323170560,1780553578323170560,Usage Completion Tokens,tokens,avg,503.00
65,1780553577323170560,1780553578323170560,Usage Completion Tokens,tokens,min,271.00
65,1780553577323170560,1780553578323170560,Usage Completion Tokens,tokens,max,735.00
65,1780553577323170560,1780553578323170560,Usage Completion Tokens,tokens,sum,1006.00
65,1780553577323170560,1780553578323170560,Usage Completion Tokens,tokens,p1,275.64
65,1780553577323170560,1780553578323170560,Usage Completion Tokens,tokens,p5,294.20
65,1780553577323170560,1780553578323170560,Usage Completion Tokens,tokens,p10,317.40
65,1780553577323170560,1780553578323170560,Usage Completion Tokens,tokens,p25,387.00
65,1780553577323170560,1780553578323170560,Usage Completion Tokens,tokens,p50,503.00
65,1780553577323170560,1780553578323170560,Usage Completion Tokens,tokens,p75,619.00
65,1780553577323170560,1780553578323170560,Usage Completion Tokens,tokens,p90,688.60
65,1780553577323170560,1780553578323170560,Usage Completion Tokens,tokens,p95,711.80
65,1780553577323170560,1780553578323170560,Usage Completion Tokens,tokens,p99,730.36
65,1780553577323170560,1780553578323170560,Usage Completion Tokens,tokens,std,232.00
65,1780553577323170560,1780553578323170560,Usage Prompt Tokens,tokens,avg,62079.00
65,1780553577323170560,1780553578323170560,Usage Prompt Tokens,tokens,min,32683.00
65,1780553577323170560,1780553578323170560,Usage Prompt Tokens,tokens,max,91475.00
65,1780553577323170560,1780553578323170560,Usage Prompt Tokens,tokens,sum,124158.00
65,1780553577323170560,1780553578323170560,Usage Prompt Tokens,tokens,p1,33270.92
65,1780553577323170560,1780553578323170560,Usage Prompt Tokens,tokens,p5,35622.60
65,1780553577323170560,1780553578323170560,Usage Prompt Tokens,tokens,p10,38562.20
65,1780553577323170560,1780553578323170560,Usage Prompt Tokens,tokens,p25,47381.00
65,1780553577323170560,1780553578323170560,Usage Prompt Tokens,tokens,p50,62079.00
65,1780553577323170560,1780553578323170560,Usage Prompt Tokens,tokens,p75,76777.00
65,1780553577323170560,1780553578323170560,Usage Prompt Tokens,tokens,p90,85595.80
65,1780553577323170560,1780553578323170560,Usage Prompt Tokens,tokens,p95,88535.40
65,1780553577323170560,1780553578323170560,Usage Prompt Tokens,tokens,p99,90887.08
65,1780553577323170560,1780553578323170560,Usage Prompt Tokens,tokens,std,29396.00
65,1780553577323170560,1780553578323170560,Usage Total Tokens,tokens,avg,62582.00
65,1780553577323170560,1780553578323170560,Usage Total Tokens,tokens,min,32954.00
65,1780553577323170560,1780553578323170560,Usage Total Tokens,tokens,max,92210.00
65,1780553577323170560,1780553578323170560,Usage Total Tokens,tokens,sum,125164.00
65,1780553577323170560,1780553578323170560,Usage Total Tokens,tokens,p1,33546.56
65,1780553577323170560,1780553578323170560,Usage Total Tokens,tokens,p5,35916.80
65,1780553577323170560,1780553578323170560,Usage Total Tokens,tokens,p10,38879.60
65,1780553577323170560,1780553578323170560,Usage Total Tokens,tokens,p25,47768.00
65,1780553577323170560,1780553578323170560,Usage Total Tokens,tokens,p50,62582.00
65,1780553577323170560,1780553578323170560,Usage Total Tokens,tokens,p75,77396.00
65,1780553577323170560,1780553578323170560,Usage Total Tokens,tokens,p90,86284.40
65,1780553577323170560,1780553578323170560,Usage Total Tokens,tokens,p95,89247.20
65,1780553577323170560,1780553578323170560,Usage Total Tokens,tokens,p99,91617.44
65,1780553577323170560,1780553578323170560,Usage Total Tokens,tokens,std,29628.00
66,1780553587323170560,1780553588323170560,Active Decode Throughput,tokens/sec,avg,30.25
66,1780553587323170560,1780553588323170560,Active Decode Throughput,tokens/sec,min,15.04
66,1780553587323170560,1780553588323170560,Active Decode Throughput,tokens/sec,max,45.45
66,1780553587323170560,1780553588323170560,Active Decode Throughput,tokens/sec,p50,30.25
66,1780553587323170560,1780553588323170560,Active Decode Throughput,tokens/sec,p90,30.25
66,1780553587323170560,1780553588323170560,Active Decode Throughput,tokens/sec,p95,30.25
66,1780553587323170560,1780553588323170560,Active Decode Throughput,tokens/sec,p99,30.25
66,1780553587323170560,1780553588323170560,Active Decode Throughput,tokens/sec,std,0.02
66,1780553587323170560,1780553588323170560,Active Decode Throughput Per User,tokens/sec/user,avg,3.36
66,1780553587323170560,1780553588323170560,Active Decode Throughput Per User,tokens/sec/user,min,1.67
66,1780553587323170560,1780553588323170560,Active Decode Throughput Per User,tokens/sec/user,max,5.05
66,1780553587323170560,1780553588323170560,Active Decode Throughput Per User,tokens/sec/user,p50,3.36
66,1780553587323170560,1780553588323170560,Active Decode Throughput Per User,tokens/sec/user,p90,3.36
66,1780553587323170560,1780553588323170560,Active Decode Throughput Per User,tokens/sec/user,p95,3.36
66,1780553587323170560,1780553588323170560,Active Decode Throughput Per User,tokens/sec/user,p99,3.36
66,1780553587323170560,1780553588323170560,Active Decode Throughput Per User,tokens/sec/user,std,0.00
66,1780553587323170560,1780553588323170560,Active Prefill Throughput,tokens/sec,avg,11252.48
66,1780553587323170560,1780553588323170560,Active Prefill Throughput,tokens/sec,min,9206.56
66,1780553587323170560,1780553588323170560,Active Prefill Throughput,tokens/sec,max,11415.43
66,1780553587323170560,1780553588323170560,Active Prefill Throughput,tokens/sec,p50,11415.43
66,1780553587323170560,1780553588323170560,Active Prefill Throughput,tokens/sec,p90,11415.43
66,1780553587323170560,1780553588323170560,Active Prefill Throughput,tokens/sec,p95,11415.43
66,1780553587323170560,1780553588323170560,Active Prefill Throughput,tokens/sec,p99,11415.43
66,1780553587323170560,1780553588323170560,Active Prefill Throughput,tokens/sec,std,577.39
66,1780553587323170560,1780553588323170560,Active Prefill Throughput Per User,tokens/sec/user,avg,1898.05
66,1780553587323170560,1780553588323170560,Active Prefill Throughput Per User,tokens/sec/user,min,1841.31
66,1780553587323170560,1780553588323170560,Active Prefill Throughput Per User,tokens/sec/user,max,1902.57
66,1780553587323170560,1780553588323170560,Active Prefill Throughput Per User,tokens/sec/user,p50,1902.57
66,1780553587323170560,1780553588323170560,Active Prefill Throughput Per User,tokens/sec/user,p90,1902.57
66,1780553587323170560,1780553588323170560,Active Prefill Throughput Per User,tokens/sec/user,p95,1902.57
66,1780553587323170560,1780553588323170560,Active Prefill Throughput Per User,tokens/sec/user,p99,1902.57
66,1780553587323170560,1780553588323170560,Active Prefill Throughput Per User,tokens/sec/user,std,16.01
66,1780553587323170560,1780553588323170560,Active Total Throughput,tokens/sec,avg,11300.29
66,1780553587323170560,1780553588323170560,Active Total Throughput,tokens/sec,min,9254.38
66,1780553587323170560,1780553588323170560,Active Total Throughput,tokens/sec,max,11463.24
66,1780553587323170560,1780553588323170560,Active Total Throughput,tokens/sec,p50,11463.24
66,1780553587323170560,1780553588323170560,Active Total Throughput,tokens/sec,p90,11463.24
66,1780553587323170560,1780553588323170560,Active Total Throughput,tokens/sec,p95,11463.24
66,1780553587323170560,1780553588323170560,Active Total Throughput,tokens/sec,p99,11463.24
66,1780553587323170560,1780553588323170560,Active Total Throughput,tokens/sec,std,577.39
66,1780553587323170560,1780553588323170560,Benchmark Duration,sec,avg,60.83
66,1780553587323170560,1780553588323170560,E2E Output Token Throughput,tokens/sec/user,avg,2.43
66,1780553587323170560,1780553588323170560,E2E Output Token Throughput,tokens/sec/user,min,2.43
66,1780553587323170560,1780553588323170560,E2E Output Token Throughput,tokens/sec/user,max,2.43
66,1780553587323170560,1780553588323170560,E2E Output Token Throughput,tokens/sec/user,sum,2.43
66,1780553587323170560,1780553588323170560,E2E Output Token Throughput,tokens/sec/user,p1,2.43
66,1780553587323170560,1780553588323170560,E2E Output Token Throughput,tokens/sec/user,p5,2.43
66,1780553587323170560,1780553588323170560,E2E Output Token Throughput,tokens/sec/user,p10,2.43
66,1780553587323170560,1780553588323170560,E2E Output Token Throughput,tokens/sec/user,p25,2.43
66,1780553587323170560,1780553588323170560,E2E Output Token Throughput,tokens/sec/user,p50,2.43
66,1780553587323170560,1780553588323170560,E2E Output Token Throughput,tokens/sec/user,p75,2.43
66,1780553587323170560,1780553588323170560,E2E Output Token Throughput,tokens/sec/user,p90,2.43
66,1780553587323170560,1780553588323170560,E2E Output Token Throughput,tokens/sec/user,p95,2.43
66,1780553587323170560,1780553588323170560,E2E Output Token Throughput,tokens/sec/user,p99,2.43
66,1780553587323170560,1780553588323170560,E2E Output Token Throughput,tokens/sec/user,std,0.00
66,1780553587323170560,1780553588323170560,Effective Concurrency,requests,avg,14.93
66,1780553587323170560,1780553588323170560,Effective Concurrency,requests,min,14.00
66,1780553587323170560,1780553588323170560,Effective Concurrency,requests,max,15.00
66,1780553587323170560,1780553588323170560,Effective Concurrency,requests,p50,15.00
66,1780553587323170560,1780553588323170560,Effective Concurrency,requests,p90,15.00
66,1780553587323170560,1780553588323170560,Effective Concurrency,requests,p95,15.00
66,1780553587323170560,1780553588323170560,Effective Concurrency,requests,p99,15.00
66,1780553587323170560,1780553588323170560,Effective Concurrency,requests,std,0.26
66,1780553587323170560,1780553588323170560,Effective Decode Concurrency,requests,avg,9.00
66,1780553587323170560,1780553588323170560,Effective Decode Concurrency,requests,min,9.00
66,1780553587323170560,1780553588323170560,Effective Decode Concurrency,requests,max,9.00
66,1780553587323170560,1780553588323170560,Effective Decode Concurrency,requests,p50,9.00
66,1780553587323170560,1780553588323170560,Effective Decode Concurrency,requests,p90,9.00
66,1780553587323170560,1780553588323170560,Effective Decode Concurrency,requests,p95,9.00
66,1780553587323170560,1780553588323170560,Effective Decode Concurrency,requests,p99,9.00
66,1780553587323170560,1780553588323170560,Effective Decode Concurrency,requests,std,0.00
66,1780553587323170560,1780553588323170560,Effective Decode Throughput,tokens/sec,avg,30.25
66,1780553587323170560,1780553588323170560,Effective Decode Throughput,tokens/sec,min,15.04
66,1780553587323170560,1780553588323170560,Effective Decode Throughput,tokens/sec,max,45.45
66,1780553587323170560,1780553588323170560,Effective Decode Throughput,tokens/sec,p50,30.25
66,1780553587323170560,1780553588323170560,Effective Decode Throughput,tokens/sec,p90,30.25
66,1780553587323170560,1780553588323170560,Effective Decode Throughput,tokens/sec,p95,30.25
66,1780553587323170560,1780553588323170560,Effective Decode Throughput,tokens/sec,p99,30.25
66,1780553587323170560,1780553588323170560,Effective Decode Throughput,tokens/sec,std,0.02
66,1780553587323170560,1780553588323170560,Effective Decode Throughput Per User,tokens/sec/user,avg,3.36
66,1780553587323170560,1780553588323170560,Effective Decode Throughput Per User,tokens/sec/user,min,1.67
66,1780553587323170560,1780553588323170560,Effective Decode Throughput Per User,tokens/sec/user,max,5.05
66,1780553587323170560,1780553588323170560,Effective Decode Throughput Per User,tokens/sec/user,p50,3.36
66,1780553587323170560,1780553588323170560,Effective Decode Throughput Per User,tokens/sec/user,p90,3.36
66,1780553587323170560,1780553588323170560,Effective Decode Throughput Per User,tokens/sec/user,p95,3.36
66,1780553587323170560,1780553588323170560,Effective Decode Throughput Per User,tokens/sec/user,p99,3.36
66,1780553587323170560,1780553588323170560,Effective Decode Throughput Per User,tokens/sec/user,std,0.00
66,1780553587323170560,1780553588323170560,Effective Prefill Concurrency,requests,avg,5.93
66,1780553587323170560,1780553588323170560,Effective Prefill Concurrency,requests,min,5.00
66,1780553587323170560,1780553588323170560,Effective Prefill Concurrency,requests,max,6.00
66,1780553587323170560,1780553588323170560,Effective Prefill Concurrency,requests,p50,6.00
66,1780553587323170560,1780553588323170560,Effective Prefill Concurrency,requests,p90,6.00
66,1780553587323170560,1780553588323170560,Effective Prefill Concurrency,requests,p95,6.00
66,1780553587323170560,1780553588323170560,Effective Prefill Concurrency,requests,p99,6.00
66,1780553587323170560,1780553588323170560,Effective Prefill Concurrency,requests,std,0.26
66,1780553587323170560,1780553588323170560,Effective Prefill Throughput,tokens/sec,avg,11252.48
66,1780553587323170560,1780553588323170560,Effective Prefill Throughput,tokens/sec,min,9206.56
66,1780553587323170560,1780553588323170560,Effective Prefill Throughput,tokens/sec,max,11415.43
66,1780553587323170560,1780553588323170560,Effective Prefill Throughput,tokens/sec,p50,11415.43
66,1780553587323170560,1780553588323170560,Effective Prefill Throughput,tokens/sec,p90,11415.43
66,1780553587323170560,1780553588323170560,Effective Prefill Throughput,tokens/sec,p95,11415.43
66,1780553587323170560,1780553588323170560,Effective Prefill Throughput,tokens/sec,p99,11415.43
66,1780553587323170560,1780553588323170560,Effective Prefill Throughput,tokens/sec,std,577.39
66,1780553587323170560,1780553588323170560,Effective Prefill Throughput Per User,tokens/sec/user,avg,1898.05
66,1780553587323170560,1780553588323170560,Effective Prefill Throughput Per User,tokens/sec/user,min,1841.31
66,1780553587323170560,1780553588323170560,Effective Prefill Throughput Per User,tokens/sec/user,max,1902.57
66,1780553587323170560,1780553588323170560,Effective Prefill Throughput Per User,tokens/sec/user,p50,1902.57
66,1780553587323170560,1780553588323170560,Effective Prefill Throughput Per User,tokens/sec/user,p90,1902.57
66,1780553587323170560,1780553588323170560,Effective Prefill Throughput Per User,tokens/sec/user,p95,1902.57
66,1780553587323170560,1780553588323170560,Effective Prefill Throughput Per User,tokens/sec/user,p99,1902.57
66,1780553587323170560,1780553588323170560,Effective Prefill Throughput Per User,tokens/sec/user,std,16.01
66,1780553587323170560,1780553588323170560,Effective Total Throughput,tokens/sec,avg,11300.29
66,1780553587323170560,1780553588323170560,Effective Total Throughput,tokens/sec,min,9254.38
66,1780553587323170560,1780553588323170560,Effective Total Throughput,tokens/sec,max,11463.24
66,1780553587323170560,1780553588323170560,Effective Total Throughput,tokens/sec,p50,11463.24
66,1780553587323170560,1780553588323170560,Effective Total Throughput,tokens/sec,p90,11463.24
66,1780553587323170560,1780553588323170560,Effective Total Throughput,tokens/sec,p95,11463.24
66,1780553587323170560,1780553588323170560,Effective Total Throughput,tokens/sec,p99,11463.24
66,1780553587323170560,1780553588323170560,Effective Total Throughput,tokens/sec,std,577.39
66,1780553587323170560,1780553588323170560,HTTP Blocked,ms,avg,0.00
66,1780553587323170560,1780553588323170560,HTTP Blocked,ms,min,0.00
66,1780553587323170560,1780553588323170560,HTTP Blocked,ms,max,0.00
66,1780553587323170560,1780553588323170560,HTTP Blocked,ms,sum,0.00
66,1780553587323170560,1780553588323170560,HTTP Blocked,ms,p1,0.00
66,1780553587323170560,1780553588323170560,HTTP Blocked,ms,p5,0.00
66,1780553587323170560,1780553588323170560,HTTP Blocked,ms,p10,0.00
66,1780553587323170560,1780553588323170560,HTTP Blocked,ms,p25,0.00
66,1780553587323170560,1780553588323170560,HTTP Blocked,ms,p50,0.00
66,1780553587323170560,1780553588323170560,HTTP Blocked,ms,p75,0.00
66,1780553587323170560,1780553588323170560,HTTP Blocked,ms,p90,0.00
66,1780553587323170560,1780553588323170560,HTTP Blocked,ms,p95,0.00
66,1780553587323170560,1780553588323170560,HTTP Blocked,ms,p99,0.00
66,1780553587323170560,1780553588323170560,HTTP Blocked,ms,std,0.00
66,1780553587323170560,1780553588323170560,HTTP Chunks Received,count,avg,148.00
66,1780553587323170560,1780553588323170560,HTTP Chunks Received,count,min,148.00
66,1780553587323170560,1780553588323170560,HTTP Chunks Received,count,max,148.00
66,1780553587323170560,1780553588323170560,HTTP Chunks Received,count,sum,148.00
66,1780553587323170560,1780553588323170560,HTTP Chunks Received,count,p1,148.00
66,1780553587323170560,1780553588323170560,HTTP Chunks Received,count,p5,148.00
66,1780553587323170560,1780553588323170560,HTTP Chunks Received,count,p10,148.00
66,1780553587323170560,1780553588323170560,HTTP Chunks Received,count,p25,148.00
66,1780553587323170560,1780553588323170560,HTTP Chunks Received,count,p50,148.00
66,1780553587323170560,1780553588323170560,HTTP Chunks Received,count,p75,148.00
66,1780553587323170560,1780553588323170560,HTTP Chunks Received,count,p90,148.00
66,1780553587323170560,1780553588323170560,HTTP Chunks Received,count,p95,148.00
66,1780553587323170560,1780553588323170560,HTTP Chunks Received,count,p99,148.00
66,1780553587323170560,1780553588323170560,HTTP Chunks Received,count,std,0.00
66,1780553587323170560,1780553588323170560,HTTP Chunks Sent,count,avg,1.00
66,1780553587323170560,1780553588323170560,HTTP Chunks Sent,count,min,1.00
66,1780553587323170560,1780553588323170560,HTTP Chunks Sent,count,max,1.00
66,1780553587323170560,1780553588323170560,HTTP Chunks Sent,count,sum,1.00
66,1780553587323170560,1780553588323170560,HTTP Chunks Sent,count,p1,1.00
66,1780553587323170560,1780553588323170560,HTTP Chunks Sent,count,p5,1.00
66,1780553587323170560,1780553588323170560,HTTP Chunks Sent,count,p10,1.00
66,1780553587323170560,1780553588323170560,HTTP Chunks Sent,count,p25,1.00
66,1780553587323170560,1780553588323170560,HTTP Chunks Sent,count,p50,1.00
66,1780553587323170560,1780553588323170560,HTTP Chunks Sent,count,p75,1.00
66,1780553587323170560,1780553588323170560,HTTP Chunks Sent,count,p90,1.00
66,1780553587323170560,1780553588323170560,HTTP Chunks Sent,count,p95,1.00
66,1780553587323170560,1780553588323170560,HTTP Chunks Sent,count,p99,1.00
66,1780553587323170560,1780553588323170560,HTTP Chunks Sent,count,std,0.00
66,1780553587323170560,1780553588323170560,HTTP Connecting,ms,avg,1.12
66,1780553587323170560,1780553588323170560,HTTP Connecting,ms,min,1.12
66,1780553587323170560,1780553588323170560,HTTP Connecting,ms,max,1.12
66,1780553587323170560,1780553588323170560,HTTP Connecting,ms,sum,1.12
66,1780553587323170560,1780553588323170560,HTTP Connecting,ms,p1,1.12
66,1780553587323170560,1780553588323170560,HTTP Connecting,ms,p5,1.12
66,1780553587323170560,1780553588323170560,HTTP Connecting,ms,p10,1.12
66,1780553587323170560,1780553588323170560,HTTP Connecting,ms,p25,1.12
66,1780553587323170560,1780553588323170560,HTTP Connecting,ms,p50,1.12
66,1780553587323170560,1780553588323170560,HTTP Connecting,ms,p75,1.12
66,1780553587323170560,1780553588323170560,HTTP Connecting,ms,p90,1.12
66,1780553587323170560,1780553588323170560,HTTP Connecting,ms,p95,1.12
66,1780553587323170560,1780553588323170560,HTTP Connecting,ms,p99,1.12
66,1780553587323170560,1780553588323170560,HTTP Connecting,ms,std,0.00
66,1780553587323170560,1780553588323170560,HTTP Connection Overhead,ms,avg,1.61
66,1780553587323170560,1780553588323170560,HTTP Connection Overhead,ms,min,1.61
66,1780553587323170560,1780553588323170560,HTTP Connection Overhead,ms,max,1.61
66,1780553587323170560,1780553588323170560,HTTP Connection Overhead,ms,sum,1.61
66,1780553587323170560,1780553588323170560,HTTP Connection Overhead,ms,p1,1.61
66,1780553587323170560,1780553588323170560,HTTP Connection Overhead,ms,p5,1.61
66,1780553587323170560,1780553588323170560,HTTP Connection Overhead,ms,p10,1.61
66,1780553587323170560,1780553588323170560,HTTP Connection Overhead,ms,p25,1.61
66,1780553587323170560,1780553588323170560,HTTP Connection Overhead,ms,p50,1.61
66,1780553587323170560,1780553588323170560,HTTP Connection Overhead,ms,p75,1.61
66,1780553587323170560,1780553588323170560,HTTP Connection Overhead,ms,p90,1.61
66,1780553587323170560,1780553588323170560,HTTP Connection Overhead,ms,p95,1.61
66,1780553587323170560,1780553588323170560,HTTP Connection Overhead,ms,p99,1.61
66,1780553587323170560,1780553588323170560,HTTP Connection Overhead,ms,std,0.00
66,1780553587323170560,1780553588323170560,HTTP Connection Reused,ratio,avg,0.00
66,1780553587323170560,1780553588323170560,HTTP Connection Reused,ratio,min,0.00
66,1780553587323170560,1780553588323170560,HTTP Connection Reused,ratio,max,0.00
66,1780553587323170560,1780553588323170560,HTTP Connection Reused,ratio,sum,0.00
66,1780553587323170560,1780553588323170560,HTTP Connection Reused,ratio,p1,0.00
66,1780553587323170560,1780553588323170560,HTTP Connection Reused,ratio,p5,0.00
66,1780553587323170560,1780553588323170560,HTTP Connection Reused,ratio,p10,0.00
66,1780553587323170560,1780553588323170560,HTTP Connection Reused,ratio,p25,0.00
66,1780553587323170560,1780553588323170560,HTTP Connection Reused,ratio,p50,0.00
66,1780553587323170560,1780553588323170560,HTTP Connection Reused,ratio,p75,0.00
66,1780553587323170560,1780553588323170560,HTTP Connection Reused,ratio,p90,0.00
66,1780553587323170560,1780553588323170560,HTTP Connection Reused,ratio,p95,0.00
66,1780553587323170560,1780553588323170560,HTTP Connection Reused,ratio,p99,0.00
66,1780553587323170560,1780553588323170560,HTTP Connection Reused,ratio,std,0.00
66,1780553587323170560,1780553588323170560,HTTP Data Received,KB,avg,37.39
66,1780553587323170560,1780553588323170560,HTTP Data Received,KB,min,37.39
66,1780553587323170560,1780553588323170560,HTTP Data Received,KB,max,37.39
66,1780553587323170560,1780553588323170560,HTTP Data Received,KB,sum,37.39
66,1780553587323170560,1780553588323170560,HTTP Data Received,KB,p1,37.39
66,1780553587323170560,1780553588323170560,HTTP Data Received,KB,p5,37.39
66,1780553587323170560,1780553588323170560,HTTP Data Received,KB,p10,37.39
66,1780553587323170560,1780553588323170560,HTTP Data Received,KB,p25,37.39
66,1780553587323170560,1780553588323170560,HTTP Data Received,KB,p50,37.39
66,1780553587323170560,1780553588323170560,HTTP Data Received,KB,p75,37.39
66,1780553587323170560,1780553588323170560,HTTP Data Received,KB,p90,37.39
66,1780553587323170560,1780553588323170560,HTTP Data Received,KB,p95,37.39
66,1780553587323170560,1780553588323170560,HTTP Data Received,KB,p99,37.39
66,1780553587323170560,1780553588323170560,HTTP Data Received,KB,std,0.00
66,1780553587323170560,1780553588323170560,HTTP Data Sent,KB,avg,438.26
66,1780553587323170560,1780553588323170560,HTTP Data Sent,KB,min,438.26
66,1780553587323170560,1780553588323170560,HTTP Data Sent,KB,max,438.26
66,1780553587323170560,1780553588323170560,HTTP Data Sent,KB,sum,438.26
66,1780553587323170560,1780553588323170560,HTTP Data Sent,KB,p1,438.26
66,1780553587323170560,1780553588323170560,HTTP Data Sent,KB,p5,438.26
66,1780553587323170560,1780553588323170560,HTTP Data Sent,KB,p10,438.26
66,1780553587323170560,1780553588323170560,HTTP Data Sent,KB,p25,438.26
66,1780553587323170560,1780553588323170560,HTTP Data Sent,KB,p50,438.26
66,1780553587323170560,1780553588323170560,HTTP Data Sent,KB,p75,438.26
66,1780553587323170560,1780553588323170560,HTTP Data Sent,KB,p90,438.26
66,1780553587323170560,1780553588323170560,HTTP Data Sent,KB,p95,438.26
66,1780553587323170560,1780553588323170560,HTTP Data Sent,KB,p99,438.26
66,1780553587323170560,1780553588323170560,HTTP Data Sent,KB,std,0.00
66,1780553587323170560,1780553588323170560,HTTP DNS Lookup,ms,avg,0.49
66,1780553587323170560,1780553588323170560,HTTP DNS Lookup,ms,min,0.49
66,1780553587323170560,1780553588323170560,HTTP DNS Lookup,ms,max,0.49
66,1780553587323170560,1780553588323170560,HTTP DNS Lookup,ms,sum,0.49
66,1780553587323170560,1780553588323170560,HTTP DNS Lookup,ms,p1,0.49
66,1780553587323170560,1780553588323170560,HTTP DNS Lookup,ms,p5,0.49
66,1780553587323170560,1780553588323170560,HTTP DNS Lookup,ms,p10,0.49
66,1780553587323170560,1780553588323170560,HTTP DNS Lookup,ms,p25,0.49
66,1780553587323170560,1780553588323170560,HTTP DNS Lookup,ms,p50,0.49
66,1780553587323170560,1780553588323170560,HTTP DNS Lookup,ms,p75,0.49
66,1780553587323170560,1780553588323170560,HTTP DNS Lookup,ms,p90,0.49
66,1780553587323170560,1780553588323170560,HTTP DNS Lookup,ms,p95,0.49
66,1780553587323170560,1780553588323170560,HTTP DNS Lookup,ms,p99,0.49
66,1780553587323170560,1780553588323170560,HTTP DNS Lookup,ms,std,0.00
66,1780553587323170560,1780553588323170560,HTTP Duration (excl. conn),ms,avg,60828.77
66,1780553587323170560,1780553588323170560,HTTP Duration (excl. conn),ms,min,60828.77
66,1780553587323170560,1780553588323170560,HTTP Duration (excl. conn),ms,max,60828.77
66,1780553587323170560,1780553588323170560,HTTP Duration (excl. conn),ms,sum,60828.77
66,1780553587323170560,1780553588323170560,HTTP Duration (excl. conn),ms,p1,60828.77
66,1780553587323170560,1780553588323170560,HTTP Duration (excl. conn),ms,p5,60828.77
66,1780553587323170560,1780553588323170560,HTTP Duration (excl. conn),ms,p10,60828.77
66,1780553587323170560,1780553588323170560,HTTP Duration (excl. conn),ms,p25,60828.77
66,1780553587323170560,1780553588323170560,HTTP Duration (excl. conn),ms,p50,60828.77
66,1780553587323170560,1780553588323170560,HTTP Duration (excl. conn),ms,p75,60828.77
66,1780553587323170560,1780553588323170560,HTTP Duration (excl. conn),ms,p90,60828.77
66,1780553587323170560,1780553588323170560,HTTP Duration (excl. conn),ms,p95,60828.77
66,1780553587323170560,1780553588323170560,HTTP Duration (excl. conn),ms,p99,60828.77
66,1780553587323170560,1780553588323170560,HTTP Duration (excl. conn),ms,std,0.00
66,1780553587323170560,1780553588323170560,HTTP Receiving,ms,avg,9919.52
66,1780553587323170560,1780553588323170560,HTTP Receiving,ms,min,9919.52
66,1780553587323170560,1780553588323170560,HTTP Receiving,ms,max,9919.52
66,1780553587323170560,1780553588323170560,HTTP Receiving,ms,sum,9919.52
66,1780553587323170560,1780553588323170560,HTTP Receiving,ms,p1,9919.52
66,1780553587323170560,1780553588323170560,HTTP Receiving,ms,p5,9919.52
66,1780553587323170560,1780553588323170560,HTTP Receiving,ms,p10,9919.52
66,1780553587323170560,1780553588323170560,HTTP Receiving,ms,p25,9919.52
66,1780553587323170560,1780553588323170560,HTTP Receiving,ms,p50,9919.52
66,1780553587323170560,1780553588323170560,HTTP Receiving,ms,p75,9919.52
66,1780553587323170560,1780553588323170560,HTTP Receiving,ms,p90,9919.52
66,1780553587323170560,1780553588323170560,HTTP Receiving,ms,p95,9919.52
66,1780553587323170560,1780553588323170560,HTTP Receiving,ms,p99,9919.52
66,1780553587323170560,1780553588323170560,HTTP Receiving,ms,std,0.00
66,1780553587323170560,1780553588323170560,HTTP Sending,ms,avg,1.39
66,1780553587323170560,1780553588323170560,HTTP Sending,ms,min,1.39
66,1780553587323170560,1780553588323170560,HTTP Sending,ms,max,1.39
66,1780553587323170560,1780553588323170560,HTTP Sending,ms,sum,1.39
66,1780553587323170560,1780553588323170560,HTTP Sending,ms,p1,1.39
66,1780553587323170560,1780553588323170560,HTTP Sending,ms,p5,1.39
66,1780553587323170560,1780553588323170560,HTTP Sending,ms,p10,1.39
66,1780553587323170560,1780553588323170560,HTTP Sending,ms,p25,1.39
66,1780553587323170560,1780553588323170560,HTTP Sending,ms,p50,1.39
66,1780553587323170560,1780553588323170560,HTTP Sending,ms,p75,1.39
66,1780553587323170560,1780553588323170560,HTTP Sending,ms,p90,1.39
66,1780553587323170560,1780553588323170560,HTTP Sending,ms,p95,1.39
66,1780553587323170560,1780553588323170560,HTTP Sending,ms,p99,1.39
66,1780553587323170560,1780553588323170560,HTTP Sending,ms,std,0.00
66,1780553587323170560,1780553588323170560,HTTP Total Time,ms,avg,60830.38
66,1780553587323170560,1780553588323170560,HTTP Total Time,ms,min,60830.38
66,1780553587323170560,1780553588323170560,HTTP Total Time,ms,max,60830.38
66,1780553587323170560,1780553588323170560,HTTP Total Time,ms,sum,60830.38
66,1780553587323170560,1780553588323170560,HTTP Total Time,ms,p1,60830.38
66,1780553587323170560,1780553588323170560,HTTP Total Time,ms,p5,60830.38
66,1780553587323170560,1780553588323170560,HTTP Total Time,ms,p10,60830.38
66,1780553587323170560,1780553588323170560,HTTP Total Time,ms,p25,60830.38
66,1780553587323170560,1780553588323170560,HTTP Total Time,ms,p50,60830.38
66,1780553587323170560,1780553588323170560,HTTP Total Time,ms,p75,60830.38
66,1780553587323170560,1780553588323170560,HTTP Total Time,ms,p90,60830.38
66,1780553587323170560,1780553588323170560,HTTP Total Time,ms,p95,60830.38
66,1780553587323170560,1780553588323170560,HTTP Total Time,ms,p99,60830.38
66,1780553587323170560,1780553588323170560,HTTP Total Time,ms,std,0.00
66,1780553587323170560,1780553588323170560,HTTP Waiting (TTFB),ms,avg,50907.86
66,1780553587323170560,1780553588323170560,HTTP Waiting (TTFB),ms,min,50907.86
66,1780553587323170560,1780553588323170560,HTTP Waiting (TTFB),ms,max,50907.86
66,1780553587323170560,1780553588323170560,HTTP Waiting (TTFB),ms,sum,50907.86
66,1780553587323170560,1780553588323170560,HTTP Waiting (TTFB),ms,p1,50907.86
66,1780553587323170560,1780553588323170560,HTTP Waiting (TTFB),ms,p5,50907.86
66,1780553587323170560,1780553588323170560,HTTP Waiting (TTFB),ms,p10,50907.86
66,1780553587323170560,1780553588323170560,HTTP Waiting (TTFB),ms,p25,50907.86
66,1780553587323170560,1780553588323170560,HTTP Waiting (TTFB),ms,p50,50907.86
66,1780553587323170560,1780553588323170560,HTTP Waiting (TTFB),ms,p75,50907.86
66,1780553587323170560,1780553588323170560,HTTP Waiting (TTFB),ms,p90,50907.86
66,1780553587323170560,1780553588323170560,HTTP Waiting (TTFB),ms,p95,50907.86
66,1780553587323170560,1780553588323170560,HTTP Waiting (TTFB),ms,p99,50907.86
66,1780553587323170560,1780553588323170560,HTTP Waiting (TTFB),ms,std,0.00
66,1780553587323170560,1780553588323170560,Input Sequence Length,tokens,avg,112452.00
66,1780553587323170560,1780553588323170560,Input Sequence Length,tokens,min,112452.00
66,1780553587323170560,1780553588323170560,Input Sequence Length,tokens,max,112452.00
66,1780553587323170560,1780553588323170560,Input Sequence Length,tokens,sum,112452.00
66,1780553587323170560,1780553588323170560,Input Sequence Length,tokens,p1,112452.00
66,1780553587323170560,1780553588323170560,Input Sequence Length,tokens,p5,112452.00
66,1780553587323170560,1780553588323170560,Input Sequence Length,tokens,p10,112452.00
66,1780553587323170560,1780553588323170560,Input Sequence Length,tokens,p25,112452.00
66,1780553587323170560,1780553588323170560,Input Sequence Length,tokens,p50,112452.00
66,1780553587323170560,1780553588323170560,Input Sequence Length,tokens,p75,112452.00
66,1780553587323170560,1780553588323170560,Input Sequence Length,tokens,p90,112452.00
66,1780553587323170560,1780553588323170560,Input Sequence Length,tokens,p95,112452.00
66,1780553587323170560,1780553588323170560,Input Sequence Length,tokens,p99,112452.00
66,1780553587323170560,1780553588323170560,Input Sequence Length,tokens,std,0.00
66,1780553587323170560,1780553588323170560,Input Token Throughput,tokens/sec,avg,112452.00
66,1780553587323170560,1780553588323170560,Inter Chunk Latency,ms,avg,66.39
66,1780553587323170560,1780553588323170560,Inter Chunk Latency,ms,min,66.38
66,1780553587323170560,1780553588323170560,Inter Chunk Latency,ms,max,66.39
66,1780553587323170560,1780553588323170560,Inter Chunk Latency,ms,sum,9759.26
66,1780553587323170560,1780553588323170560,Inter Chunk Latency,ms,p1,66.38
66,1780553587323170560,1780553588323170560,Inter Chunk Latency,ms,p5,66.38
66,1780553587323170560,1780553588323170560,Inter Chunk Latency,ms,p10,66.39
66,1780553587323170560,1780553588323170560,Inter Chunk Latency,ms,p25,66.39
66,1780553587323170560,1780553588323170560,Inter Chunk Latency,ms,p50,66.39
66,1780553587323170560,1780553588323170560,Inter Chunk Latency,ms,p75,66.39
66,1780553587323170560,1780553588323170560,Inter Chunk Latency,ms,p90,66.39
66,1780553587323170560,1780553588323170560,Inter Chunk Latency,ms,p95,66.39
66,1780553587323170560,1780553588323170560,Inter Chunk Latency,ms,p99,66.39
66,1780553587323170560,1780553588323170560,Inter Chunk Latency,ms,std,0.00
66,1780553587323170560,1780553588323170560,Inter Token Latency,ms,avg,67.48
66,1780553587323170560,1780553588323170560,Inter Token Latency,ms,min,67.48
66,1780553587323170560,1780553588323170560,Inter Token Latency,ms,max,67.48
66,1780553587323170560,1780553588323170560,Inter Token Latency,ms,sum,67.48
66,1780553587323170560,1780553588323170560,Inter Token Latency,ms,p1,67.48
66,1780553587323170560,1780553588323170560,Inter Token Latency,ms,p5,67.48
66,1780553587323170560,1780553588323170560,Inter Token Latency,ms,p10,67.48
66,1780553587323170560,1780553588323170560,Inter Token Latency,ms,p25,67.48
66,1780553587323170560,1780553588323170560,Inter Token Latency,ms,p50,67.48
66,1780553587323170560,1780553588323170560,Inter Token Latency,ms,p75,67.48
66,1780553587323170560,1780553588323170560,Inter Token Latency,ms,p90,67.48
66,1780553587323170560,1780553588323170560,Inter Token Latency,ms,p95,67.48
66,1780553587323170560,1780553588323170560,Inter Token Latency,ms,p99,67.48
66,1780553587323170560,1780553588323170560,Inter Token Latency,ms,std,0.00
66,1780553587323170560,1780553588323170560,Maximum Response Timestamp,ns,avg,1780553648225809920.00
66,1780553587323170560,1780553588323170560,Minimum Request Timestamp,ns,avg,1780553587396941568.00
66,1780553587323170560,1780553588323170560,OSL Mismatch Count,requests,avg,0.00
66,1780553587323170560,1780553588323170560,OSL Mismatch Diff %,%,avg,0.00
66,1780553587323170560,1780553588323170560,OSL Mismatch Diff %,%,min,0.00
66,1780553587323170560,1780553588323170560,OSL Mismatch Diff %,%,max,0.00
66,1780553587323170560,1780553588323170560,OSL Mismatch Diff %,%,sum,0.00
66,1780553587323170560,1780553588323170560,OSL Mismatch Diff %,%,p1,0.00
66,1780553587323170560,1780553588323170560,OSL Mismatch Diff %,%,p5,0.00
66,1780553587323170560,1780553588323170560,OSL Mismatch Diff %,%,p10,0.00
66,1780553587323170560,1780553588323170560,OSL Mismatch Diff %,%,p25,0.00
66,1780553587323170560,1780553588323170560,OSL Mismatch Diff %,%,p50,0.00
66,1780553587323170560,1780553588323170560,OSL Mismatch Diff %,%,p75,0.00
66,1780553587323170560,1780553588323170560,OSL Mismatch Diff %,%,p90,0.00
66,1780553587323170560,1780553588323170560,OSL Mismatch Diff %,%,p95,0.00
66,1780553587323170560,1780553588323170560,OSL Mismatch Diff %,%,p99,0.00
66,1780553587323170560,1780553588323170560,OSL Mismatch Diff %,%,std,0.00
66,1780553587323170560,1780553588323170560,Output Sequence Length,tokens,avg,148.00
66,1780553587323170560,1780553588323170560,Output Sequence Length,tokens,min,148.00
66,1780553587323170560,1780553588323170560,Output Sequence Length,tokens,max,148.00
66,1780553587323170560,1780553588323170560,Output Sequence Length,tokens,sum,148.00
66,1780553587323170560,1780553588323170560,Output Sequence Length,tokens,p1,148.00
66,1780553587323170560,1780553588323170560,Output Sequence Length,tokens,p5,148.00
66,1780553587323170560,1780553588323170560,Output Sequence Length,tokens,p10,148.00
66,1780553587323170560,1780553588323170560,Output Sequence Length,tokens,p25,148.00
66,1780553587323170560,1780553588323170560,Output Sequence Length,tokens,p50,148.00
66,1780553587323170560,1780553588323170560,Output Sequence Length,tokens,p75,148.00
66,1780553587323170560,1780553588323170560,Output Sequence Length,tokens,p90,148.00
66,1780553587323170560,1780553588323170560,Output Sequence Length,tokens,p95,148.00
66,1780553587323170560,1780553588323170560,Output Sequence Length,tokens,p99,148.00
66,1780553587323170560,1780553588323170560,Output Sequence Length,tokens,std,0.00
66,1780553587323170560,1780553588323170560,Output Token Count,tokens,avg,148.00
66,1780553587323170560,1780553588323170560,Output Token Count,tokens,min,148.00
66,1780553587323170560,1780553588323170560,Output Token Count,tokens,max,148.00
66,1780553587323170560,1780553588323170560,Output Token Count,tokens,sum,148.00
66,1780553587323170560,1780553588323170560,Output Token Count,tokens,p1,148.00
66,1780553587323170560,1780553588323170560,Output Token Count,tokens,p5,148.00
66,1780553587323170560,1780553588323170560,Output Token Count,tokens,p10,148.00
66,1780553587323170560,1780553588323170560,Output Token Count,tokens,p25,148.00
66,1780553587323170560,1780553588323170560,Output Token Count,tokens,p50,148.00
66,1780553587323170560,1780553588323170560,Output Token Count,tokens,p75,148.00
66,1780553587323170560,1780553588323170560,Output Token Count,tokens,p90,148.00
66,1780553587323170560,1780553588323170560,Output Token Count,tokens,p95,148.00
66,1780553587323170560,1780553588323170560,Output Token Count,tokens,p99,148.00
66,1780553587323170560,1780553588323170560,Output Token Count,tokens,std,0.00
66,1780553587323170560,1780553588323170560,Output Token Throughput,tokens/sec,avg,148.00
66,1780553587323170560,1780553588323170560,Output Token Throughput Per User,tokens/sec/user,avg,14.82
66,1780553587323170560,1780553588323170560,Output Token Throughput Per User,tokens/sec/user,min,14.82
66,1780553587323170560,1780553588323170560,Output Token Throughput Per User,tokens/sec/user,max,14.82
66,1780553587323170560,1780553588323170560,Output Token Throughput Per User,tokens/sec/user,sum,14.82
66,1780553587323170560,1780553588323170560,Output Token Throughput Per User,tokens/sec/user,p1,14.82
66,1780553587323170560,1780553588323170560,Output Token Throughput Per User,tokens/sec/user,p5,14.82
66,1780553587323170560,1780553588323170560,Output Token Throughput Per User,tokens/sec/user,p10,14.82
66,1780553587323170560,1780553588323170560,Output Token Throughput Per User,tokens/sec/user,p25,14.82
66,1780553587323170560,1780553588323170560,Output Token Throughput Per User,tokens/sec/user,p50,14.82
66,1780553587323170560,1780553588323170560,Output Token Throughput Per User,tokens/sec/user,p75,14.82
66,1780553587323170560,1780553588323170560,Output Token Throughput Per User,tokens/sec/user,p90,14.82
66,1780553587323170560,1780553588323170560,Output Token Throughput Per User,tokens/sec/user,p95,14.82
66,1780553587323170560,1780553588323170560,Output Token Throughput Per User,tokens/sec/user,p99,14.82
66,1780553587323170560,1780553588323170560,Output Token Throughput Per User,tokens/sec/user,std,0.00
66,1780553587323170560,1780553588323170560,Prefill Throughput Per User,tokens/sec/user,avg,2208.87
66,1780553587323170560,1780553588323170560,Prefill Throughput Per User,tokens/sec/user,min,2208.87
66,1780553587323170560,1780553588323170560,Prefill Throughput Per User,tokens/sec/user,max,2208.87
66,1780553587323170560,1780553588323170560,Prefill Throughput Per User,tokens/sec/user,sum,2208.87
66,1780553587323170560,1780553588323170560,Prefill Throughput Per User,tokens/sec/user,p1,2208.87
66,1780553587323170560,1780553588323170560,Prefill Throughput Per User,tokens/sec/user,p5,2208.87
66,1780553587323170560,1780553588323170560,Prefill Throughput Per User,tokens/sec/user,p10,2208.87
66,1780553587323170560,1780553588323170560,Prefill Throughput Per User,tokens/sec/user,p25,2208.87
66,1780553587323170560,1780553588323170560,Prefill Throughput Per User,tokens/sec/user,p50,2208.87
66,1780553587323170560,1780553588323170560,Prefill Throughput Per User,tokens/sec/user,p75,2208.87
66,1780553587323170560,1780553588323170560,Prefill Throughput Per User,tokens/sec/user,p90,2208.87
66,1780553587323170560,1780553588323170560,Prefill Throughput Per User,tokens/sec/user,p95,2208.87
66,1780553587323170560,1780553588323170560,Prefill Throughput Per User,tokens/sec/user,p99,2208.87
66,1780553587323170560,1780553588323170560,Prefill Throughput Per User,tokens/sec/user,std,0.00
66,1780553587323170560,1780553588323170560,Request Count,requests,avg,1.00
66,1780553587323170560,1780553588323170560,Request Latency,ms,avg,60828.87
66,1780553587323170560,1780553588323170560,Request Latency,ms,min,60828.87
66,1780553587323170560,1780553588323170560,Request Latency,ms,max,60828.87
66,1780553587323170560,1780553588323170560,Request Latency,ms,sum,60828.87
66,1780553587323170560,1780553588323170560,Request Latency,ms,p1,60828.87
66,1780553587323170560,1780553588323170560,Request Latency,ms,p5,60828.87
66,1780553587323170560,1780553588323170560,Request Latency,ms,p10,60828.87
66,1780553587323170560,1780553588323170560,Request Latency,ms,p25,60828.87
66,1780553587323170560,1780553588323170560,Request Latency,ms,p50,60828.87
66,1780553587323170560,1780553588323170560,Request Latency,ms,p75,60828.87
66,1780553587323170560,1780553588323170560,Request Latency,ms,p90,60828.87
66,1780553587323170560,1780553588323170560,Request Latency,ms,p95,60828.87
66,1780553587323170560,1780553588323170560,Request Latency,ms,p99,60828.87
66,1780553587323170560,1780553588323170560,Request Latency,ms,std,0.00
66,1780553587323170560,1780553588323170560,Request Throughput,requests/sec,avg,1.00
66,1780553587323170560,1780553588323170560,Requested OSL,tokens,avg,148.00
66,1780553587323170560,1780553588323170560,Requested OSL,tokens,min,148.00
66,1780553587323170560,1780553588323170560,Requested OSL,tokens,max,148.00
66,1780553587323170560,1780553588323170560,Requested OSL,tokens,sum,148.00
66,1780553587323170560,1780553588323170560,Requested OSL,tokens,p1,148.00
66,1780553587323170560,1780553588323170560,Requested OSL,tokens,p5,148.00
66,1780553587323170560,1780553588323170560,Requested OSL,tokens,p10,148.00
66,1780553587323170560,1780553588323170560,Requested OSL,tokens,p25,148.00
66,1780553587323170560,1780553588323170560,Requested OSL,tokens,p50,148.00
66,1780553587323170560,1780553588323170560,Requested OSL,tokens,p75,148.00
66,1780553587323170560,1780553588323170560,Requested OSL,tokens,p90,148.00
66,1780553587323170560,1780553588323170560,Requested OSL,tokens,p95,148.00
66,1780553587323170560,1780553588323170560,Requested OSL,tokens,p99,148.00
66,1780553587323170560,1780553588323170560,Requested OSL,tokens,std,0.00
66,1780553587323170560,1780553588323170560,Time to First Output Token,ms,avg,50909.37
66,1780553587323170560,1780553588323170560,Time to First Output Token,ms,min,50909.37
66,1780553587323170560,1780553588323170560,Time to First Output Token,ms,max,50909.37
66,1780553587323170560,1780553588323170560,Time to First Output Token,ms,sum,50909.37
66,1780553587323170560,1780553588323170560,Time to First Output Token,ms,p1,50909.37
66,1780553587323170560,1780553588323170560,Time to First Output Token,ms,p5,50909.37
66,1780553587323170560,1780553588323170560,Time to First Output Token,ms,p10,50909.37
66,1780553587323170560,1780553588323170560,Time to First Output Token,ms,p25,50909.37
66,1780553587323170560,1780553588323170560,Time to First Output Token,ms,p50,50909.37
66,1780553587323170560,1780553588323170560,Time to First Output Token,ms,p75,50909.37
66,1780553587323170560,1780553588323170560,Time to First Output Token,ms,p90,50909.37
66,1780553587323170560,1780553588323170560,Time to First Output Token,ms,p95,50909.37
66,1780553587323170560,1780553588323170560,Time to First Output Token,ms,p99,50909.37
66,1780553587323170560,1780553588323170560,Time to First Output Token,ms,std,0.00
66,1780553587323170560,1780553588323170560,Time to First Token,ms,avg,50909.37
66,1780553587323170560,1780553588323170560,Time to First Token,ms,min,50909.37
66,1780553587323170560,1780553588323170560,Time to First Token,ms,max,50909.37
66,1780553587323170560,1780553588323170560,Time to First Token,ms,sum,50909.37
66,1780553587323170560,1780553588323170560,Time to First Token,ms,p1,50909.37
66,1780553587323170560,1780553588323170560,Time to First Token,ms,p5,50909.37
66,1780553587323170560,1780553588323170560,Time to First Token,ms,p10,50909.37
66,1780553587323170560,1780553588323170560,Time to First Token,ms,p25,50909.37
66,1780553587323170560,1780553588323170560,Time to First Token,ms,p50,50909.37
66,1780553587323170560,1780553588323170560,Time to First Token,ms,p75,50909.37
66,1780553587323170560,1780553588323170560,Time to First Token,ms,p90,50909.37
66,1780553587323170560,1780553588323170560,Time to First Token,ms,p95,50909.37
66,1780553587323170560,1780553588323170560,Time to First Token,ms,p99,50909.37
66,1780553587323170560,1780553588323170560,Time to First Token,ms,std,0.00
66,1780553587323170560,1780553588323170560,Time to Second Token,ms,avg,0.52
66,1780553587323170560,1780553588323170560,Time to Second Token,ms,min,0.52
66,1780553587323170560,1780553588323170560,Time to Second Token,ms,max,0.52
66,1780553587323170560,1780553588323170560,Time to Second Token,ms,sum,0.52
66,1780553587323170560,1780553588323170560,Time to Second Token,ms,p1,0.52
66,1780553587323170560,1780553588323170560,Time to Second Token,ms,p5,0.52
66,1780553587323170560,1780553588323170560,Time to Second Token,ms,p10,0.52
66,1780553587323170560,1780553588323170560,Time to Second Token,ms,p25,0.52
66,1780553587323170560,1780553588323170560,Time to Second Token,ms,p50,0.52
66,1780553587323170560,1780553588323170560,Time to Second Token,ms,p75,0.52
66,1780553587323170560,1780553588323170560,Time to Second Token,ms,p90,0.52
66,1780553587323170560,1780553588323170560,Time to Second Token,ms,p95,0.52
66,1780553587323170560,1780553588323170560,Time to Second Token,ms,p99,0.52
66,1780553587323170560,1780553588323170560,Time to Second Token,ms,std,0.00
66,1780553587323170560,1780553588323170560,Tokens In Flight,tokens,avg,1620713.34
66,1780553587323170560,1780553588323170560,Tokens In Flight,tokens,min,1516542.35
66,1780553587323170560,1780553588323170560,Tokens In Flight,tokens,max,1629023.78
66,1780553587323170560,1780553588323170560,Tokens In Flight,tokens,p50,1629008.57
66,1780553587323170560,1780553588323170560,Tokens In Flight,tokens,p90,1629020.75
66,1780553587323170560,1780553588323170560,Tokens In Flight,tokens,p95,1629022.78
66,1780553587323170560,1780553588323170560,Tokens In Flight,tokens,p99,1629023.78
66,1780553587323170560,1780553588323170560,Tokens In Flight,tokens,std,29398.66
66,1780553587323170560,1780553588323170560,Total Input Sequence Length,tokens,avg,112452.00
66,1780553587323170560,1780553588323170560,Total Output Sequence Length,tokens,avg,148.00
66,1780553587323170560,1780553588323170560,Total Output Tokens,tokens,avg,148.00
66,1780553587323170560,1780553588323170560,Total Token Throughput,tokens/sec,avg,112600.00
66,1780553587323170560,1780553588323170560,Total Usage Completion Tokens,tokens,avg,148.00
66,1780553587323170560,1780553588323170560,Total Usage Prompt Tokens,tokens,avg,112452.00
66,1780553587323170560,1780553588323170560,Total Usage Total Tokens,tokens,avg,112600.00
66,1780553587323170560,1780553588323170560,Usage Completion Tokens,tokens,avg,148.00
66,1780553587323170560,1780553588323170560,Usage Completion Tokens,tokens,min,148.00
66,1780553587323170560,1780553588323170560,Usage Completion Tokens,tokens,max,148.00
66,1780553587323170560,1780553588323170560,Usage Completion Tokens,tokens,sum,148.00
66,1780553587323170560,1780553588323170560,Usage Completion Tokens,tokens,p1,148.00
66,1780553587323170560,1780553588323170560,Usage Completion Tokens,tokens,p5,148.00
66,1780553587323170560,1780553588323170560,Usage Completion Tokens,tokens,p10,148.00
66,1780553587323170560,1780553588323170560,Usage Completion Tokens,tokens,p25,148.00
66,1780553587323170560,1780553588323170560,Usage Completion Tokens,tokens,p50,148.00
66,1780553587323170560,1780553588323170560,Usage Completion Tokens,tokens,p75,148.00
66,1780553587323170560,1780553588323170560,Usage Completion Tokens,tokens,p90,148.00
66,1780553587323170560,1780553588323170560,Usage Completion Tokens,tokens,p95,148.00
66,1780553587323170560,1780553588323170560,Usage Completion Tokens,tokens,p99,148.00
66,1780553587323170560,1780553588323170560,Usage Completion Tokens,tokens,std,0.00
66,1780553587323170560,1780553588323170560,Usage Prompt Tokens,tokens,avg,112452.00
66,1780553587323170560,1780553588323170560,Usage Prompt Tokens,tokens,min,112452.00
66,1780553587323170560,1780553588323170560,Usage Prompt Tokens,tokens,max,112452.00
66,1780553587323170560,1780553588323170560,Usage Prompt Tokens,tokens,sum,112452.00
66,1780553587323170560,1780553588323170560,Usage Prompt Tokens,tokens,p1,112452.00
66,1780553587323170560,1780553588323170560,Usage Prompt Tokens,tokens,p5,112452.00
66,1780553587323170560,1780553588323170560,Usage Prompt Tokens,tokens,p10,112452.00
66,1780553587323170560,1780553588323170560,Usage Prompt Tokens,tokens,p25,112452.00
66,1780553587323170560,1780553588323170560,Usage Prompt Tokens,tokens,p50,112452.00
66,1780553587323170560,1780553588323170560,Usage Prompt Tokens,tokens,p75,112452.00
66,1780553587323170560,1780553588323170560,Usage Prompt Tokens,tokens,p90,112452.00
66,1780553587323170560,1780553588323170560,Usage Prompt Tokens,tokens,p95,112452.00
66,1780553587323170560,1780553588323170560,Usage Prompt Tokens,tokens,p99,112452.00
66,1780553587323170560,1780553588323170560,Usage Prompt Tokens,tokens,std,0.00
66,1780553587323170560,1780553588323170560,Usage Total Tokens,tokens,avg,112600.00
66,1780553587323170560,1780553588323170560,Usage Total Tokens,tokens,min,112600.00
66,1780553587323170560,1780553588323170560,Usage Total Tokens,tokens,max,112600.00
66,1780553587323170560,1780553588323170560,Usage Total Tokens,tokens,sum,112600.00
66,1780553587323170560,1780553588323170560,Usage Total Tokens,tokens,p1,112600.00
66,1780553587323170560,1780553588323170560,Usage Total Tokens,tokens,p5,112600.00
66,1780553587323170560,1780553588323170560,Usage Total Tokens,tokens,p10,112600.00
66,1780553587323170560,1780553588323170560,Usage Total Tokens,tokens,p25,112600.00
66,1780553587323170560,1780553588323170560,Usage Total Tokens,tokens,p50,112600.00
66,1780553587323170560,1780553588323170560,Usage Total Tokens,tokens,p75,112600.00
66,1780553587323170560,1780553588323170560,Usage Total Tokens,tokens,p90,112600.00
66,1780553587323170560,1780553588323170560,Usage Total Tokens,tokens,p95,112600.00
66,1780553587323170560,1780553588323170560,Usage Total Tokens,tokens,p99,112600.00
66,1780553587323170560,1780553588323170560,Usage Total Tokens,tokens,std,0.00
67,1780553607323170560,1780553608323170560,Active Decode Throughput,tokens/sec,avg,45.26
67,1780553607323170560,1780553608323170560,Active Decode Throughput,tokens/sec,min,30.06
67,1780553607323170560,1780553608323170560,Active Decode Throughput,tokens/sec,max,60.45
67,1780553607323170560,1780553608323170560,Active Decode Throughput,tokens/sec,p50,45.26
67,1780553607323170560,1780553608323170560,Active Decode Throughput,tokens/sec,p90,45.26
67,1780553607323170560,1780553608323170560,Active Decode Throughput,tokens/sec,p95,45.26
67,1780553607323170560,1780553608323170560,Active Decode Throughput,tokens/sec,p99,45.26
67,1780553607323170560,1780553608323170560,Active Decode Throughput,tokens/sec,std,0.03
67,1780553607323170560,1780553608323170560,Active Decode Throughput Per User,tokens/sec/user,avg,5.03
67,1780553607323170560,1780553608323170560,Active Decode Throughput Per User,tokens/sec/user,min,3.34
67,1780553607323170560,1780553608323170560,Active Decode Throughput Per User,tokens/sec/user,max,6.72
67,1780553607323170560,1780553608323170560,Active Decode Throughput Per User,tokens/sec/user,p50,5.03
67,1780553607323170560,1780553608323170560,Active Decode Throughput Per User,tokens/sec/user,p90,5.03
67,1780553607323170560,1780553608323170560,Active Decode Throughput Per User,tokens/sec/user,p95,5.03
67,1780553607323170560,1780553608323170560,Active Decode Throughput Per User,tokens/sec/user,p99,5.03
67,1780553607323170560,1780553608323170560,Active Decode Throughput Per User,tokens/sec/user,std,0.00
67,1780553607323170560,1780553608323170560,Active Prefill Throughput,tokens/sec,avg,9443.74
67,1780553607323170560,1780553608323170560,Active Prefill Throughput,tokens/sec,min,8955.69
67,1780553607323170560,1780553608323170560,Active Prefill Throughput,tokens/sec,max,11272.24
67,1780553607323170560,1780553608323170560,Active Prefill Throughput,tokens/sec,p50,8955.69
67,1780553607323170560,1780553608323170560,Active Prefill Throughput,tokens/sec,p90,11272.24
67,1780553607323170560,1780553608323170560,Active Prefill Throughput,tokens/sec,p95,11272.24
67,1780553607323170560,1780553608323170560,Active Prefill Throughput,tokens/sec,p99,11272.24
67,1780553607323170560,1780553608323170560,Active Prefill Throughput,tokens/sec,std,944.66
67,1780553607323170560,1780553608323170560,Active Prefill Throughput Per User,tokens/sec/user,avg,1809.59
67,1780553607323170560,1780553608323170560,Active Prefill Throughput Per User,tokens/sec/user,min,1791.14
67,1780553607323170560,1780553608323170560,Active Prefill Throughput Per User,tokens/sec/user,max,1878.71
67,1780553607323170560,1780553608323170560,Active Prefill Throughput Per User,tokens/sec/user,p50,1791.14
67,1780553607323170560,1780553608323170560,Active Prefill Throughput Per User,tokens/sec/user,p90,1878.71
67,1780553607323170560,1780553608323170560,Active Prefill Throughput Per User,tokens/sec/user,p95,1878.71
67,1780553607323170560,1780553608323170560,Active Prefill Throughput Per User,tokens/sec/user,p99,1878.71
67,1780553607323170560,1780553608323170560,Active Prefill Throughput Per User,tokens/sec/user,std,35.71
67,1780553607323170560,1780553608323170560,Active Total Throughput,tokens/sec,avg,9491.14
67,1780553607323170560,1780553608323170560,Active Total Throughput,tokens/sec,min,9003.10
67,1780553607323170560,1780553608323170560,Active Total Throughput,tokens/sec,max,11319.65
67,1780553607323170560,1780553608323170560,Active Total Throughput,tokens/sec,p50,9003.10
67,1780553607323170560,1780553608323170560,Active Total Throughput,tokens/sec,p90,11319.65
67,1780553607323170560,1780553608323170560,Active Total Throughput,tokens/sec,p95,11319.65
67,1780553607323170560,1780553608323170560,Active Total Throughput,tokens/sec,p99,11319.65
67,1780553607323170560,1780553608323170560,Active Total Throughput,tokens/sec,std,944.66
67,1780553607323170560,1780553608323170560,Benchmark Duration,sec,avg,278.44
67,1780553607323170560,1780553608323170560,E2E Output Token Throughput,tokens/sec/user,avg,4.45
67,1780553607323170560,1780553608323170560,E2E Output Token Throughput,tokens/sec/user,min,4.45
67,1780553607323170560,1780553608323170560,E2E Output Token Throughput,tokens/sec/user,max,4.45
67,1780553607323170560,1780553608323170560,E2E Output Token Throughput,tokens/sec/user,sum,4.45
67,1780553607323170560,1780553608323170560,E2E Output Token Throughput,tokens/sec/user,p1,4.45
67,1780553607323170560,1780553608323170560,E2E Output Token Throughput,tokens/sec/user,p5,4.45
67,1780553607323170560,1780553608323170560,E2E Output Token Throughput,tokens/sec/user,p10,4.45
67,1780553607323170560,1780553608323170560,E2E Output Token Throughput,tokens/sec/user,p25,4.45
67,1780553607323170560,1780553608323170560,E2E Output Token Throughput,tokens/sec/user,p50,4.45
67,1780553607323170560,1780553608323170560,E2E Output Token Throughput,tokens/sec/user,p75,4.45
67,1780553607323170560,1780553608323170560,E2E Output Token Throughput,tokens/sec/user,p90,4.45
67,1780553607323170560,1780553608323170560,E2E Output Token Throughput,tokens/sec/user,p95,4.45
67,1780553607323170560,1780553608323170560,E2E Output Token Throughput,tokens/sec/user,p99,4.45
67,1780553607323170560,1780553608323170560,E2E Output Token Throughput,tokens/sec/user,std,0.00
67,1780553607323170560,1780553608323170560,Effective Concurrency,requests,avg,14.21
67,1780553607323170560,1780553608323170560,Effective Concurrency,requests,min,14.00
67,1780553607323170560,1780553608323170560,Effective Concurrency,requests,max,15.00
67,1780553607323170560,1780553608323170560,Effective Concurrency,requests,p50,14.00
67,1780553607323170560,1780553608323170560,Effective Concurrency,requests,p90,15.00
67,1780553607323170560,1780553608323170560,Effective Concurrency,requests,p95,15.00
67,1780553607323170560,1780553608323170560,Effective Concurrency,requests,p99,15.00
67,1780553607323170560,1780553608323170560,Effective Concurrency,requests,std,0.41
67,1780553607323170560,1780553608323170560,Effective Decode Concurrency,requests,avg,9.00
67,1780553607323170560,1780553608323170560,Effective Decode Concurrency,requests,min,9.00
67,1780553607323170560,1780553608323170560,Effective Decode Concurrency,requests,max,9.00
67,1780553607323170560,1780553608323170560,Effective Decode Concurrency,requests,p50,9.00
67,1780553607323170560,1780553608323170560,Effective Decode Concurrency,requests,p90,9.00
67,1780553607323170560,1780553608323170560,Effective Decode Concurrency,requests,p95,9.00
67,1780553607323170560,1780553608323170560,Effective Decode Concurrency,requests,p99,9.00
67,1780553607323170560,1780553608323170560,Effective Decode Concurrency,requests,std,0.00
67,1780553607323170560,1780553608323170560,Effective Decode Throughput,tokens/sec,avg,45.26
67,1780553607323170560,1780553608323170560,Effective Decode Throughput,tokens/sec,min,30.06
67,1780553607323170560,1780553608323170560,Effective Decode Throughput,tokens/sec,max,60.45
67,1780553607323170560,1780553608323170560,Effective Decode Throughput,tokens/sec,p50,45.26
67,1780553607323170560,1780553608323170560,Effective Decode Throughput,tokens/sec,p90,45.26
67,1780553607323170560,1780553608323170560,Effective Decode Throughput,tokens/sec,p95,45.26
67,1780553607323170560,1780553608323170560,Effective Decode Throughput,tokens/sec,p99,45.26
67,1780553607323170560,1780553608323170560,Effective Decode Throughput,tokens/sec,std,0.03
67,1780553607323170560,1780553608323170560,Effective Decode Throughput Per User,tokens/sec/user,avg,5.03
67,1780553607323170560,1780553608323170560,Effective Decode Throughput Per User,tokens/sec/user,min,3.34
67,1780553607323170560,1780553608323170560,Effective Decode Throughput Per User,tokens/sec/user,max,6.72
67,1780553607323170560,1780553608323170560,Effective Decode Throughput Per User,tokens/sec/user,p50,5.03
67,1780553607323170560,1780553608323170560,Effective Decode Throughput Per User,tokens/sec/user,p90,5.03
67,1780553607323170560,1780553608323170560,Effective Decode Throughput Per User,tokens/sec/user,p95,5.03
67,1780553607323170560,1780553608323170560,Effective Decode Throughput Per User,tokens/sec/user,p99,5.03
67,1780553607323170560,1780553608323170560,Effective Decode Throughput Per User,tokens/sec/user,std,0.00
67,1780553607323170560,1780553608323170560,Effective Prefill Concurrency,requests,avg,5.21
67,1780553607323170560,1780553608323170560,Effective Prefill Concurrency,requests,min,5.00
67,1780553607323170560,1780553608323170560,Effective Prefill Concurrency,requests,max,6.00
67,1780553607323170560,1780553608323170560,Effective Prefill Concurrency,requests,p50,5.00
67,1780553607323170560,1780553608323170560,Effective Prefill Concurrency,requests,p90,6.00
67,1780553607323170560,1780553608323170560,Effective Prefill Concurrency,requests,p95,6.00
67,1780553607323170560,1780553608323170560,Effective Prefill Concurrency,requests,p99,6.00
67,1780553607323170560,1780553608323170560,Effective Prefill Concurrency,requests,std,0.41
67,1780553607323170560,1780553608323170560,Effective Prefill Throughput,tokens/sec,avg,9443.74
67,1780553607323170560,1780553608323170560,Effective Prefill Throughput,tokens/sec,min,8955.69
67,1780553607323170560,1780553608323170560,Effective Prefill Throughput,tokens/sec,max,11272.24
67,1780553607323170560,1780553608323170560,Effective Prefill Throughput,tokens/sec,p50,8955.69
67,1780553607323170560,1780553608323170560,Effective Prefill Throughput,tokens/sec,p90,11272.24
67,1780553607323170560,1780553608323170560,Effective Prefill Throughput,tokens/sec,p95,11272.24
67,1780553607323170560,1780553608323170560,Effective Prefill Throughput,tokens/sec,p99,11272.24
67,1780553607323170560,1780553608323170560,Effective Prefill Throughput,tokens/sec,std,944.66
67,1780553607323170560,1780553608323170560,Effective Prefill Throughput Per User,tokens/sec/user,avg,1809.59
67,1780553607323170560,1780553608323170560,Effective Prefill Throughput Per User,tokens/sec/user,min,1791.14
67,1780553607323170560,1780553608323170560,Effective Prefill Throughput Per User,tokens/sec/user,max,1878.71
67,1780553607323170560,1780553608323170560,Effective Prefill Throughput Per User,tokens/sec/user,p50,1791.14
67,1780553607323170560,1780553608323170560,Effective Prefill Throughput Per User,tokens/sec/user,p90,1878.71
67,1780553607323170560,1780553608323170560,Effective Prefill Throughput Per User,tokens/sec/user,p95,1878.71
67,1780553607323170560,1780553608323170560,Effective Prefill Throughput Per User,tokens/sec/user,p99,1878.71
67,1780553607323170560,1780553608323170560,Effective Prefill Throughput Per User,tokens/sec/user,std,35.71
67,1780553607323170560,1780553608323170560,Effective Total Throughput,tokens/sec,avg,9491.14
67,1780553607323170560,1780553608323170560,Effective Total Throughput,tokens/sec,min,9003.10
67,1780553607323170560,1780553608323170560,Effective Total Throughput,tokens/sec,max,11319.65
67,1780553607323170560,1780553608323170560,Effective Total Throughput,tokens/sec,p50,9003.10
67,1780553607323170560,1780553608323170560,Effective Total Throughput,tokens/sec,p90,11319.65
67,1780553607323170560,1780553608323170560,Effective Total Throughput,tokens/sec,p95,11319.65
67,1780553607323170560,1780553608323170560,Effective Total Throughput,tokens/sec,p99,11319.65
67,1780553607323170560,1780553608323170560,Effective Total Throughput,tokens/sec,std,944.66
67,1780553607323170560,1780553608323170560,HTTP Blocked,ms,avg,0.00
67,1780553607323170560,1780553608323170560,HTTP Blocked,ms,min,0.00
67,1780553607323170560,1780553608323170560,HTTP Blocked,ms,max,0.00
67,1780553607323170560,1780553608323170560,HTTP Blocked,ms,sum,0.00
67,1780553607323170560,1780553608323170560,HTTP Blocked,ms,p1,0.00
67,1780553607323170560,1780553608323170560,HTTP Blocked,ms,p5,0.00
67,1780553607323170560,1780553608323170560,HTTP Blocked,ms,p10,0.00
67,1780553607323170560,1780553608323170560,HTTP Blocked,ms,p25,0.00
67,1780553607323170560,1780553608323170560,HTTP Blocked,ms,p50,0.00
67,1780553607323170560,1780553608323170560,HTTP Blocked,ms,p75,0.00
67,1780553607323170560,1780553608323170560,HTTP Blocked,ms,p90,0.00
67,1780553607323170560,1780553608323170560,HTTP Blocked,ms,p95,0.00
67,1780553607323170560,1780553608323170560,HTTP Blocked,ms,p99,0.00
67,1780553607323170560,1780553608323170560,HTTP Blocked,ms,std,0.00
67,1780553607323170560,1780553608323170560,HTTP Chunks Received,count,avg,1239.00
67,1780553607323170560,1780553608323170560,HTTP Chunks Received,count,min,1239.00
67,1780553607323170560,1780553608323170560,HTTP Chunks Received,count,max,1239.00
67,1780553607323170560,1780553608323170560,HTTP Chunks Received,count,sum,1239.00
67,1780553607323170560,1780553608323170560,HTTP Chunks Received,count,p1,1239.00
67,1780553607323170560,1780553608323170560,HTTP Chunks Received,count,p5,1239.00
67,1780553607323170560,1780553608323170560,HTTP Chunks Received,count,p10,1239.00
67,1780553607323170560,1780553608323170560,HTTP Chunks Received,count,p25,1239.00
67,1780553607323170560,1780553608323170560,HTTP Chunks Received,count,p50,1239.00
67,1780553607323170560,1780553608323170560,HTTP Chunks Received,count,p75,1239.00
67,1780553607323170560,1780553608323170560,HTTP Chunks Received,count,p90,1239.00
67,1780553607323170560,1780553608323170560,HTTP Chunks Received,count,p95,1239.00
67,1780553607323170560,1780553608323170560,HTTP Chunks Received,count,p99,1239.00
67,1780553607323170560,1780553608323170560,HTTP Chunks Received,count,std,0.00
67,1780553607323170560,1780553608323170560,HTTP Chunks Sent,count,avg,1.00
67,1780553607323170560,1780553608323170560,HTTP Chunks Sent,count,min,1.00
67,1780553607323170560,1780553608323170560,HTTP Chunks Sent,count,max,1.00
67,1780553607323170560,1780553608323170560,HTTP Chunks Sent,count,sum,1.00
67,1780553607323170560,1780553608323170560,HTTP Chunks Sent,count,p1,1.00
67,1780553607323170560,1780553608323170560,HTTP Chunks Sent,count,p5,1.00
67,1780553607323170560,1780553608323170560,HTTP Chunks Sent,count,p10,1.00
67,1780553607323170560,1780553608323170560,HTTP Chunks Sent,count,p25,1.00
67,1780553607323170560,1780553608323170560,HTTP Chunks Sent,count,p50,1.00
67,1780553607323170560,1780553608323170560,HTTP Chunks Sent,count,p75,1.00
67,1780553607323170560,1780553608323170560,HTTP Chunks Sent,count,p90,1.00
67,1780553607323170560,1780553608323170560,HTTP Chunks Sent,count,p95,1.00
67,1780553607323170560,1780553608323170560,HTTP Chunks Sent,count,p99,1.00
67,1780553607323170560,1780553608323170560,HTTP Chunks Sent,count,std,0.00
67,1780553607323170560,1780553608323170560,HTTP Connecting,ms,avg,0.65
67,1780553607323170560,1780553608323170560,HTTP Connecting,ms,min,0.65
67,1780553607323170560,1780553608323170560,HTTP Connecting,ms,max,0.65
67,1780553607323170560,1780553608323170560,HTTP Connecting,ms,sum,0.65
67,1780553607323170560,1780553608323170560,HTTP Connecting,ms,p1,0.65
67,1780553607323170560,1780553608323170560,HTTP Connecting,ms,p5,0.65
67,1780553607323170560,1780553608323170560,HTTP Connecting,ms,p10,0.65
67,1780553607323170560,1780553608323170560,HTTP Connecting,ms,p25,0.65
67,1780553607323170560,1780553608323170560,HTTP Connecting,ms,p50,0.65
67,1780553607323170560,1780553608323170560,HTTP Connecting,ms,p75,0.65
67,1780553607323170560,1780553608323170560,HTTP Connecting,ms,p90,0.65
67,1780553607323170560,1780553608323170560,HTTP Connecting,ms,p95,0.65
67,1780553607323170560,1780553608323170560,HTTP Connecting,ms,p99,0.65
67,1780553607323170560,1780553608323170560,HTTP Connecting,ms,std,0.00
67,1780553607323170560,1780553608323170560,HTTP Connection Overhead,ms,avg,0.65
67,1780553607323170560,1780553608323170560,HTTP Connection Overhead,ms,min,0.65
67,1780553607323170560,1780553608323170560,HTTP Connection Overhead,ms,max,0.65
67,1780553607323170560,1780553608323170560,HTTP Connection Overhead,ms,sum,0.65
67,1780553607323170560,1780553608323170560,HTTP Connection Overhead,ms,p1,0.65
67,1780553607323170560,1780553608323170560,HTTP Connection Overhead,ms,p5,0.65
67,1780553607323170560,1780553608323170560,HTTP Connection Overhead,ms,p10,0.65
67,1780553607323170560,1780553608323170560,HTTP Connection Overhead,ms,p25,0.65
67,1780553607323170560,1780553608323170560,HTTP Connection Overhead,ms,p50,0.65
67,1780553607323170560,1780553608323170560,HTTP Connection Overhead,ms,p75,0.65
67,1780553607323170560,1780553608323170560,HTTP Connection Overhead,ms,p90,0.65
67,1780553607323170560,1780553608323170560,HTTP Connection Overhead,ms,p95,0.65
67,1780553607323170560,1780553608323170560,HTTP Connection Overhead,ms,p99,0.65
67,1780553607323170560,1780553608323170560,HTTP Connection Overhead,ms,std,0.00
67,1780553607323170560,1780553608323170560,HTTP Connection Reused,ratio,avg,0.00
67,1780553607323170560,1780553608323170560,HTTP Connection Reused,ratio,min,0.00
67,1780553607323170560,1780553608323170560,HTTP Connection Reused,ratio,max,0.00
67,1780553607323170560,1780553608323170560,HTTP Connection Reused,ratio,sum,0.00
67,1780553607323170560,1780553608323170560,HTTP Connection Reused,ratio,p1,0.00
67,1780553607323170560,1780553608323170560,HTTP Connection Reused,ratio,p5,0.00
67,1780553607323170560,1780553608323170560,HTTP Connection Reused,ratio,p10,0.00
67,1780553607323170560,1780553608323170560,HTTP Connection Reused,ratio,p25,0.00
67,1780553607323170560,1780553608323170560,HTTP Connection Reused,ratio,p50,0.00
67,1780553607323170560,1780553608323170560,HTTP Connection Reused,ratio,p75,0.00
67,1780553607323170560,1780553608323170560,HTTP Connection Reused,ratio,p90,0.00
67,1780553607323170560,1780553608323170560,HTTP Connection Reused,ratio,p95,0.00
67,1780553607323170560,1780553608323170560,HTTP Connection Reused,ratio,p99,0.00
67,1780553607323170560,1780553608323170560,HTTP Connection Reused,ratio,std,0.00
67,1780553607323170560,1780553608323170560,HTTP Data Received,KB,avg,308.29
67,1780553607323170560,1780553608323170560,HTTP Data Received,KB,min,308.29
67,1780553607323170560,1780553608323170560,HTTP Data Received,KB,max,308.29
67,1780553607323170560,1780553608323170560,HTTP Data Received,KB,sum,308.29
67,1780553607323170560,1780553608323170560,HTTP Data Received,KB,p1,308.29
67,1780553607323170560,1780553608323170560,HTTP Data Received,KB,p5,308.29
67,1780553607323170560,1780553608323170560,HTTP Data Received,KB,p10,308.29
67,1780553607323170560,1780553608323170560,HTTP Data Received,KB,p25,308.29
67,1780553607323170560,1780553608323170560,HTTP Data Received,KB,p50,308.29
67,1780553607323170560,1780553608323170560,HTTP Data Received,KB,p75,308.29
67,1780553607323170560,1780553608323170560,HTTP Data Received,KB,p90,308.29
67,1780553607323170560,1780553608323170560,HTTP Data Received,KB,p95,308.29
67,1780553607323170560,1780553608323170560,HTTP Data Received,KB,p99,308.29
67,1780553607323170560,1780553608323170560,HTTP Data Received,KB,std,0.00
67,1780553607323170560,1780553608323170560,HTTP Data Sent,KB,avg,485.50
67,1780553607323170560,1780553608323170560,HTTP Data Sent,KB,min,485.50
67,1780553607323170560,1780553608323170560,HTTP Data Sent,KB,max,485.50
67,1780553607323170560,1780553608323170560,HTTP Data Sent,KB,sum,485.50
67,1780553607323170560,1780553608323170560,HTTP Data Sent,KB,p1,485.50
67,1780553607323170560,1780553608323170560,HTTP Data Sent,KB,p5,485.50
67,1780553607323170560,1780553608323170560,HTTP Data Sent,KB,p10,485.50
67,1780553607323170560,1780553608323170560,HTTP Data Sent,KB,p25,485.50
67,1780553607323170560,1780553608323170560,HTTP Data Sent,KB,p50,485.50
67,1780553607323170560,1780553608323170560,HTTP Data Sent,KB,p75,485.50
67,1780553607323170560,1780553608323170560,HTTP Data Sent,KB,p90,485.50
67,1780553607323170560,1780553608323170560,HTTP Data Sent,KB,p95,485.50
67,1780553607323170560,1780553608323170560,HTTP Data Sent,KB,p99,485.50
67,1780553607323170560,1780553608323170560,HTTP Data Sent,KB,std,0.00
67,1780553607323170560,1780553608323170560,HTTP DNS Lookup,ms,avg,0.00
67,1780553607323170560,1780553608323170560,HTTP DNS Lookup,ms,min,0.00
67,1780553607323170560,1780553608323170560,HTTP DNS Lookup,ms,max,0.00
67,1780553607323170560,1780553608323170560,HTTP DNS Lookup,ms,sum,0.00
67,1780553607323170560,1780553608323170560,HTTP DNS Lookup,ms,p1,0.00
67,1780553607323170560,1780553608323170560,HTTP DNS Lookup,ms,p5,0.00
67,1780553607323170560,1780553608323170560,HTTP DNS Lookup,ms,p10,0.00
67,1780553607323170560,1780553608323170560,HTTP DNS Lookup,ms,p25,0.00
67,1780553607323170560,1780553608323170560,HTTP DNS Lookup,ms,p50,0.00
67,1780553607323170560,1780553608323170560,HTTP DNS Lookup,ms,p75,0.00
67,1780553607323170560,1780553608323170560,HTTP DNS Lookup,ms,p90,0.00
67,1780553607323170560,1780553608323170560,HTTP DNS Lookup,ms,p95,0.00
67,1780553607323170560,1780553608323170560,HTTP DNS Lookup,ms,p99,0.00
67,1780553607323170560,1780553608323170560,HTTP DNS Lookup,ms,std,0.00
67,1780553607323170560,1780553608323170560,HTTP Duration (excl. conn),ms,avg,278443.60
67,1780553607323170560,1780553608323170560,HTTP Duration (excl. conn),ms,min,278443.60
67,1780553607323170560,1780553608323170560,HTTP Duration (excl. conn),ms,max,278443.60
67,1780553607323170560,1780553608323170560,HTTP Duration (excl. conn),ms,sum,278443.60
67,1780553607323170560,1780553608323170560,HTTP Duration (excl. conn),ms,p1,278443.60
67,1780553607323170560,1780553608323170560,HTTP Duration (excl. conn),ms,p5,278443.60
67,1780553607323170560,1780553608323170560,HTTP Duration (excl. conn),ms,p10,278443.60
67,1780553607323170560,1780553608323170560,HTTP Duration (excl. conn),ms,p25,278443.60
67,1780553607323170560,1780553608323170560,HTTP Duration (excl. conn),ms,p50,278443.60
67,1780553607323170560,1780553608323170560,HTTP Duration (excl. conn),ms,p75,278443.60
67,1780553607323170560,1780553608323170560,HTTP Duration (excl. conn),ms,p90,278443.60
67,1780553607323170560,1780553608323170560,HTTP Duration (excl. conn),ms,p95,278443.60
67,1780553607323170560,1780553608323170560,HTTP Duration (excl. conn),ms,p99,278443.60
67,1780553607323170560,1780553608323170560,HTTP Duration (excl. conn),ms,std,0.00
67,1780553607323170560,1780553608323170560,HTTP Receiving,ms,avg,224899.80
67,1780553607323170560,1780553608323170560,HTTP Receiving,ms,min,224899.80
67,1780553607323170560,1780553608323170560,HTTP Receiving,ms,max,224899.80
67,1780553607323170560,1780553608323170560,HTTP Receiving,ms,sum,224899.80
67,1780553607323170560,1780553608323170560,HTTP Receiving,ms,p1,224899.80
67,1780553607323170560,1780553608323170560,HTTP Receiving,ms,p5,224899.80
67,1780553607323170560,1780553608323170560,HTTP Receiving,ms,p10,224899.80
67,1780553607323170560,1780553608323170560,HTTP Receiving,ms,p25,224899.80
67,1780553607323170560,1780553608323170560,HTTP Receiving,ms,p50,224899.80
67,1780553607323170560,1780553608323170560,HTTP Receiving,ms,p75,224899.80
67,1780553607323170560,1780553608323170560,HTTP Receiving,ms,p90,224899.80
67,1780553607323170560,1780553608323170560,HTTP Receiving,ms,p95,224899.80
67,1780553607323170560,1780553608323170560,HTTP Receiving,ms,p99,224899.80
67,1780553607323170560,1780553608323170560,HTTP Receiving,ms,std,0.00
67,1780553607323170560,1780553608323170560,HTTP Sending,ms,avg,0.91
67,1780553607323170560,1780553608323170560,HTTP Sending,ms,min,0.91
67,1780553607323170560,1780553608323170560,HTTP Sending,ms,max,0.91
67,1780553607323170560,1780553608323170560,HTTP Sending,ms,sum,0.91
67,1780553607323170560,1780553608323170560,HTTP Sending,ms,p1,0.91
67,1780553607323170560,1780553608323170560,HTTP Sending,ms,p5,0.91
67,1780553607323170560,1780553608323170560,HTTP Sending,ms,p10,0.91
67,1780553607323170560,1780553608323170560,HTTP Sending,ms,p25,0.91
67,1780553607323170560,1780553608323170560,HTTP Sending,ms,p50,0.91
67,1780553607323170560,1780553608323170560,HTTP Sending,ms,p75,0.91
67,1780553607323170560,1780553608323170560,HTTP Sending,ms,p90,0.91
67,1780553607323170560,1780553608323170560,HTTP Sending,ms,p95,0.91
67,1780553607323170560,1780553608323170560,HTTP Sending,ms,p99,0.91
67,1780553607323170560,1780553608323170560,HTTP Sending,ms,std,0.00
67,1780553607323170560,1780553608323170560,HTTP Total Time,ms,avg,278444.25
67,1780553607323170560,1780553608323170560,HTTP Total Time,ms,min,278444.25
67,1780553607323170560,1780553608323170560,HTTP Total Time,ms,max,278444.25
67,1780553607323170560,1780553608323170560,HTTP Total Time,ms,sum,278444.25
67,1780553607323170560,1780553608323170560,HTTP Total Time,ms,p1,278444.25
67,1780553607323170560,1780553608323170560,HTTP Total Time,ms,p5,278444.25
67,1780553607323170560,1780553608323170560,HTTP Total Time,ms,p10,278444.25
67,1780553607323170560,1780553608323170560,HTTP Total Time,ms,p25,278444.25
67,1780553607323170560,1780553608323170560,HTTP Total Time,ms,p50,278444.25
67,1780553607323170560,1780553608323170560,HTTP Total Time,ms,p75,278444.25
67,1780553607323170560,1780553608323170560,HTTP Total Time,ms,p90,278444.25
67,1780553607323170560,1780553608323170560,HTTP Total Time,ms,p95,278444.25
67,1780553607323170560,1780553608323170560,HTTP Total Time,ms,p99,278444.25
67,1780553607323170560,1780553608323170560,HTTP Total Time,ms,std,0.00
67,1780553607323170560,1780553608323170560,HTTP Waiting (TTFB),ms,avg,53542.88
67,1780553607323170560,1780553608323170560,HTTP Waiting (TTFB),ms,min,53542.88
67,1780553607323170560,1780553608323170560,HTTP Waiting (TTFB),ms,max,53542.88
67,1780553607323170560,1780553608323170560,HTTP Waiting (TTFB),ms,sum,53542.88
67,1780553607323170560,1780553608323170560,HTTP Waiting (TTFB),ms,p1,53542.88
67,1780553607323170560,1780553608323170560,HTTP Waiting (TTFB),ms,p5,53542.88
67,1780553607323170560,1780553608323170560,HTTP Waiting (TTFB),ms,p10,53542.88
67,1780553607323170560,1780553608323170560,HTTP Waiting (TTFB),ms,p25,53542.88
67,1780553607323170560,1780553608323170560,HTTP Waiting (TTFB),ms,p50,53542.88
67,1780553607323170560,1780553608323170560,HTTP Waiting (TTFB),ms,p75,53542.88
67,1780553607323170560,1780553608323170560,HTTP Waiting (TTFB),ms,p90,53542.88
67,1780553607323170560,1780553608323170560,HTTP Waiting (TTFB),ms,p95,53542.88
67,1780553607323170560,1780553608323170560,HTTP Waiting (TTFB),ms,p99,53542.88
67,1780553607323170560,1780553608323170560,HTTP Waiting (TTFB),ms,std,0.00
67,1780553607323170560,1780553608323170560,Input Sequence Length,tokens,avg,124037.00
67,1780553607323170560,1780553608323170560,Input Sequence Length,tokens,min,124037.00
67,1780553607323170560,1780553608323170560,Input Sequence Length,tokens,max,124037.00
67,1780553607323170560,1780553608323170560,Input Sequence Length,tokens,sum,124037.00
67,1780553607323170560,1780553608323170560,Input Sequence Length,tokens,p1,124037.00
67,1780553607323170560,1780553608323170560,Input Sequence Length,tokens,p5,124037.00
67,1780553607323170560,1780553608323170560,Input Sequence Length,tokens,p10,124037.00
67,1780553607323170560,1780553608323170560,Input Sequence Length,tokens,p25,124037.00
67,1780553607323170560,1780553608323170560,Input Sequence Length,tokens,p50,124037.00
67,1780553607323170560,1780553608323170560,Input Sequence Length,tokens,p75,124037.00
67,1780553607323170560,1780553608323170560,Input Sequence Length,tokens,p90,124037.00
67,1780553607323170560,1780553608323170560,Input Sequence Length,tokens,p95,124037.00
67,1780553607323170560,1780553608323170560,Input Sequence Length,tokens,p99,124037.00
67,1780553607323170560,1780553608323170560,Input Sequence Length,tokens,std,0.00
67,1780553607323170560,1780553608323170560,Input Token Throughput,tokens/sec,avg,124037.00
67,1780553607323170560,1780553608323170560,Inter Chunk Latency,ms,avg,67.13
67,1780553607323170560,1780553608323170560,Inter Chunk Latency,ms,min,67.11
67,1780553607323170560,1780553608323170560,Inter Chunk Latency,ms,max,67.15
67,1780553607323170560,1780553608323170560,Inter Chunk Latency,ms,sum,82843.12
67,1780553607323170560,1780553608323170560,Inter Chunk Latency,ms,p1,67.11
67,1780553607323170560,1780553608323170560,Inter Chunk Latency,ms,p5,67.12
67,1780553607323170560,1780553608323170560,Inter Chunk Latency,ms,p10,67.12
67,1780553607323170560,1780553608323170560,Inter Chunk Latency,ms,p25,67.12
67,1780553607323170560,1780553608323170560,Inter Chunk Latency,ms,p50,67.13
67,1780553607323170560,1780553608323170560,Inter Chunk Latency,ms,p75,67.14
67,1780553607323170560,1780553608323170560,Inter Chunk Latency,ms,p90,67.15
67,1780553607323170560,1780553608323170560,Inter Chunk Latency,ms,p95,67.15
67,1780553607323170560,1780553608323170560,Inter Chunk Latency,ms,p99,67.15
67,1780553607323170560,1780553608323170560,Inter Chunk Latency,ms,std,0.01
67,1780553607323170560,1780553608323170560,Inter Token Latency,ms,avg,181.66
67,1780553607323170560,1780553608323170560,Inter Token Latency,ms,min,181.66
67,1780553607323170560,1780553608323170560,Inter Token Latency,ms,max,181.66
67,1780553607323170560,1780553608323170560,Inter Token Latency,ms,sum,181.66
67,1780553607323170560,1780553608323170560,Inter Token Latency,ms,p1,181.66
67,1780553607323170560,1780553608323170560,Inter Token Latency,ms,p5,181.66
67,1780553607323170560,1780553608323170560,Inter Token Latency,ms,p10,181.66
67,1780553607323170560,1780553608323170560,Inter Token Latency,ms,p25,181.66
67,1780553607323170560,1780553608323170560,Inter Token Latency,ms,p50,181.66
67,1780553607323170560,1780553608323170560,Inter Token Latency,ms,p75,181.66
67,1780553607323170560,1780553608323170560,Inter Token Latency,ms,p90,181.66
67,1780553607323170560,1780553608323170560,Inter Token Latency,ms,p95,181.66
67,1780553607323170560,1780553608323170560,Inter Token Latency,ms,p99,181.66
67,1780553607323170560,1780553608323170560,Inter Token Latency,ms,std,0.00
67,1780553607323170560,1780553608323170560,Maximum Response Timestamp,ns,avg,1780553886556191232.00
67,1780553607323170560,1780553608323170560,Minimum Request Timestamp,ns,avg,1780553608112493312.00
67,1780553607323170560,1780553608323170560,OSL Mismatch Count,requests,avg,0.00
67,1780553607323170560,1780553608323170560,OSL Mismatch Diff %,%,avg,0.00
67,1780553607323170560,1780553608323170560,OSL Mismatch Diff %,%,min,0.00
67,1780553607323170560,1780553608323170560,OSL Mismatch Diff %,%,max,0.00
67,1780553607323170560,1780553608323170560,OSL Mismatch Diff %,%,sum,0.00
67,1780553607323170560,1780553608323170560,OSL Mismatch Diff %,%,p1,0.00
67,1780553607323170560,1780553608323170560,OSL Mismatch Diff %,%,p5,0.00
67,1780553607323170560,1780553608323170560,OSL Mismatch Diff %,%,p10,0.00
67,1780553607323170560,1780553608323170560,OSL Mismatch Diff %,%,p25,0.00
67,1780553607323170560,1780553608323170560,OSL Mismatch Diff %,%,p50,0.00
67,1780553607323170560,1780553608323170560,OSL Mismatch Diff %,%,p75,0.00
67,1780553607323170560,1780553608323170560,OSL Mismatch Diff %,%,p90,0.00
67,1780553607323170560,1780553608323170560,OSL Mismatch Diff %,%,p95,0.00
67,1780553607323170560,1780553608323170560,OSL Mismatch Diff %,%,p99,0.00
67,1780553607323170560,1780553608323170560,OSL Mismatch Diff %,%,std,0.00
67,1780553607323170560,1780553608323170560,Output Sequence Length,tokens,avg,1239.00
67,1780553607323170560,1780553608323170560,Output Sequence Length,tokens,min,1239.00
67,1780553607323170560,1780553608323170560,Output Sequence Length,tokens,max,1239.00
67,1780553607323170560,1780553608323170560,Output Sequence Length,tokens,sum,1239.00
67,1780553607323170560,1780553608323170560,Output Sequence Length,tokens,p1,1239.00
67,1780553607323170560,1780553608323170560,Output Sequence Length,tokens,p5,1239.00
67,1780553607323170560,1780553608323170560,Output Sequence Length,tokens,p10,1239.00
67,1780553607323170560,1780553608323170560,Output Sequence Length,tokens,p25,1239.00
67,1780553607323170560,1780553608323170560,Output Sequence Length,tokens,p50,1239.00
67,1780553607323170560,1780553608323170560,Output Sequence Length,tokens,p75,1239.00
67,1780553607323170560,1780553608323170560,Output Sequence Length,tokens,p90,1239.00
67,1780553607323170560,1780553608323170560,Output Sequence Length,tokens,p95,1239.00
67,1780553607323170560,1780553608323170560,Output Sequence Length,tokens,p99,1239.00
67,1780553607323170560,1780553608323170560,Output Sequence Length,tokens,std,0.00
67,1780553607323170560,1780553608323170560,Output Token Count,tokens,avg,1239.00
67,1780553607323170560,1780553608323170560,Output Token Count,tokens,min,1239.00
67,1780553607323170560,1780553608323170560,Output Token Count,tokens,max,1239.00
67,1780553607323170560,1780553608323170560,Output Token Count,tokens,sum,1239.00
67,1780553607323170560,1780553608323170560,Output Token Count,tokens,p1,1239.00
67,1780553607323170560,1780553608323170560,Output Token Count,tokens,p5,1239.00
67,1780553607323170560,1780553608323170560,Output Token Count,tokens,p10,1239.00
67,1780553607323170560,1780553608323170560,Output Token Count,tokens,p25,1239.00
67,1780553607323170560,1780553608323170560,Output Token Count,tokens,p50,1239.00
67,1780553607323170560,1780553608323170560,Output Token Count,tokens,p75,1239.00
67,1780553607323170560,1780553608323170560,Output Token Count,tokens,p90,1239.00
67,1780553607323170560,1780553608323170560,Output Token Count,tokens,p95,1239.00
67,1780553607323170560,1780553608323170560,Output Token Count,tokens,p99,1239.00
67,1780553607323170560,1780553608323170560,Output Token Count,tokens,std,0.00
67,1780553607323170560,1780553608323170560,Output Token Throughput,tokens/sec,avg,1239.00
67,1780553607323170560,1780553608323170560,Output Token Throughput Per User,tokens/sec/user,avg,5.50
67,1780553607323170560,1780553608323170560,Output Token Throughput Per User,tokens/sec/user,min,5.50
67,1780553607323170560,1780553608323170560,Output Token Throughput Per User,tokens/sec/user,max,5.50
67,1780553607323170560,1780553608323170560,Output Token Throughput Per User,tokens/sec/user,sum,5.50
67,1780553607323170560,1780553608323170560,Output Token Throughput Per User,tokens/sec/user,p1,5.50
67,1780553607323170560,1780553608323170560,Output Token Throughput Per User,tokens/sec/user,p5,5.50
67,1780553607323170560,1780553608323170560,Output Token Throughput Per User,tokens/sec/user,p10,5.50
67,1780553607323170560,1780553608323170560,Output Token Throughput Per User,tokens/sec/user,p25,5.50
67,1780553607323170560,1780553608323170560,Output Token Throughput Per User,tokens/sec/user,p50,5.50
67,1780553607323170560,1780553608323170560,Output Token Throughput Per User,tokens/sec/user,p75,5.50
67,1780553607323170560,1780553608323170560,Output Token Throughput Per User,tokens/sec/user,p90,5.50
67,1780553607323170560,1780553608323170560,Output Token Throughput Per User,tokens/sec/user,p95,5.50
67,1780553607323170560,1780553608323170560,Output Token Throughput Per User,tokens/sec/user,p99,5.50
67,1780553607323170560,1780553608323170560,Output Token Throughput Per User,tokens/sec/user,std,0.00
67,1780553607323170560,1780553608323170560,Prefill Throughput Per User,tokens/sec/user,avg,2316.55
67,1780553607323170560,1780553608323170560,Prefill Throughput Per User,tokens/sec/user,min,2316.55
67,1780553607323170560,1780553608323170560,Prefill Throughput Per User,tokens/sec/user,max,2316.55
67,1780553607323170560,1780553608323170560,Prefill Throughput Per User,tokens/sec/user,sum,2316.55
67,1780553607323170560,1780553608323170560,Prefill Throughput Per User,tokens/sec/user,p1,2316.55
67,1780553607323170560,1780553608323170560,Prefill Throughput Per User,tokens/sec/user,p5,2316.55
67,1780553607323170560,1780553608323170560,Prefill Throughput Per User,tokens/sec/user,p10,2316.55
67,1780553607323170560,1780553608323170560,Prefill Throughput Per User,tokens/sec/user,p25,2316.55
67,1780553607323170560,1780553608323170560,Prefill Throughput Per User,tokens/sec/user,p50,2316.55
67,1780553607323170560,1780553608323170560,Prefill Throughput Per User,tokens/sec/user,p75,2316.55
67,1780553607323170560,1780553608323170560,Prefill Throughput Per User,tokens/sec/user,p90,2316.55
67,1780553607323170560,1780553608323170560,Prefill Throughput Per User,tokens/sec/user,p95,2316.55
67,1780553607323170560,1780553608323170560,Prefill Throughput Per User,tokens/sec/user,p99,2316.55
67,1780553607323170560,1780553608323170560,Prefill Throughput Per User,tokens/sec/user,std,0.00
67,1780553607323170560,1780553608323170560,Request Count,requests,avg,1.00
67,1780553607323170560,1780553608323170560,Request Latency,ms,avg,278443.70
67,1780553607323170560,1780553608323170560,Request Latency,ms,min,278443.70
67,1780553607323170560,1780553608323170560,Request Latency,ms,max,278443.70
67,1780553607323170560,1780553608323170560,Request Latency,ms,sum,278443.70
67,1780553607323170560,1780553608323170560,Request Latency,ms,p1,278443.70
67,1780553607323170560,1780553608323170560,Request Latency,ms,p5,278443.70
67,1780553607323170560,1780553608323170560,Request Latency,ms,p10,278443.70
67,1780553607323170560,1780553608323170560,Request Latency,ms,p25,278443.70
67,1780553607323170560,1780553608323170560,Request Latency,ms,p50,278443.70
67,1780553607323170560,1780553608323170560,Request Latency,ms,p75,278443.70
67,1780553607323170560,1780553608323170560,Request Latency,ms,p90,278443.70
67,1780553607323170560,1780553608323170560,Request Latency,ms,p95,278443.70
67,1780553607323170560,1780553608323170560,Request Latency,ms,p99,278443.70
67,1780553607323170560,1780553608323170560,Request Latency,ms,std,0.00
67,1780553607323170560,1780553608323170560,Request Throughput,requests/sec,avg,1.00
67,1780553607323170560,1780553608323170560,Requested OSL,tokens,avg,1239.00
67,1780553607323170560,1780553608323170560,Requested OSL,tokens,min,1239.00
67,1780553607323170560,1780553608323170560,Requested OSL,tokens,max,1239.00
67,1780553607323170560,1780553608323170560,Requested OSL,tokens,sum,1239.00
67,1780553607323170560,1780553608323170560,Requested OSL,tokens,p1,1239.00
67,1780553607323170560,1780553608323170560,Requested OSL,tokens,p5,1239.00
67,1780553607323170560,1780553608323170560,Requested OSL,tokens,p10,1239.00
67,1780553607323170560,1780553608323170560,Requested OSL,tokens,p25,1239.00
67,1780553607323170560,1780553608323170560,Requested OSL,tokens,p50,1239.00
67,1780553607323170560,1780553608323170560,Requested OSL,tokens,p75,1239.00
67,1780553607323170560,1780553608323170560,Requested OSL,tokens,p90,1239.00
67,1780553607323170560,1780553608323170560,Requested OSL,tokens,p95,1239.00
67,1780553607323170560,1780553608323170560,Requested OSL,tokens,p99,1239.00
67,1780553607323170560,1780553608323170560,Requested OSL,tokens,std,0.00
67,1780553607323170560,1780553608323170560,Time to First Output Token,ms,avg,53543.91
67,1780553607323170560,1780553608323170560,Time to First Output Token,ms,min,53543.91
67,1780553607323170560,1780553608323170560,Time to First Output Token,ms,max,53543.91
67,1780553607323170560,1780553608323170560,Time to First Output Token,ms,sum,53543.91
67,1780553607323170560,1780553608323170560,Time to First Output Token,ms,p1,53543.91
67,1780553607323170560,1780553608323170560,Time to First Output Token,ms,p5,53543.91
67,1780553607323170560,1780553608323170560,Time to First Output Token,ms,p10,53543.91
67,1780553607323170560,1780553608323170560,Time to First Output Token,ms,p25,53543.91
67,1780553607323170560,1780553608323170560,Time to First Output Token,ms,p50,53543.91
67,1780553607323170560,1780553608323170560,Time to First Output Token,ms,p75,53543.91
67,1780553607323170560,1780553608323170560,Time to First Output Token,ms,p90,53543.91
67,1780553607323170560,1780553608323170560,Time to First Output Token,ms,p95,53543.91
67,1780553607323170560,1780553608323170560,Time to First Output Token,ms,p99,53543.91
67,1780553607323170560,1780553608323170560,Time to First Output Token,ms,std,0.00
67,1780553607323170560,1780553608323170560,Time to First Token,ms,avg,53543.91
67,1780553607323170560,1780553608323170560,Time to First Token,ms,min,53543.91
67,1780553607323170560,1780553608323170560,Time to First Token,ms,max,53543.91
67,1780553607323170560,1780553608323170560,Time to First Token,ms,sum,53543.91
67,1780553607323170560,1780553608323170560,Time to First Token,ms,p1,53543.91
67,1780553607323170560,1780553608323170560,Time to First Token,ms,p5,53543.91
67,1780553607323170560,1780553608323170560,Time to First Token,ms,p10,53543.91
67,1780553607323170560,1780553608323170560,Time to First Token,ms,p25,53543.91
67,1780553607323170560,1780553608323170560,Time to First Token,ms,p50,53543.91
67,1780553607323170560,1780553608323170560,Time to First Token,ms,p75,53543.91
67,1780553607323170560,1780553608323170560,Time to First Token,ms,p90,53543.91
67,1780553607323170560,1780553608323170560,Time to First Token,ms,p95,53543.91
67,1780553607323170560,1780553608323170560,Time to First Token,ms,p99,53543.91
67,1780553607323170560,1780553608323170560,Time to First Token,ms,std,0.00
67,1780553607323170560,1780553608323170560,Time to Second Token,ms,avg,196.86
67,1780553607323170560,1780553608323170560,Time to Second Token,ms,min,196.86
67,1780553607323170560,1780553608323170560,Time to Second Token,ms,max,196.86
67,1780553607323170560,1780553608323170560,Time to Second Token,ms,sum,196.86
67,1780553607323170560,1780553608323170560,Time to Second Token,ms,p1,196.86
67,1780553607323170560,1780553608323170560,Time to Second Token,ms,p5,196.86
67,1780553607323170560,1780553608323170560,Time to Second Token,ms,p10,196.86
67,1780553607323170560,1780553608323170560,Time to Second Token,ms,p25,196.86
67,1780553607323170560,1780553608323170560,Time to Second Token,ms,p50,196.86
67,1780553607323170560,1780553608323170560,Time to Second Token,ms,p75,196.86
67,1780553607323170560,1780553608323170560,Time to Second Token,ms,p90,196.86
67,1780553607323170560,1780553608323170560,Time to Second Token,ms,p95,196.86
67,1780553607323170560,1780553608323170560,Time to Second Token,ms,p99,196.86
67,1780553607323170560,1780553608323170560,Time to Second Token,ms,std,0.00
67,1780553607323170560,1780553608323170560,Tokens In Flight,tokens,avg,1477600.61
67,1780553607323170560,1780553608323170560,Tokens In Flight,tokens,min,1451446.38
67,1780553607323170560,1780553608323170560,Tokens In Flight,tokens,max,1575527.81
67,1780553607323170560,1780553608323170560,Tokens In Flight,tokens,p50,1451468.60
67,1780553607323170560,1780553608323170560,Tokens In Flight,tokens,p90,1575523.78
67,1780553607323170560,1780553608323170560,Tokens In Flight,tokens,p95,1575526.81
67,1780553607323170560,1780553608323170560,Tokens In Flight,tokens,p99,1575527.81
67,1780553607323170560,1780553608323170560,Tokens In Flight,tokens,std,50590.22
67,1780553607323170560,1780553608323170560,Total Input Sequence Length,tokens,avg,124037.00
67,1780553607323170560,1780553608323170560,Total Output Sequence Length,tokens,avg,1239.00
67,1780553607323170560,1780553608323170560,Total Output Tokens,tokens,avg,1239.00
67,1780553607323170560,1780553608323170560,Total Token Throughput,tokens/sec,avg,125276.00
67,1780553607323170560,1780553608323170560,Total Usage Completion Tokens,tokens,avg,1239.00
67,1780553607323170560,1780553608323170560,Total Usage Prompt Tokens,tokens,avg,124037.00
67,1780553607323170560,1780553608323170560,Total Usage Total Tokens,tokens,avg,125276.00
67,1780553607323170560,1780553608323170560,Usage Completion Tokens,tokens,avg,1239.00
67,1780553607323170560,1780553608323170560,Usage Completion Tokens,tokens,min,1239.00
67,1780553607323170560,1780553608323170560,Usage Completion Tokens,tokens,max,1239.00
67,1780553607323170560,1780553608323170560,Usage Completion Tokens,tokens,sum,1239.00
67,1780553607323170560,1780553608323170560,Usage Completion Tokens,tokens,p1,1239.00
67,1780553607323170560,1780553608323170560,Usage Completion Tokens,tokens,p5,1239.00
67,1780553607323170560,1780553608323170560,Usage Completion Tokens,tokens,p10,1239.00
67,1780553607323170560,1780553608323170560,Usage Completion Tokens,tokens,p25,1239.00
67,1780553607323170560,1780553608323170560,Usage Completion Tokens,tokens,p50,1239.00
67,1780553607323170560,1780553608323170560,Usage Completion Tokens,tokens,p75,1239.00
67,1780553607323170560,1780553608323170560,Usage Completion Tokens,tokens,p90,1239.00
67,1780553607323170560,1780553608323170560,Usage Completion Tokens,tokens,p95,1239.00
67,1780553607323170560,1780553608323170560,Usage Completion Tokens,tokens,p99,1239.00
67,1780553607323170560,1780553608323170560,Usage Completion Tokens,tokens,std,0.00
67,1780553607323170560,1780553608323170560,Usage Prompt Tokens,tokens,avg,124037.00
67,1780553607323170560,1780553608323170560,Usage Prompt Tokens,tokens,min,124037.00
67,1780553607323170560,1780553608323170560,Usage Prompt Tokens,tokens,max,124037.00
67,1780553607323170560,1780553608323170560,Usage Prompt Tokens,tokens,sum,124037.00
67,1780553607323170560,1780553608323170560,Usage Prompt Tokens,tokens,p1,124037.00
67,1780553607323170560,1780553608323170560,Usage Prompt Tokens,tokens,p5,124037.00
67,1780553607323170560,1780553608323170560,Usage Prompt Tokens,tokens,p10,124037.00
67,1780553607323170560,1780553608323170560,Usage Prompt Tokens,tokens,p25,124037.00
67,1780553607323170560,1780553608323170560,Usage Prompt Tokens,tokens,p50,124037.00
67,1780553607323170560,1780553608323170560,Usage Prompt Tokens,tokens,p75,124037.00
67,1780553607323170560,1780553608323170560,Usage Prompt Tokens,tokens,p90,124037.00
67,1780553607323170560,1780553608323170560,Usage Prompt Tokens,tokens,p95,124037.00
67,1780553607323170560,1780553608323170560,Usage Prompt Tokens,tokens,p99,124037.00
67,1780553607323170560,1780553608323170560,Usage Prompt Tokens,tokens,std,0.00
67,1780553607323170560,1780553608323170560,Usage Total Tokens,tokens,avg,125276.00
67,1780553607323170560,1780553608323170560,Usage Total Tokens,tokens,min,125276.00
67,1780553607323170560,1780553608323170560,Usage Total Tokens,tokens,max,125276.00
67,1780553607323170560,1780553608323170560,Usage Total Tokens,tokens,sum,125276.00
67,1780553607323170560,1780553608323170560,Usage Total Tokens,tokens,p1,125276.00
67,1780553607323170560,1780553608323170560,Usage Total Tokens,tokens,p5,125276.00
67,1780553607323170560,1780553608323170560,Usage Total Tokens,tokens,p10,125276.00
67,1780553607323170560,1780553608323170560,Usage Total Tokens,tokens,p25,125276.00
67,1780553607323170560,1780553608323170560,Usage Total Tokens,tokens,p50,125276.00
67,1780553607323170560,1780553608323170560,Usage Total Tokens,tokens,p75,125276.00
67,1780553607323170560,1780553608323170560,Usage Total Tokens,tokens,p90,125276.00
67,1780553607323170560,1780553608323170560,Usage Total Tokens,tokens,p95,125276.00
67,1780553607323170560,1780553608323170560,Usage Total Tokens,tokens,p99,125276.00
67,1780553607323170560,1780553608323170560,Usage Total Tokens,tokens,std,0.00
68,1780553619323170560,1780553620323170560,Active Decode Throughput,tokens/sec,avg,46.05
68,1780553619323170560,1780553620323170560,Active Decode Throughput,tokens/sec,min,30.21
68,1780553619323170560,1780553620323170560,Active Decode Throughput,tokens/sec,max,60.54
68,1780553619323170560,1780553620323170560,Active Decode Throughput,tokens/sec,p50,45.34
68,1780553619323170560,1780553620323170560,Active Decode Throughput,tokens/sec,p90,45.34
68,1780553619323170560,1780553620323170560,Active Decode Throughput,tokens/sec,p95,45.34
68,1780553619323170560,1780553620323170560,Active Decode Throughput,tokens/sec,p99,60.40
68,1780553619323170560,1780553620323170560,Active Decode Throughput,tokens/sec,std,3.19
68,1780553619323170560,1780553620323170560,Active Decode Throughput Per User,tokens/sec/user,avg,4.60
68,1780553619323170560,1780553620323170560,Active Decode Throughput Per User,tokens/sec/user,min,3.02
68,1780553619323170560,1780553620323170560,Active Decode Throughput Per User,tokens/sec/user,max,6.05
68,1780553619323170560,1780553620323170560,Active Decode Throughput Per User,tokens/sec/user,p50,4.53
68,1780553619323170560,1780553620323170560,Active Decode Throughput Per User,tokens/sec/user,p90,4.53
68,1780553619323170560,1780553620323170560,Active Decode Throughput Per User,tokens/sec/user,p95,4.53
68,1780553619323170560,1780553620323170560,Active Decode Throughput Per User,tokens/sec/user,p99,6.04
68,1780553619323170560,1780553620323170560,Active Decode Throughput Per User,tokens/sec/user,std,0.32
68,1780553619323170560,1780553620323170560,Active Prefill Throughput,tokens/sec,avg,7220.77
68,1780553619323170560,1780553620323170560,Active Prefill Throughput,tokens/sec,min,7089.76
68,1780553619323170560,1780553620323170560,Active Prefill Throughput,tokens/sec,max,9249.56
68,1780553619323170560,1780553620323170560,Active Prefill Throughput,tokens/sec,p50,7089.76
68,1780553619323170560,1780553620323170560,Active Prefill Throughput,tokens/sec,p90,7089.76
68,1780553619323170560,1780553620323170560,Active Prefill Throughput,tokens/sec,p95,9249.56
68,1780553619323170560,1780553620323170560,Active Prefill Throughput,tokens/sec,p99,9249.56
68,1780553619323170560,1780553620323170560,Active Prefill Throughput,tokens/sec,std,515.55
68,1780553619323170560,1780553620323170560,Active Prefill Throughput Per User,tokens/sec/user,avg,1777.14
68,1780553619323170560,1780553620323170560,Active Prefill Throughput Per User,tokens/sec/user,min,1772.44
68,1780553619323170560,1780553620323170560,Active Prefill Throughput Per User,tokens/sec/user,max,1849.91
68,1780553619323170560,1780553620323170560,Active Prefill Throughput Per User,tokens/sec/user,p50,1772.44
68,1780553619323170560,1780553620323170560,Active Prefill Throughput Per User,tokens/sec/user,p90,1772.44
68,1780553619323170560,1780553620323170560,Active Prefill Throughput Per User,tokens/sec/user,p95,1849.91
68,1780553619323170560,1780553620323170560,Active Prefill Throughput Per User,tokens/sec/user,p99,1849.91
68,1780553619323170560,1780553620323170560,Active Prefill Throughput Per User,tokens/sec/user,std,18.49
68,1780553619323170560,1780553620323170560,Active Total Throughput,tokens/sec,avg,7268.71
68,1780553619323170560,1780553620323170560,Active Total Throughput,tokens/sec,min,7137.70
68,1780553619323170560,1780553620323170560,Active Total Throughput,tokens/sec,max,9297.51
68,1780553619323170560,1780553620323170560,Active Total Throughput,tokens/sec,p50,7137.70
68,1780553619323170560,1780553620323170560,Active Total Throughput,tokens/sec,p90,7137.70
68,1780553619323170560,1780553620323170560,Active Total Throughput,tokens/sec,p95,9297.51
68,1780553619323170560,1780553620323170560,Active Total Throughput,tokens/sec,p99,9297.51
68,1780553619323170560,1780553620323170560,Active Total Throughput,tokens/sec,std,515.55
68,1780553619323170560,1780553620323170560,Benchmark Duration,sec,avg,217.22
68,1780553619323170560,1780553620323170560,E2E Output Token Throughput,tokens/sec/user,avg,4.50
68,1780553619323170560,1780553620323170560,E2E Output Token Throughput,tokens/sec/user,min,4.50
68,1780553619323170560,1780553620323170560,E2E Output Token Throughput,tokens/sec/user,max,4.50
68,1780553619323170560,1780553620323170560,E2E Output Token Throughput,tokens/sec/user,sum,4.50
68,1780553619323170560,1780553620323170560,E2E Output Token Throughput,tokens/sec/user,p1,4.50
68,1780553619323170560,1780553620323170560,E2E Output Token Throughput,tokens/sec/user,p5,4.50
68,1780553619323170560,1780553620323170560,E2E Output Token Throughput,tokens/sec/user,p10,4.50
68,1780553619323170560,1780553620323170560,E2E Output Token Throughput,tokens/sec/user,p25,4.50
68,1780553619323170560,1780553620323170560,E2E Output Token Throughput,tokens/sec/user,p50,4.50
68,1780553619323170560,1780553620323170560,E2E Output Token Throughput,tokens/sec/user,p75,4.50
68,1780553619323170560,1780553620323170560,E2E Output Token Throughput,tokens/sec/user,p90,4.50
68,1780553619323170560,1780553620323170560,E2E Output Token Throughput,tokens/sec/user,p95,4.50
68,1780553619323170560,1780553620323170560,E2E Output Token Throughput,tokens/sec/user,p99,4.50
68,1780553619323170560,1780553620323170560,E2E Output Token Throughput,tokens/sec/user,std,0.00
68,1780553619323170560,1780553620323170560,Effective Concurrency,requests,avg,14.06
68,1780553619323170560,1780553620323170560,Effective Concurrency,requests,min,14.00
68,1780553619323170560,1780553620323170560,Effective Concurrency,requests,max,15.00
68,1780553619323170560,1780553620323170560,Effective Concurrency,requests,p50,14.00
68,1780553619323170560,1780553620323170560,Effective Concurrency,requests,p90,14.00
68,1780553619323170560,1780553620323170560,Effective Concurrency,requests,p95,15.00
68,1780553619323170560,1780553620323170560,Effective Concurrency,requests,p99,15.00
68,1780553619323170560,1780553620323170560,Effective Concurrency,requests,std,0.24
68,1780553619323170560,1780553620323170560,Effective Decode Concurrency,requests,avg,10.00
68,1780553619323170560,1780553620323170560,Effective Decode Concurrency,requests,min,10.00
68,1780553619323170560,1780553620323170560,Effective Decode Concurrency,requests,max,10.00
68,1780553619323170560,1780553620323170560,Effective Decode Concurrency,requests,p50,10.00
68,1780553619323170560,1780553620323170560,Effective Decode Concurrency,requests,p90,10.00
68,1780553619323170560,1780553620323170560,Effective Decode Concurrency,requests,p95,10.00
68,1780553619323170560,1780553620323170560,Effective Decode Concurrency,requests,p99,10.00
68,1780553619323170560,1780553620323170560,Effective Decode Concurrency,requests,std,0.00
68,1780553619323170560,1780553620323170560,Effective Decode Throughput,tokens/sec,avg,46.05
68,1780553619323170560,1780553620323170560,Effective Decode Throughput,tokens/sec,min,30.21
68,1780553619323170560,1780553620323170560,Effective Decode Throughput,tokens/sec,max,60.54
68,1780553619323170560,1780553620323170560,Effective Decode Throughput,tokens/sec,p50,45.34
68,1780553619323170560,1780553620323170560,Effective Decode Throughput,tokens/sec,p90,45.34
68,1780553619323170560,1780553620323170560,Effective Decode Throughput,tokens/sec,p95,45.34
68,1780553619323170560,1780553620323170560,Effective Decode Throughput,tokens/sec,p99,60.40
68,1780553619323170560,1780553620323170560,Effective Decode Throughput,tokens/sec,std,3.19
68,1780553619323170560,1780553620323170560,Effective Decode Throughput Per User,tokens/sec/user,avg,4.60
68,1780553619323170560,1780553620323170560,Effective Decode Throughput Per User,tokens/sec/user,min,3.02
68,1780553619323170560,1780553620323170560,Effective Decode Throughput Per User,tokens/sec/user,max,6.05
68,1780553619323170560,1780553620323170560,Effective Decode Throughput Per User,tokens/sec/user,p50,4.53
68,1780553619323170560,1780553620323170560,Effective Decode Throughput Per User,tokens/sec/user,p90,4.53
68,1780553619323170560,1780553620323170560,Effective Decode Throughput Per User,tokens/sec/user,p95,4.53
68,1780553619323170560,1780553620323170560,Effective Decode Throughput Per User,tokens/sec/user,p99,6.04
68,1780553619323170560,1780553620323170560,Effective Decode Throughput Per User,tokens/sec/user,std,0.32
68,1780553619323170560,1780553620323170560,Effective Prefill Concurrency,requests,avg,4.06
68,1780553619323170560,1780553620323170560,Effective Prefill Concurrency,requests,min,4.00
68,1780553619323170560,1780553620323170560,Effective Prefill Concurrency,requests,max,5.00
68,1780553619323170560,1780553620323170560,Effective Prefill Concurrency,requests,p50,4.00
68,1780553619323170560,1780553620323170560,Effective Prefill Concurrency,requests,p90,4.00
68,1780553619323170560,1780553620323170560,Effective Prefill Concurrency,requests,p95,5.00
68,1780553619323170560,1780553620323170560,Effective Prefill Concurrency,requests,p99,5.00
68,1780553619323170560,1780553620323170560,Effective Prefill Concurrency,requests,std,0.24
68,1780553619323170560,1780553620323170560,Effective Prefill Throughput,tokens/sec,avg,7220.77
68,1780553619323170560,1780553620323170560,Effective Prefill Throughput,tokens/sec,min,7089.76
68,1780553619323170560,1780553620323170560,Effective Prefill Throughput,tokens/sec,max,9249.56
68,1780553619323170560,1780553620323170560,Effective Prefill Throughput,tokens/sec,p50,7089.76
68,1780553619323170560,1780553620323170560,Effective Prefill Throughput,tokens/sec,p90,7089.76
68,1780553619323170560,1780553620323170560,Effective Prefill Throughput,tokens/sec,p95,9249.56
68,1780553619323170560,1780553620323170560,Effective Prefill Throughput,tokens/sec,p99,9249.56
68,1780553619323170560,1780553620323170560,Effective Prefill Throughput,tokens/sec,std,515.55
68,1780553619323170560,1780553620323170560,Effective Prefill Throughput Per User,tokens/sec/user,avg,1777.14
68,1780553619323170560,1780553620323170560,Effective Prefill Throughput Per User,tokens/sec/user,min,1772.44
68,1780553619323170560,1780553620323170560,Effective Prefill Throughput Per User,tokens/sec/user,max,1849.91
68,1780553619323170560,1780553620323170560,Effective Prefill Throughput Per User,tokens/sec/user,p50,1772.44
68,1780553619323170560,1780553620323170560,Effective Prefill Throughput Per User,tokens/sec/user,p90,1772.44
68,1780553619323170560,1780553620323170560,Effective Prefill Throughput Per User,tokens/sec/user,p95,1849.91
68,1780553619323170560,1780553620323170560,Effective Prefill Throughput Per User,tokens/sec/user,p99,1849.91
68,1780553619323170560,1780553620323170560,Effective Prefill Throughput Per User,tokens/sec/user,std,18.49
68,1780553619323170560,1780553620323170560,Effective Total Throughput,tokens/sec,avg,7268.71
68,1780553619323170560,1780553620323170560,Effective Total Throughput,tokens/sec,min,7137.70
68,1780553619323170560,1780553620323170560,Effective Total Throughput,tokens/sec,max,9297.51
68,1780553619323170560,1780553620323170560,Effective Total Throughput,tokens/sec,p50,7137.70
68,1780553619323170560,1780553620323170560,Effective Total Throughput,tokens/sec,p90,7137.70
68,1780553619323170560,1780553620323170560,Effective Total Throughput,tokens/sec,p95,9297.51
68,1780553619323170560,1780553620323170560,Effective Total Throughput,tokens/sec,p99,9297.51
68,1780553619323170560,1780553620323170560,Effective Total Throughput,tokens/sec,std,515.55
68,1780553619323170560,1780553620323170560,HTTP Blocked,ms,avg,0.00
68,1780553619323170560,1780553620323170560,HTTP Blocked,ms,min,0.00
68,1780553619323170560,1780553620323170560,HTTP Blocked,ms,max,0.00
68,1780553619323170560,1780553620323170560,HTTP Blocked,ms,sum,0.00
68,1780553619323170560,1780553620323170560,HTTP Blocked,ms,p1,0.00
68,1780553619323170560,1780553620323170560,HTTP Blocked,ms,p5,0.00
68,1780553619323170560,1780553620323170560,HTTP Blocked,ms,p10,0.00
68,1780553619323170560,1780553620323170560,HTTP Blocked,ms,p25,0.00
68,1780553619323170560,1780553620323170560,HTTP Blocked,ms,p50,0.00
68,1780553619323170560,1780553620323170560,HTTP Blocked,ms,p75,0.00
68,1780553619323170560,1780553620323170560,HTTP Blocked,ms,p90,0.00
68,1780553619323170560,1780553620323170560,HTTP Blocked,ms,p95,0.00
68,1780553619323170560,1780553620323170560,HTTP Blocked,ms,p99,0.00
68,1780553619323170560,1780553620323170560,HTTP Blocked,ms,std,0.00
68,1780553619323170560,1780553620323170560,HTTP Chunks Received,count,avg,977.00
68,1780553619323170560,1780553620323170560,HTTP Chunks Received,count,min,977.00
68,1780553619323170560,1780553620323170560,HTTP Chunks Received,count,max,977.00
68,1780553619323170560,1780553620323170560,HTTP Chunks Received,count,sum,977.00
68,1780553619323170560,1780553620323170560,HTTP Chunks Received,count,p1,977.00
68,1780553619323170560,1780553620323170560,HTTP Chunks Received,count,p5,977.00
68,1780553619323170560,1780553620323170560,HTTP Chunks Received,count,p10,977.00
68,1780553619323170560,1780553620323170560,HTTP Chunks Received,count,p25,977.00
68,1780553619323170560,1780553620323170560,HTTP Chunks Received,count,p50,977.00
68,1780553619323170560,1780553620323170560,HTTP Chunks Received,count,p75,977.00
68,1780553619323170560,1780553620323170560,HTTP Chunks Received,count,p90,977.00
68,1780553619323170560,1780553620323170560,HTTP Chunks Received,count,p95,977.00
68,1780553619323170560,1780553620323170560,HTTP Chunks Received,count,p99,977.00
68,1780553619323170560,1780553620323170560,HTTP Chunks Received,count,std,0.00
68,1780553619323170560,1780553620323170560,HTTP Chunks Sent,count,avg,1.00
68,1780553619323170560,1780553620323170560,HTTP Chunks Sent,count,min,1.00
68,1780553619323170560,1780553620323170560,HTTP Chunks Sent,count,max,1.00
68,1780553619323170560,1780553620323170560,HTTP Chunks Sent,count,sum,1.00
68,1780553619323170560,1780553620323170560,HTTP Chunks Sent,count,p1,1.00
68,1780553619323170560,1780553620323170560,HTTP Chunks Sent,count,p5,1.00
68,1780553619323170560,1780553620323170560,HTTP Chunks Sent,count,p10,1.00
68,1780553619323170560,1780553620323170560,HTTP Chunks Sent,count,p25,1.00
68,1780553619323170560,1780553620323170560,HTTP Chunks Sent,count,p50,1.00
68,1780553619323170560,1780553620323170560,HTTP Chunks Sent,count,p75,1.00
68,1780553619323170560,1780553620323170560,HTTP Chunks Sent,count,p90,1.00
68,1780553619323170560,1780553620323170560,HTTP Chunks Sent,count,p95,1.00
68,1780553619323170560,1780553620323170560,HTTP Chunks Sent,count,p99,1.00
68,1780553619323170560,1780553620323170560,HTTP Chunks Sent,count,std,0.00
68,1780553619323170560,1780553620323170560,HTTP Connecting,ms,avg,0.70
68,1780553619323170560,1780553620323170560,HTTP Connecting,ms,min,0.70
68,1780553619323170560,1780553620323170560,HTTP Connecting,ms,max,0.70
68,1780553619323170560,1780553620323170560,HTTP Connecting,ms,sum,0.70
68,1780553619323170560,1780553620323170560,HTTP Connecting,ms,p1,0.70
68,1780553619323170560,1780553620323170560,HTTP Connecting,ms,p5,0.70
68,1780553619323170560,1780553620323170560,HTTP Connecting,ms,p10,0.70
68,1780553619323170560,1780553620323170560,HTTP Connecting,ms,p25,0.70
68,1780553619323170560,1780553620323170560,HTTP Connecting,ms,p50,0.70
68,1780553619323170560,1780553620323170560,HTTP Connecting,ms,p75,0.70
68,1780553619323170560,1780553620323170560,HTTP Connecting,ms,p90,0.70
68,1780553619323170560,1780553620323170560,HTTP Connecting,ms,p95,0.70
68,1780553619323170560,1780553620323170560,HTTP Connecting,ms,p99,0.70
68,1780553619323170560,1780553620323170560,HTTP Connecting,ms,std,0.00
68,1780553619323170560,1780553620323170560,HTTP Connection Overhead,ms,avg,0.70
68,1780553619323170560,1780553620323170560,HTTP Connection Overhead,ms,min,0.70
68,1780553619323170560,1780553620323170560,HTTP Connection Overhead,ms,max,0.70
68,1780553619323170560,1780553620323170560,HTTP Connection Overhead,ms,sum,0.70
68,1780553619323170560,1780553620323170560,HTTP Connection Overhead,ms,p1,0.70
68,1780553619323170560,1780553620323170560,HTTP Connection Overhead,ms,p5,0.70
68,1780553619323170560,1780553620323170560,HTTP Connection Overhead,ms,p10,0.70
68,1780553619323170560,1780553620323170560,HTTP Connection Overhead,ms,p25,0.70
68,1780553619323170560,1780553620323170560,HTTP Connection Overhead,ms,p50,0.70
68,1780553619323170560,1780553620323170560,HTTP Connection Overhead,ms,p75,0.70
68,1780553619323170560,1780553620323170560,HTTP Connection Overhead,ms,p90,0.70
68,1780553619323170560,1780553620323170560,HTTP Connection Overhead,ms,p95,0.70
68,1780553619323170560,1780553620323170560,HTTP Connection Overhead,ms,p99,0.70
68,1780553619323170560,1780553620323170560,HTTP Connection Overhead,ms,std,0.00
68,1780553619323170560,1780553620323170560,HTTP Connection Reused,ratio,avg,0.00
68,1780553619323170560,1780553620323170560,HTTP Connection Reused,ratio,min,0.00
68,1780553619323170560,1780553620323170560,HTTP Connection Reused,ratio,max,0.00
68,1780553619323170560,1780553620323170560,HTTP Connection Reused,ratio,sum,0.00
68,1780553619323170560,1780553620323170560,HTTP Connection Reused,ratio,p1,0.00
68,1780553619323170560,1780553620323170560,HTTP Connection Reused,ratio,p5,0.00
68,1780553619323170560,1780553620323170560,HTTP Connection Reused,ratio,p10,0.00
68,1780553619323170560,1780553620323170560,HTTP Connection Reused,ratio,p25,0.00
68,1780553619323170560,1780553620323170560,HTTP Connection Reused,ratio,p50,0.00
68,1780553619323170560,1780553620323170560,HTTP Connection Reused,ratio,p75,0.00
68,1780553619323170560,1780553620323170560,HTTP Connection Reused,ratio,p90,0.00
68,1780553619323170560,1780553620323170560,HTTP Connection Reused,ratio,p95,0.00
68,1780553619323170560,1780553620323170560,HTTP Connection Reused,ratio,p99,0.00
68,1780553619323170560,1780553620323170560,HTTP Connection Reused,ratio,std,0.00
68,1780553619323170560,1780553620323170560,HTTP Data Received,KB,avg,242.68
68,1780553619323170560,1780553620323170560,HTTP Data Received,KB,min,242.68
68,1780553619323170560,1780553620323170560,HTTP Data Received,KB,max,242.68
68,1780553619323170560,1780553620323170560,HTTP Data Received,KB,sum,242.68
68,1780553619323170560,1780553620323170560,HTTP Data Received,KB,p1,242.68
68,1780553619323170560,1780553620323170560,HTTP Data Received,KB,p5,242.68
68,1780553619323170560,1780553620323170560,HTTP Data Received,KB,p10,242.68
68,1780553619323170560,1780553620323170560,HTTP Data Received,KB,p25,242.68
68,1780553619323170560,1780553620323170560,HTTP Data Received,KB,p50,242.68
68,1780553619323170560,1780553620323170560,HTTP Data Received,KB,p75,242.68
68,1780553619323170560,1780553620323170560,HTTP Data Received,KB,p90,242.68
68,1780553619323170560,1780553620323170560,HTTP Data Received,KB,p95,242.68
68,1780553619323170560,1780553620323170560,HTTP Data Received,KB,p99,242.68
68,1780553619323170560,1780553620323170560,HTTP Data Received,KB,std,0.00
68,1780553619323170560,1780553620323170560,HTTP Data Sent,KB,avg,435.64
68,1780553619323170560,1780553620323170560,HTTP Data Sent,KB,min,435.64
68,1780553619323170560,1780553620323170560,HTTP Data Sent,KB,max,435.64
68,1780553619323170560,1780553620323170560,HTTP Data Sent,KB,sum,435.64
68,1780553619323170560,1780553620323170560,HTTP Data Sent,KB,p1,435.64
68,1780553619323170560,1780553620323170560,HTTP Data Sent,KB,p5,435.64
68,1780553619323170560,1780553620323170560,HTTP Data Sent,KB,p10,435.64
68,1780553619323170560,1780553620323170560,HTTP Data Sent,KB,p25,435.64
68,1780553619323170560,1780553620323170560,HTTP Data Sent,KB,p50,435.64
68,1780553619323170560,1780553620323170560,HTTP Data Sent,KB,p75,435.64
68,1780553619323170560,1780553620323170560,HTTP Data Sent,KB,p90,435.64
68,1780553619323170560,1780553620323170560,HTTP Data Sent,KB,p95,435.64
68,1780553619323170560,1780553620323170560,HTTP Data Sent,KB,p99,435.64
68,1780553619323170560,1780553620323170560,HTTP Data Sent,KB,std,0.00
68,1780553619323170560,1780553620323170560,HTTP DNS Lookup,ms,avg,0.00
68,1780553619323170560,1780553620323170560,HTTP DNS Lookup,ms,min,0.00
68,1780553619323170560,1780553620323170560,HTTP DNS Lookup,ms,max,0.00
68,1780553619323170560,1780553620323170560,HTTP DNS Lookup,ms,sum,0.00
68,1780553619323170560,1780553620323170560,HTTP DNS Lookup,ms,p1,0.00
68,1780553619323170560,1780553620323170560,HTTP DNS Lookup,ms,p5,0.00
68,1780553619323170560,1780553620323170560,HTTP DNS Lookup,ms,p10,0.00
68,1780553619323170560,1780553620323170560,HTTP DNS Lookup,ms,p25,0.00
68,1780553619323170560,1780553620323170560,HTTP DNS Lookup,ms,p50,0.00
68,1780553619323170560,1780553620323170560,HTTP DNS Lookup,ms,p75,0.00
68,1780553619323170560,1780553620323170560,HTTP DNS Lookup,ms,p90,0.00
68,1780553619323170560,1780553620323170560,HTTP DNS Lookup,ms,p95,0.00
68,1780553619323170560,1780553620323170560,HTTP DNS Lookup,ms,p99,0.00
68,1780553619323170560,1780553620323170560,HTTP DNS Lookup,ms,std,0.00
68,1780553619323170560,1780553620323170560,HTTP Duration (excl. conn),ms,avg,217218.00
68,1780553619323170560,1780553620323170560,HTTP Duration (excl. conn),ms,min,217218.00
68,1780553619323170560,1780553620323170560,HTTP Duration (excl. conn),ms,max,217218.00
68,1780553619323170560,1780553620323170560,HTTP Duration (excl. conn),ms,sum,217218.00
68,1780553619323170560,1780553620323170560,HTTP Duration (excl. conn),ms,p1,217218.00
68,1780553619323170560,1780553620323170560,HTTP Duration (excl. conn),ms,p5,217218.00
68,1780553619323170560,1780553620323170560,HTTP Duration (excl. conn),ms,p10,217218.00
68,1780553619323170560,1780553620323170560,HTTP Duration (excl. conn),ms,p25,217218.00
68,1780553619323170560,1780553620323170560,HTTP Duration (excl. conn),ms,p50,217218.00
68,1780553619323170560,1780553620323170560,HTTP Duration (excl. conn),ms,p75,217218.00
68,1780553619323170560,1780553620323170560,HTTP Duration (excl. conn),ms,p90,217218.00
68,1780553619323170560,1780553620323170560,HTTP Duration (excl. conn),ms,p95,217218.00
68,1780553619323170560,1780553620323170560,HTTP Duration (excl. conn),ms,p99,217218.00
68,1780553619323170560,1780553620323170560,HTTP Duration (excl. conn),ms,std,0.00
68,1780553619323170560,1780553620323170560,HTTP Receiving,ms,avg,165058.27
68,1780553619323170560,1780553620323170560,HTTP Receiving,ms,min,165058.27
68,1780553619323170560,1780553620323170560,HTTP Receiving,ms,max,165058.27
68,1780553619323170560,1780553620323170560,HTTP Receiving,ms,sum,165058.27
68,1780553619323170560,1780553620323170560,HTTP Receiving,ms,p1,165058.27
68,1780553619323170560,1780553620323170560,HTTP Receiving,ms,p5,165058.27
68,1780553619323170560,1780553620323170560,HTTP Receiving,ms,p10,165058.27
68,1780553619323170560,1780553620323170560,HTTP Receiving,ms,p25,165058.27
68,1780553619323170560,1780553620323170560,HTTP Receiving,ms,p50,165058.27
68,1780553619323170560,1780553620323170560,HTTP Receiving,ms,p75,165058.27
68,1780553619323170560,1780553620323170560,HTTP Receiving,ms,p90,165058.27
68,1780553619323170560,1780553620323170560,HTTP Receiving,ms,p95,165058.27
68,1780553619323170560,1780553620323170560,HTTP Receiving,ms,p99,165058.27
68,1780553619323170560,1780553620323170560,HTTP Receiving,ms,std,0.00
68,1780553619323170560,1780553620323170560,HTTP Sending,ms,avg,1.01
68,1780553619323170560,1780553620323170560,HTTP Sending,ms,min,1.01
68,1780553619323170560,1780553620323170560,HTTP Sending,ms,max,1.01
68,1780553619323170560,1780553620323170560,HTTP Sending,ms,sum,1.01
68,1780553619323170560,1780553620323170560,HTTP Sending,ms,p1,1.01
68,1780553619323170560,1780553620323170560,HTTP Sending,ms,p5,1.01
68,1780553619323170560,1780553620323170560,HTTP Sending,ms,p10,1.01
68,1780553619323170560,1780553620323170560,HTTP Sending,ms,p25,1.01
68,1780553619323170560,1780553620323170560,HTTP Sending,ms,p50,1.01
68,1780553619323170560,1780553620323170560,HTTP Sending,ms,p75,1.01
68,1780553619323170560,1780553620323170560,HTTP Sending,ms,p90,1.01
68,1780553619323170560,1780553620323170560,HTTP Sending,ms,p95,1.01
68,1780553619323170560,1780553620323170560,HTTP Sending,ms,p99,1.01
68,1780553619323170560,1780553620323170560,HTTP Sending,ms,std,0.00
68,1780553619323170560,1780553620323170560,HTTP Total Time,ms,avg,217218.70
68,1780553619323170560,1780553620323170560,HTTP Total Time,ms,min,217218.70
68,1780553619323170560,1780553620323170560,HTTP Total Time,ms,max,217218.70
68,1780553619323170560,1780553620323170560,HTTP Total Time,ms,sum,217218.70
68,1780553619323170560,1780553620323170560,HTTP Total Time,ms,p1,217218.70
68,1780553619323170560,1780553620323170560,HTTP Total Time,ms,p5,217218.70
68,1780553619323170560,1780553620323170560,HTTP Total Time,ms,p10,217218.70
68,1780553619323170560,1780553620323170560,HTTP Total Time,ms,p25,217218.70
68,1780553619323170560,1780553620323170560,HTTP Total Time,ms,p50,217218.70
68,1780553619323170560,1780553620323170560,HTTP Total Time,ms,p75,217218.70
68,1780553619323170560,1780553620323170560,HTTP Total Time,ms,p90,217218.70
68,1780553619323170560,1780553620323170560,HTTP Total Time,ms,p95,217218.70
68,1780553619323170560,1780553620323170560,HTTP Total Time,ms,p99,217218.70
68,1780553619323170560,1780553620323170560,HTTP Total Time,ms,std,0.00
68,1780553619323170560,1780553620323170560,HTTP Waiting (TTFB),ms,avg,52158.72
68,1780553619323170560,1780553620323170560,HTTP Waiting (TTFB),ms,min,52158.72
68,1780553619323170560,1780553620323170560,HTTP Waiting (TTFB),ms,max,52158.72
68,1780553619323170560,1780553620323170560,HTTP Waiting (TTFB),ms,sum,52158.72
68,1780553619323170560,1780553620323170560,HTTP Waiting (TTFB),ms,p1,52158.72
68,1780553619323170560,1780553620323170560,HTTP Waiting (TTFB),ms,p5,52158.72
68,1780553619323170560,1780553620323170560,HTTP Waiting (TTFB),ms,p10,52158.72
68,1780553619323170560,1780553620323170560,HTTP Waiting (TTFB),ms,p25,52158.72
68,1780553619323170560,1780553620323170560,HTTP Waiting (TTFB),ms,p50,52158.72
68,1780553619323170560,1780553620323170560,HTTP Waiting (TTFB),ms,p75,52158.72
68,1780553619323170560,1780553620323170560,HTTP Waiting (TTFB),ms,p90,52158.72
68,1780553619323170560,1780553620323170560,HTTP Waiting (TTFB),ms,p95,52158.72
68,1780553619323170560,1780553620323170560,HTTP Waiting (TTFB),ms,p99,52158.72
68,1780553619323170560,1780553620323170560,HTTP Waiting (TTFB),ms,std,0.00
68,1780553619323170560,1780553620323170560,Input Sequence Length,tokens,avg,112655.00
68,1780553619323170560,1780553620323170560,Input Sequence Length,tokens,min,112655.00
68,1780553619323170560,1780553620323170560,Input Sequence Length,tokens,max,112655.00
68,1780553619323170560,1780553620323170560,Input Sequence Length,tokens,sum,112655.00
68,1780553619323170560,1780553620323170560,Input Sequence Length,tokens,p1,112655.00
68,1780553619323170560,1780553620323170560,Input Sequence Length,tokens,p5,112655.00
68,1780553619323170560,1780553620323170560,Input Sequence Length,tokens,p10,112655.00
68,1780553619323170560,1780553620323170560,Input Sequence Length,tokens,p25,112655.00
68,1780553619323170560,1780553620323170560,Input Sequence Length,tokens,p50,112655.00
68,1780553619323170560,1780553620323170560,Input Sequence Length,tokens,p75,112655.00
68,1780553619323170560,1780553620323170560,Input Sequence Length,tokens,p90,112655.00
68,1780553619323170560,1780553620323170560,Input Sequence Length,tokens,p95,112655.00
68,1780553619323170560,1780553620323170560,Input Sequence Length,tokens,p99,112655.00
68,1780553619323170560,1780553620323170560,Input Sequence Length,tokens,std,0.00
68,1780553619323170560,1780553620323170560,Input Token Throughput,tokens/sec,avg,112655.00
68,1780553619323170560,1780553620323170560,Inter Chunk Latency,ms,avg,67.01
68,1780553619323170560,1780553620323170560,Inter Chunk Latency,ms,min,66.99
68,1780553619323170560,1780553620323170560,Inter Chunk Latency,ms,max,67.03
68,1780553619323170560,1780553620323170560,Inter Chunk Latency,ms,sum,65405.74
68,1780553619323170560,1780553620323170560,Inter Chunk Latency,ms,p1,66.99
68,1780553619323170560,1780553620323170560,Inter Chunk Latency,ms,p5,67.00
68,1780553619323170560,1780553620323170560,Inter Chunk Latency,ms,p10,67.00
68,1780553619323170560,1780553620323170560,Inter Chunk Latency,ms,p25,67.00
68,1780553619323170560,1780553620323170560,Inter Chunk Latency,ms,p50,67.01
68,1780553619323170560,1780553620323170560,Inter Chunk Latency,ms,p75,67.03
68,1780553619323170560,1780553620323170560,Inter Chunk Latency,ms,p90,67.03
68,1780553619323170560,1780553620323170560,Inter Chunk Latency,ms,p95,67.03
68,1780553619323170560,1780553620323170560,Inter Chunk Latency,ms,p99,67.03
68,1780553619323170560,1780553620323170560,Inter Chunk Latency,ms,std,0.01
68,1780553619323170560,1780553620323170560,Inter Token Latency,ms,avg,169.12
68,1780553619323170560,1780553620323170560,Inter Token Latency,ms,min,169.12
68,1780553619323170560,1780553620323170560,Inter Token Latency,ms,max,169.12
68,1780553619323170560,1780553620323170560,Inter Token Latency,ms,sum,169.12
68,1780553619323170560,1780553620323170560,Inter Token Latency,ms,p1,169.12
68,1780553619323170560,1780553620323170560,Inter Token Latency,ms,p5,169.12
68,1780553619323170560,1780553620323170560,Inter Token Latency,ms,p10,169.12
68,1780553619323170560,1780553620323170560,Inter Token Latency,ms,p25,169.12
68,1780553619323170560,1780553620323170560,Inter Token Latency,ms,p50,169.12
68,1780553619323170560,1780553620323170560,Inter Token Latency,ms,p75,169.12
68,1780553619323170560,1780553620323170560,Inter Token Latency,ms,p90,169.12
68,1780553619323170560,1780553620323170560,Inter Token Latency,ms,p95,169.12
68,1780553619323170560,1780553620323170560,Inter Token Latency,ms,p99,169.12
68,1780553619323170560,1780553620323170560,Inter Token Latency,ms,std,0.00
68,1780553619323170560,1780553620323170560,Maximum Response Timestamp,ns,avg,1780553837480633600.00
68,1780553619323170560,1780553620323170560,Minimum Request Timestamp,ns,avg,1780553620262512640.00
68,1780553619323170560,1780553620323170560,OSL Mismatch Count,requests,avg,0.00
68,1780553619323170560,1780553620323170560,OSL Mismatch Diff %,%,avg,0.00
68,1780553619323170560,1780553620323170560,OSL Mismatch Diff %,%,min,0.00
68,1780553619323170560,1780553620323170560,OSL Mismatch Diff %,%,max,0.00
68,1780553619323170560,1780553620323170560,OSL Mismatch Diff %,%,sum,0.00
68,1780553619323170560,1780553620323170560,OSL Mismatch Diff %,%,p1,0.00
68,1780553619323170560,1780553620323170560,OSL Mismatch Diff %,%,p5,0.00
68,1780553619323170560,1780553620323170560,OSL Mismatch Diff %,%,p10,0.00
68,1780553619323170560,1780553620323170560,OSL Mismatch Diff %,%,p25,0.00
68,1780553619323170560,1780553620323170560,OSL Mismatch Diff %,%,p50,0.00
68,1780553619323170560,1780553620323170560,OSL Mismatch Diff %,%,p75,0.00
68,1780553619323170560,1780553620323170560,OSL Mismatch Diff %,%,p90,0.00
68,1780553619323170560,1780553620323170560,OSL Mismatch Diff %,%,p95,0.00
68,1780553619323170560,1780553620323170560,OSL Mismatch Diff %,%,p99,0.00
68,1780553619323170560,1780553620323170560,OSL Mismatch Diff %,%,std,0.00
68,1780553619323170560,1780553620323170560,Output Sequence Length,tokens,avg,977.00
68,1780553619323170560,1780553620323170560,Output Sequence Length,tokens,min,977.00
68,1780553619323170560,1780553620323170560,Output Sequence Length,tokens,max,977.00
68,1780553619323170560,1780553620323170560,Output Sequence Length,tokens,sum,977.00
68,1780553619323170560,1780553620323170560,Output Sequence Length,tokens,p1,977.00
68,1780553619323170560,1780553620323170560,Output Sequence Length,tokens,p5,977.00
68,1780553619323170560,1780553620323170560,Output Sequence Length,tokens,p10,977.00
68,1780553619323170560,1780553620323170560,Output Sequence Length,tokens,p25,977.00
68,1780553619323170560,1780553620323170560,Output Sequence Length,tokens,p50,977.00
68,1780553619323170560,1780553620323170560,Output Sequence Length,tokens,p75,977.00
68,1780553619323170560,1780553620323170560,Output Sequence Length,tokens,p90,977.00
68,1780553619323170560,1780553620323170560,Output Sequence Length,tokens,p95,977.00
68,1780553619323170560,1780553620323170560,Output Sequence Length,tokens,p99,977.00
68,1780553619323170560,1780553620323170560,Output Sequence Length,tokens,std,0.00
68,1780553619323170560,1780553620323170560,Output Token Count,tokens,avg,977.00
68,1780553619323170560,1780553620323170560,Output Token Count,tokens,min,977.00
68,1780553619323170560,1780553620323170560,Output Token Count,tokens,max,977.00
68,1780553619323170560,1780553620323170560,Output Token Count,tokens,sum,977.00
68,1780553619323170560,1780553620323170560,Output Token Count,tokens,p1,977.00
68,1780553619323170560,1780553620323170560,Output Token Count,tokens,p5,977.00
68,1780553619323170560,1780553620323170560,Output Token Count,tokens,p10,977.00
68,1780553619323170560,1780553620323170560,Output Token Count,tokens,p25,977.00
68,1780553619323170560,1780553620323170560,Output Token Count,tokens,p50,977.00
68,1780553619323170560,1780553620323170560,Output Token Count,tokens,p75,977.00
68,1780553619323170560,1780553620323170560,Output Token Count,tokens,p90,977.00
68,1780553619323170560,1780553620323170560,Output Token Count,tokens,p95,977.00
68,1780553619323170560,1780553620323170560,Output Token Count,tokens,p99,977.00
68,1780553619323170560,1780553620323170560,Output Token Count,tokens,std,0.00
68,1780553619323170560,1780553620323170560,Output Token Throughput,tokens/sec,avg,977.00
68,1780553619323170560,1780553620323170560,Output Token Throughput Per User,tokens/sec/user,avg,5.91
68,1780553619323170560,1780553620323170560,Output Token Throughput Per User,tokens/sec/user,min,5.91
68,1780553619323170560,1780553620323170560,Output Token Throughput Per User,tokens/sec/user,max,5.91
68,1780553619323170560,1780553620323170560,Output Token Throughput Per User,tokens/sec/user,sum,5.91
68,1780553619323170560,1780553620323170560,Output Token Throughput Per User,tokens/sec/user,p1,5.91
68,1780553619323170560,1780553620323170560,Output Token Throughput Per User,tokens/sec/user,p5,5.91
68,1780553619323170560,1780553620323170560,Output Token Throughput Per User,tokens/sec/user,p10,5.91
68,1780553619323170560,1780553620323170560,Output Token Throughput Per User,tokens/sec/user,p25,5.91
68,1780553619323170560,1780553620323170560,Output Token Throughput Per User,tokens/sec/user,p50,5.91
68,1780553619323170560,1780553620323170560,Output Token Throughput Per User,tokens/sec/user,p75,5.91
68,1780553619323170560,1780553620323170560,Output Token Throughput Per User,tokens/sec/user,p90,5.91
68,1780553619323170560,1780553620323170560,Output Token Throughput Per User,tokens/sec/user,p95,5.91
68,1780553619323170560,1780553620323170560,Output Token Throughput Per User,tokens/sec/user,p99,5.91
68,1780553619323170560,1780553620323170560,Output Token Throughput Per User,tokens/sec/user,std,0.00
68,1780553619323170560,1780553620323170560,Prefill Throughput Per User,tokens/sec/user,avg,2159.80
68,1780553619323170560,1780553620323170560,Prefill Throughput Per User,tokens/sec/user,min,2159.80
68,1780553619323170560,1780553620323170560,Prefill Throughput Per User,tokens/sec/user,max,2159.80
68,1780553619323170560,1780553620323170560,Prefill Throughput Per User,tokens/sec/user,sum,2159.80
68,1780553619323170560,1780553620323170560,Prefill Throughput Per User,tokens/sec/user,p1,2159.80
68,1780553619323170560,1780553620323170560,Prefill Throughput Per User,tokens/sec/user,p5,2159.80
68,1780553619323170560,1780553620323170560,Prefill Throughput Per User,tokens/sec/user,p10,2159.80
68,1780553619323170560,1780553620323170560,Prefill Throughput Per User,tokens/sec/user,p25,2159.80
68,1780553619323170560,1780553620323170560,Prefill Throughput Per User,tokens/sec/user,p50,2159.80
68,1780553619323170560,1780553620323170560,Prefill Throughput Per User,tokens/sec/user,p75,2159.80
68,1780553619323170560,1780553620323170560,Prefill Throughput Per User,tokens/sec/user,p90,2159.80
68,1780553619323170560,1780553620323170560,Prefill Throughput Per User,tokens/sec/user,p95,2159.80
68,1780553619323170560,1780553620323170560,Prefill Throughput Per User,tokens/sec/user,p99,2159.80
68,1780553619323170560,1780553620323170560,Prefill Throughput Per User,tokens/sec/user,std,0.00
68,1780553619323170560,1780553620323170560,Request Count,requests,avg,1.00
68,1780553619323170560,1780553620323170560,Request Latency,ms,avg,217218.12
68,1780553619323170560,1780553620323170560,Request Latency,ms,min,217218.12
68,1780553619323170560,1780553620323170560,Request Latency,ms,max,217218.12
68,1780553619323170560,1780553620323170560,Request Latency,ms,sum,217218.12
68,1780553619323170560,1780553620323170560,Request Latency,ms,p1,217218.12
68,1780553619323170560,1780553620323170560,Request Latency,ms,p5,217218.12
68,1780553619323170560,1780553620323170560,Request Latency,ms,p10,217218.12
68,1780553619323170560,1780553620323170560,Request Latency,ms,p25,217218.12
68,1780553619323170560,1780553620323170560,Request Latency,ms,p50,217218.12
68,1780553619323170560,1780553620323170560,Request Latency,ms,p75,217218.12
68,1780553619323170560,1780553620323170560,Request Latency,ms,p90,217218.12
68,1780553619323170560,1780553620323170560,Request Latency,ms,p95,217218.12
68,1780553619323170560,1780553620323170560,Request Latency,ms,p99,217218.12
68,1780553619323170560,1780553620323170560,Request Latency,ms,std,0.00
68,1780553619323170560,1780553620323170560,Request Throughput,requests/sec,avg,1.00
68,1780553619323170560,1780553620323170560,Requested OSL,tokens,avg,977.00
68,1780553619323170560,1780553620323170560,Requested OSL,tokens,min,977.00
68,1780553619323170560,1780553620323170560,Requested OSL,tokens,max,977.00
68,1780553619323170560,1780553620323170560,Requested OSL,tokens,sum,977.00
68,1780553619323170560,1780553620323170560,Requested OSL,tokens,p1,977.00
68,1780553619323170560,1780553620323170560,Requested OSL,tokens,p5,977.00
68,1780553619323170560,1780553620323170560,Requested OSL,tokens,p10,977.00
68,1780553619323170560,1780553620323170560,Requested OSL,tokens,p25,977.00
68,1780553619323170560,1780553620323170560,Requested OSL,tokens,p50,977.00
68,1780553619323170560,1780553620323170560,Requested OSL,tokens,p75,977.00
68,1780553619323170560,1780553620323170560,Requested OSL,tokens,p90,977.00
68,1780553619323170560,1780553620323170560,Requested OSL,tokens,p95,977.00
68,1780553619323170560,1780553620323170560,Requested OSL,tokens,p99,977.00
68,1780553619323170560,1780553620323170560,Requested OSL,tokens,std,0.00
68,1780553619323170560,1780553620323170560,Time to First Output Token,ms,avg,52159.86
68,1780553619323170560,1780553620323170560,Time to First Output Token,ms,min,52159.86
68,1780553619323170560,1780553620323170560,Time to First Output Token,ms,max,52159.86
68,1780553619323170560,1780553620323170560,Time to First Output Token,ms,sum,52159.86
68,1780553619323170560,1780553620323170560,Time to First Output Token,ms,p1,52159.86
68,1780553619323170560,1780553620323170560,Time to First Output Token,ms,p5,52159.86
68,1780553619323170560,1780553620323170560,Time to First Output Token,ms,p10,52159.86
68,1780553619323170560,1780553620323170560,Time to First Output Token,ms,p25,52159.86
68,1780553619323170560,1780553620323170560,Time to First Output Token,ms,p50,52159.86
68,1780553619323170560,1780553620323170560,Time to First Output Token,ms,p75,52159.86
68,1780553619323170560,1780553620323170560,Time to First Output Token,ms,p90,52159.86
68,1780553619323170560,1780553620323170560,Time to First Output Token,ms,p95,52159.86
68,1780553619323170560,1780553620323170560,Time to First Output Token,ms,p99,52159.86
68,1780553619323170560,1780553620323170560,Time to First Output Token,ms,std,0.00
68,1780553619323170560,1780553620323170560,Time to First Token,ms,avg,52159.86
68,1780553619323170560,1780553620323170560,Time to First Token,ms,min,52159.86
68,1780553619323170560,1780553620323170560,Time to First Token,ms,max,52159.86
68,1780553619323170560,1780553620323170560,Time to First Token,ms,sum,52159.86
68,1780553619323170560,1780553620323170560,Time to First Token,ms,p1,52159.86
68,1780553619323170560,1780553620323170560,Time to First Token,ms,p5,52159.86
68,1780553619323170560,1780553620323170560,Time to First Token,ms,p10,52159.86
68,1780553619323170560,1780553620323170560,Time to First Token,ms,p25,52159.86
68,1780553619323170560,1780553620323170560,Time to First Token,ms,p50,52159.86
68,1780553619323170560,1780553620323170560,Time to First Token,ms,p75,52159.86
68,1780553619323170560,1780553620323170560,Time to First Token,ms,p90,52159.86
68,1780553619323170560,1780553620323170560,Time to First Token,ms,p95,52159.86
68,1780553619323170560,1780553620323170560,Time to First Token,ms,p99,52159.86
68,1780553619323170560,1780553620323170560,Time to First Token,ms,std,0.00
68,1780553619323170560,1780553620323170560,Time to Second Token,ms,avg,130.81
68,1780553619323170560,1780553620323170560,Time to Second Token,ms,min,130.81
68,1780553619323170560,1780553620323170560,Time to Second Token,ms,max,130.81
68,1780553619323170560,1780553620323170560,Time to Second Token,ms,sum,130.81
68,1780553619323170560,1780553620323170560,Time to Second Token,ms,p1,130.81
68,1780553619323170560,1780553620323170560,Time to Second Token,ms,p5,130.81
68,1780553619323170560,1780553620323170560,Time to Second Token,ms,p10,130.81
68,1780553619323170560,1780553620323170560,Time to Second Token,ms,p25,130.81
68,1780553619323170560,1780553620323170560,Time to Second Token,ms,p50,130.81
68,1780553619323170560,1780553620323170560,Time to Second Token,ms,p75,130.81
68,1780553619323170560,1780553620323170560,Time to Second Token,ms,p90,130.81
68,1780553619323170560,1780553620323170560,Time to Second Token,ms,p95,130.81
68,1780553619323170560,1780553620323170560,Time to Second Token,ms,p99,130.81
68,1780553619323170560,1780553620323170560,Time to Second Token,ms,std,0.00
68,1780553619323170560,1780553620323170560,Tokens In Flight,tokens,avg,1478042.53
68,1780553619323170560,1780553620323170560,Tokens In Flight,tokens,min,1471186.36
68,1780553619323170560,1780553620323170560,Tokens In Flight,tokens,max,1583886.87
68,1780553619323170560,1780553620323170560,Tokens In Flight,tokens,p50,1471208.61
68,1780553619323170560,1780553620323170560,Tokens In Flight,tokens,p90,1471226.83
68,1780553619323170560,1780553620323170560,Tokens In Flight,tokens,p95,1583884.86
68,1780553619323170560,1780553620323170560,Tokens In Flight,tokens,p99,1583885.87
68,1780553619323170560,1780553620323170560,Tokens In Flight,tokens,std,26896.38
68,1780553619323170560,1780553620323170560,Total Input Sequence Length,tokens,avg,112655.00
68,1780553619323170560,1780553620323170560,Total Output Sequence Length,tokens,avg,977.00
68,1780553619323170560,1780553620323170560,Total Output Tokens,tokens,avg,977.00
68,1780553619323170560,1780553620323170560,Total Token Throughput,tokens/sec,avg,113632.00
68,1780553619323170560,1780553620323170560,Total Usage Completion Tokens,tokens,avg,977.00
68,1780553619323170560,1780553620323170560,Total Usage Prompt Tokens,tokens,avg,112655.00
68,1780553619323170560,1780553620323170560,Total Usage Total Tokens,tokens,avg,113632.00
68,1780553619323170560,1780553620323170560,Usage Completion Tokens,tokens,avg,977.00
68,1780553619323170560,1780553620323170560,Usage Completion Tokens,tokens,min,977.00
68,1780553619323170560,1780553620323170560,Usage Completion Tokens,tokens,max,977.00
68,1780553619323170560,1780553620323170560,Usage Completion Tokens,tokens,sum,977.00
68,1780553619323170560,1780553620323170560,Usage Completion Tokens,tokens,p1,977.00
68,1780553619323170560,1780553620323170560,Usage Completion Tokens,tokens,p5,977.00
68,1780553619323170560,1780553620323170560,Usage Completion Tokens,tokens,p10,977.00
68,1780553619323170560,1780553620323170560,Usage Completion Tokens,tokens,p25,977.00
68,1780553619323170560,1780553620323170560,Usage Completion Tokens,tokens,p50,977.00
68,1780553619323170560,1780553620323170560,Usage Completion Tokens,tokens,p75,977.00
68,1780553619323170560,1780553620323170560,Usage Completion Tokens,tokens,p90,977.00
68,1780553619323170560,1780553620323170560,Usage Completion Tokens,tokens,p95,977.00
68,1780553619323170560,1780553620323170560,Usage Completion Tokens,tokens,p99,977.00
68,1780553619323170560,1780553620323170560,Usage Completion Tokens,tokens,std,0.00
68,1780553619323170560,1780553620323170560,Usage Prompt Tokens,tokens,avg,112655.00
68,1780553619323170560,1780553620323170560,Usage Prompt Tokens,tokens,min,112655.00
68,1780553619323170560,1780553620323170560,Usage Prompt Tokens,tokens,max,112655.00
68,1780553619323170560,1780553620323170560,Usage Prompt Tokens,tokens,sum,112655.00
68,1780553619323170560,1780553620323170560,Usage Prompt Tokens,tokens,p1,112655.00
68,1780553619323170560,1780553620323170560,Usage Prompt Tokens,tokens,p5,112655.00
68,1780553619323170560,1780553620323170560,Usage Prompt Tokens,tokens,p10,112655.00
68,1780553619323170560,1780553620323170560,Usage Prompt Tokens,tokens,p25,112655.00
68,1780553619323170560,1780553620323170560,Usage Prompt Tokens,tokens,p50,112655.00
68,1780553619323170560,1780553620323170560,Usage Prompt Tokens,tokens,p75,112655.00
68,1780553619323170560,1780553620323170560,Usage Prompt Tokens,tokens,p90,112655.00
68,1780553619323170560,1780553620323170560,Usage Prompt Tokens,tokens,p95,112655.00
68,1780553619323170560,1780553620323170560,Usage Prompt Tokens,tokens,p99,112655.00
68,1780553619323170560,1780553620323170560,Usage Prompt Tokens,tokens,std,0.00
68,1780553619323170560,1780553620323170560,Usage Total Tokens,tokens,avg,113632.00
68,1780553619323170560,1780553620323170560,Usage Total Tokens,tokens,min,113632.00
68,1780553619323170560,1780553620323170560,Usage Total Tokens,tokens,max,113632.00
68,1780553619323170560,1780553620323170560,Usage Total Tokens,tokens,sum,113632.00
68,1780553619323170560,1780553620323170560,Usage Total Tokens,tokens,p1,113632.00
68,1780553619323170560,1780553620323170560,Usage Total Tokens,tokens,p5,113632.00
68,1780553619323170560,1780553620323170560,Usage Total Tokens,tokens,p10,113632.00
68,1780553619323170560,1780553620323170560,Usage Total Tokens,tokens,p25,113632.00
68,1780553619323170560,1780553620323170560,Usage Total Tokens,tokens,p50,113632.00
68,1780553619323170560,1780553620323170560,Usage Total Tokens,tokens,p75,113632.00
68,1780553619323170560,1780553620323170560,Usage Total Tokens,tokens,p90,113632.00
68,1780553619323170560,1780553620323170560,Usage Total Tokens,tokens,p95,113632.00
68,1780553619323170560,1780553620323170560,Usage Total Tokens,tokens,p99,113632.00
68,1780553619323170560,1780553620323170560,Usage Total Tokens,tokens,std,0.00
69,1780553623323170560,1780553624323170560,Active Decode Throughput,tokens/sec,avg,45.33
69,1780553623323170560,1780553624323170560,Active Decode Throughput,tokens/sec,min,30.14
69,1780553623323170560,1780553624323170560,Active Decode Throughput,tokens/sec,max,60.53
69,1780553623323170560,1780553624323170560,Active Decode Throughput,tokens/sec,p50,45.33
69,1780553623323170560,1780553624323170560,Active Decode Throughput,tokens/sec,p90,45.34
69,1780553623323170560,1780553624323170560,Active Decode Throughput,tokens/sec,p95,45.34
69,1780553623323170560,1780553624323170560,Active Decode Throughput,tokens/sec,p99,45.34
69,1780553623323170560,1780553624323170560,Active Decode Throughput,tokens/sec,std,0.02
69,1780553623323170560,1780553624323170560,Active Decode Throughput Per User,tokens/sec/user,avg,5.04
69,1780553623323170560,1780553624323170560,Active Decode Throughput Per User,tokens/sec/user,min,3.35
69,1780553623323170560,1780553624323170560,Active Decode Throughput Per User,tokens/sec/user,max,6.73
69,1780553623323170560,1780553624323170560,Active Decode Throughput Per User,tokens/sec/user,p50,5.04
69,1780553623323170560,1780553624323170560,Active Decode Throughput Per User,tokens/sec/user,p90,5.04
69,1780553623323170560,1780553624323170560,Active Decode Throughput Per User,tokens/sec/user,p95,5.04
69,1780553623323170560,1780553624323170560,Active Decode Throughput Per User,tokens/sec/user,p99,5.04
69,1780553623323170560,1780553624323170560,Active Decode Throughput Per User,tokens/sec/user,std,0.00
69,1780553623323170560,1780553624323170560,Active Prefill Throughput,tokens/sec,avg,9717.89
69,1780553623323170560,1780553624323170560,Active Prefill Throughput,tokens/sec,min,9249.56
69,1780553623323170560,1780553624323170560,Active Prefill Throughput,tokens/sec,max,10181.10
69,1780553623323170560,1780553624323170560,Active Prefill Throughput,tokens/sec,p50,10181.10
69,1780553623323170560,1780553624323170560,Active Prefill Throughput,tokens/sec,p90,10181.10
69,1780553623323170560,1780553624323170560,Active Prefill Throughput,tokens/sec,p95,10181.10
69,1780553623323170560,1780553624323170560,Active Prefill Throughput,tokens/sec,p99,10181.10
69,1780553623323170560,1780553624323170560,Active Prefill Throughput,tokens/sec,std,465.76
69,1780553623323170560,1780553624323170560,Active Prefill Throughput Per User,tokens/sec/user,avg,1772.96
69,1780553623323170560,1780553624323170560,Active Prefill Throughput Per User,tokens/sec/user,min,1696.85
69,1780553623323170560,1780553624323170560,Active Prefill Throughput Per User,tokens/sec/user,max,1849.91
69,1780553623323170560,1780553624323170560,Active Prefill Throughput Per User,tokens/sec/user,p50,1696.85
69,1780553623323170560,1780553624323170560,Active Prefill Throughput Per User,tokens/sec/user,p90,1849.91
69,1780553623323170560,1780553624323170560,Active Prefill Throughput Per User,tokens/sec/user,p95,1849.91
69,1780553623323170560,1780553624323170560,Active Prefill Throughput Per User,tokens/sec/user,p99,1849.91
69,1780553623323170560,1780553624323170560,Active Prefill Throughput Per User,tokens/sec/user,std,76.53
69,1780553623323170560,1780553624323170560,Active Total Throughput,tokens/sec,avg,9760.90
69,1780553623323170560,1780553624323170560,Active Total Throughput,tokens/sec,min,9292.58
69,1780553623323170560,1780553624323170560,Active Total Throughput,tokens/sec,max,10224.12
69,1780553623323170560,1780553624323170560,Active Total Throughput,tokens/sec,p50,10224.12
69,1780553623323170560,1780553624323170560,Active Total Throughput,tokens/sec,p90,10224.12
69,1780553623323170560,1780553624323170560,Active Total Throughput,tokens/sec,p95,10224.12
69,1780553623323170560,1780553624323170560,Active Total Throughput,tokens/sec,p99,10224.12
69,1780553623323170560,1780553624323170560,Active Total Throughput,tokens/sec,std,465.76
69,1780553623323170560,1780553624323170560,Benchmark Duration,sec,avg,324.16
69,1780553623323170560,1780553624323170560,E2E Output Token Throughput,tokens/sec/user,avg,5.03
69,1780553623323170560,1780553624323170560,E2E Output Token Throughput,tokens/sec/user,min,5.03
69,1780553623323170560,1780553624323170560,E2E Output Token Throughput,tokens/sec/user,max,5.03
69,1780553623323170560,1780553624323170560,E2E Output Token Throughput,tokens/sec/user,sum,5.03
69,1780553623323170560,1780553624323170560,E2E Output Token Throughput,tokens/sec/user,p1,5.03
69,1780553623323170560,1780553624323170560,E2E Output Token Throughput,tokens/sec/user,p5,5.03
69,1780553623323170560,1780553624323170560,E2E Output Token Throughput,tokens/sec/user,p10,5.03
69,1780553623323170560,1780553624323170560,E2E Output Token Throughput,tokens/sec/user,p25,5.03
69,1780553623323170560,1780553624323170560,E2E Output Token Throughput,tokens/sec/user,p50,5.03
69,1780553623323170560,1780553624323170560,E2E Output Token Throughput,tokens/sec/user,p75,5.03
69,1780553623323170560,1780553624323170560,E2E Output Token Throughput,tokens/sec/user,p90,5.03
69,1780553623323170560,1780553624323170560,E2E Output Token Throughput,tokens/sec/user,p95,5.03
69,1780553623323170560,1780553624323170560,E2E Output Token Throughput,tokens/sec/user,p99,5.03
69,1780553623323170560,1780553624323170560,E2E Output Token Throughput,tokens/sec/user,std,0.00
69,1780553623323170560,1780553624323170560,Effective Concurrency,requests,avg,14.50
69,1780553623323170560,1780553624323170560,Effective Concurrency,requests,min,14.00
69,1780553623323170560,1780553624323170560,Effective Concurrency,requests,max,15.00
69,1780553623323170560,1780553624323170560,Effective Concurrency,requests,p50,15.00
69,1780553623323170560,1780553624323170560,Effective Concurrency,requests,p90,15.00
69,1780553623323170560,1780553624323170560,Effective Concurrency,requests,p95,15.00
69,1780553623323170560,1780553624323170560,Effective Concurrency,requests,p99,15.00
69,1780553623323170560,1780553624323170560,Effective Concurrency,requests,std,0.50
69,1780553623323170560,1780553624323170560,Effective Decode Concurrency,requests,avg,9.00
69,1780553623323170560,1780553624323170560,Effective Decode Concurrency,requests,min,9.00
69,1780553623323170560,1780553624323170560,Effective Decode Concurrency,requests,max,9.00
69,1780553623323170560,1780553624323170560,Effective Decode Concurrency,requests,p50,9.00
69,1780553623323170560,1780553624323170560,Effective Decode Concurrency,requests,p90,9.00
69,1780553623323170560,1780553624323170560,Effective Decode Concurrency,requests,p95,9.00
69,1780553623323170560,1780553624323170560,Effective Decode Concurrency,requests,p99,9.00
69,1780553623323170560,1780553624323170560,Effective Decode Concurrency,requests,std,0.00
69,1780553623323170560,1780553624323170560,Effective Decode Throughput,tokens/sec,avg,45.33
69,1780553623323170560,1780553624323170560,Effective Decode Throughput,tokens/sec,min,30.14
69,1780553623323170560,1780553624323170560,Effective Decode Throughput,tokens/sec,max,60.53
69,1780553623323170560,1780553624323170560,Effective Decode Throughput,tokens/sec,p50,45.33
69,1780553623323170560,1780553624323170560,Effective Decode Throughput,tokens/sec,p90,45.34
69,1780553623323170560,1780553624323170560,Effective Decode Throughput,tokens/sec,p95,45.34
69,1780553623323170560,1780553624323170560,Effective Decode Throughput,tokens/sec,p99,45.34
69,1780553623323170560,1780553624323170560,Effective Decode Throughput,tokens/sec,std,0.02
69,1780553623323170560,1780553624323170560,Effective Decode Throughput Per User,tokens/sec/user,avg,5.04
69,1780553623323170560,1780553624323170560,Effective Decode Throughput Per User,tokens/sec/user,min,3.35
69,1780553623323170560,1780553624323170560,Effective Decode Throughput Per User,tokens/sec/user,max,6.73
69,1780553623323170560,1780553624323170560,Effective Decode Throughput Per User,tokens/sec/user,p50,5.04
69,1780553623323170560,1780553624323170560,Effective Decode Throughput Per User,tokens/sec/user,p90,5.04
69,1780553623323170560,1780553624323170560,Effective Decode Throughput Per User,tokens/sec/user,p95,5.04
69,1780553623323170560,1780553624323170560,Effective Decode Throughput Per User,tokens/sec/user,p99,5.04
69,1780553623323170560,1780553624323170560,Effective Decode Throughput Per User,tokens/sec/user,std,0.00
69,1780553623323170560,1780553624323170560,Effective Prefill Concurrency,requests,avg,5.50
69,1780553623323170560,1780553624323170560,Effective Prefill Concurrency,requests,min,5.00
69,1780553623323170560,1780553624323170560,Effective Prefill Concurrency,requests,max,6.00
69,1780553623323170560,1780553624323170560,Effective Prefill Concurrency,requests,p50,6.00
69,1780553623323170560,1780553624323170560,Effective Prefill Concurrency,requests,p90,6.00
69,1780553623323170560,1780553624323170560,Effective Prefill Concurrency,requests,p95,6.00
69,1780553623323170560,1780553624323170560,Effective Prefill Concurrency,requests,p99,6.00
69,1780553623323170560,1780553624323170560,Effective Prefill Concurrency,requests,std,0.50
69,1780553623323170560,1780553624323170560,Effective Prefill Throughput,tokens/sec,avg,9717.89
69,1780553623323170560,1780553624323170560,Effective Prefill Throughput,tokens/sec,min,9249.56
69,1780553623323170560,1780553624323170560,Effective Prefill Throughput,tokens/sec,max,10181.10
69,1780553623323170560,1780553624323170560,Effective Prefill Throughput,tokens/sec,p50,10181.10
69,1780553623323170560,1780553624323170560,Effective Prefill Throughput,tokens/sec,p90,10181.10
69,1780553623323170560,1780553624323170560,Effective Prefill Throughput,tokens/sec,p95,10181.10
69,1780553623323170560,1780553624323170560,Effective Prefill Throughput,tokens/sec,p99,10181.10
69,1780553623323170560,1780553624323170560,Effective Prefill Throughput,tokens/sec,std,465.76
69,1780553623323170560,1780553624323170560,Effective Prefill Throughput Per User,tokens/sec/user,avg,1772.96
69,1780553623323170560,1780553624323170560,Effective Prefill Throughput Per User,tokens/sec/user,min,1696.85
69,1780553623323170560,1780553624323170560,Effective Prefill Throughput Per User,tokens/sec/user,max,1849.91
69,1780553623323170560,1780553624323170560,Effective Prefill Throughput Per User,tokens/sec/user,p50,1696.85
69,1780553623323170560,1780553624323170560,Effective Prefill Throughput Per User,tokens/sec/user,p90,1849.91
69,1780553623323170560,1780553624323170560,Effective Prefill Throughput Per User,tokens/sec/user,p95,1849.91
69,1780553623323170560,1780553624323170560,Effective Prefill Throughput Per User,tokens/sec/user,p99,1849.91
69,1780553623323170560,1780553624323170560,Effective Prefill Throughput Per User,tokens/sec/user,std,76.53
69,1780553623323170560,1780553624323170560,Effective Total Throughput,tokens/sec,avg,9760.90
69,1780553623323170560,1780553624323170560,Effective Total Throughput,tokens/sec,min,9292.58
69,1780553623323170560,1780553624323170560,Effective Total Throughput,tokens/sec,max,10224.12
69,1780553623323170560,1780553624323170560,Effective Total Throughput,tokens/sec,p50,10224.12
69,1780553623323170560,1780553624323170560,Effective Total Throughput,tokens/sec,p90,10224.12
69,1780553623323170560,1780553624323170560,Effective Total Throughput,tokens/sec,p95,10224.12
69,1780553623323170560,1780553624323170560,Effective Total Throughput,tokens/sec,p99,10224.12
69,1780553623323170560,1780553624323170560,Effective Total Throughput,tokens/sec,std,465.76
69,1780553623323170560,1780553624323170560,HTTP Blocked,ms,avg,0.00
69,1780553623323170560,1780553624323170560,HTTP Blocked,ms,min,0.00
69,1780553623323170560,1780553624323170560,HTTP Blocked,ms,max,0.00
69,1780553623323170560,1780553624323170560,HTTP Blocked,ms,sum,0.00
69,1780553623323170560,1780553624323170560,HTTP Blocked,ms,p1,0.00
69,1780553623323170560,1780553624323170560,HTTP Blocked,ms,p5,0.00
69,1780553623323170560,1780553624323170560,HTTP Blocked,ms,p10,0.00
69,1780553623323170560,1780553624323170560,HTTP Blocked,ms,p25,0.00
69,1780553623323170560,1780553624323170560,HTTP Blocked,ms,p50,0.00
69,1780553623323170560,1780553624323170560,HTTP Blocked,ms,p75,0.00
69,1780553623323170560,1780553624323170560,HTTP Blocked,ms,p90,0.00
69,1780553623323170560,1780553624323170560,HTTP Blocked,ms,p95,0.00
69,1780553623323170560,1780553624323170560,HTTP Blocked,ms,p99,0.00
69,1780553623323170560,1780553624323170560,HTTP Blocked,ms,std,0.00
69,1780553623323170560,1780553624323170560,HTTP Chunks Received,count,avg,1630.00
69,1780553623323170560,1780553624323170560,HTTP Chunks Received,count,min,1630.00
69,1780553623323170560,1780553624323170560,HTTP Chunks Received,count,max,1630.00
69,1780553623323170560,1780553624323170560,HTTP Chunks Received,count,sum,1630.00
69,1780553623323170560,1780553624323170560,HTTP Chunks Received,count,p1,1630.00
69,1780553623323170560,1780553624323170560,HTTP Chunks Received,count,p5,1630.00
69,1780553623323170560,1780553624323170560,HTTP Chunks Received,count,p10,1630.00
69,1780553623323170560,1780553624323170560,HTTP Chunks Received,count,p25,1630.00
69,1780553623323170560,1780553624323170560,HTTP Chunks Received,count,p50,1630.00
69,1780553623323170560,1780553624323170560,HTTP Chunks Received,count,p75,1630.00
69,1780553623323170560,1780553624323170560,HTTP Chunks Received,count,p90,1630.00
69,1780553623323170560,1780553624323170560,HTTP Chunks Received,count,p95,1630.00
69,1780553623323170560,1780553624323170560,HTTP Chunks Received,count,p99,1630.00
69,1780553623323170560,1780553624323170560,HTTP Chunks Received,count,std,0.00
69,1780553623323170560,1780553624323170560,HTTP Chunks Sent,count,avg,1.00
69,1780553623323170560,1780553624323170560,HTTP Chunks Sent,count,min,1.00
69,1780553623323170560,1780553624323170560,HTTP Chunks Sent,count,max,1.00
69,1780553623323170560,1780553624323170560,HTTP Chunks Sent,count,sum,1.00
69,1780553623323170560,1780553624323170560,HTTP Chunks Sent,count,p1,1.00
69,1780553623323170560,1780553624323170560,HTTP Chunks Sent,count,p5,1.00
69,1780553623323170560,1780553624323170560,HTTP Chunks Sent,count,p10,1.00
69,1780553623323170560,1780553624323170560,HTTP Chunks Sent,count,p25,1.00
69,1780553623323170560,1780553624323170560,HTTP Chunks Sent,count,p50,1.00
69,1780553623323170560,1780553624323170560,HTTP Chunks Sent,count,p75,1.00
69,1780553623323170560,1780553624323170560,HTTP Chunks Sent,count,p90,1.00
69,1780553623323170560,1780553624323170560,HTTP Chunks Sent,count,p95,1.00
69,1780553623323170560,1780553624323170560,HTTP Chunks Sent,count,p99,1.00
69,1780553623323170560,1780553624323170560,HTTP Chunks Sent,count,std,0.00
69,1780553623323170560,1780553624323170560,HTTP Connecting,ms,avg,0.64
69,1780553623323170560,1780553624323170560,HTTP Connecting,ms,min,0.64
69,1780553623323170560,1780553624323170560,HTTP Connecting,ms,max,0.64
69,1780553623323170560,1780553624323170560,HTTP Connecting,ms,sum,0.64
69,1780553623323170560,1780553624323170560,HTTP Connecting,ms,p1,0.64
69,1780553623323170560,1780553624323170560,HTTP Connecting,ms,p5,0.64
69,1780553623323170560,1780553624323170560,HTTP Connecting,ms,p10,0.64
69,1780553623323170560,1780553624323170560,HTTP Connecting,ms,p25,0.64
69,1780553623323170560,1780553624323170560,HTTP Connecting,ms,p50,0.64
69,1780553623323170560,1780553624323170560,HTTP Connecting,ms,p75,0.64
69,1780553623323170560,1780553624323170560,HTTP Connecting,ms,p90,0.64
69,1780553623323170560,1780553624323170560,HTTP Connecting,ms,p95,0.64
69,1780553623323170560,1780553624323170560,HTTP Connecting,ms,p99,0.64
69,1780553623323170560,1780553624323170560,HTTP Connecting,ms,std,0.00
69,1780553623323170560,1780553624323170560,HTTP Connection Overhead,ms,avg,0.64
69,1780553623323170560,1780553624323170560,HTTP Connection Overhead,ms,min,0.64
69,1780553623323170560,1780553624323170560,HTTP Connection Overhead,ms,max,0.64
69,1780553623323170560,1780553624323170560,HTTP Connection Overhead,ms,sum,0.64
69,1780553623323170560,1780553624323170560,HTTP Connection Overhead,ms,p1,0.64
69,1780553623323170560,1780553624323170560,HTTP Connection Overhead,ms,p5,0.64
69,1780553623323170560,1780553624323170560,HTTP Connection Overhead,ms,p10,0.64
69,1780553623323170560,1780553624323170560,HTTP Connection Overhead,ms,p25,0.64
69,1780553623323170560,1780553624323170560,HTTP Connection Overhead,ms,p50,0.64
69,1780553623323170560,1780553624323170560,HTTP Connection Overhead,ms,p75,0.64
69,1780553623323170560,1780553624323170560,HTTP Connection Overhead,ms,p90,0.64
69,1780553623323170560,1780553624323170560,HTTP Connection Overhead,ms,p95,0.64
69,1780553623323170560,1780553624323170560,HTTP Connection Overhead,ms,p99,0.64
69,1780553623323170560,1780553624323170560,HTTP Connection Overhead,ms,std,0.00
69,1780553623323170560,1780553624323170560,HTTP Connection Reused,ratio,avg,0.00
69,1780553623323170560,1780553624323170560,HTTP Connection Reused,ratio,min,0.00
69,1780553623323170560,1780553624323170560,HTTP Connection Reused,ratio,max,0.00
69,1780553623323170560,1780553624323170560,HTTP Connection Reused,ratio,sum,0.00
69,1780553623323170560,1780553624323170560,HTTP Connection Reused,ratio,p1,0.00
69,1780553623323170560,1780553624323170560,HTTP Connection Reused,ratio,p5,0.00
69,1780553623323170560,1780553624323170560,HTTP Connection Reused,ratio,p10,0.00
69,1780553623323170560,1780553624323170560,HTTP Connection Reused,ratio,p25,0.00
69,1780553623323170560,1780553624323170560,HTTP Connection Reused,ratio,p50,0.00
69,1780553623323170560,1780553624323170560,HTTP Connection Reused,ratio,p75,0.00
69,1780553623323170560,1780553624323170560,HTTP Connection Reused,ratio,p90,0.00
69,1780553623323170560,1780553624323170560,HTTP Connection Reused,ratio,p95,0.00
69,1780553623323170560,1780553624323170560,HTTP Connection Reused,ratio,p99,0.00
69,1780553623323170560,1780553624323170560,HTTP Connection Reused,ratio,std,0.00
69,1780553623323170560,1780553624323170560,HTTP Data Received,KB,avg,403.90
69,1780553623323170560,1780553624323170560,HTTP Data Received,KB,min,403.90
69,1780553623323170560,1780553624323170560,HTTP Data Received,KB,max,403.90
69,1780553623323170560,1780553624323170560,HTTP Data Received,KB,sum,403.90
69,1780553623323170560,1780553624323170560,HTTP Data Received,KB,p1,403.90
69,1780553623323170560,1780553624323170560,HTTP Data Received,KB,p5,403.90
69,1780553623323170560,1780553624323170560,HTTP Data Received,KB,p10,403.90
69,1780553623323170560,1780553624323170560,HTTP Data Received,KB,p25,403.90
69,1780553623323170560,1780553624323170560,HTTP Data Received,KB,p50,403.90
69,1780553623323170560,1780553624323170560,HTTP Data Received,KB,p75,403.90
69,1780553623323170560,1780553624323170560,HTTP Data Received,KB,p90,403.90
69,1780553623323170560,1780553624323170560,HTTP Data Received,KB,p95,403.90
69,1780553623323170560,1780553624323170560,HTTP Data Received,KB,p99,403.90
69,1780553623323170560,1780553624323170560,HTTP Data Received,KB,std,0.00
69,1780553623323170560,1780553624323170560,HTTP Data Sent,KB,avg,184.46
69,1780553623323170560,1780553624323170560,HTTP Data Sent,KB,min,184.46
69,1780553623323170560,1780553624323170560,HTTP Data Sent,KB,max,184.46
69,1780553623323170560,1780553624323170560,HTTP Data Sent,KB,sum,184.46
69,1780553623323170560,1780553624323170560,HTTP Data Sent,KB,p1,184.46
69,1780553623323170560,1780553624323170560,HTTP Data Sent,KB,p5,184.46
69,1780553623323170560,1780553624323170560,HTTP Data Sent,KB,p10,184.46
69,1780553623323170560,1780553624323170560,HTTP Data Sent,KB,p25,184.46
69,1780553623323170560,1780553624323170560,HTTP Data Sent,KB,p50,184.46
69,1780553623323170560,1780553624323170560,HTTP Data Sent,KB,p75,184.46
69,1780553623323170560,1780553624323170560,HTTP Data Sent,KB,p90,184.46
69,1780553623323170560,1780553624323170560,HTTP Data Sent,KB,p95,184.46
69,1780553623323170560,1780553624323170560,HTTP Data Sent,KB,p99,184.46
69,1780553623323170560,1780553624323170560,HTTP Data Sent,KB,std,0.00
69,1780553623323170560,1780553624323170560,HTTP DNS Lookup,ms,avg,0.00
69,1780553623323170560,1780553624323170560,HTTP DNS Lookup,ms,min,0.00
69,1780553623323170560,1780553624323170560,HTTP DNS Lookup,ms,max,0.00
69,1780553623323170560,1780553624323170560,HTTP DNS Lookup,ms,sum,0.00
69,1780553623323170560,1780553624323170560,HTTP DNS Lookup,ms,p1,0.00
69,1780553623323170560,1780553624323170560,HTTP DNS Lookup,ms,p5,0.00
69,1780553623323170560,1780553624323170560,HTTP DNS Lookup,ms,p10,0.00
69,1780553623323170560,1780553624323170560,HTTP DNS Lookup,ms,p25,0.00
69,1780553623323170560,1780553624323170560,HTTP DNS Lookup,ms,p50,0.00
69,1780553623323170560,1780553624323170560,HTTP DNS Lookup,ms,p75,0.00
69,1780553623323170560,1780553624323170560,HTTP DNS Lookup,ms,p90,0.00
69,1780553623323170560,1780553624323170560,HTTP DNS Lookup,ms,p95,0.00
69,1780553623323170560,1780553624323170560,HTTP DNS Lookup,ms,p99,0.00
69,1780553623323170560,1780553624323170560,HTTP DNS Lookup,ms,std,0.00
69,1780553623323170560,1780553624323170560,HTTP Duration (excl. conn),ms,avg,324233.63
69,1780553623323170560,1780553624323170560,HTTP Duration (excl. conn),ms,min,324233.63
69,1780553623323170560,1780553624323170560,HTTP Duration (excl. conn),ms,max,324233.63
69,1780553623323170560,1780553624323170560,HTTP Duration (excl. conn),ms,sum,324233.63
69,1780553623323170560,1780553624323170560,HTTP Duration (excl. conn),ms,p1,324233.63
69,1780553623323170560,1780553624323170560,HTTP Duration (excl. conn),ms,p5,324233.63
69,1780553623323170560,1780553624323170560,HTTP Duration (excl. conn),ms,p10,324233.63
69,1780553623323170560,1780553624323170560,HTTP Duration (excl. conn),ms,p25,324233.63
69,1780553623323170560,1780553624323170560,HTTP Duration (excl. conn),ms,p50,324233.63
69,1780553623323170560,1780553624323170560,HTTP Duration (excl. conn),ms,p75,324233.63
69,1780553623323170560,1780553624323170560,HTTP Duration (excl. conn),ms,p90,324233.63
69,1780553623323170560,1780553624323170560,HTTP Duration (excl. conn),ms,p95,324233.63
69,1780553623323170560,1780553624323170560,HTTP Duration (excl. conn),ms,p99,324233.63
69,1780553623323170560,1780553624323170560,HTTP Duration (excl. conn),ms,std,0.00
69,1780553623323170560,1780553624323170560,HTTP Receiving,ms,avg,273012.24
69,1780553623323170560,1780553624323170560,HTTP Receiving,ms,min,273012.24
69,1780553623323170560,1780553624323170560,HTTP Receiving,ms,max,273012.24
69,1780553623323170560,1780553624323170560,HTTP Receiving,ms,sum,273012.24
69,1780553623323170560,1780553624323170560,HTTP Receiving,ms,p1,273012.24
69,1780553623323170560,1780553624323170560,HTTP Receiving,ms,p5,273012.24
69,1780553623323170560,1780553624323170560,HTTP Receiving,ms,p10,273012.24
69,1780553623323170560,1780553624323170560,HTTP Receiving,ms,p25,273012.24
69,1780553623323170560,1780553624323170560,HTTP Receiving,ms,p50,273012.24
69,1780553623323170560,1780553624323170560,HTTP Receiving,ms,p75,273012.24
69,1780553623323170560,1780553624323170560,HTTP Receiving,ms,p90,273012.24
69,1780553623323170560,1780553624323170560,HTTP Receiving,ms,p95,273012.24
69,1780553623323170560,1780553624323170560,HTTP Receiving,ms,p99,273012.24
69,1780553623323170560,1780553624323170560,HTTP Receiving,ms,std,0.00
69,1780553623323170560,1780553624323170560,HTTP Sending,ms,avg,0.93
69,1780553623323170560,1780553624323170560,HTTP Sending,ms,min,0.93
69,1780553623323170560,1780553624323170560,HTTP Sending,ms,max,0.93
69,1780553623323170560,1780553624323170560,HTTP Sending,ms,sum,0.93
69,1780553623323170560,1780553624323170560,HTTP Sending,ms,p1,0.93
69,1780553623323170560,1780553624323170560,HTTP Sending,ms,p5,0.93
69,1780553623323170560,1780553624323170560,HTTP Sending,ms,p10,0.93
69,1780553623323170560,1780553624323170560,HTTP Sending,ms,p25,0.93
69,1780553623323170560,1780553624323170560,HTTP Sending,ms,p50,0.93
69,1780553623323170560,1780553624323170560,HTTP Sending,ms,p75,0.93
69,1780553623323170560,1780553624323170560,HTTP Sending,ms,p90,0.93
69,1780553623323170560,1780553624323170560,HTTP Sending,ms,p95,0.93
69,1780553623323170560,1780553624323170560,HTTP Sending,ms,p99,0.93
69,1780553623323170560,1780553624323170560,HTTP Sending,ms,std,0.00
69,1780553623323170560,1780553624323170560,HTTP Total Time,ms,avg,324234.28
69,1780553623323170560,1780553624323170560,HTTP Total Time,ms,min,324234.28
69,1780553623323170560,1780553624323170560,HTTP Total Time,ms,max,324234.28
69,1780553623323170560,1780553624323170560,HTTP Total Time,ms,sum,324234.28
69,1780553623323170560,1780553624323170560,HTTP Total Time,ms,p1,324234.28
69,1780553623323170560,1780553624323170560,HTTP Total Time,ms,p5,324234.28
69,1780553623323170560,1780553624323170560,HTTP Total Time,ms,p10,324234.28
69,1780553623323170560,1780553624323170560,HTTP Total Time,ms,p25,324234.28
69,1780553623323170560,1780553624323170560,HTTP Total Time,ms,p50,324234.28
69,1780553623323170560,1780553624323170560,HTTP Total Time,ms,p75,324234.28
69,1780553623323170560,1780553624323170560,HTTP Total Time,ms,p90,324234.28
69,1780553623323170560,1780553624323170560,HTTP Total Time,ms,p95,324234.28
69,1780553623323170560,1780553624323170560,HTTP Total Time,ms,p99,324234.28
69,1780553623323170560,1780553624323170560,HTTP Total Time,ms,std,0.00
69,1780553623323170560,1780553624323170560,HTTP Waiting (TTFB),ms,avg,51220.46
69,1780553623323170560,1780553624323170560,HTTP Waiting (TTFB),ms,min,51220.46
69,1780553623323170560,1780553624323170560,HTTP Waiting (TTFB),ms,max,51220.46
69,1780553623323170560,1780553624323170560,HTTP Waiting (TTFB),ms,sum,51220.46
69,1780553623323170560,1780553624323170560,HTTP Waiting (TTFB),ms,p1,51220.46
69,1780553623323170560,1780553624323170560,HTTP Waiting (TTFB),ms,p5,51220.46
69,1780553623323170560,1780553624323170560,HTTP Waiting (TTFB),ms,p10,51220.46
69,1780553623323170560,1780553624323170560,HTTP Waiting (TTFB),ms,p25,51220.46
69,1780553623323170560,1780553624323170560,HTTP Waiting (TTFB),ms,p50,51220.46
69,1780553623323170560,1780553624323170560,HTTP Waiting (TTFB),ms,p75,51220.46
69,1780553623323170560,1780553624323170560,HTTP Waiting (TTFB),ms,p90,51220.46
69,1780553623323170560,1780553624323170560,HTTP Waiting (TTFB),ms,p95,51220.46
69,1780553623323170560,1780553624323170560,HTTP Waiting (TTFB),ms,p99,51220.46
69,1780553623323170560,1780553624323170560,HTTP Waiting (TTFB),ms,std,0.00
69,1780553623323170560,1780553624323170560,Input Sequence Length,tokens,avg,47715.00
69,1780553623323170560,1780553624323170560,Input Sequence Length,tokens,min,47715.00
69,1780553623323170560,1780553624323170560,Input Sequence Length,tokens,max,47715.00
69,1780553623323170560,1780553624323170560,Input Sequence Length,tokens,sum,47715.00
69,1780553623323170560,1780553624323170560,Input Sequence Length,tokens,p1,47715.00
69,1780553623323170560,1780553624323170560,Input Sequence Length,tokens,p5,47715.00
69,1780553623323170560,1780553624323170560,Input Sequence Length,tokens,p10,47715.00
69,1780553623323170560,1780553624323170560,Input Sequence Length,tokens,p25,47715.00
69,1780553623323170560,1780553624323170560,Input Sequence Length,tokens,p50,47715.00
69,1780553623323170560,1780553624323170560,Input Sequence Length,tokens,p75,47715.00
69,1780553623323170560,1780553624323170560,Input Sequence Length,tokens,p90,47715.00
69,1780553623323170560,1780553624323170560,Input Sequence Length,tokens,p95,47715.00
69,1780553623323170560,1780553624323170560,Input Sequence Length,tokens,p99,47715.00
69,1780553623323170560,1780553624323170560,Input Sequence Length,tokens,std,0.00
69,1780553623323170560,1780553624323170560,Input Token Throughput,tokens/sec,avg,47715.00
69,1780553623323170560,1780553624323170560,Inter Chunk Latency,ms,avg,67.23
69,1780553623323170560,1780553624323170560,Inter Chunk Latency,ms,min,67.21
69,1780553623323170560,1780553624323170560,Inter Chunk Latency,ms,max,67.25
69,1780553623323170560,1780553624323170560,Inter Chunk Latency,ms,sum,83162.09
69,1780553623323170560,1780553624323170560,Inter Chunk Latency,ms,p1,67.21
69,1780553623323170560,1780553624323170560,Inter Chunk Latency,ms,p5,67.21
69,1780553623323170560,1780553624323170560,Inter Chunk Latency,ms,p10,67.21
69,1780553623323170560,1780553624323170560,Inter Chunk Latency,ms,p25,67.22
69,1780553623323170560,1780553624323170560,Inter Chunk Latency,ms,p50,67.23
69,1780553623323170560,1780553624323170560,Inter Chunk Latency,ms,p75,67.24
69,1780553623323170560,1780553624323170560,Inter Chunk Latency,ms,p90,67.24
69,1780553623323170560,1780553624323170560,Inter Chunk Latency,ms,p95,67.25
69,1780553623323170560,1780553624323170560,Inter Chunk Latency,ms,p99,67.25
69,1780553623323170560,1780553624323170560,Inter Chunk Latency,ms,std,0.01
69,1780553623323170560,1780553624323170560,Inter Token Latency,ms,avg,167.55
69,1780553623323170560,1780553624323170560,Inter Token Latency,ms,min,167.55
69,1780553623323170560,1780553624323170560,Inter Token Latency,ms,max,167.55
69,1780553623323170560,1780553624323170560,Inter Token Latency,ms,sum,167.55
69,1780553623323170560,1780553624323170560,Inter Token Latency,ms,p1,167.55
69,1780553623323170560,1780553624323170560,Inter Token Latency,ms,p5,167.55
69,1780553623323170560,1780553624323170560,Inter Token Latency,ms,p10,167.55
69,1780553623323170560,1780553624323170560,Inter Token Latency,ms,p25,167.55
69,1780553623323170560,1780553624323170560,Inter Token Latency,ms,p50,167.55
69,1780553623323170560,1780553624323170560,Inter Token Latency,ms,p75,167.55
69,1780553623323170560,1780553624323170560,Inter Token Latency,ms,p90,167.55
69,1780553623323170560,1780553624323170560,Inter Token Latency,ms,p95,167.55
69,1780553623323170560,1780553624323170560,Inter Token Latency,ms,p99,167.55
69,1780553623323170560,1780553624323170560,Inter Token Latency,ms,std,0.00
69,1780553623323170560,1780553624323170560,Maximum Response Timestamp,ns,avg,1780553947982390528.00
69,1780553623323170560,1780553624323170560,Minimum Request Timestamp,ns,avg,1780553623820428288.00
69,1780553623323170560,1780553624323170560,OSL Mismatch Count,requests,avg,0.00
69,1780553623323170560,1780553624323170560,OSL Mismatch Diff %,%,avg,0.00
69,1780553623323170560,1780553624323170560,OSL Mismatch Diff %,%,min,0.00
69,1780553623323170560,1780553624323170560,OSL Mismatch Diff %,%,max,0.00
69,1780553623323170560,1780553624323170560,OSL Mismatch Diff %,%,sum,0.00
69,1780553623323170560,1780553624323170560,OSL Mismatch Diff %,%,p1,0.00
69,1780553623323170560,1780553624323170560,OSL Mismatch Diff %,%,p5,0.00
69,1780553623323170560,1780553624323170560,OSL Mismatch Diff %,%,p10,0.00
69,1780553623323170560,1780553624323170560,OSL Mismatch Diff %,%,p25,0.00
69,1780553623323170560,1780553624323170560,OSL Mismatch Diff %,%,p50,0.00
69,1780553623323170560,1780553624323170560,OSL Mismatch Diff %,%,p75,0.00
69,1780553623323170560,1780553624323170560,OSL Mismatch Diff %,%,p90,0.00
69,1780553623323170560,1780553624323170560,OSL Mismatch Diff %,%,p95,0.00
69,1780553623323170560,1780553624323170560,OSL Mismatch Diff %,%,p99,0.00
69,1780553623323170560,1780553624323170560,OSL Mismatch Diff %,%,std,0.00
69,1780553623323170560,1780553624323170560,Output Sequence Length,tokens,avg,1630.00
69,1780553623323170560,1780553624323170560,Output Sequence Length,tokens,min,1630.00
69,1780553623323170560,1780553624323170560,Output Sequence Length,tokens,max,1630.00
69,1780553623323170560,1780553624323170560,Output Sequence Length,tokens,sum,1630.00
69,1780553623323170560,1780553624323170560,Output Sequence Length,tokens,p1,1630.00
69,1780553623323170560,1780553624323170560,Output Sequence Length,tokens,p5,1630.00
69,1780553623323170560,1780553624323170560,Output Sequence Length,tokens,p10,1630.00
69,1780553623323170560,1780553624323170560,Output Sequence Length,tokens,p25,1630.00
69,1780553623323170560,1780553624323170560,Output Sequence Length,tokens,p50,1630.00
69,1780553623323170560,1780553624323170560,Output Sequence Length,tokens,p75,1630.00
69,1780553623323170560,1780553624323170560,Output Sequence Length,tokens,p90,1630.00
69,1780553623323170560,1780553624323170560,Output Sequence Length,tokens,p95,1630.00
69,1780553623323170560,1780553624323170560,Output Sequence Length,tokens,p99,1630.00
69,1780553623323170560,1780553624323170560,Output Sequence Length,tokens,std,0.00
69,1780553623323170560,1780553624323170560,Output Token Count,tokens,avg,1630.00
69,1780553623323170560,1780553624323170560,Output Token Count,tokens,min,1630.00
69,1780553623323170560,1780553624323170560,Output Token Count,tokens,max,1630.00
69,1780553623323170560,1780553624323170560,Output Token Count,tokens,sum,1630.00
69,1780553623323170560,1780553624323170560,Output Token Count,tokens,p1,1630.00
69,1780553623323170560,1780553624323170560,Output Token Count,tokens,p5,1630.00
69,1780553623323170560,1780553624323170560,Output Token Count,tokens,p10,1630.00
69,1780553623323170560,1780553624323170560,Output Token Count,tokens,p25,1630.00
69,1780553623323170560,1780553624323170560,Output Token Count,tokens,p50,1630.00
69,1780553623323170560,1780553624323170560,Output Token Count,tokens,p75,1630.00
69,1780553623323170560,1780553624323170560,Output Token Count,tokens,p90,1630.00
69,1780553623323170560,1780553624323170560,Output Token Count,tokens,p95,1630.00
69,1780553623323170560,1780553624323170560,Output Token Count,tokens,p99,1630.00
69,1780553623323170560,1780553624323170560,Output Token Count,tokens,std,0.00
69,1780553623323170560,1780553624323170560,Output Token Throughput,tokens/sec,avg,1630.00
69,1780553623323170560,1780553624323170560,Output Token Throughput Per User,tokens/sec/user,avg,5.97
69,1780553623323170560,1780553624323170560,Output Token Throughput Per User,tokens/sec/user,min,5.97
69,1780553623323170560,1780553624323170560,Output Token Throughput Per User,tokens/sec/user,max,5.97
69,1780553623323170560,1780553624323170560,Output Token Throughput Per User,tokens/sec/user,sum,5.97
69,1780553623323170560,1780553624323170560,Output Token Throughput Per User,tokens/sec/user,p1,5.97
69,1780553623323170560,1780553624323170560,Output Token Throughput Per User,tokens/sec/user,p5,5.97
69,1780553623323170560,1780553624323170560,Output Token Throughput Per User,tokens/sec/user,p10,5.97
69,1780553623323170560,1780553624323170560,Output Token Throughput Per User,tokens/sec/user,p25,5.97
69,1780553623323170560,1780553624323170560,Output Token Throughput Per User,tokens/sec/user,p50,5.97
69,1780553623323170560,1780553624323170560,Output Token Throughput Per User,tokens/sec/user,p75,5.97
69,1780553623323170560,1780553624323170560,Output Token Throughput Per User,tokens/sec/user,p90,5.97
69,1780553623323170560,1780553624323170560,Output Token Throughput Per User,tokens/sec/user,p95,5.97
69,1780553623323170560,1780553624323170560,Output Token Throughput Per User,tokens/sec/user,p99,5.97
69,1780553623323170560,1780553624323170560,Output Token Throughput Per User,tokens/sec/user,std,0.00
69,1780553623323170560,1780553624323170560,Prefill Throughput Per User,tokens/sec/user,avg,931.54
69,1780553623323170560,1780553624323170560,Prefill Throughput Per User,tokens/sec/user,min,931.54
69,1780553623323170560,1780553624323170560,Prefill Throughput Per User,tokens/sec/user,max,931.54
69,1780553623323170560,1780553624323170560,Prefill Throughput Per User,tokens/sec/user,sum,931.54
69,1780553623323170560,1780553624323170560,Prefill Throughput Per User,tokens/sec/user,p1,931.54
69,1780553623323170560,1780553624323170560,Prefill Throughput Per User,tokens/sec/user,p5,931.54
69,1780553623323170560,1780553624323170560,Prefill Throughput Per User,tokens/sec/user,p10,931.54
69,1780553623323170560,1780553624323170560,Prefill Throughput Per User,tokens/sec/user,p25,931.54
69,1780553623323170560,1780553624323170560,Prefill Throughput Per User,tokens/sec/user,p50,931.54
69,1780553623323170560,1780553624323170560,Prefill Throughput Per User,tokens/sec/user,p75,931.54
69,1780553623323170560,1780553624323170560,Prefill Throughput Per User,tokens/sec/user,p90,931.54
69,1780553623323170560,1780553624323170560,Prefill Throughput Per User,tokens/sec/user,p95,931.54
69,1780553623323170560,1780553624323170560,Prefill Throughput Per User,tokens/sec/user,p99,931.54
69,1780553623323170560,1780553624323170560,Prefill Throughput Per User,tokens/sec/user,std,0.00
69,1780553623323170560,1780553624323170560,Request Count,requests,avg,1.00
69,1780553623323170560,1780553624323170560,Request Latency,ms,avg,324161.96
69,1780553623323170560,1780553624323170560,Request Latency,ms,min,324161.96
69,1780553623323170560,1780553624323170560,Request Latency,ms,max,324161.96
69,1780553623323170560,1780553624323170560,Request Latency,ms,sum,324161.96
69,1780553623323170560,1780553624323170560,Request Latency,ms,p1,324161.96
69,1780553623323170560,1780553624323170560,Request Latency,ms,p5,324161.96
69,1780553623323170560,1780553624323170560,Request Latency,ms,p10,324161.96
69,1780553623323170560,1780553624323170560,Request Latency,ms,p25,324161.96
69,1780553623323170560,1780553624323170560,Request Latency,ms,p50,324161.96
69,1780553623323170560,1780553624323170560,Request Latency,ms,p75,324161.96
69,1780553623323170560,1780553624323170560,Request Latency,ms,p90,324161.96
69,1780553623323170560,1780553624323170560,Request Latency,ms,p95,324161.96
69,1780553623323170560,1780553624323170560,Request Latency,ms,p99,324161.96
69,1780553623323170560,1780553624323170560,Request Latency,ms,std,0.00
69,1780553623323170560,1780553624323170560,Request Throughput,requests/sec,avg,1.00
69,1780553623323170560,1780553624323170560,Requested OSL,tokens,avg,1630.00
69,1780553623323170560,1780553624323170560,Requested OSL,tokens,min,1630.00
69,1780553623323170560,1780553624323170560,Requested OSL,tokens,max,1630.00
69,1780553623323170560,1780553624323170560,Requested OSL,tokens,sum,1630.00
69,1780553623323170560,1780553624323170560,Requested OSL,tokens,p1,1630.00
69,1780553623323170560,1780553624323170560,Requested OSL,tokens,p5,1630.00
69,1780553623323170560,1780553624323170560,Requested OSL,tokens,p10,1630.00
69,1780553623323170560,1780553624323170560,Requested OSL,tokens,p25,1630.00
69,1780553623323170560,1780553624323170560,Requested OSL,tokens,p50,1630.00
69,1780553623323170560,1780553624323170560,Requested OSL,tokens,p75,1630.00
69,1780553623323170560,1780553624323170560,Requested OSL,tokens,p90,1630.00
69,1780553623323170560,1780553624323170560,Requested OSL,tokens,p95,1630.00
69,1780553623323170560,1780553624323170560,Requested OSL,tokens,p99,1630.00
69,1780553623323170560,1780553624323170560,Requested OSL,tokens,std,0.00
69,1780553623323170560,1780553624323170560,Time to First Output Token,ms,avg,51221.52
69,1780553623323170560,1780553624323170560,Time to First Output Token,ms,min,51221.52
69,1780553623323170560,1780553624323170560,Time to First Output Token,ms,max,51221.52
69,1780553623323170560,1780553624323170560,Time to First Output Token,ms,sum,51221.52
69,1780553623323170560,1780553624323170560,Time to First Output Token,ms,p1,51221.52
69,1780553623323170560,1780553624323170560,Time to First Output Token,ms,p5,51221.52
69,1780553623323170560,1780553624323170560,Time to First Output Token,ms,p10,51221.52
69,1780553623323170560,1780553624323170560,Time to First Output Token,ms,p25,51221.52
69,1780553623323170560,1780553624323170560,Time to First Output Token,ms,p50,51221.52
69,1780553623323170560,1780553624323170560,Time to First Output Token,ms,p75,51221.52
69,1780553623323170560,1780553624323170560,Time to First Output Token,ms,p90,51221.52
69,1780553623323170560,1780553624323170560,Time to First Output Token,ms,p95,51221.52
69,1780553623323170560,1780553624323170560,Time to First Output Token,ms,p99,51221.52
69,1780553623323170560,1780553624323170560,Time to First Output Token,ms,std,0.00
69,1780553623323170560,1780553624323170560,Time to First Token,ms,avg,51221.52
69,1780553623323170560,1780553624323170560,Time to First Token,ms,min,51221.52
69,1780553623323170560,1780553624323170560,Time to First Token,ms,max,51221.52
69,1780553623323170560,1780553624323170560,Time to First Token,ms,sum,51221.52
69,1780553623323170560,1780553624323170560,Time to First Token,ms,p1,51221.52
69,1780553623323170560,1780553624323170560,Time to First Token,ms,p5,51221.52
69,1780553623323170560,1780553624323170560,Time to First Token,ms,p10,51221.52
69,1780553623323170560,1780553624323170560,Time to First Token,ms,p25,51221.52
69,1780553623323170560,1780553624323170560,Time to First Token,ms,p50,51221.52
69,1780553623323170560,1780553624323170560,Time to First Token,ms,p75,51221.52
69,1780553623323170560,1780553624323170560,Time to First Token,ms,p90,51221.52
69,1780553623323170560,1780553624323170560,Time to First Token,ms,p95,51221.52
69,1780553623323170560,1780553624323170560,Time to First Token,ms,p99,51221.52
69,1780553623323170560,1780553624323170560,Time to First Token,ms,std,0.00
69,1780553623323170560,1780553624323170560,Time to Second Token,ms,avg,187.61
69,1780553623323170560,1780553624323170560,Time to Second Token,ms,min,187.61
69,1780553623323170560,1780553624323170560,Time to Second Token,ms,max,187.61
69,1780553623323170560,1780553624323170560,Time to Second Token,ms,sum,187.61
69,1780553623323170560,1780553624323170560,Time to Second Token,ms,p1,187.61
69,1780553623323170560,1780553624323170560,Time to Second Token,ms,p5,187.61
69,1780553623323170560,1780553624323170560,Time to Second Token,ms,p10,187.61
69,1780553623323170560,1780553624323170560,Time to Second Token,ms,p25,187.61
69,1780553623323170560,1780553624323170560,Time to Second Token,ms,p50,187.61
69,1780553623323170560,1780553624323170560,Time to Second Token,ms,p75,187.61
69,1780553623323170560,1780553624323170560,Time to Second Token,ms,p90,187.61
69,1780553623323170560,1780553624323170560,Time to Second Token,ms,p95,187.61
69,1780553623323170560,1780553624323170560,Time to Second Token,ms,p99,187.61
69,1780553623323170560,1780553624323170560,Time to Second Token,ms,std,0.00
69,1780553623323170560,1780553624323170560,Tokens In Flight,tokens,avg,1565728.85
69,1780553623323170560,1780553624323170560,Tokens In Flight,tokens,min,1541718.46
69,1780553623323170560,1780553624323170560,Tokens In Flight,tokens,max,1589477.96
69,1780553623323170560,1780553624323170560,Tokens In Flight,tokens,p50,1589455.71
69,1780553623323170560,1780553624323170560,Tokens In Flight,tokens,p90,1589473.93
69,1780553623323170560,1780553624323170560,Tokens In Flight,tokens,p95,1589475.96
69,1780553623323170560,1780553624323170560,Tokens In Flight,tokens,p99,1589477.96
69,1780553623323170560,1780553624323170560,Tokens In Flight,tokens,std,23868.47
69,1780553623323170560,1780553624323170560,Total Input Sequence Length,tokens,avg,47715.00
69,1780553623323170560,1780553624323170560,Total Output Sequence Length,tokens,avg,1630.00
69,1780553623323170560,1780553624323170560,Total Output Tokens,tokens,avg,1630.00
69,1780553623323170560,1780553624323170560,Total Token Throughput,tokens/sec,avg,49345.00
69,1780553623323170560,1780553624323170560,Total Usage Completion Tokens,tokens,avg,1630.00
69,1780553623323170560,1780553624323170560,Total Usage Prompt Tokens,tokens,avg,47715.00
69,1780553623323170560,1780553624323170560,Total Usage Total Tokens,tokens,avg,49345.00
69,1780553623323170560,1780553624323170560,Usage Completion Tokens,tokens,avg,1630.00
69,1780553623323170560,1780553624323170560,Usage Completion Tokens,tokens,min,1630.00
69,1780553623323170560,1780553624323170560,Usage Completion Tokens,tokens,max,1630.00
69,1780553623323170560,1780553624323170560,Usage Completion Tokens,tokens,sum,1630.00
69,1780553623323170560,1780553624323170560,Usage Completion Tokens,tokens,p1,1630.00
69,1780553623323170560,1780553624323170560,Usage Completion Tokens,tokens,p5,1630.00
69,1780553623323170560,1780553624323170560,Usage Completion Tokens,tokens,p10,1630.00
69,1780553623323170560,1780553624323170560,Usage Completion Tokens,tokens,p25,1630.00
69,1780553623323170560,1780553624323170560,Usage Completion Tokens,tokens,p50,1630.00
69,1780553623323170560,1780553624323170560,Usage Completion Tokens,tokens,p75,1630.00
69,1780553623323170560,1780553624323170560,Usage Completion Tokens,tokens,p90,1630.00
69,1780553623323170560,1780553624323170560,Usage Completion Tokens,tokens,p95,1630.00
69,1780553623323170560,1780553624323170560,Usage Completion Tokens,tokens,p99,1630.00
69,1780553623323170560,1780553624323170560,Usage Completion Tokens,tokens,std,0.00
69,1780553623323170560,1780553624323170560,Usage Prompt Tokens,tokens,avg,47715.00
69,1780553623323170560,1780553624323170560,Usage Prompt Tokens,tokens,min,47715.00
69,1780553623323170560,1780553624323170560,Usage Prompt Tokens,tokens,max,47715.00
69,1780553623323170560,1780553624323170560,Usage Prompt Tokens,tokens,sum,47715.00
69,1780553623323170560,1780553624323170560,Usage Prompt Tokens,tokens,p1,47715.00
69,1780553623323170560,1780553624323170560,Usage Prompt Tokens,tokens,p5,47715.00
69,1780553623323170560,1780553624323170560,Usage Prompt Tokens,tokens,p10,47715.00
69,1780553623323170560,1780553624323170560,Usage Prompt Tokens,tokens,p25,47715.00
69,1780553623323170560,1780553624323170560,Usage Prompt Tokens,tokens,p50,47715.00
69,1780553623323170560,1780553624323170560,Usage Prompt Tokens,tokens,p75,47715.00
69,1780553623323170560,1780553624323170560,Usage Prompt Tokens,tokens,p90,47715.00
69,1780553623323170560,1780553624323170560,Usage Prompt Tokens,tokens,p95,47715.00
69,1780553623323170560,1780553624323170560,Usage Prompt Tokens,tokens,p99,47715.00
69,1780553623323170560,1780553624323170560,Usage Prompt Tokens,tokens,std,0.00
69,1780553623323170560,1780553624323170560,Usage Total Tokens,tokens,avg,49345.00
69,1780553623323170560,1780553624323170560,Usage Total Tokens,tokens,min,49345.00
69,1780553623323170560,1780553624323170560,Usage Total Tokens,tokens,max,49345.00
69,1780553623323170560,1780553624323170560,Usage Total Tokens,tokens,sum,49345.00
69,1780553623323170560,1780553624323170560,Usage Total Tokens,tokens,p1,49345.00
69,1780553623323170560,1780553624323170560,Usage Total Tokens,tokens,p5,49345.00
69,1780553623323170560,1780553624323170560,Usage Total Tokens,tokens,p10,49345.00
69,1780553623323170560,1780553624323170560,Usage Total Tokens,tokens,p25,49345.00
69,1780553623323170560,1780553624323170560,Usage Total Tokens,tokens,p50,49345.00
69,1780553623323170560,1780553624323170560,Usage Total Tokens,tokens,p75,49345.00
69,1780553623323170560,1780553624323170560,Usage Total Tokens,tokens,p90,49345.00
69,1780553623323170560,1780553624323170560,Usage Total Tokens,tokens,p95,49345.00
69,1780553623323170560,1780553624323170560,Usage Total Tokens,tokens,p99,49345.00
69,1780553623323170560,1780553624323170560,Usage Total Tokens,tokens,std,0.00
70,1780553639323170560,1780553640323170560,Active Decode Throughput,tokens/sec,avg,60.36
70,1780553639323170560,1780553640323170560,Active Decode Throughput,tokens/sec,min,45.17
70,1780553639323170560,1780553640323170560,Active Decode Throughput,tokens/sec,max,75.56
70,1780553639323170560,1780553640323170560,Active Decode Throughput,tokens/sec,p50,60.36
70,1780553639323170560,1780553640323170560,Active Decode Throughput,tokens/sec,p90,60.36
70,1780553639323170560,1780553640323170560,Active Decode Throughput,tokens/sec,p95,60.36
70,1780553639323170560,1780553640323170560,Active Decode Throughput,tokens/sec,p99,60.36
70,1780553639323170560,1780553640323170560,Active Decode Throughput,tokens/sec,std,0.03
70,1780553639323170560,1780553640323170560,Active Decode Throughput Per User,tokens/sec/user,avg,5.49
70,1780553639323170560,1780553640323170560,Active Decode Throughput Per User,tokens/sec/user,min,4.11
70,1780553639323170560,1780553640323170560,Active Decode Throughput Per User,tokens/sec/user,max,6.87
70,1780553639323170560,1780553640323170560,Active Decode Throughput Per User,tokens/sec/user,p50,5.49
70,1780553639323170560,1780553640323170560,Active Decode Throughput Per User,tokens/sec/user,p90,5.49
70,1780553639323170560,1780553640323170560,Active Decode Throughput Per User,tokens/sec/user,p95,5.49
70,1780553639323170560,1780553640323170560,Active Decode Throughput Per User,tokens/sec/user,p99,5.49
70,1780553639323170560,1780553640323170560,Active Decode Throughput Per User,tokens/sec/user,std,0.00
70,1780553639323170560,1780553640323170560,Active Prefill Throughput,tokens/sec,avg,5837.99
70,1780553639323170560,1780553640323170560,Active Prefill Throughput,tokens/sec,min,5407.89
70,1780553639323170560,1780553640323170560,Active Prefill Throughput,tokens/sec,max,7465.07
70,1780553639323170560,1780553640323170560,Active Prefill Throughput,tokens/sec,p50,5407.89
70,1780553639323170560,1780553640323170560,Active Prefill Throughput,tokens/sec,p90,7465.07
70,1780553639323170560,1780553640323170560,Active Prefill Throughput,tokens/sec,p95,7465.07
70,1780553639323170560,1780553640323170560,Active Prefill Throughput,tokens/sec,p99,7465.07
70,1780553639323170560,1780553640323170560,Active Prefill Throughput,tokens/sec,std,836.54
70,1780553639323170560,1780553640323170560,Active Prefill Throughput Per User,tokens/sec/user,avg,1815.94
70,1780553639323170560,1780553640323170560,Active Prefill Throughput Per User,tokens/sec/user,min,1802.63
70,1780553639323170560,1780553640323170560,Active Prefill Throughput Per User,tokens/sec/user,max,1866.27
70,1780553639323170560,1780553640323170560,Active Prefill Throughput Per User,tokens/sec/user,p50,1802.63
70,1780553639323170560,1780553640323170560,Active Prefill Throughput Per User,tokens/sec/user,p90,1866.27
70,1780553639323170560,1780553640323170560,Active Prefill Throughput Per User,tokens/sec/user,p95,1866.27
70,1780553639323170560,1780553640323170560,Active Prefill Throughput Per User,tokens/sec/user,p99,1866.27
70,1780553639323170560,1780553640323170560,Active Prefill Throughput Per User,tokens/sec/user,std,25.88
70,1780553639323170560,1780553640323170560,Active Total Throughput,tokens/sec,avg,5904.65
70,1780553639323170560,1780553640323170560,Active Total Throughput,tokens/sec,min,5474.55
70,1780553639323170560,1780553640323170560,Active Total Throughput,tokens/sec,max,7531.73
70,1780553639323170560,1780553640323170560,Active Total Throughput,tokens/sec,p50,5474.55
70,1780553639323170560,1780553640323170560,Active Total Throughput,tokens/sec,p90,7531.73
70,1780553639323170560,1780553640323170560,Active Total Throughput,tokens/sec,p95,7531.73
70,1780553639323170560,1780553640323170560,Active Total Throughput,tokens/sec,p99,7531.73
70,1780553639323170560,1780553640323170560,Active Total Throughput,tokens/sec,std,836.54
70,1780553639323170560,1780553640323170560,Benchmark Duration,sec,avg,55.08
70,1780553639323170560,1780553640323170560,E2E Output Token Throughput,tokens/sec/user,avg,3.05
70,1780553639323170560,1780553640323170560,E2E Output Token Throughput,tokens/sec/user,min,3.05
70,1780553639323170560,1780553640323170560,E2E Output Token Throughput,tokens/sec/user,max,3.05
70,1780553639323170560,1780553640323170560,E2E Output Token Throughput,tokens/sec/user,sum,3.05
70,1780553639323170560,1780553640323170560,E2E Output Token Throughput,tokens/sec/user,p1,3.05
70,1780553639323170560,1780553640323170560,E2E Output Token Throughput,tokens/sec/user,p5,3.05
70,1780553639323170560,1780553640323170560,E2E Output Token Throughput,tokens/sec/user,p10,3.05
70,1780553639323170560,1780553640323170560,E2E Output Token Throughput,tokens/sec/user,p25,3.05
70,1780553639323170560,1780553640323170560,E2E Output Token Throughput,tokens/sec/user,p50,3.05
70,1780553639323170560,1780553640323170560,E2E Output Token Throughput,tokens/sec/user,p75,3.05
70,1780553639323170560,1780553640323170560,E2E Output Token Throughput,tokens/sec/user,p90,3.05
70,1780553639323170560,1780553640323170560,E2E Output Token Throughput,tokens/sec/user,p95,3.05
70,1780553639323170560,1780553640323170560,E2E Output Token Throughput,tokens/sec/user,p99,3.05
70,1780553639323170560,1780553640323170560,E2E Output Token Throughput,tokens/sec/user,std,0.00
70,1780553639323170560,1780553640323170560,Effective Concurrency,requests,avg,14.21
70,1780553639323170560,1780553640323170560,Effective Concurrency,requests,min,14.00
70,1780553639323170560,1780553640323170560,Effective Concurrency,requests,max,15.00
70,1780553639323170560,1780553640323170560,Effective Concurrency,requests,p50,14.00
70,1780553639323170560,1780553640323170560,Effective Concurrency,requests,p90,15.00
70,1780553639323170560,1780553640323170560,Effective Concurrency,requests,p95,15.00
70,1780553639323170560,1780553640323170560,Effective Concurrency,requests,p99,15.00
70,1780553639323170560,1780553640323170560,Effective Concurrency,requests,std,0.41
70,1780553639323170560,1780553640323170560,Effective Decode Concurrency,requests,avg,11.00
70,1780553639323170560,1780553640323170560,Effective Decode Concurrency,requests,min,11.00
70,1780553639323170560,1780553640323170560,Effective Decode Concurrency,requests,max,11.00
70,1780553639323170560,1780553640323170560,Effective Decode Concurrency,requests,p50,11.00
70,1780553639323170560,1780553640323170560,Effective Decode Concurrency,requests,p90,11.00
70,1780553639323170560,1780553640323170560,Effective Decode Concurrency,requests,p95,11.00
70,1780553639323170560,1780553640323170560,Effective Decode Concurrency,requests,p99,11.00
70,1780553639323170560,1780553640323170560,Effective Decode Concurrency,requests,std,0.00
70,1780553639323170560,1780553640323170560,Effective Decode Throughput,tokens/sec,avg,60.36
70,1780553639323170560,1780553640323170560,Effective Decode Throughput,tokens/sec,min,45.17
70,1780553639323170560,1780553640323170560,Effective Decode Throughput,tokens/sec,max,75.56
70,1780553639323170560,1780553640323170560,Effective Decode Throughput,tokens/sec,p50,60.36
70,1780553639323170560,1780553640323170560,Effective Decode Throughput,tokens/sec,p90,60.36
70,1780553639323170560,1780553640323170560,Effective Decode Throughput,tokens/sec,p95,60.36
70,1780553639323170560,1780553640323170560,Effective Decode Throughput,tokens/sec,p99,60.36
70,1780553639323170560,1780553640323170560,Effective Decode Throughput,tokens/sec,std,0.03
70,1780553639323170560,1780553640323170560,Effective Decode Throughput Per User,tokens/sec/user,avg,5.49
70,1780553639323170560,1780553640323170560,Effective Decode Throughput Per User,tokens/sec/user,min,4.11
70,1780553639323170560,1780553640323170560,Effective Decode Throughput Per User,tokens/sec/user,max,6.87
70,1780553639323170560,1780553640323170560,Effective Decode Throughput Per User,tokens/sec/user,p50,5.49
70,1780553639323170560,1780553640323170560,Effective Decode Throughput Per User,tokens/sec/user,p90,5.49
70,1780553639323170560,1780553640323170560,Effective Decode Throughput Per User,tokens/sec/user,p95,5.49
70,1780553639323170560,1780553640323170560,Effective Decode Throughput Per User,tokens/sec/user,p99,5.49
70,1780553639323170560,1780553640323170560,Effective Decode Throughput Per User,tokens/sec/user,std,0.00
70,1780553639323170560,1780553640323170560,Effective Prefill Concurrency,requests,avg,3.21
70,1780553639323170560,1780553640323170560,Effective Prefill Concurrency,requests,min,3.00
70,1780553639323170560,1780553640323170560,Effective Prefill Concurrency,requests,max,4.00
70,1780553639323170560,1780553640323170560,Effective Prefill Concurrency,requests,p50,3.00
70,1780553639323170560,1780553640323170560,Effective Prefill Concurrency,requests,p90,4.00
70,1780553639323170560,1780553640323170560,Effective Prefill Concurrency,requests,p95,4.00
70,1780553639323170560,1780553640323170560,Effective Prefill Concurrency,requests,p99,4.00
70,1780553639323170560,1780553640323170560,Effective Prefill Concurrency,requests,std,0.41
70,1780553639323170560,1780553640323170560,Effective Prefill Throughput,tokens/sec,avg,5837.99
70,1780553639323170560,1780553640323170560,Effective Prefill Throughput,tokens/sec,min,5407.89
70,1780553639323170560,1780553640323170560,Effective Prefill Throughput,tokens/sec,max,7465.07
70,1780553639323170560,1780553640323170560,Effective Prefill Throughput,tokens/sec,p50,5407.89
70,1780553639323170560,1780553640323170560,Effective Prefill Throughput,tokens/sec,p90,7465.07
70,1780553639323170560,1780553640323170560,Effective Prefill Throughput,tokens/sec,p95,7465.07
70,1780553639323170560,1780553640323170560,Effective Prefill Throughput,tokens/sec,p99,7465.07
70,1780553639323170560,1780553640323170560,Effective Prefill Throughput,tokens/sec,std,836.54
70,1780553639323170560,1780553640323170560,Effective Prefill Throughput Per User,tokens/sec/user,avg,1815.94
70,1780553639323170560,1780553640323170560,Effective Prefill Throughput Per User,tokens/sec/user,min,1802.63
70,1780553639323170560,1780553640323170560,Effective Prefill Throughput Per User,tokens/sec/user,max,1866.27
70,1780553639323170560,1780553640323170560,Effective Prefill Throughput Per User,tokens/sec/user,p50,1802.63
70,1780553639323170560,1780553640323170560,Effective Prefill Throughput Per User,tokens/sec/user,p90,1866.27
70,1780553639323170560,1780553640323170560,Effective Prefill Throughput Per User,tokens/sec/user,p95,1866.27
70,1780553639323170560,1780553640323170560,Effective Prefill Throughput Per User,tokens/sec/user,p99,1866.27
70,1780553639323170560,1780553640323170560,Effective Prefill Throughput Per User,tokens/sec/user,std,25.88
70,1780553639323170560,1780553640323170560,Effective Total Throughput,tokens/sec,avg,5904.65
70,1780553639323170560,1780553640323170560,Effective Total Throughput,tokens/sec,min,5474.55
70,1780553639323170560,1780553640323170560,Effective Total Throughput,tokens/sec,max,7531.73
70,1780553639323170560,1780553640323170560,Effective Total Throughput,tokens/sec,p50,5474.55
70,1780553639323170560,1780553640323170560,Effective Total Throughput,tokens/sec,p90,7531.73
70,1780553639323170560,1780553640323170560,Effective Total Throughput,tokens/sec,p95,7531.73
70,1780553639323170560,1780553640323170560,Effective Total Throughput,tokens/sec,p99,7531.73
70,1780553639323170560,1780553640323170560,Effective Total Throughput,tokens/sec,std,836.54
70,1780553639323170560,1780553640323170560,HTTP Blocked,ms,avg,0.00
70,1780553639323170560,1780553640323170560,HTTP Blocked,ms,min,0.00
70,1780553639323170560,1780553640323170560,HTTP Blocked,ms,max,0.00
70,1780553639323170560,1780553640323170560,HTTP Blocked,ms,sum,0.00
70,1780553639323170560,1780553640323170560,HTTP Blocked,ms,p1,0.00
70,1780553639323170560,1780553640323170560,HTTP Blocked,ms,p5,0.00
70,1780553639323170560,1780553640323170560,HTTP Blocked,ms,p10,0.00
70,1780553639323170560,1780553640323170560,HTTP Blocked,ms,p25,0.00
70,1780553639323170560,1780553640323170560,HTTP Blocked,ms,p50,0.00
70,1780553639323170560,1780553640323170560,HTTP Blocked,ms,p75,0.00
70,1780553639323170560,1780553640323170560,HTTP Blocked,ms,p90,0.00
70,1780553639323170560,1780553640323170560,HTTP Blocked,ms,p95,0.00
70,1780553639323170560,1780553640323170560,HTTP Blocked,ms,p99,0.00
70,1780553639323170560,1780553640323170560,HTTP Blocked,ms,std,0.00
70,1780553639323170560,1780553640323170560,HTTP Chunks Received,count,avg,168.00
70,1780553639323170560,1780553640323170560,HTTP Chunks Received,count,min,168.00
70,1780553639323170560,1780553640323170560,HTTP Chunks Received,count,max,168.00
70,1780553639323170560,1780553640323170560,HTTP Chunks Received,count,sum,168.00
70,1780553639323170560,1780553640323170560,HTTP Chunks Received,count,p1,168.00
70,1780553639323170560,1780553640323170560,HTTP Chunks Received,count,p5,168.00
70,1780553639323170560,1780553640323170560,HTTP Chunks Received,count,p10,168.00
70,1780553639323170560,1780553640323170560,HTTP Chunks Received,count,p25,168.00
70,1780553639323170560,1780553640323170560,HTTP Chunks Received,count,p50,168.00
70,1780553639323170560,1780553640323170560,HTTP Chunks Received,count,p75,168.00
70,1780553639323170560,1780553640323170560,HTTP Chunks Received,count,p90,168.00
70,1780553639323170560,1780553640323170560,HTTP Chunks Received,count,p95,168.00
70,1780553639323170560,1780553640323170560,HTTP Chunks Received,count,p99,168.00
70,1780553639323170560,1780553640323170560,HTTP Chunks Received,count,std,0.00
70,1780553639323170560,1780553640323170560,HTTP Chunks Sent,count,avg,1.00
70,1780553639323170560,1780553640323170560,HTTP Chunks Sent,count,min,1.00
70,1780553639323170560,1780553640323170560,HTTP Chunks Sent,count,max,1.00
70,1780553639323170560,1780553640323170560,HTTP Chunks Sent,count,sum,1.00
70,1780553639323170560,1780553640323170560,HTTP Chunks Sent,count,p1,1.00
70,1780553639323170560,1780553640323170560,HTTP Chunks Sent,count,p5,1.00
70,1780553639323170560,1780553640323170560,HTTP Chunks Sent,count,p10,1.00
70,1780553639323170560,1780553640323170560,HTTP Chunks Sent,count,p25,1.00
70,1780553639323170560,1780553640323170560,HTTP Chunks Sent,count,p50,1.00
70,1780553639323170560,1780553640323170560,HTTP Chunks Sent,count,p75,1.00
70,1780553639323170560,1780553640323170560,HTTP Chunks Sent,count,p90,1.00
70,1780553639323170560,1780553640323170560,HTTP Chunks Sent,count,p95,1.00
70,1780553639323170560,1780553640323170560,HTTP Chunks Sent,count,p99,1.00
70,1780553639323170560,1780553640323170560,HTTP Chunks Sent,count,std,0.00
70,1780553639323170560,1780553640323170560,HTTP Connecting,ms,avg,1.14
70,1780553639323170560,1780553640323170560,HTTP Connecting,ms,min,1.14
70,1780553639323170560,1780553640323170560,HTTP Connecting,ms,max,1.14
70,1780553639323170560,1780553640323170560,HTTP Connecting,ms,sum,1.14
70,1780553639323170560,1780553640323170560,HTTP Connecting,ms,p1,1.14
70,1780553639323170560,1780553640323170560,HTTP Connecting,ms,p5,1.14
70,1780553639323170560,1780553640323170560,HTTP Connecting,ms,p10,1.14
70,1780553639323170560,1780553640323170560,HTTP Connecting,ms,p25,1.14
70,1780553639323170560,1780553640323170560,HTTP Connecting,ms,p50,1.14
70,1780553639323170560,1780553640323170560,HTTP Connecting,ms,p75,1.14
70,1780553639323170560,1780553640323170560,HTTP Connecting,ms,p90,1.14
70,1780553639323170560,1780553640323170560,HTTP Connecting,ms,p95,1.14
70,1780553639323170560,1780553640323170560,HTTP Connecting,ms,p99,1.14
70,1780553639323170560,1780553640323170560,HTTP Connecting,ms,std,0.00
70,1780553639323170560,1780553640323170560,HTTP Connection Overhead,ms,avg,1.59
70,1780553639323170560,1780553640323170560,HTTP Connection Overhead,ms,min,1.59
70,1780553639323170560,1780553640323170560,HTTP Connection Overhead,ms,max,1.59
70,1780553639323170560,1780553640323170560,HTTP Connection Overhead,ms,sum,1.59
70,1780553639323170560,1780553640323170560,HTTP Connection Overhead,ms,p1,1.59
70,1780553639323170560,1780553640323170560,HTTP Connection Overhead,ms,p5,1.59
70,1780553639323170560,1780553640323170560,HTTP Connection Overhead,ms,p10,1.59
70,1780553639323170560,1780553640323170560,HTTP Connection Overhead,ms,p25,1.59
70,1780553639323170560,1780553640323170560,HTTP Connection Overhead,ms,p50,1.59
70,1780553639323170560,1780553640323170560,HTTP Connection Overhead,ms,p75,1.59
70,1780553639323170560,1780553640323170560,HTTP Connection Overhead,ms,p90,1.59
70,1780553639323170560,1780553640323170560,HTTP Connection Overhead,ms,p95,1.59
70,1780553639323170560,1780553640323170560,HTTP Connection Overhead,ms,p99,1.59
70,1780553639323170560,1780553640323170560,HTTP Connection Overhead,ms,std,0.00
70,1780553639323170560,1780553640323170560,HTTP Connection Reused,ratio,avg,0.00
70,1780553639323170560,1780553640323170560,HTTP Connection Reused,ratio,min,0.00
70,1780553639323170560,1780553640323170560,HTTP Connection Reused,ratio,max,0.00
70,1780553639323170560,1780553640323170560,HTTP Connection Reused,ratio,sum,0.00
70,1780553639323170560,1780553640323170560,HTTP Connection Reused,ratio,p1,0.00
70,1780553639323170560,1780553640323170560,HTTP Connection Reused,ratio,p5,0.00
70,1780553639323170560,1780553640323170560,HTTP Connection Reused,ratio,p10,0.00
70,1780553639323170560,1780553640323170560,HTTP Connection Reused,ratio,p25,0.00
70,1780553639323170560,1780553640323170560,HTTP Connection Reused,ratio,p50,0.00
70,1780553639323170560,1780553640323170560,HTTP Connection Reused,ratio,p75,0.00
70,1780553639323170560,1780553640323170560,HTTP Connection Reused,ratio,p90,0.00
70,1780553639323170560,1780553640323170560,HTTP Connection Reused,ratio,p95,0.00
70,1780553639323170560,1780553640323170560,HTTP Connection Reused,ratio,p99,0.00
70,1780553639323170560,1780553640323170560,HTTP Connection Reused,ratio,std,0.00
70,1780553639323170560,1780553640323170560,HTTP Data Received,KB,avg,42.44
70,1780553639323170560,1780553640323170560,HTTP Data Received,KB,min,42.44
70,1780553639323170560,1780553640323170560,HTTP Data Received,KB,max,42.44
70,1780553639323170560,1780553640323170560,HTTP Data Received,KB,sum,42.44
70,1780553639323170560,1780553640323170560,HTTP Data Received,KB,p1,42.44
70,1780553639323170560,1780553640323170560,HTTP Data Received,KB,p5,42.44
70,1780553639323170560,1780553640323170560,HTTP Data Received,KB,p10,42.44
70,1780553639323170560,1780553640323170560,HTTP Data Received,KB,p25,42.44
70,1780553639323170560,1780553640323170560,HTTP Data Received,KB,p50,42.44
70,1780553639323170560,1780553640323170560,HTTP Data Received,KB,p75,42.44
70,1780553639323170560,1780553640323170560,HTTP Data Received,KB,p90,42.44
70,1780553639323170560,1780553640323170560,HTTP Data Received,KB,p95,42.44
70,1780553639323170560,1780553640323170560,HTTP Data Received,KB,p99,42.44
70,1780553639323170560,1780553640323170560,HTTP Data Received,KB,std,0.00
70,1780553639323170560,1780553640323170560,HTTP Data Sent,KB,avg,332.78
70,1780553639323170560,1780553640323170560,HTTP Data Sent,KB,min,332.78
70,1780553639323170560,1780553640323170560,HTTP Data Sent,KB,max,332.78
70,1780553639323170560,1780553640323170560,HTTP Data Sent,KB,sum,332.78
70,1780553639323170560,1780553640323170560,HTTP Data Sent,KB,p1,332.78
70,1780553639323170560,1780553640323170560,HTTP Data Sent,KB,p5,332.78
70,1780553639323170560,1780553640323170560,HTTP Data Sent,KB,p10,332.78
70,1780553639323170560,1780553640323170560,HTTP Data Sent,KB,p25,332.78
70,1780553639323170560,1780553640323170560,HTTP Data Sent,KB,p50,332.78
70,1780553639323170560,1780553640323170560,HTTP Data Sent,KB,p75,332.78
70,1780553639323170560,1780553640323170560,HTTP Data Sent,KB,p90,332.78
70,1780553639323170560,1780553640323170560,HTTP Data Sent,KB,p95,332.78
70,1780553639323170560,1780553640323170560,HTTP Data Sent,KB,p99,332.78
70,1780553639323170560,1780553640323170560,HTTP Data Sent,KB,std,0.00
70,1780553639323170560,1780553640323170560,HTTP DNS Lookup,ms,avg,0.45
70,1780553639323170560,1780553640323170560,HTTP DNS Lookup,ms,min,0.45
70,1780553639323170560,1780553640323170560,HTTP DNS Lookup,ms,max,0.45
70,1780553639323170560,1780553640323170560,HTTP DNS Lookup,ms,sum,0.45
70,1780553639323170560,1780553640323170560,HTTP DNS Lookup,ms,p1,0.45
70,1780553639323170560,1780553640323170560,HTTP DNS Lookup,ms,p5,0.45
70,1780553639323170560,1780553640323170560,HTTP DNS Lookup,ms,p10,0.45
70,1780553639323170560,1780553640323170560,HTTP DNS Lookup,ms,p25,0.45
70,1780553639323170560,1780553640323170560,HTTP DNS Lookup,ms,p50,0.45
70,1780553639323170560,1780553640323170560,HTTP DNS Lookup,ms,p75,0.45
70,1780553639323170560,1780553640323170560,HTTP DNS Lookup,ms,p90,0.45
70,1780553639323170560,1780553640323170560,HTTP DNS Lookup,ms,p95,0.45
70,1780553639323170560,1780553640323170560,HTTP DNS Lookup,ms,p99,0.45
70,1780553639323170560,1780553640323170560,HTTP DNS Lookup,ms,std,0.00
70,1780553639323170560,1780553640323170560,HTTP Duration (excl. conn),ms,avg,55075.71
70,1780553639323170560,1780553640323170560,HTTP Duration (excl. conn),ms,min,55075.71
70,1780553639323170560,1780553640323170560,HTTP Duration (excl. conn),ms,max,55075.71
70,1780553639323170560,1780553640323170560,HTTP Duration (excl. conn),ms,sum,55075.71
70,1780553639323170560,1780553640323170560,HTTP Duration (excl. conn),ms,p1,55075.71
70,1780553639323170560,1780553640323170560,HTTP Duration (excl. conn),ms,p5,55075.71
70,1780553639323170560,1780553640323170560,HTTP Duration (excl. conn),ms,p10,55075.71
70,1780553639323170560,1780553640323170560,HTTP Duration (excl. conn),ms,p25,55075.71
70,1780553639323170560,1780553640323170560,HTTP Duration (excl. conn),ms,p50,55075.71
70,1780553639323170560,1780553640323170560,HTTP Duration (excl. conn),ms,p75,55075.71
70,1780553639323170560,1780553640323170560,HTTP Duration (excl. conn),ms,p90,55075.71
70,1780553639323170560,1780553640323170560,HTTP Duration (excl. conn),ms,p95,55075.71
70,1780553639323170560,1780553640323170560,HTTP Duration (excl. conn),ms,p99,55075.71
70,1780553639323170560,1780553640323170560,HTTP Duration (excl. conn),ms,std,0.00
70,1780553639323170560,1780553640323170560,HTTP Receiving,ms,avg,13254.01
70,1780553639323170560,1780553640323170560,HTTP Receiving,ms,min,13254.01
70,1780553639323170560,1780553640323170560,HTTP Receiving,ms,max,13254.01
70,1780553639323170560,1780553640323170560,HTTP Receiving,ms,sum,13254.01
70,1780553639323170560,1780553640323170560,HTTP Receiving,ms,p1,13254.01
70,1780553639323170560,1780553640323170560,HTTP Receiving,ms,p5,13254.01
70,1780553639323170560,1780553640323170560,HTTP Receiving,ms,p10,13254.01
70,1780553639323170560,1780553640323170560,HTTP Receiving,ms,p25,13254.01
70,1780553639323170560,1780553640323170560,HTTP Receiving,ms,p50,13254.01
70,1780553639323170560,1780553640323170560,HTTP Receiving,ms,p75,13254.01
70,1780553639323170560,1780553640323170560,HTTP Receiving,ms,p90,13254.01
70,1780553639323170560,1780553640323170560,HTTP Receiving,ms,p95,13254.01
70,1780553639323170560,1780553640323170560,HTTP Receiving,ms,p99,13254.01
70,1780553639323170560,1780553640323170560,HTTP Receiving,ms,std,0.00
70,1780553639323170560,1780553640323170560,HTTP Sending,ms,avg,1.43
70,1780553639323170560,1780553640323170560,HTTP Sending,ms,min,1.43
70,1780553639323170560,1780553640323170560,HTTP Sending,ms,max,1.43
70,1780553639323170560,1780553640323170560,HTTP Sending,ms,sum,1.43
70,1780553639323170560,1780553640323170560,HTTP Sending,ms,p1,1.43
70,1780553639323170560,1780553640323170560,HTTP Sending,ms,p5,1.43
70,1780553639323170560,1780553640323170560,HTTP Sending,ms,p10,1.43
70,1780553639323170560,1780553640323170560,HTTP Sending,ms,p25,1.43
70,1780553639323170560,1780553640323170560,HTTP Sending,ms,p50,1.43
70,1780553639323170560,1780553640323170560,HTTP Sending,ms,p75,1.43
70,1780553639323170560,1780553640323170560,HTTP Sending,ms,p90,1.43
70,1780553639323170560,1780553640323170560,HTTP Sending,ms,p95,1.43
70,1780553639323170560,1780553640323170560,HTTP Sending,ms,p99,1.43
70,1780553639323170560,1780553640323170560,HTTP Sending,ms,std,0.00
70,1780553639323170560,1780553640323170560,HTTP Total Time,ms,avg,55077.31
70,1780553639323170560,1780553640323170560,HTTP Total Time,ms,min,55077.31
70,1780553639323170560,1780553640323170560,HTTP Total Time,ms,max,55077.31
70,1780553639323170560,1780553640323170560,HTTP Total Time,ms,sum,55077.31
70,1780553639323170560,1780553640323170560,HTTP Total Time,ms,p1,55077.31
70,1780553639323170560,1780553640323170560,HTTP Total Time,ms,p5,55077.31
70,1780553639323170560,1780553640323170560,HTTP Total Time,ms,p10,55077.31
70,1780553639323170560,1780553640323170560,HTTP Total Time,ms,p25,55077.31
70,1780553639323170560,1780553640323170560,HTTP Total Time,ms,p50,55077.31
70,1780553639323170560,1780553640323170560,HTTP Total Time,ms,p75,55077.31
70,1780553639323170560,1780553640323170560,HTTP Total Time,ms,p90,55077.31
70,1780553639323170560,1780553640323170560,HTTP Total Time,ms,p95,55077.31
70,1780553639323170560,1780553640323170560,HTTP Total Time,ms,p99,55077.31
70,1780553639323170560,1780553640323170560,HTTP Total Time,ms,std,0.00
70,1780553639323170560,1780553640323170560,HTTP Waiting (TTFB),ms,avg,41820.27
70,1780553639323170560,1780553640323170560,HTTP Waiting (TTFB),ms,min,41820.27
70,1780553639323170560,1780553640323170560,HTTP Waiting (TTFB),ms,max,41820.27
70,1780553639323170560,1780553640323170560,HTTP Waiting (TTFB),ms,sum,41820.27
70,1780553639323170560,1780553640323170560,HTTP Waiting (TTFB),ms,p1,41820.27
70,1780553639323170560,1780553640323170560,HTTP Waiting (TTFB),ms,p5,41820.27
70,1780553639323170560,1780553640323170560,HTTP Waiting (TTFB),ms,p10,41820.27
70,1780553639323170560,1780553640323170560,HTTP Waiting (TTFB),ms,p25,41820.27
70,1780553639323170560,1780553640323170560,HTTP Waiting (TTFB),ms,p50,41820.27
70,1780553639323170560,1780553640323170560,HTTP Waiting (TTFB),ms,p75,41820.27
70,1780553639323170560,1780553640323170560,HTTP Waiting (TTFB),ms,p90,41820.27
70,1780553639323170560,1780553640323170560,HTTP Waiting (TTFB),ms,p95,41820.27
70,1780553639323170560,1780553640323170560,HTTP Waiting (TTFB),ms,p99,41820.27
70,1780553639323170560,1780553640323170560,HTTP Waiting (TTFB),ms,std,0.00
70,1780553639323170560,1780553640323170560,Input Sequence Length,tokens,avg,86035.00
70,1780553639323170560,1780553640323170560,Input Sequence Length,tokens,min,86035.00
70,1780553639323170560,1780553640323170560,Input Sequence Length,tokens,max,86035.00
70,1780553639323170560,1780553640323170560,Input Sequence Length,tokens,sum,86035.00
70,1780553639323170560,1780553640323170560,Input Sequence Length,tokens,p1,86035.00
70,1780553639323170560,1780553640323170560,Input Sequence Length,tokens,p5,86035.00
70,1780553639323170560,1780553640323170560,Input Sequence Length,tokens,p10,86035.00
70,1780553639323170560,1780553640323170560,Input Sequence Length,tokens,p25,86035.00
70,1780553639323170560,1780553640323170560,Input Sequence Length,tokens,p50,86035.00
70,1780553639323170560,1780553640323170560,Input Sequence Length,tokens,p75,86035.00
70,1780553639323170560,1780553640323170560,Input Sequence Length,tokens,p90,86035.00
70,1780553639323170560,1780553640323170560,Input Sequence Length,tokens,p95,86035.00
70,1780553639323170560,1780553640323170560,Input Sequence Length,tokens,p99,86035.00
70,1780553639323170560,1780553640323170560,Input Sequence Length,tokens,std,0.00
70,1780553639323170560,1780553640323170560,Input Token Throughput,tokens/sec,avg,86035.00
70,1780553639323170560,1780553640323170560,Inter Chunk Latency,ms,avg,66.50
70,1780553639323170560,1780553640323170560,Inter Chunk Latency,ms,min,66.50
70,1780553639323170560,1780553640323170560,Inter Chunk Latency,ms,max,66.51
70,1780553639323170560,1780553640323170560,Inter Chunk Latency,ms,sum,11105.64
70,1780553639323170560,1780553640323170560,Inter Chunk Latency,ms,p1,66.50
70,1780553639323170560,1780553640323170560,Inter Chunk Latency,ms,p5,66.50
70,1780553639323170560,1780553640323170560,Inter Chunk Latency,ms,p10,66.50
70,1780553639323170560,1780553640323170560,Inter Chunk Latency,ms,p25,66.50
70,1780553639323170560,1780553640323170560,Inter Chunk Latency,ms,p50,66.50
70,1780553639323170560,1780553640323170560,Inter Chunk Latency,ms,p75,66.50
70,1780553639323170560,1780553640323170560,Inter Chunk Latency,ms,p90,66.50
70,1780553639323170560,1780553640323170560,Inter Chunk Latency,ms,p95,66.51
70,1780553639323170560,1780553640323170560,Inter Chunk Latency,ms,p99,66.51
70,1780553639323170560,1780553640323170560,Inter Chunk Latency,ms,std,0.00
70,1780553639323170560,1780553640323170560,Inter Token Latency,ms,avg,79.37
70,1780553639323170560,1780553640323170560,Inter Token Latency,ms,min,79.37
70,1780553639323170560,1780553640323170560,Inter Token Latency,ms,max,79.37
70,1780553639323170560,1780553640323170560,Inter Token Latency,ms,sum,79.37
70,1780553639323170560,1780553640323170560,Inter Token Latency,ms,p1,79.37
70,1780553639323170560,1780553640323170560,Inter Token Latency,ms,p5,79.37
70,1780553639323170560,1780553640323170560,Inter Token Latency,ms,p10,79.37
70,1780553639323170560,1780553640323170560,Inter Token Latency,ms,p25,79.37
70,1780553639323170560,1780553640323170560,Inter Token Latency,ms,p50,79.37
70,1780553639323170560,1780553640323170560,Inter Token Latency,ms,p75,79.37
70,1780553639323170560,1780553640323170560,Inter Token Latency,ms,p90,79.37
70,1780553639323170560,1780553640323170560,Inter Token Latency,ms,p95,79.37
70,1780553639323170560,1780553640323170560,Inter Token Latency,ms,p99,79.37
70,1780553639323170560,1780553640323170560,Inter Token Latency,ms,std,0.00
70,1780553639323170560,1780553640323170560,Maximum Response Timestamp,ns,avg,1780553695189926144.00
70,1780553639323170560,1780553640323170560,Minimum Request Timestamp,ns,avg,1780553640114097664.00
70,1780553639323170560,1780553640323170560,OSL Mismatch Count,requests,avg,0.00
70,1780553639323170560,1780553640323170560,OSL Mismatch Diff %,%,avg,0.00
70,1780553639323170560,1780553640323170560,OSL Mismatch Diff %,%,min,0.00
70,1780553639323170560,1780553640323170560,OSL Mismatch Diff %,%,max,0.00
70,1780553639323170560,1780553640323170560,OSL Mismatch Diff %,%,sum,0.00
70,1780553639323170560,1780553640323170560,OSL Mismatch Diff %,%,p1,0.00
70,1780553639323170560,1780553640323170560,OSL Mismatch Diff %,%,p5,0.00
70,1780553639323170560,1780553640323170560,OSL Mismatch Diff %,%,p10,0.00
70,1780553639323170560,1780553640323170560,OSL Mismatch Diff %,%,p25,0.00
70,1780553639323170560,1780553640323170560,OSL Mismatch Diff %,%,p50,0.00
70,1780553639323170560,1780553640323170560,OSL Mismatch Diff %,%,p75,0.00
70,1780553639323170560,1780553640323170560,OSL Mismatch Diff %,%,p90,0.00
70,1780553639323170560,1780553640323170560,OSL Mismatch Diff %,%,p95,0.00
70,1780553639323170560,1780553640323170560,OSL Mismatch Diff %,%,p99,0.00
70,1780553639323170560,1780553640323170560,OSL Mismatch Diff %,%,std,0.00
70,1780553639323170560,1780553640323170560,Output Sequence Length,tokens,avg,168.00
70,1780553639323170560,1780553640323170560,Output Sequence Length,tokens,min,168.00
70,1780553639323170560,1780553640323170560,Output Sequence Length,tokens,max,168.00
70,1780553639323170560,1780553640323170560,Output Sequence Length,tokens,sum,168.00
70,1780553639323170560,1780553640323170560,Output Sequence Length,tokens,p1,168.00
70,1780553639323170560,1780553640323170560,Output Sequence Length,tokens,p5,168.00
70,1780553639323170560,1780553640323170560,Output Sequence Length,tokens,p10,168.00
70,1780553639323170560,1780553640323170560,Output Sequence Length,tokens,p25,168.00
70,1780553639323170560,1780553640323170560,Output Sequence Length,tokens,p50,168.00
70,1780553639323170560,1780553640323170560,Output Sequence Length,tokens,p75,168.00
70,1780553639323170560,1780553640323170560,Output Sequence Length,tokens,p90,168.00
70,1780553639323170560,1780553640323170560,Output Sequence Length,tokens,p95,168.00
70,1780553639323170560,1780553640323170560,Output Sequence Length,tokens,p99,168.00
70,1780553639323170560,1780553640323170560,Output Sequence Length,tokens,std,0.00
70,1780553639323170560,1780553640323170560,Output Token Count,tokens,avg,168.00
70,1780553639323170560,1780553640323170560,Output Token Count,tokens,min,168.00
70,1780553639323170560,1780553640323170560,Output Token Count,tokens,max,168.00
70,1780553639323170560,1780553640323170560,Output Token Count,tokens,sum,168.00
70,1780553639323170560,1780553640323170560,Output Token Count,tokens,p1,168.00
70,1780553639323170560,1780553640323170560,Output Token Count,tokens,p5,168.00
70,1780553639323170560,1780553640323170560,Output Token Count,tokens,p10,168.00
70,1780553639323170560,1780553640323170560,Output Token Count,tokens,p25,168.00
70,1780553639323170560,1780553640323170560,Output Token Count,tokens,p50,168.00
70,1780553639323170560,1780553640323170560,Output Token Count,tokens,p75,168.00
70,1780553639323170560,1780553640323170560,Output Token Count,tokens,p90,168.00
70,1780553639323170560,1780553640323170560,Output Token Count,tokens,p95,168.00
70,1780553639323170560,1780553640323170560,Output Token Count,tokens,p99,168.00
70,1780553639323170560,1780553640323170560,Output Token Count,tokens,std,0.00
70,1780553639323170560,1780553640323170560,Output Token Throughput,tokens/sec,avg,168.00
70,1780553639323170560,1780553640323170560,Output Token Throughput Per User,tokens/sec/user,avg,12.60
70,1780553639323170560,1780553640323170560,Output Token Throughput Per User,tokens/sec/user,min,12.60
70,1780553639323170560,1780553640323170560,Output Token Throughput Per User,tokens/sec/user,max,12.60
70,1780553639323170560,1780553640323170560,Output Token Throughput Per User,tokens/sec/user,sum,12.60
70,1780553639323170560,1780553640323170560,Output Token Throughput Per User,tokens/sec/user,p1,12.60
70,1780553639323170560,1780553640323170560,Output Token Throughput Per User,tokens/sec/user,p5,12.60
70,1780553639323170560,1780553640323170560,Output Token Throughput Per User,tokens/sec/user,p10,12.60
70,1780553639323170560,1780553640323170560,Output Token Throughput Per User,tokens/sec/user,p25,12.60
70,1780553639323170560,1780553640323170560,Output Token Throughput Per User,tokens/sec/user,p50,12.60
70,1780553639323170560,1780553640323170560,Output Token Throughput Per User,tokens/sec/user,p75,12.60
70,1780553639323170560,1780553640323170560,Output Token Throughput Per User,tokens/sec/user,p90,12.60
70,1780553639323170560,1780553640323170560,Output Token Throughput Per User,tokens/sec/user,p95,12.60
70,1780553639323170560,1780553640323170560,Output Token Throughput Per User,tokens/sec/user,p99,12.60
70,1780553639323170560,1780553640323170560,Output Token Throughput Per User,tokens/sec/user,std,0.00
70,1780553639323170560,1780553640323170560,Prefill Throughput Per User,tokens/sec/user,avg,2057.18
70,1780553639323170560,1780553640323170560,Prefill Throughput Per User,tokens/sec/user,min,2057.18
70,1780553639323170560,1780553640323170560,Prefill Throughput Per User,tokens/sec/user,max,2057.18
70,1780553639323170560,1780553640323170560,Prefill Throughput Per User,tokens/sec/user,sum,2057.18
70,1780553639323170560,1780553640323170560,Prefill Throughput Per User,tokens/sec/user,p1,2057.18
70,1780553639323170560,1780553640323170560,Prefill Throughput Per User,tokens/sec/user,p5,2057.18
70,1780553639323170560,1780553640323170560,Prefill Throughput Per User,tokens/sec/user,p10,2057.18
70,1780553639323170560,1780553640323170560,Prefill Throughput Per User,tokens/sec/user,p25,2057.18
70,1780553639323170560,1780553640323170560,Prefill Throughput Per User,tokens/sec/user,p50,2057.18
70,1780553639323170560,1780553640323170560,Prefill Throughput Per User,tokens/sec/user,p75,2057.18
70,1780553639323170560,1780553640323170560,Prefill Throughput Per User,tokens/sec/user,p90,2057.18
70,1780553639323170560,1780553640323170560,Prefill Throughput Per User,tokens/sec/user,p95,2057.18
70,1780553639323170560,1780553640323170560,Prefill Throughput Per User,tokens/sec/user,p99,2057.18
70,1780553639323170560,1780553640323170560,Prefill Throughput Per User,tokens/sec/user,std,0.00
70,1780553639323170560,1780553640323170560,Request Count,requests,avg,1.00
70,1780553639323170560,1780553640323170560,Request Latency,ms,avg,55075.83
70,1780553639323170560,1780553640323170560,Request Latency,ms,min,55075.83
70,1780553639323170560,1780553640323170560,Request Latency,ms,max,55075.83
70,1780553639323170560,1780553640323170560,Request Latency,ms,sum,55075.83
70,1780553639323170560,1780553640323170560,Request Latency,ms,p1,55075.83
70,1780553639323170560,1780553640323170560,Request Latency,ms,p5,55075.83
70,1780553639323170560,1780553640323170560,Request Latency,ms,p10,55075.83
70,1780553639323170560,1780553640323170560,Request Latency,ms,p25,55075.83
70,1780553639323170560,1780553640323170560,Request Latency,ms,p50,55075.83
70,1780553639323170560,1780553640323170560,Request Latency,ms,p75,55075.83
70,1780553639323170560,1780553640323170560,Request Latency,ms,p90,55075.83
70,1780553639323170560,1780553640323170560,Request Latency,ms,p95,55075.83
70,1780553639323170560,1780553640323170560,Request Latency,ms,p99,55075.83
70,1780553639323170560,1780553640323170560,Request Latency,ms,std,0.00
70,1780553639323170560,1780553640323170560,Request Throughput,requests/sec,avg,1.00
70,1780553639323170560,1780553640323170560,Requested OSL,tokens,avg,168.00
70,1780553639323170560,1780553640323170560,Requested OSL,tokens,min,168.00
70,1780553639323170560,1780553640323170560,Requested OSL,tokens,max,168.00
70,1780553639323170560,1780553640323170560,Requested OSL,tokens,sum,168.00
70,1780553639323170560,1780553640323170560,Requested OSL,tokens,p1,168.00
70,1780553639323170560,1780553640323170560,Requested OSL,tokens,p5,168.00
70,1780553639323170560,1780553640323170560,Requested OSL,tokens,p10,168.00
70,1780553639323170560,1780553640323170560,Requested OSL,tokens,p25,168.00
70,1780553639323170560,1780553640323170560,Requested OSL,tokens,p50,168.00
70,1780553639323170560,1780553640323170560,Requested OSL,tokens,p75,168.00
70,1780553639323170560,1780553640323170560,Requested OSL,tokens,p90,168.00
70,1780553639323170560,1780553640323170560,Requested OSL,tokens,p95,168.00
70,1780553639323170560,1780553640323170560,Requested OSL,tokens,p99,168.00
70,1780553639323170560,1780553640323170560,Requested OSL,tokens,std,0.00
70,1780553639323170560,1780553640323170560,Time to First Output Token,ms,avg,41821.84
70,1780553639323170560,1780553640323170560,Time to First Output Token,ms,min,41821.84
70,1780553639323170560,1780553640323170560,Time to First Output Token,ms,max,41821.84
70,1780553639323170560,1780553640323170560,Time to First Output Token,ms,sum,41821.84
70,1780553639323170560,1780553640323170560,Time to First Output Token,ms,p1,41821.84
70,1780553639323170560,1780553640323170560,Time to First Output Token,ms,p5,41821.84
70,1780553639323170560,1780553640323170560,Time to First Output Token,ms,p10,41821.84
70,1780553639323170560,1780553640323170560,Time to First Output Token,ms,p25,41821.84
70,1780553639323170560,1780553640323170560,Time to First Output Token,ms,p50,41821.84
70,1780553639323170560,1780553640323170560,Time to First Output Token,ms,p75,41821.84
70,1780553639323170560,1780553640323170560,Time to First Output Token,ms,p90,41821.84
70,1780553639323170560,1780553640323170560,Time to First Output Token,ms,p95,41821.84
70,1780553639323170560,1780553640323170560,Time to First Output Token,ms,p99,41821.84
70,1780553639323170560,1780553640323170560,Time to First Output Token,ms,std,0.00
70,1780553639323170560,1780553640323170560,Time to First Token,ms,avg,41821.84
70,1780553639323170560,1780553640323170560,Time to First Token,ms,min,41821.84
70,1780553639323170560,1780553640323170560,Time to First Token,ms,max,41821.84
70,1780553639323170560,1780553640323170560,Time to First Token,ms,sum,41821.84
70,1780553639323170560,1780553640323170560,Time to First Token,ms,p1,41821.84
70,1780553639323170560,1780553640323170560,Time to First Token,ms,p5,41821.84
70,1780553639323170560,1780553640323170560,Time to First Token,ms,p10,41821.84
70,1780553639323170560,1780553640323170560,Time to First Token,ms,p25,41821.84
70,1780553639323170560,1780553640323170560,Time to First Token,ms,p50,41821.84
70,1780553639323170560,1780553640323170560,Time to First Token,ms,p75,41821.84
70,1780553639323170560,1780553640323170560,Time to First Token,ms,p90,41821.84
70,1780553639323170560,1780553640323170560,Time to First Token,ms,p95,41821.84
70,1780553639323170560,1780553640323170560,Time to First Token,ms,p99,41821.84
70,1780553639323170560,1780553640323170560,Time to First Token,ms,std,0.00
70,1780553639323170560,1780553640323170560,Time to Second Token,ms,avg,4.70
70,1780553639323170560,1780553640323170560,Time to Second Token,ms,min,4.70
70,1780553639323170560,1780553640323170560,Time to Second Token,ms,max,4.70
70,1780553639323170560,1780553640323170560,Time to Second Token,ms,sum,4.70
70,1780553639323170560,1780553640323170560,Time to Second Token,ms,p1,4.70
70,1780553639323170560,1780553640323170560,Time to Second Token,ms,p5,4.70
70,1780553639323170560,1780553640323170560,Time to Second Token,ms,p10,4.70
70,1780553639323170560,1780553640323170560,Time to Second Token,ms,p25,4.70
70,1780553639323170560,1780553640323170560,Time to Second Token,ms,p50,4.70
70,1780553639323170560,1780553640323170560,Time to Second Token,ms,p75,4.70
70,1780553639323170560,1780553640323170560,Time to Second Token,ms,p90,4.70
70,1780553639323170560,1780553640323170560,Time to Second Token,ms,p95,4.70
70,1780553639323170560,1780553640323170560,Time to Second Token,ms,p99,4.70
70,1780553639323170560,1780553640323170560,Time to Second Token,ms,std,0.00
70,1780553639323170560,1780553640323170560,Tokens In Flight,tokens,avg,1522222.85
70,1780553639323170560,1780553640323170560,Tokens In Flight,tokens,min,1504204.88
70,1780553639323170560,1780553640323170560,Tokens In Flight,tokens,max,1590300.42
70,1780553639323170560,1780553640323170560,Tokens In Flight,tokens,p50,1504235.16
70,1780553639323170560,1780553640323170560,Tokens In Flight,tokens,p90,1590294.38
70,1780553639323170560,1780553640323170560,Tokens In Flight,tokens,p95,1590296.39
70,1780553639323170560,1780553640323170560,Tokens In Flight,tokens,p99,1590300.42
70,1780553639323170560,1780553640323170560,Tokens In Flight,tokens,std,34998.12
70,1780553639323170560,1780553640323170560,Total Input Sequence Length,tokens,avg,86035.00
70,1780553639323170560,1780553640323170560,Total Output Sequence Length,tokens,avg,168.00
70,1780553639323170560,1780553640323170560,Total Output Tokens,tokens,avg,168.00
70,1780553639323170560,1780553640323170560,Total Token Throughput,tokens/sec,avg,86203.00
70,1780553639323170560,1780553640323170560,Total Usage Completion Tokens,tokens,avg,168.00
70,1780553639323170560,1780553640323170560,Total Usage Prompt Tokens,tokens,avg,86035.00
70,1780553639323170560,1780553640323170560,Total Usage Total Tokens,tokens,avg,86203.00
70,1780553639323170560,1780553640323170560,Usage Completion Tokens,tokens,avg,168.00
70,1780553639323170560,1780553640323170560,Usage Completion Tokens,tokens,min,168.00
70,1780553639323170560,1780553640323170560,Usage Completion Tokens,tokens,max,168.00
70,1780553639323170560,1780553640323170560,Usage Completion Tokens,tokens,sum,168.00
70,1780553639323170560,1780553640323170560,Usage Completion Tokens,tokens,p1,168.00
70,1780553639323170560,1780553640323170560,Usage Completion Tokens,tokens,p5,168.00
70,1780553639323170560,1780553640323170560,Usage Completion Tokens,tokens,p10,168.00
70,1780553639323170560,1780553640323170560,Usage Completion Tokens,tokens,p25,168.00
70,1780553639323170560,1780553640323170560,Usage Completion Tokens,tokens,p50,168.00
70,1780553639323170560,1780553640323170560,Usage Completion Tokens,tokens,p75,168.00
70,1780553639323170560,1780553640323170560,Usage Completion Tokens,tokens,p90,168.00
70,1780553639323170560,1780553640323170560,Usage Completion Tokens,tokens,p95,168.00
70,1780553639323170560,1780553640323170560,Usage Completion Tokens,tokens,p99,168.00
70,1780553639323170560,1780553640323170560,Usage Completion Tokens,tokens,std,0.00
70,1780553639323170560,1780553640323170560,Usage Prompt Tokens,tokens,avg,86035.00
70,1780553639323170560,1780553640323170560,Usage Prompt Tokens,tokens,min,86035.00
70,1780553639323170560,1780553640323170560,Usage Prompt Tokens,tokens,max,86035.00
70,1780553639323170560,1780553640323170560,Usage Prompt Tokens,tokens,sum,86035.00
70,1780553639323170560,1780553640323170560,Usage Prompt Tokens,tokens,p1,86035.00
70,1780553639323170560,1780553640323170560,Usage Prompt Tokens,tokens,p5,86035.00
70,1780553639323170560,1780553640323170560,Usage Prompt Tokens,tokens,p10,86035.00
70,1780553639323170560,1780553640323170560,Usage Prompt Tokens,tokens,p25,86035.00
70,1780553639323170560,1780553640323170560,Usage Prompt Tokens,tokens,p50,86035.00
70,1780553639323170560,1780553640323170560,Usage Prompt Tokens,tokens,p75,86035.00
70,1780553639323170560,1780553640323170560,Usage Prompt Tokens,tokens,p90,86035.00
70,1780553639323170560,1780553640323170560,Usage Prompt Tokens,tokens,p95,86035.00
70,1780553639323170560,1780553640323170560,Usage Prompt Tokens,tokens,p99,86035.00
70,1780553639323170560,1780553640323170560,Usage Prompt Tokens,tokens,std,0.00
70,1780553639323170560,1780553640323170560,Usage Total Tokens,tokens,avg,86203.00
70,1780553639323170560,1780553640323170560,Usage Total Tokens,tokens,min,86203.00
70,1780553639323170560,1780553640323170560,Usage Total Tokens,tokens,max,86203.00
70,1780553639323170560,1780553640323170560,Usage Total Tokens,tokens,sum,86203.00
70,1780553639323170560,1780553640323170560,Usage Total Tokens,tokens,p1,86203.00
70,1780553639323170560,1780553640323170560,Usage Total Tokens,tokens,p5,86203.00
70,1780553639323170560,1780553640323170560,Usage Total Tokens,tokens,p10,86203.00
70,1780553639323170560,1780553640323170560,Usage Total Tokens,tokens,p25,86203.00
70,1780553639323170560,1780553640323170560,Usage Total Tokens,tokens,p50,86203.00
70,1780553639323170560,1780553640323170560,Usage Total Tokens,tokens,p75,86203.00
70,1780553639323170560,1780553640323170560,Usage Total Tokens,tokens,p90,86203.00
70,1780553639323170560,1780553640323170560,Usage Total Tokens,tokens,p95,86203.00
70,1780553639323170560,1780553640323170560,Usage Total Tokens,tokens,p99,86203.00
70,1780553639323170560,1780553640323170560,Usage Total Tokens,tokens,std,0.00
71,1780553647323170560,1780553648323170560,Active Decode Throughput,tokens/sec,avg,41.43
71,1780553647323170560,1780553648323170560,Active Decode Throughput,tokens/sec,min,15.05
71,1780553647323170560,1780553648323170560,Active Decode Throughput,tokens/sec,max,60.37
71,1780553647323170560,1780553648323170560,Active Decode Throughput,tokens/sec,p50,45.31
71,1780553647323170560,1780553648323170560,Active Decode Throughput,tokens/sec,p90,45.31
71,1780553647323170560,1780553648323170560,Active Decode Throughput,tokens/sec,p95,45.31
71,1780553647323170560,1780553648323170560,Active Decode Throughput,tokens/sec,p99,45.31
71,1780553647323170560,1780553648323170560,Active Decode Throughput,tokens/sec,std,6.59
71,1780553647323170560,1780553648323170560,Active Decode Throughput Per User,tokens/sec/user,avg,3.83
71,1780553647323170560,1780553648323170560,Active Decode Throughput Per User,tokens/sec/user,min,1.37
71,1780553647323170560,1780553648323170560,Active Decode Throughput Per User,tokens/sec/user,max,5.49
71,1780553647323170560,1780553648323170560,Active Decode Throughput Per User,tokens/sec/user,p50,4.12
71,1780553647323170560,1780553648323170560,Active Decode Throughput Per User,tokens/sec/user,p90,4.12
71,1780553647323170560,1780553648323170560,Active Decode Throughput Per User,tokens/sec/user,p95,4.12
71,1780553647323170560,1780553648323170560,Active Decode Throughput Per User,tokens/sec/user,p99,4.12
71,1780553647323170560,1780553648323170560,Active Decode Throughput Per User,tokens/sec/user,std,0.52
71,1780553647323170560,1780553648323170560,Active Prefill Throughput,tokens/sec,avg,8239.37
71,1780553647323170560,1780553648323170560,Active Prefill Throughput,tokens/sec,min,7465.07
71,1780553647323170560,1780553648323170560,Active Prefill Throughput,tokens/sec,max,8522.24
71,1780553647323170560,1780553648323170560,Active Prefill Throughput,tokens/sec,p50,8522.24
71,1780553647323170560,1780553648323170560,Active Prefill Throughput,tokens/sec,p90,8522.24
71,1780553647323170560,1780553648323170560,Active Prefill Throughput,tokens/sec,p95,8522.24
71,1780553647323170560,1780553648323170560,Active Prefill Throughput,tokens/sec,p99,8522.24
71,1780553647323170560,1780553648323170560,Active Prefill Throughput,tokens/sec,std,468.00
71,1780553647323170560,1780553648323170560,Active Prefill Throughput Per User,tokens/sec/user,avg,1747.75
71,1780553647323170560,1780553648323170560,Active Prefill Throughput Per User,tokens/sec/user,min,1704.45
71,1780553647323170560,1780553648323170560,Active Prefill Throughput Per User,tokens/sec/user,max,1866.27
71,1780553647323170560,1780553648323170560,Active Prefill Throughput Per User,tokens/sec/user,p50,1704.45
71,1780553647323170560,1780553648323170560,Active Prefill Throughput Per User,tokens/sec/user,p90,1866.27
71,1780553647323170560,1780553648323170560,Active Prefill Throughput Per User,tokens/sec/user,p95,1866.27
71,1780553647323170560,1780553648323170560,Active Prefill Throughput Per User,tokens/sec/user,p99,1866.27
71,1780553647323170560,1780553648323170560,Active Prefill Throughput Per User,tokens/sec/user,std,71.64
71,1780553647323170560,1780553648323170560,Active Total Throughput,tokens/sec,avg,8304.12
71,1780553647323170560,1780553648323170560,Active Total Throughput,tokens/sec,min,7531.73
71,1780553647323170560,1780553648323170560,Active Total Throughput,tokens/sec,max,8588.90
71,1780553647323170560,1780553648323170560,Active Total Throughput,tokens/sec,p50,8588.90
71,1780553647323170560,1780553648323170560,Active Total Throughput,tokens/sec,p90,8588.90
71,1780553647323170560,1780553648323170560,Active Total Throughput,tokens/sec,p95,8588.90
71,1780553647323170560,1780553648323170560,Active Total Throughput,tokens/sec,p99,8588.90
71,1780553647323170560,1780553648323170560,Active Total Throughput,tokens/sec,std,466.88
71,1780553647323170560,1780553648323170560,Benchmark Duration,sec,avg,170.30
71,1780553647323170560,1780553648323170560,E2E Output Token Throughput,tokens/sec/user,avg,3.54
71,1780553647323170560,1780553648323170560,E2E Output Token Throughput,tokens/sec/user,min,3.54
71,1780553647323170560,1780553648323170560,E2E Output Token Throughput,tokens/sec/user,max,3.54
71,1780553647323170560,1780553648323170560,E2E Output Token Throughput,tokens/sec/user,sum,3.54
71,1780553647323170560,1780553648323170560,E2E Output Token Throughput,tokens/sec/user,p1,3.54
71,1780553647323170560,1780553648323170560,E2E Output Token Throughput,tokens/sec/user,p5,3.54
71,1780553647323170560,1780553648323170560,E2E Output Token Throughput,tokens/sec/user,p10,3.54
71,1780553647323170560,1780553648323170560,E2E Output Token Throughput,tokens/sec/user,p25,3.54
71,1780553647323170560,1780553648323170560,E2E Output Token Throughput,tokens/sec/user,p50,3.54
71,1780553647323170560,1780553648323170560,E2E Output Token Throughput,tokens/sec/user,p75,3.54
71,1780553647323170560,1780553648323170560,E2E Output Token Throughput,tokens/sec/user,p90,3.54
71,1780553647323170560,1780553648323170560,E2E Output Token Throughput,tokens/sec/user,p95,3.54
71,1780553647323170560,1780553648323170560,E2E Output Token Throughput,tokens/sec/user,p99,3.54
71,1780553647323170560,1780553648323170560,E2E Output Token Throughput,tokens/sec/user,std,0.00
71,1780553647323170560,1780553648323170560,Effective Concurrency,requests,avg,15.54
71,1780553647323170560,1780553648323170560,Effective Concurrency,requests,min,14.00
71,1780553647323170560,1780553648323170560,Effective Concurrency,requests,max,16.00
71,1780553647323170560,1780553648323170560,Effective Concurrency,requests,p50,16.00
71,1780553647323170560,1780553648323170560,Effective Concurrency,requests,p90,16.00
71,1780553647323170560,1780553648323170560,Effective Concurrency,requests,p95,16.00
71,1780553647323170560,1780553648323170560,Effective Concurrency,requests,p99,16.00
71,1780553647323170560,1780553648323170560,Effective Concurrency,requests,std,0.67
71,1780553647323170560,1780553648323170560,Effective Decode Concurrency,requests,avg,10.81
71,1780553647323170560,1780553648323170560,Effective Decode Concurrency,requests,min,9.00
71,1780553647323170560,1780553648323170560,Effective Decode Concurrency,requests,max,11.00
71,1780553647323170560,1780553648323170560,Effective Decode Concurrency,requests,p50,11.00
71,1780553647323170560,1780553648323170560,Effective Decode Concurrency,requests,p90,11.00
71,1780553647323170560,1780553648323170560,Effective Decode Concurrency,requests,p95,11.00
71,1780553647323170560,1780553648323170560,Effective Decode Concurrency,requests,p99,11.00
71,1780553647323170560,1780553648323170560,Effective Decode Concurrency,requests,std,0.59
71,1780553647323170560,1780553648323170560,Effective Decode Throughput,tokens/sec,avg,41.43
71,1780553647323170560,1780553648323170560,Effective Decode Throughput,tokens/sec,min,15.05
71,1780553647323170560,1780553648323170560,Effective Decode Throughput,tokens/sec,max,60.37
71,1780553647323170560,1780553648323170560,Effective Decode Throughput,tokens/sec,p50,45.31
71,1780553647323170560,1780553648323170560,Effective Decode Throughput,tokens/sec,p90,45.31
71,1780553647323170560,1780553648323170560,Effective Decode Throughput,tokens/sec,p95,45.31
71,1780553647323170560,1780553648323170560,Effective Decode Throughput,tokens/sec,p99,45.31
71,1780553647323170560,1780553648323170560,Effective Decode Throughput,tokens/sec,std,6.59
71,1780553647323170560,1780553648323170560,Effective Decode Throughput Per User,tokens/sec/user,avg,3.83
71,1780553647323170560,1780553648323170560,Effective Decode Throughput Per User,tokens/sec/user,min,1.37
71,1780553647323170560,1780553648323170560,Effective Decode Throughput Per User,tokens/sec/user,max,5.49
71,1780553647323170560,1780553648323170560,Effective Decode Throughput Per User,tokens/sec/user,p50,4.12
71,1780553647323170560,1780553648323170560,Effective Decode Throughput Per User,tokens/sec/user,p90,4.12
71,1780553647323170560,1780553648323170560,Effective Decode Throughput Per User,tokens/sec/user,p95,4.12
71,1780553647323170560,1780553648323170560,Effective Decode Throughput Per User,tokens/sec/user,p99,4.12
71,1780553647323170560,1780553648323170560,Effective Decode Throughput Per User,tokens/sec/user,std,0.52
71,1780553647323170560,1780553648323170560,Effective Prefill Concurrency,requests,avg,4.73
71,1780553647323170560,1780553648323170560,Effective Prefill Concurrency,requests,min,4.00
71,1780553647323170560,1780553648323170560,Effective Prefill Concurrency,requests,max,5.00
71,1780553647323170560,1780553648323170560,Effective Prefill Concurrency,requests,p50,5.00
71,1780553647323170560,1780553648323170560,Effective Prefill Concurrency,requests,p90,5.00
71,1780553647323170560,1780553648323170560,Effective Prefill Concurrency,requests,p95,5.00
71,1780553647323170560,1780553648323170560,Effective Prefill Concurrency,requests,p99,5.00
71,1780553647323170560,1780553648323170560,Effective Prefill Concurrency,requests,std,0.44
71,1780553647323170560,1780553648323170560,Effective Prefill Throughput,tokens/sec,avg,8239.37
71,1780553647323170560,1780553648323170560,Effective Prefill Throughput,tokens/sec,min,7465.07
71,1780553647323170560,1780553648323170560,Effective Prefill Throughput,tokens/sec,max,8522.24
71,1780553647323170560,1780553648323170560,Effective Prefill Throughput,tokens/sec,p50,8522.24
71,1780553647323170560,1780553648323170560,Effective Prefill Throughput,tokens/sec,p90,8522.24
71,1780553647323170560,1780553648323170560,Effective Prefill Throughput,tokens/sec,p95,8522.24
71,1780553647323170560,1780553648323170560,Effective Prefill Throughput,tokens/sec,p99,8522.24
71,1780553647323170560,1780553648323170560,Effective Prefill Throughput,tokens/sec,std,468.00
71,1780553647323170560,1780553648323170560,Effective Prefill Throughput Per User,tokens/sec/user,avg,1747.75
71,1780553647323170560,1780553648323170560,Effective Prefill Throughput Per User,tokens/sec/user,min,1704.45
71,1780553647323170560,1780553648323170560,Effective Prefill Throughput Per User,tokens/sec/user,max,1866.27
71,1780553647323170560,1780553648323170560,Effective Prefill Throughput Per User,tokens/sec/user,p50,1704.45
71,1780553647323170560,1780553648323170560,Effective Prefill Throughput Per User,tokens/sec/user,p90,1866.27
71,1780553647323170560,1780553648323170560,Effective Prefill Throughput Per User,tokens/sec/user,p95,1866.27
71,1780553647323170560,1780553648323170560,Effective Prefill Throughput Per User,tokens/sec/user,p99,1866.27
71,1780553647323170560,1780553648323170560,Effective Prefill Throughput Per User,tokens/sec/user,std,71.64
71,1780553647323170560,1780553648323170560,Effective Total Throughput,tokens/sec,avg,8304.12
71,1780553647323170560,1780553648323170560,Effective Total Throughput,tokens/sec,min,7531.73
71,1780553647323170560,1780553648323170560,Effective Total Throughput,tokens/sec,max,8588.90
71,1780553647323170560,1780553648323170560,Effective Total Throughput,tokens/sec,p50,8588.90
71,1780553647323170560,1780553648323170560,Effective Total Throughput,tokens/sec,p90,8588.90
71,1780553647323170560,1780553648323170560,Effective Total Throughput,tokens/sec,p95,8588.90
71,1780553647323170560,1780553648323170560,Effective Total Throughput,tokens/sec,p99,8588.90
71,1780553647323170560,1780553648323170560,Effective Total Throughput,tokens/sec,std,466.88
71,1780553647323170560,1780553648323170560,HTTP Blocked,ms,avg,0.00
71,1780553647323170560,1780553648323170560,HTTP Blocked,ms,min,0.00
71,1780553647323170560,1780553648323170560,HTTP Blocked,ms,max,0.00
71,1780553647323170560,1780553648323170560,HTTP Blocked,ms,sum,0.00
71,1780553647323170560,1780553648323170560,HTTP Blocked,ms,p1,0.00
71,1780553647323170560,1780553648323170560,HTTP Blocked,ms,p5,0.00
71,1780553647323170560,1780553648323170560,HTTP Blocked,ms,p10,0.00
71,1780553647323170560,1780553648323170560,HTTP Blocked,ms,p25,0.00
71,1780553647323170560,1780553648323170560,HTTP Blocked,ms,p50,0.00
71,1780553647323170560,1780553648323170560,HTTP Blocked,ms,p75,0.00
71,1780553647323170560,1780553648323170560,HTTP Blocked,ms,p90,0.00
71,1780553647323170560,1780553648323170560,HTTP Blocked,ms,p95,0.00
71,1780553647323170560,1780553648323170560,HTTP Blocked,ms,p99,0.00
71,1780553647323170560,1780553648323170560,HTTP Blocked,ms,std,0.00
71,1780553647323170560,1780553648323170560,HTTP Chunks Received,count,avg,602.00
71,1780553647323170560,1780553648323170560,HTTP Chunks Received,count,min,602.00
71,1780553647323170560,1780553648323170560,HTTP Chunks Received,count,max,602.00
71,1780553647323170560,1780553648323170560,HTTP Chunks Received,count,sum,602.00
71,1780553647323170560,1780553648323170560,HTTP Chunks Received,count,p1,602.00
71,1780553647323170560,1780553648323170560,HTTP Chunks Received,count,p5,602.00
71,1780553647323170560,1780553648323170560,HTTP Chunks Received,count,p10,602.00
71,1780553647323170560,1780553648323170560,HTTP Chunks Received,count,p25,602.00
71,1780553647323170560,1780553648323170560,HTTP Chunks Received,count,p50,602.00
71,1780553647323170560,1780553648323170560,HTTP Chunks Received,count,p75,602.00
71,1780553647323170560,1780553648323170560,HTTP Chunks Received,count,p90,602.00
71,1780553647323170560,1780553648323170560,HTTP Chunks Received,count,p95,602.00
71,1780553647323170560,1780553648323170560,HTTP Chunks Received,count,p99,602.00
71,1780553647323170560,1780553648323170560,HTTP Chunks Received,count,std,0.00
71,1780553647323170560,1780553648323170560,HTTP Chunks Sent,count,avg,1.00
71,1780553647323170560,1780553648323170560,HTTP Chunks Sent,count,min,1.00
71,1780553647323170560,1780553648323170560,HTTP Chunks Sent,count,max,1.00
71,1780553647323170560,1780553648323170560,HTTP Chunks Sent,count,sum,1.00
71,1780553647323170560,1780553648323170560,HTTP Chunks Sent,count,p1,1.00
71,1780553647323170560,1780553648323170560,HTTP Chunks Sent,count,p5,1.00
71,1780553647323170560,1780553648323170560,HTTP Chunks Sent,count,p10,1.00
71,1780553647323170560,1780553648323170560,HTTP Chunks Sent,count,p25,1.00
71,1780553647323170560,1780553648323170560,HTTP Chunks Sent,count,p50,1.00
71,1780553647323170560,1780553648323170560,HTTP Chunks Sent,count,p75,1.00
71,1780553647323170560,1780553648323170560,HTTP Chunks Sent,count,p90,1.00
71,1780553647323170560,1780553648323170560,HTTP Chunks Sent,count,p95,1.00
71,1780553647323170560,1780553648323170560,HTTP Chunks Sent,count,p99,1.00
71,1780553647323170560,1780553648323170560,HTTP Chunks Sent,count,std,0.00
71,1780553647323170560,1780553648323170560,HTTP Connecting,ms,avg,1.12
71,1780553647323170560,1780553648323170560,HTTP Connecting,ms,min,1.12
71,1780553647323170560,1780553648323170560,HTTP Connecting,ms,max,1.12
71,1780553647323170560,1780553648323170560,HTTP Connecting,ms,sum,1.12
71,1780553647323170560,1780553648323170560,HTTP Connecting,ms,p1,1.12
71,1780553647323170560,1780553648323170560,HTTP Connecting,ms,p5,1.12
71,1780553647323170560,1780553648323170560,HTTP Connecting,ms,p10,1.12
71,1780553647323170560,1780553648323170560,HTTP Connecting,ms,p25,1.12
71,1780553647323170560,1780553648323170560,HTTP Connecting,ms,p50,1.12
71,1780553647323170560,1780553648323170560,HTTP Connecting,ms,p75,1.12
71,1780553647323170560,1780553648323170560,HTTP Connecting,ms,p90,1.12
71,1780553647323170560,1780553648323170560,HTTP Connecting,ms,p95,1.12
71,1780553647323170560,1780553648323170560,HTTP Connecting,ms,p99,1.12
71,1780553647323170560,1780553648323170560,HTTP Connecting,ms,std,0.00
71,1780553647323170560,1780553648323170560,HTTP Connection Overhead,ms,avg,1.64
71,1780553647323170560,1780553648323170560,HTTP Connection Overhead,ms,min,1.64
71,1780553647323170560,1780553648323170560,HTTP Connection Overhead,ms,max,1.64
71,1780553647323170560,1780553648323170560,HTTP Connection Overhead,ms,sum,1.64
71,1780553647323170560,1780553648323170560,HTTP Connection Overhead,ms,p1,1.64
71,1780553647323170560,1780553648323170560,HTTP Connection Overhead,ms,p5,1.64
71,1780553647323170560,1780553648323170560,HTTP Connection Overhead,ms,p10,1.64
71,1780553647323170560,1780553648323170560,HTTP Connection Overhead,ms,p25,1.64
71,1780553647323170560,1780553648323170560,HTTP Connection Overhead,ms,p50,1.64
71,1780553647323170560,1780553648323170560,HTTP Connection Overhead,ms,p75,1.64
71,1780553647323170560,1780553648323170560,HTTP Connection Overhead,ms,p90,1.64
71,1780553647323170560,1780553648323170560,HTTP Connection Overhead,ms,p95,1.64
71,1780553647323170560,1780553648323170560,HTTP Connection Overhead,ms,p99,1.64
71,1780553647323170560,1780553648323170560,HTTP Connection Overhead,ms,std,0.00
71,1780553647323170560,1780553648323170560,HTTP Connection Reused,ratio,avg,0.00
71,1780553647323170560,1780553648323170560,HTTP Connection Reused,ratio,min,0.00
71,1780553647323170560,1780553648323170560,HTTP Connection Reused,ratio,max,0.00
71,1780553647323170560,1780553648323170560,HTTP Connection Reused,ratio,sum,0.00
71,1780553647323170560,1780553648323170560,HTTP Connection Reused,ratio,p1,0.00
71,1780553647323170560,1780553648323170560,HTTP Connection Reused,ratio,p5,0.00
71,1780553647323170560,1780553648323170560,HTTP Connection Reused,ratio,p10,0.00
71,1780553647323170560,1780553648323170560,HTTP Connection Reused,ratio,p25,0.00
71,1780553647323170560,1780553648323170560,HTTP Connection Reused,ratio,p50,0.00
71,1780553647323170560,1780553648323170560,HTTP Connection Reused,ratio,p75,0.00
71,1780553647323170560,1780553648323170560,HTTP Connection Reused,ratio,p90,0.00
71,1780553647323170560,1780553648323170560,HTTP Connection Reused,ratio,p95,0.00
71,1780553647323170560,1780553648323170560,HTTP Connection Reused,ratio,p99,0.00
71,1780553647323170560,1780553648323170560,HTTP Connection Reused,ratio,std,0.00
71,1780553647323170560,1780553648323170560,HTTP Data Received,KB,avg,150.53
71,1780553647323170560,1780553648323170560,HTTP Data Received,KB,min,150.53
71,1780553647323170560,1780553648323170560,HTTP Data Received,KB,max,150.53
71,1780553647323170560,1780553648323170560,HTTP Data Received,KB,sum,150.53
71,1780553647323170560,1780553648323170560,HTTP Data Received,KB,p1,150.53
71,1780553647323170560,1780553648323170560,HTTP Data Received,KB,p5,150.53
71,1780553647323170560,1780553648323170560,HTTP Data Received,KB,p10,150.53
71,1780553647323170560,1780553648323170560,HTTP Data Received,KB,p25,150.53
71,1780553647323170560,1780553648323170560,HTTP Data Received,KB,p50,150.53
71,1780553647323170560,1780553648323170560,HTTP Data Received,KB,p75,150.53
71,1780553647323170560,1780553648323170560,HTTP Data Received,KB,p90,150.53
71,1780553647323170560,1780553648323170560,HTTP Data Received,KB,p95,150.53
71,1780553647323170560,1780553648323170560,HTTP Data Received,KB,p99,150.53
71,1780553647323170560,1780553648323170560,HTTP Data Received,KB,std,0.00
71,1780553647323170560,1780553648323170560,HTTP Data Sent,KB,avg,169.49
71,1780553647323170560,1780553648323170560,HTTP Data Sent,KB,min,169.49
71,1780553647323170560,1780553648323170560,HTTP Data Sent,KB,max,169.49
71,1780553647323170560,1780553648323170560,HTTP Data Sent,KB,sum,169.49
71,1780553647323170560,1780553648323170560,HTTP Data Sent,KB,p1,169.49
71,1780553647323170560,1780553648323170560,HTTP Data Sent,KB,p5,169.49
71,1780553647323170560,1780553648323170560,HTTP Data Sent,KB,p10,169.49
71,1780553647323170560,1780553648323170560,HTTP Data Sent,KB,p25,169.49
71,1780553647323170560,1780553648323170560,HTTP Data Sent,KB,p50,169.49
71,1780553647323170560,1780553648323170560,HTTP Data Sent,KB,p75,169.49
71,1780553647323170560,1780553648323170560,HTTP Data Sent,KB,p90,169.49
71,1780553647323170560,1780553648323170560,HTTP Data Sent,KB,p95,169.49
71,1780553647323170560,1780553648323170560,HTTP Data Sent,KB,p99,169.49
71,1780553647323170560,1780553648323170560,HTTP Data Sent,KB,std,0.00
71,1780553647323170560,1780553648323170560,HTTP DNS Lookup,ms,avg,0.52
71,1780553647323170560,1780553648323170560,HTTP DNS Lookup,ms,min,0.52
71,1780553647323170560,1780553648323170560,HTTP DNS Lookup,ms,max,0.52
71,1780553647323170560,1780553648323170560,HTTP DNS Lookup,ms,sum,0.52
71,1780553647323170560,1780553648323170560,HTTP DNS Lookup,ms,p1,0.52
71,1780553647323170560,1780553648323170560,HTTP DNS Lookup,ms,p5,0.52
71,1780553647323170560,1780553648323170560,HTTP DNS Lookup,ms,p10,0.52
71,1780553647323170560,1780553648323170560,HTTP DNS Lookup,ms,p25,0.52
71,1780553647323170560,1780553648323170560,HTTP DNS Lookup,ms,p50,0.52
71,1780553647323170560,1780553648323170560,HTTP DNS Lookup,ms,p75,0.52
71,1780553647323170560,1780553648323170560,HTTP DNS Lookup,ms,p90,0.52
71,1780553647323170560,1780553648323170560,HTTP DNS Lookup,ms,p95,0.52
71,1780553647323170560,1780553648323170560,HTTP DNS Lookup,ms,p99,0.52
71,1780553647323170560,1780553648323170560,HTTP DNS Lookup,ms,std,0.00
71,1780553647323170560,1780553648323170560,HTTP Duration (excl. conn),ms,avg,170295.77
71,1780553647323170560,1780553648323170560,HTTP Duration (excl. conn),ms,min,170295.77
71,1780553647323170560,1780553648323170560,HTTP Duration (excl. conn),ms,max,170295.77
71,1780553647323170560,1780553648323170560,HTTP Duration (excl. conn),ms,sum,170295.77
71,1780553647323170560,1780553648323170560,HTTP Duration (excl. conn),ms,p1,170295.77
71,1780553647323170560,1780553648323170560,HTTP Duration (excl. conn),ms,p5,170295.77
71,1780553647323170560,1780553648323170560,HTTP Duration (excl. conn),ms,p10,170295.77
71,1780553647323170560,1780553648323170560,HTTP Duration (excl. conn),ms,p25,170295.77
71,1780553647323170560,1780553648323170560,HTTP Duration (excl. conn),ms,p50,170295.77
71,1780553647323170560,1780553648323170560,HTTP Duration (excl. conn),ms,p75,170295.77
71,1780553647323170560,1780553648323170560,HTTP Duration (excl. conn),ms,p90,170295.77
71,1780553647323170560,1780553648323170560,HTTP Duration (excl. conn),ms,p95,170295.77
71,1780553647323170560,1780553648323170560,HTTP Duration (excl. conn),ms,p99,170295.77
71,1780553647323170560,1780553648323170560,HTTP Duration (excl. conn),ms,std,0.00
71,1780553647323170560,1780553648323170560,HTTP Receiving,ms,avg,129319.42
71,1780553647323170560,1780553648323170560,HTTP Receiving,ms,min,129319.42
71,1780553647323170560,1780553648323170560,HTTP Receiving,ms,max,129319.42
71,1780553647323170560,1780553648323170560,HTTP Receiving,ms,sum,129319.42
71,1780553647323170560,1780553648323170560,HTTP Receiving,ms,p1,129319.42
71,1780553647323170560,1780553648323170560,HTTP Receiving,ms,p5,129319.42
71,1780553647323170560,1780553648323170560,HTTP Receiving,ms,p10,129319.42
71,1780553647323170560,1780553648323170560,HTTP Receiving,ms,p25,129319.42
71,1780553647323170560,1780553648323170560,HTTP Receiving,ms,p50,129319.42
71,1780553647323170560,1780553648323170560,HTTP Receiving,ms,p75,129319.42
71,1780553647323170560,1780553648323170560,HTTP Receiving,ms,p90,129319.42
71,1780553647323170560,1780553648323170560,HTTP Receiving,ms,p95,129319.42
71,1780553647323170560,1780553648323170560,HTTP Receiving,ms,p99,129319.42
71,1780553647323170560,1780553648323170560,HTTP Receiving,ms,std,0.00
71,1780553647323170560,1780553648323170560,HTTP Sending,ms,avg,1.39
71,1780553647323170560,1780553648323170560,HTTP Sending,ms,min,1.39
71,1780553647323170560,1780553648323170560,HTTP Sending,ms,max,1.39
71,1780553647323170560,1780553648323170560,HTTP Sending,ms,sum,1.39
71,1780553647323170560,1780553648323170560,HTTP Sending,ms,p1,1.39
71,1780553647323170560,1780553648323170560,HTTP Sending,ms,p5,1.39
71,1780553647323170560,1780553648323170560,HTTP Sending,ms,p10,1.39
71,1780553647323170560,1780553648323170560,HTTP Sending,ms,p25,1.39
71,1780553647323170560,1780553648323170560,HTTP Sending,ms,p50,1.39
71,1780553647323170560,1780553648323170560,HTTP Sending,ms,p75,1.39
71,1780553647323170560,1780553648323170560,HTTP Sending,ms,p90,1.39
71,1780553647323170560,1780553648323170560,HTTP Sending,ms,p95,1.39
71,1780553647323170560,1780553648323170560,HTTP Sending,ms,p99,1.39
71,1780553647323170560,1780553648323170560,HTTP Sending,ms,std,0.00
71,1780553647323170560,1780553648323170560,HTTP Total Time,ms,avg,170297.41
71,1780553647323170560,1780553648323170560,HTTP Total Time,ms,min,170297.41
71,1780553647323170560,1780553648323170560,HTTP Total Time,ms,max,170297.41
71,1780553647323170560,1780553648323170560,HTTP Total Time,ms,sum,170297.41
71,1780553647323170560,1780553648323170560,HTTP Total Time,ms,p1,170297.41
71,1780553647323170560,1780553648323170560,HTTP Total Time,ms,p5,170297.41
71,1780553647323170560,1780553648323170560,HTTP Total Time,ms,p10,170297.41
71,1780553647323170560,1780553648323170560,HTTP Total Time,ms,p25,170297.41
71,1780553647323170560,1780553648323170560,HTTP Total Time,ms,p50,170297.41
71,1780553647323170560,1780553648323170560,HTTP Total Time,ms,p75,170297.41
71,1780553647323170560,1780553648323170560,HTTP Total Time,ms,p90,170297.41
71,1780553647323170560,1780553648323170560,HTTP Total Time,ms,p95,170297.41
71,1780553647323170560,1780553648323170560,HTTP Total Time,ms,p99,170297.41
71,1780553647323170560,1780553648323170560,HTTP Total Time,ms,std,0.00
71,1780553647323170560,1780553648323170560,HTTP Waiting (TTFB),ms,avg,40974.97
71,1780553647323170560,1780553648323170560,HTTP Waiting (TTFB),ms,min,40974.97
71,1780553647323170560,1780553648323170560,HTTP Waiting (TTFB),ms,max,40974.97
71,1780553647323170560,1780553648323170560,HTTP Waiting (TTFB),ms,sum,40974.97
71,1780553647323170560,1780553648323170560,HTTP Waiting (TTFB),ms,p1,40974.97
71,1780553647323170560,1780553648323170560,HTTP Waiting (TTFB),ms,p5,40974.97
71,1780553647323170560,1780553648323170560,HTTP Waiting (TTFB),ms,p10,40974.97
71,1780553647323170560,1780553648323170560,HTTP Waiting (TTFB),ms,p25,40974.97
71,1780553647323170560,1780553648323170560,HTTP Waiting (TTFB),ms,p50,40974.97
71,1780553647323170560,1780553648323170560,HTTP Waiting (TTFB),ms,p75,40974.97
71,1780553647323170560,1780553648323170560,HTTP Waiting (TTFB),ms,p90,40974.97
71,1780553647323170560,1780553648323170560,HTTP Waiting (TTFB),ms,p95,40974.97
71,1780553647323170560,1780553648323170560,HTTP Waiting (TTFB),ms,p99,40974.97
71,1780553647323170560,1780553648323170560,HTTP Waiting (TTFB),ms,std,0.00
71,1780553647323170560,1780553648323170560,Input Sequence Length,tokens,avg,43319.00
71,1780553647323170560,1780553648323170560,Input Sequence Length,tokens,min,43319.00
71,1780553647323170560,1780553648323170560,Input Sequence Length,tokens,max,43319.00
71,1780553647323170560,1780553648323170560,Input Sequence Length,tokens,sum,43319.00
71,1780553647323170560,1780553648323170560,Input Sequence Length,tokens,p1,43319.00
71,1780553647323170560,1780553648323170560,Input Sequence Length,tokens,p5,43319.00
71,1780553647323170560,1780553648323170560,Input Sequence Length,tokens,p10,43319.00
71,1780553647323170560,1780553648323170560,Input Sequence Length,tokens,p25,43319.00
71,1780553647323170560,1780553648323170560,Input Sequence Length,tokens,p50,43319.00
71,1780553647323170560,1780553648323170560,Input Sequence Length,tokens,p75,43319.00
71,1780553647323170560,1780553648323170560,Input Sequence Length,tokens,p90,43319.00
71,1780553647323170560,1780553648323170560,Input Sequence Length,tokens,p95,43319.00
71,1780553647323170560,1780553648323170560,Input Sequence Length,tokens,p99,43319.00
71,1780553647323170560,1780553648323170560,Input Sequence Length,tokens,std,0.00
71,1780553647323170560,1780553648323170560,Input Token Throughput,tokens/sec,avg,43319.00
71,1780553647323170560,1780553648323170560,Inter Chunk Latency,ms,avg,66.98
71,1780553647323170560,1780553648323170560,Inter Chunk Latency,ms,min,66.97
71,1780553647323170560,1780553648323170560,Inter Chunk Latency,ms,max,66.99
71,1780553647323170560,1780553648323170560,Inter Chunk Latency,ms,sum,39385.23
71,1780553647323170560,1780553648323170560,Inter Chunk Latency,ms,p1,66.97
71,1780553647323170560,1780553648323170560,Inter Chunk Latency,ms,p5,66.97
71,1780553647323170560,1780553648323170560,Inter Chunk Latency,ms,p10,66.97
71,1780553647323170560,1780553648323170560,Inter Chunk Latency,ms,p25,66.98
71,1780553647323170560,1780553648323170560,Inter Chunk Latency,ms,p50,66.98
71,1780553647323170560,1780553648323170560,Inter Chunk Latency,ms,p75,66.99
71,1780553647323170560,1780553648323170560,Inter Chunk Latency,ms,p90,66.99
71,1780553647323170560,1780553648323170560,Inter Chunk Latency,ms,p95,66.99
71,1780553647323170560,1780553648323170560,Inter Chunk Latency,ms,p99,66.99
71,1780553647323170560,1780553648323170560,Inter Chunk Latency,ms,std,0.01
71,1780553647323170560,1780553648323170560,Inter Token Latency,ms,avg,215.17
71,1780553647323170560,1780553648323170560,Inter Token Latency,ms,min,215.17
71,1780553647323170560,1780553648323170560,Inter Token Latency,ms,max,215.17
71,1780553647323170560,1780553648323170560,Inter Token Latency,ms,sum,215.17
71,1780553647323170560,1780553648323170560,Inter Token Latency,ms,p1,215.17
71,1780553647323170560,1780553648323170560,Inter Token Latency,ms,p5,215.17
71,1780553647323170560,1780553648323170560,Inter Token Latency,ms,p10,215.17
71,1780553647323170560,1780553648323170560,Inter Token Latency,ms,p25,215.17
71,1780553647323170560,1780553648323170560,Inter Token Latency,ms,p50,215.17
71,1780553647323170560,1780553648323170560,Inter Token Latency,ms,p75,215.17
71,1780553647323170560,1780553648323170560,Inter Token Latency,ms,p90,215.17
71,1780553647323170560,1780553648323170560,Inter Token Latency,ms,p95,215.17
71,1780553647323170560,1780553648323170560,Inter Token Latency,ms,p99,215.17
71,1780553647323170560,1780553648323170560,Inter Token Latency,ms,std,0.00
71,1780553647323170560,1780553648323170560,Maximum Response Timestamp,ns,avg,1780553817886624512.00
71,1780553647323170560,1780553648323170560,Minimum Request Timestamp,ns,avg,1780553647590741760.00
71,1780553647323170560,1780553648323170560,OSL Mismatch Count,requests,avg,0.00
71,1780553647323170560,1780553648323170560,OSL Mismatch Diff %,%,avg,0.00
71,1780553647323170560,1780553648323170560,OSL Mismatch Diff %,%,min,0.00
71,1780553647323170560,1780553648323170560,OSL Mismatch Diff %,%,max,0.00
71,1780553647323170560,1780553648323170560,OSL Mismatch Diff %,%,sum,0.00
71,1780553647323170560,1780553648323170560,OSL Mismatch Diff %,%,p1,0.00
71,1780553647323170560,1780553648323170560,OSL Mismatch Diff %,%,p5,0.00
71,1780553647323170560,1780553648323170560,OSL Mismatch Diff %,%,p10,0.00
71,1780553647323170560,1780553648323170560,OSL Mismatch Diff %,%,p25,0.00
71,1780553647323170560,1780553648323170560,OSL Mismatch Diff %,%,p50,0.00
71,1780553647323170560,1780553648323170560,OSL Mismatch Diff %,%,p75,0.00
71,1780553647323170560,1780553648323170560,OSL Mismatch Diff %,%,p90,0.00
71,1780553647323170560,1780553648323170560,OSL Mismatch Diff %,%,p95,0.00
71,1780553647323170560,1780553648323170560,OSL Mismatch Diff %,%,p99,0.00
71,1780553647323170560,1780553648323170560,OSL Mismatch Diff %,%,std,0.00
71,1780553647323170560,1780553648323170560,Output Sequence Length,tokens,avg,602.00
71,1780553647323170560,1780553648323170560,Output Sequence Length,tokens,min,602.00
71,1780553647323170560,1780553648323170560,Output Sequence Length,tokens,max,602.00
71,1780553647323170560,1780553648323170560,Output Sequence Length,tokens,sum,602.00
71,1780553647323170560,1780553648323170560,Output Sequence Length,tokens,p1,602.00
71,1780553647323170560,1780553648323170560,Output Sequence Length,tokens,p5,602.00
71,1780553647323170560,1780553648323170560,Output Sequence Length,tokens,p10,602.00
71,1780553647323170560,1780553648323170560,Output Sequence Length,tokens,p25,602.00
71,1780553647323170560,1780553648323170560,Output Sequence Length,tokens,p50,602.00
71,1780553647323170560,1780553648323170560,Output Sequence Length,tokens,p75,602.00
71,1780553647323170560,1780553648323170560,Output Sequence Length,tokens,p90,602.00
71,1780553647323170560,1780553648323170560,Output Sequence Length,tokens,p95,602.00
71,1780553647323170560,1780553648323170560,Output Sequence Length,tokens,p99,602.00
71,1780553647323170560,1780553648323170560,Output Sequence Length,tokens,std,0.00
71,1780553647323170560,1780553648323170560,Output Token Count,tokens,avg,602.00
71,1780553647323170560,1780553648323170560,Output Token Count,tokens,min,602.00
71,1780553647323170560,1780553648323170560,Output Token Count,tokens,max,602.00
71,1780553647323170560,1780553648323170560,Output Token Count,tokens,sum,602.00
71,1780553647323170560,1780553648323170560,Output Token Count,tokens,p1,602.00
71,1780553647323170560,1780553648323170560,Output Token Count,tokens,p5,602.00
71,1780553647323170560,1780553648323170560,Output Token Count,tokens,p10,602.00
71,1780553647323170560,1780553648323170560,Output Token Count,tokens,p25,602.00
71,1780553647323170560,1780553648323170560,Output Token Count,tokens,p50,602.00
71,1780553647323170560,1780553648323170560,Output Token Count,tokens,p75,602.00
71,1780553647323170560,1780553648323170560,Output Token Count,tokens,p90,602.00
71,1780553647323170560,1780553648323170560,Output Token Count,tokens,p95,602.00
71,1780553647323170560,1780553648323170560,Output Token Count,tokens,p99,602.00
71,1780553647323170560,1780553648323170560,Output Token Count,tokens,std,0.00
71,1780553647323170560,1780553648323170560,Output Token Throughput,tokens/sec,avg,602.00
71,1780553647323170560,1780553648323170560,Output Token Throughput Per User,tokens/sec/user,avg,4.65
71,1780553647323170560,1780553648323170560,Output Token Throughput Per User,tokens/sec/user,min,4.65
71,1780553647323170560,1780553648323170560,Output Token Throughput Per User,tokens/sec/user,max,4.65
71,1780553647323170560,1780553648323170560,Output Token Throughput Per User,tokens/sec/user,sum,4.65
71,1780553647323170560,1780553648323170560,Output Token Throughput Per User,tokens/sec/user,p1,4.65
71,1780553647323170560,1780553648323170560,Output Token Throughput Per User,tokens/sec/user,p5,4.65
71,1780553647323170560,1780553648323170560,Output Token Throughput Per User,tokens/sec/user,p10,4.65
71,1780553647323170560,1780553648323170560,Output Token Throughput Per User,tokens/sec/user,p25,4.65
71,1780553647323170560,1780553648323170560,Output Token Throughput Per User,tokens/sec/user,p50,4.65
71,1780553647323170560,1780553648323170560,Output Token Throughput Per User,tokens/sec/user,p75,4.65
71,1780553647323170560,1780553648323170560,Output Token Throughput Per User,tokens/sec/user,p90,4.65
71,1780553647323170560,1780553648323170560,Output Token Throughput Per User,tokens/sec/user,p95,4.65
71,1780553647323170560,1780553648323170560,Output Token Throughput Per User,tokens/sec/user,p99,4.65
71,1780553647323170560,1780553648323170560,Output Token Throughput Per User,tokens/sec/user,std,0.00
71,1780553647323170560,1780553648323170560,Prefill Throughput Per User,tokens/sec/user,avg,1057.17
71,1780553647323170560,1780553648323170560,Prefill Throughput Per User,tokens/sec/user,min,1057.17
71,1780553647323170560,1780553648323170560,Prefill Throughput Per User,tokens/sec/user,max,1057.17
71,1780553647323170560,1780553648323170560,Prefill Throughput Per User,tokens/sec/user,sum,1057.17
71,1780553647323170560,1780553648323170560,Prefill Throughput Per User,tokens/sec/user,p1,1057.17
71,1780553647323170560,1780553648323170560,Prefill Throughput Per User,tokens/sec/user,p5,1057.17
71,1780553647323170560,1780553648323170560,Prefill Throughput Per User,tokens/sec/user,p10,1057.17
71,1780553647323170560,1780553648323170560,Prefill Throughput Per User,tokens/sec/user,p25,1057.17
71,1780553647323170560,1780553648323170560,Prefill Throughput Per User,tokens/sec/user,p50,1057.17
71,1780553647323170560,1780553648323170560,Prefill Throughput Per User,tokens/sec/user,p75,1057.17
71,1780553647323170560,1780553648323170560,Prefill Throughput Per User,tokens/sec/user,p90,1057.17
71,1780553647323170560,1780553648323170560,Prefill Throughput Per User,tokens/sec/user,p95,1057.17
71,1780553647323170560,1780553648323170560,Prefill Throughput Per User,tokens/sec/user,p99,1057.17
71,1780553647323170560,1780553648323170560,Prefill Throughput Per User,tokens/sec/user,std,0.00
71,1780553647323170560,1780553648323170560,Request Count,requests,avg,1.00
71,1780553647323170560,1780553648323170560,Request Latency,ms,avg,170295.88
71,1780553647323170560,1780553648323170560,Request Latency,ms,min,170295.88
71,1780553647323170560,1780553648323170560,Request Latency,ms,max,170295.88
71,1780553647323170560,1780553648323170560,Request Latency,ms,sum,170295.88
71,1780553647323170560,1780553648323170560,Request Latency,ms,p1,170295.88
71,1780553647323170560,1780553648323170560,Request Latency,ms,p5,170295.88
71,1780553647323170560,1780553648323170560,Request Latency,ms,p10,170295.88
71,1780553647323170560,1780553648323170560,Request Latency,ms,p25,170295.88
71,1780553647323170560,1780553648323170560,Request Latency,ms,p50,170295.88
71,1780553647323170560,1780553648323170560,Request Latency,ms,p75,170295.88
71,1780553647323170560,1780553648323170560,Request Latency,ms,p90,170295.88
71,1780553647323170560,1780553648323170560,Request Latency,ms,p95,170295.88
71,1780553647323170560,1780553648323170560,Request Latency,ms,p99,170295.88
71,1780553647323170560,1780553648323170560,Request Latency,ms,std,0.00
71,1780553647323170560,1780553648323170560,Request Throughput,requests/sec,avg,1.00
71,1780553647323170560,1780553648323170560,Requested OSL,tokens,avg,602.00
71,1780553647323170560,1780553648323170560,Requested OSL,tokens,min,602.00
71,1780553647323170560,1780553648323170560,Requested OSL,tokens,max,602.00
71,1780553647323170560,1780553648323170560,Requested OSL,tokens,sum,602.00
71,1780553647323170560,1780553648323170560,Requested OSL,tokens,p1,602.00
71,1780553647323170560,1780553648323170560,Requested OSL,tokens,p5,602.00
71,1780553647323170560,1780553648323170560,Requested OSL,tokens,p10,602.00
71,1780553647323170560,1780553648323170560,Requested OSL,tokens,p25,602.00
71,1780553647323170560,1780553648323170560,Requested OSL,tokens,p50,602.00
71,1780553647323170560,1780553648323170560,Requested OSL,tokens,p75,602.00
71,1780553647323170560,1780553648323170560,Requested OSL,tokens,p90,602.00
71,1780553647323170560,1780553648323170560,Requested OSL,tokens,p95,602.00
71,1780553647323170560,1780553648323170560,Requested OSL,tokens,p99,602.00
71,1780553647323170560,1780553648323170560,Requested OSL,tokens,std,0.00
71,1780553647323170560,1780553648323170560,Time to First Output Token,ms,avg,40976.48
71,1780553647323170560,1780553648323170560,Time to First Output Token,ms,min,40976.48
71,1780553647323170560,1780553648323170560,Time to First Output Token,ms,max,40976.48
71,1780553647323170560,1780553648323170560,Time to First Output Token,ms,sum,40976.48
71,1780553647323170560,1780553648323170560,Time to First Output Token,ms,p1,40976.48
71,1780553647323170560,1780553648323170560,Time to First Output Token,ms,p5,40976.48
71,1780553647323170560,1780553648323170560,Time to First Output Token,ms,p10,40976.48
71,1780553647323170560,1780553648323170560,Time to First Output Token,ms,p25,40976.48
71,1780553647323170560,1780553648323170560,Time to First Output Token,ms,p50,40976.48
71,1780553647323170560,1780553648323170560,Time to First Output Token,ms,p75,40976.48
71,1780553647323170560,1780553648323170560,Time to First Output Token,ms,p90,40976.48
71,1780553647323170560,1780553648323170560,Time to First Output Token,ms,p95,40976.48
71,1780553647323170560,1780553648323170560,Time to First Output Token,ms,p99,40976.48
71,1780553647323170560,1780553648323170560,Time to First Output Token,ms,std,0.00
71,1780553647323170560,1780553648323170560,Time to First Token,ms,avg,40976.48
71,1780553647323170560,1780553648323170560,Time to First Token,ms,min,40976.48
71,1780553647323170560,1780553648323170560,Time to First Token,ms,max,40976.48
71,1780553647323170560,1780553648323170560,Time to First Token,ms,sum,40976.48
71,1780553647323170560,1780553648323170560,Time to First Token,ms,p1,40976.48
71,1780553647323170560,1780553648323170560,Time to First Token,ms,p5,40976.48
71,1780553647323170560,1780553648323170560,Time to First Token,ms,p10,40976.48
71,1780553647323170560,1780553648323170560,Time to First Token,ms,p25,40976.48
71,1780553647323170560,1780553648323170560,Time to First Token,ms,p50,40976.48
71,1780553647323170560,1780553648323170560,Time to First Token,ms,p75,40976.48
71,1780553647323170560,1780553648323170560,Time to First Token,ms,p90,40976.48
71,1780553647323170560,1780553648323170560,Time to First Token,ms,p95,40976.48
71,1780553647323170560,1780553648323170560,Time to First Token,ms,p99,40976.48
71,1780553647323170560,1780553648323170560,Time to First Token,ms,std,0.00
71,1780553647323170560,1780553648323170560,Time to Second Token,ms,avg,34.97
71,1780553647323170560,1780553648323170560,Time to Second Token,ms,min,34.97
71,1780553647323170560,1780553648323170560,Time to Second Token,ms,max,34.97
71,1780553647323170560,1780553648323170560,Time to Second Token,ms,sum,34.97
71,1780553647323170560,1780553648323170560,Time to Second Token,ms,p1,34.97
71,1780553647323170560,1780553648323170560,Time to Second Token,ms,p5,34.97
71,1780553647323170560,1780553648323170560,Time to Second Token,ms,p10,34.97
71,1780553647323170560,1780553648323170560,Time to Second Token,ms,p25,34.97
71,1780553647323170560,1780553648323170560,Time to Second Token,ms,p50,34.97
71,1780553647323170560,1780553648323170560,Time to Second Token,ms,p75,34.97
71,1780553647323170560,1780553648323170560,Time to Second Token,ms,p90,34.97
71,1780553647323170560,1780553648323170560,Time to Second Token,ms,p95,34.97
71,1780553647323170560,1780553648323170560,Time to Second Token,ms,p99,34.97
71,1780553647323170560,1780553648323170560,Time to Second Token,ms,std,0.00
71,1780553647323170560,1780553648323170560,Tokens In Flight,tokens,avg,1603671.62
71,1780553647323170560,1780553648323170560,Tokens In Flight,tokens,min,1440846.65
71,1780553647323170560,1780553648323170560,Tokens In Flight,tokens,max,1634054.65
71,1780553647323170560,1780553648323170560,Tokens In Flight,tokens,p50,1634033.37
71,1780553647323170560,1780553648323170560,Tokens In Flight,tokens,p90,1634050.58
71,1780553647323170560,1780553648323170560,Tokens In Flight,tokens,p95,1634052.61
71,1780553647323170560,1780553648323170560,Tokens In Flight,tokens,p99,1634054.65
71,1780553647323170560,1780553648323170560,Tokens In Flight,tokens,std,56596.73
71,1780553647323170560,1780553648323170560,Total Input Sequence Length,tokens,avg,43319.00
71,1780553647323170560,1780553648323170560,Total Output Sequence Length,tokens,avg,602.00
71,1780553647323170560,1780553648323170560,Total Output Tokens,tokens,avg,602.00
71,1780553647323170560,1780553648323170560,Total Token Throughput,tokens/sec,avg,43921.00
71,1780553647323170560,1780553648323170560,Total Usage Completion Tokens,tokens,avg,602.00
71,1780553647323170560,1780553648323170560,Total Usage Prompt Tokens,tokens,avg,43319.00
71,1780553647323170560,1780553648323170560,Total Usage Total Tokens,tokens,avg,43921.00
71,1780553647323170560,1780553648323170560,Usage Completion Tokens,tokens,avg,602.00
71,1780553647323170560,1780553648323170560,Usage Completion Tokens,tokens,min,602.00
71,1780553647323170560,1780553648323170560,Usage Completion Tokens,tokens,max,602.00
71,1780553647323170560,1780553648323170560,Usage Completion Tokens,tokens,sum,602.00
71,1780553647323170560,1780553648323170560,Usage Completion Tokens,tokens,p1,602.00
71,1780553647323170560,1780553648323170560,Usage Completion Tokens,tokens,p5,602.00
71,1780553647323170560,1780553648323170560,Usage Completion Tokens,tokens,p10,602.00
71,1780553647323170560,1780553648323170560,Usage Completion Tokens,tokens,p25,602.00
71,1780553647323170560,1780553648323170560,Usage Completion Tokens,tokens,p50,602.00
71,1780553647323170560,1780553648323170560,Usage Completion Tokens,tokens,p75,602.00
71,1780553647323170560,1780553648323170560,Usage Completion Tokens,tokens,p90,602.00
71,1780553647323170560,1780553648323170560,Usage Completion Tokens,tokens,p95,602.00
71,1780553647323170560,1780553648323170560,Usage Completion Tokens,tokens,p99,602.00
71,1780553647323170560,1780553648323170560,Usage Completion Tokens,tokens,std,0.00
71,1780553647323170560,1780553648323170560,Usage Prompt Tokens,tokens,avg,43319.00
71,1780553647323170560,1780553648323170560,Usage Prompt Tokens,tokens,min,43319.00
71,1780553647323170560,1780553648323170560,Usage Prompt Tokens,tokens,max,43319.00
71,1780553647323170560,1780553648323170560,Usage Prompt Tokens,tokens,sum,43319.00
71,1780553647323170560,1780553648323170560,Usage Prompt Tokens,tokens,p1,43319.00
71,1780553647323170560,1780553648323170560,Usage Prompt Tokens,tokens,p5,43319.00
71,1780553647323170560,1780553648323170560,Usage Prompt Tokens,tokens,p10,43319.00
71,1780553647323170560,1780553648323170560,Usage Prompt Tokens,tokens,p25,43319.00
71,1780553647323170560,1780553648323170560,Usage Prompt Tokens,tokens,p50,43319.00
71,1780553647323170560,1780553648323170560,Usage Prompt Tokens,tokens,p75,43319.00
71,1780553647323170560,1780553648323170560,Usage Prompt Tokens,tokens,p90,43319.00
71,1780553647323170560,1780553648323170560,Usage Prompt Tokens,tokens,p95,43319.00
71,1780553647323170560,1780553648323170560,Usage Prompt Tokens,tokens,p99,43319.00
71,1780553647323170560,1780553648323170560,Usage Prompt Tokens,tokens,std,0.00
71,1780553647323170560,1780553648323170560,Usage Total Tokens,tokens,avg,43921.00
71,1780553647323170560,1780553648323170560,Usage Total Tokens,tokens,min,43921.00
71,1780553647323170560,1780553648323170560,Usage Total Tokens,tokens,max,43921.00
71,1780553647323170560,1780553648323170560,Usage Total Tokens,tokens,sum,43921.00
71,1780553647323170560,1780553648323170560,Usage Total Tokens,tokens,p1,43921.00
71,1780553647323170560,1780553648323170560,Usage Total Tokens,tokens,p5,43921.00
71,1780553647323170560,1780553648323170560,Usage Total Tokens,tokens,p10,43921.00
71,1780553647323170560,1780553648323170560,Usage Total Tokens,tokens,p25,43921.00
71,1780553647323170560,1780553648323170560,Usage Total Tokens,tokens,p50,43921.00
71,1780553647323170560,1780553648323170560,Usage Total Tokens,tokens,p75,43921.00
71,1780553647323170560,1780553648323170560,Usage Total Tokens,tokens,p90,43921.00
71,1780553647323170560,1780553648323170560,Usage Total Tokens,tokens,p95,43921.00
71,1780553647323170560,1780553648323170560,Usage Total Tokens,tokens,p99,43921.00
71,1780553647323170560,1780553648323170560,Usage Total Tokens,tokens,std,0.00
72,1780553651323170560,1780553652323170560,Active Decode Throughput,tokens/sec,avg,30.25
72,1780553651323170560,1780553652323170560,Active Decode Throughput,tokens/sec,min,15.05
72,1780553651323170560,1780553652323170560,Active Decode Throughput,tokens/sec,max,45.44
72,1780553651323170560,1780553652323170560,Active Decode Throughput,tokens/sec,p50,30.25
72,1780553651323170560,1780553652323170560,Active Decode Throughput,tokens/sec,p90,30.25
72,1780553651323170560,1780553652323170560,Active Decode Throughput,tokens/sec,p95,30.25
72,1780553651323170560,1780553652323170560,Active Decode Throughput,tokens/sec,p99,30.25
72,1780553651323170560,1780553652323170560,Active Decode Throughput,tokens/sec,std,0.02
72,1780553651323170560,1780553652323170560,Active Decode Throughput Per User,tokens/sec/user,avg,3.36
72,1780553651323170560,1780553652323170560,Active Decode Throughput Per User,tokens/sec/user,min,1.67
72,1780553651323170560,1780553652323170560,Active Decode Throughput Per User,tokens/sec/user,max,5.05
72,1780553651323170560,1780553652323170560,Active Decode Throughput Per User,tokens/sec/user,p50,3.36
72,1780553651323170560,1780553652323170560,Active Decode Throughput Per User,tokens/sec/user,p90,3.36
72,1780553651323170560,1780553652323170560,Active Decode Throughput Per User,tokens/sec/user,p95,3.36
72,1780553651323170560,1780553652323170560,Active Decode Throughput Per User,tokens/sec/user,p99,3.36
72,1780553651323170560,1780553652323170560,Active Decode Throughput Per User,tokens/sec/user,std,0.00
72,1780553651323170560,1780553652323170560,Active Prefill Throughput,tokens/sec,avg,9673.82
72,1780553651323170560,1780553652323170560,Active Prefill Throughput,tokens/sec,min,8522.24
72,1780553651323170560,1780553652323170560,Active Prefill Throughput,tokens/sec,max,10585.80
72,1780553651323170560,1780553652323170560,Active Prefill Throughput,tokens/sec,p50,10585.80
72,1780553651323170560,1780553652323170560,Active Prefill Throughput,tokens/sec,p90,10585.80
72,1780553651323170560,1780553652323170560,Active Prefill Throughput,tokens/sec,p95,10585.80
72,1780553651323170560,1780553652323170560,Active Prefill Throughput,tokens/sec,p99,10585.80
72,1780553651323170560,1780553652323170560,Active Prefill Throughput,tokens/sec,std,1024.80
72,1780553651323170560,1780553652323170560,Active Prefill Throughput Per User,tokens/sec/user,avg,1737.85
72,1780553651323170560,1780553652323170560,Active Prefill Throughput Per User,tokens/sec/user,min,1704.45
72,1780553651323170560,1780553652323170560,Active Prefill Throughput Per User,tokens/sec/user,max,1764.30
72,1780553651323170560,1780553652323170560,Active Prefill Throughput Per User,tokens/sec/user,p50,1764.30
72,1780553651323170560,1780553652323170560,Active Prefill Throughput Per User,tokens/sec/user,p90,1764.30
72,1780553651323170560,1780553652323170560,Active Prefill Throughput Per User,tokens/sec/user,p95,1764.30
72,1780553651323170560,1780553652323170560,Active Prefill Throughput Per User,tokens/sec/user,p99,1764.30
72,1780553651323170560,1780553652323170560,Active Prefill Throughput Per User,tokens/sec/user,std,29.72
72,1780553651323170560,1780553652323170560,Active Total Throughput,tokens/sec,avg,9720.87
72,1780553651323170560,1780553652323170560,Active Total Throughput,tokens/sec,min,8569.28
72,1780553651323170560,1780553652323170560,Active Total Throughput,tokens/sec,max,10632.84
72,1780553651323170560,1780553652323170560,Active Total Throughput,tokens/sec,p50,10632.84
72,1780553651323170560,1780553652323170560,Active Total Throughput,tokens/sec,p90,10632.84
72,1780553651323170560,1780553652323170560,Active Total Throughput,tokens/sec,p95,10632.84
72,1780553651323170560,1780553652323170560,Active Total Throughput,tokens/sec,p99,10632.84
72,1780553651323170560,1780553652323170560,Active Total Throughput,tokens/sec,std,1024.80
72,1780553651323170560,1780553652323170560,Benchmark Duration,sec,avg,124.35
72,1780553651323170560,1780553652323170560,E2E Output Token Throughput,tokens/sec/user,avg,2.98
72,1780553651323170560,1780553652323170560,E2E Output Token Throughput,tokens/sec/user,min,2.98
72,1780553651323170560,1780553652323170560,E2E Output Token Throughput,tokens/sec/user,max,2.98
72,1780553651323170560,1780553652323170560,E2E Output Token Throughput,tokens/sec/user,sum,2.98
72,1780553651323170560,1780553652323170560,E2E Output Token Throughput,tokens/sec/user,p1,2.98
72,1780553651323170560,1780553652323170560,E2E Output Token Throughput,tokens/sec/user,p5,2.98
72,1780553651323170560,1780553652323170560,E2E Output Token Throughput,tokens/sec/user,p10,2.98
72,1780553651323170560,1780553652323170560,E2E Output Token Throughput,tokens/sec/user,p25,2.98
72,1780553651323170560,1780553652323170560,E2E Output Token Throughput,tokens/sec/user,p50,2.98
72,1780553651323170560,1780553652323170560,E2E Output Token Throughput,tokens/sec/user,p75,2.98
72,1780553651323170560,1780553652323170560,E2E Output Token Throughput,tokens/sec/user,p90,2.98
72,1780553651323170560,1780553652323170560,E2E Output Token Throughput,tokens/sec/user,p95,2.98
72,1780553651323170560,1780553652323170560,E2E Output Token Throughput,tokens/sec/user,p99,2.98
72,1780553651323170560,1780553652323170560,E2E Output Token Throughput,tokens/sec/user,std,0.00
72,1780553651323170560,1780553652323170560,Effective Concurrency,requests,avg,14.56
72,1780553651323170560,1780553652323170560,Effective Concurrency,requests,min,14.00
72,1780553651323170560,1780553652323170560,Effective Concurrency,requests,max,15.00
72,1780553651323170560,1780553652323170560,Effective Concurrency,requests,p50,15.00
72,1780553651323170560,1780553652323170560,Effective Concurrency,requests,p90,15.00
72,1780553651323170560,1780553652323170560,Effective Concurrency,requests,p95,15.00
72,1780553651323170560,1780553652323170560,Effective Concurrency,requests,p99,15.00
72,1780553651323170560,1780553652323170560,Effective Concurrency,requests,std,0.50
72,1780553651323170560,1780553652323170560,Effective Decode Concurrency,requests,avg,9.00
72,1780553651323170560,1780553652323170560,Effective Decode Concurrency,requests,min,9.00
72,1780553651323170560,1780553652323170560,Effective Decode Concurrency,requests,max,9.00
72,1780553651323170560,1780553652323170560,Effective Decode Concurrency,requests,p50,9.00
72,1780553651323170560,1780553652323170560,Effective Decode Concurrency,requests,p90,9.00
72,1780553651323170560,1780553652323170560,Effective Decode Concurrency,requests,p95,9.00
72,1780553651323170560,1780553652323170560,Effective Decode Concurrency,requests,p99,9.00
72,1780553651323170560,1780553652323170560,Effective Decode Concurrency,requests,std,0.00
72,1780553651323170560,1780553652323170560,Effective Decode Throughput,tokens/sec,avg,30.25
72,1780553651323170560,1780553652323170560,Effective Decode Throughput,tokens/sec,min,15.05
72,1780553651323170560,1780553652323170560,Effective Decode Throughput,tokens/sec,max,45.44
72,1780553651323170560,1780553652323170560,Effective Decode Throughput,tokens/sec,p50,30.25
72,1780553651323170560,1780553652323170560,Effective Decode Throughput,tokens/sec,p90,30.25
72,1780553651323170560,1780553652323170560,Effective Decode Throughput,tokens/sec,p95,30.25
72,1780553651323170560,1780553652323170560,Effective Decode Throughput,tokens/sec,p99,30.25
72,1780553651323170560,1780553652323170560,Effective Decode Throughput,tokens/sec,std,0.02
72,1780553651323170560,1780553652323170560,Effective Decode Throughput Per User,tokens/sec/user,avg,3.36
72,1780553651323170560,1780553652323170560,Effective Decode Throughput Per User,tokens/sec/user,min,1.67
72,1780553651323170560,1780553652323170560,Effective Decode Throughput Per User,tokens/sec/user,max,5.05
72,1780553651323170560,1780553652323170560,Effective Decode Throughput Per User,tokens/sec/user,p50,3.36
72,1780553651323170560,1780553652323170560,Effective Decode Throughput Per User,tokens/sec/user,p90,3.36
72,1780553651323170560,1780553652323170560,Effective Decode Throughput Per User,tokens/sec/user,p95,3.36
72,1780553651323170560,1780553652323170560,Effective Decode Throughput Per User,tokens/sec/user,p99,3.36
72,1780553651323170560,1780553652323170560,Effective Decode Throughput Per User,tokens/sec/user,std,0.00
72,1780553651323170560,1780553652323170560,Effective Prefill Concurrency,requests,avg,5.56
72,1780553651323170560,1780553652323170560,Effective Prefill Concurrency,requests,min,5.00
72,1780553651323170560,1780553652323170560,Effective Prefill Concurrency,requests,max,6.00
72,1780553651323170560,1780553652323170560,Effective Prefill Concurrency,requests,p50,6.00
72,1780553651323170560,1780553652323170560,Effective Prefill Concurrency,requests,p90,6.00
72,1780553651323170560,1780553652323170560,Effective Prefill Concurrency,requests,p95,6.00
72,1780553651323170560,1780553652323170560,Effective Prefill Concurrency,requests,p99,6.00
72,1780553651323170560,1780553652323170560,Effective Prefill Concurrency,requests,std,0.50
72,1780553651323170560,1780553652323170560,Effective Prefill Throughput,tokens/sec,avg,9673.82
72,1780553651323170560,1780553652323170560,Effective Prefill Throughput,tokens/sec,min,8522.24
72,1780553651323170560,1780553652323170560,Effective Prefill Throughput,tokens/sec,max,10585.80
72,1780553651323170560,1780553652323170560,Effective Prefill Throughput,tokens/sec,p50,10585.80
72,1780553651323170560,1780553652323170560,Effective Prefill Throughput,tokens/sec,p90,10585.80
72,1780553651323170560,1780553652323170560,Effective Prefill Throughput,tokens/sec,p95,10585.80
72,1780553651323170560,1780553652323170560,Effective Prefill Throughput,tokens/sec,p99,10585.80
72,1780553651323170560,1780553652323170560,Effective Prefill Throughput,tokens/sec,std,1024.80
72,1780553651323170560,1780553652323170560,Effective Prefill Throughput Per User,tokens/sec/user,avg,1737.85
72,1780553651323170560,1780553652323170560,Effective Prefill Throughput Per User,tokens/sec/user,min,1704.45
72,1780553651323170560,1780553652323170560,Effective Prefill Throughput Per User,tokens/sec/user,max,1764.30
72,1780553651323170560,1780553652323170560,Effective Prefill Throughput Per User,tokens/sec/user,p50,1764.30
72,1780553651323170560,1780553652323170560,Effective Prefill Throughput Per User,tokens/sec/user,p90,1764.30
72,1780553651323170560,1780553652323170560,Effective Prefill Throughput Per User,tokens/sec/user,p95,1764.30
72,1780553651323170560,1780553652323170560,Effective Prefill Throughput Per User,tokens/sec/user,p99,1764.30
72,1780553651323170560,1780553652323170560,Effective Prefill Throughput Per User,tokens/sec/user,std,29.72
72,1780553651323170560,1780553652323170560,Effective Total Throughput,tokens/sec,avg,9720.87
72,1780553651323170560,1780553652323170560,Effective Total Throughput,tokens/sec,min,8569.28
72,1780553651323170560,1780553652323170560,Effective Total Throughput,tokens/sec,max,10632.84
72,1780553651323170560,1780553652323170560,Effective Total Throughput,tokens/sec,p50,10632.84
72,1780553651323170560,1780553652323170560,Effective Total Throughput,tokens/sec,p90,10632.84
72,1780553651323170560,1780553652323170560,Effective Total Throughput,tokens/sec,p95,10632.84
72,1780553651323170560,1780553652323170560,Effective Total Throughput,tokens/sec,p99,10632.84
72,1780553651323170560,1780553652323170560,Effective Total Throughput,tokens/sec,std,1024.80
72,1780553651323170560,1780553652323170560,HTTP Blocked,ms,avg,0.00
72,1780553651323170560,1780553652323170560,HTTP Blocked,ms,min,0.00
72,1780553651323170560,1780553652323170560,HTTP Blocked,ms,max,0.00
72,1780553651323170560,1780553652323170560,HTTP Blocked,ms,sum,0.00
72,1780553651323170560,1780553652323170560,HTTP Blocked,ms,p1,0.00
72,1780553651323170560,1780553652323170560,HTTP Blocked,ms,p5,0.00
72,1780553651323170560,1780553652323170560,HTTP Blocked,ms,p10,0.00
72,1780553651323170560,1780553652323170560,HTTP Blocked,ms,p25,0.00
72,1780553651323170560,1780553652323170560,HTTP Blocked,ms,p50,0.00
72,1780553651323170560,1780553652323170560,HTTP Blocked,ms,p75,0.00
72,1780553651323170560,1780553652323170560,HTTP Blocked,ms,p90,0.00
72,1780553651323170560,1780553652323170560,HTTP Blocked,ms,p95,0.00
72,1780553651323170560,1780553652323170560,HTTP Blocked,ms,p99,0.00
72,1780553651323170560,1780553652323170560,HTTP Blocked,ms,std,0.00
72,1780553651323170560,1780553652323170560,HTTP Chunks Received,count,avg,370.00
72,1780553651323170560,1780553652323170560,HTTP Chunks Received,count,min,370.00
72,1780553651323170560,1780553652323170560,HTTP Chunks Received,count,max,370.00
72,1780553651323170560,1780553652323170560,HTTP Chunks Received,count,sum,370.00
72,1780553651323170560,1780553652323170560,HTTP Chunks Received,count,p1,370.00
72,1780553651323170560,1780553652323170560,HTTP Chunks Received,count,p5,370.00
72,1780553651323170560,1780553652323170560,HTTP Chunks Received,count,p10,370.00
72,1780553651323170560,1780553652323170560,HTTP Chunks Received,count,p25,370.00
72,1780553651323170560,1780553652323170560,HTTP Chunks Received,count,p50,370.00
72,1780553651323170560,1780553652323170560,HTTP Chunks Received,count,p75,370.00
72,1780553651323170560,1780553652323170560,HTTP Chunks Received,count,p90,370.00
72,1780553651323170560,1780553652323170560,HTTP Chunks Received,count,p95,370.00
72,1780553651323170560,1780553652323170560,HTTP Chunks Received,count,p99,370.00
72,1780553651323170560,1780553652323170560,HTTP Chunks Received,count,std,0.00
72,1780553651323170560,1780553652323170560,HTTP Chunks Sent,count,avg,1.00
72,1780553651323170560,1780553652323170560,HTTP Chunks Sent,count,min,1.00
72,1780553651323170560,1780553652323170560,HTTP Chunks Sent,count,max,1.00
72,1780553651323170560,1780553652323170560,HTTP Chunks Sent,count,sum,1.00
72,1780553651323170560,1780553652323170560,HTTP Chunks Sent,count,p1,1.00
72,1780553651323170560,1780553652323170560,HTTP Chunks Sent,count,p5,1.00
72,1780553651323170560,1780553652323170560,HTTP Chunks Sent,count,p10,1.00
72,1780553651323170560,1780553652323170560,HTTP Chunks Sent,count,p25,1.00
72,1780553651323170560,1780553652323170560,HTTP Chunks Sent,count,p50,1.00
72,1780553651323170560,1780553652323170560,HTTP Chunks Sent,count,p75,1.00
72,1780553651323170560,1780553652323170560,HTTP Chunks Sent,count,p90,1.00
72,1780553651323170560,1780553652323170560,HTTP Chunks Sent,count,p95,1.00
72,1780553651323170560,1780553652323170560,HTTP Chunks Sent,count,p99,1.00
72,1780553651323170560,1780553652323170560,HTTP Chunks Sent,count,std,0.00
72,1780553651323170560,1780553652323170560,HTTP Connecting,ms,avg,0.00
72,1780553651323170560,1780553652323170560,HTTP Connecting,ms,min,0.00
72,1780553651323170560,1780553652323170560,HTTP Connecting,ms,max,0.00
72,1780553651323170560,1780553652323170560,HTTP Connecting,ms,sum,0.00
72,1780553651323170560,1780553652323170560,HTTP Connecting,ms,p1,0.00
72,1780553651323170560,1780553652323170560,HTTP Connecting,ms,p5,0.00
72,1780553651323170560,1780553652323170560,HTTP Connecting,ms,p10,0.00
72,1780553651323170560,1780553652323170560,HTTP Connecting,ms,p25,0.00
72,1780553651323170560,1780553652323170560,HTTP Connecting,ms,p50,0.00
72,1780553651323170560,1780553652323170560,HTTP Connecting,ms,p75,0.00
72,1780553651323170560,1780553652323170560,HTTP Connecting,ms,p90,0.00
72,1780553651323170560,1780553652323170560,HTTP Connecting,ms,p95,0.00
72,1780553651323170560,1780553652323170560,HTTP Connecting,ms,p99,0.00
72,1780553651323170560,1780553652323170560,HTTP Connecting,ms,std,0.00
72,1780553651323170560,1780553652323170560,HTTP Connection Overhead,ms,avg,0.00
72,1780553651323170560,1780553652323170560,HTTP Connection Overhead,ms,min,0.00
72,1780553651323170560,1780553652323170560,HTTP Connection Overhead,ms,max,0.00
72,1780553651323170560,1780553652323170560,HTTP Connection Overhead,ms,sum,0.00
72,1780553651323170560,1780553652323170560,HTTP Connection Overhead,ms,p1,0.00
72,1780553651323170560,1780553652323170560,HTTP Connection Overhead,ms,p5,0.00
72,1780553651323170560,1780553652323170560,HTTP Connection Overhead,ms,p10,0.00
72,1780553651323170560,1780553652323170560,HTTP Connection Overhead,ms,p25,0.00
72,1780553651323170560,1780553652323170560,HTTP Connection Overhead,ms,p50,0.00
72,1780553651323170560,1780553652323170560,HTTP Connection Overhead,ms,p75,0.00
72,1780553651323170560,1780553652323170560,HTTP Connection Overhead,ms,p90,0.00
72,1780553651323170560,1780553652323170560,HTTP Connection Overhead,ms,p95,0.00
72,1780553651323170560,1780553652323170560,HTTP Connection Overhead,ms,p99,0.00
72,1780553651323170560,1780553652323170560,HTTP Connection Overhead,ms,std,0.00
72,1780553651323170560,1780553652323170560,HTTP Connection Reused,ratio,avg,1.00
72,1780553651323170560,1780553652323170560,HTTP Connection Reused,ratio,min,1.00
72,1780553651323170560,1780553652323170560,HTTP Connection Reused,ratio,max,1.00
72,1780553651323170560,1780553652323170560,HTTP Connection Reused,ratio,sum,1.00
72,1780553651323170560,1780553652323170560,HTTP Connection Reused,ratio,p1,1.00
72,1780553651323170560,1780553652323170560,HTTP Connection Reused,ratio,p5,1.00
72,1780553651323170560,1780553652323170560,HTTP Connection Reused,ratio,p10,1.00
72,1780553651323170560,1780553652323170560,HTTP Connection Reused,ratio,p25,1.00
72,1780553651323170560,1780553652323170560,HTTP Connection Reused,ratio,p50,1.00
72,1780553651323170560,1780553652323170560,HTTP Connection Reused,ratio,p75,1.00
72,1780553651323170560,1780553652323170560,HTTP Connection Reused,ratio,p90,1.00
72,1780553651323170560,1780553652323170560,HTTP Connection Reused,ratio,p95,1.00
72,1780553651323170560,1780553652323170560,HTTP Connection Reused,ratio,p99,1.00
72,1780553651323170560,1780553652323170560,HTTP Connection Reused,ratio,std,0.00
72,1780553651323170560,1780553652323170560,HTTP Data Received,KB,avg,92.53
72,1780553651323170560,1780553652323170560,HTTP Data Received,KB,min,92.53
72,1780553651323170560,1780553652323170560,HTTP Data Received,KB,max,92.53
72,1780553651323170560,1780553652323170560,HTTP Data Received,KB,sum,92.53
72,1780553651323170560,1780553652323170560,HTTP Data Received,KB,p1,92.53
72,1780553651323170560,1780553652323170560,HTTP Data Received,KB,p5,92.53
72,1780553651323170560,1780553652323170560,HTTP Data Received,KB,p10,92.53
72,1780553651323170560,1780553652323170560,HTTP Data Received,KB,p25,92.53
72,1780553651323170560,1780553652323170560,HTTP Data Received,KB,p50,92.53
72,1780553651323170560,1780553652323170560,HTTP Data Received,KB,p75,92.53
72,1780553651323170560,1780553652323170560,HTTP Data Received,KB,p90,92.53
72,1780553651323170560,1780553652323170560,HTTP Data Received,KB,p95,92.53
72,1780553651323170560,1780553652323170560,HTTP Data Received,KB,p99,92.53
72,1780553651323170560,1780553652323170560,HTTP Data Received,KB,std,0.00
72,1780553651323170560,1780553652323170560,HTTP Data Sent,KB,avg,438.26
72,1780553651323170560,1780553652323170560,HTTP Data Sent,KB,min,438.26
72,1780553651323170560,1780553652323170560,HTTP Data Sent,KB,max,438.26
72,1780553651323170560,1780553652323170560,HTTP Data Sent,KB,sum,438.26
72,1780553651323170560,1780553652323170560,HTTP Data Sent,KB,p1,438.26
72,1780553651323170560,1780553652323170560,HTTP Data Sent,KB,p5,438.26
72,1780553651323170560,1780553652323170560,HTTP Data Sent,KB,p10,438.26
72,1780553651323170560,1780553652323170560,HTTP Data Sent,KB,p25,438.26
72,1780553651323170560,1780553652323170560,HTTP Data Sent,KB,p50,438.26
72,1780553651323170560,1780553652323170560,HTTP Data Sent,KB,p75,438.26
72,1780553651323170560,1780553652323170560,HTTP Data Sent,KB,p90,438.26
72,1780553651323170560,1780553652323170560,HTTP Data Sent,KB,p95,438.26
72,1780553651323170560,1780553652323170560,HTTP Data Sent,KB,p99,438.26
72,1780553651323170560,1780553652323170560,HTTP Data Sent,KB,std,0.00
72,1780553651323170560,1780553652323170560,HTTP DNS Lookup,ms,avg,0.00
72,1780553651323170560,1780553652323170560,HTTP DNS Lookup,ms,min,0.00
72,1780553651323170560,1780553652323170560,HTTP DNS Lookup,ms,max,0.00
72,1780553651323170560,1780553652323170560,HTTP DNS Lookup,ms,sum,0.00
72,1780553651323170560,1780553652323170560,HTTP DNS Lookup,ms,p1,0.00
72,1780553651323170560,1780553652323170560,HTTP DNS Lookup,ms,p5,0.00
72,1780553651323170560,1780553652323170560,HTTP DNS Lookup,ms,p10,0.00
72,1780553651323170560,1780553652323170560,HTTP DNS Lookup,ms,p25,0.00
72,1780553651323170560,1780553652323170560,HTTP DNS Lookup,ms,p50,0.00
72,1780553651323170560,1780553652323170560,HTTP DNS Lookup,ms,p75,0.00
72,1780553651323170560,1780553652323170560,HTTP DNS Lookup,ms,p90,0.00
72,1780553651323170560,1780553652323170560,HTTP DNS Lookup,ms,p95,0.00
72,1780553651323170560,1780553652323170560,HTTP DNS Lookup,ms,p99,0.00
72,1780553651323170560,1780553652323170560,HTTP DNS Lookup,ms,std,0.00
72,1780553651323170560,1780553652323170560,HTTP Duration (excl. conn),ms,avg,124348.78
72,1780553651323170560,1780553652323170560,HTTP Duration (excl. conn),ms,min,124348.78
72,1780553651323170560,1780553652323170560,HTTP Duration (excl. conn),ms,max,124348.78
72,1780553651323170560,1780553652323170560,HTTP Duration (excl. conn),ms,sum,124348.78
72,1780553651323170560,1780553652323170560,HTTP Duration (excl. conn),ms,p1,124348.78
72,1780553651323170560,1780553652323170560,HTTP Duration (excl. conn),ms,p5,124348.78
72,1780553651323170560,1780553652323170560,HTTP Duration (excl. conn),ms,p10,124348.78
72,1780553651323170560,1780553652323170560,HTTP Duration (excl. conn),ms,p25,124348.78
72,1780553651323170560,1780553652323170560,HTTP Duration (excl. conn),ms,p50,124348.78
72,1780553651323170560,1780553652323170560,HTTP Duration (excl. conn),ms,p75,124348.78
72,1780553651323170560,1780553652323170560,HTTP Duration (excl. conn),ms,p90,124348.78
72,1780553651323170560,1780553652323170560,HTTP Duration (excl. conn),ms,p95,124348.78
72,1780553651323170560,1780553652323170560,HTTP Duration (excl. conn),ms,p99,124348.78
72,1780553651323170560,1780553652323170560,HTTP Duration (excl. conn),ms,std,0.00
72,1780553651323170560,1780553652323170560,HTTP Receiving,ms,avg,69854.66
72,1780553651323170560,1780553652323170560,HTTP Receiving,ms,min,69854.66
72,1780553651323170560,1780553652323170560,HTTP Receiving,ms,max,69854.66
72,1780553651323170560,1780553652323170560,HTTP Receiving,ms,sum,69854.66
72,1780553651323170560,1780553652323170560,HTTP Receiving,ms,p1,69854.66
72,1780553651323170560,1780553652323170560,HTTP Receiving,ms,p5,69854.66
72,1780553651323170560,1780553652323170560,HTTP Receiving,ms,p10,69854.66
72,1780553651323170560,1780553652323170560,HTTP Receiving,ms,p25,69854.66
72,1780553651323170560,1780553652323170560,HTTP Receiving,ms,p50,69854.66
72,1780553651323170560,1780553652323170560,HTTP Receiving,ms,p75,69854.66
72,1780553651323170560,1780553652323170560,HTTP Receiving,ms,p90,69854.66
72,1780553651323170560,1780553652323170560,HTTP Receiving,ms,p95,69854.66
72,1780553651323170560,1780553652323170560,HTTP Receiving,ms,p99,69854.66
72,1780553651323170560,1780553652323170560,HTTP Receiving,ms,std,0.00
72,1780553651323170560,1780553652323170560,HTTP Sending,ms,avg,0.29
72,1780553651323170560,1780553652323170560,HTTP Sending,ms,min,0.29
72,1780553651323170560,1780553652323170560,HTTP Sending,ms,max,0.29
72,1780553651323170560,1780553652323170560,HTTP Sending,ms,sum,0.29
72,1780553651323170560,1780553652323170560,HTTP Sending,ms,p1,0.29
72,1780553651323170560,1780553652323170560,HTTP Sending,ms,p5,0.29
72,1780553651323170560,1780553652323170560,HTTP Sending,ms,p10,0.29
72,1780553651323170560,1780553652323170560,HTTP Sending,ms,p25,0.29
72,1780553651323170560,1780553652323170560,HTTP Sending,ms,p50,0.29
72,1780553651323170560,1780553652323170560,HTTP Sending,ms,p75,0.29
72,1780553651323170560,1780553652323170560,HTTP Sending,ms,p90,0.29
72,1780553651323170560,1780553652323170560,HTTP Sending,ms,p95,0.29
72,1780553651323170560,1780553652323170560,HTTP Sending,ms,p99,0.29
72,1780553651323170560,1780553652323170560,HTTP Sending,ms,std,0.00
72,1780553651323170560,1780553652323170560,HTTP Total Time,ms,avg,124348.78
72,1780553651323170560,1780553652323170560,HTTP Total Time,ms,min,124348.78
72,1780553651323170560,1780553652323170560,HTTP Total Time,ms,max,124348.78
72,1780553651323170560,1780553652323170560,HTTP Total Time,ms,sum,124348.78
72,1780553651323170560,1780553652323170560,HTTP Total Time,ms,p1,124348.78
72,1780553651323170560,1780553652323170560,HTTP Total Time,ms,p5,124348.78
72,1780553651323170560,1780553652323170560,HTTP Total Time,ms,p10,124348.78
72,1780553651323170560,1780553652323170560,HTTP Total Time,ms,p25,124348.78
72,1780553651323170560,1780553652323170560,HTTP Total Time,ms,p50,124348.78
72,1780553651323170560,1780553652323170560,HTTP Total Time,ms,p75,124348.78
72,1780553651323170560,1780553652323170560,HTTP Total Time,ms,p90,124348.78
72,1780553651323170560,1780553652323170560,HTTP Total Time,ms,p95,124348.78
72,1780553651323170560,1780553652323170560,HTTP Total Time,ms,p99,124348.78
72,1780553651323170560,1780553652323170560,HTTP Total Time,ms,std,0.00
72,1780553651323170560,1780553652323170560,HTTP Waiting (TTFB),ms,avg,54493.83
72,1780553651323170560,1780553652323170560,HTTP Waiting (TTFB),ms,min,54493.83
72,1780553651323170560,1780553652323170560,HTTP Waiting (TTFB),ms,max,54493.83
72,1780553651323170560,1780553652323170560,HTTP Waiting (TTFB),ms,sum,54493.83
72,1780553651323170560,1780553652323170560,HTTP Waiting (TTFB),ms,p1,54493.83
72,1780553651323170560,1780553652323170560,HTTP Waiting (TTFB),ms,p5,54493.83
72,1780553651323170560,1780553652323170560,HTTP Waiting (TTFB),ms,p10,54493.83
72,1780553651323170560,1780553652323170560,HTTP Waiting (TTFB),ms,p25,54493.83
72,1780553651323170560,1780553652323170560,HTTP Waiting (TTFB),ms,p50,54493.83
72,1780553651323170560,1780553652323170560,HTTP Waiting (TTFB),ms,p75,54493.83
72,1780553651323170560,1780553652323170560,HTTP Waiting (TTFB),ms,p90,54493.83
72,1780553651323170560,1780553652323170560,HTTP Waiting (TTFB),ms,p95,54493.83
72,1780553651323170560,1780553652323170560,HTTP Waiting (TTFB),ms,p99,54493.83
72,1780553651323170560,1780553652323170560,HTTP Waiting (TTFB),ms,std,0.00
72,1780553651323170560,1780553652323170560,Input Sequence Length,tokens,avg,112452.00
72,1780553651323170560,1780553652323170560,Input Sequence Length,tokens,min,112452.00
72,1780553651323170560,1780553652323170560,Input Sequence Length,tokens,max,112452.00
72,1780553651323170560,1780553652323170560,Input Sequence Length,tokens,sum,112452.00
72,1780553651323170560,1780553652323170560,Input Sequence Length,tokens,p1,112452.00
72,1780553651323170560,1780553652323170560,Input Sequence Length,tokens,p5,112452.00
72,1780553651323170560,1780553652323170560,Input Sequence Length,tokens,p10,112452.00
72,1780553651323170560,1780553652323170560,Input Sequence Length,tokens,p25,112452.00
72,1780553651323170560,1780553652323170560,Input Sequence Length,tokens,p50,112452.00
72,1780553651323170560,1780553652323170560,Input Sequence Length,tokens,p75,112452.00
72,1780553651323170560,1780553652323170560,Input Sequence Length,tokens,p90,112452.00
72,1780553651323170560,1780553652323170560,Input Sequence Length,tokens,p95,112452.00
72,1780553651323170560,1780553652323170560,Input Sequence Length,tokens,p99,112452.00
72,1780553651323170560,1780553652323170560,Input Sequence Length,tokens,std,0.00
72,1780553651323170560,1780553652323170560,Input Token Throughput,tokens/sec,avg,112452.00
72,1780553651323170560,1780553652323170560,Inter Chunk Latency,ms,avg,66.95
72,1780553651323170560,1780553652323170560,Inter Chunk Latency,ms,min,66.94
72,1780553651323170560,1780553652323170560,Inter Chunk Latency,ms,max,66.96
72,1780553651323170560,1780553652323170560,Inter Chunk Latency,ms,sum,24704.24
72,1780553651323170560,1780553652323170560,Inter Chunk Latency,ms,p1,66.94
72,1780553651323170560,1780553652323170560,Inter Chunk Latency,ms,p5,66.94
72,1780553651323170560,1780553652323170560,Inter Chunk Latency,ms,p10,66.94
72,1780553651323170560,1780553652323170560,Inter Chunk Latency,ms,p25,66.95
72,1780553651323170560,1780553652323170560,Inter Chunk Latency,ms,p50,66.95
72,1780553651323170560,1780553652323170560,Inter Chunk Latency,ms,p75,66.95
72,1780553651323170560,1780553652323170560,Inter Chunk Latency,ms,p90,66.96
72,1780553651323170560,1780553652323170560,Inter Chunk Latency,ms,p95,66.96
72,1780553651323170560,1780553652323170560,Inter Chunk Latency,ms,p99,66.96
72,1780553651323170560,1780553652323170560,Inter Chunk Latency,ms,std,0.00
72,1780553651323170560,1780553652323170560,Inter Token Latency,ms,avg,189.31
72,1780553651323170560,1780553652323170560,Inter Token Latency,ms,min,189.31
72,1780553651323170560,1780553652323170560,Inter Token Latency,ms,max,189.31
72,1780553651323170560,1780553652323170560,Inter Token Latency,ms,sum,189.31
72,1780553651323170560,1780553652323170560,Inter Token Latency,ms,p1,189.31
72,1780553651323170560,1780553652323170560,Inter Token Latency,ms,p5,189.31
72,1780553651323170560,1780553652323170560,Inter Token Latency,ms,p10,189.31
72,1780553651323170560,1780553652323170560,Inter Token Latency,ms,p25,189.31
72,1780553651323170560,1780553652323170560,Inter Token Latency,ms,p50,189.31
72,1780553651323170560,1780553652323170560,Inter Token Latency,ms,p75,189.31
72,1780553651323170560,1780553652323170560,Inter Token Latency,ms,p90,189.31
72,1780553651323170560,1780553652323170560,Inter Token Latency,ms,p95,189.31
72,1780553651323170560,1780553652323170560,Inter Token Latency,ms,p99,189.31
72,1780553651323170560,1780553652323170560,Inter Token Latency,ms,std,0.00
72,1780553651323170560,1780553652323170560,Maximum Response Timestamp,ns,avg,1780553776113992704.00
72,1780553651323170560,1780553652323170560,Minimum Request Timestamp,ns,avg,1780553651765111808.00
72,1780553651323170560,1780553652323170560,OSL Mismatch Count,requests,avg,0.00
72,1780553651323170560,1780553652323170560,OSL Mismatch Diff %,%,avg,0.00
72,1780553651323170560,1780553652323170560,OSL Mismatch Diff %,%,min,0.00
72,1780553651323170560,1780553652323170560,OSL Mismatch Diff %,%,max,0.00
72,1780553651323170560,1780553652323170560,OSL Mismatch Diff %,%,sum,0.00
72,1780553651323170560,1780553652323170560,OSL Mismatch Diff %,%,p1,0.00
72,1780553651323170560,1780553652323170560,OSL Mismatch Diff %,%,p5,0.00
72,1780553651323170560,1780553652323170560,OSL Mismatch Diff %,%,p10,0.00
72,1780553651323170560,1780553652323170560,OSL Mismatch Diff %,%,p25,0.00
72,1780553651323170560,1780553652323170560,OSL Mismatch Diff %,%,p50,0.00
72,1780553651323170560,1780553652323170560,OSL Mismatch Diff %,%,p75,0.00
72,1780553651323170560,1780553652323170560,OSL Mismatch Diff %,%,p90,0.00
72,1780553651323170560,1780553652323170560,OSL Mismatch Diff %,%,p95,0.00
72,1780553651323170560,1780553652323170560,OSL Mismatch Diff %,%,p99,0.00
72,1780553651323170560,1780553652323170560,OSL Mismatch Diff %,%,std,0.00
72,1780553651323170560,1780553652323170560,Output Sequence Length,tokens,avg,370.00
72,1780553651323170560,1780553652323170560,Output Sequence Length,tokens,min,370.00
72,1780553651323170560,1780553652323170560,Output Sequence Length,tokens,max,370.00
72,1780553651323170560,1780553652323170560,Output Sequence Length,tokens,sum,370.00
72,1780553651323170560,1780553652323170560,Output Sequence Length,tokens,p1,370.00
72,1780553651323170560,1780553652323170560,Output Sequence Length,tokens,p5,370.00
72,1780553651323170560,1780553652323170560,Output Sequence Length,tokens,p10,370.00
72,1780553651323170560,1780553652323170560,Output Sequence Length,tokens,p25,370.00
72,1780553651323170560,1780553652323170560,Output Sequence Length,tokens,p50,370.00
72,1780553651323170560,1780553652323170560,Output Sequence Length,tokens,p75,370.00
72,1780553651323170560,1780553652323170560,Output Sequence Length,tokens,p90,370.00
72,1780553651323170560,1780553652323170560,Output Sequence Length,tokens,p95,370.00
72,1780553651323170560,1780553652323170560,Output Sequence Length,tokens,p99,370.00
72,1780553651323170560,1780553652323170560,Output Sequence Length,tokens,std,0.00
72,1780553651323170560,1780553652323170560,Output Token Count,tokens,avg,370.00
72,1780553651323170560,1780553652323170560,Output Token Count,tokens,min,370.00
72,1780553651323170560,1780553652323170560,Output Token Count,tokens,max,370.00
72,1780553651323170560,1780553652323170560,Output Token Count,tokens,sum,370.00
72,1780553651323170560,1780553652323170560,Output Token Count,tokens,p1,370.00
72,1780553651323170560,1780553652323170560,Output Token Count,tokens,p5,370.00
72,1780553651323170560,1780553652323170560,Output Token Count,tokens,p10,370.00
72,1780553651323170560,1780553652323170560,Output Token Count,tokens,p25,370.00
72,1780553651323170560,1780553652323170560,Output Token Count,tokens,p50,370.00
72,1780553651323170560,1780553652323170560,Output Token Count,tokens,p75,370.00
72,1780553651323170560,1780553652323170560,Output Token Count,tokens,p90,370.00
72,1780553651323170560,1780553652323170560,Output Token Count,tokens,p95,370.00
72,1780553651323170560,1780553652323170560,Output Token Count,tokens,p99,370.00
72,1780553651323170560,1780553652323170560,Output Token Count,tokens,std,0.00
72,1780553651323170560,1780553652323170560,Output Token Throughput,tokens/sec,avg,370.00
72,1780553651323170560,1780553652323170560,Output Token Throughput Per User,tokens/sec/user,avg,5.28
72,1780553651323170560,1780553652323170560,Output Token Throughput Per User,tokens/sec/user,min,5.28
72,1780553651323170560,1780553652323170560,Output Token Throughput Per User,tokens/sec/user,max,5.28
72,1780553651323170560,1780553652323170560,Output Token Throughput Per User,tokens/sec/user,sum,5.28
72,1780553651323170560,1780553652323170560,Output Token Throughput Per User,tokens/sec/user,p1,5.28
72,1780553651323170560,1780553652323170560,Output Token Throughput Per User,tokens/sec/user,p5,5.28
72,1780553651323170560,1780553652323170560,Output Token Throughput Per User,tokens/sec/user,p10,5.28
72,1780553651323170560,1780553652323170560,Output Token Throughput Per User,tokens/sec/user,p25,5.28
72,1780553651323170560,1780553652323170560,Output Token Throughput Per User,tokens/sec/user,p50,5.28
72,1780553651323170560,1780553652323170560,Output Token Throughput Per User,tokens/sec/user,p75,5.28
72,1780553651323170560,1780553652323170560,Output Token Throughput Per User,tokens/sec/user,p90,5.28
72,1780553651323170560,1780553652323170560,Output Token Throughput Per User,tokens/sec/user,p95,5.28
72,1780553651323170560,1780553652323170560,Output Token Throughput Per User,tokens/sec/user,p99,5.28
72,1780553651323170560,1780553652323170560,Output Token Throughput Per User,tokens/sec/user,std,0.00
72,1780553651323170560,1780553652323170560,Prefill Throughput Per User,tokens/sec/user,avg,2063.56
72,1780553651323170560,1780553652323170560,Prefill Throughput Per User,tokens/sec/user,min,2063.56
72,1780553651323170560,1780553652323170560,Prefill Throughput Per User,tokens/sec/user,max,2063.56
72,1780553651323170560,1780553652323170560,Prefill Throughput Per User,tokens/sec/user,sum,2063.56
72,1780553651323170560,1780553652323170560,Prefill Throughput Per User,tokens/sec/user,p1,2063.56
72,1780553651323170560,1780553652323170560,Prefill Throughput Per User,tokens/sec/user,p5,2063.56
72,1780553651323170560,1780553652323170560,Prefill Throughput Per User,tokens/sec/user,p10,2063.56
72,1780553651323170560,1780553652323170560,Prefill Throughput Per User,tokens/sec/user,p25,2063.56
72,1780553651323170560,1780553652323170560,Prefill Throughput Per User,tokens/sec/user,p50,2063.56
72,1780553651323170560,1780553652323170560,Prefill Throughput Per User,tokens/sec/user,p75,2063.56
72,1780553651323170560,1780553652323170560,Prefill Throughput Per User,tokens/sec/user,p90,2063.56
72,1780553651323170560,1780553652323170560,Prefill Throughput Per User,tokens/sec/user,p95,2063.56
72,1780553651323170560,1780553652323170560,Prefill Throughput Per User,tokens/sec/user,p99,2063.56
72,1780553651323170560,1780553652323170560,Prefill Throughput Per User,tokens/sec/user,std,0.00
72,1780553651323170560,1780553652323170560,Request Count,requests,avg,1.00
72,1780553651323170560,1780553652323170560,Request Latency,ms,avg,124348.88
72,1780553651323170560,1780553652323170560,Request Latency,ms,min,124348.88
72,1780553651323170560,1780553652323170560,Request Latency,ms,max,124348.88
72,1780553651323170560,1780553652323170560,Request Latency,ms,sum,124348.88
72,1780553651323170560,1780553652323170560,Request Latency,ms,p1,124348.88
72,1780553651323170560,1780553652323170560,Request Latency,ms,p5,124348.88
72,1780553651323170560,1780553652323170560,Request Latency,ms,p10,124348.88
72,1780553651323170560,1780553652323170560,Request Latency,ms,p25,124348.88
72,1780553651323170560,1780553652323170560,Request Latency,ms,p50,124348.88
72,1780553651323170560,1780553652323170560,Request Latency,ms,p75,124348.88
72,1780553651323170560,1780553652323170560,Request Latency,ms,p90,124348.88
72,1780553651323170560,1780553652323170560,Request Latency,ms,p95,124348.88
72,1780553651323170560,1780553652323170560,Request Latency,ms,p99,124348.88
72,1780553651323170560,1780553652323170560,Request Latency,ms,std,0.00
72,1780553651323170560,1780553652323170560,Request Throughput,requests/sec,avg,1.00
72,1780553651323170560,1780553652323170560,Requested OSL,tokens,avg,370.00
72,1780553651323170560,1780553652323170560,Requested OSL,tokens,min,370.00
72,1780553651323170560,1780553652323170560,Requested OSL,tokens,max,370.00
72,1780553651323170560,1780553652323170560,Requested OSL,tokens,sum,370.00
72,1780553651323170560,1780553652323170560,Requested OSL,tokens,p1,370.00
72,1780553651323170560,1780553652323170560,Requested OSL,tokens,p5,370.00
72,1780553651323170560,1780553652323170560,Requested OSL,tokens,p10,370.00
72,1780553651323170560,1780553652323170560,Requested OSL,tokens,p25,370.00
72,1780553651323170560,1780553652323170560,Requested OSL,tokens,p50,370.00
72,1780553651323170560,1780553652323170560,Requested OSL,tokens,p75,370.00
72,1780553651323170560,1780553652323170560,Requested OSL,tokens,p90,370.00
72,1780553651323170560,1780553652323170560,Requested OSL,tokens,p95,370.00
72,1780553651323170560,1780553652323170560,Requested OSL,tokens,p99,370.00
72,1780553651323170560,1780553652323170560,Requested OSL,tokens,std,0.00
72,1780553651323170560,1780553652323170560,Time to First Output Token,ms,avg,54494.24
72,1780553651323170560,1780553652323170560,Time to First Output Token,ms,min,54494.24
72,1780553651323170560,1780553652323170560,Time to First Output Token,ms,max,54494.24
72,1780553651323170560,1780553652323170560,Time to First Output Token,ms,sum,54494.24
72,1780553651323170560,1780553652323170560,Time to First Output Token,ms,p1,54494.24
72,1780553651323170560,1780553652323170560,Time to First Output Token,ms,p5,54494.24
72,1780553651323170560,1780553652323170560,Time to First Output Token,ms,p10,54494.24
72,1780553651323170560,1780553652323170560,Time to First Output Token,ms,p25,54494.24
72,1780553651323170560,1780553652323170560,Time to First Output Token,ms,p50,54494.24
72,1780553651323170560,1780553652323170560,Time to First Output Token,ms,p75,54494.24
72,1780553651323170560,1780553652323170560,Time to First Output Token,ms,p90,54494.24
72,1780553651323170560,1780553652323170560,Time to First Output Token,ms,p95,54494.24
72,1780553651323170560,1780553652323170560,Time to First Output Token,ms,p99,54494.24
72,1780553651323170560,1780553652323170560,Time to First Output Token,ms,std,0.00
72,1780553651323170560,1780553652323170560,Time to First Token,ms,avg,54494.24
72,1780553651323170560,1780553652323170560,Time to First Token,ms,min,54494.24
72,1780553651323170560,1780553652323170560,Time to First Token,ms,max,54494.24
72,1780553651323170560,1780553652323170560,Time to First Token,ms,sum,54494.24
72,1780553651323170560,1780553652323170560,Time to First Token,ms,p1,54494.24
72,1780553651323170560,1780553652323170560,Time to First Token,ms,p5,54494.24
72,1780553651323170560,1780553652323170560,Time to First Token,ms,p10,54494.24
72,1780553651323170560,1780553652323170560,Time to First Token,ms,p25,54494.24
72,1780553651323170560,1780553652323170560,Time to First Token,ms,p50,54494.24
72,1780553651323170560,1780553652323170560,Time to First Token,ms,p75,54494.24
72,1780553651323170560,1780553652323170560,Time to First Token,ms,p90,54494.24
72,1780553651323170560,1780553652323170560,Time to First Token,ms,p95,54494.24
72,1780553651323170560,1780553652323170560,Time to First Token,ms,p99,54494.24
72,1780553651323170560,1780553652323170560,Time to First Token,ms,std,0.00
72,1780553651323170560,1780553652323170560,Time to Second Token,ms,avg,35.78
72,1780553651323170560,1780553652323170560,Time to Second Token,ms,min,35.78
72,1780553651323170560,1780553652323170560,Time to Second Token,ms,max,35.78
72,1780553651323170560,1780553652323170560,Time to Second Token,ms,sum,35.78
72,1780553651323170560,1780553652323170560,Time to Second Token,ms,p1,35.78
72,1780553651323170560,1780553652323170560,Time to Second Token,ms,p5,35.78
72,1780553651323170560,1780553652323170560,Time to Second Token,ms,p10,35.78
72,1780553651323170560,1780553652323170560,Time to Second Token,ms,p25,35.78
72,1780553651323170560,1780553652323170560,Time to Second Token,ms,p50,35.78
72,1780553651323170560,1780553652323170560,Time to Second Token,ms,p75,35.78
72,1780553651323170560,1780553652323170560,Time to Second Token,ms,p90,35.78
72,1780553651323170560,1780553652323170560,Time to Second Token,ms,p95,35.78
72,1780553651323170560,1780553652323170560,Time to Second Token,ms,p99,35.78
72,1780553651323170560,1780553652323170560,Time to Second Token,ms,std,0.00
72,1780553651323170560,1780553652323170560,Tokens In Flight,tokens,avg,1503710.02
72,1780553651323170560,1780553652323170560,Tokens In Flight,tokens,min,1440939.28
72,1780553651323170560,1780553652323170560,Tokens In Flight,tokens,max,1553421.82
72,1780553651323170560,1780553652323170560,Tokens In Flight,tokens,p50,1553407.57
72,1780553651323170560,1780553652323170560,Tokens In Flight,tokens,p90,1553419.79
72,1780553651323170560,1780553652323170560,Tokens In Flight,tokens,p95,1553420.79
72,1780553651323170560,1780553652323170560,Tokens In Flight,tokens,p99,1553421.82
72,1780553651323170560,1780553652323170560,Tokens In Flight,tokens,std,55853.15
72,1780553651323170560,1780553652323170560,Total Input Sequence Length,tokens,avg,112452.00
72,1780553651323170560,1780553652323170560,Total Output Sequence Length,tokens,avg,370.00
72,1780553651323170560,1780553652323170560,Total Output Tokens,tokens,avg,370.00
72,1780553651323170560,1780553652323170560,Total Token Throughput,tokens/sec,avg,112822.00
72,1780553651323170560,1780553652323170560,Total Usage Completion Tokens,tokens,avg,370.00
72,1780553651323170560,1780553652323170560,Total Usage Prompt Tokens,tokens,avg,112452.00
72,1780553651323170560,1780553652323170560,Total Usage Total Tokens,tokens,avg,112822.00
72,1780553651323170560,1780553652323170560,Usage Completion Tokens,tokens,avg,370.00
72,1780553651323170560,1780553652323170560,Usage Completion Tokens,tokens,min,370.00
72,1780553651323170560,1780553652323170560,Usage Completion Tokens,tokens,max,370.00
72,1780553651323170560,1780553652323170560,Usage Completion Tokens,tokens,sum,370.00
72,1780553651323170560,1780553652323170560,Usage Completion Tokens,tokens,p1,370.00
72,1780553651323170560,1780553652323170560,Usage Completion Tokens,tokens,p5,370.00
72,1780553651323170560,1780553652323170560,Usage Completion Tokens,tokens,p10,370.00
72,1780553651323170560,1780553652323170560,Usage Completion Tokens,tokens,p25,370.00
72,1780553651323170560,1780553652323170560,Usage Completion Tokens,tokens,p50,370.00
72,1780553651323170560,1780553652323170560,Usage Completion Tokens,tokens,p75,370.00
72,1780553651323170560,1780553652323170560,Usage Completion Tokens,tokens,p90,370.00
72,1780553651323170560,1780553652323170560,Usage Completion Tokens,tokens,p95,370.00
72,1780553651323170560,1780553652323170560,Usage Completion Tokens,tokens,p99,370.00
72,1780553651323170560,1780553652323170560,Usage Completion Tokens,tokens,std,0.00
72,1780553651323170560,1780553652323170560,Usage Prompt Tokens,tokens,avg,112452.00
72,1780553651323170560,1780553652323170560,Usage Prompt Tokens,tokens,min,112452.00
72,1780553651323170560,1780553652323170560,Usage Prompt Tokens,tokens,max,112452.00
72,1780553651323170560,1780553652323170560,Usage Prompt Tokens,tokens,sum,112452.00
72,1780553651323170560,1780553652323170560,Usage Prompt Tokens,tokens,p1,112452.00
72,1780553651323170560,1780553652323170560,Usage Prompt Tokens,tokens,p5,112452.00
72,1780553651323170560,1780553652323170560,Usage Prompt Tokens,tokens,p10,112452.00
72,1780553651323170560,1780553652323170560,Usage Prompt Tokens,tokens,p25,112452.00
72,1780553651323170560,1780553652323170560,Usage Prompt Tokens,tokens,p50,112452.00
72,1780553651323170560,1780553652323170560,Usage Prompt Tokens,tokens,p75,112452.00
72,1780553651323170560,1780553652323170560,Usage Prompt Tokens,tokens,p90,112452.00
72,1780553651323170560,1780553652323170560,Usage Prompt Tokens,tokens,p95,112452.00
72,1780553651323170560,1780553652323170560,Usage Prompt Tokens,tokens,p99,112452.00
72,1780553651323170560,1780553652323170560,Usage Prompt Tokens,tokens,std,0.00
72,1780553651323170560,1780553652323170560,Usage Total Tokens,tokens,avg,112822.00
72,1780553651323170560,1780553652323170560,Usage Total Tokens,tokens,min,112822.00
72,1780553651323170560,1780553652323170560,Usage Total Tokens,tokens,max,112822.00
72,1780553651323170560,1780553652323170560,Usage Total Tokens,tokens,sum,112822.00
72,1780553651323170560,1780553652323170560,Usage Total Tokens,tokens,p1,112822.00
72,1780553651323170560,1780553652323170560,Usage Total Tokens,tokens,p5,112822.00
72,1780553651323170560,1780553652323170560,Usage Total Tokens,tokens,p10,112822.00
72,1780553651323170560,1780553652323170560,Usage Total Tokens,tokens,p25,112822.00
72,1780553651323170560,1780553652323170560,Usage Total Tokens,tokens,p50,112822.00
72,1780553651323170560,1780553652323170560,Usage Total Tokens,tokens,p75,112822.00
72,1780553651323170560,1780553652323170560,Usage Total Tokens,tokens,p90,112822.00
72,1780553651323170560,1780553652323170560,Usage Total Tokens,tokens,p95,112822.00
72,1780553651323170560,1780553652323170560,Usage Total Tokens,tokens,p99,112822.00
72,1780553651323170560,1780553652323170560,Usage Total Tokens,tokens,std,0.00
73,1780553656323170560,1780553657323170560,Active Decode Throughput,tokens/sec,avg,30.25
73,1780553656323170560,1780553657323170560,Active Decode Throughput,tokens/sec,min,15.05
73,1780553656323170560,1780553657323170560,Active Decode Throughput,tokens/sec,max,45.44
73,1780553656323170560,1780553657323170560,Active Decode Throughput,tokens/sec,p50,30.25
73,1780553656323170560,1780553657323170560,Active Decode Throughput,tokens/sec,p90,30.25
73,1780553656323170560,1780553657323170560,Active Decode Throughput,tokens/sec,p95,30.25
73,1780553656323170560,1780553657323170560,Active Decode Throughput,tokens/sec,p99,30.25
73,1780553656323170560,1780553657323170560,Active Decode Throughput,tokens/sec,std,0.02
73,1780553656323170560,1780553657323170560,Active Decode Throughput Per User,tokens/sec/user,avg,3.36
73,1780553656323170560,1780553657323170560,Active Decode Throughput Per User,tokens/sec/user,min,1.67
73,1780553656323170560,1780553657323170560,Active Decode Throughput Per User,tokens/sec/user,max,5.05
73,1780553656323170560,1780553657323170560,Active Decode Throughput Per User,tokens/sec/user,p50,3.36
73,1780553656323170560,1780553657323170560,Active Decode Throughput Per User,tokens/sec/user,p90,3.36
73,1780553656323170560,1780553657323170560,Active Decode Throughput Per User,tokens/sec/user,p95,3.36
73,1780553656323170560,1780553657323170560,Active Decode Throughput Per User,tokens/sec/user,p99,3.36
73,1780553656323170560,1780553657323170560,Active Decode Throughput Per User,tokens/sec/user,std,0.00
73,1780553656323170560,1780553657323170560,Active Prefill Throughput,tokens/sec,avg,11481.57
73,1780553656323170560,1780553657323170560,Active Prefill Throughput,tokens/sec,min,10585.80
73,1780553656323170560,1780553657323170560,Active Prefill Throughput,tokens/sec,max,12044.86
73,1780553656323170560,1780553657323170560,Active Prefill Throughput,tokens/sec,p50,12044.86
73,1780553656323170560,1780553657323170560,Active Prefill Throughput,tokens/sec,p90,12044.86
73,1780553656323170560,1780553657323170560,Active Prefill Throughput,tokens/sec,p95,12044.86
73,1780553656323170560,1780553657323170560,Active Prefill Throughput,tokens/sec,p99,12044.86
73,1780553656323170560,1780553657323170560,Active Prefill Throughput,tokens/sec,std,710.34
73,1780553656323170560,1780553657323170560,Active Prefill Throughput Per User,tokens/sec/user,avg,1737.53
73,1780553656323170560,1780553657323170560,Active Prefill Throughput Per User,tokens/sec/user,min,1720.69
73,1780553656323170560,1780553657323170560,Active Prefill Throughput Per User,tokens/sec/user,max,1764.30
73,1780553656323170560,1780553657323170560,Active Prefill Throughput Per User,tokens/sec/user,p50,1720.69
73,1780553656323170560,1780553657323170560,Active Prefill Throughput Per User,tokens/sec/user,p90,1764.30
73,1780553656323170560,1780553657323170560,Active Prefill Throughput Per User,tokens/sec/user,p95,1764.30
73,1780553656323170560,1780553657323170560,Active Prefill Throughput Per User,tokens/sec/user,p99,1764.30
73,1780553656323170560,1780553657323170560,Active Prefill Throughput Per User,tokens/sec/user,std,21.23
73,1780553656323170560,1780553657323170560,Active Total Throughput,tokens/sec,avg,11528.62
73,1780553656323170560,1780553657323170560,Active Total Throughput,tokens/sec,min,10632.84
73,1780553656323170560,1780553657323170560,Active Total Throughput,tokens/sec,max,12091.91
73,1780553656323170560,1780553657323170560,Active Total Throughput,tokens/sec,p50,12091.91
73,1780553656323170560,1780553657323170560,Active Total Throughput,tokens/sec,p90,12091.91
73,1780553656323170560,1780553657323170560,Active Total Throughput,tokens/sec,p95,12091.91
73,1780553656323170560,1780553657323170560,Active Total Throughput,tokens/sec,p99,12091.91
73,1780553656323170560,1780553657323170560,Active Total Throughput,tokens/sec,std,710.34
73,1780553656323170560,1780553657323170560,Benchmark Duration,sec,avg,205.73
73,1780553656323170560,1780553657323170560,E2E Output Token Throughput,tokens/sec/user,avg,4.19
73,1780553656323170560,1780553657323170560,E2E Output Token Throughput,tokens/sec/user,min,4.19
73,1780553656323170560,1780553657323170560,E2E Output Token Throughput,tokens/sec/user,max,4.19
73,1780553656323170560,1780553657323170560,E2E Output Token Throughput,tokens/sec/user,sum,4.19
73,1780553656323170560,1780553657323170560,E2E Output Token Throughput,tokens/sec/user,p1,4.19
73,1780553656323170560,1780553657323170560,E2E Output Token Throughput,tokens/sec/user,p5,4.19
73,1780553656323170560,1780553657323170560,E2E Output Token Throughput,tokens/sec/user,p10,4.19
73,1780553656323170560,1780553657323170560,E2E Output Token Throughput,tokens/sec/user,p25,4.19
73,1780553656323170560,1780553657323170560,E2E Output Token Throughput,tokens/sec/user,p50,4.19
73,1780553656323170560,1780553657323170560,E2E Output Token Throughput,tokens/sec/user,p75,4.19
73,1780553656323170560,1780553657323170560,E2E Output Token Throughput,tokens/sec/user,p90,4.19
73,1780553656323170560,1780553657323170560,E2E Output Token Throughput,tokens/sec/user,p95,4.19
73,1780553656323170560,1780553657323170560,E2E Output Token Throughput,tokens/sec/user,p99,4.19
73,1780553656323170560,1780553657323170560,E2E Output Token Throughput,tokens/sec/user,std,0.00
73,1780553656323170560,1780553657323170560,Effective Concurrency,requests,avg,15.61
73,1780553656323170560,1780553657323170560,Effective Concurrency,requests,min,15.00
73,1780553656323170560,1780553657323170560,Effective Concurrency,requests,max,16.00
73,1780553656323170560,1780553657323170560,Effective Concurrency,requests,p50,16.00
73,1780553656323170560,1780553657323170560,Effective Concurrency,requests,p90,16.00
73,1780553656323170560,1780553657323170560,Effective Concurrency,requests,p95,16.00
73,1780553656323170560,1780553657323170560,Effective Concurrency,requests,p99,16.00
73,1780553656323170560,1780553657323170560,Effective Concurrency,requests,std,0.49
73,1780553656323170560,1780553657323170560,Effective Decode Concurrency,requests,avg,9.00
73,1780553656323170560,1780553657323170560,Effective Decode Concurrency,requests,min,9.00
73,1780553656323170560,1780553657323170560,Effective Decode Concurrency,requests,max,9.00
73,1780553656323170560,1780553657323170560,Effective Decode Concurrency,requests,p50,9.00
73,1780553656323170560,1780553657323170560,Effective Decode Concurrency,requests,p90,9.00
73,1780553656323170560,1780553657323170560,Effective Decode Concurrency,requests,p95,9.00
73,1780553656323170560,1780553657323170560,Effective Decode Concurrency,requests,p99,9.00
73,1780553656323170560,1780553657323170560,Effective Decode Concurrency,requests,std,0.00
73,1780553656323170560,1780553657323170560,Effective Decode Throughput,tokens/sec,avg,30.25
73,1780553656323170560,1780553657323170560,Effective Decode Throughput,tokens/sec,min,15.05
73,1780553656323170560,1780553657323170560,Effective Decode Throughput,tokens/sec,max,45.44
73,1780553656323170560,1780553657323170560,Effective Decode Throughput,tokens/sec,p50,30.25
73,1780553656323170560,1780553657323170560,Effective Decode Throughput,tokens/sec,p90,30.25
73,1780553656323170560,1780553657323170560,Effective Decode Throughput,tokens/sec,p95,30.25
73,1780553656323170560,1780553657323170560,Effective Decode Throughput,tokens/sec,p99,30.25
73,1780553656323170560,1780553657323170560,Effective Decode Throughput,tokens/sec,std,0.02
73,1780553656323170560,1780553657323170560,Effective Decode Throughput Per User,tokens/sec/user,avg,3.36
73,1780553656323170560,1780553657323170560,Effective Decode Throughput Per User,tokens/sec/user,min,1.67
73,1780553656323170560,1780553657323170560,Effective Decode Throughput Per User,tokens/sec/user,max,5.05
73,1780553656323170560,1780553657323170560,Effective Decode Throughput Per User,tokens/sec/user,p50,3.36
73,1780553656323170560,1780553657323170560,Effective Decode Throughput Per User,tokens/sec/user,p90,3.36
73,1780553656323170560,1780553657323170560,Effective Decode Throughput Per User,tokens/sec/user,p95,3.36
73,1780553656323170560,1780553657323170560,Effective Decode Throughput Per User,tokens/sec/user,p99,3.36
73,1780553656323170560,1780553657323170560,Effective Decode Throughput Per User,tokens/sec/user,std,0.00
73,1780553656323170560,1780553657323170560,Effective Prefill Concurrency,requests,avg,6.61
73,1780553656323170560,1780553657323170560,Effective Prefill Concurrency,requests,min,6.00
73,1780553656323170560,1780553657323170560,Effective Prefill Concurrency,requests,max,7.00
73,1780553656323170560,1780553657323170560,Effective Prefill Concurrency,requests,p50,7.00
73,1780553656323170560,1780553657323170560,Effective Prefill Concurrency,requests,p90,7.00
73,1780553656323170560,1780553657323170560,Effective Prefill Concurrency,requests,p95,7.00
73,1780553656323170560,1780553657323170560,Effective Prefill Concurrency,requests,p99,7.00
73,1780553656323170560,1780553657323170560,Effective Prefill Concurrency,requests,std,0.49
73,1780553656323170560,1780553657323170560,Effective Prefill Throughput,tokens/sec,avg,11481.57
73,1780553656323170560,1780553657323170560,Effective Prefill Throughput,tokens/sec,min,10585.80
73,1780553656323170560,1780553657323170560,Effective Prefill Throughput,tokens/sec,max,12044.86
73,1780553656323170560,1780553657323170560,Effective Prefill Throughput,tokens/sec,p50,12044.86
73,1780553656323170560,1780553657323170560,Effective Prefill Throughput,tokens/sec,p90,12044.86
73,1780553656323170560,1780553657323170560,Effective Prefill Throughput,tokens/sec,p95,12044.86
73,1780553656323170560,1780553657323170560,Effective Prefill Throughput,tokens/sec,p99,12044.86
73,1780553656323170560,1780553657323170560,Effective Prefill Throughput,tokens/sec,std,710.34
73,1780553656323170560,1780553657323170560,Effective Prefill Throughput Per User,tokens/sec/user,avg,1737.53
73,1780553656323170560,1780553657323170560,Effective Prefill Throughput Per User,tokens/sec/user,min,1720.69
73,1780553656323170560,1780553657323170560,Effective Prefill Throughput Per User,tokens/sec/user,max,1764.30
73,1780553656323170560,1780553657323170560,Effective Prefill Throughput Per User,tokens/sec/user,p50,1720.69
73,1780553656323170560,1780553657323170560,Effective Prefill Throughput Per User,tokens/sec/user,p90,1764.30
73,1780553656323170560,1780553657323170560,Effective Prefill Throughput Per User,tokens/sec/user,p95,1764.30
73,1780553656323170560,1780553657323170560,Effective Prefill Throughput Per User,tokens/sec/user,p99,1764.30
73,1780553656323170560,1780553657323170560,Effective Prefill Throughput Per User,tokens/sec/user,std,21.23
73,1780553656323170560,1780553657323170560,Effective Total Throughput,tokens/sec,avg,11528.62
73,1780553656323170560,1780553657323170560,Effective Total Throughput,tokens/sec,min,10632.84
73,1780553656323170560,1780553657323170560,Effective Total Throughput,tokens/sec,max,12091.91
73,1780553656323170560,1780553657323170560,Effective Total Throughput,tokens/sec,p50,12091.91
73,1780553656323170560,1780553657323170560,Effective Total Throughput,tokens/sec,p90,12091.91
73,1780553656323170560,1780553657323170560,Effective Total Throughput,tokens/sec,p95,12091.91
73,1780553656323170560,1780553657323170560,Effective Total Throughput,tokens/sec,p99,12091.91
73,1780553656323170560,1780553657323170560,Effective Total Throughput,tokens/sec,std,710.34
73,1780553656323170560,1780553657323170560,HTTP Blocked,ms,avg,0.00
73,1780553656323170560,1780553657323170560,HTTP Blocked,ms,min,0.00
73,1780553656323170560,1780553657323170560,HTTP Blocked,ms,max,0.00
73,1780553656323170560,1780553657323170560,HTTP Blocked,ms,sum,0.00
73,1780553656323170560,1780553657323170560,HTTP Blocked,ms,p1,0.00
73,1780553656323170560,1780553657323170560,HTTP Blocked,ms,p5,0.00
73,1780553656323170560,1780553657323170560,HTTP Blocked,ms,p10,0.00
73,1780553656323170560,1780553657323170560,HTTP Blocked,ms,p25,0.00
73,1780553656323170560,1780553657323170560,HTTP Blocked,ms,p50,0.00
73,1780553656323170560,1780553657323170560,HTTP Blocked,ms,p75,0.00
73,1780553656323170560,1780553657323170560,HTTP Blocked,ms,p90,0.00
73,1780553656323170560,1780553657323170560,HTTP Blocked,ms,p95,0.00
73,1780553656323170560,1780553657323170560,HTTP Blocked,ms,p99,0.00
73,1780553656323170560,1780553657323170560,HTTP Blocked,ms,std,0.00
73,1780553656323170560,1780553657323170560,HTTP Chunks Received,count,avg,861.00
73,1780553656323170560,1780553657323170560,HTTP Chunks Received,count,min,861.00
73,1780553656323170560,1780553657323170560,HTTP Chunks Received,count,max,861.00
73,1780553656323170560,1780553657323170560,HTTP Chunks Received,count,sum,861.00
73,1780553656323170560,1780553657323170560,HTTP Chunks Received,count,p1,861.00
73,1780553656323170560,1780553657323170560,HTTP Chunks Received,count,p5,861.00
73,1780553656323170560,1780553657323170560,HTTP Chunks Received,count,p10,861.00
73,1780553656323170560,1780553657323170560,HTTP Chunks Received,count,p25,861.00
73,1780553656323170560,1780553657323170560,HTTP Chunks Received,count,p50,861.00
73,1780553656323170560,1780553657323170560,HTTP Chunks Received,count,p75,861.00
73,1780553656323170560,1780553657323170560,HTTP Chunks Received,count,p90,861.00
73,1780553656323170560,1780553657323170560,HTTP Chunks Received,count,p95,861.00
73,1780553656323170560,1780553657323170560,HTTP Chunks Received,count,p99,861.00
73,1780553656323170560,1780553657323170560,HTTP Chunks Received,count,std,0.00
73,1780553656323170560,1780553657323170560,HTTP Chunks Sent,count,avg,1.00
73,1780553656323170560,1780553657323170560,HTTP Chunks Sent,count,min,1.00
73,1780553656323170560,1780553657323170560,HTTP Chunks Sent,count,max,1.00
73,1780553656323170560,1780553657323170560,HTTP Chunks Sent,count,sum,1.00
73,1780553656323170560,1780553657323170560,HTTP Chunks Sent,count,p1,1.00
73,1780553656323170560,1780553657323170560,HTTP Chunks Sent,count,p5,1.00
73,1780553656323170560,1780553657323170560,HTTP Chunks Sent,count,p10,1.00
73,1780553656323170560,1780553657323170560,HTTP Chunks Sent,count,p25,1.00
73,1780553656323170560,1780553657323170560,HTTP Chunks Sent,count,p50,1.00
73,1780553656323170560,1780553657323170560,HTTP Chunks Sent,count,p75,1.00
73,1780553656323170560,1780553657323170560,HTTP Chunks Sent,count,p90,1.00
73,1780553656323170560,1780553657323170560,HTTP Chunks Sent,count,p95,1.00
73,1780553656323170560,1780553657323170560,HTTP Chunks Sent,count,p99,1.00
73,1780553656323170560,1780553657323170560,HTTP Chunks Sent,count,std,0.00
73,1780553656323170560,1780553657323170560,HTTP Connecting,ms,avg,0.46
73,1780553656323170560,1780553657323170560,HTTP Connecting,ms,min,0.46
73,1780553656323170560,1780553657323170560,HTTP Connecting,ms,max,0.46
73,1780553656323170560,1780553657323170560,HTTP Connecting,ms,sum,0.46
73,1780553656323170560,1780553657323170560,HTTP Connecting,ms,p1,0.46
73,1780553656323170560,1780553657323170560,HTTP Connecting,ms,p5,0.46
73,1780553656323170560,1780553657323170560,HTTP Connecting,ms,p10,0.46
73,1780553656323170560,1780553657323170560,HTTP Connecting,ms,p25,0.46
73,1780553656323170560,1780553657323170560,HTTP Connecting,ms,p50,0.46
73,1780553656323170560,1780553657323170560,HTTP Connecting,ms,p75,0.46
73,1780553656323170560,1780553657323170560,HTTP Connecting,ms,p90,0.46
73,1780553656323170560,1780553657323170560,HTTP Connecting,ms,p95,0.46
73,1780553656323170560,1780553657323170560,HTTP Connecting,ms,p99,0.46
73,1780553656323170560,1780553657323170560,HTTP Connecting,ms,std,0.00
73,1780553656323170560,1780553657323170560,HTTP Connection Overhead,ms,avg,0.46
73,1780553656323170560,1780553657323170560,HTTP Connection Overhead,ms,min,0.46
73,1780553656323170560,1780553657323170560,HTTP Connection Overhead,ms,max,0.46
73,1780553656323170560,1780553657323170560,HTTP Connection Overhead,ms,sum,0.46
73,1780553656323170560,1780553657323170560,HTTP Connection Overhead,ms,p1,0.46
73,1780553656323170560,1780553657323170560,HTTP Connection Overhead,ms,p5,0.46
73,1780553656323170560,1780553657323170560,HTTP Connection Overhead,ms,p10,0.46
73,1780553656323170560,1780553657323170560,HTTP Connection Overhead,ms,p25,0.46
73,1780553656323170560,1780553657323170560,HTTP Connection Overhead,ms,p50,0.46
73,1780553656323170560,1780553657323170560,HTTP Connection Overhead,ms,p75,0.46
73,1780553656323170560,1780553657323170560,HTTP Connection Overhead,ms,p90,0.46
73,1780553656323170560,1780553657323170560,HTTP Connection Overhead,ms,p95,0.46
73,1780553656323170560,1780553657323170560,HTTP Connection Overhead,ms,p99,0.46
73,1780553656323170560,1780553657323170560,HTTP Connection Overhead,ms,std,0.00
73,1780553656323170560,1780553657323170560,HTTP Connection Reused,ratio,avg,0.00
73,1780553656323170560,1780553657323170560,HTTP Connection Reused,ratio,min,0.00
73,1780553656323170560,1780553657323170560,HTTP Connection Reused,ratio,max,0.00
73,1780553656323170560,1780553657323170560,HTTP Connection Reused,ratio,sum,0.00
73,1780553656323170560,1780553657323170560,HTTP Connection Reused,ratio,p1,0.00
73,1780553656323170560,1780553657323170560,HTTP Connection Reused,ratio,p5,0.00
73,1780553656323170560,1780553657323170560,HTTP Connection Reused,ratio,p10,0.00
73,1780553656323170560,1780553657323170560,HTTP Connection Reused,ratio,p25,0.00
73,1780553656323170560,1780553657323170560,HTTP Connection Reused,ratio,p50,0.00
73,1780553656323170560,1780553657323170560,HTTP Connection Reused,ratio,p75,0.00
73,1780553656323170560,1780553657323170560,HTTP Connection Reused,ratio,p90,0.00
73,1780553656323170560,1780553657323170560,HTTP Connection Reused,ratio,p95,0.00
73,1780553656323170560,1780553657323170560,HTTP Connection Reused,ratio,p99,0.00
73,1780553656323170560,1780553657323170560,HTTP Connection Reused,ratio,std,0.00
73,1780553656323170560,1780553657323170560,HTTP Data Received,KB,avg,214.33
73,1780553656323170560,1780553657323170560,HTTP Data Received,KB,min,214.33
73,1780553656323170560,1780553657323170560,HTTP Data Received,KB,max,214.33
73,1780553656323170560,1780553657323170560,HTTP Data Received,KB,sum,214.33
73,1780553656323170560,1780553657323170560,HTTP Data Received,KB,p1,214.33
73,1780553656323170560,1780553657323170560,HTTP Data Received,KB,p5,214.33
73,1780553656323170560,1780553657323170560,HTTP Data Received,KB,p10,214.33
73,1780553656323170560,1780553657323170560,HTTP Data Received,KB,p25,214.33
73,1780553656323170560,1780553657323170560,HTTP Data Received,KB,p50,214.33
73,1780553656323170560,1780553657323170560,HTTP Data Received,KB,p75,214.33
73,1780553656323170560,1780553657323170560,HTTP Data Received,KB,p90,214.33
73,1780553656323170560,1780553657323170560,HTTP Data Received,KB,p95,214.33
73,1780553656323170560,1780553657323170560,HTTP Data Received,KB,p99,214.33
73,1780553656323170560,1780553657323170560,HTTP Data Received,KB,std,0.00
73,1780553656323170560,1780553657323170560,HTTP Data Sent,KB,avg,319.11
73,1780553656323170560,1780553657323170560,HTTP Data Sent,KB,min,319.11
73,1780553656323170560,1780553657323170560,HTTP Data Sent,KB,max,319.11
73,1780553656323170560,1780553657323170560,HTTP Data Sent,KB,sum,319.11
73,1780553656323170560,1780553657323170560,HTTP Data Sent,KB,p1,319.11
73,1780553656323170560,1780553657323170560,HTTP Data Sent,KB,p5,319.11
73,1780553656323170560,1780553657323170560,HTTP Data Sent,KB,p10,319.11
73,1780553656323170560,1780553657323170560,HTTP Data Sent,KB,p25,319.11
73,1780553656323170560,1780553657323170560,HTTP Data Sent,KB,p50,319.11
73,1780553656323170560,1780553657323170560,HTTP Data Sent,KB,p75,319.11
73,1780553656323170560,1780553657323170560,HTTP Data Sent,KB,p90,319.11
73,1780553656323170560,1780553657323170560,HTTP Data Sent,KB,p95,319.11
73,1780553656323170560,1780553657323170560,HTTP Data Sent,KB,p99,319.11
73,1780553656323170560,1780553657323170560,HTTP Data Sent,KB,std,0.00
73,1780553656323170560,1780553657323170560,HTTP DNS Lookup,ms,avg,0.00
73,1780553656323170560,1780553657323170560,HTTP DNS Lookup,ms,min,0.00
73,1780553656323170560,1780553657323170560,HTTP DNS Lookup,ms,max,0.00
73,1780553656323170560,1780553657323170560,HTTP DNS Lookup,ms,sum,0.00
73,1780553656323170560,1780553657323170560,HTTP DNS Lookup,ms,p1,0.00
73,1780553656323170560,1780553657323170560,HTTP DNS Lookup,ms,p5,0.00
73,1780553656323170560,1780553657323170560,HTTP DNS Lookup,ms,p10,0.00
73,1780553656323170560,1780553657323170560,HTTP DNS Lookup,ms,p25,0.00
73,1780553656323170560,1780553657323170560,HTTP DNS Lookup,ms,p50,0.00
73,1780553656323170560,1780553657323170560,HTTP DNS Lookup,ms,p75,0.00
73,1780553656323170560,1780553657323170560,HTTP DNS Lookup,ms,p90,0.00
73,1780553656323170560,1780553657323170560,HTTP DNS Lookup,ms,p95,0.00
73,1780553656323170560,1780553657323170560,HTTP DNS Lookup,ms,p99,0.00
73,1780553656323170560,1780553657323170560,HTTP DNS Lookup,ms,std,0.00
73,1780553656323170560,1780553657323170560,HTTP Duration (excl. conn),ms,avg,205730.28
73,1780553656323170560,1780553657323170560,HTTP Duration (excl. conn),ms,min,205730.28
73,1780553656323170560,1780553657323170560,HTTP Duration (excl. conn),ms,max,205730.28
73,1780553656323170560,1780553657323170560,HTTP Duration (excl. conn),ms,sum,205730.28
73,1780553656323170560,1780553657323170560,HTTP Duration (excl. conn),ms,p1,205730.28
73,1780553656323170560,1780553657323170560,HTTP Duration (excl. conn),ms,p5,205730.28
73,1780553656323170560,1780553657323170560,HTTP Duration (excl. conn),ms,p10,205730.28
73,1780553656323170560,1780553657323170560,HTTP Duration (excl. conn),ms,p25,205730.28
73,1780553656323170560,1780553657323170560,HTTP Duration (excl. conn),ms,p50,205730.28
73,1780553656323170560,1780553657323170560,HTTP Duration (excl. conn),ms,p75,205730.28
73,1780553656323170560,1780553657323170560,HTTP Duration (excl. conn),ms,p90,205730.28
73,1780553656323170560,1780553657323170560,HTTP Duration (excl. conn),ms,p95,205730.28
73,1780553656323170560,1780553657323170560,HTTP Duration (excl. conn),ms,p99,205730.28
73,1780553656323170560,1780553657323170560,HTTP Duration (excl. conn),ms,std,0.00
73,1780553656323170560,1780553657323170560,HTTP Receiving,ms,avg,149922.75
73,1780553656323170560,1780553657323170560,HTTP Receiving,ms,min,149922.75
73,1780553656323170560,1780553657323170560,HTTP Receiving,ms,max,149922.75
73,1780553656323170560,1780553657323170560,HTTP Receiving,ms,sum,149922.75
73,1780553656323170560,1780553657323170560,HTTP Receiving,ms,p1,149922.75
73,1780553656323170560,1780553657323170560,HTTP Receiving,ms,p5,149922.75
73,1780553656323170560,1780553657323170560,HTTP Receiving,ms,p10,149922.75
73,1780553656323170560,1780553657323170560,HTTP Receiving,ms,p25,149922.75
73,1780553656323170560,1780553657323170560,HTTP Receiving,ms,p50,149922.75
73,1780553656323170560,1780553657323170560,HTTP Receiving,ms,p75,149922.75
73,1780553656323170560,1780553657323170560,HTTP Receiving,ms,p90,149922.75
73,1780553656323170560,1780553657323170560,HTTP Receiving,ms,p95,149922.75
73,1780553656323170560,1780553657323170560,HTTP Receiving,ms,p99,149922.75
73,1780553656323170560,1780553657323170560,HTTP Receiving,ms,std,0.00
73,1780553656323170560,1780553657323170560,HTTP Sending,ms,avg,0.64
73,1780553656323170560,1780553657323170560,HTTP Sending,ms,min,0.64
73,1780553656323170560,1780553657323170560,HTTP Sending,ms,max,0.64
73,1780553656323170560,1780553657323170560,HTTP Sending,ms,sum,0.64
73,1780553656323170560,1780553657323170560,HTTP Sending,ms,p1,0.64
73,1780553656323170560,1780553657323170560,HTTP Sending,ms,p5,0.64
73,1780553656323170560,1780553657323170560,HTTP Sending,ms,p10,0.64
73,1780553656323170560,1780553657323170560,HTTP Sending,ms,p25,0.64
73,1780553656323170560,1780553657323170560,HTTP Sending,ms,p50,0.64
73,1780553656323170560,1780553657323170560,HTTP Sending,ms,p75,0.64
73,1780553656323170560,1780553657323170560,HTTP Sending,ms,p90,0.64
73,1780553656323170560,1780553657323170560,HTTP Sending,ms,p95,0.64
73,1780553656323170560,1780553657323170560,HTTP Sending,ms,p99,0.64
73,1780553656323170560,1780553657323170560,HTTP Sending,ms,std,0.00
73,1780553656323170560,1780553657323170560,HTTP Total Time,ms,avg,205730.74
73,1780553656323170560,1780553657323170560,HTTP Total Time,ms,min,205730.74
73,1780553656323170560,1780553657323170560,HTTP Total Time,ms,max,205730.74
73,1780553656323170560,1780553657323170560,HTTP Total Time,ms,sum,205730.74
73,1780553656323170560,1780553657323170560,HTTP Total Time,ms,p1,205730.74
73,1780553656323170560,1780553657323170560,HTTP Total Time,ms,p5,205730.74
73,1780553656323170560,1780553657323170560,HTTP Total Time,ms,p10,205730.74
73,1780553656323170560,1780553657323170560,HTTP Total Time,ms,p25,205730.74
73,1780553656323170560,1780553657323170560,HTTP Total Time,ms,p50,205730.74
73,1780553656323170560,1780553657323170560,HTTP Total Time,ms,p75,205730.74
73,1780553656323170560,1780553657323170560,HTTP Total Time,ms,p90,205730.74
73,1780553656323170560,1780553657323170560,HTTP Total Time,ms,p95,205730.74
73,1780553656323170560,1780553657323170560,HTTP Total Time,ms,p99,205730.74
73,1780553656323170560,1780553657323170560,HTTP Total Time,ms,std,0.00
73,1780553656323170560,1780553657323170560,HTTP Waiting (TTFB),ms,avg,55806.89
73,1780553656323170560,1780553657323170560,HTTP Waiting (TTFB),ms,min,55806.89
73,1780553656323170560,1780553657323170560,HTTP Waiting (TTFB),ms,max,55806.89
73,1780553656323170560,1780553657323170560,HTTP Waiting (TTFB),ms,sum,55806.89
73,1780553656323170560,1780553657323170560,HTTP Waiting (TTFB),ms,p1,55806.89
73,1780553656323170560,1780553657323170560,HTTP Waiting (TTFB),ms,p5,55806.89
73,1780553656323170560,1780553657323170560,HTTP Waiting (TTFB),ms,p10,55806.89
73,1780553656323170560,1780553657323170560,HTTP Waiting (TTFB),ms,p25,55806.89
73,1780553656323170560,1780553657323170560,HTTP Waiting (TTFB),ms,p50,55806.89
73,1780553656323170560,1780553657323170560,HTTP Waiting (TTFB),ms,p75,55806.89
73,1780553656323170560,1780553657323170560,HTTP Waiting (TTFB),ms,p90,55806.89
73,1780553656323170560,1780553657323170560,HTTP Waiting (TTFB),ms,p95,55806.89
73,1780553656323170560,1780553657323170560,HTTP Waiting (TTFB),ms,p99,55806.89
73,1780553656323170560,1780553657323170560,HTTP Waiting (TTFB),ms,std,0.00
73,1780553656323170560,1780553657323170560,Input Sequence Length,tokens,avg,81427.00
73,1780553656323170560,1780553657323170560,Input Sequence Length,tokens,min,81427.00
73,1780553656323170560,1780553657323170560,Input Sequence Length,tokens,max,81427.00
73,1780553656323170560,1780553657323170560,Input Sequence Length,tokens,sum,81427.00
73,1780553656323170560,1780553657323170560,Input Sequence Length,tokens,p1,81427.00
73,1780553656323170560,1780553657323170560,Input Sequence Length,tokens,p5,81427.00
73,1780553656323170560,1780553657323170560,Input Sequence Length,tokens,p10,81427.00
73,1780553656323170560,1780553657323170560,Input Sequence Length,tokens,p25,81427.00
73,1780553656323170560,1780553657323170560,Input Sequence Length,tokens,p50,81427.00
73,1780553656323170560,1780553657323170560,Input Sequence Length,tokens,p75,81427.00
73,1780553656323170560,1780553657323170560,Input Sequence Length,tokens,p90,81427.00
73,1780553656323170560,1780553657323170560,Input Sequence Length,tokens,p95,81427.00
73,1780553656323170560,1780553657323170560,Input Sequence Length,tokens,p99,81427.00
73,1780553656323170560,1780553657323170560,Input Sequence Length,tokens,std,0.00
73,1780553656323170560,1780553657323170560,Input Token Throughput,tokens/sec,avg,81427.00
73,1780553656323170560,1780553657323170560,Inter Chunk Latency,ms,avg,67.09
73,1780553656323170560,1780553657323170560,Inter Chunk Latency,ms,min,67.08
73,1780553656323170560,1780553657323170560,Inter Chunk Latency,ms,max,67.11
73,1780553656323170560,1780553657323170560,Inter Chunk Latency,ms,sum,57699.93
73,1780553656323170560,1780553657323170560,Inter Chunk Latency,ms,p1,67.08
73,1780553656323170560,1780553657323170560,Inter Chunk Latency,ms,p5,67.08
73,1780553656323170560,1780553657323170560,Inter Chunk Latency,ms,p10,67.08
73,1780553656323170560,1780553657323170560,Inter Chunk Latency,ms,p25,67.09
73,1780553656323170560,1780553657323170560,Inter Chunk Latency,ms,p50,67.09
73,1780553656323170560,1780553657323170560,Inter Chunk Latency,ms,p75,67.10
73,1780553656323170560,1780553657323170560,Inter Chunk Latency,ms,p90,67.10
73,1780553656323170560,1780553657323170560,Inter Chunk Latency,ms,p95,67.11
73,1780553656323170560,1780553657323170560,Inter Chunk Latency,ms,p99,67.11
73,1780553656323170560,1780553657323170560,Inter Chunk Latency,ms,std,0.01
73,1780553656323170560,1780553657323170560,Inter Token Latency,ms,avg,174.33
73,1780553656323170560,1780553657323170560,Inter Token Latency,ms,min,174.33
73,1780553656323170560,1780553657323170560,Inter Token Latency,ms,max,174.33
73,1780553656323170560,1780553657323170560,Inter Token Latency,ms,sum,174.33
73,1780553656323170560,1780553657323170560,Inter Token Latency,ms,p1,174.33
73,1780553656323170560,1780553657323170560,Inter Token Latency,ms,p5,174.33
73,1780553656323170560,1780553657323170560,Inter Token Latency,ms,p10,174.33
73,1780553656323170560,1780553657323170560,Inter Token Latency,ms,p25,174.33
73,1780553656323170560,1780553657323170560,Inter Token Latency,ms,p50,174.33
73,1780553656323170560,1780553657323170560,Inter Token Latency,ms,p75,174.33
73,1780553656323170560,1780553657323170560,Inter Token Latency,ms,p90,174.33
73,1780553656323170560,1780553657323170560,Inter Token Latency,ms,p95,174.33
73,1780553656323170560,1780553657323170560,Inter Token Latency,ms,p99,174.33
73,1780553656323170560,1780553657323170560,Inter Token Latency,ms,std,0.00
73,1780553656323170560,1780553657323170560,Maximum Response Timestamp,ns,avg,1780553862439599360.00
73,1780553656323170560,1780553657323170560,Minimum Request Timestamp,ns,avg,1780553656709232640.00
73,1780553656323170560,1780553657323170560,OSL Mismatch Count,requests,avg,0.00
73,1780553656323170560,1780553657323170560,OSL Mismatch Diff %,%,avg,0.00
73,1780553656323170560,1780553657323170560,OSL Mismatch Diff %,%,min,0.00
73,1780553656323170560,1780553657323170560,OSL Mismatch Diff %,%,max,0.00
73,1780553656323170560,1780553657323170560,OSL Mismatch Diff %,%,sum,0.00
73,1780553656323170560,1780553657323170560,OSL Mismatch Diff %,%,p1,0.00
73,1780553656323170560,1780553657323170560,OSL Mismatch Diff %,%,p5,0.00
73,1780553656323170560,1780553657323170560,OSL Mismatch Diff %,%,p10,0.00
73,1780553656323170560,1780553657323170560,OSL Mismatch Diff %,%,p25,0.00
73,1780553656323170560,1780553657323170560,OSL Mismatch Diff %,%,p50,0.00
73,1780553656323170560,1780553657323170560,OSL Mismatch Diff %,%,p75,0.00
73,1780553656323170560,1780553657323170560,OSL Mismatch Diff %,%,p90,0.00
73,1780553656323170560,1780553657323170560,OSL Mismatch Diff %,%,p95,0.00
73,1780553656323170560,1780553657323170560,OSL Mismatch Diff %,%,p99,0.00
73,1780553656323170560,1780553657323170560,OSL Mismatch Diff %,%,std,0.00
73,1780553656323170560,1780553657323170560,Output Sequence Length,tokens,avg,861.00
73,1780553656323170560,1780553657323170560,Output Sequence Length,tokens,min,861.00
73,1780553656323170560,1780553657323170560,Output Sequence Length,tokens,max,861.00
73,1780553656323170560,1780553657323170560,Output Sequence Length,tokens,sum,861.00
73,1780553656323170560,1780553657323170560,Output Sequence Length,tokens,p1,861.00
73,1780553656323170560,1780553657323170560,Output Sequence Length,tokens,p5,861.00
73,1780553656323170560,1780553657323170560,Output Sequence Length,tokens,p10,861.00
73,1780553656323170560,1780553657323170560,Output Sequence Length,tokens,p25,861.00
73,1780553656323170560,1780553657323170560,Output Sequence Length,tokens,p50,861.00
73,1780553656323170560,1780553657323170560,Output Sequence Length,tokens,p75,861.00
73,1780553656323170560,1780553657323170560,Output Sequence Length,tokens,p90,861.00
73,1780553656323170560,1780553657323170560,Output Sequence Length,tokens,p95,861.00
73,1780553656323170560,1780553657323170560,Output Sequence Length,tokens,p99,861.00
73,1780553656323170560,1780553657323170560,Output Sequence Length,tokens,std,0.00
73,1780553656323170560,1780553657323170560,Output Token Count,tokens,avg,861.00
73,1780553656323170560,1780553657323170560,Output Token Count,tokens,min,861.00
73,1780553656323170560,1780553657323170560,Output Token Count,tokens,max,861.00
73,1780553656323170560,1780553657323170560,Output Token Count,tokens,sum,861.00
73,1780553656323170560,1780553657323170560,Output Token Count,tokens,p1,861.00
73,1780553656323170560,1780553657323170560,Output Token Count,tokens,p5,861.00
73,1780553656323170560,1780553657323170560,Output Token Count,tokens,p10,861.00
73,1780553656323170560,1780553657323170560,Output Token Count,tokens,p25,861.00
73,1780553656323170560,1780553657323170560,Output Token Count,tokens,p50,861.00
73,1780553656323170560,1780553657323170560,Output Token Count,tokens,p75,861.00
73,1780553656323170560,1780553657323170560,Output Token Count,tokens,p90,861.00
73,1780553656323170560,1780553657323170560,Output Token Count,tokens,p95,861.00
73,1780553656323170560,1780553657323170560,Output Token Count,tokens,p99,861.00
73,1780553656323170560,1780553657323170560,Output Token Count,tokens,std,0.00
73,1780553656323170560,1780553657323170560,Output Token Throughput,tokens/sec,avg,861.00
73,1780553656323170560,1780553657323170560,Output Token Throughput Per User,tokens/sec/user,avg,5.74
73,1780553656323170560,1780553657323170560,Output Token Throughput Per User,tokens/sec/user,min,5.74
73,1780553656323170560,1780553657323170560,Output Token Throughput Per User,tokens/sec/user,max,5.74
73,1780553656323170560,1780553657323170560,Output Token Throughput Per User,tokens/sec/user,sum,5.74
73,1780553656323170560,1780553657323170560,Output Token Throughput Per User,tokens/sec/user,p1,5.74
73,1780553656323170560,1780553657323170560,Output Token Throughput Per User,tokens/sec/user,p5,5.74
73,1780553656323170560,1780553657323170560,Output Token Throughput Per User,tokens/sec/user,p10,5.74
73,1780553656323170560,1780553657323170560,Output Token Throughput Per User,tokens/sec/user,p25,5.74
73,1780553656323170560,1780553657323170560,Output Token Throughput Per User,tokens/sec/user,p50,5.74
73,1780553656323170560,1780553657323170560,Output Token Throughput Per User,tokens/sec/user,p75,5.74
73,1780553656323170560,1780553657323170560,Output Token Throughput Per User,tokens/sec/user,p90,5.74
73,1780553656323170560,1780553657323170560,Output Token Throughput Per User,tokens/sec/user,p95,5.74
73,1780553656323170560,1780553657323170560,Output Token Throughput Per User,tokens/sec/user,p99,5.74
73,1780553656323170560,1780553657323170560,Output Token Throughput Per User,tokens/sec/user,std,0.00
73,1780553656323170560,1780553657323170560,Prefill Throughput Per User,tokens/sec/user,avg,1459.07
73,1780553656323170560,1780553657323170560,Prefill Throughput Per User,tokens/sec/user,min,1459.07
73,1780553656323170560,1780553657323170560,Prefill Throughput Per User,tokens/sec/user,max,1459.07
73,1780553656323170560,1780553657323170560,Prefill Throughput Per User,tokens/sec/user,sum,1459.07
73,1780553656323170560,1780553657323170560,Prefill Throughput Per User,tokens/sec/user,p1,1459.07
73,1780553656323170560,1780553657323170560,Prefill Throughput Per User,tokens/sec/user,p5,1459.07
73,1780553656323170560,1780553657323170560,Prefill Throughput Per User,tokens/sec/user,p10,1459.07
73,1780553656323170560,1780553657323170560,Prefill Throughput Per User,tokens/sec/user,p25,1459.07
73,1780553656323170560,1780553657323170560,Prefill Throughput Per User,tokens/sec/user,p50,1459.07
73,1780553656323170560,1780553657323170560,Prefill Throughput Per User,tokens/sec/user,p75,1459.07
73,1780553656323170560,1780553657323170560,Prefill Throughput Per User,tokens/sec/user,p90,1459.07
73,1780553656323170560,1780553657323170560,Prefill Throughput Per User,tokens/sec/user,p95,1459.07
73,1780553656323170560,1780553657323170560,Prefill Throughput Per User,tokens/sec/user,p99,1459.07
73,1780553656323170560,1780553657323170560,Prefill Throughput Per User,tokens/sec/user,std,0.00
73,1780553656323170560,1780553657323170560,Request Count,requests,avg,1.00
73,1780553656323170560,1780553657323170560,Request Latency,ms,avg,205730.37
73,1780553656323170560,1780553657323170560,Request Latency,ms,min,205730.37
73,1780553656323170560,1780553657323170560,Request Latency,ms,max,205730.37
73,1780553656323170560,1780553657323170560,Request Latency,ms,sum,205730.37
73,1780553656323170560,1780553657323170560,Request Latency,ms,p1,205730.37
73,1780553656323170560,1780553657323170560,Request Latency,ms,p5,205730.37
73,1780553656323170560,1780553657323170560,Request Latency,ms,p10,205730.37
73,1780553656323170560,1780553657323170560,Request Latency,ms,p25,205730.37
73,1780553656323170560,1780553657323170560,Request Latency,ms,p50,205730.37
73,1780553656323170560,1780553657323170560,Request Latency,ms,p75,205730.37
73,1780553656323170560,1780553657323170560,Request Latency,ms,p90,205730.37
73,1780553656323170560,1780553657323170560,Request Latency,ms,p95,205730.37
73,1780553656323170560,1780553657323170560,Request Latency,ms,p99,205730.37
73,1780553656323170560,1780553657323170560,Request Latency,ms,std,0.00
73,1780553656323170560,1780553657323170560,Request Throughput,requests/sec,avg,1.00
73,1780553656323170560,1780553657323170560,Requested OSL,tokens,avg,861.00
73,1780553656323170560,1780553657323170560,Requested OSL,tokens,min,861.00
73,1780553656323170560,1780553657323170560,Requested OSL,tokens,max,861.00
73,1780553656323170560,1780553657323170560,Requested OSL,tokens,sum,861.00
73,1780553656323170560,1780553657323170560,Requested OSL,tokens,p1,861.00
73,1780553656323170560,1780553657323170560,Requested OSL,tokens,p5,861.00
73,1780553656323170560,1780553657323170560,Requested OSL,tokens,p10,861.00
73,1780553656323170560,1780553657323170560,Requested OSL,tokens,p25,861.00
73,1780553656323170560,1780553657323170560,Requested OSL,tokens,p50,861.00
73,1780553656323170560,1780553657323170560,Requested OSL,tokens,p75,861.00
73,1780553656323170560,1780553657323170560,Requested OSL,tokens,p90,861.00
73,1780553656323170560,1780553657323170560,Requested OSL,tokens,p95,861.00
73,1780553656323170560,1780553657323170560,Requested OSL,tokens,p99,861.00
73,1780553656323170560,1780553657323170560,Requested OSL,tokens,std,0.00
73,1780553656323170560,1780553657323170560,Time to First Output Token,ms,avg,55807.62
73,1780553656323170560,1780553657323170560,Time to First Output Token,ms,min,55807.62
73,1780553656323170560,1780553657323170560,Time to First Output Token,ms,max,55807.62
73,1780553656323170560,1780553657323170560,Time to First Output Token,ms,sum,55807.62
73,1780553656323170560,1780553657323170560,Time to First Output Token,ms,p1,55807.62
73,1780553656323170560,1780553657323170560,Time to First Output Token,ms,p5,55807.62
73,1780553656323170560,1780553657323170560,Time to First Output Token,ms,p10,55807.62
73,1780553656323170560,1780553657323170560,Time to First Output Token,ms,p25,55807.62
73,1780553656323170560,1780553657323170560,Time to First Output Token,ms,p50,55807.62
73,1780553656323170560,1780553657323170560,Time to First Output Token,ms,p75,55807.62
73,1780553656323170560,1780553657323170560,Time to First Output Token,ms,p90,55807.62
73,1780553656323170560,1780553657323170560,Time to First Output Token,ms,p95,55807.62
73,1780553656323170560,1780553657323170560,Time to First Output Token,ms,p99,55807.62
73,1780553656323170560,1780553657323170560,Time to First Output Token,ms,std,0.00
73,1780553656323170560,1780553657323170560,Time to First Token,ms,avg,55807.62
73,1780553656323170560,1780553657323170560,Time to First Token,ms,min,55807.62
73,1780553656323170560,1780553657323170560,Time to First Token,ms,max,55807.62
73,1780553656323170560,1780553657323170560,Time to First Token,ms,sum,55807.62
73,1780553656323170560,1780553657323170560,Time to First Token,ms,p1,55807.62
73,1780553656323170560,1780553657323170560,Time to First Token,ms,p5,55807.62
73,1780553656323170560,1780553657323170560,Time to First Token,ms,p10,55807.62
73,1780553656323170560,1780553657323170560,Time to First Token,ms,p25,55807.62
73,1780553656323170560,1780553657323170560,Time to First Token,ms,p50,55807.62
73,1780553656323170560,1780553657323170560,Time to First Token,ms,p75,55807.62
73,1780553656323170560,1780553657323170560,Time to First Token,ms,p90,55807.62
73,1780553656323170560,1780553657323170560,Time to First Token,ms,p95,55807.62
73,1780553656323170560,1780553657323170560,Time to First Token,ms,p99,55807.62
73,1780553656323170560,1780553657323170560,Time to First Token,ms,std,0.00
73,1780553656323170560,1780553657323170560,Time to Second Token,ms,avg,0.54
73,1780553656323170560,1780553657323170560,Time to Second Token,ms,min,0.54
73,1780553656323170560,1780553657323170560,Time to Second Token,ms,max,0.54
73,1780553656323170560,1780553657323170560,Time to Second Token,ms,sum,0.54
73,1780553656323170560,1780553657323170560,Time to Second Token,ms,p1,0.54
73,1780553656323170560,1780553657323170560,Time to Second Token,ms,p5,0.54
73,1780553656323170560,1780553657323170560,Time to Second Token,ms,p10,0.54
73,1780553656323170560,1780553657323170560,Time to Second Token,ms,p25,0.54
73,1780553656323170560,1780553657323170560,Time to Second Token,ms,p50,0.54
73,1780553656323170560,1780553657323170560,Time to Second Token,ms,p75,0.54
73,1780553656323170560,1780553657323170560,Time to Second Token,ms,p90,0.54
73,1780553656323170560,1780553657323170560,Time to Second Token,ms,p95,0.54
73,1780553656323170560,1780553657323170560,Time to Second Token,ms,p99,0.54
73,1780553656323170560,1780553657323170560,Time to Second Token,ms,std,0.00
73,1780553656323170560,1780553657323170560,Tokens In Flight,tokens,avg,1603549.55
73,1780553656323170560,1780553657323170560,Tokens In Flight,tokens,min,1553542.96
73,1780553656323170560,1780553657323170560,Tokens In Flight,tokens,max,1635000.50
73,1780553656323170560,1780553657323170560,Tokens In Flight,tokens,p50,1634985.22
73,1780553656323170560,1780553657323170560,Tokens In Flight,tokens,p90,1634997.43
73,1780553656323170560,1780553657323170560,Tokens In Flight,tokens,p95,1634998.46
73,1780553656323170560,1780553657323170560,Tokens In Flight,tokens,p99,1635000.50
73,1780553656323170560,1780553657323170560,Tokens In Flight,tokens,std,39649.70
73,1780553656323170560,1780553657323170560,Total Input Sequence Length,tokens,avg,81427.00
73,1780553656323170560,1780553657323170560,Total Output Sequence Length,tokens,avg,861.00
73,1780553656323170560,1780553657323170560,Total Output Tokens,tokens,avg,861.00
73,1780553656323170560,1780553657323170560,Total Token Throughput,tokens/sec,avg,82288.00
73,1780553656323170560,1780553657323170560,Total Usage Completion Tokens,tokens,avg,861.00
73,1780553656323170560,1780553657323170560,Total Usage Prompt Tokens,tokens,avg,81427.00
73,1780553656323170560,1780553657323170560,Total Usage Total Tokens,tokens,avg,82288.00
73,1780553656323170560,1780553657323170560,Usage Completion Tokens,tokens,avg,861.00
73,1780553656323170560,1780553657323170560,Usage Completion Tokens,tokens,min,861.00
73,1780553656323170560,1780553657323170560,Usage Completion Tokens,tokens,max,861.00
73,1780553656323170560,1780553657323170560,Usage Completion Tokens,tokens,sum,861.00
73,1780553656323170560,1780553657323170560,Usage Completion Tokens,tokens,p1,861.00
73,1780553656323170560,1780553657323170560,Usage Completion Tokens,tokens,p5,861.00
73,1780553656323170560,1780553657323170560,Usage Completion Tokens,tokens,p10,861.00
73,1780553656323170560,1780553657323170560,Usage Completion Tokens,tokens,p25,861.00
73,1780553656323170560,1780553657323170560,Usage Completion Tokens,tokens,p50,861.00
73,1780553656323170560,1780553657323170560,Usage Completion Tokens,tokens,p75,861.00
73,1780553656323170560,1780553657323170560,Usage Completion Tokens,tokens,p90,861.00
73,1780553656323170560,1780553657323170560,Usage Completion Tokens,tokens,p95,861.00
73,1780553656323170560,1780553657323170560,Usage Completion Tokens,tokens,p99,861.00
73,1780553656323170560,1780553657323170560,Usage Completion Tokens,tokens,std,0.00
73,1780553656323170560,1780553657323170560,Usage Prompt Tokens,tokens,avg,81427.00
73,1780553656323170560,1780553657323170560,Usage Prompt Tokens,tokens,min,81427.00
73,1780553656323170560,1780553657323170560,Usage Prompt Tokens,tokens,max,81427.00
73,1780553656323170560,1780553657323170560,Usage Prompt Tokens,tokens,sum,81427.00
73,1780553656323170560,1780553657323170560,Usage Prompt Tokens,tokens,p1,81427.00
73,1780553656323170560,1780553657323170560,Usage Prompt Tokens,tokens,p5,81427.00
73,1780553656323170560,1780553657323170560,Usage Prompt Tokens,tokens,p10,81427.00
73,1780553656323170560,1780553657323170560,Usage Prompt Tokens,tokens,p25,81427.00
73,1780553656323170560,1780553657323170560,Usage Prompt Tokens,tokens,p50,81427.00
73,1780553656323170560,1780553657323170560,Usage Prompt Tokens,tokens,p75,81427.00
73,1780553656323170560,1780553657323170560,Usage Prompt Tokens,tokens,p90,81427.00
73,1780553656323170560,1780553657323170560,Usage Prompt Tokens,tokens,p95,81427.00
73,1780553656323170560,1780553657323170560,Usage Prompt Tokens,tokens,p99,81427.00
73,1780553656323170560,1780553657323170560,Usage Prompt Tokens,tokens,std,0.00
73,1780553656323170560,1780553657323170560,Usage Total Tokens,tokens,avg,82288.00
73,1780553656323170560,1780553657323170560,Usage Total Tokens,tokens,min,82288.00
73,1780553656323170560,1780553657323170560,Usage Total Tokens,tokens,max,82288.00
73,1780553656323170560,1780553657323170560,Usage Total Tokens,tokens,sum,82288.00
73,1780553656323170560,1780553657323170560,Usage Total Tokens,tokens,p1,82288.00
73,1780553656323170560,1780553657323170560,Usage Total Tokens,tokens,p5,82288.00
73,1780553656323170560,1780553657323170560,Usage Total Tokens,tokens,p10,82288.00
73,1780553656323170560,1780553657323170560,Usage Total Tokens,tokens,p25,82288.00
73,1780553656323170560,1780553657323170560,Usage Total Tokens,tokens,p50,82288.00
73,1780553656323170560,1780553657323170560,Usage Total Tokens,tokens,p75,82288.00
73,1780553656323170560,1780553657323170560,Usage Total Tokens,tokens,p90,82288.00
73,1780553656323170560,1780553657323170560,Usage Total Tokens,tokens,p95,82288.00
73,1780553656323170560,1780553657323170560,Usage Total Tokens,tokens,p99,82288.00
73,1780553656323170560,1780553657323170560,Usage Total Tokens,tokens,std,0.00
74,1780553666323170560,1780553667323170560,Active Decode Throughput,tokens/sec,avg,45.19
74,1780553666323170560,1780553667323170560,Active Decode Throughput,tokens/sec,min,30.24
74,1780553666323170560,1780553667323170560,Active Decode Throughput,tokens/sec,max,60.38
74,1780553666323170560,1780553667323170560,Active Decode Throughput,tokens/sec,p50,45.19
74,1780553666323170560,1780553667323170560,Active Decode Throughput,tokens/sec,p90,45.19
74,1780553666323170560,1780553667323170560,Active Decode Throughput,tokens/sec,p95,45.19
74,1780553666323170560,1780553667323170560,Active Decode Throughput,tokens/sec,p99,45.19
74,1780553666323170560,1780553667323170560,Active Decode Throughput,tokens/sec,std,0.02
74,1780553666323170560,1780553667323170560,Active Decode Throughput Per User,tokens/sec/user,avg,5.02
74,1780553666323170560,1780553667323170560,Active Decode Throughput Per User,tokens/sec/user,min,3.36
74,1780553666323170560,1780553667323170560,Active Decode Throughput Per User,tokens/sec/user,max,6.71
74,1780553666323170560,1780553667323170560,Active Decode Throughput Per User,tokens/sec/user,p50,5.02
74,1780553666323170560,1780553667323170560,Active Decode Throughput Per User,tokens/sec/user,p90,5.02
74,1780553666323170560,1780553667323170560,Active Decode Throughput Per User,tokens/sec/user,p95,5.02
74,1780553666323170560,1780553667323170560,Active Decode Throughput Per User,tokens/sec/user,p99,5.02
74,1780553666323170560,1780553667323170560,Active Decode Throughput Per User,tokens/sec/user,std,0.00
74,1780553666323170560,1780553667323170560,Active Prefill Throughput,tokens/sec,avg,11286.04
74,1780553666323170560,1780553667323170560,Active Prefill Throughput,tokens/sec,min,9728.31
74,1780553666323170560,1780553667323170560,Active Prefill Throughput,tokens/sec,max,11609.44
74,1780553666323170560,1780553667323170560,Active Prefill Throughput,tokens/sec,p50,11609.44
74,1780553666323170560,1780553667323170560,Active Prefill Throughput,tokens/sec,p90,11609.44
74,1780553666323170560,1780553667323170560,Active Prefill Throughput,tokens/sec,p95,11609.44
74,1780553666323170560,1780553667323170560,Active Prefill Throughput,tokens/sec,p99,11609.44
74,1780553666323170560,1780553667323170560,Active Prefill Throughput,tokens/sec,std,709.77
74,1780553666323170560,1780553667323170560,Active Prefill Throughput Per User,tokens/sec/user,avg,1652.11
74,1780553666323170560,1780553667323170560,Active Prefill Throughput Per User,tokens/sec/user,min,1621.39
74,1780553666323170560,1780553667323170560,Active Prefill Throughput Per User,tokens/sec/user,max,1658.49
74,1780553666323170560,1780553667323170560,Active Prefill Throughput Per User,tokens/sec/user,p50,1658.49
74,1780553666323170560,1780553667323170560,Active Prefill Throughput Per User,tokens/sec/user,p90,1658.49
74,1780553666323170560,1780553667323170560,Active Prefill Throughput Per User,tokens/sec/user,p95,1658.49
74,1780553666323170560,1780553667323170560,Active Prefill Throughput Per User,tokens/sec/user,p99,1658.49
74,1780553666323170560,1780553667323170560,Active Prefill Throughput Per User,tokens/sec/user,std,14.00
74,1780553666323170560,1780553667323170560,Active Total Throughput,tokens/sec,avg,11334.61
74,1780553666323170560,1780553667323170560,Active Total Throughput,tokens/sec,min,9776.89
74,1780553666323170560,1780553667323170560,Active Total Throughput,tokens/sec,max,11658.02
74,1780553666323170560,1780553667323170560,Active Total Throughput,tokens/sec,p50,11658.02
74,1780553666323170560,1780553667323170560,Active Total Throughput,tokens/sec,p90,11658.02
74,1780553666323170560,1780553667323170560,Active Total Throughput,tokens/sec,p95,11658.02
74,1780553666323170560,1780553667323170560,Active Total Throughput,tokens/sec,p99,11658.02
74,1780553666323170560,1780553667323170560,Active Total Throughput,tokens/sec,std,709.77
74,1780553666323170560,1780553667323170560,Benchmark Duration,sec,avg,237.85
74,1780553666323170560,1780553667323170560,E2E Output Token Throughput,tokens/sec/user,avg,4.11
74,1780553666323170560,1780553667323170560,E2E Output Token Throughput,tokens/sec/user,min,4.11
74,1780553666323170560,1780553667323170560,E2E Output Token Throughput,tokens/sec/user,max,4.11
74,1780553666323170560,1780553667323170560,E2E Output Token Throughput,tokens/sec/user,sum,4.11
74,1780553666323170560,1780553667323170560,E2E Output Token Throughput,tokens/sec/user,p1,4.11
74,1780553666323170560,1780553667323170560,E2E Output Token Throughput,tokens/sec/user,p5,4.11
74,1780553666323170560,1780553667323170560,E2E Output Token Throughput,tokens/sec/user,p10,4.11
74,1780553666323170560,1780553667323170560,E2E Output Token Throughput,tokens/sec/user,p25,4.11
74,1780553666323170560,1780553667323170560,E2E Output Token Throughput,tokens/sec/user,p50,4.11
74,1780553666323170560,1780553667323170560,E2E Output Token Throughput,tokens/sec/user,p75,4.11
74,1780553666323170560,1780553667323170560,E2E Output Token Throughput,tokens/sec/user,p90,4.11
74,1780553666323170560,1780553667323170560,E2E Output Token Throughput,tokens/sec/user,p95,4.11
74,1780553666323170560,1780553667323170560,E2E Output Token Throughput,tokens/sec/user,p99,4.11
74,1780553666323170560,1780553667323170560,E2E Output Token Throughput,tokens/sec/user,std,0.00
74,1780553666323170560,1780553667323170560,Effective Concurrency,requests,avg,15.83
74,1780553666323170560,1780553667323170560,Effective Concurrency,requests,min,15.00
74,1780553666323170560,1780553667323170560,Effective Concurrency,requests,max,16.00
74,1780553666323170560,1780553667323170560,Effective Concurrency,requests,p50,16.00
74,1780553666323170560,1780553667323170560,Effective Concurrency,requests,p90,16.00
74,1780553666323170560,1780553667323170560,Effective Concurrency,requests,p95,16.00
74,1780553666323170560,1780553667323170560,Effective Concurrency,requests,p99,16.00
74,1780553666323170560,1780553667323170560,Effective Concurrency,requests,std,0.38
74,1780553666323170560,1780553667323170560,Effective Decode Concurrency,requests,avg,9.00
74,1780553666323170560,1780553667323170560,Effective Decode Concurrency,requests,min,9.00
74,1780553666323170560,1780553667323170560,Effective Decode Concurrency,requests,max,9.00
74,1780553666323170560,1780553667323170560,Effective Decode Concurrency,requests,p50,9.00
74,1780553666323170560,1780553667323170560,Effective Decode Concurrency,requests,p90,9.00
74,1780553666323170560,1780553667323170560,Effective Decode Concurrency,requests,p95,9.00
74,1780553666323170560,1780553667323170560,Effective Decode Concurrency,requests,p99,9.00
74,1780553666323170560,1780553667323170560,Effective Decode Concurrency,requests,std,0.00
74,1780553666323170560,1780553667323170560,Effective Decode Throughput,tokens/sec,avg,45.19
74,1780553666323170560,1780553667323170560,Effective Decode Throughput,tokens/sec,min,30.24
74,1780553666323170560,1780553667323170560,Effective Decode Throughput,tokens/sec,max,60.38
74,1780553666323170560,1780553667323170560,Effective Decode Throughput,tokens/sec,p50,45.19
74,1780553666323170560,1780553667323170560,Effective Decode Throughput,tokens/sec,p90,45.19
74,1780553666323170560,1780553667323170560,Effective Decode Throughput,tokens/sec,p95,45.19
74,1780553666323170560,1780553667323170560,Effective Decode Throughput,tokens/sec,p99,45.19
74,1780553666323170560,1780553667323170560,Effective Decode Throughput,tokens/sec,std,0.02
74,1780553666323170560,1780553667323170560,Effective Decode Throughput Per User,tokens/sec/user,avg,5.02
74,1780553666323170560,1780553667323170560,Effective Decode Throughput Per User,tokens/sec/user,min,3.36
74,1780553666323170560,1780553667323170560,Effective Decode Throughput Per User,tokens/sec/user,max,6.71
74,1780553666323170560,1780553667323170560,Effective Decode Throughput Per User,tokens/sec/user,p50,5.02
74,1780553666323170560,1780553667323170560,Effective Decode Throughput Per User,tokens/sec/user,p90,5.02
74,1780553666323170560,1780553667323170560,Effective Decode Throughput Per User,tokens/sec/user,p95,5.02
74,1780553666323170560,1780553667323170560,Effective Decode Throughput Per User,tokens/sec/user,p99,5.02
74,1780553666323170560,1780553667323170560,Effective Decode Throughput Per User,tokens/sec/user,std,0.00
74,1780553666323170560,1780553667323170560,Effective Prefill Concurrency,requests,avg,6.83
74,1780553666323170560,1780553667323170560,Effective Prefill Concurrency,requests,min,6.00
74,1780553666323170560,1780553667323170560,Effective Prefill Concurrency,requests,max,7.00
74,1780553666323170560,1780553667323170560,Effective Prefill Concurrency,requests,p50,7.00
74,1780553666323170560,1780553667323170560,Effective Prefill Concurrency,requests,p90,7.00
74,1780553666323170560,1780553667323170560,Effective Prefill Concurrency,requests,p95,7.00
74,1780553666323170560,1780553667323170560,Effective Prefill Concurrency,requests,p99,7.00
74,1780553666323170560,1780553667323170560,Effective Prefill Concurrency,requests,std,0.38
74,1780553666323170560,1780553667323170560,Effective Prefill Throughput,tokens/sec,avg,11286.04
74,1780553666323170560,1780553667323170560,Effective Prefill Throughput,tokens/sec,min,9728.31
74,1780553666323170560,1780553667323170560,Effective Prefill Throughput,tokens/sec,max,11609.44
74,1780553666323170560,1780553667323170560,Effective Prefill Throughput,tokens/sec,p50,11609.44
74,1780553666323170560,1780553667323170560,Effective Prefill Throughput,tokens/sec,p90,11609.44
74,1780553666323170560,1780553667323170560,Effective Prefill Throughput,tokens/sec,p95,11609.44
74,1780553666323170560,1780553667323170560,Effective Prefill Throughput,tokens/sec,p99,11609.44
74,1780553666323170560,1780553667323170560,Effective Prefill Throughput,tokens/sec,std,709.77
74,1780553666323170560,1780553667323170560,Effective Prefill Throughput Per User,tokens/sec/user,avg,1652.11
74,1780553666323170560,1780553667323170560,Effective Prefill Throughput Per User,tokens/sec/user,min,1621.39
74,1780553666323170560,1780553667323170560,Effective Prefill Throughput Per User,tokens/sec/user,max,1658.49
74,1780553666323170560,1780553667323170560,Effective Prefill Throughput Per User,tokens/sec/user,p50,1658.49
74,1780553666323170560,1780553667323170560,Effective Prefill Throughput Per User,tokens/sec/user,p90,1658.49
74,1780553666323170560,1780553667323170560,Effective Prefill Throughput Per User,tokens/sec/user,p95,1658.49
74,1780553666323170560,1780553667323170560,Effective Prefill Throughput Per User,tokens/sec/user,p99,1658.49
74,1780553666323170560,1780553667323170560,Effective Prefill Throughput Per User,tokens/sec/user,std,14.00
74,1780553666323170560,1780553667323170560,Effective Total Throughput,tokens/sec,avg,11334.61
74,1780553666323170560,1780553667323170560,Effective Total Throughput,tokens/sec,min,9776.89
74,1780553666323170560,1780553667323170560,Effective Total Throughput,tokens/sec,max,11658.02
74,1780553666323170560,1780553667323170560,Effective Total Throughput,tokens/sec,p50,11658.02
74,1780553666323170560,1780553667323170560,Effective Total Throughput,tokens/sec,p90,11658.02
74,1780553666323170560,1780553667323170560,Effective Total Throughput,tokens/sec,p95,11658.02
74,1780553666323170560,1780553667323170560,Effective Total Throughput,tokens/sec,p99,11658.02
74,1780553666323170560,1780553667323170560,Effective Total Throughput,tokens/sec,std,709.77
74,1780553666323170560,1780553667323170560,HTTP Blocked,ms,avg,0.00
74,1780553666323170560,1780553667323170560,HTTP Blocked,ms,min,0.00
74,1780553666323170560,1780553667323170560,HTTP Blocked,ms,max,0.00
74,1780553666323170560,1780553667323170560,HTTP Blocked,ms,sum,0.00
74,1780553666323170560,1780553667323170560,HTTP Blocked,ms,p1,0.00
74,1780553666323170560,1780553667323170560,HTTP Blocked,ms,p5,0.00
74,1780553666323170560,1780553667323170560,HTTP Blocked,ms,p10,0.00
74,1780553666323170560,1780553667323170560,HTTP Blocked,ms,p25,0.00
74,1780553666323170560,1780553667323170560,HTTP Blocked,ms,p50,0.00
74,1780553666323170560,1780553667323170560,HTTP Blocked,ms,p75,0.00
74,1780553666323170560,1780553667323170560,HTTP Blocked,ms,p90,0.00
74,1780553666323170560,1780553667323170560,HTTP Blocked,ms,p95,0.00
74,1780553666323170560,1780553667323170560,HTTP Blocked,ms,p99,0.00
74,1780553666323170560,1780553667323170560,HTTP Blocked,ms,std,0.00
74,1780553666323170560,1780553667323170560,HTTP Chunks Received,count,avg,978.00
74,1780553666323170560,1780553667323170560,HTTP Chunks Received,count,min,978.00
74,1780553666323170560,1780553667323170560,HTTP Chunks Received,count,max,978.00
74,1780553666323170560,1780553667323170560,HTTP Chunks Received,count,sum,978.00
74,1780553666323170560,1780553667323170560,HTTP Chunks Received,count,p1,978.00
74,1780553666323170560,1780553667323170560,HTTP Chunks Received,count,p5,978.00
74,1780553666323170560,1780553667323170560,HTTP Chunks Received,count,p10,978.00
74,1780553666323170560,1780553667323170560,HTTP Chunks Received,count,p25,978.00
74,1780553666323170560,1780553667323170560,HTTP Chunks Received,count,p50,978.00
74,1780553666323170560,1780553667323170560,HTTP Chunks Received,count,p75,978.00
74,1780553666323170560,1780553667323170560,HTTP Chunks Received,count,p90,978.00
74,1780553666323170560,1780553667323170560,HTTP Chunks Received,count,p95,978.00
74,1780553666323170560,1780553667323170560,HTTP Chunks Received,count,p99,978.00
74,1780553666323170560,1780553667323170560,HTTP Chunks Received,count,std,0.00
74,1780553666323170560,1780553667323170560,HTTP Chunks Sent,count,avg,1.00
74,1780553666323170560,1780553667323170560,HTTP Chunks Sent,count,min,1.00
74,1780553666323170560,1780553667323170560,HTTP Chunks Sent,count,max,1.00
74,1780553666323170560,1780553667323170560,HTTP Chunks Sent,count,sum,1.00
74,1780553666323170560,1780553667323170560,HTTP Chunks Sent,count,p1,1.00
74,1780553666323170560,1780553667323170560,HTTP Chunks Sent,count,p5,1.00
74,1780553666323170560,1780553667323170560,HTTP Chunks Sent,count,p10,1.00
74,1780553666323170560,1780553667323170560,HTTP Chunks Sent,count,p25,1.00
74,1780553666323170560,1780553667323170560,HTTP Chunks Sent,count,p50,1.00
74,1780553666323170560,1780553667323170560,HTTP Chunks Sent,count,p75,1.00
74,1780553666323170560,1780553667323170560,HTTP Chunks Sent,count,p90,1.00
74,1780553666323170560,1780553667323170560,HTTP Chunks Sent,count,p95,1.00
74,1780553666323170560,1780553667323170560,HTTP Chunks Sent,count,p99,1.00
74,1780553666323170560,1780553667323170560,HTTP Chunks Sent,count,std,0.00
74,1780553666323170560,1780553667323170560,HTTP Connecting,ms,avg,0.00
74,1780553666323170560,1780553667323170560,HTTP Connecting,ms,min,0.00
74,1780553666323170560,1780553667323170560,HTTP Connecting,ms,max,0.00
74,1780553666323170560,1780553667323170560,HTTP Connecting,ms,sum,0.00
74,1780553666323170560,1780553667323170560,HTTP Connecting,ms,p1,0.00
74,1780553666323170560,1780553667323170560,HTTP Connecting,ms,p5,0.00
74,1780553666323170560,1780553667323170560,HTTP Connecting,ms,p10,0.00
74,1780553666323170560,1780553667323170560,HTTP Connecting,ms,p25,0.00
74,1780553666323170560,1780553667323170560,HTTP Connecting,ms,p50,0.00
74,1780553666323170560,1780553667323170560,HTTP Connecting,ms,p75,0.00
74,1780553666323170560,1780553667323170560,HTTP Connecting,ms,p90,0.00
74,1780553666323170560,1780553667323170560,HTTP Connecting,ms,p95,0.00
74,1780553666323170560,1780553667323170560,HTTP Connecting,ms,p99,0.00
74,1780553666323170560,1780553667323170560,HTTP Connecting,ms,std,0.00
74,1780553666323170560,1780553667323170560,HTTP Connection Overhead,ms,avg,0.00
74,1780553666323170560,1780553667323170560,HTTP Connection Overhead,ms,min,0.00
74,1780553666323170560,1780553667323170560,HTTP Connection Overhead,ms,max,0.00
74,1780553666323170560,1780553667323170560,HTTP Connection Overhead,ms,sum,0.00
74,1780553666323170560,1780553667323170560,HTTP Connection Overhead,ms,p1,0.00
74,1780553666323170560,1780553667323170560,HTTP Connection Overhead,ms,p5,0.00
74,1780553666323170560,1780553667323170560,HTTP Connection Overhead,ms,p10,0.00
74,1780553666323170560,1780553667323170560,HTTP Connection Overhead,ms,p25,0.00
74,1780553666323170560,1780553667323170560,HTTP Connection Overhead,ms,p50,0.00
74,1780553666323170560,1780553667323170560,HTTP Connection Overhead,ms,p75,0.00
74,1780553666323170560,1780553667323170560,HTTP Connection Overhead,ms,p90,0.00
74,1780553666323170560,1780553667323170560,HTTP Connection Overhead,ms,p95,0.00
74,1780553666323170560,1780553667323170560,HTTP Connection Overhead,ms,p99,0.00
74,1780553666323170560,1780553667323170560,HTTP Connection Overhead,ms,std,0.00
74,1780553666323170560,1780553667323170560,HTTP Connection Reused,ratio,avg,1.00
74,1780553666323170560,1780553667323170560,HTTP Connection Reused,ratio,min,1.00
74,1780553666323170560,1780553667323170560,HTTP Connection Reused,ratio,max,1.00
74,1780553666323170560,1780553667323170560,HTTP Connection Reused,ratio,sum,1.00
74,1780553666323170560,1780553667323170560,HTTP Connection Reused,ratio,p1,1.00
74,1780553666323170560,1780553667323170560,HTTP Connection Reused,ratio,p5,1.00
74,1780553666323170560,1780553667323170560,HTTP Connection Reused,ratio,p10,1.00
74,1780553666323170560,1780553667323170560,HTTP Connection Reused,ratio,p25,1.00
74,1780553666323170560,1780553667323170560,HTTP Connection Reused,ratio,p50,1.00
74,1780553666323170560,1780553667323170560,HTTP Connection Reused,ratio,p75,1.00
74,1780553666323170560,1780553667323170560,HTTP Connection Reused,ratio,p90,1.00
74,1780553666323170560,1780553667323170560,HTTP Connection Reused,ratio,p95,1.00
74,1780553666323170560,1780553667323170560,HTTP Connection Reused,ratio,p99,1.00
74,1780553666323170560,1780553667323170560,HTTP Connection Reused,ratio,std,0.00
74,1780553666323170560,1780553667323170560,HTTP Data Received,KB,avg,243.15
74,1780553666323170560,1780553667323170560,HTTP Data Received,KB,min,243.15
74,1780553666323170560,1780553667323170560,HTTP Data Received,KB,max,243.15
74,1780553666323170560,1780553667323170560,HTTP Data Received,KB,sum,243.15
74,1780553666323170560,1780553667323170560,HTTP Data Received,KB,p1,243.15
74,1780553666323170560,1780553667323170560,HTTP Data Received,KB,p5,243.15
74,1780553666323170560,1780553667323170560,HTTP Data Received,KB,p10,243.15
74,1780553666323170560,1780553667323170560,HTTP Data Received,KB,p25,243.15
74,1780553666323170560,1780553667323170560,HTTP Data Received,KB,p50,243.15
74,1780553666323170560,1780553667323170560,HTTP Data Received,KB,p75,243.15
74,1780553666323170560,1780553667323170560,HTTP Data Received,KB,p90,243.15
74,1780553666323170560,1780553667323170560,HTTP Data Received,KB,p95,243.15
74,1780553666323170560,1780553667323170560,HTTP Data Received,KB,p99,243.15
74,1780553666323170560,1780553667323170560,HTTP Data Received,KB,std,0.00
74,1780553666323170560,1780553667323170560,HTTP Data Sent,KB,avg,464.38
74,1780553666323170560,1780553667323170560,HTTP Data Sent,KB,min,464.38
74,1780553666323170560,1780553667323170560,HTTP Data Sent,KB,max,464.38
74,1780553666323170560,1780553667323170560,HTTP Data Sent,KB,sum,464.38
74,1780553666323170560,1780553667323170560,HTTP Data Sent,KB,p1,464.38
74,1780553666323170560,1780553667323170560,HTTP Data Sent,KB,p5,464.38
74,1780553666323170560,1780553667323170560,HTTP Data Sent,KB,p10,464.38
74,1780553666323170560,1780553667323170560,HTTP Data Sent,KB,p25,464.38
74,1780553666323170560,1780553667323170560,HTTP Data Sent,KB,p50,464.38
74,1780553666323170560,1780553667323170560,HTTP Data Sent,KB,p75,464.38
74,1780553666323170560,1780553667323170560,HTTP Data Sent,KB,p90,464.38
74,1780553666323170560,1780553667323170560,HTTP Data Sent,KB,p95,464.38
74,1780553666323170560,1780553667323170560,HTTP Data Sent,KB,p99,464.38
74,1780553666323170560,1780553667323170560,HTTP Data Sent,KB,std,0.00
74,1780553666323170560,1780553667323170560,HTTP DNS Lookup,ms,avg,0.00
74,1780553666323170560,1780553667323170560,HTTP DNS Lookup,ms,min,0.00
74,1780553666323170560,1780553667323170560,HTTP DNS Lookup,ms,max,0.00
74,1780553666323170560,1780553667323170560,HTTP DNS Lookup,ms,sum,0.00
74,1780553666323170560,1780553667323170560,HTTP DNS Lookup,ms,p1,0.00
74,1780553666323170560,1780553667323170560,HTTP DNS Lookup,ms,p5,0.00
74,1780553666323170560,1780553667323170560,HTTP DNS Lookup,ms,p10,0.00
74,1780553666323170560,1780553667323170560,HTTP DNS Lookup,ms,p25,0.00
74,1780553666323170560,1780553667323170560,HTTP DNS Lookup,ms,p50,0.00
74,1780553666323170560,1780553667323170560,HTTP DNS Lookup,ms,p75,0.00
74,1780553666323170560,1780553667323170560,HTTP DNS Lookup,ms,p90,0.00
74,1780553666323170560,1780553667323170560,HTTP DNS Lookup,ms,p95,0.00
74,1780553666323170560,1780553667323170560,HTTP DNS Lookup,ms,p99,0.00
74,1780553666323170560,1780553667323170560,HTTP DNS Lookup,ms,std,0.00
74,1780553666323170560,1780553667323170560,HTTP Duration (excl. conn),ms,avg,237848.24
74,1780553666323170560,1780553667323170560,HTTP Duration (excl. conn),ms,min,237848.24
74,1780553666323170560,1780553667323170560,HTTP Duration (excl. conn),ms,max,237848.24
74,1780553666323170560,1780553667323170560,HTTP Duration (excl. conn),ms,sum,237848.24
74,1780553666323170560,1780553667323170560,HTTP Duration (excl. conn),ms,p1,237848.24
74,1780553666323170560,1780553667323170560,HTTP Duration (excl. conn),ms,p5,237848.24
74,1780553666323170560,1780553667323170560,HTTP Duration (excl. conn),ms,p10,237848.24
74,1780553666323170560,1780553667323170560,HTTP Duration (excl. conn),ms,p25,237848.24
74,1780553666323170560,1780553667323170560,HTTP Duration (excl. conn),ms,p50,237848.24
74,1780553666323170560,1780553667323170560,HTTP Duration (excl. conn),ms,p75,237848.24
74,1780553666323170560,1780553667323170560,HTTP Duration (excl. conn),ms,p90,237848.24
74,1780553666323170560,1780553667323170560,HTTP Duration (excl. conn),ms,p95,237848.24
74,1780553666323170560,1780553667323170560,HTTP Duration (excl. conn),ms,p99,237848.24
74,1780553666323170560,1780553667323170560,HTTP Duration (excl. conn),ms,std,0.00
74,1780553666323170560,1780553667323170560,HTTP Receiving,ms,avg,174531.02
74,1780553666323170560,1780553667323170560,HTTP Receiving,ms,min,174531.02
74,1780553666323170560,1780553667323170560,HTTP Receiving,ms,max,174531.02
74,1780553666323170560,1780553667323170560,HTTP Receiving,ms,sum,174531.02
74,1780553666323170560,1780553667323170560,HTTP Receiving,ms,p1,174531.02
74,1780553666323170560,1780553667323170560,HTTP Receiving,ms,p5,174531.02
74,1780553666323170560,1780553667323170560,HTTP Receiving,ms,p10,174531.02
74,1780553666323170560,1780553667323170560,HTTP Receiving,ms,p25,174531.02
74,1780553666323170560,1780553667323170560,HTTP Receiving,ms,p50,174531.02
74,1780553666323170560,1780553667323170560,HTTP Receiving,ms,p75,174531.02
74,1780553666323170560,1780553667323170560,HTTP Receiving,ms,p90,174531.02
74,1780553666323170560,1780553667323170560,HTTP Receiving,ms,p95,174531.02
74,1780553666323170560,1780553667323170560,HTTP Receiving,ms,p99,174531.02
74,1780553666323170560,1780553667323170560,HTTP Receiving,ms,std,0.00
74,1780553666323170560,1780553667323170560,HTTP Sending,ms,avg,0.31
74,1780553666323170560,1780553667323170560,HTTP Sending,ms,min,0.31
74,1780553666323170560,1780553667323170560,HTTP Sending,ms,max,0.31
74,1780553666323170560,1780553667323170560,HTTP Sending,ms,sum,0.31
74,1780553666323170560,1780553667323170560,HTTP Sending,ms,p1,0.31
74,1780553666323170560,1780553667323170560,HTTP Sending,ms,p5,0.31
74,1780553666323170560,1780553667323170560,HTTP Sending,ms,p10,0.31
74,1780553666323170560,1780553667323170560,HTTP Sending,ms,p25,0.31
74,1780553666323170560,1780553667323170560,HTTP Sending,ms,p50,0.31
74,1780553666323170560,1780553667323170560,HTTP Sending,ms,p75,0.31
74,1780553666323170560,1780553667323170560,HTTP Sending,ms,p90,0.31
74,1780553666323170560,1780553667323170560,HTTP Sending,ms,p95,0.31
74,1780553666323170560,1780553667323170560,HTTP Sending,ms,p99,0.31
74,1780553666323170560,1780553667323170560,HTTP Sending,ms,std,0.00
74,1780553666323170560,1780553667323170560,HTTP Total Time,ms,avg,237848.24
74,1780553666323170560,1780553667323170560,HTTP Total Time,ms,min,237848.24
74,1780553666323170560,1780553667323170560,HTTP Total Time,ms,max,237848.24
74,1780553666323170560,1780553667323170560,HTTP Total Time,ms,sum,237848.24
74,1780553666323170560,1780553667323170560,HTTP Total Time,ms,p1,237848.24
74,1780553666323170560,1780553667323170560,HTTP Total Time,ms,p5,237848.24
74,1780553666323170560,1780553667323170560,HTTP Total Time,ms,p10,237848.24
74,1780553666323170560,1780553667323170560,HTTP Total Time,ms,p25,237848.24
74,1780553666323170560,1780553667323170560,HTTP Total Time,ms,p50,237848.24
74,1780553666323170560,1780553667323170560,HTTP Total Time,ms,p75,237848.24
74,1780553666323170560,1780553667323170560,HTTP Total Time,ms,p90,237848.24
74,1780553666323170560,1780553667323170560,HTTP Total Time,ms,p95,237848.24
74,1780553666323170560,1780553667323170560,HTTP Total Time,ms,p99,237848.24
74,1780553666323170560,1780553667323170560,HTTP Total Time,ms,std,0.00
74,1780553666323170560,1780553667323170560,HTTP Waiting (TTFB),ms,avg,63316.90
74,1780553666323170560,1780553667323170560,HTTP Waiting (TTFB),ms,min,63316.90
74,1780553666323170560,1780553667323170560,HTTP Waiting (TTFB),ms,max,63316.90
74,1780553666323170560,1780553667323170560,HTTP Waiting (TTFB),ms,sum,63316.90
74,1780553666323170560,1780553667323170560,HTTP Waiting (TTFB),ms,p1,63316.90
74,1780553666323170560,1780553667323170560,HTTP Waiting (TTFB),ms,p5,63316.90
74,1780553666323170560,1780553667323170560,HTTP Waiting (TTFB),ms,p10,63316.90
74,1780553666323170560,1780553667323170560,HTTP Waiting (TTFB),ms,p25,63316.90
74,1780553666323170560,1780553667323170560,HTTP Waiting (TTFB),ms,p50,63316.90
74,1780553666323170560,1780553667323170560,HTTP Waiting (TTFB),ms,p75,63316.90
74,1780553666323170560,1780553667323170560,HTTP Waiting (TTFB),ms,p90,63316.90
74,1780553666323170560,1780553667323170560,HTTP Waiting (TTFB),ms,p95,63316.90
74,1780553666323170560,1780553667323170560,HTTP Waiting (TTFB),ms,p99,63316.90
74,1780553666323170560,1780553667323170560,HTTP Waiting (TTFB),ms,std,0.00
74,1780553666323170560,1780553667323170560,Input Sequence Length,tokens,avg,119108.00
74,1780553666323170560,1780553667323170560,Input Sequence Length,tokens,min,119108.00
74,1780553666323170560,1780553667323170560,Input Sequence Length,tokens,max,119108.00
74,1780553666323170560,1780553667323170560,Input Sequence Length,tokens,sum,119108.00
74,1780553666323170560,1780553667323170560,Input Sequence Length,tokens,p1,119108.00
74,1780553666323170560,1780553667323170560,Input Sequence Length,tokens,p5,119108.00
74,1780553666323170560,1780553667323170560,Input Sequence Length,tokens,p10,119108.00
74,1780553666323170560,1780553667323170560,Input Sequence Length,tokens,p25,119108.00
74,1780553666323170560,1780553667323170560,Input Sequence Length,tokens,p50,119108.00
74,1780553666323170560,1780553667323170560,Input Sequence Length,tokens,p75,119108.00
74,1780553666323170560,1780553667323170560,Input Sequence Length,tokens,p90,119108.00
74,1780553666323170560,1780553667323170560,Input Sequence Length,tokens,p95,119108.00
74,1780553666323170560,1780553667323170560,Input Sequence Length,tokens,p99,119108.00
74,1780553666323170560,1780553667323170560,Input Sequence Length,tokens,std,0.00
74,1780553666323170560,1780553667323170560,Input Token Throughput,tokens/sec,avg,119108.00
74,1780553666323170560,1780553667323170560,Inter Chunk Latency,ms,avg,67.17
74,1780553666323170560,1780553667323170560,Inter Chunk Latency,ms,min,67.15
74,1780553666323170560,1780553667323170560,Inter Chunk Latency,ms,max,67.18
74,1780553666323170560,1780553667323170560,Inter Chunk Latency,ms,sum,65623.89
74,1780553666323170560,1780553667323170560,Inter Chunk Latency,ms,p1,67.15
74,1780553666323170560,1780553667323170560,Inter Chunk Latency,ms,p5,67.15
74,1780553666323170560,1780553667323170560,Inter Chunk Latency,ms,p10,67.16
74,1780553666323170560,1780553667323170560,Inter Chunk Latency,ms,p25,67.16
74,1780553666323170560,1780553667323170560,Inter Chunk Latency,ms,p50,67.17
74,1780553666323170560,1780553667323170560,Inter Chunk Latency,ms,p75,67.18
74,1780553666323170560,1780553667323170560,Inter Chunk Latency,ms,p90,67.18
74,1780553666323170560,1780553667323170560,Inter Chunk Latency,ms,p95,67.18
74,1780553666323170560,1780553667323170560,Inter Chunk Latency,ms,p99,67.18
74,1780553666323170560,1780553667323170560,Inter Chunk Latency,ms,std,0.01
74,1780553666323170560,1780553667323170560,Inter Token Latency,ms,avg,178.64
74,1780553666323170560,1780553667323170560,Inter Token Latency,ms,min,178.64
74,1780553666323170560,1780553667323170560,Inter Token Latency,ms,max,178.64
74,1780553666323170560,1780553667323170560,Inter Token Latency,ms,sum,178.64
74,1780553666323170560,1780553667323170560,Inter Token Latency,ms,p1,178.64
74,1780553666323170560,1780553667323170560,Inter Token Latency,ms,p5,178.64
74,1780553666323170560,1780553667323170560,Inter Token Latency,ms,p10,178.64
74,1780553666323170560,1780553667323170560,Inter Token Latency,ms,p25,178.64
74,1780553666323170560,1780553667323170560,Inter Token Latency,ms,p50,178.64
74,1780553666323170560,1780553667323170560,Inter Token Latency,ms,p75,178.64
74,1780553666323170560,1780553667323170560,Inter Token Latency,ms,p90,178.64
74,1780553666323170560,1780553667323170560,Inter Token Latency,ms,p95,178.64
74,1780553666323170560,1780553667323170560,Inter Token Latency,ms,p99,178.64
74,1780553666323170560,1780553667323170560,Inter Token Latency,ms,std,0.00
74,1780553666323170560,1780553667323170560,Maximum Response Timestamp,ns,avg,1780553904343487488.00
74,1780553666323170560,1780553667323170560,Minimum Request Timestamp,ns,avg,1780553666495090432.00
74,1780553666323170560,1780553667323170560,OSL Mismatch Count,requests,avg,0.00
74,1780553666323170560,1780553667323170560,OSL Mismatch Diff %,%,avg,0.00
74,1780553666323170560,1780553667323170560,OSL Mismatch Diff %,%,min,0.00
74,1780553666323170560,1780553667323170560,OSL Mismatch Diff %,%,max,0.00
74,1780553666323170560,1780553667323170560,OSL Mismatch Diff %,%,sum,0.00
74,1780553666323170560,1780553667323170560,OSL Mismatch Diff %,%,p1,0.00
74,1780553666323170560,1780553667323170560,OSL Mismatch Diff %,%,p5,0.00
74,1780553666323170560,1780553667323170560,OSL Mismatch Diff %,%,p10,0.00
74,1780553666323170560,1780553667323170560,OSL Mismatch Diff %,%,p25,0.00
74,1780553666323170560,1780553667323170560,OSL Mismatch Diff %,%,p50,0.00
74,1780553666323170560,1780553667323170560,OSL Mismatch Diff %,%,p75,0.00
74,1780553666323170560,1780553667323170560,OSL Mismatch Diff %,%,p90,0.00
74,1780553666323170560,1780553667323170560,OSL Mismatch Diff %,%,p95,0.00
74,1780553666323170560,1780553667323170560,OSL Mismatch Diff %,%,p99,0.00
74,1780553666323170560,1780553667323170560,OSL Mismatch Diff %,%,std,0.00
74,1780553666323170560,1780553667323170560,Output Sequence Length,tokens,avg,978.00
74,1780553666323170560,1780553667323170560,Output Sequence Length,tokens,min,978.00
74,1780553666323170560,1780553667323170560,Output Sequence Length,tokens,max,978.00
74,1780553666323170560,1780553667323170560,Output Sequence Length,tokens,sum,978.00
74,1780553666323170560,1780553667323170560,Output Sequence Length,tokens,p1,978.00
74,1780553666323170560,1780553667323170560,Output Sequence Length,tokens,p5,978.00
74,1780553666323170560,1780553667323170560,Output Sequence Length,tokens,p10,978.00
74,1780553666323170560,1780553667323170560,Output Sequence Length,tokens,p25,978.00
74,1780553666323170560,1780553667323170560,Output Sequence Length,tokens,p50,978.00
74,1780553666323170560,1780553667323170560,Output Sequence Length,tokens,p75,978.00
74,1780553666323170560,1780553667323170560,Output Sequence Length,tokens,p90,978.00
74,1780553666323170560,1780553667323170560,Output Sequence Length,tokens,p95,978.00
74,1780553666323170560,1780553667323170560,Output Sequence Length,tokens,p99,978.00
74,1780553666323170560,1780553667323170560,Output Sequence Length,tokens,std,0.00
74,1780553666323170560,1780553667323170560,Output Token Count,tokens,avg,978.00
74,1780553666323170560,1780553667323170560,Output Token Count,tokens,min,978.00
74,1780553666323170560,1780553667323170560,Output Token Count,tokens,max,978.00
74,1780553666323170560,1780553667323170560,Output Token Count,tokens,sum,978.00
74,1780553666323170560,1780553667323170560,Output Token Count,tokens,p1,978.00
74,1780553666323170560,1780553667323170560,Output Token Count,tokens,p5,978.00
74,1780553666323170560,1780553667323170560,Output Token Count,tokens,p10,978.00
74,1780553666323170560,1780553667323170560,Output Token Count,tokens,p25,978.00
74,1780553666323170560,1780553667323170560,Output Token Count,tokens,p50,978.00
74,1780553666323170560,1780553667323170560,Output Token Count,tokens,p75,978.00
74,1780553666323170560,1780553667323170560,Output Token Count,tokens,p90,978.00
74,1780553666323170560,1780553667323170560,Output Token Count,tokens,p95,978.00
74,1780553666323170560,1780553667323170560,Output Token Count,tokens,p99,978.00
74,1780553666323170560,1780553667323170560,Output Token Count,tokens,std,0.00
74,1780553666323170560,1780553667323170560,Output Token Throughput,tokens/sec,avg,978.00
74,1780553666323170560,1780553667323170560,Output Token Throughput Per User,tokens/sec/user,avg,5.60
74,1780553666323170560,1780553667323170560,Output Token Throughput Per User,tokens/sec/user,min,5.60
74,1780553666323170560,1780553667323170560,Output Token Throughput Per User,tokens/sec/user,max,5.60
74,1780553666323170560,1780553667323170560,Output Token Throughput Per User,tokens/sec/user,sum,5.60
74,1780553666323170560,1780553667323170560,Output Token Throughput Per User,tokens/sec/user,p1,5.60
74,1780553666323170560,1780553667323170560,Output Token Throughput Per User,tokens/sec/user,p5,5.60
74,1780553666323170560,1780553667323170560,Output Token Throughput Per User,tokens/sec/user,p10,5.60
74,1780553666323170560,1780553667323170560,Output Token Throughput Per User,tokens/sec/user,p25,5.60
74,1780553666323170560,1780553667323170560,Output Token Throughput Per User,tokens/sec/user,p50,5.60
74,1780553666323170560,1780553667323170560,Output Token Throughput Per User,tokens/sec/user,p75,5.60
74,1780553666323170560,1780553667323170560,Output Token Throughput Per User,tokens/sec/user,p90,5.60
74,1780553666323170560,1780553667323170560,Output Token Throughput Per User,tokens/sec/user,p95,5.60
74,1780553666323170560,1780553667323170560,Output Token Throughput Per User,tokens/sec/user,p99,5.60
74,1780553666323170560,1780553667323170560,Output Token Throughput Per User,tokens/sec/user,std,0.00
74,1780553666323170560,1780553667323170560,Prefill Throughput Per User,tokens/sec/user,avg,1881.13
74,1780553666323170560,1780553667323170560,Prefill Throughput Per User,tokens/sec/user,min,1881.13
74,1780553666323170560,1780553667323170560,Prefill Throughput Per User,tokens/sec/user,max,1881.13
74,1780553666323170560,1780553667323170560,Prefill Throughput Per User,tokens/sec/user,sum,1881.13
74,1780553666323170560,1780553667323170560,Prefill Throughput Per User,tokens/sec/user,p1,1881.13
74,1780553666323170560,1780553667323170560,Prefill Throughput Per User,tokens/sec/user,p5,1881.13
74,1780553666323170560,1780553667323170560,Prefill Throughput Per User,tokens/sec/user,p10,1881.13
74,1780553666323170560,1780553667323170560,Prefill Throughput Per User,tokens/sec/user,p25,1881.13
74,1780553666323170560,1780553667323170560,Prefill Throughput Per User,tokens/sec/user,p50,1881.13
74,1780553666323170560,1780553667323170560,Prefill Throughput Per User,tokens/sec/user,p75,1881.13
74,1780553666323170560,1780553667323170560,Prefill Throughput Per User,tokens/sec/user,p90,1881.13
74,1780553666323170560,1780553667323170560,Prefill Throughput Per User,tokens/sec/user,p95,1881.13
74,1780553666323170560,1780553667323170560,Prefill Throughput Per User,tokens/sec/user,p99,1881.13
74,1780553666323170560,1780553667323170560,Prefill Throughput Per User,tokens/sec/user,std,0.00
74,1780553666323170560,1780553667323170560,Request Count,requests,avg,1.00
74,1780553666323170560,1780553667323170560,Request Latency,ms,avg,237848.40
74,1780553666323170560,1780553667323170560,Request Latency,ms,min,237848.40
74,1780553666323170560,1780553667323170560,Request Latency,ms,max,237848.40
74,1780553666323170560,1780553667323170560,Request Latency,ms,sum,237848.40
74,1780553666323170560,1780553667323170560,Request Latency,ms,p1,237848.40
74,1780553666323170560,1780553667323170560,Request Latency,ms,p5,237848.40
74,1780553666323170560,1780553667323170560,Request Latency,ms,p10,237848.40
74,1780553666323170560,1780553667323170560,Request Latency,ms,p25,237848.40
74,1780553666323170560,1780553667323170560,Request Latency,ms,p50,237848.40
74,1780553666323170560,1780553667323170560,Request Latency,ms,p75,237848.40
74,1780553666323170560,1780553667323170560,Request Latency,ms,p90,237848.40
74,1780553666323170560,1780553667323170560,Request Latency,ms,p95,237848.40
74,1780553666323170560,1780553667323170560,Request Latency,ms,p99,237848.40
74,1780553666323170560,1780553667323170560,Request Latency,ms,std,0.00
74,1780553666323170560,1780553667323170560,Request Throughput,requests/sec,avg,1.00
74,1780553666323170560,1780553667323170560,Requested OSL,tokens,avg,978.00
74,1780553666323170560,1780553667323170560,Requested OSL,tokens,min,978.00
74,1780553666323170560,1780553667323170560,Requested OSL,tokens,max,978.00
74,1780553666323170560,1780553667323170560,Requested OSL,tokens,sum,978.00
74,1780553666323170560,1780553667323170560,Requested OSL,tokens,p1,978.00
74,1780553666323170560,1780553667323170560,Requested OSL,tokens,p5,978.00
74,1780553666323170560,1780553667323170560,Requested OSL,tokens,p10,978.00
74,1780553666323170560,1780553667323170560,Requested OSL,tokens,p25,978.00
74,1780553666323170560,1780553667323170560,Requested OSL,tokens,p50,978.00
74,1780553666323170560,1780553667323170560,Requested OSL,tokens,p75,978.00
74,1780553666323170560,1780553667323170560,Requested OSL,tokens,p90,978.00
74,1780553666323170560,1780553667323170560,Requested OSL,tokens,p95,978.00
74,1780553666323170560,1780553667323170560,Requested OSL,tokens,p99,978.00
74,1780553666323170560,1780553667323170560,Requested OSL,tokens,std,0.00
74,1780553666323170560,1780553667323170560,Time to First Output Token,ms,avg,63317.34
74,1780553666323170560,1780553667323170560,Time to First Output Token,ms,min,63317.34
74,1780553666323170560,1780553667323170560,Time to First Output Token,ms,max,63317.34
74,1780553666323170560,1780553667323170560,Time to First Output Token,ms,sum,63317.34
74,1780553666323170560,1780553667323170560,Time to First Output Token,ms,p1,63317.34
74,1780553666323170560,1780553667323170560,Time to First Output Token,ms,p5,63317.34
74,1780553666323170560,1780553667323170560,Time to First Output Token,ms,p10,63317.34
74,1780553666323170560,1780553667323170560,Time to First Output Token,ms,p25,63317.34
74,1780553666323170560,1780553667323170560,Time to First Output Token,ms,p50,63317.34
74,1780553666323170560,1780553667323170560,Time to First Output Token,ms,p75,63317.34
74,1780553666323170560,1780553667323170560,Time to First Output Token,ms,p90,63317.34
74,1780553666323170560,1780553667323170560,Time to First Output Token,ms,p95,63317.34
74,1780553666323170560,1780553667323170560,Time to First Output Token,ms,p99,63317.34
74,1780553666323170560,1780553667323170560,Time to First Output Token,ms,std,0.00
74,1780553666323170560,1780553667323170560,Time to First Token,ms,avg,63317.34
74,1780553666323170560,1780553667323170560,Time to First Token,ms,min,63317.34
74,1780553666323170560,1780553667323170560,Time to First Token,ms,max,63317.34
74,1780553666323170560,1780553667323170560,Time to First Token,ms,sum,63317.34
74,1780553666323170560,1780553667323170560,Time to First Token,ms,p1,63317.34
74,1780553666323170560,1780553667323170560,Time to First Token,ms,p5,63317.34
74,1780553666323170560,1780553667323170560,Time to First Token,ms,p10,63317.34
74,1780553666323170560,1780553667323170560,Time to First Token,ms,p25,63317.34
74,1780553666323170560,1780553667323170560,Time to First Token,ms,p50,63317.34
74,1780553666323170560,1780553667323170560,Time to First Token,ms,p75,63317.34
74,1780553666323170560,1780553667323170560,Time to First Token,ms,p90,63317.34
74,1780553666323170560,1780553667323170560,Time to First Token,ms,p95,63317.34
74,1780553666323170560,1780553667323170560,Time to First Token,ms,p99,63317.34
74,1780553666323170560,1780553667323170560,Time to First Token,ms,std,0.00
74,1780553666323170560,1780553667323170560,Time to Second Token,ms,avg,0.57
74,1780553666323170560,1780553667323170560,Time to Second Token,ms,min,0.57
74,1780553666323170560,1780553667323170560,Time to Second Token,ms,max,0.57
74,1780553666323170560,1780553667323170560,Time to Second Token,ms,sum,0.57
74,1780553666323170560,1780553667323170560,Time to Second Token,ms,p1,0.57
74,1780553666323170560,1780553667323170560,Time to Second Token,ms,p5,0.57
74,1780553666323170560,1780553667323170560,Time to Second Token,ms,p10,0.57
74,1780553666323170560,1780553667323170560,Time to Second Token,ms,p25,0.57
74,1780553666323170560,1780553667323170560,Time to Second Token,ms,p50,0.57
74,1780553666323170560,1780553667323170560,Time to Second Token,ms,p75,0.57
74,1780553666323170560,1780553667323170560,Time to Second Token,ms,p90,0.57
74,1780553666323170560,1780553667323170560,Time to Second Token,ms,p95,0.57
74,1780553666323170560,1780553667323170560,Time to Second Token,ms,p99,0.57
74,1780553666323170560,1780553667323170560,Time to Second Token,ms,std,0.00
74,1780553666323170560,1780553667323170560,Tokens In Flight,tokens,avg,1615009.59
74,1780553666323170560,1780553667323170560,Tokens In Flight,tokens,min,1516356.53
74,1780553666323170560,1780553667323170560,Tokens In Flight,tokens,max,1635509.09
74,1780553666323170560,1780553667323170560,Tokens In Flight,tokens,p50,1635485.81
74,1780553666323170560,1780553667323170560,Tokens In Flight,tokens,p90,1635504.05
74,1780553666323170560,1780553667323170560,Tokens In Flight,tokens,p95,1635507.09
74,1780553666323170560,1780553667323170560,Tokens In Flight,tokens,p99,1635509.09
74,1780553666323170560,1780553667323170560,Tokens In Flight,tokens,std,44949.28
74,1780553666323170560,1780553667323170560,Total Input Sequence Length,tokens,avg,119108.00
74,1780553666323170560,1780553667323170560,Total Output Sequence Length,tokens,avg,978.00
74,1780553666323170560,1780553667323170560,Total Output Tokens,tokens,avg,978.00
74,1780553666323170560,1780553667323170560,Total Token Throughput,tokens/sec,avg,120086.00
74,1780553666323170560,1780553667323170560,Total Usage Completion Tokens,tokens,avg,978.00
74,1780553666323170560,1780553667323170560,Total Usage Prompt Tokens,tokens,avg,119108.00
74,1780553666323170560,1780553667323170560,Total Usage Total Tokens,tokens,avg,120086.00
74,1780553666323170560,1780553667323170560,Usage Completion Tokens,tokens,avg,978.00
74,1780553666323170560,1780553667323170560,Usage Completion Tokens,tokens,min,978.00
74,1780553666323170560,1780553667323170560,Usage Completion Tokens,tokens,max,978.00
74,1780553666323170560,1780553667323170560,Usage Completion Tokens,tokens,sum,978.00
74,1780553666323170560,1780553667323170560,Usage Completion Tokens,tokens,p1,978.00
74,1780553666323170560,1780553667323170560,Usage Completion Tokens,tokens,p5,978.00
74,1780553666323170560,1780553667323170560,Usage Completion Tokens,tokens,p10,978.00
74,1780553666323170560,1780553667323170560,Usage Completion Tokens,tokens,p25,978.00
74,1780553666323170560,1780553667323170560,Usage Completion Tokens,tokens,p50,978.00
74,1780553666323170560,1780553667323170560,Usage Completion Tokens,tokens,p75,978.00
74,1780553666323170560,1780553667323170560,Usage Completion Tokens,tokens,p90,978.00
74,1780553666323170560,1780553667323170560,Usage Completion Tokens,tokens,p95,978.00
74,1780553666323170560,1780553667323170560,Usage Completion Tokens,tokens,p99,978.00
74,1780553666323170560,1780553667323170560,Usage Completion Tokens,tokens,std,0.00
74,1780553666323170560,1780553667323170560,Usage Prompt Tokens,tokens,avg,119108.00
74,1780553666323170560,1780553667323170560,Usage Prompt Tokens,tokens,min,119108.00
74,1780553666323170560,1780553667323170560,Usage Prompt Tokens,tokens,max,119108.00
74,1780553666323170560,1780553667323170560,Usage Prompt Tokens,tokens,sum,119108.00
74,1780553666323170560,1780553667323170560,Usage Prompt Tokens,tokens,p1,119108.00
74,1780553666323170560,1780553667323170560,Usage Prompt Tokens,tokens,p5,119108.00
74,1780553666323170560,1780553667323170560,Usage Prompt Tokens,tokens,p10,119108.00
74,1780553666323170560,1780553667323170560,Usage Prompt Tokens,tokens,p25,119108.00
74,1780553666323170560,1780553667323170560,Usage Prompt Tokens,tokens,p50,119108.00
74,1780553666323170560,1780553667323170560,Usage Prompt Tokens,tokens,p75,119108.00
74,1780553666323170560,1780553667323170560,Usage Prompt Tokens,tokens,p90,119108.00
74,1780553666323170560,1780553667323170560,Usage Prompt Tokens,tokens,p95,119108.00
74,1780553666323170560,1780553667323170560,Usage Prompt Tokens,tokens,p99,119108.00
74,1780553666323170560,1780553667323170560,Usage Prompt Tokens,tokens,std,0.00
74,1780553666323170560,1780553667323170560,Usage Total Tokens,tokens,avg,120086.00
74,1780553666323170560,1780553667323170560,Usage Total Tokens,tokens,min,120086.00
74,1780553666323170560,1780553667323170560,Usage Total Tokens,tokens,max,120086.00
74,1780553666323170560,1780553667323170560,Usage Total Tokens,tokens,sum,120086.00
74,1780553666323170560,1780553667323170560,Usage Total Tokens,tokens,p1,120086.00
74,1780553666323170560,1780553667323170560,Usage Total Tokens,tokens,p5,120086.00
74,1780553666323170560,1780553667323170560,Usage Total Tokens,tokens,p10,120086.00
74,1780553666323170560,1780553667323170560,Usage Total Tokens,tokens,p25,120086.00
74,1780553666323170560,1780553667323170560,Usage Total Tokens,tokens,p50,120086.00
74,1780553666323170560,1780553667323170560,Usage Total Tokens,tokens,p75,120086.00
74,1780553666323170560,1780553667323170560,Usage Total Tokens,tokens,p90,120086.00
74,1780553666323170560,1780553667323170560,Usage Total Tokens,tokens,p95,120086.00
74,1780553666323170560,1780553667323170560,Usage Total Tokens,tokens,p99,120086.00
74,1780553666323170560,1780553667323170560,Usage Total Tokens,tokens,std,0.00
75,1780553690323170560,1780553691323170560,Active Decode Throughput,tokens/sec,avg,94.95
75,1780553690323170560,1780553691323170560,Active Decode Throughput,tokens/sec,min,75.36
75,1780553690323170560,1780553691323170560,Active Decode Throughput,tokens/sec,max,114.54
75,1780553690323170560,1780553691323170560,Active Decode Throughput,tokens/sec,p50,94.95
75,1780553690323170560,1780553691323170560,Active Decode Throughput,tokens/sec,p90,94.95
75,1780553690323170560,1780553691323170560,Active Decode Throughput,tokens/sec,p95,94.95
75,1780553690323170560,1780553691323170560,Active Decode Throughput,tokens/sec,p99,94.95
75,1780553690323170560,1780553691323170560,Active Decode Throughput,tokens/sec,std,0.04
75,1780553690323170560,1780553691323170560,Active Decode Throughput Per User,tokens/sec/user,avg,7.91
75,1780553690323170560,1780553691323170560,Active Decode Throughput Per User,tokens/sec/user,min,6.28
75,1780553690323170560,1780553691323170560,Active Decode Throughput Per User,tokens/sec/user,max,9.55
75,1780553690323170560,1780553691323170560,Active Decode Throughput Per User,tokens/sec/user,p50,7.91
75,1780553690323170560,1780553691323170560,Active Decode Throughput Per User,tokens/sec/user,p90,7.91
75,1780553690323170560,1780553691323170560,Active Decode Throughput Per User,tokens/sec/user,p95,7.91
75,1780553690323170560,1780553691323170560,Active Decode Throughput Per User,tokens/sec/user,p99,7.91
75,1780553690323170560,1780553691323170560,Active Decode Throughput Per User,tokens/sec/user,std,0.00
75,1780553690323170560,1780553691323170560,Active Prefill Throughput,tokens/sec,avg,6166.11
75,1780553690323170560,1780553691323170560,Active Prefill Throughput,tokens/sec,min,5403.75
75,1780553690323170560,1780553691323170560,Active Prefill Throughput,tokens/sec,max,6177.22
75,1780553690323170560,1780553691323170560,Active Prefill Throughput,tokens/sec,p50,6177.22
75,1780553690323170560,1780553691323170560,Active Prefill Throughput,tokens/sec,p90,6177.22
75,1780553690323170560,1780553691323170560,Active Prefill Throughput,tokens/sec,p95,6177.22
75,1780553690323170560,1780553691323170560,Active Prefill Throughput,tokens/sec,p99,6177.22
75,1780553690323170560,1780553691323170560,Active Prefill Throughput,tokens/sec,std,92.04
75,1780553690323170560,1780553691323170560,Active Prefill Throughput Per User,tokens/sec/user,avg,1548.00
75,1780553690323170560,1780553691323170560,Active Prefill Throughput Per User,tokens/sec/user,min,1544.30
75,1780553690323170560,1780553691323170560,Active Prefill Throughput Per User,tokens/sec/user,max,1801.25
75,1780553690323170560,1780553691323170560,Active Prefill Throughput Per User,tokens/sec/user,p50,1544.30
75,1780553690323170560,1780553691323170560,Active Prefill Throughput Per User,tokens/sec/user,p90,1544.30
75,1780553690323170560,1780553691323170560,Active Prefill Throughput Per User,tokens/sec/user,p95,1544.30
75,1780553690323170560,1780553691323170560,Active Prefill Throughput Per User,tokens/sec/user,p99,1801.25
75,1780553690323170560,1780553691323170560,Active Prefill Throughput Per User,tokens/sec/user,std,30.58
75,1780553690323170560,1780553691323170560,Active Total Throughput,tokens/sec,avg,6239.20
75,1780553690323170560,1780553691323170560,Active Total Throughput,tokens/sec,min,5476.85
75,1780553690323170560,1780553691323170560,Active Total Throughput,tokens/sec,max,6250.31
75,1780553690323170560,1780553691323170560,Active Total Throughput,tokens/sec,p50,6250.31
75,1780553690323170560,1780553691323170560,Active Total Throughput,tokens/sec,p90,6250.31
75,1780553690323170560,1780553691323170560,Active Total Throughput,tokens/sec,p95,6250.31
75,1780553690323170560,1780553691323170560,Active Total Throughput,tokens/sec,p99,6250.31
75,1780553690323170560,1780553691323170560,Active Total Throughput,tokens/sec,std,92.04
75,1780553690323170560,1780553691323170560,Benchmark Duration,sec,avg,115.37
75,1780553690323170560,1780553691323170560,E2E Output Token Throughput,tokens/sec/user,avg,2.31
75,1780553690323170560,1780553691323170560,E2E Output Token Throughput,tokens/sec/user,min,2.31
75,1780553690323170560,1780553691323170560,E2E Output Token Throughput,tokens/sec/user,max,2.31
75,1780553690323170560,1780553691323170560,E2E Output Token Throughput,tokens/sec/user,sum,2.31
75,1780553690323170560,1780553691323170560,E2E Output Token Throughput,tokens/sec/user,p1,2.31
75,1780553690323170560,1780553691323170560,E2E Output Token Throughput,tokens/sec/user,p5,2.31
75,1780553690323170560,1780553691323170560,E2E Output Token Throughput,tokens/sec/user,p10,2.31
75,1780553690323170560,1780553691323170560,E2E Output Token Throughput,tokens/sec/user,p25,2.31
75,1780553690323170560,1780553691323170560,E2E Output Token Throughput,tokens/sec/user,p50,2.31
75,1780553690323170560,1780553691323170560,E2E Output Token Throughput,tokens/sec/user,p75,2.31
75,1780553690323170560,1780553691323170560,E2E Output Token Throughput,tokens/sec/user,p90,2.31
75,1780553690323170560,1780553691323170560,E2E Output Token Throughput,tokens/sec/user,p95,2.31
75,1780553690323170560,1780553691323170560,E2E Output Token Throughput,tokens/sec/user,p99,2.31
75,1780553690323170560,1780553691323170560,E2E Output Token Throughput,tokens/sec/user,std,0.00
75,1780553690323170560,1780553691323170560,Effective Concurrency,requests,avg,15.99
75,1780553690323170560,1780553691323170560,Effective Concurrency,requests,min,15.00
75,1780553690323170560,1780553691323170560,Effective Concurrency,requests,max,16.00
75,1780553690323170560,1780553691323170560,Effective Concurrency,requests,p50,16.00
75,1780553690323170560,1780553691323170560,Effective Concurrency,requests,p90,16.00
75,1780553690323170560,1780553691323170560,Effective Concurrency,requests,p95,16.00
75,1780553690323170560,1780553691323170560,Effective Concurrency,requests,p99,16.00
75,1780553690323170560,1780553691323170560,Effective Concurrency,requests,std,0.12
75,1780553690323170560,1780553691323170560,Effective Decode Concurrency,requests,avg,12.00
75,1780553690323170560,1780553691323170560,Effective Decode Concurrency,requests,min,12.00
75,1780553690323170560,1780553691323170560,Effective Decode Concurrency,requests,max,12.00
75,1780553690323170560,1780553691323170560,Effective Decode Concurrency,requests,p50,12.00
75,1780553690323170560,1780553691323170560,Effective Decode Concurrency,requests,p90,12.00
75,1780553690323170560,1780553691323170560,Effective Decode Concurrency,requests,p95,12.00
75,1780553690323170560,1780553691323170560,Effective Decode Concurrency,requests,p99,12.00
75,1780553690323170560,1780553691323170560,Effective Decode Concurrency,requests,std,0.00
75,1780553690323170560,1780553691323170560,Effective Decode Throughput,tokens/sec,avg,94.95
75,1780553690323170560,1780553691323170560,Effective Decode Throughput,tokens/sec,min,75.36
75,1780553690323170560,1780553691323170560,Effective Decode Throughput,tokens/sec,max,114.54
75,1780553690323170560,1780553691323170560,Effective Decode Throughput,tokens/sec,p50,94.95
75,1780553690323170560,1780553691323170560,Effective Decode Throughput,tokens/sec,p90,94.95
75,1780553690323170560,1780553691323170560,Effective Decode Throughput,tokens/sec,p95,94.95
75,1780553690323170560,1780553691323170560,Effective Decode Throughput,tokens/sec,p99,94.95
75,1780553690323170560,1780553691323170560,Effective Decode Throughput,tokens/sec,std,0.04
75,1780553690323170560,1780553691323170560,Effective Decode Throughput Per User,tokens/sec/user,avg,7.91
75,1780553690323170560,1780553691323170560,Effective Decode Throughput Per User,tokens/sec/user,min,6.28
75,1780553690323170560,1780553691323170560,Effective Decode Throughput Per User,tokens/sec/user,max,9.55
75,1780553690323170560,1780553691323170560,Effective Decode Throughput Per User,tokens/sec/user,p50,7.91
75,1780553690323170560,1780553691323170560,Effective Decode Throughput Per User,tokens/sec/user,p90,7.91
75,1780553690323170560,1780553691323170560,Effective Decode Throughput Per User,tokens/sec/user,p95,7.91
75,1780553690323170560,1780553691323170560,Effective Decode Throughput Per User,tokens/sec/user,p99,7.91
75,1780553690323170560,1780553691323170560,Effective Decode Throughput Per User,tokens/sec/user,std,0.00
75,1780553690323170560,1780553691323170560,Effective Prefill Concurrency,requests,avg,3.99
75,1780553690323170560,1780553691323170560,Effective Prefill Concurrency,requests,min,3.00
75,1780553690323170560,1780553691323170560,Effective Prefill Concurrency,requests,max,4.00
75,1780553690323170560,1780553691323170560,Effective Prefill Concurrency,requests,p50,4.00
75,1780553690323170560,1780553691323170560,Effective Prefill Concurrency,requests,p90,4.00
75,1780553690323170560,1780553691323170560,Effective Prefill Concurrency,requests,p95,4.00
75,1780553690323170560,1780553691323170560,Effective Prefill Concurrency,requests,p99,4.00
75,1780553690323170560,1780553691323170560,Effective Prefill Concurrency,requests,std,0.12
75,1780553690323170560,1780553691323170560,Effective Prefill Throughput,tokens/sec,avg,6166.11
75,1780553690323170560,1780553691323170560,Effective Prefill Throughput,tokens/sec,min,5403.75
75,1780553690323170560,1780553691323170560,Effective Prefill Throughput,tokens/sec,max,6177.22
75,1780553690323170560,1780553691323170560,Effective Prefill Throughput,tokens/sec,p50,6177.22
75,1780553690323170560,1780553691323170560,Effective Prefill Throughput,tokens/sec,p90,6177.22
75,1780553690323170560,1780553691323170560,Effective Prefill Throughput,tokens/sec,p95,6177.22
75,1780553690323170560,1780553691323170560,Effective Prefill Throughput,tokens/sec,p99,6177.22
75,1780553690323170560,1780553691323170560,Effective Prefill Throughput,tokens/sec,std,92.04
75,1780553690323170560,1780553691323170560,Effective Prefill Throughput Per User,tokens/sec/user,avg,1548.00
75,1780553690323170560,1780553691323170560,Effective Prefill Throughput Per User,tokens/sec/user,min,1544.30
75,1780553690323170560,1780553691323170560,Effective Prefill Throughput Per User,tokens/sec/user,max,1801.25
75,1780553690323170560,1780553691323170560,Effective Prefill Throughput Per User,tokens/sec/user,p50,1544.30
75,1780553690323170560,1780553691323170560,Effective Prefill Throughput Per User,tokens/sec/user,p90,1544.30
75,1780553690323170560,1780553691323170560,Effective Prefill Throughput Per User,tokens/sec/user,p95,1544.30
75,1780553690323170560,1780553691323170560,Effective Prefill Throughput Per User,tokens/sec/user,p99,1801.25
75,1780553690323170560,1780553691323170560,Effective Prefill Throughput Per User,tokens/sec/user,std,30.58
75,1780553690323170560,1780553691323170560,Effective Total Throughput,tokens/sec,avg,6239.20
75,1780553690323170560,1780553691323170560,Effective Total Throughput,tokens/sec,min,5476.85
75,1780553690323170560,1780553691323170560,Effective Total Throughput,tokens/sec,max,6250.31
75,1780553690323170560,1780553691323170560,Effective Total Throughput,tokens/sec,p50,6250.31
75,1780553690323170560,1780553691323170560,Effective Total Throughput,tokens/sec,p90,6250.31
75,1780553690323170560,1780553691323170560,Effective Total Throughput,tokens/sec,p95,6250.31
75,1780553690323170560,1780553691323170560,Effective Total Throughput,tokens/sec,p99,6250.31
75,1780553690323170560,1780553691323170560,Effective Total Throughput,tokens/sec,std,92.04
75,1780553690323170560,1780553691323170560,HTTP Blocked,ms,avg,0.00
75,1780553690323170560,1780553691323170560,HTTP Blocked,ms,min,0.00
75,1780553690323170560,1780553691323170560,HTTP Blocked,ms,max,0.00
75,1780553690323170560,1780553691323170560,HTTP Blocked,ms,sum,0.00
75,1780553690323170560,1780553691323170560,HTTP Blocked,ms,p1,0.00
75,1780553690323170560,1780553691323170560,HTTP Blocked,ms,p5,0.00
75,1780553690323170560,1780553691323170560,HTTP Blocked,ms,p10,0.00
75,1780553690323170560,1780553691323170560,HTTP Blocked,ms,p25,0.00
75,1780553690323170560,1780553691323170560,HTTP Blocked,ms,p50,0.00
75,1780553690323170560,1780553691323170560,HTTP Blocked,ms,p75,0.00
75,1780553690323170560,1780553691323170560,HTTP Blocked,ms,p90,0.00
75,1780553690323170560,1780553691323170560,HTTP Blocked,ms,p95,0.00
75,1780553690323170560,1780553691323170560,HTTP Blocked,ms,p99,0.00
75,1780553690323170560,1780553691323170560,HTTP Blocked,ms,std,0.00
75,1780553690323170560,1780553691323170560,HTTP Chunks Received,count,avg,266.00
75,1780553690323170560,1780553691323170560,HTTP Chunks Received,count,min,266.00
75,1780553690323170560,1780553691323170560,HTTP Chunks Received,count,max,266.00
75,1780553690323170560,1780553691323170560,HTTP Chunks Received,count,sum,266.00
75,1780553690323170560,1780553691323170560,HTTP Chunks Received,count,p1,266.00
75,1780553690323170560,1780553691323170560,HTTP Chunks Received,count,p5,266.00
75,1780553690323170560,1780553691323170560,HTTP Chunks Received,count,p10,266.00
75,1780553690323170560,1780553691323170560,HTTP Chunks Received,count,p25,266.00
75,1780553690323170560,1780553691323170560,HTTP Chunks Received,count,p50,266.00
75,1780553690323170560,1780553691323170560,HTTP Chunks Received,count,p75,266.00
75,1780553690323170560,1780553691323170560,HTTP Chunks Received,count,p90,266.00
75,1780553690323170560,1780553691323170560,HTTP Chunks Received,count,p95,266.00
75,1780553690323170560,1780553691323170560,HTTP Chunks Received,count,p99,266.00
75,1780553690323170560,1780553691323170560,HTTP Chunks Received,count,std,0.00
75,1780553690323170560,1780553691323170560,HTTP Chunks Sent,count,avg,1.00
75,1780553690323170560,1780553691323170560,HTTP Chunks Sent,count,min,1.00
75,1780553690323170560,1780553691323170560,HTTP Chunks Sent,count,max,1.00
75,1780553690323170560,1780553691323170560,HTTP Chunks Sent,count,sum,1.00
75,1780553690323170560,1780553691323170560,HTTP Chunks Sent,count,p1,1.00
75,1780553690323170560,1780553691323170560,HTTP Chunks Sent,count,p5,1.00
75,1780553690323170560,1780553691323170560,HTTP Chunks Sent,count,p10,1.00
75,1780553690323170560,1780553691323170560,HTTP Chunks Sent,count,p25,1.00
75,1780553690323170560,1780553691323170560,HTTP Chunks Sent,count,p50,1.00
75,1780553690323170560,1780553691323170560,HTTP Chunks Sent,count,p75,1.00
75,1780553690323170560,1780553691323170560,HTTP Chunks Sent,count,p90,1.00
75,1780553690323170560,1780553691323170560,HTTP Chunks Sent,count,p95,1.00
75,1780553690323170560,1780553691323170560,HTTP Chunks Sent,count,p99,1.00
75,1780553690323170560,1780553691323170560,HTTP Chunks Sent,count,std,0.00
75,1780553690323170560,1780553691323170560,HTTP Connecting,ms,avg,0.00
75,1780553690323170560,1780553691323170560,HTTP Connecting,ms,min,0.00
75,1780553690323170560,1780553691323170560,HTTP Connecting,ms,max,0.00
75,1780553690323170560,1780553691323170560,HTTP Connecting,ms,sum,0.00
75,1780553690323170560,1780553691323170560,HTTP Connecting,ms,p1,0.00
75,1780553690323170560,1780553691323170560,HTTP Connecting,ms,p5,0.00
75,1780553690323170560,1780553691323170560,HTTP Connecting,ms,p10,0.00
75,1780553690323170560,1780553691323170560,HTTP Connecting,ms,p25,0.00
75,1780553690323170560,1780553691323170560,HTTP Connecting,ms,p50,0.00
75,1780553690323170560,1780553691323170560,HTTP Connecting,ms,p75,0.00
75,1780553690323170560,1780553691323170560,HTTP Connecting,ms,p90,0.00
75,1780553690323170560,1780553691323170560,HTTP Connecting,ms,p95,0.00
75,1780553690323170560,1780553691323170560,HTTP Connecting,ms,p99,0.00
75,1780553690323170560,1780553691323170560,HTTP Connecting,ms,std,0.00
75,1780553690323170560,1780553691323170560,HTTP Connection Overhead,ms,avg,0.00
75,1780553690323170560,1780553691323170560,HTTP Connection Overhead,ms,min,0.00
75,1780553690323170560,1780553691323170560,HTTP Connection Overhead,ms,max,0.00
75,1780553690323170560,1780553691323170560,HTTP Connection Overhead,ms,sum,0.00
75,1780553690323170560,1780553691323170560,HTTP Connection Overhead,ms,p1,0.00
75,1780553690323170560,1780553691323170560,HTTP Connection Overhead,ms,p5,0.00
75,1780553690323170560,1780553691323170560,HTTP Connection Overhead,ms,p10,0.00
75,1780553690323170560,1780553691323170560,HTTP Connection Overhead,ms,p25,0.00
75,1780553690323170560,1780553691323170560,HTTP Connection Overhead,ms,p50,0.00
75,1780553690323170560,1780553691323170560,HTTP Connection Overhead,ms,p75,0.00
75,1780553690323170560,1780553691323170560,HTTP Connection Overhead,ms,p90,0.00
75,1780553690323170560,1780553691323170560,HTTP Connection Overhead,ms,p95,0.00
75,1780553690323170560,1780553691323170560,HTTP Connection Overhead,ms,p99,0.00
75,1780553690323170560,1780553691323170560,HTTP Connection Overhead,ms,std,0.00
75,1780553690323170560,1780553691323170560,HTTP Connection Reused,ratio,avg,1.00
75,1780553690323170560,1780553691323170560,HTTP Connection Reused,ratio,min,1.00
75,1780553690323170560,1780553691323170560,HTTP Connection Reused,ratio,max,1.00
75,1780553690323170560,1780553691323170560,HTTP Connection Reused,ratio,sum,1.00
75,1780553690323170560,1780553691323170560,HTTP Connection Reused,ratio,p1,1.00
75,1780553690323170560,1780553691323170560,HTTP Connection Reused,ratio,p5,1.00
75,1780553690323170560,1780553691323170560,HTTP Connection Reused,ratio,p10,1.00
75,1780553690323170560,1780553691323170560,HTTP Connection Reused,ratio,p25,1.00
75,1780553690323170560,1780553691323170560,HTTP Connection Reused,ratio,p50,1.00
75,1780553690323170560,1780553691323170560,HTTP Connection Reused,ratio,p75,1.00
75,1780553690323170560,1780553691323170560,HTTP Connection Reused,ratio,p90,1.00
75,1780553690323170560,1780553691323170560,HTTP Connection Reused,ratio,p95,1.00
75,1780553690323170560,1780553691323170560,HTTP Connection Reused,ratio,p99,1.00
75,1780553690323170560,1780553691323170560,HTTP Connection Reused,ratio,std,0.00
75,1780553690323170560,1780553691323170560,HTTP Data Received,KB,avg,66.86
75,1780553690323170560,1780553691323170560,HTTP Data Received,KB,min,66.86
75,1780553690323170560,1780553691323170560,HTTP Data Received,KB,max,66.86
75,1780553690323170560,1780553691323170560,HTTP Data Received,KB,sum,66.86
75,1780553690323170560,1780553691323170560,HTTP Data Received,KB,p1,66.86
75,1780553690323170560,1780553691323170560,HTTP Data Received,KB,p5,66.86
75,1780553690323170560,1780553691323170560,HTTP Data Received,KB,p10,66.86
75,1780553690323170560,1780553691323170560,HTTP Data Received,KB,p25,66.86
75,1780553690323170560,1780553691323170560,HTTP Data Received,KB,p50,66.86
75,1780553690323170560,1780553691323170560,HTTP Data Received,KB,p75,66.86
75,1780553690323170560,1780553691323170560,HTTP Data Received,KB,p90,66.86
75,1780553690323170560,1780553691323170560,HTTP Data Received,KB,p95,66.86
75,1780553690323170560,1780553691323170560,HTTP Data Received,KB,p99,66.86
75,1780553690323170560,1780553691323170560,HTTP Data Received,KB,std,0.00
75,1780553690323170560,1780553691323170560,HTTP Data Sent,KB,avg,131.16
75,1780553690323170560,1780553691323170560,HTTP Data Sent,KB,min,131.16
75,1780553690323170560,1780553691323170560,HTTP Data Sent,KB,max,131.16
75,1780553690323170560,1780553691323170560,HTTP Data Sent,KB,sum,131.16
75,1780553690323170560,1780553691323170560,HTTP Data Sent,KB,p1,131.16
75,1780553690323170560,1780553691323170560,HTTP Data Sent,KB,p5,131.16
75,1780553690323170560,1780553691323170560,HTTP Data Sent,KB,p10,131.16
75,1780553690323170560,1780553691323170560,HTTP Data Sent,KB,p25,131.16
75,1780553690323170560,1780553691323170560,HTTP Data Sent,KB,p50,131.16
75,1780553690323170560,1780553691323170560,HTTP Data Sent,KB,p75,131.16
75,1780553690323170560,1780553691323170560,HTTP Data Sent,KB,p90,131.16
75,1780553690323170560,1780553691323170560,HTTP Data Sent,KB,p95,131.16
75,1780553690323170560,1780553691323170560,HTTP Data Sent,KB,p99,131.16
75,1780553690323170560,1780553691323170560,HTTP Data Sent,KB,std,0.00
75,1780553690323170560,1780553691323170560,HTTP DNS Lookup,ms,avg,0.00
75,1780553690323170560,1780553691323170560,HTTP DNS Lookup,ms,min,0.00
75,1780553690323170560,1780553691323170560,HTTP DNS Lookup,ms,max,0.00
75,1780553690323170560,1780553691323170560,HTTP DNS Lookup,ms,sum,0.00
75,1780553690323170560,1780553691323170560,HTTP DNS Lookup,ms,p1,0.00
75,1780553690323170560,1780553691323170560,HTTP DNS Lookup,ms,p5,0.00
75,1780553690323170560,1780553691323170560,HTTP DNS Lookup,ms,p10,0.00
75,1780553690323170560,1780553691323170560,HTTP DNS Lookup,ms,p25,0.00
75,1780553690323170560,1780553691323170560,HTTP DNS Lookup,ms,p50,0.00
75,1780553690323170560,1780553691323170560,HTTP DNS Lookup,ms,p75,0.00
75,1780553690323170560,1780553691323170560,HTTP DNS Lookup,ms,p90,0.00
75,1780553690323170560,1780553691323170560,HTTP DNS Lookup,ms,p95,0.00
75,1780553690323170560,1780553691323170560,HTTP DNS Lookup,ms,p99,0.00
75,1780553690323170560,1780553691323170560,HTTP DNS Lookup,ms,std,0.00
75,1780553690323170560,1780553691323170560,HTTP Duration (excl. conn),ms,avg,115374.08
75,1780553690323170560,1780553691323170560,HTTP Duration (excl. conn),ms,min,115374.08
75,1780553690323170560,1780553691323170560,HTTP Duration (excl. conn),ms,max,115374.08
75,1780553690323170560,1780553691323170560,HTTP Duration (excl. conn),ms,sum,115374.08
75,1780553690323170560,1780553691323170560,HTTP Duration (excl. conn),ms,p1,115374.08
75,1780553690323170560,1780553691323170560,HTTP Duration (excl. conn),ms,p5,115374.08
75,1780553690323170560,1780553691323170560,HTTP Duration (excl. conn),ms,p10,115374.08
75,1780553690323170560,1780553691323170560,HTTP Duration (excl. conn),ms,p25,115374.08
75,1780553690323170560,1780553691323170560,HTTP Duration (excl. conn),ms,p50,115374.08
75,1780553690323170560,1780553691323170560,HTTP Duration (excl. conn),ms,p75,115374.08
75,1780553690323170560,1780553691323170560,HTTP Duration (excl. conn),ms,p90,115374.08
75,1780553690323170560,1780553691323170560,HTTP Duration (excl. conn),ms,p95,115374.08
75,1780553690323170560,1780553691323170560,HTTP Duration (excl. conn),ms,p99,115374.08
75,1780553690323170560,1780553691323170560,HTTP Duration (excl. conn),ms,std,0.00
75,1780553690323170560,1780553691323170560,HTTP Receiving,ms,avg,71452.40
75,1780553690323170560,1780553691323170560,HTTP Receiving,ms,min,71452.40
75,1780553690323170560,1780553691323170560,HTTP Receiving,ms,max,71452.40
75,1780553690323170560,1780553691323170560,HTTP Receiving,ms,sum,71452.40
75,1780553690323170560,1780553691323170560,HTTP Receiving,ms,p1,71452.40
75,1780553690323170560,1780553691323170560,HTTP Receiving,ms,p5,71452.40
75,1780553690323170560,1780553691323170560,HTTP Receiving,ms,p10,71452.40
75,1780553690323170560,1780553691323170560,HTTP Receiving,ms,p25,71452.40
75,1780553690323170560,1780553691323170560,HTTP Receiving,ms,p50,71452.40
75,1780553690323170560,1780553691323170560,HTTP Receiving,ms,p75,71452.40
75,1780553690323170560,1780553691323170560,HTTP Receiving,ms,p90,71452.40
75,1780553690323170560,1780553691323170560,HTTP Receiving,ms,p95,71452.40
75,1780553690323170560,1780553691323170560,HTTP Receiving,ms,p99,71452.40
75,1780553690323170560,1780553691323170560,HTTP Receiving,ms,std,0.00
75,1780553690323170560,1780553691323170560,HTTP Sending,ms,avg,0.23
75,1780553690323170560,1780553691323170560,HTTP Sending,ms,min,0.23
75,1780553690323170560,1780553691323170560,HTTP Sending,ms,max,0.23
75,1780553690323170560,1780553691323170560,HTTP Sending,ms,sum,0.23
75,1780553690323170560,1780553691323170560,HTTP Sending,ms,p1,0.23
75,1780553690323170560,1780553691323170560,HTTP Sending,ms,p5,0.23
75,1780553690323170560,1780553691323170560,HTTP Sending,ms,p10,0.23
75,1780553690323170560,1780553691323170560,HTTP Sending,ms,p25,0.23
75,1780553690323170560,1780553691323170560,HTTP Sending,ms,p50,0.23
75,1780553690323170560,1780553691323170560,HTTP Sending,ms,p75,0.23
75,1780553690323170560,1780553691323170560,HTTP Sending,ms,p90,0.23
75,1780553690323170560,1780553691323170560,HTTP Sending,ms,p95,0.23
75,1780553690323170560,1780553691323170560,HTTP Sending,ms,p99,0.23
75,1780553690323170560,1780553691323170560,HTTP Sending,ms,std,0.00
75,1780553690323170560,1780553691323170560,HTTP Total Time,ms,avg,115374.08
75,1780553690323170560,1780553691323170560,HTTP Total Time,ms,min,115374.08
75,1780553690323170560,1780553691323170560,HTTP Total Time,ms,max,115374.08
75,1780553690323170560,1780553691323170560,HTTP Total Time,ms,sum,115374.08
75,1780553690323170560,1780553691323170560,HTTP Total Time,ms,p1,115374.08
75,1780553690323170560,1780553691323170560,HTTP Total Time,ms,p5,115374.08
75,1780553690323170560,1780553691323170560,HTTP Total Time,ms,p10,115374.08
75,1780553690323170560,1780553691323170560,HTTP Total Time,ms,p25,115374.08
75,1780553690323170560,1780553691323170560,HTTP Total Time,ms,p50,115374.08
75,1780553690323170560,1780553691323170560,HTTP Total Time,ms,p75,115374.08
75,1780553690323170560,1780553691323170560,HTTP Total Time,ms,p90,115374.08
75,1780553690323170560,1780553691323170560,HTTP Total Time,ms,p95,115374.08
75,1780553690323170560,1780553691323170560,HTTP Total Time,ms,p99,115374.08
75,1780553690323170560,1780553691323170560,HTTP Total Time,ms,std,0.00
75,1780553690323170560,1780553691323170560,HTTP Waiting (TTFB),ms,avg,43921.45
75,1780553690323170560,1780553691323170560,HTTP Waiting (TTFB),ms,min,43921.45
75,1780553690323170560,1780553691323170560,HTTP Waiting (TTFB),ms,max,43921.45
75,1780553690323170560,1780553691323170560,HTTP Waiting (TTFB),ms,sum,43921.45
75,1780553690323170560,1780553691323170560,HTTP Waiting (TTFB),ms,p1,43921.45
75,1780553690323170560,1780553691323170560,HTTP Waiting (TTFB),ms,p5,43921.45
75,1780553690323170560,1780553691323170560,HTTP Waiting (TTFB),ms,p10,43921.45
75,1780553690323170560,1780553691323170560,HTTP Waiting (TTFB),ms,p25,43921.45
75,1780553690323170560,1780553691323170560,HTTP Waiting (TTFB),ms,p50,43921.45
75,1780553690323170560,1780553691323170560,HTTP Waiting (TTFB),ms,p75,43921.45
75,1780553690323170560,1780553691323170560,HTTP Waiting (TTFB),ms,p90,43921.45
75,1780553690323170560,1780553691323170560,HTTP Waiting (TTFB),ms,p95,43921.45
75,1780553690323170560,1780553691323170560,HTTP Waiting (TTFB),ms,p99,43921.45
75,1780553690323170560,1780553691323170560,HTTP Waiting (TTFB),ms,std,0.00
75,1780553690323170560,1780553691323170560,Input Sequence Length,tokens,avg,33972.00
75,1780553690323170560,1780553691323170560,Input Sequence Length,tokens,min,33972.00
75,1780553690323170560,1780553691323170560,Input Sequence Length,tokens,max,33972.00
75,1780553690323170560,1780553691323170560,Input Sequence Length,tokens,sum,33972.00
75,1780553690323170560,1780553691323170560,Input Sequence Length,tokens,p1,33972.00
75,1780553690323170560,1780553691323170560,Input Sequence Length,tokens,p5,33972.00
75,1780553690323170560,1780553691323170560,Input Sequence Length,tokens,p10,33972.00
75,1780553690323170560,1780553691323170560,Input Sequence Length,tokens,p25,33972.00
75,1780553690323170560,1780553691323170560,Input Sequence Length,tokens,p50,33972.00
75,1780553690323170560,1780553691323170560,Input Sequence Length,tokens,p75,33972.00
75,1780553690323170560,1780553691323170560,Input Sequence Length,tokens,p90,33972.00
75,1780553690323170560,1780553691323170560,Input Sequence Length,tokens,p95,33972.00
75,1780553690323170560,1780553691323170560,Input Sequence Length,tokens,p99,33972.00
75,1780553690323170560,1780553691323170560,Input Sequence Length,tokens,std,0.00
75,1780553690323170560,1780553691323170560,Input Token Throughput,tokens/sec,avg,33972.00
75,1780553690323170560,1780553691323170560,Inter Chunk Latency,ms,avg,66.96
75,1780553690323170560,1780553691323170560,Inter Chunk Latency,ms,min,66.96
75,1780553690323170560,1780553691323170560,Inter Chunk Latency,ms,max,66.97
75,1780553690323170560,1780553691323170560,Inter Chunk Latency,ms,sum,17745.38
75,1780553690323170560,1780553691323170560,Inter Chunk Latency,ms,p1,66.96
75,1780553690323170560,1780553691323170560,Inter Chunk Latency,ms,p5,66.96
75,1780553690323170560,1780553691323170560,Inter Chunk Latency,ms,p10,66.96
75,1780553690323170560,1780553691323170560,Inter Chunk Latency,ms,p25,66.96
75,1780553690323170560,1780553691323170560,Inter Chunk Latency,ms,p50,66.96
75,1780553690323170560,1780553691323170560,Inter Chunk Latency,ms,p75,66.97
75,1780553690323170560,1780553691323170560,Inter Chunk Latency,ms,p90,66.97
75,1780553690323170560,1780553691323170560,Inter Chunk Latency,ms,p95,66.97
75,1780553690323170560,1780553691323170560,Inter Chunk Latency,ms,p99,66.97
75,1780553690323170560,1780553691323170560,Inter Chunk Latency,ms,std,0.00
75,1780553690323170560,1780553691323170560,Inter Token Latency,ms,avg,269.63
75,1780553690323170560,1780553691323170560,Inter Token Latency,ms,min,269.63
75,1780553690323170560,1780553691323170560,Inter Token Latency,ms,max,269.63
75,1780553690323170560,1780553691323170560,Inter Token Latency,ms,sum,269.63
75,1780553690323170560,1780553691323170560,Inter Token Latency,ms,p1,269.63
75,1780553690323170560,1780553691323170560,Inter Token Latency,ms,p5,269.63
75,1780553690323170560,1780553691323170560,Inter Token Latency,ms,p10,269.63
75,1780553690323170560,1780553691323170560,Inter Token Latency,ms,p25,269.63
75,1780553690323170560,1780553691323170560,Inter Token Latency,ms,p50,269.63
75,1780553690323170560,1780553691323170560,Inter Token Latency,ms,p75,269.63
75,1780553690323170560,1780553691323170560,Inter Token Latency,ms,p90,269.63
75,1780553690323170560,1780553691323170560,Inter Token Latency,ms,p95,269.63
75,1780553690323170560,1780553691323170560,Inter Token Latency,ms,p99,269.63
75,1780553690323170560,1780553691323170560,Inter Token Latency,ms,std,0.00
75,1780553690323170560,1780553691323170560,Maximum Response Timestamp,ns,avg,1780553805711717120.00
75,1780553690323170560,1780553691323170560,Minimum Request Timestamp,ns,avg,1780553690337536512.00
75,1780553690323170560,1780553691323170560,OSL Mismatch Count,requests,avg,0.00
75,1780553690323170560,1780553691323170560,OSL Mismatch Diff %,%,avg,0.00
75,1780553690323170560,1780553691323170560,OSL Mismatch Diff %,%,min,0.00
75,1780553690323170560,1780553691323170560,OSL Mismatch Diff %,%,max,0.00
75,1780553690323170560,1780553691323170560,OSL Mismatch Diff %,%,sum,0.00
75,1780553690323170560,1780553691323170560,OSL Mismatch Diff %,%,p1,0.00
75,1780553690323170560,1780553691323170560,OSL Mismatch Diff %,%,p5,0.00
75,1780553690323170560,1780553691323170560,OSL Mismatch Diff %,%,p10,0.00
75,1780553690323170560,1780553691323170560,OSL Mismatch Diff %,%,p25,0.00
75,1780553690323170560,1780553691323170560,OSL Mismatch Diff %,%,p50,0.00
75,1780553690323170560,1780553691323170560,OSL Mismatch Diff %,%,p75,0.00
75,1780553690323170560,1780553691323170560,OSL Mismatch Diff %,%,p90,0.00
75,1780553690323170560,1780553691323170560,OSL Mismatch Diff %,%,p95,0.00
75,1780553690323170560,1780553691323170560,OSL Mismatch Diff %,%,p99,0.00
75,1780553690323170560,1780553691323170560,OSL Mismatch Diff %,%,std,0.00
75,1780553690323170560,1780553691323170560,Output Sequence Length,tokens,avg,266.00
75,1780553690323170560,1780553691323170560,Output Sequence Length,tokens,min,266.00
75,1780553690323170560,1780553691323170560,Output Sequence Length,tokens,max,266.00
75,1780553690323170560,1780553691323170560,Output Sequence Length,tokens,sum,266.00
75,1780553690323170560,1780553691323170560,Output Sequence Length,tokens,p1,266.00
75,1780553690323170560,1780553691323170560,Output Sequence Length,tokens,p5,266.00
75,1780553690323170560,1780553691323170560,Output Sequence Length,tokens,p10,266.00
75,1780553690323170560,1780553691323170560,Output Sequence Length,tokens,p25,266.00
75,1780553690323170560,1780553691323170560,Output Sequence Length,tokens,p50,266.00
75,1780553690323170560,1780553691323170560,Output Sequence Length,tokens,p75,266.00
75,1780553690323170560,1780553691323170560,Output Sequence Length,tokens,p90,266.00
75,1780553690323170560,1780553691323170560,Output Sequence Length,tokens,p95,266.00
75,1780553690323170560,1780553691323170560,Output Sequence Length,tokens,p99,266.00
75,1780553690323170560,1780553691323170560,Output Sequence Length,tokens,std,0.00
75,1780553690323170560,1780553691323170560,Output Token Count,tokens,avg,266.00
75,1780553690323170560,1780553691323170560,Output Token Count,tokens,min,266.00
75,1780553690323170560,1780553691323170560,Output Token Count,tokens,max,266.00
75,1780553690323170560,1780553691323170560,Output Token Count,tokens,sum,266.00
75,1780553690323170560,1780553691323170560,Output Token Count,tokens,p1,266.00
75,1780553690323170560,1780553691323170560,Output Token Count,tokens,p5,266.00
75,1780553690323170560,1780553691323170560,Output Token Count,tokens,p10,266.00
75,1780553690323170560,1780553691323170560,Output Token Count,tokens,p25,266.00
75,1780553690323170560,1780553691323170560,Output Token Count,tokens,p50,266.00
75,1780553690323170560,1780553691323170560,Output Token Count,tokens,p75,266.00
75,1780553690323170560,1780553691323170560,Output Token Count,tokens,p90,266.00
75,1780553690323170560,1780553691323170560,Output Token Count,tokens,p95,266.00
75,1780553690323170560,1780553691323170560,Output Token Count,tokens,p99,266.00
75,1780553690323170560,1780553691323170560,Output Token Count,tokens,std,0.00
75,1780553690323170560,1780553691323170560,Output Token Throughput,tokens/sec,avg,266.00
75,1780553690323170560,1780553691323170560,Output Token Throughput Per User,tokens/sec/user,avg,3.71
75,1780553690323170560,1780553691323170560,Output Token Throughput Per User,tokens/sec/user,min,3.71
75,1780553690323170560,1780553691323170560,Output Token Throughput Per User,tokens/sec/user,max,3.71
75,1780553690323170560,1780553691323170560,Output Token Throughput Per User,tokens/sec/user,sum,3.71
75,1780553690323170560,1780553691323170560,Output Token Throughput Per User,tokens/sec/user,p1,3.71
75,1780553690323170560,1780553691323170560,Output Token Throughput Per User,tokens/sec/user,p5,3.71
75,1780553690323170560,1780553691323170560,Output Token Throughput Per User,tokens/sec/user,p10,3.71
75,1780553690323170560,1780553691323170560,Output Token Throughput Per User,tokens/sec/user,p25,3.71
75,1780553690323170560,1780553691323170560,Output Token Throughput Per User,tokens/sec/user,p50,3.71
75,1780553690323170560,1780553691323170560,Output Token Throughput Per User,tokens/sec/user,p75,3.71
75,1780553690323170560,1780553691323170560,Output Token Throughput Per User,tokens/sec/user,p90,3.71
75,1780553690323170560,1780553691323170560,Output Token Throughput Per User,tokens/sec/user,p95,3.71
75,1780553690323170560,1780553691323170560,Output Token Throughput Per User,tokens/sec/user,p99,3.71
75,1780553690323170560,1780553691323170560,Output Token Throughput Per User,tokens/sec/user,std,0.00
75,1780553690323170560,1780553691323170560,Prefill Throughput Per User,tokens/sec/user,avg,773.47
75,1780553690323170560,1780553691323170560,Prefill Throughput Per User,tokens/sec/user,min,773.47
75,1780553690323170560,1780553691323170560,Prefill Throughput Per User,tokens/sec/user,max,773.47
75,1780553690323170560,1780553691323170560,Prefill Throughput Per User,tokens/sec/user,sum,773.47
75,1780553690323170560,1780553691323170560,Prefill Throughput Per User,tokens/sec/user,p1,773.47
75,1780553690323170560,1780553691323170560,Prefill Throughput Per User,tokens/sec/user,p5,773.47
75,1780553690323170560,1780553691323170560,Prefill Throughput Per User,tokens/sec/user,p10,773.47
75,1780553690323170560,1780553691323170560,Prefill Throughput Per User,tokens/sec/user,p25,773.47
75,1780553690323170560,1780553691323170560,Prefill Throughput Per User,tokens/sec/user,p50,773.47
75,1780553690323170560,1780553691323170560,Prefill Throughput Per User,tokens/sec/user,p75,773.47
75,1780553690323170560,1780553691323170560,Prefill Throughput Per User,tokens/sec/user,p90,773.47
75,1780553690323170560,1780553691323170560,Prefill Throughput Per User,tokens/sec/user,p95,773.47
75,1780553690323170560,1780553691323170560,Prefill Throughput Per User,tokens/sec/user,p99,773.47
75,1780553690323170560,1780553691323170560,Prefill Throughput Per User,tokens/sec/user,std,0.00
75,1780553690323170560,1780553691323170560,Request Count,requests,avg,1.00
75,1780553690323170560,1780553691323170560,Request Latency,ms,avg,115374.18
75,1780553690323170560,1780553691323170560,Request Latency,ms,min,115374.18
75,1780553690323170560,1780553691323170560,Request Latency,ms,max,115374.18
75,1780553690323170560,1780553691323170560,Request Latency,ms,sum,115374.18
75,1780553690323170560,1780553691323170560,Request Latency,ms,p1,115374.18
75,1780553690323170560,1780553691323170560,Request Latency,ms,p5,115374.18
75,1780553690323170560,1780553691323170560,Request Latency,ms,p10,115374.18
75,1780553690323170560,1780553691323170560,Request Latency,ms,p25,115374.18
75,1780553690323170560,1780553691323170560,Request Latency,ms,p50,115374.18
75,1780553690323170560,1780553691323170560,Request Latency,ms,p75,115374.18
75,1780553690323170560,1780553691323170560,Request Latency,ms,p90,115374.18
75,1780553690323170560,1780553691323170560,Request Latency,ms,p95,115374.18
75,1780553690323170560,1780553691323170560,Request Latency,ms,p99,115374.18
75,1780553690323170560,1780553691323170560,Request Latency,ms,std,0.00
75,1780553690323170560,1780553691323170560,Request Throughput,requests/sec,avg,1.00
75,1780553690323170560,1780553691323170560,Requested OSL,tokens,avg,266.00
75,1780553690323170560,1780553691323170560,Requested OSL,tokens,min,266.00
75,1780553690323170560,1780553691323170560,Requested OSL,tokens,max,266.00
75,1780553690323170560,1780553691323170560,Requested OSL,tokens,sum,266.00
75,1780553690323170560,1780553691323170560,Requested OSL,tokens,p1,266.00
75,1780553690323170560,1780553691323170560,Requested OSL,tokens,p5,266.00
75,1780553690323170560,1780553691323170560,Requested OSL,tokens,p10,266.00
75,1780553690323170560,1780553691323170560,Requested OSL,tokens,p25,266.00
75,1780553690323170560,1780553691323170560,Requested OSL,tokens,p50,266.00
75,1780553690323170560,1780553691323170560,Requested OSL,tokens,p75,266.00
75,1780553690323170560,1780553691323170560,Requested OSL,tokens,p90,266.00
75,1780553690323170560,1780553691323170560,Requested OSL,tokens,p95,266.00
75,1780553690323170560,1780553691323170560,Requested OSL,tokens,p99,266.00
75,1780553690323170560,1780553691323170560,Requested OSL,tokens,std,0.00
75,1780553690323170560,1780553691323170560,Time to First Output Token,ms,avg,43921.80
75,1780553690323170560,1780553691323170560,Time to First Output Token,ms,min,43921.80
75,1780553690323170560,1780553691323170560,Time to First Output Token,ms,max,43921.80
75,1780553690323170560,1780553691323170560,Time to First Output Token,ms,sum,43921.80
75,1780553690323170560,1780553691323170560,Time to First Output Token,ms,p1,43921.80
75,1780553690323170560,1780553691323170560,Time to First Output Token,ms,p5,43921.80
75,1780553690323170560,1780553691323170560,Time to First Output Token,ms,p10,43921.80
75,1780553690323170560,1780553691323170560,Time to First Output Token,ms,p25,43921.80
75,1780553690323170560,1780553691323170560,Time to First Output Token,ms,p50,43921.80
75,1780553690323170560,1780553691323170560,Time to First Output Token,ms,p75,43921.80
75,1780553690323170560,1780553691323170560,Time to First Output Token,ms,p90,43921.80
75,1780553690323170560,1780553691323170560,Time to First Output Token,ms,p95,43921.80
75,1780553690323170560,1780553691323170560,Time to First Output Token,ms,p99,43921.80
75,1780553690323170560,1780553691323170560,Time to First Output Token,ms,std,0.00
75,1780553690323170560,1780553691323170560,Time to First Token,ms,avg,43921.80
75,1780553690323170560,1780553691323170560,Time to First Token,ms,min,43921.80
75,1780553690323170560,1780553691323170560,Time to First Token,ms,max,43921.80
75,1780553690323170560,1780553691323170560,Time to First Token,ms,sum,43921.80
75,1780553690323170560,1780553691323170560,Time to First Token,ms,p1,43921.80
75,1780553690323170560,1780553691323170560,Time to First Token,ms,p5,43921.80
75,1780553690323170560,1780553691323170560,Time to First Token,ms,p10,43921.80
75,1780553690323170560,1780553691323170560,Time to First Token,ms,p25,43921.80
75,1780553690323170560,1780553691323170560,Time to First Token,ms,p50,43921.80
75,1780553690323170560,1780553691323170560,Time to First Token,ms,p75,43921.80
75,1780553690323170560,1780553691323170560,Time to First Token,ms,p90,43921.80
75,1780553690323170560,1780553691323170560,Time to First Token,ms,p95,43921.80
75,1780553690323170560,1780553691323170560,Time to First Token,ms,p99,43921.80
75,1780553690323170560,1780553691323170560,Time to First Token,ms,std,0.00
75,1780553690323170560,1780553691323170560,Time to Second Token,ms,avg,251.71
75,1780553690323170560,1780553691323170560,Time to Second Token,ms,min,251.71
75,1780553690323170560,1780553691323170560,Time to Second Token,ms,max,251.71
75,1780553690323170560,1780553691323170560,Time to Second Token,ms,sum,251.71
75,1780553690323170560,1780553691323170560,Time to Second Token,ms,p1,251.71
75,1780553690323170560,1780553691323170560,Time to Second Token,ms,p5,251.71
75,1780553690323170560,1780553691323170560,Time to Second Token,ms,p10,251.71
75,1780553690323170560,1780553691323170560,Time to Second Token,ms,p25,251.71
75,1780553690323170560,1780553691323170560,Time to Second Token,ms,p50,251.71
75,1780553690323170560,1780553691323170560,Time to Second Token,ms,p75,251.71
75,1780553690323170560,1780553691323170560,Time to Second Token,ms,p90,251.71
75,1780553690323170560,1780553691323170560,Time to Second Token,ms,p95,251.71
75,1780553690323170560,1780553691323170560,Time to Second Token,ms,p99,251.71
75,1780553690323170560,1780553691323170560,Time to Second Token,ms,std,0.00
75,1780553690323170560,1780553691323170560,Tokens In Flight,tokens,avg,1637616.89
75,1780553690323170560,1780553691323170560,Tokens In Flight,tokens,min,1604086.73
75,1780553690323170560,1780553691323170560,Tokens In Flight,tokens,max,1638153.32
75,1780553690323170560,1780553691323170560,Tokens In Flight,tokens,p50,1638104.37
75,1780553690323170560,1780553691323170560,Tokens In Flight,tokens,p90,1638142.60
75,1780553690323170560,1780553691323170560,Tokens In Flight,tokens,p95,1638147.95
75,1780553690323170560,1780553691323170560,Tokens In Flight,tokens,p99,1638152.32
75,1780553690323170560,1780553691323170560,Tokens In Flight,tokens,std,4048.12
75,1780553690323170560,1780553691323170560,Total Input Sequence Length,tokens,avg,33972.00
75,1780553690323170560,1780553691323170560,Total Output Sequence Length,tokens,avg,266.00
75,1780553690323170560,1780553691323170560,Total Output Tokens,tokens,avg,266.00
75,1780553690323170560,1780553691323170560,Total Token Throughput,tokens/sec,avg,34238.00
75,1780553690323170560,1780553691323170560,Total Usage Completion Tokens,tokens,avg,266.00
75,1780553690323170560,1780553691323170560,Total Usage Prompt Tokens,tokens,avg,33972.00
75,1780553690323170560,1780553691323170560,Total Usage Total Tokens,tokens,avg,34238.00
75,1780553690323170560,1780553691323170560,Usage Completion Tokens,tokens,avg,266.00
75,1780553690323170560,1780553691323170560,Usage Completion Tokens,tokens,min,266.00
75,1780553690323170560,1780553691323170560,Usage Completion Tokens,tokens,max,266.00
75,1780553690323170560,1780553691323170560,Usage Completion Tokens,tokens,sum,266.00
75,1780553690323170560,1780553691323170560,Usage Completion Tokens,tokens,p1,266.00
75,1780553690323170560,1780553691323170560,Usage Completion Tokens,tokens,p5,266.00
75,1780553690323170560,1780553691323170560,Usage Completion Tokens,tokens,p10,266.00
75,1780553690323170560,1780553691323170560,Usage Completion Tokens,tokens,p25,266.00
75,1780553690323170560,1780553691323170560,Usage Completion Tokens,tokens,p50,266.00
75,1780553690323170560,1780553691323170560,Usage Completion Tokens,tokens,p75,266.00
75,1780553690323170560,1780553691323170560,Usage Completion Tokens,tokens,p90,266.00
75,1780553690323170560,1780553691323170560,Usage Completion Tokens,tokens,p95,266.00
75,1780553690323170560,1780553691323170560,Usage Completion Tokens,tokens,p99,266.00
75,1780553690323170560,1780553691323170560,Usage Completion Tokens,tokens,std,0.00
75,1780553690323170560,1780553691323170560,Usage Prompt Tokens,tokens,avg,33972.00
75,1780553690323170560,1780553691323170560,Usage Prompt Tokens,tokens,min,33972.00
75,1780553690323170560,1780553691323170560,Usage Prompt Tokens,tokens,max,33972.00
75,1780553690323170560,1780553691323170560,Usage Prompt Tokens,tokens,sum,33972.00
75,1780553690323170560,1780553691323170560,Usage Prompt Tokens,tokens,p1,33972.00
75,1780553690323170560,1780553691323170560,Usage Prompt Tokens,tokens,p5,33972.00
75,1780553690323170560,1780553691323170560,Usage Prompt Tokens,tokens,p10,33972.00
75,1780553690323170560,1780553691323170560,Usage Prompt Tokens,tokens,p25,33972.00
75,1780553690323170560,1780553691323170560,Usage Prompt Tokens,tokens,p50,33972.00
75,1780553690323170560,1780553691323170560,Usage Prompt Tokens,tokens,p75,33972.00
75,1780553690323170560,1780553691323170560,Usage Prompt Tokens,tokens,p90,33972.00
75,1780553690323170560,1780553691323170560,Usage Prompt Tokens,tokens,p95,33972.00
75,1780553690323170560,1780553691323170560,Usage Prompt Tokens,tokens,p99,33972.00
75,1780553690323170560,1780553691323170560,Usage Prompt Tokens,tokens,std,0.00
75,1780553690323170560,1780553691323170560,Usage Total Tokens,tokens,avg,34238.00
75,1780553690323170560,1780553691323170560,Usage Total Tokens,tokens,min,34238.00
75,1780553690323170560,1780553691323170560,Usage Total Tokens,tokens,max,34238.00
75,1780553690323170560,1780553691323170560,Usage Total Tokens,tokens,sum,34238.00
75,1780553690323170560,1780553691323170560,Usage Total Tokens,tokens,p1,34238.00
75,1780553690323170560,1780553691323170560,Usage Total Tokens,tokens,p5,34238.00
75,1780553690323170560,1780553691323170560,Usage Total Tokens,tokens,p10,34238.00
75,1780553690323170560,1780553691323170560,Usage Total Tokens,tokens,p25,34238.00
75,1780553690323170560,1780553691323170560,Usage Total Tokens,tokens,p50,34238.00
75,1780553690323170560,1780553691323170560,Usage Total Tokens,tokens,p75,34238.00
75,1780553690323170560,1780553691323170560,Usage Total Tokens,tokens,p90,34238.00
75,1780553690323170560,1780553691323170560,Usage Total Tokens,tokens,p95,34238.00
75,1780553690323170560,1780553691323170560,Usage Total Tokens,tokens,p99,34238.00
75,1780553690323170560,1780553691323170560,Usage Total Tokens,tokens,std,0.00
76,1780553698323170560,1780553699323170560,Active Decode Throughput,tokens/sec,avg,79.91
76,1780553698323170560,1780553699323170560,Active Decode Throughput,tokens/sec,min,60.32
76,1780553698323170560,1780553699323170560,Active Decode Throughput,tokens/sec,max,99.50
76,1780553698323170560,1780553699323170560,Active Decode Throughput,tokens/sec,p50,79.91
76,1780553698323170560,1780553699323170560,Active Decode Throughput,tokens/sec,p90,79.91
76,1780553698323170560,1780553699323170560,Active Decode Throughput,tokens/sec,p95,79.91
76,1780553698323170560,1780553699323170560,Active Decode Throughput,tokens/sec,p99,79.91
76,1780553698323170560,1780553699323170560,Active Decode Throughput,tokens/sec,std,0.04
76,1780553698323170560,1780553699323170560,Active Decode Throughput Per User,tokens/sec/user,avg,7.99
76,1780553698323170560,1780553699323170560,Active Decode Throughput Per User,tokens/sec/user,min,6.03
76,1780553698323170560,1780553699323170560,Active Decode Throughput Per User,tokens/sec/user,max,9.95
76,1780553698323170560,1780553699323170560,Active Decode Throughput Per User,tokens/sec/user,p50,7.99
76,1780553698323170560,1780553699323170560,Active Decode Throughput Per User,tokens/sec/user,p90,7.99
76,1780553698323170560,1780553699323170560,Active Decode Throughput Per User,tokens/sec/user,p95,7.99
76,1780553698323170560,1780553699323170560,Active Decode Throughput Per User,tokens/sec/user,p99,7.99
76,1780553698323170560,1780553699323170560,Active Decode Throughput Per User,tokens/sec/user,std,0.00
76,1780553698323170560,1780553699323170560,Active Prefill Throughput,tokens/sec,avg,7418.71
76,1780553698323170560,1780553699323170560,Active Prefill Throughput,tokens/sec,min,6177.22
76,1780553698323170560,1780553699323170560,Active Prefill Throughput,tokens/sec,max,8207.27
76,1780553698323170560,1780553699323170560,Active Prefill Throughput,tokens/sec,p50,8207.27
76,1780553698323170560,1780553699323170560,Active Prefill Throughput,tokens/sec,p90,8207.27
76,1780553698323170560,1780553699323170560,Active Prefill Throughput,tokens/sec,p95,8207.27
76,1780553698323170560,1780553699323170560,Active Prefill Throughput,tokens/sec,p99,8207.27
76,1780553698323170560,1780553699323170560,Active Prefill Throughput,tokens/sec,std,989.44
76,1780553698323170560,1780553699323170560,Active Prefill Throughput Per User,tokens/sec/user,avg,1603.72
76,1780553698323170560,1780553699323170560,Active Prefill Throughput Per User,tokens/sec/user,min,1544.30
76,1780553698323170560,1780553699323170560,Active Prefill Throughput Per User,tokens/sec/user,max,1641.45
76,1780553698323170560,1780553699323170560,Active Prefill Throughput Per User,tokens/sec/user,p50,1641.45
76,1780553698323170560,1780553699323170560,Active Prefill Throughput Per User,tokens/sec/user,p90,1641.45
76,1780553698323170560,1780553699323170560,Active Prefill Throughput Per User,tokens/sec/user,p95,1641.45
76,1780553698323170560,1780553699323170560,Active Prefill Throughput Per User,tokens/sec/user,p99,1641.45
76,1780553698323170560,1780553699323170560,Active Prefill Throughput Per User,tokens/sec/user,std,47.35
76,1780553698323170560,1780553699323170560,Active Total Throughput,tokens/sec,avg,7474.54
76,1780553698323170560,1780553699323170560,Active Total Throughput,tokens/sec,min,6233.05
76,1780553698323170560,1780553699323170560,Active Total Throughput,tokens/sec,max,8263.11
76,1780553698323170560,1780553699323170560,Active Total Throughput,tokens/sec,p50,8263.11
76,1780553698323170560,1780553699323170560,Active Total Throughput,tokens/sec,p90,8263.11
76,1780553698323170560,1780553699323170560,Active Total Throughput,tokens/sec,p95,8263.11
76,1780553698323170560,1780553699323170560,Active Total Throughput,tokens/sec,p99,8263.11
76,1780553698323170560,1780553699323170560,Active Total Throughput,tokens/sec,std,989.44
76,1780553698323170560,1780553699323170560,Benchmark Duration,sec,avg,350.98
76,1780553698323170560,1780553699323170560,E2E Output Token Throughput,tokens/sec/user,avg,5.79
76,1780553698323170560,1780553699323170560,E2E Output Token Throughput,tokens/sec/user,min,5.79
76,1780553698323170560,1780553699323170560,E2E Output Token Throughput,tokens/sec/user,max,5.79
76,1780553698323170560,1780553699323170560,E2E Output Token Throughput,tokens/sec/user,sum,5.79
76,1780553698323170560,1780553699323170560,E2E Output Token Throughput,tokens/sec/user,p1,5.79
76,1780553698323170560,1780553699323170560,E2E Output Token Throughput,tokens/sec/user,p5,5.79
76,1780553698323170560,1780553699323170560,E2E Output Token Throughput,tokens/sec/user,p10,5.79
76,1780553698323170560,1780553699323170560,E2E Output Token Throughput,tokens/sec/user,p25,5.79
76,1780553698323170560,1780553699323170560,E2E Output Token Throughput,tokens/sec/user,p50,5.79
76,1780553698323170560,1780553699323170560,E2E Output Token Throughput,tokens/sec/user,p75,5.79
76,1780553698323170560,1780553699323170560,E2E Output Token Throughput,tokens/sec/user,p90,5.79
76,1780553698323170560,1780553699323170560,E2E Output Token Throughput,tokens/sec/user,p95,5.79
76,1780553698323170560,1780553699323170560,E2E Output Token Throughput,tokens/sec/user,p99,5.79
76,1780553698323170560,1780553699323170560,E2E Output Token Throughput,tokens/sec/user,std,0.00
76,1780553698323170560,1780553699323170560,Effective Concurrency,requests,avg,14.61
76,1780553698323170560,1780553699323170560,Effective Concurrency,requests,min,14.00
76,1780553698323170560,1780553699323170560,Effective Concurrency,requests,max,15.00
76,1780553698323170560,1780553699323170560,Effective Concurrency,requests,p50,15.00
76,1780553698323170560,1780553699323170560,Effective Concurrency,requests,p90,15.00
76,1780553698323170560,1780553699323170560,Effective Concurrency,requests,p95,15.00
76,1780553698323170560,1780553699323170560,Effective Concurrency,requests,p99,15.00
76,1780553698323170560,1780553699323170560,Effective Concurrency,requests,std,0.49
76,1780553698323170560,1780553699323170560,Effective Decode Concurrency,requests,avg,10.00
76,1780553698323170560,1780553699323170560,Effective Decode Concurrency,requests,min,10.00
76,1780553698323170560,1780553699323170560,Effective Decode Concurrency,requests,max,10.00
76,1780553698323170560,1780553699323170560,Effective Decode Concurrency,requests,p50,10.00
76,1780553698323170560,1780553699323170560,Effective Decode Concurrency,requests,p90,10.00
76,1780553698323170560,1780553699323170560,Effective Decode Concurrency,requests,p95,10.00
76,1780553698323170560,1780553699323170560,Effective Decode Concurrency,requests,p99,10.00
76,1780553698323170560,1780553699323170560,Effective Decode Concurrency,requests,std,0.00
76,1780553698323170560,1780553699323170560,Effective Decode Throughput,tokens/sec,avg,79.91
76,1780553698323170560,1780553699323170560,Effective Decode Throughput,tokens/sec,min,60.32
76,1780553698323170560,1780553699323170560,Effective Decode Throughput,tokens/sec,max,99.50
76,1780553698323170560,1780553699323170560,Effective Decode Throughput,tokens/sec,p50,79.91
76,1780553698323170560,1780553699323170560,Effective Decode Throughput,tokens/sec,p90,79.91
76,1780553698323170560,1780553699323170560,Effective Decode Throughput,tokens/sec,p95,79.91
76,1780553698323170560,1780553699323170560,Effective Decode Throughput,tokens/sec,p99,79.91
76,1780553698323170560,1780553699323170560,Effective Decode Throughput,tokens/sec,std,0.04
76,1780553698323170560,1780553699323170560,Effective Decode Throughput Per User,tokens/sec/user,avg,7.99
76,1780553698323170560,1780553699323170560,Effective Decode Throughput Per User,tokens/sec/user,min,6.03
76,1780553698323170560,1780553699323170560,Effective Decode Throughput Per User,tokens/sec/user,max,9.95
76,1780553698323170560,1780553699323170560,Effective Decode Throughput Per User,tokens/sec/user,p50,7.99
76,1780553698323170560,1780553699323170560,Effective Decode Throughput Per User,tokens/sec/user,p90,7.99
76,1780553698323170560,1780553699323170560,Effective Decode Throughput Per User,tokens/sec/user,p95,7.99
76,1780553698323170560,1780553699323170560,Effective Decode Throughput Per User,tokens/sec/user,p99,7.99
76,1780553698323170560,1780553699323170560,Effective Decode Throughput Per User,tokens/sec/user,std,0.00
76,1780553698323170560,1780553699323170560,Effective Prefill Concurrency,requests,avg,4.61
76,1780553698323170560,1780553699323170560,Effective Prefill Concurrency,requests,min,4.00
76,1780553698323170560,1780553699323170560,Effective Prefill Concurrency,requests,max,5.00
76,1780553698323170560,1780553699323170560,Effective Prefill Concurrency,requests,p50,5.00
76,1780553698323170560,1780553699323170560,Effective Prefill Concurrency,requests,p90,5.00
76,1780553698323170560,1780553699323170560,Effective Prefill Concurrency,requests,p95,5.00
76,1780553698323170560,1780553699323170560,Effective Prefill Concurrency,requests,p99,5.00
76,1780553698323170560,1780553699323170560,Effective Prefill Concurrency,requests,std,0.49
76,1780553698323170560,1780553699323170560,Effective Prefill Throughput,tokens/sec,avg,7418.71
76,1780553698323170560,1780553699323170560,Effective Prefill Throughput,tokens/sec,min,6177.22
76,1780553698323170560,1780553699323170560,Effective Prefill Throughput,tokens/sec,max,8207.27
76,1780553698323170560,1780553699323170560,Effective Prefill Throughput,tokens/sec,p50,8207.27
76,1780553698323170560,1780553699323170560,Effective Prefill Throughput,tokens/sec,p90,8207.27
76,1780553698323170560,1780553699323170560,Effective Prefill Throughput,tokens/sec,p95,8207.27
76,1780553698323170560,1780553699323170560,Effective Prefill Throughput,tokens/sec,p99,8207.27
76,1780553698323170560,1780553699323170560,Effective Prefill Throughput,tokens/sec,std,989.44
76,1780553698323170560,1780553699323170560,Effective Prefill Throughput Per User,tokens/sec/user,avg,1603.72
76,1780553698323170560,1780553699323170560,Effective Prefill Throughput Per User,tokens/sec/user,min,1544.30
76,1780553698323170560,1780553699323170560,Effective Prefill Throughput Per User,tokens/sec/user,max,1641.45
76,1780553698323170560,1780553699323170560,Effective Prefill Throughput Per User,tokens/sec/user,p50,1641.45
76,1780553698323170560,1780553699323170560,Effective Prefill Throughput Per User,tokens/sec/user,p90,1641.45
76,1780553698323170560,1780553699323170560,Effective Prefill Throughput Per User,tokens/sec/user,p95,1641.45
76,1780553698323170560,1780553699323170560,Effective Prefill Throughput Per User,tokens/sec/user,p99,1641.45
76,1780553698323170560,1780553699323170560,Effective Prefill Throughput Per User,tokens/sec/user,std,47.35
76,1780553698323170560,1780553699323170560,Effective Total Throughput,tokens/sec,avg,7474.54
76,1780553698323170560,1780553699323170560,Effective Total Throughput,tokens/sec,min,6233.05
76,1780553698323170560,1780553699323170560,Effective Total Throughput,tokens/sec,max,8263.11
76,1780553698323170560,1780553699323170560,Effective Total Throughput,tokens/sec,p50,8263.11
76,1780553698323170560,1780553699323170560,Effective Total Throughput,tokens/sec,p90,8263.11
76,1780553698323170560,1780553699323170560,Effective Total Throughput,tokens/sec,p95,8263.11
76,1780553698323170560,1780553699323170560,Effective Total Throughput,tokens/sec,p99,8263.11
76,1780553698323170560,1780553699323170560,Effective Total Throughput,tokens/sec,std,989.44
76,1780553698323170560,1780553699323170560,HTTP Blocked,ms,avg,0.00
76,1780553698323170560,1780553699323170560,HTTP Blocked,ms,min,0.00
76,1780553698323170560,1780553699323170560,HTTP Blocked,ms,max,0.00
76,1780553698323170560,1780553699323170560,HTTP Blocked,ms,sum,0.00
76,1780553698323170560,1780553699323170560,HTTP Blocked,ms,p1,0.00
76,1780553698323170560,1780553699323170560,HTTP Blocked,ms,p5,0.00
76,1780553698323170560,1780553699323170560,HTTP Blocked,ms,p10,0.00
76,1780553698323170560,1780553699323170560,HTTP Blocked,ms,p25,0.00
76,1780553698323170560,1780553699323170560,HTTP Blocked,ms,p50,0.00
76,1780553698323170560,1780553699323170560,HTTP Blocked,ms,p75,0.00
76,1780553698323170560,1780553699323170560,HTTP Blocked,ms,p90,0.00
76,1780553698323170560,1780553699323170560,HTTP Blocked,ms,p95,0.00
76,1780553698323170560,1780553699323170560,HTTP Blocked,ms,p99,0.00
76,1780553698323170560,1780553699323170560,HTTP Blocked,ms,std,0.00
76,1780553698323170560,1780553699323170560,HTTP Chunks Received,count,avg,2033.00
76,1780553698323170560,1780553699323170560,HTTP Chunks Received,count,min,2033.00
76,1780553698323170560,1780553699323170560,HTTP Chunks Received,count,max,2033.00
76,1780553698323170560,1780553699323170560,HTTP Chunks Received,count,sum,2033.00
76,1780553698323170560,1780553699323170560,HTTP Chunks Received,count,p1,2033.00
76,1780553698323170560,1780553699323170560,HTTP Chunks Received,count,p5,2033.00
76,1780553698323170560,1780553699323170560,HTTP Chunks Received,count,p10,2033.00
76,1780553698323170560,1780553699323170560,HTTP Chunks Received,count,p25,2033.00
76,1780553698323170560,1780553699323170560,HTTP Chunks Received,count,p50,2033.00
76,1780553698323170560,1780553699323170560,HTTP Chunks Received,count,p75,2033.00
76,1780553698323170560,1780553699323170560,HTTP Chunks Received,count,p90,2033.00
76,1780553698323170560,1780553699323170560,HTTP Chunks Received,count,p95,2033.00
76,1780553698323170560,1780553699323170560,HTTP Chunks Received,count,p99,2033.00
76,1780553698323170560,1780553699323170560,HTTP Chunks Received,count,std,0.00
76,1780553698323170560,1780553699323170560,HTTP Chunks Sent,count,avg,1.00
76,1780553698323170560,1780553699323170560,HTTP Chunks Sent,count,min,1.00
76,1780553698323170560,1780553699323170560,HTTP Chunks Sent,count,max,1.00
76,1780553698323170560,1780553699323170560,HTTP Chunks Sent,count,sum,1.00
76,1780553698323170560,1780553699323170560,HTTP Chunks Sent,count,p1,1.00
76,1780553698323170560,1780553699323170560,HTTP Chunks Sent,count,p5,1.00
76,1780553698323170560,1780553699323170560,HTTP Chunks Sent,count,p10,1.00
76,1780553698323170560,1780553699323170560,HTTP Chunks Sent,count,p25,1.00
76,1780553698323170560,1780553699323170560,HTTP Chunks Sent,count,p50,1.00
76,1780553698323170560,1780553699323170560,HTTP Chunks Sent,count,p75,1.00
76,1780553698323170560,1780553699323170560,HTTP Chunks Sent,count,p90,1.00
76,1780553698323170560,1780553699323170560,HTTP Chunks Sent,count,p95,1.00
76,1780553698323170560,1780553699323170560,HTTP Chunks Sent,count,p99,1.00
76,1780553698323170560,1780553699323170560,HTTP Chunks Sent,count,std,0.00
76,1780553698323170560,1780553699323170560,HTTP Connecting,ms,avg,0.00
76,1780553698323170560,1780553699323170560,HTTP Connecting,ms,min,0.00
76,1780553698323170560,1780553699323170560,HTTP Connecting,ms,max,0.00
76,1780553698323170560,1780553699323170560,HTTP Connecting,ms,sum,0.00
76,1780553698323170560,1780553699323170560,HTTP Connecting,ms,p1,0.00
76,1780553698323170560,1780553699323170560,HTTP Connecting,ms,p5,0.00
76,1780553698323170560,1780553699323170560,HTTP Connecting,ms,p10,0.00
76,1780553698323170560,1780553699323170560,HTTP Connecting,ms,p25,0.00
76,1780553698323170560,1780553699323170560,HTTP Connecting,ms,p50,0.00
76,1780553698323170560,1780553699323170560,HTTP Connecting,ms,p75,0.00
76,1780553698323170560,1780553699323170560,HTTP Connecting,ms,p90,0.00
76,1780553698323170560,1780553699323170560,HTTP Connecting,ms,p95,0.00
76,1780553698323170560,1780553699323170560,HTTP Connecting,ms,p99,0.00
76,1780553698323170560,1780553699323170560,HTTP Connecting,ms,std,0.00
76,1780553698323170560,1780553699323170560,HTTP Connection Overhead,ms,avg,0.00
76,1780553698323170560,1780553699323170560,HTTP Connection Overhead,ms,min,0.00
76,1780553698323170560,1780553699323170560,HTTP Connection Overhead,ms,max,0.00
76,1780553698323170560,1780553699323170560,HTTP Connection Overhead,ms,sum,0.00
76,1780553698323170560,1780553699323170560,HTTP Connection Overhead,ms,p1,0.00
76,1780553698323170560,1780553699323170560,HTTP Connection Overhead,ms,p5,0.00
76,1780553698323170560,1780553699323170560,HTTP Connection Overhead,ms,p10,0.00
76,1780553698323170560,1780553699323170560,HTTP Connection Overhead,ms,p25,0.00
76,1780553698323170560,1780553699323170560,HTTP Connection Overhead,ms,p50,0.00
76,1780553698323170560,1780553699323170560,HTTP Connection Overhead,ms,p75,0.00
76,1780553698323170560,1780553699323170560,HTTP Connection Overhead,ms,p90,0.00
76,1780553698323170560,1780553699323170560,HTTP Connection Overhead,ms,p95,0.00
76,1780553698323170560,1780553699323170560,HTTP Connection Overhead,ms,p99,0.00
76,1780553698323170560,1780553699323170560,HTTP Connection Overhead,ms,std,0.00
76,1780553698323170560,1780553699323170560,HTTP Connection Reused,ratio,avg,1.00
76,1780553698323170560,1780553699323170560,HTTP Connection Reused,ratio,min,1.00
76,1780553698323170560,1780553699323170560,HTTP Connection Reused,ratio,max,1.00
76,1780553698323170560,1780553699323170560,HTTP Connection Reused,ratio,sum,1.00
76,1780553698323170560,1780553699323170560,HTTP Connection Reused,ratio,p1,1.00
76,1780553698323170560,1780553699323170560,HTTP Connection Reused,ratio,p5,1.00
76,1780553698323170560,1780553699323170560,HTTP Connection Reused,ratio,p10,1.00
76,1780553698323170560,1780553699323170560,HTTP Connection Reused,ratio,p25,1.00
76,1780553698323170560,1780553699323170560,HTTP Connection Reused,ratio,p50,1.00
76,1780553698323170560,1780553699323170560,HTTP Connection Reused,ratio,p75,1.00
76,1780553698323170560,1780553699323170560,HTTP Connection Reused,ratio,p90,1.00
76,1780553698323170560,1780553699323170560,HTTP Connection Reused,ratio,p95,1.00
76,1780553698323170560,1780553699323170560,HTTP Connection Reused,ratio,p99,1.00
76,1780553698323170560,1780553699323170560,HTTP Connection Reused,ratio,std,0.00
76,1780553698323170560,1780553699323170560,HTTP Data Received,KB,avg,506.82
76,1780553698323170560,1780553699323170560,HTTP Data Received,KB,min,506.82
76,1780553698323170560,1780553699323170560,HTTP Data Received,KB,max,506.82
76,1780553698323170560,1780553699323170560,HTTP Data Received,KB,sum,506.82
76,1780553698323170560,1780553699323170560,HTTP Data Received,KB,p1,506.82
76,1780553698323170560,1780553699323170560,HTTP Data Received,KB,p5,506.82
76,1780553698323170560,1780553699323170560,HTTP Data Received,KB,p10,506.82
76,1780553698323170560,1780553699323170560,HTTP Data Received,KB,p25,506.82
76,1780553698323170560,1780553699323170560,HTTP Data Received,KB,p50,506.82
76,1780553698323170560,1780553699323170560,HTTP Data Received,KB,p75,506.82
76,1780553698323170560,1780553699323170560,HTTP Data Received,KB,p90,506.82
76,1780553698323170560,1780553699323170560,HTTP Data Received,KB,p95,506.82
76,1780553698323170560,1780553699323170560,HTTP Data Received,KB,p99,506.82
76,1780553698323170560,1780553699323170560,HTTP Data Received,KB,std,0.00
76,1780553698323170560,1780553699323170560,HTTP Data Sent,KB,avg,332.78
76,1780553698323170560,1780553699323170560,HTTP Data Sent,KB,min,332.78
76,1780553698323170560,1780553699323170560,HTTP Data Sent,KB,max,332.78
76,1780553698323170560,1780553699323170560,HTTP Data Sent,KB,sum,332.78
76,1780553698323170560,1780553699323170560,HTTP Data Sent,KB,p1,332.78
76,1780553698323170560,1780553699323170560,HTTP Data Sent,KB,p5,332.78
76,1780553698323170560,1780553699323170560,HTTP Data Sent,KB,p10,332.78
76,1780553698323170560,1780553699323170560,HTTP Data Sent,KB,p25,332.78
76,1780553698323170560,1780553699323170560,HTTP Data Sent,KB,p50,332.78
76,1780553698323170560,1780553699323170560,HTTP Data Sent,KB,p75,332.78
76,1780553698323170560,1780553699323170560,HTTP Data Sent,KB,p90,332.78
76,1780553698323170560,1780553699323170560,HTTP Data Sent,KB,p95,332.78
76,1780553698323170560,1780553699323170560,HTTP Data Sent,KB,p99,332.78
76,1780553698323170560,1780553699323170560,HTTP Data Sent,KB,std,0.00
76,1780553698323170560,1780553699323170560,HTTP DNS Lookup,ms,avg,0.00
76,1780553698323170560,1780553699323170560,HTTP DNS Lookup,ms,min,0.00
76,1780553698323170560,1780553699323170560,HTTP DNS Lookup,ms,max,0.00
76,1780553698323170560,1780553699323170560,HTTP DNS Lookup,ms,sum,0.00
76,1780553698323170560,1780553699323170560,HTTP DNS Lookup,ms,p1,0.00
76,1780553698323170560,1780553699323170560,HTTP DNS Lookup,ms,p5,0.00
76,1780553698323170560,1780553699323170560,HTTP DNS Lookup,ms,p10,0.00
76,1780553698323170560,1780553699323170560,HTTP DNS Lookup,ms,p25,0.00
76,1780553698323170560,1780553699323170560,HTTP DNS Lookup,ms,p50,0.00
76,1780553698323170560,1780553699323170560,HTTP DNS Lookup,ms,p75,0.00
76,1780553698323170560,1780553699323170560,HTTP DNS Lookup,ms,p90,0.00
76,1780553698323170560,1780553699323170560,HTTP DNS Lookup,ms,p95,0.00
76,1780553698323170560,1780553699323170560,HTTP DNS Lookup,ms,p99,0.00
76,1780553698323170560,1780553699323170560,HTTP DNS Lookup,ms,std,0.00
76,1780553698323170560,1780553699323170560,HTTP Duration (excl. conn),ms,avg,350977.55
76,1780553698323170560,1780553699323170560,HTTP Duration (excl. conn),ms,min,350977.55
76,1780553698323170560,1780553699323170560,HTTP Duration (excl. conn),ms,max,350977.55
76,1780553698323170560,1780553699323170560,HTTP Duration (excl. conn),ms,sum,350977.55
76,1780553698323170560,1780553699323170560,HTTP Duration (excl. conn),ms,p1,350977.55
76,1780553698323170560,1780553699323170560,HTTP Duration (excl. conn),ms,p5,350977.55
76,1780553698323170560,1780553699323170560,HTTP Duration (excl. conn),ms,p10,350977.55
76,1780553698323170560,1780553699323170560,HTTP Duration (excl. conn),ms,p25,350977.55
76,1780553698323170560,1780553699323170560,HTTP Duration (excl. conn),ms,p50,350977.55
76,1780553698323170560,1780553699323170560,HTTP Duration (excl. conn),ms,p75,350977.55
76,1780553698323170560,1780553699323170560,HTTP Duration (excl. conn),ms,p90,350977.55
76,1780553698323170560,1780553699323170560,HTTP Duration (excl. conn),ms,p95,350977.55
76,1780553698323170560,1780553699323170560,HTTP Duration (excl. conn),ms,p99,350977.55
76,1780553698323170560,1780553699323170560,HTTP Duration (excl. conn),ms,std,0.00
76,1780553698323170560,1780553699323170560,HTTP Receiving,ms,avg,308597.10
76,1780553698323170560,1780553699323170560,HTTP Receiving,ms,min,308597.10
76,1780553698323170560,1780553699323170560,HTTP Receiving,ms,max,308597.10
76,1780553698323170560,1780553699323170560,HTTP Receiving,ms,sum,308597.10
76,1780553698323170560,1780553699323170560,HTTP Receiving,ms,p1,308597.10
76,1780553698323170560,1780553699323170560,HTTP Receiving,ms,p5,308597.10
76,1780553698323170560,1780553699323170560,HTTP Receiving,ms,p10,308597.10
76,1780553698323170560,1780553699323170560,HTTP Receiving,ms,p25,308597.10
76,1780553698323170560,1780553699323170560,HTTP Receiving,ms,p50,308597.10
76,1780553698323170560,1780553699323170560,HTTP Receiving,ms,p75,308597.10
76,1780553698323170560,1780553699323170560,HTTP Receiving,ms,p90,308597.10
76,1780553698323170560,1780553699323170560,HTTP Receiving,ms,p95,308597.10
76,1780553698323170560,1780553699323170560,HTTP Receiving,ms,p99,308597.10
76,1780553698323170560,1780553699323170560,HTTP Receiving,ms,std,0.00
76,1780553698323170560,1780553699323170560,HTTP Sending,ms,avg,0.25
76,1780553698323170560,1780553699323170560,HTTP Sending,ms,min,0.25
76,1780553698323170560,1780553699323170560,HTTP Sending,ms,max,0.25
76,1780553698323170560,1780553699323170560,HTTP Sending,ms,sum,0.25
76,1780553698323170560,1780553699323170560,HTTP Sending,ms,p1,0.25
76,1780553698323170560,1780553699323170560,HTTP Sending,ms,p5,0.25
76,1780553698323170560,1780553699323170560,HTTP Sending,ms,p10,0.25
76,1780553698323170560,1780553699323170560,HTTP Sending,ms,p25,0.25
76,1780553698323170560,1780553699323170560,HTTP Sending,ms,p50,0.25
76,1780553698323170560,1780553699323170560,HTTP Sending,ms,p75,0.25
76,1780553698323170560,1780553699323170560,HTTP Sending,ms,p90,0.25
76,1780553698323170560,1780553699323170560,HTTP Sending,ms,p95,0.25
76,1780553698323170560,1780553699323170560,HTTP Sending,ms,p99,0.25
76,1780553698323170560,1780553699323170560,HTTP Sending,ms,std,0.00
76,1780553698323170560,1780553699323170560,HTTP Total Time,ms,avg,350977.55
76,1780553698323170560,1780553699323170560,HTTP Total Time,ms,min,350977.55
76,1780553698323170560,1780553699323170560,HTTP Total Time,ms,max,350977.55
76,1780553698323170560,1780553699323170560,HTTP Total Time,ms,sum,350977.55
76,1780553698323170560,1780553699323170560,HTTP Total Time,ms,p1,350977.55
76,1780553698323170560,1780553699323170560,HTTP Total Time,ms,p5,350977.55
76,1780553698323170560,1780553699323170560,HTTP Total Time,ms,p10,350977.55
76,1780553698323170560,1780553699323170560,HTTP Total Time,ms,p25,350977.55
76,1780553698323170560,1780553699323170560,HTTP Total Time,ms,p50,350977.55
76,1780553698323170560,1780553699323170560,HTTP Total Time,ms,p75,350977.55
76,1780553698323170560,1780553699323170560,HTTP Total Time,ms,p90,350977.55
76,1780553698323170560,1780553699323170560,HTTP Total Time,ms,p95,350977.55
76,1780553698323170560,1780553699323170560,HTTP Total Time,ms,p99,350977.55
76,1780553698323170560,1780553699323170560,HTTP Total Time,ms,std,0.00
76,1780553698323170560,1780553699323170560,HTTP Waiting (TTFB),ms,avg,42380.20
76,1780553698323170560,1780553699323170560,HTTP Waiting (TTFB),ms,min,42380.20
76,1780553698323170560,1780553699323170560,HTTP Waiting (TTFB),ms,max,42380.20
76,1780553698323170560,1780553699323170560,HTTP Waiting (TTFB),ms,sum,42380.20
76,1780553698323170560,1780553699323170560,HTTP Waiting (TTFB),ms,p1,42380.20
76,1780553698323170560,1780553699323170560,HTTP Waiting (TTFB),ms,p5,42380.20
76,1780553698323170560,1780553699323170560,HTTP Waiting (TTFB),ms,p10,42380.20
76,1780553698323170560,1780553699323170560,HTTP Waiting (TTFB),ms,p25,42380.20
76,1780553698323170560,1780553699323170560,HTTP Waiting (TTFB),ms,p50,42380.20
76,1780553698323170560,1780553699323170560,HTTP Waiting (TTFB),ms,p75,42380.20
76,1780553698323170560,1780553699323170560,HTTP Waiting (TTFB),ms,p90,42380.20
76,1780553698323170560,1780553699323170560,HTTP Waiting (TTFB),ms,p95,42380.20
76,1780553698323170560,1780553699323170560,HTTP Waiting (TTFB),ms,p99,42380.20
76,1780553698323170560,1780553699323170560,HTTP Waiting (TTFB),ms,std,0.00
76,1780553698323170560,1780553699323170560,Input Sequence Length,tokens,avg,86035.00
76,1780553698323170560,1780553699323170560,Input Sequence Length,tokens,min,86035.00
76,1780553698323170560,1780553699323170560,Input Sequence Length,tokens,max,86035.00
76,1780553698323170560,1780553699323170560,Input Sequence Length,tokens,sum,86035.00
76,1780553698323170560,1780553699323170560,Input Sequence Length,tokens,p1,86035.00
76,1780553698323170560,1780553699323170560,Input Sequence Length,tokens,p5,86035.00
76,1780553698323170560,1780553699323170560,Input Sequence Length,tokens,p10,86035.00
76,1780553698323170560,1780553699323170560,Input Sequence Length,tokens,p25,86035.00
76,1780553698323170560,1780553699323170560,Input Sequence Length,tokens,p50,86035.00
76,1780553698323170560,1780553699323170560,Input Sequence Length,tokens,p75,86035.00
76,1780553698323170560,1780553699323170560,Input Sequence Length,tokens,p90,86035.00
76,1780553698323170560,1780553699323170560,Input Sequence Length,tokens,p95,86035.00
76,1780553698323170560,1780553699323170560,Input Sequence Length,tokens,p99,86035.00
76,1780553698323170560,1780553699323170560,Input Sequence Length,tokens,std,0.00
76,1780553698323170560,1780553699323170560,Input Token Throughput,tokens/sec,avg,86035.00
76,1780553698323170560,1780553699323170560,Inter Chunk Latency,ms,avg,67.43
76,1780553698323170560,1780553699323170560,Inter Chunk Latency,ms,min,67.40
76,1780553698323170560,1780553699323170560,Inter Chunk Latency,ms,max,67.46
76,1780553698323170560,1780553699323170560,Inter Chunk Latency,ms,sum,136404.61
76,1780553698323170560,1780553699323170560,Inter Chunk Latency,ms,p1,67.40
76,1780553698323170560,1780553699323170560,Inter Chunk Latency,ms,p5,67.40
76,1780553698323170560,1780553699323170560,Inter Chunk Latency,ms,p10,67.40
76,1780553698323170560,1780553699323170560,Inter Chunk Latency,ms,p25,67.41
76,1780553698323170560,1780553699323170560,Inter Chunk Latency,ms,p50,67.43
76,1780553698323170560,1780553699323170560,Inter Chunk Latency,ms,p75,67.44
76,1780553698323170560,1780553699323170560,Inter Chunk Latency,ms,p90,67.45
76,1780553698323170560,1780553699323170560,Inter Chunk Latency,ms,p95,67.45
76,1780553698323170560,1780553699323170560,Inter Chunk Latency,ms,p99,67.46
76,1780553698323170560,1780553699323170560,Inter Chunk Latency,ms,std,0.02
76,1780553698323170560,1780553699323170560,Inter Token Latency,ms,avg,151.87
76,1780553698323170560,1780553699323170560,Inter Token Latency,ms,min,151.87
76,1780553698323170560,1780553699323170560,Inter Token Latency,ms,max,151.87
76,1780553698323170560,1780553699323170560,Inter Token Latency,ms,sum,151.87
76,1780553698323170560,1780553699323170560,Inter Token Latency,ms,p1,151.87
76,1780553698323170560,1780553699323170560,Inter Token Latency,ms,p5,151.87
76,1780553698323170560,1780553699323170560,Inter Token Latency,ms,p10,151.87
76,1780553698323170560,1780553699323170560,Inter Token Latency,ms,p25,151.87
76,1780553698323170560,1780553699323170560,Inter Token Latency,ms,p50,151.87
76,1780553698323170560,1780553699323170560,Inter Token Latency,ms,p75,151.87
76,1780553698323170560,1780553699323170560,Inter Token Latency,ms,p90,151.87
76,1780553698323170560,1780553699323170560,Inter Token Latency,ms,p95,151.87
76,1780553698323170560,1780553699323170560,Inter Token Latency,ms,p99,151.87
76,1780553698323170560,1780553699323170560,Inter Token Latency,ms,std,0.00
76,1780553698323170560,1780553699323170560,Maximum Response Timestamp,ns,avg,1780554049689277184.00
76,1780553698323170560,1780553699323170560,Minimum Request Timestamp,ns,avg,1780553698711616256.00
76,1780553698323170560,1780553699323170560,OSL Mismatch Count,requests,avg,0.00
76,1780553698323170560,1780553699323170560,OSL Mismatch Diff %,%,avg,0.00
76,1780553698323170560,1780553699323170560,OSL Mismatch Diff %,%,min,0.00
76,1780553698323170560,1780553699323170560,OSL Mismatch Diff %,%,max,0.00
76,1780553698323170560,1780553699323170560,OSL Mismatch Diff %,%,sum,0.00
76,1780553698323170560,1780553699323170560,OSL Mismatch Diff %,%,p1,0.00
76,1780553698323170560,1780553699323170560,OSL Mismatch Diff %,%,p5,0.00
76,1780553698323170560,1780553699323170560,OSL Mismatch Diff %,%,p10,0.00
76,1780553698323170560,1780553699323170560,OSL Mismatch Diff %,%,p25,0.00
76,1780553698323170560,1780553699323170560,OSL Mismatch Diff %,%,p50,0.00
76,1780553698323170560,1780553699323170560,OSL Mismatch Diff %,%,p75,0.00
76,1780553698323170560,1780553699323170560,OSL Mismatch Diff %,%,p90,0.00
76,1780553698323170560,1780553699323170560,OSL Mismatch Diff %,%,p95,0.00
76,1780553698323170560,1780553699323170560,OSL Mismatch Diff %,%,p99,0.00
76,1780553698323170560,1780553699323170560,OSL Mismatch Diff %,%,std,0.00
76,1780553698323170560,1780553699323170560,Output Sequence Length,tokens,avg,2033.00
76,1780553698323170560,1780553699323170560,Output Sequence Length,tokens,min,2033.00
76,1780553698323170560,1780553699323170560,Output Sequence Length,tokens,max,2033.00
76,1780553698323170560,1780553699323170560,Output Sequence Length,tokens,sum,2033.00
76,1780553698323170560,1780553699323170560,Output Sequence Length,tokens,p1,2033.00
76,1780553698323170560,1780553699323170560,Output Sequence Length,tokens,p5,2033.00
76,1780553698323170560,1780553699323170560,Output Sequence Length,tokens,p10,2033.00
76,1780553698323170560,1780553699323170560,Output Sequence Length,tokens,p25,2033.00
76,1780553698323170560,1780553699323170560,Output Sequence Length,tokens,p50,2033.00
76,1780553698323170560,1780553699323170560,Output Sequence Length,tokens,p75,2033.00
76,1780553698323170560,1780553699323170560,Output Sequence Length,tokens,p90,2033.00
76,1780553698323170560,1780553699323170560,Output Sequence Length,tokens,p95,2033.00
76,1780553698323170560,1780553699323170560,Output Sequence Length,tokens,p99,2033.00
76,1780553698323170560,1780553699323170560,Output Sequence Length,tokens,std,0.00
76,1780553698323170560,1780553699323170560,Output Token Count,tokens,avg,2033.00
76,1780553698323170560,1780553699323170560,Output Token Count,tokens,min,2033.00
76,1780553698323170560,1780553699323170560,Output Token Count,tokens,max,2033.00
76,1780553698323170560,1780553699323170560,Output Token Count,tokens,sum,2033.00
76,1780553698323170560,1780553699323170560,Output Token Count,tokens,p1,2033.00
76,1780553698323170560,1780553699323170560,Output Token Count,tokens,p5,2033.00
76,1780553698323170560,1780553699323170560,Output Token Count,tokens,p10,2033.00
76,1780553698323170560,1780553699323170560,Output Token Count,tokens,p25,2033.00
76,1780553698323170560,1780553699323170560,Output Token Count,tokens,p50,2033.00
76,1780553698323170560,1780553699323170560,Output Token Count,tokens,p75,2033.00
76,1780553698323170560,1780553699323170560,Output Token Count,tokens,p90,2033.00
76,1780553698323170560,1780553699323170560,Output Token Count,tokens,p95,2033.00
76,1780553698323170560,1780553699323170560,Output Token Count,tokens,p99,2033.00
76,1780553698323170560,1780553699323170560,Output Token Count,tokens,std,0.00
76,1780553698323170560,1780553699323170560,Output Token Throughput,tokens/sec,avg,2033.00
76,1780553698323170560,1780553699323170560,Output Token Throughput Per User,tokens/sec/user,avg,6.58
76,1780553698323170560,1780553699323170560,Output Token Throughput Per User,tokens/sec/user,min,6.58
76,1780553698323170560,1780553699323170560,Output Token Throughput Per User,tokens/sec/user,max,6.58
76,1780553698323170560,1780553699323170560,Output Token Throughput Per User,tokens/sec/user,sum,6.58
76,1780553698323170560,1780553699323170560,Output Token Throughput Per User,tokens/sec/user,p1,6.58
76,1780553698323170560,1780553699323170560,Output Token Throughput Per User,tokens/sec/user,p5,6.58
76,1780553698323170560,1780553699323170560,Output Token Throughput Per User,tokens/sec/user,p10,6.58
76,1780553698323170560,1780553699323170560,Output Token Throughput Per User,tokens/sec/user,p25,6.58
76,1780553698323170560,1780553699323170560,Output Token Throughput Per User,tokens/sec/user,p50,6.58
76,1780553698323170560,1780553699323170560,Output Token Throughput Per User,tokens/sec/user,p75,6.58
76,1780553698323170560,1780553699323170560,Output Token Throughput Per User,tokens/sec/user,p90,6.58
76,1780553698323170560,1780553699323170560,Output Token Throughput Per User,tokens/sec/user,p95,6.58
76,1780553698323170560,1780553699323170560,Output Token Throughput Per User,tokens/sec/user,p99,6.58
76,1780553698323170560,1780553699323170560,Output Token Throughput Per User,tokens/sec/user,std,0.00
76,1780553698323170560,1780553699323170560,Prefill Throughput Per User,tokens/sec/user,avg,2030.06
76,1780553698323170560,1780553699323170560,Prefill Throughput Per User,tokens/sec/user,min,2030.06
76,1780553698323170560,1780553699323170560,Prefill Throughput Per User,tokens/sec/user,max,2030.06
76,1780553698323170560,1780553699323170560,Prefill Throughput Per User,tokens/sec/user,sum,2030.06
76,1780553698323170560,1780553699323170560,Prefill Throughput Per User,tokens/sec/user,p1,2030.06
76,1780553698323170560,1780553699323170560,Prefill Throughput Per User,tokens/sec/user,p5,2030.06
76,1780553698323170560,1780553699323170560,Prefill Throughput Per User,tokens/sec/user,p10,2030.06
76,1780553698323170560,1780553699323170560,Prefill Throughput Per User,tokens/sec/user,p25,2030.06
76,1780553698323170560,1780553699323170560,Prefill Throughput Per User,tokens/sec/user,p50,2030.06
76,1780553698323170560,1780553699323170560,Prefill Throughput Per User,tokens/sec/user,p75,2030.06
76,1780553698323170560,1780553699323170560,Prefill Throughput Per User,tokens/sec/user,p90,2030.06
76,1780553698323170560,1780553699323170560,Prefill Throughput Per User,tokens/sec/user,p95,2030.06
76,1780553698323170560,1780553699323170560,Prefill Throughput Per User,tokens/sec/user,p99,2030.06
76,1780553698323170560,1780553699323170560,Prefill Throughput Per User,tokens/sec/user,std,0.00
76,1780553698323170560,1780553699323170560,Request Count,requests,avg,1.00
76,1780553698323170560,1780553699323170560,Request Latency,ms,avg,350977.66
76,1780553698323170560,1780553699323170560,Request Latency,ms,min,350977.66
76,1780553698323170560,1780553699323170560,Request Latency,ms,max,350977.66
76,1780553698323170560,1780553699323170560,Request Latency,ms,sum,350977.66
76,1780553698323170560,1780553699323170560,Request Latency,ms,p1,350977.66
76,1780553698323170560,1780553699323170560,Request Latency,ms,p5,350977.66
76,1780553698323170560,1780553699323170560,Request Latency,ms,p10,350977.66
76,1780553698323170560,1780553699323170560,Request Latency,ms,p25,350977.66
76,1780553698323170560,1780553699323170560,Request Latency,ms,p50,350977.66
76,1780553698323170560,1780553699323170560,Request Latency,ms,p75,350977.66
76,1780553698323170560,1780553699323170560,Request Latency,ms,p90,350977.66
76,1780553698323170560,1780553699323170560,Request Latency,ms,p95,350977.66
76,1780553698323170560,1780553699323170560,Request Latency,ms,p99,350977.66
76,1780553698323170560,1780553699323170560,Request Latency,ms,std,0.00
76,1780553698323170560,1780553699323170560,Request Throughput,requests/sec,avg,1.00
76,1780553698323170560,1780553699323170560,Requested OSL,tokens,avg,2033.00
76,1780553698323170560,1780553699323170560,Requested OSL,tokens,min,2033.00
76,1780553698323170560,1780553699323170560,Requested OSL,tokens,max,2033.00
76,1780553698323170560,1780553699323170560,Requested OSL,tokens,sum,2033.00
76,1780553698323170560,1780553699323170560,Requested OSL,tokens,p1,2033.00
76,1780553698323170560,1780553699323170560,Requested OSL,tokens,p5,2033.00
76,1780553698323170560,1780553699323170560,Requested OSL,tokens,p10,2033.00
76,1780553698323170560,1780553699323170560,Requested OSL,tokens,p25,2033.00
76,1780553698323170560,1780553699323170560,Requested OSL,tokens,p50,2033.00
76,1780553698323170560,1780553699323170560,Requested OSL,tokens,p75,2033.00
76,1780553698323170560,1780553699323170560,Requested OSL,tokens,p90,2033.00
76,1780553698323170560,1780553699323170560,Requested OSL,tokens,p95,2033.00
76,1780553698323170560,1780553699323170560,Requested OSL,tokens,p99,2033.00
76,1780553698323170560,1780553699323170560,Requested OSL,tokens,std,0.00
76,1780553698323170560,1780553699323170560,Time to First Output Token,ms,avg,42380.58
76,1780553698323170560,1780553699323170560,Time to First Output Token,ms,min,42380.58
76,1780553698323170560,1780553699323170560,Time to First Output Token,ms,max,42380.58
76,1780553698323170560,1780553699323170560,Time to First Output Token,ms,sum,42380.58
76,1780553698323170560,1780553699323170560,Time to First Output Token,ms,p1,42380.58
76,1780553698323170560,1780553699323170560,Time to First Output Token,ms,p5,42380.58
76,1780553698323170560,1780553699323170560,Time to First Output Token,ms,p10,42380.58
76,1780553698323170560,1780553699323170560,Time to First Output Token,ms,p25,42380.58
76,1780553698323170560,1780553699323170560,Time to First Output Token,ms,p50,42380.58
76,1780553698323170560,1780553699323170560,Time to First Output Token,ms,p75,42380.58
76,1780553698323170560,1780553699323170560,Time to First Output Token,ms,p90,42380.58
76,1780553698323170560,1780553699323170560,Time to First Output Token,ms,p95,42380.58
76,1780553698323170560,1780553699323170560,Time to First Output Token,ms,p99,42380.58
76,1780553698323170560,1780553699323170560,Time to First Output Token,ms,std,0.00
76,1780553698323170560,1780553699323170560,Time to First Token,ms,avg,42380.58
76,1780553698323170560,1780553699323170560,Time to First Token,ms,min,42380.58
76,1780553698323170560,1780553699323170560,Time to First Token,ms,max,42380.58
76,1780553698323170560,1780553699323170560,Time to First Token,ms,sum,42380.58
76,1780553698323170560,1780553699323170560,Time to First Token,ms,p1,42380.58
76,1780553698323170560,1780553699323170560,Time to First Token,ms,p5,42380.58
76,1780553698323170560,1780553699323170560,Time to First Token,ms,p10,42380.58
76,1780553698323170560,1780553699323170560,Time to First Token,ms,p25,42380.58
76,1780553698323170560,1780553699323170560,Time to First Token,ms,p50,42380.58
76,1780553698323170560,1780553699323170560,Time to First Token,ms,p75,42380.58
76,1780553698323170560,1780553699323170560,Time to First Token,ms,p90,42380.58
76,1780553698323170560,1780553699323170560,Time to First Token,ms,p95,42380.58
76,1780553698323170560,1780553699323170560,Time to First Token,ms,p99,42380.58
76,1780553698323170560,1780553699323170560,Time to First Token,ms,std,0.00
76,1780553698323170560,1780553699323170560,Time to Second Token,ms,avg,178.71
76,1780553698323170560,1780553699323170560,Time to Second Token,ms,min,178.71
76,1780553698323170560,1780553699323170560,Time to Second Token,ms,max,178.71
76,1780553698323170560,1780553699323170560,Time to Second Token,ms,sum,178.71
76,1780553698323170560,1780553699323170560,Time to Second Token,ms,p1,178.71
76,1780553698323170560,1780553699323170560,Time to Second Token,ms,p5,178.71
76,1780553698323170560,1780553699323170560,Time to Second Token,ms,p10,178.71
76,1780553698323170560,1780553699323170560,Time to Second Token,ms,p25,178.71
76,1780553698323170560,1780553699323170560,Time to Second Token,ms,p50,178.71
76,1780553698323170560,1780553699323170560,Time to Second Token,ms,p75,178.71
76,1780553698323170560,1780553699323170560,Time to Second Token,ms,p90,178.71
76,1780553698323170560,1780553699323170560,Time to Second Token,ms,p95,178.71
76,1780553698323170560,1780553699323170560,Time to Second Token,ms,p99,178.71
76,1780553698323170560,1780553699323170560,Time to Second Token,ms,std,0.00
76,1780553698323170560,1780553699323170560,Tokens In Flight,tokens,avg,1553853.16
76,1780553698323170560,1780553699323170560,Tokens In Flight,tokens,min,1501198.07
76,1780553698323170560,1780553699323170560,Tokens In Flight,tokens,max,1587313.66
76,1780553698323170560,1780553699323170560,Tokens In Flight,tokens,p50,1587273.73
76,1780553698323170560,1780553699323170560,Tokens In Flight,tokens,p90,1587304.94
76,1780553698323170560,1780553699323170560,Tokens In Flight,tokens,p95,1587308.29
76,1780553698323170560,1780553699323170560,Tokens In Flight,tokens,p99,1587313.66
76,1780553698323170560,1780553699323170560,Tokens In Flight,tokens,std,41952.67
76,1780553698323170560,1780553699323170560,Total Input Sequence Length,tokens,avg,86035.00
76,1780553698323170560,1780553699323170560,Total Output Sequence Length,tokens,avg,2033.00
76,1780553698323170560,1780553699323170560,Total Output Tokens,tokens,avg,2033.00
76,1780553698323170560,1780553699323170560,Total Token Throughput,tokens/sec,avg,88068.00
76,1780553698323170560,1780553699323170560,Total Usage Completion Tokens,tokens,avg,2033.00
76,1780553698323170560,1780553699323170560,Total Usage Prompt Tokens,tokens,avg,86035.00
76,1780553698323170560,1780553699323170560,Total Usage Total Tokens,tokens,avg,88068.00
76,1780553698323170560,1780553699323170560,Usage Completion Tokens,tokens,avg,2033.00
76,1780553698323170560,1780553699323170560,Usage Completion Tokens,tokens,min,2033.00
76,1780553698323170560,1780553699323170560,Usage Completion Tokens,tokens,max,2033.00
76,1780553698323170560,1780553699323170560,Usage Completion Tokens,tokens,sum,2033.00
76,1780553698323170560,1780553699323170560,Usage Completion Tokens,tokens,p1,2033.00
76,1780553698323170560,1780553699323170560,Usage Completion Tokens,tokens,p5,2033.00
76,1780553698323170560,1780553699323170560,Usage Completion Tokens,tokens,p10,2033.00
76,1780553698323170560,1780553699323170560,Usage Completion Tokens,tokens,p25,2033.00
76,1780553698323170560,1780553699323170560,Usage Completion Tokens,tokens,p50,2033.00
76,1780553698323170560,1780553699323170560,Usage Completion Tokens,tokens,p75,2033.00
76,1780553698323170560,1780553699323170560,Usage Completion Tokens,tokens,p90,2033.00
76,1780553698323170560,1780553699323170560,Usage Completion Tokens,tokens,p95,2033.00
76,1780553698323170560,1780553699323170560,Usage Completion Tokens,tokens,p99,2033.00
76,1780553698323170560,1780553699323170560,Usage Completion Tokens,tokens,std,0.00
76,1780553698323170560,1780553699323170560,Usage Prompt Tokens,tokens,avg,86035.00
76,1780553698323170560,1780553699323170560,Usage Prompt Tokens,tokens,min,86035.00
76,1780553698323170560,1780553699323170560,Usage Prompt Tokens,tokens,max,86035.00
76,1780553698323170560,1780553699323170560,Usage Prompt Tokens,tokens,sum,86035.00
76,1780553698323170560,1780553699323170560,Usage Prompt Tokens,tokens,p1,86035.00
76,1780553698323170560,1780553699323170560,Usage Prompt Tokens,tokens,p5,86035.00
76,1780553698323170560,1780553699323170560,Usage Prompt Tokens,tokens,p10,86035.00
76,1780553698323170560,1780553699323170560,Usage Prompt Tokens,tokens,p25,86035.00
76,1780553698323170560,1780553699323170560,Usage Prompt Tokens,tokens,p50,86035.00
76,1780553698323170560,1780553699323170560,Usage Prompt Tokens,tokens,p75,86035.00
76,1780553698323170560,1780553699323170560,Usage Prompt Tokens,tokens,p90,86035.00
76,1780553698323170560,1780553699323170560,Usage Prompt Tokens,tokens,p95,86035.00
76,1780553698323170560,1780553699323170560,Usage Prompt Tokens,tokens,p99,86035.00
76,1780553698323170560,1780553699323170560,Usage Prompt Tokens,tokens,std,0.00
76,1780553698323170560,1780553699323170560,Usage Total Tokens,tokens,avg,88068.00
76,1780553698323170560,1780553699323170560,Usage Total Tokens,tokens,min,88068.00
76,1780553698323170560,1780553699323170560,Usage Total Tokens,tokens,max,88068.00
76,1780553698323170560,1780553699323170560,Usage Total Tokens,tokens,sum,88068.00
76,1780553698323170560,1780553699323170560,Usage Total Tokens,tokens,p1,88068.00
76,1780553698323170560,1780553699323170560,Usage Total Tokens,tokens,p5,88068.00
76,1780553698323170560,1780553699323170560,Usage Total Tokens,tokens,p10,88068.00
76,1780553698323170560,1780553699323170560,Usage Total Tokens,tokens,p25,88068.00
76,1780553698323170560,1780553699323170560,Usage Total Tokens,tokens,p50,88068.00
76,1780553698323170560,1780553699323170560,Usage Total Tokens,tokens,p75,88068.00
76,1780553698323170560,1780553699323170560,Usage Total Tokens,tokens,p90,88068.00
76,1780553698323170560,1780553699323170560,Usage Total Tokens,tokens,p95,88068.00
76,1780553698323170560,1780553699323170560,Usage Total Tokens,tokens,p99,88068.00
76,1780553698323170560,1780553699323170560,Usage Total Tokens,tokens,std,0.00
77,1780553701323170560,1780553702323170560,Active Decode Throughput,tokens/sec,avg,79.91
77,1780553701323170560,1780553702323170560,Active Decode Throughput,tokens/sec,min,60.32
77,1780553701323170560,1780553702323170560,Active Decode Throughput,tokens/sec,max,99.50
77,1780553701323170560,1780553702323170560,Active Decode Throughput,tokens/sec,p50,79.91
77,1780553701323170560,1780553702323170560,Active Decode Throughput,tokens/sec,p90,79.91
77,1780553701323170560,1780553702323170560,Active Decode Throughput,tokens/sec,p95,79.91
77,1780553701323170560,1780553702323170560,Active Decode Throughput,tokens/sec,p99,79.91
77,1780553701323170560,1780553702323170560,Active Decode Throughput,tokens/sec,std,0.03
77,1780553701323170560,1780553702323170560,Active Decode Throughput Per User,tokens/sec/user,avg,7.99
77,1780553701323170560,1780553702323170560,Active Decode Throughput Per User,tokens/sec/user,min,6.03
77,1780553701323170560,1780553702323170560,Active Decode Throughput Per User,tokens/sec/user,max,9.95
77,1780553701323170560,1780553702323170560,Active Decode Throughput Per User,tokens/sec/user,p50,7.99
77,1780553701323170560,1780553702323170560,Active Decode Throughput Per User,tokens/sec/user,p90,7.99
77,1780553701323170560,1780553702323170560,Active Decode Throughput Per User,tokens/sec/user,p95,7.99
77,1780553701323170560,1780553702323170560,Active Decode Throughput Per User,tokens/sec/user,p99,7.99
77,1780553701323170560,1780553702323170560,Active Decode Throughput Per User,tokens/sec/user,std,0.00
77,1780553701323170560,1780553702323170560,Active Prefill Throughput,tokens/sec,avg,9375.62
77,1780553701323170560,1780553702323170560,Active Prefill Throughput,tokens/sec,min,8207.27
77,1780553701323170560,1780553702323170560,Active Prefill Throughput,tokens/sec,max,9404.89
77,1780553701323170560,1780553702323170560,Active Prefill Throughput,tokens/sec,p50,9404.89
77,1780553701323170560,1780553702323170560,Active Prefill Throughput,tokens/sec,p90,9404.89
77,1780553701323170560,1780553702323170560,Active Prefill Throughput,tokens/sec,p95,9404.89
77,1780553701323170560,1780553702323170560,Active Prefill Throughput,tokens/sec,p99,9404.89
77,1780553701323170560,1780553702323170560,Active Prefill Throughput,tokens/sec,std,184.94
77,1780553701323170560,1780553702323170560,Active Prefill Throughput Per User,tokens/sec/user,avg,1569.29
77,1780553701323170560,1780553702323170560,Active Prefill Throughput Per User,tokens/sec/user,min,1567.48
77,1780553701323170560,1780553702323170560,Active Prefill Throughput Per User,tokens/sec/user,max,1641.45
77,1780553701323170560,1780553702323170560,Active Prefill Throughput Per User,tokens/sec/user,p50,1567.48
77,1780553701323170560,1780553702323170560,Active Prefill Throughput Per User,tokens/sec/user,p90,1567.48
77,1780553701323170560,1780553702323170560,Active Prefill Throughput Per User,tokens/sec/user,p95,1567.48
77,1780553701323170560,1780553702323170560,Active Prefill Throughput Per User,tokens/sec/user,p99,1641.45
77,1780553701323170560,1780553702323170560,Active Prefill Throughput Per User,tokens/sec/user,std,11.42
77,1780553701323170560,1780553702323170560,Active Total Throughput,tokens/sec,avg,9431.46
77,1780553701323170560,1780553702323170560,Active Total Throughput,tokens/sec,min,8263.11
77,1780553701323170560,1780553702323170560,Active Total Throughput,tokens/sec,max,9460.73
77,1780553701323170560,1780553702323170560,Active Total Throughput,tokens/sec,p50,9460.73
77,1780553701323170560,1780553702323170560,Active Total Throughput,tokens/sec,p90,9460.73
77,1780553701323170560,1780553702323170560,Active Total Throughput,tokens/sec,p95,9460.73
77,1780553701323170560,1780553702323170560,Active Total Throughput,tokens/sec,p99,9460.73
77,1780553701323170560,1780553702323170560,Active Total Throughput,tokens/sec,std,184.94
77,1780553701323170560,1780553702323170560,Benchmark Duration,sec,avg,152.68
77,1780553701323170560,1780553702323170560,E2E Output Token Throughput,tokens/sec/user,avg,4.51
77,1780553701323170560,1780553702323170560,E2E Output Token Throughput,tokens/sec/user,min,4.51
77,1780553701323170560,1780553702323170560,E2E Output Token Throughput,tokens/sec/user,max,4.51
77,1780553701323170560,1780553702323170560,E2E Output Token Throughput,tokens/sec/user,sum,4.51
77,1780553701323170560,1780553702323170560,E2E Output Token Throughput,tokens/sec/user,p1,4.51
77,1780553701323170560,1780553702323170560,E2E Output Token Throughput,tokens/sec/user,p5,4.51
77,1780553701323170560,1780553702323170560,E2E Output Token Throughput,tokens/sec/user,p10,4.51
77,1780553701323170560,1780553702323170560,E2E Output Token Throughput,tokens/sec/user,p25,4.51
77,1780553701323170560,1780553702323170560,E2E Output Token Throughput,tokens/sec/user,p50,4.51
77,1780553701323170560,1780553702323170560,E2E Output Token Throughput,tokens/sec/user,p75,4.51
77,1780553701323170560,1780553702323170560,E2E Output Token Throughput,tokens/sec/user,p90,4.51
77,1780553701323170560,1780553702323170560,E2E Output Token Throughput,tokens/sec/user,p95,4.51
77,1780553701323170560,1780553702323170560,E2E Output Token Throughput,tokens/sec/user,p99,4.51
77,1780553701323170560,1780553702323170560,E2E Output Token Throughput,tokens/sec/user,std,0.00
77,1780553701323170560,1780553702323170560,Effective Concurrency,requests,avg,15.98
77,1780553701323170560,1780553702323170560,Effective Concurrency,requests,min,15.00
77,1780553701323170560,1780553702323170560,Effective Concurrency,requests,max,16.00
77,1780553701323170560,1780553702323170560,Effective Concurrency,requests,p50,16.00
77,1780553701323170560,1780553702323170560,Effective Concurrency,requests,p90,16.00
77,1780553701323170560,1780553702323170560,Effective Concurrency,requests,p95,16.00
77,1780553701323170560,1780553702323170560,Effective Concurrency,requests,p99,16.00
77,1780553701323170560,1780553702323170560,Effective Concurrency,requests,std,0.15
77,1780553701323170560,1780553702323170560,Effective Decode Concurrency,requests,avg,10.00
77,1780553701323170560,1780553702323170560,Effective Decode Concurrency,requests,min,10.00
77,1780553701323170560,1780553702323170560,Effective Decode Concurrency,requests,max,10.00
77,1780553701323170560,1780553702323170560,Effective Decode Concurrency,requests,p50,10.00
77,1780553701323170560,1780553702323170560,Effective Decode Concurrency,requests,p90,10.00
77,1780553701323170560,1780553702323170560,Effective Decode Concurrency,requests,p95,10.00
77,1780553701323170560,1780553702323170560,Effective Decode Concurrency,requests,p99,10.00
77,1780553701323170560,1780553702323170560,Effective Decode Concurrency,requests,std,0.00
77,1780553701323170560,1780553702323170560,Effective Decode Throughput,tokens/sec,avg,79.91
77,1780553701323170560,1780553702323170560,Effective Decode Throughput,tokens/sec,min,60.32
77,1780553701323170560,1780553702323170560,Effective Decode Throughput,tokens/sec,max,99.50
77,1780553701323170560,1780553702323170560,Effective Decode Throughput,tokens/sec,p50,79.91
77,1780553701323170560,1780553702323170560,Effective Decode Throughput,tokens/sec,p90,79.91
77,1780553701323170560,1780553702323170560,Effective Decode Throughput,tokens/sec,p95,79.91
77,1780553701323170560,1780553702323170560,Effective Decode Throughput,tokens/sec,p99,79.91
77,1780553701323170560,1780553702323170560,Effective Decode Throughput,tokens/sec,std,0.03
77,1780553701323170560,1780553702323170560,Effective Decode Throughput Per User,tokens/sec/user,avg,7.99
77,1780553701323170560,1780553702323170560,Effective Decode Throughput Per User,tokens/sec/user,min,6.03
77,1780553701323170560,1780553702323170560,Effective Decode Throughput Per User,tokens/sec/user,max,9.95
77,1780553701323170560,1780553702323170560,Effective Decode Throughput Per User,tokens/sec/user,p50,7.99
77,1780553701323170560,1780553702323170560,Effective Decode Throughput Per User,tokens/sec/user,p90,7.99
77,1780553701323170560,1780553702323170560,Effective Decode Throughput Per User,tokens/sec/user,p95,7.99
77,1780553701323170560,1780553702323170560,Effective Decode Throughput Per User,tokens/sec/user,p99,7.99
77,1780553701323170560,1780553702323170560,Effective Decode Throughput Per User,tokens/sec/user,std,0.00
77,1780553701323170560,1780553702323170560,Effective Prefill Concurrency,requests,avg,5.98
77,1780553701323170560,1780553702323170560,Effective Prefill Concurrency,requests,min,5.00
77,1780553701323170560,1780553702323170560,Effective Prefill Concurrency,requests,max,6.00
77,1780553701323170560,1780553702323170560,Effective Prefill Concurrency,requests,p50,6.00
77,1780553701323170560,1780553702323170560,Effective Prefill Concurrency,requests,p90,6.00
77,1780553701323170560,1780553702323170560,Effective Prefill Concurrency,requests,p95,6.00
77,1780553701323170560,1780553702323170560,Effective Prefill Concurrency,requests,p99,6.00
77,1780553701323170560,1780553702323170560,Effective Prefill Concurrency,requests,std,0.15
77,1780553701323170560,1780553702323170560,Effective Prefill Throughput,tokens/sec,avg,9375.62
77,1780553701323170560,1780553702323170560,Effective Prefill Throughput,tokens/sec,min,8207.27
77,1780553701323170560,1780553702323170560,Effective Prefill Throughput,tokens/sec,max,9404.89
77,1780553701323170560,1780553702323170560,Effective Prefill Throughput,tokens/sec,p50,9404.89
77,1780553701323170560,1780553702323170560,Effective Prefill Throughput,tokens/sec,p90,9404.89
77,1780553701323170560,1780553702323170560,Effective Prefill Throughput,tokens/sec,p95,9404.89
77,1780553701323170560,1780553702323170560,Effective Prefill Throughput,tokens/sec,p99,9404.89
77,1780553701323170560,1780553702323170560,Effective Prefill Throughput,tokens/sec,std,184.94
77,1780553701323170560,1780553702323170560,Effective Prefill Throughput Per User,tokens/sec/user,avg,1569.29
77,1780553701323170560,1780553702323170560,Effective Prefill Throughput Per User,tokens/sec/user,min,1567.48
77,1780553701323170560,1780553702323170560,Effective Prefill Throughput Per User,tokens/sec/user,max,1641.45
77,1780553701323170560,1780553702323170560,Effective Prefill Throughput Per User,tokens/sec/user,p50,1567.48
77,1780553701323170560,1780553702323170560,Effective Prefill Throughput Per User,tokens/sec/user,p90,1567.48
77,1780553701323170560,1780553702323170560,Effective Prefill Throughput Per User,tokens/sec/user,p95,1567.48
77,1780553701323170560,1780553702323170560,Effective Prefill Throughput Per User,tokens/sec/user,p99,1641.45
77,1780553701323170560,1780553702323170560,Effective Prefill Throughput Per User,tokens/sec/user,std,11.42
77,1780553701323170560,1780553702323170560,Effective Total Throughput,tokens/sec,avg,9431.46
77,1780553701323170560,1780553702323170560,Effective Total Throughput,tokens/sec,min,8263.11
77,1780553701323170560,1780553702323170560,Effective Total Throughput,tokens/sec,max,9460.73
77,1780553701323170560,1780553702323170560,Effective Total Throughput,tokens/sec,p50,9460.73
77,1780553701323170560,1780553702323170560,Effective Total Throughput,tokens/sec,p90,9460.73
77,1780553701323170560,1780553702323170560,Effective Total Throughput,tokens/sec,p95,9460.73
77,1780553701323170560,1780553702323170560,Effective Total Throughput,tokens/sec,p99,9460.73
77,1780553701323170560,1780553702323170560,Effective Total Throughput,tokens/sec,std,184.94
77,1780553701323170560,1780553702323170560,HTTP Blocked,ms,avg,0.00
77,1780553701323170560,1780553702323170560,HTTP Blocked,ms,min,0.00
77,1780553701323170560,1780553702323170560,HTTP Blocked,ms,max,0.00
77,1780553701323170560,1780553702323170560,HTTP Blocked,ms,sum,0.00
77,1780553701323170560,1780553702323170560,HTTP Blocked,ms,p1,0.00
77,1780553701323170560,1780553702323170560,HTTP Blocked,ms,p5,0.00
77,1780553701323170560,1780553702323170560,HTTP Blocked,ms,p10,0.00
77,1780553701323170560,1780553702323170560,HTTP Blocked,ms,p25,0.00
77,1780553701323170560,1780553702323170560,HTTP Blocked,ms,p50,0.00
77,1780553701323170560,1780553702323170560,HTTP Blocked,ms,p75,0.00
77,1780553701323170560,1780553702323170560,HTTP Blocked,ms,p90,0.00
77,1780553701323170560,1780553702323170560,HTTP Blocked,ms,p95,0.00
77,1780553701323170560,1780553702323170560,HTTP Blocked,ms,p99,0.00
77,1780553701323170560,1780553702323170560,HTTP Blocked,ms,std,0.00
77,1780553701323170560,1780553702323170560,HTTP Chunks Received,count,avg,689.00
77,1780553701323170560,1780553702323170560,HTTP Chunks Received,count,min,689.00
77,1780553701323170560,1780553702323170560,HTTP Chunks Received,count,max,689.00
77,1780553701323170560,1780553702323170560,HTTP Chunks Received,count,sum,689.00
77,1780553701323170560,1780553702323170560,HTTP Chunks Received,count,p1,689.00
77,1780553701323170560,1780553702323170560,HTTP Chunks Received,count,p5,689.00
77,1780553701323170560,1780553702323170560,HTTP Chunks Received,count,p10,689.00
77,1780553701323170560,1780553702323170560,HTTP Chunks Received,count,p25,689.00
77,1780553701323170560,1780553702323170560,HTTP Chunks Received,count,p50,689.00
77,1780553701323170560,1780553702323170560,HTTP Chunks Received,count,p75,689.00
77,1780553701323170560,1780553702323170560,HTTP Chunks Received,count,p90,689.00
77,1780553701323170560,1780553702323170560,HTTP Chunks Received,count,p95,689.00
77,1780553701323170560,1780553702323170560,HTTP Chunks Received,count,p99,689.00
77,1780553701323170560,1780553702323170560,HTTP Chunks Received,count,std,0.00
77,1780553701323170560,1780553702323170560,HTTP Chunks Sent,count,avg,1.00
77,1780553701323170560,1780553702323170560,HTTP Chunks Sent,count,min,1.00
77,1780553701323170560,1780553702323170560,HTTP Chunks Sent,count,max,1.00
77,1780553701323170560,1780553702323170560,HTTP Chunks Sent,count,sum,1.00
77,1780553701323170560,1780553702323170560,HTTP Chunks Sent,count,p1,1.00
77,1780553701323170560,1780553702323170560,HTTP Chunks Sent,count,p5,1.00
77,1780553701323170560,1780553702323170560,HTTP Chunks Sent,count,p10,1.00
77,1780553701323170560,1780553702323170560,HTTP Chunks Sent,count,p25,1.00
77,1780553701323170560,1780553702323170560,HTTP Chunks Sent,count,p50,1.00
77,1780553701323170560,1780553702323170560,HTTP Chunks Sent,count,p75,1.00
77,1780553701323170560,1780553702323170560,HTTP Chunks Sent,count,p90,1.00
77,1780553701323170560,1780553702323170560,HTTP Chunks Sent,count,p95,1.00
77,1780553701323170560,1780553702323170560,HTTP Chunks Sent,count,p99,1.00
77,1780553701323170560,1780553702323170560,HTTP Chunks Sent,count,std,0.00
77,1780553701323170560,1780553702323170560,HTTP Connecting,ms,avg,1.16
77,1780553701323170560,1780553702323170560,HTTP Connecting,ms,min,1.16
77,1780553701323170560,1780553702323170560,HTTP Connecting,ms,max,1.16
77,1780553701323170560,1780553702323170560,HTTP Connecting,ms,sum,1.16
77,1780553701323170560,1780553702323170560,HTTP Connecting,ms,p1,1.16
77,1780553701323170560,1780553702323170560,HTTP Connecting,ms,p5,1.16
77,1780553701323170560,1780553702323170560,HTTP Connecting,ms,p10,1.16
77,1780553701323170560,1780553702323170560,HTTP Connecting,ms,p25,1.16
77,1780553701323170560,1780553702323170560,HTTP Connecting,ms,p50,1.16
77,1780553701323170560,1780553702323170560,HTTP Connecting,ms,p75,1.16
77,1780553701323170560,1780553702323170560,HTTP Connecting,ms,p90,1.16
77,1780553701323170560,1780553702323170560,HTTP Connecting,ms,p95,1.16
77,1780553701323170560,1780553702323170560,HTTP Connecting,ms,p99,1.16
77,1780553701323170560,1780553702323170560,HTTP Connecting,ms,std,0.00
77,1780553701323170560,1780553702323170560,HTTP Connection Overhead,ms,avg,1.62
77,1780553701323170560,1780553702323170560,HTTP Connection Overhead,ms,min,1.62
77,1780553701323170560,1780553702323170560,HTTP Connection Overhead,ms,max,1.62
77,1780553701323170560,1780553702323170560,HTTP Connection Overhead,ms,sum,1.62
77,1780553701323170560,1780553702323170560,HTTP Connection Overhead,ms,p1,1.62
77,1780553701323170560,1780553702323170560,HTTP Connection Overhead,ms,p5,1.62
77,1780553701323170560,1780553702323170560,HTTP Connection Overhead,ms,p10,1.62
77,1780553701323170560,1780553702323170560,HTTP Connection Overhead,ms,p25,1.62
77,1780553701323170560,1780553702323170560,HTTP Connection Overhead,ms,p50,1.62
77,1780553701323170560,1780553702323170560,HTTP Connection Overhead,ms,p75,1.62
77,1780553701323170560,1780553702323170560,HTTP Connection Overhead,ms,p90,1.62
77,1780553701323170560,1780553702323170560,HTTP Connection Overhead,ms,p95,1.62
77,1780553701323170560,1780553702323170560,HTTP Connection Overhead,ms,p99,1.62
77,1780553701323170560,1780553702323170560,HTTP Connection Overhead,ms,std,0.00
77,1780553701323170560,1780553702323170560,HTTP Connection Reused,ratio,avg,0.00
77,1780553701323170560,1780553702323170560,HTTP Connection Reused,ratio,min,0.00
77,1780553701323170560,1780553702323170560,HTTP Connection Reused,ratio,max,0.00
77,1780553701323170560,1780553702323170560,HTTP Connection Reused,ratio,sum,0.00
77,1780553701323170560,1780553702323170560,HTTP Connection Reused,ratio,p1,0.00
77,1780553701323170560,1780553702323170560,HTTP Connection Reused,ratio,p5,0.00
77,1780553701323170560,1780553702323170560,HTTP Connection Reused,ratio,p10,0.00
77,1780553701323170560,1780553702323170560,HTTP Connection Reused,ratio,p25,0.00
77,1780553701323170560,1780553702323170560,HTTP Connection Reused,ratio,p50,0.00
77,1780553701323170560,1780553702323170560,HTTP Connection Reused,ratio,p75,0.00
77,1780553701323170560,1780553702323170560,HTTP Connection Reused,ratio,p90,0.00
77,1780553701323170560,1780553702323170560,HTTP Connection Reused,ratio,p95,0.00
77,1780553701323170560,1780553702323170560,HTTP Connection Reused,ratio,p99,0.00
77,1780553701323170560,1780553702323170560,HTTP Connection Reused,ratio,std,0.00
77,1780553701323170560,1780553702323170560,HTTP Data Received,KB,avg,171.98
77,1780553701323170560,1780553702323170560,HTTP Data Received,KB,min,171.98
77,1780553701323170560,1780553702323170560,HTTP Data Received,KB,max,171.98
77,1780553701323170560,1780553702323170560,HTTP Data Received,KB,sum,171.98
77,1780553701323170560,1780553702323170560,HTTP Data Received,KB,p1,171.98
77,1780553701323170560,1780553702323170560,HTTP Data Received,KB,p5,171.98
77,1780553701323170560,1780553702323170560,HTTP Data Received,KB,p10,171.98
77,1780553701323170560,1780553702323170560,HTTP Data Received,KB,p25,171.98
77,1780553701323170560,1780553702323170560,HTTP Data Received,KB,p50,171.98
77,1780553701323170560,1780553702323170560,HTTP Data Received,KB,p75,171.98
77,1780553701323170560,1780553702323170560,HTTP Data Received,KB,p90,171.98
77,1780553701323170560,1780553702323170560,HTTP Data Received,KB,p95,171.98
77,1780553701323170560,1780553702323170560,HTTP Data Received,KB,p99,171.98
77,1780553701323170560,1780553702323170560,HTTP Data Received,KB,std,0.00
77,1780553701323170560,1780553702323170560,HTTP Data Sent,KB,avg,198.14
77,1780553701323170560,1780553702323170560,HTTP Data Sent,KB,min,198.14
77,1780553701323170560,1780553702323170560,HTTP Data Sent,KB,max,198.14
77,1780553701323170560,1780553702323170560,HTTP Data Sent,KB,sum,198.14
77,1780553701323170560,1780553702323170560,HTTP Data Sent,KB,p1,198.14
77,1780553701323170560,1780553702323170560,HTTP Data Sent,KB,p5,198.14
77,1780553701323170560,1780553702323170560,HTTP Data Sent,KB,p10,198.14
77,1780553701323170560,1780553702323170560,HTTP Data Sent,KB,p25,198.14
77,1780553701323170560,1780553702323170560,HTTP Data Sent,KB,p50,198.14
77,1780553701323170560,1780553702323170560,HTTP Data Sent,KB,p75,198.14
77,1780553701323170560,1780553702323170560,HTTP Data Sent,KB,p90,198.14
77,1780553701323170560,1780553702323170560,HTTP Data Sent,KB,p95,198.14
77,1780553701323170560,1780553702323170560,HTTP Data Sent,KB,p99,198.14
77,1780553701323170560,1780553702323170560,HTTP Data Sent,KB,std,0.00
77,1780553701323170560,1780553702323170560,HTTP DNS Lookup,ms,avg,0.46
77,1780553701323170560,1780553702323170560,HTTP DNS Lookup,ms,min,0.46
77,1780553701323170560,1780553702323170560,HTTP DNS Lookup,ms,max,0.46
77,1780553701323170560,1780553702323170560,HTTP DNS Lookup,ms,sum,0.46
77,1780553701323170560,1780553702323170560,HTTP DNS Lookup,ms,p1,0.46
77,1780553701323170560,1780553702323170560,HTTP DNS Lookup,ms,p5,0.46
77,1780553701323170560,1780553702323170560,HTTP DNS Lookup,ms,p10,0.46
77,1780553701323170560,1780553702323170560,HTTP DNS Lookup,ms,p25,0.46
77,1780553701323170560,1780553702323170560,HTTP DNS Lookup,ms,p50,0.46
77,1780553701323170560,1780553702323170560,HTTP DNS Lookup,ms,p75,0.46
77,1780553701323170560,1780553702323170560,HTTP DNS Lookup,ms,p90,0.46
77,1780553701323170560,1780553702323170560,HTTP DNS Lookup,ms,p95,0.46
77,1780553701323170560,1780553702323170560,HTTP DNS Lookup,ms,p99,0.46
77,1780553701323170560,1780553702323170560,HTTP DNS Lookup,ms,std,0.00
77,1780553701323170560,1780553702323170560,HTTP Duration (excl. conn),ms,avg,152684.64
77,1780553701323170560,1780553702323170560,HTTP Duration (excl. conn),ms,min,152684.64
77,1780553701323170560,1780553702323170560,HTTP Duration (excl. conn),ms,max,152684.64
77,1780553701323170560,1780553702323170560,HTTP Duration (excl. conn),ms,sum,152684.64
77,1780553701323170560,1780553702323170560,HTTP Duration (excl. conn),ms,p1,152684.64
77,1780553701323170560,1780553702323170560,HTTP Duration (excl. conn),ms,p5,152684.64
77,1780553701323170560,1780553702323170560,HTTP Duration (excl. conn),ms,p10,152684.64
77,1780553701323170560,1780553702323170560,HTTP Duration (excl. conn),ms,p25,152684.64
77,1780553701323170560,1780553702323170560,HTTP Duration (excl. conn),ms,p50,152684.64
77,1780553701323170560,1780553702323170560,HTTP Duration (excl. conn),ms,p75,152684.64
77,1780553701323170560,1780553702323170560,HTTP Duration (excl. conn),ms,p90,152684.64
77,1780553701323170560,1780553702323170560,HTTP Duration (excl. conn),ms,p95,152684.64
77,1780553701323170560,1780553702323170560,HTTP Duration (excl. conn),ms,p99,152684.64
77,1780553701323170560,1780553702323170560,HTTP Duration (excl. conn),ms,std,0.00
77,1780553701323170560,1780553702323170560,HTTP Receiving,ms,avg,110169.64
77,1780553701323170560,1780553702323170560,HTTP Receiving,ms,min,110169.64
77,1780553701323170560,1780553702323170560,HTTP Receiving,ms,max,110169.64
77,1780553701323170560,1780553702323170560,HTTP Receiving,ms,sum,110169.64
77,1780553701323170560,1780553702323170560,HTTP Receiving,ms,p1,110169.64
77,1780553701323170560,1780553702323170560,HTTP Receiving,ms,p5,110169.64
77,1780553701323170560,1780553702323170560,HTTP Receiving,ms,p10,110169.64
77,1780553701323170560,1780553702323170560,HTTP Receiving,ms,p25,110169.64
77,1780553701323170560,1780553702323170560,HTTP Receiving,ms,p50,110169.64
77,1780553701323170560,1780553702323170560,HTTP Receiving,ms,p75,110169.64
77,1780553701323170560,1780553702323170560,HTTP Receiving,ms,p90,110169.64
77,1780553701323170560,1780553702323170560,HTTP Receiving,ms,p95,110169.64
77,1780553701323170560,1780553702323170560,HTTP Receiving,ms,p99,110169.64
77,1780553701323170560,1780553702323170560,HTTP Receiving,ms,std,0.00
77,1780553701323170560,1780553702323170560,HTTP Sending,ms,avg,1.45
77,1780553701323170560,1780553702323170560,HTTP Sending,ms,min,1.45
77,1780553701323170560,1780553702323170560,HTTP Sending,ms,max,1.45
77,1780553701323170560,1780553702323170560,HTTP Sending,ms,sum,1.45
77,1780553701323170560,1780553702323170560,HTTP Sending,ms,p1,1.45
77,1780553701323170560,1780553702323170560,HTTP Sending,ms,p5,1.45
77,1780553701323170560,1780553702323170560,HTTP Sending,ms,p10,1.45
77,1780553701323170560,1780553702323170560,HTTP Sending,ms,p25,1.45
77,1780553701323170560,1780553702323170560,HTTP Sending,ms,p50,1.45
77,1780553701323170560,1780553702323170560,HTTP Sending,ms,p75,1.45
77,1780553701323170560,1780553702323170560,HTTP Sending,ms,p90,1.45
77,1780553701323170560,1780553702323170560,HTTP Sending,ms,p95,1.45
77,1780553701323170560,1780553702323170560,HTTP Sending,ms,p99,1.45
77,1780553701323170560,1780553702323170560,HTTP Sending,ms,std,0.00
77,1780553701323170560,1780553702323170560,HTTP Total Time,ms,avg,152686.26
77,1780553701323170560,1780553702323170560,HTTP Total Time,ms,min,152686.26
77,1780553701323170560,1780553702323170560,HTTP Total Time,ms,max,152686.26
77,1780553701323170560,1780553702323170560,HTTP Total Time,ms,sum,152686.26
77,1780553701323170560,1780553702323170560,HTTP Total Time,ms,p1,152686.26
77,1780553701323170560,1780553702323170560,HTTP Total Time,ms,p5,152686.26
77,1780553701323170560,1780553702323170560,HTTP Total Time,ms,p10,152686.26
77,1780553701323170560,1780553702323170560,HTTP Total Time,ms,p25,152686.26
77,1780553701323170560,1780553702323170560,HTTP Total Time,ms,p50,152686.26
77,1780553701323170560,1780553702323170560,HTTP Total Time,ms,p75,152686.26
77,1780553701323170560,1780553702323170560,HTTP Total Time,ms,p90,152686.26
77,1780553701323170560,1780553702323170560,HTTP Total Time,ms,p95,152686.26
77,1780553701323170560,1780553702323170560,HTTP Total Time,ms,p99,152686.26
77,1780553701323170560,1780553702323170560,HTTP Total Time,ms,std,0.00
77,1780553701323170560,1780553702323170560,HTTP Waiting (TTFB),ms,avg,42513.55
77,1780553701323170560,1780553702323170560,HTTP Waiting (TTFB),ms,min,42513.55
77,1780553701323170560,1780553702323170560,HTTP Waiting (TTFB),ms,max,42513.55
77,1780553701323170560,1780553702323170560,HTTP Waiting (TTFB),ms,sum,42513.55
77,1780553701323170560,1780553702323170560,HTTP Waiting (TTFB),ms,p1,42513.55
77,1780553701323170560,1780553702323170560,HTTP Waiting (TTFB),ms,p5,42513.55
77,1780553701323170560,1780553702323170560,HTTP Waiting (TTFB),ms,p10,42513.55
77,1780553701323170560,1780553702323170560,HTTP Waiting (TTFB),ms,p25,42513.55
77,1780553701323170560,1780553702323170560,HTTP Waiting (TTFB),ms,p50,42513.55
77,1780553701323170560,1780553702323170560,HTTP Waiting (TTFB),ms,p75,42513.55
77,1780553701323170560,1780553702323170560,HTTP Waiting (TTFB),ms,p90,42513.55
77,1780553701323170560,1780553702323170560,HTTP Waiting (TTFB),ms,p95,42513.55
77,1780553701323170560,1780553702323170560,HTTP Waiting (TTFB),ms,p99,42513.55
77,1780553701323170560,1780553702323170560,HTTP Waiting (TTFB),ms,std,0.00
77,1780553701323170560,1780553702323170560,Input Sequence Length,tokens,avg,50917.00
77,1780553701323170560,1780553702323170560,Input Sequence Length,tokens,min,50917.00
77,1780553701323170560,1780553702323170560,Input Sequence Length,tokens,max,50917.00
77,1780553701323170560,1780553702323170560,Input Sequence Length,tokens,sum,50917.00
77,1780553701323170560,1780553702323170560,Input Sequence Length,tokens,p1,50917.00
77,1780553701323170560,1780553702323170560,Input Sequence Length,tokens,p5,50917.00
77,1780553701323170560,1780553702323170560,Input Sequence Length,tokens,p10,50917.00
77,1780553701323170560,1780553702323170560,Input Sequence Length,tokens,p25,50917.00
77,1780553701323170560,1780553702323170560,Input Sequence Length,tokens,p50,50917.00
77,1780553701323170560,1780553702323170560,Input Sequence Length,tokens,p75,50917.00
77,1780553701323170560,1780553702323170560,Input Sequence Length,tokens,p90,50917.00
77,1780553701323170560,1780553702323170560,Input Sequence Length,tokens,p95,50917.00
77,1780553701323170560,1780553702323170560,Input Sequence Length,tokens,p99,50917.00
77,1780553701323170560,1780553702323170560,Input Sequence Length,tokens,std,0.00
77,1780553701323170560,1780553702323170560,Input Token Throughput,tokens/sec,avg,50917.00
77,1780553701323170560,1780553702323170560,Inter Chunk Latency,ms,avg,67.05
77,1780553701323170560,1780553702323170560,Inter Chunk Latency,ms,min,67.03
77,1780553701323170560,1780553702323170560,Inter Chunk Latency,ms,max,67.06
77,1780553701323170560,1780553702323170560,Inter Chunk Latency,ms,sum,46129.23
77,1780553701323170560,1780553702323170560,Inter Chunk Latency,ms,p1,67.03
77,1780553701323170560,1780553702323170560,Inter Chunk Latency,ms,p5,67.04
77,1780553701323170560,1780553702323170560,Inter Chunk Latency,ms,p10,67.04
77,1780553701323170560,1780553702323170560,Inter Chunk Latency,ms,p25,67.04
77,1780553701323170560,1780553702323170560,Inter Chunk Latency,ms,p50,67.05
77,1780553701323170560,1780553702323170560,Inter Chunk Latency,ms,p75,67.06
77,1780553701323170560,1780553702323170560,Inter Chunk Latency,ms,p90,67.06
77,1780553701323170560,1780553702323170560,Inter Chunk Latency,ms,p95,67.06
77,1780553701323170560,1780553702323170560,Inter Chunk Latency,ms,p99,67.06
77,1780553701323170560,1780553702323170560,Inter Chunk Latency,ms,std,0.01
77,1780553701323170560,1780553702323170560,Inter Token Latency,ms,avg,160.13
77,1780553701323170560,1780553702323170560,Inter Token Latency,ms,min,160.13
77,1780553701323170560,1780553702323170560,Inter Token Latency,ms,max,160.13
77,1780553701323170560,1780553702323170560,Inter Token Latency,ms,sum,160.13
77,1780553701323170560,1780553702323170560,Inter Token Latency,ms,p1,160.13
77,1780553701323170560,1780553702323170560,Inter Token Latency,ms,p5,160.13
77,1780553701323170560,1780553702323170560,Inter Token Latency,ms,p10,160.13
77,1780553701323170560,1780553702323170560,Inter Token Latency,ms,p25,160.13
77,1780553701323170560,1780553702323170560,Inter Token Latency,ms,p50,160.13
77,1780553701323170560,1780553702323170560,Inter Token Latency,ms,p75,160.13
77,1780553701323170560,1780553702323170560,Inter Token Latency,ms,p90,160.13
77,1780553701323170560,1780553702323170560,Inter Token Latency,ms,p95,160.13
77,1780553701323170560,1780553702323170560,Inter Token Latency,ms,p99,160.13
77,1780553701323170560,1780553702323170560,Inter Token Latency,ms,std,0.00
77,1780553701323170560,1780553702323170560,Maximum Response Timestamp,ns,avg,1780553854032363008.00
77,1780553701323170560,1780553702323170560,Minimum Request Timestamp,ns,avg,1780553701347615744.00
77,1780553701323170560,1780553702323170560,OSL Mismatch Count,requests,avg,0.00
77,1780553701323170560,1780553702323170560,OSL Mismatch Diff %,%,avg,0.00
77,1780553701323170560,1780553702323170560,OSL Mismatch Diff %,%,min,0.00
77,1780553701323170560,1780553702323170560,OSL Mismatch Diff %,%,max,0.00
77,1780553701323170560,1780553702323170560,OSL Mismatch Diff %,%,sum,0.00
77,1780553701323170560,1780553702323170560,OSL Mismatch Diff %,%,p1,0.00
77,1780553701323170560,1780553702323170560,OSL Mismatch Diff %,%,p5,0.00
77,1780553701323170560,1780553702323170560,OSL Mismatch Diff %,%,p10,0.00
77,1780553701323170560,1780553702323170560,OSL Mismatch Diff %,%,p25,0.00
77,1780553701323170560,1780553702323170560,OSL Mismatch Diff %,%,p50,0.00
77,1780553701323170560,1780553702323170560,OSL Mismatch Diff %,%,p75,0.00
77,1780553701323170560,1780553702323170560,OSL Mismatch Diff %,%,p90,0.00
77,1780553701323170560,1780553702323170560,OSL Mismatch Diff %,%,p95,0.00
77,1780553701323170560,1780553702323170560,OSL Mismatch Diff %,%,p99,0.00
77,1780553701323170560,1780553702323170560,OSL Mismatch Diff %,%,std,0.00
77,1780553701323170560,1780553702323170560,Output Sequence Length,tokens,avg,689.00
77,1780553701323170560,1780553702323170560,Output Sequence Length,tokens,min,689.00
77,1780553701323170560,1780553702323170560,Output Sequence Length,tokens,max,689.00
77,1780553701323170560,1780553702323170560,Output Sequence Length,tokens,sum,689.00
77,1780553701323170560,1780553702323170560,Output Sequence Length,tokens,p1,689.00
77,1780553701323170560,1780553702323170560,Output Sequence Length,tokens,p5,689.00
77,1780553701323170560,1780553702323170560,Output Sequence Length,tokens,p10,689.00
77,1780553701323170560,1780553702323170560,Output Sequence Length,tokens,p25,689.00
77,1780553701323170560,1780553702323170560,Output Sequence Length,tokens,p50,689.00
77,1780553701323170560,1780553702323170560,Output Sequence Length,tokens,p75,689.00
77,1780553701323170560,1780553702323170560,Output Sequence Length,tokens,p90,689.00
77,1780553701323170560,1780553702323170560,Output Sequence Length,tokens,p95,689.00
77,1780553701323170560,1780553702323170560,Output Sequence Length,tokens,p99,689.00
77,1780553701323170560,1780553702323170560,Output Sequence Length,tokens,std,0.00
77,1780553701323170560,1780553702323170560,Output Token Count,tokens,avg,689.00
77,1780553701323170560,1780553702323170560,Output Token Count,tokens,min,689.00
77,1780553701323170560,1780553702323170560,Output Token Count,tokens,max,689.00
77,1780553701323170560,1780553702323170560,Output Token Count,tokens,sum,689.00
77,1780553701323170560,1780553702323170560,Output Token Count,tokens,p1,689.00
77,1780553701323170560,1780553702323170560,Output Token Count,tokens,p5,689.00
77,1780553701323170560,1780553702323170560,Output Token Count,tokens,p10,689.00
77,1780553701323170560,1780553702323170560,Output Token Count,tokens,p25,689.00
77,1780553701323170560,1780553702323170560,Output Token Count,tokens,p50,689.00
77,1780553701323170560,1780553702323170560,Output Token Count,tokens,p75,689.00
77,1780553701323170560,1780553702323170560,Output Token Count,tokens,p90,689.00
77,1780553701323170560,1780553702323170560,Output Token Count,tokens,p95,689.00
77,1780553701323170560,1780553702323170560,Output Token Count,tokens,p99,689.00
77,1780553701323170560,1780553702323170560,Output Token Count,tokens,std,0.00
77,1780553701323170560,1780553702323170560,Output Token Throughput,tokens/sec,avg,689.00
77,1780553701323170560,1780553702323170560,Output Token Throughput Per User,tokens/sec/user,avg,6.24
77,1780553701323170560,1780553702323170560,Output Token Throughput Per User,tokens/sec/user,min,6.24
77,1780553701323170560,1780553702323170560,Output Token Throughput Per User,tokens/sec/user,max,6.24
77,1780553701323170560,1780553702323170560,Output Token Throughput Per User,tokens/sec/user,sum,6.24
77,1780553701323170560,1780553702323170560,Output Token Throughput Per User,tokens/sec/user,p1,6.24
77,1780553701323170560,1780553702323170560,Output Token Throughput Per User,tokens/sec/user,p5,6.24
77,1780553701323170560,1780553702323170560,Output Token Throughput Per User,tokens/sec/user,p10,6.24
77,1780553701323170560,1780553702323170560,Output Token Throughput Per User,tokens/sec/user,p25,6.24
77,1780553701323170560,1780553702323170560,Output Token Throughput Per User,tokens/sec/user,p50,6.24
77,1780553701323170560,1780553702323170560,Output Token Throughput Per User,tokens/sec/user,p75,6.24
77,1780553701323170560,1780553702323170560,Output Token Throughput Per User,tokens/sec/user,p90,6.24
77,1780553701323170560,1780553702323170560,Output Token Throughput Per User,tokens/sec/user,p95,6.24
77,1780553701323170560,1780553702323170560,Output Token Throughput Per User,tokens/sec/user,p99,6.24
77,1780553701323170560,1780553702323170560,Output Token Throughput Per User,tokens/sec/user,std,0.00
77,1780553701323170560,1780553702323170560,Prefill Throughput Per User,tokens/sec/user,avg,1197.62
77,1780553701323170560,1780553702323170560,Prefill Throughput Per User,tokens/sec/user,min,1197.62
77,1780553701323170560,1780553702323170560,Prefill Throughput Per User,tokens/sec/user,max,1197.62
77,1780553701323170560,1780553702323170560,Prefill Throughput Per User,tokens/sec/user,sum,1197.62
77,1780553701323170560,1780553702323170560,Prefill Throughput Per User,tokens/sec/user,p1,1197.62
77,1780553701323170560,1780553702323170560,Prefill Throughput Per User,tokens/sec/user,p5,1197.62
77,1780553701323170560,1780553702323170560,Prefill Throughput Per User,tokens/sec/user,p10,1197.62
77,1780553701323170560,1780553702323170560,Prefill Throughput Per User,tokens/sec/user,p25,1197.62
77,1780553701323170560,1780553702323170560,Prefill Throughput Per User,tokens/sec/user,p50,1197.62
77,1780553701323170560,1780553702323170560,Prefill Throughput Per User,tokens/sec/user,p75,1197.62
77,1780553701323170560,1780553702323170560,Prefill Throughput Per User,tokens/sec/user,p90,1197.62
77,1780553701323170560,1780553702323170560,Prefill Throughput Per User,tokens/sec/user,p95,1197.62
77,1780553701323170560,1780553702323170560,Prefill Throughput Per User,tokens/sec/user,p99,1197.62
77,1780553701323170560,1780553702323170560,Prefill Throughput Per User,tokens/sec/user,std,0.00
77,1780553701323170560,1780553702323170560,Request Count,requests,avg,1.00
77,1780553701323170560,1780553702323170560,Request Latency,ms,avg,152684.75
77,1780553701323170560,1780553702323170560,Request Latency,ms,min,152684.75
77,1780553701323170560,1780553702323170560,Request Latency,ms,max,152684.75
77,1780553701323170560,1780553702323170560,Request Latency,ms,sum,152684.75
77,1780553701323170560,1780553702323170560,Request Latency,ms,p1,152684.75
77,1780553701323170560,1780553702323170560,Request Latency,ms,p5,152684.75
77,1780553701323170560,1780553702323170560,Request Latency,ms,p10,152684.75
77,1780553701323170560,1780553702323170560,Request Latency,ms,p25,152684.75
77,1780553701323170560,1780553702323170560,Request Latency,ms,p50,152684.75
77,1780553701323170560,1780553702323170560,Request Latency,ms,p75,152684.75
77,1780553701323170560,1780553702323170560,Request Latency,ms,p90,152684.75
77,1780553701323170560,1780553702323170560,Request Latency,ms,p95,152684.75
77,1780553701323170560,1780553702323170560,Request Latency,ms,p99,152684.75
77,1780553701323170560,1780553702323170560,Request Latency,ms,std,0.00
77,1780553701323170560,1780553702323170560,Request Throughput,requests/sec,avg,1.00
77,1780553701323170560,1780553702323170560,Requested OSL,tokens,avg,689.00
77,1780553701323170560,1780553702323170560,Requested OSL,tokens,min,689.00
77,1780553701323170560,1780553702323170560,Requested OSL,tokens,max,689.00
77,1780553701323170560,1780553702323170560,Requested OSL,tokens,sum,689.00
77,1780553701323170560,1780553702323170560,Requested OSL,tokens,p1,689.00
77,1780553701323170560,1780553702323170560,Requested OSL,tokens,p5,689.00
77,1780553701323170560,1780553702323170560,Requested OSL,tokens,p10,689.00
77,1780553701323170560,1780553702323170560,Requested OSL,tokens,p25,689.00
77,1780553701323170560,1780553702323170560,Requested OSL,tokens,p50,689.00
77,1780553701323170560,1780553702323170560,Requested OSL,tokens,p75,689.00
77,1780553701323170560,1780553702323170560,Requested OSL,tokens,p90,689.00
77,1780553701323170560,1780553702323170560,Requested OSL,tokens,p95,689.00
77,1780553701323170560,1780553702323170560,Requested OSL,tokens,p99,689.00
77,1780553701323170560,1780553702323170560,Requested OSL,tokens,std,0.00
77,1780553701323170560,1780553702323170560,Time to First Output Token,ms,avg,42515.12
77,1780553701323170560,1780553702323170560,Time to First Output Token,ms,min,42515.12
77,1780553701323170560,1780553702323170560,Time to First Output Token,ms,max,42515.12
77,1780553701323170560,1780553702323170560,Time to First Output Token,ms,sum,42515.12
77,1780553701323170560,1780553702323170560,Time to First Output Token,ms,p1,42515.12
77,1780553701323170560,1780553702323170560,Time to First Output Token,ms,p5,42515.12
77,1780553701323170560,1780553702323170560,Time to First Output Token,ms,p10,42515.12
77,1780553701323170560,1780553702323170560,Time to First Output Token,ms,p25,42515.12
77,1780553701323170560,1780553702323170560,Time to First Output Token,ms,p50,42515.12
77,1780553701323170560,1780553702323170560,Time to First Output Token,ms,p75,42515.12
77,1780553701323170560,1780553702323170560,Time to First Output Token,ms,p90,42515.12
77,1780553701323170560,1780553702323170560,Time to First Output Token,ms,p95,42515.12
77,1780553701323170560,1780553702323170560,Time to First Output Token,ms,p99,42515.12
77,1780553701323170560,1780553702323170560,Time to First Output Token,ms,std,0.00
77,1780553701323170560,1780553702323170560,Time to First Token,ms,avg,42515.12
77,1780553701323170560,1780553702323170560,Time to First Token,ms,min,42515.12
77,1780553701323170560,1780553702323170560,Time to First Token,ms,max,42515.12
77,1780553701323170560,1780553702323170560,Time to First Token,ms,sum,42515.12
77,1780553701323170560,1780553702323170560,Time to First Token,ms,p1,42515.12
77,1780553701323170560,1780553702323170560,Time to First Token,ms,p5,42515.12
77,1780553701323170560,1780553702323170560,Time to First Token,ms,p10,42515.12
77,1780553701323170560,1780553702323170560,Time to First Token,ms,p25,42515.12
77,1780553701323170560,1780553702323170560,Time to First Token,ms,p50,42515.12
77,1780553701323170560,1780553702323170560,Time to First Token,ms,p75,42515.12
77,1780553701323170560,1780553702323170560,Time to First Token,ms,p90,42515.12
77,1780553701323170560,1780553702323170560,Time to First Token,ms,p95,42515.12
77,1780553701323170560,1780553702323170560,Time to First Token,ms,p99,42515.12
77,1780553701323170560,1780553702323170560,Time to First Token,ms,std,0.00
77,1780553701323170560,1780553702323170560,Time to Second Token,ms,avg,26.65
77,1780553701323170560,1780553702323170560,Time to Second Token,ms,min,26.65
77,1780553701323170560,1780553702323170560,Time to Second Token,ms,max,26.65
77,1780553701323170560,1780553702323170560,Time to Second Token,ms,sum,26.65
77,1780553701323170560,1780553702323170560,Time to Second Token,ms,p1,26.65
77,1780553701323170560,1780553702323170560,Time to Second Token,ms,p5,26.65
77,1780553701323170560,1780553702323170560,Time to Second Token,ms,p10,26.65
77,1780553701323170560,1780553702323170560,Time to Second Token,ms,p25,26.65
77,1780553701323170560,1780553702323170560,Time to Second Token,ms,p50,26.65
77,1780553701323170560,1780553702323170560,Time to Second Token,ms,p75,26.65
77,1780553701323170560,1780553702323170560,Time to Second Token,ms,p90,26.65
77,1780553701323170560,1780553702323170560,Time to Second Token,ms,p95,26.65
77,1780553701323170560,1780553702323170560,Time to Second Token,ms,p99,26.65
77,1780553701323170560,1780553702323170560,Time to Second Token,ms,std,0.00
77,1780553701323170560,1780553702323170560,Tokens In Flight,tokens,avg,1637185.14
77,1780553701323170560,1780553702323170560,Tokens In Flight,tokens,min,1587471.49
77,1780553701323170560,1780553702323170560,Tokens In Flight,tokens,max,1638469.09
77,1780553701323170560,1780553702323170560,Tokens In Flight,tokens,p50,1638429.46
77,1780553701323170560,1780553702323170560,Tokens In Flight,tokens,p90,1638461.69
77,1780553701323170560,1780553702323170560,Tokens In Flight,tokens,p95,1638466.04
77,1780553701323170560,1780553702323170560,Tokens In Flight,tokens,p99,1638469.09
77,1780553701323170560,1780553702323170560,Tokens In Flight,tokens,std,7869.04
77,1780553701323170560,1780553702323170560,Total Input Sequence Length,tokens,avg,50917.00
77,1780553701323170560,1780553702323170560,Total Output Sequence Length,tokens,avg,689.00
77,1780553701323170560,1780553702323170560,Total Output Tokens,tokens,avg,689.00
77,1780553701323170560,1780553702323170560,Total Token Throughput,tokens/sec,avg,51606.00
77,1780553701323170560,1780553702323170560,Total Usage Completion Tokens,tokens,avg,689.00
77,1780553701323170560,1780553702323170560,Total Usage Prompt Tokens,tokens,avg,50917.00
77,1780553701323170560,1780553702323170560,Total Usage Total Tokens,tokens,avg,51606.00
77,1780553701323170560,1780553702323170560,Usage Completion Tokens,tokens,avg,689.00
77,1780553701323170560,1780553702323170560,Usage Completion Tokens,tokens,min,689.00
77,1780553701323170560,1780553702323170560,Usage Completion Tokens,tokens,max,689.00
77,1780553701323170560,1780553702323170560,Usage Completion Tokens,tokens,sum,689.00
77,1780553701323170560,1780553702323170560,Usage Completion Tokens,tokens,p1,689.00
77,1780553701323170560,1780553702323170560,Usage Completion Tokens,tokens,p5,689.00
77,1780553701323170560,1780553702323170560,Usage Completion Tokens,tokens,p10,689.00
77,1780553701323170560,1780553702323170560,Usage Completion Tokens,tokens,p25,689.00
77,1780553701323170560,1780553702323170560,Usage Completion Tokens,tokens,p50,689.00
77,1780553701323170560,1780553702323170560,Usage Completion Tokens,tokens,p75,689.00
77,1780553701323170560,1780553702323170560,Usage Completion Tokens,tokens,p90,689.00
77,1780553701323170560,1780553702323170560,Usage Completion Tokens,tokens,p95,689.00
77,1780553701323170560,1780553702323170560,Usage Completion Tokens,tokens,p99,689.00
77,1780553701323170560,1780553702323170560,Usage Completion Tokens,tokens,std,0.00
77,1780553701323170560,1780553702323170560,Usage Prompt Tokens,tokens,avg,50917.00
77,1780553701323170560,1780553702323170560,Usage Prompt Tokens,tokens,min,50917.00
77,1780553701323170560,1780553702323170560,Usage Prompt Tokens,tokens,max,50917.00
77,1780553701323170560,1780553702323170560,Usage Prompt Tokens,tokens,sum,50917.00
77,1780553701323170560,1780553702323170560,Usage Prompt Tokens,tokens,p1,50917.00
77,1780553701323170560,1780553702323170560,Usage Prompt Tokens,tokens,p5,50917.00
77,1780553701323170560,1780553702323170560,Usage Prompt Tokens,tokens,p10,50917.00
77,1780553701323170560,1780553702323170560,Usage Prompt Tokens,tokens,p25,50917.00
77,1780553701323170560,1780553702323170560,Usage Prompt Tokens,tokens,p50,50917.00
77,1780553701323170560,1780553702323170560,Usage Prompt Tokens,tokens,p75,50917.00
77,1780553701323170560,1780553702323170560,Usage Prompt Tokens,tokens,p90,50917.00
77,1780553701323170560,1780553702323170560,Usage Prompt Tokens,tokens,p95,50917.00
77,1780553701323170560,1780553702323170560,Usage Prompt Tokens,tokens,p99,50917.00
77,1780553701323170560,1780553702323170560,Usage Prompt Tokens,tokens,std,0.00
77,1780553701323170560,1780553702323170560,Usage Total Tokens,tokens,avg,51606.00
77,1780553701323170560,1780553702323170560,Usage Total Tokens,tokens,min,51606.00
77,1780553701323170560,1780553702323170560,Usage Total Tokens,tokens,max,51606.00
77,1780553701323170560,1780553702323170560,Usage Total Tokens,tokens,sum,51606.00
77,1780553701323170560,1780553702323170560,Usage Total Tokens,tokens,p1,51606.00
77,1780553701323170560,1780553702323170560,Usage Total Tokens,tokens,p5,51606.00
77,1780553701323170560,1780553702323170560,Usage Total Tokens,tokens,p10,51606.00
77,1780553701323170560,1780553702323170560,Usage Total Tokens,tokens,p25,51606.00
77,1780553701323170560,1780553702323170560,Usage Total Tokens,tokens,p50,51606.00
77,1780553701323170560,1780553702323170560,Usage Total Tokens,tokens,p75,51606.00
77,1780553701323170560,1780553702323170560,Usage Total Tokens,tokens,p90,51606.00
77,1780553701323170560,1780553702323170560,Usage Total Tokens,tokens,p95,51606.00
77,1780553701323170560,1780553702323170560,Usage Total Tokens,tokens,p99,51606.00
77,1780553701323170560,1780553702323170560,Usage Total Tokens,tokens,std,0.00
78,1780553713323170560,1780553714323170560,Active Decode Throughput,tokens/sec,avg,109.74
78,1780553713323170560,1780553714323170560,Active Decode Throughput,tokens/sec,min,90.16
78,1780553713323170560,1780553714323170560,Active Decode Throughput,tokens/sec,max,129.33
78,1780553713323170560,1780553714323170560,Active Decode Throughput,tokens/sec,p50,109.74
78,1780553713323170560,1780553714323170560,Active Decode Throughput,tokens/sec,p90,109.74
78,1780553713323170560,1780553714323170560,Active Decode Throughput,tokens/sec,p95,109.74
78,1780553713323170560,1780553714323170560,Active Decode Throughput,tokens/sec,p99,109.75
78,1780553713323170560,1780553714323170560,Active Decode Throughput,tokens/sec,std,0.04
78,1780553713323170560,1780553714323170560,Active Decode Throughput Per User,tokens/sec/user,avg,9.98
78,1780553713323170560,1780553714323170560,Active Decode Throughput Per User,tokens/sec/user,min,8.20
78,1780553713323170560,1780553714323170560,Active Decode Throughput Per User,tokens/sec/user,max,11.76
78,1780553713323170560,1780553714323170560,Active Decode Throughput Per User,tokens/sec/user,p50,9.98
78,1780553713323170560,1780553714323170560,Active Decode Throughput Per User,tokens/sec/user,p90,9.98
78,1780553713323170560,1780553714323170560,Active Decode Throughput Per User,tokens/sec/user,p95,9.98
78,1780553713323170560,1780553714323170560,Active Decode Throughput Per User,tokens/sec/user,p99,9.98
78,1780553713323170560,1780553714323170560,Active Decode Throughput Per User,tokens/sec/user,std,0.00
78,1780553713323170560,1780553714323170560,Active Prefill Throughput,tokens/sec,avg,6690.58
78,1780553713323170560,1780553714323170560,Active Prefill Throughput,tokens/sec,min,5882.27
78,1780553713323170560,1780553714323170560,Active Prefill Throughput,tokens/sec,max,7439.58
78,1780553713323170560,1780553714323170560,Active Prefill Throughput,tokens/sec,p50,7439.58
78,1780553713323170560,1780553714323170560,Active Prefill Throughput,tokens/sec,p90,7439.58
78,1780553713323170560,1780553714323170560,Active Prefill Throughput,tokens/sec,p95,7439.58
78,1780553713323170560,1780553714323170560,Active Prefill Throughput,tokens/sec,p99,7439.58
78,1780553713323170560,1780553714323170560,Active Prefill Throughput,tokens/sec,std,778.09
78,1780553713323170560,1780553714323170560,Active Prefill Throughput Per User,tokens/sec/user,avg,1479.57
78,1780553713323170560,1780553714323170560,Active Prefill Throughput Per User,tokens/sec/user,min,1470.57
78,1780553713323170560,1780553714323170560,Active Prefill Throughput Per User,tokens/sec/user,max,1487.92
78,1780553713323170560,1780553714323170560,Active Prefill Throughput Per User,tokens/sec/user,p50,1487.92
78,1780553713323170560,1780553714323170560,Active Prefill Throughput Per User,tokens/sec/user,p90,1487.92
78,1780553713323170560,1780553714323170560,Active Prefill Throughput Per User,tokens/sec/user,p95,1487.92
78,1780553713323170560,1780553714323170560,Active Prefill Throughput Per User,tokens/sec/user,p99,1487.92
78,1780553713323170560,1780553714323170560,Active Prefill Throughput Per User,tokens/sec/user,std,8.67
78,1780553713323170560,1780553714323170560,Active Total Throughput,tokens/sec,avg,6752.48
78,1780553713323170560,1780553714323170560,Active Total Throughput,tokens/sec,min,5944.16
78,1780553713323170560,1780553714323170560,Active Total Throughput,tokens/sec,max,7501.47
78,1780553713323170560,1780553714323170560,Active Total Throughput,tokens/sec,p50,7501.47
78,1780553713323170560,1780553714323170560,Active Total Throughput,tokens/sec,p90,7501.47
78,1780553713323170560,1780553714323170560,Active Total Throughput,tokens/sec,p95,7501.47
78,1780553713323170560,1780553714323170560,Active Total Throughput,tokens/sec,p99,7501.47
78,1780553713323170560,1780553714323170560,Active Total Throughput,tokens/sec,std,778.09
78,1780553713323170560,1780553714323170560,Benchmark Duration,sec,avg,49.94
78,1780553713323170560,1780553714323170560,E2E Output Token Throughput,tokens/sec/user,avg,0.12
78,1780553713323170560,1780553714323170560,E2E Output Token Throughput,tokens/sec/user,min,0.12
78,1780553713323170560,1780553714323170560,E2E Output Token Throughput,tokens/sec/user,max,0.12
78,1780553713323170560,1780553714323170560,E2E Output Token Throughput,tokens/sec/user,sum,0.12
78,1780553713323170560,1780553714323170560,E2E Output Token Throughput,tokens/sec/user,p1,0.12
78,1780553713323170560,1780553714323170560,E2E Output Token Throughput,tokens/sec/user,p5,0.12
78,1780553713323170560,1780553714323170560,E2E Output Token Throughput,tokens/sec/user,p10,0.12
78,1780553713323170560,1780553714323170560,E2E Output Token Throughput,tokens/sec/user,p25,0.12
78,1780553713323170560,1780553714323170560,E2E Output Token Throughput,tokens/sec/user,p50,0.12
78,1780553713323170560,1780553714323170560,E2E Output Token Throughput,tokens/sec/user,p75,0.12
78,1780553713323170560,1780553714323170560,E2E Output Token Throughput,tokens/sec/user,p90,0.12
78,1780553713323170560,1780553714323170560,E2E Output Token Throughput,tokens/sec/user,p95,0.12
78,1780553713323170560,1780553714323170560,E2E Output Token Throughput,tokens/sec/user,p99,0.12
78,1780553713323170560,1780553714323170560,E2E Output Token Throughput,tokens/sec/user,std,0.00
78,1780553713323170560,1780553714323170560,Effective Concurrency,requests,avg,15.52
78,1780553713323170560,1780553714323170560,Effective Concurrency,requests,min,15.00
78,1780553713323170560,1780553714323170560,Effective Concurrency,requests,max,16.00
78,1780553713323170560,1780553714323170560,Effective Concurrency,requests,p50,16.00
78,1780553713323170560,1780553714323170560,Effective Concurrency,requests,p90,16.00
78,1780553713323170560,1780553714323170560,Effective Concurrency,requests,p95,16.00
78,1780553713323170560,1780553714323170560,Effective Concurrency,requests,p99,16.00
78,1780553713323170560,1780553714323170560,Effective Concurrency,requests,std,0.50
78,1780553713323170560,1780553714323170560,Effective Decode Concurrency,requests,avg,11.00
78,1780553713323170560,1780553714323170560,Effective Decode Concurrency,requests,min,11.00
78,1780553713323170560,1780553714323170560,Effective Decode Concurrency,requests,max,11.00
78,1780553713323170560,1780553714323170560,Effective Decode Concurrency,requests,p50,11.00
78,1780553713323170560,1780553714323170560,Effective Decode Concurrency,requests,p90,11.00
78,1780553713323170560,1780553714323170560,Effective Decode Concurrency,requests,p95,11.00
78,1780553713323170560,1780553714323170560,Effective Decode Concurrency,requests,p99,11.00
78,1780553713323170560,1780553714323170560,Effective Decode Concurrency,requests,std,0.00
78,1780553713323170560,1780553714323170560,Effective Decode Throughput,tokens/sec,avg,109.74
78,1780553713323170560,1780553714323170560,Effective Decode Throughput,tokens/sec,min,90.16
78,1780553713323170560,1780553714323170560,Effective Decode Throughput,tokens/sec,max,129.33
78,1780553713323170560,1780553714323170560,Effective Decode Throughput,tokens/sec,p50,109.74
78,1780553713323170560,1780553714323170560,Effective Decode Throughput,tokens/sec,p90,109.74
78,1780553713323170560,1780553714323170560,Effective Decode Throughput,tokens/sec,p95,109.74
78,1780553713323170560,1780553714323170560,Effective Decode Throughput,tokens/sec,p99,109.75
78,1780553713323170560,1780553714323170560,Effective Decode Throughput,tokens/sec,std,0.04
78,1780553713323170560,1780553714323170560,Effective Decode Throughput Per User,tokens/sec/user,avg,9.98
78,1780553713323170560,1780553714323170560,Effective Decode Throughput Per User,tokens/sec/user,min,8.20
78,1780553713323170560,1780553714323170560,Effective Decode Throughput Per User,tokens/sec/user,max,11.76
78,1780553713323170560,1780553714323170560,Effective Decode Throughput Per User,tokens/sec/user,p50,9.98
78,1780553713323170560,1780553714323170560,Effective Decode Throughput Per User,tokens/sec/user,p90,9.98
78,1780553713323170560,1780553714323170560,Effective Decode Throughput Per User,tokens/sec/user,p95,9.98
78,1780553713323170560,1780553714323170560,Effective Decode Throughput Per User,tokens/sec/user,p99,9.98
78,1780553713323170560,1780553714323170560,Effective Decode Throughput Per User,tokens/sec/user,std,0.00
78,1780553713323170560,1780553714323170560,Effective Prefill Concurrency,requests,avg,4.52
78,1780553713323170560,1780553714323170560,Effective Prefill Concurrency,requests,min,4.00
78,1780553713323170560,1780553714323170560,Effective Prefill Concurrency,requests,max,5.00
78,1780553713323170560,1780553714323170560,Effective Prefill Concurrency,requests,p50,5.00
78,1780553713323170560,1780553714323170560,Effective Prefill Concurrency,requests,p90,5.00
78,1780553713323170560,1780553714323170560,Effective Prefill Concurrency,requests,p95,5.00
78,1780553713323170560,1780553714323170560,Effective Prefill Concurrency,requests,p99,5.00
78,1780553713323170560,1780553714323170560,Effective Prefill Concurrency,requests,std,0.50
78,1780553713323170560,1780553714323170560,Effective Prefill Throughput,tokens/sec,avg,6690.58
78,1780553713323170560,1780553714323170560,Effective Prefill Throughput,tokens/sec,min,5882.27
78,1780553713323170560,1780553714323170560,Effective Prefill Throughput,tokens/sec,max,7439.58
78,1780553713323170560,1780553714323170560,Effective Prefill Throughput,tokens/sec,p50,7439.58
78,1780553713323170560,1780553714323170560,Effective Prefill Throughput,tokens/sec,p90,7439.58
78,1780553713323170560,1780553714323170560,Effective Prefill Throughput,tokens/sec,p95,7439.58
78,1780553713323170560,1780553714323170560,Effective Prefill Throughput,tokens/sec,p99,7439.58
78,1780553713323170560,1780553714323170560,Effective Prefill Throughput,tokens/sec,std,778.09
78,1780553713323170560,1780553714323170560,Effective Prefill Throughput Per User,tokens/sec/user,avg,1479.57
78,1780553713323170560,1780553714323170560,Effective Prefill Throughput Per User,tokens/sec/user,min,1470.57
78,1780553713323170560,1780553714323170560,Effective Prefill Throughput Per User,tokens/sec/user,max,1487.92
78,1780553713323170560,1780553714323170560,Effective Prefill Throughput Per User,tokens/sec/user,p50,1487.92
78,1780553713323170560,1780553714323170560,Effective Prefill Throughput Per User,tokens/sec/user,p90,1487.92
78,1780553713323170560,1780553714323170560,Effective Prefill Throughput Per User,tokens/sec/user,p95,1487.92
78,1780553713323170560,1780553714323170560,Effective Prefill Throughput Per User,tokens/sec/user,p99,1487.92
78,1780553713323170560,1780553714323170560,Effective Prefill Throughput Per User,tokens/sec/user,std,8.67
78,1780553713323170560,1780553714323170560,Effective Total Throughput,tokens/sec,avg,6752.48
78,1780553713323170560,1780553714323170560,Effective Total Throughput,tokens/sec,min,5944.16
78,1780553713323170560,1780553714323170560,Effective Total Throughput,tokens/sec,max,7501.47
78,1780553713323170560,1780553714323170560,Effective Total Throughput,tokens/sec,p50,7501.47
78,1780553713323170560,1780553714323170560,Effective Total Throughput,tokens/sec,p90,7501.47
78,1780553713323170560,1780553714323170560,Effective Total Throughput,tokens/sec,p95,7501.47
78,1780553713323170560,1780553714323170560,Effective Total Throughput,tokens/sec,p99,7501.47
78,1780553713323170560,1780553714323170560,Effective Total Throughput,tokens/sec,std,778.09
78,1780553713323170560,1780553714323170560,HTTP Blocked,ms,avg,0.00
78,1780553713323170560,1780553714323170560,HTTP Blocked,ms,min,0.00
78,1780553713323170560,1780553714323170560,HTTP Blocked,ms,max,0.00
78,1780553713323170560,1780553714323170560,HTTP Blocked,ms,sum,0.00
78,1780553713323170560,1780553714323170560,HTTP Blocked,ms,p1,0.00
78,1780553713323170560,1780553714323170560,HTTP Blocked,ms,p5,0.00
78,1780553713323170560,1780553714323170560,HTTP Blocked,ms,p10,0.00
78,1780553713323170560,1780553714323170560,HTTP Blocked,ms,p25,0.00
78,1780553713323170560,1780553714323170560,HTTP Blocked,ms,p50,0.00
78,1780553713323170560,1780553714323170560,HTTP Blocked,ms,p75,0.00
78,1780553713323170560,1780553714323170560,HTTP Blocked,ms,p90,0.00
78,1780553713323170560,1780553714323170560,HTTP Blocked,ms,p95,0.00
78,1780553713323170560,1780553714323170560,HTTP Blocked,ms,p99,0.00
78,1780553713323170560,1780553714323170560,HTTP Blocked,ms,std,0.00
78,1780553713323170560,1780553714323170560,HTTP Chunks Received,count,avg,6.00
78,1780553713323170560,1780553714323170560,HTTP Chunks Received,count,min,6.00
78,1780553713323170560,1780553714323170560,HTTP Chunks Received,count,max,6.00
78,1780553713323170560,1780553714323170560,HTTP Chunks Received,count,sum,6.00
78,1780553713323170560,1780553714323170560,HTTP Chunks Received,count,p1,6.00
78,1780553713323170560,1780553714323170560,HTTP Chunks Received,count,p5,6.00
78,1780553713323170560,1780553714323170560,HTTP Chunks Received,count,p10,6.00
78,1780553713323170560,1780553714323170560,HTTP Chunks Received,count,p25,6.00
78,1780553713323170560,1780553714323170560,HTTP Chunks Received,count,p50,6.00
78,1780553713323170560,1780553714323170560,HTTP Chunks Received,count,p75,6.00
78,1780553713323170560,1780553714323170560,HTTP Chunks Received,count,p90,6.00
78,1780553713323170560,1780553714323170560,HTTP Chunks Received,count,p95,6.00
78,1780553713323170560,1780553714323170560,HTTP Chunks Received,count,p99,6.00
78,1780553713323170560,1780553714323170560,HTTP Chunks Received,count,std,0.00
78,1780553713323170560,1780553714323170560,HTTP Chunks Sent,count,avg,1.00
78,1780553713323170560,1780553714323170560,HTTP Chunks Sent,count,min,1.00
78,1780553713323170560,1780553714323170560,HTTP Chunks Sent,count,max,1.00
78,1780553713323170560,1780553714323170560,HTTP Chunks Sent,count,sum,1.00
78,1780553713323170560,1780553714323170560,HTTP Chunks Sent,count,p1,1.00
78,1780553713323170560,1780553714323170560,HTTP Chunks Sent,count,p5,1.00
78,1780553713323170560,1780553714323170560,HTTP Chunks Sent,count,p10,1.00
78,1780553713323170560,1780553714323170560,HTTP Chunks Sent,count,p25,1.00
78,1780553713323170560,1780553714323170560,HTTP Chunks Sent,count,p50,1.00
78,1780553713323170560,1780553714323170560,HTTP Chunks Sent,count,p75,1.00
78,1780553713323170560,1780553714323170560,HTTP Chunks Sent,count,p90,1.00
78,1780553713323170560,1780553714323170560,HTTP Chunks Sent,count,p95,1.00
78,1780553713323170560,1780553714323170560,HTTP Chunks Sent,count,p99,1.00
78,1780553713323170560,1780553714323170560,HTTP Chunks Sent,count,std,0.00
78,1780553713323170560,1780553714323170560,HTTP Connecting,ms,avg,1.05
78,1780553713323170560,1780553714323170560,HTTP Connecting,ms,min,1.05
78,1780553713323170560,1780553714323170560,HTTP Connecting,ms,max,1.05
78,1780553713323170560,1780553714323170560,HTTP Connecting,ms,sum,1.05
78,1780553713323170560,1780553714323170560,HTTP Connecting,ms,p1,1.05
78,1780553713323170560,1780553714323170560,HTTP Connecting,ms,p5,1.05
78,1780553713323170560,1780553714323170560,HTTP Connecting,ms,p10,1.05
78,1780553713323170560,1780553714323170560,HTTP Connecting,ms,p25,1.05
78,1780553713323170560,1780553714323170560,HTTP Connecting,ms,p50,1.05
78,1780553713323170560,1780553714323170560,HTTP Connecting,ms,p75,1.05
78,1780553713323170560,1780553714323170560,HTTP Connecting,ms,p90,1.05
78,1780553713323170560,1780553714323170560,HTTP Connecting,ms,p95,1.05
78,1780553713323170560,1780553714323170560,HTTP Connecting,ms,p99,1.05
78,1780553713323170560,1780553714323170560,HTTP Connecting,ms,std,0.00
78,1780553713323170560,1780553714323170560,HTTP Connection Overhead,ms,avg,1.50
78,1780553713323170560,1780553714323170560,HTTP Connection Overhead,ms,min,1.50
78,1780553713323170560,1780553714323170560,HTTP Connection Overhead,ms,max,1.50
78,1780553713323170560,1780553714323170560,HTTP Connection Overhead,ms,sum,1.50
78,1780553713323170560,1780553714323170560,HTTP Connection Overhead,ms,p1,1.50
78,1780553713323170560,1780553714323170560,HTTP Connection Overhead,ms,p5,1.50
78,1780553713323170560,1780553714323170560,HTTP Connection Overhead,ms,p10,1.50
78,1780553713323170560,1780553714323170560,HTTP Connection Overhead,ms,p25,1.50
78,1780553713323170560,1780553714323170560,HTTP Connection Overhead,ms,p50,1.50
78,1780553713323170560,1780553714323170560,HTTP Connection Overhead,ms,p75,1.50
78,1780553713323170560,1780553714323170560,HTTP Connection Overhead,ms,p90,1.50
78,1780553713323170560,1780553714323170560,HTTP Connection Overhead,ms,p95,1.50
78,1780553713323170560,1780553714323170560,HTTP Connection Overhead,ms,p99,1.50
78,1780553713323170560,1780553714323170560,HTTP Connection Overhead,ms,std,0.00
78,1780553713323170560,1780553714323170560,HTTP Connection Reused,ratio,avg,0.00
78,1780553713323170560,1780553714323170560,HTTP Connection Reused,ratio,min,0.00
78,1780553713323170560,1780553714323170560,HTTP Connection Reused,ratio,max,0.00
78,1780553713323170560,1780553714323170560,HTTP Connection Reused,ratio,sum,0.00
78,1780553713323170560,1780553714323170560,HTTP Connection Reused,ratio,p1,0.00
78,1780553713323170560,1780553714323170560,HTTP Connection Reused,ratio,p5,0.00
78,1780553713323170560,1780553714323170560,HTTP Connection Reused,ratio,p10,0.00
78,1780553713323170560,1780553714323170560,HTTP Connection Reused,ratio,p25,0.00
78,1780553713323170560,1780553714323170560,HTTP Connection Reused,ratio,p50,0.00
78,1780553713323170560,1780553714323170560,HTTP Connection Reused,ratio,p75,0.00
78,1780553713323170560,1780553714323170560,HTTP Connection Reused,ratio,p90,0.00
78,1780553713323170560,1780553714323170560,HTTP Connection Reused,ratio,p95,0.00
78,1780553713323170560,1780553714323170560,HTTP Connection Reused,ratio,p99,0.00
78,1780553713323170560,1780553714323170560,HTTP Connection Reused,ratio,std,0.00
78,1780553713323170560,1780553714323170560,HTTP Data Received,KB,avg,2.09
78,1780553713323170560,1780553714323170560,HTTP Data Received,KB,min,2.09
78,1780553713323170560,1780553714323170560,HTTP Data Received,KB,max,2.09
78,1780553713323170560,1780553714323170560,HTTP Data Received,KB,sum,2.09
78,1780553713323170560,1780553714323170560,HTTP Data Received,KB,p1,2.09
78,1780553713323170560,1780553714323170560,HTTP Data Received,KB,p5,2.09
78,1780553713323170560,1780553714323170560,HTTP Data Received,KB,p10,2.09
78,1780553713323170560,1780553714323170560,HTTP Data Received,KB,p25,2.09
78,1780553713323170560,1780553714323170560,HTTP Data Received,KB,p50,2.09
78,1780553713323170560,1780553714323170560,HTTP Data Received,KB,p75,2.09
78,1780553713323170560,1780553714323170560,HTTP Data Received,KB,p90,2.09
78,1780553713323170560,1780553714323170560,HTTP Data Received,KB,p95,2.09
78,1780553713323170560,1780553714323170560,HTTP Data Received,KB,p99,2.09
78,1780553713323170560,1780553714323170560,HTTP Data Received,KB,std,0.00
78,1780553713323170560,1780553714323170560,HTTP Data Sent,KB,avg,286.22
78,1780553713323170560,1780553714323170560,HTTP Data Sent,KB,min,286.22
78,1780553713323170560,1780553714323170560,HTTP Data Sent,KB,max,286.22
78,1780553713323170560,1780553714323170560,HTTP Data Sent,KB,sum,286.22
78,1780553713323170560,1780553714323170560,HTTP Data Sent,KB,p1,286.22
78,1780553713323170560,1780553714323170560,HTTP Data Sent,KB,p5,286.22
78,1780553713323170560,1780553714323170560,HTTP Data Sent,KB,p10,286.22
78,1780553713323170560,1780553714323170560,HTTP Data Sent,KB,p25,286.22
78,1780553713323170560,1780553714323170560,HTTP Data Sent,KB,p50,286.22
78,1780553713323170560,1780553714323170560,HTTP Data Sent,KB,p75,286.22
78,1780553713323170560,1780553714323170560,HTTP Data Sent,KB,p90,286.22
78,1780553713323170560,1780553714323170560,HTTP Data Sent,KB,p95,286.22
78,1780553713323170560,1780553714323170560,HTTP Data Sent,KB,p99,286.22
78,1780553713323170560,1780553714323170560,HTTP Data Sent,KB,std,0.00
78,1780553713323170560,1780553714323170560,HTTP DNS Lookup,ms,avg,0.45
78,1780553713323170560,1780553714323170560,HTTP DNS Lookup,ms,min,0.45
78,1780553713323170560,1780553714323170560,HTTP DNS Lookup,ms,max,0.45
78,1780553713323170560,1780553714323170560,HTTP DNS Lookup,ms,sum,0.45
78,1780553713323170560,1780553714323170560,HTTP DNS Lookup,ms,p1,0.45
78,1780553713323170560,1780553714323170560,HTTP DNS Lookup,ms,p5,0.45
78,1780553713323170560,1780553714323170560,HTTP DNS Lookup,ms,p10,0.45
78,1780553713323170560,1780553714323170560,HTTP DNS Lookup,ms,p25,0.45
78,1780553713323170560,1780553714323170560,HTTP DNS Lookup,ms,p50,0.45
78,1780553713323170560,1780553714323170560,HTTP DNS Lookup,ms,p75,0.45
78,1780553713323170560,1780553714323170560,HTTP DNS Lookup,ms,p90,0.45
78,1780553713323170560,1780553714323170560,HTTP DNS Lookup,ms,p95,0.45
78,1780553713323170560,1780553714323170560,HTTP DNS Lookup,ms,p99,0.45
78,1780553713323170560,1780553714323170560,HTTP DNS Lookup,ms,std,0.00
78,1780553713323170560,1780553714323170560,HTTP Duration (excl. conn),ms,avg,49935.94
78,1780553713323170560,1780553714323170560,HTTP Duration (excl. conn),ms,min,49935.94
78,1780553713323170560,1780553714323170560,HTTP Duration (excl. conn),ms,max,49935.94
78,1780553713323170560,1780553714323170560,HTTP Duration (excl. conn),ms,sum,49935.94
78,1780553713323170560,1780553714323170560,HTTP Duration (excl. conn),ms,p1,49935.94
78,1780553713323170560,1780553714323170560,HTTP Duration (excl. conn),ms,p5,49935.94
78,1780553713323170560,1780553714323170560,HTTP Duration (excl. conn),ms,p10,49935.94
78,1780553713323170560,1780553714323170560,HTTP Duration (excl. conn),ms,p25,49935.94
78,1780553713323170560,1780553714323170560,HTTP Duration (excl. conn),ms,p50,49935.94
78,1780553713323170560,1780553714323170560,HTTP Duration (excl. conn),ms,p75,49935.94
78,1780553713323170560,1780553714323170560,HTTP Duration (excl. conn),ms,p90,49935.94
78,1780553713323170560,1780553714323170560,HTTP Duration (excl. conn),ms,p95,49935.94
78,1780553713323170560,1780553714323170560,HTTP Duration (excl. conn),ms,p99,49935.94
78,1780553713323170560,1780553714323170560,HTTP Duration (excl. conn),ms,std,0.00
78,1780553713323170560,1780553714323170560,HTTP Receiving,ms,avg,2335.93
78,1780553713323170560,1780553714323170560,HTTP Receiving,ms,min,2335.93
78,1780553713323170560,1780553714323170560,HTTP Receiving,ms,max,2335.93
78,1780553713323170560,1780553714323170560,HTTP Receiving,ms,sum,2335.93
78,1780553713323170560,1780553714323170560,HTTP Receiving,ms,p1,2335.93
78,1780553713323170560,1780553714323170560,HTTP Receiving,ms,p5,2335.93
78,1780553713323170560,1780553714323170560,HTTP Receiving,ms,p10,2335.93
78,1780553713323170560,1780553714323170560,HTTP Receiving,ms,p25,2335.93
78,1780553713323170560,1780553714323170560,HTTP Receiving,ms,p50,2335.93
78,1780553713323170560,1780553714323170560,HTTP Receiving,ms,p75,2335.93
78,1780553713323170560,1780553714323170560,HTTP Receiving,ms,p90,2335.93
78,1780553713323170560,1780553714323170560,HTTP Receiving,ms,p95,2335.93
78,1780553713323170560,1780553714323170560,HTTP Receiving,ms,p99,2335.93
78,1780553713323170560,1780553714323170560,HTTP Receiving,ms,std,0.00
78,1780553713323170560,1780553714323170560,HTTP Sending,ms,avg,1.31
78,1780553713323170560,1780553714323170560,HTTP Sending,ms,min,1.31
78,1780553713323170560,1780553714323170560,HTTP Sending,ms,max,1.31
78,1780553713323170560,1780553714323170560,HTTP Sending,ms,sum,1.31
78,1780553713323170560,1780553714323170560,HTTP Sending,ms,p1,1.31
78,1780553713323170560,1780553714323170560,HTTP Sending,ms,p5,1.31
78,1780553713323170560,1780553714323170560,HTTP Sending,ms,p10,1.31
78,1780553713323170560,1780553714323170560,HTTP Sending,ms,p25,1.31
78,1780553713323170560,1780553714323170560,HTTP Sending,ms,p50,1.31
78,1780553713323170560,1780553714323170560,HTTP Sending,ms,p75,1.31
78,1780553713323170560,1780553714323170560,HTTP Sending,ms,p90,1.31
78,1780553713323170560,1780553714323170560,HTTP Sending,ms,p95,1.31
78,1780553713323170560,1780553714323170560,HTTP Sending,ms,p99,1.31
78,1780553713323170560,1780553714323170560,HTTP Sending,ms,std,0.00
78,1780553713323170560,1780553714323170560,HTTP Total Time,ms,avg,49937.45
78,1780553713323170560,1780553714323170560,HTTP Total Time,ms,min,49937.45
78,1780553713323170560,1780553714323170560,HTTP Total Time,ms,max,49937.45
78,1780553713323170560,1780553714323170560,HTTP Total Time,ms,sum,49937.45
78,1780553713323170560,1780553714323170560,HTTP Total Time,ms,p1,49937.45
78,1780553713323170560,1780553714323170560,HTTP Total Time,ms,p5,49937.45
78,1780553713323170560,1780553714323170560,HTTP Total Time,ms,p10,49937.45
78,1780553713323170560,1780553714323170560,HTTP Total Time,ms,p25,49937.45
78,1780553713323170560,1780553714323170560,HTTP Total Time,ms,p50,49937.45
78,1780553713323170560,1780553714323170560,HTTP Total Time,ms,p75,49937.45
78,1780553713323170560,1780553714323170560,HTTP Total Time,ms,p90,49937.45
78,1780553713323170560,1780553714323170560,HTTP Total Time,ms,p95,49937.45
78,1780553713323170560,1780553714323170560,HTTP Total Time,ms,p99,49937.45
78,1780553713323170560,1780553714323170560,HTTP Total Time,ms,std,0.00
78,1780553713323170560,1780553714323170560,HTTP Waiting (TTFB),ms,avg,47598.71
78,1780553713323170560,1780553714323170560,HTTP Waiting (TTFB),ms,min,47598.71
78,1780553713323170560,1780553714323170560,HTTP Waiting (TTFB),ms,max,47598.71
78,1780553713323170560,1780553714323170560,HTTP Waiting (TTFB),ms,sum,47598.71
78,1780553713323170560,1780553714323170560,HTTP Waiting (TTFB),ms,p1,47598.71
78,1780553713323170560,1780553714323170560,HTTP Waiting (TTFB),ms,p5,47598.71
78,1780553713323170560,1780553714323170560,HTTP Waiting (TTFB),ms,p10,47598.71
78,1780553713323170560,1780553714323170560,HTTP Waiting (TTFB),ms,p25,47598.71
78,1780553713323170560,1780553714323170560,HTTP Waiting (TTFB),ms,p50,47598.71
78,1780553713323170560,1780553714323170560,HTTP Waiting (TTFB),ms,p75,47598.71
78,1780553713323170560,1780553714323170560,HTTP Waiting (TTFB),ms,p90,47598.71
78,1780553713323170560,1780553714323170560,HTTP Waiting (TTFB),ms,p95,47598.71
78,1780553713323170560,1780553714323170560,HTTP Waiting (TTFB),ms,p99,47598.71
78,1780553713323170560,1780553714323170560,HTTP Waiting (TTFB),ms,std,0.00
78,1780553713323170560,1780553714323170560,Input Sequence Length,tokens,avg,74128.00
78,1780553713323170560,1780553714323170560,Input Sequence Length,tokens,min,74128.00
78,1780553713323170560,1780553714323170560,Input Sequence Length,tokens,max,74128.00
78,1780553713323170560,1780553714323170560,Input Sequence Length,tokens,sum,74128.00
78,1780553713323170560,1780553714323170560,Input Sequence Length,tokens,p1,74128.00
78,1780553713323170560,1780553714323170560,Input Sequence Length,tokens,p5,74128.00
78,1780553713323170560,1780553714323170560,Input Sequence Length,tokens,p10,74128.00
78,1780553713323170560,1780553714323170560,Input Sequence Length,tokens,p25,74128.00
78,1780553713323170560,1780553714323170560,Input Sequence Length,tokens,p50,74128.00
78,1780553713323170560,1780553714323170560,Input Sequence Length,tokens,p75,74128.00
78,1780553713323170560,1780553714323170560,Input Sequence Length,tokens,p90,74128.00
78,1780553713323170560,1780553714323170560,Input Sequence Length,tokens,p95,74128.00
78,1780553713323170560,1780553714323170560,Input Sequence Length,tokens,p99,74128.00
78,1780553713323170560,1780553714323170560,Input Sequence Length,tokens,std,0.00
78,1780553713323170560,1780553714323170560,Input Token Throughput,tokens/sec,avg,74128.00
78,1780553713323170560,1780553714323170560,Inter Chunk Latency,ms,avg,66.94
78,1780553713323170560,1780553714323170560,Inter Chunk Latency,ms,min,66.94
78,1780553713323170560,1780553714323170560,Inter Chunk Latency,ms,max,66.94
78,1780553713323170560,1780553714323170560,Inter Chunk Latency,ms,sum,334.70
78,1780553713323170560,1780553714323170560,Inter Chunk Latency,ms,p1,66.94
78,1780553713323170560,1780553714323170560,Inter Chunk Latency,ms,p5,66.94
78,1780553713323170560,1780553714323170560,Inter Chunk Latency,ms,p10,66.94
78,1780553713323170560,1780553714323170560,Inter Chunk Latency,ms,p25,66.94
78,1780553713323170560,1780553714323170560,Inter Chunk Latency,ms,p50,66.94
78,1780553713323170560,1780553714323170560,Inter Chunk Latency,ms,p75,66.94
78,1780553713323170560,1780553714323170560,Inter Chunk Latency,ms,p90,66.94
78,1780553713323170560,1780553714323170560,Inter Chunk Latency,ms,p95,66.94
78,1780553713323170560,1780553714323170560,Inter Chunk Latency,ms,p99,66.94
78,1780553713323170560,1780553714323170560,Inter Chunk Latency,ms,std,0.00
78,1780553713323170560,1780553714323170560,Inter Token Latency,ms,avg,467.19
78,1780553713323170560,1780553714323170560,Inter Token Latency,ms,min,467.19
78,1780553713323170560,1780553714323170560,Inter Token Latency,ms,max,467.19
78,1780553713323170560,1780553714323170560,Inter Token Latency,ms,sum,467.19
78,1780553713323170560,1780553714323170560,Inter Token Latency,ms,p1,467.19
78,1780553713323170560,1780553714323170560,Inter Token Latency,ms,p5,467.19
78,1780553713323170560,1780553714323170560,Inter Token Latency,ms,p10,467.19
78,1780553713323170560,1780553714323170560,Inter Token Latency,ms,p25,467.19
78,1780553713323170560,1780553714323170560,Inter Token Latency,ms,p50,467.19
78,1780553713323170560,1780553714323170560,Inter Token Latency,ms,p75,467.19
78,1780553713323170560,1780553714323170560,Inter Token Latency,ms,p90,467.19
78,1780553713323170560,1780553714323170560,Inter Token Latency,ms,p95,467.19
78,1780553713323170560,1780553714323170560,Inter Token Latency,ms,p99,467.19
78,1780553713323170560,1780553714323170560,Inter Token Latency,ms,std,0.00
78,1780553713323170560,1780553714323170560,Maximum Response Timestamp,ns,avg,1780553763740174592.00
78,1780553713323170560,1780553714323170560,Minimum Request Timestamp,ns,avg,1780553713804125440.00
78,1780553713323170560,1780553714323170560,OSL Mismatch Count,requests,avg,0.00
78,1780553713323170560,1780553714323170560,OSL Mismatch Diff %,%,avg,0.00
78,1780553713323170560,1780553714323170560,OSL Mismatch Diff %,%,min,0.00
78,1780553713323170560,1780553714323170560,OSL Mismatch Diff %,%,max,0.00
78,1780553713323170560,1780553714323170560,OSL Mismatch Diff %,%,sum,0.00
78,1780553713323170560,1780553714323170560,OSL Mismatch Diff %,%,p1,0.00
78,1780553713323170560,1780553714323170560,OSL Mismatch Diff %,%,p5,0.00
78,1780553713323170560,1780553714323170560,OSL Mismatch Diff %,%,p10,0.00
78,1780553713323170560,1780553714323170560,OSL Mismatch Diff %,%,p25,0.00
78,1780553713323170560,1780553714323170560,OSL Mismatch Diff %,%,p50,0.00
78,1780553713323170560,1780553714323170560,OSL Mismatch Diff %,%,p75,0.00
78,1780553713323170560,1780553714323170560,OSL Mismatch Diff %,%,p90,0.00
78,1780553713323170560,1780553714323170560,OSL Mismatch Diff %,%,p95,0.00
78,1780553713323170560,1780553714323170560,OSL Mismatch Diff %,%,p99,0.00
78,1780553713323170560,1780553714323170560,OSL Mismatch Diff %,%,std,0.00
78,1780553713323170560,1780553714323170560,Output Sequence Length,tokens,avg,6.00
78,1780553713323170560,1780553714323170560,Output Sequence Length,tokens,min,6.00
78,1780553713323170560,1780553714323170560,Output Sequence Length,tokens,max,6.00
78,1780553713323170560,1780553714323170560,Output Sequence Length,tokens,sum,6.00
78,1780553713323170560,1780553714323170560,Output Sequence Length,tokens,p1,6.00
78,1780553713323170560,1780553714323170560,Output Sequence Length,tokens,p5,6.00
78,1780553713323170560,1780553714323170560,Output Sequence Length,tokens,p10,6.00
78,1780553713323170560,1780553714323170560,Output Sequence Length,tokens,p25,6.00
78,1780553713323170560,1780553714323170560,Output Sequence Length,tokens,p50,6.00
78,1780553713323170560,1780553714323170560,Output Sequence Length,tokens,p75,6.00
78,1780553713323170560,1780553714323170560,Output Sequence Length,tokens,p90,6.00
78,1780553713323170560,1780553714323170560,Output Sequence Length,tokens,p95,6.00
78,1780553713323170560,1780553714323170560,Output Sequence Length,tokens,p99,6.00
78,1780553713323170560,1780553714323170560,Output Sequence Length,tokens,std,0.00
78,1780553713323170560,1780553714323170560,Output Token Count,tokens,avg,6.00
78,1780553713323170560,1780553714323170560,Output Token Count,tokens,min,6.00
78,1780553713323170560,1780553714323170560,Output Token Count,tokens,max,6.00
78,1780553713323170560,1780553714323170560,Output Token Count,tokens,sum,6.00
78,1780553713323170560,1780553714323170560,Output Token Count,tokens,p1,6.00
78,1780553713323170560,1780553714323170560,Output Token Count,tokens,p5,6.00
78,1780553713323170560,1780553714323170560,Output Token Count,tokens,p10,6.00
78,1780553713323170560,1780553714323170560,Output Token Count,tokens,p25,6.00
78,1780553713323170560,1780553714323170560,Output Token Count,tokens,p50,6.00
78,1780553713323170560,1780553714323170560,Output Token Count,tokens,p75,6.00
78,1780553713323170560,1780553714323170560,Output Token Count,tokens,p90,6.00
78,1780553713323170560,1780553714323170560,Output Token Count,tokens,p95,6.00
78,1780553713323170560,1780553714323170560,Output Token Count,tokens,p99,6.00
78,1780553713323170560,1780553714323170560,Output Token Count,tokens,std,0.00
78,1780553713323170560,1780553714323170560,Output Token Throughput,tokens/sec,avg,6.00
78,1780553713323170560,1780553714323170560,Output Token Throughput Per User,tokens/sec/user,avg,2.14
78,1780553713323170560,1780553714323170560,Output Token Throughput Per User,tokens/sec/user,min,2.14
78,1780553713323170560,1780553714323170560,Output Token Throughput Per User,tokens/sec/user,max,2.14
78,1780553713323170560,1780553714323170560,Output Token Throughput Per User,tokens/sec/user,sum,2.14
78,1780553713323170560,1780553714323170560,Output Token Throughput Per User,tokens/sec/user,p1,2.14
78,1780553713323170560,1780553714323170560,Output Token Throughput Per User,tokens/sec/user,p5,2.14
78,1780553713323170560,1780553714323170560,Output Token Throughput Per User,tokens/sec/user,p10,2.14
78,1780553713323170560,1780553714323170560,Output Token Throughput Per User,tokens/sec/user,p25,2.14
78,1780553713323170560,1780553714323170560,Output Token Throughput Per User,tokens/sec/user,p50,2.14
78,1780553713323170560,1780553714323170560,Output Token Throughput Per User,tokens/sec/user,p75,2.14
78,1780553713323170560,1780553714323170560,Output Token Throughput Per User,tokens/sec/user,p90,2.14
78,1780553713323170560,1780553714323170560,Output Token Throughput Per User,tokens/sec/user,p95,2.14
78,1780553713323170560,1780553714323170560,Output Token Throughput Per User,tokens/sec/user,p99,2.14
78,1780553713323170560,1780553714323170560,Output Token Throughput Per User,tokens/sec/user,std,0.00
78,1780553713323170560,1780553714323170560,Prefill Throughput Per User,tokens/sec/user,avg,1557.31
78,1780553713323170560,1780553714323170560,Prefill Throughput Per User,tokens/sec/user,min,1557.31
78,1780553713323170560,1780553714323170560,Prefill Throughput Per User,tokens/sec/user,max,1557.31
78,1780553713323170560,1780553714323170560,Prefill Throughput Per User,tokens/sec/user,sum,1557.31
78,1780553713323170560,1780553714323170560,Prefill Throughput Per User,tokens/sec/user,p1,1557.31
78,1780553713323170560,1780553714323170560,Prefill Throughput Per User,tokens/sec/user,p5,1557.31
78,1780553713323170560,1780553714323170560,Prefill Throughput Per User,tokens/sec/user,p10,1557.31
78,1780553713323170560,1780553714323170560,Prefill Throughput Per User,tokens/sec/user,p25,1557.31
78,1780553713323170560,1780553714323170560,Prefill Throughput Per User,tokens/sec/user,p50,1557.31
78,1780553713323170560,1780553714323170560,Prefill Throughput Per User,tokens/sec/user,p75,1557.31
78,1780553713323170560,1780553714323170560,Prefill Throughput Per User,tokens/sec/user,p90,1557.31
78,1780553713323170560,1780553714323170560,Prefill Throughput Per User,tokens/sec/user,p95,1557.31
78,1780553713323170560,1780553714323170560,Prefill Throughput Per User,tokens/sec/user,p99,1557.31
78,1780553713323170560,1780553714323170560,Prefill Throughput Per User,tokens/sec/user,std,0.00
78,1780553713323170560,1780553714323170560,Request Count,requests,avg,1.00
78,1780553713323170560,1780553714323170560,Request Latency,ms,avg,49936.05
78,1780553713323170560,1780553714323170560,Request Latency,ms,min,49936.05
78,1780553713323170560,1780553714323170560,Request Latency,ms,max,49936.05
78,1780553713323170560,1780553714323170560,Request Latency,ms,sum,49936.05
78,1780553713323170560,1780553714323170560,Request Latency,ms,p1,49936.05
78,1780553713323170560,1780553714323170560,Request Latency,ms,p5,49936.05
78,1780553713323170560,1780553714323170560,Request Latency,ms,p10,49936.05
78,1780553713323170560,1780553714323170560,Request Latency,ms,p25,49936.05
78,1780553713323170560,1780553714323170560,Request Latency,ms,p50,49936.05
78,1780553713323170560,1780553714323170560,Request Latency,ms,p75,49936.05
78,1780553713323170560,1780553714323170560,Request Latency,ms,p90,49936.05
78,1780553713323170560,1780553714323170560,Request Latency,ms,p95,49936.05
78,1780553713323170560,1780553714323170560,Request Latency,ms,p99,49936.05
78,1780553713323170560,1780553714323170560,Request Latency,ms,std,0.00
78,1780553713323170560,1780553714323170560,Request Throughput,requests/sec,avg,1.00
78,1780553713323170560,1780553714323170560,Requested OSL,tokens,avg,6.00
78,1780553713323170560,1780553714323170560,Requested OSL,tokens,min,6.00
78,1780553713323170560,1780553714323170560,Requested OSL,tokens,max,6.00
78,1780553713323170560,1780553714323170560,Requested OSL,tokens,sum,6.00
78,1780553713323170560,1780553714323170560,Requested OSL,tokens,p1,6.00
78,1780553713323170560,1780553714323170560,Requested OSL,tokens,p5,6.00
78,1780553713323170560,1780553714323170560,Requested OSL,tokens,p10,6.00
78,1780553713323170560,1780553714323170560,Requested OSL,tokens,p25,6.00
78,1780553713323170560,1780553714323170560,Requested OSL,tokens,p50,6.00
78,1780553713323170560,1780553714323170560,Requested OSL,tokens,p75,6.00
78,1780553713323170560,1780553714323170560,Requested OSL,tokens,p90,6.00
78,1780553713323170560,1780553714323170560,Requested OSL,tokens,p95,6.00
78,1780553713323170560,1780553714323170560,Requested OSL,tokens,p99,6.00
78,1780553713323170560,1780553714323170560,Requested OSL,tokens,std,0.00
78,1780553713323170560,1780553714323170560,Time to First Output Token,ms,avg,47600.12
78,1780553713323170560,1780553714323170560,Time to First Output Token,ms,min,47600.12
78,1780553713323170560,1780553714323170560,Time to First Output Token,ms,max,47600.12
78,1780553713323170560,1780553714323170560,Time to First Output Token,ms,sum,47600.12
78,1780553713323170560,1780553714323170560,Time to First Output Token,ms,p1,47600.12
78,1780553713323170560,1780553714323170560,Time to First Output Token,ms,p5,47600.12
78,1780553713323170560,1780553714323170560,Time to First Output Token,ms,p10,47600.12
78,1780553713323170560,1780553714323170560,Time to First Output Token,ms,p25,47600.12
78,1780553713323170560,1780553714323170560,Time to First Output Token,ms,p50,47600.12
78,1780553713323170560,1780553714323170560,Time to First Output Token,ms,p75,47600.12
78,1780553713323170560,1780553714323170560,Time to First Output Token,ms,p90,47600.12
78,1780553713323170560,1780553714323170560,Time to First Output Token,ms,p95,47600.12
78,1780553713323170560,1780553714323170560,Time to First Output Token,ms,p99,47600.12
78,1780553713323170560,1780553714323170560,Time to First Output Token,ms,std,0.00
78,1780553713323170560,1780553714323170560,Time to First Token,ms,avg,47600.12
78,1780553713323170560,1780553714323170560,Time to First Token,ms,min,47600.12
78,1780553713323170560,1780553714323170560,Time to First Token,ms,max,47600.12
78,1780553713323170560,1780553714323170560,Time to First Token,ms,sum,47600.12
78,1780553713323170560,1780553714323170560,Time to First Token,ms,p1,47600.12
78,1780553713323170560,1780553714323170560,Time to First Token,ms,p5,47600.12
78,1780553713323170560,1780553714323170560,Time to First Token,ms,p10,47600.12
78,1780553713323170560,1780553714323170560,Time to First Token,ms,p25,47600.12
78,1780553713323170560,1780553714323170560,Time to First Token,ms,p50,47600.12
78,1780553713323170560,1780553714323170560,Time to First Token,ms,p75,47600.12
78,1780553713323170560,1780553714323170560,Time to First Token,ms,p90,47600.12
78,1780553713323170560,1780553714323170560,Time to First Token,ms,p95,47600.12
78,1780553713323170560,1780553714323170560,Time to First Token,ms,p99,47600.12
78,1780553713323170560,1780553714323170560,Time to First Token,ms,std,0.00
78,1780553713323170560,1780553714323170560,Time to Second Token,ms,avg,234.93
78,1780553713323170560,1780553714323170560,Time to Second Token,ms,min,234.93
78,1780553713323170560,1780553714323170560,Time to Second Token,ms,max,234.93
78,1780553713323170560,1780553714323170560,Time to Second Token,ms,sum,234.93
78,1780553713323170560,1780553714323170560,Time to Second Token,ms,p1,234.93
78,1780553713323170560,1780553714323170560,Time to Second Token,ms,p5,234.93
78,1780553713323170560,1780553714323170560,Time to Second Token,ms,p10,234.93
78,1780553713323170560,1780553714323170560,Time to Second Token,ms,p25,234.93
78,1780553713323170560,1780553714323170560,Time to Second Token,ms,p50,234.93
78,1780553713323170560,1780553714323170560,Time to Second Token,ms,p75,234.93
78,1780553713323170560,1780553714323170560,Time to Second Token,ms,p90,234.93
78,1780553713323170560,1780553714323170560,Time to Second Token,ms,p95,234.93
78,1780553713323170560,1780553714323170560,Time to Second Token,ms,p99,234.93
78,1780553713323170560,1780553714323170560,Time to Second Token,ms,std,0.00
78,1780553713323170560,1780553714323170560,Tokens In Flight,tokens,avg,1603360.89
78,1780553713323170560,1780553714323170560,Tokens In Flight,tokens,min,1564830.18
78,1780553713323170560,1780553714323170560,Tokens In Flight,tokens,max,1639067.77
78,1780553713323170560,1780553714323170560,Tokens In Flight,tokens,p50,1639012.84
78,1780553713323170560,1780553714323170560,Tokens In Flight,tokens,p90,1639057.08
78,1780553713323170560,1780553714323170560,Tokens In Flight,tokens,p95,1639061.40
78,1780553713323170560,1780553714323170560,Tokens In Flight,tokens,p99,1639067.77
78,1780553713323170560,1780553714323170560,Tokens In Flight,tokens,std,37064.54
78,1780553713323170560,1780553714323170560,Total Input Sequence Length,tokens,avg,74128.00
78,1780553713323170560,1780553714323170560,Total Output Sequence Length,tokens,avg,6.00
78,1780553713323170560,1780553714323170560,Total Output Tokens,tokens,avg,6.00
78,1780553713323170560,1780553714323170560,Total Token Throughput,tokens/sec,avg,74134.00
78,1780553713323170560,1780553714323170560,Total Usage Completion Tokens,tokens,avg,6.00
78,1780553713323170560,1780553714323170560,Total Usage Prompt Tokens,tokens,avg,74128.00
78,1780553713323170560,1780553714323170560,Total Usage Total Tokens,tokens,avg,74134.00
78,1780553713323170560,1780553714323170560,Usage Completion Tokens,tokens,avg,6.00
78,1780553713323170560,1780553714323170560,Usage Completion Tokens,tokens,min,6.00
78,1780553713323170560,1780553714323170560,Usage Completion Tokens,tokens,max,6.00
78,1780553713323170560,1780553714323170560,Usage Completion Tokens,tokens,sum,6.00
78,1780553713323170560,1780553714323170560,Usage Completion Tokens,tokens,p1,6.00
78,1780553713323170560,1780553714323170560,Usage Completion Tokens,tokens,p5,6.00
78,1780553713323170560,1780553714323170560,Usage Completion Tokens,tokens,p10,6.00
78,1780553713323170560,1780553714323170560,Usage Completion Tokens,tokens,p25,6.00
78,1780553713323170560,1780553714323170560,Usage Completion Tokens,tokens,p50,6.00
78,1780553713323170560,1780553714323170560,Usage Completion Tokens,tokens,p75,6.00
78,1780553713323170560,1780553714323170560,Usage Completion Tokens,tokens,p90,6.00
78,1780553713323170560,1780553714323170560,Usage Completion Tokens,tokens,p95,6.00
78,1780553713323170560,1780553714323170560,Usage Completion Tokens,tokens,p99,6.00
78,1780553713323170560,1780553714323170560,Usage Completion Tokens,tokens,std,0.00
78,1780553713323170560,1780553714323170560,Usage Prompt Tokens,tokens,avg,74128.00
78,1780553713323170560,1780553714323170560,Usage Prompt Tokens,tokens,min,74128.00
78,1780553713323170560,1780553714323170560,Usage Prompt Tokens,tokens,max,74128.00
78,1780553713323170560,1780553714323170560,Usage Prompt Tokens,tokens,sum,74128.00
78,1780553713323170560,1780553714323170560,Usage Prompt Tokens,tokens,p1,74128.00
78,1780553713323170560,1780553714323170560,Usage Prompt Tokens,tokens,p5,74128.00
78,1780553713323170560,1780553714323170560,Usage Prompt Tokens,tokens,p10,74128.00
78,1780553713323170560,1780553714323170560,Usage Prompt Tokens,tokens,p25,74128.00
78,1780553713323170560,1780553714323170560,Usage Prompt Tokens,tokens,p50,74128.00
78,1780553713323170560,1780553714323170560,Usage Prompt Tokens,tokens,p75,74128.00
78,1780553713323170560,1780553714323170560,Usage Prompt Tokens,tokens,p90,74128.00
78,1780553713323170560,1780553714323170560,Usage Prompt Tokens,tokens,p95,74128.00
78,1780553713323170560,1780553714323170560,Usage Prompt Tokens,tokens,p99,74128.00
78,1780553713323170560,1780553714323170560,Usage Prompt Tokens,tokens,std,0.00
78,1780553713323170560,1780553714323170560,Usage Total Tokens,tokens,avg,74134.00
78,1780553713323170560,1780553714323170560,Usage Total Tokens,tokens,min,74134.00
78,1780553713323170560,1780553714323170560,Usage Total Tokens,tokens,max,74134.00
78,1780553713323170560,1780553714323170560,Usage Total Tokens,tokens,sum,74134.00
78,1780553713323170560,1780553714323170560,Usage Total Tokens,tokens,p1,74134.00
78,1780553713323170560,1780553714323170560,Usage Total Tokens,tokens,p5,74134.00
78,1780553713323170560,1780553714323170560,Usage Total Tokens,tokens,p10,74134.00
78,1780553713323170560,1780553714323170560,Usage Total Tokens,tokens,p25,74134.00
78,1780553713323170560,1780553714323170560,Usage Total Tokens,tokens,p50,74134.00
78,1780553713323170560,1780553714323170560,Usage Total Tokens,tokens,p75,74134.00
78,1780553713323170560,1780553714323170560,Usage Total Tokens,tokens,p90,74134.00
78,1780553713323170560,1780553714323170560,Usage Total Tokens,tokens,p95,74134.00
78,1780553713323170560,1780553714323170560,Usage Total Tokens,tokens,p99,74134.00
78,1780553713323170560,1780553714323170560,Usage Total Tokens,tokens,std,0.00
79,1780553730323170560,1780553731323170560,Active Decode Throughput,tokens/sec,avg,103.99
79,1780553730323170560,1780553731323170560,Active Decode Throughput,tokens/sec,min,74.84
79,1780553730323170560,1780553731323170560,Active Decode Throughput,tokens/sec,max,124.55
79,1780553730323170560,1780553731323170560,Active Decode Throughput,tokens/sec,p50,109.36
79,1780553730323170560,1780553731323170560,Active Decode Throughput,tokens/sec,p90,109.36
79,1780553730323170560,1780553731323170560,Active Decode Throughput,tokens/sec,p95,109.36
79,1780553730323170560,1780553731323170560,Active Decode Throughput,tokens/sec,p99,109.36
79,1780553730323170560,1780553731323170560,Active Decode Throughput,tokens/sec,std,7.17
79,1780553730323170560,1780553731323170560,Active Decode Throughput Per User,tokens/sec/user,avg,9.45
79,1780553730323170560,1780553731323170560,Active Decode Throughput Per User,tokens/sec/user,min,6.80
79,1780553730323170560,1780553731323170560,Active Decode Throughput Per User,tokens/sec/user,max,11.32
79,1780553730323170560,1780553731323170560,Active Decode Throughput Per User,tokens/sec/user,p50,9.94
79,1780553730323170560,1780553731323170560,Active Decode Throughput Per User,tokens/sec/user,p90,9.94
79,1780553730323170560,1780553731323170560,Active Decode Throughput Per User,tokens/sec/user,p95,9.94
79,1780553730323170560,1780553731323170560,Active Decode Throughput Per User,tokens/sec/user,p99,9.94
79,1780553730323170560,1780553731323170560,Active Decode Throughput Per User,tokens/sec/user,std,0.65
79,1780553730323170560,1780553731323170560,Active Prefill Throughput,tokens/sec,avg,5683.78
79,1780553730323170560,1780553731323170560,Active Prefill Throughput,tokens/sec,min,5558.45
79,1780553730323170560,1780553731323170560,Active Prefill Throughput,tokens/sec,max,8550.17
79,1780553730323170560,1780553731323170560,Active Prefill Throughput,tokens/sec,p50,5558.45
79,1780553730323170560,1780553731323170560,Active Prefill Throughput,tokens/sec,p90,5558.45
79,1780553730323170560,1780553731323170560,Active Prefill Throughput,tokens/sec,p95,5558.45
79,1780553730323170560,1780553731323170560,Active Prefill Throughput,tokens/sec,p99,8550.17
79,1780553730323170560,1780553731323170560,Active Prefill Throughput,tokens/sec,std,599.38
79,1780553730323170560,1780553731323170560,Active Prefill Throughput Per User,tokens/sec/user,avg,1403.04
79,1780553730323170560,1780553731323170560,Active Prefill Throughput Per User,tokens/sec/user,min,1389.61
79,1780553730323170560,1780553731323170560,Active Prefill Throughput Per User,tokens/sec/user,max,1710.03
79,1780553730323170560,1780553731323170560,Active Prefill Throughput Per User,tokens/sec/user,p50,1389.61
79,1780553730323170560,1780553731323170560,Active Prefill Throughput Per User,tokens/sec/user,p90,1389.61
79,1780553730323170560,1780553731323170560,Active Prefill Throughput Per User,tokens/sec/user,p95,1389.61
79,1780553730323170560,1780553731323170560,Active Prefill Throughput Per User,tokens/sec/user,p99,1710.03
79,1780553730323170560,1780553731323170560,Active Prefill Throughput Per User,tokens/sec/user,std,64.19
79,1780553730323170560,1780553731323170560,Active Total Throughput,tokens/sec,avg,5746.22
79,1780553730323170560,1780553731323170560,Active Total Throughput,tokens/sec,min,5620.89
79,1780553730323170560,1780553731323170560,Active Total Throughput,tokens/sec,max,8612.61
79,1780553730323170560,1780553731323170560,Active Total Throughput,tokens/sec,p50,5620.89
79,1780553730323170560,1780553731323170560,Active Total Throughput,tokens/sec,p90,5620.89
79,1780553730323170560,1780553731323170560,Active Total Throughput,tokens/sec,p95,5620.89
79,1780553730323170560,1780553731323170560,Active Total Throughput,tokens/sec,p99,8612.61
79,1780553730323170560,1780553731323170560,Active Total Throughput,tokens/sec,std,599.38
79,1780553730323170560,1780553731323170560,Benchmark Duration,sec,avg,123.03
79,1780553730323170560,1780553731323170560,E2E Output Token Throughput,tokens/sec/user,avg,3.97
79,1780553730323170560,1780553731323170560,E2E Output Token Throughput,tokens/sec/user,min,3.97
79,1780553730323170560,1780553731323170560,E2E Output Token Throughput,tokens/sec/user,max,3.97
79,1780553730323170560,1780553731323170560,E2E Output Token Throughput,tokens/sec/user,sum,3.97
79,1780553730323170560,1780553731323170560,E2E Output Token Throughput,tokens/sec/user,p1,3.97
79,1780553730323170560,1780553731323170560,E2E Output Token Throughput,tokens/sec/user,p5,3.97
79,1780553730323170560,1780553731323170560,E2E Output Token Throughput,tokens/sec/user,p10,3.97
79,1780553730323170560,1780553731323170560,E2E Output Token Throughput,tokens/sec/user,p25,3.97
79,1780553730323170560,1780553731323170560,E2E Output Token Throughput,tokens/sec/user,p50,3.97
79,1780553730323170560,1780553731323170560,E2E Output Token Throughput,tokens/sec/user,p75,3.97
79,1780553730323170560,1780553731323170560,E2E Output Token Throughput,tokens/sec/user,p90,3.97
79,1780553730323170560,1780553731323170560,E2E Output Token Throughput,tokens/sec/user,p95,3.97
79,1780553730323170560,1780553731323170560,E2E Output Token Throughput,tokens/sec/user,p99,3.97
79,1780553730323170560,1780553731323170560,E2E Output Token Throughput,tokens/sec/user,std,0.00
79,1780553730323170560,1780553731323170560,Effective Concurrency,requests,avg,15.04
79,1780553730323170560,1780553731323170560,Effective Concurrency,requests,min,15.00
79,1780553730323170560,1780553731323170560,Effective Concurrency,requests,max,16.00
79,1780553730323170560,1780553731323170560,Effective Concurrency,requests,p50,15.00
79,1780553730323170560,1780553731323170560,Effective Concurrency,requests,p90,15.00
79,1780553730323170560,1780553731323170560,Effective Concurrency,requests,p95,15.00
79,1780553730323170560,1780553731323170560,Effective Concurrency,requests,p99,16.00
79,1780553730323170560,1780553731323170560,Effective Concurrency,requests,std,0.20
79,1780553730323170560,1780553731323170560,Effective Decode Concurrency,requests,avg,11.00
79,1780553730323170560,1780553731323170560,Effective Decode Concurrency,requests,min,11.00
79,1780553730323170560,1780553731323170560,Effective Decode Concurrency,requests,max,11.00
79,1780553730323170560,1780553731323170560,Effective Decode Concurrency,requests,p50,11.00
79,1780553730323170560,1780553731323170560,Effective Decode Concurrency,requests,p90,11.00
79,1780553730323170560,1780553731323170560,Effective Decode Concurrency,requests,p95,11.00
79,1780553730323170560,1780553731323170560,Effective Decode Concurrency,requests,p99,11.00
79,1780553730323170560,1780553731323170560,Effective Decode Concurrency,requests,std,0.00
79,1780553730323170560,1780553731323170560,Effective Decode Throughput,tokens/sec,avg,103.99
79,1780553730323170560,1780553731323170560,Effective Decode Throughput,tokens/sec,min,74.84
79,1780553730323170560,1780553731323170560,Effective Decode Throughput,tokens/sec,max,124.55
79,1780553730323170560,1780553731323170560,Effective Decode Throughput,tokens/sec,p50,109.36
79,1780553730323170560,1780553731323170560,Effective Decode Throughput,tokens/sec,p90,109.36
79,1780553730323170560,1780553731323170560,Effective Decode Throughput,tokens/sec,p95,109.36
79,1780553730323170560,1780553731323170560,Effective Decode Throughput,tokens/sec,p99,109.36
79,1780553730323170560,1780553731323170560,Effective Decode Throughput,tokens/sec,std,7.17
79,1780553730323170560,1780553731323170560,Effective Decode Throughput Per User,tokens/sec/user,avg,9.45
79,1780553730323170560,1780553731323170560,Effective Decode Throughput Per User,tokens/sec/user,min,6.80
79,1780553730323170560,1780553731323170560,Effective Decode Throughput Per User,tokens/sec/user,max,11.32
79,1780553730323170560,1780553731323170560,Effective Decode Throughput Per User,tokens/sec/user,p50,9.94
79,1780553730323170560,1780553731323170560,Effective Decode Throughput Per User,tokens/sec/user,p90,9.94
79,1780553730323170560,1780553731323170560,Effective Decode Throughput Per User,tokens/sec/user,p95,9.94
79,1780553730323170560,1780553731323170560,Effective Decode Throughput Per User,tokens/sec/user,p99,9.94
79,1780553730323170560,1780553731323170560,Effective Decode Throughput Per User,tokens/sec/user,std,0.65
79,1780553730323170560,1780553731323170560,Effective Prefill Concurrency,requests,avg,4.04
79,1780553730323170560,1780553731323170560,Effective Prefill Concurrency,requests,min,4.00
79,1780553730323170560,1780553731323170560,Effective Prefill Concurrency,requests,max,5.00
79,1780553730323170560,1780553731323170560,Effective Prefill Concurrency,requests,p50,4.00
79,1780553730323170560,1780553731323170560,Effective Prefill Concurrency,requests,p90,4.00
79,1780553730323170560,1780553731323170560,Effective Prefill Concurrency,requests,p95,4.00
79,1780553730323170560,1780553731323170560,Effective Prefill Concurrency,requests,p99,5.00
79,1780553730323170560,1780553731323170560,Effective Prefill Concurrency,requests,std,0.20
79,1780553730323170560,1780553731323170560,Effective Prefill Throughput,tokens/sec,avg,5683.78
79,1780553730323170560,1780553731323170560,Effective Prefill Throughput,tokens/sec,min,5558.45
79,1780553730323170560,1780553731323170560,Effective Prefill Throughput,tokens/sec,max,8550.17
79,1780553730323170560,1780553731323170560,Effective Prefill Throughput,tokens/sec,p50,5558.45
79,1780553730323170560,1780553731323170560,Effective Prefill Throughput,tokens/sec,p90,5558.45
79,1780553730323170560,1780553731323170560,Effective Prefill Throughput,tokens/sec,p95,5558.45
79,1780553730323170560,1780553731323170560,Effective Prefill Throughput,tokens/sec,p99,8550.17
79,1780553730323170560,1780553731323170560,Effective Prefill Throughput,tokens/sec,std,599.38
79,1780553730323170560,1780553731323170560,Effective Prefill Throughput Per User,tokens/sec/user,avg,1403.04
79,1780553730323170560,1780553731323170560,Effective Prefill Throughput Per User,tokens/sec/user,min,1389.61
79,1780553730323170560,1780553731323170560,Effective Prefill Throughput Per User,tokens/sec/user,max,1710.03
79,1780553730323170560,1780553731323170560,Effective Prefill Throughput Per User,tokens/sec/user,p50,1389.61
79,1780553730323170560,1780553731323170560,Effective Prefill Throughput Per User,tokens/sec/user,p90,1389.61
79,1780553730323170560,1780553731323170560,Effective Prefill Throughput Per User,tokens/sec/user,p95,1389.61
79,1780553730323170560,1780553731323170560,Effective Prefill Throughput Per User,tokens/sec/user,p99,1710.03
79,1780553730323170560,1780553731323170560,Effective Prefill Throughput Per User,tokens/sec/user,std,64.19
79,1780553730323170560,1780553731323170560,Effective Total Throughput,tokens/sec,avg,5746.22
79,1780553730323170560,1780553731323170560,Effective Total Throughput,tokens/sec,min,5620.89
79,1780553730323170560,1780553731323170560,Effective Total Throughput,tokens/sec,max,8612.61
79,1780553730323170560,1780553731323170560,Effective Total Throughput,tokens/sec,p50,5620.89
79,1780553730323170560,1780553731323170560,Effective Total Throughput,tokens/sec,p90,5620.89
79,1780553730323170560,1780553731323170560,Effective Total Throughput,tokens/sec,p95,5620.89
79,1780553730323170560,1780553731323170560,Effective Total Throughput,tokens/sec,p99,8612.61
79,1780553730323170560,1780553731323170560,Effective Total Throughput,tokens/sec,std,599.38
79,1780553730323170560,1780553731323170560,HTTP Blocked,ms,avg,0.00
79,1780553730323170560,1780553731323170560,HTTP Blocked,ms,min,0.00
79,1780553730323170560,1780553731323170560,HTTP Blocked,ms,max,0.00
79,1780553730323170560,1780553731323170560,HTTP Blocked,ms,sum,0.00
79,1780553730323170560,1780553731323170560,HTTP Blocked,ms,p1,0.00
79,1780553730323170560,1780553731323170560,HTTP Blocked,ms,p5,0.00
79,1780553730323170560,1780553731323170560,HTTP Blocked,ms,p10,0.00
79,1780553730323170560,1780553731323170560,HTTP Blocked,ms,p25,0.00
79,1780553730323170560,1780553731323170560,HTTP Blocked,ms,p50,0.00
79,1780553730323170560,1780553731323170560,HTTP Blocked,ms,p75,0.00
79,1780553730323170560,1780553731323170560,HTTP Blocked,ms,p90,0.00
79,1780553730323170560,1780553731323170560,HTTP Blocked,ms,p95,0.00
79,1780553730323170560,1780553731323170560,HTTP Blocked,ms,p99,0.00
79,1780553730323170560,1780553731323170560,HTTP Blocked,ms,std,0.00
79,1780553730323170560,1780553731323170560,HTTP Chunks Received,count,avg,488.00
79,1780553730323170560,1780553731323170560,HTTP Chunks Received,count,min,488.00
79,1780553730323170560,1780553731323170560,HTTP Chunks Received,count,max,488.00
79,1780553730323170560,1780553731323170560,HTTP Chunks Received,count,sum,488.00
79,1780553730323170560,1780553731323170560,HTTP Chunks Received,count,p1,488.00
79,1780553730323170560,1780553731323170560,HTTP Chunks Received,count,p5,488.00
79,1780553730323170560,1780553731323170560,HTTP Chunks Received,count,p10,488.00
79,1780553730323170560,1780553731323170560,HTTP Chunks Received,count,p25,488.00
79,1780553730323170560,1780553731323170560,HTTP Chunks Received,count,p50,488.00
79,1780553730323170560,1780553731323170560,HTTP Chunks Received,count,p75,488.00
79,1780553730323170560,1780553731323170560,HTTP Chunks Received,count,p90,488.00
79,1780553730323170560,1780553731323170560,HTTP Chunks Received,count,p95,488.00
79,1780553730323170560,1780553731323170560,HTTP Chunks Received,count,p99,488.00
79,1780553730323170560,1780553731323170560,HTTP Chunks Received,count,std,0.00
79,1780553730323170560,1780553731323170560,HTTP Chunks Sent,count,avg,1.00
79,1780553730323170560,1780553731323170560,HTTP Chunks Sent,count,min,1.00
79,1780553730323170560,1780553731323170560,HTTP Chunks Sent,count,max,1.00
79,1780553730323170560,1780553731323170560,HTTP Chunks Sent,count,sum,1.00
79,1780553730323170560,1780553731323170560,HTTP Chunks Sent,count,p1,1.00
79,1780553730323170560,1780553731323170560,HTTP Chunks Sent,count,p5,1.00
79,1780553730323170560,1780553731323170560,HTTP Chunks Sent,count,p10,1.00
79,1780553730323170560,1780553731323170560,HTTP Chunks Sent,count,p25,1.00
79,1780553730323170560,1780553731323170560,HTTP Chunks Sent,count,p50,1.00
79,1780553730323170560,1780553731323170560,HTTP Chunks Sent,count,p75,1.00
79,1780553730323170560,1780553731323170560,HTTP Chunks Sent,count,p90,1.00
79,1780553730323170560,1780553731323170560,HTTP Chunks Sent,count,p95,1.00
79,1780553730323170560,1780553731323170560,HTTP Chunks Sent,count,p99,1.00
79,1780553730323170560,1780553731323170560,HTTP Chunks Sent,count,std,0.00
79,1780553730323170560,1780553731323170560,HTTP Connecting,ms,avg,1.22
79,1780553730323170560,1780553731323170560,HTTP Connecting,ms,min,1.22
79,1780553730323170560,1780553731323170560,HTTP Connecting,ms,max,1.22
79,1780553730323170560,1780553731323170560,HTTP Connecting,ms,sum,1.22
79,1780553730323170560,1780553731323170560,HTTP Connecting,ms,p1,1.22
79,1780553730323170560,1780553731323170560,HTTP Connecting,ms,p5,1.22
79,1780553730323170560,1780553731323170560,HTTP Connecting,ms,p10,1.22
79,1780553730323170560,1780553731323170560,HTTP Connecting,ms,p25,1.22
79,1780553730323170560,1780553731323170560,HTTP Connecting,ms,p50,1.22
79,1780553730323170560,1780553731323170560,HTTP Connecting,ms,p75,1.22
79,1780553730323170560,1780553731323170560,HTTP Connecting,ms,p90,1.22
79,1780553730323170560,1780553731323170560,HTTP Connecting,ms,p95,1.22
79,1780553730323170560,1780553731323170560,HTTP Connecting,ms,p99,1.22
79,1780553730323170560,1780553731323170560,HTTP Connecting,ms,std,0.00
79,1780553730323170560,1780553731323170560,HTTP Connection Overhead,ms,avg,1.75
79,1780553730323170560,1780553731323170560,HTTP Connection Overhead,ms,min,1.75
79,1780553730323170560,1780553731323170560,HTTP Connection Overhead,ms,max,1.75
79,1780553730323170560,1780553731323170560,HTTP Connection Overhead,ms,sum,1.75
79,1780553730323170560,1780553731323170560,HTTP Connection Overhead,ms,p1,1.75
79,1780553730323170560,1780553731323170560,HTTP Connection Overhead,ms,p5,1.75
79,1780553730323170560,1780553731323170560,HTTP Connection Overhead,ms,p10,1.75
79,1780553730323170560,1780553731323170560,HTTP Connection Overhead,ms,p25,1.75
79,1780553730323170560,1780553731323170560,HTTP Connection Overhead,ms,p50,1.75
79,1780553730323170560,1780553731323170560,HTTP Connection Overhead,ms,p75,1.75
79,1780553730323170560,1780553731323170560,HTTP Connection Overhead,ms,p90,1.75
79,1780553730323170560,1780553731323170560,HTTP Connection Overhead,ms,p95,1.75
79,1780553730323170560,1780553731323170560,HTTP Connection Overhead,ms,p99,1.75
79,1780553730323170560,1780553731323170560,HTTP Connection Overhead,ms,std,0.00
79,1780553730323170560,1780553731323170560,HTTP Connection Reused,ratio,avg,0.00
79,1780553730323170560,1780553731323170560,HTTP Connection Reused,ratio,min,0.00
79,1780553730323170560,1780553731323170560,HTTP Connection Reused,ratio,max,0.00
79,1780553730323170560,1780553731323170560,HTTP Connection Reused,ratio,sum,0.00
79,1780553730323170560,1780553731323170560,HTTP Connection Reused,ratio,p1,0.00
79,1780553730323170560,1780553731323170560,HTTP Connection Reused,ratio,p5,0.00
79,1780553730323170560,1780553731323170560,HTTP Connection Reused,ratio,p10,0.00
79,1780553730323170560,1780553731323170560,HTTP Connection Reused,ratio,p25,0.00
79,1780553730323170560,1780553731323170560,HTTP Connection Reused,ratio,p50,0.00
79,1780553730323170560,1780553731323170560,HTTP Connection Reused,ratio,p75,0.00
79,1780553730323170560,1780553731323170560,HTTP Connection Reused,ratio,p90,0.00
79,1780553730323170560,1780553731323170560,HTTP Connection Reused,ratio,p95,0.00
79,1780553730323170560,1780553731323170560,HTTP Connection Reused,ratio,p99,0.00
79,1780553730323170560,1780553731323170560,HTTP Connection Reused,ratio,std,0.00
79,1780553730323170560,1780553731323170560,HTTP Data Received,KB,avg,121.89
79,1780553730323170560,1780553731323170560,HTTP Data Received,KB,min,121.89
79,1780553730323170560,1780553731323170560,HTTP Data Received,KB,max,121.89
79,1780553730323170560,1780553731323170560,HTTP Data Received,KB,sum,121.89
79,1780553730323170560,1780553731323170560,HTTP Data Received,KB,p1,121.89
79,1780553730323170560,1780553731323170560,HTTP Data Received,KB,p5,121.89
79,1780553730323170560,1780553731323170560,HTTP Data Received,KB,p10,121.89
79,1780553730323170560,1780553731323170560,HTTP Data Received,KB,p25,121.89
79,1780553730323170560,1780553731323170560,HTTP Data Received,KB,p50,121.89
79,1780553730323170560,1780553731323170560,HTTP Data Received,KB,p75,121.89
79,1780553730323170560,1780553731323170560,HTTP Data Received,KB,p90,121.89
79,1780553730323170560,1780553731323170560,HTTP Data Received,KB,p95,121.89
79,1780553730323170560,1780553731323170560,HTTP Data Received,KB,p99,121.89
79,1780553730323170560,1780553731323170560,HTTP Data Received,KB,std,0.00
79,1780553730323170560,1780553731323170560,HTTP Data Sent,KB,avg,525.67
79,1780553730323170560,1780553731323170560,HTTP Data Sent,KB,min,525.67
79,1780553730323170560,1780553731323170560,HTTP Data Sent,KB,max,525.67
79,1780553730323170560,1780553731323170560,HTTP Data Sent,KB,sum,525.67
79,1780553730323170560,1780553731323170560,HTTP Data Sent,KB,p1,525.67
79,1780553730323170560,1780553731323170560,HTTP Data Sent,KB,p5,525.67
79,1780553730323170560,1780553731323170560,HTTP Data Sent,KB,p10,525.67
79,1780553730323170560,1780553731323170560,HTTP Data Sent,KB,p25,525.67
79,1780553730323170560,1780553731323170560,HTTP Data Sent,KB,p50,525.67
79,1780553730323170560,1780553731323170560,HTTP Data Sent,KB,p75,525.67
79,1780553730323170560,1780553731323170560,HTTP Data Sent,KB,p90,525.67
79,1780553730323170560,1780553731323170560,HTTP Data Sent,KB,p95,525.67
79,1780553730323170560,1780553731323170560,HTTP Data Sent,KB,p99,525.67
79,1780553730323170560,1780553731323170560,HTTP Data Sent,KB,std,0.00
79,1780553730323170560,1780553731323170560,HTTP DNS Lookup,ms,avg,0.53
79,1780553730323170560,1780553731323170560,HTTP DNS Lookup,ms,min,0.53
79,1780553730323170560,1780553731323170560,HTTP DNS Lookup,ms,max,0.53
79,1780553730323170560,1780553731323170560,HTTP DNS Lookup,ms,sum,0.53
79,1780553730323170560,1780553731323170560,HTTP DNS Lookup,ms,p1,0.53
79,1780553730323170560,1780553731323170560,HTTP DNS Lookup,ms,p5,0.53
79,1780553730323170560,1780553731323170560,HTTP DNS Lookup,ms,p10,0.53
79,1780553730323170560,1780553731323170560,HTTP DNS Lookup,ms,p25,0.53
79,1780553730323170560,1780553731323170560,HTTP DNS Lookup,ms,p50,0.53
79,1780553730323170560,1780553731323170560,HTTP DNS Lookup,ms,p75,0.53
79,1780553730323170560,1780553731323170560,HTTP DNS Lookup,ms,p90,0.53
79,1780553730323170560,1780553731323170560,HTTP DNS Lookup,ms,p95,0.53
79,1780553730323170560,1780553731323170560,HTTP DNS Lookup,ms,p99,0.53
79,1780553730323170560,1780553731323170560,HTTP DNS Lookup,ms,std,0.00
79,1780553730323170560,1780553731323170560,HTTP Duration (excl. conn),ms,avg,123026.27
79,1780553730323170560,1780553731323170560,HTTP Duration (excl. conn),ms,min,123026.27
79,1780553730323170560,1780553731323170560,HTTP Duration (excl. conn),ms,max,123026.27
79,1780553730323170560,1780553731323170560,HTTP Duration (excl. conn),ms,sum,123026.27
79,1780553730323170560,1780553731323170560,HTTP Duration (excl. conn),ms,p1,123026.27
79,1780553730323170560,1780553731323170560,HTTP Duration (excl. conn),ms,p5,123026.27
79,1780553730323170560,1780553731323170560,HTTP Duration (excl. conn),ms,p10,123026.27
79,1780553730323170560,1780553731323170560,HTTP Duration (excl. conn),ms,p25,123026.27
79,1780553730323170560,1780553731323170560,HTTP Duration (excl. conn),ms,p50,123026.27
79,1780553730323170560,1780553731323170560,HTTP Duration (excl. conn),ms,p75,123026.27
79,1780553730323170560,1780553731323170560,HTTP Duration (excl. conn),ms,p90,123026.27
79,1780553730323170560,1780553731323170560,HTTP Duration (excl. conn),ms,p95,123026.27
79,1780553730323170560,1780553731323170560,HTTP Duration (excl. conn),ms,p99,123026.27
79,1780553730323170560,1780553731323170560,HTTP Duration (excl. conn),ms,std,0.00
79,1780553730323170560,1780553731323170560,HTTP Receiving,ms,avg,78194.96
79,1780553730323170560,1780553731323170560,HTTP Receiving,ms,min,78194.96
79,1780553730323170560,1780553731323170560,HTTP Receiving,ms,max,78194.96
79,1780553730323170560,1780553731323170560,HTTP Receiving,ms,sum,78194.96
79,1780553730323170560,1780553731323170560,HTTP Receiving,ms,p1,78194.96
79,1780553730323170560,1780553731323170560,HTTP Receiving,ms,p5,78194.96
79,1780553730323170560,1780553731323170560,HTTP Receiving,ms,p10,78194.96
79,1780553730323170560,1780553731323170560,HTTP Receiving,ms,p25,78194.96
79,1780553730323170560,1780553731323170560,HTTP Receiving,ms,p50,78194.96
79,1780553730323170560,1780553731323170560,HTTP Receiving,ms,p75,78194.96
79,1780553730323170560,1780553731323170560,HTTP Receiving,ms,p90,78194.96
79,1780553730323170560,1780553731323170560,HTTP Receiving,ms,p95,78194.96
79,1780553730323170560,1780553731323170560,HTTP Receiving,ms,p99,78194.96
79,1780553730323170560,1780553731323170560,HTTP Receiving,ms,std,0.00
79,1780553730323170560,1780553731323170560,HTTP Sending,ms,avg,1.53
79,1780553730323170560,1780553731323170560,HTTP Sending,ms,min,1.53
79,1780553730323170560,1780553731323170560,HTTP Sending,ms,max,1.53
79,1780553730323170560,1780553731323170560,HTTP Sending,ms,sum,1.53
79,1780553730323170560,1780553731323170560,HTTP Sending,ms,p1,1.53
79,1780553730323170560,1780553731323170560,HTTP Sending,ms,p5,1.53
79,1780553730323170560,1780553731323170560,HTTP Sending,ms,p10,1.53
79,1780553730323170560,1780553731323170560,HTTP Sending,ms,p25,1.53
79,1780553730323170560,1780553731323170560,HTTP Sending,ms,p50,1.53
79,1780553730323170560,1780553731323170560,HTTP Sending,ms,p75,1.53
79,1780553730323170560,1780553731323170560,HTTP Sending,ms,p90,1.53
79,1780553730323170560,1780553731323170560,HTTP Sending,ms,p95,1.53
79,1780553730323170560,1780553731323170560,HTTP Sending,ms,p99,1.53
79,1780553730323170560,1780553731323170560,HTTP Sending,ms,std,0.00
79,1780553730323170560,1780553731323170560,HTTP Total Time,ms,avg,123028.01
79,1780553730323170560,1780553731323170560,HTTP Total Time,ms,min,123028.01
79,1780553730323170560,1780553731323170560,HTTP Total Time,ms,max,123028.01
79,1780553730323170560,1780553731323170560,HTTP Total Time,ms,sum,123028.01
79,1780553730323170560,1780553731323170560,HTTP Total Time,ms,p1,123028.01
79,1780553730323170560,1780553731323170560,HTTP Total Time,ms,p5,123028.01
79,1780553730323170560,1780553731323170560,HTTP Total Time,ms,p10,123028.01
79,1780553730323170560,1780553731323170560,HTTP Total Time,ms,p25,123028.01
79,1780553730323170560,1780553731323170560,HTTP Total Time,ms,p50,123028.01
79,1780553730323170560,1780553731323170560,HTTP Total Time,ms,p75,123028.01
79,1780553730323170560,1780553731323170560,HTTP Total Time,ms,p90,123028.01
79,1780553730323170560,1780553731323170560,HTTP Total Time,ms,p95,123028.01
79,1780553730323170560,1780553731323170560,HTTP Total Time,ms,p99,123028.01
79,1780553730323170560,1780553731323170560,HTTP Total Time,ms,std,0.00
79,1780553730323170560,1780553731323170560,HTTP Waiting (TTFB),ms,avg,44829.77
79,1780553730323170560,1780553731323170560,HTTP Waiting (TTFB),ms,min,44829.77
79,1780553730323170560,1780553731323170560,HTTP Waiting (TTFB),ms,max,44829.77
79,1780553730323170560,1780553731323170560,HTTP Waiting (TTFB),ms,sum,44829.77
79,1780553730323170560,1780553731323170560,HTTP Waiting (TTFB),ms,p1,44829.77
79,1780553730323170560,1780553731323170560,HTTP Waiting (TTFB),ms,p5,44829.77
79,1780553730323170560,1780553731323170560,HTTP Waiting (TTFB),ms,p10,44829.77
79,1780553730323170560,1780553731323170560,HTTP Waiting (TTFB),ms,p25,44829.77
79,1780553730323170560,1780553731323170560,HTTP Waiting (TTFB),ms,p50,44829.77
79,1780553730323170560,1780553731323170560,HTTP Waiting (TTFB),ms,p75,44829.77
79,1780553730323170560,1780553731323170560,HTTP Waiting (TTFB),ms,p90,44829.77
79,1780553730323170560,1780553731323170560,HTTP Waiting (TTFB),ms,p95,44829.77
79,1780553730323170560,1780553731323170560,HTTP Waiting (TTFB),ms,p99,44829.77
79,1780553730323170560,1780553731323170560,HTTP Waiting (TTFB),ms,std,0.00
79,1780553730323170560,1780553731323170560,Input Sequence Length,tokens,avg,134123.00
79,1780553730323170560,1780553731323170560,Input Sequence Length,tokens,min,134123.00
79,1780553730323170560,1780553731323170560,Input Sequence Length,tokens,max,134123.00
79,1780553730323170560,1780553731323170560,Input Sequence Length,tokens,sum,134123.00
79,1780553730323170560,1780553731323170560,Input Sequence Length,tokens,p1,134123.00
79,1780553730323170560,1780553731323170560,Input Sequence Length,tokens,p5,134123.00
79,1780553730323170560,1780553731323170560,Input Sequence Length,tokens,p10,134123.00
79,1780553730323170560,1780553731323170560,Input Sequence Length,tokens,p25,134123.00
79,1780553730323170560,1780553731323170560,Input Sequence Length,tokens,p50,134123.00
79,1780553730323170560,1780553731323170560,Input Sequence Length,tokens,p75,134123.00
79,1780553730323170560,1780553731323170560,Input Sequence Length,tokens,p90,134123.00
79,1780553730323170560,1780553731323170560,Input Sequence Length,tokens,p95,134123.00
79,1780553730323170560,1780553731323170560,Input Sequence Length,tokens,p99,134123.00
79,1780553730323170560,1780553731323170560,Input Sequence Length,tokens,std,0.00
79,1780553730323170560,1780553731323170560,Input Token Throughput,tokens/sec,avg,134123.00
79,1780553730323170560,1780553731323170560,Inter Chunk Latency,ms,avg,67.07
79,1780553730323170560,1780553731323170560,Inter Chunk Latency,ms,min,67.06
79,1780553730323170560,1780553731323170560,Inter Chunk Latency,ms,max,67.08
79,1780553730323170560,1780553731323170560,Inter Chunk Latency,ms,sum,32528.98
79,1780553730323170560,1780553731323170560,Inter Chunk Latency,ms,p1,67.06
79,1780553730323170560,1780553731323170560,Inter Chunk Latency,ms,p5,67.06
79,1780553730323170560,1780553731323170560,Inter Chunk Latency,ms,p10,67.06
79,1780553730323170560,1780553731323170560,Inter Chunk Latency,ms,p25,67.07
79,1780553730323170560,1780553731323170560,Inter Chunk Latency,ms,p50,67.07
79,1780553730323170560,1780553731323170560,Inter Chunk Latency,ms,p75,67.07
79,1780553730323170560,1780553731323170560,Inter Chunk Latency,ms,p90,67.08
79,1780553730323170560,1780553731323170560,Inter Chunk Latency,ms,p95,67.08
79,1780553730323170560,1780553731323170560,Inter Chunk Latency,ms,p99,67.08
79,1780553730323170560,1780553731323170560,Inter Chunk Latency,ms,std,0.00
79,1780553730323170560,1780553731323170560,Inter Token Latency,ms,avg,160.56
79,1780553730323170560,1780553731323170560,Inter Token Latency,ms,min,160.56
79,1780553730323170560,1780553731323170560,Inter Token Latency,ms,max,160.56
79,1780553730323170560,1780553731323170560,Inter Token Latency,ms,sum,160.56
79,1780553730323170560,1780553731323170560,Inter Token Latency,ms,p1,160.56
79,1780553730323170560,1780553731323170560,Inter Token Latency,ms,p5,160.56
79,1780553730323170560,1780553731323170560,Inter Token Latency,ms,p10,160.56
79,1780553730323170560,1780553731323170560,Inter Token Latency,ms,p25,160.56
79,1780553730323170560,1780553731323170560,Inter Token Latency,ms,p50,160.56
79,1780553730323170560,1780553731323170560,Inter Token Latency,ms,p75,160.56
79,1780553730323170560,1780553731323170560,Inter Token Latency,ms,p90,160.56
79,1780553730323170560,1780553731323170560,Inter Token Latency,ms,p95,160.56
79,1780553730323170560,1780553731323170560,Inter Token Latency,ms,p99,160.56
79,1780553730323170560,1780553731323170560,Inter Token Latency,ms,std,0.00
79,1780553730323170560,1780553731323170560,Maximum Response Timestamp,ns,avg,1780553854307662080.00
79,1780553730323170560,1780553731323170560,Minimum Request Timestamp,ns,avg,1780553731281277184.00
79,1780553730323170560,1780553731323170560,OSL Mismatch Count,requests,avg,0.00
79,1780553730323170560,1780553731323170560,OSL Mismatch Diff %,%,avg,0.00
79,1780553730323170560,1780553731323170560,OSL Mismatch Diff %,%,min,0.00
79,1780553730323170560,1780553731323170560,OSL Mismatch Diff %,%,max,0.00
79,1780553730323170560,1780553731323170560,OSL Mismatch Diff %,%,sum,0.00
79,1780553730323170560,1780553731323170560,OSL Mismatch Diff %,%,p1,0.00
79,1780553730323170560,1780553731323170560,OSL Mismatch Diff %,%,p5,0.00
79,1780553730323170560,1780553731323170560,OSL Mismatch Diff %,%,p10,0.00
79,1780553730323170560,1780553731323170560,OSL Mismatch Diff %,%,p25,0.00
79,1780553730323170560,1780553731323170560,OSL Mismatch Diff %,%,p50,0.00
79,1780553730323170560,1780553731323170560,OSL Mismatch Diff %,%,p75,0.00
79,1780553730323170560,1780553731323170560,OSL Mismatch Diff %,%,p90,0.00
79,1780553730323170560,1780553731323170560,OSL Mismatch Diff %,%,p95,0.00
79,1780553730323170560,1780553731323170560,OSL Mismatch Diff %,%,p99,0.00
79,1780553730323170560,1780553731323170560,OSL Mismatch Diff %,%,std,0.00
79,1780553730323170560,1780553731323170560,Output Sequence Length,tokens,avg,488.00
79,1780553730323170560,1780553731323170560,Output Sequence Length,tokens,min,488.00
79,1780553730323170560,1780553731323170560,Output Sequence Length,tokens,max,488.00
79,1780553730323170560,1780553731323170560,Output Sequence Length,tokens,sum,488.00
79,1780553730323170560,1780553731323170560,Output Sequence Length,tokens,p1,488.00
79,1780553730323170560,1780553731323170560,Output Sequence Length,tokens,p5,488.00
79,1780553730323170560,1780553731323170560,Output Sequence Length,tokens,p10,488.00
79,1780553730323170560,1780553731323170560,Output Sequence Length,tokens,p25,488.00
79,1780553730323170560,1780553731323170560,Output Sequence Length,tokens,p50,488.00
79,1780553730323170560,1780553731323170560,Output Sequence Length,tokens,p75,488.00
79,1780553730323170560,1780553731323170560,Output Sequence Length,tokens,p90,488.00
79,1780553730323170560,1780553731323170560,Output Sequence Length,tokens,p95,488.00
79,1780553730323170560,1780553731323170560,Output Sequence Length,tokens,p99,488.00
79,1780553730323170560,1780553731323170560,Output Sequence Length,tokens,std,0.00
79,1780553730323170560,1780553731323170560,Output Token Count,tokens,avg,488.00
79,1780553730323170560,1780553731323170560,Output Token Count,tokens,min,488.00
79,1780553730323170560,1780553731323170560,Output Token Count,tokens,max,488.00
79,1780553730323170560,1780553731323170560,Output Token Count,tokens,sum,488.00
79,1780553730323170560,1780553731323170560,Output Token Count,tokens,p1,488.00
79,1780553730323170560,1780553731323170560,Output Token Count,tokens,p5,488.00
79,1780553730323170560,1780553731323170560,Output Token Count,tokens,p10,488.00
79,1780553730323170560,1780553731323170560,Output Token Count,tokens,p25,488.00
79,1780553730323170560,1780553731323170560,Output Token Count,tokens,p50,488.00
79,1780553730323170560,1780553731323170560,Output Token Count,tokens,p75,488.00
79,1780553730323170560,1780553731323170560,Output Token Count,tokens,p90,488.00
79,1780553730323170560,1780553731323170560,Output Token Count,tokens,p95,488.00
79,1780553730323170560,1780553731323170560,Output Token Count,tokens,p99,488.00
79,1780553730323170560,1780553731323170560,Output Token Count,tokens,std,0.00
79,1780553730323170560,1780553731323170560,Output Token Throughput,tokens/sec,avg,488.00
79,1780553730323170560,1780553731323170560,Output Token Throughput Per User,tokens/sec/user,avg,6.23
79,1780553730323170560,1780553731323170560,Output Token Throughput Per User,tokens/sec/user,min,6.23
79,1780553730323170560,1780553731323170560,Output Token Throughput Per User,tokens/sec/user,max,6.23
79,1780553730323170560,1780553731323170560,Output Token Throughput Per User,tokens/sec/user,sum,6.23
79,1780553730323170560,1780553731323170560,Output Token Throughput Per User,tokens/sec/user,p1,6.23
79,1780553730323170560,1780553731323170560,Output Token Throughput Per User,tokens/sec/user,p5,6.23
79,1780553730323170560,1780553731323170560,Output Token Throughput Per User,tokens/sec/user,p10,6.23
79,1780553730323170560,1780553731323170560,Output Token Throughput Per User,tokens/sec/user,p25,6.23
79,1780553730323170560,1780553731323170560,Output Token Throughput Per User,tokens/sec/user,p50,6.23
79,1780553730323170560,1780553731323170560,Output Token Throughput Per User,tokens/sec/user,p75,6.23
79,1780553730323170560,1780553731323170560,Output Token Throughput Per User,tokens/sec/user,p90,6.23
79,1780553730323170560,1780553731323170560,Output Token Throughput Per User,tokens/sec/user,p95,6.23
79,1780553730323170560,1780553731323170560,Output Token Throughput Per User,tokens/sec/user,p99,6.23
79,1780553730323170560,1780553731323170560,Output Token Throughput Per User,tokens/sec/user,std,0.00
79,1780553730323170560,1780553731323170560,Prefill Throughput Per User,tokens/sec/user,avg,2991.72
79,1780553730323170560,1780553731323170560,Prefill Throughput Per User,tokens/sec/user,min,2991.72
79,1780553730323170560,1780553731323170560,Prefill Throughput Per User,tokens/sec/user,max,2991.72
79,1780553730323170560,1780553731323170560,Prefill Throughput Per User,tokens/sec/user,sum,2991.72
79,1780553730323170560,1780553731323170560,Prefill Throughput Per User,tokens/sec/user,p1,2991.72
79,1780553730323170560,1780553731323170560,Prefill Throughput Per User,tokens/sec/user,p5,2991.72
79,1780553730323170560,1780553731323170560,Prefill Throughput Per User,tokens/sec/user,p10,2991.72
79,1780553730323170560,1780553731323170560,Prefill Throughput Per User,tokens/sec/user,p25,2991.72
79,1780553730323170560,1780553731323170560,Prefill Throughput Per User,tokens/sec/user,p50,2991.72
79,1780553730323170560,1780553731323170560,Prefill Throughput Per User,tokens/sec/user,p75,2991.72
79,1780553730323170560,1780553731323170560,Prefill Throughput Per User,tokens/sec/user,p90,2991.72
79,1780553730323170560,1780553731323170560,Prefill Throughput Per User,tokens/sec/user,p95,2991.72
79,1780553730323170560,1780553731323170560,Prefill Throughput Per User,tokens/sec/user,p99,2991.72
79,1780553730323170560,1780553731323170560,Prefill Throughput Per User,tokens/sec/user,std,0.00
79,1780553730323170560,1780553731323170560,Request Count,requests,avg,1.00
79,1780553730323170560,1780553731323170560,Request Latency,ms,avg,123026.38
79,1780553730323170560,1780553731323170560,Request Latency,ms,min,123026.38
79,1780553730323170560,1780553731323170560,Request Latency,ms,max,123026.38
79,1780553730323170560,1780553731323170560,Request Latency,ms,sum,123026.38
79,1780553730323170560,1780553731323170560,Request Latency,ms,p1,123026.38
79,1780553730323170560,1780553731323170560,Request Latency,ms,p5,123026.38
79,1780553730323170560,1780553731323170560,Request Latency,ms,p10,123026.38
79,1780553730323170560,1780553731323170560,Request Latency,ms,p25,123026.38
79,1780553730323170560,1780553731323170560,Request Latency,ms,p50,123026.38
79,1780553730323170560,1780553731323170560,Request Latency,ms,p75,123026.38
79,1780553730323170560,1780553731323170560,Request Latency,ms,p90,123026.38
79,1780553730323170560,1780553731323170560,Request Latency,ms,p95,123026.38
79,1780553730323170560,1780553731323170560,Request Latency,ms,p99,123026.38
79,1780553730323170560,1780553731323170560,Request Latency,ms,std,0.00
79,1780553730323170560,1780553731323170560,Request Throughput,requests/sec,avg,1.00
79,1780553730323170560,1780553731323170560,Requested OSL,tokens,avg,488.00
79,1780553730323170560,1780553731323170560,Requested OSL,tokens,min,488.00
79,1780553730323170560,1780553731323170560,Requested OSL,tokens,max,488.00
79,1780553730323170560,1780553731323170560,Requested OSL,tokens,sum,488.00
79,1780553730323170560,1780553731323170560,Requested OSL,tokens,p1,488.00
79,1780553730323170560,1780553731323170560,Requested OSL,tokens,p5,488.00
79,1780553730323170560,1780553731323170560,Requested OSL,tokens,p10,488.00
79,1780553730323170560,1780553731323170560,Requested OSL,tokens,p25,488.00
79,1780553730323170560,1780553731323170560,Requested OSL,tokens,p50,488.00
79,1780553730323170560,1780553731323170560,Requested OSL,tokens,p75,488.00
79,1780553730323170560,1780553731323170560,Requested OSL,tokens,p90,488.00
79,1780553730323170560,1780553731323170560,Requested OSL,tokens,p95,488.00
79,1780553730323170560,1780553731323170560,Requested OSL,tokens,p99,488.00
79,1780553730323170560,1780553731323170560,Requested OSL,tokens,std,0.00
79,1780553730323170560,1780553731323170560,Time to First Output Token,ms,avg,44831.44
79,1780553730323170560,1780553731323170560,Time to First Output Token,ms,min,44831.44
79,1780553730323170560,1780553731323170560,Time to First Output Token,ms,max,44831.44
79,1780553730323170560,1780553731323170560,Time to First Output Token,ms,sum,44831.44
79,1780553730323170560,1780553731323170560,Time to First Output Token,ms,p1,44831.44
79,1780553730323170560,1780553731323170560,Time to First Output Token,ms,p5,44831.44
79,1780553730323170560,1780553731323170560,Time to First Output Token,ms,p10,44831.44
79,1780553730323170560,1780553731323170560,Time to First Output Token,ms,p25,44831.44
79,1780553730323170560,1780553731323170560,Time to First Output Token,ms,p50,44831.44
79,1780553730323170560,1780553731323170560,Time to First Output Token,ms,p75,44831.44
79,1780553730323170560,1780553731323170560,Time to First Output Token,ms,p90,44831.44
79,1780553730323170560,1780553731323170560,Time to First Output Token,ms,p95,44831.44
79,1780553730323170560,1780553731323170560,Time to First Output Token,ms,p99,44831.44
79,1780553730323170560,1780553731323170560,Time to First Output Token,ms,std,0.00
79,1780553730323170560,1780553731323170560,Time to First Token,ms,avg,44831.44
79,1780553730323170560,1780553731323170560,Time to First Token,ms,min,44831.44
79,1780553730323170560,1780553731323170560,Time to First Token,ms,max,44831.44
79,1780553730323170560,1780553731323170560,Time to First Token,ms,sum,44831.44
79,1780553730323170560,1780553731323170560,Time to First Token,ms,p1,44831.44
79,1780553730323170560,1780553731323170560,Time to First Token,ms,p5,44831.44
79,1780553730323170560,1780553731323170560,Time to First Token,ms,p10,44831.44
79,1780553730323170560,1780553731323170560,Time to First Token,ms,p25,44831.44
79,1780553730323170560,1780553731323170560,Time to First Token,ms,p50,44831.44
79,1780553730323170560,1780553731323170560,Time to First Token,ms,p75,44831.44
79,1780553730323170560,1780553731323170560,Time to First Token,ms,p90,44831.44
79,1780553730323170560,1780553731323170560,Time to First Token,ms,p95,44831.44
79,1780553730323170560,1780553731323170560,Time to First Token,ms,p99,44831.44
79,1780553730323170560,1780553731323170560,Time to First Token,ms,std,0.00
79,1780553730323170560,1780553731323170560,Time to Second Token,ms,avg,1.29
79,1780553730323170560,1780553731323170560,Time to Second Token,ms,min,1.29
79,1780553730323170560,1780553731323170560,Time to Second Token,ms,max,1.29
79,1780553730323170560,1780553731323170560,Time to Second Token,ms,sum,1.29
79,1780553730323170560,1780553731323170560,Time to Second Token,ms,p1,1.29
79,1780553730323170560,1780553731323170560,Time to Second Token,ms,p5,1.29
79,1780553730323170560,1780553731323170560,Time to Second Token,ms,p10,1.29
79,1780553730323170560,1780553731323170560,Time to Second Token,ms,p25,1.29
79,1780553730323170560,1780553731323170560,Time to Second Token,ms,p50,1.29
79,1780553730323170560,1780553731323170560,Time to Second Token,ms,p75,1.29
79,1780553730323170560,1780553731323170560,Time to Second Token,ms,p90,1.29
79,1780553730323170560,1780553731323170560,Time to Second Token,ms,p95,1.29
79,1780553730323170560,1780553731323170560,Time to Second Token,ms,p99,1.29
79,1780553730323170560,1780553731323170560,Time to Second Token,ms,std,0.00
79,1780553730323170560,1780553731323170560,Tokens In Flight,tokens,avg,1513248.97
79,1780553730323170560,1780553731323170560,Tokens In Flight,tokens,min,1507576.70
79,1780553730323170560,1780553731323170560,Tokens In Flight,tokens,max,1641803.96
79,1780553730323170560,1780553731323170560,Tokens In Flight,tokens,p50,1507630.16
79,1780553730323170560,1780553731323170560,Tokens In Flight,tokens,p90,1507671.26
79,1780553730323170560,1780553731323170560,Tokens In Flight,tokens,p95,1507676.61
79,1780553730323170560,1780553731323170560,Tokens In Flight,tokens,p99,1641802.93
79,1780553730323170560,1780553731323170560,Tokens In Flight,tokens,std,26881.08
79,1780553730323170560,1780553731323170560,Total Input Sequence Length,tokens,avg,134123.00
79,1780553730323170560,1780553731323170560,Total Output Sequence Length,tokens,avg,488.00
79,1780553730323170560,1780553731323170560,Total Output Tokens,tokens,avg,488.00
79,1780553730323170560,1780553731323170560,Total Token Throughput,tokens/sec,avg,134611.00
79,1780553730323170560,1780553731323170560,Total Usage Completion Tokens,tokens,avg,488.00
79,1780553730323170560,1780553731323170560,Total Usage Prompt Tokens,tokens,avg,134123.00
79,1780553730323170560,1780553731323170560,Total Usage Total Tokens,tokens,avg,134611.00
79,1780553730323170560,1780553731323170560,Usage Completion Tokens,tokens,avg,488.00
79,1780553730323170560,1780553731323170560,Usage Completion Tokens,tokens,min,488.00
79,1780553730323170560,1780553731323170560,Usage Completion Tokens,tokens,max,488.00
79,1780553730323170560,1780553731323170560,Usage Completion Tokens,tokens,sum,488.00
79,1780553730323170560,1780553731323170560,Usage Completion Tokens,tokens,p1,488.00
79,1780553730323170560,1780553731323170560,Usage Completion Tokens,tokens,p5,488.00
79,1780553730323170560,1780553731323170560,Usage Completion Tokens,tokens,p10,488.00
79,1780553730323170560,1780553731323170560,Usage Completion Tokens,tokens,p25,488.00
79,1780553730323170560,1780553731323170560,Usage Completion Tokens,tokens,p50,488.00
79,1780553730323170560,1780553731323170560,Usage Completion Tokens,tokens,p75,488.00
79,1780553730323170560,1780553731323170560,Usage Completion Tokens,tokens,p90,488.00
79,1780553730323170560,1780553731323170560,Usage Completion Tokens,tokens,p95,488.00
79,1780553730323170560,1780553731323170560,Usage Completion Tokens,tokens,p99,488.00
79,1780553730323170560,1780553731323170560,Usage Completion Tokens,tokens,std,0.00
79,1780553730323170560,1780553731323170560,Usage Prompt Tokens,tokens,avg,134123.00
79,1780553730323170560,1780553731323170560,Usage Prompt Tokens,tokens,min,134123.00
79,1780553730323170560,1780553731323170560,Usage Prompt Tokens,tokens,max,134123.00
79,1780553730323170560,1780553731323170560,Usage Prompt Tokens,tokens,sum,134123.00
79,1780553730323170560,1780553731323170560,Usage Prompt Tokens,tokens,p1,134123.00
79,1780553730323170560,1780553731323170560,Usage Prompt Tokens,tokens,p5,134123.00
79,1780553730323170560,1780553731323170560,Usage Prompt Tokens,tokens,p10,134123.00
79,1780553730323170560,1780553731323170560,Usage Prompt Tokens,tokens,p25,134123.00
79,1780553730323170560,1780553731323170560,Usage Prompt Tokens,tokens,p50,134123.00
79,1780553730323170560,1780553731323170560,Usage Prompt Tokens,tokens,p75,134123.00
79,1780553730323170560,1780553731323170560,Usage Prompt Tokens,tokens,p90,134123.00
79,1780553730323170560,1780553731323170560,Usage Prompt Tokens,tokens,p95,134123.00
79,1780553730323170560,1780553731323170560,Usage Prompt Tokens,tokens,p99,134123.00
79,1780553730323170560,1780553731323170560,Usage Prompt Tokens,tokens,std,0.00
79,1780553730323170560,1780553731323170560,Usage Total Tokens,tokens,avg,134611.00
79,1780553730323170560,1780553731323170560,Usage Total Tokens,tokens,min,134611.00
79,1780553730323170560,1780553731323170560,Usage Total Tokens,tokens,max,134611.00
79,1780553730323170560,1780553731323170560,Usage Total Tokens,tokens,sum,134611.00
79,1780553730323170560,1780553731323170560,Usage Total Tokens,tokens,p1,134611.00
79,1780553730323170560,1780553731323170560,Usage Total Tokens,tokens,p5,134611.00
79,1780553730323170560,1780553731323170560,Usage Total Tokens,tokens,p10,134611.00
79,1780553730323170560,1780553731323170560,Usage Total Tokens,tokens,p25,134611.00
79,1780553730323170560,1780553731323170560,Usage Total Tokens,tokens,p50,134611.00
79,1780553730323170560,1780553731323170560,Usage Total Tokens,tokens,p75,134611.00
79,1780553730323170560,1780553731323170560,Usage Total Tokens,tokens,p90,134611.00
79,1780553730323170560,1780553731323170560,Usage Total Tokens,tokens,p95,134611.00
79,1780553730323170560,1780553731323170560,Usage Total Tokens,tokens,p99,134611.00
79,1780553730323170560,1780553731323170560,Usage Total Tokens,tokens,std,0.00
80,1780553755323170560,1780553756323170560,Active Decode Throughput,tokens/sec,avg,94.38
80,1780553755323170560,1780553756323170560,Active Decode Throughput,tokens/sec,min,74.79
80,1780553755323170560,1780553756323170560,Active Decode Throughput,tokens/sec,max,113.96
80,1780553755323170560,1780553756323170560,Active Decode Throughput,tokens/sec,p50,94.38
80,1780553755323170560,1780553756323170560,Active Decode Throughput,tokens/sec,p90,94.38
80,1780553755323170560,1780553756323170560,Active Decode Throughput,tokens/sec,p95,94.38
80,1780553755323170560,1780553756323170560,Active Decode Throughput,tokens/sec,p99,94.38
80,1780553755323170560,1780553756323170560,Active Decode Throughput,tokens/sec,std,0.04
80,1780553755323170560,1780553756323170560,Active Decode Throughput Per User,tokens/sec/user,avg,7.89
80,1780553755323170560,1780553756323170560,Active Decode Throughput Per User,tokens/sec/user,min,5.75
80,1780553755323170560,1780553756323170560,Active Decode Throughput Per User,tokens/sec/user,max,10.36
80,1780553755323170560,1780553756323170560,Active Decode Throughput Per User,tokens/sec/user,p50,7.86
80,1780553755323170560,1780553756323170560,Active Decode Throughput Per User,tokens/sec/user,p90,8.58
80,1780553755323170560,1780553756323170560,Active Decode Throughput Per User,tokens/sec/user,p95,8.58
80,1780553755323170560,1780553756323170560,Active Decode Throughput Per User,tokens/sec/user,p99,8.58
80,1780553755323170560,1780553756323170560,Active Decode Throughput Per User,tokens/sec/user,std,0.55
80,1780553755323170560,1780553756323170560,Active Prefill Throughput,tokens/sec,avg,4651.32
80,1780553755323170560,1780553756323170560,Active Prefill Throughput,tokens/sec,min,4549.02
80,1780553755323170560,1780553756323170560,Active Prefill Throughput,tokens/sec,max,8511.14
80,1780553755323170560,1780553756323170560,Active Prefill Throughput,tokens/sec,p50,4549.02
80,1780553755323170560,1780553756323170560,Active Prefill Throughput,tokens/sec,p90,4549.02
80,1780553755323170560,1780553756323170560,Active Prefill Throughput,tokens/sec,p95,4549.02
80,1780553755323170560,1780553756323170560,Active Prefill Throughput,tokens/sec,p99,8511.14
80,1780553755323170560,1780553756323170560,Active Prefill Throughput,tokens/sec,std,628.38
80,1780553755323170560,1780553756323170560,Active Prefill Throughput Per User,tokens/sec/user,avg,2289.04
80,1780553755323170560,1780553756323170560,Active Prefill Throughput Per User,tokens/sec/user,min,2274.51
80,1780553755323170560,1780553756323170560,Active Prefill Throughput Per User,tokens/sec/user,max,2837.05
80,1780553755323170560,1780553756323170560,Active Prefill Throughput Per User,tokens/sec/user,p50,2274.51
80,1780553755323170560,1780553756323170560,Active Prefill Throughput Per User,tokens/sec/user,p90,2274.51
80,1780553755323170560,1780553756323170560,Active Prefill Throughput Per User,tokens/sec/user,p95,2274.51
80,1780553755323170560,1780553756323170560,Active Prefill Throughput Per User,tokens/sec/user,p99,2837.05
80,1780553755323170560,1780553756323170560,Active Prefill Throughput Per User,tokens/sec/user,std,89.22
80,1780553755323170560,1780553756323170560,Active Total Throughput,tokens/sec,avg,4718.81
80,1780553755323170560,1780553756323170560,Active Total Throughput,tokens/sec,min,4610.54
80,1780553755323170560,1780553756323170560,Active Total Throughput,tokens/sec,max,8572.65
80,1780553755323170560,1780553756323170560,Active Total Throughput,tokens/sec,p50,4616.57
80,1780553755323170560,1780553756323170560,Active Total Throughput,tokens/sec,p90,4622.24
80,1780553755323170560,1780553756323170560,Active Total Throughput,tokens/sec,p95,4622.24
80,1780553755323170560,1780553756323170560,Active Total Throughput,tokens/sec,p99,8572.65
80,1780553755323170560,1780553756323170560,Active Total Throughput,tokens/sec,std,627.42
80,1780553755323170560,1780553756323170560,Benchmark Duration,sec,avg,499.06
80,1780553755323170560,1780553756323170560,E2E Output Token Throughput,tokens/sec/user,avg,6.58
80,1780553755323170560,1780553756323170560,E2E Output Token Throughput,tokens/sec/user,min,6.58
80,1780553755323170560,1780553756323170560,E2E Output Token Throughput,tokens/sec/user,max,6.58
80,1780553755323170560,1780553756323170560,E2E Output Token Throughput,tokens/sec/user,sum,6.58
80,1780553755323170560,1780553756323170560,E2E Output Token Throughput,tokens/sec/user,p1,6.58
80,1780553755323170560,1780553756323170560,E2E Output Token Throughput,tokens/sec/user,p5,6.58
80,1780553755323170560,1780553756323170560,E2E Output Token Throughput,tokens/sec/user,p10,6.58
80,1780553755323170560,1780553756323170560,E2E Output Token Throughput,tokens/sec/user,p25,6.58
80,1780553755323170560,1780553756323170560,E2E Output Token Throughput,tokens/sec/user,p50,6.58
80,1780553755323170560,1780553756323170560,E2E Output Token Throughput,tokens/sec/user,p75,6.58
80,1780553755323170560,1780553756323170560,E2E Output Token Throughput,tokens/sec/user,p90,6.58
80,1780553755323170560,1780553756323170560,E2E Output Token Throughput,tokens/sec/user,p95,6.58
80,1780553755323170560,1780553756323170560,E2E Output Token Throughput,tokens/sec/user,p99,6.58
80,1780553755323170560,1780553756323170560,E2E Output Token Throughput,tokens/sec/user,std,0.00
80,1780553755323170560,1780553756323170560,Effective Concurrency,requests,avg,14.04
80,1780553755323170560,1780553756323170560,Effective Concurrency,requests,min,13.00
80,1780553755323170560,1780553756323170560,Effective Concurrency,requests,max,15.00
80,1780553755323170560,1780553756323170560,Effective Concurrency,requests,p50,14.00
80,1780553755323170560,1780553756323170560,Effective Concurrency,requests,p90,15.00
80,1780553755323170560,1780553756323170560,Effective Concurrency,requests,p95,15.00
80,1780553755323170560,1780553756323170560,Effective Concurrency,requests,p99,15.00
80,1780553755323170560,1780553756323170560,Effective Concurrency,requests,std,0.81
80,1780553755323170560,1780553756323170560,Effective Decode Concurrency,requests,avg,12.01
80,1780553755323170560,1780553756323170560,Effective Decode Concurrency,requests,min,11.00
80,1780553755323170560,1780553756323170560,Effective Decode Concurrency,requests,max,13.00
80,1780553755323170560,1780553756323170560,Effective Decode Concurrency,requests,p50,12.00
80,1780553755323170560,1780553756323170560,Effective Decode Concurrency,requests,p90,13.00
80,1780553755323170560,1780553756323170560,Effective Decode Concurrency,requests,p95,13.00
80,1780553755323170560,1780553756323170560,Effective Decode Concurrency,requests,p99,13.00
80,1780553755323170560,1780553756323170560,Effective Decode Concurrency,requests,std,0.83
80,1780553755323170560,1780553756323170560,Effective Decode Throughput,tokens/sec,avg,94.38
80,1780553755323170560,1780553756323170560,Effective Decode Throughput,tokens/sec,min,74.79
80,1780553755323170560,1780553756323170560,Effective Decode Throughput,tokens/sec,max,113.96
80,1780553755323170560,1780553756323170560,Effective Decode Throughput,tokens/sec,p50,94.38
80,1780553755323170560,1780553756323170560,Effective Decode Throughput,tokens/sec,p90,94.38
80,1780553755323170560,1780553756323170560,Effective Decode Throughput,tokens/sec,p95,94.38
80,1780553755323170560,1780553756323170560,Effective Decode Throughput,tokens/sec,p99,94.38
80,1780553755323170560,1780553756323170560,Effective Decode Throughput,tokens/sec,std,0.04
80,1780553755323170560,1780553756323170560,Effective Decode Throughput Per User,tokens/sec/user,avg,7.89
80,1780553755323170560,1780553756323170560,Effective Decode Throughput Per User,tokens/sec/user,min,5.75
80,1780553755323170560,1780553756323170560,Effective Decode Throughput Per User,tokens/sec/user,max,10.36
80,1780553755323170560,1780553756323170560,Effective Decode Throughput Per User,tokens/sec/user,p50,7.86
80,1780553755323170560,1780553756323170560,Effective Decode Throughput Per User,tokens/sec/user,p90,8.58
80,1780553755323170560,1780553756323170560,Effective Decode Throughput Per User,tokens/sec/user,p95,8.58
80,1780553755323170560,1780553756323170560,Effective Decode Throughput Per User,tokens/sec/user,p99,8.58
80,1780553755323170560,1780553756323170560,Effective Decode Throughput Per User,tokens/sec/user,std,0.55
80,1780553755323170560,1780553756323170560,Effective Prefill Concurrency,requests,avg,2.03
80,1780553755323170560,1780553756323170560,Effective Prefill Concurrency,requests,min,2.00
80,1780553755323170560,1780553756323170560,Effective Prefill Concurrency,requests,max,3.00
80,1780553755323170560,1780553756323170560,Effective Prefill Concurrency,requests,p50,2.00
80,1780553755323170560,1780553756323170560,Effective Prefill Concurrency,requests,p90,2.00
80,1780553755323170560,1780553756323170560,Effective Prefill Concurrency,requests,p95,2.00
80,1780553755323170560,1780553756323170560,Effective Prefill Concurrency,requests,p99,3.00
80,1780553755323170560,1780553756323170560,Effective Prefill Concurrency,requests,std,0.16
80,1780553755323170560,1780553756323170560,Effective Prefill Throughput,tokens/sec,avg,4651.32
80,1780553755323170560,1780553756323170560,Effective Prefill Throughput,tokens/sec,min,4549.02
80,1780553755323170560,1780553756323170560,Effective Prefill Throughput,tokens/sec,max,8511.14
80,1780553755323170560,1780553756323170560,Effective Prefill Throughput,tokens/sec,p50,4549.02
80,1780553755323170560,1780553756323170560,Effective Prefill Throughput,tokens/sec,p90,4549.02
80,1780553755323170560,1780553756323170560,Effective Prefill Throughput,tokens/sec,p95,4549.02
80,1780553755323170560,1780553756323170560,Effective Prefill Throughput,tokens/sec,p99,8511.14
80,1780553755323170560,1780553756323170560,Effective Prefill Throughput,tokens/sec,std,628.38
80,1780553755323170560,1780553756323170560,Effective Prefill Throughput Per User,tokens/sec/user,avg,2289.04
80,1780553755323170560,1780553756323170560,Effective Prefill Throughput Per User,tokens/sec/user,min,2274.51
80,1780553755323170560,1780553756323170560,Effective Prefill Throughput Per User,tokens/sec/user,max,2837.05
80,1780553755323170560,1780553756323170560,Effective Prefill Throughput Per User,tokens/sec/user,p50,2274.51
80,1780553755323170560,1780553756323170560,Effective Prefill Throughput Per User,tokens/sec/user,p90,2274.51
80,1780553755323170560,1780553756323170560,Effective Prefill Throughput Per User,tokens/sec/user,p95,2274.51
80,1780553755323170560,1780553756323170560,Effective Prefill Throughput Per User,tokens/sec/user,p99,2837.05
80,1780553755323170560,1780553756323170560,Effective Prefill Throughput Per User,tokens/sec/user,std,89.22
80,1780553755323170560,1780553756323170560,Effective Total Throughput,tokens/sec,avg,4718.81
80,1780553755323170560,1780553756323170560,Effective Total Throughput,tokens/sec,min,4610.54
80,1780553755323170560,1780553756323170560,Effective Total Throughput,tokens/sec,max,8572.65
80,1780553755323170560,1780553756323170560,Effective Total Throughput,tokens/sec,p50,4616.57
80,1780553755323170560,1780553756323170560,Effective Total Throughput,tokens/sec,p90,4622.24
80,1780553755323170560,1780553756323170560,Effective Total Throughput,tokens/sec,p95,4622.24
80,1780553755323170560,1780553756323170560,Effective Total Throughput,tokens/sec,p99,8572.65
80,1780553755323170560,1780553756323170560,Effective Total Throughput,tokens/sec,std,627.42
80,1780553755323170560,1780553756323170560,HTTP Blocked,ms,avg,0.00
80,1780553755323170560,1780553756323170560,HTTP Blocked,ms,min,0.00
80,1780553755323170560,1780553756323170560,HTTP Blocked,ms,max,0.00
80,1780553755323170560,1780553756323170560,HTTP Blocked,ms,sum,0.00
80,1780553755323170560,1780553756323170560,HTTP Blocked,ms,p1,0.00
80,1780553755323170560,1780553756323170560,HTTP Blocked,ms,p5,0.00
80,1780553755323170560,1780553756323170560,HTTP Blocked,ms,p10,0.00
80,1780553755323170560,1780553756323170560,HTTP Blocked,ms,p25,0.00
80,1780553755323170560,1780553756323170560,HTTP Blocked,ms,p50,0.00
80,1780553755323170560,1780553756323170560,HTTP Blocked,ms,p75,0.00
80,1780553755323170560,1780553756323170560,HTTP Blocked,ms,p90,0.00
80,1780553755323170560,1780553756323170560,HTTP Blocked,ms,p95,0.00
80,1780553755323170560,1780553756323170560,HTTP Blocked,ms,p99,0.00
80,1780553755323170560,1780553756323170560,HTTP Blocked,ms,std,0.00
80,1780553755323170560,1780553756323170560,HTTP Chunks Received,count,avg,3283.00
80,1780553755323170560,1780553756323170560,HTTP Chunks Received,count,min,3283.00
80,1780553755323170560,1780553756323170560,HTTP Chunks Received,count,max,3283.00
80,1780553755323170560,1780553756323170560,HTTP Chunks Received,count,sum,3283.00
80,1780553755323170560,1780553756323170560,HTTP Chunks Received,count,p1,3283.00
80,1780553755323170560,1780553756323170560,HTTP Chunks Received,count,p5,3283.00
80,1780553755323170560,1780553756323170560,HTTP Chunks Received,count,p10,3283.00
80,1780553755323170560,1780553756323170560,HTTP Chunks Received,count,p25,3283.00
80,1780553755323170560,1780553756323170560,HTTP Chunks Received,count,p50,3283.00
80,1780553755323170560,1780553756323170560,HTTP Chunks Received,count,p75,3283.00
80,1780553755323170560,1780553756323170560,HTTP Chunks Received,count,p90,3283.00
80,1780553755323170560,1780553756323170560,HTTP Chunks Received,count,p95,3283.00
80,1780553755323170560,1780553756323170560,HTTP Chunks Received,count,p99,3283.00
80,1780553755323170560,1780553756323170560,HTTP Chunks Received,count,std,0.00
80,1780553755323170560,1780553756323170560,HTTP Chunks Sent,count,avg,1.00
80,1780553755323170560,1780553756323170560,HTTP Chunks Sent,count,min,1.00
80,1780553755323170560,1780553756323170560,HTTP Chunks Sent,count,max,1.00
80,1780553755323170560,1780553756323170560,HTTP Chunks Sent,count,sum,1.00
80,1780553755323170560,1780553756323170560,HTTP Chunks Sent,count,p1,1.00
80,1780553755323170560,1780553756323170560,HTTP Chunks Sent,count,p5,1.00
80,1780553755323170560,1780553756323170560,HTTP Chunks Sent,count,p10,1.00
80,1780553755323170560,1780553756323170560,HTTP Chunks Sent,count,p25,1.00
80,1780553755323170560,1780553756323170560,HTTP Chunks Sent,count,p50,1.00
80,1780553755323170560,1780553756323170560,HTTP Chunks Sent,count,p75,1.00
80,1780553755323170560,1780553756323170560,HTTP Chunks Sent,count,p90,1.00
80,1780553755323170560,1780553756323170560,HTTP Chunks Sent,count,p95,1.00
80,1780553755323170560,1780553756323170560,HTTP Chunks Sent,count,p99,1.00
80,1780553755323170560,1780553756323170560,HTTP Chunks Sent,count,std,0.00
80,1780553755323170560,1780553756323170560,HTTP Connecting,ms,avg,1.15
80,1780553755323170560,1780553756323170560,HTTP Connecting,ms,min,1.15
80,1780553755323170560,1780553756323170560,HTTP Connecting,ms,max,1.15
80,1780553755323170560,1780553756323170560,HTTP Connecting,ms,sum,1.15
80,1780553755323170560,1780553756323170560,HTTP Connecting,ms,p1,1.15
80,1780553755323170560,1780553756323170560,HTTP Connecting,ms,p5,1.15
80,1780553755323170560,1780553756323170560,HTTP Connecting,ms,p10,1.15
80,1780553755323170560,1780553756323170560,HTTP Connecting,ms,p25,1.15
80,1780553755323170560,1780553756323170560,HTTP Connecting,ms,p50,1.15
80,1780553755323170560,1780553756323170560,HTTP Connecting,ms,p75,1.15
80,1780553755323170560,1780553756323170560,HTTP Connecting,ms,p90,1.15
80,1780553755323170560,1780553756323170560,HTTP Connecting,ms,p95,1.15
80,1780553755323170560,1780553756323170560,HTTP Connecting,ms,p99,1.15
80,1780553755323170560,1780553756323170560,HTTP Connecting,ms,std,0.00
80,1780553755323170560,1780553756323170560,HTTP Connection Overhead,ms,avg,1.64
80,1780553755323170560,1780553756323170560,HTTP Connection Overhead,ms,min,1.64
80,1780553755323170560,1780553756323170560,HTTP Connection Overhead,ms,max,1.64
80,1780553755323170560,1780553756323170560,HTTP Connection Overhead,ms,sum,1.64
80,1780553755323170560,1780553756323170560,HTTP Connection Overhead,ms,p1,1.64
80,1780553755323170560,1780553756323170560,HTTP Connection Overhead,ms,p5,1.64
80,1780553755323170560,1780553756323170560,HTTP Connection Overhead,ms,p10,1.64
80,1780553755323170560,1780553756323170560,HTTP Connection Overhead,ms,p25,1.64
80,1780553755323170560,1780553756323170560,HTTP Connection Overhead,ms,p50,1.64
80,1780553755323170560,1780553756323170560,HTTP Connection Overhead,ms,p75,1.64
80,1780553755323170560,1780553756323170560,HTTP Connection Overhead,ms,p90,1.64
80,1780553755323170560,1780553756323170560,HTTP Connection Overhead,ms,p95,1.64
80,1780553755323170560,1780553756323170560,HTTP Connection Overhead,ms,p99,1.64
80,1780553755323170560,1780553756323170560,HTTP Connection Overhead,ms,std,0.00
80,1780553755323170560,1780553756323170560,HTTP Connection Reused,ratio,avg,0.00
80,1780553755323170560,1780553756323170560,HTTP Connection Reused,ratio,min,0.00
80,1780553755323170560,1780553756323170560,HTTP Connection Reused,ratio,max,0.00
80,1780553755323170560,1780553756323170560,HTTP Connection Reused,ratio,sum,0.00
80,1780553755323170560,1780553756323170560,HTTP Connection Reused,ratio,p1,0.00
80,1780553755323170560,1780553756323170560,HTTP Connection Reused,ratio,p5,0.00
80,1780553755323170560,1780553756323170560,HTTP Connection Reused,ratio,p10,0.00
80,1780553755323170560,1780553756323170560,HTTP Connection Reused,ratio,p25,0.00
80,1780553755323170560,1780553756323170560,HTTP Connection Reused,ratio,p50,0.00
80,1780553755323170560,1780553756323170560,HTTP Connection Reused,ratio,p75,0.00
80,1780553755323170560,1780553756323170560,HTTP Connection Reused,ratio,p90,0.00
80,1780553755323170560,1780553756323170560,HTTP Connection Reused,ratio,p95,0.00
80,1780553755323170560,1780553756323170560,HTTP Connection Reused,ratio,p99,0.00
80,1780553755323170560,1780553756323170560,HTTP Connection Reused,ratio,std,0.00
80,1780553755323170560,1780553756323170560,HTTP Data Received,KB,avg,817.79
80,1780553755323170560,1780553756323170560,HTTP Data Received,KB,min,817.79
80,1780553755323170560,1780553756323170560,HTTP Data Received,KB,max,817.79
80,1780553755323170560,1780553756323170560,HTTP Data Received,KB,sum,817.79
80,1780553755323170560,1780553756323170560,HTTP Data Received,KB,p1,817.79
80,1780553755323170560,1780553756323170560,HTTP Data Received,KB,p5,817.79
80,1780553755323170560,1780553756323170560,HTTP Data Received,KB,p10,817.79
80,1780553755323170560,1780553756323170560,HTTP Data Received,KB,p25,817.79
80,1780553755323170560,1780553756323170560,HTTP Data Received,KB,p50,817.79
80,1780553755323170560,1780553756323170560,HTTP Data Received,KB,p75,817.79
80,1780553755323170560,1780553756323170560,HTTP Data Received,KB,p90,817.79
80,1780553755323170560,1780553756323170560,HTTP Data Received,KB,p95,817.79
80,1780553755323170560,1780553756323170560,HTTP Data Received,KB,p99,817.79
80,1780553755323170560,1780553756323170560,HTTP Data Received,KB,std,0.00
80,1780553755323170560,1780553756323170560,HTTP Data Sent,KB,avg,736.53
80,1780553755323170560,1780553756323170560,HTTP Data Sent,KB,min,736.53
80,1780553755323170560,1780553756323170560,HTTP Data Sent,KB,max,736.53
80,1780553755323170560,1780553756323170560,HTTP Data Sent,KB,sum,736.53
80,1780553755323170560,1780553756323170560,HTTP Data Sent,KB,p1,736.53
80,1780553755323170560,1780553756323170560,HTTP Data Sent,KB,p5,736.53
80,1780553755323170560,1780553756323170560,HTTP Data Sent,KB,p10,736.53
80,1780553755323170560,1780553756323170560,HTTP Data Sent,KB,p25,736.53
80,1780553755323170560,1780553756323170560,HTTP Data Sent,KB,p50,736.53
80,1780553755323170560,1780553756323170560,HTTP Data Sent,KB,p75,736.53
80,1780553755323170560,1780553756323170560,HTTP Data Sent,KB,p90,736.53
80,1780553755323170560,1780553756323170560,HTTP Data Sent,KB,p95,736.53
80,1780553755323170560,1780553756323170560,HTTP Data Sent,KB,p99,736.53
80,1780553755323170560,1780553756323170560,HTTP Data Sent,KB,std,0.00
80,1780553755323170560,1780553756323170560,HTTP DNS Lookup,ms,avg,0.50
80,1780553755323170560,1780553756323170560,HTTP DNS Lookup,ms,min,0.50
80,1780553755323170560,1780553756323170560,HTTP DNS Lookup,ms,max,0.50
80,1780553755323170560,1780553756323170560,HTTP DNS Lookup,ms,sum,0.50
80,1780553755323170560,1780553756323170560,HTTP DNS Lookup,ms,p1,0.50
80,1780553755323170560,1780553756323170560,HTTP DNS Lookup,ms,p5,0.50
80,1780553755323170560,1780553756323170560,HTTP DNS Lookup,ms,p10,0.50
80,1780553755323170560,1780553756323170560,HTTP DNS Lookup,ms,p25,0.50
80,1780553755323170560,1780553756323170560,HTTP DNS Lookup,ms,p50,0.50
80,1780553755323170560,1780553756323170560,HTTP DNS Lookup,ms,p75,0.50
80,1780553755323170560,1780553756323170560,HTTP DNS Lookup,ms,p90,0.50
80,1780553755323170560,1780553756323170560,HTTP DNS Lookup,ms,p95,0.50
80,1780553755323170560,1780553756323170560,HTTP DNS Lookup,ms,p99,0.50
80,1780553755323170560,1780553756323170560,HTTP DNS Lookup,ms,std,0.00
80,1780553755323170560,1780553756323170560,HTTP Duration (excl. conn),ms,avg,499063.55
80,1780553755323170560,1780553756323170560,HTTP Duration (excl. conn),ms,min,499063.55
80,1780553755323170560,1780553756323170560,HTTP Duration (excl. conn),ms,max,499063.55
80,1780553755323170560,1780553756323170560,HTTP Duration (excl. conn),ms,sum,499063.55
80,1780553755323170560,1780553756323170560,HTTP Duration (excl. conn),ms,p1,499063.55
80,1780553755323170560,1780553756323170560,HTTP Duration (excl. conn),ms,p5,499063.55
80,1780553755323170560,1780553756323170560,HTTP Duration (excl. conn),ms,p10,499063.55
80,1780553755323170560,1780553756323170560,HTTP Duration (excl. conn),ms,p25,499063.55
80,1780553755323170560,1780553756323170560,HTTP Duration (excl. conn),ms,p50,499063.55
80,1780553755323170560,1780553756323170560,HTTP Duration (excl. conn),ms,p75,499063.55
80,1780553755323170560,1780553756323170560,HTTP Duration (excl. conn),ms,p90,499063.55
80,1780553755323170560,1780553756323170560,HTTP Duration (excl. conn),ms,p95,499063.55
80,1780553755323170560,1780553756323170560,HTTP Duration (excl. conn),ms,p99,499063.55
80,1780553755323170560,1780553756323170560,HTTP Duration (excl. conn),ms,std,0.00
80,1780553755323170560,1780553756323170560,HTTP Receiving,ms,avg,450760.64
80,1780553755323170560,1780553756323170560,HTTP Receiving,ms,min,450760.64
80,1780553755323170560,1780553756323170560,HTTP Receiving,ms,max,450760.64
80,1780553755323170560,1780553756323170560,HTTP Receiving,ms,sum,450760.64
80,1780553755323170560,1780553756323170560,HTTP Receiving,ms,p1,450760.64
80,1780553755323170560,1780553756323170560,HTTP Receiving,ms,p5,450760.64
80,1780553755323170560,1780553756323170560,HTTP Receiving,ms,p10,450760.64
80,1780553755323170560,1780553756323170560,HTTP Receiving,ms,p25,450760.64
80,1780553755323170560,1780553756323170560,HTTP Receiving,ms,p50,450760.64
80,1780553755323170560,1780553756323170560,HTTP Receiving,ms,p75,450760.64
80,1780553755323170560,1780553756323170560,HTTP Receiving,ms,p90,450760.64
80,1780553755323170560,1780553756323170560,HTTP Receiving,ms,p95,450760.64
80,1780553755323170560,1780553756323170560,HTTP Receiving,ms,p99,450760.64
80,1780553755323170560,1780553756323170560,HTTP Receiving,ms,std,0.00
80,1780553755323170560,1780553756323170560,HTTP Sending,ms,avg,1.41
80,1780553755323170560,1780553756323170560,HTTP Sending,ms,min,1.41
80,1780553755323170560,1780553756323170560,HTTP Sending,ms,max,1.41
80,1780553755323170560,1780553756323170560,HTTP Sending,ms,sum,1.41
80,1780553755323170560,1780553756323170560,HTTP Sending,ms,p1,1.41
80,1780553755323170560,1780553756323170560,HTTP Sending,ms,p5,1.41
80,1780553755323170560,1780553756323170560,HTTP Sending,ms,p10,1.41
80,1780553755323170560,1780553756323170560,HTTP Sending,ms,p25,1.41
80,1780553755323170560,1780553756323170560,HTTP Sending,ms,p50,1.41
80,1780553755323170560,1780553756323170560,HTTP Sending,ms,p75,1.41
80,1780553755323170560,1780553756323170560,HTTP Sending,ms,p90,1.41
80,1780553755323170560,1780553756323170560,HTTP Sending,ms,p95,1.41
80,1780553755323170560,1780553756323170560,HTTP Sending,ms,p99,1.41
80,1780553755323170560,1780553756323170560,HTTP Sending,ms,std,0.00
80,1780553755323170560,1780553756323170560,HTTP Total Time,ms,avg,499065.19
80,1780553755323170560,1780553756323170560,HTTP Total Time,ms,min,499065.19
80,1780553755323170560,1780553756323170560,HTTP Total Time,ms,max,499065.19
80,1780553755323170560,1780553756323170560,HTTP Total Time,ms,sum,499065.19
80,1780553755323170560,1780553756323170560,HTTP Total Time,ms,p1,499065.19
80,1780553755323170560,1780553756323170560,HTTP Total Time,ms,p5,499065.19
80,1780553755323170560,1780553756323170560,HTTP Total Time,ms,p10,499065.19
80,1780553755323170560,1780553756323170560,HTTP Total Time,ms,p25,499065.19
80,1780553755323170560,1780553756323170560,HTTP Total Time,ms,p50,499065.19
80,1780553755323170560,1780553756323170560,HTTP Total Time,ms,p75,499065.19
80,1780553755323170560,1780553756323170560,HTTP Total Time,ms,p90,499065.19
80,1780553755323170560,1780553756323170560,HTTP Total Time,ms,p95,499065.19
80,1780553755323170560,1780553756323170560,HTTP Total Time,ms,p99,499065.19
80,1780553755323170560,1780553756323170560,HTTP Total Time,ms,std,0.00
80,1780553755323170560,1780553756323170560,HTTP Waiting (TTFB),ms,avg,48301.49
80,1780553755323170560,1780553756323170560,HTTP Waiting (TTFB),ms,min,48301.49
80,1780553755323170560,1780553756323170560,HTTP Waiting (TTFB),ms,max,48301.49
80,1780553755323170560,1780553756323170560,HTTP Waiting (TTFB),ms,sum,48301.49
80,1780553755323170560,1780553756323170560,HTTP Waiting (TTFB),ms,p1,48301.49
80,1780553755323170560,1780553756323170560,HTTP Waiting (TTFB),ms,p5,48301.49
80,1780553755323170560,1780553756323170560,HTTP Waiting (TTFB),ms,p10,48301.49
80,1780553755323170560,1780553756323170560,HTTP Waiting (TTFB),ms,p25,48301.49
80,1780553755323170560,1780553756323170560,HTTP Waiting (TTFB),ms,p50,48301.49
80,1780553755323170560,1780553756323170560,HTTP Waiting (TTFB),ms,p75,48301.49
80,1780553755323170560,1780553756323170560,HTTP Waiting (TTFB),ms,p90,48301.49
80,1780553755323170560,1780553756323170560,HTTP Waiting (TTFB),ms,p95,48301.49
80,1780553755323170560,1780553756323170560,HTTP Waiting (TTFB),ms,p99,48301.49
80,1780553755323170560,1780553756323170560,HTTP Waiting (TTFB),ms,std,0.00
80,1780553755323170560,1780553756323170560,Input Sequence Length,tokens,avg,191382.00
80,1780553755323170560,1780553756323170560,Input Sequence Length,tokens,min,191382.00
80,1780553755323170560,1780553756323170560,Input Sequence Length,tokens,max,191382.00
80,1780553755323170560,1780553756323170560,Input Sequence Length,tokens,sum,191382.00
80,1780553755323170560,1780553756323170560,Input Sequence Length,tokens,p1,191382.00
80,1780553755323170560,1780553756323170560,Input Sequence Length,tokens,p5,191382.00
80,1780553755323170560,1780553756323170560,Input Sequence Length,tokens,p10,191382.00
80,1780553755323170560,1780553756323170560,Input Sequence Length,tokens,p25,191382.00
80,1780553755323170560,1780553756323170560,Input Sequence Length,tokens,p50,191382.00
80,1780553755323170560,1780553756323170560,Input Sequence Length,tokens,p75,191382.00
80,1780553755323170560,1780553756323170560,Input Sequence Length,tokens,p90,191382.00
80,1780553755323170560,1780553756323170560,Input Sequence Length,tokens,p95,191382.00
80,1780553755323170560,1780553756323170560,Input Sequence Length,tokens,p99,191382.00
80,1780553755323170560,1780553756323170560,Input Sequence Length,tokens,std,0.00
80,1780553755323170560,1780553756323170560,Input Token Throughput,tokens/sec,avg,191382.00
80,1780553755323170560,1780553756323170560,Inter Chunk Latency,ms,avg,67.97
80,1780553755323170560,1780553756323170560,Inter Chunk Latency,ms,min,67.92
80,1780553755323170560,1780553756323170560,Inter Chunk Latency,ms,max,68.02
80,1780553755323170560,1780553756323170560,Inter Chunk Latency,ms,sum,223064.41
80,1780553755323170560,1780553756323170560,Inter Chunk Latency,ms,p1,67.92
80,1780553755323170560,1780553756323170560,Inter Chunk Latency,ms,p5,67.92
80,1780553755323170560,1780553756323170560,Inter Chunk Latency,ms,p10,67.93
80,1780553755323170560,1780553756323170560,Inter Chunk Latency,ms,p25,67.94
80,1780553755323170560,1780553756323170560,Inter Chunk Latency,ms,p50,67.97
80,1780553755323170560,1780553756323170560,Inter Chunk Latency,ms,p75,67.99
80,1780553755323170560,1780553756323170560,Inter Chunk Latency,ms,p90,68.01
80,1780553755323170560,1780553756323170560,Inter Chunk Latency,ms,p95,68.01
80,1780553755323170560,1780553756323170560,Inter Chunk Latency,ms,p99,68.02
80,1780553755323170560,1780553756323170560,Inter Chunk Latency,ms,std,0.03
80,1780553755323170560,1780553756323170560,Inter Token Latency,ms,avg,137.34
80,1780553755323170560,1780553756323170560,Inter Token Latency,ms,min,137.34
80,1780553755323170560,1780553756323170560,Inter Token Latency,ms,max,137.34
80,1780553755323170560,1780553756323170560,Inter Token Latency,ms,sum,137.34
80,1780553755323170560,1780553756323170560,Inter Token Latency,ms,p1,137.34
80,1780553755323170560,1780553756323170560,Inter Token Latency,ms,p5,137.34
80,1780553755323170560,1780553756323170560,Inter Token Latency,ms,p10,137.34
80,1780553755323170560,1780553756323170560,Inter Token Latency,ms,p25,137.34
80,1780553755323170560,1780553756323170560,Inter Token Latency,ms,p50,137.34
80,1780553755323170560,1780553756323170560,Inter Token Latency,ms,p75,137.34
80,1780553755323170560,1780553756323170560,Inter Token Latency,ms,p90,137.34
80,1780553755323170560,1780553756323170560,Inter Token Latency,ms,p95,137.34
80,1780553755323170560,1780553756323170560,Inter Token Latency,ms,p99,137.34
80,1780553755323170560,1780553756323170560,Inter Token Latency,ms,std,0.00
80,1780553755323170560,1780553756323170560,Maximum Response Timestamp,ns,avg,1780554255361011456.00
80,1780553755323170560,1780553756323170560,Minimum Request Timestamp,ns,avg,1780553756297351168.00
80,1780553755323170560,1780553756323170560,OSL Mismatch Count,requests,avg,0.00
80,1780553755323170560,1780553756323170560,OSL Mismatch Diff %,%,avg,0.00
80,1780553755323170560,1780553756323170560,OSL Mismatch Diff %,%,min,0.00
80,1780553755323170560,1780553756323170560,OSL Mismatch Diff %,%,max,0.00
80,1780553755323170560,1780553756323170560,OSL Mismatch Diff %,%,sum,0.00
80,1780553755323170560,1780553756323170560,OSL Mismatch Diff %,%,p1,0.00
80,1780553755323170560,1780553756323170560,OSL Mismatch Diff %,%,p5,0.00
80,1780553755323170560,1780553756323170560,OSL Mismatch Diff %,%,p10,0.00
80,1780553755323170560,1780553756323170560,OSL Mismatch Diff %,%,p25,0.00
80,1780553755323170560,1780553756323170560,OSL Mismatch Diff %,%,p50,0.00
80,1780553755323170560,1780553756323170560,OSL Mismatch Diff %,%,p75,0.00
80,1780553755323170560,1780553756323170560,OSL Mismatch Diff %,%,p90,0.00
80,1780553755323170560,1780553756323170560,OSL Mismatch Diff %,%,p95,0.00
80,1780553755323170560,1780553756323170560,OSL Mismatch Diff %,%,p99,0.00
80,1780553755323170560,1780553756323170560,OSL Mismatch Diff %,%,std,0.00
80,1780553755323170560,1780553756323170560,Output Sequence Length,tokens,avg,3283.00
80,1780553755323170560,1780553756323170560,Output Sequence Length,tokens,min,3283.00
80,1780553755323170560,1780553756323170560,Output Sequence Length,tokens,max,3283.00
80,1780553755323170560,1780553756323170560,Output Sequence Length,tokens,sum,3283.00
80,1780553755323170560,1780553756323170560,Output Sequence Length,tokens,p1,3283.00
80,1780553755323170560,1780553756323170560,Output Sequence Length,tokens,p5,3283.00
80,1780553755323170560,1780553756323170560,Output Sequence Length,tokens,p10,3283.00
80,1780553755323170560,1780553756323170560,Output Sequence Length,tokens,p25,3283.00
80,1780553755323170560,1780553756323170560,Output Sequence Length,tokens,p50,3283.00
80,1780553755323170560,1780553756323170560,Output Sequence Length,tokens,p75,3283.00
80,1780553755323170560,1780553756323170560,Output Sequence Length,tokens,p90,3283.00
80,1780553755323170560,1780553756323170560,Output Sequence Length,tokens,p95,3283.00
80,1780553755323170560,1780553756323170560,Output Sequence Length,tokens,p99,3283.00
80,1780553755323170560,1780553756323170560,Output Sequence Length,tokens,std,0.00
80,1780553755323170560,1780553756323170560,Output Token Count,tokens,avg,3283.00
80,1780553755323170560,1780553756323170560,Output Token Count,tokens,min,3283.00
80,1780553755323170560,1780553756323170560,Output Token Count,tokens,max,3283.00
80,1780553755323170560,1780553756323170560,Output Token Count,tokens,sum,3283.00
80,1780553755323170560,1780553756323170560,Output Token Count,tokens,p1,3283.00
80,1780553755323170560,1780553756323170560,Output Token Count,tokens,p5,3283.00
80,1780553755323170560,1780553756323170560,Output Token Count,tokens,p10,3283.00
80,1780553755323170560,1780553756323170560,Output Token Count,tokens,p25,3283.00
80,1780553755323170560,1780553756323170560,Output Token Count,tokens,p50,3283.00
80,1780553755323170560,1780553756323170560,Output Token Count,tokens,p75,3283.00
80,1780553755323170560,1780553756323170560,Output Token Count,tokens,p90,3283.00
80,1780553755323170560,1780553756323170560,Output Token Count,tokens,p95,3283.00
80,1780553755323170560,1780553756323170560,Output Token Count,tokens,p99,3283.00
80,1780553755323170560,1780553756323170560,Output Token Count,tokens,std,0.00
80,1780553755323170560,1780553756323170560,Output Token Throughput,tokens/sec,avg,3283.00
80,1780553755323170560,1780553756323170560,Output Token Throughput Per User,tokens/sec/user,avg,7.28
80,1780553755323170560,1780553756323170560,Output Token Throughput Per User,tokens/sec/user,min,7.28
80,1780553755323170560,1780553756323170560,Output Token Throughput Per User,tokens/sec/user,max,7.28
80,1780553755323170560,1780553756323170560,Output Token Throughput Per User,tokens/sec/user,sum,7.28
80,1780553755323170560,1780553756323170560,Output Token Throughput Per User,tokens/sec/user,p1,7.28
80,1780553755323170560,1780553756323170560,Output Token Throughput Per User,tokens/sec/user,p5,7.28
80,1780553755323170560,1780553756323170560,Output Token Throughput Per User,tokens/sec/user,p10,7.28
80,1780553755323170560,1780553756323170560,Output Token Throughput Per User,tokens/sec/user,p25,7.28
80,1780553755323170560,1780553756323170560,Output Token Throughput Per User,tokens/sec/user,p50,7.28
80,1780553755323170560,1780553756323170560,Output Token Throughput Per User,tokens/sec/user,p75,7.28
80,1780553755323170560,1780553756323170560,Output Token Throughput Per User,tokens/sec/user,p90,7.28
80,1780553755323170560,1780553756323170560,Output Token Throughput Per User,tokens/sec/user,p95,7.28
80,1780553755323170560,1780553756323170560,Output Token Throughput Per User,tokens/sec/user,p99,7.28
80,1780553755323170560,1780553756323170560,Output Token Throughput Per User,tokens/sec/user,std,0.00
80,1780553755323170560,1780553756323170560,Prefill Throughput Per User,tokens/sec/user,avg,3962.11
80,1780553755323170560,1780553756323170560,Prefill Throughput Per User,tokens/sec/user,min,3962.11
80,1780553755323170560,1780553756323170560,Prefill Throughput Per User,tokens/sec/user,max,3962.11
80,1780553755323170560,1780553756323170560,Prefill Throughput Per User,tokens/sec/user,sum,3962.11
80,1780553755323170560,1780553756323170560,Prefill Throughput Per User,tokens/sec/user,p1,3962.11
80,1780553755323170560,1780553756323170560,Prefill Throughput Per User,tokens/sec/user,p5,3962.11
80,1780553755323170560,1780553756323170560,Prefill Throughput Per User,tokens/sec/user,p10,3962.11
80,1780553755323170560,1780553756323170560,Prefill Throughput Per User,tokens/sec/user,p25,3962.11
80,1780553755323170560,1780553756323170560,Prefill Throughput Per User,tokens/sec/user,p50,3962.11
80,1780553755323170560,1780553756323170560,Prefill Throughput Per User,tokens/sec/user,p75,3962.11
80,1780553755323170560,1780553756323170560,Prefill Throughput Per User,tokens/sec/user,p90,3962.11
80,1780553755323170560,1780553756323170560,Prefill Throughput Per User,tokens/sec/user,p95,3962.11
80,1780553755323170560,1780553756323170560,Prefill Throughput Per User,tokens/sec/user,p99,3962.11
80,1780553755323170560,1780553756323170560,Prefill Throughput Per User,tokens/sec/user,std,0.00
80,1780553755323170560,1780553756323170560,Request Count,requests,avg,1.00
80,1780553755323170560,1780553756323170560,Request Latency,ms,avg,499063.66
80,1780553755323170560,1780553756323170560,Request Latency,ms,min,499063.66
80,1780553755323170560,1780553756323170560,Request Latency,ms,max,499063.66
80,1780553755323170560,1780553756323170560,Request Latency,ms,sum,499063.66
80,1780553755323170560,1780553756323170560,Request Latency,ms,p1,499063.66
80,1780553755323170560,1780553756323170560,Request Latency,ms,p5,499063.66
80,1780553755323170560,1780553756323170560,Request Latency,ms,p10,499063.66
80,1780553755323170560,1780553756323170560,Request Latency,ms,p25,499063.66
80,1780553755323170560,1780553756323170560,Request Latency,ms,p50,499063.66
80,1780553755323170560,1780553756323170560,Request Latency,ms,p75,499063.66
80,1780553755323170560,1780553756323170560,Request Latency,ms,p90,499063.66
80,1780553755323170560,1780553756323170560,Request Latency,ms,p95,499063.66
80,1780553755323170560,1780553756323170560,Request Latency,ms,p99,499063.66
80,1780553755323170560,1780553756323170560,Request Latency,ms,std,0.00
80,1780553755323170560,1780553756323170560,Request Throughput,requests/sec,avg,1.00
80,1780553755323170560,1780553756323170560,Requested OSL,tokens,avg,3283.00
80,1780553755323170560,1780553756323170560,Requested OSL,tokens,min,3283.00
80,1780553755323170560,1780553756323170560,Requested OSL,tokens,max,3283.00
80,1780553755323170560,1780553756323170560,Requested OSL,tokens,sum,3283.00
80,1780553755323170560,1780553756323170560,Requested OSL,tokens,p1,3283.00
80,1780553755323170560,1780553756323170560,Requested OSL,tokens,p5,3283.00
80,1780553755323170560,1780553756323170560,Requested OSL,tokens,p10,3283.00
80,1780553755323170560,1780553756323170560,Requested OSL,tokens,p25,3283.00
80,1780553755323170560,1780553756323170560,Requested OSL,tokens,p50,3283.00
80,1780553755323170560,1780553756323170560,Requested OSL,tokens,p75,3283.00
80,1780553755323170560,1780553756323170560,Requested OSL,tokens,p90,3283.00
80,1780553755323170560,1780553756323170560,Requested OSL,tokens,p95,3283.00
80,1780553755323170560,1780553756323170560,Requested OSL,tokens,p99,3283.00
80,1780553755323170560,1780553756323170560,Requested OSL,tokens,std,0.00
80,1780553755323170560,1780553756323170560,Time to First Output Token,ms,avg,48303.03
80,1780553755323170560,1780553756323170560,Time to First Output Token,ms,min,48303.03
80,1780553755323170560,1780553756323170560,Time to First Output Token,ms,max,48303.03
80,1780553755323170560,1780553756323170560,Time to First Output Token,ms,sum,48303.03
80,1780553755323170560,1780553756323170560,Time to First Output Token,ms,p1,48303.03
80,1780553755323170560,1780553756323170560,Time to First Output Token,ms,p5,48303.03
80,1780553755323170560,1780553756323170560,Time to First Output Token,ms,p10,48303.03
80,1780553755323170560,1780553756323170560,Time to First Output Token,ms,p25,48303.03
80,1780553755323170560,1780553756323170560,Time to First Output Token,ms,p50,48303.03
80,1780553755323170560,1780553756323170560,Time to First Output Token,ms,p75,48303.03
80,1780553755323170560,1780553756323170560,Time to First Output Token,ms,p90,48303.03
80,1780553755323170560,1780553756323170560,Time to First Output Token,ms,p95,48303.03
80,1780553755323170560,1780553756323170560,Time to First Output Token,ms,p99,48303.03
80,1780553755323170560,1780553756323170560,Time to First Output Token,ms,std,0.00
80,1780553755323170560,1780553756323170560,Time to First Token,ms,avg,48303.03
80,1780553755323170560,1780553756323170560,Time to First Token,ms,min,48303.03
80,1780553755323170560,1780553756323170560,Time to First Token,ms,max,48303.03
80,1780553755323170560,1780553756323170560,Time to First Token,ms,sum,48303.03
80,1780553755323170560,1780553756323170560,Time to First Token,ms,p1,48303.03
80,1780553755323170560,1780553756323170560,Time to First Token,ms,p5,48303.03
80,1780553755323170560,1780553756323170560,Time to First Token,ms,p10,48303.03
80,1780553755323170560,1780553756323170560,Time to First Token,ms,p25,48303.03
80,1780553755323170560,1780553756323170560,Time to First Token,ms,p50,48303.03
80,1780553755323170560,1780553756323170560,Time to First Token,ms,p75,48303.03
80,1780553755323170560,1780553756323170560,Time to First Token,ms,p90,48303.03
80,1780553755323170560,1780553756323170560,Time to First Token,ms,p95,48303.03
80,1780553755323170560,1780553756323170560,Time to First Token,ms,p99,48303.03
80,1780553755323170560,1780553756323170560,Time to First Token,ms,std,0.00
80,1780553755323170560,1780553756323170560,Time to Second Token,ms,avg,0.54
80,1780553755323170560,1780553756323170560,Time to Second Token,ms,min,0.54
80,1780553755323170560,1780553756323170560,Time to Second Token,ms,max,0.54
80,1780553755323170560,1780553756323170560,Time to Second Token,ms,sum,0.54
80,1780553755323170560,1780553756323170560,Time to Second Token,ms,p1,0.54
80,1780553755323170560,1780553756323170560,Time to Second Token,ms,p5,0.54
80,1780553755323170560,1780553756323170560,Time to Second Token,ms,p10,0.54
80,1780553755323170560,1780553756323170560,Time to Second Token,ms,p25,0.54
80,1780553755323170560,1780553756323170560,Time to Second Token,ms,p50,0.54
80,1780553755323170560,1780553756323170560,Time to Second Token,ms,p75,0.54
80,1780553755323170560,1780553756323170560,Time to Second Token,ms,p90,0.54
80,1780553755323170560,1780553756323170560,Time to Second Token,ms,p95,0.54
80,1780553755323170560,1780553756323170560,Time to Second Token,ms,p99,0.54
80,1780553755323170560,1780553756323170560,Time to Second Token,ms,std,0.00
80,1780553755323170560,1780553756323170560,Tokens In Flight,tokens,avg,1346161.70
80,1780553755323170560,1780553756323170560,Tokens In Flight,tokens,min,1211355.00
80,1780553755323170560,1780553756323170560,Tokens In Flight,tokens,max,1450901.24
80,1780553755323170560,1780553756323170560,Tokens In Flight,tokens,p50,1358708.29
80,1780553755323170560,1780553756323170560,Tokens In Flight,tokens,p90,1450889.56
80,1780553755323170560,1780553756323170560,Tokens In Flight,tokens,p95,1450895.92
80,1780553755323170560,1780553756323170560,Tokens In Flight,tokens,p99,1450899.24
80,1780553755323170560,1780553756323170560,Tokens In Flight,tokens,std,97774.11
80,1780553755323170560,1780553756323170560,Total Input Sequence Length,tokens,avg,191382.00
80,1780553755323170560,1780553756323170560,Total Output Sequence Length,tokens,avg,3283.00
80,1780553755323170560,1780553756323170560,Total Output Tokens,tokens,avg,3283.00
80,1780553755323170560,1780553756323170560,Total Token Throughput,tokens/sec,avg,194665.00
80,1780553755323170560,1780553756323170560,Total Usage Completion Tokens,tokens,avg,3283.00
80,1780553755323170560,1780553756323170560,Total Usage Prompt Tokens,tokens,avg,191382.00
80,1780553755323170560,1780553756323170560,Total Usage Total Tokens,tokens,avg,194665.00
80,1780553755323170560,1780553756323170560,Usage Completion Tokens,tokens,avg,3283.00
80,1780553755323170560,1780553756323170560,Usage Completion Tokens,tokens,min,3283.00
80,1780553755323170560,1780553756323170560,Usage Completion Tokens,tokens,max,3283.00
80,1780553755323170560,1780553756323170560,Usage Completion Tokens,tokens,sum,3283.00
80,1780553755323170560,1780553756323170560,Usage Completion Tokens,tokens,p1,3283.00
80,1780553755323170560,1780553756323170560,Usage Completion Tokens,tokens,p5,3283.00
80,1780553755323170560,1780553756323170560,Usage Completion Tokens,tokens,p10,3283.00
80,1780553755323170560,1780553756323170560,Usage Completion Tokens,tokens,p25,3283.00
80,1780553755323170560,1780553756323170560,Usage Completion Tokens,tokens,p50,3283.00
80,1780553755323170560,1780553756323170560,Usage Completion Tokens,tokens,p75,3283.00
80,1780553755323170560,1780553756323170560,Usage Completion Tokens,tokens,p90,3283.00
80,1780553755323170560,1780553756323170560,Usage Completion Tokens,tokens,p95,3283.00
80,1780553755323170560,1780553756323170560,Usage Completion Tokens,tokens,p99,3283.00
80,1780553755323170560,1780553756323170560,Usage Completion Tokens,tokens,std,0.00
80,1780553755323170560,1780553756323170560,Usage Prompt Tokens,tokens,avg,191382.00
80,1780553755323170560,1780553756323170560,Usage Prompt Tokens,tokens,min,191382.00
80,1780553755323170560,1780553756323170560,Usage Prompt Tokens,tokens,max,191382.00
80,1780553755323170560,1780553756323170560,Usage Prompt Tokens,tokens,sum,191382.00
80,1780553755323170560,1780553756323170560,Usage Prompt Tokens,tokens,p1,191382.00
80,1780553755323170560,1780553756323170560,Usage Prompt Tokens,tokens,p5,191382.00
80,1780553755323170560,1780553756323170560,Usage Prompt Tokens,tokens,p10,191382.00
80,1780553755323170560,1780553756323170560,Usage Prompt Tokens,tokens,p25,191382.00
80,1780553755323170560,1780553756323170560,Usage Prompt Tokens,tokens,p50,191382.00
80,1780553755323170560,1780553756323170560,Usage Prompt Tokens,tokens,p75,191382.00
80,1780553755323170560,1780553756323170560,Usage Prompt Tokens,tokens,p90,191382.00
80,1780553755323170560,1780553756323170560,Usage Prompt Tokens,tokens,p95,191382.00
80,1780553755323170560,1780553756323170560,Usage Prompt Tokens,tokens,p99,191382.00
80,1780553755323170560,1780553756323170560,Usage Prompt Tokens,tokens,std,0.00
80,1780553755323170560,1780553756323170560,Usage Total Tokens,tokens,avg,194665.00
80,1780553755323170560,1780553756323170560,Usage Total Tokens,tokens,min,194665.00
80,1780553755323170560,1780553756323170560,Usage Total Tokens,tokens,max,194665.00
80,1780553755323170560,1780553756323170560,Usage Total Tokens,tokens,sum,194665.00
80,1780553755323170560,1780553756323170560,Usage Total Tokens,tokens,p1,194665.00
80,1780553755323170560,1780553756323170560,Usage Total Tokens,tokens,p5,194665.00
80,1780553755323170560,1780553756323170560,Usage Total Tokens,tokens,p10,194665.00
80,1780553755323170560,1780553756323170560,Usage Total Tokens,tokens,p25,194665.00
80,1780553755323170560,1780553756323170560,Usage Total Tokens,tokens,p50,194665.00
80,1780553755323170560,1780553756323170560,Usage Total Tokens,tokens,p75,194665.00
80,1780553755323170560,1780553756323170560,Usage Total Tokens,tokens,p90,194665.00
80,1780553755323170560,1780553756323170560,Usage Total Tokens,tokens,p95,194665.00
80,1780553755323170560,1780553756323170560,Usage Total Tokens,tokens,p99,194665.00
80,1780553755323170560,1780553756323170560,Usage Total Tokens,tokens,std,0.00
81,1780553767323170560,1780553768323170560,Active Decode Throughput,tokens/sec,avg,74.79
81,1780553767323170560,1780553768323170560,Active Decode Throughput,tokens/sec,min,59.60
81,1780553767323170560,1780553768323170560,Active Decode Throughput,tokens/sec,max,89.97
81,1780553767323170560,1780553768323170560,Active Decode Throughput,tokens/sec,p50,74.79
81,1780553767323170560,1780553768323170560,Active Decode Throughput,tokens/sec,p90,74.79
81,1780553767323170560,1780553768323170560,Active Decode Throughput,tokens/sec,p95,74.79
81,1780553767323170560,1780553768323170560,Active Decode Throughput,tokens/sec,p99,74.79
81,1780553767323170560,1780553768323170560,Active Decode Throughput,tokens/sec,std,0.03
81,1780553767323170560,1780553768323170560,Active Decode Throughput Per User,tokens/sec/user,avg,6.80
81,1780553767323170560,1780553768323170560,Active Decode Throughput Per User,tokens/sec/user,min,5.42
81,1780553767323170560,1780553768323170560,Active Decode Throughput Per User,tokens/sec/user,max,8.18
81,1780553767323170560,1780553768323170560,Active Decode Throughput Per User,tokens/sec/user,p50,6.80
81,1780553767323170560,1780553768323170560,Active Decode Throughput Per User,tokens/sec/user,p90,6.80
81,1780553767323170560,1780553768323170560,Active Decode Throughput Per User,tokens/sec/user,p95,6.80
81,1780553767323170560,1780553768323170560,Active Decode Throughput Per User,tokens/sec/user,p99,6.80
81,1780553767323170560,1780553768323170560,Active Decode Throughput Per User,tokens/sec/user,std,0.00
81,1780553767323170560,1780553768323170560,Active Prefill Throughput,tokens/sec,avg,7208.53
81,1780553767323170560,1780553768323170560,Active Prefill Throughput,tokens/sec,min,6953.83
81,1780553767323170560,1780553768323170560,Active Prefill Throughput,tokens/sec,max,8979.58
81,1780553767323170560,1780553768323170560,Active Prefill Throughput,tokens/sec,p50,6953.83
81,1780553767323170560,1780553768323170560,Active Prefill Throughput,tokens/sec,p90,8979.58
81,1780553767323170560,1780553768323170560,Active Prefill Throughput,tokens/sec,p95,8979.58
81,1780553767323170560,1780553768323170560,Active Prefill Throughput,tokens/sec,p99,8979.58
81,1780553767323170560,1780553768323170560,Active Prefill Throughput,tokens/sec,std,671.64
81,1780553767323170560,1780553768323170560,Active Prefill Throughput Per User,tokens/sec/user,avg,3416.09
81,1780553767323170560,1780553768323170560,Active Prefill Throughput Per User,tokens/sec/user,min,2993.19
81,1780553767323170560,1780553768323170560,Active Prefill Throughput Per User,tokens/sec/user,max,3476.91
81,1780553767323170560,1780553768323170560,Active Prefill Throughput Per User,tokens/sec/user,p50,3476.91
81,1780553767323170560,1780553768323170560,Active Prefill Throughput Per User,tokens/sec/user,p90,3476.91
81,1780553767323170560,1780553768323170560,Active Prefill Throughput Per User,tokens/sec/user,p95,3476.91
81,1780553767323170560,1780553768323170560,Active Prefill Throughput Per User,tokens/sec/user,p99,3476.91
81,1780553767323170560,1780553768323170560,Active Prefill Throughput Per User,tokens/sec/user,std,160.38
81,1780553767323170560,1780553768323170560,Active Total Throughput,tokens/sec,avg,7270.05
81,1780553767323170560,1780553768323170560,Active Total Throughput,tokens/sec,min,7015.34
81,1780553767323170560,1780553768323170560,Active Total Throughput,tokens/sec,max,9041.09
81,1780553767323170560,1780553768323170560,Active Total Throughput,tokens/sec,p50,7015.34
81,1780553767323170560,1780553768323170560,Active Total Throughput,tokens/sec,p90,9041.09
81,1780553767323170560,1780553768323170560,Active Total Throughput,tokens/sec,p95,9041.09
81,1780553767323170560,1780553768323170560,Active Total Throughput,tokens/sec,p99,9041.09
81,1780553767323170560,1780553768323170560,Active Total Throughput,tokens/sec,std,671.64
81,1780553767323170560,1780553768323170560,Benchmark Duration,sec,avg,150.37
81,1780553767323170560,1780553768323170560,E2E Output Token Throughput,tokens/sec/user,avg,5.01
81,1780553767323170560,1780553768323170560,E2E Output Token Throughput,tokens/sec/user,min,5.01
81,1780553767323170560,1780553768323170560,E2E Output Token Throughput,tokens/sec/user,max,5.01
81,1780553767323170560,1780553768323170560,E2E Output Token Throughput,tokens/sec/user,sum,5.01
81,1780553767323170560,1780553768323170560,E2E Output Token Throughput,tokens/sec/user,p1,5.01
81,1780553767323170560,1780553768323170560,E2E Output Token Throughput,tokens/sec/user,p5,5.01
81,1780553767323170560,1780553768323170560,E2E Output Token Throughput,tokens/sec/user,p10,5.01
81,1780553767323170560,1780553768323170560,E2E Output Token Throughput,tokens/sec/user,p25,5.01
81,1780553767323170560,1780553768323170560,E2E Output Token Throughput,tokens/sec/user,p50,5.01
81,1780553767323170560,1780553768323170560,E2E Output Token Throughput,tokens/sec/user,p75,5.01
81,1780553767323170560,1780553768323170560,E2E Output Token Throughput,tokens/sec/user,p90,5.01
81,1780553767323170560,1780553768323170560,E2E Output Token Throughput,tokens/sec/user,p95,5.01
81,1780553767323170560,1780553768323170560,E2E Output Token Throughput,tokens/sec/user,p99,5.01
81,1780553767323170560,1780553768323170560,E2E Output Token Throughput,tokens/sec/user,std,0.00
81,1780553767323170560,1780553768323170560,Effective Concurrency,requests,avg,13.13
81,1780553767323170560,1780553768323170560,Effective Concurrency,requests,min,13.00
81,1780553767323170560,1780553768323170560,Effective Concurrency,requests,max,14.00
81,1780553767323170560,1780553768323170560,Effective Concurrency,requests,p50,13.00
81,1780553767323170560,1780553768323170560,Effective Concurrency,requests,p90,14.00
81,1780553767323170560,1780553768323170560,Effective Concurrency,requests,p95,14.00
81,1780553767323170560,1780553768323170560,Effective Concurrency,requests,p99,14.00
81,1780553767323170560,1780553768323170560,Effective Concurrency,requests,std,0.33
81,1780553767323170560,1780553768323170560,Effective Decode Concurrency,requests,avg,11.00
81,1780553767323170560,1780553768323170560,Effective Decode Concurrency,requests,min,11.00
81,1780553767323170560,1780553768323170560,Effective Decode Concurrency,requests,max,11.00
81,1780553767323170560,1780553768323170560,Effective Decode Concurrency,requests,p50,11.00
81,1780553767323170560,1780553768323170560,Effective Decode Concurrency,requests,p90,11.00
81,1780553767323170560,1780553768323170560,Effective Decode Concurrency,requests,p95,11.00
81,1780553767323170560,1780553768323170560,Effective Decode Concurrency,requests,p99,11.00
81,1780553767323170560,1780553768323170560,Effective Decode Concurrency,requests,std,0.00
81,1780553767323170560,1780553768323170560,Effective Decode Throughput,tokens/sec,avg,74.79
81,1780553767323170560,1780553768323170560,Effective Decode Throughput,tokens/sec,min,59.60
81,1780553767323170560,1780553768323170560,Effective Decode Throughput,tokens/sec,max,89.97
81,1780553767323170560,1780553768323170560,Effective Decode Throughput,tokens/sec,p50,74.79
81,1780553767323170560,1780553768323170560,Effective Decode Throughput,tokens/sec,p90,74.79
81,1780553767323170560,1780553768323170560,Effective Decode Throughput,tokens/sec,p95,74.79
81,1780553767323170560,1780553768323170560,Effective Decode Throughput,tokens/sec,p99,74.79
81,1780553767323170560,1780553768323170560,Effective Decode Throughput,tokens/sec,std,0.03
81,1780553767323170560,1780553768323170560,Effective Decode Throughput Per User,tokens/sec/user,avg,6.80
81,1780553767323170560,1780553768323170560,Effective Decode Throughput Per User,tokens/sec/user,min,5.42
81,1780553767323170560,1780553768323170560,Effective Decode Throughput Per User,tokens/sec/user,max,8.18
81,1780553767323170560,1780553768323170560,Effective Decode Throughput Per User,tokens/sec/user,p50,6.80
81,1780553767323170560,1780553768323170560,Effective Decode Throughput Per User,tokens/sec/user,p90,6.80
81,1780553767323170560,1780553768323170560,Effective Decode Throughput Per User,tokens/sec/user,p95,6.80
81,1780553767323170560,1780553768323170560,Effective Decode Throughput Per User,tokens/sec/user,p99,6.80
81,1780553767323170560,1780553768323170560,Effective Decode Throughput Per User,tokens/sec/user,std,0.00
81,1780553767323170560,1780553768323170560,Effective Prefill Concurrency,requests,avg,2.13
81,1780553767323170560,1780553768323170560,Effective Prefill Concurrency,requests,min,2.00
81,1780553767323170560,1780553768323170560,Effective Prefill Concurrency,requests,max,3.00
81,1780553767323170560,1780553768323170560,Effective Prefill Concurrency,requests,p50,2.00
81,1780553767323170560,1780553768323170560,Effective Prefill Concurrency,requests,p90,3.00
81,1780553767323170560,1780553768323170560,Effective Prefill Concurrency,requests,p95,3.00
81,1780553767323170560,1780553768323170560,Effective Prefill Concurrency,requests,p99,3.00
81,1780553767323170560,1780553768323170560,Effective Prefill Concurrency,requests,std,0.33
81,1780553767323170560,1780553768323170560,Effective Prefill Throughput,tokens/sec,avg,7208.53
81,1780553767323170560,1780553768323170560,Effective Prefill Throughput,tokens/sec,min,6953.83
81,1780553767323170560,1780553768323170560,Effective Prefill Throughput,tokens/sec,max,8979.58
81,1780553767323170560,1780553768323170560,Effective Prefill Throughput,tokens/sec,p50,6953.83
81,1780553767323170560,1780553768323170560,Effective Prefill Throughput,tokens/sec,p90,8979.58
81,1780553767323170560,1780553768323170560,Effective Prefill Throughput,tokens/sec,p95,8979.58
81,1780553767323170560,1780553768323170560,Effective Prefill Throughput,tokens/sec,p99,8979.58
81,1780553767323170560,1780553768323170560,Effective Prefill Throughput,tokens/sec,std,671.64
81,1780553767323170560,1780553768323170560,Effective Prefill Throughput Per User,tokens/sec/user,avg,3416.09
81,1780553767323170560,1780553768323170560,Effective Prefill Throughput Per User,tokens/sec/user,min,2993.19
81,1780553767323170560,1780553768323170560,Effective Prefill Throughput Per User,tokens/sec/user,max,3476.91
81,1780553767323170560,1780553768323170560,Effective Prefill Throughput Per User,tokens/sec/user,p50,3476.91
81,1780553767323170560,1780553768323170560,Effective Prefill Throughput Per User,tokens/sec/user,p90,3476.91
81,1780553767323170560,1780553768323170560,Effective Prefill Throughput Per User,tokens/sec/user,p95,3476.91
81,1780553767323170560,1780553768323170560,Effective Prefill Throughput Per User,tokens/sec/user,p99,3476.91
81,1780553767323170560,1780553768323170560,Effective Prefill Throughput Per User,tokens/sec/user,std,160.38
81,1780553767323170560,1780553768323170560,Effective Total Throughput,tokens/sec,avg,7270.05
81,1780553767323170560,1780553768323170560,Effective Total Throughput,tokens/sec,min,7015.34
81,1780553767323170560,1780553768323170560,Effective Total Throughput,tokens/sec,max,9041.09
81,1780553767323170560,1780553768323170560,Effective Total Throughput,tokens/sec,p50,7015.34
81,1780553767323170560,1780553768323170560,Effective Total Throughput,tokens/sec,p90,9041.09
81,1780553767323170560,1780553768323170560,Effective Total Throughput,tokens/sec,p95,9041.09
81,1780553767323170560,1780553768323170560,Effective Total Throughput,tokens/sec,p99,9041.09
81,1780553767323170560,1780553768323170560,Effective Total Throughput,tokens/sec,std,671.64
81,1780553767323170560,1780553768323170560,HTTP Blocked,ms,avg,0.00
81,1780553767323170560,1780553768323170560,HTTP Blocked,ms,min,0.00
81,1780553767323170560,1780553768323170560,HTTP Blocked,ms,max,0.00
81,1780553767323170560,1780553768323170560,HTTP Blocked,ms,sum,0.00
81,1780553767323170560,1780553768323170560,HTTP Blocked,ms,p1,0.00
81,1780553767323170560,1780553768323170560,HTTP Blocked,ms,p5,0.00
81,1780553767323170560,1780553768323170560,HTTP Blocked,ms,p10,0.00
81,1780553767323170560,1780553768323170560,HTTP Blocked,ms,p25,0.00
81,1780553767323170560,1780553768323170560,HTTP Blocked,ms,p50,0.00
81,1780553767323170560,1780553768323170560,HTTP Blocked,ms,p75,0.00
81,1780553767323170560,1780553768323170560,HTTP Blocked,ms,p90,0.00
81,1780553767323170560,1780553768323170560,HTTP Blocked,ms,p95,0.00
81,1780553767323170560,1780553768323170560,HTTP Blocked,ms,p99,0.00
81,1780553767323170560,1780553768323170560,HTTP Blocked,ms,std,0.00
81,1780553767323170560,1780553768323170560,HTTP Chunks Received,count,avg,753.00
81,1780553767323170560,1780553768323170560,HTTP Chunks Received,count,min,753.00
81,1780553767323170560,1780553768323170560,HTTP Chunks Received,count,max,753.00
81,1780553767323170560,1780553768323170560,HTTP Chunks Received,count,sum,753.00
81,1780553767323170560,1780553768323170560,HTTP Chunks Received,count,p1,753.00
81,1780553767323170560,1780553768323170560,HTTP Chunks Received,count,p5,753.00
81,1780553767323170560,1780553768323170560,HTTP Chunks Received,count,p10,753.00
81,1780553767323170560,1780553768323170560,HTTP Chunks Received,count,p25,753.00
81,1780553767323170560,1780553768323170560,HTTP Chunks Received,count,p50,753.00
81,1780553767323170560,1780553768323170560,HTTP Chunks Received,count,p75,753.00
81,1780553767323170560,1780553768323170560,HTTP Chunks Received,count,p90,753.00
81,1780553767323170560,1780553768323170560,HTTP Chunks Received,count,p95,753.00
81,1780553767323170560,1780553768323170560,HTTP Chunks Received,count,p99,753.00
81,1780553767323170560,1780553768323170560,HTTP Chunks Received,count,std,0.00
81,1780553767323170560,1780553768323170560,HTTP Chunks Sent,count,avg,1.00
81,1780553767323170560,1780553768323170560,HTTP Chunks Sent,count,min,1.00
81,1780553767323170560,1780553768323170560,HTTP Chunks Sent,count,max,1.00
81,1780553767323170560,1780553768323170560,HTTP Chunks Sent,count,sum,1.00
81,1780553767323170560,1780553768323170560,HTTP Chunks Sent,count,p1,1.00
81,1780553767323170560,1780553768323170560,HTTP Chunks Sent,count,p5,1.00
81,1780553767323170560,1780553768323170560,HTTP Chunks Sent,count,p10,1.00
81,1780553767323170560,1780553768323170560,HTTP Chunks Sent,count,p25,1.00
81,1780553767323170560,1780553768323170560,HTTP Chunks Sent,count,p50,1.00
81,1780553767323170560,1780553768323170560,HTTP Chunks Sent,count,p75,1.00
81,1780553767323170560,1780553768323170560,HTTP Chunks Sent,count,p90,1.00
81,1780553767323170560,1780553768323170560,HTTP Chunks Sent,count,p95,1.00
81,1780553767323170560,1780553768323170560,HTTP Chunks Sent,count,p99,1.00
81,1780553767323170560,1780553768323170560,HTTP Chunks Sent,count,std,0.00
81,1780553767323170560,1780553768323170560,HTTP Connecting,ms,avg,0.67
81,1780553767323170560,1780553768323170560,HTTP Connecting,ms,min,0.67
81,1780553767323170560,1780553768323170560,HTTP Connecting,ms,max,0.67
81,1780553767323170560,1780553768323170560,HTTP Connecting,ms,sum,0.67
81,1780553767323170560,1780553768323170560,HTTP Connecting,ms,p1,0.67
81,1780553767323170560,1780553768323170560,HTTP Connecting,ms,p5,0.67
81,1780553767323170560,1780553768323170560,HTTP Connecting,ms,p10,0.67
81,1780553767323170560,1780553768323170560,HTTP Connecting,ms,p25,0.67
81,1780553767323170560,1780553768323170560,HTTP Connecting,ms,p50,0.67
81,1780553767323170560,1780553768323170560,HTTP Connecting,ms,p75,0.67
81,1780553767323170560,1780553768323170560,HTTP Connecting,ms,p90,0.67
81,1780553767323170560,1780553768323170560,HTTP Connecting,ms,p95,0.67
81,1780553767323170560,1780553768323170560,HTTP Connecting,ms,p99,0.67
81,1780553767323170560,1780553768323170560,HTTP Connecting,ms,std,0.00
81,1780553767323170560,1780553768323170560,HTTP Connection Overhead,ms,avg,0.67
81,1780553767323170560,1780553768323170560,HTTP Connection Overhead,ms,min,0.67
81,1780553767323170560,1780553768323170560,HTTP Connection Overhead,ms,max,0.67
81,1780553767323170560,1780553768323170560,HTTP Connection Overhead,ms,sum,0.67
81,1780553767323170560,1780553768323170560,HTTP Connection Overhead,ms,p1,0.67
81,1780553767323170560,1780553768323170560,HTTP Connection Overhead,ms,p5,0.67
81,1780553767323170560,1780553768323170560,HTTP Connection Overhead,ms,p10,0.67
81,1780553767323170560,1780553768323170560,HTTP Connection Overhead,ms,p25,0.67
81,1780553767323170560,1780553768323170560,HTTP Connection Overhead,ms,p50,0.67
81,1780553767323170560,1780553768323170560,HTTP Connection Overhead,ms,p75,0.67
81,1780553767323170560,1780553768323170560,HTTP Connection Overhead,ms,p90,0.67
81,1780553767323170560,1780553768323170560,HTTP Connection Overhead,ms,p95,0.67
81,1780553767323170560,1780553768323170560,HTTP Connection Overhead,ms,p99,0.67
81,1780553767323170560,1780553768323170560,HTTP Connection Overhead,ms,std,0.00
81,1780553767323170560,1780553768323170560,HTTP Connection Reused,ratio,avg,0.00
81,1780553767323170560,1780553768323170560,HTTP Connection Reused,ratio,min,0.00
81,1780553767323170560,1780553768323170560,HTTP Connection Reused,ratio,max,0.00
81,1780553767323170560,1780553768323170560,HTTP Connection Reused,ratio,sum,0.00
81,1780553767323170560,1780553768323170560,HTTP Connection Reused,ratio,p1,0.00
81,1780553767323170560,1780553768323170560,HTTP Connection Reused,ratio,p5,0.00
81,1780553767323170560,1780553768323170560,HTTP Connection Reused,ratio,p10,0.00
81,1780553767323170560,1780553768323170560,HTTP Connection Reused,ratio,p25,0.00
81,1780553767323170560,1780553768323170560,HTTP Connection Reused,ratio,p50,0.00
81,1780553767323170560,1780553768323170560,HTTP Connection Reused,ratio,p75,0.00
81,1780553767323170560,1780553768323170560,HTTP Connection Reused,ratio,p90,0.00
81,1780553767323170560,1780553768323170560,HTTP Connection Reused,ratio,p95,0.00
81,1780553767323170560,1780553768323170560,HTTP Connection Reused,ratio,p99,0.00
81,1780553767323170560,1780553768323170560,HTTP Connection Reused,ratio,std,0.00
81,1780553767323170560,1780553768323170560,HTTP Data Received,KB,avg,187.28
81,1780553767323170560,1780553768323170560,HTTP Data Received,KB,min,187.28
81,1780553767323170560,1780553768323170560,HTTP Data Received,KB,max,187.28
81,1780553767323170560,1780553768323170560,HTTP Data Received,KB,sum,187.28
81,1780553767323170560,1780553768323170560,HTTP Data Received,KB,p1,187.28
81,1780553767323170560,1780553768323170560,HTTP Data Received,KB,p5,187.28
81,1780553767323170560,1780553768323170560,HTTP Data Received,KB,p10,187.28
81,1780553767323170560,1780553768323170560,HTTP Data Received,KB,p25,187.28
81,1780553767323170560,1780553768323170560,HTTP Data Received,KB,p50,187.28
81,1780553767323170560,1780553768323170560,HTTP Data Received,KB,p75,187.28
81,1780553767323170560,1780553768323170560,HTTP Data Received,KB,p90,187.28
81,1780553767323170560,1780553768323170560,HTTP Data Received,KB,p95,187.28
81,1780553767323170560,1780553768323170560,HTTP Data Received,KB,p99,187.28
81,1780553767323170560,1780553768323170560,HTTP Data Received,KB,std,0.00
81,1780553767323170560,1780553768323170560,HTTP Data Sent,KB,avg,359.74
81,1780553767323170560,1780553768323170560,HTTP Data Sent,KB,min,359.74
81,1780553767323170560,1780553768323170560,HTTP Data Sent,KB,max,359.74
81,1780553767323170560,1780553768323170560,HTTP Data Sent,KB,sum,359.74
81,1780553767323170560,1780553768323170560,HTTP Data Sent,KB,p1,359.74
81,1780553767323170560,1780553768323170560,HTTP Data Sent,KB,p5,359.74
81,1780553767323170560,1780553768323170560,HTTP Data Sent,KB,p10,359.74
81,1780553767323170560,1780553768323170560,HTTP Data Sent,KB,p25,359.74
81,1780553767323170560,1780553768323170560,HTTP Data Sent,KB,p50,359.74
81,1780553767323170560,1780553768323170560,HTTP Data Sent,KB,p75,359.74
81,1780553767323170560,1780553768323170560,HTTP Data Sent,KB,p90,359.74
81,1780553767323170560,1780553768323170560,HTTP Data Sent,KB,p95,359.74
81,1780553767323170560,1780553768323170560,HTTP Data Sent,KB,p99,359.74
81,1780553767323170560,1780553768323170560,HTTP Data Sent,KB,std,0.00
81,1780553767323170560,1780553768323170560,HTTP DNS Lookup,ms,avg,0.00
81,1780553767323170560,1780553768323170560,HTTP DNS Lookup,ms,min,0.00
81,1780553767323170560,1780553768323170560,HTTP DNS Lookup,ms,max,0.00
81,1780553767323170560,1780553768323170560,HTTP DNS Lookup,ms,sum,0.00
81,1780553767323170560,1780553768323170560,HTTP DNS Lookup,ms,p1,0.00
81,1780553767323170560,1780553768323170560,HTTP DNS Lookup,ms,p5,0.00
81,1780553767323170560,1780553768323170560,HTTP DNS Lookup,ms,p10,0.00
81,1780553767323170560,1780553768323170560,HTTP DNS Lookup,ms,p25,0.00
81,1780553767323170560,1780553768323170560,HTTP DNS Lookup,ms,p50,0.00
81,1780553767323170560,1780553768323170560,HTTP DNS Lookup,ms,p75,0.00
81,1780553767323170560,1780553768323170560,HTTP DNS Lookup,ms,p90,0.00
81,1780553767323170560,1780553768323170560,HTTP DNS Lookup,ms,p95,0.00
81,1780553767323170560,1780553768323170560,HTTP DNS Lookup,ms,p99,0.00
81,1780553767323170560,1780553768323170560,HTTP DNS Lookup,ms,std,0.00
81,1780553767323170560,1780553768323170560,HTTP Duration (excl. conn),ms,avg,150365.76
81,1780553767323170560,1780553768323170560,HTTP Duration (excl. conn),ms,min,150365.76
81,1780553767323170560,1780553768323170560,HTTP Duration (excl. conn),ms,max,150365.76
81,1780553767323170560,1780553768323170560,HTTP Duration (excl. conn),ms,sum,150365.76
81,1780553767323170560,1780553768323170560,HTTP Duration (excl. conn),ms,p1,150365.76
81,1780553767323170560,1780553768323170560,HTTP Duration (excl. conn),ms,p5,150365.76
81,1780553767323170560,1780553768323170560,HTTP Duration (excl. conn),ms,p10,150365.76
81,1780553767323170560,1780553768323170560,HTTP Duration (excl. conn),ms,p25,150365.76
81,1780553767323170560,1780553768323170560,HTTP Duration (excl. conn),ms,p50,150365.76
81,1780553767323170560,1780553768323170560,HTTP Duration (excl. conn),ms,p75,150365.76
81,1780553767323170560,1780553768323170560,HTTP Duration (excl. conn),ms,p90,150365.76
81,1780553767323170560,1780553768323170560,HTTP Duration (excl. conn),ms,p95,150365.76
81,1780553767323170560,1780553768323170560,HTTP Duration (excl. conn),ms,p99,150365.76
81,1780553767323170560,1780553768323170560,HTTP Duration (excl. conn),ms,std,0.00
81,1780553767323170560,1780553768323170560,HTTP Receiving,ms,avg,104986.17
81,1780553767323170560,1780553768323170560,HTTP Receiving,ms,min,104986.17
81,1780553767323170560,1780553768323170560,HTTP Receiving,ms,max,104986.17
81,1780553767323170560,1780553768323170560,HTTP Receiving,ms,sum,104986.17
81,1780553767323170560,1780553768323170560,HTTP Receiving,ms,p1,104986.17
81,1780553767323170560,1780553768323170560,HTTP Receiving,ms,p5,104986.17
81,1780553767323170560,1780553768323170560,HTTP Receiving,ms,p10,104986.17
81,1780553767323170560,1780553768323170560,HTTP Receiving,ms,p25,104986.17
81,1780553767323170560,1780553768323170560,HTTP Receiving,ms,p50,104986.17
81,1780553767323170560,1780553768323170560,HTTP Receiving,ms,p75,104986.17
81,1780553767323170560,1780553768323170560,HTTP Receiving,ms,p90,104986.17
81,1780553767323170560,1780553768323170560,HTTP Receiving,ms,p95,104986.17
81,1780553767323170560,1780553768323170560,HTTP Receiving,ms,p99,104986.17
81,1780553767323170560,1780553768323170560,HTTP Receiving,ms,std,0.00
81,1780553767323170560,1780553768323170560,HTTP Sending,ms,avg,0.94
81,1780553767323170560,1780553768323170560,HTTP Sending,ms,min,0.94
81,1780553767323170560,1780553768323170560,HTTP Sending,ms,max,0.94
81,1780553767323170560,1780553768323170560,HTTP Sending,ms,sum,0.94
81,1780553767323170560,1780553768323170560,HTTP Sending,ms,p1,0.94
81,1780553767323170560,1780553768323170560,HTTP Sending,ms,p5,0.94
81,1780553767323170560,1780553768323170560,HTTP Sending,ms,p10,0.94
81,1780553767323170560,1780553768323170560,HTTP Sending,ms,p25,0.94
81,1780553767323170560,1780553768323170560,HTTP Sending,ms,p50,0.94
81,1780553767323170560,1780553768323170560,HTTP Sending,ms,p75,0.94
81,1780553767323170560,1780553768323170560,HTTP Sending,ms,p90,0.94
81,1780553767323170560,1780553768323170560,HTTP Sending,ms,p95,0.94
81,1780553767323170560,1780553768323170560,HTTP Sending,ms,p99,0.94
81,1780553767323170560,1780553768323170560,HTTP Sending,ms,std,0.00
81,1780553767323170560,1780553768323170560,HTTP Total Time,ms,avg,150366.42
81,1780553767323170560,1780553768323170560,HTTP Total Time,ms,min,150366.42
81,1780553767323170560,1780553768323170560,HTTP Total Time,ms,max,150366.42
81,1780553767323170560,1780553768323170560,HTTP Total Time,ms,sum,150366.42
81,1780553767323170560,1780553768323170560,HTTP Total Time,ms,p1,150366.42
81,1780553767323170560,1780553768323170560,HTTP Total Time,ms,p5,150366.42
81,1780553767323170560,1780553768323170560,HTTP Total Time,ms,p10,150366.42
81,1780553767323170560,1780553768323170560,HTTP Total Time,ms,p25,150366.42
81,1780553767323170560,1780553768323170560,HTTP Total Time,ms,p50,150366.42
81,1780553767323170560,1780553768323170560,HTTP Total Time,ms,p75,150366.42
81,1780553767323170560,1780553768323170560,HTTP Total Time,ms,p90,150366.42
81,1780553767323170560,1780553768323170560,HTTP Total Time,ms,p95,150366.42
81,1780553767323170560,1780553768323170560,HTTP Total Time,ms,p99,150366.42
81,1780553767323170560,1780553768323170560,HTTP Total Time,ms,std,0.00
81,1780553767323170560,1780553768323170560,HTTP Waiting (TTFB),ms,avg,45378.65
81,1780553767323170560,1780553768323170560,HTTP Waiting (TTFB),ms,min,45378.65
81,1780553767323170560,1780553768323170560,HTTP Waiting (TTFB),ms,max,45378.65
81,1780553767323170560,1780553768323170560,HTTP Waiting (TTFB),ms,sum,45378.65
81,1780553767323170560,1780553768323170560,HTTP Waiting (TTFB),ms,p1,45378.65
81,1780553767323170560,1780553768323170560,HTTP Waiting (TTFB),ms,p5,45378.65
81,1780553767323170560,1780553768323170560,HTTP Waiting (TTFB),ms,p10,45378.65
81,1780553767323170560,1780553768323170560,HTTP Waiting (TTFB),ms,p25,45378.65
81,1780553767323170560,1780553768323170560,HTTP Waiting (TTFB),ms,p50,45378.65
81,1780553767323170560,1780553768323170560,HTTP Waiting (TTFB),ms,p75,45378.65
81,1780553767323170560,1780553768323170560,HTTP Waiting (TTFB),ms,p90,45378.65
81,1780553767323170560,1780553768323170560,HTTP Waiting (TTFB),ms,p95,45378.65
81,1780553767323170560,1780553768323170560,HTTP Waiting (TTFB),ms,p99,45378.65
81,1780553767323170560,1780553768323170560,HTTP Waiting (TTFB),ms,std,0.00
81,1780553767323170560,1780553768323170560,Input Sequence Length,tokens,avg,91928.00
81,1780553767323170560,1780553768323170560,Input Sequence Length,tokens,min,91928.00
81,1780553767323170560,1780553768323170560,Input Sequence Length,tokens,max,91928.00
81,1780553767323170560,1780553768323170560,Input Sequence Length,tokens,sum,91928.00
81,1780553767323170560,1780553768323170560,Input Sequence Length,tokens,p1,91928.00
81,1780553767323170560,1780553768323170560,Input Sequence Length,tokens,p5,91928.00
81,1780553767323170560,1780553768323170560,Input Sequence Length,tokens,p10,91928.00
81,1780553767323170560,1780553768323170560,Input Sequence Length,tokens,p25,91928.00
81,1780553767323170560,1780553768323170560,Input Sequence Length,tokens,p50,91928.00
81,1780553767323170560,1780553768323170560,Input Sequence Length,tokens,p75,91928.00
81,1780553767323170560,1780553768323170560,Input Sequence Length,tokens,p90,91928.00
81,1780553767323170560,1780553768323170560,Input Sequence Length,tokens,p95,91928.00
81,1780553767323170560,1780553768323170560,Input Sequence Length,tokens,p99,91928.00
81,1780553767323170560,1780553768323170560,Input Sequence Length,tokens,std,0.00
81,1780553767323170560,1780553768323170560,Input Token Throughput,tokens/sec,avg,91928.00
81,1780553767323170560,1780553768323170560,Inter Chunk Latency,ms,avg,67.20
81,1780553767323170560,1780553768323170560,Inter Chunk Latency,ms,min,67.19
81,1780553767323170560,1780553768323170560,Inter Chunk Latency,ms,max,67.21
81,1780553767323170560,1780553768323170560,Inter Chunk Latency,ms,sum,40321.10
81,1780553767323170560,1780553768323170560,Inter Chunk Latency,ms,p1,67.19
81,1780553767323170560,1780553768323170560,Inter Chunk Latency,ms,p5,67.19
81,1780553767323170560,1780553768323170560,Inter Chunk Latency,ms,p10,67.19
81,1780553767323170560,1780553768323170560,Inter Chunk Latency,ms,p25,67.20
81,1780553767323170560,1780553768323170560,Inter Chunk Latency,ms,p50,67.20
81,1780553767323170560,1780553768323170560,Inter Chunk Latency,ms,p75,67.21
81,1780553767323170560,1780553768323170560,Inter Chunk Latency,ms,p90,67.21
81,1780553767323170560,1780553768323170560,Inter Chunk Latency,ms,p95,67.21
81,1780553767323170560,1780553768323170560,Inter Chunk Latency,ms,p99,67.21
81,1780553767323170560,1780553768323170560,Inter Chunk Latency,ms,std,0.01
81,1780553767323170560,1780553768323170560,Inter Token Latency,ms,avg,139.61
81,1780553767323170560,1780553768323170560,Inter Token Latency,ms,min,139.61
81,1780553767323170560,1780553768323170560,Inter Token Latency,ms,max,139.61
81,1780553767323170560,1780553768323170560,Inter Token Latency,ms,sum,139.61
81,1780553767323170560,1780553768323170560,Inter Token Latency,ms,p1,139.61
81,1780553767323170560,1780553768323170560,Inter Token Latency,ms,p5,139.61
81,1780553767323170560,1780553768323170560,Inter Token Latency,ms,p10,139.61
81,1780553767323170560,1780553768323170560,Inter Token Latency,ms,p25,139.61
81,1780553767323170560,1780553768323170560,Inter Token Latency,ms,p50,139.61
81,1780553767323170560,1780553768323170560,Inter Token Latency,ms,p75,139.61
81,1780553767323170560,1780553768323170560,Inter Token Latency,ms,p90,139.61
81,1780553767323170560,1780553768323170560,Inter Token Latency,ms,p95,139.61
81,1780553767323170560,1780553768323170560,Inter Token Latency,ms,p99,139.61
81,1780553767323170560,1780553768323170560,Inter Token Latency,ms,std,0.00
81,1780553767323170560,1780553768323170560,Maximum Response Timestamp,ns,avg,1780553918563301632.00
81,1780553767323170560,1780553768323170560,Minimum Request Timestamp,ns,avg,1780553768197436928.00
81,1780553767323170560,1780553768323170560,OSL Mismatch Count,requests,avg,0.00
81,1780553767323170560,1780553768323170560,OSL Mismatch Diff %,%,avg,0.00
81,1780553767323170560,1780553768323170560,OSL Mismatch Diff %,%,min,0.00
81,1780553767323170560,1780553768323170560,OSL Mismatch Diff %,%,max,0.00
81,1780553767323170560,1780553768323170560,OSL Mismatch Diff %,%,sum,0.00
81,1780553767323170560,1780553768323170560,OSL Mismatch Diff %,%,p1,0.00
81,1780553767323170560,1780553768323170560,OSL Mismatch Diff %,%,p5,0.00
81,1780553767323170560,1780553768323170560,OSL Mismatch Diff %,%,p10,0.00
81,1780553767323170560,1780553768323170560,OSL Mismatch Diff %,%,p25,0.00
81,1780553767323170560,1780553768323170560,OSL Mismatch Diff %,%,p50,0.00
81,1780553767323170560,1780553768323170560,OSL Mismatch Diff %,%,p75,0.00
81,1780553767323170560,1780553768323170560,OSL Mismatch Diff %,%,p90,0.00
81,1780553767323170560,1780553768323170560,OSL Mismatch Diff %,%,p95,0.00
81,1780553767323170560,1780553768323170560,OSL Mismatch Diff %,%,p99,0.00
81,1780553767323170560,1780553768323170560,OSL Mismatch Diff %,%,std,0.00
81,1780553767323170560,1780553768323170560,Output Sequence Length,tokens,avg,753.00
81,1780553767323170560,1780553768323170560,Output Sequence Length,tokens,min,753.00
81,1780553767323170560,1780553768323170560,Output Sequence Length,tokens,max,753.00
81,1780553767323170560,1780553768323170560,Output Sequence Length,tokens,sum,753.00
81,1780553767323170560,1780553768323170560,Output Sequence Length,tokens,p1,753.00
81,1780553767323170560,1780553768323170560,Output Sequence Length,tokens,p5,753.00
81,1780553767323170560,1780553768323170560,Output Sequence Length,tokens,p10,753.00
81,1780553767323170560,1780553768323170560,Output Sequence Length,tokens,p25,753.00
81,1780553767323170560,1780553768323170560,Output Sequence Length,tokens,p50,753.00
81,1780553767323170560,1780553768323170560,Output Sequence Length,tokens,p75,753.00
81,1780553767323170560,1780553768323170560,Output Sequence Length,tokens,p90,753.00
81,1780553767323170560,1780553768323170560,Output Sequence Length,tokens,p95,753.00
81,1780553767323170560,1780553768323170560,Output Sequence Length,tokens,p99,753.00
81,1780553767323170560,1780553768323170560,Output Sequence Length,tokens,std,0.00
81,1780553767323170560,1780553768323170560,Output Token Count,tokens,avg,753.00
81,1780553767323170560,1780553768323170560,Output Token Count,tokens,min,753.00
81,1780553767323170560,1780553768323170560,Output Token Count,tokens,max,753.00
81,1780553767323170560,1780553768323170560,Output Token Count,tokens,sum,753.00
81,1780553767323170560,1780553768323170560,Output Token Count,tokens,p1,753.00
81,1780553767323170560,1780553768323170560,Output Token Count,tokens,p5,753.00
81,1780553767323170560,1780553768323170560,Output Token Count,tokens,p10,753.00
81,1780553767323170560,1780553768323170560,Output Token Count,tokens,p25,753.00
81,1780553767323170560,1780553768323170560,Output Token Count,tokens,p50,753.00
81,1780553767323170560,1780553768323170560,Output Token Count,tokens,p75,753.00
81,1780553767323170560,1780553768323170560,Output Token Count,tokens,p90,753.00
81,1780553767323170560,1780553768323170560,Output Token Count,tokens,p95,753.00
81,1780553767323170560,1780553768323170560,Output Token Count,tokens,p99,753.00
81,1780553767323170560,1780553768323170560,Output Token Count,tokens,std,0.00
81,1780553767323170560,1780553768323170560,Output Token Throughput,tokens/sec,avg,753.00
81,1780553767323170560,1780553768323170560,Output Token Throughput Per User,tokens/sec/user,avg,7.16
81,1780553767323170560,1780553768323170560,Output Token Throughput Per User,tokens/sec/user,min,7.16
81,1780553767323170560,1780553768323170560,Output Token Throughput Per User,tokens/sec/user,max,7.16
81,1780553767323170560,1780553768323170560,Output Token Throughput Per User,tokens/sec/user,sum,7.16
81,1780553767323170560,1780553768323170560,Output Token Throughput Per User,tokens/sec/user,p1,7.16
81,1780553767323170560,1780553768323170560,Output Token Throughput Per User,tokens/sec/user,p5,7.16
81,1780553767323170560,1780553768323170560,Output Token Throughput Per User,tokens/sec/user,p10,7.16
81,1780553767323170560,1780553768323170560,Output Token Throughput Per User,tokens/sec/user,p25,7.16
81,1780553767323170560,1780553768323170560,Output Token Throughput Per User,tokens/sec/user,p50,7.16
81,1780553767323170560,1780553768323170560,Output Token Throughput Per User,tokens/sec/user,p75,7.16
81,1780553767323170560,1780553768323170560,Output Token Throughput Per User,tokens/sec/user,p90,7.16
81,1780553767323170560,1780553768323170560,Output Token Throughput Per User,tokens/sec/user,p95,7.16
81,1780553767323170560,1780553768323170560,Output Token Throughput Per User,tokens/sec/user,p99,7.16
81,1780553767323170560,1780553768323170560,Output Token Throughput Per User,tokens/sec/user,std,0.00
81,1780553767323170560,1780553768323170560,Prefill Throughput Per User,tokens/sec/user,avg,2025.75
81,1780553767323170560,1780553768323170560,Prefill Throughput Per User,tokens/sec/user,min,2025.75
81,1780553767323170560,1780553768323170560,Prefill Throughput Per User,tokens/sec/user,max,2025.75
81,1780553767323170560,1780553768323170560,Prefill Throughput Per User,tokens/sec/user,sum,2025.75
81,1780553767323170560,1780553768323170560,Prefill Throughput Per User,tokens/sec/user,p1,2025.75
81,1780553767323170560,1780553768323170560,Prefill Throughput Per User,tokens/sec/user,p5,2025.75
81,1780553767323170560,1780553768323170560,Prefill Throughput Per User,tokens/sec/user,p10,2025.75
81,1780553767323170560,1780553768323170560,Prefill Throughput Per User,tokens/sec/user,p25,2025.75
81,1780553767323170560,1780553768323170560,Prefill Throughput Per User,tokens/sec/user,p50,2025.75
81,1780553767323170560,1780553768323170560,Prefill Throughput Per User,tokens/sec/user,p75,2025.75
81,1780553767323170560,1780553768323170560,Prefill Throughput Per User,tokens/sec/user,p90,2025.75
81,1780553767323170560,1780553768323170560,Prefill Throughput Per User,tokens/sec/user,p95,2025.75
81,1780553767323170560,1780553768323170560,Prefill Throughput Per User,tokens/sec/user,p99,2025.75
81,1780553767323170560,1780553768323170560,Prefill Throughput Per User,tokens/sec/user,std,0.00
81,1780553767323170560,1780553768323170560,Request Count,requests,avg,1.00
81,1780553767323170560,1780553768323170560,Request Latency,ms,avg,150365.86
81,1780553767323170560,1780553768323170560,Request Latency,ms,min,150365.86
81,1780553767323170560,1780553768323170560,Request Latency,ms,max,150365.86
81,1780553767323170560,1780553768323170560,Request Latency,ms,sum,150365.86
81,1780553767323170560,1780553768323170560,Request Latency,ms,p1,150365.86
81,1780553767323170560,1780553768323170560,Request Latency,ms,p5,150365.86
81,1780553767323170560,1780553768323170560,Request Latency,ms,p10,150365.86
81,1780553767323170560,1780553768323170560,Request Latency,ms,p25,150365.86
81,1780553767323170560,1780553768323170560,Request Latency,ms,p50,150365.86
81,1780553767323170560,1780553768323170560,Request Latency,ms,p75,150365.86
81,1780553767323170560,1780553768323170560,Request Latency,ms,p90,150365.86
81,1780553767323170560,1780553768323170560,Request Latency,ms,p95,150365.86
81,1780553767323170560,1780553768323170560,Request Latency,ms,p99,150365.86
81,1780553767323170560,1780553768323170560,Request Latency,ms,std,0.00
81,1780553767323170560,1780553768323170560,Request Throughput,requests/sec,avg,1.00
81,1780553767323170560,1780553768323170560,Requested OSL,tokens,avg,753.00
81,1780553767323170560,1780553768323170560,Requested OSL,tokens,min,753.00
81,1780553767323170560,1780553768323170560,Requested OSL,tokens,max,753.00
81,1780553767323170560,1780553768323170560,Requested OSL,tokens,sum,753.00
81,1780553767323170560,1780553768323170560,Requested OSL,tokens,p1,753.00
81,1780553767323170560,1780553768323170560,Requested OSL,tokens,p5,753.00
81,1780553767323170560,1780553768323170560,Requested OSL,tokens,p10,753.00
81,1780553767323170560,1780553768323170560,Requested OSL,tokens,p25,753.00
81,1780553767323170560,1780553768323170560,Requested OSL,tokens,p50,753.00
81,1780553767323170560,1780553768323170560,Requested OSL,tokens,p75,753.00
81,1780553767323170560,1780553768323170560,Requested OSL,tokens,p90,753.00
81,1780553767323170560,1780553768323170560,Requested OSL,tokens,p95,753.00
81,1780553767323170560,1780553768323170560,Requested OSL,tokens,p99,753.00
81,1780553767323170560,1780553768323170560,Requested OSL,tokens,std,0.00
81,1780553767323170560,1780553768323170560,Time to First Output Token,ms,avg,45379.70
81,1780553767323170560,1780553768323170560,Time to First Output Token,ms,min,45379.70
81,1780553767323170560,1780553768323170560,Time to First Output Token,ms,max,45379.70
81,1780553767323170560,1780553768323170560,Time to First Output Token,ms,sum,45379.70
81,1780553767323170560,1780553768323170560,Time to First Output Token,ms,p1,45379.70
81,1780553767323170560,1780553768323170560,Time to First Output Token,ms,p5,45379.70
81,1780553767323170560,1780553768323170560,Time to First Output Token,ms,p10,45379.70
81,1780553767323170560,1780553768323170560,Time to First Output Token,ms,p25,45379.70
81,1780553767323170560,1780553768323170560,Time to First Output Token,ms,p50,45379.70
81,1780553767323170560,1780553768323170560,Time to First Output Token,ms,p75,45379.70
81,1780553767323170560,1780553768323170560,Time to First Output Token,ms,p90,45379.70
81,1780553767323170560,1780553768323170560,Time to First Output Token,ms,p95,45379.70
81,1780553767323170560,1780553768323170560,Time to First Output Token,ms,p99,45379.70
81,1780553767323170560,1780553768323170560,Time to First Output Token,ms,std,0.00
81,1780553767323170560,1780553768323170560,Time to First Token,ms,avg,45379.70
81,1780553767323170560,1780553768323170560,Time to First Token,ms,min,45379.70
81,1780553767323170560,1780553768323170560,Time to First Token,ms,max,45379.70
81,1780553767323170560,1780553768323170560,Time to First Token,ms,sum,45379.70
81,1780553767323170560,1780553768323170560,Time to First Token,ms,p1,45379.70
81,1780553767323170560,1780553768323170560,Time to First Token,ms,p5,45379.70
81,1780553767323170560,1780553768323170560,Time to First Token,ms,p10,45379.70
81,1780553767323170560,1780553768323170560,Time to First Token,ms,p25,45379.70
81,1780553767323170560,1780553768323170560,Time to First Token,ms,p50,45379.70
81,1780553767323170560,1780553768323170560,Time to First Token,ms,p75,45379.70
81,1780553767323170560,1780553768323170560,Time to First Token,ms,p90,45379.70
81,1780553767323170560,1780553768323170560,Time to First Token,ms,p95,45379.70
81,1780553767323170560,1780553768323170560,Time to First Token,ms,p99,45379.70
81,1780553767323170560,1780553768323170560,Time to First Token,ms,std,0.00
81,1780553767323170560,1780553768323170560,Time to Second Token,ms,avg,1.27
81,1780553767323170560,1780553768323170560,Time to Second Token,ms,min,1.27
81,1780553767323170560,1780553768323170560,Time to Second Token,ms,max,1.27
81,1780553767323170560,1780553768323170560,Time to Second Token,ms,sum,1.27
81,1780553767323170560,1780553768323170560,Time to Second Token,ms,p1,1.27
81,1780553767323170560,1780553768323170560,Time to Second Token,ms,p5,1.27
81,1780553767323170560,1780553768323170560,Time to Second Token,ms,p10,1.27
81,1780553767323170560,1780553768323170560,Time to Second Token,ms,p25,1.27
81,1780553767323170560,1780553768323170560,Time to Second Token,ms,p50,1.27
81,1780553767323170560,1780553768323170560,Time to Second Token,ms,p75,1.27
81,1780553767323170560,1780553768323170560,Time to Second Token,ms,p90,1.27
81,1780553767323170560,1780553768323170560,Time to Second Token,ms,p95,1.27
81,1780553767323170560,1780553768323170560,Time to Second Token,ms,p99,1.27
81,1780553767323170560,1780553768323170560,Time to Second Token,ms,std,0.00
81,1780553767323170560,1780553768323170560,Tokens In Flight,tokens,avg,1341096.58
81,1780553767323170560,1780553768323170560,Tokens In Flight,tokens,min,1329500.32
81,1780553767323170560,1780553768323170560,Tokens In Flight,tokens,max,1421503.84
81,1780553767323170560,1780553768323170560,Tokens In Flight,tokens,p50,1329537.56
81,1780553767323170560,1780553768323170560,Tokens In Flight,tokens,p90,1421495.77
81,1780553767323170560,1780553768323170560,Tokens In Flight,tokens,p95,1421500.81
81,1780553767323170560,1780553768323170560,Tokens In Flight,tokens,p99,1421502.84
81,1780553767323170560,1780553768323170560,Tokens In Flight,tokens,std,30491.03
81,1780553767323170560,1780553768323170560,Total Input Sequence Length,tokens,avg,91928.00
81,1780553767323170560,1780553768323170560,Total Output Sequence Length,tokens,avg,753.00
81,1780553767323170560,1780553768323170560,Total Output Tokens,tokens,avg,753.00
81,1780553767323170560,1780553768323170560,Total Token Throughput,tokens/sec,avg,92681.00
81,1780553767323170560,1780553768323170560,Total Usage Completion Tokens,tokens,avg,753.00
81,1780553767323170560,1780553768323170560,Total Usage Prompt Tokens,tokens,avg,91928.00
81,1780553767323170560,1780553768323170560,Total Usage Total Tokens,tokens,avg,92681.00
81,1780553767323170560,1780553768323170560,Usage Completion Tokens,tokens,avg,753.00
81,1780553767323170560,1780553768323170560,Usage Completion Tokens,tokens,min,753.00
81,1780553767323170560,1780553768323170560,Usage Completion Tokens,tokens,max,753.00
81,1780553767323170560,1780553768323170560,Usage Completion Tokens,tokens,sum,753.00
81,1780553767323170560,1780553768323170560,Usage Completion Tokens,tokens,p1,753.00
81,1780553767323170560,1780553768323170560,Usage Completion Tokens,tokens,p5,753.00
81,1780553767323170560,1780553768323170560,Usage Completion Tokens,tokens,p10,753.00
81,1780553767323170560,1780553768323170560,Usage Completion Tokens,tokens,p25,753.00
81,1780553767323170560,1780553768323170560,Usage Completion Tokens,tokens,p50,753.00
81,1780553767323170560,1780553768323170560,Usage Completion Tokens,tokens,p75,753.00
81,1780553767323170560,1780553768323170560,Usage Completion Tokens,tokens,p90,753.00
81,1780553767323170560,1780553768323170560,Usage Completion Tokens,tokens,p95,753.00
81,1780553767323170560,1780553768323170560,Usage Completion Tokens,tokens,p99,753.00
81,1780553767323170560,1780553768323170560,Usage Completion Tokens,tokens,std,0.00
81,1780553767323170560,1780553768323170560,Usage Prompt Tokens,tokens,avg,91928.00
81,1780553767323170560,1780553768323170560,Usage Prompt Tokens,tokens,min,91928.00
81,1780553767323170560,1780553768323170560,Usage Prompt Tokens,tokens,max,91928.00
81,1780553767323170560,1780553768323170560,Usage Prompt Tokens,tokens,sum,91928.00
81,1780553767323170560,1780553768323170560,Usage Prompt Tokens,tokens,p1,91928.00
81,1780553767323170560,1780553768323170560,Usage Prompt Tokens,tokens,p5,91928.00
81,1780553767323170560,1780553768323170560,Usage Prompt Tokens,tokens,p10,91928.00
81,1780553767323170560,1780553768323170560,Usage Prompt Tokens,tokens,p25,91928.00
81,1780553767323170560,1780553768323170560,Usage Prompt Tokens,tokens,p50,91928.00
81,1780553767323170560,1780553768323170560,Usage Prompt Tokens,tokens,p75,91928.00
81,1780553767323170560,1780553768323170560,Usage Prompt Tokens,tokens,p90,91928.00
81,1780553767323170560,1780553768323170560,Usage Prompt Tokens,tokens,p95,91928.00
81,1780553767323170560,1780553768323170560,Usage Prompt Tokens,tokens,p99,91928.00
81,1780553767323170560,1780553768323170560,Usage Prompt Tokens,tokens,std,0.00
81,1780553767323170560,1780553768323170560,Usage Total Tokens,tokens,avg,92681.00
81,1780553767323170560,1780553768323170560,Usage Total Tokens,tokens,min,92681.00
81,1780553767323170560,1780553768323170560,Usage Total Tokens,tokens,max,92681.00
81,1780553767323170560,1780553768323170560,Usage Total Tokens,tokens,sum,92681.00
81,1780553767323170560,1780553768323170560,Usage Total Tokens,tokens,p1,92681.00
81,1780553767323170560,1780553768323170560,Usage Total Tokens,tokens,p5,92681.00
81,1780553767323170560,1780553768323170560,Usage Total Tokens,tokens,p10,92681.00
81,1780553767323170560,1780553768323170560,Usage Total Tokens,tokens,p25,92681.00
81,1780553767323170560,1780553768323170560,Usage Total Tokens,tokens,p50,92681.00
81,1780553767323170560,1780553768323170560,Usage Total Tokens,tokens,p75,92681.00
81,1780553767323170560,1780553768323170560,Usage Total Tokens,tokens,p90,92681.00
81,1780553767323170560,1780553768323170560,Usage Total Tokens,tokens,p95,92681.00
81,1780553767323170560,1780553768323170560,Usage Total Tokens,tokens,p99,92681.00
81,1780553767323170560,1780553768323170560,Usage Total Tokens,tokens,std,0.00
82,1780553781323170560,1780553782323170560,Active Decode Throughput,tokens/sec,avg,74.85
82,1780553781323170560,1780553782323170560,Active Decode Throughput,tokens/sec,min,59.67
82,1780553781323170560,1780553782323170560,Active Decode Throughput,tokens/sec,max,90.03
82,1780553781323170560,1780553782323170560,Active Decode Throughput,tokens/sec,p50,74.85
82,1780553781323170560,1780553782323170560,Active Decode Throughput,tokens/sec,p90,74.85
82,1780553781323170560,1780553782323170560,Active Decode Throughput,tokens/sec,p95,74.85
82,1780553781323170560,1780553782323170560,Active Decode Throughput,tokens/sec,p99,74.85
82,1780553781323170560,1780553782323170560,Active Decode Throughput,tokens/sec,std,0.03
82,1780553781323170560,1780553782323170560,Active Decode Throughput Per User,tokens/sec/user,avg,6.80
82,1780553781323170560,1780553782323170560,Active Decode Throughput Per User,tokens/sec/user,min,5.42
82,1780553781323170560,1780553782323170560,Active Decode Throughput Per User,tokens/sec/user,max,8.18
82,1780553781323170560,1780553782323170560,Active Decode Throughput Per User,tokens/sec/user,p50,6.80
82,1780553781323170560,1780553782323170560,Active Decode Throughput Per User,tokens/sec/user,p90,6.80
82,1780553781323170560,1780553782323170560,Active Decode Throughput Per User,tokens/sec/user,p95,6.80
82,1780553781323170560,1780553782323170560,Active Decode Throughput Per User,tokens/sec/user,p99,6.80
82,1780553781323170560,1780553782323170560,Active Decode Throughput Per User,tokens/sec/user,std,0.00
82,1780553781323170560,1780553782323170560,Active Prefill Throughput,tokens/sec,avg,6597.84
82,1780553781323170560,1780553782323170560,Active Prefill Throughput,tokens/sec,min,5987.86
82,1780553781323170560,1780553782323170560,Active Prefill Throughput,tokens/sec,max,7677.22
82,1780553781323170560,1780553782323170560,Active Prefill Throughput,tokens/sec,p50,5987.86
82,1780553781323170560,1780553782323170560,Active Prefill Throughput,tokens/sec,p90,7677.22
82,1780553781323170560,1780553782323170560,Active Prefill Throughput,tokens/sec,p95,7677.22
82,1780553781323170560,1780553782323170560,Active Prefill Throughput,tokens/sec,p99,7677.22
82,1780553781323170560,1780553782323170560,Active Prefill Throughput,tokens/sec,std,811.42
82,1780553781323170560,1780553782323170560,Active Prefill Throughput Per User,tokens/sec/user,avg,2836.92
82,1780553781323170560,1780553782323170560,Active Prefill Throughput Per User,tokens/sec/user,min,2559.07
82,1780553781323170560,1780553782323170560,Active Prefill Throughput Per User,tokens/sec/user,max,2993.93
82,1780553781323170560,1780553782323170560,Active Prefill Throughput Per User,tokens/sec/user,p50,2993.93
82,1780553781323170560,1780553782323170560,Active Prefill Throughput Per User,tokens/sec/user,p90,2993.93
82,1780553781323170560,1780553782323170560,Active Prefill Throughput Per User,tokens/sec/user,p95,2993.93
82,1780553781323170560,1780553782323170560,Active Prefill Throughput Per User,tokens/sec/user,p99,2993.93
82,1780553781323170560,1780553782323170560,Active Prefill Throughput Per User,tokens/sec/user,std,208.87
82,1780553781323170560,1780553782323170560,Active Total Throughput,tokens/sec,avg,6660.30
82,1780553781323170560,1780553782323170560,Active Total Throughput,tokens/sec,min,6050.32
82,1780553781323170560,1780553782323170560,Active Total Throughput,tokens/sec,max,7739.68
82,1780553781323170560,1780553782323170560,Active Total Throughput,tokens/sec,p50,6050.32
82,1780553781323170560,1780553782323170560,Active Total Throughput,tokens/sec,p90,7739.68
82,1780553781323170560,1780553782323170560,Active Total Throughput,tokens/sec,p95,7739.68
82,1780553781323170560,1780553782323170560,Active Total Throughput,tokens/sec,p99,7739.68
82,1780553781323170560,1780553782323170560,Active Total Throughput,tokens/sec,std,811.42
82,1780553781323170560,1780553782323170560,Benchmark Duration,sec,avg,207.38
82,1780553781323170560,1780553782323170560,E2E Output Token Throughput,tokens/sec/user,avg,4.82
82,1780553781323170560,1780553782323170560,E2E Output Token Throughput,tokens/sec/user,min,4.82
82,1780553781323170560,1780553782323170560,E2E Output Token Throughput,tokens/sec/user,max,4.82
82,1780553781323170560,1780553782323170560,E2E Output Token Throughput,tokens/sec/user,sum,4.82
82,1780553781323170560,1780553782323170560,E2E Output Token Throughput,tokens/sec/user,p1,4.82
82,1780553781323170560,1780553782323170560,E2E Output Token Throughput,tokens/sec/user,p5,4.82
82,1780553781323170560,1780553782323170560,E2E Output Token Throughput,tokens/sec/user,p10,4.82
82,1780553781323170560,1780553782323170560,E2E Output Token Throughput,tokens/sec/user,p25,4.82
82,1780553781323170560,1780553782323170560,E2E Output Token Throughput,tokens/sec/user,p50,4.82
82,1780553781323170560,1780553782323170560,E2E Output Token Throughput,tokens/sec/user,p75,4.82
82,1780553781323170560,1780553782323170560,E2E Output Token Throughput,tokens/sec/user,p90,4.82
82,1780553781323170560,1780553782323170560,E2E Output Token Throughput,tokens/sec/user,p95,4.82
82,1780553781323170560,1780553782323170560,E2E Output Token Throughput,tokens/sec/user,p99,4.82
82,1780553781323170560,1780553782323170560,E2E Output Token Throughput,tokens/sec/user,std,0.00
82,1780553781323170560,1780553782323170560,Effective Concurrency,requests,avg,13.36
82,1780553781323170560,1780553782323170560,Effective Concurrency,requests,min,13.00
82,1780553781323170560,1780553782323170560,Effective Concurrency,requests,max,14.00
82,1780553781323170560,1780553782323170560,Effective Concurrency,requests,p50,13.00
82,1780553781323170560,1780553782323170560,Effective Concurrency,requests,p90,14.00
82,1780553781323170560,1780553782323170560,Effective Concurrency,requests,p95,14.00
82,1780553781323170560,1780553782323170560,Effective Concurrency,requests,p99,14.00
82,1780553781323170560,1780553782323170560,Effective Concurrency,requests,std,0.48
82,1780553781323170560,1780553782323170560,Effective Decode Concurrency,requests,avg,11.00
82,1780553781323170560,1780553782323170560,Effective Decode Concurrency,requests,min,11.00
82,1780553781323170560,1780553782323170560,Effective Decode Concurrency,requests,max,11.00
82,1780553781323170560,1780553782323170560,Effective Decode Concurrency,requests,p50,11.00
82,1780553781323170560,1780553782323170560,Effective Decode Concurrency,requests,p90,11.00
82,1780553781323170560,1780553782323170560,Effective Decode Concurrency,requests,p95,11.00
82,1780553781323170560,1780553782323170560,Effective Decode Concurrency,requests,p99,11.00
82,1780553781323170560,1780553782323170560,Effective Decode Concurrency,requests,std,0.00
82,1780553781323170560,1780553782323170560,Effective Decode Throughput,tokens/sec,avg,74.85
82,1780553781323170560,1780553782323170560,Effective Decode Throughput,tokens/sec,min,59.67
82,1780553781323170560,1780553782323170560,Effective Decode Throughput,tokens/sec,max,90.03
82,1780553781323170560,1780553782323170560,Effective Decode Throughput,tokens/sec,p50,74.85
82,1780553781323170560,1780553782323170560,Effective Decode Throughput,tokens/sec,p90,74.85
82,1780553781323170560,1780553782323170560,Effective Decode Throughput,tokens/sec,p95,74.85
82,1780553781323170560,1780553782323170560,Effective Decode Throughput,tokens/sec,p99,74.85
82,1780553781323170560,1780553782323170560,Effective Decode Throughput,tokens/sec,std,0.03
82,1780553781323170560,1780553782323170560,Effective Decode Throughput Per User,tokens/sec/user,avg,6.80
82,1780553781323170560,1780553782323170560,Effective Decode Throughput Per User,tokens/sec/user,min,5.42
82,1780553781323170560,1780553782323170560,Effective Decode Throughput Per User,tokens/sec/user,max,8.18
82,1780553781323170560,1780553782323170560,Effective Decode Throughput Per User,tokens/sec/user,p50,6.80
82,1780553781323170560,1780553782323170560,Effective Decode Throughput Per User,tokens/sec/user,p90,6.80
82,1780553781323170560,1780553782323170560,Effective Decode Throughput Per User,tokens/sec/user,p95,6.80
82,1780553781323170560,1780553782323170560,Effective Decode Throughput Per User,tokens/sec/user,p99,6.80
82,1780553781323170560,1780553782323170560,Effective Decode Throughput Per User,tokens/sec/user,std,0.00
82,1780553781323170560,1780553782323170560,Effective Prefill Concurrency,requests,avg,2.36
82,1780553781323170560,1780553782323170560,Effective Prefill Concurrency,requests,min,2.00
82,1780553781323170560,1780553782323170560,Effective Prefill Concurrency,requests,max,3.00
82,1780553781323170560,1780553782323170560,Effective Prefill Concurrency,requests,p50,2.00
82,1780553781323170560,1780553782323170560,Effective Prefill Concurrency,requests,p90,3.00
82,1780553781323170560,1780553782323170560,Effective Prefill Concurrency,requests,p95,3.00
82,1780553781323170560,1780553782323170560,Effective Prefill Concurrency,requests,p99,3.00
82,1780553781323170560,1780553782323170560,Effective Prefill Concurrency,requests,std,0.48
82,1780553781323170560,1780553782323170560,Effective Prefill Throughput,tokens/sec,avg,6597.84
82,1780553781323170560,1780553782323170560,Effective Prefill Throughput,tokens/sec,min,5987.86
82,1780553781323170560,1780553782323170560,Effective Prefill Throughput,tokens/sec,max,7677.22
82,1780553781323170560,1780553782323170560,Effective Prefill Throughput,tokens/sec,p50,5987.86
82,1780553781323170560,1780553782323170560,Effective Prefill Throughput,tokens/sec,p90,7677.22
82,1780553781323170560,1780553782323170560,Effective Prefill Throughput,tokens/sec,p95,7677.22
82,1780553781323170560,1780553782323170560,Effective Prefill Throughput,tokens/sec,p99,7677.22
82,1780553781323170560,1780553782323170560,Effective Prefill Throughput,tokens/sec,std,811.42
82,1780553781323170560,1780553782323170560,Effective Prefill Throughput Per User,tokens/sec/user,avg,2836.92
82,1780553781323170560,1780553782323170560,Effective Prefill Throughput Per User,tokens/sec/user,min,2559.07
82,1780553781323170560,1780553782323170560,Effective Prefill Throughput Per User,tokens/sec/user,max,2993.93
82,1780553781323170560,1780553782323170560,Effective Prefill Throughput Per User,tokens/sec/user,p50,2993.93
82,1780553781323170560,1780553782323170560,Effective Prefill Throughput Per User,tokens/sec/user,p90,2993.93
82,1780553781323170560,1780553782323170560,Effective Prefill Throughput Per User,tokens/sec/user,p95,2993.93
82,1780553781323170560,1780553782323170560,Effective Prefill Throughput Per User,tokens/sec/user,p99,2993.93
82,1780553781323170560,1780553782323170560,Effective Prefill Throughput Per User,tokens/sec/user,std,208.87
82,1780553781323170560,1780553782323170560,Effective Total Throughput,tokens/sec,avg,6660.30
82,1780553781323170560,1780553782323170560,Effective Total Throughput,tokens/sec,min,6050.32
82,1780553781323170560,1780553782323170560,Effective Total Throughput,tokens/sec,max,7739.68
82,1780553781323170560,1780553782323170560,Effective Total Throughput,tokens/sec,p50,6050.32
82,1780553781323170560,1780553782323170560,Effective Total Throughput,tokens/sec,p90,7739.68
82,1780553781323170560,1780553782323170560,Effective Total Throughput,tokens/sec,p95,7739.68
82,1780553781323170560,1780553782323170560,Effective Total Throughput,tokens/sec,p99,7739.68
82,1780553781323170560,1780553782323170560,Effective Total Throughput,tokens/sec,std,811.42
82,1780553781323170560,1780553782323170560,HTTP Blocked,ms,avg,0.00
82,1780553781323170560,1780553782323170560,HTTP Blocked,ms,min,0.00
82,1780553781323170560,1780553782323170560,HTTP Blocked,ms,max,0.00
82,1780553781323170560,1780553782323170560,HTTP Blocked,ms,sum,0.00
82,1780553781323170560,1780553782323170560,HTTP Blocked,ms,p1,0.00
82,1780553781323170560,1780553782323170560,HTTP Blocked,ms,p5,0.00
82,1780553781323170560,1780553782323170560,HTTP Blocked,ms,p10,0.00
82,1780553781323170560,1780553782323170560,HTTP Blocked,ms,p25,0.00
82,1780553781323170560,1780553782323170560,HTTP Blocked,ms,p50,0.00
82,1780553781323170560,1780553782323170560,HTTP Blocked,ms,p75,0.00
82,1780553781323170560,1780553782323170560,HTTP Blocked,ms,p90,0.00
82,1780553781323170560,1780553782323170560,HTTP Blocked,ms,p95,0.00
82,1780553781323170560,1780553782323170560,HTTP Blocked,ms,p99,0.00
82,1780553781323170560,1780553782323170560,HTTP Blocked,ms,std,0.00
82,1780553781323170560,1780553782323170560,HTTP Chunks Received,count,avg,1000.00
82,1780553781323170560,1780553782323170560,HTTP Chunks Received,count,min,1000.00
82,1780553781323170560,1780553782323170560,HTTP Chunks Received,count,max,1000.00
82,1780553781323170560,1780553782323170560,HTTP Chunks Received,count,sum,1000.00
82,1780553781323170560,1780553782323170560,HTTP Chunks Received,count,p1,1000.00
82,1780553781323170560,1780553782323170560,HTTP Chunks Received,count,p5,1000.00
82,1780553781323170560,1780553782323170560,HTTP Chunks Received,count,p10,1000.00
82,1780553781323170560,1780553782323170560,HTTP Chunks Received,count,p25,1000.00
82,1780553781323170560,1780553782323170560,HTTP Chunks Received,count,p50,1000.00
82,1780553781323170560,1780553782323170560,HTTP Chunks Received,count,p75,1000.00
82,1780553781323170560,1780553782323170560,HTTP Chunks Received,count,p90,1000.00
82,1780553781323170560,1780553782323170560,HTTP Chunks Received,count,p95,1000.00
82,1780553781323170560,1780553782323170560,HTTP Chunks Received,count,p99,1000.00
82,1780553781323170560,1780553782323170560,HTTP Chunks Received,count,std,0.00
82,1780553781323170560,1780553782323170560,HTTP Chunks Sent,count,avg,1.00
82,1780553781323170560,1780553782323170560,HTTP Chunks Sent,count,min,1.00
82,1780553781323170560,1780553782323170560,HTTP Chunks Sent,count,max,1.00
82,1780553781323170560,1780553782323170560,HTTP Chunks Sent,count,sum,1.00
82,1780553781323170560,1780553782323170560,HTTP Chunks Sent,count,p1,1.00
82,1780553781323170560,1780553782323170560,HTTP Chunks Sent,count,p5,1.00
82,1780553781323170560,1780553782323170560,HTTP Chunks Sent,count,p10,1.00
82,1780553781323170560,1780553782323170560,HTTP Chunks Sent,count,p25,1.00
82,1780553781323170560,1780553782323170560,HTTP Chunks Sent,count,p50,1.00
82,1780553781323170560,1780553782323170560,HTTP Chunks Sent,count,p75,1.00
82,1780553781323170560,1780553782323170560,HTTP Chunks Sent,count,p90,1.00
82,1780553781323170560,1780553782323170560,HTTP Chunks Sent,count,p95,1.00
82,1780553781323170560,1780553782323170560,HTTP Chunks Sent,count,p99,1.00
82,1780553781323170560,1780553782323170560,HTTP Chunks Sent,count,std,0.00
82,1780553781323170560,1780553782323170560,HTTP Connecting,ms,avg,0.66
82,1780553781323170560,1780553782323170560,HTTP Connecting,ms,min,0.66
82,1780553781323170560,1780553782323170560,HTTP Connecting,ms,max,0.66
82,1780553781323170560,1780553782323170560,HTTP Connecting,ms,sum,0.66
82,1780553781323170560,1780553782323170560,HTTP Connecting,ms,p1,0.66
82,1780553781323170560,1780553782323170560,HTTP Connecting,ms,p5,0.66
82,1780553781323170560,1780553782323170560,HTTP Connecting,ms,p10,0.66
82,1780553781323170560,1780553782323170560,HTTP Connecting,ms,p25,0.66
82,1780553781323170560,1780553782323170560,HTTP Connecting,ms,p50,0.66
82,1780553781323170560,1780553782323170560,HTTP Connecting,ms,p75,0.66
82,1780553781323170560,1780553782323170560,HTTP Connecting,ms,p90,0.66
82,1780553781323170560,1780553782323170560,HTTP Connecting,ms,p95,0.66
82,1780553781323170560,1780553782323170560,HTTP Connecting,ms,p99,0.66
82,1780553781323170560,1780553782323170560,HTTP Connecting,ms,std,0.00
82,1780553781323170560,1780553782323170560,HTTP Connection Overhead,ms,avg,0.66
82,1780553781323170560,1780553782323170560,HTTP Connection Overhead,ms,min,0.66
82,1780553781323170560,1780553782323170560,HTTP Connection Overhead,ms,max,0.66
82,1780553781323170560,1780553782323170560,HTTP Connection Overhead,ms,sum,0.66
82,1780553781323170560,1780553782323170560,HTTP Connection Overhead,ms,p1,0.66
82,1780553781323170560,1780553782323170560,HTTP Connection Overhead,ms,p5,0.66
82,1780553781323170560,1780553782323170560,HTTP Connection Overhead,ms,p10,0.66
82,1780553781323170560,1780553782323170560,HTTP Connection Overhead,ms,p25,0.66
82,1780553781323170560,1780553782323170560,HTTP Connection Overhead,ms,p50,0.66
82,1780553781323170560,1780553782323170560,HTTP Connection Overhead,ms,p75,0.66
82,1780553781323170560,1780553782323170560,HTTP Connection Overhead,ms,p90,0.66
82,1780553781323170560,1780553782323170560,HTTP Connection Overhead,ms,p95,0.66
82,1780553781323170560,1780553782323170560,HTTP Connection Overhead,ms,p99,0.66
82,1780553781323170560,1780553782323170560,HTTP Connection Overhead,ms,std,0.00
82,1780553781323170560,1780553782323170560,HTTP Connection Reused,ratio,avg,0.00
82,1780553781323170560,1780553782323170560,HTTP Connection Reused,ratio,min,0.00
82,1780553781323170560,1780553782323170560,HTTP Connection Reused,ratio,max,0.00
82,1780553781323170560,1780553782323170560,HTTP Connection Reused,ratio,sum,0.00
82,1780553781323170560,1780553782323170560,HTTP Connection Reused,ratio,p1,0.00
82,1780553781323170560,1780553782323170560,HTTP Connection Reused,ratio,p5,0.00
82,1780553781323170560,1780553782323170560,HTTP Connection Reused,ratio,p10,0.00
82,1780553781323170560,1780553782323170560,HTTP Connection Reused,ratio,p25,0.00
82,1780553781323170560,1780553782323170560,HTTP Connection Reused,ratio,p50,0.00
82,1780553781323170560,1780553782323170560,HTTP Connection Reused,ratio,p75,0.00
82,1780553781323170560,1780553782323170560,HTTP Connection Reused,ratio,p90,0.00
82,1780553781323170560,1780553782323170560,HTTP Connection Reused,ratio,p95,0.00
82,1780553781323170560,1780553782323170560,HTTP Connection Reused,ratio,p99,0.00
82,1780553781323170560,1780553782323170560,HTTP Connection Reused,ratio,std,0.00
82,1780553781323170560,1780553782323170560,HTTP Data Received,KB,avg,248.62
82,1780553781323170560,1780553782323170560,HTTP Data Received,KB,min,248.62
82,1780553781323170560,1780553782323170560,HTTP Data Received,KB,max,248.62
82,1780553781323170560,1780553782323170560,HTTP Data Received,KB,sum,248.62
82,1780553781323170560,1780553782323170560,HTTP Data Received,KB,p1,248.62
82,1780553781323170560,1780553782323170560,HTTP Data Received,KB,p5,248.62
82,1780553781323170560,1780553782323170560,HTTP Data Received,KB,p10,248.62
82,1780553781323170560,1780553782323170560,HTTP Data Received,KB,p25,248.62
82,1780553781323170560,1780553782323170560,HTTP Data Received,KB,p50,248.62
82,1780553781323170560,1780553782323170560,HTTP Data Received,KB,p75,248.62
82,1780553781323170560,1780553782323170560,HTTP Data Received,KB,p90,248.62
82,1780553781323170560,1780553782323170560,HTTP Data Received,KB,p95,248.62
82,1780553781323170560,1780553782323170560,HTTP Data Received,KB,p99,248.62
82,1780553781323170560,1780553782323170560,HTTP Data Received,KB,std,0.00
82,1780553781323170560,1780553782323170560,HTTP Data Sent,KB,avg,438.26
82,1780553781323170560,1780553782323170560,HTTP Data Sent,KB,min,438.26
82,1780553781323170560,1780553782323170560,HTTP Data Sent,KB,max,438.26
82,1780553781323170560,1780553782323170560,HTTP Data Sent,KB,sum,438.26
82,1780553781323170560,1780553782323170560,HTTP Data Sent,KB,p1,438.26
82,1780553781323170560,1780553782323170560,HTTP Data Sent,KB,p5,438.26
82,1780553781323170560,1780553782323170560,HTTP Data Sent,KB,p10,438.26
82,1780553781323170560,1780553782323170560,HTTP Data Sent,KB,p25,438.26
82,1780553781323170560,1780553782323170560,HTTP Data Sent,KB,p50,438.26
82,1780553781323170560,1780553782323170560,HTTP Data Sent,KB,p75,438.26
82,1780553781323170560,1780553782323170560,HTTP Data Sent,KB,p90,438.26
82,1780553781323170560,1780553782323170560,HTTP Data Sent,KB,p95,438.26
82,1780553781323170560,1780553782323170560,HTTP Data Sent,KB,p99,438.26
82,1780553781323170560,1780553782323170560,HTTP Data Sent,KB,std,0.00
82,1780553781323170560,1780553782323170560,HTTP DNS Lookup,ms,avg,0.00
82,1780553781323170560,1780553782323170560,HTTP DNS Lookup,ms,min,0.00
82,1780553781323170560,1780553782323170560,HTTP DNS Lookup,ms,max,0.00
82,1780553781323170560,1780553782323170560,HTTP DNS Lookup,ms,sum,0.00
82,1780553781323170560,1780553782323170560,HTTP DNS Lookup,ms,p1,0.00
82,1780553781323170560,1780553782323170560,HTTP DNS Lookup,ms,p5,0.00
82,1780553781323170560,1780553782323170560,HTTP DNS Lookup,ms,p10,0.00
82,1780553781323170560,1780553782323170560,HTTP DNS Lookup,ms,p25,0.00
82,1780553781323170560,1780553782323170560,HTTP DNS Lookup,ms,p50,0.00
82,1780553781323170560,1780553782323170560,HTTP DNS Lookup,ms,p75,0.00
82,1780553781323170560,1780553782323170560,HTTP DNS Lookup,ms,p90,0.00
82,1780553781323170560,1780553782323170560,HTTP DNS Lookup,ms,p95,0.00
82,1780553781323170560,1780553782323170560,HTTP DNS Lookup,ms,p99,0.00
82,1780553781323170560,1780553782323170560,HTTP DNS Lookup,ms,std,0.00
82,1780553781323170560,1780553782323170560,HTTP Duration (excl. conn),ms,avg,207376.30
82,1780553781323170560,1780553782323170560,HTTP Duration (excl. conn),ms,min,207376.30
82,1780553781323170560,1780553782323170560,HTTP Duration (excl. conn),ms,max,207376.30
82,1780553781323170560,1780553782323170560,HTTP Duration (excl. conn),ms,sum,207376.30
82,1780553781323170560,1780553782323170560,HTTP Duration (excl. conn),ms,p1,207376.30
82,1780553781323170560,1780553782323170560,HTTP Duration (excl. conn),ms,p5,207376.30
82,1780553781323170560,1780553782323170560,HTTP Duration (excl. conn),ms,p10,207376.30
82,1780553781323170560,1780553782323170560,HTTP Duration (excl. conn),ms,p25,207376.30
82,1780553781323170560,1780553782323170560,HTTP Duration (excl. conn),ms,p50,207376.30
82,1780553781323170560,1780553782323170560,HTTP Duration (excl. conn),ms,p75,207376.30
82,1780553781323170560,1780553782323170560,HTTP Duration (excl. conn),ms,p90,207376.30
82,1780553781323170560,1780553782323170560,HTTP Duration (excl. conn),ms,p95,207376.30
82,1780553781323170560,1780553782323170560,HTTP Duration (excl. conn),ms,p99,207376.30
82,1780553781323170560,1780553782323170560,HTTP Duration (excl. conn),ms,std,0.00
82,1780553781323170560,1780553782323170560,HTTP Receiving,ms,avg,140811.42
82,1780553781323170560,1780553782323170560,HTTP Receiving,ms,min,140811.42
82,1780553781323170560,1780553782323170560,HTTP Receiving,ms,max,140811.42
82,1780553781323170560,1780553782323170560,HTTP Receiving,ms,sum,140811.42
82,1780553781323170560,1780553782323170560,HTTP Receiving,ms,p1,140811.42
82,1780553781323170560,1780553782323170560,HTTP Receiving,ms,p5,140811.42
82,1780553781323170560,1780553782323170560,HTTP Receiving,ms,p10,140811.42
82,1780553781323170560,1780553782323170560,HTTP Receiving,ms,p25,140811.42
82,1780553781323170560,1780553782323170560,HTTP Receiving,ms,p50,140811.42
82,1780553781323170560,1780553782323170560,HTTP Receiving,ms,p75,140811.42
82,1780553781323170560,1780553782323170560,HTTP Receiving,ms,p90,140811.42
82,1780553781323170560,1780553782323170560,HTTP Receiving,ms,p95,140811.42
82,1780553781323170560,1780553782323170560,HTTP Receiving,ms,p99,140811.42
82,1780553781323170560,1780553782323170560,HTTP Receiving,ms,std,0.00
82,1780553781323170560,1780553782323170560,HTTP Sending,ms,avg,0.94
82,1780553781323170560,1780553782323170560,HTTP Sending,ms,min,0.94
82,1780553781323170560,1780553782323170560,HTTP Sending,ms,max,0.94
82,1780553781323170560,1780553782323170560,HTTP Sending,ms,sum,0.94
82,1780553781323170560,1780553782323170560,HTTP Sending,ms,p1,0.94
82,1780553781323170560,1780553782323170560,HTTP Sending,ms,p5,0.94
82,1780553781323170560,1780553782323170560,HTTP Sending,ms,p10,0.94
82,1780553781323170560,1780553782323170560,HTTP Sending,ms,p25,0.94
82,1780553781323170560,1780553782323170560,HTTP Sending,ms,p50,0.94
82,1780553781323170560,1780553782323170560,HTTP Sending,ms,p75,0.94
82,1780553781323170560,1780553782323170560,HTTP Sending,ms,p90,0.94
82,1780553781323170560,1780553782323170560,HTTP Sending,ms,p95,0.94
82,1780553781323170560,1780553782323170560,HTTP Sending,ms,p99,0.94
82,1780553781323170560,1780553782323170560,HTTP Sending,ms,std,0.00
82,1780553781323170560,1780553782323170560,HTTP Total Time,ms,avg,207376.97
82,1780553781323170560,1780553782323170560,HTTP Total Time,ms,min,207376.97
82,1780553781323170560,1780553782323170560,HTTP Total Time,ms,max,207376.97
82,1780553781323170560,1780553782323170560,HTTP Total Time,ms,sum,207376.97
82,1780553781323170560,1780553782323170560,HTTP Total Time,ms,p1,207376.97
82,1780553781323170560,1780553782323170560,HTTP Total Time,ms,p5,207376.97
82,1780553781323170560,1780553782323170560,HTTP Total Time,ms,p10,207376.97
82,1780553781323170560,1780553782323170560,HTTP Total Time,ms,p25,207376.97
82,1780553781323170560,1780553782323170560,HTTP Total Time,ms,p50,207376.97
82,1780553781323170560,1780553782323170560,HTTP Total Time,ms,p75,207376.97
82,1780553781323170560,1780553782323170560,HTTP Total Time,ms,p90,207376.97
82,1780553781323170560,1780553782323170560,HTTP Total Time,ms,p95,207376.97
82,1780553781323170560,1780553782323170560,HTTP Total Time,ms,p99,207376.97
82,1780553781323170560,1780553782323170560,HTTP Total Time,ms,std,0.00
82,1780553781323170560,1780553782323170560,HTTP Waiting (TTFB),ms,avg,66563.94
82,1780553781323170560,1780553782323170560,HTTP Waiting (TTFB),ms,min,66563.94
82,1780553781323170560,1780553782323170560,HTTP Waiting (TTFB),ms,max,66563.94
82,1780553781323170560,1780553782323170560,HTTP Waiting (TTFB),ms,sum,66563.94
82,1780553781323170560,1780553782323170560,HTTP Waiting (TTFB),ms,p1,66563.94
82,1780553781323170560,1780553782323170560,HTTP Waiting (TTFB),ms,p5,66563.94
82,1780553781323170560,1780553782323170560,HTTP Waiting (TTFB),ms,p10,66563.94
82,1780553781323170560,1780553782323170560,HTTP Waiting (TTFB),ms,p25,66563.94
82,1780553781323170560,1780553782323170560,HTTP Waiting (TTFB),ms,p50,66563.94
82,1780553781323170560,1780553782323170560,HTTP Waiting (TTFB),ms,p75,66563.94
82,1780553781323170560,1780553782323170560,HTTP Waiting (TTFB),ms,p90,66563.94
82,1780553781323170560,1780553782323170560,HTTP Waiting (TTFB),ms,p95,66563.94
82,1780553781323170560,1780553782323170560,HTTP Waiting (TTFB),ms,p99,66563.94
82,1780553781323170560,1780553782323170560,HTTP Waiting (TTFB),ms,std,0.00
82,1780553781323170560,1780553782323170560,Input Sequence Length,tokens,avg,112452.00
82,1780553781323170560,1780553782323170560,Input Sequence Length,tokens,min,112452.00
82,1780553781323170560,1780553782323170560,Input Sequence Length,tokens,max,112452.00
82,1780553781323170560,1780553782323170560,Input Sequence Length,tokens,sum,112452.00
82,1780553781323170560,1780553782323170560,Input Sequence Length,tokens,p1,112452.00
82,1780553781323170560,1780553782323170560,Input Sequence Length,tokens,p5,112452.00
82,1780553781323170560,1780553782323170560,Input Sequence Length,tokens,p10,112452.00
82,1780553781323170560,1780553782323170560,Input Sequence Length,tokens,p25,112452.00
82,1780553781323170560,1780553782323170560,Input Sequence Length,tokens,p50,112452.00
82,1780553781323170560,1780553782323170560,Input Sequence Length,tokens,p75,112452.00
82,1780553781323170560,1780553782323170560,Input Sequence Length,tokens,p90,112452.00
82,1780553781323170560,1780553782323170560,Input Sequence Length,tokens,p95,112452.00
82,1780553781323170560,1780553782323170560,Input Sequence Length,tokens,p99,112452.00
82,1780553781323170560,1780553782323170560,Input Sequence Length,tokens,std,0.00
82,1780553781323170560,1780553782323170560,Input Token Throughput,tokens/sec,avg,112452.00
82,1780553781323170560,1780553782323170560,Inter Chunk Latency,ms,avg,67.29
82,1780553781323170560,1780553782323170560,Inter Chunk Latency,ms,min,67.27
82,1780553781323170560,1780553782323170560,Inter Chunk Latency,ms,max,67.31
82,1780553781323170560,1780553782323170560,Inter Chunk Latency,ms,sum,66146.02
82,1780553781323170560,1780553782323170560,Inter Chunk Latency,ms,p1,67.27
82,1780553781323170560,1780553782323170560,Inter Chunk Latency,ms,p5,67.28
82,1780553781323170560,1780553782323170560,Inter Chunk Latency,ms,p10,67.28
82,1780553781323170560,1780553782323170560,Inter Chunk Latency,ms,p25,67.28
82,1780553781323170560,1780553782323170560,Inter Chunk Latency,ms,p50,67.29
82,1780553781323170560,1780553782323170560,Inter Chunk Latency,ms,p75,67.30
82,1780553781323170560,1780553782323170560,Inter Chunk Latency,ms,p90,67.30
82,1780553781323170560,1780553782323170560,Inter Chunk Latency,ms,p95,67.30
82,1780553781323170560,1780553782323170560,Inter Chunk Latency,ms,p99,67.31
82,1780553781323170560,1780553782323170560,Inter Chunk Latency,ms,std,0.01
82,1780553781323170560,1780553782323170560,Inter Token Latency,ms,avg,140.95
82,1780553781323170560,1780553782323170560,Inter Token Latency,ms,min,140.95
82,1780553781323170560,1780553782323170560,Inter Token Latency,ms,max,140.95
82,1780553781323170560,1780553782323170560,Inter Token Latency,ms,sum,140.95
82,1780553781323170560,1780553782323170560,Inter Token Latency,ms,p1,140.95
82,1780553781323170560,1780553782323170560,Inter Token Latency,ms,p5,140.95
82,1780553781323170560,1780553782323170560,Inter Token Latency,ms,p10,140.95
82,1780553781323170560,1780553782323170560,Inter Token Latency,ms,p25,140.95
82,1780553781323170560,1780553782323170560,Inter Token Latency,ms,p50,140.95
82,1780553781323170560,1780553782323170560,Inter Token Latency,ms,p75,140.95
82,1780553781323170560,1780553782323170560,Inter Token Latency,ms,p90,140.95
82,1780553781323170560,1780553782323170560,Inter Token Latency,ms,p95,140.95
82,1780553781323170560,1780553782323170560,Inter Token Latency,ms,p99,140.95
82,1780553781323170560,1780553782323170560,Inter Token Latency,ms,std,0.00
82,1780553781323170560,1780553782323170560,Maximum Response Timestamp,ns,avg,1780553989338511104.00
82,1780553781323170560,1780553782323170560,Minimum Request Timestamp,ns,avg,1780553781962098176.00
82,1780553781323170560,1780553782323170560,OSL Mismatch Count,requests,avg,0.00
82,1780553781323170560,1780553782323170560,OSL Mismatch Diff %,%,avg,0.00
82,1780553781323170560,1780553782323170560,OSL Mismatch Diff %,%,min,0.00
82,1780553781323170560,1780553782323170560,OSL Mismatch Diff %,%,max,0.00
82,1780553781323170560,1780553782323170560,OSL Mismatch Diff %,%,sum,0.00
82,1780553781323170560,1780553782323170560,OSL Mismatch Diff %,%,p1,0.00
82,1780553781323170560,1780553782323170560,OSL Mismatch Diff %,%,p5,0.00
82,1780553781323170560,1780553782323170560,OSL Mismatch Diff %,%,p10,0.00
82,1780553781323170560,1780553782323170560,OSL Mismatch Diff %,%,p25,0.00
82,1780553781323170560,1780553782323170560,OSL Mismatch Diff %,%,p50,0.00
82,1780553781323170560,1780553782323170560,OSL Mismatch Diff %,%,p75,0.00
82,1780553781323170560,1780553782323170560,OSL Mismatch Diff %,%,p90,0.00
82,1780553781323170560,1780553782323170560,OSL Mismatch Diff %,%,p95,0.00
82,1780553781323170560,1780553782323170560,OSL Mismatch Diff %,%,p99,0.00
82,1780553781323170560,1780553782323170560,OSL Mismatch Diff %,%,std,0.00
82,1780553781323170560,1780553782323170560,Output Sequence Length,tokens,avg,1000.00
82,1780553781323170560,1780553782323170560,Output Sequence Length,tokens,min,1000.00
82,1780553781323170560,1780553782323170560,Output Sequence Length,tokens,max,1000.00
82,1780553781323170560,1780553782323170560,Output Sequence Length,tokens,sum,1000.00
82,1780553781323170560,1780553782323170560,Output Sequence Length,tokens,p1,1000.00
82,1780553781323170560,1780553782323170560,Output Sequence Length,tokens,p5,1000.00
82,1780553781323170560,1780553782323170560,Output Sequence Length,tokens,p10,1000.00
82,1780553781323170560,1780553782323170560,Output Sequence Length,tokens,p25,1000.00
82,1780553781323170560,1780553782323170560,Output Sequence Length,tokens,p50,1000.00
82,1780553781323170560,1780553782323170560,Output Sequence Length,tokens,p75,1000.00
82,1780553781323170560,1780553782323170560,Output Sequence Length,tokens,p90,1000.00
82,1780553781323170560,1780553782323170560,Output Sequence Length,tokens,p95,1000.00
82,1780553781323170560,1780553782323170560,Output Sequence Length,tokens,p99,1000.00
82,1780553781323170560,1780553782323170560,Output Sequence Length,tokens,std,0.00
82,1780553781323170560,1780553782323170560,Output Token Count,tokens,avg,1000.00
82,1780553781323170560,1780553782323170560,Output Token Count,tokens,min,1000.00
82,1780553781323170560,1780553782323170560,Output Token Count,tokens,max,1000.00
82,1780553781323170560,1780553782323170560,Output Token Count,tokens,sum,1000.00
82,1780553781323170560,1780553782323170560,Output Token Count,tokens,p1,1000.00
82,1780553781323170560,1780553782323170560,Output Token Count,tokens,p5,1000.00
82,1780553781323170560,1780553782323170560,Output Token Count,tokens,p10,1000.00
82,1780553781323170560,1780553782323170560,Output Token Count,tokens,p25,1000.00
82,1780553781323170560,1780553782323170560,Output Token Count,tokens,p50,1000.00
82,1780553781323170560,1780553782323170560,Output Token Count,tokens,p75,1000.00
82,1780553781323170560,1780553782323170560,Output Token Count,tokens,p90,1000.00
82,1780553781323170560,1780553782323170560,Output Token Count,tokens,p95,1000.00
82,1780553781323170560,1780553782323170560,Output Token Count,tokens,p99,1000.00
82,1780553781323170560,1780553782323170560,Output Token Count,tokens,std,0.00
82,1780553781323170560,1780553782323170560,Output Token Throughput,tokens/sec,avg,1000.00
82,1780553781323170560,1780553782323170560,Output Token Throughput Per User,tokens/sec/user,avg,7.09
82,1780553781323170560,1780553782323170560,Output Token Throughput Per User,tokens/sec/user,min,7.09
82,1780553781323170560,1780553782323170560,Output Token Throughput Per User,tokens/sec/user,max,7.09
82,1780553781323170560,1780553782323170560,Output Token Throughput Per User,tokens/sec/user,sum,7.09
82,1780553781323170560,1780553782323170560,Output Token Throughput Per User,tokens/sec/user,p1,7.09
82,1780553781323170560,1780553782323170560,Output Token Throughput Per User,tokens/sec/user,p5,7.09
82,1780553781323170560,1780553782323170560,Output Token Throughput Per User,tokens/sec/user,p10,7.09
82,1780553781323170560,1780553782323170560,Output Token Throughput Per User,tokens/sec/user,p25,7.09
82,1780553781323170560,1780553782323170560,Output Token Throughput Per User,tokens/sec/user,p50,7.09
82,1780553781323170560,1780553782323170560,Output Token Throughput Per User,tokens/sec/user,p75,7.09
82,1780553781323170560,1780553782323170560,Output Token Throughput Per User,tokens/sec/user,p90,7.09
82,1780553781323170560,1780553782323170560,Output Token Throughput Per User,tokens/sec/user,p95,7.09
82,1780553781323170560,1780553782323170560,Output Token Throughput Per User,tokens/sec/user,p99,7.09
82,1780553781323170560,1780553782323170560,Output Token Throughput Per User,tokens/sec/user,std,0.00
82,1780553781323170560,1780553782323170560,Prefill Throughput Per User,tokens/sec/user,avg,1689.36
82,1780553781323170560,1780553782323170560,Prefill Throughput Per User,tokens/sec/user,min,1689.36
82,1780553781323170560,1780553782323170560,Prefill Throughput Per User,tokens/sec/user,max,1689.36
82,1780553781323170560,1780553782323170560,Prefill Throughput Per User,tokens/sec/user,sum,1689.36
82,1780553781323170560,1780553782323170560,Prefill Throughput Per User,tokens/sec/user,p1,1689.36
82,1780553781323170560,1780553782323170560,Prefill Throughput Per User,tokens/sec/user,p5,1689.36
82,1780553781323170560,1780553782323170560,Prefill Throughput Per User,tokens/sec/user,p10,1689.36
82,1780553781323170560,1780553782323170560,Prefill Throughput Per User,tokens/sec/user,p25,1689.36
82,1780553781323170560,1780553782323170560,Prefill Throughput Per User,tokens/sec/user,p50,1689.36
82,1780553781323170560,1780553782323170560,Prefill Throughput Per User,tokens/sec/user,p75,1689.36
82,1780553781323170560,1780553782323170560,Prefill Throughput Per User,tokens/sec/user,p90,1689.36
82,1780553781323170560,1780553782323170560,Prefill Throughput Per User,tokens/sec/user,p95,1689.36
82,1780553781323170560,1780553782323170560,Prefill Throughput Per User,tokens/sec/user,p99,1689.36
82,1780553781323170560,1780553782323170560,Prefill Throughput Per User,tokens/sec/user,std,0.00
82,1780553781323170560,1780553782323170560,Request Count,requests,avg,1.00
82,1780553781323170560,1780553782323170560,Request Latency,ms,avg,207376.41
82,1780553781323170560,1780553782323170560,Request Latency,ms,min,207376.41
82,1780553781323170560,1780553782323170560,Request Latency,ms,max,207376.41
82,1780553781323170560,1780553782323170560,Request Latency,ms,sum,207376.41
82,1780553781323170560,1780553782323170560,Request Latency,ms,p1,207376.41
82,1780553781323170560,1780553782323170560,Request Latency,ms,p5,207376.41
82,1780553781323170560,1780553782323170560,Request Latency,ms,p10,207376.41
82,1780553781323170560,1780553782323170560,Request Latency,ms,p25,207376.41
82,1780553781323170560,1780553782323170560,Request Latency,ms,p50,207376.41
82,1780553781323170560,1780553782323170560,Request Latency,ms,p75,207376.41
82,1780553781323170560,1780553782323170560,Request Latency,ms,p90,207376.41
82,1780553781323170560,1780553782323170560,Request Latency,ms,p95,207376.41
82,1780553781323170560,1780553782323170560,Request Latency,ms,p99,207376.41
82,1780553781323170560,1780553782323170560,Request Latency,ms,std,0.00
82,1780553781323170560,1780553782323170560,Request Throughput,requests/sec,avg,1.00
82,1780553781323170560,1780553782323170560,Requested OSL,tokens,avg,1000.00
82,1780553781323170560,1780553782323170560,Requested OSL,tokens,min,1000.00
82,1780553781323170560,1780553782323170560,Requested OSL,tokens,max,1000.00
82,1780553781323170560,1780553782323170560,Requested OSL,tokens,sum,1000.00
82,1780553781323170560,1780553782323170560,Requested OSL,tokens,p1,1000.00
82,1780553781323170560,1780553782323170560,Requested OSL,tokens,p5,1000.00
82,1780553781323170560,1780553782323170560,Requested OSL,tokens,p10,1000.00
82,1780553781323170560,1780553782323170560,Requested OSL,tokens,p25,1000.00
82,1780553781323170560,1780553782323170560,Requested OSL,tokens,p50,1000.00
82,1780553781323170560,1780553782323170560,Requested OSL,tokens,p75,1000.00
82,1780553781323170560,1780553782323170560,Requested OSL,tokens,p90,1000.00
82,1780553781323170560,1780553782323170560,Requested OSL,tokens,p95,1000.00
82,1780553781323170560,1780553782323170560,Requested OSL,tokens,p99,1000.00
82,1780553781323170560,1780553782323170560,Requested OSL,tokens,std,0.00
82,1780553781323170560,1780553782323170560,Time to First Output Token,ms,avg,66565.00
82,1780553781323170560,1780553782323170560,Time to First Output Token,ms,min,66565.00
82,1780553781323170560,1780553782323170560,Time to First Output Token,ms,max,66565.00
82,1780553781323170560,1780553782323170560,Time to First Output Token,ms,sum,66565.00
82,1780553781323170560,1780553782323170560,Time to First Output Token,ms,p1,66565.00
82,1780553781323170560,1780553782323170560,Time to First Output Token,ms,p5,66565.00
82,1780553781323170560,1780553782323170560,Time to First Output Token,ms,p10,66565.00
82,1780553781323170560,1780553782323170560,Time to First Output Token,ms,p25,66565.00
82,1780553781323170560,1780553782323170560,Time to First Output Token,ms,p50,66565.00
82,1780553781323170560,1780553782323170560,Time to First Output Token,ms,p75,66565.00
82,1780553781323170560,1780553782323170560,Time to First Output Token,ms,p90,66565.00
82,1780553781323170560,1780553782323170560,Time to First Output Token,ms,p95,66565.00
82,1780553781323170560,1780553782323170560,Time to First Output Token,ms,p99,66565.00
82,1780553781323170560,1780553782323170560,Time to First Output Token,ms,std,0.00
82,1780553781323170560,1780553782323170560,Time to First Token,ms,avg,66565.00
82,1780553781323170560,1780553782323170560,Time to First Token,ms,min,66565.00
82,1780553781323170560,1780553782323170560,Time to First Token,ms,max,66565.00
82,1780553781323170560,1780553782323170560,Time to First Token,ms,sum,66565.00
82,1780553781323170560,1780553782323170560,Time to First Token,ms,p1,66565.00
82,1780553781323170560,1780553782323170560,Time to First Token,ms,p5,66565.00
82,1780553781323170560,1780553782323170560,Time to First Token,ms,p10,66565.00
82,1780553781323170560,1780553782323170560,Time to First Token,ms,p25,66565.00
82,1780553781323170560,1780553782323170560,Time to First Token,ms,p50,66565.00
82,1780553781323170560,1780553782323170560,Time to First Token,ms,p75,66565.00
82,1780553781323170560,1780553782323170560,Time to First Token,ms,p90,66565.00
82,1780553781323170560,1780553782323170560,Time to First Token,ms,p95,66565.00
82,1780553781323170560,1780553782323170560,Time to First Token,ms,p99,66565.00
82,1780553781323170560,1780553782323170560,Time to First Token,ms,std,0.00
82,1780553781323170560,1780553782323170560,Time to Second Token,ms,avg,156.05
82,1780553781323170560,1780553782323170560,Time to Second Token,ms,min,156.05
82,1780553781323170560,1780553782323170560,Time to Second Token,ms,max,156.05
82,1780553781323170560,1780553782323170560,Time to Second Token,ms,sum,156.05
82,1780553781323170560,1780553782323170560,Time to Second Token,ms,p1,156.05
82,1780553781323170560,1780553782323170560,Time to Second Token,ms,p5,156.05
82,1780553781323170560,1780553782323170560,Time to Second Token,ms,p10,156.05
82,1780553781323170560,1780553782323170560,Time to Second Token,ms,p25,156.05
82,1780553781323170560,1780553782323170560,Time to Second Token,ms,p50,156.05
82,1780553781323170560,1780553782323170560,Time to Second Token,ms,p75,156.05
82,1780553781323170560,1780553782323170560,Time to Second Token,ms,p90,156.05
82,1780553781323170560,1780553782323170560,Time to Second Token,ms,p95,156.05
82,1780553781323170560,1780553782323170560,Time to Second Token,ms,p99,156.05
82,1780553781323170560,1780553782323170560,Time to Second Token,ms,std,0.00
82,1780553781323170560,1780553782323170560,Tokens In Flight,tokens,avg,1350207.98
82,1780553781323170560,1780553782323170560,Tokens In Flight,tokens,min,1309565.86
82,1780553781323170560,1780553782323170560,Tokens In Flight,tokens,max,1422093.45
82,1780553781323170560,1780553782323170560,Tokens In Flight,tokens,p50,1309606.18
82,1780553781323170560,1780553782323170560,Tokens In Flight,tokens,p90,1422087.38
82,1780553781323170560,1780553782323170560,Tokens In Flight,tokens,p95,1422089.41
82,1780553781323170560,1780553782323170560,Tokens In Flight,tokens,p99,1422093.45
82,1780553781323170560,1780553782323170560,Tokens In Flight,tokens,std,54029.97
82,1780553781323170560,1780553782323170560,Total Input Sequence Length,tokens,avg,112452.00
82,1780553781323170560,1780553782323170560,Total Output Sequence Length,tokens,avg,1000.00
82,1780553781323170560,1780553782323170560,Total Output Tokens,tokens,avg,1000.00
82,1780553781323170560,1780553782323170560,Total Token Throughput,tokens/sec,avg,113452.00
82,1780553781323170560,1780553782323170560,Total Usage Completion Tokens,tokens,avg,1000.00
82,1780553781323170560,1780553782323170560,Total Usage Prompt Tokens,tokens,avg,112452.00
82,1780553781323170560,1780553782323170560,Total Usage Total Tokens,tokens,avg,113452.00
82,1780553781323170560,1780553782323170560,Usage Completion Tokens,tokens,avg,1000.00
82,1780553781323170560,1780553782323170560,Usage Completion Tokens,tokens,min,1000.00
82,1780553781323170560,1780553782323170560,Usage Completion Tokens,tokens,max,1000.00
82,1780553781323170560,1780553782323170560,Usage Completion Tokens,tokens,sum,1000.00
82,1780553781323170560,1780553782323170560,Usage Completion Tokens,tokens,p1,1000.00
82,1780553781323170560,1780553782323170560,Usage Completion Tokens,tokens,p5,1000.00
82,1780553781323170560,1780553782323170560,Usage Completion Tokens,tokens,p10,1000.00
82,1780553781323170560,1780553782323170560,Usage Completion Tokens,tokens,p25,1000.00
82,1780553781323170560,1780553782323170560,Usage Completion Tokens,tokens,p50,1000.00
82,1780553781323170560,1780553782323170560,Usage Completion Tokens,tokens,p75,1000.00
82,1780553781323170560,1780553782323170560,Usage Completion Tokens,tokens,p90,1000.00
82,1780553781323170560,1780553782323170560,Usage Completion Tokens,tokens,p95,1000.00
82,1780553781323170560,1780553782323170560,Usage Completion Tokens,tokens,p99,1000.00
82,1780553781323170560,1780553782323170560,Usage Completion Tokens,tokens,std,0.00
82,1780553781323170560,1780553782323170560,Usage Prompt Tokens,tokens,avg,112452.00
82,1780553781323170560,1780553782323170560,Usage Prompt Tokens,tokens,min,112452.00
82,1780553781323170560,1780553782323170560,Usage Prompt Tokens,tokens,max,112452.00
82,1780553781323170560,1780553782323170560,Usage Prompt Tokens,tokens,sum,112452.00
82,1780553781323170560,1780553782323170560,Usage Prompt Tokens,tokens,p1,112452.00
82,1780553781323170560,1780553782323170560,Usage Prompt Tokens,tokens,p5,112452.00
82,1780553781323170560,1780553782323170560,Usage Prompt Tokens,tokens,p10,112452.00
82,1780553781323170560,1780553782323170560,Usage Prompt Tokens,tokens,p25,112452.00
82,1780553781323170560,1780553782323170560,Usage Prompt Tokens,tokens,p50,112452.00
82,1780553781323170560,1780553782323170560,Usage Prompt Tokens,tokens,p75,112452.00
82,1780553781323170560,1780553782323170560,Usage Prompt Tokens,tokens,p90,112452.00
82,1780553781323170560,1780553782323170560,Usage Prompt Tokens,tokens,p95,112452.00
82,1780553781323170560,1780553782323170560,Usage Prompt Tokens,tokens,p99,112452.00
82,1780553781323170560,1780553782323170560,Usage Prompt Tokens,tokens,std,0.00
82,1780553781323170560,1780553782323170560,Usage Total Tokens,tokens,avg,113452.00
82,1780553781323170560,1780553782323170560,Usage Total Tokens,tokens,min,113452.00
82,1780553781323170560,1780553782323170560,Usage Total Tokens,tokens,max,113452.00
82,1780553781323170560,1780553782323170560,Usage Total Tokens,tokens,sum,113452.00
82,1780553781323170560,1780553782323170560,Usage Total Tokens,tokens,p1,113452.00
82,1780553781323170560,1780553782323170560,Usage Total Tokens,tokens,p5,113452.00
82,1780553781323170560,1780553782323170560,Usage Total Tokens,tokens,p10,113452.00
82,1780553781323170560,1780553782323170560,Usage Total Tokens,tokens,p25,113452.00
82,1780553781323170560,1780553782323170560,Usage Total Tokens,tokens,p50,113452.00
82,1780553781323170560,1780553782323170560,Usage Total Tokens,tokens,p75,113452.00
82,1780553781323170560,1780553782323170560,Usage Total Tokens,tokens,p90,113452.00
82,1780553781323170560,1780553782323170560,Usage Total Tokens,tokens,p95,113452.00
82,1780553781323170560,1780553782323170560,Usage Total Tokens,tokens,p99,113452.00
82,1780553781323170560,1780553782323170560,Usage Total Tokens,tokens,std,0.00
83,1780553808323170560,1780553809323170560,Active Decode Throughput,tokens/sec,avg,49.57
83,1780553808323170560,1780553809323170560,Active Decode Throughput,tokens/sec,min,29.62
83,1780553808323170560,1780553809323170560,Active Decode Throughput,tokens/sec,max,74.95
83,1780553808323170560,1780553809323170560,Active Decode Throughput,tokens/sec,p50,44.80
83,1780553808323170560,1780553809323170560,Active Decode Throughput,tokens/sec,p90,59.77
83,1780553808323170560,1780553809323170560,Active Decode Throughput,tokens/sec,p95,59.77
83,1780553808323170560,1780553809323170560,Active Decode Throughput,tokens/sec,p99,59.77
83,1780553808323170560,1780553809323170560,Active Decode Throughput,tokens/sec,std,6.97
83,1780553808323170560,1780553809323170560,Active Decode Throughput Per User,tokens/sec/user,avg,4.51
83,1780553808323170560,1780553809323170560,Active Decode Throughput Per User,tokens/sec/user,min,2.69
83,1780553808323170560,1780553809323170560,Active Decode Throughput Per User,tokens/sec/user,max,6.81
83,1780553808323170560,1780553809323170560,Active Decode Throughput Per User,tokens/sec/user,p50,4.07
83,1780553808323170560,1780553809323170560,Active Decode Throughput Per User,tokens/sec/user,p90,5.43
83,1780553808323170560,1780553809323170560,Active Decode Throughput Per User,tokens/sec/user,p95,5.43
83,1780553808323170560,1780553809323170560,Active Decode Throughput Per User,tokens/sec/user,p99,5.43
83,1780553808323170560,1780553809323170560,Active Decode Throughput Per User,tokens/sec/user,std,0.63
83,1780553808323170560,1780553809323170560,Active Prefill Throughput,tokens/sec,avg,4360.68
83,1780553808323170560,1780553809323170560,Active Prefill Throughput,tokens/sec,min,3715.11
83,1780553808323170560,1780553809323170560,Active Prefill Throughput,tokens/sec,max,4646.82
83,1780553808323170560,1780553809323170560,Active Prefill Throughput,tokens/sec,p50,4646.82
83,1780553808323170560,1780553809323170560,Active Prefill Throughput,tokens/sec,p90,4646.82
83,1780553808323170560,1780553809323170560,Active Prefill Throughput,tokens/sec,p95,4646.82
83,1780553808323170560,1780553809323170560,Active Prefill Throughput,tokens/sec,p99,4646.82
83,1780553808323170560,1780553809323170560,Active Prefill Throughput,tokens/sec,std,429.80
83,1780553808323170560,1780553809323170560,Active Prefill Throughput Per User,tokens/sec/user,avg,1643.72
83,1780553808323170560,1780553809323170560,Active Prefill Throughput Per User,tokens/sec/user,min,1548.94
83,1780553808323170560,1780553809323170560,Active Prefill Throughput Per User,tokens/sec/user,max,1857.55
83,1780553808323170560,1780553809323170560,Active Prefill Throughput Per User,tokens/sec/user,p50,1548.94
83,1780553808323170560,1780553809323170560,Active Prefill Throughput Per User,tokens/sec/user,p90,1857.55
83,1780553808323170560,1780553809323170560,Active Prefill Throughput Per User,tokens/sec/user,p95,1857.55
83,1780553808323170560,1780553809323170560,Active Prefill Throughput Per User,tokens/sec/user,p99,1857.55
83,1780553808323170560,1780553809323170560,Active Prefill Throughput Per User,tokens/sec/user,std,142.36
83,1780553808323170560,1780553809323170560,Active Total Throughput,tokens/sec,avg,4426.71
83,1780553808323170560,1780553809323170560,Active Total Throughput,tokens/sec,min,3781.14
83,1780553808323170560,1780553809323170560,Active Total Throughput,tokens/sec,max,4712.85
83,1780553808323170560,1780553809323170560,Active Total Throughput,tokens/sec,p50,4712.85
83,1780553808323170560,1780553809323170560,Active Total Throughput,tokens/sec,p90,4712.85
83,1780553808323170560,1780553809323170560,Active Total Throughput,tokens/sec,p95,4712.85
83,1780553808323170560,1780553809323170560,Active Total Throughput,tokens/sec,p99,4712.85
83,1780553808323170560,1780553809323170560,Active Total Throughput,tokens/sec,std,429.80
83,1780553808323170560,1780553809323170560,Benchmark Duration,sec,avg,75.28
83,1780553808323170560,1780553809323170560,E2E Output Token Throughput,tokens/sec/user,avg,2.54
83,1780553808323170560,1780553809323170560,E2E Output Token Throughput,tokens/sec/user,min,2.54
83,1780553808323170560,1780553809323170560,E2E Output Token Throughput,tokens/sec/user,max,2.54
83,1780553808323170560,1780553809323170560,E2E Output Token Throughput,tokens/sec/user,sum,2.54
83,1780553808323170560,1780553809323170560,E2E Output Token Throughput,tokens/sec/user,p1,2.54
83,1780553808323170560,1780553809323170560,E2E Output Token Throughput,tokens/sec/user,p5,2.54
83,1780553808323170560,1780553809323170560,E2E Output Token Throughput,tokens/sec/user,p10,2.54
83,1780553808323170560,1780553809323170560,E2E Output Token Throughput,tokens/sec/user,p25,2.54
83,1780553808323170560,1780553809323170560,E2E Output Token Throughput,tokens/sec/user,p50,2.54
83,1780553808323170560,1780553809323170560,E2E Output Token Throughput,tokens/sec/user,p75,2.54
83,1780553808323170560,1780553809323170560,E2E Output Token Throughput,tokens/sec/user,p90,2.54
83,1780553808323170560,1780553809323170560,E2E Output Token Throughput,tokens/sec/user,p95,2.54
83,1780553808323170560,1780553809323170560,E2E Output Token Throughput,tokens/sec/user,p99,2.54
83,1780553808323170560,1780553809323170560,E2E Output Token Throughput,tokens/sec/user,std,0.00
83,1780553808323170560,1780553809323170560,Effective Concurrency,requests,avg,13.69
83,1780553808323170560,1780553809323170560,Effective Concurrency,requests,min,13.00
83,1780553808323170560,1780553809323170560,Effective Concurrency,requests,max,14.00
83,1780553808323170560,1780553809323170560,Effective Concurrency,requests,p50,14.00
83,1780553808323170560,1780553809323170560,Effective Concurrency,requests,p90,14.00
83,1780553808323170560,1780553809323170560,Effective Concurrency,requests,p95,14.00
83,1780553808323170560,1780553809323170560,Effective Concurrency,requests,p99,14.00
83,1780553808323170560,1780553809323170560,Effective Concurrency,requests,std,0.46
83,1780553808323170560,1780553809323170560,Effective Decode Concurrency,requests,avg,11.00
83,1780553808323170560,1780553809323170560,Effective Decode Concurrency,requests,min,11.00
83,1780553808323170560,1780553809323170560,Effective Decode Concurrency,requests,max,11.00
83,1780553808323170560,1780553809323170560,Effective Decode Concurrency,requests,p50,11.00
83,1780553808323170560,1780553809323170560,Effective Decode Concurrency,requests,p90,11.00
83,1780553808323170560,1780553809323170560,Effective Decode Concurrency,requests,p95,11.00
83,1780553808323170560,1780553809323170560,Effective Decode Concurrency,requests,p99,11.00
83,1780553808323170560,1780553809323170560,Effective Decode Concurrency,requests,std,0.00
83,1780553808323170560,1780553809323170560,Effective Decode Throughput,tokens/sec,avg,49.57
83,1780553808323170560,1780553809323170560,Effective Decode Throughput,tokens/sec,min,29.62
83,1780553808323170560,1780553809323170560,Effective Decode Throughput,tokens/sec,max,74.95
83,1780553808323170560,1780553809323170560,Effective Decode Throughput,tokens/sec,p50,44.80
83,1780553808323170560,1780553809323170560,Effective Decode Throughput,tokens/sec,p90,59.77
83,1780553808323170560,1780553809323170560,Effective Decode Throughput,tokens/sec,p95,59.77
83,1780553808323170560,1780553809323170560,Effective Decode Throughput,tokens/sec,p99,59.77
83,1780553808323170560,1780553809323170560,Effective Decode Throughput,tokens/sec,std,6.97
83,1780553808323170560,1780553809323170560,Effective Decode Throughput Per User,tokens/sec/user,avg,4.51
83,1780553808323170560,1780553809323170560,Effective Decode Throughput Per User,tokens/sec/user,min,2.69
83,1780553808323170560,1780553809323170560,Effective Decode Throughput Per User,tokens/sec/user,max,6.81
83,1780553808323170560,1780553809323170560,Effective Decode Throughput Per User,tokens/sec/user,p50,4.07
83,1780553808323170560,1780553809323170560,Effective Decode Throughput Per User,tokens/sec/user,p90,5.43
83,1780553808323170560,1780553809323170560,Effective Decode Throughput Per User,tokens/sec/user,p95,5.43
83,1780553808323170560,1780553809323170560,Effective Decode Throughput Per User,tokens/sec/user,p99,5.43
83,1780553808323170560,1780553809323170560,Effective Decode Throughput Per User,tokens/sec/user,std,0.63
83,1780553808323170560,1780553809323170560,Effective Prefill Concurrency,requests,avg,2.69
83,1780553808323170560,1780553809323170560,Effective Prefill Concurrency,requests,min,2.00
83,1780553808323170560,1780553809323170560,Effective Prefill Concurrency,requests,max,3.00
83,1780553808323170560,1780553809323170560,Effective Prefill Concurrency,requests,p50,3.00
83,1780553808323170560,1780553809323170560,Effective Prefill Concurrency,requests,p90,3.00
83,1780553808323170560,1780553809323170560,Effective Prefill Concurrency,requests,p95,3.00
83,1780553808323170560,1780553809323170560,Effective Prefill Concurrency,requests,p99,3.00
83,1780553808323170560,1780553809323170560,Effective Prefill Concurrency,requests,std,0.46
83,1780553808323170560,1780553809323170560,Effective Prefill Throughput,tokens/sec,avg,4360.68
83,1780553808323170560,1780553809323170560,Effective Prefill Throughput,tokens/sec,min,3715.11
83,1780553808323170560,1780553809323170560,Effective Prefill Throughput,tokens/sec,max,4646.82
83,1780553808323170560,1780553809323170560,Effective Prefill Throughput,tokens/sec,p50,4646.82
83,1780553808323170560,1780553809323170560,Effective Prefill Throughput,tokens/sec,p90,4646.82
83,1780553808323170560,1780553809323170560,Effective Prefill Throughput,tokens/sec,p95,4646.82
83,1780553808323170560,1780553809323170560,Effective Prefill Throughput,tokens/sec,p99,4646.82
83,1780553808323170560,1780553809323170560,Effective Prefill Throughput,tokens/sec,std,429.80
83,1780553808323170560,1780553809323170560,Effective Prefill Throughput Per User,tokens/sec/user,avg,1643.72
83,1780553808323170560,1780553809323170560,Effective Prefill Throughput Per User,tokens/sec/user,min,1548.94
83,1780553808323170560,1780553809323170560,Effective Prefill Throughput Per User,tokens/sec/user,max,1857.55
83,1780553808323170560,1780553809323170560,Effective Prefill Throughput Per User,tokens/sec/user,p50,1548.94
83,1780553808323170560,1780553809323170560,Effective Prefill Throughput Per User,tokens/sec/user,p90,1857.55
83,1780553808323170560,1780553809323170560,Effective Prefill Throughput Per User,tokens/sec/user,p95,1857.55
83,1780553808323170560,1780553809323170560,Effective Prefill Throughput Per User,tokens/sec/user,p99,1857.55
83,1780553808323170560,1780553809323170560,Effective Prefill Throughput Per User,tokens/sec/user,std,142.36
83,1780553808323170560,1780553809323170560,Effective Total Throughput,tokens/sec,avg,4426.71
83,1780553808323170560,1780553809323170560,Effective Total Throughput,tokens/sec,min,3781.14
83,1780553808323170560,1780553809323170560,Effective Total Throughput,tokens/sec,max,4712.85
83,1780553808323170560,1780553809323170560,Effective Total Throughput,tokens/sec,p50,4712.85
83,1780553808323170560,1780553809323170560,Effective Total Throughput,tokens/sec,p90,4712.85
83,1780553808323170560,1780553809323170560,Effective Total Throughput,tokens/sec,p95,4712.85
83,1780553808323170560,1780553809323170560,Effective Total Throughput,tokens/sec,p99,4712.85
83,1780553808323170560,1780553809323170560,Effective Total Throughput,tokens/sec,std,429.80
83,1780553808323170560,1780553809323170560,HTTP Blocked,ms,avg,0.00
83,1780553808323170560,1780553809323170560,HTTP Blocked,ms,min,0.00
83,1780553808323170560,1780553809323170560,HTTP Blocked,ms,max,0.00
83,1780553808323170560,1780553809323170560,HTTP Blocked,ms,sum,0.00
83,1780553808323170560,1780553809323170560,HTTP Blocked,ms,p1,0.00
83,1780553808323170560,1780553809323170560,HTTP Blocked,ms,p5,0.00
83,1780553808323170560,1780553809323170560,HTTP Blocked,ms,p10,0.00
83,1780553808323170560,1780553809323170560,HTTP Blocked,ms,p25,0.00
83,1780553808323170560,1780553809323170560,HTTP Blocked,ms,p50,0.00
83,1780553808323170560,1780553809323170560,HTTP Blocked,ms,p75,0.00
83,1780553808323170560,1780553809323170560,HTTP Blocked,ms,p90,0.00
83,1780553808323170560,1780553809323170560,HTTP Blocked,ms,p95,0.00
83,1780553808323170560,1780553809323170560,HTTP Blocked,ms,p99,0.00
83,1780553808323170560,1780553809323170560,HTTP Blocked,ms,std,0.00
83,1780553808323170560,1780553809323170560,HTTP Chunks Received,count,avg,191.00
83,1780553808323170560,1780553809323170560,HTTP Chunks Received,count,min,191.00
83,1780553808323170560,1780553809323170560,HTTP Chunks Received,count,max,191.00
83,1780553808323170560,1780553809323170560,HTTP Chunks Received,count,sum,191.00
83,1780553808323170560,1780553809323170560,HTTP Chunks Received,count,p1,191.00
83,1780553808323170560,1780553809323170560,HTTP Chunks Received,count,p5,191.00
83,1780553808323170560,1780553809323170560,HTTP Chunks Received,count,p10,191.00
83,1780553808323170560,1780553809323170560,HTTP Chunks Received,count,p25,191.00
83,1780553808323170560,1780553809323170560,HTTP Chunks Received,count,p50,191.00
83,1780553808323170560,1780553809323170560,HTTP Chunks Received,count,p75,191.00
83,1780553808323170560,1780553809323170560,HTTP Chunks Received,count,p90,191.00
83,1780553808323170560,1780553809323170560,HTTP Chunks Received,count,p95,191.00
83,1780553808323170560,1780553809323170560,HTTP Chunks Received,count,p99,191.00
83,1780553808323170560,1780553809323170560,HTTP Chunks Received,count,std,0.00
83,1780553808323170560,1780553809323170560,HTTP Chunks Sent,count,avg,1.00
83,1780553808323170560,1780553809323170560,HTTP Chunks Sent,count,min,1.00
83,1780553808323170560,1780553809323170560,HTTP Chunks Sent,count,max,1.00
83,1780553808323170560,1780553809323170560,HTTP Chunks Sent,count,sum,1.00
83,1780553808323170560,1780553809323170560,HTTP Chunks Sent,count,p1,1.00
83,1780553808323170560,1780553809323170560,HTTP Chunks Sent,count,p5,1.00
83,1780553808323170560,1780553809323170560,HTTP Chunks Sent,count,p10,1.00
83,1780553808323170560,1780553809323170560,HTTP Chunks Sent,count,p25,1.00
83,1780553808323170560,1780553809323170560,HTTP Chunks Sent,count,p50,1.00
83,1780553808323170560,1780553809323170560,HTTP Chunks Sent,count,p75,1.00
83,1780553808323170560,1780553809323170560,HTTP Chunks Sent,count,p90,1.00
83,1780553808323170560,1780553809323170560,HTTP Chunks Sent,count,p95,1.00
83,1780553808323170560,1780553809323170560,HTTP Chunks Sent,count,p99,1.00
83,1780553808323170560,1780553809323170560,HTTP Chunks Sent,count,std,0.00
83,1780553808323170560,1780553809323170560,HTTP Connecting,ms,avg,0.00
83,1780553808323170560,1780553809323170560,HTTP Connecting,ms,min,0.00
83,1780553808323170560,1780553809323170560,HTTP Connecting,ms,max,0.00
83,1780553808323170560,1780553809323170560,HTTP Connecting,ms,sum,0.00
83,1780553808323170560,1780553809323170560,HTTP Connecting,ms,p1,0.00
83,1780553808323170560,1780553809323170560,HTTP Connecting,ms,p5,0.00
83,1780553808323170560,1780553809323170560,HTTP Connecting,ms,p10,0.00
83,1780553808323170560,1780553809323170560,HTTP Connecting,ms,p25,0.00
83,1780553808323170560,1780553809323170560,HTTP Connecting,ms,p50,0.00
83,1780553808323170560,1780553809323170560,HTTP Connecting,ms,p75,0.00
83,1780553808323170560,1780553809323170560,HTTP Connecting,ms,p90,0.00
83,1780553808323170560,1780553809323170560,HTTP Connecting,ms,p95,0.00
83,1780553808323170560,1780553809323170560,HTTP Connecting,ms,p99,0.00
83,1780553808323170560,1780553809323170560,HTTP Connecting,ms,std,0.00
83,1780553808323170560,1780553809323170560,HTTP Connection Overhead,ms,avg,0.00
83,1780553808323170560,1780553809323170560,HTTP Connection Overhead,ms,min,0.00
83,1780553808323170560,1780553809323170560,HTTP Connection Overhead,ms,max,0.00
83,1780553808323170560,1780553809323170560,HTTP Connection Overhead,ms,sum,0.00
83,1780553808323170560,1780553809323170560,HTTP Connection Overhead,ms,p1,0.00
83,1780553808323170560,1780553809323170560,HTTP Connection Overhead,ms,p5,0.00
83,1780553808323170560,1780553809323170560,HTTP Connection Overhead,ms,p10,0.00
83,1780553808323170560,1780553809323170560,HTTP Connection Overhead,ms,p25,0.00
83,1780553808323170560,1780553809323170560,HTTP Connection Overhead,ms,p50,0.00
83,1780553808323170560,1780553809323170560,HTTP Connection Overhead,ms,p75,0.00
83,1780553808323170560,1780553809323170560,HTTP Connection Overhead,ms,p90,0.00
83,1780553808323170560,1780553809323170560,HTTP Connection Overhead,ms,p95,0.00
83,1780553808323170560,1780553809323170560,HTTP Connection Overhead,ms,p99,0.00
83,1780553808323170560,1780553809323170560,HTTP Connection Overhead,ms,std,0.00
83,1780553808323170560,1780553809323170560,HTTP Connection Reused,ratio,avg,1.00
83,1780553808323170560,1780553809323170560,HTTP Connection Reused,ratio,min,1.00
83,1780553808323170560,1780553809323170560,HTTP Connection Reused,ratio,max,1.00
83,1780553808323170560,1780553809323170560,HTTP Connection Reused,ratio,sum,1.00
83,1780553808323170560,1780553809323170560,HTTP Connection Reused,ratio,p1,1.00
83,1780553808323170560,1780553809323170560,HTTP Connection Reused,ratio,p5,1.00
83,1780553808323170560,1780553809323170560,HTTP Connection Reused,ratio,p10,1.00
83,1780553808323170560,1780553809323170560,HTTP Connection Reused,ratio,p25,1.00
83,1780553808323170560,1780553809323170560,HTTP Connection Reused,ratio,p50,1.00
83,1780553808323170560,1780553809323170560,HTTP Connection Reused,ratio,p75,1.00
83,1780553808323170560,1780553809323170560,HTTP Connection Reused,ratio,p90,1.00
83,1780553808323170560,1780553809323170560,HTTP Connection Reused,ratio,p95,1.00
83,1780553808323170560,1780553809323170560,HTTP Connection Reused,ratio,p99,1.00
83,1780553808323170560,1780553809323170560,HTTP Connection Reused,ratio,std,0.00
83,1780553808323170560,1780553809323170560,HTTP Data Received,KB,avg,48.20
83,1780553808323170560,1780553809323170560,HTTP Data Received,KB,min,48.20
83,1780553808323170560,1780553809323170560,HTTP Data Received,KB,max,48.20
83,1780553808323170560,1780553809323170560,HTTP Data Received,KB,sum,48.20
83,1780553808323170560,1780553809323170560,HTTP Data Received,KB,p1,48.20
83,1780553808323170560,1780553809323170560,HTTP Data Received,KB,p5,48.20
83,1780553808323170560,1780553809323170560,HTTP Data Received,KB,p10,48.20
83,1780553808323170560,1780553809323170560,HTTP Data Received,KB,p25,48.20
83,1780553808323170560,1780553809323170560,HTTP Data Received,KB,p50,48.20
83,1780553808323170560,1780553809323170560,HTTP Data Received,KB,p75,48.20
83,1780553808323170560,1780553809323170560,HTTP Data Received,KB,p90,48.20
83,1780553808323170560,1780553809323170560,HTTP Data Received,KB,p95,48.20
83,1780553808323170560,1780553809323170560,HTTP Data Received,KB,p99,48.20
83,1780553808323170560,1780553809323170560,HTTP Data Received,KB,std,0.00
83,1780553808323170560,1780553809323170560,HTTP Data Sent,KB,avg,149.82
83,1780553808323170560,1780553809323170560,HTTP Data Sent,KB,min,149.82
83,1780553808323170560,1780553809323170560,HTTP Data Sent,KB,max,149.82
83,1780553808323170560,1780553809323170560,HTTP Data Sent,KB,sum,149.82
83,1780553808323170560,1780553809323170560,HTTP Data Sent,KB,p1,149.82
83,1780553808323170560,1780553809323170560,HTTP Data Sent,KB,p5,149.82
83,1780553808323170560,1780553809323170560,HTTP Data Sent,KB,p10,149.82
83,1780553808323170560,1780553809323170560,HTTP Data Sent,KB,p25,149.82
83,1780553808323170560,1780553809323170560,HTTP Data Sent,KB,p50,149.82
83,1780553808323170560,1780553809323170560,HTTP Data Sent,KB,p75,149.82
83,1780553808323170560,1780553809323170560,HTTP Data Sent,KB,p90,149.82
83,1780553808323170560,1780553809323170560,HTTP Data Sent,KB,p95,149.82
83,1780553808323170560,1780553809323170560,HTTP Data Sent,KB,p99,149.82
83,1780553808323170560,1780553809323170560,HTTP Data Sent,KB,std,0.00
83,1780553808323170560,1780553809323170560,HTTP DNS Lookup,ms,avg,0.00
83,1780553808323170560,1780553809323170560,HTTP DNS Lookup,ms,min,0.00
83,1780553808323170560,1780553809323170560,HTTP DNS Lookup,ms,max,0.00
83,1780553808323170560,1780553809323170560,HTTP DNS Lookup,ms,sum,0.00
83,1780553808323170560,1780553809323170560,HTTP DNS Lookup,ms,p1,0.00
83,1780553808323170560,1780553809323170560,HTTP DNS Lookup,ms,p5,0.00
83,1780553808323170560,1780553809323170560,HTTP DNS Lookup,ms,p10,0.00
83,1780553808323170560,1780553809323170560,HTTP DNS Lookup,ms,p25,0.00
83,1780553808323170560,1780553809323170560,HTTP DNS Lookup,ms,p50,0.00
83,1780553808323170560,1780553809323170560,HTTP DNS Lookup,ms,p75,0.00
83,1780553808323170560,1780553809323170560,HTTP DNS Lookup,ms,p90,0.00
83,1780553808323170560,1780553809323170560,HTTP DNS Lookup,ms,p95,0.00
83,1780553808323170560,1780553809323170560,HTTP DNS Lookup,ms,p99,0.00
83,1780553808323170560,1780553809323170560,HTTP DNS Lookup,ms,std,0.00
83,1780553808323170560,1780553809323170560,HTTP Duration (excl. conn),ms,avg,75276.01
83,1780553808323170560,1780553809323170560,HTTP Duration (excl. conn),ms,min,75276.01
83,1780553808323170560,1780553809323170560,HTTP Duration (excl. conn),ms,max,75276.01
83,1780553808323170560,1780553809323170560,HTTP Duration (excl. conn),ms,sum,75276.01
83,1780553808323170560,1780553809323170560,HTTP Duration (excl. conn),ms,p1,75276.01
83,1780553808323170560,1780553809323170560,HTTP Duration (excl. conn),ms,p5,75276.01
83,1780553808323170560,1780553809323170560,HTTP Duration (excl. conn),ms,p10,75276.01
83,1780553808323170560,1780553809323170560,HTTP Duration (excl. conn),ms,p25,75276.01
83,1780553808323170560,1780553809323170560,HTTP Duration (excl. conn),ms,p50,75276.01
83,1780553808323170560,1780553809323170560,HTTP Duration (excl. conn),ms,p75,75276.01
83,1780553808323170560,1780553809323170560,HTTP Duration (excl. conn),ms,p90,75276.01
83,1780553808323170560,1780553809323170560,HTTP Duration (excl. conn),ms,p95,75276.01
83,1780553808323170560,1780553809323170560,HTTP Duration (excl. conn),ms,p99,75276.01
83,1780553808323170560,1780553809323170560,HTTP Duration (excl. conn),ms,std,0.00
83,1780553808323170560,1780553809323170560,HTTP Receiving,ms,avg,33520.70
83,1780553808323170560,1780553809323170560,HTTP Receiving,ms,min,33520.70
83,1780553808323170560,1780553809323170560,HTTP Receiving,ms,max,33520.70
83,1780553808323170560,1780553809323170560,HTTP Receiving,ms,sum,33520.70
83,1780553808323170560,1780553809323170560,HTTP Receiving,ms,p1,33520.70
83,1780553808323170560,1780553809323170560,HTTP Receiving,ms,p5,33520.70
83,1780553808323170560,1780553809323170560,HTTP Receiving,ms,p10,33520.70
83,1780553808323170560,1780553809323170560,HTTP Receiving,ms,p25,33520.70
83,1780553808323170560,1780553809323170560,HTTP Receiving,ms,p50,33520.70
83,1780553808323170560,1780553809323170560,HTTP Receiving,ms,p75,33520.70
83,1780553808323170560,1780553809323170560,HTTP Receiving,ms,p90,33520.70
83,1780553808323170560,1780553809323170560,HTTP Receiving,ms,p95,33520.70
83,1780553808323170560,1780553809323170560,HTTP Receiving,ms,p99,33520.70
83,1780553808323170560,1780553809323170560,HTTP Receiving,ms,std,0.00
83,1780553808323170560,1780553809323170560,HTTP Sending,ms,avg,0.23
83,1780553808323170560,1780553809323170560,HTTP Sending,ms,min,0.23
83,1780553808323170560,1780553809323170560,HTTP Sending,ms,max,0.23
83,1780553808323170560,1780553809323170560,HTTP Sending,ms,sum,0.23
83,1780553808323170560,1780553809323170560,HTTP Sending,ms,p1,0.23
83,1780553808323170560,1780553809323170560,HTTP Sending,ms,p5,0.23
83,1780553808323170560,1780553809323170560,HTTP Sending,ms,p10,0.23
83,1780553808323170560,1780553809323170560,HTTP Sending,ms,p25,0.23
83,1780553808323170560,1780553809323170560,HTTP Sending,ms,p50,0.23
83,1780553808323170560,1780553809323170560,HTTP Sending,ms,p75,0.23
83,1780553808323170560,1780553809323170560,HTTP Sending,ms,p90,0.23
83,1780553808323170560,1780553809323170560,HTTP Sending,ms,p95,0.23
83,1780553808323170560,1780553809323170560,HTTP Sending,ms,p99,0.23
83,1780553808323170560,1780553809323170560,HTTP Sending,ms,std,0.00
83,1780553808323170560,1780553809323170560,HTTP Total Time,ms,avg,75276.01
83,1780553808323170560,1780553809323170560,HTTP Total Time,ms,min,75276.01
83,1780553808323170560,1780553809323170560,HTTP Total Time,ms,max,75276.01
83,1780553808323170560,1780553809323170560,HTTP Total Time,ms,sum,75276.01
83,1780553808323170560,1780553809323170560,HTTP Total Time,ms,p1,75276.01
83,1780553808323170560,1780553809323170560,HTTP Total Time,ms,p5,75276.01
83,1780553808323170560,1780553809323170560,HTTP Total Time,ms,p10,75276.01
83,1780553808323170560,1780553809323170560,HTTP Total Time,ms,p25,75276.01
83,1780553808323170560,1780553809323170560,HTTP Total Time,ms,p50,75276.01
83,1780553808323170560,1780553809323170560,HTTP Total Time,ms,p75,75276.01
83,1780553808323170560,1780553809323170560,HTTP Total Time,ms,p90,75276.01
83,1780553808323170560,1780553809323170560,HTTP Total Time,ms,p95,75276.01
83,1780553808323170560,1780553809323170560,HTTP Total Time,ms,p99,75276.01
83,1780553808323170560,1780553809323170560,HTTP Total Time,ms,std,0.00
83,1780553808323170560,1780553809323170560,HTTP Waiting (TTFB),ms,avg,41755.08
83,1780553808323170560,1780553809323170560,HTTP Waiting (TTFB),ms,min,41755.08
83,1780553808323170560,1780553809323170560,HTTP Waiting (TTFB),ms,max,41755.08
83,1780553808323170560,1780553809323170560,HTTP Waiting (TTFB),ms,sum,41755.08
83,1780553808323170560,1780553809323170560,HTTP Waiting (TTFB),ms,p1,41755.08
83,1780553808323170560,1780553809323170560,HTTP Waiting (TTFB),ms,p5,41755.08
83,1780553808323170560,1780553809323170560,HTTP Waiting (TTFB),ms,p10,41755.08
83,1780553808323170560,1780553809323170560,HTTP Waiting (TTFB),ms,p25,41755.08
83,1780553808323170560,1780553809323170560,HTTP Waiting (TTFB),ms,p50,41755.08
83,1780553808323170560,1780553809323170560,HTTP Waiting (TTFB),ms,p75,41755.08
83,1780553808323170560,1780553809323170560,HTTP Waiting (TTFB),ms,p90,41755.08
83,1780553808323170560,1780553809323170560,HTTP Waiting (TTFB),ms,p95,41755.08
83,1780553808323170560,1780553809323170560,HTTP Waiting (TTFB),ms,p99,41755.08
83,1780553808323170560,1780553809323170560,HTTP Waiting (TTFB),ms,std,0.00
83,1780553808323170560,1780553809323170560,Input Sequence Length,tokens,avg,38904.00
83,1780553808323170560,1780553809323170560,Input Sequence Length,tokens,min,38904.00
83,1780553808323170560,1780553809323170560,Input Sequence Length,tokens,max,38904.00
83,1780553808323170560,1780553809323170560,Input Sequence Length,tokens,sum,38904.00
83,1780553808323170560,1780553809323170560,Input Sequence Length,tokens,p1,38904.00
83,1780553808323170560,1780553809323170560,Input Sequence Length,tokens,p5,38904.00
83,1780553808323170560,1780553809323170560,Input Sequence Length,tokens,p10,38904.00
83,1780553808323170560,1780553809323170560,Input Sequence Length,tokens,p25,38904.00
83,1780553808323170560,1780553809323170560,Input Sequence Length,tokens,p50,38904.00
83,1780553808323170560,1780553809323170560,Input Sequence Length,tokens,p75,38904.00
83,1780553808323170560,1780553809323170560,Input Sequence Length,tokens,p90,38904.00
83,1780553808323170560,1780553809323170560,Input Sequence Length,tokens,p95,38904.00
83,1780553808323170560,1780553809323170560,Input Sequence Length,tokens,p99,38904.00
83,1780553808323170560,1780553809323170560,Input Sequence Length,tokens,std,0.00
83,1780553808323170560,1780553809323170560,Input Token Throughput,tokens/sec,avg,38904.00
83,1780553808323170560,1780553809323170560,Inter Chunk Latency,ms,avg,67.11
83,1780553808323170560,1780553809323170560,Inter Chunk Latency,ms,min,67.11
83,1780553808323170560,1780553809323170560,Inter Chunk Latency,ms,max,67.11
83,1780553808323170560,1780553809323170560,Inter Chunk Latency,ms,sum,12751.18
83,1780553808323170560,1780553809323170560,Inter Chunk Latency,ms,p1,67.11
83,1780553808323170560,1780553809323170560,Inter Chunk Latency,ms,p5,67.11
83,1780553808323170560,1780553809323170560,Inter Chunk Latency,ms,p10,67.11
83,1780553808323170560,1780553809323170560,Inter Chunk Latency,ms,p25,67.11
83,1780553808323170560,1780553809323170560,Inter Chunk Latency,ms,p50,67.11
83,1780553808323170560,1780553809323170560,Inter Chunk Latency,ms,p75,67.11
83,1780553808323170560,1780553809323170560,Inter Chunk Latency,ms,p90,67.11
83,1780553808323170560,1780553809323170560,Inter Chunk Latency,ms,p95,67.11
83,1780553808323170560,1780553809323170560,Inter Chunk Latency,ms,p99,67.11
83,1780553808323170560,1780553809323170560,Inter Chunk Latency,ms,std,0.00
83,1780553808323170560,1780553809323170560,Inter Token Latency,ms,avg,176.42
83,1780553808323170560,1780553809323170560,Inter Token Latency,ms,min,176.42
83,1780553808323170560,1780553809323170560,Inter Token Latency,ms,max,176.42
83,1780553808323170560,1780553809323170560,Inter Token Latency,ms,sum,176.42
83,1780553808323170560,1780553809323170560,Inter Token Latency,ms,p1,176.42
83,1780553808323170560,1780553809323170560,Inter Token Latency,ms,p5,176.42
83,1780553808323170560,1780553809323170560,Inter Token Latency,ms,p10,176.42
83,1780553808323170560,1780553809323170560,Inter Token Latency,ms,p25,176.42
83,1780553808323170560,1780553809323170560,Inter Token Latency,ms,p50,176.42
83,1780553808323170560,1780553809323170560,Inter Token Latency,ms,p75,176.42
83,1780553808323170560,1780553809323170560,Inter Token Latency,ms,p90,176.42
83,1780553808323170560,1780553809323170560,Inter Token Latency,ms,p95,176.42
83,1780553808323170560,1780553809323170560,Inter Token Latency,ms,p99,176.42
83,1780553808323170560,1780553809323170560,Inter Token Latency,ms,std,0.00
83,1780553808323170560,1780553809323170560,Maximum Response Timestamp,ns,avg,1780553883906385152.00
83,1780553808323170560,1780553809323170560,Minimum Request Timestamp,ns,avg,1780553808630284288.00
83,1780553808323170560,1780553809323170560,OSL Mismatch Count,requests,avg,0.00
83,1780553808323170560,1780553809323170560,OSL Mismatch Diff %,%,avg,0.00
83,1780553808323170560,1780553809323170560,OSL Mismatch Diff %,%,min,0.00
83,1780553808323170560,1780553809323170560,OSL Mismatch Diff %,%,max,0.00
83,1780553808323170560,1780553809323170560,OSL Mismatch Diff %,%,sum,0.00
83,1780553808323170560,1780553809323170560,OSL Mismatch Diff %,%,p1,0.00
83,1780553808323170560,1780553809323170560,OSL Mismatch Diff %,%,p5,0.00
83,1780553808323170560,1780553809323170560,OSL Mismatch Diff %,%,p10,0.00
83,1780553808323170560,1780553809323170560,OSL Mismatch Diff %,%,p25,0.00
83,1780553808323170560,1780553809323170560,OSL Mismatch Diff %,%,p50,0.00
83,1780553808323170560,1780553809323170560,OSL Mismatch Diff %,%,p75,0.00
83,1780553808323170560,1780553809323170560,OSL Mismatch Diff %,%,p90,0.00
83,1780553808323170560,1780553809323170560,OSL Mismatch Diff %,%,p95,0.00
83,1780553808323170560,1780553809323170560,OSL Mismatch Diff %,%,p99,0.00
83,1780553808323170560,1780553809323170560,OSL Mismatch Diff %,%,std,0.00
83,1780553808323170560,1780553809323170560,Output Sequence Length,tokens,avg,191.00
83,1780553808323170560,1780553809323170560,Output Sequence Length,tokens,min,191.00
83,1780553808323170560,1780553809323170560,Output Sequence Length,tokens,max,191.00
83,1780553808323170560,1780553809323170560,Output Sequence Length,tokens,sum,191.00
83,1780553808323170560,1780553809323170560,Output Sequence Length,tokens,p1,191.00
83,1780553808323170560,1780553809323170560,Output Sequence Length,tokens,p5,191.00
83,1780553808323170560,1780553809323170560,Output Sequence Length,tokens,p10,191.00
83,1780553808323170560,1780553809323170560,Output Sequence Length,tokens,p25,191.00
83,1780553808323170560,1780553809323170560,Output Sequence Length,tokens,p50,191.00
83,1780553808323170560,1780553809323170560,Output Sequence Length,tokens,p75,191.00
83,1780553808323170560,1780553809323170560,Output Sequence Length,tokens,p90,191.00
83,1780553808323170560,1780553809323170560,Output Sequence Length,tokens,p95,191.00
83,1780553808323170560,1780553809323170560,Output Sequence Length,tokens,p99,191.00
83,1780553808323170560,1780553809323170560,Output Sequence Length,tokens,std,0.00
83,1780553808323170560,1780553809323170560,Output Token Count,tokens,avg,191.00
83,1780553808323170560,1780553809323170560,Output Token Count,tokens,min,191.00
83,1780553808323170560,1780553809323170560,Output Token Count,tokens,max,191.00
83,1780553808323170560,1780553809323170560,Output Token Count,tokens,sum,191.00
83,1780553808323170560,1780553809323170560,Output Token Count,tokens,p1,191.00
83,1780553808323170560,1780553809323170560,Output Token Count,tokens,p5,191.00
83,1780553808323170560,1780553809323170560,Output Token Count,tokens,p10,191.00
83,1780553808323170560,1780553809323170560,Output Token Count,tokens,p25,191.00
83,1780553808323170560,1780553809323170560,Output Token Count,tokens,p50,191.00
83,1780553808323170560,1780553809323170560,Output Token Count,tokens,p75,191.00
83,1780553808323170560,1780553809323170560,Output Token Count,tokens,p90,191.00
83,1780553808323170560,1780553809323170560,Output Token Count,tokens,p95,191.00
83,1780553808323170560,1780553809323170560,Output Token Count,tokens,p99,191.00
83,1780553808323170560,1780553809323170560,Output Token Count,tokens,std,0.00
83,1780553808323170560,1780553809323170560,Output Token Throughput,tokens/sec,avg,191.00
83,1780553808323170560,1780553809323170560,Output Token Throughput Per User,tokens/sec/user,avg,5.67
83,1780553808323170560,1780553809323170560,Output Token Throughput Per User,tokens/sec/user,min,5.67
83,1780553808323170560,1780553809323170560,Output Token Throughput Per User,tokens/sec/user,max,5.67
83,1780553808323170560,1780553809323170560,Output Token Throughput Per User,tokens/sec/user,sum,5.67
83,1780553808323170560,1780553809323170560,Output Token Throughput Per User,tokens/sec/user,p1,5.67
83,1780553808323170560,1780553809323170560,Output Token Throughput Per User,tokens/sec/user,p5,5.67
83,1780553808323170560,1780553809323170560,Output Token Throughput Per User,tokens/sec/user,p10,5.67
83,1780553808323170560,1780553809323170560,Output Token Throughput Per User,tokens/sec/user,p25,5.67
83,1780553808323170560,1780553809323170560,Output Token Throughput Per User,tokens/sec/user,p50,5.67
83,1780553808323170560,1780553809323170560,Output Token Throughput Per User,tokens/sec/user,p75,5.67
83,1780553808323170560,1780553809323170560,Output Token Throughput Per User,tokens/sec/user,p90,5.67
83,1780553808323170560,1780553809323170560,Output Token Throughput Per User,tokens/sec/user,p95,5.67
83,1780553808323170560,1780553809323170560,Output Token Throughput Per User,tokens/sec/user,p99,5.67
83,1780553808323170560,1780553809323170560,Output Token Throughput Per User,tokens/sec/user,std,0.00
83,1780553808323170560,1780553809323170560,Prefill Throughput Per User,tokens/sec/user,avg,931.71
83,1780553808323170560,1780553809323170560,Prefill Throughput Per User,tokens/sec/user,min,931.71
83,1780553808323170560,1780553809323170560,Prefill Throughput Per User,tokens/sec/user,max,931.71
83,1780553808323170560,1780553809323170560,Prefill Throughput Per User,tokens/sec/user,sum,931.71
83,1780553808323170560,1780553809323170560,Prefill Throughput Per User,tokens/sec/user,p1,931.71
83,1780553808323170560,1780553809323170560,Prefill Throughput Per User,tokens/sec/user,p5,931.71
83,1780553808323170560,1780553809323170560,Prefill Throughput Per User,tokens/sec/user,p10,931.71
83,1780553808323170560,1780553809323170560,Prefill Throughput Per User,tokens/sec/user,p25,931.71
83,1780553808323170560,1780553809323170560,Prefill Throughput Per User,tokens/sec/user,p50,931.71
83,1780553808323170560,1780553809323170560,Prefill Throughput Per User,tokens/sec/user,p75,931.71
83,1780553808323170560,1780553809323170560,Prefill Throughput Per User,tokens/sec/user,p90,931.71
83,1780553808323170560,1780553809323170560,Prefill Throughput Per User,tokens/sec/user,p95,931.71
83,1780553808323170560,1780553809323170560,Prefill Throughput Per User,tokens/sec/user,p99,931.71
83,1780553808323170560,1780553809323170560,Prefill Throughput Per User,tokens/sec/user,std,0.00
83,1780553808323170560,1780553809323170560,Request Count,requests,avg,1.00
83,1780553808323170560,1780553809323170560,Request Latency,ms,avg,75276.10
83,1780553808323170560,1780553809323170560,Request Latency,ms,min,75276.10
83,1780553808323170560,1780553809323170560,Request Latency,ms,max,75276.10
83,1780553808323170560,1780553809323170560,Request Latency,ms,sum,75276.10
83,1780553808323170560,1780553809323170560,Request Latency,ms,p1,75276.10
83,1780553808323170560,1780553809323170560,Request Latency,ms,p5,75276.10
83,1780553808323170560,1780553809323170560,Request Latency,ms,p10,75276.10
83,1780553808323170560,1780553809323170560,Request Latency,ms,p25,75276.10
83,1780553808323170560,1780553809323170560,Request Latency,ms,p50,75276.10
83,1780553808323170560,1780553809323170560,Request Latency,ms,p75,75276.10
83,1780553808323170560,1780553809323170560,Request Latency,ms,p90,75276.10
83,1780553808323170560,1780553809323170560,Request Latency,ms,p95,75276.10
83,1780553808323170560,1780553809323170560,Request Latency,ms,p99,75276.10
83,1780553808323170560,1780553809323170560,Request Latency,ms,std,0.00
83,1780553808323170560,1780553809323170560,Request Throughput,requests/sec,avg,1.00
83,1780553808323170560,1780553809323170560,Requested OSL,tokens,avg,191.00
83,1780553808323170560,1780553809323170560,Requested OSL,tokens,min,191.00
83,1780553808323170560,1780553809323170560,Requested OSL,tokens,max,191.00
83,1780553808323170560,1780553809323170560,Requested OSL,tokens,sum,191.00
83,1780553808323170560,1780553809323170560,Requested OSL,tokens,p1,191.00
83,1780553808323170560,1780553809323170560,Requested OSL,tokens,p5,191.00
83,1780553808323170560,1780553809323170560,Requested OSL,tokens,p10,191.00
83,1780553808323170560,1780553809323170560,Requested OSL,tokens,p25,191.00
83,1780553808323170560,1780553809323170560,Requested OSL,tokens,p50,191.00
83,1780553808323170560,1780553809323170560,Requested OSL,tokens,p75,191.00
83,1780553808323170560,1780553809323170560,Requested OSL,tokens,p90,191.00
83,1780553808323170560,1780553809323170560,Requested OSL,tokens,p95,191.00
83,1780553808323170560,1780553809323170560,Requested OSL,tokens,p99,191.00
83,1780553808323170560,1780553809323170560,Requested OSL,tokens,std,0.00
83,1780553808323170560,1780553809323170560,Time to First Output Token,ms,avg,41755.42
83,1780553808323170560,1780553809323170560,Time to First Output Token,ms,min,41755.42
83,1780553808323170560,1780553809323170560,Time to First Output Token,ms,max,41755.42
83,1780553808323170560,1780553809323170560,Time to First Output Token,ms,sum,41755.42
83,1780553808323170560,1780553809323170560,Time to First Output Token,ms,p1,41755.42
83,1780553808323170560,1780553809323170560,Time to First Output Token,ms,p5,41755.42
83,1780553808323170560,1780553809323170560,Time to First Output Token,ms,p10,41755.42
83,1780553808323170560,1780553809323170560,Time to First Output Token,ms,p25,41755.42
83,1780553808323170560,1780553809323170560,Time to First Output Token,ms,p50,41755.42
83,1780553808323170560,1780553809323170560,Time to First Output Token,ms,p75,41755.42
83,1780553808323170560,1780553809323170560,Time to First Output Token,ms,p90,41755.42
83,1780553808323170560,1780553809323170560,Time to First Output Token,ms,p95,41755.42
83,1780553808323170560,1780553809323170560,Time to First Output Token,ms,p99,41755.42
83,1780553808323170560,1780553809323170560,Time to First Output Token,ms,std,0.00
83,1780553808323170560,1780553809323170560,Time to First Token,ms,avg,41755.42
83,1780553808323170560,1780553809323170560,Time to First Token,ms,min,41755.42
83,1780553808323170560,1780553809323170560,Time to First Token,ms,max,41755.42
83,1780553808323170560,1780553809323170560,Time to First Token,ms,sum,41755.42
83,1780553808323170560,1780553809323170560,Time to First Token,ms,p1,41755.42
83,1780553808323170560,1780553809323170560,Time to First Token,ms,p5,41755.42
83,1780553808323170560,1780553809323170560,Time to First Token,ms,p10,41755.42
83,1780553808323170560,1780553809323170560,Time to First Token,ms,p25,41755.42
83,1780553808323170560,1780553809323170560,Time to First Token,ms,p50,41755.42
83,1780553808323170560,1780553809323170560,Time to First Token,ms,p75,41755.42
83,1780553808323170560,1780553809323170560,Time to First Token,ms,p90,41755.42
83,1780553808323170560,1780553809323170560,Time to First Token,ms,p95,41755.42
83,1780553808323170560,1780553809323170560,Time to First Token,ms,p99,41755.42
83,1780553808323170560,1780553809323170560,Time to First Token,ms,std,0.00
83,1780553808323170560,1780553809323170560,Time to Second Token,ms,avg,31.29
83,1780553808323170560,1780553809323170560,Time to Second Token,ms,min,31.29
83,1780553808323170560,1780553809323170560,Time to Second Token,ms,max,31.29
83,1780553808323170560,1780553809323170560,Time to Second Token,ms,sum,31.29
83,1780553808323170560,1780553809323170560,Time to Second Token,ms,p1,31.29
83,1780553808323170560,1780553809323170560,Time to Second Token,ms,p5,31.29
83,1780553808323170560,1780553809323170560,Time to Second Token,ms,p10,31.29
83,1780553808323170560,1780553809323170560,Time to Second Token,ms,p25,31.29
83,1780553808323170560,1780553809323170560,Time to Second Token,ms,p50,31.29
83,1780553808323170560,1780553809323170560,Time to Second Token,ms,p75,31.29
83,1780553808323170560,1780553809323170560,Time to Second Token,ms,p90,31.29
83,1780553808323170560,1780553809323170560,Time to Second Token,ms,p95,31.29
83,1780553808323170560,1780553809323170560,Time to Second Token,ms,p99,31.29
83,1780553808323170560,1780553809323170560,Time to Second Token,ms,std,0.00
83,1780553808323170560,1780553809323170560,Tokens In Flight,tokens,avg,1416375.99
83,1780553808323170560,1780553809323170560,Tokens In Flight,tokens,min,1389393.49
83,1780553808323170560,1780553809323170560,Tokens In Flight,tokens,max,1428348.04
83,1780553808323170560,1780553809323170560,Tokens In Flight,tokens,p50,1428324.76
83,1780553808323170560,1780553809323170560,Tokens In Flight,tokens,p90,1428342.97
83,1780553808323170560,1780553809323170560,Tokens In Flight,tokens,p95,1428345.01
83,1780553808323170560,1780553809323170560,Tokens In Flight,tokens,p99,1428347.01
83,1780553808323170560,1780553809323170560,Tokens In Flight,tokens,std,17958.00
83,1780553808323170560,1780553809323170560,Total Input Sequence Length,tokens,avg,38904.00
83,1780553808323170560,1780553809323170560,Total Output Sequence Length,tokens,avg,191.00
83,1780553808323170560,1780553809323170560,Total Output Tokens,tokens,avg,191.00
83,1780553808323170560,1780553809323170560,Total Token Throughput,tokens/sec,avg,39095.00
83,1780553808323170560,1780553809323170560,Total Usage Completion Tokens,tokens,avg,191.00
83,1780553808323170560,1780553809323170560,Total Usage Prompt Tokens,tokens,avg,38904.00
83,1780553808323170560,1780553809323170560,Total Usage Total Tokens,tokens,avg,39095.00
83,1780553808323170560,1780553809323170560,Usage Completion Tokens,tokens,avg,191.00
83,1780553808323170560,1780553809323170560,Usage Completion Tokens,tokens,min,191.00
83,1780553808323170560,1780553809323170560,Usage Completion Tokens,tokens,max,191.00
83,1780553808323170560,1780553809323170560,Usage Completion Tokens,tokens,sum,191.00
83,1780553808323170560,1780553809323170560,Usage Completion Tokens,tokens,p1,191.00
83,1780553808323170560,1780553809323170560,Usage Completion Tokens,tokens,p5,191.00
83,1780553808323170560,1780553809323170560,Usage Completion Tokens,tokens,p10,191.00
83,1780553808323170560,1780553809323170560,Usage Completion Tokens,tokens,p25,191.00
83,1780553808323170560,1780553809323170560,Usage Completion Tokens,tokens,p50,191.00
83,1780553808323170560,1780553809323170560,Usage Completion Tokens,tokens,p75,191.00
83,1780553808323170560,1780553809323170560,Usage Completion Tokens,tokens,p90,191.00
83,1780553808323170560,1780553809323170560,Usage Completion Tokens,tokens,p95,191.00
83,1780553808323170560,1780553809323170560,Usage Completion Tokens,tokens,p99,191.00
83,1780553808323170560,1780553809323170560,Usage Completion Tokens,tokens,std,0.00
83,1780553808323170560,1780553809323170560,Usage Prompt Tokens,tokens,avg,38904.00
83,1780553808323170560,1780553809323170560,Usage Prompt Tokens,tokens,min,38904.00
83,1780553808323170560,1780553809323170560,Usage Prompt Tokens,tokens,max,38904.00
83,1780553808323170560,1780553809323170560,Usage Prompt Tokens,tokens,sum,38904.00
83,1780553808323170560,1780553809323170560,Usage Prompt Tokens,tokens,p1,38904.00
83,1780553808323170560,1780553809323170560,Usage Prompt Tokens,tokens,p5,38904.00
83,1780553808323170560,1780553809323170560,Usage Prompt Tokens,tokens,p10,38904.00
83,1780553808323170560,1780553809323170560,Usage Prompt Tokens,tokens,p25,38904.00
83,1780553808323170560,1780553809323170560,Usage Prompt Tokens,tokens,p50,38904.00
83,1780553808323170560,1780553809323170560,Usage Prompt Tokens,tokens,p75,38904.00
83,1780553808323170560,1780553809323170560,Usage Prompt Tokens,tokens,p90,38904.00
83,1780553808323170560,1780553809323170560,Usage Prompt Tokens,tokens,p95,38904.00
83,1780553808323170560,1780553809323170560,Usage Prompt Tokens,tokens,p99,38904.00
83,1780553808323170560,1780553809323170560,Usage Prompt Tokens,tokens,std,0.00
83,1780553808323170560,1780553809323170560,Usage Total Tokens,tokens,avg,39095.00
83,1780553808323170560,1780553809323170560,Usage Total Tokens,tokens,min,39095.00
83,1780553808323170560,1780553809323170560,Usage Total Tokens,tokens,max,39095.00
83,1780553808323170560,1780553809323170560,Usage Total Tokens,tokens,sum,39095.00
83,1780553808323170560,1780553809323170560,Usage Total Tokens,tokens,p1,39095.00
83,1780553808323170560,1780553809323170560,Usage Total Tokens,tokens,p5,39095.00
83,1780553808323170560,1780553809323170560,Usage Total Tokens,tokens,p10,39095.00
83,1780553808323170560,1780553809323170560,Usage Total Tokens,tokens,p25,39095.00
83,1780553808323170560,1780553809323170560,Usage Total Tokens,tokens,p50,39095.00
83,1780553808323170560,1780553809323170560,Usage Total Tokens,tokens,p75,39095.00
83,1780553808323170560,1780553809323170560,Usage Total Tokens,tokens,p90,39095.00
83,1780553808323170560,1780553809323170560,Usage Total Tokens,tokens,p95,39095.00
83,1780553808323170560,1780553809323170560,Usage Total Tokens,tokens,p99,39095.00
83,1780553808323170560,1780553809323170560,Usage Total Tokens,tokens,std,0.00
84,1780553816323170560,1780553817323170560,Active Decode Throughput,tokens/sec,avg,63.45
84,1780553816323170560,1780553817323170560,Active Decode Throughput,tokens/sec,min,44.80
84,1780553816323170560,1780553817323170560,Active Decode Throughput,tokens/sec,max,82.10
84,1780553816323170560,1780553817323170560,Active Decode Throughput,tokens/sec,p50,63.45
84,1780553816323170560,1780553817323170560,Active Decode Throughput,tokens/sec,p90,63.45
84,1780553816323170560,1780553817323170560,Active Decode Throughput,tokens/sec,p95,63.45
84,1780553816323170560,1780553817323170560,Active Decode Throughput,tokens/sec,p99,63.45
84,1780553816323170560,1780553817323170560,Active Decode Throughput,tokens/sec,std,0.03
84,1780553816323170560,1780553817323170560,Active Decode Throughput Per User,tokens/sec/user,avg,5.29
84,1780553816323170560,1780553817323170560,Active Decode Throughput Per User,tokens/sec/user,min,3.73
84,1780553816323170560,1780553817323170560,Active Decode Throughput Per User,tokens/sec/user,max,6.84
84,1780553816323170560,1780553817323170560,Active Decode Throughput Per User,tokens/sec/user,p50,5.29
84,1780553816323170560,1780553817323170560,Active Decode Throughput Per User,tokens/sec/user,p90,5.29
84,1780553816323170560,1780553817323170560,Active Decode Throughput Per User,tokens/sec/user,p95,5.29
84,1780553816323170560,1780553817323170560,Active Decode Throughput Per User,tokens/sec/user,p99,5.29
84,1780553816323170560,1780553817323170560,Active Decode Throughput Per User,tokens/sec/user,std,0.00
84,1780553816323170560,1780553817323170560,Active Prefill Throughput,tokens/sec,avg,2688.31
84,1780553816323170560,1780553817323170560,Active Prefill Throughput,tokens/sec,min,2621.07
84,1780553816323170560,1780553817323170560,Active Prefill Throughput,tokens/sec,max,2690.26
84,1780553816323170560,1780553817323170560,Active Prefill Throughput,tokens/sec,p50,2690.26
84,1780553816323170560,1780553817323170560,Active Prefill Throughput,tokens/sec,p90,2690.26
84,1780553816323170560,1780553817323170560,Active Prefill Throughput,tokens/sec,p95,2690.26
84,1780553816323170560,1780553817323170560,Active Prefill Throughput,tokens/sec,p99,2690.26
84,1780553816323170560,1780553817323170560,Active Prefill Throughput,tokens/sec,std,11.45
84,1780553816323170560,1780553817323170560,Active Prefill Throughput Per User,tokens/sec/user,avg,908.40
84,1780553816323170560,1780553817323170560,Active Prefill Throughput Per User,tokens/sec/user,min,896.75
84,1780553816323170560,1780553817323170560,Active Prefill Throughput Per User,tokens/sec/user,max,1310.53
84,1780553816323170560,1780553817323170560,Active Prefill Throughput Per User,tokens/sec/user,p50,896.75
84,1780553816323170560,1780553817323170560,Active Prefill Throughput Per User,tokens/sec/user,p90,896.75
84,1780553816323170560,1780553817323170560,Active Prefill Throughput Per User,tokens/sec/user,p95,896.75
84,1780553816323170560,1780553817323170560,Active Prefill Throughput Per User,tokens/sec/user,p99,1310.53
84,1780553816323170560,1780553817323170560,Active Prefill Throughput Per User,tokens/sec/user,std,68.44
84,1780553816323170560,1780553817323170560,Active Total Throughput,tokens/sec,avg,2761.51
84,1780553816323170560,1780553817323170560,Active Total Throughput,tokens/sec,min,2694.26
84,1780553816323170560,1780553817323170560,Active Total Throughput,tokens/sec,max,2763.46
84,1780553816323170560,1780553817323170560,Active Total Throughput,tokens/sec,p50,2763.46
84,1780553816323170560,1780553817323170560,Active Total Throughput,tokens/sec,p90,2763.46
84,1780553816323170560,1780553817323170560,Active Total Throughput,tokens/sec,p95,2763.46
84,1780553816323170560,1780553817323170560,Active Total Throughput,tokens/sec,p99,2763.46
84,1780553816323170560,1780553817323170560,Active Total Throughput,tokens/sec,std,11.45
84,1780553816323170560,1780553817323170560,Benchmark Duration,sec,avg,34.82
84,1780553816323170560,1780553817323170560,Credit Drop Latency,ms,avg,22.54
84,1780553816323170560,1780553817323170560,Credit Drop Latency,ms,min,22.54
84,1780553816323170560,1780553817323170560,Credit Drop Latency,ms,max,22.54
84,1780553816323170560,1780553817323170560,Credit Drop Latency,ms,sum,22.54
84,1780553816323170560,1780553817323170560,Credit Drop Latency,ms,p1,22.54
84,1780553816323170560,1780553817323170560,Credit Drop Latency,ms,p5,22.54
84,1780553816323170560,1780553817323170560,Credit Drop Latency,ms,p10,22.54
84,1780553816323170560,1780553817323170560,Credit Drop Latency,ms,p25,22.54
84,1780553816323170560,1780553817323170560,Credit Drop Latency,ms,p50,22.54
84,1780553816323170560,1780553817323170560,Credit Drop Latency,ms,p75,22.54
84,1780553816323170560,1780553817323170560,Credit Drop Latency,ms,p90,22.54
84,1780553816323170560,1780553817323170560,Credit Drop Latency,ms,p95,22.54
84,1780553816323170560,1780553817323170560,Credit Drop Latency,ms,p99,22.54
84,1780553816323170560,1780553817323170560,Credit Drop Latency,ms,std,0.00
84,1780553816323170560,1780553817323170560,E2E Output Token Throughput,tokens/sec/user,avg,0.37
84,1780553816323170560,1780553817323170560,E2E Output Token Throughput,tokens/sec/user,min,0.37
84,1780553816323170560,1780553817323170560,E2E Output Token Throughput,tokens/sec/user,max,0.37
84,1780553816323170560,1780553817323170560,E2E Output Token Throughput,tokens/sec/user,sum,0.37
84,1780553816323170560,1780553817323170560,E2E Output Token Throughput,tokens/sec/user,p1,0.37
84,1780553816323170560,1780553817323170560,E2E Output Token Throughput,tokens/sec/user,p5,0.37
84,1780553816323170560,1780553817323170560,E2E Output Token Throughput,tokens/sec/user,p10,0.37
84,1780553816323170560,1780553817323170560,E2E Output Token Throughput,tokens/sec/user,p25,0.37
84,1780553816323170560,1780553817323170560,E2E Output Token Throughput,tokens/sec/user,p50,0.37
84,1780553816323170560,1780553817323170560,E2E Output Token Throughput,tokens/sec/user,p75,0.37
84,1780553816323170560,1780553817323170560,E2E Output Token Throughput,tokens/sec/user,p90,0.37
84,1780553816323170560,1780553817323170560,E2E Output Token Throughput,tokens/sec/user,p95,0.37
84,1780553816323170560,1780553817323170560,E2E Output Token Throughput,tokens/sec/user,p99,0.37
84,1780553816323170560,1780553817323170560,E2E Output Token Throughput,tokens/sec/user,std,0.00
84,1780553816323170560,1780553817323170560,Effective Concurrency,requests,avg,14.97
84,1780553816323170560,1780553817323170560,Effective Concurrency,requests,min,14.00
84,1780553816323170560,1780553817323170560,Effective Concurrency,requests,max,15.00
84,1780553816323170560,1780553817323170560,Effective Concurrency,requests,p50,15.00
84,1780553816323170560,1780553817323170560,Effective Concurrency,requests,p90,15.00
84,1780553816323170560,1780553817323170560,Effective Concurrency,requests,p95,15.00
84,1780553816323170560,1780553817323170560,Effective Concurrency,requests,p99,15.00
84,1780553816323170560,1780553817323170560,Effective Concurrency,requests,std,0.17
84,1780553816323170560,1780553817323170560,Effective Decode Concurrency,requests,avg,12.00
84,1780553816323170560,1780553817323170560,Effective Decode Concurrency,requests,min,12.00
84,1780553816323170560,1780553817323170560,Effective Decode Concurrency,requests,max,12.00
84,1780553816323170560,1780553817323170560,Effective Decode Concurrency,requests,p50,12.00
84,1780553816323170560,1780553817323170560,Effective Decode Concurrency,requests,p90,12.00
84,1780553816323170560,1780553817323170560,Effective Decode Concurrency,requests,p95,12.00
84,1780553816323170560,1780553817323170560,Effective Decode Concurrency,requests,p99,12.00
84,1780553816323170560,1780553817323170560,Effective Decode Concurrency,requests,std,0.00
84,1780553816323170560,1780553817323170560,Effective Decode Throughput,tokens/sec,avg,63.45
84,1780553816323170560,1780553817323170560,Effective Decode Throughput,tokens/sec,min,44.80
84,1780553816323170560,1780553817323170560,Effective Decode Throughput,tokens/sec,max,82.10
84,1780553816323170560,1780553817323170560,Effective Decode Throughput,tokens/sec,p50,63.45
84,1780553816323170560,1780553817323170560,Effective Decode Throughput,tokens/sec,p90,63.45
84,1780553816323170560,1780553817323170560,Effective Decode Throughput,tokens/sec,p95,63.45
84,1780553816323170560,1780553817323170560,Effective Decode Throughput,tokens/sec,p99,63.45
84,1780553816323170560,1780553817323170560,Effective Decode Throughput,tokens/sec,std,0.03
84,1780553816323170560,1780553817323170560,Effective Decode Throughput Per User,tokens/sec/user,avg,5.29
84,1780553816323170560,1780553817323170560,Effective Decode Throughput Per User,tokens/sec/user,min,3.73
84,1780553816323170560,1780553817323170560,Effective Decode Throughput Per User,tokens/sec/user,max,6.84
84,1780553816323170560,1780553817323170560,Effective Decode Throughput Per User,tokens/sec/user,p50,5.29
84,1780553816323170560,1780553817323170560,Effective Decode Throughput Per User,tokens/sec/user,p90,5.29
84,1780553816323170560,1780553817323170560,Effective Decode Throughput Per User,tokens/sec/user,p95,5.29
84,1780553816323170560,1780553817323170560,Effective Decode Throughput Per User,tokens/sec/user,p99,5.29
84,1780553816323170560,1780553817323170560,Effective Decode Throughput Per User,tokens/sec/user,std,0.00
84,1780553816323170560,1780553817323170560,Effective Prefill Concurrency,requests,avg,2.97
84,1780553816323170560,1780553817323170560,Effective Prefill Concurrency,requests,min,2.00
84,1780553816323170560,1780553817323170560,Effective Prefill Concurrency,requests,max,3.00
84,1780553816323170560,1780553817323170560,Effective Prefill Concurrency,requests,p50,3.00
84,1780553816323170560,1780553817323170560,Effective Prefill Concurrency,requests,p90,3.00
84,1780553816323170560,1780553817323170560,Effective Prefill Concurrency,requests,p95,3.00
84,1780553816323170560,1780553817323170560,Effective Prefill Concurrency,requests,p99,3.00
84,1780553816323170560,1780553817323170560,Effective Prefill Concurrency,requests,std,0.17
84,1780553816323170560,1780553817323170560,Effective Prefill Throughput,tokens/sec,avg,2688.31
84,1780553816323170560,1780553817323170560,Effective Prefill Throughput,tokens/sec,min,2621.07
84,1780553816323170560,1780553817323170560,Effective Prefill Throughput,tokens/sec,max,2690.26
84,1780553816323170560,1780553817323170560,Effective Prefill Throughput,tokens/sec,p50,2690.26
84,1780553816323170560,1780553817323170560,Effective Prefill Throughput,tokens/sec,p90,2690.26
84,1780553816323170560,1780553817323170560,Effective Prefill Throughput,tokens/sec,p95,2690.26
84,1780553816323170560,1780553817323170560,Effective Prefill Throughput,tokens/sec,p99,2690.26
84,1780553816323170560,1780553817323170560,Effective Prefill Throughput,tokens/sec,std,11.45
84,1780553816323170560,1780553817323170560,Effective Prefill Throughput Per User,tokens/sec/user,avg,908.40
84,1780553816323170560,1780553817323170560,Effective Prefill Throughput Per User,tokens/sec/user,min,896.75
84,1780553816323170560,1780553817323170560,Effective Prefill Throughput Per User,tokens/sec/user,max,1310.53
84,1780553816323170560,1780553817323170560,Effective Prefill Throughput Per User,tokens/sec/user,p50,896.75
84,1780553816323170560,1780553817323170560,Effective Prefill Throughput Per User,tokens/sec/user,p90,896.75
84,1780553816323170560,1780553817323170560,Effective Prefill Throughput Per User,tokens/sec/user,p95,896.75
84,1780553816323170560,1780553817323170560,Effective Prefill Throughput Per User,tokens/sec/user,p99,1310.53
84,1780553816323170560,1780553817323170560,Effective Prefill Throughput Per User,tokens/sec/user,std,68.44
84,1780553816323170560,1780553817323170560,Effective Total Throughput,tokens/sec,avg,2761.51
84,1780553816323170560,1780553817323170560,Effective Total Throughput,tokens/sec,min,2694.26
84,1780553816323170560,1780553817323170560,Effective Total Throughput,tokens/sec,max,2763.46
84,1780553816323170560,1780553817323170560,Effective Total Throughput,tokens/sec,p50,2763.46
84,1780553816323170560,1780553817323170560,Effective Total Throughput,tokens/sec,p90,2763.46
84,1780553816323170560,1780553817323170560,Effective Total Throughput,tokens/sec,p95,2763.46
84,1780553816323170560,1780553817323170560,Effective Total Throughput,tokens/sec,p99,2763.46
84,1780553816323170560,1780553817323170560,Effective Total Throughput,tokens/sec,std,11.45
84,1780553816323170560,1780553817323170560,HTTP Blocked,ms,avg,0.00
84,1780553816323170560,1780553817323170560,HTTP Blocked,ms,min,0.00
84,1780553816323170560,1780553817323170560,HTTP Blocked,ms,max,0.00
84,1780553816323170560,1780553817323170560,HTTP Blocked,ms,sum,0.00
84,1780553816323170560,1780553817323170560,HTTP Blocked,ms,p1,0.00
84,1780553816323170560,1780553817323170560,HTTP Blocked,ms,p5,0.00
84,1780553816323170560,1780553817323170560,HTTP Blocked,ms,p10,0.00
84,1780553816323170560,1780553817323170560,HTTP Blocked,ms,p25,0.00
84,1780553816323170560,1780553817323170560,HTTP Blocked,ms,p50,0.00
84,1780553816323170560,1780553817323170560,HTTP Blocked,ms,p75,0.00
84,1780553816323170560,1780553817323170560,HTTP Blocked,ms,p90,0.00
84,1780553816323170560,1780553817323170560,HTTP Blocked,ms,p95,0.00
84,1780553816323170560,1780553817323170560,HTTP Blocked,ms,p99,0.00
84,1780553816323170560,1780553817323170560,HTTP Blocked,ms,std,0.00
84,1780553816323170560,1780553817323170560,HTTP Chunks Received,count,avg,13.00
84,1780553816323170560,1780553817323170560,HTTP Chunks Received,count,min,13.00
84,1780553816323170560,1780553817323170560,HTTP Chunks Received,count,max,13.00
84,1780553816323170560,1780553817323170560,HTTP Chunks Received,count,sum,13.00
84,1780553816323170560,1780553817323170560,HTTP Chunks Received,count,p1,13.00
84,1780553816323170560,1780553817323170560,HTTP Chunks Received,count,p5,13.00
84,1780553816323170560,1780553817323170560,HTTP Chunks Received,count,p10,13.00
84,1780553816323170560,1780553817323170560,HTTP Chunks Received,count,p25,13.00
84,1780553816323170560,1780553817323170560,HTTP Chunks Received,count,p50,13.00
84,1780553816323170560,1780553817323170560,HTTP Chunks Received,count,p75,13.00
84,1780553816323170560,1780553817323170560,HTTP Chunks Received,count,p90,13.00
84,1780553816323170560,1780553817323170560,HTTP Chunks Received,count,p95,13.00
84,1780553816323170560,1780553817323170560,HTTP Chunks Received,count,p99,13.00
84,1780553816323170560,1780553817323170560,HTTP Chunks Received,count,std,0.00
84,1780553816323170560,1780553817323170560,HTTP Chunks Sent,count,avg,1.00
84,1780553816323170560,1780553817323170560,HTTP Chunks Sent,count,min,1.00
84,1780553816323170560,1780553817323170560,HTTP Chunks Sent,count,max,1.00
84,1780553816323170560,1780553817323170560,HTTP Chunks Sent,count,sum,1.00
84,1780553816323170560,1780553817323170560,HTTP Chunks Sent,count,p1,1.00
84,1780553816323170560,1780553817323170560,HTTP Chunks Sent,count,p5,1.00
84,1780553816323170560,1780553817323170560,HTTP Chunks Sent,count,p10,1.00
84,1780553816323170560,1780553817323170560,HTTP Chunks Sent,count,p25,1.00
84,1780553816323170560,1780553817323170560,HTTP Chunks Sent,count,p50,1.00
84,1780553816323170560,1780553817323170560,HTTP Chunks Sent,count,p75,1.00
84,1780553816323170560,1780553817323170560,HTTP Chunks Sent,count,p90,1.00
84,1780553816323170560,1780553817323170560,HTTP Chunks Sent,count,p95,1.00
84,1780553816323170560,1780553817323170560,HTTP Chunks Sent,count,p99,1.00
84,1780553816323170560,1780553817323170560,HTTP Chunks Sent,count,std,0.00
84,1780553816323170560,1780553817323170560,HTTP Connecting,ms,avg,1.26
84,1780553816323170560,1780553817323170560,HTTP Connecting,ms,min,1.26
84,1780553816323170560,1780553817323170560,HTTP Connecting,ms,max,1.26
84,1780553816323170560,1780553817323170560,HTTP Connecting,ms,sum,1.26
84,1780553816323170560,1780553817323170560,HTTP Connecting,ms,p1,1.26
84,1780553816323170560,1780553817323170560,HTTP Connecting,ms,p5,1.26
84,1780553816323170560,1780553817323170560,HTTP Connecting,ms,p10,1.26
84,1780553816323170560,1780553817323170560,HTTP Connecting,ms,p25,1.26
84,1780553816323170560,1780553817323170560,HTTP Connecting,ms,p50,1.26
84,1780553816323170560,1780553817323170560,HTTP Connecting,ms,p75,1.26
84,1780553816323170560,1780553817323170560,HTTP Connecting,ms,p90,1.26
84,1780553816323170560,1780553817323170560,HTTP Connecting,ms,p95,1.26
84,1780553816323170560,1780553817323170560,HTTP Connecting,ms,p99,1.26
84,1780553816323170560,1780553817323170560,HTTP Connecting,ms,std,0.00
84,1780553816323170560,1780553817323170560,HTTP Connection Overhead,ms,avg,1.85
84,1780553816323170560,1780553817323170560,HTTP Connection Overhead,ms,min,1.85
84,1780553816323170560,1780553817323170560,HTTP Connection Overhead,ms,max,1.85
84,1780553816323170560,1780553817323170560,HTTP Connection Overhead,ms,sum,1.85
84,1780553816323170560,1780553817323170560,HTTP Connection Overhead,ms,p1,1.85
84,1780553816323170560,1780553817323170560,HTTP Connection Overhead,ms,p5,1.85
84,1780553816323170560,1780553817323170560,HTTP Connection Overhead,ms,p10,1.85
84,1780553816323170560,1780553817323170560,HTTP Connection Overhead,ms,p25,1.85
84,1780553816323170560,1780553817323170560,HTTP Connection Overhead,ms,p50,1.85
84,1780553816323170560,1780553817323170560,HTTP Connection Overhead,ms,p75,1.85
84,1780553816323170560,1780553817323170560,HTTP Connection Overhead,ms,p90,1.85
84,1780553816323170560,1780553817323170560,HTTP Connection Overhead,ms,p95,1.85
84,1780553816323170560,1780553817323170560,HTTP Connection Overhead,ms,p99,1.85
84,1780553816323170560,1780553817323170560,HTTP Connection Overhead,ms,std,0.00
84,1780553816323170560,1780553817323170560,HTTP Connection Reused,ratio,avg,0.00
84,1780553816323170560,1780553817323170560,HTTP Connection Reused,ratio,min,0.00
84,1780553816323170560,1780553817323170560,HTTP Connection Reused,ratio,max,0.00
84,1780553816323170560,1780553817323170560,HTTP Connection Reused,ratio,sum,0.00
84,1780553816323170560,1780553817323170560,HTTP Connection Reused,ratio,p1,0.00
84,1780553816323170560,1780553817323170560,HTTP Connection Reused,ratio,p5,0.00
84,1780553816323170560,1780553817323170560,HTTP Connection Reused,ratio,p10,0.00
84,1780553816323170560,1780553817323170560,HTTP Connection Reused,ratio,p25,0.00
84,1780553816323170560,1780553817323170560,HTTP Connection Reused,ratio,p50,0.00
84,1780553816323170560,1780553817323170560,HTTP Connection Reused,ratio,p75,0.00
84,1780553816323170560,1780553817323170560,HTTP Connection Reused,ratio,p90,0.00
84,1780553816323170560,1780553817323170560,HTTP Connection Reused,ratio,p95,0.00
84,1780553816323170560,1780553817323170560,HTTP Connection Reused,ratio,p99,0.00
84,1780553816323170560,1780553817323170560,HTTP Connection Reused,ratio,std,0.00
84,1780553816323170560,1780553817323170560,HTTP Data Received,KB,avg,3.85
84,1780553816323170560,1780553817323170560,HTTP Data Received,KB,min,3.85
84,1780553816323170560,1780553817323170560,HTTP Data Received,KB,max,3.85
84,1780553816323170560,1780553817323170560,HTTP Data Received,KB,sum,3.85
84,1780553816323170560,1780553817323170560,HTTP Data Received,KB,p1,3.85
84,1780553816323170560,1780553817323170560,HTTP Data Received,KB,p5,3.85
84,1780553816323170560,1780553817323170560,HTTP Data Received,KB,p10,3.85
84,1780553816323170560,1780553817323170560,HTTP Data Received,KB,p25,3.85
84,1780553816323170560,1780553817323170560,HTTP Data Received,KB,p50,3.85
84,1780553816323170560,1780553817323170560,HTTP Data Received,KB,p75,3.85
84,1780553816323170560,1780553817323170560,HTTP Data Received,KB,p90,3.85
84,1780553816323170560,1780553817323170560,HTTP Data Received,KB,p95,3.85
84,1780553816323170560,1780553817323170560,HTTP Data Received,KB,p99,3.85
84,1780553816323170560,1780553817323170560,HTTP Data Received,KB,std,0.00
84,1780553816323170560,1780553817323170560,HTTP Data Sent,KB,avg,9.17
84,1780553816323170560,1780553817323170560,HTTP Data Sent,KB,min,9.17
84,1780553816323170560,1780553817323170560,HTTP Data Sent,KB,max,9.17
84,1780553816323170560,1780553817323170560,HTTP Data Sent,KB,sum,9.17
84,1780553816323170560,1780553817323170560,HTTP Data Sent,KB,p1,9.17
84,1780553816323170560,1780553817323170560,HTTP Data Sent,KB,p5,9.17
84,1780553816323170560,1780553817323170560,HTTP Data Sent,KB,p10,9.17
84,1780553816323170560,1780553817323170560,HTTP Data Sent,KB,p25,9.17
84,1780553816323170560,1780553817323170560,HTTP Data Sent,KB,p50,9.17
84,1780553816323170560,1780553817323170560,HTTP Data Sent,KB,p75,9.17
84,1780553816323170560,1780553817323170560,HTTP Data Sent,KB,p90,9.17
84,1780553816323170560,1780553817323170560,HTTP Data Sent,KB,p95,9.17
84,1780553816323170560,1780553817323170560,HTTP Data Sent,KB,p99,9.17
84,1780553816323170560,1780553817323170560,HTTP Data Sent,KB,std,0.00
84,1780553816323170560,1780553817323170560,HTTP DNS Lookup,ms,avg,0.59
84,1780553816323170560,1780553817323170560,HTTP DNS Lookup,ms,min,0.59
84,1780553816323170560,1780553817323170560,HTTP DNS Lookup,ms,max,0.59
84,1780553816323170560,1780553817323170560,HTTP DNS Lookup,ms,sum,0.59
84,1780553816323170560,1780553817323170560,HTTP DNS Lookup,ms,p1,0.59
84,1780553816323170560,1780553817323170560,HTTP DNS Lookup,ms,p5,0.59
84,1780553816323170560,1780553817323170560,HTTP DNS Lookup,ms,p10,0.59
84,1780553816323170560,1780553817323170560,HTTP DNS Lookup,ms,p25,0.59
84,1780553816323170560,1780553817323170560,HTTP DNS Lookup,ms,p50,0.59
84,1780553816323170560,1780553817323170560,HTTP DNS Lookup,ms,p75,0.59
84,1780553816323170560,1780553817323170560,HTTP DNS Lookup,ms,p90,0.59
84,1780553816323170560,1780553817323170560,HTTP DNS Lookup,ms,p95,0.59
84,1780553816323170560,1780553817323170560,HTTP DNS Lookup,ms,p99,0.59
84,1780553816323170560,1780553817323170560,HTTP DNS Lookup,ms,std,0.00
84,1780553816323170560,1780553817323170560,HTTP Duration (excl. conn),ms,avg,34815.02
84,1780553816323170560,1780553817323170560,HTTP Duration (excl. conn),ms,min,34815.02
84,1780553816323170560,1780553817323170560,HTTP Duration (excl. conn),ms,max,34815.02
84,1780553816323170560,1780553817323170560,HTTP Duration (excl. conn),ms,sum,34815.02
84,1780553816323170560,1780553817323170560,HTTP Duration (excl. conn),ms,p1,34815.02
84,1780553816323170560,1780553817323170560,HTTP Duration (excl. conn),ms,p5,34815.02
84,1780553816323170560,1780553817323170560,HTTP Duration (excl. conn),ms,p10,34815.02
84,1780553816323170560,1780553817323170560,HTTP Duration (excl. conn),ms,p25,34815.02
84,1780553816323170560,1780553817323170560,HTTP Duration (excl. conn),ms,p50,34815.02
84,1780553816323170560,1780553817323170560,HTTP Duration (excl. conn),ms,p75,34815.02
84,1780553816323170560,1780553817323170560,HTTP Duration (excl. conn),ms,p90,34815.02
84,1780553816323170560,1780553817323170560,HTTP Duration (excl. conn),ms,p95,34815.02
84,1780553816323170560,1780553817323170560,HTTP Duration (excl. conn),ms,p99,34815.02
84,1780553816323170560,1780553817323170560,HTTP Duration (excl. conn),ms,std,0.00
84,1780553816323170560,1780553817323170560,HTTP Receiving,ms,avg,780.69
84,1780553816323170560,1780553817323170560,HTTP Receiving,ms,min,780.69
84,1780553816323170560,1780553817323170560,HTTP Receiving,ms,max,780.69
84,1780553816323170560,1780553817323170560,HTTP Receiving,ms,sum,780.69
84,1780553816323170560,1780553817323170560,HTTP Receiving,ms,p1,780.69
84,1780553816323170560,1780553817323170560,HTTP Receiving,ms,p5,780.69
84,1780553816323170560,1780553817323170560,HTTP Receiving,ms,p10,780.69
84,1780553816323170560,1780553817323170560,HTTP Receiving,ms,p25,780.69
84,1780553816323170560,1780553817323170560,HTTP Receiving,ms,p50,780.69
84,1780553816323170560,1780553817323170560,HTTP Receiving,ms,p75,780.69
84,1780553816323170560,1780553817323170560,HTTP Receiving,ms,p90,780.69
84,1780553816323170560,1780553817323170560,HTTP Receiving,ms,p95,780.69
84,1780553816323170560,1780553817323170560,HTTP Receiving,ms,p99,780.69
84,1780553816323170560,1780553817323170560,HTTP Receiving,ms,std,0.00
84,1780553816323170560,1780553817323170560,HTTP Sending,ms,avg,1.51
84,1780553816323170560,1780553817323170560,HTTP Sending,ms,min,1.51
84,1780553816323170560,1780553817323170560,HTTP Sending,ms,max,1.51
84,1780553816323170560,1780553817323170560,HTTP Sending,ms,sum,1.51
84,1780553816323170560,1780553817323170560,HTTP Sending,ms,p1,1.51
84,1780553816323170560,1780553817323170560,HTTP Sending,ms,p5,1.51
84,1780553816323170560,1780553817323170560,HTTP Sending,ms,p10,1.51
84,1780553816323170560,1780553817323170560,HTTP Sending,ms,p25,1.51
84,1780553816323170560,1780553817323170560,HTTP Sending,ms,p50,1.51
84,1780553816323170560,1780553817323170560,HTTP Sending,ms,p75,1.51
84,1780553816323170560,1780553817323170560,HTTP Sending,ms,p90,1.51
84,1780553816323170560,1780553817323170560,HTTP Sending,ms,p95,1.51
84,1780553816323170560,1780553817323170560,HTTP Sending,ms,p99,1.51
84,1780553816323170560,1780553817323170560,HTTP Sending,ms,std,0.00
84,1780553816323170560,1780553817323170560,HTTP Total Time,ms,avg,34816.87
84,1780553816323170560,1780553817323170560,HTTP Total Time,ms,min,34816.87
84,1780553816323170560,1780553817323170560,HTTP Total Time,ms,max,34816.87
84,1780553816323170560,1780553817323170560,HTTP Total Time,ms,sum,34816.87
84,1780553816323170560,1780553817323170560,HTTP Total Time,ms,p1,34816.87
84,1780553816323170560,1780553817323170560,HTTP Total Time,ms,p5,34816.87
84,1780553816323170560,1780553817323170560,HTTP Total Time,ms,p10,34816.87
84,1780553816323170560,1780553817323170560,HTTP Total Time,ms,p25,34816.87
84,1780553816323170560,1780553817323170560,HTTP Total Time,ms,p50,34816.87
84,1780553816323170560,1780553817323170560,HTTP Total Time,ms,p75,34816.87
84,1780553816323170560,1780553817323170560,HTTP Total Time,ms,p90,34816.87
84,1780553816323170560,1780553817323170560,HTTP Total Time,ms,p95,34816.87
84,1780553816323170560,1780553817323170560,HTTP Total Time,ms,p99,34816.87
84,1780553816323170560,1780553817323170560,HTTP Total Time,ms,std,0.00
84,1780553816323170560,1780553817323170560,HTTP Waiting (TTFB),ms,avg,34032.81
84,1780553816323170560,1780553817323170560,HTTP Waiting (TTFB),ms,min,34032.81
84,1780553816323170560,1780553817323170560,HTTP Waiting (TTFB),ms,max,34032.81
84,1780553816323170560,1780553817323170560,HTTP Waiting (TTFB),ms,sum,34032.81
84,1780553816323170560,1780553817323170560,HTTP Waiting (TTFB),ms,p1,34032.81
84,1780553816323170560,1780553817323170560,HTTP Waiting (TTFB),ms,p5,34032.81
84,1780553816323170560,1780553817323170560,HTTP Waiting (TTFB),ms,p10,34032.81
84,1780553816323170560,1780553817323170560,HTTP Waiting (TTFB),ms,p25,34032.81
84,1780553816323170560,1780553817323170560,HTTP Waiting (TTFB),ms,p50,34032.81
84,1780553816323170560,1780553817323170560,HTTP Waiting (TTFB),ms,p75,34032.81
84,1780553816323170560,1780553817323170560,HTTP Waiting (TTFB),ms,p90,34032.81
84,1780553816323170560,1780553817323170560,HTTP Waiting (TTFB),ms,p95,34032.81
84,1780553816323170560,1780553817323170560,HTTP Waiting (TTFB),ms,p99,34032.81
84,1780553816323170560,1780553817323170560,HTTP Waiting (TTFB),ms,std,0.00
84,1780553816323170560,1780553817323170560,Input Sequence Length,tokens,avg,2355.00
84,1780553816323170560,1780553817323170560,Input Sequence Length,tokens,min,2355.00
84,1780553816323170560,1780553817323170560,Input Sequence Length,tokens,max,2355.00
84,1780553816323170560,1780553817323170560,Input Sequence Length,tokens,sum,2355.00
84,1780553816323170560,1780553817323170560,Input Sequence Length,tokens,p1,2355.00
84,1780553816323170560,1780553817323170560,Input Sequence Length,tokens,p5,2355.00
84,1780553816323170560,1780553817323170560,Input Sequence Length,tokens,p10,2355.00
84,1780553816323170560,1780553817323170560,Input Sequence Length,tokens,p25,2355.00
84,1780553816323170560,1780553817323170560,Input Sequence Length,tokens,p50,2355.00
84,1780553816323170560,1780553817323170560,Input Sequence Length,tokens,p75,2355.00
84,1780553816323170560,1780553817323170560,Input Sequence Length,tokens,p90,2355.00
84,1780553816323170560,1780553817323170560,Input Sequence Length,tokens,p95,2355.00
84,1780553816323170560,1780553817323170560,Input Sequence Length,tokens,p99,2355.00
84,1780553816323170560,1780553817323170560,Input Sequence Length,tokens,std,0.00
84,1780553816323170560,1780553817323170560,Input Token Throughput,tokens/sec,avg,2355.00
84,1780553816323170560,1780553817323170560,Inter Chunk Latency,ms,avg,67.03
84,1780553816323170560,1780553817323170560,Inter Chunk Latency,ms,min,67.03
84,1780553816323170560,1780553817323170560,Inter Chunk Latency,ms,max,67.03
84,1780553816323170560,1780553817323170560,Inter Chunk Latency,ms,sum,804.41
84,1780553816323170560,1780553817323170560,Inter Chunk Latency,ms,p1,67.03
84,1780553816323170560,1780553817323170560,Inter Chunk Latency,ms,p5,67.03
84,1780553816323170560,1780553817323170560,Inter Chunk Latency,ms,p10,67.03
84,1780553816323170560,1780553817323170560,Inter Chunk Latency,ms,p25,67.03
84,1780553816323170560,1780553817323170560,Inter Chunk Latency,ms,p50,67.03
84,1780553816323170560,1780553817323170560,Inter Chunk Latency,ms,p75,67.03
84,1780553816323170560,1780553817323170560,Inter Chunk Latency,ms,p90,67.03
84,1780553816323170560,1780553817323170560,Inter Chunk Latency,ms,p95,67.03
84,1780553816323170560,1780553817323170560,Inter Chunk Latency,ms,p99,67.03
84,1780553816323170560,1780553817323170560,Inter Chunk Latency,ms,std,0.00
84,1780553816323170560,1780553817323170560,Inter Token Latency,ms,avg,65.06
84,1780553816323170560,1780553817323170560,Inter Token Latency,ms,min,65.06
84,1780553816323170560,1780553817323170560,Inter Token Latency,ms,max,65.06
84,1780553816323170560,1780553817323170560,Inter Token Latency,ms,sum,65.06
84,1780553816323170560,1780553817323170560,Inter Token Latency,ms,p1,65.06
84,1780553816323170560,1780553817323170560,Inter Token Latency,ms,p5,65.06
84,1780553816323170560,1780553817323170560,Inter Token Latency,ms,p10,65.06
84,1780553816323170560,1780553817323170560,Inter Token Latency,ms,p25,65.06
84,1780553816323170560,1780553817323170560,Inter Token Latency,ms,p50,65.06
84,1780553816323170560,1780553817323170560,Inter Token Latency,ms,p75,65.06
84,1780553816323170560,1780553817323170560,Inter Token Latency,ms,p90,65.06
84,1780553816323170560,1780553817323170560,Inter Token Latency,ms,p95,65.06
84,1780553816323170560,1780553817323170560,Inter Token Latency,ms,p99,65.06
84,1780553816323170560,1780553817323170560,Inter Token Latency,ms,std,0.00
84,1780553816323170560,1780553817323170560,Maximum Response Timestamp,ns,avg,1780553851166446080.00
84,1780553816323170560,1780553817323170560,Minimum Request Timestamp,ns,avg,1780553816351322112.00
84,1780553816323170560,1780553817323170560,OSL Mismatch Count,requests,avg,0.00
84,1780553816323170560,1780553817323170560,OSL Mismatch Diff %,%,avg,0.00
84,1780553816323170560,1780553817323170560,OSL Mismatch Diff %,%,min,0.00
84,1780553816323170560,1780553817323170560,OSL Mismatch Diff %,%,max,0.00
84,1780553816323170560,1780553817323170560,OSL Mismatch Diff %,%,sum,0.00
84,1780553816323170560,1780553817323170560,OSL Mismatch Diff %,%,p1,0.00
84,1780553816323170560,1780553817323170560,OSL Mismatch Diff %,%,p5,0.00
84,1780553816323170560,1780553817323170560,OSL Mismatch Diff %,%,p10,0.00
84,1780553816323170560,1780553817323170560,OSL Mismatch Diff %,%,p25,0.00
84,1780553816323170560,1780553817323170560,OSL Mismatch Diff %,%,p50,0.00
84,1780553816323170560,1780553817323170560,OSL Mismatch Diff %,%,p75,0.00
84,1780553816323170560,1780553817323170560,OSL Mismatch Diff %,%,p90,0.00
84,1780553816323170560,1780553817323170560,OSL Mismatch Diff %,%,p95,0.00
84,1780553816323170560,1780553817323170560,OSL Mismatch Diff %,%,p99,0.00
84,1780553816323170560,1780553817323170560,OSL Mismatch Diff %,%,std,0.00
84,1780553816323170560,1780553817323170560,Output Sequence Length,tokens,avg,13.00
84,1780553816323170560,1780553817323170560,Output Sequence Length,tokens,min,13.00
84,1780553816323170560,1780553817323170560,Output Sequence Length,tokens,max,13.00
84,1780553816323170560,1780553817323170560,Output Sequence Length,tokens,sum,13.00
84,1780553816323170560,1780553817323170560,Output Sequence Length,tokens,p1,13.00
84,1780553816323170560,1780553817323170560,Output Sequence Length,tokens,p5,13.00
84,1780553816323170560,1780553817323170560,Output Sequence Length,tokens,p10,13.00
84,1780553816323170560,1780553817323170560,Output Sequence Length,tokens,p25,13.00
84,1780553816323170560,1780553817323170560,Output Sequence Length,tokens,p50,13.00
84,1780553816323170560,1780553817323170560,Output Sequence Length,tokens,p75,13.00
84,1780553816323170560,1780553817323170560,Output Sequence Length,tokens,p90,13.00
84,1780553816323170560,1780553817323170560,Output Sequence Length,tokens,p95,13.00
84,1780553816323170560,1780553817323170560,Output Sequence Length,tokens,p99,13.00
84,1780553816323170560,1780553817323170560,Output Sequence Length,tokens,std,0.00
84,1780553816323170560,1780553817323170560,Output Token Count,tokens,avg,13.00
84,1780553816323170560,1780553817323170560,Output Token Count,tokens,min,13.00
84,1780553816323170560,1780553817323170560,Output Token Count,tokens,max,13.00
84,1780553816323170560,1780553817323170560,Output Token Count,tokens,sum,13.00
84,1780553816323170560,1780553817323170560,Output Token Count,tokens,p1,13.00
84,1780553816323170560,1780553817323170560,Output Token Count,tokens,p5,13.00
84,1780553816323170560,1780553817323170560,Output Token Count,tokens,p10,13.00
84,1780553816323170560,1780553817323170560,Output Token Count,tokens,p25,13.00
84,1780553816323170560,1780553817323170560,Output Token Count,tokens,p50,13.00
84,1780553816323170560,1780553817323170560,Output Token Count,tokens,p75,13.00
84,1780553816323170560,1780553817323170560,Output Token Count,tokens,p90,13.00
84,1780553816323170560,1780553817323170560,Output Token Count,tokens,p95,13.00
84,1780553816323170560,1780553817323170560,Output Token Count,tokens,p99,13.00
84,1780553816323170560,1780553817323170560,Output Token Count,tokens,std,0.00
84,1780553816323170560,1780553817323170560,Output Token Throughput,tokens/sec,avg,13.00
84,1780553816323170560,1780553817323170560,Output Token Throughput Per User,tokens/sec/user,avg,15.37
84,1780553816323170560,1780553817323170560,Output Token Throughput Per User,tokens/sec/user,min,15.37
84,1780553816323170560,1780553817323170560,Output Token Throughput Per User,tokens/sec/user,max,15.37
84,1780553816323170560,1780553817323170560,Output Token Throughput Per User,tokens/sec/user,sum,15.37
84,1780553816323170560,1780553817323170560,Output Token Throughput Per User,tokens/sec/user,p1,15.37
84,1780553816323170560,1780553817323170560,Output Token Throughput Per User,tokens/sec/user,p5,15.37
84,1780553816323170560,1780553817323170560,Output Token Throughput Per User,tokens/sec/user,p10,15.37
84,1780553816323170560,1780553817323170560,Output Token Throughput Per User,tokens/sec/user,p25,15.37
84,1780553816323170560,1780553817323170560,Output Token Throughput Per User,tokens/sec/user,p50,15.37
84,1780553816323170560,1780553817323170560,Output Token Throughput Per User,tokens/sec/user,p75,15.37
84,1780553816323170560,1780553817323170560,Output Token Throughput Per User,tokens/sec/user,p90,15.37
84,1780553816323170560,1780553817323170560,Output Token Throughput Per User,tokens/sec/user,p95,15.37
84,1780553816323170560,1780553817323170560,Output Token Throughput Per User,tokens/sec/user,p99,15.37
84,1780553816323170560,1780553817323170560,Output Token Throughput Per User,tokens/sec/user,std,0.00
84,1780553816323170560,1780553817323170560,Prefill Throughput Per User,tokens/sec/user,avg,69.19
84,1780553816323170560,1780553817323170560,Prefill Throughput Per User,tokens/sec/user,min,69.19
84,1780553816323170560,1780553817323170560,Prefill Throughput Per User,tokens/sec/user,max,69.19
84,1780553816323170560,1780553817323170560,Prefill Throughput Per User,tokens/sec/user,sum,69.19
84,1780553816323170560,1780553817323170560,Prefill Throughput Per User,tokens/sec/user,p1,69.19
84,1780553816323170560,1780553817323170560,Prefill Throughput Per User,tokens/sec/user,p5,69.19
84,1780553816323170560,1780553817323170560,Prefill Throughput Per User,tokens/sec/user,p10,69.19
84,1780553816323170560,1780553817323170560,Prefill Throughput Per User,tokens/sec/user,p25,69.19
84,1780553816323170560,1780553817323170560,Prefill Throughput Per User,tokens/sec/user,p50,69.19
84,1780553816323170560,1780553817323170560,Prefill Throughput Per User,tokens/sec/user,p75,69.19
84,1780553816323170560,1780553817323170560,Prefill Throughput Per User,tokens/sec/user,p90,69.19
84,1780553816323170560,1780553817323170560,Prefill Throughput Per User,tokens/sec/user,p95,69.19
84,1780553816323170560,1780553817323170560,Prefill Throughput Per User,tokens/sec/user,p99,69.19
84,1780553816323170560,1780553817323170560,Prefill Throughput Per User,tokens/sec/user,std,0.00
84,1780553816323170560,1780553817323170560,Request Count,requests,avg,1.00
84,1780553816323170560,1780553817323170560,Request Latency,ms,avg,34815.12
84,1780553816323170560,1780553817323170560,Request Latency,ms,min,34815.12
84,1780553816323170560,1780553817323170560,Request Latency,ms,max,34815.12
84,1780553816323170560,1780553817323170560,Request Latency,ms,sum,34815.12
84,1780553816323170560,1780553817323170560,Request Latency,ms,p1,34815.12
84,1780553816323170560,1780553817323170560,Request Latency,ms,p5,34815.12
84,1780553816323170560,1780553817323170560,Request Latency,ms,p10,34815.12
84,1780553816323170560,1780553817323170560,Request Latency,ms,p25,34815.12
84,1780553816323170560,1780553817323170560,Request Latency,ms,p50,34815.12
84,1780553816323170560,1780553817323170560,Request Latency,ms,p75,34815.12
84,1780553816323170560,1780553817323170560,Request Latency,ms,p90,34815.12
84,1780553816323170560,1780553817323170560,Request Latency,ms,p95,34815.12
84,1780553816323170560,1780553817323170560,Request Latency,ms,p99,34815.12
84,1780553816323170560,1780553817323170560,Request Latency,ms,std,0.00
84,1780553816323170560,1780553817323170560,Request Throughput,requests/sec,avg,1.00
84,1780553816323170560,1780553817323170560,Requested OSL,tokens,avg,13.00
84,1780553816323170560,1780553817323170560,Requested OSL,tokens,min,13.00
84,1780553816323170560,1780553817323170560,Requested OSL,tokens,max,13.00
84,1780553816323170560,1780553817323170560,Requested OSL,tokens,sum,13.00
84,1780553816323170560,1780553817323170560,Requested OSL,tokens,p1,13.00
84,1780553816323170560,1780553817323170560,Requested OSL,tokens,p5,13.00
84,1780553816323170560,1780553817323170560,Requested OSL,tokens,p10,13.00
84,1780553816323170560,1780553817323170560,Requested OSL,tokens,p25,13.00
84,1780553816323170560,1780553817323170560,Requested OSL,tokens,p50,13.00
84,1780553816323170560,1780553817323170560,Requested OSL,tokens,p75,13.00
84,1780553816323170560,1780553817323170560,Requested OSL,tokens,p90,13.00
84,1780553816323170560,1780553817323170560,Requested OSL,tokens,p95,13.00
84,1780553816323170560,1780553817323170560,Requested OSL,tokens,p99,13.00
84,1780553816323170560,1780553817323170560,Requested OSL,tokens,std,0.00
84,1780553816323170560,1780553817323170560,Time to First Output Token,ms,avg,34034.44
84,1780553816323170560,1780553817323170560,Time to First Output Token,ms,min,34034.44
84,1780553816323170560,1780553817323170560,Time to First Output Token,ms,max,34034.44
84,1780553816323170560,1780553817323170560,Time to First Output Token,ms,sum,34034.44
84,1780553816323170560,1780553817323170560,Time to First Output Token,ms,p1,34034.44
84,1780553816323170560,1780553817323170560,Time to First Output Token,ms,p5,34034.44
84,1780553816323170560,1780553817323170560,Time to First Output Token,ms,p10,34034.44
84,1780553816323170560,1780553817323170560,Time to First Output Token,ms,p25,34034.44
84,1780553816323170560,1780553817323170560,Time to First Output Token,ms,p50,34034.44
84,1780553816323170560,1780553817323170560,Time to First Output Token,ms,p75,34034.44
84,1780553816323170560,1780553817323170560,Time to First Output Token,ms,p90,34034.44
84,1780553816323170560,1780553817323170560,Time to First Output Token,ms,p95,34034.44
84,1780553816323170560,1780553817323170560,Time to First Output Token,ms,p99,34034.44
84,1780553816323170560,1780553817323170560,Time to First Output Token,ms,std,0.00
84,1780553816323170560,1780553817323170560,Time to First Token,ms,avg,34034.44
84,1780553816323170560,1780553817323170560,Time to First Token,ms,min,34034.44
84,1780553816323170560,1780553817323170560,Time to First Token,ms,max,34034.44
84,1780553816323170560,1780553817323170560,Time to First Token,ms,sum,34034.44
84,1780553816323170560,1780553817323170560,Time to First Token,ms,p1,34034.44
84,1780553816323170560,1780553817323170560,Time to First Token,ms,p5,34034.44
84,1780553816323170560,1780553817323170560,Time to First Token,ms,p10,34034.44
84,1780553816323170560,1780553817323170560,Time to First Token,ms,p25,34034.44
84,1780553816323170560,1780553817323170560,Time to First Token,ms,p50,34034.44
84,1780553816323170560,1780553817323170560,Time to First Token,ms,p75,34034.44
84,1780553816323170560,1780553817323170560,Time to First Token,ms,p90,34034.44
84,1780553816323170560,1780553817323170560,Time to First Token,ms,p95,34034.44
84,1780553816323170560,1780553817323170560,Time to First Token,ms,p99,34034.44
84,1780553816323170560,1780553817323170560,Time to First Token,ms,std,0.00
84,1780553816323170560,1780553817323170560,Time to Second Token,ms,avg,31.27
84,1780553816323170560,1780553817323170560,Time to Second Token,ms,min,31.27
84,1780553816323170560,1780553817323170560,Time to Second Token,ms,max,31.27
84,1780553816323170560,1780553817323170560,Time to Second Token,ms,sum,31.27
84,1780553816323170560,1780553817323170560,Time to Second Token,ms,p1,31.27
84,1780553816323170560,1780553817323170560,Time to Second Token,ms,p5,31.27
84,1780553816323170560,1780553817323170560,Time to Second Token,ms,p10,31.27
84,1780553816323170560,1780553817323170560,Time to Second Token,ms,p25,31.27
84,1780553816323170560,1780553817323170560,Time to Second Token,ms,p50,31.27
84,1780553816323170560,1780553817323170560,Time to Second Token,ms,p75,31.27
84,1780553816323170560,1780553817323170560,Time to Second Token,ms,p90,31.27
84,1780553816323170560,1780553817323170560,Time to Second Token,ms,p95,31.27
84,1780553816323170560,1780553817323170560,Time to Second Token,ms,p99,31.27
84,1780553816323170560,1780553817323170560,Time to Second Token,ms,std,0.00
84,1780553816323170560,1780553817323170560,Tokens In Flight,tokens,avg,1431032.88
84,1780553816323170560,1780553817323170560,Tokens In Flight,tokens,min,1428711.79
84,1780553816323170560,1780553817323170560,Tokens In Flight,tokens,max,1431130.08
84,1780553816323170560,1780553817323170560,Tokens In Flight,tokens,p50,1431099.06
84,1780553816323170560,1780553817323170560,Tokens In Flight,tokens,p90,1431124.79
84,1780553816323170560,1780553817323170560,Tokens In Flight,tokens,p95,1431129.08
84,1780553816323170560,1780553817323170560,Tokens In Flight,tokens,p99,1431130.08
84,1780553816323170560,1780553817323170560,Tokens In Flight,tokens,std,395.12
84,1780553816323170560,1780553817323170560,Total Input Sequence Length,tokens,avg,2355.00
84,1780553816323170560,1780553817323170560,Total Output Sequence Length,tokens,avg,13.00
84,1780553816323170560,1780553817323170560,Total Output Tokens,tokens,avg,13.00
84,1780553816323170560,1780553817323170560,Total Token Throughput,tokens/sec,avg,2368.00
84,1780553816323170560,1780553817323170560,Total Usage Completion Tokens,tokens,avg,13.00
84,1780553816323170560,1780553817323170560,Total Usage Prompt Tokens,tokens,avg,2355.00
84,1780553816323170560,1780553817323170560,Total Usage Total Tokens,tokens,avg,2368.00
84,1780553816323170560,1780553817323170560,Usage Completion Tokens,tokens,avg,13.00
84,1780553816323170560,1780553817323170560,Usage Completion Tokens,tokens,min,13.00
84,1780553816323170560,1780553817323170560,Usage Completion Tokens,tokens,max,13.00
84,1780553816323170560,1780553817323170560,Usage Completion Tokens,tokens,sum,13.00
84,1780553816323170560,1780553817323170560,Usage Completion Tokens,tokens,p1,13.00
84,1780553816323170560,1780553817323170560,Usage Completion Tokens,tokens,p5,13.00
84,1780553816323170560,1780553817323170560,Usage Completion Tokens,tokens,p10,13.00
84,1780553816323170560,1780553817323170560,Usage Completion Tokens,tokens,p25,13.00
84,1780553816323170560,1780553817323170560,Usage Completion Tokens,tokens,p50,13.00
84,1780553816323170560,1780553817323170560,Usage Completion Tokens,tokens,p75,13.00
84,1780553816323170560,1780553817323170560,Usage Completion Tokens,tokens,p90,13.00
84,1780553816323170560,1780553817323170560,Usage Completion Tokens,tokens,p95,13.00
84,1780553816323170560,1780553817323170560,Usage Completion Tokens,tokens,p99,13.00
84,1780553816323170560,1780553817323170560,Usage Completion Tokens,tokens,std,0.00
84,1780553816323170560,1780553817323170560,Usage Prompt Tokens,tokens,avg,2355.00
84,1780553816323170560,1780553817323170560,Usage Prompt Tokens,tokens,min,2355.00
84,1780553816323170560,1780553817323170560,Usage Prompt Tokens,tokens,max,2355.00
84,1780553816323170560,1780553817323170560,Usage Prompt Tokens,tokens,sum,2355.00
84,1780553816323170560,1780553817323170560,Usage Prompt Tokens,tokens,p1,2355.00
84,1780553816323170560,1780553817323170560,Usage Prompt Tokens,tokens,p5,2355.00
84,1780553816323170560,1780553817323170560,Usage Prompt Tokens,tokens,p10,2355.00
84,1780553816323170560,1780553817323170560,Usage Prompt Tokens,tokens,p25,2355.00
84,1780553816323170560,1780553817323170560,Usage Prompt Tokens,tokens,p50,2355.00
84,1780553816323170560,1780553817323170560,Usage Prompt Tokens,tokens,p75,2355.00
84,1780553816323170560,1780553817323170560,Usage Prompt Tokens,tokens,p90,2355.00
84,1780553816323170560,1780553817323170560,Usage Prompt Tokens,tokens,p95,2355.00
84,1780553816323170560,1780553817323170560,Usage Prompt Tokens,tokens,p99,2355.00
84,1780553816323170560,1780553817323170560,Usage Prompt Tokens,tokens,std,0.00
84,1780553816323170560,1780553817323170560,Usage Total Tokens,tokens,avg,2368.00
84,1780553816323170560,1780553817323170560,Usage Total Tokens,tokens,min,2368.00
84,1780553816323170560,1780553817323170560,Usage Total Tokens,tokens,max,2368.00
84,1780553816323170560,1780553817323170560,Usage Total Tokens,tokens,sum,2368.00
84,1780553816323170560,1780553817323170560,Usage Total Tokens,tokens,p1,2368.00
84,1780553816323170560,1780553817323170560,Usage Total Tokens,tokens,p5,2368.00
84,1780553816323170560,1780553817323170560,Usage Total Tokens,tokens,p10,2368.00
84,1780553816323170560,1780553817323170560,Usage Total Tokens,tokens,p25,2368.00
84,1780553816323170560,1780553817323170560,Usage Total Tokens,tokens,p50,2368.00
84,1780553816323170560,1780553817323170560,Usage Total Tokens,tokens,p75,2368.00
84,1780553816323170560,1780553817323170560,Usage Total Tokens,tokens,p90,2368.00
84,1780553816323170560,1780553817323170560,Usage Total Tokens,tokens,p95,2368.00
84,1780553816323170560,1780553817323170560,Usage Total Tokens,tokens,p99,2368.00
84,1780553816323170560,1780553817323170560,Usage Total Tokens,tokens,std,0.00
85,1780553823323170560,1780553824323170560,Active Decode Throughput,tokens/sec,avg,63.44
85,1780553823323170560,1780553824323170560,Active Decode Throughput,tokens/sec,min,44.79
85,1780553823323170560,1780553824323170560,Active Decode Throughput,tokens/sec,max,82.10
85,1780553823323170560,1780553824323170560,Active Decode Throughput,tokens/sec,p50,63.44
85,1780553823323170560,1780553824323170560,Active Decode Throughput,tokens/sec,p90,63.45
85,1780553823323170560,1780553824323170560,Active Decode Throughput,tokens/sec,p95,63.45
85,1780553823323170560,1780553824323170560,Active Decode Throughput,tokens/sec,p99,63.45
85,1780553823323170560,1780553824323170560,Active Decode Throughput,tokens/sec,std,0.03
85,1780553823323170560,1780553824323170560,Active Decode Throughput Per User,tokens/sec/user,avg,5.77
85,1780553823323170560,1780553824323170560,Active Decode Throughput Per User,tokens/sec/user,min,4.07
85,1780553823323170560,1780553824323170560,Active Decode Throughput Per User,tokens/sec/user,max,7.46
85,1780553823323170560,1780553824323170560,Active Decode Throughput Per User,tokens/sec/user,p50,5.77
85,1780553823323170560,1780553824323170560,Active Decode Throughput Per User,tokens/sec/user,p90,5.77
85,1780553823323170560,1780553824323170560,Active Decode Throughput Per User,tokens/sec/user,p95,5.77
85,1780553823323170560,1780553824323170560,Active Decode Throughput Per User,tokens/sec/user,p99,5.77
85,1780553823323170560,1780553824323170560,Active Decode Throughput Per User,tokens/sec/user,std,0.00
85,1780553823323170560,1780553824323170560,Active Prefill Throughput,tokens/sec,avg,3870.86
85,1780553823323170560,1780553824323170560,Active Prefill Throughput,tokens/sec,min,2690.26
85,1780553823323170560,1780553824323170560,Active Prefill Throughput,tokens/sec,max,4725.46
85,1780553823323170560,1780553824323170560,Active Prefill Throughput,tokens/sec,p50,4725.46
85,1780553823323170560,1780553824323170560,Active Prefill Throughput,tokens/sec,p90,4725.46
85,1780553823323170560,1780553824323170560,Active Prefill Throughput,tokens/sec,p95,4725.46
85,1780553823323170560,1780553824323170560,Active Prefill Throughput,tokens/sec,p99,4725.46
85,1780553823323170560,1780553824323170560,Active Prefill Throughput,tokens/sec,std,1004.46
85,1780553823323170560,1780553824323170560,Active Prefill Throughput Per User,tokens/sec/user,avg,1061.85
85,1780553823323170560,1780553824323170560,Active Prefill Throughput Per User,tokens/sec/user,min,896.75
85,1780553823323170560,1780553824323170560,Active Prefill Throughput Per User,tokens/sec/user,max,1181.36
85,1780553823323170560,1780553824323170560,Active Prefill Throughput Per User,tokens/sec/user,p50,1181.36
85,1780553823323170560,1780553824323170560,Active Prefill Throughput Per User,tokens/sec/user,p90,1181.36
85,1780553823323170560,1780553824323170560,Active Prefill Throughput Per User,tokens/sec/user,p95,1181.36
85,1780553823323170560,1780553824323170560,Active Prefill Throughput Per User,tokens/sec/user,p99,1181.36
85,1780553823323170560,1780553824323170560,Active Prefill Throughput Per User,tokens/sec/user,std,140.47
85,1780553823323170560,1780553824323170560,Active Total Throughput,tokens/sec,avg,3939.41
85,1780553823323170560,1780553824323170560,Active Total Throughput,tokens/sec,min,2758.81
85,1780553823323170560,1780553824323170560,Active Total Throughput,tokens/sec,max,4794.00
85,1780553823323170560,1780553824323170560,Active Total Throughput,tokens/sec,p50,4794.00
85,1780553823323170560,1780553824323170560,Active Total Throughput,tokens/sec,p90,4794.00
85,1780553823323170560,1780553824323170560,Active Total Throughput,tokens/sec,p95,4794.00
85,1780553823323170560,1780553824323170560,Active Total Throughput,tokens/sec,p99,4794.00
85,1780553823323170560,1780553824323170560,Active Total Throughput,tokens/sec,std,1004.46
85,1780553823323170560,1780553824323170560,Benchmark Duration,sec,avg,52.76
85,1780553823323170560,1780553824323170560,E2E Output Token Throughput,tokens/sec/user,avg,0.97
85,1780553823323170560,1780553824323170560,E2E Output Token Throughput,tokens/sec/user,min,0.97
85,1780553823323170560,1780553824323170560,E2E Output Token Throughput,tokens/sec/user,max,0.97
85,1780553823323170560,1780553824323170560,E2E Output Token Throughput,tokens/sec/user,sum,0.97
85,1780553823323170560,1780553824323170560,E2E Output Token Throughput,tokens/sec/user,p1,0.97
85,1780553823323170560,1780553824323170560,E2E Output Token Throughput,tokens/sec/user,p5,0.97
85,1780553823323170560,1780553824323170560,E2E Output Token Throughput,tokens/sec/user,p10,0.97
85,1780553823323170560,1780553824323170560,E2E Output Token Throughput,tokens/sec/user,p25,0.97
85,1780553823323170560,1780553824323170560,E2E Output Token Throughput,tokens/sec/user,p50,0.97
85,1780553823323170560,1780553824323170560,E2E Output Token Throughput,tokens/sec/user,p75,0.97
85,1780553823323170560,1780553824323170560,E2E Output Token Throughput,tokens/sec/user,p90,0.97
85,1780553823323170560,1780553824323170560,E2E Output Token Throughput,tokens/sec/user,p95,0.97
85,1780553823323170560,1780553824323170560,E2E Output Token Throughput,tokens/sec/user,p99,0.97
85,1780553823323170560,1780553824323170560,E2E Output Token Throughput,tokens/sec/user,std,0.00
85,1780553823323170560,1780553824323170560,Effective Concurrency,requests,avg,14.58
85,1780553823323170560,1780553824323170560,Effective Concurrency,requests,min,14.00
85,1780553823323170560,1780553824323170560,Effective Concurrency,requests,max,15.00
85,1780553823323170560,1780553824323170560,Effective Concurrency,requests,p50,15.00
85,1780553823323170560,1780553824323170560,Effective Concurrency,requests,p90,15.00
85,1780553823323170560,1780553824323170560,Effective Concurrency,requests,p95,15.00
85,1780553823323170560,1780553824323170560,Effective Concurrency,requests,p99,15.00
85,1780553823323170560,1780553824323170560,Effective Concurrency,requests,std,0.49
85,1780553823323170560,1780553824323170560,Effective Decode Concurrency,requests,avg,11.00
85,1780553823323170560,1780553824323170560,Effective Decode Concurrency,requests,min,11.00
85,1780553823323170560,1780553824323170560,Effective Decode Concurrency,requests,max,11.00
85,1780553823323170560,1780553824323170560,Effective Decode Concurrency,requests,p50,11.00
85,1780553823323170560,1780553824323170560,Effective Decode Concurrency,requests,p90,11.00
85,1780553823323170560,1780553824323170560,Effective Decode Concurrency,requests,p95,11.00
85,1780553823323170560,1780553824323170560,Effective Decode Concurrency,requests,p99,11.00
85,1780553823323170560,1780553824323170560,Effective Decode Concurrency,requests,std,0.00
85,1780553823323170560,1780553824323170560,Effective Decode Throughput,tokens/sec,avg,63.44
85,1780553823323170560,1780553824323170560,Effective Decode Throughput,tokens/sec,min,44.79
85,1780553823323170560,1780553824323170560,Effective Decode Throughput,tokens/sec,max,82.10
85,1780553823323170560,1780553824323170560,Effective Decode Throughput,tokens/sec,p50,63.44
85,1780553823323170560,1780553824323170560,Effective Decode Throughput,tokens/sec,p90,63.45
85,1780553823323170560,1780553824323170560,Effective Decode Throughput,tokens/sec,p95,63.45
85,1780553823323170560,1780553824323170560,Effective Decode Throughput,tokens/sec,p99,63.45
85,1780553823323170560,1780553824323170560,Effective Decode Throughput,tokens/sec,std,0.03
85,1780553823323170560,1780553824323170560,Effective Decode Throughput Per User,tokens/sec/user,avg,5.77
85,1780553823323170560,1780553824323170560,Effective Decode Throughput Per User,tokens/sec/user,min,4.07
85,1780553823323170560,1780553824323170560,Effective Decode Throughput Per User,tokens/sec/user,max,7.46
85,1780553823323170560,1780553824323170560,Effective Decode Throughput Per User,tokens/sec/user,p50,5.77
85,1780553823323170560,1780553824323170560,Effective Decode Throughput Per User,tokens/sec/user,p90,5.77
85,1780553823323170560,1780553824323170560,Effective Decode Throughput Per User,tokens/sec/user,p95,5.77
85,1780553823323170560,1780553824323170560,Effective Decode Throughput Per User,tokens/sec/user,p99,5.77
85,1780553823323170560,1780553824323170560,Effective Decode Throughput Per User,tokens/sec/user,std,0.00
85,1780553823323170560,1780553824323170560,Effective Prefill Concurrency,requests,avg,3.58
85,1780553823323170560,1780553824323170560,Effective Prefill Concurrency,requests,min,3.00
85,1780553823323170560,1780553824323170560,Effective Prefill Concurrency,requests,max,4.00
85,1780553823323170560,1780553824323170560,Effective Prefill Concurrency,requests,p50,4.00
85,1780553823323170560,1780553824323170560,Effective Prefill Concurrency,requests,p90,4.00
85,1780553823323170560,1780553824323170560,Effective Prefill Concurrency,requests,p95,4.00
85,1780553823323170560,1780553824323170560,Effective Prefill Concurrency,requests,p99,4.00
85,1780553823323170560,1780553824323170560,Effective Prefill Concurrency,requests,std,0.49
85,1780553823323170560,1780553824323170560,Effective Prefill Throughput,tokens/sec,avg,3870.86
85,1780553823323170560,1780553824323170560,Effective Prefill Throughput,tokens/sec,min,2690.26
85,1780553823323170560,1780553824323170560,Effective Prefill Throughput,tokens/sec,max,4725.46
85,1780553823323170560,1780553824323170560,Effective Prefill Throughput,tokens/sec,p50,4725.46
85,1780553823323170560,1780553824323170560,Effective Prefill Throughput,tokens/sec,p90,4725.46
85,1780553823323170560,1780553824323170560,Effective Prefill Throughput,tokens/sec,p95,4725.46
85,1780553823323170560,1780553824323170560,Effective Prefill Throughput,tokens/sec,p99,4725.46
85,1780553823323170560,1780553824323170560,Effective Prefill Throughput,tokens/sec,std,1004.46
85,1780553823323170560,1780553824323170560,Effective Prefill Throughput Per User,tokens/sec/user,avg,1061.85
85,1780553823323170560,1780553824323170560,Effective Prefill Throughput Per User,tokens/sec/user,min,896.75
85,1780553823323170560,1780553824323170560,Effective Prefill Throughput Per User,tokens/sec/user,max,1181.36
85,1780553823323170560,1780553824323170560,Effective Prefill Throughput Per User,tokens/sec/user,p50,1181.36
85,1780553823323170560,1780553824323170560,Effective Prefill Throughput Per User,tokens/sec/user,p90,1181.36
85,1780553823323170560,1780553824323170560,Effective Prefill Throughput Per User,tokens/sec/user,p95,1181.36
85,1780553823323170560,1780553824323170560,Effective Prefill Throughput Per User,tokens/sec/user,p99,1181.36
85,1780553823323170560,1780553824323170560,Effective Prefill Throughput Per User,tokens/sec/user,std,140.47
85,1780553823323170560,1780553824323170560,Effective Total Throughput,tokens/sec,avg,3939.41
85,1780553823323170560,1780553824323170560,Effective Total Throughput,tokens/sec,min,2758.81
85,1780553823323170560,1780553824323170560,Effective Total Throughput,tokens/sec,max,4794.00
85,1780553823323170560,1780553824323170560,Effective Total Throughput,tokens/sec,p50,4794.00
85,1780553823323170560,1780553824323170560,Effective Total Throughput,tokens/sec,p90,4794.00
85,1780553823323170560,1780553824323170560,Effective Total Throughput,tokens/sec,p95,4794.00
85,1780553823323170560,1780553824323170560,Effective Total Throughput,tokens/sec,p99,4794.00
85,1780553823323170560,1780553824323170560,Effective Total Throughput,tokens/sec,std,1004.46
85,1780553823323170560,1780553824323170560,HTTP Blocked,ms,avg,0.00
85,1780553823323170560,1780553824323170560,HTTP Blocked,ms,min,0.00
85,1780553823323170560,1780553824323170560,HTTP Blocked,ms,max,0.00
85,1780553823323170560,1780553824323170560,HTTP Blocked,ms,sum,0.00
85,1780553823323170560,1780553824323170560,HTTP Blocked,ms,p1,0.00
85,1780553823323170560,1780553824323170560,HTTP Blocked,ms,p5,0.00
85,1780553823323170560,1780553824323170560,HTTP Blocked,ms,p10,0.00
85,1780553823323170560,1780553824323170560,HTTP Blocked,ms,p25,0.00
85,1780553823323170560,1780553824323170560,HTTP Blocked,ms,p50,0.00
85,1780553823323170560,1780553824323170560,HTTP Blocked,ms,p75,0.00
85,1780553823323170560,1780553824323170560,HTTP Blocked,ms,p90,0.00
85,1780553823323170560,1780553824323170560,HTTP Blocked,ms,p95,0.00
85,1780553823323170560,1780553824323170560,HTTP Blocked,ms,p99,0.00
85,1780553823323170560,1780553824323170560,HTTP Blocked,ms,std,0.00
85,1780553823323170560,1780553824323170560,HTTP Chunks Received,count,avg,51.00
85,1780553823323170560,1780553824323170560,HTTP Chunks Received,count,min,51.00
85,1780553823323170560,1780553824323170560,HTTP Chunks Received,count,max,51.00
85,1780553823323170560,1780553824323170560,HTTP Chunks Received,count,sum,51.00
85,1780553823323170560,1780553824323170560,HTTP Chunks Received,count,p1,51.00
85,1780553823323170560,1780553824323170560,HTTP Chunks Received,count,p5,51.00
85,1780553823323170560,1780553824323170560,HTTP Chunks Received,count,p10,51.00
85,1780553823323170560,1780553824323170560,HTTP Chunks Received,count,p25,51.00
85,1780553823323170560,1780553824323170560,HTTP Chunks Received,count,p50,51.00
85,1780553823323170560,1780553824323170560,HTTP Chunks Received,count,p75,51.00
85,1780553823323170560,1780553824323170560,HTTP Chunks Received,count,p90,51.00
85,1780553823323170560,1780553824323170560,HTTP Chunks Received,count,p95,51.00
85,1780553823323170560,1780553824323170560,HTTP Chunks Received,count,p99,51.00
85,1780553823323170560,1780553824323170560,HTTP Chunks Received,count,std,0.00
85,1780553823323170560,1780553824323170560,HTTP Chunks Sent,count,avg,1.00
85,1780553823323170560,1780553824323170560,HTTP Chunks Sent,count,min,1.00
85,1780553823323170560,1780553824323170560,HTTP Chunks Sent,count,max,1.00
85,1780553823323170560,1780553824323170560,HTTP Chunks Sent,count,sum,1.00
85,1780553823323170560,1780553824323170560,HTTP Chunks Sent,count,p1,1.00
85,1780553823323170560,1780553824323170560,HTTP Chunks Sent,count,p5,1.00
85,1780553823323170560,1780553824323170560,HTTP Chunks Sent,count,p10,1.00
85,1780553823323170560,1780553824323170560,HTTP Chunks Sent,count,p25,1.00
85,1780553823323170560,1780553824323170560,HTTP Chunks Sent,count,p50,1.00
85,1780553823323170560,1780553824323170560,HTTP Chunks Sent,count,p75,1.00
85,1780553823323170560,1780553824323170560,HTTP Chunks Sent,count,p90,1.00
85,1780553823323170560,1780553824323170560,HTTP Chunks Sent,count,p95,1.00
85,1780553823323170560,1780553824323170560,HTTP Chunks Sent,count,p99,1.00
85,1780553823323170560,1780553824323170560,HTTP Chunks Sent,count,std,0.00
85,1780553823323170560,1780553824323170560,HTTP Connecting,ms,avg,0.71
85,1780553823323170560,1780553824323170560,HTTP Connecting,ms,min,0.71
85,1780553823323170560,1780553824323170560,HTTP Connecting,ms,max,0.71
85,1780553823323170560,1780553824323170560,HTTP Connecting,ms,sum,0.71
85,1780553823323170560,1780553824323170560,HTTP Connecting,ms,p1,0.71
85,1780553823323170560,1780553824323170560,HTTP Connecting,ms,p5,0.71
85,1780553823323170560,1780553824323170560,HTTP Connecting,ms,p10,0.71
85,1780553823323170560,1780553824323170560,HTTP Connecting,ms,p25,0.71
85,1780553823323170560,1780553824323170560,HTTP Connecting,ms,p50,0.71
85,1780553823323170560,1780553824323170560,HTTP Connecting,ms,p75,0.71
85,1780553823323170560,1780553824323170560,HTTP Connecting,ms,p90,0.71
85,1780553823323170560,1780553824323170560,HTTP Connecting,ms,p95,0.71
85,1780553823323170560,1780553824323170560,HTTP Connecting,ms,p99,0.71
85,1780553823323170560,1780553824323170560,HTTP Connecting,ms,std,0.00
85,1780553823323170560,1780553824323170560,HTTP Connection Overhead,ms,avg,0.71
85,1780553823323170560,1780553824323170560,HTTP Connection Overhead,ms,min,0.71
85,1780553823323170560,1780553824323170560,HTTP Connection Overhead,ms,max,0.71
85,1780553823323170560,1780553824323170560,HTTP Connection Overhead,ms,sum,0.71
85,1780553823323170560,1780553824323170560,HTTP Connection Overhead,ms,p1,0.71
85,1780553823323170560,1780553824323170560,HTTP Connection Overhead,ms,p5,0.71
85,1780553823323170560,1780553824323170560,HTTP Connection Overhead,ms,p10,0.71
85,1780553823323170560,1780553824323170560,HTTP Connection Overhead,ms,p25,0.71
85,1780553823323170560,1780553824323170560,HTTP Connection Overhead,ms,p50,0.71
85,1780553823323170560,1780553824323170560,HTTP Connection Overhead,ms,p75,0.71
85,1780553823323170560,1780553824323170560,HTTP Connection Overhead,ms,p90,0.71
85,1780553823323170560,1780553824323170560,HTTP Connection Overhead,ms,p95,0.71
85,1780553823323170560,1780553824323170560,HTTP Connection Overhead,ms,p99,0.71
85,1780553823323170560,1780553824323170560,HTTP Connection Overhead,ms,std,0.00
85,1780553823323170560,1780553824323170560,HTTP Connection Reused,ratio,avg,0.00
85,1780553823323170560,1780553824323170560,HTTP Connection Reused,ratio,min,0.00
85,1780553823323170560,1780553824323170560,HTTP Connection Reused,ratio,max,0.00
85,1780553823323170560,1780553824323170560,HTTP Connection Reused,ratio,sum,0.00
85,1780553823323170560,1780553824323170560,HTTP Connection Reused,ratio,p1,0.00
85,1780553823323170560,1780553824323170560,HTTP Connection Reused,ratio,p5,0.00
85,1780553823323170560,1780553824323170560,HTTP Connection Reused,ratio,p10,0.00
85,1780553823323170560,1780553824323170560,HTTP Connection Reused,ratio,p25,0.00
85,1780553823323170560,1780553824323170560,HTTP Connection Reused,ratio,p50,0.00
85,1780553823323170560,1780553824323170560,HTTP Connection Reused,ratio,p75,0.00
85,1780553823323170560,1780553824323170560,HTTP Connection Reused,ratio,p90,0.00
85,1780553823323170560,1780553824323170560,HTTP Connection Reused,ratio,p95,0.00
85,1780553823323170560,1780553824323170560,HTTP Connection Reused,ratio,p99,0.00
85,1780553823323170560,1780553824323170560,HTTP Connection Reused,ratio,std,0.00
85,1780553823323170560,1780553824323170560,HTTP Data Received,KB,avg,13.35
85,1780553823323170560,1780553824323170560,HTTP Data Received,KB,min,13.35
85,1780553823323170560,1780553824323170560,HTTP Data Received,KB,max,13.35
85,1780553823323170560,1780553824323170560,HTTP Data Received,KB,sum,13.35
85,1780553823323170560,1780553824323170560,HTTP Data Received,KB,p1,13.35
85,1780553823323170560,1780553824323170560,HTTP Data Received,KB,p5,13.35
85,1780553823323170560,1780553824323170560,HTTP Data Received,KB,p10,13.35
85,1780553823323170560,1780553824323170560,HTTP Data Received,KB,p25,13.35
85,1780553823323170560,1780553824323170560,HTTP Data Received,KB,p50,13.35
85,1780553823323170560,1780553824323170560,HTTP Data Received,KB,p75,13.35
85,1780553823323170560,1780553824323170560,HTTP Data Received,KB,p90,13.35
85,1780553823323170560,1780553824323170560,HTTP Data Received,KB,p95,13.35
85,1780553823323170560,1780553824323170560,HTTP Data Received,KB,p99,13.35
85,1780553823323170560,1780553824323170560,HTTP Data Received,KB,std,0.00
85,1780553823323170560,1780553824323170560,HTTP Data Sent,KB,avg,284.86
85,1780553823323170560,1780553824323170560,HTTP Data Sent,KB,min,284.86
85,1780553823323170560,1780553824323170560,HTTP Data Sent,KB,max,284.86
85,1780553823323170560,1780553824323170560,HTTP Data Sent,KB,sum,284.86
85,1780553823323170560,1780553824323170560,HTTP Data Sent,KB,p1,284.86
85,1780553823323170560,1780553824323170560,HTTP Data Sent,KB,p5,284.86
85,1780553823323170560,1780553824323170560,HTTP Data Sent,KB,p10,284.86
85,1780553823323170560,1780553824323170560,HTTP Data Sent,KB,p25,284.86
85,1780553823323170560,1780553824323170560,HTTP Data Sent,KB,p50,284.86
85,1780553823323170560,1780553824323170560,HTTP Data Sent,KB,p75,284.86
85,1780553823323170560,1780553824323170560,HTTP Data Sent,KB,p90,284.86
85,1780553823323170560,1780553824323170560,HTTP Data Sent,KB,p95,284.86
85,1780553823323170560,1780553824323170560,HTTP Data Sent,KB,p99,284.86
85,1780553823323170560,1780553824323170560,HTTP Data Sent,KB,std,0.00
85,1780553823323170560,1780553824323170560,HTTP DNS Lookup,ms,avg,0.00
85,1780553823323170560,1780553824323170560,HTTP DNS Lookup,ms,min,0.00
85,1780553823323170560,1780553824323170560,HTTP DNS Lookup,ms,max,0.00
85,1780553823323170560,1780553824323170560,HTTP DNS Lookup,ms,sum,0.00
85,1780553823323170560,1780553824323170560,HTTP DNS Lookup,ms,p1,0.00
85,1780553823323170560,1780553824323170560,HTTP DNS Lookup,ms,p5,0.00
85,1780553823323170560,1780553824323170560,HTTP DNS Lookup,ms,p10,0.00
85,1780553823323170560,1780553824323170560,HTTP DNS Lookup,ms,p25,0.00
85,1780553823323170560,1780553824323170560,HTTP DNS Lookup,ms,p50,0.00
85,1780553823323170560,1780553824323170560,HTTP DNS Lookup,ms,p75,0.00
85,1780553823323170560,1780553824323170560,HTTP DNS Lookup,ms,p90,0.00
85,1780553823323170560,1780553824323170560,HTTP DNS Lookup,ms,p95,0.00
85,1780553823323170560,1780553824323170560,HTTP DNS Lookup,ms,p99,0.00
85,1780553823323170560,1780553824323170560,HTTP DNS Lookup,ms,std,0.00
85,1780553823323170560,1780553824323170560,HTTP Duration (excl. conn),ms,avg,52756.78
85,1780553823323170560,1780553824323170560,HTTP Duration (excl. conn),ms,min,52756.78
85,1780553823323170560,1780553824323170560,HTTP Duration (excl. conn),ms,max,52756.78
85,1780553823323170560,1780553824323170560,HTTP Duration (excl. conn),ms,sum,52756.78
85,1780553823323170560,1780553824323170560,HTTP Duration (excl. conn),ms,p1,52756.78
85,1780553823323170560,1780553824323170560,HTTP Duration (excl. conn),ms,p5,52756.78
85,1780553823323170560,1780553824323170560,HTTP Duration (excl. conn),ms,p10,52756.78
85,1780553823323170560,1780553824323170560,HTTP Duration (excl. conn),ms,p25,52756.78
85,1780553823323170560,1780553824323170560,HTTP Duration (excl. conn),ms,p50,52756.78
85,1780553823323170560,1780553824323170560,HTTP Duration (excl. conn),ms,p75,52756.78
85,1780553823323170560,1780553824323170560,HTTP Duration (excl. conn),ms,p90,52756.78
85,1780553823323170560,1780553824323170560,HTTP Duration (excl. conn),ms,p95,52756.78
85,1780553823323170560,1780553824323170560,HTTP Duration (excl. conn),ms,p99,52756.78
85,1780553823323170560,1780553824323170560,HTTP Duration (excl. conn),ms,std,0.00
85,1780553823323170560,1780553824323170560,HTTP Receiving,ms,avg,16489.09
85,1780553823323170560,1780553824323170560,HTTP Receiving,ms,min,16489.09
85,1780553823323170560,1780553824323170560,HTTP Receiving,ms,max,16489.09
85,1780553823323170560,1780553824323170560,HTTP Receiving,ms,sum,16489.09
85,1780553823323170560,1780553824323170560,HTTP Receiving,ms,p1,16489.09
85,1780553823323170560,1780553824323170560,HTTP Receiving,ms,p5,16489.09
85,1780553823323170560,1780553824323170560,HTTP Receiving,ms,p10,16489.09
85,1780553823323170560,1780553824323170560,HTTP Receiving,ms,p25,16489.09
85,1780553823323170560,1780553824323170560,HTTP Receiving,ms,p50,16489.09
85,1780553823323170560,1780553824323170560,HTTP Receiving,ms,p75,16489.09
85,1780553823323170560,1780553824323170560,HTTP Receiving,ms,p90,16489.09
85,1780553823323170560,1780553824323170560,HTTP Receiving,ms,p95,16489.09
85,1780553823323170560,1780553824323170560,HTTP Receiving,ms,p99,16489.09
85,1780553823323170560,1780553824323170560,HTTP Receiving,ms,std,0.00
85,1780553823323170560,1780553824323170560,HTTP Sending,ms,avg,0.95
85,1780553823323170560,1780553824323170560,HTTP Sending,ms,min,0.95
85,1780553823323170560,1780553824323170560,HTTP Sending,ms,max,0.95
85,1780553823323170560,1780553824323170560,HTTP Sending,ms,sum,0.95
85,1780553823323170560,1780553824323170560,HTTP Sending,ms,p1,0.95
85,1780553823323170560,1780553824323170560,HTTP Sending,ms,p5,0.95
85,1780553823323170560,1780553824323170560,HTTP Sending,ms,p10,0.95
85,1780553823323170560,1780553824323170560,HTTP Sending,ms,p25,0.95
85,1780553823323170560,1780553824323170560,HTTP Sending,ms,p50,0.95
85,1780553823323170560,1780553824323170560,HTTP Sending,ms,p75,0.95
85,1780553823323170560,1780553824323170560,HTTP Sending,ms,p90,0.95
85,1780553823323170560,1780553824323170560,HTTP Sending,ms,p95,0.95
85,1780553823323170560,1780553824323170560,HTTP Sending,ms,p99,0.95
85,1780553823323170560,1780553824323170560,HTTP Sending,ms,std,0.00
85,1780553823323170560,1780553824323170560,HTTP Total Time,ms,avg,52757.49
85,1780553823323170560,1780553824323170560,HTTP Total Time,ms,min,52757.49
85,1780553823323170560,1780553824323170560,HTTP Total Time,ms,max,52757.49
85,1780553823323170560,1780553824323170560,HTTP Total Time,ms,sum,52757.49
85,1780553823323170560,1780553824323170560,HTTP Total Time,ms,p1,52757.49
85,1780553823323170560,1780553824323170560,HTTP Total Time,ms,p5,52757.49
85,1780553823323170560,1780553824323170560,HTTP Total Time,ms,p10,52757.49
85,1780553823323170560,1780553824323170560,HTTP Total Time,ms,p25,52757.49
85,1780553823323170560,1780553824323170560,HTTP Total Time,ms,p50,52757.49
85,1780553823323170560,1780553824323170560,HTTP Total Time,ms,p75,52757.49
85,1780553823323170560,1780553824323170560,HTTP Total Time,ms,p90,52757.49
85,1780553823323170560,1780553824323170560,HTTP Total Time,ms,p95,52757.49
85,1780553823323170560,1780553824323170560,HTTP Total Time,ms,p99,52757.49
85,1780553823323170560,1780553824323170560,HTTP Total Time,ms,std,0.00
85,1780553823323170560,1780553824323170560,HTTP Waiting (TTFB),ms,avg,36266.74
85,1780553823323170560,1780553824323170560,HTTP Waiting (TTFB),ms,min,36266.74
85,1780553823323170560,1780553824323170560,HTTP Waiting (TTFB),ms,max,36266.74
85,1780553823323170560,1780553824323170560,HTTP Waiting (TTFB),ms,sum,36266.74
85,1780553823323170560,1780553824323170560,HTTP Waiting (TTFB),ms,p1,36266.74
85,1780553823323170560,1780553824323170560,HTTP Waiting (TTFB),ms,p5,36266.74
85,1780553823323170560,1780553824323170560,HTTP Waiting (TTFB),ms,p10,36266.74
85,1780553823323170560,1780553824323170560,HTTP Waiting (TTFB),ms,p25,36266.74
85,1780553823323170560,1780553824323170560,HTTP Waiting (TTFB),ms,p50,36266.74
85,1780553823323170560,1780553824323170560,HTTP Waiting (TTFB),ms,p75,36266.74
85,1780553823323170560,1780553824323170560,HTTP Waiting (TTFB),ms,p90,36266.74
85,1780553823323170560,1780553824323170560,HTTP Waiting (TTFB),ms,p95,36266.74
85,1780553823323170560,1780553824323170560,HTTP Waiting (TTFB),ms,p99,36266.74
85,1780553823323170560,1780553824323170560,HTTP Waiting (TTFB),ms,std,0.00
85,1780553823323170560,1780553824323170560,Input Sequence Length,tokens,avg,73812.00
85,1780553823323170560,1780553824323170560,Input Sequence Length,tokens,min,73812.00
85,1780553823323170560,1780553824323170560,Input Sequence Length,tokens,max,73812.00
85,1780553823323170560,1780553824323170560,Input Sequence Length,tokens,sum,73812.00
85,1780553823323170560,1780553824323170560,Input Sequence Length,tokens,p1,73812.00
85,1780553823323170560,1780553824323170560,Input Sequence Length,tokens,p5,73812.00
85,1780553823323170560,1780553824323170560,Input Sequence Length,tokens,p10,73812.00
85,1780553823323170560,1780553824323170560,Input Sequence Length,tokens,p25,73812.00
85,1780553823323170560,1780553824323170560,Input Sequence Length,tokens,p50,73812.00
85,1780553823323170560,1780553824323170560,Input Sequence Length,tokens,p75,73812.00
85,1780553823323170560,1780553824323170560,Input Sequence Length,tokens,p90,73812.00
85,1780553823323170560,1780553824323170560,Input Sequence Length,tokens,p95,73812.00
85,1780553823323170560,1780553824323170560,Input Sequence Length,tokens,p99,73812.00
85,1780553823323170560,1780553824323170560,Input Sequence Length,tokens,std,0.00
85,1780553823323170560,1780553824323170560,Input Token Throughput,tokens/sec,avg,73812.00
85,1780553823323170560,1780553824323170560,Inter Chunk Latency,ms,avg,67.11
85,1780553823323170560,1780553824323170560,Inter Chunk Latency,ms,min,67.11
85,1780553823323170560,1780553824323170560,Inter Chunk Latency,ms,max,67.11
85,1780553823323170560,1780553824323170560,Inter Chunk Latency,ms,sum,3355.39
85,1780553823323170560,1780553824323170560,Inter Chunk Latency,ms,p1,67.11
85,1780553823323170560,1780553824323170560,Inter Chunk Latency,ms,p5,67.11
85,1780553823323170560,1780553824323170560,Inter Chunk Latency,ms,p10,67.11
85,1780553823323170560,1780553824323170560,Inter Chunk Latency,ms,p25,67.11
85,1780553823323170560,1780553824323170560,Inter Chunk Latency,ms,p50,67.11
85,1780553823323170560,1780553824323170560,Inter Chunk Latency,ms,p75,67.11
85,1780553823323170560,1780553824323170560,Inter Chunk Latency,ms,p90,67.11
85,1780553823323170560,1780553824323170560,Inter Chunk Latency,ms,p95,67.11
85,1780553823323170560,1780553824323170560,Inter Chunk Latency,ms,p99,67.11
85,1780553823323170560,1780553824323170560,Inter Chunk Latency,ms,std,0.00
85,1780553823323170560,1780553824323170560,Inter Token Latency,ms,avg,329.78
85,1780553823323170560,1780553824323170560,Inter Token Latency,ms,min,329.78
85,1780553823323170560,1780553824323170560,Inter Token Latency,ms,max,329.78
85,1780553823323170560,1780553824323170560,Inter Token Latency,ms,sum,329.78
85,1780553823323170560,1780553824323170560,Inter Token Latency,ms,p1,329.78
85,1780553823323170560,1780553824323170560,Inter Token Latency,ms,p5,329.78
85,1780553823323170560,1780553824323170560,Inter Token Latency,ms,p10,329.78
85,1780553823323170560,1780553824323170560,Inter Token Latency,ms,p25,329.78
85,1780553823323170560,1780553824323170560,Inter Token Latency,ms,p50,329.78
85,1780553823323170560,1780553824323170560,Inter Token Latency,ms,p75,329.78
85,1780553823323170560,1780553824323170560,Inter Token Latency,ms,p90,329.78
85,1780553823323170560,1780553824323170560,Inter Token Latency,ms,p95,329.78
85,1780553823323170560,1780553824323170560,Inter Token Latency,ms,p99,329.78
85,1780553823323170560,1780553824323170560,Inter Token Latency,ms,std,0.00
85,1780553823323170560,1780553824323170560,Maximum Response Timestamp,ns,avg,1780553876499966720.00
85,1780553823323170560,1780553824323170560,Minimum Request Timestamp,ns,avg,1780553823743079424.00
85,1780553823323170560,1780553824323170560,OSL Mismatch Count,requests,avg,0.00
85,1780553823323170560,1780553824323170560,OSL Mismatch Diff %,%,avg,0.00
85,1780553823323170560,1780553824323170560,OSL Mismatch Diff %,%,min,0.00
85,1780553823323170560,1780553824323170560,OSL Mismatch Diff %,%,max,0.00
85,1780553823323170560,1780553824323170560,OSL Mismatch Diff %,%,sum,0.00
85,1780553823323170560,1780553824323170560,OSL Mismatch Diff %,%,p1,0.00
85,1780553823323170560,1780553824323170560,OSL Mismatch Diff %,%,p5,0.00
85,1780553823323170560,1780553824323170560,OSL Mismatch Diff %,%,p10,0.00
85,1780553823323170560,1780553824323170560,OSL Mismatch Diff %,%,p25,0.00
85,1780553823323170560,1780553824323170560,OSL Mismatch Diff %,%,p50,0.00
85,1780553823323170560,1780553824323170560,OSL Mismatch Diff %,%,p75,0.00
85,1780553823323170560,1780553824323170560,OSL Mismatch Diff %,%,p90,0.00
85,1780553823323170560,1780553824323170560,OSL Mismatch Diff %,%,p95,0.00
85,1780553823323170560,1780553824323170560,OSL Mismatch Diff %,%,p99,0.00
85,1780553823323170560,1780553824323170560,OSL Mismatch Diff %,%,std,0.00
85,1780553823323170560,1780553824323170560,Output Sequence Length,tokens,avg,51.00
85,1780553823323170560,1780553824323170560,Output Sequence Length,tokens,min,51.00
85,1780553823323170560,1780553824323170560,Output Sequence Length,tokens,max,51.00
85,1780553823323170560,1780553824323170560,Output Sequence Length,tokens,sum,51.00
85,1780553823323170560,1780553824323170560,Output Sequence Length,tokens,p1,51.00
85,1780553823323170560,1780553824323170560,Output Sequence Length,tokens,p5,51.00
85,1780553823323170560,1780553824323170560,Output Sequence Length,tokens,p10,51.00
85,1780553823323170560,1780553824323170560,Output Sequence Length,tokens,p25,51.00
85,1780553823323170560,1780553824323170560,Output Sequence Length,tokens,p50,51.00
85,1780553823323170560,1780553824323170560,Output Sequence Length,tokens,p75,51.00
85,1780553823323170560,1780553824323170560,Output Sequence Length,tokens,p90,51.00
85,1780553823323170560,1780553824323170560,Output Sequence Length,tokens,p95,51.00
85,1780553823323170560,1780553824323170560,Output Sequence Length,tokens,p99,51.00
85,1780553823323170560,1780553824323170560,Output Sequence Length,tokens,std,0.00
85,1780553823323170560,1780553824323170560,Output Token Count,tokens,avg,51.00
85,1780553823323170560,1780553824323170560,Output Token Count,tokens,min,51.00
85,1780553823323170560,1780553824323170560,Output Token Count,tokens,max,51.00
85,1780553823323170560,1780553824323170560,Output Token Count,tokens,sum,51.00
85,1780553823323170560,1780553824323170560,Output Token Count,tokens,p1,51.00
85,1780553823323170560,1780553824323170560,Output Token Count,tokens,p5,51.00
85,1780553823323170560,1780553824323170560,Output Token Count,tokens,p10,51.00
85,1780553823323170560,1780553824323170560,Output Token Count,tokens,p25,51.00
85,1780553823323170560,1780553824323170560,Output Token Count,tokens,p50,51.00
85,1780553823323170560,1780553824323170560,Output Token Count,tokens,p75,51.00
85,1780553823323170560,1780553824323170560,Output Token Count,tokens,p90,51.00
85,1780553823323170560,1780553824323170560,Output Token Count,tokens,p95,51.00
85,1780553823323170560,1780553824323170560,Output Token Count,tokens,p99,51.00
85,1780553823323170560,1780553824323170560,Output Token Count,tokens,std,0.00
85,1780553823323170560,1780553824323170560,Output Token Throughput,tokens/sec,avg,51.00
85,1780553823323170560,1780553824323170560,Output Token Throughput Per User,tokens/sec/user,avg,3.03
85,1780553823323170560,1780553824323170560,Output Token Throughput Per User,tokens/sec/user,min,3.03
85,1780553823323170560,1780553824323170560,Output Token Throughput Per User,tokens/sec/user,max,3.03
85,1780553823323170560,1780553824323170560,Output Token Throughput Per User,tokens/sec/user,sum,3.03
85,1780553823323170560,1780553824323170560,Output Token Throughput Per User,tokens/sec/user,p1,3.03
85,1780553823323170560,1780553824323170560,Output Token Throughput Per User,tokens/sec/user,p5,3.03
85,1780553823323170560,1780553824323170560,Output Token Throughput Per User,tokens/sec/user,p10,3.03
85,1780553823323170560,1780553824323170560,Output Token Throughput Per User,tokens/sec/user,p25,3.03
85,1780553823323170560,1780553824323170560,Output Token Throughput Per User,tokens/sec/user,p50,3.03
85,1780553823323170560,1780553824323170560,Output Token Throughput Per User,tokens/sec/user,p75,3.03
85,1780553823323170560,1780553824323170560,Output Token Throughput Per User,tokens/sec/user,p90,3.03
85,1780553823323170560,1780553824323170560,Output Token Throughput Per User,tokens/sec/user,p95,3.03
85,1780553823323170560,1780553824323170560,Output Token Throughput Per User,tokens/sec/user,p99,3.03
85,1780553823323170560,1780553824323170560,Output Token Throughput Per User,tokens/sec/user,std,0.00
85,1780553823323170560,1780553824323170560,Prefill Throughput Per User,tokens/sec/user,avg,2035.19
85,1780553823323170560,1780553824323170560,Prefill Throughput Per User,tokens/sec/user,min,2035.19
85,1780553823323170560,1780553824323170560,Prefill Throughput Per User,tokens/sec/user,max,2035.19
85,1780553823323170560,1780553824323170560,Prefill Throughput Per User,tokens/sec/user,sum,2035.19
85,1780553823323170560,1780553824323170560,Prefill Throughput Per User,tokens/sec/user,p1,2035.19
85,1780553823323170560,1780553824323170560,Prefill Throughput Per User,tokens/sec/user,p5,2035.19
85,1780553823323170560,1780553824323170560,Prefill Throughput Per User,tokens/sec/user,p10,2035.19
85,1780553823323170560,1780553824323170560,Prefill Throughput Per User,tokens/sec/user,p25,2035.19
85,1780553823323170560,1780553824323170560,Prefill Throughput Per User,tokens/sec/user,p50,2035.19
85,1780553823323170560,1780553824323170560,Prefill Throughput Per User,tokens/sec/user,p75,2035.19
85,1780553823323170560,1780553824323170560,Prefill Throughput Per User,tokens/sec/user,p90,2035.19
85,1780553823323170560,1780553824323170560,Prefill Throughput Per User,tokens/sec/user,p95,2035.19
85,1780553823323170560,1780553824323170560,Prefill Throughput Per User,tokens/sec/user,p99,2035.19
85,1780553823323170560,1780553824323170560,Prefill Throughput Per User,tokens/sec/user,std,0.00
85,1780553823323170560,1780553824323170560,Request Count,requests,avg,1.00
85,1780553823323170560,1780553824323170560,Request Latency,ms,avg,52756.89
85,1780553823323170560,1780553824323170560,Request Latency,ms,min,52756.89
85,1780553823323170560,1780553824323170560,Request Latency,ms,max,52756.89
85,1780553823323170560,1780553824323170560,Request Latency,ms,sum,52756.89
85,1780553823323170560,1780553824323170560,Request Latency,ms,p1,52756.89
85,1780553823323170560,1780553824323170560,Request Latency,ms,p5,52756.89
85,1780553823323170560,1780553824323170560,Request Latency,ms,p10,52756.89
85,1780553823323170560,1780553824323170560,Request Latency,ms,p25,52756.89
85,1780553823323170560,1780553824323170560,Request Latency,ms,p50,52756.89
85,1780553823323170560,1780553824323170560,Request Latency,ms,p75,52756.89
85,1780553823323170560,1780553824323170560,Request Latency,ms,p90,52756.89
85,1780553823323170560,1780553824323170560,Request Latency,ms,p95,52756.89
85,1780553823323170560,1780553824323170560,Request Latency,ms,p99,52756.89
85,1780553823323170560,1780553824323170560,Request Latency,ms,std,0.00
85,1780553823323170560,1780553824323170560,Request Throughput,requests/sec,avg,1.00
85,1780553823323170560,1780553824323170560,Requested OSL,tokens,avg,51.00
85,1780553823323170560,1780553824323170560,Requested OSL,tokens,min,51.00
85,1780553823323170560,1780553824323170560,Requested OSL,tokens,max,51.00
85,1780553823323170560,1780553824323170560,Requested OSL,tokens,sum,51.00
85,1780553823323170560,1780553824323170560,Requested OSL,tokens,p1,51.00
85,1780553823323170560,1780553824323170560,Requested OSL,tokens,p5,51.00
85,1780553823323170560,1780553824323170560,Requested OSL,tokens,p10,51.00
85,1780553823323170560,1780553824323170560,Requested OSL,tokens,p25,51.00
85,1780553823323170560,1780553824323170560,Requested OSL,tokens,p50,51.00
85,1780553823323170560,1780553824323170560,Requested OSL,tokens,p75,51.00
85,1780553823323170560,1780553824323170560,Requested OSL,tokens,p90,51.00
85,1780553823323170560,1780553824323170560,Requested OSL,tokens,p95,51.00
85,1780553823323170560,1780553824323170560,Requested OSL,tokens,p99,51.00
85,1780553823323170560,1780553824323170560,Requested OSL,tokens,std,0.00
85,1780553823323170560,1780553824323170560,Time to First Output Token,ms,avg,36267.81
85,1780553823323170560,1780553824323170560,Time to First Output Token,ms,min,36267.81
85,1780553823323170560,1780553824323170560,Time to First Output Token,ms,max,36267.81
85,1780553823323170560,1780553824323170560,Time to First Output Token,ms,sum,36267.81
85,1780553823323170560,1780553824323170560,Time to First Output Token,ms,p1,36267.81
85,1780553823323170560,1780553824323170560,Time to First Output Token,ms,p5,36267.81
85,1780553823323170560,1780553824323170560,Time to First Output Token,ms,p10,36267.81
85,1780553823323170560,1780553824323170560,Time to First Output Token,ms,p25,36267.81
85,1780553823323170560,1780553824323170560,Time to First Output Token,ms,p50,36267.81
85,1780553823323170560,1780553824323170560,Time to First Output Token,ms,p75,36267.81
85,1780553823323170560,1780553824323170560,Time to First Output Token,ms,p90,36267.81
85,1780553823323170560,1780553824323170560,Time to First Output Token,ms,p95,36267.81
85,1780553823323170560,1780553824323170560,Time to First Output Token,ms,p99,36267.81
85,1780553823323170560,1780553824323170560,Time to First Output Token,ms,std,0.00
85,1780553823323170560,1780553824323170560,Time to First Token,ms,avg,36267.81
85,1780553823323170560,1780553824323170560,Time to First Token,ms,min,36267.81
85,1780553823323170560,1780553824323170560,Time to First Token,ms,max,36267.81
85,1780553823323170560,1780553824323170560,Time to First Token,ms,sum,36267.81
85,1780553823323170560,1780553824323170560,Time to First Token,ms,p1,36267.81
85,1780553823323170560,1780553824323170560,Time to First Token,ms,p5,36267.81
85,1780553823323170560,1780553824323170560,Time to First Token,ms,p10,36267.81
85,1780553823323170560,1780553824323170560,Time to First Token,ms,p25,36267.81
85,1780553823323170560,1780553824323170560,Time to First Token,ms,p50,36267.81
85,1780553823323170560,1780553824323170560,Time to First Token,ms,p75,36267.81
85,1780553823323170560,1780553824323170560,Time to First Token,ms,p90,36267.81
85,1780553823323170560,1780553824323170560,Time to First Token,ms,p95,36267.81
85,1780553823323170560,1780553824323170560,Time to First Token,ms,p99,36267.81
85,1780553823323170560,1780553824323170560,Time to First Token,ms,std,0.00
85,1780553823323170560,1780553824323170560,Time to Second Token,ms,avg,221.12
85,1780553823323170560,1780553824323170560,Time to Second Token,ms,min,221.12
85,1780553823323170560,1780553824323170560,Time to Second Token,ms,max,221.12
85,1780553823323170560,1780553824323170560,Time to Second Token,ms,sum,221.12
85,1780553823323170560,1780553824323170560,Time to Second Token,ms,p1,221.12
85,1780553823323170560,1780553824323170560,Time to Second Token,ms,p5,221.12
85,1780553823323170560,1780553824323170560,Time to Second Token,ms,p10,221.12
85,1780553823323170560,1780553824323170560,Time to Second Token,ms,p25,221.12
85,1780553823323170560,1780553824323170560,Time to Second Token,ms,p50,221.12
85,1780553823323170560,1780553824323170560,Time to Second Token,ms,p75,221.12
85,1780553823323170560,1780553824323170560,Time to Second Token,ms,p90,221.12
85,1780553823323170560,1780553824323170560,Time to Second Token,ms,p95,221.12
85,1780553823323170560,1780553824323170560,Time to Second Token,ms,p99,221.12
85,1780553823323170560,1780553824323170560,Time to Second Token,ms,std,0.00
85,1780553823323170560,1780553824323170560,Tokens In Flight,tokens,avg,1430439.98
85,1780553823323170560,1780553824323170560,Tokens In Flight,tokens,min,1387591.00
85,1780553823323170560,1780553824323170560,Tokens In Flight,tokens,max,1461465.04
85,1780553823323170560,1780553824323170560,Tokens In Flight,tokens,p50,1461435.03
85,1780553823323170560,1780553824323170560,Tokens In Flight,tokens,p90,1461459.76
85,1780553823323170560,1780553824323170560,Tokens In Flight,tokens,p95,1461463.04
85,1780553823323170560,1780553824323170560,Tokens In Flight,tokens,p99,1461465.04
85,1780553823323170560,1780553824323170560,Tokens In Flight,tokens,std,36445.11
85,1780553823323170560,1780553824323170560,Total Input Sequence Length,tokens,avg,73812.00
85,1780553823323170560,1780553824323170560,Total Output Sequence Length,tokens,avg,51.00
85,1780553823323170560,1780553824323170560,Total Output Tokens,tokens,avg,51.00
85,1780553823323170560,1780553824323170560,Total Token Throughput,tokens/sec,avg,73863.00
85,1780553823323170560,1780553824323170560,Total Usage Completion Tokens,tokens,avg,51.00
85,1780553823323170560,1780553824323170560,Total Usage Prompt Tokens,tokens,avg,73812.00
85,1780553823323170560,1780553824323170560,Total Usage Total Tokens,tokens,avg,73863.00
85,1780553823323170560,1780553824323170560,Usage Completion Tokens,tokens,avg,51.00
85,1780553823323170560,1780553824323170560,Usage Completion Tokens,tokens,min,51.00
85,1780553823323170560,1780553824323170560,Usage Completion Tokens,tokens,max,51.00
85,1780553823323170560,1780553824323170560,Usage Completion Tokens,tokens,sum,51.00
85,1780553823323170560,1780553824323170560,Usage Completion Tokens,tokens,p1,51.00
85,1780553823323170560,1780553824323170560,Usage Completion Tokens,tokens,p5,51.00
85,1780553823323170560,1780553824323170560,Usage Completion Tokens,tokens,p10,51.00
85,1780553823323170560,1780553824323170560,Usage Completion Tokens,tokens,p25,51.00
85,1780553823323170560,1780553824323170560,Usage Completion Tokens,tokens,p50,51.00
85,1780553823323170560,1780553824323170560,Usage Completion Tokens,tokens,p75,51.00
85,1780553823323170560,1780553824323170560,Usage Completion Tokens,tokens,p90,51.00
85,1780553823323170560,1780553824323170560,Usage Completion Tokens,tokens,p95,51.00
85,1780553823323170560,1780553824323170560,Usage Completion Tokens,tokens,p99,51.00
85,1780553823323170560,1780553824323170560,Usage Completion Tokens,tokens,std,0.00
85,1780553823323170560,1780553824323170560,Usage Prompt Tokens,tokens,avg,73812.00
85,1780553823323170560,1780553824323170560,Usage Prompt Tokens,tokens,min,73812.00
85,1780553823323170560,1780553824323170560,Usage Prompt Tokens,tokens,max,73812.00
85,1780553823323170560,1780553824323170560,Usage Prompt Tokens,tokens,sum,73812.00
85,1780553823323170560,1780553824323170560,Usage Prompt Tokens,tokens,p1,73812.00
85,1780553823323170560,1780553824323170560,Usage Prompt Tokens,tokens,p5,73812.00
85,1780553823323170560,1780553824323170560,Usage Prompt Tokens,tokens,p10,73812.00
85,1780553823323170560,1780553824323170560,Usage Prompt Tokens,tokens,p25,73812.00
85,1780553823323170560,1780553824323170560,Usage Prompt Tokens,tokens,p50,73812.00
85,1780553823323170560,1780553824323170560,Usage Prompt Tokens,tokens,p75,73812.00
85,1780553823323170560,1780553824323170560,Usage Prompt Tokens,tokens,p90,73812.00
85,1780553823323170560,1780553824323170560,Usage Prompt Tokens,tokens,p95,73812.00
85,1780553823323170560,1780553824323170560,Usage Prompt Tokens,tokens,p99,73812.00
85,1780553823323170560,1780553824323170560,Usage Prompt Tokens,tokens,std,0.00
85,1780553823323170560,1780553824323170560,Usage Total Tokens,tokens,avg,73863.00
85,1780553823323170560,1780553824323170560,Usage Total Tokens,tokens,min,73863.00
85,1780553823323170560,1780553824323170560,Usage Total Tokens,tokens,max,73863.00
85,1780553823323170560,1780553824323170560,Usage Total Tokens,tokens,sum,73863.00
85,1780553823323170560,1780553824323170560,Usage Total Tokens,tokens,p1,73863.00
85,1780553823323170560,1780553824323170560,Usage Total Tokens,tokens,p5,73863.00
85,1780553823323170560,1780553824323170560,Usage Total Tokens,tokens,p10,73863.00
85,1780553823323170560,1780553824323170560,Usage Total Tokens,tokens,p25,73863.00
85,1780553823323170560,1780553824323170560,Usage Total Tokens,tokens,p50,73863.00
85,1780553823323170560,1780553824323170560,Usage Total Tokens,tokens,p75,73863.00
85,1780553823323170560,1780553824323170560,Usage Total Tokens,tokens,p90,73863.00
85,1780553823323170560,1780553824323170560,Usage Total Tokens,tokens,p95,73863.00
85,1780553823323170560,1780553824323170560,Usage Total Tokens,tokens,p99,73863.00
85,1780553823323170560,1780553824323170560,Usage Total Tokens,tokens,std,0.00
86,1780553830323170560,1780553831323170560,Active Decode Throughput,tokens/sec,avg,48.27
86,1780553830323170560,1780553831323170560,Active Decode Throughput,tokens/sec,min,29.62
86,1780553830323170560,1780553831323170560,Active Decode Throughput,tokens/sec,max,66.92
86,1780553830323170560,1780553831323170560,Active Decode Throughput,tokens/sec,p50,48.27
86,1780553830323170560,1780553831323170560,Active Decode Throughput,tokens/sec,p90,48.27
86,1780553830323170560,1780553831323170560,Active Decode Throughput,tokens/sec,p95,48.27
86,1780553830323170560,1780553831323170560,Active Decode Throughput,tokens/sec,p99,48.27
86,1780553830323170560,1780553831323170560,Active Decode Throughput,tokens/sec,std,0.02
86,1780553830323170560,1780553831323170560,Active Decode Throughput Per User,tokens/sec/user,avg,4.39
86,1780553830323170560,1780553831323170560,Active Decode Throughput Per User,tokens/sec/user,min,2.69
86,1780553830323170560,1780553831323170560,Active Decode Throughput Per User,tokens/sec/user,max,6.08
86,1780553830323170560,1780553831323170560,Active Decode Throughput Per User,tokens/sec/user,p50,4.39
86,1780553830323170560,1780553831323170560,Active Decode Throughput Per User,tokens/sec/user,p90,4.39
86,1780553830323170560,1780553831323170560,Active Decode Throughput Per User,tokens/sec/user,p95,4.39
86,1780553830323170560,1780553831323170560,Active Decode Throughput Per User,tokens/sec/user,p99,4.39
86,1780553830323170560,1780553831323170560,Active Decode Throughput Per User,tokens/sec/user,std,0.00
86,1780553830323170560,1780553831323170560,Active Prefill Throughput,tokens/sec,avg,5192.48
86,1780553830323170560,1780553831323170560,Active Prefill Throughput,tokens/sec,min,4725.46
86,1780553830323170560,1780553831323170560,Active Prefill Throughput,tokens/sec,max,6298.26
86,1780553830323170560,1780553831323170560,Active Prefill Throughput,tokens/sec,p50,4725.46
86,1780553830323170560,1780553831323170560,Active Prefill Throughput,tokens/sec,p90,6298.26
86,1780553830323170560,1780553831323170560,Active Prefill Throughput,tokens/sec,p95,6298.26
86,1780553830323170560,1780553831323170560,Active Prefill Throughput,tokens/sec,p99,6298.26
86,1780553830323170560,1780553831323170560,Active Prefill Throughput,tokens/sec,std,718.63
86,1780553830323170560,1780553831323170560,Active Prefill Throughput Per User,tokens/sec/user,avg,1204.61
86,1780553830323170560,1780553831323170560,Active Prefill Throughput Per User,tokens/sec/user,min,1181.36
86,1780553830323170560,1780553831323170560,Active Prefill Throughput Per User,tokens/sec/user,max,1259.65
86,1780553830323170560,1780553831323170560,Active Prefill Throughput Per User,tokens/sec/user,p50,1181.36
86,1780553830323170560,1780553831323170560,Active Prefill Throughput Per User,tokens/sec/user,p90,1259.65
86,1780553830323170560,1780553831323170560,Active Prefill Throughput Per User,tokens/sec/user,p95,1259.65
86,1780553830323170560,1780553831323170560,Active Prefill Throughput Per User,tokens/sec/user,p99,1259.65
86,1780553830323170560,1780553831323170560,Active Prefill Throughput Per User,tokens/sec/user,std,35.77
86,1780553830323170560,1780553831323170560,Active Total Throughput,tokens/sec,avg,5261.02
86,1780553830323170560,1780553831323170560,Active Total Throughput,tokens/sec,min,4794.00
86,1780553830323170560,1780553831323170560,Active Total Throughput,tokens/sec,max,6366.80
86,1780553830323170560,1780553831323170560,Active Total Throughput,tokens/sec,p50,4794.00
86,1780553830323170560,1780553831323170560,Active Total Throughput,tokens/sec,p90,6366.80
86,1780553830323170560,1780553831323170560,Active Total Throughput,tokens/sec,p95,6366.80
86,1780553830323170560,1780553831323170560,Active Total Throughput,tokens/sec,p99,6366.80
86,1780553830323170560,1780553831323170560,Active Total Throughput,tokens/sec,std,718.63
86,1780553830323170560,1780553831323170560,Benchmark Duration,sec,avg,183.36
86,1780553830323170560,1780553831323170560,E2E Output Token Throughput,tokens/sec/user,avg,6.26
86,1780553830323170560,1780553831323170560,E2E Output Token Throughput,tokens/sec/user,min,6.26
86,1780553830323170560,1780553831323170560,E2E Output Token Throughput,tokens/sec/user,max,6.26
86,1780553830323170560,1780553831323170560,E2E Output Token Throughput,tokens/sec/user,sum,6.26
86,1780553830323170560,1780553831323170560,E2E Output Token Throughput,tokens/sec/user,p1,6.26
86,1780553830323170560,1780553831323170560,E2E Output Token Throughput,tokens/sec/user,p5,6.26
86,1780553830323170560,1780553831323170560,E2E Output Token Throughput,tokens/sec/user,p10,6.26
86,1780553830323170560,1780553831323170560,E2E Output Token Throughput,tokens/sec/user,p25,6.26
86,1780553830323170560,1780553831323170560,E2E Output Token Throughput,tokens/sec/user,p50,6.26
86,1780553830323170560,1780553831323170560,E2E Output Token Throughput,tokens/sec/user,p75,6.26
86,1780553830323170560,1780553831323170560,E2E Output Token Throughput,tokens/sec/user,p90,6.26
86,1780553830323170560,1780553831323170560,E2E Output Token Throughput,tokens/sec/user,p95,6.26
86,1780553830323170560,1780553831323170560,E2E Output Token Throughput,tokens/sec/user,p99,6.26
86,1780553830323170560,1780553831323170560,E2E Output Token Throughput,tokens/sec/user,std,0.00
86,1780553830323170560,1780553831323170560,Effective Concurrency,requests,avg,15.30
86,1780553830323170560,1780553831323170560,Effective Concurrency,requests,min,15.00
86,1780553830323170560,1780553831323170560,Effective Concurrency,requests,max,16.00
86,1780553830323170560,1780553831323170560,Effective Concurrency,requests,p50,15.00
86,1780553830323170560,1780553831323170560,Effective Concurrency,requests,p90,16.00
86,1780553830323170560,1780553831323170560,Effective Concurrency,requests,p95,16.00
86,1780553830323170560,1780553831323170560,Effective Concurrency,requests,p99,16.00
86,1780553830323170560,1780553831323170560,Effective Concurrency,requests,std,0.46
86,1780553830323170560,1780553831323170560,Effective Decode Concurrency,requests,avg,11.00
86,1780553830323170560,1780553831323170560,Effective Decode Concurrency,requests,min,11.00
86,1780553830323170560,1780553831323170560,Effective Decode Concurrency,requests,max,11.00
86,1780553830323170560,1780553831323170560,Effective Decode Concurrency,requests,p50,11.00
86,1780553830323170560,1780553831323170560,Effective Decode Concurrency,requests,p90,11.00
86,1780553830323170560,1780553831323170560,Effective Decode Concurrency,requests,p95,11.00
86,1780553830323170560,1780553831323170560,Effective Decode Concurrency,requests,p99,11.00
86,1780553830323170560,1780553831323170560,Effective Decode Concurrency,requests,std,0.00
86,1780553830323170560,1780553831323170560,Effective Decode Throughput,tokens/sec,avg,48.27
86,1780553830323170560,1780553831323170560,Effective Decode Throughput,tokens/sec,min,29.62
86,1780553830323170560,1780553831323170560,Effective Decode Throughput,tokens/sec,max,66.92
86,1780553830323170560,1780553831323170560,Effective Decode Throughput,tokens/sec,p50,48.27
86,1780553830323170560,1780553831323170560,Effective Decode Throughput,tokens/sec,p90,48.27
86,1780553830323170560,1780553831323170560,Effective Decode Throughput,tokens/sec,p95,48.27
86,1780553830323170560,1780553831323170560,Effective Decode Throughput,tokens/sec,p99,48.27
86,1780553830323170560,1780553831323170560,Effective Decode Throughput,tokens/sec,std,0.02
86,1780553830323170560,1780553831323170560,Effective Decode Throughput Per User,tokens/sec/user,avg,4.39
86,1780553830323170560,1780553831323170560,Effective Decode Throughput Per User,tokens/sec/user,min,2.69
86,1780553830323170560,1780553831323170560,Effective Decode Throughput Per User,tokens/sec/user,max,6.08
86,1780553830323170560,1780553831323170560,Effective Decode Throughput Per User,tokens/sec/user,p50,4.39
86,1780553830323170560,1780553831323170560,Effective Decode Throughput Per User,tokens/sec/user,p90,4.39
86,1780553830323170560,1780553831323170560,Effective Decode Throughput Per User,tokens/sec/user,p95,4.39
86,1780553830323170560,1780553831323170560,Effective Decode Throughput Per User,tokens/sec/user,p99,4.39
86,1780553830323170560,1780553831323170560,Effective Decode Throughput Per User,tokens/sec/user,std,0.00
86,1780553830323170560,1780553831323170560,Effective Prefill Concurrency,requests,avg,4.30
86,1780553830323170560,1780553831323170560,Effective Prefill Concurrency,requests,min,4.00
86,1780553830323170560,1780553831323170560,Effective Prefill Concurrency,requests,max,5.00
86,1780553830323170560,1780553831323170560,Effective Prefill Concurrency,requests,p50,4.00
86,1780553830323170560,1780553831323170560,Effective Prefill Concurrency,requests,p90,5.00
86,1780553830323170560,1780553831323170560,Effective Prefill Concurrency,requests,p95,5.00
86,1780553830323170560,1780553831323170560,Effective Prefill Concurrency,requests,p99,5.00
86,1780553830323170560,1780553831323170560,Effective Prefill Concurrency,requests,std,0.46
86,1780553830323170560,1780553831323170560,Effective Prefill Throughput,tokens/sec,avg,5192.48
86,1780553830323170560,1780553831323170560,Effective Prefill Throughput,tokens/sec,min,4725.46
86,1780553830323170560,1780553831323170560,Effective Prefill Throughput,tokens/sec,max,6298.26
86,1780553830323170560,1780553831323170560,Effective Prefill Throughput,tokens/sec,p50,4725.46
86,1780553830323170560,1780553831323170560,Effective Prefill Throughput,tokens/sec,p90,6298.26
86,1780553830323170560,1780553831323170560,Effective Prefill Throughput,tokens/sec,p95,6298.26
86,1780553830323170560,1780553831323170560,Effective Prefill Throughput,tokens/sec,p99,6298.26
86,1780553830323170560,1780553831323170560,Effective Prefill Throughput,tokens/sec,std,718.63
86,1780553830323170560,1780553831323170560,Effective Prefill Throughput Per User,tokens/sec/user,avg,1204.61
86,1780553830323170560,1780553831323170560,Effective Prefill Throughput Per User,tokens/sec/user,min,1181.36
86,1780553830323170560,1780553831323170560,Effective Prefill Throughput Per User,tokens/sec/user,max,1259.65
86,1780553830323170560,1780553831323170560,Effective Prefill Throughput Per User,tokens/sec/user,p50,1181.36
86,1780553830323170560,1780553831323170560,Effective Prefill Throughput Per User,tokens/sec/user,p90,1259.65
86,1780553830323170560,1780553831323170560,Effective Prefill Throughput Per User,tokens/sec/user,p95,1259.65
86,1780553830323170560,1780553831323170560,Effective Prefill Throughput Per User,tokens/sec/user,p99,1259.65
86,1780553830323170560,1780553831323170560,Effective Prefill Throughput Per User,tokens/sec/user,std,35.77
86,1780553830323170560,1780553831323170560,Effective Total Throughput,tokens/sec,avg,5261.02
86,1780553830323170560,1780553831323170560,Effective Total Throughput,tokens/sec,min,4794.00
86,1780553830323170560,1780553831323170560,Effective Total Throughput,tokens/sec,max,6366.80
86,1780553830323170560,1780553831323170560,Effective Total Throughput,tokens/sec,p50,4794.00
86,1780553830323170560,1780553831323170560,Effective Total Throughput,tokens/sec,p90,6366.80
86,1780553830323170560,1780553831323170560,Effective Total Throughput,tokens/sec,p95,6366.80
86,1780553830323170560,1780553831323170560,Effective Total Throughput,tokens/sec,p99,6366.80
86,1780553830323170560,1780553831323170560,Effective Total Throughput,tokens/sec,std,718.63
86,1780553830323170560,1780553831323170560,HTTP Blocked,ms,avg,0.00
86,1780553830323170560,1780553831323170560,HTTP Blocked,ms,min,0.00
86,1780553830323170560,1780553831323170560,HTTP Blocked,ms,max,0.00
86,1780553830323170560,1780553831323170560,HTTP Blocked,ms,sum,0.00
86,1780553830323170560,1780553831323170560,HTTP Blocked,ms,p1,0.00
86,1780553830323170560,1780553831323170560,HTTP Blocked,ms,p5,0.00
86,1780553830323170560,1780553831323170560,HTTP Blocked,ms,p10,0.00
86,1780553830323170560,1780553831323170560,HTTP Blocked,ms,p25,0.00
86,1780553830323170560,1780553831323170560,HTTP Blocked,ms,p50,0.00
86,1780553830323170560,1780553831323170560,HTTP Blocked,ms,p75,0.00
86,1780553830323170560,1780553831323170560,HTTP Blocked,ms,p90,0.00
86,1780553830323170560,1780553831323170560,HTTP Blocked,ms,p95,0.00
86,1780553830323170560,1780553831323170560,HTTP Blocked,ms,p99,0.00
86,1780553830323170560,1780553831323170560,HTTP Blocked,ms,std,0.00
86,1780553830323170560,1780553831323170560,HTTP Chunks Received,count,avg,1147.00
86,1780553830323170560,1780553831323170560,HTTP Chunks Received,count,min,1147.00
86,1780553830323170560,1780553831323170560,HTTP Chunks Received,count,max,1147.00
86,1780553830323170560,1780553831323170560,HTTP Chunks Received,count,sum,1147.00
86,1780553830323170560,1780553831323170560,HTTP Chunks Received,count,p1,1147.00
86,1780553830323170560,1780553831323170560,HTTP Chunks Received,count,p5,1147.00
86,1780553830323170560,1780553831323170560,HTTP Chunks Received,count,p10,1147.00
86,1780553830323170560,1780553831323170560,HTTP Chunks Received,count,p25,1147.00
86,1780553830323170560,1780553831323170560,HTTP Chunks Received,count,p50,1147.00
86,1780553830323170560,1780553831323170560,HTTP Chunks Received,count,p75,1147.00
86,1780553830323170560,1780553831323170560,HTTP Chunks Received,count,p90,1147.00
86,1780553830323170560,1780553831323170560,HTTP Chunks Received,count,p95,1147.00
86,1780553830323170560,1780553831323170560,HTTP Chunks Received,count,p99,1147.00
86,1780553830323170560,1780553831323170560,HTTP Chunks Received,count,std,0.00
86,1780553830323170560,1780553831323170560,HTTP Chunks Sent,count,avg,1.00
86,1780553830323170560,1780553831323170560,HTTP Chunks Sent,count,min,1.00
86,1780553830323170560,1780553831323170560,HTTP Chunks Sent,count,max,1.00
86,1780553830323170560,1780553831323170560,HTTP Chunks Sent,count,sum,1.00
86,1780553830323170560,1780553831323170560,HTTP Chunks Sent,count,p1,1.00
86,1780553830323170560,1780553831323170560,HTTP Chunks Sent,count,p5,1.00
86,1780553830323170560,1780553831323170560,HTTP Chunks Sent,count,p10,1.00
86,1780553830323170560,1780553831323170560,HTTP Chunks Sent,count,p25,1.00
86,1780553830323170560,1780553831323170560,HTTP Chunks Sent,count,p50,1.00
86,1780553830323170560,1780553831323170560,HTTP Chunks Sent,count,p75,1.00
86,1780553830323170560,1780553831323170560,HTTP Chunks Sent,count,p90,1.00
86,1780553830323170560,1780553831323170560,HTTP Chunks Sent,count,p95,1.00
86,1780553830323170560,1780553831323170560,HTTP Chunks Sent,count,p99,1.00
86,1780553830323170560,1780553831323170560,HTTP Chunks Sent,count,std,0.00
86,1780553830323170560,1780553831323170560,HTTP Connecting,ms,avg,0.69
86,1780553830323170560,1780553831323170560,HTTP Connecting,ms,min,0.69
86,1780553830323170560,1780553831323170560,HTTP Connecting,ms,max,0.69
86,1780553830323170560,1780553831323170560,HTTP Connecting,ms,sum,0.69
86,1780553830323170560,1780553831323170560,HTTP Connecting,ms,p1,0.69
86,1780553830323170560,1780553831323170560,HTTP Connecting,ms,p5,0.69
86,1780553830323170560,1780553831323170560,HTTP Connecting,ms,p10,0.69
86,1780553830323170560,1780553831323170560,HTTP Connecting,ms,p25,0.69
86,1780553830323170560,1780553831323170560,HTTP Connecting,ms,p50,0.69
86,1780553830323170560,1780553831323170560,HTTP Connecting,ms,p75,0.69
86,1780553830323170560,1780553831323170560,HTTP Connecting,ms,p90,0.69
86,1780553830323170560,1780553831323170560,HTTP Connecting,ms,p95,0.69
86,1780553830323170560,1780553831323170560,HTTP Connecting,ms,p99,0.69
86,1780553830323170560,1780553831323170560,HTTP Connecting,ms,std,0.00
86,1780553830323170560,1780553831323170560,HTTP Connection Overhead,ms,avg,0.69
86,1780553830323170560,1780553831323170560,HTTP Connection Overhead,ms,min,0.69
86,1780553830323170560,1780553831323170560,HTTP Connection Overhead,ms,max,0.69
86,1780553830323170560,1780553831323170560,HTTP Connection Overhead,ms,sum,0.69
86,1780553830323170560,1780553831323170560,HTTP Connection Overhead,ms,p1,0.69
86,1780553830323170560,1780553831323170560,HTTP Connection Overhead,ms,p5,0.69
86,1780553830323170560,1780553831323170560,HTTP Connection Overhead,ms,p10,0.69
86,1780553830323170560,1780553831323170560,HTTP Connection Overhead,ms,p25,0.69
86,1780553830323170560,1780553831323170560,HTTP Connection Overhead,ms,p50,0.69
86,1780553830323170560,1780553831323170560,HTTP Connection Overhead,ms,p75,0.69
86,1780553830323170560,1780553831323170560,HTTP Connection Overhead,ms,p90,0.69
86,1780553830323170560,1780553831323170560,HTTP Connection Overhead,ms,p95,0.69
86,1780553830323170560,1780553831323170560,HTTP Connection Overhead,ms,p99,0.69
86,1780553830323170560,1780553831323170560,HTTP Connection Overhead,ms,std,0.00
86,1780553830323170560,1780553831323170560,HTTP Connection Reused,ratio,avg,0.00
86,1780553830323170560,1780553831323170560,HTTP Connection Reused,ratio,min,0.00
86,1780553830323170560,1780553831323170560,HTTP Connection Reused,ratio,max,0.00
86,1780553830323170560,1780553831323170560,HTTP Connection Reused,ratio,sum,0.00
86,1780553830323170560,1780553831323170560,HTTP Connection Reused,ratio,p1,0.00
86,1780553830323170560,1780553831323170560,HTTP Connection Reused,ratio,p5,0.00
86,1780553830323170560,1780553831323170560,HTTP Connection Reused,ratio,p10,0.00
86,1780553830323170560,1780553831323170560,HTTP Connection Reused,ratio,p25,0.00
86,1780553830323170560,1780553831323170560,HTTP Connection Reused,ratio,p50,0.00
86,1780553830323170560,1780553831323170560,HTTP Connection Reused,ratio,p75,0.00
86,1780553830323170560,1780553831323170560,HTTP Connection Reused,ratio,p90,0.00
86,1780553830323170560,1780553831323170560,HTTP Connection Reused,ratio,p95,0.00
86,1780553830323170560,1780553831323170560,HTTP Connection Reused,ratio,p99,0.00
86,1780553830323170560,1780553831323170560,HTTP Connection Reused,ratio,std,0.00
86,1780553830323170560,1780553831323170560,HTTP Data Received,KB,avg,285.95
86,1780553830323170560,1780553831323170560,HTTP Data Received,KB,min,285.95
86,1780553830323170560,1780553831323170560,HTTP Data Received,KB,max,285.95
86,1780553830323170560,1780553831323170560,HTTP Data Received,KB,sum,285.95
86,1780553830323170560,1780553831323170560,HTTP Data Received,KB,p1,285.95
86,1780553830323170560,1780553831323170560,HTTP Data Received,KB,p5,285.95
86,1780553830323170560,1780553831323170560,HTTP Data Received,KB,p10,285.95
86,1780553830323170560,1780553831323170560,HTTP Data Received,KB,p25,285.95
86,1780553830323170560,1780553831323170560,HTTP Data Received,KB,p50,285.95
86,1780553830323170560,1780553831323170560,HTTP Data Received,KB,p75,285.95
86,1780553830323170560,1780553831323170560,HTTP Data Received,KB,p90,285.95
86,1780553830323170560,1780553831323170560,HTTP Data Received,KB,p95,285.95
86,1780553830323170560,1780553831323170560,HTTP Data Received,KB,p99,285.95
86,1780553830323170560,1780553831323170560,HTTP Data Received,KB,std,0.00
86,1780553830323170560,1780553831323170560,HTTP Data Sent,KB,avg,194.38
86,1780553830323170560,1780553831323170560,HTTP Data Sent,KB,min,194.38
86,1780553830323170560,1780553831323170560,HTTP Data Sent,KB,max,194.38
86,1780553830323170560,1780553831323170560,HTTP Data Sent,KB,sum,194.38
86,1780553830323170560,1780553831323170560,HTTP Data Sent,KB,p1,194.38
86,1780553830323170560,1780553831323170560,HTTP Data Sent,KB,p5,194.38
86,1780553830323170560,1780553831323170560,HTTP Data Sent,KB,p10,194.38
86,1780553830323170560,1780553831323170560,HTTP Data Sent,KB,p25,194.38
86,1780553830323170560,1780553831323170560,HTTP Data Sent,KB,p50,194.38
86,1780553830323170560,1780553831323170560,HTTP Data Sent,KB,p75,194.38
86,1780553830323170560,1780553831323170560,HTTP Data Sent,KB,p90,194.38
86,1780553830323170560,1780553831323170560,HTTP Data Sent,KB,p95,194.38
86,1780553830323170560,1780553831323170560,HTTP Data Sent,KB,p99,194.38
86,1780553830323170560,1780553831323170560,HTTP Data Sent,KB,std,0.00
86,1780553830323170560,1780553831323170560,HTTP DNS Lookup,ms,avg,0.00
86,1780553830323170560,1780553831323170560,HTTP DNS Lookup,ms,min,0.00
86,1780553830323170560,1780553831323170560,HTTP DNS Lookup,ms,max,0.00
86,1780553830323170560,1780553831323170560,HTTP DNS Lookup,ms,sum,0.00
86,1780553830323170560,1780553831323170560,HTTP DNS Lookup,ms,p1,0.00
86,1780553830323170560,1780553831323170560,HTTP DNS Lookup,ms,p5,0.00
86,1780553830323170560,1780553831323170560,HTTP DNS Lookup,ms,p10,0.00
86,1780553830323170560,1780553831323170560,HTTP DNS Lookup,ms,p25,0.00
86,1780553830323170560,1780553831323170560,HTTP DNS Lookup,ms,p50,0.00
86,1780553830323170560,1780553831323170560,HTTP DNS Lookup,ms,p75,0.00
86,1780553830323170560,1780553831323170560,HTTP DNS Lookup,ms,p90,0.00
86,1780553830323170560,1780553831323170560,HTTP DNS Lookup,ms,p95,0.00
86,1780553830323170560,1780553831323170560,HTTP DNS Lookup,ms,p99,0.00
86,1780553830323170560,1780553831323170560,HTTP DNS Lookup,ms,std,0.00
86,1780553830323170560,1780553831323170560,HTTP Duration (excl. conn),ms,avg,183358.58
86,1780553830323170560,1780553831323170560,HTTP Duration (excl. conn),ms,min,183358.58
86,1780553830323170560,1780553831323170560,HTTP Duration (excl. conn),ms,max,183358.58
86,1780553830323170560,1780553831323170560,HTTP Duration (excl. conn),ms,sum,183358.58
86,1780553830323170560,1780553831323170560,HTTP Duration (excl. conn),ms,p1,183358.58
86,1780553830323170560,1780553831323170560,HTTP Duration (excl. conn),ms,p5,183358.58
86,1780553830323170560,1780553831323170560,HTTP Duration (excl. conn),ms,p10,183358.58
86,1780553830323170560,1780553831323170560,HTTP Duration (excl. conn),ms,p25,183358.58
86,1780553830323170560,1780553831323170560,HTTP Duration (excl. conn),ms,p50,183358.58
86,1780553830323170560,1780553831323170560,HTTP Duration (excl. conn),ms,p75,183358.58
86,1780553830323170560,1780553831323170560,HTTP Duration (excl. conn),ms,p90,183358.58
86,1780553830323170560,1780553831323170560,HTTP Duration (excl. conn),ms,p95,183358.58
86,1780553830323170560,1780553831323170560,HTTP Duration (excl. conn),ms,p99,183358.58
86,1780553830323170560,1780553831323170560,HTTP Duration (excl. conn),ms,std,0.00
86,1780553830323170560,1780553831323170560,HTTP Receiving,ms,avg,151783.16
86,1780553830323170560,1780553831323170560,HTTP Receiving,ms,min,151783.16
86,1780553830323170560,1780553831323170560,HTTP Receiving,ms,max,151783.16
86,1780553830323170560,1780553831323170560,HTTP Receiving,ms,sum,151783.16
86,1780553830323170560,1780553831323170560,HTTP Receiving,ms,p1,151783.16
86,1780553830323170560,1780553831323170560,HTTP Receiving,ms,p5,151783.16
86,1780553830323170560,1780553831323170560,HTTP Receiving,ms,p10,151783.16
86,1780553830323170560,1780553831323170560,HTTP Receiving,ms,p25,151783.16
86,1780553830323170560,1780553831323170560,HTTP Receiving,ms,p50,151783.16
86,1780553830323170560,1780553831323170560,HTTP Receiving,ms,p75,151783.16
86,1780553830323170560,1780553831323170560,HTTP Receiving,ms,p90,151783.16
86,1780553830323170560,1780553831323170560,HTTP Receiving,ms,p95,151783.16
86,1780553830323170560,1780553831323170560,HTTP Receiving,ms,p99,151783.16
86,1780553830323170560,1780553831323170560,HTTP Receiving,ms,std,0.00
86,1780553830323170560,1780553831323170560,HTTP Sending,ms,avg,0.97
86,1780553830323170560,1780553831323170560,HTTP Sending,ms,min,0.97
86,1780553830323170560,1780553831323170560,HTTP Sending,ms,max,0.97
86,1780553830323170560,1780553831323170560,HTTP Sending,ms,sum,0.97
86,1780553830323170560,1780553831323170560,HTTP Sending,ms,p1,0.97
86,1780553830323170560,1780553831323170560,HTTP Sending,ms,p5,0.97
86,1780553830323170560,1780553831323170560,HTTP Sending,ms,p10,0.97
86,1780553830323170560,1780553831323170560,HTTP Sending,ms,p25,0.97
86,1780553830323170560,1780553831323170560,HTTP Sending,ms,p50,0.97
86,1780553830323170560,1780553831323170560,HTTP Sending,ms,p75,0.97
86,1780553830323170560,1780553831323170560,HTTP Sending,ms,p90,0.97
86,1780553830323170560,1780553831323170560,HTTP Sending,ms,p95,0.97
86,1780553830323170560,1780553831323170560,HTTP Sending,ms,p99,0.97
86,1780553830323170560,1780553831323170560,HTTP Sending,ms,std,0.00
86,1780553830323170560,1780553831323170560,HTTP Total Time,ms,avg,183359.27
86,1780553830323170560,1780553831323170560,HTTP Total Time,ms,min,183359.27
86,1780553830323170560,1780553831323170560,HTTP Total Time,ms,max,183359.27
86,1780553830323170560,1780553831323170560,HTTP Total Time,ms,sum,183359.27
86,1780553830323170560,1780553831323170560,HTTP Total Time,ms,p1,183359.27
86,1780553830323170560,1780553831323170560,HTTP Total Time,ms,p5,183359.27
86,1780553830323170560,1780553831323170560,HTTP Total Time,ms,p10,183359.27
86,1780553830323170560,1780553831323170560,HTTP Total Time,ms,p25,183359.27
86,1780553830323170560,1780553831323170560,HTTP Total Time,ms,p50,183359.27
86,1780553830323170560,1780553831323170560,HTTP Total Time,ms,p75,183359.27
86,1780553830323170560,1780553831323170560,HTTP Total Time,ms,p90,183359.27
86,1780553830323170560,1780553831323170560,HTTP Total Time,ms,p95,183359.27
86,1780553830323170560,1780553831323170560,HTTP Total Time,ms,p99,183359.27
86,1780553830323170560,1780553831323170560,HTTP Total Time,ms,std,0.00
86,1780553830323170560,1780553831323170560,HTTP Waiting (TTFB),ms,avg,31574.44
86,1780553830323170560,1780553831323170560,HTTP Waiting (TTFB),ms,min,31574.44
86,1780553830323170560,1780553831323170560,HTTP Waiting (TTFB),ms,max,31574.44
86,1780553830323170560,1780553831323170560,HTTP Waiting (TTFB),ms,sum,31574.44
86,1780553830323170560,1780553831323170560,HTTP Waiting (TTFB),ms,p1,31574.44
86,1780553830323170560,1780553831323170560,HTTP Waiting (TTFB),ms,p5,31574.44
86,1780553830323170560,1780553831323170560,HTTP Waiting (TTFB),ms,p10,31574.44
86,1780553830323170560,1780553831323170560,HTTP Waiting (TTFB),ms,p25,31574.44
86,1780553830323170560,1780553831323170560,HTTP Waiting (TTFB),ms,p50,31574.44
86,1780553830323170560,1780553831323170560,HTTP Waiting (TTFB),ms,p75,31574.44
86,1780553830323170560,1780553831323170560,HTTP Waiting (TTFB),ms,p90,31574.44
86,1780553830323170560,1780553831323170560,HTTP Waiting (TTFB),ms,p95,31574.44
86,1780553830323170560,1780553831323170560,HTTP Waiting (TTFB),ms,p99,31574.44
86,1780553830323170560,1780553831323170560,HTTP Waiting (TTFB),ms,std,0.00
86,1780553830323170560,1780553831323170560,Input Sequence Length,tokens,avg,49662.00
86,1780553830323170560,1780553831323170560,Input Sequence Length,tokens,min,49662.00
86,1780553830323170560,1780553831323170560,Input Sequence Length,tokens,max,49662.00
86,1780553830323170560,1780553831323170560,Input Sequence Length,tokens,sum,49662.00
86,1780553830323170560,1780553831323170560,Input Sequence Length,tokens,p1,49662.00
86,1780553830323170560,1780553831323170560,Input Sequence Length,tokens,p5,49662.00
86,1780553830323170560,1780553831323170560,Input Sequence Length,tokens,p10,49662.00
86,1780553830323170560,1780553831323170560,Input Sequence Length,tokens,p25,49662.00
86,1780553830323170560,1780553831323170560,Input Sequence Length,tokens,p50,49662.00
86,1780553830323170560,1780553831323170560,Input Sequence Length,tokens,p75,49662.00
86,1780553830323170560,1780553831323170560,Input Sequence Length,tokens,p90,49662.00
86,1780553830323170560,1780553831323170560,Input Sequence Length,tokens,p95,49662.00
86,1780553830323170560,1780553831323170560,Input Sequence Length,tokens,p99,49662.00
86,1780553830323170560,1780553831323170560,Input Sequence Length,tokens,std,0.00
86,1780553830323170560,1780553831323170560,Input Token Throughput,tokens/sec,avg,49662.00
86,1780553830323170560,1780553831323170560,Inter Chunk Latency,ms,avg,67.33
86,1780553830323170560,1780553831323170560,Inter Chunk Latency,ms,min,67.31
86,1780553830323170560,1780553831323170560,Inter Chunk Latency,ms,max,67.34
86,1780553830323170560,1780553831323170560,Inter Chunk Latency,ms,sum,77155.48
86,1780553830323170560,1780553831323170560,Inter Chunk Latency,ms,p1,67.31
86,1780553830323170560,1780553831323170560,Inter Chunk Latency,ms,p5,67.31
86,1780553830323170560,1780553831323170560,Inter Chunk Latency,ms,p10,67.31
86,1780553830323170560,1780553831323170560,Inter Chunk Latency,ms,p25,67.32
86,1780553830323170560,1780553831323170560,Inter Chunk Latency,ms,p50,67.33
86,1780553830323170560,1780553831323170560,Inter Chunk Latency,ms,p75,67.34
86,1780553830323170560,1780553831323170560,Inter Chunk Latency,ms,p90,67.34
86,1780553830323170560,1780553831323170560,Inter Chunk Latency,ms,p95,67.34
86,1780553830323170560,1780553831323170560,Inter Chunk Latency,ms,p99,67.34
86,1780553830323170560,1780553831323170560,Inter Chunk Latency,ms,std,0.01
86,1780553830323170560,1780553831323170560,Inter Token Latency,ms,avg,132.45
86,1780553830323170560,1780553831323170560,Inter Token Latency,ms,min,132.45
86,1780553830323170560,1780553831323170560,Inter Token Latency,ms,max,132.45
86,1780553830323170560,1780553831323170560,Inter Token Latency,ms,sum,132.45
86,1780553830323170560,1780553831323170560,Inter Token Latency,ms,p1,132.45
86,1780553830323170560,1780553831323170560,Inter Token Latency,ms,p5,132.45
86,1780553830323170560,1780553831323170560,Inter Token Latency,ms,p10,132.45
86,1780553830323170560,1780553831323170560,Inter Token Latency,ms,p25,132.45
86,1780553830323170560,1780553831323170560,Inter Token Latency,ms,p50,132.45
86,1780553830323170560,1780553831323170560,Inter Token Latency,ms,p75,132.45
86,1780553830323170560,1780553831323170560,Inter Token Latency,ms,p90,132.45
86,1780553830323170560,1780553831323170560,Inter Token Latency,ms,p95,132.45
86,1780553830323170560,1780553831323170560,Inter Token Latency,ms,p99,132.45
86,1780553830323170560,1780553831323170560,Inter Token Latency,ms,std,0.00
86,1780553830323170560,1780553831323170560,Maximum Response Timestamp,ns,avg,1780554014384923904.00
86,1780553830323170560,1780553831323170560,Minimum Request Timestamp,ns,avg,1780553831026234368.00
86,1780553830323170560,1780553831323170560,OSL Mismatch Count,requests,avg,0.00
86,1780553830323170560,1780553831323170560,OSL Mismatch Diff %,%,avg,0.00
86,1780553830323170560,1780553831323170560,OSL Mismatch Diff %,%,min,0.00
86,1780553830323170560,1780553831323170560,OSL Mismatch Diff %,%,max,0.00
86,1780553830323170560,1780553831323170560,OSL Mismatch Diff %,%,sum,0.00
86,1780553830323170560,1780553831323170560,OSL Mismatch Diff %,%,p1,0.00
86,1780553830323170560,1780553831323170560,OSL Mismatch Diff %,%,p5,0.00
86,1780553830323170560,1780553831323170560,OSL Mismatch Diff %,%,p10,0.00
86,1780553830323170560,1780553831323170560,OSL Mismatch Diff %,%,p25,0.00
86,1780553830323170560,1780553831323170560,OSL Mismatch Diff %,%,p50,0.00
86,1780553830323170560,1780553831323170560,OSL Mismatch Diff %,%,p75,0.00
86,1780553830323170560,1780553831323170560,OSL Mismatch Diff %,%,p90,0.00
86,1780553830323170560,1780553831323170560,OSL Mismatch Diff %,%,p95,0.00
86,1780553830323170560,1780553831323170560,OSL Mismatch Diff %,%,p99,0.00
86,1780553830323170560,1780553831323170560,OSL Mismatch Diff %,%,std,0.00
86,1780553830323170560,1780553831323170560,Output Sequence Length,tokens,avg,1147.00
86,1780553830323170560,1780553831323170560,Output Sequence Length,tokens,min,1147.00
86,1780553830323170560,1780553831323170560,Output Sequence Length,tokens,max,1147.00
86,1780553830323170560,1780553831323170560,Output Sequence Length,tokens,sum,1147.00
86,1780553830323170560,1780553831323170560,Output Sequence Length,tokens,p1,1147.00
86,1780553830323170560,1780553831323170560,Output Sequence Length,tokens,p5,1147.00
86,1780553830323170560,1780553831323170560,Output Sequence Length,tokens,p10,1147.00
86,1780553830323170560,1780553831323170560,Output Sequence Length,tokens,p25,1147.00
86,1780553830323170560,1780553831323170560,Output Sequence Length,tokens,p50,1147.00
86,1780553830323170560,1780553831323170560,Output Sequence Length,tokens,p75,1147.00
86,1780553830323170560,1780553831323170560,Output Sequence Length,tokens,p90,1147.00
86,1780553830323170560,1780553831323170560,Output Sequence Length,tokens,p95,1147.00
86,1780553830323170560,1780553831323170560,Output Sequence Length,tokens,p99,1147.00
86,1780553830323170560,1780553831323170560,Output Sequence Length,tokens,std,0.00
86,1780553830323170560,1780553831323170560,Output Token Count,tokens,avg,1147.00
86,1780553830323170560,1780553831323170560,Output Token Count,tokens,min,1147.00
86,1780553830323170560,1780553831323170560,Output Token Count,tokens,max,1147.00
86,1780553830323170560,1780553831323170560,Output Token Count,tokens,sum,1147.00
86,1780553830323170560,1780553831323170560,Output Token Count,tokens,p1,1147.00
86,1780553830323170560,1780553831323170560,Output Token Count,tokens,p5,1147.00
86,1780553830323170560,1780553831323170560,Output Token Count,tokens,p10,1147.00
86,1780553830323170560,1780553831323170560,Output Token Count,tokens,p25,1147.00
86,1780553830323170560,1780553831323170560,Output Token Count,tokens,p50,1147.00
86,1780553830323170560,1780553831323170560,Output Token Count,tokens,p75,1147.00
86,1780553830323170560,1780553831323170560,Output Token Count,tokens,p90,1147.00
86,1780553830323170560,1780553831323170560,Output Token Count,tokens,p95,1147.00
86,1780553830323170560,1780553831323170560,Output Token Count,tokens,p99,1147.00
86,1780553830323170560,1780553831323170560,Output Token Count,tokens,std,0.00
86,1780553830323170560,1780553831323170560,Output Token Throughput,tokens/sec,avg,1147.00
86,1780553830323170560,1780553831323170560,Output Token Throughput Per User,tokens/sec/user,avg,7.55
86,1780553830323170560,1780553831323170560,Output Token Throughput Per User,tokens/sec/user,min,7.55
86,1780553830323170560,1780553831323170560,Output Token Throughput Per User,tokens/sec/user,max,7.55
86,1780553830323170560,1780553831323170560,Output Token Throughput Per User,tokens/sec/user,sum,7.55
86,1780553830323170560,1780553831323170560,Output Token Throughput Per User,tokens/sec/user,p1,7.55
86,1780553830323170560,1780553831323170560,Output Token Throughput Per User,tokens/sec/user,p5,7.55
86,1780553830323170560,1780553831323170560,Output Token Throughput Per User,tokens/sec/user,p10,7.55
86,1780553830323170560,1780553831323170560,Output Token Throughput Per User,tokens/sec/user,p25,7.55
86,1780553830323170560,1780553831323170560,Output Token Throughput Per User,tokens/sec/user,p50,7.55
86,1780553830323170560,1780553831323170560,Output Token Throughput Per User,tokens/sec/user,p75,7.55
86,1780553830323170560,1780553831323170560,Output Token Throughput Per User,tokens/sec/user,p90,7.55
86,1780553830323170560,1780553831323170560,Output Token Throughput Per User,tokens/sec/user,p95,7.55
86,1780553830323170560,1780553831323170560,Output Token Throughput Per User,tokens/sec/user,p99,7.55
86,1780553830323170560,1780553831323170560,Output Token Throughput Per User,tokens/sec/user,std,0.00
86,1780553830323170560,1780553831323170560,Prefill Throughput Per User,tokens/sec/user,avg,1572.80
86,1780553830323170560,1780553831323170560,Prefill Throughput Per User,tokens/sec/user,min,1572.80
86,1780553830323170560,1780553831323170560,Prefill Throughput Per User,tokens/sec/user,max,1572.80
86,1780553830323170560,1780553831323170560,Prefill Throughput Per User,tokens/sec/user,sum,1572.80
86,1780553830323170560,1780553831323170560,Prefill Throughput Per User,tokens/sec/user,p1,1572.80
86,1780553830323170560,1780553831323170560,Prefill Throughput Per User,tokens/sec/user,p5,1572.80
86,1780553830323170560,1780553831323170560,Prefill Throughput Per User,tokens/sec/user,p10,1572.80
86,1780553830323170560,1780553831323170560,Prefill Throughput Per User,tokens/sec/user,p25,1572.80
86,1780553830323170560,1780553831323170560,Prefill Throughput Per User,tokens/sec/user,p50,1572.80
86,1780553830323170560,1780553831323170560,Prefill Throughput Per User,tokens/sec/user,p75,1572.80
86,1780553830323170560,1780553831323170560,Prefill Throughput Per User,tokens/sec/user,p90,1572.80
86,1780553830323170560,1780553831323170560,Prefill Throughput Per User,tokens/sec/user,p95,1572.80
86,1780553830323170560,1780553831323170560,Prefill Throughput Per User,tokens/sec/user,p99,1572.80
86,1780553830323170560,1780553831323170560,Prefill Throughput Per User,tokens/sec/user,std,0.00
86,1780553830323170560,1780553831323170560,Request Count,requests,avg,1.00
86,1780553830323170560,1780553831323170560,Request Latency,ms,avg,183358.69
86,1780553830323170560,1780553831323170560,Request Latency,ms,min,183358.69
86,1780553830323170560,1780553831323170560,Request Latency,ms,max,183358.69
86,1780553830323170560,1780553831323170560,Request Latency,ms,sum,183358.69
86,1780553830323170560,1780553831323170560,Request Latency,ms,p1,183358.69
86,1780553830323170560,1780553831323170560,Request Latency,ms,p5,183358.69
86,1780553830323170560,1780553831323170560,Request Latency,ms,p10,183358.69
86,1780553830323170560,1780553831323170560,Request Latency,ms,p25,183358.69
86,1780553830323170560,1780553831323170560,Request Latency,ms,p50,183358.69
86,1780553830323170560,1780553831323170560,Request Latency,ms,p75,183358.69
86,1780553830323170560,1780553831323170560,Request Latency,ms,p90,183358.69
86,1780553830323170560,1780553831323170560,Request Latency,ms,p95,183358.69
86,1780553830323170560,1780553831323170560,Request Latency,ms,p99,183358.69
86,1780553830323170560,1780553831323170560,Request Latency,ms,std,0.00
86,1780553830323170560,1780553831323170560,Request Throughput,requests/sec,avg,1.00
86,1780553830323170560,1780553831323170560,Requested OSL,tokens,avg,1147.00
86,1780553830323170560,1780553831323170560,Requested OSL,tokens,min,1147.00
86,1780553830323170560,1780553831323170560,Requested OSL,tokens,max,1147.00
86,1780553830323170560,1780553831323170560,Requested OSL,tokens,sum,1147.00
86,1780553830323170560,1780553831323170560,Requested OSL,tokens,p1,1147.00
86,1780553830323170560,1780553831323170560,Requested OSL,tokens,p5,1147.00
86,1780553830323170560,1780553831323170560,Requested OSL,tokens,p10,1147.00
86,1780553830323170560,1780553831323170560,Requested OSL,tokens,p25,1147.00
86,1780553830323170560,1780553831323170560,Requested OSL,tokens,p50,1147.00
86,1780553830323170560,1780553831323170560,Requested OSL,tokens,p75,1147.00
86,1780553830323170560,1780553831323170560,Requested OSL,tokens,p90,1147.00
86,1780553830323170560,1780553831323170560,Requested OSL,tokens,p95,1147.00
86,1780553830323170560,1780553831323170560,Requested OSL,tokens,p99,1147.00
86,1780553830323170560,1780553831323170560,Requested OSL,tokens,std,0.00
86,1780553830323170560,1780553831323170560,Time to First Output Token,ms,avg,31575.54
86,1780553830323170560,1780553831323170560,Time to First Output Token,ms,min,31575.54
86,1780553830323170560,1780553831323170560,Time to First Output Token,ms,max,31575.54
86,1780553830323170560,1780553831323170560,Time to First Output Token,ms,sum,31575.54
86,1780553830323170560,1780553831323170560,Time to First Output Token,ms,p1,31575.54
86,1780553830323170560,1780553831323170560,Time to First Output Token,ms,p5,31575.54
86,1780553830323170560,1780553831323170560,Time to First Output Token,ms,p10,31575.54
86,1780553830323170560,1780553831323170560,Time to First Output Token,ms,p25,31575.54
86,1780553830323170560,1780553831323170560,Time to First Output Token,ms,p50,31575.54
86,1780553830323170560,1780553831323170560,Time to First Output Token,ms,p75,31575.54
86,1780553830323170560,1780553831323170560,Time to First Output Token,ms,p90,31575.54
86,1780553830323170560,1780553831323170560,Time to First Output Token,ms,p95,31575.54
86,1780553830323170560,1780553831323170560,Time to First Output Token,ms,p99,31575.54
86,1780553830323170560,1780553831323170560,Time to First Output Token,ms,std,0.00
86,1780553830323170560,1780553831323170560,Time to First Token,ms,avg,31575.54
86,1780553830323170560,1780553831323170560,Time to First Token,ms,min,31575.54
86,1780553830323170560,1780553831323170560,Time to First Token,ms,max,31575.54
86,1780553830323170560,1780553831323170560,Time to First Token,ms,sum,31575.54
86,1780553830323170560,1780553831323170560,Time to First Token,ms,p1,31575.54
86,1780553830323170560,1780553831323170560,Time to First Token,ms,p5,31575.54
86,1780553830323170560,1780553831323170560,Time to First Token,ms,p10,31575.54
86,1780553830323170560,1780553831323170560,Time to First Token,ms,p25,31575.54
86,1780553830323170560,1780553831323170560,Time to First Token,ms,p50,31575.54
86,1780553830323170560,1780553831323170560,Time to First Token,ms,p75,31575.54
86,1780553830323170560,1780553831323170560,Time to First Token,ms,p90,31575.54
86,1780553830323170560,1780553831323170560,Time to First Token,ms,p95,31575.54
86,1780553830323170560,1780553831323170560,Time to First Token,ms,p99,31575.54
86,1780553830323170560,1780553831323170560,Time to First Token,ms,std,0.00
86,1780553830323170560,1780553831323170560,Time to Second Token,ms,avg,156.15
86,1780553830323170560,1780553831323170560,Time to Second Token,ms,min,156.15
86,1780553830323170560,1780553831323170560,Time to Second Token,ms,max,156.15
86,1780553830323170560,1780553831323170560,Time to Second Token,ms,sum,156.15
86,1780553830323170560,1780553831323170560,Time to Second Token,ms,p1,156.15
86,1780553830323170560,1780553831323170560,Time to Second Token,ms,p5,156.15
86,1780553830323170560,1780553831323170560,Time to Second Token,ms,p10,156.15
86,1780553830323170560,1780553831323170560,Time to Second Token,ms,p25,156.15
86,1780553830323170560,1780553831323170560,Time to Second Token,ms,p50,156.15
86,1780553830323170560,1780553831323170560,Time to Second Token,ms,p75,156.15
86,1780553830323170560,1780553831323170560,Time to Second Token,ms,p90,156.15
86,1780553830323170560,1780553831323170560,Time to Second Token,ms,p95,156.15
86,1780553830323170560,1780553831323170560,Time to Second Token,ms,p99,156.15
86,1780553830323170560,1780553831323170560,Time to Second Token,ms,std,0.00
86,1780553830323170560,1780553831323170560,Tokens In Flight,tokens,avg,1476617.47
86,1780553830323170560,1780553831323170560,Tokens In Flight,tokens,min,1461846.97
86,1780553830323170560,1780553831323170560,Tokens In Flight,tokens,max,1511557.83
86,1780553830323170560,1780553831323170560,Tokens In Flight,tokens,p50,1461870.77
86,1780553830323170560,1780553831323170560,Tokens In Flight,tokens,p90,1511551.32
86,1780553830323170560,1780553831323170560,Tokens In Flight,tokens,p95,1511554.57
86,1780553830323170560,1780553831323170560,Tokens In Flight,tokens,p99,1511556.58
86,1780553830323170560,1780553831323170560,Tokens In Flight,tokens,std,22702.02
86,1780553830323170560,1780553831323170560,Total Input Sequence Length,tokens,avg,49662.00
86,1780553830323170560,1780553831323170560,Total Output Sequence Length,tokens,avg,1147.00
86,1780553830323170560,1780553831323170560,Total Output Tokens,tokens,avg,1147.00
86,1780553830323170560,1780553831323170560,Total Token Throughput,tokens/sec,avg,50809.00
86,1780553830323170560,1780553831323170560,Total Usage Completion Tokens,tokens,avg,1147.00
86,1780553830323170560,1780553831323170560,Total Usage Prompt Tokens,tokens,avg,49662.00
86,1780553830323170560,1780553831323170560,Total Usage Total Tokens,tokens,avg,50809.00
86,1780553830323170560,1780553831323170560,Usage Completion Tokens,tokens,avg,1147.00
86,1780553830323170560,1780553831323170560,Usage Completion Tokens,tokens,min,1147.00
86,1780553830323170560,1780553831323170560,Usage Completion Tokens,tokens,max,1147.00
86,1780553830323170560,1780553831323170560,Usage Completion Tokens,tokens,sum,1147.00
86,1780553830323170560,1780553831323170560,Usage Completion Tokens,tokens,p1,1147.00
86,1780553830323170560,1780553831323170560,Usage Completion Tokens,tokens,p5,1147.00
86,1780553830323170560,1780553831323170560,Usage Completion Tokens,tokens,p10,1147.00
86,1780553830323170560,1780553831323170560,Usage Completion Tokens,tokens,p25,1147.00
86,1780553830323170560,1780553831323170560,Usage Completion Tokens,tokens,p50,1147.00
86,1780553830323170560,1780553831323170560,Usage Completion Tokens,tokens,p75,1147.00
86,1780553830323170560,1780553831323170560,Usage Completion Tokens,tokens,p90,1147.00
86,1780553830323170560,1780553831323170560,Usage Completion Tokens,tokens,p95,1147.00
86,1780553830323170560,1780553831323170560,Usage Completion Tokens,tokens,p99,1147.00
86,1780553830323170560,1780553831323170560,Usage Completion Tokens,tokens,std,0.00
86,1780553830323170560,1780553831323170560,Usage Prompt Tokens,tokens,avg,49662.00
86,1780553830323170560,1780553831323170560,Usage Prompt Tokens,tokens,min,49662.00
86,1780553830323170560,1780553831323170560,Usage Prompt Tokens,tokens,max,49662.00
86,1780553830323170560,1780553831323170560,Usage Prompt Tokens,tokens,sum,49662.00
86,1780553830323170560,1780553831323170560,Usage Prompt Tokens,tokens,p1,49662.00
86,1780553830323170560,1780553831323170560,Usage Prompt Tokens,tokens,p5,49662.00
86,1780553830323170560,1780553831323170560,Usage Prompt Tokens,tokens,p10,49662.00
86,1780553830323170560,1780553831323170560,Usage Prompt Tokens,tokens,p25,49662.00
86,1780553830323170560,1780553831323170560,Usage Prompt Tokens,tokens,p50,49662.00
86,1780553830323170560,1780553831323170560,Usage Prompt Tokens,tokens,p75,49662.00
86,1780553830323170560,1780553831323170560,Usage Prompt Tokens,tokens,p90,49662.00
86,1780553830323170560,1780553831323170560,Usage Prompt Tokens,tokens,p95,49662.00
86,1780553830323170560,1780553831323170560,Usage Prompt Tokens,tokens,p99,49662.00
86,1780553830323170560,1780553831323170560,Usage Prompt Tokens,tokens,std,0.00
86,1780553830323170560,1780553831323170560,Usage Total Tokens,tokens,avg,50809.00
86,1780553830323170560,1780553831323170560,Usage Total Tokens,tokens,min,50809.00
86,1780553830323170560,1780553831323170560,Usage Total Tokens,tokens,max,50809.00
86,1780553830323170560,1780553831323170560,Usage Total Tokens,tokens,sum,50809.00
86,1780553830323170560,1780553831323170560,Usage Total Tokens,tokens,p1,50809.00
86,1780553830323170560,1780553831323170560,Usage Total Tokens,tokens,p5,50809.00
86,1780553830323170560,1780553831323170560,Usage Total Tokens,tokens,p10,50809.00
86,1780553830323170560,1780553831323170560,Usage Total Tokens,tokens,p25,50809.00
86,1780553830323170560,1780553831323170560,Usage Total Tokens,tokens,p50,50809.00
86,1780553830323170560,1780553831323170560,Usage Total Tokens,tokens,p75,50809.00
86,1780553830323170560,1780553831323170560,Usage Total Tokens,tokens,p90,50809.00
86,1780553830323170560,1780553831323170560,Usage Total Tokens,tokens,p95,50809.00
86,1780553830323170560,1780553831323170560,Usage Total Tokens,tokens,p99,50809.00
86,1780553830323170560,1780553831323170560,Usage Total Tokens,tokens,std,0.00
87,1780553848323170560,1780553849323170560,Active Decode Throughput,tokens/sec,avg,60.29
87,1780553848323170560,1780553849323170560,Active Decode Throughput,tokens/sec,min,44.72
87,1780553848323170560,1780553849323170560,Active Decode Throughput,tokens/sec,max,82.02
87,1780553848323170560,1780553849323170560,Active Decode Throughput,tokens/sec,p50,63.37
87,1780553848323170560,1780553849323170560,Active Decode Throughput,tokens/sec,p90,63.37
87,1780553848323170560,1780553849323170560,Active Decode Throughput,tokens/sec,p95,63.37
87,1780553848323170560,1780553849323170560,Active Decode Throughput,tokens/sec,p99,63.37
87,1780553848323170560,1780553849323170560,Active Decode Throughput,tokens/sec,std,6.09
87,1780553848323170560,1780553849323170560,Active Decode Throughput Per User,tokens/sec/user,avg,5.57
87,1780553848323170560,1780553849323170560,Active Decode Throughput Per User,tokens/sec/user,min,4.07
87,1780553848323170560,1780553849323170560,Active Decode Throughput Per User,tokens/sec/user,max,7.46
87,1780553848323170560,1780553849323170560,Active Decode Throughput Per User,tokens/sec/user,p50,5.76
87,1780553848323170560,1780553849323170560,Active Decode Throughput Per User,tokens/sec/user,p90,5.76
87,1780553848323170560,1780553849323170560,Active Decode Throughput Per User,tokens/sec/user,p95,5.76
87,1780553848323170560,1780553849323170560,Active Decode Throughput Per User,tokens/sec/user,p99,5.76
87,1780553848323170560,1780553849323170560,Active Decode Throughput Per User,tokens/sec/user,std,0.38
87,1780553848323170560,1780553849323170560,Active Prefill Throughput,tokens/sec,avg,5692.32
87,1780553848323170560,1780553849323170560,Active Prefill Throughput,tokens/sec,min,4608.90
87,1780553848323170560,1780553849323170560,Active Prefill Throughput,tokens/sec,max,9198.98
87,1780553848323170560,1780553849323170560,Active Prefill Throughput,tokens/sec,p50,4608.90
87,1780553848323170560,1780553849323170560,Active Prefill Throughput,tokens/sec,p90,9198.98
87,1780553848323170560,1780553849323170560,Active Prefill Throughput,tokens/sec,p95,9198.98
87,1780553848323170560,1780553849323170560,Active Prefill Throughput,tokens/sec,p99,9198.98
87,1780553848323170560,1780553849323170560,Active Prefill Throughput,tokens/sec,std,1673.27
87,1780553848323170560,1780553849323170560,Active Prefill Throughput Per User,tokens/sec/user,avg,1284.82
87,1780553848323170560,1780553849323170560,Active Prefill Throughput Per User,tokens/sec/user,min,1152.22
87,1780553848323170560,1780553849323170560,Active Prefill Throughput Per User,tokens/sec/user,max,1839.80
87,1780553848323170560,1780553849323170560,Active Prefill Throughput Per User,tokens/sec/user,p50,1152.22
87,1780553848323170560,1780553849323170560,Active Prefill Throughput Per User,tokens/sec/user,p90,1839.80
87,1780553848323170560,1780553849323170560,Active Prefill Throughput Per User,tokens/sec/user,p95,1839.80
87,1780553848323170560,1780553849323170560,Active Prefill Throughput Per User,tokens/sec/user,p99,1839.80
87,1780553848323170560,1780553849323170560,Active Prefill Throughput Per User,tokens/sec/user,std,246.73
87,1780553848323170560,1780553849323170560,Active Total Throughput,tokens/sec,avg,5760.60
87,1780553848323170560,1780553849323170560,Active Total Throughput,tokens/sec,min,4678.63
87,1780553848323170560,1780553849323170560,Active Total Throughput,tokens/sec,max,9268.71
87,1780553848323170560,1780553849323170560,Active Total Throughput,tokens/sec,p50,4678.63
87,1780553848323170560,1780553849323170560,Active Total Throughput,tokens/sec,p90,9268.71
87,1780553848323170560,1780553849323170560,Active Total Throughput,tokens/sec,p95,9268.71
87,1780553848323170560,1780553849323170560,Active Total Throughput,tokens/sec,p99,9268.71
87,1780553848323170560,1780553849323170560,Active Total Throughput,tokens/sec,std,1672.75
87,1780553848323170560,1780553849323170560,Benchmark Duration,sec,avg,562.69
87,1780553848323170560,1780553849323170560,E2E Output Token Throughput,tokens/sec/user,avg,6.73
87,1780553848323170560,1780553849323170560,E2E Output Token Throughput,tokens/sec/user,min,6.73
87,1780553848323170560,1780553849323170560,E2E Output Token Throughput,tokens/sec/user,max,6.73
87,1780553848323170560,1780553849323170560,E2E Output Token Throughput,tokens/sec/user,sum,6.73
87,1780553848323170560,1780553849323170560,E2E Output Token Throughput,tokens/sec/user,p1,6.73
87,1780553848323170560,1780553849323170560,E2E Output Token Throughput,tokens/sec/user,p5,6.73
87,1780553848323170560,1780553849323170560,E2E Output Token Throughput,tokens/sec/user,p10,6.73
87,1780553848323170560,1780553849323170560,E2E Output Token Throughput,tokens/sec/user,p25,6.73
87,1780553848323170560,1780553849323170560,E2E Output Token Throughput,tokens/sec/user,p50,6.73
87,1780553848323170560,1780553849323170560,E2E Output Token Throughput,tokens/sec/user,p75,6.73
87,1780553848323170560,1780553849323170560,E2E Output Token Throughput,tokens/sec/user,p90,6.73
87,1780553848323170560,1780553849323170560,E2E Output Token Throughput,tokens/sec/user,p95,6.73
87,1780553848323170560,1780553849323170560,E2E Output Token Throughput,tokens/sec/user,p99,6.73
87,1780553848323170560,1780553849323170560,E2E Output Token Throughput,tokens/sec/user,std,0.00
87,1780553848323170560,1780553849323170560,Effective Concurrency,requests,avg,15.16
87,1780553848323170560,1780553849323170560,Effective Concurrency,requests,min,15.00
87,1780553848323170560,1780553849323170560,Effective Concurrency,requests,max,16.00
87,1780553848323170560,1780553849323170560,Effective Concurrency,requests,p50,15.00
87,1780553848323170560,1780553849323170560,Effective Concurrency,requests,p90,16.00
87,1780553848323170560,1780553849323170560,Effective Concurrency,requests,p95,16.00
87,1780553848323170560,1780553849323170560,Effective Concurrency,requests,p99,16.00
87,1780553848323170560,1780553849323170560,Effective Concurrency,requests,std,0.37
87,1780553848323170560,1780553849323170560,Effective Decode Concurrency,requests,avg,10.80
87,1780553848323170560,1780553849323170560,Effective Decode Concurrency,requests,min,10.00
87,1780553848323170560,1780553849323170560,Effective Decode Concurrency,requests,max,11.00
87,1780553848323170560,1780553849323170560,Effective Decode Concurrency,requests,p50,11.00
87,1780553848323170560,1780553849323170560,Effective Decode Concurrency,requests,p90,11.00
87,1780553848323170560,1780553849323170560,Effective Decode Concurrency,requests,p95,11.00
87,1780553848323170560,1780553849323170560,Effective Decode Concurrency,requests,p99,11.00
87,1780553848323170560,1780553849323170560,Effective Decode Concurrency,requests,std,0.40
87,1780553848323170560,1780553849323170560,Effective Decode Throughput,tokens/sec,avg,60.29
87,1780553848323170560,1780553849323170560,Effective Decode Throughput,tokens/sec,min,44.72
87,1780553848323170560,1780553849323170560,Effective Decode Throughput,tokens/sec,max,82.02
87,1780553848323170560,1780553849323170560,Effective Decode Throughput,tokens/sec,p50,63.37
87,1780553848323170560,1780553849323170560,Effective Decode Throughput,tokens/sec,p90,63.37
87,1780553848323170560,1780553849323170560,Effective Decode Throughput,tokens/sec,p95,63.37
87,1780553848323170560,1780553849323170560,Effective Decode Throughput,tokens/sec,p99,63.37
87,1780553848323170560,1780553849323170560,Effective Decode Throughput,tokens/sec,std,6.09
87,1780553848323170560,1780553849323170560,Effective Decode Throughput Per User,tokens/sec/user,avg,5.57
87,1780553848323170560,1780553849323170560,Effective Decode Throughput Per User,tokens/sec/user,min,4.07
87,1780553848323170560,1780553849323170560,Effective Decode Throughput Per User,tokens/sec/user,max,7.46
87,1780553848323170560,1780553849323170560,Effective Decode Throughput Per User,tokens/sec/user,p50,5.76
87,1780553848323170560,1780553849323170560,Effective Decode Throughput Per User,tokens/sec/user,p90,5.76
87,1780553848323170560,1780553849323170560,Effective Decode Throughput Per User,tokens/sec/user,p95,5.76
87,1780553848323170560,1780553849323170560,Effective Decode Throughput Per User,tokens/sec/user,p99,5.76
87,1780553848323170560,1780553849323170560,Effective Decode Throughput Per User,tokens/sec/user,std,0.38
87,1780553848323170560,1780553849323170560,Effective Prefill Concurrency,requests,avg,4.36
87,1780553848323170560,1780553849323170560,Effective Prefill Concurrency,requests,min,4.00
87,1780553848323170560,1780553849323170560,Effective Prefill Concurrency,requests,max,5.00
87,1780553848323170560,1780553849323170560,Effective Prefill Concurrency,requests,p50,4.00
87,1780553848323170560,1780553849323170560,Effective Prefill Concurrency,requests,p90,5.00
87,1780553848323170560,1780553849323170560,Effective Prefill Concurrency,requests,p95,5.00
87,1780553848323170560,1780553849323170560,Effective Prefill Concurrency,requests,p99,5.00
87,1780553848323170560,1780553849323170560,Effective Prefill Concurrency,requests,std,0.48
87,1780553848323170560,1780553849323170560,Effective Prefill Throughput,tokens/sec,avg,5692.32
87,1780553848323170560,1780553849323170560,Effective Prefill Throughput,tokens/sec,min,4608.90
87,1780553848323170560,1780553849323170560,Effective Prefill Throughput,tokens/sec,max,9198.98
87,1780553848323170560,1780553849323170560,Effective Prefill Throughput,tokens/sec,p50,4608.90
87,1780553848323170560,1780553849323170560,Effective Prefill Throughput,tokens/sec,p90,9198.98
87,1780553848323170560,1780553849323170560,Effective Prefill Throughput,tokens/sec,p95,9198.98
87,1780553848323170560,1780553849323170560,Effective Prefill Throughput,tokens/sec,p99,9198.98
87,1780553848323170560,1780553849323170560,Effective Prefill Throughput,tokens/sec,std,1673.27
87,1780553848323170560,1780553849323170560,Effective Prefill Throughput Per User,tokens/sec/user,avg,1284.82
87,1780553848323170560,1780553849323170560,Effective Prefill Throughput Per User,tokens/sec/user,min,1152.22
87,1780553848323170560,1780553849323170560,Effective Prefill Throughput Per User,tokens/sec/user,max,1839.80
87,1780553848323170560,1780553849323170560,Effective Prefill Throughput Per User,tokens/sec/user,p50,1152.22
87,1780553848323170560,1780553849323170560,Effective Prefill Throughput Per User,tokens/sec/user,p90,1839.80
87,1780553848323170560,1780553849323170560,Effective Prefill Throughput Per User,tokens/sec/user,p95,1839.80
87,1780553848323170560,1780553849323170560,Effective Prefill Throughput Per User,tokens/sec/user,p99,1839.80
87,1780553848323170560,1780553849323170560,Effective Prefill Throughput Per User,tokens/sec/user,std,246.73
87,1780553848323170560,1780553849323170560,Effective Total Throughput,tokens/sec,avg,5760.60
87,1780553848323170560,1780553849323170560,Effective Total Throughput,tokens/sec,min,4678.63
87,1780553848323170560,1780553849323170560,Effective Total Throughput,tokens/sec,max,9268.71
87,1780553848323170560,1780553849323170560,Effective Total Throughput,tokens/sec,p50,4678.63
87,1780553848323170560,1780553849323170560,Effective Total Throughput,tokens/sec,p90,9268.71
87,1780553848323170560,1780553849323170560,Effective Total Throughput,tokens/sec,p95,9268.71
87,1780553848323170560,1780553849323170560,Effective Total Throughput,tokens/sec,p99,9268.71
87,1780553848323170560,1780553849323170560,Effective Total Throughput,tokens/sec,std,1672.75
87,1780553848323170560,1780553849323170560,HTTP Blocked,ms,avg,0.00
87,1780553848323170560,1780553849323170560,HTTP Blocked,ms,min,0.00
87,1780553848323170560,1780553849323170560,HTTP Blocked,ms,max,0.00
87,1780553848323170560,1780553849323170560,HTTP Blocked,ms,sum,0.00
87,1780553848323170560,1780553849323170560,HTTP Blocked,ms,p1,0.00
87,1780553848323170560,1780553849323170560,HTTP Blocked,ms,p5,0.00
87,1780553848323170560,1780553849323170560,HTTP Blocked,ms,p10,0.00
87,1780553848323170560,1780553849323170560,HTTP Blocked,ms,p25,0.00
87,1780553848323170560,1780553849323170560,HTTP Blocked,ms,p50,0.00
87,1780553848323170560,1780553849323170560,HTTP Blocked,ms,p75,0.00
87,1780553848323170560,1780553849323170560,HTTP Blocked,ms,p90,0.00
87,1780553848323170560,1780553849323170560,HTTP Blocked,ms,p95,0.00
87,1780553848323170560,1780553849323170560,HTTP Blocked,ms,p99,0.00
87,1780553848323170560,1780553849323170560,HTTP Blocked,ms,std,0.00
87,1780553848323170560,1780553849323170560,HTTP Chunks Received,count,avg,3788.00
87,1780553848323170560,1780553849323170560,HTTP Chunks Received,count,min,3788.00
87,1780553848323170560,1780553849323170560,HTTP Chunks Received,count,max,3788.00
87,1780553848323170560,1780553849323170560,HTTP Chunks Received,count,sum,3788.00
87,1780553848323170560,1780553849323170560,HTTP Chunks Received,count,p1,3788.00
87,1780553848323170560,1780553849323170560,HTTP Chunks Received,count,p5,3788.00
87,1780553848323170560,1780553849323170560,HTTP Chunks Received,count,p10,3788.00
87,1780553848323170560,1780553849323170560,HTTP Chunks Received,count,p25,3788.00
87,1780553848323170560,1780553849323170560,HTTP Chunks Received,count,p50,3788.00
87,1780553848323170560,1780553849323170560,HTTP Chunks Received,count,p75,3788.00
87,1780553848323170560,1780553849323170560,HTTP Chunks Received,count,p90,3788.00
87,1780553848323170560,1780553849323170560,HTTP Chunks Received,count,p95,3788.00
87,1780553848323170560,1780553849323170560,HTTP Chunks Received,count,p99,3788.00
87,1780553848323170560,1780553849323170560,HTTP Chunks Received,count,std,0.00
87,1780553848323170560,1780553849323170560,HTTP Chunks Sent,count,avg,1.00
87,1780553848323170560,1780553849323170560,HTTP Chunks Sent,count,min,1.00
87,1780553848323170560,1780553849323170560,HTTP Chunks Sent,count,max,1.00
87,1780553848323170560,1780553849323170560,HTTP Chunks Sent,count,sum,1.00
87,1780553848323170560,1780553849323170560,HTTP Chunks Sent,count,p1,1.00
87,1780553848323170560,1780553849323170560,HTTP Chunks Sent,count,p5,1.00
87,1780553848323170560,1780553849323170560,HTTP Chunks Sent,count,p10,1.00
87,1780553848323170560,1780553849323170560,HTTP Chunks Sent,count,p25,1.00
87,1780553848323170560,1780553849323170560,HTTP Chunks Sent,count,p50,1.00
87,1780553848323170560,1780553849323170560,HTTP Chunks Sent,count,p75,1.00
87,1780553848323170560,1780553849323170560,HTTP Chunks Sent,count,p90,1.00
87,1780553848323170560,1780553849323170560,HTTP Chunks Sent,count,p95,1.00
87,1780553848323170560,1780553849323170560,HTTP Chunks Sent,count,p99,1.00
87,1780553848323170560,1780553849323170560,HTTP Chunks Sent,count,std,0.00
87,1780553848323170560,1780553849323170560,HTTP Connecting,ms,avg,1.15
87,1780553848323170560,1780553849323170560,HTTP Connecting,ms,min,1.15
87,1780553848323170560,1780553849323170560,HTTP Connecting,ms,max,1.15
87,1780553848323170560,1780553849323170560,HTTP Connecting,ms,sum,1.15
87,1780553848323170560,1780553849323170560,HTTP Connecting,ms,p1,1.15
87,1780553848323170560,1780553849323170560,HTTP Connecting,ms,p5,1.15
87,1780553848323170560,1780553849323170560,HTTP Connecting,ms,p10,1.15
87,1780553848323170560,1780553849323170560,HTTP Connecting,ms,p25,1.15
87,1780553848323170560,1780553849323170560,HTTP Connecting,ms,p50,1.15
87,1780553848323170560,1780553849323170560,HTTP Connecting,ms,p75,1.15
87,1780553848323170560,1780553849323170560,HTTP Connecting,ms,p90,1.15
87,1780553848323170560,1780553849323170560,HTTP Connecting,ms,p95,1.15
87,1780553848323170560,1780553849323170560,HTTP Connecting,ms,p99,1.15
87,1780553848323170560,1780553849323170560,HTTP Connecting,ms,std,0.00
87,1780553848323170560,1780553849323170560,HTTP Connection Overhead,ms,avg,1.68
87,1780553848323170560,1780553849323170560,HTTP Connection Overhead,ms,min,1.68
87,1780553848323170560,1780553849323170560,HTTP Connection Overhead,ms,max,1.68
87,1780553848323170560,1780553849323170560,HTTP Connection Overhead,ms,sum,1.68
87,1780553848323170560,1780553849323170560,HTTP Connection Overhead,ms,p1,1.68
87,1780553848323170560,1780553849323170560,HTTP Connection Overhead,ms,p5,1.68
87,1780553848323170560,1780553849323170560,HTTP Connection Overhead,ms,p10,1.68
87,1780553848323170560,1780553849323170560,HTTP Connection Overhead,ms,p25,1.68
87,1780553848323170560,1780553849323170560,HTTP Connection Overhead,ms,p50,1.68
87,1780553848323170560,1780553849323170560,HTTP Connection Overhead,ms,p75,1.68
87,1780553848323170560,1780553849323170560,HTTP Connection Overhead,ms,p90,1.68
87,1780553848323170560,1780553849323170560,HTTP Connection Overhead,ms,p95,1.68
87,1780553848323170560,1780553849323170560,HTTP Connection Overhead,ms,p99,1.68
87,1780553848323170560,1780553849323170560,HTTP Connection Overhead,ms,std,0.00
87,1780553848323170560,1780553849323170560,HTTP Connection Reused,ratio,avg,0.00
87,1780553848323170560,1780553849323170560,HTTP Connection Reused,ratio,min,0.00
87,1780553848323170560,1780553849323170560,HTTP Connection Reused,ratio,max,0.00
87,1780553848323170560,1780553849323170560,HTTP Connection Reused,ratio,sum,0.00
87,1780553848323170560,1780553849323170560,HTTP Connection Reused,ratio,p1,0.00
87,1780553848323170560,1780553849323170560,HTTP Connection Reused,ratio,p5,0.00
87,1780553848323170560,1780553849323170560,HTTP Connection Reused,ratio,p10,0.00
87,1780553848323170560,1780553849323170560,HTTP Connection Reused,ratio,p25,0.00
87,1780553848323170560,1780553849323170560,HTTP Connection Reused,ratio,p50,0.00
87,1780553848323170560,1780553849323170560,HTTP Connection Reused,ratio,p75,0.00
87,1780553848323170560,1780553849323170560,HTTP Connection Reused,ratio,p90,0.00
87,1780553848323170560,1780553849323170560,HTTP Connection Reused,ratio,p95,0.00
87,1780553848323170560,1780553849323170560,HTTP Connection Reused,ratio,p99,0.00
87,1780553848323170560,1780553849323170560,HTTP Connection Reused,ratio,std,0.00
87,1780553848323170560,1780553849323170560,HTTP Data Received,KB,avg,933.91
87,1780553848323170560,1780553849323170560,HTTP Data Received,KB,min,933.91
87,1780553848323170560,1780553849323170560,HTTP Data Received,KB,max,933.91
87,1780553848323170560,1780553849323170560,HTTP Data Received,KB,sum,933.91
87,1780553848323170560,1780553849323170560,HTTP Data Received,KB,p1,933.91
87,1780553848323170560,1780553849323170560,HTTP Data Received,KB,p5,933.91
87,1780553848323170560,1780553849323170560,HTTP Data Received,KB,p10,933.91
87,1780553848323170560,1780553849323170560,HTTP Data Received,KB,p25,933.91
87,1780553848323170560,1780553849323170560,HTTP Data Received,KB,p50,933.91
87,1780553848323170560,1780553849323170560,HTTP Data Received,KB,p75,933.91
87,1780553848323170560,1780553849323170560,HTTP Data Received,KB,p90,933.91
87,1780553848323170560,1780553849323170560,HTTP Data Received,KB,p95,933.91
87,1780553848323170560,1780553849323170560,HTTP Data Received,KB,p99,933.91
87,1780553848323170560,1780553849323170560,HTTP Data Received,KB,std,0.00
87,1780553848323170560,1780553849323170560,HTTP Data Sent,KB,avg,435.65
87,1780553848323170560,1780553849323170560,HTTP Data Sent,KB,min,435.65
87,1780553848323170560,1780553849323170560,HTTP Data Sent,KB,max,435.65
87,1780553848323170560,1780553849323170560,HTTP Data Sent,KB,sum,435.65
87,1780553848323170560,1780553849323170560,HTTP Data Sent,KB,p1,435.65
87,1780553848323170560,1780553849323170560,HTTP Data Sent,KB,p5,435.65
87,1780553848323170560,1780553849323170560,HTTP Data Sent,KB,p10,435.65
87,1780553848323170560,1780553849323170560,HTTP Data Sent,KB,p25,435.65
87,1780553848323170560,1780553849323170560,HTTP Data Sent,KB,p50,435.65
87,1780553848323170560,1780553849323170560,HTTP Data Sent,KB,p75,435.65
87,1780553848323170560,1780553849323170560,HTTP Data Sent,KB,p90,435.65
87,1780553848323170560,1780553849323170560,HTTP Data Sent,KB,p95,435.65
87,1780553848323170560,1780553849323170560,HTTP Data Sent,KB,p99,435.65
87,1780553848323170560,1780553849323170560,HTTP Data Sent,KB,std,0.00
87,1780553848323170560,1780553849323170560,HTTP DNS Lookup,ms,avg,0.53
87,1780553848323170560,1780553849323170560,HTTP DNS Lookup,ms,min,0.53
87,1780553848323170560,1780553849323170560,HTTP DNS Lookup,ms,max,0.53
87,1780553848323170560,1780553849323170560,HTTP DNS Lookup,ms,sum,0.53
87,1780553848323170560,1780553849323170560,HTTP DNS Lookup,ms,p1,0.53
87,1780553848323170560,1780553849323170560,HTTP DNS Lookup,ms,p5,0.53
87,1780553848323170560,1780553849323170560,HTTP DNS Lookup,ms,p10,0.53
87,1780553848323170560,1780553849323170560,HTTP DNS Lookup,ms,p25,0.53
87,1780553848323170560,1780553849323170560,HTTP DNS Lookup,ms,p50,0.53
87,1780553848323170560,1780553849323170560,HTTP DNS Lookup,ms,p75,0.53
87,1780553848323170560,1780553849323170560,HTTP DNS Lookup,ms,p90,0.53
87,1780553848323170560,1780553849323170560,HTTP DNS Lookup,ms,p95,0.53
87,1780553848323170560,1780553849323170560,HTTP DNS Lookup,ms,p99,0.53
87,1780553848323170560,1780553849323170560,HTTP DNS Lookup,ms,std,0.00
87,1780553848323170560,1780553849323170560,HTTP Duration (excl. conn),ms,avg,562761.52
87,1780553848323170560,1780553849323170560,HTTP Duration (excl. conn),ms,min,562761.52
87,1780553848323170560,1780553849323170560,HTTP Duration (excl. conn),ms,max,562761.52
87,1780553848323170560,1780553849323170560,HTTP Duration (excl. conn),ms,sum,562761.52
87,1780553848323170560,1780553849323170560,HTTP Duration (excl. conn),ms,p1,562761.52
87,1780553848323170560,1780553849323170560,HTTP Duration (excl. conn),ms,p5,562761.52
87,1780553848323170560,1780553849323170560,HTTP Duration (excl. conn),ms,p10,562761.52
87,1780553848323170560,1780553849323170560,HTTP Duration (excl. conn),ms,p25,562761.52
87,1780553848323170560,1780553849323170560,HTTP Duration (excl. conn),ms,p50,562761.52
87,1780553848323170560,1780553849323170560,HTTP Duration (excl. conn),ms,p75,562761.52
87,1780553848323170560,1780553849323170560,HTTP Duration (excl. conn),ms,p90,562761.52
87,1780553848323170560,1780553849323170560,HTTP Duration (excl. conn),ms,p95,562761.52
87,1780553848323170560,1780553849323170560,HTTP Duration (excl. conn),ms,p99,562761.52
87,1780553848323170560,1780553849323170560,HTTP Duration (excl. conn),ms,std,0.00
87,1780553848323170560,1780553849323170560,HTTP Receiving,ms,avg,538218.48
87,1780553848323170560,1780553849323170560,HTTP Receiving,ms,min,538218.48
87,1780553848323170560,1780553849323170560,HTTP Receiving,ms,max,538218.48
87,1780553848323170560,1780553849323170560,HTTP Receiving,ms,sum,538218.48
87,1780553848323170560,1780553849323170560,HTTP Receiving,ms,p1,538218.48
87,1780553848323170560,1780553849323170560,HTTP Receiving,ms,p5,538218.48
87,1780553848323170560,1780553849323170560,HTTP Receiving,ms,p10,538218.48
87,1780553848323170560,1780553849323170560,HTTP Receiving,ms,p25,538218.48
87,1780553848323170560,1780553849323170560,HTTP Receiving,ms,p50,538218.48
87,1780553848323170560,1780553849323170560,HTTP Receiving,ms,p75,538218.48
87,1780553848323170560,1780553849323170560,HTTP Receiving,ms,p90,538218.48
87,1780553848323170560,1780553849323170560,HTTP Receiving,ms,p95,538218.48
87,1780553848323170560,1780553849323170560,HTTP Receiving,ms,p99,538218.48
87,1780553848323170560,1780553849323170560,HTTP Receiving,ms,std,0.00
87,1780553848323170560,1780553849323170560,HTTP Sending,ms,avg,1.41
87,1780553848323170560,1780553849323170560,HTTP Sending,ms,min,1.41
87,1780553848323170560,1780553849323170560,HTTP Sending,ms,max,1.41
87,1780553848323170560,1780553849323170560,HTTP Sending,ms,sum,1.41
87,1780553848323170560,1780553849323170560,HTTP Sending,ms,p1,1.41
87,1780553848323170560,1780553849323170560,HTTP Sending,ms,p5,1.41
87,1780553848323170560,1780553849323170560,HTTP Sending,ms,p10,1.41
87,1780553848323170560,1780553849323170560,HTTP Sending,ms,p25,1.41
87,1780553848323170560,1780553849323170560,HTTP Sending,ms,p50,1.41
87,1780553848323170560,1780553849323170560,HTTP Sending,ms,p75,1.41
87,1780553848323170560,1780553849323170560,HTTP Sending,ms,p90,1.41
87,1780553848323170560,1780553849323170560,HTTP Sending,ms,p95,1.41
87,1780553848323170560,1780553849323170560,HTTP Sending,ms,p99,1.41
87,1780553848323170560,1780553849323170560,HTTP Sending,ms,std,0.00
87,1780553848323170560,1780553849323170560,HTTP Total Time,ms,avg,562763.20
87,1780553848323170560,1780553849323170560,HTTP Total Time,ms,min,562763.20
87,1780553848323170560,1780553849323170560,HTTP Total Time,ms,max,562763.20
87,1780553848323170560,1780553849323170560,HTTP Total Time,ms,sum,562763.20
87,1780553848323170560,1780553849323170560,HTTP Total Time,ms,p1,562763.20
87,1780553848323170560,1780553849323170560,HTTP Total Time,ms,p5,562763.20
87,1780553848323170560,1780553849323170560,HTTP Total Time,ms,p10,562763.20
87,1780553848323170560,1780553849323170560,HTTP Total Time,ms,p25,562763.20
87,1780553848323170560,1780553849323170560,HTTP Total Time,ms,p50,562763.20
87,1780553848323170560,1780553849323170560,HTTP Total Time,ms,p75,562763.20
87,1780553848323170560,1780553849323170560,HTTP Total Time,ms,p90,562763.20
87,1780553848323170560,1780553849323170560,HTTP Total Time,ms,p95,562763.20
87,1780553848323170560,1780553849323170560,HTTP Total Time,ms,p99,562763.20
87,1780553848323170560,1780553849323170560,HTTP Total Time,ms,std,0.00
87,1780553848323170560,1780553849323170560,HTTP Waiting (TTFB),ms,avg,24541.62
87,1780553848323170560,1780553849323170560,HTTP Waiting (TTFB),ms,min,24541.62
87,1780553848323170560,1780553849323170560,HTTP Waiting (TTFB),ms,max,24541.62
87,1780553848323170560,1780553849323170560,HTTP Waiting (TTFB),ms,sum,24541.62
87,1780553848323170560,1780553849323170560,HTTP Waiting (TTFB),ms,p1,24541.62
87,1780553848323170560,1780553849323170560,HTTP Waiting (TTFB),ms,p5,24541.62
87,1780553848323170560,1780553849323170560,HTTP Waiting (TTFB),ms,p10,24541.62
87,1780553848323170560,1780553849323170560,HTTP Waiting (TTFB),ms,p25,24541.62
87,1780553848323170560,1780553849323170560,HTTP Waiting (TTFB),ms,p50,24541.62
87,1780553848323170560,1780553849323170560,HTTP Waiting (TTFB),ms,p75,24541.62
87,1780553848323170560,1780553849323170560,HTTP Waiting (TTFB),ms,p90,24541.62
87,1780553848323170560,1780553849323170560,HTTP Waiting (TTFB),ms,p95,24541.62
87,1780553848323170560,1780553849323170560,HTTP Waiting (TTFB),ms,p99,24541.62
87,1780553848323170560,1780553849323170560,HTTP Waiting (TTFB),ms,std,0.00
87,1780553848323170560,1780553849323170560,Input Sequence Length,tokens,avg,112655.00
87,1780553848323170560,1780553849323170560,Input Sequence Length,tokens,min,112655.00
87,1780553848323170560,1780553849323170560,Input Sequence Length,tokens,max,112655.00
87,1780553848323170560,1780553849323170560,Input Sequence Length,tokens,sum,112655.00
87,1780553848323170560,1780553849323170560,Input Sequence Length,tokens,p1,112655.00
87,1780553848323170560,1780553849323170560,Input Sequence Length,tokens,p5,112655.00
87,1780553848323170560,1780553849323170560,Input Sequence Length,tokens,p10,112655.00
87,1780553848323170560,1780553849323170560,Input Sequence Length,tokens,p25,112655.00
87,1780553848323170560,1780553849323170560,Input Sequence Length,tokens,p50,112655.00
87,1780553848323170560,1780553849323170560,Input Sequence Length,tokens,p75,112655.00
87,1780553848323170560,1780553849323170560,Input Sequence Length,tokens,p90,112655.00
87,1780553848323170560,1780553849323170560,Input Sequence Length,tokens,p95,112655.00
87,1780553848323170560,1780553849323170560,Input Sequence Length,tokens,p99,112655.00
87,1780553848323170560,1780553849323170560,Input Sequence Length,tokens,std,0.00
87,1780553848323170560,1780553849323170560,Input Token Throughput,tokens/sec,avg,112655.00
87,1780553848323170560,1780553849323170560,Inter Chunk Latency,ms,avg,68.52
87,1780553848323170560,1780553849323170560,Inter Chunk Latency,ms,min,68.47
87,1780553848323170560,1780553849323170560,Inter Chunk Latency,ms,max,68.59
87,1780553848323170560,1780553849323170560,Inter Chunk Latency,ms,sum,144031.75
87,1780553848323170560,1780553849323170560,Inter Chunk Latency,ms,p1,68.47
87,1780553848323170560,1780553849323170560,Inter Chunk Latency,ms,p5,68.47
87,1780553848323170560,1780553849323170560,Inter Chunk Latency,ms,p10,68.48
87,1780553848323170560,1780553849323170560,Inter Chunk Latency,ms,p25,68.49
87,1780553848323170560,1780553849323170560,Inter Chunk Latency,ms,p50,68.52
87,1780553848323170560,1780553849323170560,Inter Chunk Latency,ms,p75,68.55
87,1780553848323170560,1780553849323170560,Inter Chunk Latency,ms,p90,68.57
87,1780553848323170560,1780553849323170560,Inter Chunk Latency,ms,p95,68.58
87,1780553848323170560,1780553849323170560,Inter Chunk Latency,ms,p99,68.58
87,1780553848323170560,1780553849323170560,Inter Chunk Latency,ms,std,0.03
87,1780553848323170560,1780553849323170560,Inter Token Latency,ms,avg,142.07
87,1780553848323170560,1780553849323170560,Inter Token Latency,ms,min,142.07
87,1780553848323170560,1780553849323170560,Inter Token Latency,ms,max,142.07
87,1780553848323170560,1780553849323170560,Inter Token Latency,ms,sum,142.07
87,1780553848323170560,1780553849323170560,Inter Token Latency,ms,p1,142.07
87,1780553848323170560,1780553849323170560,Inter Token Latency,ms,p5,142.07
87,1780553848323170560,1780553849323170560,Inter Token Latency,ms,p10,142.07
87,1780553848323170560,1780553849323170560,Inter Token Latency,ms,p25,142.07
87,1780553848323170560,1780553849323170560,Inter Token Latency,ms,p50,142.07
87,1780553848323170560,1780553849323170560,Inter Token Latency,ms,p75,142.07
87,1780553848323170560,1780553849323170560,Inter Token Latency,ms,p90,142.07
87,1780553848323170560,1780553849323170560,Inter Token Latency,ms,p95,142.07
87,1780553848323170560,1780553849323170560,Inter Token Latency,ms,p99,142.07
87,1780553848323170560,1780553849323170560,Inter Token Latency,ms,std,0.00
87,1780553848323170560,1780553849323170560,Maximum Response Timestamp,ns,avg,1780554411853090816.00
87,1780553848323170560,1780553849323170560,Minimum Request Timestamp,ns,avg,1780553849162191360.00
87,1780553848323170560,1780553849323170560,OSL Mismatch Count,requests,avg,0.00
87,1780553848323170560,1780553849323170560,OSL Mismatch Diff %,%,avg,0.00
87,1780553848323170560,1780553849323170560,OSL Mismatch Diff %,%,min,0.00
87,1780553848323170560,1780553849323170560,OSL Mismatch Diff %,%,max,0.00
87,1780553848323170560,1780553849323170560,OSL Mismatch Diff %,%,sum,0.00
87,1780553848323170560,1780553849323170560,OSL Mismatch Diff %,%,p1,0.00
87,1780553848323170560,1780553849323170560,OSL Mismatch Diff %,%,p5,0.00
87,1780553848323170560,1780553849323170560,OSL Mismatch Diff %,%,p10,0.00
87,1780553848323170560,1780553849323170560,OSL Mismatch Diff %,%,p25,0.00
87,1780553848323170560,1780553849323170560,OSL Mismatch Diff %,%,p50,0.00
87,1780553848323170560,1780553849323170560,OSL Mismatch Diff %,%,p75,0.00
87,1780553848323170560,1780553849323170560,OSL Mismatch Diff %,%,p90,0.00
87,1780553848323170560,1780553849323170560,OSL Mismatch Diff %,%,p95,0.00
87,1780553848323170560,1780553849323170560,OSL Mismatch Diff %,%,p99,0.00
87,1780553848323170560,1780553849323170560,OSL Mismatch Diff %,%,std,0.00
87,1780553848323170560,1780553849323170560,Output Sequence Length,tokens,avg,3789.00
87,1780553848323170560,1780553849323170560,Output Sequence Length,tokens,min,3789.00
87,1780553848323170560,1780553849323170560,Output Sequence Length,tokens,max,3789.00
87,1780553848323170560,1780553849323170560,Output Sequence Length,tokens,sum,3789.00
87,1780553848323170560,1780553849323170560,Output Sequence Length,tokens,p1,3789.00
87,1780553848323170560,1780553849323170560,Output Sequence Length,tokens,p5,3789.00
87,1780553848323170560,1780553849323170560,Output Sequence Length,tokens,p10,3789.00
87,1780553848323170560,1780553849323170560,Output Sequence Length,tokens,p25,3789.00
87,1780553848323170560,1780553849323170560,Output Sequence Length,tokens,p50,3789.00
87,1780553848323170560,1780553849323170560,Output Sequence Length,tokens,p75,3789.00
87,1780553848323170560,1780553849323170560,Output Sequence Length,tokens,p90,3789.00
87,1780553848323170560,1780553849323170560,Output Sequence Length,tokens,p95,3789.00
87,1780553848323170560,1780553849323170560,Output Sequence Length,tokens,p99,3789.00
87,1780553848323170560,1780553849323170560,Output Sequence Length,tokens,std,0.00
87,1780553848323170560,1780553849323170560,Output Token Count,tokens,avg,3789.00
87,1780553848323170560,1780553849323170560,Output Token Count,tokens,min,3789.00
87,1780553848323170560,1780553849323170560,Output Token Count,tokens,max,3789.00
87,1780553848323170560,1780553849323170560,Output Token Count,tokens,sum,3789.00
87,1780553848323170560,1780553849323170560,Output Token Count,tokens,p1,3789.00
87,1780553848323170560,1780553849323170560,Output Token Count,tokens,p5,3789.00
87,1780553848323170560,1780553849323170560,Output Token Count,tokens,p10,3789.00
87,1780553848323170560,1780553849323170560,Output Token Count,tokens,p25,3789.00
87,1780553848323170560,1780553849323170560,Output Token Count,tokens,p50,3789.00
87,1780553848323170560,1780553849323170560,Output Token Count,tokens,p75,3789.00
87,1780553848323170560,1780553849323170560,Output Token Count,tokens,p90,3789.00
87,1780553848323170560,1780553849323170560,Output Token Count,tokens,p95,3789.00
87,1780553848323170560,1780553849323170560,Output Token Count,tokens,p99,3789.00
87,1780553848323170560,1780553849323170560,Output Token Count,tokens,std,0.00
87,1780553848323170560,1780553849323170560,Output Token Throughput,tokens/sec,avg,3789.00
87,1780553848323170560,1780553849323170560,Output Token Throughput Per User,tokens/sec/user,avg,7.04
87,1780553848323170560,1780553849323170560,Output Token Throughput Per User,tokens/sec/user,min,7.04
87,1780553848323170560,1780553849323170560,Output Token Throughput Per User,tokens/sec/user,max,7.04
87,1780553848323170560,1780553849323170560,Output Token Throughput Per User,tokens/sec/user,sum,7.04
87,1780553848323170560,1780553849323170560,Output Token Throughput Per User,tokens/sec/user,p1,7.04
87,1780553848323170560,1780553849323170560,Output Token Throughput Per User,tokens/sec/user,p5,7.04
87,1780553848323170560,1780553849323170560,Output Token Throughput Per User,tokens/sec/user,p10,7.04
87,1780553848323170560,1780553849323170560,Output Token Throughput Per User,tokens/sec/user,p25,7.04
87,1780553848323170560,1780553849323170560,Output Token Throughput Per User,tokens/sec/user,p50,7.04
87,1780553848323170560,1780553849323170560,Output Token Throughput Per User,tokens/sec/user,p75,7.04
87,1780553848323170560,1780553849323170560,Output Token Throughput Per User,tokens/sec/user,p90,7.04
87,1780553848323170560,1780553849323170560,Output Token Throughput Per User,tokens/sec/user,p95,7.04
87,1780553848323170560,1780553849323170560,Output Token Throughput Per User,tokens/sec/user,p99,7.04
87,1780553848323170560,1780553849323170560,Output Token Throughput Per User,tokens/sec/user,std,0.00
87,1780553848323170560,1780553849323170560,Prefill Throughput Per User,tokens/sec/user,avg,4590.08
87,1780553848323170560,1780553849323170560,Prefill Throughput Per User,tokens/sec/user,min,4590.08
87,1780553848323170560,1780553849323170560,Prefill Throughput Per User,tokens/sec/user,max,4590.08
87,1780553848323170560,1780553849323170560,Prefill Throughput Per User,tokens/sec/user,sum,4590.08
87,1780553848323170560,1780553849323170560,Prefill Throughput Per User,tokens/sec/user,p1,4590.08
87,1780553848323170560,1780553849323170560,Prefill Throughput Per User,tokens/sec/user,p5,4590.08
87,1780553848323170560,1780553849323170560,Prefill Throughput Per User,tokens/sec/user,p10,4590.08
87,1780553848323170560,1780553849323170560,Prefill Throughput Per User,tokens/sec/user,p25,4590.08
87,1780553848323170560,1780553849323170560,Prefill Throughput Per User,tokens/sec/user,p50,4590.08
87,1780553848323170560,1780553849323170560,Prefill Throughput Per User,tokens/sec/user,p75,4590.08
87,1780553848323170560,1780553849323170560,Prefill Throughput Per User,tokens/sec/user,p90,4590.08
87,1780553848323170560,1780553849323170560,Prefill Throughput Per User,tokens/sec/user,p95,4590.08
87,1780553848323170560,1780553849323170560,Prefill Throughput Per User,tokens/sec/user,p99,4590.08
87,1780553848323170560,1780553849323170560,Prefill Throughput Per User,tokens/sec/user,std,0.00
87,1780553848323170560,1780553849323170560,Request Count,requests,avg,1.00
87,1780553848323170560,1780553849323170560,Request Latency,ms,avg,562690.90
87,1780553848323170560,1780553849323170560,Request Latency,ms,min,562690.90
87,1780553848323170560,1780553849323170560,Request Latency,ms,max,562690.90
87,1780553848323170560,1780553849323170560,Request Latency,ms,sum,562690.90
87,1780553848323170560,1780553849323170560,Request Latency,ms,p1,562690.90
87,1780553848323170560,1780553849323170560,Request Latency,ms,p5,562690.90
87,1780553848323170560,1780553849323170560,Request Latency,ms,p10,562690.90
87,1780553848323170560,1780553849323170560,Request Latency,ms,p25,562690.90
87,1780553848323170560,1780553849323170560,Request Latency,ms,p50,562690.90
87,1780553848323170560,1780553849323170560,Request Latency,ms,p75,562690.90
87,1780553848323170560,1780553849323170560,Request Latency,ms,p90,562690.90
87,1780553848323170560,1780553849323170560,Request Latency,ms,p95,562690.90
87,1780553848323170560,1780553849323170560,Request Latency,ms,p99,562690.90
87,1780553848323170560,1780553849323170560,Request Latency,ms,std,0.00
87,1780553848323170560,1780553849323170560,Request Throughput,requests/sec,avg,1.00
87,1780553848323170560,1780553849323170560,Requested OSL,tokens,avg,3789.00
87,1780553848323170560,1780553849323170560,Requested OSL,tokens,min,3789.00
87,1780553848323170560,1780553849323170560,Requested OSL,tokens,max,3789.00
87,1780553848323170560,1780553849323170560,Requested OSL,tokens,sum,3789.00
87,1780553848323170560,1780553849323170560,Requested OSL,tokens,p1,3789.00
87,1780553848323170560,1780553849323170560,Requested OSL,tokens,p5,3789.00
87,1780553848323170560,1780553849323170560,Requested OSL,tokens,p10,3789.00
87,1780553848323170560,1780553849323170560,Requested OSL,tokens,p25,3789.00
87,1780553848323170560,1780553849323170560,Requested OSL,tokens,p50,3789.00
87,1780553848323170560,1780553849323170560,Requested OSL,tokens,p75,3789.00
87,1780553848323170560,1780553849323170560,Requested OSL,tokens,p90,3789.00
87,1780553848323170560,1780553849323170560,Requested OSL,tokens,p95,3789.00
87,1780553848323170560,1780553849323170560,Requested OSL,tokens,p99,3789.00
87,1780553848323170560,1780553849323170560,Requested OSL,tokens,std,0.00
87,1780553848323170560,1780553849323170560,Time to First Output Token,ms,avg,24543.15
87,1780553848323170560,1780553849323170560,Time to First Output Token,ms,min,24543.15
87,1780553848323170560,1780553849323170560,Time to First Output Token,ms,max,24543.15
87,1780553848323170560,1780553849323170560,Time to First Output Token,ms,sum,24543.15
87,1780553848323170560,1780553849323170560,Time to First Output Token,ms,p1,24543.15
87,1780553848323170560,1780553849323170560,Time to First Output Token,ms,p5,24543.15
87,1780553848323170560,1780553849323170560,Time to First Output Token,ms,p10,24543.15
87,1780553848323170560,1780553849323170560,Time to First Output Token,ms,p25,24543.15
87,1780553848323170560,1780553849323170560,Time to First Output Token,ms,p50,24543.15
87,1780553848323170560,1780553849323170560,Time to First Output Token,ms,p75,24543.15
87,1780553848323170560,1780553849323170560,Time to First Output Token,ms,p90,24543.15
87,1780553848323170560,1780553849323170560,Time to First Output Token,ms,p95,24543.15
87,1780553848323170560,1780553849323170560,Time to First Output Token,ms,p99,24543.15
87,1780553848323170560,1780553849323170560,Time to First Output Token,ms,std,0.00
87,1780553848323170560,1780553849323170560,Time to First Token,ms,avg,24543.15
87,1780553848323170560,1780553849323170560,Time to First Token,ms,min,24543.15
87,1780553848323170560,1780553849323170560,Time to First Token,ms,max,24543.15
87,1780553848323170560,1780553849323170560,Time to First Token,ms,sum,24543.15
87,1780553848323170560,1780553849323170560,Time to First Token,ms,p1,24543.15
87,1780553848323170560,1780553849323170560,Time to First Token,ms,p5,24543.15
87,1780553848323170560,1780553849323170560,Time to First Token,ms,p10,24543.15
87,1780553848323170560,1780553849323170560,Time to First Token,ms,p25,24543.15
87,1780553848323170560,1780553849323170560,Time to First Token,ms,p50,24543.15
87,1780553848323170560,1780553849323170560,Time to First Token,ms,p75,24543.15
87,1780553848323170560,1780553849323170560,Time to First Token,ms,p90,24543.15
87,1780553848323170560,1780553849323170560,Time to First Token,ms,p95,24543.15
87,1780553848323170560,1780553849323170560,Time to First Token,ms,p99,24543.15
87,1780553848323170560,1780553849323170560,Time to First Token,ms,std,0.00
87,1780553848323170560,1780553849323170560,Time to Second Token,ms,avg,163.32
87,1780553848323170560,1780553849323170560,Time to Second Token,ms,min,163.32
87,1780553848323170560,1780553849323170560,Time to Second Token,ms,max,163.32
87,1780553848323170560,1780553849323170560,Time to Second Token,ms,sum,163.32
87,1780553848323170560,1780553849323170560,Time to Second Token,ms,p1,163.32
87,1780553848323170560,1780553849323170560,Time to Second Token,ms,p5,163.32
87,1780553848323170560,1780553849323170560,Time to Second Token,ms,p10,163.32
87,1780553848323170560,1780553849323170560,Time to Second Token,ms,p25,163.32
87,1780553848323170560,1780553849323170560,Time to Second Token,ms,p50,163.32
87,1780553848323170560,1780553849323170560,Time to Second Token,ms,p75,163.32
87,1780553848323170560,1780553849323170560,Time to Second Token,ms,p90,163.32
87,1780553848323170560,1780553849323170560,Time to Second Token,ms,p95,163.32
87,1780553848323170560,1780553849323170560,Time to Second Token,ms,p99,163.32
87,1780553848323170560,1780553849323170560,Time to Second Token,ms,std,0.00
87,1780553848323170560,1780553849323170560,Tokens In Flight,tokens,avg,1416910.08
87,1780553848323170560,1780553849323170560,Tokens In Flight,tokens,min,1398746.05
87,1780553848323170560,1780553849323170560,Tokens In Flight,tokens,max,1511460.84
87,1780553848323170560,1780553849323170560,Tokens In Flight,tokens,p50,1398774.92
87,1780553848323170560,1780553849323170560,Tokens In Flight,tokens,p90,1511454.56
87,1780553848323170560,1780553849323170560,Tokens In Flight,tokens,p95,1511458.83
87,1780553848323170560,1780553849323170560,Tokens In Flight,tokens,p99,1511460.84
87,1780553848323170560,1780553849323170560,Tokens In Flight,tokens,std,41413.59
87,1780553848323170560,1780553849323170560,Total Input Sequence Length,tokens,avg,112655.00
87,1780553848323170560,1780553849323170560,Total Output Sequence Length,tokens,avg,3789.00
87,1780553848323170560,1780553849323170560,Total Output Tokens,tokens,avg,3789.00
87,1780553848323170560,1780553849323170560,Total Token Throughput,tokens/sec,avg,116444.00
87,1780553848323170560,1780553849323170560,Total Usage Completion Tokens,tokens,avg,3789.00
87,1780553848323170560,1780553849323170560,Total Usage Prompt Tokens,tokens,avg,112655.00
87,1780553848323170560,1780553849323170560,Total Usage Total Tokens,tokens,avg,116444.00
87,1780553848323170560,1780553849323170560,Usage Completion Tokens,tokens,avg,3789.00
87,1780553848323170560,1780553849323170560,Usage Completion Tokens,tokens,min,3789.00
87,1780553848323170560,1780553849323170560,Usage Completion Tokens,tokens,max,3789.00
87,1780553848323170560,1780553849323170560,Usage Completion Tokens,tokens,sum,3789.00
87,1780553848323170560,1780553849323170560,Usage Completion Tokens,tokens,p1,3789.00
87,1780553848323170560,1780553849323170560,Usage Completion Tokens,tokens,p5,3789.00
87,1780553848323170560,1780553849323170560,Usage Completion Tokens,tokens,p10,3789.00
87,1780553848323170560,1780553849323170560,Usage Completion Tokens,tokens,p25,3789.00
87,1780553848323170560,1780553849323170560,Usage Completion Tokens,tokens,p50,3789.00
87,1780553848323170560,1780553849323170560,Usage Completion Tokens,tokens,p75,3789.00
87,1780553848323170560,1780553849323170560,Usage Completion Tokens,tokens,p90,3789.00
87,1780553848323170560,1780553849323170560,Usage Completion Tokens,tokens,p95,3789.00
87,1780553848323170560,1780553849323170560,Usage Completion Tokens,tokens,p99,3789.00
87,1780553848323170560,1780553849323170560,Usage Completion Tokens,tokens,std,0.00
87,1780553848323170560,1780553849323170560,Usage Prompt Tokens,tokens,avg,112655.00
87,1780553848323170560,1780553849323170560,Usage Prompt Tokens,tokens,min,112655.00
87,1780553848323170560,1780553849323170560,Usage Prompt Tokens,tokens,max,112655.00
87,1780553848323170560,1780553849323170560,Usage Prompt Tokens,tokens,sum,112655.00
87,1780553848323170560,1780553849323170560,Usage Prompt Tokens,tokens,p1,112655.00
87,1780553848323170560,1780553849323170560,Usage Prompt Tokens,tokens,p5,112655.00
87,1780553848323170560,1780553849323170560,Usage Prompt Tokens,tokens,p10,112655.00
87,1780553848323170560,1780553849323170560,Usage Prompt Tokens,tokens,p25,112655.00
87,1780553848323170560,1780553849323170560,Usage Prompt Tokens,tokens,p50,112655.00
87,1780553848323170560,1780553849323170560,Usage Prompt Tokens,tokens,p75,112655.00
87,1780553848323170560,1780553849323170560,Usage Prompt Tokens,tokens,p90,112655.00
87,1780553848323170560,1780553849323170560,Usage Prompt Tokens,tokens,p95,112655.00
87,1780553848323170560,1780553849323170560,Usage Prompt Tokens,tokens,p99,112655.00
87,1780553848323170560,1780553849323170560,Usage Prompt Tokens,tokens,std,0.00
87,1780553848323170560,1780553849323170560,Usage Total Tokens,tokens,avg,116444.00
87,1780553848323170560,1780553849323170560,Usage Total Tokens,tokens,min,116444.00
87,1780553848323170560,1780553849323170560,Usage Total Tokens,tokens,max,116444.00
87,1780553848323170560,1780553849323170560,Usage Total Tokens,tokens,sum,116444.00
87,1780553848323170560,1780553849323170560,Usage Total Tokens,tokens,p1,116444.00
87,1780553848323170560,1780553849323170560,Usage Total Tokens,tokens,p5,116444.00
87,1780553848323170560,1780553849323170560,Usage Total Tokens,tokens,p10,116444.00
87,1780553848323170560,1780553849323170560,Usage Total Tokens,tokens,p25,116444.00
87,1780553848323170560,1780553849323170560,Usage Total Tokens,tokens,p50,116444.00
87,1780553848323170560,1780553849323170560,Usage Total Tokens,tokens,p75,116444.00
87,1780553848323170560,1780553849323170560,Usage Total Tokens,tokens,p90,116444.00
87,1780553848323170560,1780553849323170560,Usage Total Tokens,tokens,p95,116444.00
87,1780553848323170560,1780553849323170560,Usage Total Tokens,tokens,p99,116444.00
87,1780553848323170560,1780553849323170560,Usage Total Tokens,tokens,std,0.00
88,1780553852323170560,1780553853323170560,Active Decode Throughput,tokens/sec,avg,78.27
88,1780553852323170560,1780553853323170560,Active Decode Throughput,tokens/sec,min,59.62
88,1780553852323170560,1780553853323170560,Active Decode Throughput,tokens/sec,max,96.92
88,1780553852323170560,1780553853323170560,Active Decode Throughput,tokens/sec,p50,78.27
88,1780553852323170560,1780553853323170560,Active Decode Throughput,tokens/sec,p90,78.27
88,1780553852323170560,1780553853323170560,Active Decode Throughput,tokens/sec,p95,78.27
88,1780553852323170560,1780553853323170560,Active Decode Throughput,tokens/sec,p99,78.27
88,1780553852323170560,1780553853323170560,Active Decode Throughput,tokens/sec,std,0.03
88,1780553852323170560,1780553853323170560,Active Decode Throughput Per User,tokens/sec/user,avg,6.52
88,1780553852323170560,1780553853323170560,Active Decode Throughput Per User,tokens/sec/user,min,4.97
88,1780553852323170560,1780553853323170560,Active Decode Throughput Per User,tokens/sec/user,max,8.08
88,1780553852323170560,1780553853323170560,Active Decode Throughput Per User,tokens/sec/user,p50,6.52
88,1780553852323170560,1780553853323170560,Active Decode Throughput Per User,tokens/sec/user,p90,6.52
88,1780553852323170560,1780553853323170560,Active Decode Throughput Per User,tokens/sec/user,p95,6.52
88,1780553852323170560,1780553853323170560,Active Decode Throughput Per User,tokens/sec/user,p99,6.52
88,1780553852323170560,1780553853323170560,Active Decode Throughput Per User,tokens/sec/user,std,0.00
88,1780553852323170560,1780553853323170560,Active Prefill Throughput,tokens/sec,avg,8764.90
88,1780553852323170560,1780553853323170560,Active Prefill Throughput,tokens/sec,min,8198.07
88,1780553852323170560,1780553853323170560,Active Prefill Throughput,tokens/sec,max,9461.41
88,1780553852323170560,1780553853323170560,Active Prefill Throughput,tokens/sec,p50,8198.07
88,1780553852323170560,1780553853323170560,Active Prefill Throughput,tokens/sec,p90,9461.41
88,1780553852323170560,1780553853323170560,Active Prefill Throughput,tokens/sec,p95,9461.41
88,1780553852323170560,1780553853323170560,Active Prefill Throughput,tokens/sec,p99,9461.41
88,1780553852323170560,1780553853323170560,Active Prefill Throughput,tokens/sec,std,628.33
88,1780553852323170560,1780553853323170560,Active Prefill Throughput Per User,tokens/sec/user,avg,2567.88
88,1780553852323170560,1780553853323170560,Active Prefill Throughput Per User,tokens/sec/user,min,2365.35
88,1780553852323170560,1780553853323170560,Active Prefill Throughput Per User,tokens/sec/user,max,2732.69
88,1780553852323170560,1780553853323170560,Active Prefill Throughput Per User,tokens/sec/user,p50,2732.69
88,1780553852323170560,1780553853323170560,Active Prefill Throughput Per User,tokens/sec/user,p90,2732.69
88,1780553852323170560,1780553853323170560,Active Prefill Throughput Per User,tokens/sec/user,p95,2732.69
88,1780553852323170560,1780553853323170560,Active Prefill Throughput Per User,tokens/sec/user,p99,2732.69
88,1780553852323170560,1780553853323170560,Active Prefill Throughput Per User,tokens/sec/user,std,182.70
88,1780553852323170560,1780553853323170560,Active Total Throughput,tokens/sec,avg,8840.29
88,1780553852323170560,1780553853323170560,Active Total Throughput,tokens/sec,min,8273.47
88,1780553852323170560,1780553853323170560,Active Total Throughput,tokens/sec,max,9536.81
88,1780553852323170560,1780553853323170560,Active Total Throughput,tokens/sec,p50,8273.47
88,1780553852323170560,1780553853323170560,Active Total Throughput,tokens/sec,p90,9536.81
88,1780553852323170560,1780553853323170560,Active Total Throughput,tokens/sec,p95,9536.81
88,1780553852323170560,1780553853323170560,Active Total Throughput,tokens/sec,p99,9536.81
88,1780553852323170560,1780553853323170560,Active Total Throughput,tokens/sec,std,628.33
88,1780553852323170560,1780553853323170560,Benchmark Duration,sec,avg,113.16
88,1780553852323170560,1780553853323170560,E2E Output Token Throughput,tokens/sec/user,avg,5.73
88,1780553852323170560,1780553853323170560,E2E Output Token Throughput,tokens/sec/user,min,5.73
88,1780553852323170560,1780553853323170560,E2E Output Token Throughput,tokens/sec/user,max,5.73
88,1780553852323170560,1780553853323170560,E2E Output Token Throughput,tokens/sec/user,sum,5.73
88,1780553852323170560,1780553853323170560,E2E Output Token Throughput,tokens/sec/user,p1,5.73
88,1780553852323170560,1780553853323170560,E2E Output Token Throughput,tokens/sec/user,p5,5.73
88,1780553852323170560,1780553853323170560,E2E Output Token Throughput,tokens/sec/user,p10,5.73
88,1780553852323170560,1780553853323170560,E2E Output Token Throughput,tokens/sec/user,p25,5.73
88,1780553852323170560,1780553853323170560,E2E Output Token Throughput,tokens/sec/user,p50,5.73
88,1780553852323170560,1780553853323170560,E2E Output Token Throughput,tokens/sec/user,p75,5.73
88,1780553852323170560,1780553853323170560,E2E Output Token Throughput,tokens/sec/user,p90,5.73
88,1780553852323170560,1780553853323170560,E2E Output Token Throughput,tokens/sec/user,p95,5.73
88,1780553852323170560,1780553853323170560,E2E Output Token Throughput,tokens/sec/user,p99,5.73
88,1780553852323170560,1780553853323170560,E2E Output Token Throughput,tokens/sec/user,std,0.00
88,1780553852323170560,1780553853323170560,Effective Concurrency,requests,avg,15.45
88,1780553852323170560,1780553853323170560,Effective Concurrency,requests,min,15.00
88,1780553852323170560,1780553853323170560,Effective Concurrency,requests,max,16.00
88,1780553852323170560,1780553853323170560,Effective Concurrency,requests,p50,15.00
88,1780553852323170560,1780553853323170560,Effective Concurrency,requests,p90,16.00
88,1780553852323170560,1780553853323170560,Effective Concurrency,requests,p95,16.00
88,1780553852323170560,1780553853323170560,Effective Concurrency,requests,p99,16.00
88,1780553852323170560,1780553853323170560,Effective Concurrency,requests,std,0.50
88,1780553852323170560,1780553853323170560,Effective Decode Concurrency,requests,avg,12.00
88,1780553852323170560,1780553853323170560,Effective Decode Concurrency,requests,min,12.00
88,1780553852323170560,1780553853323170560,Effective Decode Concurrency,requests,max,12.00
88,1780553852323170560,1780553853323170560,Effective Decode Concurrency,requests,p50,12.00
88,1780553852323170560,1780553853323170560,Effective Decode Concurrency,requests,p90,12.00
88,1780553852323170560,1780553853323170560,Effective Decode Concurrency,requests,p95,12.00
88,1780553852323170560,1780553853323170560,Effective Decode Concurrency,requests,p99,12.00
88,1780553852323170560,1780553853323170560,Effective Decode Concurrency,requests,std,0.00
88,1780553852323170560,1780553853323170560,Effective Decode Throughput,tokens/sec,avg,78.27
88,1780553852323170560,1780553853323170560,Effective Decode Throughput,tokens/sec,min,59.62
88,1780553852323170560,1780553853323170560,Effective Decode Throughput,tokens/sec,max,96.92
88,1780553852323170560,1780553853323170560,Effective Decode Throughput,tokens/sec,p50,78.27
88,1780553852323170560,1780553853323170560,Effective Decode Throughput,tokens/sec,p90,78.27
88,1780553852323170560,1780553853323170560,Effective Decode Throughput,tokens/sec,p95,78.27
88,1780553852323170560,1780553853323170560,Effective Decode Throughput,tokens/sec,p99,78.27
88,1780553852323170560,1780553853323170560,Effective Decode Throughput,tokens/sec,std,0.03
88,1780553852323170560,1780553853323170560,Effective Decode Throughput Per User,tokens/sec/user,avg,6.52
88,1780553852323170560,1780553853323170560,Effective Decode Throughput Per User,tokens/sec/user,min,4.97
88,1780553852323170560,1780553853323170560,Effective Decode Throughput Per User,tokens/sec/user,max,8.08
88,1780553852323170560,1780553853323170560,Effective Decode Throughput Per User,tokens/sec/user,p50,6.52
88,1780553852323170560,1780553853323170560,Effective Decode Throughput Per User,tokens/sec/user,p90,6.52
88,1780553852323170560,1780553853323170560,Effective Decode Throughput Per User,tokens/sec/user,p95,6.52
88,1780553852323170560,1780553853323170560,Effective Decode Throughput Per User,tokens/sec/user,p99,6.52
88,1780553852323170560,1780553853323170560,Effective Decode Throughput Per User,tokens/sec/user,std,0.00
88,1780553852323170560,1780553853323170560,Effective Prefill Concurrency,requests,avg,3.45
88,1780553852323170560,1780553853323170560,Effective Prefill Concurrency,requests,min,3.00
88,1780553852323170560,1780553853323170560,Effective Prefill Concurrency,requests,max,4.00
88,1780553852323170560,1780553853323170560,Effective Prefill Concurrency,requests,p50,3.00
88,1780553852323170560,1780553853323170560,Effective Prefill Concurrency,requests,p90,4.00
88,1780553852323170560,1780553853323170560,Effective Prefill Concurrency,requests,p95,4.00
88,1780553852323170560,1780553853323170560,Effective Prefill Concurrency,requests,p99,4.00
88,1780553852323170560,1780553853323170560,Effective Prefill Concurrency,requests,std,0.50
88,1780553852323170560,1780553853323170560,Effective Prefill Throughput,tokens/sec,avg,8764.90
88,1780553852323170560,1780553853323170560,Effective Prefill Throughput,tokens/sec,min,8198.07
88,1780553852323170560,1780553853323170560,Effective Prefill Throughput,tokens/sec,max,9461.41
88,1780553852323170560,1780553853323170560,Effective Prefill Throughput,tokens/sec,p50,8198.07
88,1780553852323170560,1780553853323170560,Effective Prefill Throughput,tokens/sec,p90,9461.41
88,1780553852323170560,1780553853323170560,Effective Prefill Throughput,tokens/sec,p95,9461.41
88,1780553852323170560,1780553853323170560,Effective Prefill Throughput,tokens/sec,p99,9461.41
88,1780553852323170560,1780553853323170560,Effective Prefill Throughput,tokens/sec,std,628.33
88,1780553852323170560,1780553853323170560,Effective Prefill Throughput Per User,tokens/sec/user,avg,2567.88
88,1780553852323170560,1780553853323170560,Effective Prefill Throughput Per User,tokens/sec/user,min,2365.35
88,1780553852323170560,1780553853323170560,Effective Prefill Throughput Per User,tokens/sec/user,max,2732.69
88,1780553852323170560,1780553853323170560,Effective Prefill Throughput Per User,tokens/sec/user,p50,2732.69
88,1780553852323170560,1780553853323170560,Effective Prefill Throughput Per User,tokens/sec/user,p90,2732.69
88,1780553852323170560,1780553853323170560,Effective Prefill Throughput Per User,tokens/sec/user,p95,2732.69
88,1780553852323170560,1780553853323170560,Effective Prefill Throughput Per User,tokens/sec/user,p99,2732.69
88,1780553852323170560,1780553853323170560,Effective Prefill Throughput Per User,tokens/sec/user,std,182.70
88,1780553852323170560,1780553853323170560,Effective Total Throughput,tokens/sec,avg,8840.29
88,1780553852323170560,1780553853323170560,Effective Total Throughput,tokens/sec,min,8273.47
88,1780553852323170560,1780553853323170560,Effective Total Throughput,tokens/sec,max,9536.81
88,1780553852323170560,1780553853323170560,Effective Total Throughput,tokens/sec,p50,8273.47
88,1780553852323170560,1780553853323170560,Effective Total Throughput,tokens/sec,p90,9536.81
88,1780553852323170560,1780553853323170560,Effective Total Throughput,tokens/sec,p95,9536.81
88,1780553852323170560,1780553853323170560,Effective Total Throughput,tokens/sec,p99,9536.81
88,1780553852323170560,1780553853323170560,Effective Total Throughput,tokens/sec,std,628.33
88,1780553852323170560,1780553853323170560,HTTP Blocked,ms,avg,0.00
88,1780553852323170560,1780553853323170560,HTTP Blocked,ms,min,0.00
88,1780553852323170560,1780553853323170560,HTTP Blocked,ms,max,0.00
88,1780553852323170560,1780553853323170560,HTTP Blocked,ms,sum,0.00
88,1780553852323170560,1780553853323170560,HTTP Blocked,ms,p1,0.00
88,1780553852323170560,1780553853323170560,HTTP Blocked,ms,p5,0.00
88,1780553852323170560,1780553853323170560,HTTP Blocked,ms,p10,0.00
88,1780553852323170560,1780553853323170560,HTTP Blocked,ms,p25,0.00
88,1780553852323170560,1780553853323170560,HTTP Blocked,ms,p50,0.00
88,1780553852323170560,1780553853323170560,HTTP Blocked,ms,p75,0.00
88,1780553852323170560,1780553853323170560,HTTP Blocked,ms,p90,0.00
88,1780553852323170560,1780553853323170560,HTTP Blocked,ms,p95,0.00
88,1780553852323170560,1780553853323170560,HTTP Blocked,ms,p99,0.00
88,1780553852323170560,1780553853323170560,HTTP Blocked,ms,std,0.00
88,1780553852323170560,1780553853323170560,HTTP Chunks Received,count,avg,648.00
88,1780553852323170560,1780553853323170560,HTTP Chunks Received,count,min,648.00
88,1780553852323170560,1780553853323170560,HTTP Chunks Received,count,max,648.00
88,1780553852323170560,1780553853323170560,HTTP Chunks Received,count,sum,648.00
88,1780553852323170560,1780553853323170560,HTTP Chunks Received,count,p1,648.00
88,1780553852323170560,1780553853323170560,HTTP Chunks Received,count,p5,648.00
88,1780553852323170560,1780553853323170560,HTTP Chunks Received,count,p10,648.00
88,1780553852323170560,1780553853323170560,HTTP Chunks Received,count,p25,648.00
88,1780553852323170560,1780553853323170560,HTTP Chunks Received,count,p50,648.00
88,1780553852323170560,1780553853323170560,HTTP Chunks Received,count,p75,648.00
88,1780553852323170560,1780553853323170560,HTTP Chunks Received,count,p90,648.00
88,1780553852323170560,1780553853323170560,HTTP Chunks Received,count,p95,648.00
88,1780553852323170560,1780553853323170560,HTTP Chunks Received,count,p99,648.00
88,1780553852323170560,1780553853323170560,HTTP Chunks Received,count,std,0.00
88,1780553852323170560,1780553853323170560,HTTP Chunks Sent,count,avg,1.00
88,1780553852323170560,1780553853323170560,HTTP Chunks Sent,count,min,1.00
88,1780553852323170560,1780553853323170560,HTTP Chunks Sent,count,max,1.00
88,1780553852323170560,1780553853323170560,HTTP Chunks Sent,count,sum,1.00
88,1780553852323170560,1780553853323170560,HTTP Chunks Sent,count,p1,1.00
88,1780553852323170560,1780553853323170560,HTTP Chunks Sent,count,p5,1.00
88,1780553852323170560,1780553853323170560,HTTP Chunks Sent,count,p10,1.00
88,1780553852323170560,1780553853323170560,HTTP Chunks Sent,count,p25,1.00
88,1780553852323170560,1780553853323170560,HTTP Chunks Sent,count,p50,1.00
88,1780553852323170560,1780553853323170560,HTTP Chunks Sent,count,p75,1.00
88,1780553852323170560,1780553853323170560,HTTP Chunks Sent,count,p90,1.00
88,1780553852323170560,1780553853323170560,HTTP Chunks Sent,count,p95,1.00
88,1780553852323170560,1780553853323170560,HTTP Chunks Sent,count,p99,1.00
88,1780553852323170560,1780553853323170560,HTTP Chunks Sent,count,std,0.00
88,1780553852323170560,1780553853323170560,HTTP Connecting,ms,avg,0.00
88,1780553852323170560,1780553853323170560,HTTP Connecting,ms,min,0.00
88,1780553852323170560,1780553853323170560,HTTP Connecting,ms,max,0.00
88,1780553852323170560,1780553853323170560,HTTP Connecting,ms,sum,0.00
88,1780553852323170560,1780553853323170560,HTTP Connecting,ms,p1,0.00
88,1780553852323170560,1780553853323170560,HTTP Connecting,ms,p5,0.00
88,1780553852323170560,1780553853323170560,HTTP Connecting,ms,p10,0.00
88,1780553852323170560,1780553853323170560,HTTP Connecting,ms,p25,0.00
88,1780553852323170560,1780553853323170560,HTTP Connecting,ms,p50,0.00
88,1780553852323170560,1780553853323170560,HTTP Connecting,ms,p75,0.00
88,1780553852323170560,1780553853323170560,HTTP Connecting,ms,p90,0.00
88,1780553852323170560,1780553853323170560,HTTP Connecting,ms,p95,0.00
88,1780553852323170560,1780553853323170560,HTTP Connecting,ms,p99,0.00
88,1780553852323170560,1780553853323170560,HTTP Connecting,ms,std,0.00
88,1780553852323170560,1780553853323170560,HTTP Connection Overhead,ms,avg,0.00
88,1780553852323170560,1780553853323170560,HTTP Connection Overhead,ms,min,0.00
88,1780553852323170560,1780553853323170560,HTTP Connection Overhead,ms,max,0.00
88,1780553852323170560,1780553853323170560,HTTP Connection Overhead,ms,sum,0.00
88,1780553852323170560,1780553853323170560,HTTP Connection Overhead,ms,p1,0.00
88,1780553852323170560,1780553853323170560,HTTP Connection Overhead,ms,p5,0.00
88,1780553852323170560,1780553853323170560,HTTP Connection Overhead,ms,p10,0.00
88,1780553852323170560,1780553853323170560,HTTP Connection Overhead,ms,p25,0.00
88,1780553852323170560,1780553853323170560,HTTP Connection Overhead,ms,p50,0.00
88,1780553852323170560,1780553853323170560,HTTP Connection Overhead,ms,p75,0.00
88,1780553852323170560,1780553853323170560,HTTP Connection Overhead,ms,p90,0.00
88,1780553852323170560,1780553853323170560,HTTP Connection Overhead,ms,p95,0.00
88,1780553852323170560,1780553853323170560,HTTP Connection Overhead,ms,p99,0.00
88,1780553852323170560,1780553853323170560,HTTP Connection Overhead,ms,std,0.00
88,1780553852323170560,1780553853323170560,HTTP Connection Reused,ratio,avg,1.00
88,1780553852323170560,1780553853323170560,HTTP Connection Reused,ratio,min,1.00
88,1780553852323170560,1780553853323170560,HTTP Connection Reused,ratio,max,1.00
88,1780553852323170560,1780553853323170560,HTTP Connection Reused,ratio,sum,1.00
88,1780553852323170560,1780553853323170560,HTTP Connection Reused,ratio,p1,1.00
88,1780553852323170560,1780553853323170560,HTTP Connection Reused,ratio,p5,1.00
88,1780553852323170560,1780553853323170560,HTTP Connection Reused,ratio,p10,1.00
88,1780553852323170560,1780553853323170560,HTTP Connection Reused,ratio,p25,1.00
88,1780553852323170560,1780553853323170560,HTTP Connection Reused,ratio,p50,1.00
88,1780553852323170560,1780553853323170560,HTTP Connection Reused,ratio,p75,1.00
88,1780553852323170560,1780553853323170560,HTTP Connection Reused,ratio,p90,1.00
88,1780553852323170560,1780553853323170560,HTTP Connection Reused,ratio,p95,1.00
88,1780553852323170560,1780553853323170560,HTTP Connection Reused,ratio,p99,1.00
88,1780553852323170560,1780553853323170560,HTTP Connection Reused,ratio,std,0.00
88,1780553852323170560,1780553853323170560,HTTP Data Received,KB,avg,161.08
88,1780553852323170560,1780553853323170560,HTTP Data Received,KB,min,161.08
88,1780553852323170560,1780553853323170560,HTTP Data Received,KB,max,161.08
88,1780553852323170560,1780553853323170560,HTTP Data Received,KB,sum,161.08
88,1780553852323170560,1780553853323170560,HTTP Data Received,KB,p1,161.08
88,1780553852323170560,1780553853323170560,HTTP Data Received,KB,p5,161.08
88,1780553852323170560,1780553853323170560,HTTP Data Received,KB,p10,161.08
88,1780553852323170560,1780553853323170560,HTTP Data Received,KB,p25,161.08
88,1780553852323170560,1780553853323170560,HTTP Data Received,KB,p50,161.08
88,1780553852323170560,1780553853323170560,HTTP Data Received,KB,p75,161.08
88,1780553852323170560,1780553853323170560,HTTP Data Received,KB,p90,161.08
88,1780553852323170560,1780553853323170560,HTTP Data Received,KB,p95,161.08
88,1780553852323170560,1780553853323170560,HTTP Data Received,KB,p99,161.08
88,1780553852323170560,1780553853323170560,HTTP Data Received,KB,std,0.00
88,1780553852323170560,1780553853323170560,HTTP Data Sent,KB,avg,107.01
88,1780553852323170560,1780553853323170560,HTTP Data Sent,KB,min,107.01
88,1780553852323170560,1780553853323170560,HTTP Data Sent,KB,max,107.01
88,1780553852323170560,1780553853323170560,HTTP Data Sent,KB,sum,107.01
88,1780553852323170560,1780553853323170560,HTTP Data Sent,KB,p1,107.01
88,1780553852323170560,1780553853323170560,HTTP Data Sent,KB,p5,107.01
88,1780553852323170560,1780553853323170560,HTTP Data Sent,KB,p10,107.01
88,1780553852323170560,1780553853323170560,HTTP Data Sent,KB,p25,107.01
88,1780553852323170560,1780553853323170560,HTTP Data Sent,KB,p50,107.01
88,1780553852323170560,1780553853323170560,HTTP Data Sent,KB,p75,107.01
88,1780553852323170560,1780553853323170560,HTTP Data Sent,KB,p90,107.01
88,1780553852323170560,1780553853323170560,HTTP Data Sent,KB,p95,107.01
88,1780553852323170560,1780553853323170560,HTTP Data Sent,KB,p99,107.01
88,1780553852323170560,1780553853323170560,HTTP Data Sent,KB,std,0.00
88,1780553852323170560,1780553853323170560,HTTP DNS Lookup,ms,avg,0.00
88,1780553852323170560,1780553853323170560,HTTP DNS Lookup,ms,min,0.00
88,1780553852323170560,1780553853323170560,HTTP DNS Lookup,ms,max,0.00
88,1780553852323170560,1780553853323170560,HTTP DNS Lookup,ms,sum,0.00
88,1780553852323170560,1780553853323170560,HTTP DNS Lookup,ms,p1,0.00
88,1780553852323170560,1780553853323170560,HTTP DNS Lookup,ms,p5,0.00
88,1780553852323170560,1780553853323170560,HTTP DNS Lookup,ms,p10,0.00
88,1780553852323170560,1780553853323170560,HTTP DNS Lookup,ms,p25,0.00
88,1780553852323170560,1780553853323170560,HTTP DNS Lookup,ms,p50,0.00
88,1780553852323170560,1780553853323170560,HTTP DNS Lookup,ms,p75,0.00
88,1780553852323170560,1780553853323170560,HTTP DNS Lookup,ms,p90,0.00
88,1780553852323170560,1780553853323170560,HTTP DNS Lookup,ms,p95,0.00
88,1780553852323170560,1780553853323170560,HTTP DNS Lookup,ms,p99,0.00
88,1780553852323170560,1780553853323170560,HTTP DNS Lookup,ms,std,0.00
88,1780553852323170560,1780553853323170560,HTTP Duration (excl. conn),ms,avg,113162.30
88,1780553852323170560,1780553853323170560,HTTP Duration (excl. conn),ms,min,113162.30
88,1780553852323170560,1780553853323170560,HTTP Duration (excl. conn),ms,max,113162.30
88,1780553852323170560,1780553853323170560,HTTP Duration (excl. conn),ms,sum,113162.30
88,1780553852323170560,1780553853323170560,HTTP Duration (excl. conn),ms,p1,113162.30
88,1780553852323170560,1780553853323170560,HTTP Duration (excl. conn),ms,p5,113162.30
88,1780553852323170560,1780553853323170560,HTTP Duration (excl. conn),ms,p10,113162.30
88,1780553852323170560,1780553853323170560,HTTP Duration (excl. conn),ms,p25,113162.30
88,1780553852323170560,1780553853323170560,HTTP Duration (excl. conn),ms,p50,113162.30
88,1780553852323170560,1780553853323170560,HTTP Duration (excl. conn),ms,p75,113162.30
88,1780553852323170560,1780553853323170560,HTTP Duration (excl. conn),ms,p90,113162.30
88,1780553852323170560,1780553853323170560,HTTP Duration (excl. conn),ms,p95,113162.30
88,1780553852323170560,1780553853323170560,HTTP Duration (excl. conn),ms,p99,113162.30
88,1780553852323170560,1780553853323170560,HTTP Duration (excl. conn),ms,std,0.00
88,1780553852323170560,1780553853323170560,HTTP Receiving,ms,avg,91293.47
88,1780553852323170560,1780553853323170560,HTTP Receiving,ms,min,91293.47
88,1780553852323170560,1780553853323170560,HTTP Receiving,ms,max,91293.47
88,1780553852323170560,1780553853323170560,HTTP Receiving,ms,sum,91293.47
88,1780553852323170560,1780553853323170560,HTTP Receiving,ms,p1,91293.47
88,1780553852323170560,1780553853323170560,HTTP Receiving,ms,p5,91293.47
88,1780553852323170560,1780553853323170560,HTTP Receiving,ms,p10,91293.47
88,1780553852323170560,1780553853323170560,HTTP Receiving,ms,p25,91293.47
88,1780553852323170560,1780553853323170560,HTTP Receiving,ms,p50,91293.47
88,1780553852323170560,1780553853323170560,HTTP Receiving,ms,p75,91293.47
88,1780553852323170560,1780553853323170560,HTTP Receiving,ms,p90,91293.47
88,1780553852323170560,1780553853323170560,HTTP Receiving,ms,p95,91293.47
88,1780553852323170560,1780553853323170560,HTTP Receiving,ms,p99,91293.47
88,1780553852323170560,1780553853323170560,HTTP Receiving,ms,std,0.00
88,1780553852323170560,1780553853323170560,HTTP Sending,ms,avg,0.30
88,1780553852323170560,1780553853323170560,HTTP Sending,ms,min,0.30
88,1780553852323170560,1780553853323170560,HTTP Sending,ms,max,0.30
88,1780553852323170560,1780553853323170560,HTTP Sending,ms,sum,0.30
88,1780553852323170560,1780553853323170560,HTTP Sending,ms,p1,0.30
88,1780553852323170560,1780553853323170560,HTTP Sending,ms,p5,0.30
88,1780553852323170560,1780553853323170560,HTTP Sending,ms,p10,0.30
88,1780553852323170560,1780553853323170560,HTTP Sending,ms,p25,0.30
88,1780553852323170560,1780553853323170560,HTTP Sending,ms,p50,0.30
88,1780553852323170560,1780553853323170560,HTTP Sending,ms,p75,0.30
88,1780553852323170560,1780553853323170560,HTTP Sending,ms,p90,0.30
88,1780553852323170560,1780553853323170560,HTTP Sending,ms,p95,0.30
88,1780553852323170560,1780553853323170560,HTTP Sending,ms,p99,0.30
88,1780553852323170560,1780553853323170560,HTTP Sending,ms,std,0.00
88,1780553852323170560,1780553853323170560,HTTP Total Time,ms,avg,113162.30
88,1780553852323170560,1780553853323170560,HTTP Total Time,ms,min,113162.30
88,1780553852323170560,1780553853323170560,HTTP Total Time,ms,max,113162.30
88,1780553852323170560,1780553853323170560,HTTP Total Time,ms,sum,113162.30
88,1780553852323170560,1780553853323170560,HTTP Total Time,ms,p1,113162.30
88,1780553852323170560,1780553853323170560,HTTP Total Time,ms,p5,113162.30
88,1780553852323170560,1780553853323170560,HTTP Total Time,ms,p10,113162.30
88,1780553852323170560,1780553853323170560,HTTP Total Time,ms,p25,113162.30
88,1780553852323170560,1780553853323170560,HTTP Total Time,ms,p50,113162.30
88,1780553852323170560,1780553853323170560,HTTP Total Time,ms,p75,113162.30
88,1780553852323170560,1780553853323170560,HTTP Total Time,ms,p90,113162.30
88,1780553852323170560,1780553853323170560,HTTP Total Time,ms,p95,113162.30
88,1780553852323170560,1780553853323170560,HTTP Total Time,ms,p99,113162.30
88,1780553852323170560,1780553853323170560,HTTP Total Time,ms,std,0.00
88,1780553852323170560,1780553853323170560,HTTP Waiting (TTFB),ms,avg,21868.53
88,1780553852323170560,1780553853323170560,HTTP Waiting (TTFB),ms,min,21868.53
88,1780553852323170560,1780553853323170560,HTTP Waiting (TTFB),ms,max,21868.53
88,1780553852323170560,1780553853323170560,HTTP Waiting (TTFB),ms,sum,21868.53
88,1780553852323170560,1780553853323170560,HTTP Waiting (TTFB),ms,p1,21868.53
88,1780553852323170560,1780553853323170560,HTTP Waiting (TTFB),ms,p5,21868.53
88,1780553852323170560,1780553853323170560,HTTP Waiting (TTFB),ms,p10,21868.53
88,1780553852323170560,1780553853323170560,HTTP Waiting (TTFB),ms,p25,21868.53
88,1780553852323170560,1780553853323170560,HTTP Waiting (TTFB),ms,p50,21868.53
88,1780553852323170560,1780553853323170560,HTTP Waiting (TTFB),ms,p75,21868.53
88,1780553852323170560,1780553853323170560,HTTP Waiting (TTFB),ms,p90,21868.53
88,1780553852323170560,1780553853323170560,HTTP Waiting (TTFB),ms,p95,21868.53
88,1780553852323170560,1780553853323170560,HTTP Waiting (TTFB),ms,p99,21868.53
88,1780553852323170560,1780553853323170560,HTTP Waiting (TTFB),ms,std,0.00
88,1780553852323170560,1780553853323170560,Input Sequence Length,tokens,avg,27628.00
88,1780553852323170560,1780553853323170560,Input Sequence Length,tokens,min,27628.00
88,1780553852323170560,1780553853323170560,Input Sequence Length,tokens,max,27628.00
88,1780553852323170560,1780553853323170560,Input Sequence Length,tokens,sum,27628.00
88,1780553852323170560,1780553853323170560,Input Sequence Length,tokens,p1,27628.00
88,1780553852323170560,1780553853323170560,Input Sequence Length,tokens,p5,27628.00
88,1780553852323170560,1780553853323170560,Input Sequence Length,tokens,p10,27628.00
88,1780553852323170560,1780553853323170560,Input Sequence Length,tokens,p25,27628.00
88,1780553852323170560,1780553853323170560,Input Sequence Length,tokens,p50,27628.00
88,1780553852323170560,1780553853323170560,Input Sequence Length,tokens,p75,27628.00
88,1780553852323170560,1780553853323170560,Input Sequence Length,tokens,p90,27628.00
88,1780553852323170560,1780553853323170560,Input Sequence Length,tokens,p95,27628.00
88,1780553852323170560,1780553853323170560,Input Sequence Length,tokens,p99,27628.00
88,1780553852323170560,1780553853323170560,Input Sequence Length,tokens,std,0.00
88,1780553852323170560,1780553853323170560,Input Token Throughput,tokens/sec,avg,27628.00
88,1780553852323170560,1780553853323170560,Inter Chunk Latency,ms,avg,67.25
88,1780553852323170560,1780553853323170560,Inter Chunk Latency,ms,min,67.25
88,1780553852323170560,1780553853323170560,Inter Chunk Latency,ms,max,67.26
88,1780553852323170560,1780553853323170560,Inter Chunk Latency,ms,sum,32416.85
88,1780553852323170560,1780553853323170560,Inter Chunk Latency,ms,p1,67.25
88,1780553852323170560,1780553853323170560,Inter Chunk Latency,ms,p5,67.25
88,1780553852323170560,1780553853323170560,Inter Chunk Latency,ms,p10,67.25
88,1780553852323170560,1780553853323170560,Inter Chunk Latency,ms,p25,67.25
88,1780553852323170560,1780553853323170560,Inter Chunk Latency,ms,p50,67.25
88,1780553852323170560,1780553853323170560,Inter Chunk Latency,ms,p75,67.26
88,1780553852323170560,1780553853323170560,Inter Chunk Latency,ms,p90,67.26
88,1780553852323170560,1780553853323170560,Inter Chunk Latency,ms,p95,67.26
88,1780553852323170560,1780553853323170560,Inter Chunk Latency,ms,p99,67.26
88,1780553852323170560,1780553853323170560,Inter Chunk Latency,ms,std,0.00
88,1780553852323170560,1780553853323170560,Inter Token Latency,ms,avg,141.10
88,1780553852323170560,1780553853323170560,Inter Token Latency,ms,min,141.10
88,1780553852323170560,1780553853323170560,Inter Token Latency,ms,max,141.10
88,1780553852323170560,1780553853323170560,Inter Token Latency,ms,sum,141.10
88,1780553852323170560,1780553853323170560,Inter Token Latency,ms,p1,141.10
88,1780553852323170560,1780553853323170560,Inter Token Latency,ms,p5,141.10
88,1780553852323170560,1780553853323170560,Inter Token Latency,ms,p10,141.10
88,1780553852323170560,1780553853323170560,Inter Token Latency,ms,p25,141.10
88,1780553852323170560,1780553853323170560,Inter Token Latency,ms,p50,141.10
88,1780553852323170560,1780553853323170560,Inter Token Latency,ms,p75,141.10
88,1780553852323170560,1780553853323170560,Inter Token Latency,ms,p90,141.10
88,1780553852323170560,1780553853323170560,Inter Token Latency,ms,p95,141.10
88,1780553852323170560,1780553853323170560,Inter Token Latency,ms,p99,141.10
88,1780553852323170560,1780553853323170560,Inter Token Latency,ms,std,0.00
88,1780553852323170560,1780553853323170560,Maximum Response Timestamp,ns,avg,1780553966036918784.00
88,1780553852323170560,1780553853323170560,Minimum Request Timestamp,ns,avg,1780553852874499072.00
88,1780553852323170560,1780553853323170560,OSL Mismatch Count,requests,avg,0.00
88,1780553852323170560,1780553853323170560,OSL Mismatch Diff %,%,avg,0.00
88,1780553852323170560,1780553853323170560,OSL Mismatch Diff %,%,min,0.00
88,1780553852323170560,1780553853323170560,OSL Mismatch Diff %,%,max,0.00
88,1780553852323170560,1780553853323170560,OSL Mismatch Diff %,%,sum,0.00
88,1780553852323170560,1780553853323170560,OSL Mismatch Diff %,%,p1,0.00
88,1780553852323170560,1780553853323170560,OSL Mismatch Diff %,%,p5,0.00
88,1780553852323170560,1780553853323170560,OSL Mismatch Diff %,%,p10,0.00
88,1780553852323170560,1780553853323170560,OSL Mismatch Diff %,%,p25,0.00
88,1780553852323170560,1780553853323170560,OSL Mismatch Diff %,%,p50,0.00
88,1780553852323170560,1780553853323170560,OSL Mismatch Diff %,%,p75,0.00
88,1780553852323170560,1780553853323170560,OSL Mismatch Diff %,%,p90,0.00
88,1780553852323170560,1780553853323170560,OSL Mismatch Diff %,%,p95,0.00
88,1780553852323170560,1780553853323170560,OSL Mismatch Diff %,%,p99,0.00
88,1780553852323170560,1780553853323170560,OSL Mismatch Diff %,%,std,0.00
88,1780553852323170560,1780553853323170560,Output Sequence Length,tokens,avg,648.00
88,1780553852323170560,1780553853323170560,Output Sequence Length,tokens,min,648.00
88,1780553852323170560,1780553853323170560,Output Sequence Length,tokens,max,648.00
88,1780553852323170560,1780553853323170560,Output Sequence Length,tokens,sum,648.00
88,1780553852323170560,1780553853323170560,Output Sequence Length,tokens,p1,648.00
88,1780553852323170560,1780553853323170560,Output Sequence Length,tokens,p5,648.00
88,1780553852323170560,1780553853323170560,Output Sequence Length,tokens,p10,648.00
88,1780553852323170560,1780553853323170560,Output Sequence Length,tokens,p25,648.00
88,1780553852323170560,1780553853323170560,Output Sequence Length,tokens,p50,648.00
88,1780553852323170560,1780553853323170560,Output Sequence Length,tokens,p75,648.00
88,1780553852323170560,1780553853323170560,Output Sequence Length,tokens,p90,648.00
88,1780553852323170560,1780553853323170560,Output Sequence Length,tokens,p95,648.00
88,1780553852323170560,1780553853323170560,Output Sequence Length,tokens,p99,648.00
88,1780553852323170560,1780553853323170560,Output Sequence Length,tokens,std,0.00
88,1780553852323170560,1780553853323170560,Output Token Count,tokens,avg,648.00
88,1780553852323170560,1780553853323170560,Output Token Count,tokens,min,648.00
88,1780553852323170560,1780553853323170560,Output Token Count,tokens,max,648.00
88,1780553852323170560,1780553853323170560,Output Token Count,tokens,sum,648.00
88,1780553852323170560,1780553853323170560,Output Token Count,tokens,p1,648.00
88,1780553852323170560,1780553853323170560,Output Token Count,tokens,p5,648.00
88,1780553852323170560,1780553853323170560,Output Token Count,tokens,p10,648.00
88,1780553852323170560,1780553853323170560,Output Token Count,tokens,p25,648.00
88,1780553852323170560,1780553853323170560,Output Token Count,tokens,p50,648.00
88,1780553852323170560,1780553853323170560,Output Token Count,tokens,p75,648.00
88,1780553852323170560,1780553853323170560,Output Token Count,tokens,p90,648.00
88,1780553852323170560,1780553853323170560,Output Token Count,tokens,p95,648.00
88,1780553852323170560,1780553853323170560,Output Token Count,tokens,p99,648.00
88,1780553852323170560,1780553853323170560,Output Token Count,tokens,std,0.00
88,1780553852323170560,1780553853323170560,Output Token Throughput,tokens/sec,avg,648.00
88,1780553852323170560,1780553853323170560,Output Token Throughput Per User,tokens/sec/user,avg,7.09
88,1780553852323170560,1780553853323170560,Output Token Throughput Per User,tokens/sec/user,min,7.09
88,1780553852323170560,1780553853323170560,Output Token Throughput Per User,tokens/sec/user,max,7.09
88,1780553852323170560,1780553853323170560,Output Token Throughput Per User,tokens/sec/user,sum,7.09
88,1780553852323170560,1780553853323170560,Output Token Throughput Per User,tokens/sec/user,p1,7.09
88,1780553852323170560,1780553853323170560,Output Token Throughput Per User,tokens/sec/user,p5,7.09
88,1780553852323170560,1780553853323170560,Output Token Throughput Per User,tokens/sec/user,p10,7.09
88,1780553852323170560,1780553853323170560,Output Token Throughput Per User,tokens/sec/user,p25,7.09
88,1780553852323170560,1780553853323170560,Output Token Throughput Per User,tokens/sec/user,p50,7.09
88,1780553852323170560,1780553853323170560,Output Token Throughput Per User,tokens/sec/user,p75,7.09
88,1780553852323170560,1780553853323170560,Output Token Throughput Per User,tokens/sec/user,p90,7.09
88,1780553852323170560,1780553853323170560,Output Token Throughput Per User,tokens/sec/user,p95,7.09
88,1780553852323170560,1780553853323170560,Output Token Throughput Per User,tokens/sec/user,p99,7.09
88,1780553852323170560,1780553853323170560,Output Token Throughput Per User,tokens/sec/user,std,0.00
88,1780553852323170560,1780553853323170560,Prefill Throughput Per User,tokens/sec/user,avg,1263.34
88,1780553852323170560,1780553853323170560,Prefill Throughput Per User,tokens/sec/user,min,1263.34
88,1780553852323170560,1780553853323170560,Prefill Throughput Per User,tokens/sec/user,max,1263.34
88,1780553852323170560,1780553853323170560,Prefill Throughput Per User,tokens/sec/user,sum,1263.34
88,1780553852323170560,1780553853323170560,Prefill Throughput Per User,tokens/sec/user,p1,1263.34
88,1780553852323170560,1780553853323170560,Prefill Throughput Per User,tokens/sec/user,p5,1263.34
88,1780553852323170560,1780553853323170560,Prefill Throughput Per User,tokens/sec/user,p10,1263.34
88,1780553852323170560,1780553853323170560,Prefill Throughput Per User,tokens/sec/user,p25,1263.34
88,1780553852323170560,1780553853323170560,Prefill Throughput Per User,tokens/sec/user,p50,1263.34
88,1780553852323170560,1780553853323170560,Prefill Throughput Per User,tokens/sec/user,p75,1263.34
88,1780553852323170560,1780553853323170560,Prefill Throughput Per User,tokens/sec/user,p90,1263.34
88,1780553852323170560,1780553853323170560,Prefill Throughput Per User,tokens/sec/user,p95,1263.34
88,1780553852323170560,1780553853323170560,Prefill Throughput Per User,tokens/sec/user,p99,1263.34
88,1780553852323170560,1780553853323170560,Prefill Throughput Per User,tokens/sec/user,std,0.00
88,1780553852323170560,1780553853323170560,Request Count,requests,avg,1.00
88,1780553852323170560,1780553853323170560,Request Latency,ms,avg,113162.42
88,1780553852323170560,1780553853323170560,Request Latency,ms,min,113162.42
88,1780553852323170560,1780553853323170560,Request Latency,ms,max,113162.42
88,1780553852323170560,1780553853323170560,Request Latency,ms,sum,113162.42
88,1780553852323170560,1780553853323170560,Request Latency,ms,p1,113162.42
88,1780553852323170560,1780553853323170560,Request Latency,ms,p5,113162.42
88,1780553852323170560,1780553853323170560,Request Latency,ms,p10,113162.42
88,1780553852323170560,1780553853323170560,Request Latency,ms,p25,113162.42
88,1780553852323170560,1780553853323170560,Request Latency,ms,p50,113162.42
88,1780553852323170560,1780553853323170560,Request Latency,ms,p75,113162.42
88,1780553852323170560,1780553853323170560,Request Latency,ms,p90,113162.42
88,1780553852323170560,1780553853323170560,Request Latency,ms,p95,113162.42
88,1780553852323170560,1780553853323170560,Request Latency,ms,p99,113162.42
88,1780553852323170560,1780553853323170560,Request Latency,ms,std,0.00
88,1780553852323170560,1780553853323170560,Request Throughput,requests/sec,avg,1.00
88,1780553852323170560,1780553853323170560,Requested OSL,tokens,avg,648.00
88,1780553852323170560,1780553853323170560,Requested OSL,tokens,min,648.00
88,1780553852323170560,1780553853323170560,Requested OSL,tokens,max,648.00
88,1780553852323170560,1780553853323170560,Requested OSL,tokens,sum,648.00
88,1780553852323170560,1780553853323170560,Requested OSL,tokens,p1,648.00
88,1780553852323170560,1780553853323170560,Requested OSL,tokens,p5,648.00
88,1780553852323170560,1780553853323170560,Requested OSL,tokens,p10,648.00
88,1780553852323170560,1780553853323170560,Requested OSL,tokens,p25,648.00
88,1780553852323170560,1780553853323170560,Requested OSL,tokens,p50,648.00
88,1780553852323170560,1780553853323170560,Requested OSL,tokens,p75,648.00
88,1780553852323170560,1780553853323170560,Requested OSL,tokens,p90,648.00
88,1780553852323170560,1780553853323170560,Requested OSL,tokens,p95,648.00
88,1780553852323170560,1780553853323170560,Requested OSL,tokens,p99,648.00
88,1780553852323170560,1780553853323170560,Requested OSL,tokens,std,0.00
88,1780553852323170560,1780553853323170560,Time to First Output Token,ms,avg,21868.98
88,1780553852323170560,1780553853323170560,Time to First Output Token,ms,min,21868.98
88,1780553852323170560,1780553853323170560,Time to First Output Token,ms,max,21868.98
88,1780553852323170560,1780553853323170560,Time to First Output Token,ms,sum,21868.98
88,1780553852323170560,1780553853323170560,Time to First Output Token,ms,p1,21868.98
88,1780553852323170560,1780553853323170560,Time to First Output Token,ms,p5,21868.98
88,1780553852323170560,1780553853323170560,Time to First Output Token,ms,p10,21868.98
88,1780553852323170560,1780553853323170560,Time to First Output Token,ms,p25,21868.98
88,1780553852323170560,1780553853323170560,Time to First Output Token,ms,p50,21868.98
88,1780553852323170560,1780553853323170560,Time to First Output Token,ms,p75,21868.98
88,1780553852323170560,1780553853323170560,Time to First Output Token,ms,p90,21868.98
88,1780553852323170560,1780553853323170560,Time to First Output Token,ms,p95,21868.98
88,1780553852323170560,1780553853323170560,Time to First Output Token,ms,p99,21868.98
88,1780553852323170560,1780553853323170560,Time to First Output Token,ms,std,0.00
88,1780553852323170560,1780553853323170560,Time to First Token,ms,avg,21868.98
88,1780553852323170560,1780553853323170560,Time to First Token,ms,min,21868.98
88,1780553852323170560,1780553853323170560,Time to First Token,ms,max,21868.98
88,1780553852323170560,1780553853323170560,Time to First Token,ms,sum,21868.98
88,1780553852323170560,1780553853323170560,Time to First Token,ms,p1,21868.98
88,1780553852323170560,1780553853323170560,Time to First Token,ms,p5,21868.98
88,1780553852323170560,1780553853323170560,Time to First Token,ms,p10,21868.98
88,1780553852323170560,1780553853323170560,Time to First Token,ms,p25,21868.98
88,1780553852323170560,1780553853323170560,Time to First Token,ms,p50,21868.98
88,1780553852323170560,1780553853323170560,Time to First Token,ms,p75,21868.98
88,1780553852323170560,1780553853323170560,Time to First Token,ms,p90,21868.98
88,1780553852323170560,1780553853323170560,Time to First Token,ms,p95,21868.98
88,1780553852323170560,1780553853323170560,Time to First Token,ms,p99,21868.98
88,1780553852323170560,1780553853323170560,Time to First Token,ms,std,0.00
88,1780553852323170560,1780553853323170560,Time to Second Token,ms,avg,53.71
88,1780553852323170560,1780553853323170560,Time to Second Token,ms,min,53.71
88,1780553852323170560,1780553853323170560,Time to Second Token,ms,max,53.71
88,1780553852323170560,1780553853323170560,Time to Second Token,ms,sum,53.71
88,1780553852323170560,1780553853323170560,Time to Second Token,ms,p1,53.71
88,1780553852323170560,1780553853323170560,Time to Second Token,ms,p5,53.71
88,1780553852323170560,1780553853323170560,Time to Second Token,ms,p10,53.71
88,1780553852323170560,1780553853323170560,Time to Second Token,ms,p25,53.71
88,1780553852323170560,1780553853323170560,Time to Second Token,ms,p50,53.71
88,1780553852323170560,1780553853323170560,Time to Second Token,ms,p75,53.71
88,1780553852323170560,1780553853323170560,Time to Second Token,ms,p90,53.71
88,1780553852323170560,1780553853323170560,Time to Second Token,ms,p95,53.71
88,1780553852323170560,1780553853323170560,Time to Second Token,ms,p99,53.71
88,1780553852323170560,1780553853323170560,Time to Second Token,ms,std,0.00
88,1780553852323170560,1780553853323170560,Tokens In Flight,tokens,avg,1521760.94
88,1780553852323170560,1780553853323170560,Tokens In Flight,tokens,min,1509325.17
88,1780553852323170560,1780553853323170560,Tokens In Flight,tokens,max,1537032.28
88,1780553852323170560,1780553853323170560,Tokens In Flight,tokens,p50,1509365.34
88,1780553852323170560,1780553853323170560,Tokens In Flight,tokens,p90,1537023.73
88,1780553852323170560,1780553853323170560,Tokens In Flight,tokens,p95,1537028.00
88,1780553852323170560,1780553853323170560,Tokens In Flight,tokens,p99,1537032.28
88,1780553852323170560,1780553853323170560,Tokens In Flight,tokens,std,13760.51
88,1780553852323170560,1780553853323170560,Total Input Sequence Length,tokens,avg,27628.00
88,1780553852323170560,1780553853323170560,Total Output Sequence Length,tokens,avg,648.00
88,1780553852323170560,1780553853323170560,Total Output Tokens,tokens,avg,648.00
88,1780553852323170560,1780553853323170560,Total Token Throughput,tokens/sec,avg,28276.00
88,1780553852323170560,1780553853323170560,Total Usage Completion Tokens,tokens,avg,648.00
88,1780553852323170560,1780553853323170560,Total Usage Prompt Tokens,tokens,avg,27628.00
88,1780553852323170560,1780553853323170560,Total Usage Total Tokens,tokens,avg,28276.00
88,1780553852323170560,1780553853323170560,Usage Completion Tokens,tokens,avg,648.00
88,1780553852323170560,1780553853323170560,Usage Completion Tokens,tokens,min,648.00
88,1780553852323170560,1780553853323170560,Usage Completion Tokens,tokens,max,648.00
88,1780553852323170560,1780553853323170560,Usage Completion Tokens,tokens,sum,648.00
88,1780553852323170560,1780553853323170560,Usage Completion Tokens,tokens,p1,648.00
88,1780553852323170560,1780553853323170560,Usage Completion Tokens,tokens,p5,648.00
88,1780553852323170560,1780553853323170560,Usage Completion Tokens,tokens,p10,648.00
88,1780553852323170560,1780553853323170560,Usage Completion Tokens,tokens,p25,648.00
88,1780553852323170560,1780553853323170560,Usage Completion Tokens,tokens,p50,648.00
88,1780553852323170560,1780553853323170560,Usage Completion Tokens,tokens,p75,648.00
88,1780553852323170560,1780553853323170560,Usage Completion Tokens,tokens,p90,648.00
88,1780553852323170560,1780553853323170560,Usage Completion Tokens,tokens,p95,648.00
88,1780553852323170560,1780553853323170560,Usage Completion Tokens,tokens,p99,648.00
88,1780553852323170560,1780553853323170560,Usage Completion Tokens,tokens,std,0.00
88,1780553852323170560,1780553853323170560,Usage Prompt Tokens,tokens,avg,27628.00
88,1780553852323170560,1780553853323170560,Usage Prompt Tokens,tokens,min,27628.00
88,1780553852323170560,1780553853323170560,Usage Prompt Tokens,tokens,max,27628.00
88,1780553852323170560,1780553853323170560,Usage Prompt Tokens,tokens,sum,27628.00
88,1780553852323170560,1780553853323170560,Usage Prompt Tokens,tokens,p1,27628.00
88,1780553852323170560,1780553853323170560,Usage Prompt Tokens,tokens,p5,27628.00
88,1780553852323170560,1780553853323170560,Usage Prompt Tokens,tokens,p10,27628.00
88,1780553852323170560,1780553853323170560,Usage Prompt Tokens,tokens,p25,27628.00
88,1780553852323170560,1780553853323170560,Usage Prompt Tokens,tokens,p50,27628.00
88,1780553852323170560,1780553853323170560,Usage Prompt Tokens,tokens,p75,27628.00
88,1780553852323170560,1780553853323170560,Usage Prompt Tokens,tokens,p90,27628.00
88,1780553852323170560,1780553853323170560,Usage Prompt Tokens,tokens,p95,27628.00
88,1780553852323170560,1780553853323170560,Usage Prompt Tokens,tokens,p99,27628.00
88,1780553852323170560,1780553853323170560,Usage Prompt Tokens,tokens,std,0.00
88,1780553852323170560,1780553853323170560,Usage Total Tokens,tokens,avg,28276.00
88,1780553852323170560,1780553853323170560,Usage Total Tokens,tokens,min,28276.00
88,1780553852323170560,1780553853323170560,Usage Total Tokens,tokens,max,28276.00
88,1780553852323170560,1780553853323170560,Usage Total Tokens,tokens,sum,28276.00
88,1780553852323170560,1780553853323170560,Usage Total Tokens,tokens,p1,28276.00
88,1780553852323170560,1780553853323170560,Usage Total Tokens,tokens,p5,28276.00
88,1780553852323170560,1780553853323170560,Usage Total Tokens,tokens,p10,28276.00
88,1780553852323170560,1780553853323170560,Usage Total Tokens,tokens,p25,28276.00
88,1780553852323170560,1780553853323170560,Usage Total Tokens,tokens,p50,28276.00
88,1780553852323170560,1780553853323170560,Usage Total Tokens,tokens,p75,28276.00
88,1780553852323170560,1780553853323170560,Usage Total Tokens,tokens,p90,28276.00
88,1780553852323170560,1780553853323170560,Usage Total Tokens,tokens,p95,28276.00
88,1780553852323170560,1780553853323170560,Usage Total Tokens,tokens,p99,28276.00
88,1780553852323170560,1780553853323170560,Usage Total Tokens,tokens,std,0.00
89,1780553864323170560,1780553865323170560,Active Decode Throughput,tokens/sec,avg,59.57
89,1780553864323170560,1780553865323170560,Active Decode Throughput,tokens/sec,min,44.47
89,1780553864323170560,1780553865323170560,Active Decode Throughput,tokens/sec,max,74.68
89,1780553864323170560,1780553865323170560,Active Decode Throughput,tokens/sec,p50,59.57
89,1780553864323170560,1780553865323170560,Active Decode Throughput,tokens/sec,p90,59.57
89,1780553864323170560,1780553865323170560,Active Decode Throughput,tokens/sec,p95,59.57
89,1780553864323170560,1780553865323170560,Active Decode Throughput,tokens/sec,p99,59.57
89,1780553864323170560,1780553865323170560,Active Decode Throughput,tokens/sec,std,0.03
89,1780553864323170560,1780553865323170560,Active Decode Throughput Per User,tokens/sec/user,avg,5.42
89,1780553864323170560,1780553865323170560,Active Decode Throughput Per User,tokens/sec/user,min,4.04
89,1780553864323170560,1780553865323170560,Active Decode Throughput Per User,tokens/sec/user,max,6.79
89,1780553864323170560,1780553865323170560,Active Decode Throughput Per User,tokens/sec/user,p50,5.42
89,1780553864323170560,1780553865323170560,Active Decode Throughput Per User,tokens/sec/user,p90,5.42
89,1780553864323170560,1780553865323170560,Active Decode Throughput Per User,tokens/sec/user,p95,5.42
89,1780553864323170560,1780553865323170560,Active Decode Throughput Per User,tokens/sec/user,p99,5.42
89,1780553864323170560,1780553865323170560,Active Decode Throughput Per User,tokens/sec/user,std,0.00
89,1780553864323170560,1780553865323170560,Active Prefill Throughput,tokens/sec,avg,8308.91
89,1780553864323170560,1780553865323170560,Active Prefill Throughput,tokens/sec,min,5853.42
89,1780553864323170560,1780553865323170560,Active Prefill Throughput,tokens/sec,max,13004.72
89,1780553864323170560,1780553865323170560,Active Prefill Throughput,tokens/sec,p50,9305.09
89,1780553864323170560,1780553865323170560,Active Prefill Throughput,tokens/sec,p90,9305.09
89,1780553864323170560,1780553865323170560,Active Prefill Throughput,tokens/sec,p95,13004.72
89,1780553864323170560,1780553865323170560,Active Prefill Throughput,tokens/sec,p99,13004.72
89,1780553864323170560,1780553865323170560,Active Prefill Throughput,tokens/sec,std,2026.87
89,1780553864323170560,1780553865323170560,Active Prefill Throughput Per User,tokens/sec/user,avg,3048.80
89,1780553864323170560,1780553865323170560,Active Prefill Throughput Per User,tokens/sec/user,min,2926.71
89,1780553864323170560,1780553865323170560,Active Prefill Throughput Per User,tokens/sec/user,max,3251.18
89,1780553864323170560,1780553865323170560,Active Prefill Throughput Per User,tokens/sec/user,p50,3101.70
89,1780553864323170560,1780553865323170560,Active Prefill Throughput Per User,tokens/sec/user,p90,3101.70
89,1780553864323170560,1780553865323170560,Active Prefill Throughput Per User,tokens/sec/user,p95,3251.18
89,1780553864323170560,1780553865323170560,Active Prefill Throughput Per User,tokens/sec/user,p99,3251.18
89,1780553864323170560,1780553865323170560,Active Prefill Throughput Per User,tokens/sec/user,std,97.49
89,1780553864323170560,1780553865323170560,Active Total Throughput,tokens/sec,avg,8376.68
89,1780553864323170560,1780553865323170560,Active Total Throughput,tokens/sec,min,5921.19
89,1780553864323170560,1780553865323170560,Active Total Throughput,tokens/sec,max,13072.49
89,1780553864323170560,1780553865323170560,Active Total Throughput,tokens/sec,p50,9372.86
89,1780553864323170560,1780553865323170560,Active Total Throughput,tokens/sec,p90,9372.86
89,1780553864323170560,1780553865323170560,Active Total Throughput,tokens/sec,p95,13072.49
89,1780553864323170560,1780553865323170560,Active Total Throughput,tokens/sec,p99,13072.49
89,1780553864323170560,1780553865323170560,Active Total Throughput,tokens/sec,std,2026.87
89,1780553864323170560,1780553865323170560,Benchmark Duration,sec,avg,151.75
89,1780553864323170560,1780553865323170560,E2E Output Token Throughput,tokens/sec/user,avg,5.53
89,1780553864323170560,1780553865323170560,E2E Output Token Throughput,tokens/sec/user,min,4.41
89,1780553864323170560,1780553865323170560,E2E Output Token Throughput,tokens/sec/user,max,6.65
89,1780553864323170560,1780553865323170560,E2E Output Token Throughput,tokens/sec/user,sum,11.07
89,1780553864323170560,1780553865323170560,E2E Output Token Throughput,tokens/sec/user,p1,4.44
89,1780553864323170560,1780553865323170560,E2E Output Token Throughput,tokens/sec/user,p5,4.53
89,1780553864323170560,1780553865323170560,E2E Output Token Throughput,tokens/sec/user,p10,4.64
89,1780553864323170560,1780553865323170560,E2E Output Token Throughput,tokens/sec/user,p25,4.97
89,1780553864323170560,1780553865323170560,E2E Output Token Throughput,tokens/sec/user,p50,5.53
89,1780553864323170560,1780553865323170560,E2E Output Token Throughput,tokens/sec/user,p75,6.09
89,1780553864323170560,1780553865323170560,E2E Output Token Throughput,tokens/sec/user,p90,6.43
89,1780553864323170560,1780553865323170560,E2E Output Token Throughput,tokens/sec/user,p95,6.54
89,1780553864323170560,1780553865323170560,E2E Output Token Throughput,tokens/sec/user,p99,6.63
89,1780553864323170560,1780553865323170560,E2E Output Token Throughput,tokens/sec/user,std,1.12
89,1780553864323170560,1780553865323170560,Effective Concurrency,requests,avg,13.71
89,1780553864323170560,1780553865323170560,Effective Concurrency,requests,min,13.00
89,1780553864323170560,1780553865323170560,Effective Concurrency,requests,max,15.00
89,1780553864323170560,1780553865323170560,Effective Concurrency,requests,p50,14.00
89,1780553864323170560,1780553865323170560,Effective Concurrency,requests,p90,14.00
89,1780553864323170560,1780553865323170560,Effective Concurrency,requests,p95,15.00
89,1780553864323170560,1780553865323170560,Effective Concurrency,requests,p99,15.00
89,1780553864323170560,1780553865323170560,Effective Concurrency,requests,std,0.58
89,1780553864323170560,1780553865323170560,Effective Decode Concurrency,requests,avg,11.00
89,1780553864323170560,1780553865323170560,Effective Decode Concurrency,requests,min,11.00
89,1780553864323170560,1780553865323170560,Effective Decode Concurrency,requests,max,11.00
89,1780553864323170560,1780553865323170560,Effective Decode Concurrency,requests,p50,11.00
89,1780553864323170560,1780553865323170560,Effective Decode Concurrency,requests,p90,11.00
89,1780553864323170560,1780553865323170560,Effective Decode Concurrency,requests,p95,11.00
89,1780553864323170560,1780553865323170560,Effective Decode Concurrency,requests,p99,11.00
89,1780553864323170560,1780553865323170560,Effective Decode Concurrency,requests,std,0.00
89,1780553864323170560,1780553865323170560,Effective Decode Throughput,tokens/sec,avg,59.57
89,1780553864323170560,1780553865323170560,Effective Decode Throughput,tokens/sec,min,44.47
89,1780553864323170560,1780553865323170560,Effective Decode Throughput,tokens/sec,max,74.68
89,1780553864323170560,1780553865323170560,Effective Decode Throughput,tokens/sec,p50,59.57
89,1780553864323170560,1780553865323170560,Effective Decode Throughput,tokens/sec,p90,59.57
89,1780553864323170560,1780553865323170560,Effective Decode Throughput,tokens/sec,p95,59.57
89,1780553864323170560,1780553865323170560,Effective Decode Throughput,tokens/sec,p99,59.57
89,1780553864323170560,1780553865323170560,Effective Decode Throughput,tokens/sec,std,0.03
89,1780553864323170560,1780553865323170560,Effective Decode Throughput Per User,tokens/sec/user,avg,5.42
89,1780553864323170560,1780553865323170560,Effective Decode Throughput Per User,tokens/sec/user,min,4.04
89,1780553864323170560,1780553865323170560,Effective Decode Throughput Per User,tokens/sec/user,max,6.79
89,1780553864323170560,1780553865323170560,Effective Decode Throughput Per User,tokens/sec/user,p50,5.42
89,1780553864323170560,1780553865323170560,Effective Decode Throughput Per User,tokens/sec/user,p90,5.42
89,1780553864323170560,1780553865323170560,Effective Decode Throughput Per User,tokens/sec/user,p95,5.42
89,1780553864323170560,1780553865323170560,Effective Decode Throughput Per User,tokens/sec/user,p99,5.42
89,1780553864323170560,1780553865323170560,Effective Decode Throughput Per User,tokens/sec/user,std,0.00
89,1780553864323170560,1780553865323170560,Effective Prefill Concurrency,requests,avg,2.71
89,1780553864323170560,1780553865323170560,Effective Prefill Concurrency,requests,min,2.00
89,1780553864323170560,1780553865323170560,Effective Prefill Concurrency,requests,max,4.00
89,1780553864323170560,1780553865323170560,Effective Prefill Concurrency,requests,p50,3.00
89,1780553864323170560,1780553865323170560,Effective Prefill Concurrency,requests,p90,3.00
89,1780553864323170560,1780553865323170560,Effective Prefill Concurrency,requests,p95,4.00
89,1780553864323170560,1780553865323170560,Effective Prefill Concurrency,requests,p99,4.00
89,1780553864323170560,1780553865323170560,Effective Prefill Concurrency,requests,std,0.58
89,1780553864323170560,1780553865323170560,Effective Prefill Throughput,tokens/sec,avg,8308.91
89,1780553864323170560,1780553865323170560,Effective Prefill Throughput,tokens/sec,min,5853.42
89,1780553864323170560,1780553865323170560,Effective Prefill Throughput,tokens/sec,max,13004.72
89,1780553864323170560,1780553865323170560,Effective Prefill Throughput,tokens/sec,p50,9305.09
89,1780553864323170560,1780553865323170560,Effective Prefill Throughput,tokens/sec,p90,9305.09
89,1780553864323170560,1780553865323170560,Effective Prefill Throughput,tokens/sec,p95,13004.72
89,1780553864323170560,1780553865323170560,Effective Prefill Throughput,tokens/sec,p99,13004.72
89,1780553864323170560,1780553865323170560,Effective Prefill Throughput,tokens/sec,std,2026.87
89,1780553864323170560,1780553865323170560,Effective Prefill Throughput Per User,tokens/sec/user,avg,3048.80
89,1780553864323170560,1780553865323170560,Effective Prefill Throughput Per User,tokens/sec/user,min,2926.71
89,1780553864323170560,1780553865323170560,Effective Prefill Throughput Per User,tokens/sec/user,max,3251.18
89,1780553864323170560,1780553865323170560,Effective Prefill Throughput Per User,tokens/sec/user,p50,3101.70
89,1780553864323170560,1780553865323170560,Effective Prefill Throughput Per User,tokens/sec/user,p90,3101.70
89,1780553864323170560,1780553865323170560,Effective Prefill Throughput Per User,tokens/sec/user,p95,3251.18
89,1780553864323170560,1780553865323170560,Effective Prefill Throughput Per User,tokens/sec/user,p99,3251.18
89,1780553864323170560,1780553865323170560,Effective Prefill Throughput Per User,tokens/sec/user,std,97.49
89,1780553864323170560,1780553865323170560,Effective Total Throughput,tokens/sec,avg,8376.68
89,1780553864323170560,1780553865323170560,Effective Total Throughput,tokens/sec,min,5921.19
89,1780553864323170560,1780553865323170560,Effective Total Throughput,tokens/sec,max,13072.49
89,1780553864323170560,1780553865323170560,Effective Total Throughput,tokens/sec,p50,9372.86
89,1780553864323170560,1780553865323170560,Effective Total Throughput,tokens/sec,p90,9372.86
89,1780553864323170560,1780553865323170560,Effective Total Throughput,tokens/sec,p95,13072.49
89,1780553864323170560,1780553865323170560,Effective Total Throughput,tokens/sec,p99,13072.49
89,1780553864323170560,1780553865323170560,Effective Total Throughput,tokens/sec,std,2026.87
89,1780553864323170560,1780553865323170560,HTTP Blocked,ms,avg,0.00
89,1780553864323170560,1780553865323170560,HTTP Blocked,ms,min,0.00
89,1780553864323170560,1780553865323170560,HTTP Blocked,ms,max,0.00
89,1780553864323170560,1780553865323170560,HTTP Blocked,ms,sum,0.00
89,1780553864323170560,1780553865323170560,HTTP Blocked,ms,p1,0.00
89,1780553864323170560,1780553865323170560,HTTP Blocked,ms,p5,0.00
89,1780553864323170560,1780553865323170560,HTTP Blocked,ms,p10,0.00
89,1780553864323170560,1780553865323170560,HTTP Blocked,ms,p25,0.00
89,1780553864323170560,1780553865323170560,HTTP Blocked,ms,p50,0.00
89,1780553864323170560,1780553865323170560,HTTP Blocked,ms,p75,0.00
89,1780553864323170560,1780553865323170560,HTTP Blocked,ms,p90,0.00
89,1780553864323170560,1780553865323170560,HTTP Blocked,ms,p95,0.00
89,1780553864323170560,1780553865323170560,HTTP Blocked,ms,p99,0.00
89,1780553864323170560,1780553865323170560,HTTP Blocked,ms,std,0.00
89,1780553864323170560,1780553865323170560,HTTP Chunks Received,count,avg,618.50
89,1780553864323170560,1780553865323170560,HTTP Chunks Received,count,min,231.00
89,1780553864323170560,1780553865323170560,HTTP Chunks Received,count,max,1006.00
89,1780553864323170560,1780553865323170560,HTTP Chunks Received,count,sum,1237.00
89,1780553864323170560,1780553865323170560,HTTP Chunks Received,count,p1,238.75
89,1780553864323170560,1780553865323170560,HTTP Chunks Received,count,p5,269.75
89,1780553864323170560,1780553865323170560,HTTP Chunks Received,count,p10,308.50
89,1780553864323170560,1780553865323170560,HTTP Chunks Received,count,p25,424.75
89,1780553864323170560,1780553865323170560,HTTP Chunks Received,count,p50,618.50
89,1780553864323170560,1780553865323170560,HTTP Chunks Received,count,p75,812.25
89,1780553864323170560,1780553865323170560,HTTP Chunks Received,count,p90,928.50
89,1780553864323170560,1780553865323170560,HTTP Chunks Received,count,p95,967.25
89,1780553864323170560,1780553865323170560,HTTP Chunks Received,count,p99,998.25
89,1780553864323170560,1780553865323170560,HTTP Chunks Received,count,std,387.50
89,1780553864323170560,1780553865323170560,HTTP Chunks Sent,count,avg,1.00
89,1780553864323170560,1780553865323170560,HTTP Chunks Sent,count,min,1.00
89,1780553864323170560,1780553865323170560,HTTP Chunks Sent,count,max,1.00
89,1780553864323170560,1780553865323170560,HTTP Chunks Sent,count,sum,2.00
89,1780553864323170560,1780553865323170560,HTTP Chunks Sent,count,p1,1.00
89,1780553864323170560,1780553865323170560,HTTP Chunks Sent,count,p5,1.00
89,1780553864323170560,1780553865323170560,HTTP Chunks Sent,count,p10,1.00
89,1780553864323170560,1780553865323170560,HTTP Chunks Sent,count,p25,1.00
89,1780553864323170560,1780553865323170560,HTTP Chunks Sent,count,p50,1.00
89,1780553864323170560,1780553865323170560,HTTP Chunks Sent,count,p75,1.00
89,1780553864323170560,1780553865323170560,HTTP Chunks Sent,count,p90,1.00
89,1780553864323170560,1780553865323170560,HTTP Chunks Sent,count,p95,1.00
89,1780553864323170560,1780553865323170560,HTTP Chunks Sent,count,p99,1.00
89,1780553864323170560,1780553865323170560,HTTP Chunks Sent,count,std,0.00
89,1780553864323170560,1780553865323170560,HTTP Connecting,ms,avg,0.69
89,1780553864323170560,1780553865323170560,HTTP Connecting,ms,min,0.65
89,1780553864323170560,1780553865323170560,HTTP Connecting,ms,max,0.72
89,1780553864323170560,1780553865323170560,HTTP Connecting,ms,sum,1.38
89,1780553864323170560,1780553865323170560,HTTP Connecting,ms,p1,0.66
89,1780553864323170560,1780553865323170560,HTTP Connecting,ms,p5,0.66
89,1780553864323170560,1780553865323170560,HTTP Connecting,ms,p10,0.66
89,1780553864323170560,1780553865323170560,HTTP Connecting,ms,p25,0.67
89,1780553864323170560,1780553865323170560,HTTP Connecting,ms,p50,0.69
89,1780553864323170560,1780553865323170560,HTTP Connecting,ms,p75,0.71
89,1780553864323170560,1780553865323170560,HTTP Connecting,ms,p90,0.72
89,1780553864323170560,1780553865323170560,HTTP Connecting,ms,p95,0.72
89,1780553864323170560,1780553865323170560,HTTP Connecting,ms,p99,0.72
89,1780553864323170560,1780553865323170560,HTTP Connecting,ms,std,0.03
89,1780553864323170560,1780553865323170560,HTTP Connection Overhead,ms,avg,0.69
89,1780553864323170560,1780553865323170560,HTTP Connection Overhead,ms,min,0.65
89,1780553864323170560,1780553865323170560,HTTP Connection Overhead,ms,max,0.72
89,1780553864323170560,1780553865323170560,HTTP Connection Overhead,ms,sum,1.38
89,1780553864323170560,1780553865323170560,HTTP Connection Overhead,ms,p1,0.66
89,1780553864323170560,1780553865323170560,HTTP Connection Overhead,ms,p5,0.66
89,1780553864323170560,1780553865323170560,HTTP Connection Overhead,ms,p10,0.66
89,1780553864323170560,1780553865323170560,HTTP Connection Overhead,ms,p25,0.67
89,1780553864323170560,1780553865323170560,HTTP Connection Overhead,ms,p50,0.69
89,1780553864323170560,1780553865323170560,HTTP Connection Overhead,ms,p75,0.71
89,1780553864323170560,1780553865323170560,HTTP Connection Overhead,ms,p90,0.72
89,1780553864323170560,1780553865323170560,HTTP Connection Overhead,ms,p95,0.72
89,1780553864323170560,1780553865323170560,HTTP Connection Overhead,ms,p99,0.72
89,1780553864323170560,1780553865323170560,HTTP Connection Overhead,ms,std,0.03
89,1780553864323170560,1780553865323170560,HTTP Connection Reused,ratio,avg,0.00
89,1780553864323170560,1780553865323170560,HTTP Connection Reused,ratio,min,0.00
89,1780553864323170560,1780553865323170560,HTTP Connection Reused,ratio,max,0.00
89,1780553864323170560,1780553865323170560,HTTP Connection Reused,ratio,sum,0.00
89,1780553864323170560,1780553865323170560,HTTP Connection Reused,ratio,p1,0.00
89,1780553864323170560,1780553865323170560,HTTP Connection Reused,ratio,p5,0.00
89,1780553864323170560,1780553865323170560,HTTP Connection Reused,ratio,p10,0.00
89,1780553864323170560,1780553865323170560,HTTP Connection Reused,ratio,p25,0.00
89,1780553864323170560,1780553865323170560,HTTP Connection Reused,ratio,p50,0.00
89,1780553864323170560,1780553865323170560,HTTP Connection Reused,ratio,p75,0.00
89,1780553864323170560,1780553865323170560,HTTP Connection Reused,ratio,p90,0.00
89,1780553864323170560,1780553865323170560,HTTP Connection Reused,ratio,p95,0.00
89,1780553864323170560,1780553865323170560,HTTP Connection Reused,ratio,p99,0.00
89,1780553864323170560,1780553865323170560,HTTP Connection Reused,ratio,std,0.00
89,1780553864323170560,1780553865323170560,HTTP Data Received,KB,avg,154.31
89,1780553864323170560,1780553865323170560,HTTP Data Received,KB,min,58.13
89,1780553864323170560,1780553865323170560,HTTP Data Received,KB,max,250.50
89,1780553864323170560,1780553865323170560,HTTP Data Received,KB,sum,308.62
89,1780553864323170560,1780553865323170560,HTTP Data Received,KB,p1,60.05
89,1780553864323170560,1780553865323170560,HTTP Data Received,KB,p5,67.74
89,1780553864323170560,1780553865323170560,HTTP Data Received,KB,p10,77.36
89,1780553864323170560,1780553865323170560,HTTP Data Received,KB,p25,106.22
89,1780553864323170560,1780553865323170560,HTTP Data Received,KB,p50,154.31
89,1780553864323170560,1780553865323170560,HTTP Data Received,KB,p75,202.40
89,1780553864323170560,1780553865323170560,HTTP Data Received,KB,p90,231.26
89,1780553864323170560,1780553865323170560,HTTP Data Received,KB,p95,240.88
89,1780553864323170560,1780553865323170560,HTTP Data Received,KB,p99,248.57
89,1780553864323170560,1780553865323170560,HTTP Data Received,KB,std,96.18
89,1780553864323170560,1780553865323170560,HTTP Data Sent,KB,avg,367.81
89,1780553864323170560,1780553865323170560,HTTP Data Sent,KB,min,201.43
89,1780553864323170560,1780553865323170560,HTTP Data Sent,KB,max,534.20
89,1780553864323170560,1780553865323170560,HTTP Data Sent,KB,sum,735.63
89,1780553864323170560,1780553865323170560,HTTP Data Sent,KB,p1,204.76
89,1780553864323170560,1780553865323170560,HTTP Data Sent,KB,p5,218.07
89,1780553864323170560,1780553865323170560,HTTP Data Sent,KB,p10,234.71
89,1780553864323170560,1780553865323170560,HTTP Data Sent,KB,p25,284.62
89,1780553864323170560,1780553865323170560,HTTP Data Sent,KB,p50,367.81
89,1780553864323170560,1780553865323170560,HTTP Data Sent,KB,p75,451.00
89,1780553864323170560,1780553865323170560,HTTP Data Sent,KB,p90,500.92
89,1780553864323170560,1780553865323170560,HTTP Data Sent,KB,p95,517.56
89,1780553864323170560,1780553865323170560,HTTP Data Sent,KB,p99,530.87
89,1780553864323170560,1780553865323170560,HTTP Data Sent,KB,std,166.38
89,1780553864323170560,1780553865323170560,HTTP DNS Lookup,ms,avg,0.00
89,1780553864323170560,1780553865323170560,HTTP DNS Lookup,ms,min,0.00
89,1780553864323170560,1780553865323170560,HTTP DNS Lookup,ms,max,0.00
89,1780553864323170560,1780553865323170560,HTTP DNS Lookup,ms,sum,0.00
89,1780553864323170560,1780553865323170560,HTTP DNS Lookup,ms,p1,0.00
89,1780553864323170560,1780553865323170560,HTTP DNS Lookup,ms,p5,0.00
89,1780553864323170560,1780553865323170560,HTTP DNS Lookup,ms,p10,0.00
89,1780553864323170560,1780553865323170560,HTTP DNS Lookup,ms,p25,0.00
89,1780553864323170560,1780553865323170560,HTTP DNS Lookup,ms,p50,0.00
89,1780553864323170560,1780553865323170560,HTTP DNS Lookup,ms,p75,0.00
89,1780553864323170560,1780553865323170560,HTTP DNS Lookup,ms,p90,0.00
89,1780553864323170560,1780553865323170560,HTTP DNS Lookup,ms,p95,0.00
89,1780553864323170560,1780553865323170560,HTTP DNS Lookup,ms,p99,0.00
89,1780553864323170560,1780553865323170560,HTTP DNS Lookup,ms,std,0.00
89,1780553864323170560,1780553865323170560,HTTP Duration (excl. conn),ms,avg,101781.16
89,1780553864323170560,1780553865323170560,HTTP Duration (excl. conn),ms,min,52323.71
89,1780553864323170560,1780553865323170560,HTTP Duration (excl. conn),ms,max,151238.61
89,1780553864323170560,1780553865323170560,HTTP Duration (excl. conn),ms,sum,203562.32
89,1780553864323170560,1780553865323170560,HTTP Duration (excl. conn),ms,p1,53312.86
89,1780553864323170560,1780553865323170560,HTTP Duration (excl. conn),ms,p5,57269.45
89,1780553864323170560,1780553865323170560,HTTP Duration (excl. conn),ms,p10,62215.20
89,1780553864323170560,1780553865323170560,HTTP Duration (excl. conn),ms,p25,77052.44
89,1780553864323170560,1780553865323170560,HTTP Duration (excl. conn),ms,p50,101781.16
89,1780553864323170560,1780553865323170560,HTTP Duration (excl. conn),ms,p75,126509.89
89,1780553864323170560,1780553865323170560,HTTP Duration (excl. conn),ms,p90,141347.12
89,1780553864323170560,1780553865323170560,HTTP Duration (excl. conn),ms,p95,146292.87
89,1780553864323170560,1780553865323170560,HTTP Duration (excl. conn),ms,p99,150249.47
89,1780553864323170560,1780553865323170560,HTTP Duration (excl. conn),ms,std,49457.45
89,1780553864323170560,1780553865323170560,HTTP Receiving,ms,avg,75844.61
89,1780553864323170560,1780553865323170560,HTTP Receiving,ms,min,37328.18
89,1780553864323170560,1780553865323170560,HTTP Receiving,ms,max,114361.03
89,1780553864323170560,1780553865323170560,HTTP Receiving,ms,sum,151689.21
89,1780553864323170560,1780553865323170560,HTTP Receiving,ms,p1,38098.51
89,1780553864323170560,1780553865323170560,HTTP Receiving,ms,p5,41179.83
89,1780553864323170560,1780553865323170560,HTTP Receiving,ms,p10,45031.47
89,1780553864323170560,1780553865323170560,HTTP Receiving,ms,p25,56586.40
89,1780553864323170560,1780553865323170560,HTTP Receiving,ms,p50,75844.61
89,1780553864323170560,1780553865323170560,HTTP Receiving,ms,p75,95102.82
89,1780553864323170560,1780553865323170560,HTTP Receiving,ms,p90,106657.75
89,1780553864323170560,1780553865323170560,HTTP Receiving,ms,p95,110509.39
89,1780553864323170560,1780553865323170560,HTTP Receiving,ms,p99,113590.70
89,1780553864323170560,1780553865323170560,HTTP Receiving,ms,std,38516.42
89,1780553864323170560,1780553865323170560,HTTP Sending,ms,avg,0.97
89,1780553864323170560,1780553865323170560,HTTP Sending,ms,min,0.92
89,1780553864323170560,1780553865323170560,HTTP Sending,ms,max,1.02
89,1780553864323170560,1780553865323170560,HTTP Sending,ms,sum,1.94
89,1780553864323170560,1780553865323170560,HTTP Sending,ms,p1,0.92
89,1780553864323170560,1780553865323170560,HTTP Sending,ms,p5,0.92
89,1780553864323170560,1780553865323170560,HTTP Sending,ms,p10,0.93
89,1780553864323170560,1780553865323170560,HTTP Sending,ms,p25,0.94
89,1780553864323170560,1780553865323170560,HTTP Sending,ms,p50,0.97
89,1780553864323170560,1780553865323170560,HTTP Sending,ms,p75,0.99
89,1780553864323170560,1780553865323170560,HTTP Sending,ms,p90,1.01
89,1780553864323170560,1780553865323170560,HTTP Sending,ms,p95,1.01
89,1780553864323170560,1780553865323170560,HTTP Sending,ms,p99,1.02
89,1780553864323170560,1780553865323170560,HTTP Sending,ms,std,0.05
89,1780553864323170560,1780553865323170560,HTTP Total Time,ms,avg,101781.85
89,1780553864323170560,1780553865323170560,HTTP Total Time,ms,min,52324.43
89,1780553864323170560,1780553865323170560,HTTP Total Time,ms,max,151239.27
89,1780553864323170560,1780553865323170560,HTTP Total Time,ms,sum,203563.70
89,1780553864323170560,1780553865323170560,HTTP Total Time,ms,p1,53313.58
89,1780553864323170560,1780553865323170560,HTTP Total Time,ms,p5,57270.18
89,1780553864323170560,1780553865323170560,HTTP Total Time,ms,p10,62215.92
89,1780553864323170560,1780553865323170560,HTTP Total Time,ms,p25,77053.14
89,1780553864323170560,1780553865323170560,HTTP Total Time,ms,p50,101781.85
89,1780553864323170560,1780553865323170560,HTTP Total Time,ms,p75,126510.56
89,1780553864323170560,1780553865323170560,HTTP Total Time,ms,p90,141347.79
89,1780553864323170560,1780553865323170560,HTTP Total Time,ms,p95,146293.53
89,1780553864323170560,1780553865323170560,HTTP Total Time,ms,p99,150250.12
89,1780553864323170560,1780553865323170560,HTTP Total Time,ms,std,49457.42
89,1780553864323170560,1780553865323170560,HTTP Waiting (TTFB),ms,avg,25935.59
89,1780553864323170560,1780553865323170560,HTTP Waiting (TTFB),ms,min,14994.51
89,1780553864323170560,1780553865323170560,HTTP Waiting (TTFB),ms,max,36876.66
89,1780553864323170560,1780553865323170560,HTTP Waiting (TTFB),ms,sum,51871.17
89,1780553864323170560,1780553865323170560,HTTP Waiting (TTFB),ms,p1,15213.33
89,1780553864323170560,1780553865323170560,HTTP Waiting (TTFB),ms,p5,16088.62
89,1780553864323170560,1780553865323170560,HTTP Waiting (TTFB),ms,p10,17182.72
89,1780553864323170560,1780553865323170560,HTTP Waiting (TTFB),ms,p25,20465.05
89,1780553864323170560,1780553865323170560,HTTP Waiting (TTFB),ms,p50,25935.59
89,1780553864323170560,1780553865323170560,HTTP Waiting (TTFB),ms,p75,31406.13
89,1780553864323170560,1780553865323170560,HTTP Waiting (TTFB),ms,p90,34688.45
89,1780553864323170560,1780553865323170560,HTTP Waiting (TTFB),ms,p95,35782.56
89,1780553864323170560,1780553865323170560,HTTP Waiting (TTFB),ms,p99,36657.84
89,1780553864323170560,1780553865323170560,HTTP Waiting (TTFB),ms,std,10941.08
89,1780553864323170560,1780553865323170560,Input Sequence Length,tokens,avg,94097.00
89,1780553864323170560,1780553865323170560,Input Sequence Length,tokens,min,51760.00
89,1780553864323170560,1780553865323170560,Input Sequence Length,tokens,max,136434.00
89,1780553864323170560,1780553865323170560,Input Sequence Length,tokens,sum,188194.00
89,1780553864323170560,1780553865323170560,Input Sequence Length,tokens,p1,52606.74
89,1780553864323170560,1780553865323170560,Input Sequence Length,tokens,p5,55993.70
89,1780553864323170560,1780553865323170560,Input Sequence Length,tokens,p10,60227.40
89,1780553864323170560,1780553865323170560,Input Sequence Length,tokens,p25,72928.50
89,1780553864323170560,1780553865323170560,Input Sequence Length,tokens,p50,94097.00
89,1780553864323170560,1780553865323170560,Input Sequence Length,tokens,p75,115265.50
89,1780553864323170560,1780553865323170560,Input Sequence Length,tokens,p90,127966.60
89,1780553864323170560,1780553865323170560,Input Sequence Length,tokens,p95,132200.30
89,1780553864323170560,1780553865323170560,Input Sequence Length,tokens,p99,135587.26
89,1780553864323170560,1780553865323170560,Input Sequence Length,tokens,std,42337.00
89,1780553864323170560,1780553865323170560,Input Token Throughput,tokens/sec,avg,188194.00
89,1780553864323170560,1780553865323170560,Inter Chunk Latency,ms,avg,67.33
89,1780553864323170560,1780553865323170560,Inter Chunk Latency,ms,min,67.18
89,1780553864323170560,1780553865323170560,Inter Chunk Latency,ms,max,67.37
89,1780553864323170560,1780553865323170560,Inter Chunk Latency,ms,sum,80253.11
89,1780553864323170560,1780553865323170560,Inter Chunk Latency,ms,p1,67.18
89,1780553864323170560,1780553865323170560,Inter Chunk Latency,ms,p5,67.19
89,1780553864323170560,1780553865323170560,Inter Chunk Latency,ms,p10,67.19
89,1780553864323170560,1780553865323170560,Inter Chunk Latency,ms,p25,67.35
89,1780553864323170560,1780553865323170560,Inter Chunk Latency,ms,p50,67.36
89,1780553864323170560,1780553865323170560,Inter Chunk Latency,ms,p75,67.36
89,1780553864323170560,1780553865323170560,Inter Chunk Latency,ms,p90,67.37
89,1780553864323170560,1780553865323170560,Inter Chunk Latency,ms,p95,67.37
89,1780553864323170560,1780553865323170560,Inter Chunk Latency,ms,p99,67.37
89,1780553864323170560,1780553865323170560,Inter Chunk Latency,ms,std,0.07
89,1780553864323170560,1780553865323170560,Inter Token Latency,ms,avg,138.01
89,1780553864323170560,1780553865323170560,Inter Token Latency,ms,min,113.72
89,1780553864323170560,1780553865323170560,Inter Token Latency,ms,max,162.30
89,1780553864323170560,1780553865323170560,Inter Token Latency,ms,sum,276.02
89,1780553864323170560,1780553865323170560,Inter Token Latency,ms,p1,114.20
89,1780553864323170560,1780553865323170560,Inter Token Latency,ms,p5,116.15
89,1780553864323170560,1780553865323170560,Inter Token Latency,ms,p10,118.58
89,1780553864323170560,1780553865323170560,Inter Token Latency,ms,p25,125.86
89,1780553864323170560,1780553865323170560,Inter Token Latency,ms,p50,138.01
89,1780553864323170560,1780553865323170560,Inter Token Latency,ms,p75,150.15
89,1780553864323170560,1780553865323170560,Inter Token Latency,ms,p90,157.44
89,1780553864323170560,1780553865323170560,Inter Token Latency,ms,p95,159.87
89,1780553864323170560,1780553865323170560,Inter Token Latency,ms,p99,161.81
89,1780553864323170560,1780553865323170560,Inter Token Latency,ms,std,24.29
89,1780553864323170560,1780553865323170560,Maximum Response Timestamp,ns,avg,1780554016425594880.00
89,1780553864323170560,1780553865323170560,Minimum Request Timestamp,ns,avg,1780553864679113216.00
89,1780553864323170560,1780553865323170560,OSL Mismatch Count,requests,avg,0.00
89,1780553864323170560,1780553865323170560,OSL Mismatch Diff %,%,avg,0.00
89,1780553864323170560,1780553865323170560,OSL Mismatch Diff %,%,min,0.00
89,1780553864323170560,1780553865323170560,OSL Mismatch Diff %,%,max,0.00
89,1780553864323170560,1780553865323170560,OSL Mismatch Diff %,%,sum,0.00
89,1780553864323170560,1780553865323170560,OSL Mismatch Diff %,%,p1,0.00
89,1780553864323170560,1780553865323170560,OSL Mismatch Diff %,%,p5,0.00
89,1780553864323170560,1780553865323170560,OSL Mismatch Diff %,%,p10,0.00
89,1780553864323170560,1780553865323170560,OSL Mismatch Diff %,%,p25,0.00
89,1780553864323170560,1780553865323170560,OSL Mismatch Diff %,%,p50,0.00
89,1780553864323170560,1780553865323170560,OSL Mismatch Diff %,%,p75,0.00
89,1780553864323170560,1780553865323170560,OSL Mismatch Diff %,%,p90,0.00
89,1780553864323170560,1780553865323170560,OSL Mismatch Diff %,%,p95,0.00
89,1780553864323170560,1780553865323170560,OSL Mismatch Diff %,%,p99,0.00
89,1780553864323170560,1780553865323170560,OSL Mismatch Diff %,%,std,0.00
89,1780553864323170560,1780553865323170560,Output Sequence Length,tokens,avg,618.50
89,1780553864323170560,1780553865323170560,Output Sequence Length,tokens,min,231.00
89,1780553864323170560,1780553865323170560,Output Sequence Length,tokens,max,1006.00
89,1780553864323170560,1780553865323170560,Output Sequence Length,tokens,sum,1237.00
89,1780553864323170560,1780553865323170560,Output Sequence Length,tokens,p1,238.75
89,1780553864323170560,1780553865323170560,Output Sequence Length,tokens,p5,269.75
89,1780553864323170560,1780553865323170560,Output Sequence Length,tokens,p10,308.50
89,1780553864323170560,1780553865323170560,Output Sequence Length,tokens,p25,424.75
89,1780553864323170560,1780553865323170560,Output Sequence Length,tokens,p50,618.50
89,1780553864323170560,1780553865323170560,Output Sequence Length,tokens,p75,812.25
89,1780553864323170560,1780553865323170560,Output Sequence Length,tokens,p90,928.50
89,1780553864323170560,1780553865323170560,Output Sequence Length,tokens,p95,967.25
89,1780553864323170560,1780553865323170560,Output Sequence Length,tokens,p99,998.25
89,1780553864323170560,1780553865323170560,Output Sequence Length,tokens,std,387.50
89,1780553864323170560,1780553865323170560,Output Token Count,tokens,avg,618.50
89,1780553864323170560,1780553865323170560,Output Token Count,tokens,min,231.00
89,1780553864323170560,1780553865323170560,Output Token Count,tokens,max,1006.00
89,1780553864323170560,1780553865323170560,Output Token Count,tokens,sum,1237.00
89,1780553864323170560,1780553865323170560,Output Token Count,tokens,p1,238.75
89,1780553864323170560,1780553865323170560,Output Token Count,tokens,p5,269.75
89,1780553864323170560,1780553865323170560,Output Token Count,tokens,p10,308.50
89,1780553864323170560,1780553865323170560,Output Token Count,tokens,p25,424.75
89,1780553864323170560,1780553865323170560,Output Token Count,tokens,p50,618.50
89,1780553864323170560,1780553865323170560,Output Token Count,tokens,p75,812.25
89,1780553864323170560,1780553865323170560,Output Token Count,tokens,p90,928.50
89,1780553864323170560,1780553865323170560,Output Token Count,tokens,p95,967.25
89,1780553864323170560,1780553865323170560,Output Token Count,tokens,p99,998.25
89,1780553864323170560,1780553865323170560,Output Token Count,tokens,std,387.50
89,1780553864323170560,1780553865323170560,Output Token Throughput,tokens/sec,avg,1237.00
89,1780553864323170560,1780553865323170560,Output Token Throughput Per User,tokens/sec/user,avg,7.48
89,1780553864323170560,1780553865323170560,Output Token Throughput Per User,tokens/sec/user,min,6.16
89,1780553864323170560,1780553865323170560,Output Token Throughput Per User,tokens/sec/user,max,8.79
89,1780553864323170560,1780553865323170560,Output Token Throughput Per User,tokens/sec/user,sum,14.96
89,1780553864323170560,1780553865323170560,Output Token Throughput Per User,tokens/sec/user,p1,6.19
89,1780553864323170560,1780553865323170560,Output Token Throughput Per User,tokens/sec/user,p5,6.29
89,1780553864323170560,1780553865323170560,Output Token Throughput Per User,tokens/sec/user,p10,6.42
89,1780553864323170560,1780553865323170560,Output Token Throughput Per User,tokens/sec/user,p25,6.82
89,1780553864323170560,1780553865323170560,Output Token Throughput Per User,tokens/sec/user,p50,7.48
89,1780553864323170560,1780553865323170560,Output Token Throughput Per User,tokens/sec/user,p75,8.14
89,1780553864323170560,1780553865323170560,Output Token Throughput Per User,tokens/sec/user,p90,8.53
89,1780553864323170560,1780553865323170560,Output Token Throughput Per User,tokens/sec/user,p95,8.66
89,1780553864323170560,1780553865323170560,Output Token Throughput Per User,tokens/sec/user,p99,8.77
89,1780553864323170560,1780553865323170560,Output Token Throughput Per User,tokens/sec/user,std,1.32
89,1780553864323170560,1780553865323170560,Prefill Throughput Per User,tokens/sec/user,avg,3575.65
89,1780553864323170560,1780553865323170560,Prefill Throughput Per User,tokens/sec/user,min,3451.67
89,1780553864323170560,1780553865323170560,Prefill Throughput Per User,tokens/sec/user,max,3699.63
89,1780553864323170560,1780553865323170560,Prefill Throughput Per User,tokens/sec/user,sum,7151.30
89,1780553864323170560,1780553865323170560,Prefill Throughput Per User,tokens/sec/user,p1,3454.15
89,1780553864323170560,1780553865323170560,Prefill Throughput Per User,tokens/sec/user,p5,3464.06
89,1780553864323170560,1780553865323170560,Prefill Throughput Per User,tokens/sec/user,p10,3476.46
89,1780553864323170560,1780553865323170560,Prefill Throughput Per User,tokens/sec/user,p25,3513.66
89,1780553864323170560,1780553865323170560,Prefill Throughput Per User,tokens/sec/user,p50,3575.65
89,1780553864323170560,1780553865323170560,Prefill Throughput Per User,tokens/sec/user,p75,3637.64
89,1780553864323170560,1780553865323170560,Prefill Throughput Per User,tokens/sec/user,p90,3674.84
89,1780553864323170560,1780553865323170560,Prefill Throughput Per User,tokens/sec/user,p95,3687.23
89,1780553864323170560,1780553865323170560,Prefill Throughput Per User,tokens/sec/user,p99,3697.15
89,1780553864323170560,1780553865323170560,Prefill Throughput Per User,tokens/sec/user,std,123.98
89,1780553864323170560,1780553865323170560,Request Count,requests,avg,2.00
89,1780553864323170560,1780553865323170560,Request Latency,ms,avg,101744.54
89,1780553864323170560,1780553865323170560,Request Latency,ms,min,52323.83
89,1780553864323170560,1780553865323170560,Request Latency,ms,max,151165.25
89,1780553864323170560,1780553865323170560,Request Latency,ms,sum,203489.07
89,1780553864323170560,1780553865323170560,Request Latency,ms,p1,53312.24
89,1780553864323170560,1780553865323170560,Request Latency,ms,p5,57265.90
89,1780553864323170560,1780553865323170560,Request Latency,ms,p10,62207.97
89,1780553864323170560,1780553865323170560,Request Latency,ms,p25,77034.18
89,1780553864323170560,1780553865323170560,Request Latency,ms,p50,101744.54
89,1780553864323170560,1780553865323170560,Request Latency,ms,p75,126454.89
89,1780553864323170560,1780553865323170560,Request Latency,ms,p90,141281.10
89,1780553864323170560,1780553865323170560,Request Latency,ms,p95,146223.18
89,1780553864323170560,1780553865323170560,Request Latency,ms,p99,150176.83
89,1780553864323170560,1780553865323170560,Request Latency,ms,std,49420.71
89,1780553864323170560,1780553865323170560,Request Throughput,requests/sec,avg,2.00
89,1780553864323170560,1780553865323170560,Requested OSL,tokens,avg,618.50
89,1780553864323170560,1780553865323170560,Requested OSL,tokens,min,231.00
89,1780553864323170560,1780553865323170560,Requested OSL,tokens,max,1006.00
89,1780553864323170560,1780553865323170560,Requested OSL,tokens,sum,1237.00
89,1780553864323170560,1780553865323170560,Requested OSL,tokens,p1,238.75
89,1780553864323170560,1780553865323170560,Requested OSL,tokens,p5,269.75
89,1780553864323170560,1780553865323170560,Requested OSL,tokens,p10,308.50
89,1780553864323170560,1780553865323170560,Requested OSL,tokens,p25,424.75
89,1780553864323170560,1780553865323170560,Requested OSL,tokens,p50,618.50
89,1780553864323170560,1780553865323170560,Requested OSL,tokens,p75,812.25
89,1780553864323170560,1780553865323170560,Requested OSL,tokens,p90,928.50
89,1780553864323170560,1780553865323170560,Requested OSL,tokens,p95,967.25
89,1780553864323170560,1780553865323170560,Requested OSL,tokens,p99,998.25
89,1780553864323170560,1780553865323170560,Requested OSL,tokens,std,387.50
89,1780553864323170560,1780553865323170560,Time to First Output Token,ms,avg,25936.69
89,1780553864323170560,1780553865323170560,Time to First Output Token,ms,min,14995.66
89,1780553864323170560,1780553865323170560,Time to First Output Token,ms,max,36877.71
89,1780553864323170560,1780553865323170560,Time to First Output Token,ms,sum,51873.37
89,1780553864323170560,1780553865323170560,Time to First Output Token,ms,p1,15214.48
89,1780553864323170560,1780553865323170560,Time to First Output Token,ms,p5,16089.76
89,1780553864323170560,1780553865323170560,Time to First Output Token,ms,p10,17183.86
89,1780553864323170560,1780553865323170560,Time to First Output Token,ms,p25,20466.17
89,1780553864323170560,1780553865323170560,Time to First Output Token,ms,p50,25936.69
89,1780553864323170560,1780553865323170560,Time to First Output Token,ms,p75,31407.20
89,1780553864323170560,1780553865323170560,Time to First Output Token,ms,p90,34689.51
89,1780553864323170560,1780553865323170560,Time to First Output Token,ms,p95,35783.61
89,1780553864323170560,1780553865323170560,Time to First Output Token,ms,p99,36658.89
89,1780553864323170560,1780553865323170560,Time to First Output Token,ms,std,10941.03
89,1780553864323170560,1780553865323170560,Time to First Token,ms,avg,25936.69
89,1780553864323170560,1780553865323170560,Time to First Token,ms,min,14995.66
89,1780553864323170560,1780553865323170560,Time to First Token,ms,max,36877.71
89,1780553864323170560,1780553865323170560,Time to First Token,ms,sum,51873.37
89,1780553864323170560,1780553865323170560,Time to First Token,ms,p1,15214.48
89,1780553864323170560,1780553865323170560,Time to First Token,ms,p5,16089.76
89,1780553864323170560,1780553865323170560,Time to First Token,ms,p10,17183.86
89,1780553864323170560,1780553865323170560,Time to First Token,ms,p25,20466.17
89,1780553864323170560,1780553865323170560,Time to First Token,ms,p50,25936.69
89,1780553864323170560,1780553865323170560,Time to First Token,ms,p75,31407.20
89,1780553864323170560,1780553865323170560,Time to First Token,ms,p90,34689.51
89,1780553864323170560,1780553865323170560,Time to First Token,ms,p95,35783.61
89,1780553864323170560,1780553865323170560,Time to First Token,ms,p99,36658.89
89,1780553864323170560,1780553865323170560,Time to First Token,ms,std,10941.03
89,1780553864323170560,1780553865323170560,Time to Second Token,ms,avg,11.40
89,1780553864323170560,1780553865323170560,Time to Second Token,ms,min,0.60
89,1780553864323170560,1780553865323170560,Time to Second Token,ms,max,22.20
89,1780553864323170560,1780553865323170560,Time to Second Token,ms,sum,22.79
89,1780553864323170560,1780553865323170560,Time to Second Token,ms,p1,0.81
89,1780553864323170560,1780553865323170560,Time to Second Token,ms,p5,1.68
89,1780553864323170560,1780553865323170560,Time to Second Token,ms,p10,2.76
89,1780553864323170560,1780553865323170560,Time to Second Token,ms,p25,6.00
89,1780553864323170560,1780553865323170560,Time to Second Token,ms,p50,11.40
89,1780553864323170560,1780553865323170560,Time to Second Token,ms,p75,16.80
89,1780553864323170560,1780553865323170560,Time to Second Token,ms,p90,20.04
89,1780553864323170560,1780553865323170560,Time to Second Token,ms,p95,21.12
89,1780553864323170560,1780553865323170560,Time to Second Token,ms,p99,21.98
89,1780553864323170560,1780553865323170560,Time to Second Token,ms,std,10.80
89,1780553864323170560,1780553865323170560,Tokens In Flight,tokens,avg,1311191.52
89,1780553864323170560,1780553865323170560,Tokens In Flight,tokens,min,1269253.94
89,1780553864323170560,1780553865323170560,Tokens In Flight,tokens,max,1457507.25
89,1780553864323170560,1780553865323170560,Tokens In Flight,tokens,p50,1321045.10
89,1780553864323170560,1780553865323170560,Tokens In Flight,tokens,p90,1321068.23
89,1780553864323170560,1780553865323170560,Tokens In Flight,tokens,p95,1457504.23
89,1780553864323170560,1780553865323170560,Tokens In Flight,tokens,p99,1457507.25
89,1780553864323170560,1780553865323170560,Tokens In Flight,tokens,std,45023.47
89,1780553864323170560,1780553865323170560,Total Input Sequence Length,tokens,avg,188194.00
89,1780553864323170560,1780553865323170560,Total Output Sequence Length,tokens,avg,1237.00
89,1780553864323170560,1780553865323170560,Total Output Tokens,tokens,avg,1237.00
89,1780553864323170560,1780553865323170560,Total Token Throughput,tokens/sec,avg,189431.00
89,1780553864323170560,1780553865323170560,Total Usage Completion Tokens,tokens,avg,1237.00
89,1780553864323170560,1780553865323170560,Total Usage Prompt Tokens,tokens,avg,188194.00
89,1780553864323170560,1780553865323170560,Total Usage Total Tokens,tokens,avg,189431.00
89,1780553864323170560,1780553865323170560,Usage Completion Tokens,tokens,avg,618.50
89,1780553864323170560,1780553865323170560,Usage Completion Tokens,tokens,min,231.00
89,1780553864323170560,1780553865323170560,Usage Completion Tokens,tokens,max,1006.00
89,1780553864323170560,1780553865323170560,Usage Completion Tokens,tokens,sum,1237.00
89,1780553864323170560,1780553865323170560,Usage Completion Tokens,tokens,p1,238.75
89,1780553864323170560,1780553865323170560,Usage Completion Tokens,tokens,p5,269.75
89,1780553864323170560,1780553865323170560,Usage Completion Tokens,tokens,p10,308.50
89,1780553864323170560,1780553865323170560,Usage Completion Tokens,tokens,p25,424.75
89,1780553864323170560,1780553865323170560,Usage Completion Tokens,tokens,p50,618.50
89,1780553864323170560,1780553865323170560,Usage Completion Tokens,tokens,p75,812.25
89,1780553864323170560,1780553865323170560,Usage Completion Tokens,tokens,p90,928.50
89,1780553864323170560,1780553865323170560,Usage Completion Tokens,tokens,p95,967.25
89,1780553864323170560,1780553865323170560,Usage Completion Tokens,tokens,p99,998.25
89,1780553864323170560,1780553865323170560,Usage Completion Tokens,tokens,std,387.50
89,1780553864323170560,1780553865323170560,Usage Prompt Tokens,tokens,avg,94097.00
89,1780553864323170560,1780553865323170560,Usage Prompt Tokens,tokens,min,51760.00
89,1780553864323170560,1780553865323170560,Usage Prompt Tokens,tokens,max,136434.00
89,1780553864323170560,1780553865323170560,Usage Prompt Tokens,tokens,sum,188194.00
89,1780553864323170560,1780553865323170560,Usage Prompt Tokens,tokens,p1,52606.74
89,1780553864323170560,1780553865323170560,Usage Prompt Tokens,tokens,p5,55993.70
89,1780553864323170560,1780553865323170560,Usage Prompt Tokens,tokens,p10,60227.40
89,1780553864323170560,1780553865323170560,Usage Prompt Tokens,tokens,p25,72928.50
89,1780553864323170560,1780553865323170560,Usage Prompt Tokens,tokens,p50,94097.00
89,1780553864323170560,1780553865323170560,Usage Prompt Tokens,tokens,p75,115265.50
89,1780553864323170560,1780553865323170560,Usage Prompt Tokens,tokens,p90,127966.60
89,1780553864323170560,1780553865323170560,Usage Prompt Tokens,tokens,p95,132200.30
89,1780553864323170560,1780553865323170560,Usage Prompt Tokens,tokens,p99,135587.26
89,1780553864323170560,1780553865323170560,Usage Prompt Tokens,tokens,std,42337.00
89,1780553864323170560,1780553865323170560,Usage Total Tokens,tokens,avg,94715.50
89,1780553864323170560,1780553865323170560,Usage Total Tokens,tokens,min,51991.00
89,1780553864323170560,1780553865323170560,Usage Total Tokens,tokens,max,137440.00
89,1780553864323170560,1780553865323170560,Usage Total Tokens,tokens,sum,189431.00
89,1780553864323170560,1780553865323170560,Usage Total Tokens,tokens,p1,52845.49
89,1780553864323170560,1780553865323170560,Usage Total Tokens,tokens,p5,56263.45
89,1780553864323170560,1780553865323170560,Usage Total Tokens,tokens,p10,60535.90
89,1780553864323170560,1780553865323170560,Usage Total Tokens,tokens,p25,73353.25
89,1780553864323170560,1780553865323170560,Usage Total Tokens,tokens,p50,94715.50
89,1780553864323170560,1780553865323170560,Usage Total Tokens,tokens,p75,116077.75
89,1780553864323170560,1780553865323170560,Usage Total Tokens,tokens,p90,128895.10
89,1780553864323170560,1780553865323170560,Usage Total Tokens,tokens,p95,133167.55
89,1780553864323170560,1780553865323170560,Usage Total Tokens,tokens,p99,136585.51
89,1780553864323170560,1780553865323170560,Usage Total Tokens,tokens,std,42724.50
90,1780553869323170560,1780553870323170560,Active Decode Throughput,tokens/sec,avg,59.57
90,1780553869323170560,1780553870323170560,Active Decode Throughput,tokens/sec,min,44.47
90,1780553869323170560,1780553870323170560,Active Decode Throughput,tokens/sec,max,74.46
90,1780553869323170560,1780553870323170560,Active Decode Throughput,tokens/sec,p50,59.57
90,1780553869323170560,1780553870323170560,Active Decode Throughput,tokens/sec,p90,59.57
90,1780553869323170560,1780553870323170560,Active Decode Throughput,tokens/sec,p95,59.57
90,1780553869323170560,1780553870323170560,Active Decode Throughput,tokens/sec,p99,59.57
90,1780553869323170560,1780553870323170560,Active Decode Throughput,tokens/sec,std,0.03
90,1780553869323170560,1780553870323170560,Active Decode Throughput Per User,tokens/sec/user,avg,5.42
90,1780553869323170560,1780553870323170560,Active Decode Throughput Per User,tokens/sec/user,min,4.04
90,1780553869323170560,1780553870323170560,Active Decode Throughput Per User,tokens/sec/user,max,6.77
90,1780553869323170560,1780553870323170560,Active Decode Throughput Per User,tokens/sec/user,p50,5.42
90,1780553869323170560,1780553870323170560,Active Decode Throughput Per User,tokens/sec/user,p90,5.42
90,1780553869323170560,1780553870323170560,Active Decode Throughput Per User,tokens/sec/user,p95,5.42
90,1780553869323170560,1780553870323170560,Active Decode Throughput Per User,tokens/sec/user,p99,5.42
90,1780553869323170560,1780553870323170560,Active Decode Throughput Per User,tokens/sec/user,std,0.00
90,1780553869323170560,1780553870323170560,Active Prefill Throughput,tokens/sec,avg,13954.88
90,1780553869323170560,1780553870323170560,Active Prefill Throughput,tokens/sec,min,13004.72
90,1780553869323170560,1780553870323170560,Active Prefill Throughput,tokens/sec,max,15013.26
90,1780553869323170560,1780553870323170560,Active Prefill Throughput,tokens/sec,p50,13004.72
90,1780553869323170560,1780553870323170560,Active Prefill Throughput,tokens/sec,p90,15013.26
90,1780553869323170560,1780553870323170560,Active Prefill Throughput,tokens/sec,p95,15013.26
90,1780553869323170560,1780553870323170560,Active Prefill Throughput,tokens/sec,p99,15013.26
90,1780553869323170560,1780553870323170560,Active Prefill Throughput,tokens/sec,std,1002.81
90,1780553869323170560,1780553870323170560,Active Prefill Throughput Per User,tokens/sec/user,avg,3133.61
90,1780553869323170560,1780553870323170560,Active Prefill Throughput Per User,tokens/sec/user,min,3002.65
90,1780553869323170560,1780553870323170560,Active Prefill Throughput Per User,tokens/sec/user,max,3251.18
90,1780553869323170560,1780553870323170560,Active Prefill Throughput Per User,tokens/sec/user,p50,3251.18
90,1780553869323170560,1780553870323170560,Active Prefill Throughput Per User,tokens/sec/user,p90,3251.18
90,1780553869323170560,1780553870323170560,Active Prefill Throughput Per User,tokens/sec/user,p95,3251.18
90,1780553869323170560,1780553870323170560,Active Prefill Throughput Per User,tokens/sec/user,p99,3251.18
90,1780553869323170560,1780553870323170560,Active Prefill Throughput Per User,tokens/sec/user,std,124.08
90,1780553869323170560,1780553870323170560,Active Total Throughput,tokens/sec,avg,14022.65
90,1780553869323170560,1780553870323170560,Active Total Throughput,tokens/sec,min,13072.49
90,1780553869323170560,1780553870323170560,Active Total Throughput,tokens/sec,max,15081.03
90,1780553869323170560,1780553870323170560,Active Total Throughput,tokens/sec,p50,13072.49
90,1780553869323170560,1780553870323170560,Active Total Throughput,tokens/sec,p90,15081.03
90,1780553869323170560,1780553870323170560,Active Total Throughput,tokens/sec,p95,15081.03
90,1780553869323170560,1780553870323170560,Active Total Throughput,tokens/sec,p99,15081.03
90,1780553869323170560,1780553870323170560,Active Total Throughput,tokens/sec,std,1002.81
90,1780553869323170560,1780553870323170560,Benchmark Duration,sec,avg,397.60
90,1780553869323170560,1780553870323170560,E2E Output Token Throughput,tokens/sec/user,avg,6.95
90,1780553869323170560,1780553870323170560,E2E Output Token Throughput,tokens/sec/user,min,6.95
90,1780553869323170560,1780553870323170560,E2E Output Token Throughput,tokens/sec/user,max,6.95
90,1780553869323170560,1780553870323170560,E2E Output Token Throughput,tokens/sec/user,sum,6.95
90,1780553869323170560,1780553870323170560,E2E Output Token Throughput,tokens/sec/user,p1,6.95
90,1780553869323170560,1780553870323170560,E2E Output Token Throughput,tokens/sec/user,p5,6.95
90,1780553869323170560,1780553870323170560,E2E Output Token Throughput,tokens/sec/user,p10,6.95
90,1780553869323170560,1780553870323170560,E2E Output Token Throughput,tokens/sec/user,p25,6.95
90,1780553869323170560,1780553870323170560,E2E Output Token Throughput,tokens/sec/user,p50,6.95
90,1780553869323170560,1780553870323170560,E2E Output Token Throughput,tokens/sec/user,p75,6.95
90,1780553869323170560,1780553870323170560,E2E Output Token Throughput,tokens/sec/user,p90,6.95
90,1780553869323170560,1780553870323170560,E2E Output Token Throughput,tokens/sec/user,p95,6.95
90,1780553869323170560,1780553870323170560,E2E Output Token Throughput,tokens/sec/user,p99,6.95
90,1780553869323170560,1780553870323170560,E2E Output Token Throughput,tokens/sec/user,std,0.00
90,1780553869323170560,1780553870323170560,Effective Concurrency,requests,avg,15.47
90,1780553869323170560,1780553870323170560,Effective Concurrency,requests,min,15.00
90,1780553869323170560,1780553870323170560,Effective Concurrency,requests,max,16.00
90,1780553869323170560,1780553870323170560,Effective Concurrency,requests,p50,15.00
90,1780553869323170560,1780553870323170560,Effective Concurrency,requests,p90,16.00
90,1780553869323170560,1780553870323170560,Effective Concurrency,requests,p95,16.00
90,1780553869323170560,1780553870323170560,Effective Concurrency,requests,p99,16.00
90,1780553869323170560,1780553870323170560,Effective Concurrency,requests,std,0.50
90,1780553869323170560,1780553870323170560,Effective Decode Concurrency,requests,avg,11.00
90,1780553869323170560,1780553870323170560,Effective Decode Concurrency,requests,min,11.00
90,1780553869323170560,1780553870323170560,Effective Decode Concurrency,requests,max,11.00
90,1780553869323170560,1780553870323170560,Effective Decode Concurrency,requests,p50,11.00
90,1780553869323170560,1780553870323170560,Effective Decode Concurrency,requests,p90,11.00
90,1780553869323170560,1780553870323170560,Effective Decode Concurrency,requests,p95,11.00
90,1780553869323170560,1780553870323170560,Effective Decode Concurrency,requests,p99,11.00
90,1780553869323170560,1780553870323170560,Effective Decode Concurrency,requests,std,0.00
90,1780553869323170560,1780553870323170560,Effective Decode Throughput,tokens/sec,avg,59.57
90,1780553869323170560,1780553870323170560,Effective Decode Throughput,tokens/sec,min,44.47
90,1780553869323170560,1780553870323170560,Effective Decode Throughput,tokens/sec,max,74.46
90,1780553869323170560,1780553870323170560,Effective Decode Throughput,tokens/sec,p50,59.57
90,1780553869323170560,1780553870323170560,Effective Decode Throughput,tokens/sec,p90,59.57
90,1780553869323170560,1780553870323170560,Effective Decode Throughput,tokens/sec,p95,59.57
90,1780553869323170560,1780553870323170560,Effective Decode Throughput,tokens/sec,p99,59.57
90,1780553869323170560,1780553870323170560,Effective Decode Throughput,tokens/sec,std,0.03
90,1780553869323170560,1780553870323170560,Effective Decode Throughput Per User,tokens/sec/user,avg,5.42
90,1780553869323170560,1780553870323170560,Effective Decode Throughput Per User,tokens/sec/user,min,4.04
90,1780553869323170560,1780553870323170560,Effective Decode Throughput Per User,tokens/sec/user,max,6.77
90,1780553869323170560,1780553870323170560,Effective Decode Throughput Per User,tokens/sec/user,p50,5.42
90,1780553869323170560,1780553870323170560,Effective Decode Throughput Per User,tokens/sec/user,p90,5.42
90,1780553869323170560,1780553870323170560,Effective Decode Throughput Per User,tokens/sec/user,p95,5.42
90,1780553869323170560,1780553870323170560,Effective Decode Throughput Per User,tokens/sec/user,p99,5.42
90,1780553869323170560,1780553870323170560,Effective Decode Throughput Per User,tokens/sec/user,std,0.00
90,1780553869323170560,1780553870323170560,Effective Prefill Concurrency,requests,avg,4.47
90,1780553869323170560,1780553870323170560,Effective Prefill Concurrency,requests,min,4.00
90,1780553869323170560,1780553870323170560,Effective Prefill Concurrency,requests,max,5.00
90,1780553869323170560,1780553870323170560,Effective Prefill Concurrency,requests,p50,4.00
90,1780553869323170560,1780553870323170560,Effective Prefill Concurrency,requests,p90,5.00
90,1780553869323170560,1780553870323170560,Effective Prefill Concurrency,requests,p95,5.00
90,1780553869323170560,1780553870323170560,Effective Prefill Concurrency,requests,p99,5.00
90,1780553869323170560,1780553870323170560,Effective Prefill Concurrency,requests,std,0.50
90,1780553869323170560,1780553870323170560,Effective Prefill Throughput,tokens/sec,avg,13954.88
90,1780553869323170560,1780553870323170560,Effective Prefill Throughput,tokens/sec,min,13004.72
90,1780553869323170560,1780553870323170560,Effective Prefill Throughput,tokens/sec,max,15013.26
90,1780553869323170560,1780553870323170560,Effective Prefill Throughput,tokens/sec,p50,13004.72
90,1780553869323170560,1780553870323170560,Effective Prefill Throughput,tokens/sec,p90,15013.26
90,1780553869323170560,1780553870323170560,Effective Prefill Throughput,tokens/sec,p95,15013.26
90,1780553869323170560,1780553870323170560,Effective Prefill Throughput,tokens/sec,p99,15013.26
90,1780553869323170560,1780553870323170560,Effective Prefill Throughput,tokens/sec,std,1002.81
90,1780553869323170560,1780553870323170560,Effective Prefill Throughput Per User,tokens/sec/user,avg,3133.61
90,1780553869323170560,1780553870323170560,Effective Prefill Throughput Per User,tokens/sec/user,min,3002.65
90,1780553869323170560,1780553870323170560,Effective Prefill Throughput Per User,tokens/sec/user,max,3251.18
90,1780553869323170560,1780553870323170560,Effective Prefill Throughput Per User,tokens/sec/user,p50,3251.18
90,1780553869323170560,1780553870323170560,Effective Prefill Throughput Per User,tokens/sec/user,p90,3251.18
90,1780553869323170560,1780553870323170560,Effective Prefill Throughput Per User,tokens/sec/user,p95,3251.18
90,1780553869323170560,1780553870323170560,Effective Prefill Throughput Per User,tokens/sec/user,p99,3251.18
90,1780553869323170560,1780553870323170560,Effective Prefill Throughput Per User,tokens/sec/user,std,124.08
90,1780553869323170560,1780553870323170560,Effective Total Throughput,tokens/sec,avg,14022.65
90,1780553869323170560,1780553870323170560,Effective Total Throughput,tokens/sec,min,13072.49
90,1780553869323170560,1780553870323170560,Effective Total Throughput,tokens/sec,max,15081.03
90,1780553869323170560,1780553870323170560,Effective Total Throughput,tokens/sec,p50,13072.49
90,1780553869323170560,1780553870323170560,Effective Total Throughput,tokens/sec,p90,15081.03
90,1780553869323170560,1780553870323170560,Effective Total Throughput,tokens/sec,p95,15081.03
90,1780553869323170560,1780553870323170560,Effective Total Throughput,tokens/sec,p99,15081.03
90,1780553869323170560,1780553870323170560,Effective Total Throughput,tokens/sec,std,1002.81
90,1780553869323170560,1780553870323170560,HTTP Blocked,ms,avg,0.00
90,1780553869323170560,1780553870323170560,HTTP Blocked,ms,min,0.00
90,1780553869323170560,1780553870323170560,HTTP Blocked,ms,max,0.00
90,1780553869323170560,1780553870323170560,HTTP Blocked,ms,sum,0.00
90,1780553869323170560,1780553870323170560,HTTP Blocked,ms,p1,0.00
90,1780553869323170560,1780553870323170560,HTTP Blocked,ms,p5,0.00
90,1780553869323170560,1780553870323170560,HTTP Blocked,ms,p10,0.00
90,1780553869323170560,1780553870323170560,HTTP Blocked,ms,p25,0.00
90,1780553869323170560,1780553870323170560,HTTP Blocked,ms,p50,0.00
90,1780553869323170560,1780553870323170560,HTTP Blocked,ms,p75,0.00
90,1780553869323170560,1780553870323170560,HTTP Blocked,ms,p90,0.00
90,1780553869323170560,1780553870323170560,HTTP Blocked,ms,p95,0.00
90,1780553869323170560,1780553870323170560,HTTP Blocked,ms,p99,0.00
90,1780553869323170560,1780553870323170560,HTTP Blocked,ms,std,0.00
90,1780553869323170560,1780553870323170560,HTTP Chunks Received,count,avg,2762.00
90,1780553869323170560,1780553870323170560,HTTP Chunks Received,count,min,2762.00
90,1780553869323170560,1780553870323170560,HTTP Chunks Received,count,max,2762.00
90,1780553869323170560,1780553870323170560,HTTP Chunks Received,count,sum,2762.00
90,1780553869323170560,1780553870323170560,HTTP Chunks Received,count,p1,2762.00
90,1780553869323170560,1780553870323170560,HTTP Chunks Received,count,p5,2762.00
90,1780553869323170560,1780553870323170560,HTTP Chunks Received,count,p10,2762.00
90,1780553869323170560,1780553870323170560,HTTP Chunks Received,count,p25,2762.00
90,1780553869323170560,1780553870323170560,HTTP Chunks Received,count,p50,2762.00
90,1780553869323170560,1780553870323170560,HTTP Chunks Received,count,p75,2762.00
90,1780553869323170560,1780553870323170560,HTTP Chunks Received,count,p90,2762.00
90,1780553869323170560,1780553870323170560,HTTP Chunks Received,count,p95,2762.00
90,1780553869323170560,1780553870323170560,HTTP Chunks Received,count,p99,2762.00
90,1780553869323170560,1780553870323170560,HTTP Chunks Received,count,std,0.00
90,1780553869323170560,1780553870323170560,HTTP Chunks Sent,count,avg,1.00
90,1780553869323170560,1780553870323170560,HTTP Chunks Sent,count,min,1.00
90,1780553869323170560,1780553870323170560,HTTP Chunks Sent,count,max,1.00
90,1780553869323170560,1780553870323170560,HTTP Chunks Sent,count,sum,1.00
90,1780553869323170560,1780553870323170560,HTTP Chunks Sent,count,p1,1.00
90,1780553869323170560,1780553870323170560,HTTP Chunks Sent,count,p5,1.00
90,1780553869323170560,1780553870323170560,HTTP Chunks Sent,count,p10,1.00
90,1780553869323170560,1780553870323170560,HTTP Chunks Sent,count,p25,1.00
90,1780553869323170560,1780553870323170560,HTTP Chunks Sent,count,p50,1.00
90,1780553869323170560,1780553870323170560,HTTP Chunks Sent,count,p75,1.00
90,1780553869323170560,1780553870323170560,HTTP Chunks Sent,count,p90,1.00
90,1780553869323170560,1780553870323170560,HTTP Chunks Sent,count,p95,1.00
90,1780553869323170560,1780553870323170560,HTTP Chunks Sent,count,p99,1.00
90,1780553869323170560,1780553870323170560,HTTP Chunks Sent,count,std,0.00
90,1780553869323170560,1780553870323170560,HTTP Connecting,ms,avg,1.07
90,1780553869323170560,1780553870323170560,HTTP Connecting,ms,min,1.07
90,1780553869323170560,1780553870323170560,HTTP Connecting,ms,max,1.07
90,1780553869323170560,1780553870323170560,HTTP Connecting,ms,sum,1.07
90,1780553869323170560,1780553870323170560,HTTP Connecting,ms,p1,1.07
90,1780553869323170560,1780553870323170560,HTTP Connecting,ms,p5,1.07
90,1780553869323170560,1780553870323170560,HTTP Connecting,ms,p10,1.07
90,1780553869323170560,1780553870323170560,HTTP Connecting,ms,p25,1.07
90,1780553869323170560,1780553870323170560,HTTP Connecting,ms,p50,1.07
90,1780553869323170560,1780553870323170560,HTTP Connecting,ms,p75,1.07
90,1780553869323170560,1780553870323170560,HTTP Connecting,ms,p90,1.07
90,1780553869323170560,1780553870323170560,HTTP Connecting,ms,p95,1.07
90,1780553869323170560,1780553870323170560,HTTP Connecting,ms,p99,1.07
90,1780553869323170560,1780553870323170560,HTTP Connecting,ms,std,0.00
90,1780553869323170560,1780553870323170560,HTTP Connection Overhead,ms,avg,1.53
90,1780553869323170560,1780553870323170560,HTTP Connection Overhead,ms,min,1.53
90,1780553869323170560,1780553870323170560,HTTP Connection Overhead,ms,max,1.53
90,1780553869323170560,1780553870323170560,HTTP Connection Overhead,ms,sum,1.53
90,1780553869323170560,1780553870323170560,HTTP Connection Overhead,ms,p1,1.53
90,1780553869323170560,1780553870323170560,HTTP Connection Overhead,ms,p5,1.53
90,1780553869323170560,1780553870323170560,HTTP Connection Overhead,ms,p10,1.53
90,1780553869323170560,1780553870323170560,HTTP Connection Overhead,ms,p25,1.53
90,1780553869323170560,1780553870323170560,HTTP Connection Overhead,ms,p50,1.53
90,1780553869323170560,1780553870323170560,HTTP Connection Overhead,ms,p75,1.53
90,1780553869323170560,1780553870323170560,HTTP Connection Overhead,ms,p90,1.53
90,1780553869323170560,1780553870323170560,HTTP Connection Overhead,ms,p95,1.53
90,1780553869323170560,1780553870323170560,HTTP Connection Overhead,ms,p99,1.53
90,1780553869323170560,1780553870323170560,HTTP Connection Overhead,ms,std,0.00
90,1780553869323170560,1780553870323170560,HTTP Connection Reused,ratio,avg,0.00
90,1780553869323170560,1780553870323170560,HTTP Connection Reused,ratio,min,0.00
90,1780553869323170560,1780553870323170560,HTTP Connection Reused,ratio,max,0.00
90,1780553869323170560,1780553870323170560,HTTP Connection Reused,ratio,sum,0.00
90,1780553869323170560,1780553870323170560,HTTP Connection Reused,ratio,p1,0.00
90,1780553869323170560,1780553870323170560,HTTP Connection Reused,ratio,p5,0.00
90,1780553869323170560,1780553870323170560,HTTP Connection Reused,ratio,p10,0.00
90,1780553869323170560,1780553870323170560,HTTP Connection Reused,ratio,p25,0.00
90,1780553869323170560,1780553870323170560,HTTP Connection Reused,ratio,p50,0.00
90,1780553869323170560,1780553870323170560,HTTP Connection Reused,ratio,p75,0.00
90,1780553869323170560,1780553870323170560,HTTP Connection Reused,ratio,p90,0.00
90,1780553869323170560,1780553870323170560,HTTP Connection Reused,ratio,p95,0.00
90,1780553869323170560,1780553870323170560,HTTP Connection Reused,ratio,p99,0.00
90,1780553869323170560,1780553870323170560,HTTP Connection Reused,ratio,std,0.00
90,1780553869323170560,1780553870323170560,HTTP Data Received,KB,avg,687.86
90,1780553869323170560,1780553870323170560,HTTP Data Received,KB,min,687.86
90,1780553869323170560,1780553870323170560,HTTP Data Received,KB,max,687.86
90,1780553869323170560,1780553870323170560,HTTP Data Received,KB,sum,687.86
90,1780553869323170560,1780553870323170560,HTTP Data Received,KB,p1,687.86
90,1780553869323170560,1780553870323170560,HTTP Data Received,KB,p5,687.86
90,1780553869323170560,1780553870323170560,HTTP Data Received,KB,p10,687.86
90,1780553869323170560,1780553870323170560,HTTP Data Received,KB,p25,687.86
90,1780553869323170560,1780553870323170560,HTTP Data Received,KB,p50,687.86
90,1780553869323170560,1780553870323170560,HTTP Data Received,KB,p75,687.86
90,1780553869323170560,1780553870323170560,HTTP Data Received,KB,p90,687.86
90,1780553869323170560,1780553870323170560,HTTP Data Received,KB,p95,687.86
90,1780553869323170560,1780553870323170560,HTTP Data Received,KB,p99,687.86
90,1780553869323170560,1780553870323170560,HTTP Data Received,KB,std,0.00
90,1780553869323170560,1780553870323170560,HTTP Data Sent,KB,avg,325.59
90,1780553869323170560,1780553870323170560,HTTP Data Sent,KB,min,325.59
90,1780553869323170560,1780553870323170560,HTTP Data Sent,KB,max,325.59
90,1780553869323170560,1780553870323170560,HTTP Data Sent,KB,sum,325.59
90,1780553869323170560,1780553870323170560,HTTP Data Sent,KB,p1,325.59
90,1780553869323170560,1780553870323170560,HTTP Data Sent,KB,p5,325.59
90,1780553869323170560,1780553870323170560,HTTP Data Sent,KB,p10,325.59
90,1780553869323170560,1780553870323170560,HTTP Data Sent,KB,p25,325.59
90,1780553869323170560,1780553870323170560,HTTP Data Sent,KB,p50,325.59
90,1780553869323170560,1780553870323170560,HTTP Data Sent,KB,p75,325.59
90,1780553869323170560,1780553870323170560,HTTP Data Sent,KB,p90,325.59
90,1780553869323170560,1780553870323170560,HTTP Data Sent,KB,p95,325.59
90,1780553869323170560,1780553870323170560,HTTP Data Sent,KB,p99,325.59
90,1780553869323170560,1780553870323170560,HTTP Data Sent,KB,std,0.00
90,1780553869323170560,1780553870323170560,HTTP DNS Lookup,ms,avg,0.46
90,1780553869323170560,1780553870323170560,HTTP DNS Lookup,ms,min,0.46
90,1780553869323170560,1780553870323170560,HTTP DNS Lookup,ms,max,0.46
90,1780553869323170560,1780553870323170560,HTTP DNS Lookup,ms,sum,0.46
90,1780553869323170560,1780553870323170560,HTTP DNS Lookup,ms,p1,0.46
90,1780553869323170560,1780553870323170560,HTTP DNS Lookup,ms,p5,0.46
90,1780553869323170560,1780553870323170560,HTTP DNS Lookup,ms,p10,0.46
90,1780553869323170560,1780553870323170560,HTTP DNS Lookup,ms,p25,0.46
90,1780553869323170560,1780553870323170560,HTTP DNS Lookup,ms,p50,0.46
90,1780553869323170560,1780553870323170560,HTTP DNS Lookup,ms,p75,0.46
90,1780553869323170560,1780553870323170560,HTTP DNS Lookup,ms,p90,0.46
90,1780553869323170560,1780553870323170560,HTTP DNS Lookup,ms,p95,0.46
90,1780553869323170560,1780553870323170560,HTTP DNS Lookup,ms,p99,0.46
90,1780553869323170560,1780553870323170560,HTTP DNS Lookup,ms,std,0.00
90,1780553869323170560,1780553870323170560,HTTP Duration (excl. conn),ms,avg,397596.19
90,1780553869323170560,1780553870323170560,HTTP Duration (excl. conn),ms,min,397596.19
90,1780553869323170560,1780553870323170560,HTTP Duration (excl. conn),ms,max,397596.19
90,1780553869323170560,1780553870323170560,HTTP Duration (excl. conn),ms,sum,397596.19
90,1780553869323170560,1780553870323170560,HTTP Duration (excl. conn),ms,p1,397596.19
90,1780553869323170560,1780553870323170560,HTTP Duration (excl. conn),ms,p5,397596.19
90,1780553869323170560,1780553870323170560,HTTP Duration (excl. conn),ms,p10,397596.19
90,1780553869323170560,1780553870323170560,HTTP Duration (excl. conn),ms,p25,397596.19
90,1780553869323170560,1780553870323170560,HTTP Duration (excl. conn),ms,p50,397596.19
90,1780553869323170560,1780553870323170560,HTTP Duration (excl. conn),ms,p75,397596.19
90,1780553869323170560,1780553870323170560,HTTP Duration (excl. conn),ms,p90,397596.19
90,1780553869323170560,1780553870323170560,HTTP Duration (excl. conn),ms,p95,397596.19
90,1780553869323170560,1780553870323170560,HTTP Duration (excl. conn),ms,p99,397596.19
90,1780553869323170560,1780553870323170560,HTTP Duration (excl. conn),ms,std,0.00
90,1780553869323170560,1780553870323170560,HTTP Receiving,ms,avg,356254.37
90,1780553869323170560,1780553870323170560,HTTP Receiving,ms,min,356254.37
90,1780553869323170560,1780553870323170560,HTTP Receiving,ms,max,356254.37
90,1780553869323170560,1780553870323170560,HTTP Receiving,ms,sum,356254.37
90,1780553869323170560,1780553870323170560,HTTP Receiving,ms,p1,356254.37
90,1780553869323170560,1780553870323170560,HTTP Receiving,ms,p5,356254.37
90,1780553869323170560,1780553870323170560,HTTP Receiving,ms,p10,356254.37
90,1780553869323170560,1780553870323170560,HTTP Receiving,ms,p25,356254.37
90,1780553869323170560,1780553870323170560,HTTP Receiving,ms,p50,356254.37
90,1780553869323170560,1780553870323170560,HTTP Receiving,ms,p75,356254.37
90,1780553869323170560,1780553870323170560,HTTP Receiving,ms,p90,356254.37
90,1780553869323170560,1780553870323170560,HTTP Receiving,ms,p95,356254.37
90,1780553869323170560,1780553870323170560,HTTP Receiving,ms,p99,356254.37
90,1780553869323170560,1780553870323170560,HTTP Receiving,ms,std,0.00
90,1780553869323170560,1780553870323170560,HTTP Sending,ms,avg,1.34
90,1780553869323170560,1780553870323170560,HTTP Sending,ms,min,1.34
90,1780553869323170560,1780553870323170560,HTTP Sending,ms,max,1.34
90,1780553869323170560,1780553870323170560,HTTP Sending,ms,sum,1.34
90,1780553869323170560,1780553870323170560,HTTP Sending,ms,p1,1.34
90,1780553869323170560,1780553870323170560,HTTP Sending,ms,p5,1.34
90,1780553869323170560,1780553870323170560,HTTP Sending,ms,p10,1.34
90,1780553869323170560,1780553870323170560,HTTP Sending,ms,p25,1.34
90,1780553869323170560,1780553870323170560,HTTP Sending,ms,p50,1.34
90,1780553869323170560,1780553870323170560,HTTP Sending,ms,p75,1.34
90,1780553869323170560,1780553870323170560,HTTP Sending,ms,p90,1.34
90,1780553869323170560,1780553870323170560,HTTP Sending,ms,p95,1.34
90,1780553869323170560,1780553870323170560,HTTP Sending,ms,p99,1.34
90,1780553869323170560,1780553870323170560,HTTP Sending,ms,std,0.00
90,1780553869323170560,1780553870323170560,HTTP Total Time,ms,avg,397597.72
90,1780553869323170560,1780553870323170560,HTTP Total Time,ms,min,397597.72
90,1780553869323170560,1780553870323170560,HTTP Total Time,ms,max,397597.72
90,1780553869323170560,1780553870323170560,HTTP Total Time,ms,sum,397597.72
90,1780553869323170560,1780553870323170560,HTTP Total Time,ms,p1,397597.72
90,1780553869323170560,1780553870323170560,HTTP Total Time,ms,p5,397597.72
90,1780553869323170560,1780553870323170560,HTTP Total Time,ms,p10,397597.72
90,1780553869323170560,1780553870323170560,HTTP Total Time,ms,p25,397597.72
90,1780553869323170560,1780553870323170560,HTTP Total Time,ms,p50,397597.72
90,1780553869323170560,1780553870323170560,HTTP Total Time,ms,p75,397597.72
90,1780553869323170560,1780553870323170560,HTTP Total Time,ms,p90,397597.72
90,1780553869323170560,1780553870323170560,HTTP Total Time,ms,p95,397597.72
90,1780553869323170560,1780553870323170560,HTTP Total Time,ms,p99,397597.72
90,1780553869323170560,1780553870323170560,HTTP Total Time,ms,std,0.00
90,1780553869323170560,1780553870323170560,HTTP Waiting (TTFB),ms,avg,41340.48
90,1780553869323170560,1780553870323170560,HTTP Waiting (TTFB),ms,min,41340.48
90,1780553869323170560,1780553870323170560,HTTP Waiting (TTFB),ms,max,41340.48
90,1780553869323170560,1780553870323170560,HTTP Waiting (TTFB),ms,sum,41340.48
90,1780553869323170560,1780553870323170560,HTTP Waiting (TTFB),ms,p1,41340.48
90,1780553869323170560,1780553870323170560,HTTP Waiting (TTFB),ms,p5,41340.48
90,1780553869323170560,1780553870323170560,HTTP Waiting (TTFB),ms,p10,41340.48
90,1780553869323170560,1780553870323170560,HTTP Waiting (TTFB),ms,p25,41340.48
90,1780553869323170560,1780553870323170560,HTTP Waiting (TTFB),ms,p50,41340.48
90,1780553869323170560,1780553870323170560,HTTP Waiting (TTFB),ms,p75,41340.48
90,1780553869323170560,1780553870323170560,HTTP Waiting (TTFB),ms,p90,41340.48
90,1780553869323170560,1780553870323170560,HTTP Waiting (TTFB),ms,p95,41340.48
90,1780553869323170560,1780553870323170560,HTTP Waiting (TTFB),ms,p99,41340.48
90,1780553869323170560,1780553870323170560,HTTP Waiting (TTFB),ms,std,0.00
90,1780553869323170560,1780553870323170560,Input Sequence Length,tokens,avg,83037.00
90,1780553869323170560,1780553870323170560,Input Sequence Length,tokens,min,83037.00
90,1780553869323170560,1780553870323170560,Input Sequence Length,tokens,max,83037.00
90,1780553869323170560,1780553870323170560,Input Sequence Length,tokens,sum,83037.00
90,1780553869323170560,1780553870323170560,Input Sequence Length,tokens,p1,83037.00
90,1780553869323170560,1780553870323170560,Input Sequence Length,tokens,p5,83037.00
90,1780553869323170560,1780553870323170560,Input Sequence Length,tokens,p10,83037.00
90,1780553869323170560,1780553870323170560,Input Sequence Length,tokens,p25,83037.00
90,1780553869323170560,1780553870323170560,Input Sequence Length,tokens,p50,83037.00
90,1780553869323170560,1780553870323170560,Input Sequence Length,tokens,p75,83037.00
90,1780553869323170560,1780553870323170560,Input Sequence Length,tokens,p90,83037.00
90,1780553869323170560,1780553870323170560,Input Sequence Length,tokens,p95,83037.00
90,1780553869323170560,1780553870323170560,Input Sequence Length,tokens,p99,83037.00
90,1780553869323170560,1780553870323170560,Input Sequence Length,tokens,std,0.00
90,1780553869323170560,1780553870323170560,Input Token Throughput,tokens/sec,avg,83037.00
90,1780553869323170560,1780553870323170560,Inter Chunk Latency,ms,avg,68.11
90,1780553869323170560,1780553870323170560,Inter Chunk Latency,ms,min,68.07
90,1780553869323170560,1780553870323170560,Inter Chunk Latency,ms,max,68.16
90,1780553869323170560,1780553870323170560,Inter Chunk Latency,ms,sum,184926.74
90,1780553869323170560,1780553870323170560,Inter Chunk Latency,ms,p1,68.07
90,1780553869323170560,1780553870323170560,Inter Chunk Latency,ms,p5,68.08
90,1780553869323170560,1780553870323170560,Inter Chunk Latency,ms,p10,68.08
90,1780553869323170560,1780553870323170560,Inter Chunk Latency,ms,p25,68.09
90,1780553869323170560,1780553870323170560,Inter Chunk Latency,ms,p50,68.11
90,1780553869323170560,1780553870323170560,Inter Chunk Latency,ms,p75,68.13
90,1780553869323170560,1780553870323170560,Inter Chunk Latency,ms,p90,68.15
90,1780553869323170560,1780553870323170560,Inter Chunk Latency,ms,p95,68.15
90,1780553869323170560,1780553870323170560,Inter Chunk Latency,ms,p99,68.16
90,1780553869323170560,1780553870323170560,Inter Chunk Latency,ms,std,0.02
90,1780553869323170560,1780553870323170560,Inter Token Latency,ms,avg,129.03
90,1780553869323170560,1780553870323170560,Inter Token Latency,ms,min,129.03
90,1780553869323170560,1780553870323170560,Inter Token Latency,ms,max,129.03
90,1780553869323170560,1780553870323170560,Inter Token Latency,ms,sum,129.03
90,1780553869323170560,1780553870323170560,Inter Token Latency,ms,p1,129.03
90,1780553869323170560,1780553870323170560,Inter Token Latency,ms,p5,129.03
90,1780553869323170560,1780553870323170560,Inter Token Latency,ms,p10,129.03
90,1780553869323170560,1780553870323170560,Inter Token Latency,ms,p25,129.03
90,1780553869323170560,1780553870323170560,Inter Token Latency,ms,p50,129.03
90,1780553869323170560,1780553870323170560,Inter Token Latency,ms,p75,129.03
90,1780553869323170560,1780553870323170560,Inter Token Latency,ms,p90,129.03
90,1780553869323170560,1780553870323170560,Inter Token Latency,ms,p95,129.03
90,1780553869323170560,1780553870323170560,Inter Token Latency,ms,p99,129.03
90,1780553869323170560,1780553870323170560,Inter Token Latency,ms,std,0.00
90,1780553869323170560,1780553870323170560,Maximum Response Timestamp,ns,avg,1780554267446414336.00
90,1780553869323170560,1780553870323170560,Minimum Request Timestamp,ns,avg,1780553869850111232.00
90,1780553869323170560,1780553870323170560,OSL Mismatch Count,requests,avg,0.00
90,1780553869323170560,1780553870323170560,OSL Mismatch Diff %,%,avg,0.00
90,1780553869323170560,1780553870323170560,OSL Mismatch Diff %,%,min,0.00
90,1780553869323170560,1780553870323170560,OSL Mismatch Diff %,%,max,0.00
90,1780553869323170560,1780553870323170560,OSL Mismatch Diff %,%,sum,0.00
90,1780553869323170560,1780553870323170560,OSL Mismatch Diff %,%,p1,0.00
90,1780553869323170560,1780553870323170560,OSL Mismatch Diff %,%,p5,0.00
90,1780553869323170560,1780553870323170560,OSL Mismatch Diff %,%,p10,0.00
90,1780553869323170560,1780553870323170560,OSL Mismatch Diff %,%,p25,0.00
90,1780553869323170560,1780553870323170560,OSL Mismatch Diff %,%,p50,0.00
90,1780553869323170560,1780553870323170560,OSL Mismatch Diff %,%,p75,0.00
90,1780553869323170560,1780553870323170560,OSL Mismatch Diff %,%,p90,0.00
90,1780553869323170560,1780553870323170560,OSL Mismatch Diff %,%,p95,0.00
90,1780553869323170560,1780553870323170560,OSL Mismatch Diff %,%,p99,0.00
90,1780553869323170560,1780553870323170560,OSL Mismatch Diff %,%,std,0.00
90,1780553869323170560,1780553870323170560,Output Sequence Length,tokens,avg,2762.00
90,1780553869323170560,1780553870323170560,Output Sequence Length,tokens,min,2762.00
90,1780553869323170560,1780553870323170560,Output Sequence Length,tokens,max,2762.00
90,1780553869323170560,1780553870323170560,Output Sequence Length,tokens,sum,2762.00
90,1780553869323170560,1780553870323170560,Output Sequence Length,tokens,p1,2762.00
90,1780553869323170560,1780553870323170560,Output Sequence Length,tokens,p5,2762.00
90,1780553869323170560,1780553870323170560,Output Sequence Length,tokens,p10,2762.00
90,1780553869323170560,1780553870323170560,Output Sequence Length,tokens,p25,2762.00
90,1780553869323170560,1780553870323170560,Output Sequence Length,tokens,p50,2762.00
90,1780553869323170560,1780553870323170560,Output Sequence Length,tokens,p75,2762.00
90,1780553869323170560,1780553870323170560,Output Sequence Length,tokens,p90,2762.00
90,1780553869323170560,1780553870323170560,Output Sequence Length,tokens,p95,2762.00
90,1780553869323170560,1780553870323170560,Output Sequence Length,tokens,p99,2762.00
90,1780553869323170560,1780553870323170560,Output Sequence Length,tokens,std,0.00
90,1780553869323170560,1780553870323170560,Output Token Count,tokens,avg,2762.00
90,1780553869323170560,1780553870323170560,Output Token Count,tokens,min,2762.00
90,1780553869323170560,1780553870323170560,Output Token Count,tokens,max,2762.00
90,1780553869323170560,1780553870323170560,Output Token Count,tokens,sum,2762.00
90,1780553869323170560,1780553870323170560,Output Token Count,tokens,p1,2762.00
90,1780553869323170560,1780553870323170560,Output Token Count,tokens,p5,2762.00
90,1780553869323170560,1780553870323170560,Output Token Count,tokens,p10,2762.00
90,1780553869323170560,1780553870323170560,Output Token Count,tokens,p25,2762.00
90,1780553869323170560,1780553870323170560,Output Token Count,tokens,p50,2762.00
90,1780553869323170560,1780553870323170560,Output Token Count,tokens,p75,2762.00
90,1780553869323170560,1780553870323170560,Output Token Count,tokens,p90,2762.00
90,1780553869323170560,1780553870323170560,Output Token Count,tokens,p95,2762.00
90,1780553869323170560,1780553870323170560,Output Token Count,tokens,p99,2762.00
90,1780553869323170560,1780553870323170560,Output Token Count,tokens,std,0.00
90,1780553869323170560,1780553870323170560,Output Token Throughput,tokens/sec,avg,2762.00
90,1780553869323170560,1780553870323170560,Output Token Throughput Per User,tokens/sec/user,avg,7.75
90,1780553869323170560,1780553870323170560,Output Token Throughput Per User,tokens/sec/user,min,7.75
90,1780553869323170560,1780553870323170560,Output Token Throughput Per User,tokens/sec/user,max,7.75
90,1780553869323170560,1780553870323170560,Output Token Throughput Per User,tokens/sec/user,sum,7.75
90,1780553869323170560,1780553870323170560,Output Token Throughput Per User,tokens/sec/user,p1,7.75
90,1780553869323170560,1780553870323170560,Output Token Throughput Per User,tokens/sec/user,p5,7.75
90,1780553869323170560,1780553870323170560,Output Token Throughput Per User,tokens/sec/user,p10,7.75
90,1780553869323170560,1780553870323170560,Output Token Throughput Per User,tokens/sec/user,p25,7.75
90,1780553869323170560,1780553870323170560,Output Token Throughput Per User,tokens/sec/user,p50,7.75
90,1780553869323170560,1780553870323170560,Output Token Throughput Per User,tokens/sec/user,p75,7.75
90,1780553869323170560,1780553870323170560,Output Token Throughput Per User,tokens/sec/user,p90,7.75
90,1780553869323170560,1780553870323170560,Output Token Throughput Per User,tokens/sec/user,p95,7.75
90,1780553869323170560,1780553870323170560,Output Token Throughput Per User,tokens/sec/user,p99,7.75
90,1780553869323170560,1780553870323170560,Output Token Throughput Per User,tokens/sec/user,std,0.00
90,1780553869323170560,1780553870323170560,Prefill Throughput Per User,tokens/sec/user,avg,2008.54
90,1780553869323170560,1780553870323170560,Prefill Throughput Per User,tokens/sec/user,min,2008.54
90,1780553869323170560,1780553870323170560,Prefill Throughput Per User,tokens/sec/user,max,2008.54
90,1780553869323170560,1780553870323170560,Prefill Throughput Per User,tokens/sec/user,sum,2008.54
90,1780553869323170560,1780553870323170560,Prefill Throughput Per User,tokens/sec/user,p1,2008.54
90,1780553869323170560,1780553870323170560,Prefill Throughput Per User,tokens/sec/user,p5,2008.54
90,1780553869323170560,1780553870323170560,Prefill Throughput Per User,tokens/sec/user,p10,2008.54
90,1780553869323170560,1780553870323170560,Prefill Throughput Per User,tokens/sec/user,p25,2008.54
90,1780553869323170560,1780553870323170560,Prefill Throughput Per User,tokens/sec/user,p50,2008.54
90,1780553869323170560,1780553870323170560,Prefill Throughput Per User,tokens/sec/user,p75,2008.54
90,1780553869323170560,1780553870323170560,Prefill Throughput Per User,tokens/sec/user,p90,2008.54
90,1780553869323170560,1780553870323170560,Prefill Throughput Per User,tokens/sec/user,p95,2008.54
90,1780553869323170560,1780553870323170560,Prefill Throughput Per User,tokens/sec/user,p99,2008.54
90,1780553869323170560,1780553870323170560,Prefill Throughput Per User,tokens/sec/user,std,0.00
90,1780553869323170560,1780553870323170560,Request Count,requests,avg,1.00
90,1780553869323170560,1780553870323170560,Request Latency,ms,avg,397596.30
90,1780553869323170560,1780553870323170560,Request Latency,ms,min,397596.30
90,1780553869323170560,1780553870323170560,Request Latency,ms,max,397596.30
90,1780553869323170560,1780553870323170560,Request Latency,ms,sum,397596.30
90,1780553869323170560,1780553870323170560,Request Latency,ms,p1,397596.30
90,1780553869323170560,1780553870323170560,Request Latency,ms,p5,397596.30
90,1780553869323170560,1780553870323170560,Request Latency,ms,p10,397596.30
90,1780553869323170560,1780553870323170560,Request Latency,ms,p25,397596.30
90,1780553869323170560,1780553870323170560,Request Latency,ms,p50,397596.30
90,1780553869323170560,1780553870323170560,Request Latency,ms,p75,397596.30
90,1780553869323170560,1780553870323170560,Request Latency,ms,p90,397596.30
90,1780553869323170560,1780553870323170560,Request Latency,ms,p95,397596.30
90,1780553869323170560,1780553870323170560,Request Latency,ms,p99,397596.30
90,1780553869323170560,1780553870323170560,Request Latency,ms,std,0.00
90,1780553869323170560,1780553870323170560,Request Throughput,requests/sec,avg,1.00
90,1780553869323170560,1780553870323170560,Requested OSL,tokens,avg,2762.00
90,1780553869323170560,1780553870323170560,Requested OSL,tokens,min,2762.00
90,1780553869323170560,1780553870323170560,Requested OSL,tokens,max,2762.00
90,1780553869323170560,1780553870323170560,Requested OSL,tokens,sum,2762.00
90,1780553869323170560,1780553870323170560,Requested OSL,tokens,p1,2762.00
90,1780553869323170560,1780553870323170560,Requested OSL,tokens,p5,2762.00
90,1780553869323170560,1780553870323170560,Requested OSL,tokens,p10,2762.00
90,1780553869323170560,1780553870323170560,Requested OSL,tokens,p25,2762.00
90,1780553869323170560,1780553870323170560,Requested OSL,tokens,p50,2762.00
90,1780553869323170560,1780553870323170560,Requested OSL,tokens,p75,2762.00
90,1780553869323170560,1780553870323170560,Requested OSL,tokens,p90,2762.00
90,1780553869323170560,1780553870323170560,Requested OSL,tokens,p95,2762.00
90,1780553869323170560,1780553870323170560,Requested OSL,tokens,p99,2762.00
90,1780553869323170560,1780553870323170560,Requested OSL,tokens,std,0.00
90,1780553869323170560,1780553870323170560,Time to First Output Token,ms,avg,41341.93
90,1780553869323170560,1780553870323170560,Time to First Output Token,ms,min,41341.93
90,1780553869323170560,1780553870323170560,Time to First Output Token,ms,max,41341.93
90,1780553869323170560,1780553870323170560,Time to First Output Token,ms,sum,41341.93
90,1780553869323170560,1780553870323170560,Time to First Output Token,ms,p1,41341.93
90,1780553869323170560,1780553870323170560,Time to First Output Token,ms,p5,41341.93
90,1780553869323170560,1780553870323170560,Time to First Output Token,ms,p10,41341.93
90,1780553869323170560,1780553870323170560,Time to First Output Token,ms,p25,41341.93
90,1780553869323170560,1780553870323170560,Time to First Output Token,ms,p50,41341.93
90,1780553869323170560,1780553870323170560,Time to First Output Token,ms,p75,41341.93
90,1780553869323170560,1780553870323170560,Time to First Output Token,ms,p90,41341.93
90,1780553869323170560,1780553870323170560,Time to First Output Token,ms,p95,41341.93
90,1780553869323170560,1780553870323170560,Time to First Output Token,ms,p99,41341.93
90,1780553869323170560,1780553870323170560,Time to First Output Token,ms,std,0.00
90,1780553869323170560,1780553870323170560,Time to First Token,ms,avg,41341.93
90,1780553869323170560,1780553870323170560,Time to First Token,ms,min,41341.93
90,1780553869323170560,1780553870323170560,Time to First Token,ms,max,41341.93
90,1780553869323170560,1780553870323170560,Time to First Token,ms,sum,41341.93
90,1780553869323170560,1780553870323170560,Time to First Token,ms,p1,41341.93
90,1780553869323170560,1780553870323170560,Time to First Token,ms,p5,41341.93
90,1780553869323170560,1780553870323170560,Time to First Token,ms,p10,41341.93
90,1780553869323170560,1780553870323170560,Time to First Token,ms,p25,41341.93
90,1780553869323170560,1780553870323170560,Time to First Token,ms,p50,41341.93
90,1780553869323170560,1780553870323170560,Time to First Token,ms,p75,41341.93
90,1780553869323170560,1780553870323170560,Time to First Token,ms,p90,41341.93
90,1780553869323170560,1780553870323170560,Time to First Token,ms,p95,41341.93
90,1780553869323170560,1780553870323170560,Time to First Token,ms,p99,41341.93
90,1780553869323170560,1780553870323170560,Time to First Token,ms,std,0.00
90,1780553869323170560,1780553870323170560,Time to Second Token,ms,avg,215.36
90,1780553869323170560,1780553870323170560,Time to Second Token,ms,min,215.36
90,1780553869323170560,1780553870323170560,Time to Second Token,ms,max,215.36
90,1780553869323170560,1780553870323170560,Time to Second Token,ms,sum,215.36
90,1780553869323170560,1780553870323170560,Time to Second Token,ms,p1,215.36
90,1780553869323170560,1780553870323170560,Time to Second Token,ms,p5,215.36
90,1780553869323170560,1780553870323170560,Time to Second Token,ms,p10,215.36
90,1780553869323170560,1780553870323170560,Time to Second Token,ms,p25,215.36
90,1780553869323170560,1780553870323170560,Time to Second Token,ms,p50,215.36
90,1780553869323170560,1780553870323170560,Time to Second Token,ms,p75,215.36
90,1780553869323170560,1780553870323170560,Time to Second Token,ms,p90,215.36
90,1780553869323170560,1780553870323170560,Time to Second Token,ms,p95,215.36
90,1780553869323170560,1780553870323170560,Time to Second Token,ms,p99,215.36
90,1780553869323170560,1780553870323170560,Time to Second Token,ms,std,0.00
90,1780553869323170560,1780553870323170560,Tokens In Flight,tokens,avg,1497057.28
90,1780553869323170560,1780553870323170560,Tokens In Flight,tokens,min,1457745.49
90,1780553869323170560,1780553870323170560,Tokens In Flight,tokens,max,1540841.78
90,1780553869323170560,1780553870323170560,Tokens In Flight,tokens,p50,1457776.64
90,1780553869323170560,1780553870323170560,Tokens In Flight,tokens,p90,1540837.76
90,1780553869323170560,1780553870323170560,Tokens In Flight,tokens,p95,1540838.78
90,1780553869323170560,1780553870323170560,Tokens In Flight,tokens,p99,1540841.78
90,1780553869323170560,1780553870323170560,Tokens In Flight,tokens,std,41473.05
90,1780553869323170560,1780553870323170560,Total Input Sequence Length,tokens,avg,83037.00
90,1780553869323170560,1780553870323170560,Total Output Sequence Length,tokens,avg,2762.00
90,1780553869323170560,1780553870323170560,Total Output Tokens,tokens,avg,2762.00
90,1780553869323170560,1780553870323170560,Total Token Throughput,tokens/sec,avg,85799.00
90,1780553869323170560,1780553870323170560,Total Usage Completion Tokens,tokens,avg,2762.00
90,1780553869323170560,1780553870323170560,Total Usage Prompt Tokens,tokens,avg,83037.00
90,1780553869323170560,1780553870323170560,Total Usage Total Tokens,tokens,avg,85799.00
90,1780553869323170560,1780553870323170560,Usage Completion Tokens,tokens,avg,2762.00
90,1780553869323170560,1780553870323170560,Usage Completion Tokens,tokens,min,2762.00
90,1780553869323170560,1780553870323170560,Usage Completion Tokens,tokens,max,2762.00
90,1780553869323170560,1780553870323170560,Usage Completion Tokens,tokens,sum,2762.00
90,1780553869323170560,1780553870323170560,Usage Completion Tokens,tokens,p1,2762.00
90,1780553869323170560,1780553870323170560,Usage Completion Tokens,tokens,p5,2762.00
90,1780553869323170560,1780553870323170560,Usage Completion Tokens,tokens,p10,2762.00
90,1780553869323170560,1780553870323170560,Usage Completion Tokens,tokens,p25,2762.00
90,1780553869323170560,1780553870323170560,Usage Completion Tokens,tokens,p50,2762.00
90,1780553869323170560,1780553870323170560,Usage Completion Tokens,tokens,p75,2762.00
90,1780553869323170560,1780553870323170560,Usage Completion Tokens,tokens,p90,2762.00
90,1780553869323170560,1780553870323170560,Usage Completion Tokens,tokens,p95,2762.00
90,1780553869323170560,1780553870323170560,Usage Completion Tokens,tokens,p99,2762.00
90,1780553869323170560,1780553870323170560,Usage Completion Tokens,tokens,std,0.00
90,1780553869323170560,1780553870323170560,Usage Prompt Tokens,tokens,avg,83037.00
90,1780553869323170560,1780553870323170560,Usage Prompt Tokens,tokens,min,83037.00
90,1780553869323170560,1780553870323170560,Usage Prompt Tokens,tokens,max,83037.00
90,1780553869323170560,1780553870323170560,Usage Prompt Tokens,tokens,sum,83037.00
90,1780553869323170560,1780553870323170560,Usage Prompt Tokens,tokens,p1,83037.00
90,1780553869323170560,1780553870323170560,Usage Prompt Tokens,tokens,p5,83037.00
90,1780553869323170560,1780553870323170560,Usage Prompt Tokens,tokens,p10,83037.00
90,1780553869323170560,1780553870323170560,Usage Prompt Tokens,tokens,p25,83037.00
90,1780553869323170560,1780553870323170560,Usage Prompt Tokens,tokens,p50,83037.00
90,1780553869323170560,1780553870323170560,Usage Prompt Tokens,tokens,p75,83037.00
90,1780553869323170560,1780553870323170560,Usage Prompt Tokens,tokens,p90,83037.00
90,1780553869323170560,1780553870323170560,Usage Prompt Tokens,tokens,p95,83037.00
90,1780553869323170560,1780553870323170560,Usage Prompt Tokens,tokens,p99,83037.00
90,1780553869323170560,1780553870323170560,Usage Prompt Tokens,tokens,std,0.00
90,1780553869323170560,1780553870323170560,Usage Total Tokens,tokens,avg,85799.00
90,1780553869323170560,1780553870323170560,Usage Total Tokens,tokens,min,85799.00
90,1780553869323170560,1780553870323170560,Usage Total Tokens,tokens,max,85799.00
90,1780553869323170560,1780553870323170560,Usage Total Tokens,tokens,sum,85799.00
90,1780553869323170560,1780553870323170560,Usage Total Tokens,tokens,p1,85799.00
90,1780553869323170560,1780553870323170560,Usage Total Tokens,tokens,p5,85799.00
90,1780553869323170560,1780553870323170560,Usage Total Tokens,tokens,p10,85799.00
90,1780553869323170560,1780553870323170560,Usage Total Tokens,tokens,p25,85799.00
90,1780553869323170560,1780553870323170560,Usage Total Tokens,tokens,p50,85799.00
90,1780553869323170560,1780553870323170560,Usage Total Tokens,tokens,p75,85799.00
90,1780553869323170560,1780553870323170560,Usage Total Tokens,tokens,p90,85799.00
90,1780553869323170560,1780553870323170560,Usage Total Tokens,tokens,p95,85799.00
90,1780553869323170560,1780553870323170560,Usage Total Tokens,tokens,p99,85799.00
90,1780553869323170560,1780553870323170560,Usage Total Tokens,tokens,std,0.00
91,1780553885323170560,1780553886323170560,Active Decode Throughput,tokens/sec,avg,105.83
91,1780553885323170560,1780553886323170560,Active Decode Throughput,tokens/sec,min,79.52
91,1780553885323170560,1780553886323170560,Active Decode Throughput,tokens/sec,max,132.15
91,1780553885323170560,1780553886323170560,Active Decode Throughput,tokens/sec,p50,105.83
91,1780553885323170560,1780553886323170560,Active Decode Throughput,tokens/sec,p90,105.83
91,1780553885323170560,1780553886323170560,Active Decode Throughput,tokens/sec,p95,105.83
91,1780553885323170560,1780553886323170560,Active Decode Throughput,tokens/sec,p99,105.83
91,1780553885323170560,1780553886323170560,Active Decode Throughput,tokens/sec,std,0.04
91,1780553885323170560,1780553886323170560,Active Decode Throughput Per User,tokens/sec/user,avg,8.82
91,1780553885323170560,1780553886323170560,Active Decode Throughput Per User,tokens/sec/user,min,6.63
91,1780553885323170560,1780553886323170560,Active Decode Throughput Per User,tokens/sec/user,max,11.01
91,1780553885323170560,1780553886323170560,Active Decode Throughput Per User,tokens/sec/user,p50,8.82
91,1780553885323170560,1780553886323170560,Active Decode Throughput Per User,tokens/sec/user,p90,8.82
91,1780553885323170560,1780553886323170560,Active Decode Throughput Per User,tokens/sec/user,p95,8.82
91,1780553885323170560,1780553886323170560,Active Decode Throughput Per User,tokens/sec/user,p99,8.82
91,1780553885323170560,1780553886323170560,Active Decode Throughput Per User,tokens/sec/user,std,0.00
91,1780553885323170560,1780553886323170560,Active Prefill Throughput,tokens/sec,avg,5734.05
91,1780553885323170560,1780553886323170560,Active Prefill Throughput,tokens/sec,min,5708.17
91,1780553885323170560,1780553886323170560,Active Prefill Throughput,tokens/sec,max,7222.58
91,1780553885323170560,1780553886323170560,Active Prefill Throughput,tokens/sec,p50,5708.17
91,1780553885323170560,1780553886323170560,Active Prefill Throughput,tokens/sec,p90,5708.17
91,1780553885323170560,1780553886323170560,Active Prefill Throughput,tokens/sec,p95,5708.17
91,1780553885323170560,1780553886323170560,Active Prefill Throughput,tokens/sec,p99,7222.58
91,1780553885323170560,1780553886323170560,Active Prefill Throughput,tokens/sec,std,196.26
91,1780553885323170560,1780553886323170560,Active Prefill Throughput Per User,tokens/sec/user,avg,2846.46
91,1780553885323170560,1780553886323170560,Active Prefill Throughput Per User,tokens/sec/user,min,2407.53
91,1780553885323170560,1780553886323170560,Active Prefill Throughput Per User,tokens/sec/user,max,2854.09
91,1780553885323170560,1780553886323170560,Active Prefill Throughput Per User,tokens/sec/user,p50,2854.09
91,1780553885323170560,1780553886323170560,Active Prefill Throughput Per User,tokens/sec/user,p90,2854.09
91,1780553885323170560,1780553886323170560,Active Prefill Throughput Per User,tokens/sec/user,p95,2854.09
91,1780553885323170560,1780553886323170560,Active Prefill Throughput Per User,tokens/sec/user,p99,2854.09
91,1780553885323170560,1780553886323170560,Active Prefill Throughput Per User,tokens/sec/user,std,57.87
91,1780553885323170560,1780553886323170560,Active Total Throughput,tokens/sec,avg,5813.41
91,1780553885323170560,1780553886323170560,Active Total Throughput,tokens/sec,min,5787.53
91,1780553885323170560,1780553886323170560,Active Total Throughput,tokens/sec,max,7301.93
91,1780553885323170560,1780553886323170560,Active Total Throughput,tokens/sec,p50,5787.53
91,1780553885323170560,1780553886323170560,Active Total Throughput,tokens/sec,p90,5787.53
91,1780553885323170560,1780553886323170560,Active Total Throughput,tokens/sec,p95,5787.53
91,1780553885323170560,1780553886323170560,Active Total Throughput,tokens/sec,p99,7301.93
91,1780553885323170560,1780553886323170560,Active Total Throughput,tokens/sec,std,196.26
91,1780553885323170560,1780553886323170560,Benchmark Duration,sec,avg,226.34
91,1780553885323170560,1780553886323170560,E2E Output Token Throughput,tokens/sec/user,avg,7.53
91,1780553885323170560,1780553886323170560,E2E Output Token Throughput,tokens/sec/user,min,7.53
91,1780553885323170560,1780553886323170560,E2E Output Token Throughput,tokens/sec/user,max,7.53
91,1780553885323170560,1780553886323170560,E2E Output Token Throughput,tokens/sec/user,sum,7.53
91,1780553885323170560,1780553886323170560,E2E Output Token Throughput,tokens/sec/user,p1,7.53
91,1780553885323170560,1780553886323170560,E2E Output Token Throughput,tokens/sec/user,p5,7.53
91,1780553885323170560,1780553886323170560,E2E Output Token Throughput,tokens/sec/user,p10,7.53
91,1780553885323170560,1780553886323170560,E2E Output Token Throughput,tokens/sec/user,p25,7.53
91,1780553885323170560,1780553886323170560,E2E Output Token Throughput,tokens/sec/user,p50,7.53
91,1780553885323170560,1780553886323170560,E2E Output Token Throughput,tokens/sec/user,p75,7.53
91,1780553885323170560,1780553886323170560,E2E Output Token Throughput,tokens/sec/user,p90,7.53
91,1780553885323170560,1780553886323170560,E2E Output Token Throughput,tokens/sec/user,p95,7.53
91,1780553885323170560,1780553886323170560,E2E Output Token Throughput,tokens/sec/user,p99,7.53
91,1780553885323170560,1780553886323170560,E2E Output Token Throughput,tokens/sec/user,std,0.00
91,1780553885323170560,1780553886323170560,Effective Concurrency,requests,avg,14.02
91,1780553885323170560,1780553886323170560,Effective Concurrency,requests,min,14.00
91,1780553885323170560,1780553886323170560,Effective Concurrency,requests,max,15.00
91,1780553885323170560,1780553886323170560,Effective Concurrency,requests,p50,14.00
91,1780553885323170560,1780553886323170560,Effective Concurrency,requests,p90,14.00
91,1780553885323170560,1780553886323170560,Effective Concurrency,requests,p95,14.00
91,1780553885323170560,1780553886323170560,Effective Concurrency,requests,p99,15.00
91,1780553885323170560,1780553886323170560,Effective Concurrency,requests,std,0.13
91,1780553885323170560,1780553886323170560,Effective Decode Concurrency,requests,avg,12.00
91,1780553885323170560,1780553886323170560,Effective Decode Concurrency,requests,min,12.00
91,1780553885323170560,1780553886323170560,Effective Decode Concurrency,requests,max,12.00
91,1780553885323170560,1780553886323170560,Effective Decode Concurrency,requests,p50,12.00
91,1780553885323170560,1780553886323170560,Effective Decode Concurrency,requests,p90,12.00
91,1780553885323170560,1780553886323170560,Effective Decode Concurrency,requests,p95,12.00
91,1780553885323170560,1780553886323170560,Effective Decode Concurrency,requests,p99,12.00
91,1780553885323170560,1780553886323170560,Effective Decode Concurrency,requests,std,0.00
91,1780553885323170560,1780553886323170560,Effective Decode Throughput,tokens/sec,avg,105.83
91,1780553885323170560,1780553886323170560,Effective Decode Throughput,tokens/sec,min,79.52
91,1780553885323170560,1780553886323170560,Effective Decode Throughput,tokens/sec,max,132.15
91,1780553885323170560,1780553886323170560,Effective Decode Throughput,tokens/sec,p50,105.83
91,1780553885323170560,1780553886323170560,Effective Decode Throughput,tokens/sec,p90,105.83
91,1780553885323170560,1780553886323170560,Effective Decode Throughput,tokens/sec,p95,105.83
91,1780553885323170560,1780553886323170560,Effective Decode Throughput,tokens/sec,p99,105.83
91,1780553885323170560,1780553886323170560,Effective Decode Throughput,tokens/sec,std,0.04
91,1780553885323170560,1780553886323170560,Effective Decode Throughput Per User,tokens/sec/user,avg,8.82
91,1780553885323170560,1780553886323170560,Effective Decode Throughput Per User,tokens/sec/user,min,6.63
91,1780553885323170560,1780553886323170560,Effective Decode Throughput Per User,tokens/sec/user,max,11.01
91,1780553885323170560,1780553886323170560,Effective Decode Throughput Per User,tokens/sec/user,p50,8.82
91,1780553885323170560,1780553886323170560,Effective Decode Throughput Per User,tokens/sec/user,p90,8.82
91,1780553885323170560,1780553886323170560,Effective Decode Throughput Per User,tokens/sec/user,p95,8.82
91,1780553885323170560,1780553886323170560,Effective Decode Throughput Per User,tokens/sec/user,p99,8.82
91,1780553885323170560,1780553886323170560,Effective Decode Throughput Per User,tokens/sec/user,std,0.00
91,1780553885323170560,1780553886323170560,Effective Prefill Concurrency,requests,avg,2.02
91,1780553885323170560,1780553886323170560,Effective Prefill Concurrency,requests,min,2.00
91,1780553885323170560,1780553886323170560,Effective Prefill Concurrency,requests,max,3.00
91,1780553885323170560,1780553886323170560,Effective Prefill Concurrency,requests,p50,2.00
91,1780553885323170560,1780553886323170560,Effective Prefill Concurrency,requests,p90,2.00
91,1780553885323170560,1780553886323170560,Effective Prefill Concurrency,requests,p95,2.00
91,1780553885323170560,1780553886323170560,Effective Prefill Concurrency,requests,p99,3.00
91,1780553885323170560,1780553886323170560,Effective Prefill Concurrency,requests,std,0.13
91,1780553885323170560,1780553886323170560,Effective Prefill Throughput,tokens/sec,avg,5734.05
91,1780553885323170560,1780553886323170560,Effective Prefill Throughput,tokens/sec,min,5708.17
91,1780553885323170560,1780553886323170560,Effective Prefill Throughput,tokens/sec,max,7222.58
91,1780553885323170560,1780553886323170560,Effective Prefill Throughput,tokens/sec,p50,5708.17
91,1780553885323170560,1780553886323170560,Effective Prefill Throughput,tokens/sec,p90,5708.17
91,1780553885323170560,1780553886323170560,Effective Prefill Throughput,tokens/sec,p95,5708.17
91,1780553885323170560,1780553886323170560,Effective Prefill Throughput,tokens/sec,p99,7222.58
91,1780553885323170560,1780553886323170560,Effective Prefill Throughput,tokens/sec,std,196.26
91,1780553885323170560,1780553886323170560,Effective Prefill Throughput Per User,tokens/sec/user,avg,2846.46
91,1780553885323170560,1780553886323170560,Effective Prefill Throughput Per User,tokens/sec/user,min,2407.53
91,1780553885323170560,1780553886323170560,Effective Prefill Throughput Per User,tokens/sec/user,max,2854.09
91,1780553885323170560,1780553886323170560,Effective Prefill Throughput Per User,tokens/sec/user,p50,2854.09
91,1780553885323170560,1780553886323170560,Effective Prefill Throughput Per User,tokens/sec/user,p90,2854.09
91,1780553885323170560,1780553886323170560,Effective Prefill Throughput Per User,tokens/sec/user,p95,2854.09
91,1780553885323170560,1780553886323170560,Effective Prefill Throughput Per User,tokens/sec/user,p99,2854.09
91,1780553885323170560,1780553886323170560,Effective Prefill Throughput Per User,tokens/sec/user,std,57.87
91,1780553885323170560,1780553886323170560,Effective Total Throughput,tokens/sec,avg,5813.41
91,1780553885323170560,1780553886323170560,Effective Total Throughput,tokens/sec,min,5787.53
91,1780553885323170560,1780553886323170560,Effective Total Throughput,tokens/sec,max,7301.93
91,1780553885323170560,1780553886323170560,Effective Total Throughput,tokens/sec,p50,5787.53
91,1780553885323170560,1780553886323170560,Effective Total Throughput,tokens/sec,p90,5787.53
91,1780553885323170560,1780553886323170560,Effective Total Throughput,tokens/sec,p95,5787.53
91,1780553885323170560,1780553886323170560,Effective Total Throughput,tokens/sec,p99,7301.93
91,1780553885323170560,1780553886323170560,Effective Total Throughput,tokens/sec,std,196.26
91,1780553885323170560,1780553886323170560,HTTP Blocked,ms,avg,0.00
91,1780553885323170560,1780553886323170560,HTTP Blocked,ms,min,0.00
91,1780553885323170560,1780553886323170560,HTTP Blocked,ms,max,0.00
91,1780553885323170560,1780553886323170560,HTTP Blocked,ms,sum,0.00
91,1780553885323170560,1780553886323170560,HTTP Blocked,ms,p1,0.00
91,1780553885323170560,1780553886323170560,HTTP Blocked,ms,p5,0.00
91,1780553885323170560,1780553886323170560,HTTP Blocked,ms,p10,0.00
91,1780553885323170560,1780553886323170560,HTTP Blocked,ms,p25,0.00
91,1780553885323170560,1780553886323170560,HTTP Blocked,ms,p50,0.00
91,1780553885323170560,1780553886323170560,HTTP Blocked,ms,p75,0.00
91,1780553885323170560,1780553886323170560,HTTP Blocked,ms,p90,0.00
91,1780553885323170560,1780553886323170560,HTTP Blocked,ms,p95,0.00
91,1780553885323170560,1780553886323170560,HTTP Blocked,ms,p99,0.00
91,1780553885323170560,1780553886323170560,HTTP Blocked,ms,std,0.00
91,1780553885323170560,1780553886323170560,HTTP Chunks Received,count,avg,1705.00
91,1780553885323170560,1780553886323170560,HTTP Chunks Received,count,min,1705.00
91,1780553885323170560,1780553886323170560,HTTP Chunks Received,count,max,1705.00
91,1780553885323170560,1780553886323170560,HTTP Chunks Received,count,sum,1705.00
91,1780553885323170560,1780553886323170560,HTTP Chunks Received,count,p1,1705.00
91,1780553885323170560,1780553886323170560,HTTP Chunks Received,count,p5,1705.00
91,1780553885323170560,1780553886323170560,HTTP Chunks Received,count,p10,1705.00
91,1780553885323170560,1780553886323170560,HTTP Chunks Received,count,p25,1705.00
91,1780553885323170560,1780553886323170560,HTTP Chunks Received,count,p50,1705.00
91,1780553885323170560,1780553886323170560,HTTP Chunks Received,count,p75,1705.00
91,1780553885323170560,1780553886323170560,HTTP Chunks Received,count,p90,1705.00
91,1780553885323170560,1780553886323170560,HTTP Chunks Received,count,p95,1705.00
91,1780553885323170560,1780553886323170560,HTTP Chunks Received,count,p99,1705.00
91,1780553885323170560,1780553886323170560,HTTP Chunks Received,count,std,0.00
91,1780553885323170560,1780553886323170560,HTTP Chunks Sent,count,avg,1.00
91,1780553885323170560,1780553886323170560,HTTP Chunks Sent,count,min,1.00
91,1780553885323170560,1780553886323170560,HTTP Chunks Sent,count,max,1.00
91,1780553885323170560,1780553886323170560,HTTP Chunks Sent,count,sum,1.00
91,1780553885323170560,1780553886323170560,HTTP Chunks Sent,count,p1,1.00
91,1780553885323170560,1780553886323170560,HTTP Chunks Sent,count,p5,1.00
91,1780553885323170560,1780553886323170560,HTTP Chunks Sent,count,p10,1.00
91,1780553885323170560,1780553886323170560,HTTP Chunks Sent,count,p25,1.00
91,1780553885323170560,1780553886323170560,HTTP Chunks Sent,count,p50,1.00
91,1780553885323170560,1780553886323170560,HTTP Chunks Sent,count,p75,1.00
91,1780553885323170560,1780553886323170560,HTTP Chunks Sent,count,p90,1.00
91,1780553885323170560,1780553886323170560,HTTP Chunks Sent,count,p95,1.00
91,1780553885323170560,1780553886323170560,HTTP Chunks Sent,count,p99,1.00
91,1780553885323170560,1780553886323170560,HTTP Chunks Sent,count,std,0.00
91,1780553885323170560,1780553886323170560,HTTP Connecting,ms,avg,0.00
91,1780553885323170560,1780553886323170560,HTTP Connecting,ms,min,0.00
91,1780553885323170560,1780553886323170560,HTTP Connecting,ms,max,0.00
91,1780553885323170560,1780553886323170560,HTTP Connecting,ms,sum,0.00
91,1780553885323170560,1780553886323170560,HTTP Connecting,ms,p1,0.00
91,1780553885323170560,1780553886323170560,HTTP Connecting,ms,p5,0.00
91,1780553885323170560,1780553886323170560,HTTP Connecting,ms,p10,0.00
91,1780553885323170560,1780553886323170560,HTTP Connecting,ms,p25,0.00
91,1780553885323170560,1780553886323170560,HTTP Connecting,ms,p50,0.00
91,1780553885323170560,1780553886323170560,HTTP Connecting,ms,p75,0.00
91,1780553885323170560,1780553886323170560,HTTP Connecting,ms,p90,0.00
91,1780553885323170560,1780553886323170560,HTTP Connecting,ms,p95,0.00
91,1780553885323170560,1780553886323170560,HTTP Connecting,ms,p99,0.00
91,1780553885323170560,1780553886323170560,HTTP Connecting,ms,std,0.00
91,1780553885323170560,1780553886323170560,HTTP Connection Overhead,ms,avg,0.00
91,1780553885323170560,1780553886323170560,HTTP Connection Overhead,ms,min,0.00
91,1780553885323170560,1780553886323170560,HTTP Connection Overhead,ms,max,0.00
91,1780553885323170560,1780553886323170560,HTTP Connection Overhead,ms,sum,0.00
91,1780553885323170560,1780553886323170560,HTTP Connection Overhead,ms,p1,0.00
91,1780553885323170560,1780553886323170560,HTTP Connection Overhead,ms,p5,0.00
91,1780553885323170560,1780553886323170560,HTTP Connection Overhead,ms,p10,0.00
91,1780553885323170560,1780553886323170560,HTTP Connection Overhead,ms,p25,0.00
91,1780553885323170560,1780553886323170560,HTTP Connection Overhead,ms,p50,0.00
91,1780553885323170560,1780553886323170560,HTTP Connection Overhead,ms,p75,0.00
91,1780553885323170560,1780553886323170560,HTTP Connection Overhead,ms,p90,0.00
91,1780553885323170560,1780553886323170560,HTTP Connection Overhead,ms,p95,0.00
91,1780553885323170560,1780553886323170560,HTTP Connection Overhead,ms,p99,0.00
91,1780553885323170560,1780553886323170560,HTTP Connection Overhead,ms,std,0.00
91,1780553885323170560,1780553886323170560,HTTP Connection Reused,ratio,avg,1.00
91,1780553885323170560,1780553886323170560,HTTP Connection Reused,ratio,min,1.00
91,1780553885323170560,1780553886323170560,HTTP Connection Reused,ratio,max,1.00
91,1780553885323170560,1780553886323170560,HTTP Connection Reused,ratio,sum,1.00
91,1780553885323170560,1780553886323170560,HTTP Connection Reused,ratio,p1,1.00
91,1780553885323170560,1780553886323170560,HTTP Connection Reused,ratio,p5,1.00
91,1780553885323170560,1780553886323170560,HTTP Connection Reused,ratio,p10,1.00
91,1780553885323170560,1780553886323170560,HTTP Connection Reused,ratio,p25,1.00
91,1780553885323170560,1780553886323170560,HTTP Connection Reused,ratio,p50,1.00
91,1780553885323170560,1780553886323170560,HTTP Connection Reused,ratio,p75,1.00
91,1780553885323170560,1780553886323170560,HTTP Connection Reused,ratio,p90,1.00
91,1780553885323170560,1780553886323170560,HTTP Connection Reused,ratio,p95,1.00
91,1780553885323170560,1780553886323170560,HTTP Connection Reused,ratio,p99,1.00
91,1780553885323170560,1780553886323170560,HTTP Connection Reused,ratio,std,0.00
91,1780553885323170560,1780553886323170560,HTTP Data Received,KB,avg,423.37
91,1780553885323170560,1780553886323170560,HTTP Data Received,KB,min,423.37
91,1780553885323170560,1780553886323170560,HTTP Data Received,KB,max,423.37
91,1780553885323170560,1780553886323170560,HTTP Data Received,KB,sum,423.37
91,1780553885323170560,1780553886323170560,HTTP Data Received,KB,p1,423.37
91,1780553885323170560,1780553886323170560,HTTP Data Received,KB,p5,423.37
91,1780553885323170560,1780553886323170560,HTTP Data Received,KB,p10,423.37
91,1780553885323170560,1780553886323170560,HTTP Data Received,KB,p25,423.37
91,1780553885323170560,1780553886323170560,HTTP Data Received,KB,p50,423.37
91,1780553885323170560,1780553886323170560,HTTP Data Received,KB,p75,423.37
91,1780553885323170560,1780553886323170560,HTTP Data Received,KB,p90,423.37
91,1780553885323170560,1780553886323170560,HTTP Data Received,KB,p95,423.37
91,1780553885323170560,1780553886323170560,HTTP Data Received,KB,p99,423.37
91,1780553885323170560,1780553886323170560,HTTP Data Received,KB,std,0.00
91,1780553885323170560,1780553886323170560,HTTP Data Sent,KB,avg,155.61
91,1780553885323170560,1780553886323170560,HTTP Data Sent,KB,min,155.61
91,1780553885323170560,1780553886323170560,HTTP Data Sent,KB,max,155.61
91,1780553885323170560,1780553886323170560,HTTP Data Sent,KB,sum,155.61
91,1780553885323170560,1780553886323170560,HTTP Data Sent,KB,p1,155.61
91,1780553885323170560,1780553886323170560,HTTP Data Sent,KB,p5,155.61
91,1780553885323170560,1780553886323170560,HTTP Data Sent,KB,p10,155.61
91,1780553885323170560,1780553886323170560,HTTP Data Sent,KB,p25,155.61
91,1780553885323170560,1780553886323170560,HTTP Data Sent,KB,p50,155.61
91,1780553885323170560,1780553886323170560,HTTP Data Sent,KB,p75,155.61
91,1780553885323170560,1780553886323170560,HTTP Data Sent,KB,p90,155.61
91,1780553885323170560,1780553886323170560,HTTP Data Sent,KB,p95,155.61
91,1780553885323170560,1780553886323170560,HTTP Data Sent,KB,p99,155.61
91,1780553885323170560,1780553886323170560,HTTP Data Sent,KB,std,0.00
91,1780553885323170560,1780553886323170560,HTTP DNS Lookup,ms,avg,0.00
91,1780553885323170560,1780553886323170560,HTTP DNS Lookup,ms,min,0.00
91,1780553885323170560,1780553886323170560,HTTP DNS Lookup,ms,max,0.00
91,1780553885323170560,1780553886323170560,HTTP DNS Lookup,ms,sum,0.00
91,1780553885323170560,1780553886323170560,HTTP DNS Lookup,ms,p1,0.00
91,1780553885323170560,1780553886323170560,HTTP DNS Lookup,ms,p5,0.00
91,1780553885323170560,1780553886323170560,HTTP DNS Lookup,ms,p10,0.00
91,1780553885323170560,1780553886323170560,HTTP DNS Lookup,ms,p25,0.00
91,1780553885323170560,1780553886323170560,HTTP DNS Lookup,ms,p50,0.00
91,1780553885323170560,1780553886323170560,HTTP DNS Lookup,ms,p75,0.00
91,1780553885323170560,1780553886323170560,HTTP DNS Lookup,ms,p90,0.00
91,1780553885323170560,1780553886323170560,HTTP DNS Lookup,ms,p95,0.00
91,1780553885323170560,1780553886323170560,HTTP DNS Lookup,ms,p99,0.00
91,1780553885323170560,1780553886323170560,HTTP DNS Lookup,ms,std,0.00
91,1780553885323170560,1780553886323170560,HTTP Duration (excl. conn),ms,avg,226342.13
91,1780553885323170560,1780553886323170560,HTTP Duration (excl. conn),ms,min,226342.13
91,1780553885323170560,1780553886323170560,HTTP Duration (excl. conn),ms,max,226342.13
91,1780553885323170560,1780553886323170560,HTTP Duration (excl. conn),ms,sum,226342.13
91,1780553885323170560,1780553886323170560,HTTP Duration (excl. conn),ms,p1,226342.13
91,1780553885323170560,1780553886323170560,HTTP Duration (excl. conn),ms,p5,226342.13
91,1780553885323170560,1780553886323170560,HTTP Duration (excl. conn),ms,p10,226342.13
91,1780553885323170560,1780553886323170560,HTTP Duration (excl. conn),ms,p25,226342.13
91,1780553885323170560,1780553886323170560,HTTP Duration (excl. conn),ms,p50,226342.13
91,1780553885323170560,1780553886323170560,HTTP Duration (excl. conn),ms,p75,226342.13
91,1780553885323170560,1780553886323170560,HTTP Duration (excl. conn),ms,p90,226342.13
91,1780553885323170560,1780553886323170560,HTTP Duration (excl. conn),ms,p95,226342.13
91,1780553885323170560,1780553886323170560,HTTP Duration (excl. conn),ms,p99,226342.13
91,1780553885323170560,1780553886323170560,HTTP Duration (excl. conn),ms,std,0.00
91,1780553885323170560,1780553886323170560,HTTP Receiving,ms,avg,199631.38
91,1780553885323170560,1780553886323170560,HTTP Receiving,ms,min,199631.38
91,1780553885323170560,1780553886323170560,HTTP Receiving,ms,max,199631.38
91,1780553885323170560,1780553886323170560,HTTP Receiving,ms,sum,199631.38
91,1780553885323170560,1780553886323170560,HTTP Receiving,ms,p1,199631.38
91,1780553885323170560,1780553886323170560,HTTP Receiving,ms,p5,199631.38
91,1780553885323170560,1780553886323170560,HTTP Receiving,ms,p10,199631.38
91,1780553885323170560,1780553886323170560,HTTP Receiving,ms,p25,199631.38
91,1780553885323170560,1780553886323170560,HTTP Receiving,ms,p50,199631.38
91,1780553885323170560,1780553886323170560,HTTP Receiving,ms,p75,199631.38
91,1780553885323170560,1780553886323170560,HTTP Receiving,ms,p90,199631.38
91,1780553885323170560,1780553886323170560,HTTP Receiving,ms,p95,199631.38
91,1780553885323170560,1780553886323170560,HTTP Receiving,ms,p99,199631.38
91,1780553885323170560,1780553886323170560,HTTP Receiving,ms,std,0.00
91,1780553885323170560,1780553886323170560,HTTP Sending,ms,avg,0.26
91,1780553885323170560,1780553886323170560,HTTP Sending,ms,min,0.26
91,1780553885323170560,1780553886323170560,HTTP Sending,ms,max,0.26
91,1780553885323170560,1780553886323170560,HTTP Sending,ms,sum,0.26
91,1780553885323170560,1780553886323170560,HTTP Sending,ms,p1,0.26
91,1780553885323170560,1780553886323170560,HTTP Sending,ms,p5,0.26
91,1780553885323170560,1780553886323170560,HTTP Sending,ms,p10,0.26
91,1780553885323170560,1780553886323170560,HTTP Sending,ms,p25,0.26
91,1780553885323170560,1780553886323170560,HTTP Sending,ms,p50,0.26
91,1780553885323170560,1780553886323170560,HTTP Sending,ms,p75,0.26
91,1780553885323170560,1780553886323170560,HTTP Sending,ms,p90,0.26
91,1780553885323170560,1780553886323170560,HTTP Sending,ms,p95,0.26
91,1780553885323170560,1780553886323170560,HTTP Sending,ms,p99,0.26
91,1780553885323170560,1780553886323170560,HTTP Sending,ms,std,0.00
91,1780553885323170560,1780553886323170560,HTTP Total Time,ms,avg,226342.13
91,1780553885323170560,1780553886323170560,HTTP Total Time,ms,min,226342.13
91,1780553885323170560,1780553886323170560,HTTP Total Time,ms,max,226342.13
91,1780553885323170560,1780553886323170560,HTTP Total Time,ms,sum,226342.13
91,1780553885323170560,1780553886323170560,HTTP Total Time,ms,p1,226342.13
91,1780553885323170560,1780553886323170560,HTTP Total Time,ms,p5,226342.13
91,1780553885323170560,1780553886323170560,HTTP Total Time,ms,p10,226342.13
91,1780553885323170560,1780553886323170560,HTTP Total Time,ms,p25,226342.13
91,1780553885323170560,1780553886323170560,HTTP Total Time,ms,p50,226342.13
91,1780553885323170560,1780553886323170560,HTTP Total Time,ms,p75,226342.13
91,1780553885323170560,1780553886323170560,HTTP Total Time,ms,p90,226342.13
91,1780553885323170560,1780553886323170560,HTTP Total Time,ms,p95,226342.13
91,1780553885323170560,1780553886323170560,HTTP Total Time,ms,p99,226342.13
91,1780553885323170560,1780553886323170560,HTTP Total Time,ms,std,0.00
91,1780553885323170560,1780553886323170560,HTTP Waiting (TTFB),ms,avg,26710.49
91,1780553885323170560,1780553886323170560,HTTP Waiting (TTFB),ms,min,26710.49
91,1780553885323170560,1780553886323170560,HTTP Waiting (TTFB),ms,max,26710.49
91,1780553885323170560,1780553886323170560,HTTP Waiting (TTFB),ms,sum,26710.49
91,1780553885323170560,1780553886323170560,HTTP Waiting (TTFB),ms,p1,26710.49
91,1780553885323170560,1780553886323170560,HTTP Waiting (TTFB),ms,p5,26710.49
91,1780553885323170560,1780553886323170560,HTTP Waiting (TTFB),ms,p10,26710.49
91,1780553885323170560,1780553886323170560,HTTP Waiting (TTFB),ms,p25,26710.49
91,1780553885323170560,1780553886323170560,HTTP Waiting (TTFB),ms,p50,26710.49
91,1780553885323170560,1780553886323170560,HTTP Waiting (TTFB),ms,p75,26710.49
91,1780553885323170560,1780553886323170560,HTTP Waiting (TTFB),ms,p90,26710.49
91,1780553885323170560,1780553886323170560,HTTP Waiting (TTFB),ms,p95,26710.49
91,1780553885323170560,1780553886323170560,HTTP Waiting (TTFB),ms,p99,26710.49
91,1780553885323170560,1780553886323170560,HTTP Waiting (TTFB),ms,std,0.00
91,1780553885323170560,1780553886323170560,Input Sequence Length,tokens,avg,40451.00
91,1780553885323170560,1780553886323170560,Input Sequence Length,tokens,min,40451.00
91,1780553885323170560,1780553886323170560,Input Sequence Length,tokens,max,40451.00
91,1780553885323170560,1780553886323170560,Input Sequence Length,tokens,sum,40451.00
91,1780553885323170560,1780553886323170560,Input Sequence Length,tokens,p1,40451.00
91,1780553885323170560,1780553886323170560,Input Sequence Length,tokens,p5,40451.00
91,1780553885323170560,1780553886323170560,Input Sequence Length,tokens,p10,40451.00
91,1780553885323170560,1780553886323170560,Input Sequence Length,tokens,p25,40451.00
91,1780553885323170560,1780553886323170560,Input Sequence Length,tokens,p50,40451.00
91,1780553885323170560,1780553886323170560,Input Sequence Length,tokens,p75,40451.00
91,1780553885323170560,1780553886323170560,Input Sequence Length,tokens,p90,40451.00
91,1780553885323170560,1780553886323170560,Input Sequence Length,tokens,p95,40451.00
91,1780553885323170560,1780553886323170560,Input Sequence Length,tokens,p99,40451.00
91,1780553885323170560,1780553886323170560,Input Sequence Length,tokens,std,0.00
91,1780553885323170560,1780553886323170560,Input Token Throughput,tokens/sec,avg,40451.00
91,1780553885323170560,1780553886323170560,Inter Chunk Latency,ms,avg,67.54
91,1780553885323170560,1780553886323170560,Inter Chunk Latency,ms,min,67.51
91,1780553885323170560,1780553886323170560,Inter Chunk Latency,ms,max,67.57
91,1780553885323170560,1780553886323170560,Inter Chunk Latency,ms,sum,110973.00
91,1780553885323170560,1780553886323170560,Inter Chunk Latency,ms,p1,67.51
91,1780553885323170560,1780553886323170560,Inter Chunk Latency,ms,p5,67.52
91,1780553885323170560,1780553886323170560,Inter Chunk Latency,ms,p10,67.52
91,1780553885323170560,1780553886323170560,Inter Chunk Latency,ms,p25,67.53
91,1780553885323170560,1780553886323170560,Inter Chunk Latency,ms,p50,67.54
91,1780553885323170560,1780553886323170560,Inter Chunk Latency,ms,p75,67.56
91,1780553885323170560,1780553886323170560,Inter Chunk Latency,ms,p90,67.57
91,1780553885323170560,1780553886323170560,Inter Chunk Latency,ms,p95,67.57
91,1780553885323170560,1780553886323170560,Inter Chunk Latency,ms,p99,67.57
91,1780553885323170560,1780553886323170560,Inter Chunk Latency,ms,std,0.02
91,1780553885323170560,1780553886323170560,Inter Token Latency,ms,avg,117.15
91,1780553885323170560,1780553886323170560,Inter Token Latency,ms,min,117.15
91,1780553885323170560,1780553886323170560,Inter Token Latency,ms,max,117.15
91,1780553885323170560,1780553886323170560,Inter Token Latency,ms,sum,117.15
91,1780553885323170560,1780553886323170560,Inter Token Latency,ms,p1,117.15
91,1780553885323170560,1780553886323170560,Inter Token Latency,ms,p5,117.15
91,1780553885323170560,1780553886323170560,Inter Token Latency,ms,p10,117.15
91,1780553885323170560,1780553886323170560,Inter Token Latency,ms,p25,117.15
91,1780553885323170560,1780553886323170560,Inter Token Latency,ms,p50,117.15
91,1780553885323170560,1780553886323170560,Inter Token Latency,ms,p75,117.15
91,1780553885323170560,1780553886323170560,Inter Token Latency,ms,p90,117.15
91,1780553885323170560,1780553886323170560,Inter Token Latency,ms,p95,117.15
91,1780553885323170560,1780553886323170560,Inter Token Latency,ms,p99,117.15
91,1780553885323170560,1780553886323170560,Inter Token Latency,ms,std,0.00
91,1780553885323170560,1780553886323170560,Maximum Response Timestamp,ns,avg,1780554112648338432.00
91,1780553885323170560,1780553886323170560,Minimum Request Timestamp,ns,avg,1780553886306083840.00
91,1780553885323170560,1780553886323170560,OSL Mismatch Count,requests,avg,0.00
91,1780553885323170560,1780553886323170560,OSL Mismatch Diff %,%,avg,0.00
91,1780553885323170560,1780553886323170560,OSL Mismatch Diff %,%,min,0.00
91,1780553885323170560,1780553886323170560,OSL Mismatch Diff %,%,max,0.00
91,1780553885323170560,1780553886323170560,OSL Mismatch Diff %,%,sum,0.00
91,1780553885323170560,1780553886323170560,OSL Mismatch Diff %,%,p1,0.00
91,1780553885323170560,1780553886323170560,OSL Mismatch Diff %,%,p5,0.00
91,1780553885323170560,1780553886323170560,OSL Mismatch Diff %,%,p10,0.00
91,1780553885323170560,1780553886323170560,OSL Mismatch Diff %,%,p25,0.00
91,1780553885323170560,1780553886323170560,OSL Mismatch Diff %,%,p50,0.00
91,1780553885323170560,1780553886323170560,OSL Mismatch Diff %,%,p75,0.00
91,1780553885323170560,1780553886323170560,OSL Mismatch Diff %,%,p90,0.00
91,1780553885323170560,1780553886323170560,OSL Mismatch Diff %,%,p95,0.00
91,1780553885323170560,1780553886323170560,OSL Mismatch Diff %,%,p99,0.00
91,1780553885323170560,1780553886323170560,OSL Mismatch Diff %,%,std,0.00
91,1780553885323170560,1780553886323170560,Output Sequence Length,tokens,avg,1705.00
91,1780553885323170560,1780553886323170560,Output Sequence Length,tokens,min,1705.00
91,1780553885323170560,1780553886323170560,Output Sequence Length,tokens,max,1705.00
91,1780553885323170560,1780553886323170560,Output Sequence Length,tokens,sum,1705.00
91,1780553885323170560,1780553886323170560,Output Sequence Length,tokens,p1,1705.00
91,1780553885323170560,1780553886323170560,Output Sequence Length,tokens,p5,1705.00
91,1780553885323170560,1780553886323170560,Output Sequence Length,tokens,p10,1705.00
91,1780553885323170560,1780553886323170560,Output Sequence Length,tokens,p25,1705.00
91,1780553885323170560,1780553886323170560,Output Sequence Length,tokens,p50,1705.00
91,1780553885323170560,1780553886323170560,Output Sequence Length,tokens,p75,1705.00
91,1780553885323170560,1780553886323170560,Output Sequence Length,tokens,p90,1705.00
91,1780553885323170560,1780553886323170560,Output Sequence Length,tokens,p95,1705.00
91,1780553885323170560,1780553886323170560,Output Sequence Length,tokens,p99,1705.00
91,1780553885323170560,1780553886323170560,Output Sequence Length,tokens,std,0.00
91,1780553885323170560,1780553886323170560,Output Token Count,tokens,avg,1705.00
91,1780553885323170560,1780553886323170560,Output Token Count,tokens,min,1705.00
91,1780553885323170560,1780553886323170560,Output Token Count,tokens,max,1705.00
91,1780553885323170560,1780553886323170560,Output Token Count,tokens,sum,1705.00
91,1780553885323170560,1780553886323170560,Output Token Count,tokens,p1,1705.00
91,1780553885323170560,1780553886323170560,Output Token Count,tokens,p5,1705.00
91,1780553885323170560,1780553886323170560,Output Token Count,tokens,p10,1705.00
91,1780553885323170560,1780553886323170560,Output Token Count,tokens,p25,1705.00
91,1780553885323170560,1780553886323170560,Output Token Count,tokens,p50,1705.00
91,1780553885323170560,1780553886323170560,Output Token Count,tokens,p75,1705.00
91,1780553885323170560,1780553886323170560,Output Token Count,tokens,p90,1705.00
91,1780553885323170560,1780553886323170560,Output Token Count,tokens,p95,1705.00
91,1780553885323170560,1780553886323170560,Output Token Count,tokens,p99,1705.00
91,1780553885323170560,1780553886323170560,Output Token Count,tokens,std,0.00
91,1780553885323170560,1780553886323170560,Output Token Throughput,tokens/sec,avg,1705.00
91,1780553885323170560,1780553886323170560,Output Token Throughput Per User,tokens/sec/user,avg,8.54
91,1780553885323170560,1780553886323170560,Output Token Throughput Per User,tokens/sec/user,min,8.54
91,1780553885323170560,1780553886323170560,Output Token Throughput Per User,tokens/sec/user,max,8.54
91,1780553885323170560,1780553886323170560,Output Token Throughput Per User,tokens/sec/user,sum,8.54
91,1780553885323170560,1780553886323170560,Output Token Throughput Per User,tokens/sec/user,p1,8.54
91,1780553885323170560,1780553886323170560,Output Token Throughput Per User,tokens/sec/user,p5,8.54
91,1780553885323170560,1780553886323170560,Output Token Throughput Per User,tokens/sec/user,p10,8.54
91,1780553885323170560,1780553886323170560,Output Token Throughput Per User,tokens/sec/user,p25,8.54
91,1780553885323170560,1780553886323170560,Output Token Throughput Per User,tokens/sec/user,p50,8.54
91,1780553885323170560,1780553886323170560,Output Token Throughput Per User,tokens/sec/user,p75,8.54
91,1780553885323170560,1780553886323170560,Output Token Throughput Per User,tokens/sec/user,p90,8.54
91,1780553885323170560,1780553886323170560,Output Token Throughput Per User,tokens/sec/user,p95,8.54
91,1780553885323170560,1780553886323170560,Output Token Throughput Per User,tokens/sec/user,p99,8.54
91,1780553885323170560,1780553886323170560,Output Token Throughput Per User,tokens/sec/user,std,0.00
91,1780553885323170560,1780553886323170560,Prefill Throughput Per User,tokens/sec/user,avg,1514.40
91,1780553885323170560,1780553886323170560,Prefill Throughput Per User,tokens/sec/user,min,1514.40
91,1780553885323170560,1780553886323170560,Prefill Throughput Per User,tokens/sec/user,max,1514.40
91,1780553885323170560,1780553886323170560,Prefill Throughput Per User,tokens/sec/user,sum,1514.40
91,1780553885323170560,1780553886323170560,Prefill Throughput Per User,tokens/sec/user,p1,1514.40
91,1780553885323170560,1780553886323170560,Prefill Throughput Per User,tokens/sec/user,p5,1514.40
91,1780553885323170560,1780553886323170560,Prefill Throughput Per User,tokens/sec/user,p10,1514.40
91,1780553885323170560,1780553886323170560,Prefill Throughput Per User,tokens/sec/user,p25,1514.40
91,1780553885323170560,1780553886323170560,Prefill Throughput Per User,tokens/sec/user,p50,1514.40
91,1780553885323170560,1780553886323170560,Prefill Throughput Per User,tokens/sec/user,p75,1514.40
91,1780553885323170560,1780553886323170560,Prefill Throughput Per User,tokens/sec/user,p90,1514.40
91,1780553885323170560,1780553886323170560,Prefill Throughput Per User,tokens/sec/user,p95,1514.40
91,1780553885323170560,1780553886323170560,Prefill Throughput Per User,tokens/sec/user,p99,1514.40
91,1780553885323170560,1780553886323170560,Prefill Throughput Per User,tokens/sec/user,std,0.00
91,1780553885323170560,1780553886323170560,Request Count,requests,avg,1.00
91,1780553885323170560,1780553886323170560,Request Latency,ms,avg,226342.25
91,1780553885323170560,1780553886323170560,Request Latency,ms,min,226342.25
91,1780553885323170560,1780553886323170560,Request Latency,ms,max,226342.25
91,1780553885323170560,1780553886323170560,Request Latency,ms,sum,226342.25
91,1780553885323170560,1780553886323170560,Request Latency,ms,p1,226342.25
91,1780553885323170560,1780553886323170560,Request Latency,ms,p5,226342.25
91,1780553885323170560,1780553886323170560,Request Latency,ms,p10,226342.25
91,1780553885323170560,1780553886323170560,Request Latency,ms,p25,226342.25
91,1780553885323170560,1780553886323170560,Request Latency,ms,p50,226342.25
91,1780553885323170560,1780553886323170560,Request Latency,ms,p75,226342.25
91,1780553885323170560,1780553886323170560,Request Latency,ms,p90,226342.25
91,1780553885323170560,1780553886323170560,Request Latency,ms,p95,226342.25
91,1780553885323170560,1780553886323170560,Request Latency,ms,p99,226342.25
91,1780553885323170560,1780553886323170560,Request Latency,ms,std,0.00
91,1780553885323170560,1780553886323170560,Request Throughput,requests/sec,avg,1.00
91,1780553885323170560,1780553886323170560,Requested OSL,tokens,avg,1705.00
91,1780553885323170560,1780553886323170560,Requested OSL,tokens,min,1705.00
91,1780553885323170560,1780553886323170560,Requested OSL,tokens,max,1705.00
91,1780553885323170560,1780553886323170560,Requested OSL,tokens,sum,1705.00
91,1780553885323170560,1780553886323170560,Requested OSL,tokens,p1,1705.00
91,1780553885323170560,1780553886323170560,Requested OSL,tokens,p5,1705.00
91,1780553885323170560,1780553886323170560,Requested OSL,tokens,p10,1705.00
91,1780553885323170560,1780553886323170560,Requested OSL,tokens,p25,1705.00
91,1780553885323170560,1780553886323170560,Requested OSL,tokens,p50,1705.00
91,1780553885323170560,1780553886323170560,Requested OSL,tokens,p75,1705.00
91,1780553885323170560,1780553886323170560,Requested OSL,tokens,p90,1705.00
91,1780553885323170560,1780553886323170560,Requested OSL,tokens,p95,1705.00
91,1780553885323170560,1780553886323170560,Requested OSL,tokens,p99,1705.00
91,1780553885323170560,1780553886323170560,Requested OSL,tokens,std,0.00
91,1780553885323170560,1780553886323170560,Time to First Output Token,ms,avg,26710.88
91,1780553885323170560,1780553886323170560,Time to First Output Token,ms,min,26710.88
91,1780553885323170560,1780553886323170560,Time to First Output Token,ms,max,26710.88
91,1780553885323170560,1780553886323170560,Time to First Output Token,ms,sum,26710.88
91,1780553885323170560,1780553886323170560,Time to First Output Token,ms,p1,26710.88
91,1780553885323170560,1780553886323170560,Time to First Output Token,ms,p5,26710.88
91,1780553885323170560,1780553886323170560,Time to First Output Token,ms,p10,26710.88
91,1780553885323170560,1780553886323170560,Time to First Output Token,ms,p25,26710.88
91,1780553885323170560,1780553886323170560,Time to First Output Token,ms,p50,26710.88
91,1780553885323170560,1780553886323170560,Time to First Output Token,ms,p75,26710.88
91,1780553885323170560,1780553886323170560,Time to First Output Token,ms,p90,26710.88
91,1780553885323170560,1780553886323170560,Time to First Output Token,ms,p95,26710.88
91,1780553885323170560,1780553886323170560,Time to First Output Token,ms,p99,26710.88
91,1780553885323170560,1780553886323170560,Time to First Output Token,ms,std,0.00
91,1780553885323170560,1780553886323170560,Time to First Token,ms,avg,26710.88
91,1780553885323170560,1780553886323170560,Time to First Token,ms,min,26710.88
91,1780553885323170560,1780553886323170560,Time to First Token,ms,max,26710.88
91,1780553885323170560,1780553886323170560,Time to First Token,ms,sum,26710.88
91,1780553885323170560,1780553886323170560,Time to First Token,ms,p1,26710.88
91,1780553885323170560,1780553886323170560,Time to First Token,ms,p5,26710.88
91,1780553885323170560,1780553886323170560,Time to First Token,ms,p10,26710.88
91,1780553885323170560,1780553886323170560,Time to First Token,ms,p25,26710.88
91,1780553885323170560,1780553886323170560,Time to First Token,ms,p50,26710.88
91,1780553885323170560,1780553886323170560,Time to First Token,ms,p75,26710.88
91,1780553885323170560,1780553886323170560,Time to First Token,ms,p90,26710.88
91,1780553885323170560,1780553886323170560,Time to First Token,ms,p95,26710.88
91,1780553885323170560,1780553886323170560,Time to First Token,ms,p99,26710.88
91,1780553885323170560,1780553886323170560,Time to First Token,ms,std,0.00
91,1780553885323170560,1780553886323170560,Time to Second Token,ms,avg,32.10
91,1780553885323170560,1780553886323170560,Time to Second Token,ms,min,32.10
91,1780553885323170560,1780553886323170560,Time to Second Token,ms,max,32.10
91,1780553885323170560,1780553886323170560,Time to Second Token,ms,sum,32.10
91,1780553885323170560,1780553886323170560,Time to Second Token,ms,p1,32.10
91,1780553885323170560,1780553886323170560,Time to Second Token,ms,p5,32.10
91,1780553885323170560,1780553886323170560,Time to Second Token,ms,p10,32.10
91,1780553885323170560,1780553886323170560,Time to Second Token,ms,p25,32.10
91,1780553885323170560,1780553886323170560,Time to Second Token,ms,p50,32.10
91,1780553885323170560,1780553886323170560,Time to Second Token,ms,p75,32.10
91,1780553885323170560,1780553886323170560,Time to Second Token,ms,p90,32.10
91,1780553885323170560,1780553886323170560,Time to Second Token,ms,p95,32.10
91,1780553885323170560,1780553886323170560,Time to Second Token,ms,p99,32.10
91,1780553885323170560,1780553886323170560,Time to Second Token,ms,std,0.00
91,1780553885323170560,1780553886323170560,Tokens In Flight,tokens,avg,1430008.12
91,1780553885323170560,1780553886323170560,Tokens In Flight,tokens,min,1429264.19
91,1780553885323170560,1780553886323170560,Tokens In Flight,tokens,max,1469820.60
91,1780553885323170560,1780553886323170560,Tokens In Flight,tokens,p50,1429315.33
91,1780553885323170560,1780553886323170560,Tokens In Flight,tokens,p90,1429358.29
91,1780553885323170560,1780553886323170560,Tokens In Flight,tokens,p95,1429365.45
91,1780553885323170560,1780553886323170560,Tokens In Flight,tokens,p99,1469820.60
91,1780553885323170560,1780553886323170560,Tokens In Flight,tokens,std,5249.21
91,1780553885323170560,1780553886323170560,Total Input Sequence Length,tokens,avg,40451.00
91,1780553885323170560,1780553886323170560,Total Output Sequence Length,tokens,avg,1705.00
91,1780553885323170560,1780553886323170560,Total Output Tokens,tokens,avg,1705.00
91,1780553885323170560,1780553886323170560,Total Token Throughput,tokens/sec,avg,42156.00
91,1780553885323170560,1780553886323170560,Total Usage Completion Tokens,tokens,avg,1705.00
91,1780553885323170560,1780553886323170560,Total Usage Prompt Tokens,tokens,avg,40451.00
91,1780553885323170560,1780553886323170560,Total Usage Total Tokens,tokens,avg,42156.00
91,1780553885323170560,1780553886323170560,Usage Completion Tokens,tokens,avg,1705.00
91,1780553885323170560,1780553886323170560,Usage Completion Tokens,tokens,min,1705.00
91,1780553885323170560,1780553886323170560,Usage Completion Tokens,tokens,max,1705.00
91,1780553885323170560,1780553886323170560,Usage Completion Tokens,tokens,sum,1705.00
91,1780553885323170560,1780553886323170560,Usage Completion Tokens,tokens,p1,1705.00
91,1780553885323170560,1780553886323170560,Usage Completion Tokens,tokens,p5,1705.00
91,1780553885323170560,1780553886323170560,Usage Completion Tokens,tokens,p10,1705.00
91,1780553885323170560,1780553886323170560,Usage Completion Tokens,tokens,p25,1705.00
91,1780553885323170560,1780553886323170560,Usage Completion Tokens,tokens,p50,1705.00
91,1780553885323170560,1780553886323170560,Usage Completion Tokens,tokens,p75,1705.00
91,1780553885323170560,1780553886323170560,Usage Completion Tokens,tokens,p90,1705.00
91,1780553885323170560,1780553886323170560,Usage Completion Tokens,tokens,p95,1705.00
91,1780553885323170560,1780553886323170560,Usage Completion Tokens,tokens,p99,1705.00
91,1780553885323170560,1780553886323170560,Usage Completion Tokens,tokens,std,0.00
91,1780553885323170560,1780553886323170560,Usage Prompt Tokens,tokens,avg,40451.00
91,1780553885323170560,1780553886323170560,Usage Prompt Tokens,tokens,min,40451.00
91,1780553885323170560,1780553886323170560,Usage Prompt Tokens,tokens,max,40451.00
91,1780553885323170560,1780553886323170560,Usage Prompt Tokens,tokens,sum,40451.00
91,1780553885323170560,1780553886323170560,Usage Prompt Tokens,tokens,p1,40451.00
91,1780553885323170560,1780553886323170560,Usage Prompt Tokens,tokens,p5,40451.00
91,1780553885323170560,1780553886323170560,Usage Prompt Tokens,tokens,p10,40451.00
91,1780553885323170560,1780553886323170560,Usage Prompt Tokens,tokens,p25,40451.00
91,1780553885323170560,1780553886323170560,Usage Prompt Tokens,tokens,p50,40451.00
91,1780553885323170560,1780553886323170560,Usage Prompt Tokens,tokens,p75,40451.00
91,1780553885323170560,1780553886323170560,Usage Prompt Tokens,tokens,p90,40451.00
91,1780553885323170560,1780553886323170560,Usage Prompt Tokens,tokens,p95,40451.00
91,1780553885323170560,1780553886323170560,Usage Prompt Tokens,tokens,p99,40451.00
91,1780553885323170560,1780553886323170560,Usage Prompt Tokens,tokens,std,0.00
91,1780553885323170560,1780553886323170560,Usage Total Tokens,tokens,avg,42156.00
91,1780553885323170560,1780553886323170560,Usage Total Tokens,tokens,min,42156.00
91,1780553885323170560,1780553886323170560,Usage Total Tokens,tokens,max,42156.00
91,1780553885323170560,1780553886323170560,Usage Total Tokens,tokens,sum,42156.00
91,1780553885323170560,1780553886323170560,Usage Total Tokens,tokens,p1,42156.00
91,1780553885323170560,1780553886323170560,Usage Total Tokens,tokens,p5,42156.00
91,1780553885323170560,1780553886323170560,Usage Total Tokens,tokens,p10,42156.00
91,1780553885323170560,1780553886323170560,Usage Total Tokens,tokens,p25,42156.00
91,1780553885323170560,1780553886323170560,Usage Total Tokens,tokens,p50,42156.00
91,1780553885323170560,1780553886323170560,Usage Total Tokens,tokens,p75,42156.00
91,1780553885323170560,1780553886323170560,Usage Total Tokens,tokens,p90,42156.00
91,1780553885323170560,1780553886323170560,Usage Total Tokens,tokens,p95,42156.00
91,1780553885323170560,1780553886323170560,Usage Total Tokens,tokens,p99,42156.00
91,1780553885323170560,1780553886323170560,Usage Total Tokens,tokens,std,0.00
92,1780553901323170560,1780553902323170560,Active Decode Throughput,tokens/sec,avg,93.81
92,1780553901323170560,1780553902323170560,Active Decode Throughput,tokens/sec,min,64.63
92,1780553901323170560,1780553902323170560,Active Decode Throughput,tokens/sec,max,132.76
92,1780553901323170560,1780553902323170560,Active Decode Throughput,tokens/sec,p50,90.94
92,1780553901323170560,1780553902323170560,Active Decode Throughput,tokens/sec,p90,106.45
92,1780553901323170560,1780553902323170560,Active Decode Throughput,tokens/sec,p95,106.45
92,1780553901323170560,1780553902323170560,Active Decode Throughput,tokens/sec,p99,106.45
92,1780553901323170560,1780553902323170560,Active Decode Throughput,tokens/sec,std,6.02
92,1780553901323170560,1780553902323170560,Active Decode Throughput Per User,tokens/sec/user,avg,8.38
92,1780553901323170560,1780553902323170560,Active Decode Throughput Per User,tokens/sec/user,min,5.88
92,1780553901323170560,1780553902323170560,Active Decode Throughput Per User,tokens/sec/user,max,11.06
92,1780553901323170560,1780553902323170560,Active Decode Throughput Per User,tokens/sec/user,p50,8.27
92,1780553901323170560,1780553902323170560,Active Decode Throughput Per User,tokens/sec/user,p90,8.87
92,1780553901323170560,1780553902323170560,Active Decode Throughput Per User,tokens/sec/user,p95,8.87
92,1780553901323170560,1780553902323170560,Active Decode Throughput Per User,tokens/sec/user,p99,8.87
92,1780553901323170560,1780553902323170560,Active Decode Throughput Per User,tokens/sec/user,std,0.23
92,1780553901323170560,1780553902323170560,Active Prefill Throughput,tokens/sec,avg,8774.76
92,1780553901323170560,1780553902323170560,Active Prefill Throughput,tokens/sec,min,7222.58
92,1780553901323170560,1780553902323170560,Active Prefill Throughput,tokens/sec,max,11369.04
92,1780553901323170560,1780553902323170560,Active Prefill Throughput,tokens/sec,p50,7669.41
92,1780553901323170560,1780553902323170560,Active Prefill Throughput,tokens/sec,p90,11369.04
92,1780553901323170560,1780553902323170560,Active Prefill Throughput,tokens/sec,p95,11369.04
92,1780553901323170560,1780553902323170560,Active Prefill Throughput,tokens/sec,p99,11369.04
92,1780553901323170560,1780553902323170560,Active Prefill Throughput,tokens/sec,std,1928.94
92,1780553901323170560,1780553902323170560,Active Prefill Throughput Per User,tokens/sec/user,avg,2589.16
92,1780553901323170560,1780553902323170560,Active Prefill Throughput Per User,tokens/sec/user,min,2407.53
92,1780553901323170560,1780553902323170560,Active Prefill Throughput Per User,tokens/sec/user,max,2842.26
92,1780553901323170560,1780553902323170560,Active Prefill Throughput Per User,tokens/sec/user,p50,2556.47
92,1780553901323170560,1780553902323170560,Active Prefill Throughput Per User,tokens/sec/user,p90,2842.26
92,1780553901323170560,1780553902323170560,Active Prefill Throughput Per User,tokens/sec/user,p95,2842.26
92,1780553901323170560,1780553902323170560,Active Prefill Throughput Per User,tokens/sec/user,p99,2842.26
92,1780553901323170560,1780553902323170560,Active Prefill Throughput Per User,tokens/sec/user,std,195.17
92,1780553901323170560,1780553902323170560,Active Total Throughput,tokens/sec,avg,8850.24
92,1780553901323170560,1780553902323170560,Active Total Throughput,tokens/sec,min,7296.43
92,1780553901323170560,1780553902323170560,Active Total Throughput,tokens/sec,max,11442.89
92,1780553901323170560,1780553902323170560,Active Total Throughput,tokens/sec,p50,7752.05
92,1780553901323170560,1780553902323170560,Active Total Throughput,tokens/sec,p90,11442.89
92,1780553901323170560,1780553902323170560,Active Total Throughput,tokens/sec,p95,11442.89
92,1780553901323170560,1780553902323170560,Active Total Throughput,tokens/sec,p99,11442.89
92,1780553901323170560,1780553902323170560,Active Total Throughput,tokens/sec,std,1928.01
92,1780553901323170560,1780553902323170560,Benchmark Duration,sec,avg,222.86
92,1780553901323170560,1780553902323170560,E2E Output Token Throughput,tokens/sec/user,avg,7.81
92,1780553901323170560,1780553902323170560,E2E Output Token Throughput,tokens/sec/user,min,7.81
92,1780553901323170560,1780553902323170560,E2E Output Token Throughput,tokens/sec/user,max,7.81
92,1780553901323170560,1780553902323170560,E2E Output Token Throughput,tokens/sec/user,sum,7.81
92,1780553901323170560,1780553902323170560,E2E Output Token Throughput,tokens/sec/user,p1,7.81
92,1780553901323170560,1780553902323170560,E2E Output Token Throughput,tokens/sec/user,p5,7.81
92,1780553901323170560,1780553902323170560,E2E Output Token Throughput,tokens/sec/user,p10,7.81
92,1780553901323170560,1780553902323170560,E2E Output Token Throughput,tokens/sec/user,p25,7.81
92,1780553901323170560,1780553902323170560,E2E Output Token Throughput,tokens/sec/user,p50,7.81
92,1780553901323170560,1780553902323170560,E2E Output Token Throughput,tokens/sec/user,p75,7.81
92,1780553901323170560,1780553902323170560,E2E Output Token Throughput,tokens/sec/user,p90,7.81
92,1780553901323170560,1780553902323170560,E2E Output Token Throughput,tokens/sec/user,p95,7.81
92,1780553901323170560,1780553902323170560,E2E Output Token Throughput,tokens/sec/user,p99,7.81
92,1780553901323170560,1780553902323170560,E2E Output Token Throughput,tokens/sec/user,std,0.00
92,1780553901323170560,1780553902323170560,Effective Concurrency,requests,avg,14.54
92,1780553901323170560,1780553902323170560,Effective Concurrency,requests,min,14.00
92,1780553901323170560,1780553902323170560,Effective Concurrency,requests,max,15.00
92,1780553901323170560,1780553902323170560,Effective Concurrency,requests,p50,15.00
92,1780553901323170560,1780553902323170560,Effective Concurrency,requests,p90,15.00
92,1780553901323170560,1780553902323170560,Effective Concurrency,requests,p95,15.00
92,1780553901323170560,1780553902323170560,Effective Concurrency,requests,p99,15.00
92,1780553901323170560,1780553902323170560,Effective Concurrency,requests,std,0.50
92,1780553901323170560,1780553902323170560,Effective Decode Concurrency,requests,avg,11.19
92,1780553901323170560,1780553902323170560,Effective Decode Concurrency,requests,min,11.00
92,1780553901323170560,1780553902323170560,Effective Decode Concurrency,requests,max,12.00
92,1780553901323170560,1780553902323170560,Effective Decode Concurrency,requests,p50,11.00
92,1780553901323170560,1780553902323170560,Effective Decode Concurrency,requests,p90,12.00
92,1780553901323170560,1780553902323170560,Effective Decode Concurrency,requests,p95,12.00
92,1780553901323170560,1780553902323170560,Effective Decode Concurrency,requests,p99,12.00
92,1780553901323170560,1780553902323170560,Effective Decode Concurrency,requests,std,0.39
92,1780553901323170560,1780553902323170560,Effective Decode Throughput,tokens/sec,avg,93.81
92,1780553901323170560,1780553902323170560,Effective Decode Throughput,tokens/sec,min,64.63
92,1780553901323170560,1780553902323170560,Effective Decode Throughput,tokens/sec,max,132.76
92,1780553901323170560,1780553902323170560,Effective Decode Throughput,tokens/sec,p50,90.94
92,1780553901323170560,1780553902323170560,Effective Decode Throughput,tokens/sec,p90,106.45
92,1780553901323170560,1780553902323170560,Effective Decode Throughput,tokens/sec,p95,106.45
92,1780553901323170560,1780553902323170560,Effective Decode Throughput,tokens/sec,p99,106.45
92,1780553901323170560,1780553902323170560,Effective Decode Throughput,tokens/sec,std,6.02
92,1780553901323170560,1780553902323170560,Effective Decode Throughput Per User,tokens/sec/user,avg,8.38
92,1780553901323170560,1780553902323170560,Effective Decode Throughput Per User,tokens/sec/user,min,5.88
92,1780553901323170560,1780553902323170560,Effective Decode Throughput Per User,tokens/sec/user,max,11.06
92,1780553901323170560,1780553902323170560,Effective Decode Throughput Per User,tokens/sec/user,p50,8.27
92,1780553901323170560,1780553902323170560,Effective Decode Throughput Per User,tokens/sec/user,p90,8.87
92,1780553901323170560,1780553902323170560,Effective Decode Throughput Per User,tokens/sec/user,p95,8.87
92,1780553901323170560,1780553902323170560,Effective Decode Throughput Per User,tokens/sec/user,p99,8.87
92,1780553901323170560,1780553902323170560,Effective Decode Throughput Per User,tokens/sec/user,std,0.23
92,1780553901323170560,1780553902323170560,Effective Prefill Concurrency,requests,avg,3.35
92,1780553901323170560,1780553902323170560,Effective Prefill Concurrency,requests,min,3.00
92,1780553901323170560,1780553902323170560,Effective Prefill Concurrency,requests,max,4.00
92,1780553901323170560,1780553902323170560,Effective Prefill Concurrency,requests,p50,3.00
92,1780553901323170560,1780553902323170560,Effective Prefill Concurrency,requests,p90,4.00
92,1780553901323170560,1780553902323170560,Effective Prefill Concurrency,requests,p95,4.00
92,1780553901323170560,1780553902323170560,Effective Prefill Concurrency,requests,p99,4.00
92,1780553901323170560,1780553902323170560,Effective Prefill Concurrency,requests,std,0.48
92,1780553901323170560,1780553902323170560,Effective Prefill Throughput,tokens/sec,avg,8774.76
92,1780553901323170560,1780553902323170560,Effective Prefill Throughput,tokens/sec,min,7222.58
92,1780553901323170560,1780553902323170560,Effective Prefill Throughput,tokens/sec,max,11369.04
92,1780553901323170560,1780553902323170560,Effective Prefill Throughput,tokens/sec,p50,7669.41
92,1780553901323170560,1780553902323170560,Effective Prefill Throughput,tokens/sec,p90,11369.04
92,1780553901323170560,1780553902323170560,Effective Prefill Throughput,tokens/sec,p95,11369.04
92,1780553901323170560,1780553902323170560,Effective Prefill Throughput,tokens/sec,p99,11369.04
92,1780553901323170560,1780553902323170560,Effective Prefill Throughput,tokens/sec,std,1928.94
92,1780553901323170560,1780553902323170560,Effective Prefill Throughput Per User,tokens/sec/user,avg,2589.16
92,1780553901323170560,1780553902323170560,Effective Prefill Throughput Per User,tokens/sec/user,min,2407.53
92,1780553901323170560,1780553902323170560,Effective Prefill Throughput Per User,tokens/sec/user,max,2842.26
92,1780553901323170560,1780553902323170560,Effective Prefill Throughput Per User,tokens/sec/user,p50,2556.47
92,1780553901323170560,1780553902323170560,Effective Prefill Throughput Per User,tokens/sec/user,p90,2842.26
92,1780553901323170560,1780553902323170560,Effective Prefill Throughput Per User,tokens/sec/user,p95,2842.26
92,1780553901323170560,1780553902323170560,Effective Prefill Throughput Per User,tokens/sec/user,p99,2842.26
92,1780553901323170560,1780553902323170560,Effective Prefill Throughput Per User,tokens/sec/user,std,195.17
92,1780553901323170560,1780553902323170560,Effective Total Throughput,tokens/sec,avg,8850.24
92,1780553901323170560,1780553902323170560,Effective Total Throughput,tokens/sec,min,7296.43
92,1780553901323170560,1780553902323170560,Effective Total Throughput,tokens/sec,max,11442.89
92,1780553901323170560,1780553902323170560,Effective Total Throughput,tokens/sec,p50,7752.05
92,1780553901323170560,1780553902323170560,Effective Total Throughput,tokens/sec,p90,11442.89
92,1780553901323170560,1780553902323170560,Effective Total Throughput,tokens/sec,p95,11442.89
92,1780553901323170560,1780553902323170560,Effective Total Throughput,tokens/sec,p99,11442.89
92,1780553901323170560,1780553902323170560,Effective Total Throughput,tokens/sec,std,1928.01
92,1780553901323170560,1780553902323170560,HTTP Blocked,ms,avg,0.00
92,1780553901323170560,1780553902323170560,HTTP Blocked,ms,min,0.00
92,1780553901323170560,1780553902323170560,HTTP Blocked,ms,max,0.00
92,1780553901323170560,1780553902323170560,HTTP Blocked,ms,sum,0.00
92,1780553901323170560,1780553902323170560,HTTP Blocked,ms,p1,0.00
92,1780553901323170560,1780553902323170560,HTTP Blocked,ms,p5,0.00
92,1780553901323170560,1780553902323170560,HTTP Blocked,ms,p10,0.00
92,1780553901323170560,1780553902323170560,HTTP Blocked,ms,p25,0.00
92,1780553901323170560,1780553902323170560,HTTP Blocked,ms,p50,0.00
92,1780553901323170560,1780553902323170560,HTTP Blocked,ms,p75,0.00
92,1780553901323170560,1780553902323170560,HTTP Blocked,ms,p90,0.00
92,1780553901323170560,1780553902323170560,HTTP Blocked,ms,p95,0.00
92,1780553901323170560,1780553902323170560,HTTP Blocked,ms,p99,0.00
92,1780553901323170560,1780553902323170560,HTTP Blocked,ms,std,0.00
92,1780553901323170560,1780553902323170560,HTTP Chunks Received,count,avg,1740.00
92,1780553901323170560,1780553902323170560,HTTP Chunks Received,count,min,1740.00
92,1780553901323170560,1780553902323170560,HTTP Chunks Received,count,max,1740.00
92,1780553901323170560,1780553902323170560,HTTP Chunks Received,count,sum,1740.00
92,1780553901323170560,1780553902323170560,HTTP Chunks Received,count,p1,1740.00
92,1780553901323170560,1780553902323170560,HTTP Chunks Received,count,p5,1740.00
92,1780553901323170560,1780553902323170560,HTTP Chunks Received,count,p10,1740.00
92,1780553901323170560,1780553902323170560,HTTP Chunks Received,count,p25,1740.00
92,1780553901323170560,1780553902323170560,HTTP Chunks Received,count,p50,1740.00
92,1780553901323170560,1780553902323170560,HTTP Chunks Received,count,p75,1740.00
92,1780553901323170560,1780553902323170560,HTTP Chunks Received,count,p90,1740.00
92,1780553901323170560,1780553902323170560,HTTP Chunks Received,count,p95,1740.00
92,1780553901323170560,1780553902323170560,HTTP Chunks Received,count,p99,1740.00
92,1780553901323170560,1780553902323170560,HTTP Chunks Received,count,std,0.00
92,1780553901323170560,1780553902323170560,HTTP Chunks Sent,count,avg,1.00
92,1780553901323170560,1780553902323170560,HTTP Chunks Sent,count,min,1.00
92,1780553901323170560,1780553902323170560,HTTP Chunks Sent,count,max,1.00
92,1780553901323170560,1780553902323170560,HTTP Chunks Sent,count,sum,1.00
92,1780553901323170560,1780553902323170560,HTTP Chunks Sent,count,p1,1.00
92,1780553901323170560,1780553902323170560,HTTP Chunks Sent,count,p5,1.00
92,1780553901323170560,1780553902323170560,HTTP Chunks Sent,count,p10,1.00
92,1780553901323170560,1780553902323170560,HTTP Chunks Sent,count,p25,1.00
92,1780553901323170560,1780553902323170560,HTTP Chunks Sent,count,p50,1.00
92,1780553901323170560,1780553902323170560,HTTP Chunks Sent,count,p75,1.00
92,1780553901323170560,1780553902323170560,HTTP Chunks Sent,count,p90,1.00
92,1780553901323170560,1780553902323170560,HTTP Chunks Sent,count,p95,1.00
92,1780553901323170560,1780553902323170560,HTTP Chunks Sent,count,p99,1.00
92,1780553901323170560,1780553902323170560,HTTP Chunks Sent,count,std,0.00
92,1780553901323170560,1780553902323170560,HTTP Connecting,ms,avg,1.16
92,1780553901323170560,1780553902323170560,HTTP Connecting,ms,min,1.16
92,1780553901323170560,1780553902323170560,HTTP Connecting,ms,max,1.16
92,1780553901323170560,1780553902323170560,HTTP Connecting,ms,sum,1.16
92,1780553901323170560,1780553902323170560,HTTP Connecting,ms,p1,1.16
92,1780553901323170560,1780553902323170560,HTTP Connecting,ms,p5,1.16
92,1780553901323170560,1780553902323170560,HTTP Connecting,ms,p10,1.16
92,1780553901323170560,1780553902323170560,HTTP Connecting,ms,p25,1.16
92,1780553901323170560,1780553902323170560,HTTP Connecting,ms,p50,1.16
92,1780553901323170560,1780553902323170560,HTTP Connecting,ms,p75,1.16
92,1780553901323170560,1780553902323170560,HTTP Connecting,ms,p90,1.16
92,1780553901323170560,1780553902323170560,HTTP Connecting,ms,p95,1.16
92,1780553901323170560,1780553902323170560,HTTP Connecting,ms,p99,1.16
92,1780553901323170560,1780553902323170560,HTTP Connecting,ms,std,0.00
92,1780553901323170560,1780553902323170560,HTTP Connection Overhead,ms,avg,1.64
92,1780553901323170560,1780553902323170560,HTTP Connection Overhead,ms,min,1.64
92,1780553901323170560,1780553902323170560,HTTP Connection Overhead,ms,max,1.64
92,1780553901323170560,1780553902323170560,HTTP Connection Overhead,ms,sum,1.64
92,1780553901323170560,1780553902323170560,HTTP Connection Overhead,ms,p1,1.64
92,1780553901323170560,1780553902323170560,HTTP Connection Overhead,ms,p5,1.64
92,1780553901323170560,1780553902323170560,HTTP Connection Overhead,ms,p10,1.64
92,1780553901323170560,1780553902323170560,HTTP Connection Overhead,ms,p25,1.64
92,1780553901323170560,1780553902323170560,HTTP Connection Overhead,ms,p50,1.64
92,1780553901323170560,1780553902323170560,HTTP Connection Overhead,ms,p75,1.64
92,1780553901323170560,1780553902323170560,HTTP Connection Overhead,ms,p90,1.64
92,1780553901323170560,1780553902323170560,HTTP Connection Overhead,ms,p95,1.64
92,1780553901323170560,1780553902323170560,HTTP Connection Overhead,ms,p99,1.64
92,1780553901323170560,1780553902323170560,HTTP Connection Overhead,ms,std,0.00
92,1780553901323170560,1780553902323170560,HTTP Connection Reused,ratio,avg,0.00
92,1780553901323170560,1780553902323170560,HTTP Connection Reused,ratio,min,0.00
92,1780553901323170560,1780553902323170560,HTTP Connection Reused,ratio,max,0.00
92,1780553901323170560,1780553902323170560,HTTP Connection Reused,ratio,sum,0.00
92,1780553901323170560,1780553902323170560,HTTP Connection Reused,ratio,p1,0.00
92,1780553901323170560,1780553902323170560,HTTP Connection Reused,ratio,p5,0.00
92,1780553901323170560,1780553902323170560,HTTP Connection Reused,ratio,p10,0.00
92,1780553901323170560,1780553902323170560,HTTP Connection Reused,ratio,p25,0.00
92,1780553901323170560,1780553902323170560,HTTP Connection Reused,ratio,p50,0.00
92,1780553901323170560,1780553902323170560,HTTP Connection Reused,ratio,p75,0.00
92,1780553901323170560,1780553902323170560,HTTP Connection Reused,ratio,p90,0.00
92,1780553901323170560,1780553902323170560,HTTP Connection Reused,ratio,p95,0.00
92,1780553901323170560,1780553902323170560,HTTP Connection Reused,ratio,p99,0.00
92,1780553901323170560,1780553902323170560,HTTP Connection Reused,ratio,std,0.00
92,1780553901323170560,1780553902323170560,HTTP Data Received,KB,avg,432.66
92,1780553901323170560,1780553902323170560,HTTP Data Received,KB,min,432.66
92,1780553901323170560,1780553902323170560,HTTP Data Received,KB,max,432.66
92,1780553901323170560,1780553902323170560,HTTP Data Received,KB,sum,432.66
92,1780553901323170560,1780553902323170560,HTTP Data Received,KB,p1,432.66
92,1780553901323170560,1780553902323170560,HTTP Data Received,KB,p5,432.66
92,1780553901323170560,1780553902323170560,HTTP Data Received,KB,p10,432.66
92,1780553901323170560,1780553902323170560,HTTP Data Received,KB,p25,432.66
92,1780553901323170560,1780553902323170560,HTTP Data Received,KB,p50,432.66
92,1780553901323170560,1780553902323170560,HTTP Data Received,KB,p75,432.66
92,1780553901323170560,1780553902323170560,HTTP Data Received,KB,p90,432.66
92,1780553901323170560,1780553902323170560,HTTP Data Received,KB,p95,432.66
92,1780553901323170560,1780553902323170560,HTTP Data Received,KB,p99,432.66
92,1780553901323170560,1780553902323170560,HTTP Data Received,KB,std,0.00
92,1780553901323170560,1780553902323170560,HTTP Data Sent,KB,avg,488.12
92,1780553901323170560,1780553902323170560,HTTP Data Sent,KB,min,488.12
92,1780553901323170560,1780553902323170560,HTTP Data Sent,KB,max,488.12
92,1780553901323170560,1780553902323170560,HTTP Data Sent,KB,sum,488.12
92,1780553901323170560,1780553902323170560,HTTP Data Sent,KB,p1,488.12
92,1780553901323170560,1780553902323170560,HTTP Data Sent,KB,p5,488.12
92,1780553901323170560,1780553902323170560,HTTP Data Sent,KB,p10,488.12
92,1780553901323170560,1780553902323170560,HTTP Data Sent,KB,p25,488.12
92,1780553901323170560,1780553902323170560,HTTP Data Sent,KB,p50,488.12
92,1780553901323170560,1780553902323170560,HTTP Data Sent,KB,p75,488.12
92,1780553901323170560,1780553902323170560,HTTP Data Sent,KB,p90,488.12
92,1780553901323170560,1780553902323170560,HTTP Data Sent,KB,p95,488.12
92,1780553901323170560,1780553902323170560,HTTP Data Sent,KB,p99,488.12
92,1780553901323170560,1780553902323170560,HTTP Data Sent,KB,std,0.00
92,1780553901323170560,1780553902323170560,HTTP DNS Lookup,ms,avg,0.48
92,1780553901323170560,1780553902323170560,HTTP DNS Lookup,ms,min,0.48
92,1780553901323170560,1780553902323170560,HTTP DNS Lookup,ms,max,0.48
92,1780553901323170560,1780553902323170560,HTTP DNS Lookup,ms,sum,0.48
92,1780553901323170560,1780553902323170560,HTTP DNS Lookup,ms,p1,0.48
92,1780553901323170560,1780553902323170560,HTTP DNS Lookup,ms,p5,0.48
92,1780553901323170560,1780553902323170560,HTTP DNS Lookup,ms,p10,0.48
92,1780553901323170560,1780553902323170560,HTTP DNS Lookup,ms,p25,0.48
92,1780553901323170560,1780553902323170560,HTTP DNS Lookup,ms,p50,0.48
92,1780553901323170560,1780553902323170560,HTTP DNS Lookup,ms,p75,0.48
92,1780553901323170560,1780553902323170560,HTTP DNS Lookup,ms,p90,0.48
92,1780553901323170560,1780553902323170560,HTTP DNS Lookup,ms,p95,0.48
92,1780553901323170560,1780553902323170560,HTTP DNS Lookup,ms,p99,0.48
92,1780553901323170560,1780553902323170560,HTTP DNS Lookup,ms,std,0.00
92,1780553901323170560,1780553902323170560,HTTP Duration (excl. conn),ms,avg,222937.41
92,1780553901323170560,1780553902323170560,HTTP Duration (excl. conn),ms,min,222937.41
92,1780553901323170560,1780553902323170560,HTTP Duration (excl. conn),ms,max,222937.41
92,1780553901323170560,1780553902323170560,HTTP Duration (excl. conn),ms,sum,222937.41
92,1780553901323170560,1780553902323170560,HTTP Duration (excl. conn),ms,p1,222937.41
92,1780553901323170560,1780553902323170560,HTTP Duration (excl. conn),ms,p5,222937.41
92,1780553901323170560,1780553902323170560,HTTP Duration (excl. conn),ms,p10,222937.41
92,1780553901323170560,1780553902323170560,HTTP Duration (excl. conn),ms,p25,222937.41
92,1780553901323170560,1780553902323170560,HTTP Duration (excl. conn),ms,p50,222937.41
92,1780553901323170560,1780553902323170560,HTTP Duration (excl. conn),ms,p75,222937.41
92,1780553901323170560,1780553902323170560,HTTP Duration (excl. conn),ms,p90,222937.41
92,1780553901323170560,1780553902323170560,HTTP Duration (excl. conn),ms,p95,222937.41
92,1780553901323170560,1780553902323170560,HTTP Duration (excl. conn),ms,p99,222937.41
92,1780553901323170560,1780553902323170560,HTTP Duration (excl. conn),ms,std,0.00
92,1780553901323170560,1780553902323170560,HTTP Receiving,ms,avg,192868.07
92,1780553901323170560,1780553902323170560,HTTP Receiving,ms,min,192868.07
92,1780553901323170560,1780553902323170560,HTTP Receiving,ms,max,192868.07
92,1780553901323170560,1780553902323170560,HTTP Receiving,ms,sum,192868.07
92,1780553901323170560,1780553902323170560,HTTP Receiving,ms,p1,192868.07
92,1780553901323170560,1780553902323170560,HTTP Receiving,ms,p5,192868.07
92,1780553901323170560,1780553902323170560,HTTP Receiving,ms,p10,192868.07
92,1780553901323170560,1780553902323170560,HTTP Receiving,ms,p25,192868.07
92,1780553901323170560,1780553902323170560,HTTP Receiving,ms,p50,192868.07
92,1780553901323170560,1780553902323170560,HTTP Receiving,ms,p75,192868.07
92,1780553901323170560,1780553902323170560,HTTP Receiving,ms,p90,192868.07
92,1780553901323170560,1780553902323170560,HTTP Receiving,ms,p95,192868.07
92,1780553901323170560,1780553902323170560,HTTP Receiving,ms,p99,192868.07
92,1780553901323170560,1780553902323170560,HTTP Receiving,ms,std,0.00
92,1780553901323170560,1780553902323170560,HTTP Sending,ms,avg,1.46
92,1780553901323170560,1780553902323170560,HTTP Sending,ms,min,1.46
92,1780553901323170560,1780553902323170560,HTTP Sending,ms,max,1.46
92,1780553901323170560,1780553902323170560,HTTP Sending,ms,sum,1.46
92,1780553901323170560,1780553902323170560,HTTP Sending,ms,p1,1.46
92,1780553901323170560,1780553902323170560,HTTP Sending,ms,p5,1.46
92,1780553901323170560,1780553902323170560,HTTP Sending,ms,p10,1.46
92,1780553901323170560,1780553902323170560,HTTP Sending,ms,p25,1.46
92,1780553901323170560,1780553902323170560,HTTP Sending,ms,p50,1.46
92,1780553901323170560,1780553902323170560,HTTP Sending,ms,p75,1.46
92,1780553901323170560,1780553902323170560,HTTP Sending,ms,p90,1.46
92,1780553901323170560,1780553902323170560,HTTP Sending,ms,p95,1.46
92,1780553901323170560,1780553902323170560,HTTP Sending,ms,p99,1.46
92,1780553901323170560,1780553902323170560,HTTP Sending,ms,std,0.00
92,1780553901323170560,1780553902323170560,HTTP Total Time,ms,avg,222939.05
92,1780553901323170560,1780553902323170560,HTTP Total Time,ms,min,222939.05
92,1780553901323170560,1780553902323170560,HTTP Total Time,ms,max,222939.05
92,1780553901323170560,1780553902323170560,HTTP Total Time,ms,sum,222939.05
92,1780553901323170560,1780553902323170560,HTTP Total Time,ms,p1,222939.05
92,1780553901323170560,1780553902323170560,HTTP Total Time,ms,p5,222939.05
92,1780553901323170560,1780553902323170560,HTTP Total Time,ms,p10,222939.05
92,1780553901323170560,1780553902323170560,HTTP Total Time,ms,p25,222939.05
92,1780553901323170560,1780553902323170560,HTTP Total Time,ms,p50,222939.05
92,1780553901323170560,1780553902323170560,HTTP Total Time,ms,p75,222939.05
92,1780553901323170560,1780553902323170560,HTTP Total Time,ms,p90,222939.05
92,1780553901323170560,1780553902323170560,HTTP Total Time,ms,p95,222939.05
92,1780553901323170560,1780553902323170560,HTTP Total Time,ms,p99,222939.05
92,1780553901323170560,1780553902323170560,HTTP Total Time,ms,std,0.00
92,1780553901323170560,1780553902323170560,HTTP Waiting (TTFB),ms,avg,30067.88
92,1780553901323170560,1780553902323170560,HTTP Waiting (TTFB),ms,min,30067.88
92,1780553901323170560,1780553902323170560,HTTP Waiting (TTFB),ms,max,30067.88
92,1780553901323170560,1780553902323170560,HTTP Waiting (TTFB),ms,sum,30067.88
92,1780553901323170560,1780553902323170560,HTTP Waiting (TTFB),ms,p1,30067.88
92,1780553901323170560,1780553902323170560,HTTP Waiting (TTFB),ms,p5,30067.88
92,1780553901323170560,1780553902323170560,HTTP Waiting (TTFB),ms,p10,30067.88
92,1780553901323170560,1780553902323170560,HTTP Waiting (TTFB),ms,p25,30067.88
92,1780553901323170560,1780553902323170560,HTTP Waiting (TTFB),ms,p50,30067.88
92,1780553901323170560,1780553902323170560,HTTP Waiting (TTFB),ms,p75,30067.88
92,1780553901323170560,1780553902323170560,HTTP Waiting (TTFB),ms,p90,30067.88
92,1780553901323170560,1780553902323170560,HTTP Waiting (TTFB),ms,p95,30067.88
92,1780553901323170560,1780553902323170560,HTTP Waiting (TTFB),ms,p99,30067.88
92,1780553901323170560,1780553902323170560,HTTP Waiting (TTFB),ms,std,0.00
92,1780553901323170560,1780553902323170560,Input Sequence Length,tokens,avg,124682.00
92,1780553901323170560,1780553902323170560,Input Sequence Length,tokens,min,124682.00
92,1780553901323170560,1780553902323170560,Input Sequence Length,tokens,max,124682.00
92,1780553901323170560,1780553902323170560,Input Sequence Length,tokens,sum,124682.00
92,1780553901323170560,1780553902323170560,Input Sequence Length,tokens,p1,124682.00
92,1780553901323170560,1780553902323170560,Input Sequence Length,tokens,p5,124682.00
92,1780553901323170560,1780553902323170560,Input Sequence Length,tokens,p10,124682.00
92,1780553901323170560,1780553902323170560,Input Sequence Length,tokens,p25,124682.00
92,1780553901323170560,1780553902323170560,Input Sequence Length,tokens,p50,124682.00
92,1780553901323170560,1780553902323170560,Input Sequence Length,tokens,p75,124682.00
92,1780553901323170560,1780553902323170560,Input Sequence Length,tokens,p90,124682.00
92,1780553901323170560,1780553902323170560,Input Sequence Length,tokens,p95,124682.00
92,1780553901323170560,1780553902323170560,Input Sequence Length,tokens,p99,124682.00
92,1780553901323170560,1780553902323170560,Input Sequence Length,tokens,std,0.00
92,1780553901323170560,1780553902323170560,Input Token Throughput,tokens/sec,avg,124682.00
92,1780553901323170560,1780553902323170560,Inter Chunk Latency,ms,avg,67.61
92,1780553901323170560,1780553902323170560,Inter Chunk Latency,ms,min,67.57
92,1780553901323170560,1780553902323170560,Inter Chunk Latency,ms,max,67.64
92,1780553901323170560,1780553902323170560,Inter Chunk Latency,ms,sum,114865.41
92,1780553901323170560,1780553902323170560,Inter Chunk Latency,ms,p1,67.58
92,1780553901323170560,1780553902323170560,Inter Chunk Latency,ms,p5,67.58
92,1780553901323170560,1780553902323170560,Inter Chunk Latency,ms,p10,67.58
92,1780553901323170560,1780553902323170560,Inter Chunk Latency,ms,p25,67.59
92,1780553901323170560,1780553902323170560,Inter Chunk Latency,ms,p50,67.61
92,1780553901323170560,1780553902323170560,Inter Chunk Latency,ms,p75,67.62
92,1780553901323170560,1780553902323170560,Inter Chunk Latency,ms,p90,67.63
92,1780553901323170560,1780553902323170560,Inter Chunk Latency,ms,p95,67.64
92,1780553901323170560,1780553902323170560,Inter Chunk Latency,ms,p99,67.64
92,1780553901323170560,1780553902323170560,Inter Chunk Latency,ms,std,0.02
92,1780553901323170560,1780553902323170560,Inter Token Latency,ms,avg,110.87
92,1780553901323170560,1780553902323170560,Inter Token Latency,ms,min,110.87
92,1780553901323170560,1780553902323170560,Inter Token Latency,ms,max,110.87
92,1780553901323170560,1780553902323170560,Inter Token Latency,ms,sum,110.87
92,1780553901323170560,1780553902323170560,Inter Token Latency,ms,p1,110.87
92,1780553901323170560,1780553902323170560,Inter Token Latency,ms,p5,110.87
92,1780553901323170560,1780553902323170560,Inter Token Latency,ms,p10,110.87
92,1780553901323170560,1780553902323170560,Inter Token Latency,ms,p25,110.87
92,1780553901323170560,1780553902323170560,Inter Token Latency,ms,p50,110.87
92,1780553901323170560,1780553902323170560,Inter Token Latency,ms,p75,110.87
92,1780553901323170560,1780553902323170560,Inter Token Latency,ms,p90,110.87
92,1780553901323170560,1780553902323170560,Inter Token Latency,ms,p95,110.87
92,1780553901323170560,1780553902323170560,Inter Token Latency,ms,p99,110.87
92,1780553901323170560,1780553902323170560,Inter Token Latency,ms,std,0.00
92,1780553901323170560,1780553902323170560,Maximum Response Timestamp,ns,avg,1780554124648515584.00
92,1780553901323170560,1780553902323170560,Minimum Request Timestamp,ns,avg,1780553901783671296.00
92,1780553901323170560,1780553902323170560,OSL Mismatch Count,requests,avg,0.00
92,1780553901323170560,1780553902323170560,OSL Mismatch Diff %,%,avg,0.00
92,1780553901323170560,1780553902323170560,OSL Mismatch Diff %,%,min,0.00
92,1780553901323170560,1780553902323170560,OSL Mismatch Diff %,%,max,0.00
92,1780553901323170560,1780553902323170560,OSL Mismatch Diff %,%,sum,0.00
92,1780553901323170560,1780553902323170560,OSL Mismatch Diff %,%,p1,0.00
92,1780553901323170560,1780553902323170560,OSL Mismatch Diff %,%,p5,0.00
92,1780553901323170560,1780553902323170560,OSL Mismatch Diff %,%,p10,0.00
92,1780553901323170560,1780553902323170560,OSL Mismatch Diff %,%,p25,0.00
92,1780553901323170560,1780553902323170560,OSL Mismatch Diff %,%,p50,0.00
92,1780553901323170560,1780553902323170560,OSL Mismatch Diff %,%,p75,0.00
92,1780553901323170560,1780553902323170560,OSL Mismatch Diff %,%,p90,0.00
92,1780553901323170560,1780553902323170560,OSL Mismatch Diff %,%,p95,0.00
92,1780553901323170560,1780553902323170560,OSL Mismatch Diff %,%,p99,0.00
92,1780553901323170560,1780553902323170560,OSL Mismatch Diff %,%,std,0.00
92,1780553901323170560,1780553902323170560,Output Sequence Length,tokens,avg,1740.00
92,1780553901323170560,1780553902323170560,Output Sequence Length,tokens,min,1740.00
92,1780553901323170560,1780553902323170560,Output Sequence Length,tokens,max,1740.00
92,1780553901323170560,1780553902323170560,Output Sequence Length,tokens,sum,1740.00
92,1780553901323170560,1780553902323170560,Output Sequence Length,tokens,p1,1740.00
92,1780553901323170560,1780553902323170560,Output Sequence Length,tokens,p5,1740.00
92,1780553901323170560,1780553902323170560,Output Sequence Length,tokens,p10,1740.00
92,1780553901323170560,1780553902323170560,Output Sequence Length,tokens,p25,1740.00
92,1780553901323170560,1780553902323170560,Output Sequence Length,tokens,p50,1740.00
92,1780553901323170560,1780553902323170560,Output Sequence Length,tokens,p75,1740.00
92,1780553901323170560,1780553902323170560,Output Sequence Length,tokens,p90,1740.00
92,1780553901323170560,1780553902323170560,Output Sequence Length,tokens,p95,1740.00
92,1780553901323170560,1780553902323170560,Output Sequence Length,tokens,p99,1740.00
92,1780553901323170560,1780553902323170560,Output Sequence Length,tokens,std,0.00
92,1780553901323170560,1780553902323170560,Output Token Count,tokens,avg,1740.00
92,1780553901323170560,1780553902323170560,Output Token Count,tokens,min,1740.00
92,1780553901323170560,1780553902323170560,Output Token Count,tokens,max,1740.00
92,1780553901323170560,1780553902323170560,Output Token Count,tokens,sum,1740.00
92,1780553901323170560,1780553902323170560,Output Token Count,tokens,p1,1740.00
92,1780553901323170560,1780553902323170560,Output Token Count,tokens,p5,1740.00
92,1780553901323170560,1780553902323170560,Output Token Count,tokens,p10,1740.00
92,1780553901323170560,1780553902323170560,Output Token Count,tokens,p25,1740.00
92,1780553901323170560,1780553902323170560,Output Token Count,tokens,p50,1740.00
92,1780553901323170560,1780553902323170560,Output Token Count,tokens,p75,1740.00
92,1780553901323170560,1780553902323170560,Output Token Count,tokens,p90,1740.00
92,1780553901323170560,1780553902323170560,Output Token Count,tokens,p95,1740.00
92,1780553901323170560,1780553902323170560,Output Token Count,tokens,p99,1740.00
92,1780553901323170560,1780553902323170560,Output Token Count,tokens,std,0.00
92,1780553901323170560,1780553902323170560,Output Token Throughput,tokens/sec,avg,1740.00
92,1780553901323170560,1780553902323170560,Output Token Throughput Per User,tokens/sec/user,avg,9.02
92,1780553901323170560,1780553902323170560,Output Token Throughput Per User,tokens/sec/user,min,9.02
92,1780553901323170560,1780553902323170560,Output Token Throughput Per User,tokens/sec/user,max,9.02
92,1780553901323170560,1780553902323170560,Output Token Throughput Per User,tokens/sec/user,sum,9.02
92,1780553901323170560,1780553902323170560,Output Token Throughput Per User,tokens/sec/user,p1,9.02
92,1780553901323170560,1780553902323170560,Output Token Throughput Per User,tokens/sec/user,p5,9.02
92,1780553901323170560,1780553902323170560,Output Token Throughput Per User,tokens/sec/user,p10,9.02
92,1780553901323170560,1780553902323170560,Output Token Throughput Per User,tokens/sec/user,p25,9.02
92,1780553901323170560,1780553902323170560,Output Token Throughput Per User,tokens/sec/user,p50,9.02
92,1780553901323170560,1780553902323170560,Output Token Throughput Per User,tokens/sec/user,p75,9.02
92,1780553901323170560,1780553902323170560,Output Token Throughput Per User,tokens/sec/user,p90,9.02
92,1780553901323170560,1780553902323170560,Output Token Throughput Per User,tokens/sec/user,p95,9.02
92,1780553901323170560,1780553902323170560,Output Token Throughput Per User,tokens/sec/user,p99,9.02
92,1780553901323170560,1780553902323170560,Output Token Throughput Per User,tokens/sec/user,std,0.00
92,1780553901323170560,1780553902323170560,Prefill Throughput Per User,tokens/sec/user,avg,4146.46
92,1780553901323170560,1780553902323170560,Prefill Throughput Per User,tokens/sec/user,min,4146.46
92,1780553901323170560,1780553902323170560,Prefill Throughput Per User,tokens/sec/user,max,4146.46
92,1780553901323170560,1780553902323170560,Prefill Throughput Per User,tokens/sec/user,sum,4146.46
92,1780553901323170560,1780553902323170560,Prefill Throughput Per User,tokens/sec/user,p1,4146.46
92,1780553901323170560,1780553902323170560,Prefill Throughput Per User,tokens/sec/user,p5,4146.46
92,1780553901323170560,1780553902323170560,Prefill Throughput Per User,tokens/sec/user,p10,4146.46
92,1780553901323170560,1780553902323170560,Prefill Throughput Per User,tokens/sec/user,p25,4146.46
92,1780553901323170560,1780553902323170560,Prefill Throughput Per User,tokens/sec/user,p50,4146.46
92,1780553901323170560,1780553902323170560,Prefill Throughput Per User,tokens/sec/user,p75,4146.46
92,1780553901323170560,1780553902323170560,Prefill Throughput Per User,tokens/sec/user,p90,4146.46
92,1780553901323170560,1780553902323170560,Prefill Throughput Per User,tokens/sec/user,p95,4146.46
92,1780553901323170560,1780553902323170560,Prefill Throughput Per User,tokens/sec/user,p99,4146.46
92,1780553901323170560,1780553902323170560,Prefill Throughput Per User,tokens/sec/user,std,0.00
92,1780553901323170560,1780553902323170560,Request Count,requests,avg,1.00
92,1780553901323170560,1780553902323170560,Request Latency,ms,avg,222864.84
92,1780553901323170560,1780553902323170560,Request Latency,ms,min,222864.84
92,1780553901323170560,1780553902323170560,Request Latency,ms,max,222864.84
92,1780553901323170560,1780553902323170560,Request Latency,ms,sum,222864.84
92,1780553901323170560,1780553902323170560,Request Latency,ms,p1,222864.84
92,1780553901323170560,1780553902323170560,Request Latency,ms,p5,222864.84
92,1780553901323170560,1780553902323170560,Request Latency,ms,p10,222864.84
92,1780553901323170560,1780553902323170560,Request Latency,ms,p25,222864.84
92,1780553901323170560,1780553902323170560,Request Latency,ms,p50,222864.84
92,1780553901323170560,1780553902323170560,Request Latency,ms,p75,222864.84
92,1780553901323170560,1780553902323170560,Request Latency,ms,p90,222864.84
92,1780553901323170560,1780553902323170560,Request Latency,ms,p95,222864.84
92,1780553901323170560,1780553902323170560,Request Latency,ms,p99,222864.84
92,1780553901323170560,1780553902323170560,Request Latency,ms,std,0.00
92,1780553901323170560,1780553902323170560,Request Throughput,requests/sec,avg,1.00
92,1780553901323170560,1780553902323170560,Requested OSL,tokens,avg,1740.00
92,1780553901323170560,1780553902323170560,Requested OSL,tokens,min,1740.00
92,1780553901323170560,1780553902323170560,Requested OSL,tokens,max,1740.00
92,1780553901323170560,1780553902323170560,Requested OSL,tokens,sum,1740.00
92,1780553901323170560,1780553902323170560,Requested OSL,tokens,p1,1740.00
92,1780553901323170560,1780553902323170560,Requested OSL,tokens,p5,1740.00
92,1780553901323170560,1780553902323170560,Requested OSL,tokens,p10,1740.00
92,1780553901323170560,1780553902323170560,Requested OSL,tokens,p25,1740.00
92,1780553901323170560,1780553902323170560,Requested OSL,tokens,p50,1740.00
92,1780553901323170560,1780553902323170560,Requested OSL,tokens,p75,1740.00
92,1780553901323170560,1780553902323170560,Requested OSL,tokens,p90,1740.00
92,1780553901323170560,1780553902323170560,Requested OSL,tokens,p95,1740.00
92,1780553901323170560,1780553902323170560,Requested OSL,tokens,p99,1740.00
92,1780553901323170560,1780553902323170560,Requested OSL,tokens,std,0.00
92,1780553901323170560,1780553902323170560,Time to First Output Token,ms,avg,30069.47
92,1780553901323170560,1780553902323170560,Time to First Output Token,ms,min,30069.47
92,1780553901323170560,1780553902323170560,Time to First Output Token,ms,max,30069.47
92,1780553901323170560,1780553902323170560,Time to First Output Token,ms,sum,30069.47
92,1780553901323170560,1780553902323170560,Time to First Output Token,ms,p1,30069.47
92,1780553901323170560,1780553902323170560,Time to First Output Token,ms,p5,30069.47
92,1780553901323170560,1780553902323170560,Time to First Output Token,ms,p10,30069.47
92,1780553901323170560,1780553902323170560,Time to First Output Token,ms,p25,30069.47
92,1780553901323170560,1780553902323170560,Time to First Output Token,ms,p50,30069.47
92,1780553901323170560,1780553902323170560,Time to First Output Token,ms,p75,30069.47
92,1780553901323170560,1780553902323170560,Time to First Output Token,ms,p90,30069.47
92,1780553901323170560,1780553902323170560,Time to First Output Token,ms,p95,30069.47
92,1780553901323170560,1780553902323170560,Time to First Output Token,ms,p99,30069.47
92,1780553901323170560,1780553902323170560,Time to First Output Token,ms,std,0.00
92,1780553901323170560,1780553902323170560,Time to First Token,ms,avg,30069.47
92,1780553901323170560,1780553902323170560,Time to First Token,ms,min,30069.47
92,1780553901323170560,1780553902323170560,Time to First Token,ms,max,30069.47
92,1780553901323170560,1780553902323170560,Time to First Token,ms,sum,30069.47
92,1780553901323170560,1780553902323170560,Time to First Token,ms,p1,30069.47
92,1780553901323170560,1780553902323170560,Time to First Token,ms,p5,30069.47
92,1780553901323170560,1780553902323170560,Time to First Token,ms,p10,30069.47
92,1780553901323170560,1780553902323170560,Time to First Token,ms,p25,30069.47
92,1780553901323170560,1780553902323170560,Time to First Token,ms,p50,30069.47
92,1780553901323170560,1780553902323170560,Time to First Token,ms,p75,30069.47
92,1780553901323170560,1780553902323170560,Time to First Token,ms,p90,30069.47
92,1780553901323170560,1780553902323170560,Time to First Token,ms,p95,30069.47
92,1780553901323170560,1780553902323170560,Time to First Token,ms,p99,30069.47
92,1780553901323170560,1780553902323170560,Time to First Token,ms,std,0.00
92,1780553901323170560,1780553902323170560,Time to Second Token,ms,avg,0.80
92,1780553901323170560,1780553902323170560,Time to Second Token,ms,min,0.80
92,1780553901323170560,1780553902323170560,Time to Second Token,ms,max,0.80
92,1780553901323170560,1780553902323170560,Time to Second Token,ms,sum,0.80
92,1780553901323170560,1780553902323170560,Time to Second Token,ms,p1,0.80
92,1780553901323170560,1780553902323170560,Time to Second Token,ms,p5,0.80
92,1780553901323170560,1780553902323170560,Time to Second Token,ms,p10,0.80
92,1780553901323170560,1780553902323170560,Time to Second Token,ms,p25,0.80
92,1780553901323170560,1780553902323170560,Time to Second Token,ms,p50,0.80
92,1780553901323170560,1780553902323170560,Time to Second Token,ms,p75,0.80
92,1780553901323170560,1780553902323170560,Time to Second Token,ms,p90,0.80
92,1780553901323170560,1780553902323170560,Time to Second Token,ms,p95,0.80
92,1780553901323170560,1780553902323170560,Time to Second Token,ms,p99,0.80
92,1780553901323170560,1780553902323170560,Time to Second Token,ms,std,0.00
92,1780553901323170560,1780553902323170560,Tokens In Flight,tokens,avg,1413352.24
92,1780553901323170560,1780553902323170560,Tokens In Flight,tokens,min,1346041.22
92,1780553901323170560,1780553902323170560,Tokens In Flight,tokens,max,1470816.92
92,1780553901323170560,1780553902323170560,Tokens In Flight,tokens,p50,1470768.36
92,1780553901323170560,1780553902323170560,Tokens In Flight,tokens,p90,1470806.37
92,1780553901323170560,1780553902323170560,Tokens In Flight,tokens,p95,1470812.56
92,1780553901323170560,1780553902323170560,Tokens In Flight,tokens,p99,1470814.58
92,1780553901323170560,1780553902323170560,Tokens In Flight,tokens,std,62169.19
92,1780553901323170560,1780553902323170560,Total Input Sequence Length,tokens,avg,124682.00
92,1780553901323170560,1780553902323170560,Total Output Sequence Length,tokens,avg,1740.00
92,1780553901323170560,1780553902323170560,Total Output Tokens,tokens,avg,1740.00
92,1780553901323170560,1780553902323170560,Total Token Throughput,tokens/sec,avg,126422.00
92,1780553901323170560,1780553902323170560,Total Usage Completion Tokens,tokens,avg,1740.00
92,1780553901323170560,1780553902323170560,Total Usage Prompt Tokens,tokens,avg,124682.00
92,1780553901323170560,1780553902323170560,Total Usage Total Tokens,tokens,avg,126422.00
92,1780553901323170560,1780553902323170560,Usage Completion Tokens,tokens,avg,1740.00
92,1780553901323170560,1780553902323170560,Usage Completion Tokens,tokens,min,1740.00
92,1780553901323170560,1780553902323170560,Usage Completion Tokens,tokens,max,1740.00
92,1780553901323170560,1780553902323170560,Usage Completion Tokens,tokens,sum,1740.00
92,1780553901323170560,1780553902323170560,Usage Completion Tokens,tokens,p1,1740.00
92,1780553901323170560,1780553902323170560,Usage Completion Tokens,tokens,p5,1740.00
92,1780553901323170560,1780553902323170560,Usage Completion Tokens,tokens,p10,1740.00
92,1780553901323170560,1780553902323170560,Usage Completion Tokens,tokens,p25,1740.00
92,1780553901323170560,1780553902323170560,Usage Completion Tokens,tokens,p50,1740.00
92,1780553901323170560,1780553902323170560,Usage Completion Tokens,tokens,p75,1740.00
92,1780553901323170560,1780553902323170560,Usage Completion Tokens,tokens,p90,1740.00
92,1780553901323170560,1780553902323170560,Usage Completion Tokens,tokens,p95,1740.00
92,1780553901323170560,1780553902323170560,Usage Completion Tokens,tokens,p99,1740.00
92,1780553901323170560,1780553902323170560,Usage Completion Tokens,tokens,std,0.00
92,1780553901323170560,1780553902323170560,Usage Prompt Tokens,tokens,avg,124682.00
92,1780553901323170560,1780553902323170560,Usage Prompt Tokens,tokens,min,124682.00
92,1780553901323170560,1780553902323170560,Usage Prompt Tokens,tokens,max,124682.00
92,1780553901323170560,1780553902323170560,Usage Prompt Tokens,tokens,sum,124682.00
92,1780553901323170560,1780553902323170560,Usage Prompt Tokens,tokens,p1,124682.00
92,1780553901323170560,1780553902323170560,Usage Prompt Tokens,tokens,p5,124682.00
92,1780553901323170560,1780553902323170560,Usage Prompt Tokens,tokens,p10,124682.00
92,1780553901323170560,1780553902323170560,Usage Prompt Tokens,tokens,p25,124682.00
92,1780553901323170560,1780553902323170560,Usage Prompt Tokens,tokens,p50,124682.00
92,1780553901323170560,1780553902323170560,Usage Prompt Tokens,tokens,p75,124682.00
92,1780553901323170560,1780553902323170560,Usage Prompt Tokens,tokens,p90,124682.00
92,1780553901323170560,1780553902323170560,Usage Prompt Tokens,tokens,p95,124682.00
92,1780553901323170560,1780553902323170560,Usage Prompt Tokens,tokens,p99,124682.00
92,1780553901323170560,1780553902323170560,Usage Prompt Tokens,tokens,std,0.00
92,1780553901323170560,1780553902323170560,Usage Total Tokens,tokens,avg,126422.00
92,1780553901323170560,1780553902323170560,Usage Total Tokens,tokens,min,126422.00
92,1780553901323170560,1780553902323170560,Usage Total Tokens,tokens,max,126422.00
92,1780553901323170560,1780553902323170560,Usage Total Tokens,tokens,sum,126422.00
92,1780553901323170560,1780553902323170560,Usage Total Tokens,tokens,p1,126422.00
92,1780553901323170560,1780553902323170560,Usage Total Tokens,tokens,p5,126422.00
92,1780553901323170560,1780553902323170560,Usage Total Tokens,tokens,p10,126422.00
92,1780553901323170560,1780553902323170560,Usage Total Tokens,tokens,p25,126422.00
92,1780553901323170560,1780553902323170560,Usage Total Tokens,tokens,p50,126422.00
92,1780553901323170560,1780553902323170560,Usage Total Tokens,tokens,p75,126422.00
92,1780553901323170560,1780553902323170560,Usage Total Tokens,tokens,p90,126422.00
92,1780553901323170560,1780553902323170560,Usage Total Tokens,tokens,p95,126422.00
92,1780553901323170560,1780553902323170560,Usage Total Tokens,tokens,p99,126422.00
92,1780553901323170560,1780553902323170560,Usage Total Tokens,tokens,std,0.00
93,1780553909323170560,1780553910323170560,Active Decode Throughput,tokens/sec,avg,86.49
93,1780553909323170560,1780553910323170560,Active Decode Throughput,tokens/sec,min,60.18
93,1780553909323170560,1780553910323170560,Active Decode Throughput,tokens/sec,max,112.80
93,1780553909323170560,1780553910323170560,Active Decode Throughput,tokens/sec,p50,86.49
93,1780553909323170560,1780553910323170560,Active Decode Throughput,tokens/sec,p90,86.49
93,1780553909323170560,1780553910323170560,Active Decode Throughput,tokens/sec,p95,86.49
93,1780553909323170560,1780553910323170560,Active Decode Throughput,tokens/sec,p99,86.49
93,1780553909323170560,1780553910323170560,Active Decode Throughput,tokens/sec,std,0.04
93,1780553909323170560,1780553910323170560,Active Decode Throughput Per User,tokens/sec/user,avg,7.86
93,1780553909323170560,1780553910323170560,Active Decode Throughput Per User,tokens/sec/user,min,5.47
93,1780553909323170560,1780553910323170560,Active Decode Throughput Per User,tokens/sec/user,max,10.25
93,1780553909323170560,1780553910323170560,Active Decode Throughput Per User,tokens/sec/user,p50,7.86
93,1780553909323170560,1780553910323170560,Active Decode Throughput Per User,tokens/sec/user,p90,7.86
93,1780553909323170560,1780553910323170560,Active Decode Throughput Per User,tokens/sec/user,p95,7.86
93,1780553909323170560,1780553910323170560,Active Decode Throughput Per User,tokens/sec/user,p99,7.86
93,1780553909323170560,1780553910323170560,Active Decode Throughput Per User,tokens/sec/user,std,0.00
93,1780553909323170560,1780553910323170560,Active Prefill Throughput,tokens/sec,avg,9535.47
93,1780553909323170560,1780553910323170560,Active Prefill Throughput,tokens/sec,min,7669.41
93,1780553909323170560,1780553910323170560,Active Prefill Throughput,tokens/sec,max,10014.88
93,1780553909323170560,1780553910323170560,Active Prefill Throughput,tokens/sec,p50,10014.88
93,1780553909323170560,1780553910323170560,Active Prefill Throughput,tokens/sec,p90,10014.88
93,1780553909323170560,1780553910323170560,Active Prefill Throughput,tokens/sec,p95,10014.88
93,1780553909323170560,1780553910323170560,Active Prefill Throughput,tokens/sec,p99,10014.88
93,1780553909323170560,1780553910323170560,Active Prefill Throughput,tokens/sec,std,945.84
93,1780553909323170560,1780553910323170560,Active Prefill Throughput Per User,tokens/sec/user,avg,2514.50
93,1780553909323170560,1780553910323170560,Active Prefill Throughput Per User,tokens/sec/user,min,2503.72
93,1780553909323170560,1780553910323170560,Active Prefill Throughput Per User,tokens/sec/user,max,2556.47
93,1780553909323170560,1780553910323170560,Active Prefill Throughput Per User,tokens/sec/user,p50,2503.72
93,1780553909323170560,1780553910323170560,Active Prefill Throughput Per User,tokens/sec/user,p90,2556.47
93,1780553909323170560,1780553910323170560,Active Prefill Throughput Per User,tokens/sec/user,p95,2556.47
93,1780553909323170560,1780553910323170560,Active Prefill Throughput Per User,tokens/sec/user,p99,2556.47
93,1780553909323170560,1780553910323170560,Active Prefill Throughput Per User,tokens/sec/user,std,21.27
93,1780553909323170560,1780553910323170560,Active Total Throughput,tokens/sec,avg,9612.51
93,1780553909323170560,1780553910323170560,Active Total Throughput,tokens/sec,min,7746.45
93,1780553909323170560,1780553910323170560,Active Total Throughput,tokens/sec,max,10091.92
93,1780553909323170560,1780553910323170560,Active Total Throughput,tokens/sec,p50,10091.92
93,1780553909323170560,1780553910323170560,Active Total Throughput,tokens/sec,p90,10091.92
93,1780553909323170560,1780553910323170560,Active Total Throughput,tokens/sec,p95,10091.92
93,1780553909323170560,1780553910323170560,Active Total Throughput,tokens/sec,p99,10091.92
93,1780553909323170560,1780553910323170560,Active Total Throughput,tokens/sec,std,945.84
93,1780553909323170560,1780553910323170560,Benchmark Duration,sec,avg,72.73
93,1780553909323170560,1780553910323170560,E2E Output Token Throughput,tokens/sec/user,avg,4.47
93,1780553909323170560,1780553910323170560,E2E Output Token Throughput,tokens/sec/user,min,4.47
93,1780553909323170560,1780553910323170560,E2E Output Token Throughput,tokens/sec/user,max,4.47
93,1780553909323170560,1780553910323170560,E2E Output Token Throughput,tokens/sec/user,sum,4.47
93,1780553909323170560,1780553910323170560,E2E Output Token Throughput,tokens/sec/user,p1,4.47
93,1780553909323170560,1780553910323170560,E2E Output Token Throughput,tokens/sec/user,p5,4.47
93,1780553909323170560,1780553910323170560,E2E Output Token Throughput,tokens/sec/user,p10,4.47
93,1780553909323170560,1780553910323170560,E2E Output Token Throughput,tokens/sec/user,p25,4.47
93,1780553909323170560,1780553910323170560,E2E Output Token Throughput,tokens/sec/user,p50,4.47
93,1780553909323170560,1780553910323170560,E2E Output Token Throughput,tokens/sec/user,p75,4.47
93,1780553909323170560,1780553910323170560,E2E Output Token Throughput,tokens/sec/user,p90,4.47
93,1780553909323170560,1780553910323170560,E2E Output Token Throughput,tokens/sec/user,p95,4.47
93,1780553909323170560,1780553910323170560,E2E Output Token Throughput,tokens/sec/user,p99,4.47
93,1780553909323170560,1780553910323170560,E2E Output Token Throughput,tokens/sec/user,std,0.00
93,1780553909323170560,1780553910323170560,Effective Concurrency,requests,avg,14.80
93,1780553909323170560,1780553910323170560,Effective Concurrency,requests,min,14.00
93,1780553909323170560,1780553910323170560,Effective Concurrency,requests,max,15.00
93,1780553909323170560,1780553910323170560,Effective Concurrency,requests,p50,15.00
93,1780553909323170560,1780553910323170560,Effective Concurrency,requests,p90,15.00
93,1780553909323170560,1780553910323170560,Effective Concurrency,requests,p95,15.00
93,1780553909323170560,1780553910323170560,Effective Concurrency,requests,p99,15.00
93,1780553909323170560,1780553910323170560,Effective Concurrency,requests,std,0.40
93,1780553909323170560,1780553910323170560,Effective Decode Concurrency,requests,avg,11.00
93,1780553909323170560,1780553910323170560,Effective Decode Concurrency,requests,min,11.00
93,1780553909323170560,1780553910323170560,Effective Decode Concurrency,requests,max,11.00
93,1780553909323170560,1780553910323170560,Effective Decode Concurrency,requests,p50,11.00
93,1780553909323170560,1780553910323170560,Effective Decode Concurrency,requests,p90,11.00
93,1780553909323170560,1780553910323170560,Effective Decode Concurrency,requests,p95,11.00
93,1780553909323170560,1780553910323170560,Effective Decode Concurrency,requests,p99,11.00
93,1780553909323170560,1780553910323170560,Effective Decode Concurrency,requests,std,0.00
93,1780553909323170560,1780553910323170560,Effective Decode Throughput,tokens/sec,avg,86.49
93,1780553909323170560,1780553910323170560,Effective Decode Throughput,tokens/sec,min,60.18
93,1780553909323170560,1780553910323170560,Effective Decode Throughput,tokens/sec,max,112.80
93,1780553909323170560,1780553910323170560,Effective Decode Throughput,tokens/sec,p50,86.49
93,1780553909323170560,1780553910323170560,Effective Decode Throughput,tokens/sec,p90,86.49
93,1780553909323170560,1780553910323170560,Effective Decode Throughput,tokens/sec,p95,86.49
93,1780553909323170560,1780553910323170560,Effective Decode Throughput,tokens/sec,p99,86.49
93,1780553909323170560,1780553910323170560,Effective Decode Throughput,tokens/sec,std,0.04
93,1780553909323170560,1780553910323170560,Effective Decode Throughput Per User,tokens/sec/user,avg,7.86
93,1780553909323170560,1780553910323170560,Effective Decode Throughput Per User,tokens/sec/user,min,5.47
93,1780553909323170560,1780553910323170560,Effective Decode Throughput Per User,tokens/sec/user,max,10.25
93,1780553909323170560,1780553910323170560,Effective Decode Throughput Per User,tokens/sec/user,p50,7.86
93,1780553909323170560,1780553910323170560,Effective Decode Throughput Per User,tokens/sec/user,p90,7.86
93,1780553909323170560,1780553910323170560,Effective Decode Throughput Per User,tokens/sec/user,p95,7.86
93,1780553909323170560,1780553910323170560,Effective Decode Throughput Per User,tokens/sec/user,p99,7.86
93,1780553909323170560,1780553910323170560,Effective Decode Throughput Per User,tokens/sec/user,std,0.00
93,1780553909323170560,1780553910323170560,Effective Prefill Concurrency,requests,avg,3.80
93,1780553909323170560,1780553910323170560,Effective Prefill Concurrency,requests,min,3.00
93,1780553909323170560,1780553910323170560,Effective Prefill Concurrency,requests,max,4.00
93,1780553909323170560,1780553910323170560,Effective Prefill Concurrency,requests,p50,4.00
93,1780553909323170560,1780553910323170560,Effective Prefill Concurrency,requests,p90,4.00
93,1780553909323170560,1780553910323170560,Effective Prefill Concurrency,requests,p95,4.00
93,1780553909323170560,1780553910323170560,Effective Prefill Concurrency,requests,p99,4.00
93,1780553909323170560,1780553910323170560,Effective Prefill Concurrency,requests,std,0.40
93,1780553909323170560,1780553910323170560,Effective Prefill Throughput,tokens/sec,avg,9535.47
93,1780553909323170560,1780553910323170560,Effective Prefill Throughput,tokens/sec,min,7669.41
93,1780553909323170560,1780553910323170560,Effective Prefill Throughput,tokens/sec,max,10014.88
93,1780553909323170560,1780553910323170560,Effective Prefill Throughput,tokens/sec,p50,10014.88
93,1780553909323170560,1780553910323170560,Effective Prefill Throughput,tokens/sec,p90,10014.88
93,1780553909323170560,1780553910323170560,Effective Prefill Throughput,tokens/sec,p95,10014.88
93,1780553909323170560,1780553910323170560,Effective Prefill Throughput,tokens/sec,p99,10014.88
93,1780553909323170560,1780553910323170560,Effective Prefill Throughput,tokens/sec,std,945.84
93,1780553909323170560,1780553910323170560,Effective Prefill Throughput Per User,tokens/sec/user,avg,2514.50
93,1780553909323170560,1780553910323170560,Effective Prefill Throughput Per User,tokens/sec/user,min,2503.72
93,1780553909323170560,1780553910323170560,Effective Prefill Throughput Per User,tokens/sec/user,max,2556.47
93,1780553909323170560,1780553910323170560,Effective Prefill Throughput Per User,tokens/sec/user,p50,2503.72
93,1780553909323170560,1780553910323170560,Effective Prefill Throughput Per User,tokens/sec/user,p90,2556.47
93,1780553909323170560,1780553910323170560,Effective Prefill Throughput Per User,tokens/sec/user,p95,2556.47
93,1780553909323170560,1780553910323170560,Effective Prefill Throughput Per User,tokens/sec/user,p99,2556.47
93,1780553909323170560,1780553910323170560,Effective Prefill Throughput Per User,tokens/sec/user,std,21.27
93,1780553909323170560,1780553910323170560,Effective Total Throughput,tokens/sec,avg,9612.51
93,1780553909323170560,1780553910323170560,Effective Total Throughput,tokens/sec,min,7746.45
93,1780553909323170560,1780553910323170560,Effective Total Throughput,tokens/sec,max,10091.92
93,1780553909323170560,1780553910323170560,Effective Total Throughput,tokens/sec,p50,10091.92
93,1780553909323170560,1780553910323170560,Effective Total Throughput,tokens/sec,p90,10091.92
93,1780553909323170560,1780553910323170560,Effective Total Throughput,tokens/sec,p95,10091.92
93,1780553909323170560,1780553910323170560,Effective Total Throughput,tokens/sec,p99,10091.92
93,1780553909323170560,1780553910323170560,Effective Total Throughput,tokens/sec,std,945.84
93,1780553909323170560,1780553910323170560,HTTP Blocked,ms,avg,0.00
93,1780553909323170560,1780553910323170560,HTTP Blocked,ms,min,0.00
93,1780553909323170560,1780553910323170560,HTTP Blocked,ms,max,0.00
93,1780553909323170560,1780553910323170560,HTTP Blocked,ms,sum,0.00
93,1780553909323170560,1780553910323170560,HTTP Blocked,ms,p1,0.00
93,1780553909323170560,1780553910323170560,HTTP Blocked,ms,p5,0.00
93,1780553909323170560,1780553910323170560,HTTP Blocked,ms,p10,0.00
93,1780553909323170560,1780553910323170560,HTTP Blocked,ms,p25,0.00
93,1780553909323170560,1780553910323170560,HTTP Blocked,ms,p50,0.00
93,1780553909323170560,1780553910323170560,HTTP Blocked,ms,p75,0.00
93,1780553909323170560,1780553910323170560,HTTP Blocked,ms,p90,0.00
93,1780553909323170560,1780553910323170560,HTTP Blocked,ms,p95,0.00
93,1780553909323170560,1780553910323170560,HTTP Blocked,ms,p99,0.00
93,1780553909323170560,1780553910323170560,HTTP Blocked,ms,std,0.00
93,1780553909323170560,1780553910323170560,HTTP Chunks Received,count,avg,325.00
93,1780553909323170560,1780553910323170560,HTTP Chunks Received,count,min,325.00
93,1780553909323170560,1780553910323170560,HTTP Chunks Received,count,max,325.00
93,1780553909323170560,1780553910323170560,HTTP Chunks Received,count,sum,325.00
93,1780553909323170560,1780553910323170560,HTTP Chunks Received,count,p1,325.00
93,1780553909323170560,1780553910323170560,HTTP Chunks Received,count,p5,325.00
93,1780553909323170560,1780553910323170560,HTTP Chunks Received,count,p10,325.00
93,1780553909323170560,1780553910323170560,HTTP Chunks Received,count,p25,325.00
93,1780553909323170560,1780553910323170560,HTTP Chunks Received,count,p50,325.00
93,1780553909323170560,1780553910323170560,HTTP Chunks Received,count,p75,325.00
93,1780553909323170560,1780553910323170560,HTTP Chunks Received,count,p90,325.00
93,1780553909323170560,1780553910323170560,HTTP Chunks Received,count,p95,325.00
93,1780553909323170560,1780553910323170560,HTTP Chunks Received,count,p99,325.00
93,1780553909323170560,1780553910323170560,HTTP Chunks Received,count,std,0.00
93,1780553909323170560,1780553910323170560,HTTP Chunks Sent,count,avg,1.00
93,1780553909323170560,1780553910323170560,HTTP Chunks Sent,count,min,1.00
93,1780553909323170560,1780553910323170560,HTTP Chunks Sent,count,max,1.00
93,1780553909323170560,1780553910323170560,HTTP Chunks Sent,count,sum,1.00
93,1780553909323170560,1780553910323170560,HTTP Chunks Sent,count,p1,1.00
93,1780553909323170560,1780553910323170560,HTTP Chunks Sent,count,p5,1.00
93,1780553909323170560,1780553910323170560,HTTP Chunks Sent,count,p10,1.00
93,1780553909323170560,1780553910323170560,HTTP Chunks Sent,count,p25,1.00
93,1780553909323170560,1780553910323170560,HTTP Chunks Sent,count,p50,1.00
93,1780553909323170560,1780553910323170560,HTTP Chunks Sent,count,p75,1.00
93,1780553909323170560,1780553910323170560,HTTP Chunks Sent,count,p90,1.00
93,1780553909323170560,1780553910323170560,HTTP Chunks Sent,count,p95,1.00
93,1780553909323170560,1780553910323170560,HTTP Chunks Sent,count,p99,1.00
93,1780553909323170560,1780553910323170560,HTTP Chunks Sent,count,std,0.00
93,1780553909323170560,1780553910323170560,HTTP Connecting,ms,avg,7.08
93,1780553909323170560,1780553910323170560,HTTP Connecting,ms,min,7.08
93,1780553909323170560,1780553910323170560,HTTP Connecting,ms,max,7.08
93,1780553909323170560,1780553910323170560,HTTP Connecting,ms,sum,7.08
93,1780553909323170560,1780553910323170560,HTTP Connecting,ms,p1,7.08
93,1780553909323170560,1780553910323170560,HTTP Connecting,ms,p5,7.08
93,1780553909323170560,1780553910323170560,HTTP Connecting,ms,p10,7.08
93,1780553909323170560,1780553910323170560,HTTP Connecting,ms,p25,7.08
93,1780553909323170560,1780553910323170560,HTTP Connecting,ms,p50,7.08
93,1780553909323170560,1780553910323170560,HTTP Connecting,ms,p75,7.08
93,1780553909323170560,1780553910323170560,HTTP Connecting,ms,p90,7.08
93,1780553909323170560,1780553910323170560,HTTP Connecting,ms,p95,7.08
93,1780553909323170560,1780553910323170560,HTTP Connecting,ms,p99,7.08
93,1780553909323170560,1780553910323170560,HTTP Connecting,ms,std,0.00
93,1780553909323170560,1780553910323170560,HTTP Connection Overhead,ms,avg,10.77
93,1780553909323170560,1780553910323170560,HTTP Connection Overhead,ms,min,10.77
93,1780553909323170560,1780553910323170560,HTTP Connection Overhead,ms,max,10.77
93,1780553909323170560,1780553910323170560,HTTP Connection Overhead,ms,sum,10.77
93,1780553909323170560,1780553910323170560,HTTP Connection Overhead,ms,p1,10.77
93,1780553909323170560,1780553910323170560,HTTP Connection Overhead,ms,p5,10.77
93,1780553909323170560,1780553910323170560,HTTP Connection Overhead,ms,p10,10.77
93,1780553909323170560,1780553910323170560,HTTP Connection Overhead,ms,p25,10.77
93,1780553909323170560,1780553910323170560,HTTP Connection Overhead,ms,p50,10.77
93,1780553909323170560,1780553910323170560,HTTP Connection Overhead,ms,p75,10.77
93,1780553909323170560,1780553910323170560,HTTP Connection Overhead,ms,p90,10.77
93,1780553909323170560,1780553910323170560,HTTP Connection Overhead,ms,p95,10.77
93,1780553909323170560,1780553910323170560,HTTP Connection Overhead,ms,p99,10.77
93,1780553909323170560,1780553910323170560,HTTP Connection Overhead,ms,std,0.00
93,1780553909323170560,1780553910323170560,HTTP Connection Reused,ratio,avg,0.00
93,1780553909323170560,1780553910323170560,HTTP Connection Reused,ratio,min,0.00
93,1780553909323170560,1780553910323170560,HTTP Connection Reused,ratio,max,0.00
93,1780553909323170560,1780553910323170560,HTTP Connection Reused,ratio,sum,0.00
93,1780553909323170560,1780553910323170560,HTTP Connection Reused,ratio,p1,0.00
93,1780553909323170560,1780553910323170560,HTTP Connection Reused,ratio,p5,0.00
93,1780553909323170560,1780553910323170560,HTTP Connection Reused,ratio,p10,0.00
93,1780553909323170560,1780553910323170560,HTTP Connection Reused,ratio,p25,0.00
93,1780553909323170560,1780553910323170560,HTTP Connection Reused,ratio,p50,0.00
93,1780553909323170560,1780553910323170560,HTTP Connection Reused,ratio,p75,0.00
93,1780553909323170560,1780553910323170560,HTTP Connection Reused,ratio,p90,0.00
93,1780553909323170560,1780553910323170560,HTTP Connection Reused,ratio,p95,0.00
93,1780553909323170560,1780553910323170560,HTTP Connection Reused,ratio,p99,0.00
93,1780553909323170560,1780553910323170560,HTTP Connection Reused,ratio,std,0.00
93,1780553909323170560,1780553910323170560,HTTP Data Received,KB,avg,81.32
93,1780553909323170560,1780553910323170560,HTTP Data Received,KB,min,81.32
93,1780553909323170560,1780553910323170560,HTTP Data Received,KB,max,81.32
93,1780553909323170560,1780553910323170560,HTTP Data Received,KB,sum,81.32
93,1780553909323170560,1780553910323170560,HTTP Data Received,KB,p1,81.32
93,1780553909323170560,1780553910323170560,HTTP Data Received,KB,p5,81.32
93,1780553909323170560,1780553910323170560,HTTP Data Received,KB,p10,81.32
93,1780553909323170560,1780553910323170560,HTTP Data Received,KB,p25,81.32
93,1780553909323170560,1780553910323170560,HTTP Data Received,KB,p50,81.32
93,1780553909323170560,1780553910323170560,HTTP Data Received,KB,p75,81.32
93,1780553909323170560,1780553910323170560,HTTP Data Received,KB,p90,81.32
93,1780553909323170560,1780553910323170560,HTTP Data Received,KB,p95,81.32
93,1780553909323170560,1780553910323170560,HTTP Data Received,KB,p99,81.32
93,1780553909323170560,1780553910323170560,HTTP Data Received,KB,std,0.00
93,1780553909323170560,1780553910323170560,HTTP Data Sent,KB,avg,464.38
93,1780553909323170560,1780553910323170560,HTTP Data Sent,KB,min,464.38
93,1780553909323170560,1780553910323170560,HTTP Data Sent,KB,max,464.38
93,1780553909323170560,1780553910323170560,HTTP Data Sent,KB,sum,464.38
93,1780553909323170560,1780553910323170560,HTTP Data Sent,KB,p1,464.38
93,1780553909323170560,1780553910323170560,HTTP Data Sent,KB,p5,464.38
93,1780553909323170560,1780553910323170560,HTTP Data Sent,KB,p10,464.38
93,1780553909323170560,1780553910323170560,HTTP Data Sent,KB,p25,464.38
93,1780553909323170560,1780553910323170560,HTTP Data Sent,KB,p50,464.38
93,1780553909323170560,1780553910323170560,HTTP Data Sent,KB,p75,464.38
93,1780553909323170560,1780553910323170560,HTTP Data Sent,KB,p90,464.38
93,1780553909323170560,1780553910323170560,HTTP Data Sent,KB,p95,464.38
93,1780553909323170560,1780553910323170560,HTTP Data Sent,KB,p99,464.38
93,1780553909323170560,1780553910323170560,HTTP Data Sent,KB,std,0.00
93,1780553909323170560,1780553910323170560,HTTP DNS Lookup,ms,avg,3.69
93,1780553909323170560,1780553910323170560,HTTP DNS Lookup,ms,min,3.69
93,1780553909323170560,1780553910323170560,HTTP DNS Lookup,ms,max,3.69
93,1780553909323170560,1780553910323170560,HTTP DNS Lookup,ms,sum,3.69
93,1780553909323170560,1780553910323170560,HTTP DNS Lookup,ms,p1,3.69
93,1780553909323170560,1780553910323170560,HTTP DNS Lookup,ms,p5,3.69
93,1780553909323170560,1780553910323170560,HTTP DNS Lookup,ms,p10,3.69
93,1780553909323170560,1780553910323170560,HTTP DNS Lookup,ms,p25,3.69
93,1780553909323170560,1780553910323170560,HTTP DNS Lookup,ms,p50,3.69
93,1780553909323170560,1780553910323170560,HTTP DNS Lookup,ms,p75,3.69
93,1780553909323170560,1780553910323170560,HTTP DNS Lookup,ms,p90,3.69
93,1780553909323170560,1780553910323170560,HTTP DNS Lookup,ms,p95,3.69
93,1780553909323170560,1780553910323170560,HTTP DNS Lookup,ms,p99,3.69
93,1780553909323170560,1780553910323170560,HTTP DNS Lookup,ms,std,0.00
93,1780553909323170560,1780553910323170560,HTTP Duration (excl. conn),ms,avg,72727.84
93,1780553909323170560,1780553910323170560,HTTP Duration (excl. conn),ms,min,72727.84
93,1780553909323170560,1780553910323170560,HTTP Duration (excl. conn),ms,max,72727.84
93,1780553909323170560,1780553910323170560,HTTP Duration (excl. conn),ms,sum,72727.84
93,1780553909323170560,1780553910323170560,HTTP Duration (excl. conn),ms,p1,72727.84
93,1780553909323170560,1780553910323170560,HTTP Duration (excl. conn),ms,p5,72727.84
93,1780553909323170560,1780553910323170560,HTTP Duration (excl. conn),ms,p10,72727.84
93,1780553909323170560,1780553910323170560,HTTP Duration (excl. conn),ms,p25,72727.84
93,1780553909323170560,1780553910323170560,HTTP Duration (excl. conn),ms,p50,72727.84
93,1780553909323170560,1780553910323170560,HTTP Duration (excl. conn),ms,p75,72727.84
93,1780553909323170560,1780553910323170560,HTTP Duration (excl. conn),ms,p90,72727.84
93,1780553909323170560,1780553910323170560,HTTP Duration (excl. conn),ms,p95,72727.84
93,1780553909323170560,1780553910323170560,HTTP Duration (excl. conn),ms,p99,72727.84
93,1780553909323170560,1780553910323170560,HTTP Duration (excl. conn),ms,std,0.00
93,1780553909323170560,1780553910323170560,HTTP Receiving,ms,avg,21945.86
93,1780553909323170560,1780553910323170560,HTTP Receiving,ms,min,21945.86
93,1780553909323170560,1780553910323170560,HTTP Receiving,ms,max,21945.86
93,1780553909323170560,1780553910323170560,HTTP Receiving,ms,sum,21945.86
93,1780553909323170560,1780553910323170560,HTTP Receiving,ms,p1,21945.86
93,1780553909323170560,1780553910323170560,HTTP Receiving,ms,p5,21945.86
93,1780553909323170560,1780553910323170560,HTTP Receiving,ms,p10,21945.86
93,1780553909323170560,1780553910323170560,HTTP Receiving,ms,p25,21945.86
93,1780553909323170560,1780553910323170560,HTTP Receiving,ms,p50,21945.86
93,1780553909323170560,1780553910323170560,HTTP Receiving,ms,p75,21945.86
93,1780553909323170560,1780553910323170560,HTTP Receiving,ms,p90,21945.86
93,1780553909323170560,1780553910323170560,HTTP Receiving,ms,p95,21945.86
93,1780553909323170560,1780553910323170560,HTTP Receiving,ms,p99,21945.86
93,1780553909323170560,1780553910323170560,HTTP Receiving,ms,std,0.00
93,1780553909323170560,1780553910323170560,HTTP Sending,ms,avg,7.35
93,1780553909323170560,1780553910323170560,HTTP Sending,ms,min,7.35
93,1780553909323170560,1780553910323170560,HTTP Sending,ms,max,7.35
93,1780553909323170560,1780553910323170560,HTTP Sending,ms,sum,7.35
93,1780553909323170560,1780553910323170560,HTTP Sending,ms,p1,7.35
93,1780553909323170560,1780553910323170560,HTTP Sending,ms,p5,7.35
93,1780553909323170560,1780553910323170560,HTTP Sending,ms,p10,7.35
93,1780553909323170560,1780553910323170560,HTTP Sending,ms,p25,7.35
93,1780553909323170560,1780553910323170560,HTTP Sending,ms,p50,7.35
93,1780553909323170560,1780553910323170560,HTTP Sending,ms,p75,7.35
93,1780553909323170560,1780553910323170560,HTTP Sending,ms,p90,7.35
93,1780553909323170560,1780553910323170560,HTTP Sending,ms,p95,7.35
93,1780553909323170560,1780553910323170560,HTTP Sending,ms,p99,7.35
93,1780553909323170560,1780553910323170560,HTTP Sending,ms,std,0.00
93,1780553909323170560,1780553910323170560,HTTP Total Time,ms,avg,72738.61
93,1780553909323170560,1780553910323170560,HTTP Total Time,ms,min,72738.61
93,1780553909323170560,1780553910323170560,HTTP Total Time,ms,max,72738.61
93,1780553909323170560,1780553910323170560,HTTP Total Time,ms,sum,72738.61
93,1780553909323170560,1780553910323170560,HTTP Total Time,ms,p1,72738.61
93,1780553909323170560,1780553910323170560,HTTP Total Time,ms,p5,72738.61
93,1780553909323170560,1780553910323170560,HTTP Total Time,ms,p10,72738.61
93,1780553909323170560,1780553910323170560,HTTP Total Time,ms,p25,72738.61
93,1780553909323170560,1780553910323170560,HTTP Total Time,ms,p50,72738.61
93,1780553909323170560,1780553910323170560,HTTP Total Time,ms,p75,72738.61
93,1780553909323170560,1780553910323170560,HTTP Total Time,ms,p90,72738.61
93,1780553909323170560,1780553910323170560,HTTP Total Time,ms,p95,72738.61
93,1780553909323170560,1780553910323170560,HTTP Total Time,ms,p99,72738.61
93,1780553909323170560,1780553910323170560,HTTP Total Time,ms,std,0.00
93,1780553909323170560,1780553910323170560,HTTP Waiting (TTFB),ms,avg,50774.62
93,1780553909323170560,1780553910323170560,HTTP Waiting (TTFB),ms,min,50774.62
93,1780553909323170560,1780553910323170560,HTTP Waiting (TTFB),ms,max,50774.62
93,1780553909323170560,1780553910323170560,HTTP Waiting (TTFB),ms,sum,50774.62
93,1780553909323170560,1780553910323170560,HTTP Waiting (TTFB),ms,p1,50774.62
93,1780553909323170560,1780553910323170560,HTTP Waiting (TTFB),ms,p5,50774.62
93,1780553909323170560,1780553910323170560,HTTP Waiting (TTFB),ms,p10,50774.62
93,1780553909323170560,1780553910323170560,HTTP Waiting (TTFB),ms,p25,50774.62
93,1780553909323170560,1780553910323170560,HTTP Waiting (TTFB),ms,p50,50774.62
93,1780553909323170560,1780553910323170560,HTTP Waiting (TTFB),ms,p75,50774.62
93,1780553909323170560,1780553910323170560,HTTP Waiting (TTFB),ms,p90,50774.62
93,1780553909323170560,1780553910323170560,HTTP Waiting (TTFB),ms,p95,50774.62
93,1780553909323170560,1780553910323170560,HTTP Waiting (TTFB),ms,p99,50774.62
93,1780553909323170560,1780553910323170560,HTTP Waiting (TTFB),ms,std,0.00
93,1780553909323170560,1780553910323170560,Input Sequence Length,tokens,avg,119108.00
93,1780553909323170560,1780553910323170560,Input Sequence Length,tokens,min,119108.00
93,1780553909323170560,1780553910323170560,Input Sequence Length,tokens,max,119108.00
93,1780553909323170560,1780553910323170560,Input Sequence Length,tokens,sum,119108.00
93,1780553909323170560,1780553910323170560,Input Sequence Length,tokens,p1,119108.00
93,1780553909323170560,1780553910323170560,Input Sequence Length,tokens,p5,119108.00
93,1780553909323170560,1780553910323170560,Input Sequence Length,tokens,p10,119108.00
93,1780553909323170560,1780553910323170560,Input Sequence Length,tokens,p25,119108.00
93,1780553909323170560,1780553910323170560,Input Sequence Length,tokens,p50,119108.00
93,1780553909323170560,1780553910323170560,Input Sequence Length,tokens,p75,119108.00
93,1780553909323170560,1780553910323170560,Input Sequence Length,tokens,p90,119108.00
93,1780553909323170560,1780553910323170560,Input Sequence Length,tokens,p95,119108.00
93,1780553909323170560,1780553910323170560,Input Sequence Length,tokens,p99,119108.00
93,1780553909323170560,1780553910323170560,Input Sequence Length,tokens,std,0.00
93,1780553909323170560,1780553910323170560,Input Token Throughput,tokens/sec,avg,119108.00
93,1780553909323170560,1780553910323170560,Inter Chunk Latency,ms,avg,67.27
93,1780553909323170560,1780553910323170560,Inter Chunk Latency,ms,min,67.26
93,1780553909323170560,1780553910323170560,Inter Chunk Latency,ms,max,67.27
93,1780553909323170560,1780553910323170560,Inter Chunk Latency,ms,sum,21794.87
93,1780553909323170560,1780553910323170560,Inter Chunk Latency,ms,p1,67.26
93,1780553909323170560,1780553910323170560,Inter Chunk Latency,ms,p5,67.26
93,1780553909323170560,1780553910323170560,Inter Chunk Latency,ms,p10,67.26
93,1780553909323170560,1780553910323170560,Inter Chunk Latency,ms,p25,67.27
93,1780553909323170560,1780553910323170560,Inter Chunk Latency,ms,p50,67.27
93,1780553909323170560,1780553910323170560,Inter Chunk Latency,ms,p75,67.27
93,1780553909323170560,1780553910323170560,Inter Chunk Latency,ms,p90,67.27
93,1780553909323170560,1780553910323170560,Inter Chunk Latency,ms,p95,67.27
93,1780553909323170560,1780553910323170560,Inter Chunk Latency,ms,p99,67.27
93,1780553909323170560,1780553910323170560,Inter Chunk Latency,ms,std,0.00
93,1780553909323170560,1780553910323170560,Inter Token Latency,ms,avg,67.73
93,1780553909323170560,1780553910323170560,Inter Token Latency,ms,min,67.73
93,1780553909323170560,1780553910323170560,Inter Token Latency,ms,max,67.73
93,1780553909323170560,1780553910323170560,Inter Token Latency,ms,sum,67.73
93,1780553909323170560,1780553910323170560,Inter Token Latency,ms,p1,67.73
93,1780553909323170560,1780553910323170560,Inter Token Latency,ms,p5,67.73
93,1780553909323170560,1780553910323170560,Inter Token Latency,ms,p10,67.73
93,1780553909323170560,1780553910323170560,Inter Token Latency,ms,p25,67.73
93,1780553909323170560,1780553910323170560,Inter Token Latency,ms,p50,67.73
93,1780553909323170560,1780553910323170560,Inter Token Latency,ms,p75,67.73
93,1780553909323170560,1780553910323170560,Inter Token Latency,ms,p90,67.73
93,1780553909323170560,1780553910323170560,Inter Token Latency,ms,p95,67.73
93,1780553909323170560,1780553910323170560,Inter Token Latency,ms,p99,67.73
93,1780553909323170560,1780553910323170560,Inter Token Latency,ms,std,0.00
93,1780553909323170560,1780553910323170560,Maximum Response Timestamp,ns,avg,1780553982255497216.00
93,1780553909323170560,1780553910323170560,Minimum Request Timestamp,ns,avg,1780553909527570944.00
93,1780553909323170560,1780553910323170560,OSL Mismatch Count,requests,avg,0.00
93,1780553909323170560,1780553910323170560,OSL Mismatch Diff %,%,avg,0.00
93,1780553909323170560,1780553910323170560,OSL Mismatch Diff %,%,min,0.00
93,1780553909323170560,1780553910323170560,OSL Mismatch Diff %,%,max,0.00
93,1780553909323170560,1780553910323170560,OSL Mismatch Diff %,%,sum,0.00
93,1780553909323170560,1780553910323170560,OSL Mismatch Diff %,%,p1,0.00
93,1780553909323170560,1780553910323170560,OSL Mismatch Diff %,%,p5,0.00
93,1780553909323170560,1780553910323170560,OSL Mismatch Diff %,%,p10,0.00
93,1780553909323170560,1780553910323170560,OSL Mismatch Diff %,%,p25,0.00
93,1780553909323170560,1780553910323170560,OSL Mismatch Diff %,%,p50,0.00
93,1780553909323170560,1780553910323170560,OSL Mismatch Diff %,%,p75,0.00
93,1780553909323170560,1780553910323170560,OSL Mismatch Diff %,%,p90,0.00
93,1780553909323170560,1780553910323170560,OSL Mismatch Diff %,%,p95,0.00
93,1780553909323170560,1780553910323170560,OSL Mismatch Diff %,%,p99,0.00
93,1780553909323170560,1780553910323170560,OSL Mismatch Diff %,%,std,0.00
93,1780553909323170560,1780553910323170560,Output Sequence Length,tokens,avg,325.00
93,1780553909323170560,1780553910323170560,Output Sequence Length,tokens,min,325.00
93,1780553909323170560,1780553910323170560,Output Sequence Length,tokens,max,325.00
93,1780553909323170560,1780553910323170560,Output Sequence Length,tokens,sum,325.00
93,1780553909323170560,1780553910323170560,Output Sequence Length,tokens,p1,325.00
93,1780553909323170560,1780553910323170560,Output Sequence Length,tokens,p5,325.00
93,1780553909323170560,1780553910323170560,Output Sequence Length,tokens,p10,325.00
93,1780553909323170560,1780553910323170560,Output Sequence Length,tokens,p25,325.00
93,1780553909323170560,1780553910323170560,Output Sequence Length,tokens,p50,325.00
93,1780553909323170560,1780553910323170560,Output Sequence Length,tokens,p75,325.00
93,1780553909323170560,1780553910323170560,Output Sequence Length,tokens,p90,325.00
93,1780553909323170560,1780553910323170560,Output Sequence Length,tokens,p95,325.00
93,1780553909323170560,1780553910323170560,Output Sequence Length,tokens,p99,325.00
93,1780553909323170560,1780553910323170560,Output Sequence Length,tokens,std,0.00
93,1780553909323170560,1780553910323170560,Output Token Count,tokens,avg,325.00
93,1780553909323170560,1780553910323170560,Output Token Count,tokens,min,325.00
93,1780553909323170560,1780553910323170560,Output Token Count,tokens,max,325.00
93,1780553909323170560,1780553910323170560,Output Token Count,tokens,sum,325.00
93,1780553909323170560,1780553910323170560,Output Token Count,tokens,p1,325.00
93,1780553909323170560,1780553910323170560,Output Token Count,tokens,p5,325.00
93,1780553909323170560,1780553910323170560,Output Token Count,tokens,p10,325.00
93,1780553909323170560,1780553910323170560,Output Token Count,tokens,p25,325.00
93,1780553909323170560,1780553910323170560,Output Token Count,tokens,p50,325.00
93,1780553909323170560,1780553910323170560,Output Token Count,tokens,p75,325.00
93,1780553909323170560,1780553910323170560,Output Token Count,tokens,p90,325.00
93,1780553909323170560,1780553910323170560,Output Token Count,tokens,p95,325.00
93,1780553909323170560,1780553910323170560,Output Token Count,tokens,p99,325.00
93,1780553909323170560,1780553910323170560,Output Token Count,tokens,std,0.00
93,1780553909323170560,1780553910323170560,Output Token Throughput,tokens/sec,avg,325.00
93,1780553909323170560,1780553910323170560,Output Token Throughput Per User,tokens/sec/user,avg,14.76
93,1780553909323170560,1780553910323170560,Output Token Throughput Per User,tokens/sec/user,min,14.76
93,1780553909323170560,1780553910323170560,Output Token Throughput Per User,tokens/sec/user,max,14.76
93,1780553909323170560,1780553910323170560,Output Token Throughput Per User,tokens/sec/user,sum,14.76
93,1780553909323170560,1780553910323170560,Output Token Throughput Per User,tokens/sec/user,p1,14.76
93,1780553909323170560,1780553910323170560,Output Token Throughput Per User,tokens/sec/user,p5,14.76
93,1780553909323170560,1780553910323170560,Output Token Throughput Per User,tokens/sec/user,p10,14.76
93,1780553909323170560,1780553910323170560,Output Token Throughput Per User,tokens/sec/user,p25,14.76
93,1780553909323170560,1780553910323170560,Output Token Throughput Per User,tokens/sec/user,p50,14.76
93,1780553909323170560,1780553910323170560,Output Token Throughput Per User,tokens/sec/user,p75,14.76
93,1780553909323170560,1780553910323170560,Output Token Throughput Per User,tokens/sec/user,p90,14.76
93,1780553909323170560,1780553910323170560,Output Token Throughput Per User,tokens/sec/user,p95,14.76
93,1780553909323170560,1780553910323170560,Output Token Throughput Per User,tokens/sec/user,p99,14.76
93,1780553909323170560,1780553910323170560,Output Token Throughput Per User,tokens/sec/user,std,0.00
93,1780553909323170560,1780553910323170560,Prefill Throughput Per User,tokens/sec/user,avg,2345.47
93,1780553909323170560,1780553910323170560,Prefill Throughput Per User,tokens/sec/user,min,2345.47
93,1780553909323170560,1780553910323170560,Prefill Throughput Per User,tokens/sec/user,max,2345.47
93,1780553909323170560,1780553910323170560,Prefill Throughput Per User,tokens/sec/user,sum,2345.47
93,1780553909323170560,1780553910323170560,Prefill Throughput Per User,tokens/sec/user,p1,2345.47
93,1780553909323170560,1780553910323170560,Prefill Throughput Per User,tokens/sec/user,p5,2345.47
93,1780553909323170560,1780553910323170560,Prefill Throughput Per User,tokens/sec/user,p10,2345.47
93,1780553909323170560,1780553910323170560,Prefill Throughput Per User,tokens/sec/user,p25,2345.47
93,1780553909323170560,1780553910323170560,Prefill Throughput Per User,tokens/sec/user,p50,2345.47
93,1780553909323170560,1780553910323170560,Prefill Throughput Per User,tokens/sec/user,p75,2345.47
93,1780553909323170560,1780553910323170560,Prefill Throughput Per User,tokens/sec/user,p90,2345.47
93,1780553909323170560,1780553910323170560,Prefill Throughput Per User,tokens/sec/user,p95,2345.47
93,1780553909323170560,1780553910323170560,Prefill Throughput Per User,tokens/sec/user,p99,2345.47
93,1780553909323170560,1780553910323170560,Prefill Throughput Per User,tokens/sec/user,std,0.00
93,1780553909323170560,1780553910323170560,Request Count,requests,avg,1.00
93,1780553909323170560,1780553910323170560,Request Latency,ms,avg,72727.93
93,1780553909323170560,1780553910323170560,Request Latency,ms,min,72727.93
93,1780553909323170560,1780553910323170560,Request Latency,ms,max,72727.93
93,1780553909323170560,1780553910323170560,Request Latency,ms,sum,72727.93
93,1780553909323170560,1780553910323170560,Request Latency,ms,p1,72727.93
93,1780553909323170560,1780553910323170560,Request Latency,ms,p5,72727.93
93,1780553909323170560,1780553910323170560,Request Latency,ms,p10,72727.93
93,1780553909323170560,1780553910323170560,Request Latency,ms,p25,72727.93
93,1780553909323170560,1780553910323170560,Request Latency,ms,p50,72727.93
93,1780553909323170560,1780553910323170560,Request Latency,ms,p75,72727.93
93,1780553909323170560,1780553910323170560,Request Latency,ms,p90,72727.93
93,1780553909323170560,1780553910323170560,Request Latency,ms,p95,72727.93
93,1780553909323170560,1780553910323170560,Request Latency,ms,p99,72727.93
93,1780553909323170560,1780553910323170560,Request Latency,ms,std,0.00
93,1780553909323170560,1780553910323170560,Request Throughput,requests/sec,avg,1.00
93,1780553909323170560,1780553910323170560,Requested OSL,tokens,avg,325.00
93,1780553909323170560,1780553910323170560,Requested OSL,tokens,min,325.00
93,1780553909323170560,1780553910323170560,Requested OSL,tokens,max,325.00
93,1780553909323170560,1780553910323170560,Requested OSL,tokens,sum,325.00
93,1780553909323170560,1780553910323170560,Requested OSL,tokens,p1,325.00
93,1780553909323170560,1780553910323170560,Requested OSL,tokens,p5,325.00
93,1780553909323170560,1780553910323170560,Requested OSL,tokens,p10,325.00
93,1780553909323170560,1780553910323170560,Requested OSL,tokens,p25,325.00
93,1780553909323170560,1780553910323170560,Requested OSL,tokens,p50,325.00
93,1780553909323170560,1780553910323170560,Requested OSL,tokens,p75,325.00
93,1780553909323170560,1780553910323170560,Requested OSL,tokens,p90,325.00
93,1780553909323170560,1780553910323170560,Requested OSL,tokens,p95,325.00
93,1780553909323170560,1780553910323170560,Requested OSL,tokens,p99,325.00
93,1780553909323170560,1780553910323170560,Requested OSL,tokens,std,0.00
93,1780553909323170560,1780553910323170560,Time to First Output Token,ms,avg,50782.07
93,1780553909323170560,1780553910323170560,Time to First Output Token,ms,min,50782.07
93,1780553909323170560,1780553910323170560,Time to First Output Token,ms,max,50782.07
93,1780553909323170560,1780553910323170560,Time to First Output Token,ms,sum,50782.07
93,1780553909323170560,1780553910323170560,Time to First Output Token,ms,p1,50782.07
93,1780553909323170560,1780553910323170560,Time to First Output Token,ms,p5,50782.07
93,1780553909323170560,1780553910323170560,Time to First Output Token,ms,p10,50782.07
93,1780553909323170560,1780553910323170560,Time to First Output Token,ms,p25,50782.07
93,1780553909323170560,1780553910323170560,Time to First Output Token,ms,p50,50782.07
93,1780553909323170560,1780553910323170560,Time to First Output Token,ms,p75,50782.07
93,1780553909323170560,1780553910323170560,Time to First Output Token,ms,p90,50782.07
93,1780553909323170560,1780553910323170560,Time to First Output Token,ms,p95,50782.07
93,1780553909323170560,1780553910323170560,Time to First Output Token,ms,p99,50782.07
93,1780553909323170560,1780553910323170560,Time to First Output Token,ms,std,0.00
93,1780553909323170560,1780553910323170560,Time to First Token,ms,avg,50782.07
93,1780553909323170560,1780553910323170560,Time to First Token,ms,min,50782.07
93,1780553909323170560,1780553910323170560,Time to First Token,ms,max,50782.07
93,1780553909323170560,1780553910323170560,Time to First Token,ms,sum,50782.07
93,1780553909323170560,1780553910323170560,Time to First Token,ms,p1,50782.07
93,1780553909323170560,1780553910323170560,Time to First Token,ms,p5,50782.07
93,1780553909323170560,1780553910323170560,Time to First Token,ms,p10,50782.07
93,1780553909323170560,1780553910323170560,Time to First Token,ms,p25,50782.07
93,1780553909323170560,1780553910323170560,Time to First Token,ms,p50,50782.07
93,1780553909323170560,1780553910323170560,Time to First Token,ms,p75,50782.07
93,1780553909323170560,1780553910323170560,Time to First Token,ms,p90,50782.07
93,1780553909323170560,1780553910323170560,Time to First Token,ms,p95,50782.07
93,1780553909323170560,1780553910323170560,Time to First Token,ms,p99,50782.07
93,1780553909323170560,1780553910323170560,Time to First Token,ms,std,0.00
93,1780553909323170560,1780553910323170560,Time to Second Token,ms,avg,0.62
93,1780553909323170560,1780553910323170560,Time to Second Token,ms,min,0.62
93,1780553909323170560,1780553910323170560,Time to Second Token,ms,max,0.62
93,1780553909323170560,1780553910323170560,Time to Second Token,ms,sum,0.62
93,1780553909323170560,1780553910323170560,Time to Second Token,ms,p1,0.62
93,1780553909323170560,1780553910323170560,Time to Second Token,ms,p5,0.62
93,1780553909323170560,1780553910323170560,Time to Second Token,ms,p10,0.62
93,1780553909323170560,1780553910323170560,Time to Second Token,ms,p25,0.62
93,1780553909323170560,1780553910323170560,Time to Second Token,ms,p50,0.62
93,1780553909323170560,1780553910323170560,Time to Second Token,ms,p75,0.62
93,1780553909323170560,1780553910323170560,Time to Second Token,ms,p90,0.62
93,1780553909323170560,1780553910323170560,Time to Second Token,ms,p95,0.62
93,1780553909323170560,1780553910323170560,Time to Second Token,ms,p99,0.62
93,1780553909323170560,1780553910323170560,Time to Second Token,ms,std,0.00
93,1780553909323170560,1780553910323170560,Tokens In Flight,tokens,avg,1446239.03
93,1780553909323170560,1780553910323170560,Tokens In Flight,tokens,min,1351434.52
93,1780553909323170560,1780553910323170560,Tokens In Flight,tokens,max,1470627.67
93,1780553909323170560,1780553910323170560,Tokens In Flight,tokens,p50,1470584.61
93,1780553909323170560,1780553910323170560,Tokens In Flight,tokens,p90,1470619.79
93,1780553909323170560,1780553910323170560,Tokens In Flight,tokens,p95,1470622.81
93,1780553909323170560,1780553910323170560,Tokens In Flight,tokens,p99,1470626.67
93,1780553909323170560,1780553910323170560,Tokens In Flight,tokens,std,48049.27
93,1780553909323170560,1780553910323170560,Total Input Sequence Length,tokens,avg,119108.00
93,1780553909323170560,1780553910323170560,Total Output Sequence Length,tokens,avg,325.00
93,1780553909323170560,1780553910323170560,Total Output Tokens,tokens,avg,325.00
93,1780553909323170560,1780553910323170560,Total Token Throughput,tokens/sec,avg,119433.00
93,1780553909323170560,1780553910323170560,Total Usage Completion Tokens,tokens,avg,325.00
93,1780553909323170560,1780553910323170560,Total Usage Prompt Tokens,tokens,avg,119108.00
93,1780553909323170560,1780553910323170560,Total Usage Total Tokens,tokens,avg,119433.00
93,1780553909323170560,1780553910323170560,Usage Completion Tokens,tokens,avg,325.00
93,1780553909323170560,1780553910323170560,Usage Completion Tokens,tokens,min,325.00
93,1780553909323170560,1780553910323170560,Usage Completion Tokens,tokens,max,325.00
93,1780553909323170560,1780553910323170560,Usage Completion Tokens,tokens,sum,325.00
93,1780553909323170560,1780553910323170560,Usage Completion Tokens,tokens,p1,325.00
93,1780553909323170560,1780553910323170560,Usage Completion Tokens,tokens,p5,325.00
93,1780553909323170560,1780553910323170560,Usage Completion Tokens,tokens,p10,325.00
93,1780553909323170560,1780553910323170560,Usage Completion Tokens,tokens,p25,325.00
93,1780553909323170560,1780553910323170560,Usage Completion Tokens,tokens,p50,325.00
93,1780553909323170560,1780553910323170560,Usage Completion Tokens,tokens,p75,325.00
93,1780553909323170560,1780553910323170560,Usage Completion Tokens,tokens,p90,325.00
93,1780553909323170560,1780553910323170560,Usage Completion Tokens,tokens,p95,325.00
93,1780553909323170560,1780553910323170560,Usage Completion Tokens,tokens,p99,325.00
93,1780553909323170560,1780553910323170560,Usage Completion Tokens,tokens,std,0.00
93,1780553909323170560,1780553910323170560,Usage Prompt Tokens,tokens,avg,119108.00
93,1780553909323170560,1780553910323170560,Usage Prompt Tokens,tokens,min,119108.00
93,1780553909323170560,1780553910323170560,Usage Prompt Tokens,tokens,max,119108.00
93,1780553909323170560,1780553910323170560,Usage Prompt Tokens,tokens,sum,119108.00
93,1780553909323170560,1780553910323170560,Usage Prompt Tokens,tokens,p1,119108.00
93,1780553909323170560,1780553910323170560,Usage Prompt Tokens,tokens,p5,119108.00
93,1780553909323170560,1780553910323170560,Usage Prompt Tokens,tokens,p10,119108.00
93,1780553909323170560,1780553910323170560,Usage Prompt Tokens,tokens,p25,119108.00
93,1780553909323170560,1780553910323170560,Usage Prompt Tokens,tokens,p50,119108.00
93,1780553909323170560,1780553910323170560,Usage Prompt Tokens,tokens,p75,119108.00
93,1780553909323170560,1780553910323170560,Usage Prompt Tokens,tokens,p90,119108.00
93,1780553909323170560,1780553910323170560,Usage Prompt Tokens,tokens,p95,119108.00
93,1780553909323170560,1780553910323170560,Usage Prompt Tokens,tokens,p99,119108.00
93,1780553909323170560,1780553910323170560,Usage Prompt Tokens,tokens,std,0.00
93,1780553909323170560,1780553910323170560,Usage Total Tokens,tokens,avg,119433.00
93,1780553909323170560,1780553910323170560,Usage Total Tokens,tokens,min,119433.00
93,1780553909323170560,1780553910323170560,Usage Total Tokens,tokens,max,119433.00
93,1780553909323170560,1780553910323170560,Usage Total Tokens,tokens,sum,119433.00
93,1780553909323170560,1780553910323170560,Usage Total Tokens,tokens,p1,119433.00
93,1780553909323170560,1780553910323170560,Usage Total Tokens,tokens,p5,119433.00
93,1780553909323170560,1780553910323170560,Usage Total Tokens,tokens,p10,119433.00
93,1780553909323170560,1780553910323170560,Usage Total Tokens,tokens,p25,119433.00
93,1780553909323170560,1780553910323170560,Usage Total Tokens,tokens,p50,119433.00
93,1780553909323170560,1780553910323170560,Usage Total Tokens,tokens,p75,119433.00
93,1780553909323170560,1780553910323170560,Usage Total Tokens,tokens,p90,119433.00
93,1780553909323170560,1780553910323170560,Usage Total Tokens,tokens,p95,119433.00
93,1780553909323170560,1780553910323170560,Usage Total Tokens,tokens,p99,119433.00
93,1780553909323170560,1780553910323170560,Usage Total Tokens,tokens,std,0.00
94,1780553918323170560,1780553919323170560,Active Decode Throughput,tokens/sec,avg,101.68
94,1780553918323170560,1780553919323170560,Active Decode Throughput,tokens/sec,min,75.37
94,1780553918323170560,1780553919323170560,Active Decode Throughput,tokens/sec,max,127.99
94,1780553918323170560,1780553919323170560,Active Decode Throughput,tokens/sec,p50,101.68
94,1780553918323170560,1780553919323170560,Active Decode Throughput,tokens/sec,p90,101.68
94,1780553918323170560,1780553919323170560,Active Decode Throughput,tokens/sec,p95,101.68
94,1780553918323170560,1780553919323170560,Active Decode Throughput,tokens/sec,p99,101.68
94,1780553918323170560,1780553919323170560,Active Decode Throughput,tokens/sec,std,0.04
94,1780553918323170560,1780553919323170560,Active Decode Throughput Per User,tokens/sec/user,avg,9.06
94,1780553918323170560,1780553919323170560,Active Decode Throughput Per User,tokens/sec/user,min,6.85
94,1780553918323170560,1780553919323170560,Active Decode Throughput Per User,tokens/sec/user,max,11.64
94,1780553918323170560,1780553919323170560,Active Decode Throughput Per User,tokens/sec/user,p50,9.24
94,1780553918323170560,1780553919323170560,Active Decode Throughput Per User,tokens/sec/user,p90,9.24
94,1780553918323170560,1780553919323170560,Active Decode Throughput Per User,tokens/sec/user,p95,9.24
94,1780553918323170560,1780553919323170560,Active Decode Throughput Per User,tokens/sec/user,p99,9.24
94,1780553918323170560,1780553919323170560,Active Decode Throughput Per User,tokens/sec/user,std,0.33
94,1780553918323170560,1780553919323170560,Active Prefill Throughput,tokens/sec,avg,6741.49
94,1780553918323170560,1780553919323170560,Active Prefill Throughput,tokens/sec,min,6491.94
94,1780553918323170560,1780553919323170560,Active Prefill Throughput,tokens/sec,max,7271.84
94,1780553918323170560,1780553919323170560,Active Prefill Throughput,tokens/sec,p50,6491.94
94,1780553918323170560,1780553919323170560,Active Prefill Throughput,tokens/sec,p90,7271.84
94,1780553918323170560,1780553919323170560,Active Prefill Throughput,tokens/sec,p95,7271.84
94,1780553918323170560,1780553919323170560,Active Prefill Throughput,tokens/sec,p99,7271.84
94,1780553918323170560,1780553919323170560,Active Prefill Throughput,tokens/sec,std,363.80
94,1780553918323170560,1780553919323170560,Active Prefill Throughput Per User,tokens/sec/user,avg,2982.94
94,1780553918323170560,1780553919323170560,Active Prefill Throughput Per User,tokens/sec/user,min,2423.95
94,1780553918323170560,1780553919323170560,Active Prefill Throughput Per User,tokens/sec/user,max,3245.97
94,1780553918323170560,1780553919323170560,Active Prefill Throughput Per User,tokens/sec/user,p50,3245.97
94,1780553918323170560,1780553919323170560,Active Prefill Throughput Per User,tokens/sec/user,p90,3245.97
94,1780553918323170560,1780553919323170560,Active Prefill Throughput Per User,tokens/sec/user,p95,3245.97
94,1780553918323170560,1780553919323170560,Active Prefill Throughput Per User,tokens/sec/user,p99,3245.97
94,1780553918323170560,1780553919323170560,Active Prefill Throughput Per User,tokens/sec/user,std,383.45
94,1780553918323170560,1780553919323170560,Active Total Throughput,tokens/sec,avg,6823.22
94,1780553918323170560,1780553919323170560,Active Total Throughput,tokens/sec,min,6571.94
94,1780553918323170560,1780553919323170560,Active Total Throughput,tokens/sec,max,7351.84
94,1780553918323170560,1780553919323170560,Active Total Throughput,tokens/sec,p50,6579.10
94,1780553918323170560,1780553919323170560,Active Total Throughput,tokens/sec,p90,7351.84
94,1780553918323170560,1780553919323170560,Active Total Throughput,tokens/sec,p95,7351.84
94,1780553918323170560,1780553919323170560,Active Total Throughput,tokens/sec,p99,7351.84
94,1780553918323170560,1780553919323170560,Active Total Throughput,tokens/sec,std,362.63
94,1780553918323170560,1780553919323170560,Benchmark Duration,sec,avg,126.26
94,1780553918323170560,1780553919323170560,E2E Output Token Throughput,tokens/sec/user,avg,3.00
94,1780553918323170560,1780553919323170560,E2E Output Token Throughput,tokens/sec/user,min,3.00
94,1780553918323170560,1780553919323170560,E2E Output Token Throughput,tokens/sec/user,max,3.00
94,1780553918323170560,1780553919323170560,E2E Output Token Throughput,tokens/sec/user,sum,3.00
94,1780553918323170560,1780553919323170560,E2E Output Token Throughput,tokens/sec/user,p1,3.00
94,1780553918323170560,1780553919323170560,E2E Output Token Throughput,tokens/sec/user,p5,3.00
94,1780553918323170560,1780553919323170560,E2E Output Token Throughput,tokens/sec/user,p10,3.00
94,1780553918323170560,1780553919323170560,E2E Output Token Throughput,tokens/sec/user,p25,3.00
94,1780553918323170560,1780553919323170560,E2E Output Token Throughput,tokens/sec/user,p50,3.00
94,1780553918323170560,1780553919323170560,E2E Output Token Throughput,tokens/sec/user,p75,3.00
94,1780553918323170560,1780553919323170560,E2E Output Token Throughput,tokens/sec/user,p90,3.00
94,1780553918323170560,1780553919323170560,E2E Output Token Throughput,tokens/sec/user,p95,3.00
94,1780553918323170560,1780553919323170560,E2E Output Token Throughput,tokens/sec/user,p99,3.00
94,1780553918323170560,1780553919323170560,E2E Output Token Throughput,tokens/sec/user,std,0.00
94,1780553918323170560,1780553919323170560,Effective Concurrency,requests,avg,13.56
94,1780553918323170560,1780553919323170560,Effective Concurrency,requests,min,13.00
94,1780553918323170560,1780553919323170560,Effective Concurrency,requests,max,14.00
94,1780553918323170560,1780553919323170560,Effective Concurrency,requests,p50,14.00
94,1780553918323170560,1780553919323170560,Effective Concurrency,requests,p90,14.00
94,1780553918323170560,1780553919323170560,Effective Concurrency,requests,p95,14.00
94,1780553918323170560,1780553919323170560,Effective Concurrency,requests,p99,14.00
94,1780553918323170560,1780553919323170560,Effective Concurrency,requests,std,0.50
94,1780553918323170560,1780553919323170560,Effective Decode Concurrency,requests,avg,11.24
94,1780553918323170560,1780553919323170560,Effective Decode Concurrency,requests,min,11.00
94,1780553918323170560,1780553919323170560,Effective Decode Concurrency,requests,max,12.00
94,1780553918323170560,1780553919323170560,Effective Decode Concurrency,requests,p50,11.00
94,1780553918323170560,1780553919323170560,Effective Decode Concurrency,requests,p90,12.00
94,1780553918323170560,1780553919323170560,Effective Decode Concurrency,requests,p95,12.00
94,1780553918323170560,1780553919323170560,Effective Decode Concurrency,requests,p99,12.00
94,1780553918323170560,1780553919323170560,Effective Decode Concurrency,requests,std,0.43
94,1780553918323170560,1780553919323170560,Effective Decode Throughput,tokens/sec,avg,101.68
94,1780553918323170560,1780553919323170560,Effective Decode Throughput,tokens/sec,min,75.37
94,1780553918323170560,1780553919323170560,Effective Decode Throughput,tokens/sec,max,127.99
94,1780553918323170560,1780553919323170560,Effective Decode Throughput,tokens/sec,p50,101.68
94,1780553918323170560,1780553919323170560,Effective Decode Throughput,tokens/sec,p90,101.68
94,1780553918323170560,1780553919323170560,Effective Decode Throughput,tokens/sec,p95,101.68
94,1780553918323170560,1780553919323170560,Effective Decode Throughput,tokens/sec,p99,101.68
94,1780553918323170560,1780553919323170560,Effective Decode Throughput,tokens/sec,std,0.04
94,1780553918323170560,1780553919323170560,Effective Decode Throughput Per User,tokens/sec/user,avg,9.06
94,1780553918323170560,1780553919323170560,Effective Decode Throughput Per User,tokens/sec/user,min,6.85
94,1780553918323170560,1780553919323170560,Effective Decode Throughput Per User,tokens/sec/user,max,11.64
94,1780553918323170560,1780553919323170560,Effective Decode Throughput Per User,tokens/sec/user,p50,9.24
94,1780553918323170560,1780553919323170560,Effective Decode Throughput Per User,tokens/sec/user,p90,9.24
94,1780553918323170560,1780553919323170560,Effective Decode Throughput Per User,tokens/sec/user,p95,9.24
94,1780553918323170560,1780553919323170560,Effective Decode Throughput Per User,tokens/sec/user,p99,9.24
94,1780553918323170560,1780553919323170560,Effective Decode Throughput Per User,tokens/sec/user,std,0.33
94,1780553918323170560,1780553919323170560,Effective Prefill Concurrency,requests,avg,2.32
94,1780553918323170560,1780553919323170560,Effective Prefill Concurrency,requests,min,2.00
94,1780553918323170560,1780553919323170560,Effective Prefill Concurrency,requests,max,3.00
94,1780553918323170560,1780553919323170560,Effective Prefill Concurrency,requests,p50,2.00
94,1780553918323170560,1780553919323170560,Effective Prefill Concurrency,requests,p90,3.00
94,1780553918323170560,1780553919323170560,Effective Prefill Concurrency,requests,p95,3.00
94,1780553918323170560,1780553919323170560,Effective Prefill Concurrency,requests,p99,3.00
94,1780553918323170560,1780553919323170560,Effective Prefill Concurrency,requests,std,0.47
94,1780553918323170560,1780553919323170560,Effective Prefill Throughput,tokens/sec,avg,6741.49
94,1780553918323170560,1780553919323170560,Effective Prefill Throughput,tokens/sec,min,6491.94
94,1780553918323170560,1780553919323170560,Effective Prefill Throughput,tokens/sec,max,7271.84
94,1780553918323170560,1780553919323170560,Effective Prefill Throughput,tokens/sec,p50,6491.94
94,1780553918323170560,1780553919323170560,Effective Prefill Throughput,tokens/sec,p90,7271.84
94,1780553918323170560,1780553919323170560,Effective Prefill Throughput,tokens/sec,p95,7271.84
94,1780553918323170560,1780553919323170560,Effective Prefill Throughput,tokens/sec,p99,7271.84
94,1780553918323170560,1780553919323170560,Effective Prefill Throughput,tokens/sec,std,363.80
94,1780553918323170560,1780553919323170560,Effective Prefill Throughput Per User,tokens/sec/user,avg,2982.94
94,1780553918323170560,1780553919323170560,Effective Prefill Throughput Per User,tokens/sec/user,min,2423.95
94,1780553918323170560,1780553919323170560,Effective Prefill Throughput Per User,tokens/sec/user,max,3245.97
94,1780553918323170560,1780553919323170560,Effective Prefill Throughput Per User,tokens/sec/user,p50,3245.97
94,1780553918323170560,1780553919323170560,Effective Prefill Throughput Per User,tokens/sec/user,p90,3245.97
94,1780553918323170560,1780553919323170560,Effective Prefill Throughput Per User,tokens/sec/user,p95,3245.97
94,1780553918323170560,1780553919323170560,Effective Prefill Throughput Per User,tokens/sec/user,p99,3245.97
94,1780553918323170560,1780553919323170560,Effective Prefill Throughput Per User,tokens/sec/user,std,383.45
94,1780553918323170560,1780553919323170560,Effective Total Throughput,tokens/sec,avg,6823.22
94,1780553918323170560,1780553919323170560,Effective Total Throughput,tokens/sec,min,6571.94
94,1780553918323170560,1780553919323170560,Effective Total Throughput,tokens/sec,max,7351.84
94,1780553918323170560,1780553919323170560,Effective Total Throughput,tokens/sec,p50,6579.10
94,1780553918323170560,1780553919323170560,Effective Total Throughput,tokens/sec,p90,7351.84
94,1780553918323170560,1780553919323170560,Effective Total Throughput,tokens/sec,p95,7351.84
94,1780553918323170560,1780553919323170560,Effective Total Throughput,tokens/sec,p99,7351.84
94,1780553918323170560,1780553919323170560,Effective Total Throughput,tokens/sec,std,362.63
94,1780553918323170560,1780553919323170560,HTTP Blocked,ms,avg,0.00
94,1780553918323170560,1780553919323170560,HTTP Blocked,ms,min,0.00
94,1780553918323170560,1780553919323170560,HTTP Blocked,ms,max,0.00
94,1780553918323170560,1780553919323170560,HTTP Blocked,ms,sum,0.00
94,1780553918323170560,1780553919323170560,HTTP Blocked,ms,p1,0.00
94,1780553918323170560,1780553919323170560,HTTP Blocked,ms,p5,0.00
94,1780553918323170560,1780553919323170560,HTTP Blocked,ms,p10,0.00
94,1780553918323170560,1780553919323170560,HTTP Blocked,ms,p25,0.00
94,1780553918323170560,1780553919323170560,HTTP Blocked,ms,p50,0.00
94,1780553918323170560,1780553919323170560,HTTP Blocked,ms,p75,0.00
94,1780553918323170560,1780553919323170560,HTTP Blocked,ms,p90,0.00
94,1780553918323170560,1780553919323170560,HTTP Blocked,ms,p95,0.00
94,1780553918323170560,1780553919323170560,HTTP Blocked,ms,p99,0.00
94,1780553918323170560,1780553919323170560,HTTP Blocked,ms,std,0.00
94,1780553918323170560,1780553919323170560,HTTP Chunks Received,count,avg,379.00
94,1780553918323170560,1780553919323170560,HTTP Chunks Received,count,min,379.00
94,1780553918323170560,1780553919323170560,HTTP Chunks Received,count,max,379.00
94,1780553918323170560,1780553919323170560,HTTP Chunks Received,count,sum,379.00
94,1780553918323170560,1780553919323170560,HTTP Chunks Received,count,p1,379.00
94,1780553918323170560,1780553919323170560,HTTP Chunks Received,count,p5,379.00
94,1780553918323170560,1780553919323170560,HTTP Chunks Received,count,p10,379.00
94,1780553918323170560,1780553919323170560,HTTP Chunks Received,count,p25,379.00
94,1780553918323170560,1780553919323170560,HTTP Chunks Received,count,p50,379.00
94,1780553918323170560,1780553919323170560,HTTP Chunks Received,count,p75,379.00
94,1780553918323170560,1780553919323170560,HTTP Chunks Received,count,p90,379.00
94,1780553918323170560,1780553919323170560,HTTP Chunks Received,count,p95,379.00
94,1780553918323170560,1780553919323170560,HTTP Chunks Received,count,p99,379.00
94,1780553918323170560,1780553919323170560,HTTP Chunks Received,count,std,0.00
94,1780553918323170560,1780553919323170560,HTTP Chunks Sent,count,avg,1.00
94,1780553918323170560,1780553919323170560,HTTP Chunks Sent,count,min,1.00
94,1780553918323170560,1780553919323170560,HTTP Chunks Sent,count,max,1.00
94,1780553918323170560,1780553919323170560,HTTP Chunks Sent,count,sum,1.00
94,1780553918323170560,1780553919323170560,HTTP Chunks Sent,count,p1,1.00
94,1780553918323170560,1780553919323170560,HTTP Chunks Sent,count,p5,1.00
94,1780553918323170560,1780553919323170560,HTTP Chunks Sent,count,p10,1.00
94,1780553918323170560,1780553919323170560,HTTP Chunks Sent,count,p25,1.00
94,1780553918323170560,1780553919323170560,HTTP Chunks Sent,count,p50,1.00
94,1780553918323170560,1780553919323170560,HTTP Chunks Sent,count,p75,1.00
94,1780553918323170560,1780553919323170560,HTTP Chunks Sent,count,p90,1.00
94,1780553918323170560,1780553919323170560,HTTP Chunks Sent,count,p95,1.00
94,1780553918323170560,1780553919323170560,HTTP Chunks Sent,count,p99,1.00
94,1780553918323170560,1780553919323170560,HTTP Chunks Sent,count,std,0.00
94,1780553918323170560,1780553919323170560,HTTP Connecting,ms,avg,0.00
94,1780553918323170560,1780553919323170560,HTTP Connecting,ms,min,0.00
94,1780553918323170560,1780553919323170560,HTTP Connecting,ms,max,0.00
94,1780553918323170560,1780553919323170560,HTTP Connecting,ms,sum,0.00
94,1780553918323170560,1780553919323170560,HTTP Connecting,ms,p1,0.00
94,1780553918323170560,1780553919323170560,HTTP Connecting,ms,p5,0.00
94,1780553918323170560,1780553919323170560,HTTP Connecting,ms,p10,0.00
94,1780553918323170560,1780553919323170560,HTTP Connecting,ms,p25,0.00
94,1780553918323170560,1780553919323170560,HTTP Connecting,ms,p50,0.00
94,1780553918323170560,1780553919323170560,HTTP Connecting,ms,p75,0.00
94,1780553918323170560,1780553919323170560,HTTP Connecting,ms,p90,0.00
94,1780553918323170560,1780553919323170560,HTTP Connecting,ms,p95,0.00
94,1780553918323170560,1780553919323170560,HTTP Connecting,ms,p99,0.00
94,1780553918323170560,1780553919323170560,HTTP Connecting,ms,std,0.00
94,1780553918323170560,1780553919323170560,HTTP Connection Overhead,ms,avg,0.00
94,1780553918323170560,1780553919323170560,HTTP Connection Overhead,ms,min,0.00
94,1780553918323170560,1780553919323170560,HTTP Connection Overhead,ms,max,0.00
94,1780553918323170560,1780553919323170560,HTTP Connection Overhead,ms,sum,0.00
94,1780553918323170560,1780553919323170560,HTTP Connection Overhead,ms,p1,0.00
94,1780553918323170560,1780553919323170560,HTTP Connection Overhead,ms,p5,0.00
94,1780553918323170560,1780553919323170560,HTTP Connection Overhead,ms,p10,0.00
94,1780553918323170560,1780553919323170560,HTTP Connection Overhead,ms,p25,0.00
94,1780553918323170560,1780553919323170560,HTTP Connection Overhead,ms,p50,0.00
94,1780553918323170560,1780553919323170560,HTTP Connection Overhead,ms,p75,0.00
94,1780553918323170560,1780553919323170560,HTTP Connection Overhead,ms,p90,0.00
94,1780553918323170560,1780553919323170560,HTTP Connection Overhead,ms,p95,0.00
94,1780553918323170560,1780553919323170560,HTTP Connection Overhead,ms,p99,0.00
94,1780553918323170560,1780553919323170560,HTTP Connection Overhead,ms,std,0.00
94,1780553918323170560,1780553919323170560,HTTP Connection Reused,ratio,avg,1.00
94,1780553918323170560,1780553919323170560,HTTP Connection Reused,ratio,min,1.00
94,1780553918323170560,1780553919323170560,HTTP Connection Reused,ratio,max,1.00
94,1780553918323170560,1780553919323170560,HTTP Connection Reused,ratio,sum,1.00
94,1780553918323170560,1780553919323170560,HTTP Connection Reused,ratio,p1,1.00
94,1780553918323170560,1780553919323170560,HTTP Connection Reused,ratio,p5,1.00
94,1780553918323170560,1780553919323170560,HTTP Connection Reused,ratio,p10,1.00
94,1780553918323170560,1780553919323170560,HTTP Connection Reused,ratio,p25,1.00
94,1780553918323170560,1780553919323170560,HTTP Connection Reused,ratio,p50,1.00
94,1780553918323170560,1780553919323170560,HTTP Connection Reused,ratio,p75,1.00
94,1780553918323170560,1780553919323170560,HTTP Connection Reused,ratio,p90,1.00
94,1780553918323170560,1780553919323170560,HTTP Connection Reused,ratio,p95,1.00
94,1780553918323170560,1780553919323170560,HTTP Connection Reused,ratio,p99,1.00
94,1780553918323170560,1780553919323170560,HTTP Connection Reused,ratio,std,0.00
94,1780553918323170560,1780553919323170560,HTTP Data Received,KB,avg,94.61
94,1780553918323170560,1780553919323170560,HTTP Data Received,KB,min,94.61
94,1780553918323170560,1780553919323170560,HTTP Data Received,KB,max,94.61
94,1780553918323170560,1780553919323170560,HTTP Data Received,KB,sum,94.61
94,1780553918323170560,1780553919323170560,HTTP Data Received,KB,p1,94.61
94,1780553918323170560,1780553919323170560,HTTP Data Received,KB,p5,94.61
94,1780553918323170560,1780553919323170560,HTTP Data Received,KB,p10,94.61
94,1780553918323170560,1780553919323170560,HTTP Data Received,KB,p25,94.61
94,1780553918323170560,1780553919323170560,HTTP Data Received,KB,p50,94.61
94,1780553918323170560,1780553919323170560,HTTP Data Received,KB,p75,94.61
94,1780553918323170560,1780553919323170560,HTTP Data Received,KB,p90,94.61
94,1780553918323170560,1780553919323170560,HTTP Data Received,KB,p95,94.61
94,1780553918323170560,1780553919323170560,HTTP Data Received,KB,p99,94.61
94,1780553918323170560,1780553919323170560,HTTP Data Received,KB,std,0.00
94,1780553918323170560,1780553919323170560,HTTP Data Sent,KB,avg,201.96
94,1780553918323170560,1780553919323170560,HTTP Data Sent,KB,min,201.96
94,1780553918323170560,1780553919323170560,HTTP Data Sent,KB,max,201.96
94,1780553918323170560,1780553919323170560,HTTP Data Sent,KB,sum,201.96
94,1780553918323170560,1780553919323170560,HTTP Data Sent,KB,p1,201.96
94,1780553918323170560,1780553919323170560,HTTP Data Sent,KB,p5,201.96
94,1780553918323170560,1780553919323170560,HTTP Data Sent,KB,p10,201.96
94,1780553918323170560,1780553919323170560,HTTP Data Sent,KB,p25,201.96
94,1780553918323170560,1780553919323170560,HTTP Data Sent,KB,p50,201.96
94,1780553918323170560,1780553919323170560,HTTP Data Sent,KB,p75,201.96
94,1780553918323170560,1780553919323170560,HTTP Data Sent,KB,p90,201.96
94,1780553918323170560,1780553919323170560,HTTP Data Sent,KB,p95,201.96
94,1780553918323170560,1780553919323170560,HTTP Data Sent,KB,p99,201.96
94,1780553918323170560,1780553919323170560,HTTP Data Sent,KB,std,0.00
94,1780553918323170560,1780553919323170560,HTTP DNS Lookup,ms,avg,0.00
94,1780553918323170560,1780553919323170560,HTTP DNS Lookup,ms,min,0.00
94,1780553918323170560,1780553919323170560,HTTP DNS Lookup,ms,max,0.00
94,1780553918323170560,1780553919323170560,HTTP DNS Lookup,ms,sum,0.00
94,1780553918323170560,1780553919323170560,HTTP DNS Lookup,ms,p1,0.00
94,1780553918323170560,1780553919323170560,HTTP DNS Lookup,ms,p5,0.00
94,1780553918323170560,1780553919323170560,HTTP DNS Lookup,ms,p10,0.00
94,1780553918323170560,1780553919323170560,HTTP DNS Lookup,ms,p25,0.00
94,1780553918323170560,1780553919323170560,HTTP DNS Lookup,ms,p50,0.00
94,1780553918323170560,1780553919323170560,HTTP DNS Lookup,ms,p75,0.00
94,1780553918323170560,1780553919323170560,HTTP DNS Lookup,ms,p90,0.00
94,1780553918323170560,1780553919323170560,HTTP DNS Lookup,ms,p95,0.00
94,1780553918323170560,1780553919323170560,HTTP DNS Lookup,ms,p99,0.00
94,1780553918323170560,1780553919323170560,HTTP DNS Lookup,ms,std,0.00
94,1780553918323170560,1780553919323170560,HTTP Duration (excl. conn),ms,avg,126255.36
94,1780553918323170560,1780553919323170560,HTTP Duration (excl. conn),ms,min,126255.36
94,1780553918323170560,1780553919323170560,HTTP Duration (excl. conn),ms,max,126255.36
94,1780553918323170560,1780553919323170560,HTTP Duration (excl. conn),ms,sum,126255.36
94,1780553918323170560,1780553919323170560,HTTP Duration (excl. conn),ms,p1,126255.36
94,1780553918323170560,1780553919323170560,HTTP Duration (excl. conn),ms,p5,126255.36
94,1780553918323170560,1780553919323170560,HTTP Duration (excl. conn),ms,p10,126255.36
94,1780553918323170560,1780553919323170560,HTTP Duration (excl. conn),ms,p25,126255.36
94,1780553918323170560,1780553919323170560,HTTP Duration (excl. conn),ms,p50,126255.36
94,1780553918323170560,1780553919323170560,HTTP Duration (excl. conn),ms,p75,126255.36
94,1780553918323170560,1780553919323170560,HTTP Duration (excl. conn),ms,p90,126255.36
94,1780553918323170560,1780553919323170560,HTTP Duration (excl. conn),ms,p95,126255.36
94,1780553918323170560,1780553919323170560,HTTP Duration (excl. conn),ms,p99,126255.36
94,1780553918323170560,1780553919323170560,HTTP Duration (excl. conn),ms,std,0.00
94,1780553918323170560,1780553919323170560,HTTP Receiving,ms,avg,59717.55
94,1780553918323170560,1780553919323170560,HTTP Receiving,ms,min,59717.55
94,1780553918323170560,1780553919323170560,HTTP Receiving,ms,max,59717.55
94,1780553918323170560,1780553919323170560,HTTP Receiving,ms,sum,59717.55
94,1780553918323170560,1780553919323170560,HTTP Receiving,ms,p1,59717.55
94,1780553918323170560,1780553919323170560,HTTP Receiving,ms,p5,59717.55
94,1780553918323170560,1780553919323170560,HTTP Receiving,ms,p10,59717.55
94,1780553918323170560,1780553919323170560,HTTP Receiving,ms,p25,59717.55
94,1780553918323170560,1780553919323170560,HTTP Receiving,ms,p50,59717.55
94,1780553918323170560,1780553919323170560,HTTP Receiving,ms,p75,59717.55
94,1780553918323170560,1780553919323170560,HTTP Receiving,ms,p90,59717.55
94,1780553918323170560,1780553919323170560,HTTP Receiving,ms,p95,59717.55
94,1780553918323170560,1780553919323170560,HTTP Receiving,ms,p99,59717.55
94,1780553918323170560,1780553919323170560,HTTP Receiving,ms,std,0.00
94,1780553918323170560,1780553919323170560,HTTP Sending,ms,avg,0.29
94,1780553918323170560,1780553919323170560,HTTP Sending,ms,min,0.29
94,1780553918323170560,1780553919323170560,HTTP Sending,ms,max,0.29
94,1780553918323170560,1780553919323170560,HTTP Sending,ms,sum,0.29
94,1780553918323170560,1780553919323170560,HTTP Sending,ms,p1,0.29
94,1780553918323170560,1780553919323170560,HTTP Sending,ms,p5,0.29
94,1780553918323170560,1780553919323170560,HTTP Sending,ms,p10,0.29
94,1780553918323170560,1780553919323170560,HTTP Sending,ms,p25,0.29
94,1780553918323170560,1780553919323170560,HTTP Sending,ms,p50,0.29
94,1780553918323170560,1780553919323170560,HTTP Sending,ms,p75,0.29
94,1780553918323170560,1780553919323170560,HTTP Sending,ms,p90,0.29
94,1780553918323170560,1780553919323170560,HTTP Sending,ms,p95,0.29
94,1780553918323170560,1780553919323170560,HTTP Sending,ms,p99,0.29
94,1780553918323170560,1780553919323170560,HTTP Sending,ms,std,0.00
94,1780553918323170560,1780553919323170560,HTTP Total Time,ms,avg,126255.36
94,1780553918323170560,1780553919323170560,HTTP Total Time,ms,min,126255.36
94,1780553918323170560,1780553919323170560,HTTP Total Time,ms,max,126255.36
94,1780553918323170560,1780553919323170560,HTTP Total Time,ms,sum,126255.36
94,1780553918323170560,1780553919323170560,HTTP Total Time,ms,p1,126255.36
94,1780553918323170560,1780553919323170560,HTTP Total Time,ms,p5,126255.36
94,1780553918323170560,1780553919323170560,HTTP Total Time,ms,p10,126255.36
94,1780553918323170560,1780553919323170560,HTTP Total Time,ms,p25,126255.36
94,1780553918323170560,1780553919323170560,HTTP Total Time,ms,p50,126255.36
94,1780553918323170560,1780553919323170560,HTTP Total Time,ms,p75,126255.36
94,1780553918323170560,1780553919323170560,HTTP Total Time,ms,p90,126255.36
94,1780553918323170560,1780553919323170560,HTTP Total Time,ms,p95,126255.36
94,1780553918323170560,1780553919323170560,HTTP Total Time,ms,p99,126255.36
94,1780553918323170560,1780553919323170560,HTTP Total Time,ms,std,0.00
94,1780553918323170560,1780553919323170560,HTTP Waiting (TTFB),ms,avg,66537.53
94,1780553918323170560,1780553919323170560,HTTP Waiting (TTFB),ms,min,66537.53
94,1780553918323170560,1780553919323170560,HTTP Waiting (TTFB),ms,max,66537.53
94,1780553918323170560,1780553919323170560,HTTP Waiting (TTFB),ms,sum,66537.53
94,1780553918323170560,1780553919323170560,HTTP Waiting (TTFB),ms,p1,66537.53
94,1780553918323170560,1780553919323170560,HTTP Waiting (TTFB),ms,p5,66537.53
94,1780553918323170560,1780553919323170560,HTTP Waiting (TTFB),ms,p10,66537.53
94,1780553918323170560,1780553919323170560,HTTP Waiting (TTFB),ms,p25,66537.53
94,1780553918323170560,1780553919323170560,HTTP Waiting (TTFB),ms,p50,66537.53
94,1780553918323170560,1780553919323170560,HTTP Waiting (TTFB),ms,p75,66537.53
94,1780553918323170560,1780553919323170560,HTTP Waiting (TTFB),ms,p90,66537.53
94,1780553918323170560,1780553919323170560,HTTP Waiting (TTFB),ms,p95,66537.53
94,1780553918323170560,1780553919323170560,HTTP Waiting (TTFB),ms,p99,66537.53
94,1780553918323170560,1780553919323170560,HTTP Waiting (TTFB),ms,std,0.00
94,1780553918323170560,1780553919323170560,Input Sequence Length,tokens,avg,51893.00
94,1780553918323170560,1780553919323170560,Input Sequence Length,tokens,min,51893.00
94,1780553918323170560,1780553919323170560,Input Sequence Length,tokens,max,51893.00
94,1780553918323170560,1780553919323170560,Input Sequence Length,tokens,sum,51893.00
94,1780553918323170560,1780553919323170560,Input Sequence Length,tokens,p1,51893.00
94,1780553918323170560,1780553919323170560,Input Sequence Length,tokens,p5,51893.00
94,1780553918323170560,1780553919323170560,Input Sequence Length,tokens,p10,51893.00
94,1780553918323170560,1780553919323170560,Input Sequence Length,tokens,p25,51893.00
94,1780553918323170560,1780553919323170560,Input Sequence Length,tokens,p50,51893.00
94,1780553918323170560,1780553919323170560,Input Sequence Length,tokens,p75,51893.00
94,1780553918323170560,1780553919323170560,Input Sequence Length,tokens,p90,51893.00
94,1780553918323170560,1780553919323170560,Input Sequence Length,tokens,p95,51893.00
94,1780553918323170560,1780553919323170560,Input Sequence Length,tokens,p99,51893.00
94,1780553918323170560,1780553919323170560,Input Sequence Length,tokens,std,0.00
94,1780553918323170560,1780553919323170560,Input Token Throughput,tokens/sec,avg,51893.00
94,1780553918323170560,1780553919323170560,Inter Chunk Latency,ms,avg,67.39
94,1780553918323170560,1780553919323170560,Inter Chunk Latency,ms,min,67.38
94,1780553918323170560,1780553919323170560,Inter Chunk Latency,ms,max,67.40
94,1780553918323170560,1780553919323170560,Inter Chunk Latency,ms,sum,25473.12
94,1780553918323170560,1780553919323170560,Inter Chunk Latency,ms,p1,67.38
94,1780553918323170560,1780553919323170560,Inter Chunk Latency,ms,p5,67.38
94,1780553918323170560,1780553919323170560,Inter Chunk Latency,ms,p10,67.38
94,1780553918323170560,1780553919323170560,Inter Chunk Latency,ms,p25,67.39
94,1780553918323170560,1780553919323170560,Inter Chunk Latency,ms,p50,67.39
94,1780553918323170560,1780553919323170560,Inter Chunk Latency,ms,p75,67.39
94,1780553918323170560,1780553919323170560,Inter Chunk Latency,ms,p90,67.39
94,1780553918323170560,1780553919323170560,Inter Chunk Latency,ms,p95,67.39
94,1780553918323170560,1780553919323170560,Inter Chunk Latency,ms,p99,67.40
94,1780553918323170560,1780553919323170560,Inter Chunk Latency,ms,std,0.00
94,1780553918323170560,1780553919323170560,Inter Token Latency,ms,avg,157.98
94,1780553918323170560,1780553919323170560,Inter Token Latency,ms,min,157.98
94,1780553918323170560,1780553919323170560,Inter Token Latency,ms,max,157.98
94,1780553918323170560,1780553919323170560,Inter Token Latency,ms,sum,157.98
94,1780553918323170560,1780553919323170560,Inter Token Latency,ms,p1,157.98
94,1780553918323170560,1780553919323170560,Inter Token Latency,ms,p5,157.98
94,1780553918323170560,1780553919323170560,Inter Token Latency,ms,p10,157.98
94,1780553918323170560,1780553919323170560,Inter Token Latency,ms,p25,157.98
94,1780553918323170560,1780553919323170560,Inter Token Latency,ms,p50,157.98
94,1780553918323170560,1780553919323170560,Inter Token Latency,ms,p75,157.98
94,1780553918323170560,1780553919323170560,Inter Token Latency,ms,p90,157.98
94,1780553918323170560,1780553919323170560,Inter Token Latency,ms,p95,157.98
94,1780553918323170560,1780553919323170560,Inter Token Latency,ms,p99,157.98
94,1780553918323170560,1780553919323170560,Inter Token Latency,ms,std,0.00
94,1780553918323170560,1780553919323170560,Maximum Response Timestamp,ns,avg,1780554045258665216.00
94,1780553918323170560,1780553919323170560,Minimum Request Timestamp,ns,avg,1780553919003186944.00
94,1780553918323170560,1780553919323170560,OSL Mismatch Count,requests,avg,0.00
94,1780553918323170560,1780553919323170560,OSL Mismatch Diff %,%,avg,0.00
94,1780553918323170560,1780553919323170560,OSL Mismatch Diff %,%,min,0.00
94,1780553918323170560,1780553919323170560,OSL Mismatch Diff %,%,max,0.00
94,1780553918323170560,1780553919323170560,OSL Mismatch Diff %,%,sum,0.00
94,1780553918323170560,1780553919323170560,OSL Mismatch Diff %,%,p1,0.00
94,1780553918323170560,1780553919323170560,OSL Mismatch Diff %,%,p5,0.00
94,1780553918323170560,1780553919323170560,OSL Mismatch Diff %,%,p10,0.00
94,1780553918323170560,1780553919323170560,OSL Mismatch Diff %,%,p25,0.00
94,1780553918323170560,1780553919323170560,OSL Mismatch Diff %,%,p50,0.00
94,1780553918323170560,1780553919323170560,OSL Mismatch Diff %,%,p75,0.00
94,1780553918323170560,1780553919323170560,OSL Mismatch Diff %,%,p90,0.00
94,1780553918323170560,1780553919323170560,OSL Mismatch Diff %,%,p95,0.00
94,1780553918323170560,1780553919323170560,OSL Mismatch Diff %,%,p99,0.00
94,1780553918323170560,1780553919323170560,OSL Mismatch Diff %,%,std,0.00
94,1780553918323170560,1780553919323170560,Output Sequence Length,tokens,avg,379.00
94,1780553918323170560,1780553919323170560,Output Sequence Length,tokens,min,379.00
94,1780553918323170560,1780553919323170560,Output Sequence Length,tokens,max,379.00
94,1780553918323170560,1780553919323170560,Output Sequence Length,tokens,sum,379.00
94,1780553918323170560,1780553919323170560,Output Sequence Length,tokens,p1,379.00
94,1780553918323170560,1780553919323170560,Output Sequence Length,tokens,p5,379.00
94,1780553918323170560,1780553919323170560,Output Sequence Length,tokens,p10,379.00
94,1780553918323170560,1780553919323170560,Output Sequence Length,tokens,p25,379.00
94,1780553918323170560,1780553919323170560,Output Sequence Length,tokens,p50,379.00
94,1780553918323170560,1780553919323170560,Output Sequence Length,tokens,p75,379.00
94,1780553918323170560,1780553919323170560,Output Sequence Length,tokens,p90,379.00
94,1780553918323170560,1780553919323170560,Output Sequence Length,tokens,p95,379.00
94,1780553918323170560,1780553919323170560,Output Sequence Length,tokens,p99,379.00
94,1780553918323170560,1780553919323170560,Output Sequence Length,tokens,std,0.00
94,1780553918323170560,1780553919323170560,Output Token Count,tokens,avg,379.00
94,1780553918323170560,1780553919323170560,Output Token Count,tokens,min,379.00
94,1780553918323170560,1780553919323170560,Output Token Count,tokens,max,379.00
94,1780553918323170560,1780553919323170560,Output Token Count,tokens,sum,379.00
94,1780553918323170560,1780553919323170560,Output Token Count,tokens,p1,379.00
94,1780553918323170560,1780553919323170560,Output Token Count,tokens,p5,379.00
94,1780553918323170560,1780553919323170560,Output Token Count,tokens,p10,379.00
94,1780553918323170560,1780553919323170560,Output Token Count,tokens,p25,379.00
94,1780553918323170560,1780553919323170560,Output Token Count,tokens,p50,379.00
94,1780553918323170560,1780553919323170560,Output Token Count,tokens,p75,379.00
94,1780553918323170560,1780553919323170560,Output Token Count,tokens,p90,379.00
94,1780553918323170560,1780553919323170560,Output Token Count,tokens,p95,379.00
94,1780553918323170560,1780553919323170560,Output Token Count,tokens,p99,379.00
94,1780553918323170560,1780553919323170560,Output Token Count,tokens,std,0.00
94,1780553918323170560,1780553919323170560,Output Token Throughput,tokens/sec,avg,379.00
94,1780553918323170560,1780553919323170560,Output Token Throughput Per User,tokens/sec/user,avg,6.33
94,1780553918323170560,1780553919323170560,Output Token Throughput Per User,tokens/sec/user,min,6.33
94,1780553918323170560,1780553919323170560,Output Token Throughput Per User,tokens/sec/user,max,6.33
94,1780553918323170560,1780553919323170560,Output Token Throughput Per User,tokens/sec/user,sum,6.33
94,1780553918323170560,1780553919323170560,Output Token Throughput Per User,tokens/sec/user,p1,6.33
94,1780553918323170560,1780553919323170560,Output Token Throughput Per User,tokens/sec/user,p5,6.33
94,1780553918323170560,1780553919323170560,Output Token Throughput Per User,tokens/sec/user,p10,6.33
94,1780553918323170560,1780553919323170560,Output Token Throughput Per User,tokens/sec/user,p25,6.33
94,1780553918323170560,1780553919323170560,Output Token Throughput Per User,tokens/sec/user,p50,6.33
94,1780553918323170560,1780553919323170560,Output Token Throughput Per User,tokens/sec/user,p75,6.33
94,1780553918323170560,1780553919323170560,Output Token Throughput Per User,tokens/sec/user,p90,6.33
94,1780553918323170560,1780553919323170560,Output Token Throughput Per User,tokens/sec/user,p95,6.33
94,1780553918323170560,1780553919323170560,Output Token Throughput Per User,tokens/sec/user,p99,6.33
94,1780553918323170560,1780553919323170560,Output Token Throughput Per User,tokens/sec/user,std,0.00
94,1780553918323170560,1780553919323170560,Prefill Throughput Per User,tokens/sec/user,avg,779.90
94,1780553918323170560,1780553919323170560,Prefill Throughput Per User,tokens/sec/user,min,779.90
94,1780553918323170560,1780553919323170560,Prefill Throughput Per User,tokens/sec/user,max,779.90
94,1780553918323170560,1780553919323170560,Prefill Throughput Per User,tokens/sec/user,sum,779.90
94,1780553918323170560,1780553919323170560,Prefill Throughput Per User,tokens/sec/user,p1,779.90
94,1780553918323170560,1780553919323170560,Prefill Throughput Per User,tokens/sec/user,p5,779.90
94,1780553918323170560,1780553919323170560,Prefill Throughput Per User,tokens/sec/user,p10,779.90
94,1780553918323170560,1780553919323170560,Prefill Throughput Per User,tokens/sec/user,p25,779.90
94,1780553918323170560,1780553919323170560,Prefill Throughput Per User,tokens/sec/user,p50,779.90
94,1780553918323170560,1780553919323170560,Prefill Throughput Per User,tokens/sec/user,p75,779.90
94,1780553918323170560,1780553919323170560,Prefill Throughput Per User,tokens/sec/user,p90,779.90
94,1780553918323170560,1780553919323170560,Prefill Throughput Per User,tokens/sec/user,p95,779.90
94,1780553918323170560,1780553919323170560,Prefill Throughput Per User,tokens/sec/user,p99,779.90
94,1780553918323170560,1780553919323170560,Prefill Throughput Per User,tokens/sec/user,std,0.00
94,1780553918323170560,1780553919323170560,Request Count,requests,avg,1.00
94,1780553918323170560,1780553919323170560,Request Latency,ms,avg,126255.48
94,1780553918323170560,1780553919323170560,Request Latency,ms,min,126255.48
94,1780553918323170560,1780553919323170560,Request Latency,ms,max,126255.48
94,1780553918323170560,1780553919323170560,Request Latency,ms,sum,126255.48
94,1780553918323170560,1780553919323170560,Request Latency,ms,p1,126255.48
94,1780553918323170560,1780553919323170560,Request Latency,ms,p5,126255.48
94,1780553918323170560,1780553919323170560,Request Latency,ms,p10,126255.48
94,1780553918323170560,1780553919323170560,Request Latency,ms,p25,126255.48
94,1780553918323170560,1780553919323170560,Request Latency,ms,p50,126255.48
94,1780553918323170560,1780553919323170560,Request Latency,ms,p75,126255.48
94,1780553918323170560,1780553919323170560,Request Latency,ms,p90,126255.48
94,1780553918323170560,1780553919323170560,Request Latency,ms,p95,126255.48
94,1780553918323170560,1780553919323170560,Request Latency,ms,p99,126255.48
94,1780553918323170560,1780553919323170560,Request Latency,ms,std,0.00
94,1780553918323170560,1780553919323170560,Request Throughput,requests/sec,avg,1.00
94,1780553918323170560,1780553919323170560,Requested OSL,tokens,avg,379.00
94,1780553918323170560,1780553919323170560,Requested OSL,tokens,min,379.00
94,1780553918323170560,1780553919323170560,Requested OSL,tokens,max,379.00
94,1780553918323170560,1780553919323170560,Requested OSL,tokens,sum,379.00
94,1780553918323170560,1780553919323170560,Requested OSL,tokens,p1,379.00
94,1780553918323170560,1780553919323170560,Requested OSL,tokens,p5,379.00
94,1780553918323170560,1780553919323170560,Requested OSL,tokens,p10,379.00
94,1780553918323170560,1780553919323170560,Requested OSL,tokens,p25,379.00
94,1780553918323170560,1780553919323170560,Requested OSL,tokens,p50,379.00
94,1780553918323170560,1780553919323170560,Requested OSL,tokens,p75,379.00
94,1780553918323170560,1780553919323170560,Requested OSL,tokens,p90,379.00
94,1780553918323170560,1780553919323170560,Requested OSL,tokens,p95,379.00
94,1780553918323170560,1780553919323170560,Requested OSL,tokens,p99,379.00
94,1780553918323170560,1780553919323170560,Requested OSL,tokens,std,0.00
94,1780553918323170560,1780553919323170560,Time to First Output Token,ms,avg,66537.95
94,1780553918323170560,1780553919323170560,Time to First Output Token,ms,min,66537.95
94,1780553918323170560,1780553919323170560,Time to First Output Token,ms,max,66537.95
94,1780553918323170560,1780553919323170560,Time to First Output Token,ms,sum,66537.95
94,1780553918323170560,1780553919323170560,Time to First Output Token,ms,p1,66537.95
94,1780553918323170560,1780553919323170560,Time to First Output Token,ms,p5,66537.95
94,1780553918323170560,1780553919323170560,Time to First Output Token,ms,p10,66537.95
94,1780553918323170560,1780553919323170560,Time to First Output Token,ms,p25,66537.95
94,1780553918323170560,1780553919323170560,Time to First Output Token,ms,p50,66537.95
94,1780553918323170560,1780553919323170560,Time to First Output Token,ms,p75,66537.95
94,1780553918323170560,1780553919323170560,Time to First Output Token,ms,p90,66537.95
94,1780553918323170560,1780553919323170560,Time to First Output Token,ms,p95,66537.95
94,1780553918323170560,1780553919323170560,Time to First Output Token,ms,p99,66537.95
94,1780553918323170560,1780553919323170560,Time to First Output Token,ms,std,0.00
94,1780553918323170560,1780553919323170560,Time to First Token,ms,avg,66537.95
94,1780553918323170560,1780553919323170560,Time to First Token,ms,min,66537.95
94,1780553918323170560,1780553919323170560,Time to First Token,ms,max,66537.95
94,1780553918323170560,1780553919323170560,Time to First Token,ms,sum,66537.95
94,1780553918323170560,1780553919323170560,Time to First Token,ms,p1,66537.95
94,1780553918323170560,1780553919323170560,Time to First Token,ms,p5,66537.95
94,1780553918323170560,1780553919323170560,Time to First Token,ms,p10,66537.95
94,1780553918323170560,1780553919323170560,Time to First Token,ms,p25,66537.95
94,1780553918323170560,1780553919323170560,Time to First Token,ms,p50,66537.95
94,1780553918323170560,1780553919323170560,Time to First Token,ms,p75,66537.95
94,1780553918323170560,1780553919323170560,Time to First Token,ms,p90,66537.95
94,1780553918323170560,1780553919323170560,Time to First Token,ms,p95,66537.95
94,1780553918323170560,1780553919323170560,Time to First Token,ms,p99,66537.95
94,1780553918323170560,1780553919323170560,Time to First Token,ms,std,0.00
94,1780553918323170560,1780553919323170560,Time to Second Token,ms,avg,229.80
94,1780553918323170560,1780553919323170560,Time to Second Token,ms,min,229.80
94,1780553918323170560,1780553919323170560,Time to Second Token,ms,max,229.80
94,1780553918323170560,1780553919323170560,Time to Second Token,ms,sum,229.80
94,1780553918323170560,1780553919323170560,Time to Second Token,ms,p1,229.80
94,1780553918323170560,1780553919323170560,Time to Second Token,ms,p5,229.80
94,1780553918323170560,1780553919323170560,Time to Second Token,ms,p10,229.80
94,1780553918323170560,1780553919323170560,Time to Second Token,ms,p25,229.80
94,1780553918323170560,1780553919323170560,Time to Second Token,ms,p50,229.80
94,1780553918323170560,1780553919323170560,Time to Second Token,ms,p75,229.80
94,1780553918323170560,1780553919323170560,Time to Second Token,ms,p90,229.80
94,1780553918323170560,1780553919323170560,Time to Second Token,ms,p95,229.80
94,1780553918323170560,1780553919323170560,Time to Second Token,ms,p99,229.80
94,1780553918323170560,1780553919323170560,Time to Second Token,ms,std,0.00
94,1780553918323170560,1780553919323170560,Tokens In Flight,tokens,avg,1365693.61
94,1780553918323170560,1780553919323170560,Tokens In Flight,tokens,min,1326808.11
94,1780553918323170560,1780553919323170560,Tokens In Flight,tokens,max,1419489.11
94,1780553918323170560,1780553919323170560,Tokens In Flight,tokens,p50,1378750.46
94,1780553918323170560,1780553919323170560,Tokens In Flight,tokens,p90,1419476.35
94,1780553918323170560,1780553919323170560,Tokens In Flight,tokens,p95,1419483.25
94,1780553918323170560,1780553919323170560,Tokens In Flight,tokens,p99,1419487.30
94,1780553918323170560,1780553919323170560,Tokens In Flight,tokens,std,37598.36
94,1780553918323170560,1780553919323170560,Total Input Sequence Length,tokens,avg,51893.00
94,1780553918323170560,1780553919323170560,Total Output Sequence Length,tokens,avg,379.00
94,1780553918323170560,1780553919323170560,Total Output Tokens,tokens,avg,379.00
94,1780553918323170560,1780553919323170560,Total Token Throughput,tokens/sec,avg,52272.00
94,1780553918323170560,1780553919323170560,Total Usage Completion Tokens,tokens,avg,379.00
94,1780553918323170560,1780553919323170560,Total Usage Prompt Tokens,tokens,avg,51893.00
94,1780553918323170560,1780553919323170560,Total Usage Total Tokens,tokens,avg,52272.00
94,1780553918323170560,1780553919323170560,Usage Completion Tokens,tokens,avg,379.00
94,1780553918323170560,1780553919323170560,Usage Completion Tokens,tokens,min,379.00
94,1780553918323170560,1780553919323170560,Usage Completion Tokens,tokens,max,379.00
94,1780553918323170560,1780553919323170560,Usage Completion Tokens,tokens,sum,379.00
94,1780553918323170560,1780553919323170560,Usage Completion Tokens,tokens,p1,379.00
94,1780553918323170560,1780553919323170560,Usage Completion Tokens,tokens,p5,379.00
94,1780553918323170560,1780553919323170560,Usage Completion Tokens,tokens,p10,379.00
94,1780553918323170560,1780553919323170560,Usage Completion Tokens,tokens,p25,379.00
94,1780553918323170560,1780553919323170560,Usage Completion Tokens,tokens,p50,379.00
94,1780553918323170560,1780553919323170560,Usage Completion Tokens,tokens,p75,379.00
94,1780553918323170560,1780553919323170560,Usage Completion Tokens,tokens,p90,379.00
94,1780553918323170560,1780553919323170560,Usage Completion Tokens,tokens,p95,379.00
94,1780553918323170560,1780553919323170560,Usage Completion Tokens,tokens,p99,379.00
94,1780553918323170560,1780553919323170560,Usage Completion Tokens,tokens,std,0.00
94,1780553918323170560,1780553919323170560,Usage Prompt Tokens,tokens,avg,51893.00
94,1780553918323170560,1780553919323170560,Usage Prompt Tokens,tokens,min,51893.00
94,1780553918323170560,1780553919323170560,Usage Prompt Tokens,tokens,max,51893.00
94,1780553918323170560,1780553919323170560,Usage Prompt Tokens,tokens,sum,51893.00
94,1780553918323170560,1780553919323170560,Usage Prompt Tokens,tokens,p1,51893.00
94,1780553918323170560,1780553919323170560,Usage Prompt Tokens,tokens,p5,51893.00
94,1780553918323170560,1780553919323170560,Usage Prompt Tokens,tokens,p10,51893.00
94,1780553918323170560,1780553919323170560,Usage Prompt Tokens,tokens,p25,51893.00
94,1780553918323170560,1780553919323170560,Usage Prompt Tokens,tokens,p50,51893.00
94,1780553918323170560,1780553919323170560,Usage Prompt Tokens,tokens,p75,51893.00
94,1780553918323170560,1780553919323170560,Usage Prompt Tokens,tokens,p90,51893.00
94,1780553918323170560,1780553919323170560,Usage Prompt Tokens,tokens,p95,51893.00
94,1780553918323170560,1780553919323170560,Usage Prompt Tokens,tokens,p99,51893.00
94,1780553918323170560,1780553919323170560,Usage Prompt Tokens,tokens,std,0.00
94,1780553918323170560,1780553919323170560,Usage Total Tokens,tokens,avg,52272.00
94,1780553918323170560,1780553919323170560,Usage Total Tokens,tokens,min,52272.00
94,1780553918323170560,1780553919323170560,Usage Total Tokens,tokens,max,52272.00
94,1780553918323170560,1780553919323170560,Usage Total Tokens,tokens,sum,52272.00
94,1780553918323170560,1780553919323170560,Usage Total Tokens,tokens,p1,52272.00
94,1780553918323170560,1780553919323170560,Usage Total Tokens,tokens,p5,52272.00
94,1780553918323170560,1780553919323170560,Usage Total Tokens,tokens,p10,52272.00
94,1780553918323170560,1780553919323170560,Usage Total Tokens,tokens,p25,52272.00
94,1780553918323170560,1780553919323170560,Usage Total Tokens,tokens,p50,52272.00
94,1780553918323170560,1780553919323170560,Usage Total Tokens,tokens,p75,52272.00
94,1780553918323170560,1780553919323170560,Usage Total Tokens,tokens,p90,52272.00
94,1780553918323170560,1780553919323170560,Usage Total Tokens,tokens,p95,52272.00
94,1780553918323170560,1780553919323170560,Usage Total Tokens,tokens,p99,52272.00
94,1780553918323170560,1780553919323170560,Usage Total Tokens,tokens,std,0.00
95,1780553928323170560,1780553929323170560,Active Decode Throughput,tokens/sec,avg,101.67
95,1780553928323170560,1780553929323170560,Active Decode Throughput,tokens/sec,min,75.37
95,1780553928323170560,1780553929323170560,Active Decode Throughput,tokens/sec,max,127.98
95,1780553928323170560,1780553929323170560,Active Decode Throughput,tokens/sec,p50,101.67
95,1780553928323170560,1780553929323170560,Active Decode Throughput,tokens/sec,p90,101.68
95,1780553928323170560,1780553929323170560,Active Decode Throughput,tokens/sec,p95,101.68
95,1780553928323170560,1780553929323170560,Active Decode Throughput,tokens/sec,p99,101.68
95,1780553928323170560,1780553929323170560,Active Decode Throughput,tokens/sec,std,0.04
95,1780553928323170560,1780553929323170560,Active Decode Throughput Per User,tokens/sec/user,avg,9.24
95,1780553928323170560,1780553929323170560,Active Decode Throughput Per User,tokens/sec/user,min,6.85
95,1780553928323170560,1780553929323170560,Active Decode Throughput Per User,tokens/sec/user,max,11.63
95,1780553928323170560,1780553929323170560,Active Decode Throughput Per User,tokens/sec/user,p50,9.24
95,1780553928323170560,1780553929323170560,Active Decode Throughput Per User,tokens/sec/user,p90,9.24
95,1780553928323170560,1780553929323170560,Active Decode Throughput Per User,tokens/sec/user,p95,9.24
95,1780553928323170560,1780553929323170560,Active Decode Throughput Per User,tokens/sec/user,p99,9.24
95,1780553928323170560,1780553929323170560,Active Decode Throughput Per User,tokens/sec/user,std,0.00
95,1780553928323170560,1780553929323170560,Active Prefill Throughput,tokens/sec,avg,7384.42
95,1780553928323170560,1780553929323170560,Active Prefill Throughput,tokens/sec,min,7271.84
95,1780553928323170560,1780553929323170560,Active Prefill Throughput,tokens/sec,max,8740.35
95,1780553928323170560,1780553929323170560,Active Prefill Throughput,tokens/sec,p50,7271.84
95,1780553928323170560,1780553929323170560,Active Prefill Throughput,tokens/sec,p90,7271.84
95,1780553928323170560,1780553929323170560,Active Prefill Throughput,tokens/sec,p95,8740.35
95,1780553928323170560,1780553929323170560,Active Prefill Throughput,tokens/sec,p99,8740.35
95,1780553928323170560,1780553929323170560,Active Prefill Throughput,tokens/sec,std,390.71
95,1780553928323170560,1780553929323170560,Active Prefill Throughput Per User,tokens/sec/user,avg,2405.63
95,1780553928323170560,1780553929323170560,Active Prefill Throughput Per User,tokens/sec/user,min,2185.09
95,1780553928323170560,1780553929323170560,Active Prefill Throughput Per User,tokens/sec/user,max,2423.95
95,1780553928323170560,1780553929323170560,Active Prefill Throughput Per User,tokens/sec/user,p50,2423.95
95,1780553928323170560,1780553929323170560,Active Prefill Throughput Per User,tokens/sec/user,p90,2423.95
95,1780553928323170560,1780553929323170560,Active Prefill Throughput Per User,tokens/sec/user,p95,2423.95
95,1780553928323170560,1780553929323170560,Active Prefill Throughput Per User,tokens/sec/user,p99,2423.95
95,1780553928323170560,1780553929323170560,Active Prefill Throughput Per User,tokens/sec/user,std,63.55
95,1780553928323170560,1780553929323170560,Active Total Throughput,tokens/sec,avg,7464.42
95,1780553928323170560,1780553929323170560,Active Total Throughput,tokens/sec,min,7351.84
95,1780553928323170560,1780553929323170560,Active Total Throughput,tokens/sec,max,8820.35
95,1780553928323170560,1780553929323170560,Active Total Throughput,tokens/sec,p50,7351.84
95,1780553928323170560,1780553929323170560,Active Total Throughput,tokens/sec,p90,7351.84
95,1780553928323170560,1780553929323170560,Active Total Throughput,tokens/sec,p95,8820.35
95,1780553928323170560,1780553929323170560,Active Total Throughput,tokens/sec,p99,8820.35
95,1780553928323170560,1780553929323170560,Active Total Throughput,tokens/sec,std,390.71
95,1780553928323170560,1780553929323170560,Benchmark Duration,sec,avg,338.88
95,1780553928323170560,1780553929323170560,E2E Output Token Throughput,tokens/sec/user,avg,6.13
95,1780553928323170560,1780553929323170560,E2E Output Token Throughput,tokens/sec/user,min,6.13
95,1780553928323170560,1780553929323170560,E2E Output Token Throughput,tokens/sec/user,max,6.13
95,1780553928323170560,1780553929323170560,E2E Output Token Throughput,tokens/sec/user,sum,6.13
95,1780553928323170560,1780553929323170560,E2E Output Token Throughput,tokens/sec/user,p1,6.13
95,1780553928323170560,1780553929323170560,E2E Output Token Throughput,tokens/sec/user,p5,6.13
95,1780553928323170560,1780553929323170560,E2E Output Token Throughput,tokens/sec/user,p10,6.13
95,1780553928323170560,1780553929323170560,E2E Output Token Throughput,tokens/sec/user,p25,6.13
95,1780553928323170560,1780553929323170560,E2E Output Token Throughput,tokens/sec/user,p50,6.13
95,1780553928323170560,1780553929323170560,E2E Output Token Throughput,tokens/sec/user,p75,6.13
95,1780553928323170560,1780553929323170560,E2E Output Token Throughput,tokens/sec/user,p90,6.13
95,1780553928323170560,1780553929323170560,E2E Output Token Throughput,tokens/sec/user,p95,6.13
95,1780553928323170560,1780553929323170560,E2E Output Token Throughput,tokens/sec/user,p99,6.13
95,1780553928323170560,1780553929323170560,E2E Output Token Throughput,tokens/sec/user,std,0.00
95,1780553928323170560,1780553929323170560,Effective Concurrency,requests,avg,14.08
95,1780553928323170560,1780553929323170560,Effective Concurrency,requests,min,14.00
95,1780553928323170560,1780553929323170560,Effective Concurrency,requests,max,15.00
95,1780553928323170560,1780553929323170560,Effective Concurrency,requests,p50,14.00
95,1780553928323170560,1780553929323170560,Effective Concurrency,requests,p90,14.00
95,1780553928323170560,1780553929323170560,Effective Concurrency,requests,p95,15.00
95,1780553928323170560,1780553929323170560,Effective Concurrency,requests,p99,15.00
95,1780553928323170560,1780553929323170560,Effective Concurrency,requests,std,0.27
95,1780553928323170560,1780553929323170560,Effective Decode Concurrency,requests,avg,11.00
95,1780553928323170560,1780553929323170560,Effective Decode Concurrency,requests,min,11.00
95,1780553928323170560,1780553929323170560,Effective Decode Concurrency,requests,max,11.00
95,1780553928323170560,1780553929323170560,Effective Decode Concurrency,requests,p50,11.00
95,1780553928323170560,1780553929323170560,Effective Decode Concurrency,requests,p90,11.00
95,1780553928323170560,1780553929323170560,Effective Decode Concurrency,requests,p95,11.00
95,1780553928323170560,1780553929323170560,Effective Decode Concurrency,requests,p99,11.00
95,1780553928323170560,1780553929323170560,Effective Decode Concurrency,requests,std,0.00
95,1780553928323170560,1780553929323170560,Effective Decode Throughput,tokens/sec,avg,101.67
95,1780553928323170560,1780553929323170560,Effective Decode Throughput,tokens/sec,min,75.37
95,1780553928323170560,1780553929323170560,Effective Decode Throughput,tokens/sec,max,127.98
95,1780553928323170560,1780553929323170560,Effective Decode Throughput,tokens/sec,p50,101.67
95,1780553928323170560,1780553929323170560,Effective Decode Throughput,tokens/sec,p90,101.68
95,1780553928323170560,1780553929323170560,Effective Decode Throughput,tokens/sec,p95,101.68
95,1780553928323170560,1780553929323170560,Effective Decode Throughput,tokens/sec,p99,101.68
95,1780553928323170560,1780553929323170560,Effective Decode Throughput,tokens/sec,std,0.04
95,1780553928323170560,1780553929323170560,Effective Decode Throughput Per User,tokens/sec/user,avg,9.24
95,1780553928323170560,1780553929323170560,Effective Decode Throughput Per User,tokens/sec/user,min,6.85
95,1780553928323170560,1780553929323170560,Effective Decode Throughput Per User,tokens/sec/user,max,11.63
95,1780553928323170560,1780553929323170560,Effective Decode Throughput Per User,tokens/sec/user,p50,9.24
95,1780553928323170560,1780553929323170560,Effective Decode Throughput Per User,tokens/sec/user,p90,9.24
95,1780553928323170560,1780553929323170560,Effective Decode Throughput Per User,tokens/sec/user,p95,9.24
95,1780553928323170560,1780553929323170560,Effective Decode Throughput Per User,tokens/sec/user,p99,9.24
95,1780553928323170560,1780553929323170560,Effective Decode Throughput Per User,tokens/sec/user,std,0.00
95,1780553928323170560,1780553929323170560,Effective Prefill Concurrency,requests,avg,3.08
95,1780553928323170560,1780553929323170560,Effective Prefill Concurrency,requests,min,3.00
95,1780553928323170560,1780553929323170560,Effective Prefill Concurrency,requests,max,4.00
95,1780553928323170560,1780553929323170560,Effective Prefill Concurrency,requests,p50,3.00
95,1780553928323170560,1780553929323170560,Effective Prefill Concurrency,requests,p90,3.00
95,1780553928323170560,1780553929323170560,Effective Prefill Concurrency,requests,p95,4.00
95,1780553928323170560,1780553929323170560,Effective Prefill Concurrency,requests,p99,4.00
95,1780553928323170560,1780553929323170560,Effective Prefill Concurrency,requests,std,0.27
95,1780553928323170560,1780553929323170560,Effective Prefill Throughput,tokens/sec,avg,7384.42
95,1780553928323170560,1780553929323170560,Effective Prefill Throughput,tokens/sec,min,7271.84
95,1780553928323170560,1780553929323170560,Effective Prefill Throughput,tokens/sec,max,8740.35
95,1780553928323170560,1780553929323170560,Effective Prefill Throughput,tokens/sec,p50,7271.84
95,1780553928323170560,1780553929323170560,Effective Prefill Throughput,tokens/sec,p90,7271.84
95,1780553928323170560,1780553929323170560,Effective Prefill Throughput,tokens/sec,p95,8740.35
95,1780553928323170560,1780553929323170560,Effective Prefill Throughput,tokens/sec,p99,8740.35
95,1780553928323170560,1780553929323170560,Effective Prefill Throughput,tokens/sec,std,390.71
95,1780553928323170560,1780553929323170560,Effective Prefill Throughput Per User,tokens/sec/user,avg,2405.63
95,1780553928323170560,1780553929323170560,Effective Prefill Throughput Per User,tokens/sec/user,min,2185.09
95,1780553928323170560,1780553929323170560,Effective Prefill Throughput Per User,tokens/sec/user,max,2423.95
95,1780553928323170560,1780553929323170560,Effective Prefill Throughput Per User,tokens/sec/user,p50,2423.95
95,1780553928323170560,1780553929323170560,Effective Prefill Throughput Per User,tokens/sec/user,p90,2423.95
95,1780553928323170560,1780553929323170560,Effective Prefill Throughput Per User,tokens/sec/user,p95,2423.95
95,1780553928323170560,1780553929323170560,Effective Prefill Throughput Per User,tokens/sec/user,p99,2423.95
95,1780553928323170560,1780553929323170560,Effective Prefill Throughput Per User,tokens/sec/user,std,63.55
95,1780553928323170560,1780553929323170560,Effective Total Throughput,tokens/sec,avg,7464.42
95,1780553928323170560,1780553929323170560,Effective Total Throughput,tokens/sec,min,7351.84
95,1780553928323170560,1780553929323170560,Effective Total Throughput,tokens/sec,max,8820.35
95,1780553928323170560,1780553929323170560,Effective Total Throughput,tokens/sec,p50,7351.84
95,1780553928323170560,1780553929323170560,Effective Total Throughput,tokens/sec,p90,7351.84
95,1780553928323170560,1780553929323170560,Effective Total Throughput,tokens/sec,p95,8820.35
95,1780553928323170560,1780553929323170560,Effective Total Throughput,tokens/sec,p99,8820.35
95,1780553928323170560,1780553929323170560,Effective Total Throughput,tokens/sec,std,390.71
95,1780553928323170560,1780553929323170560,HTTP Blocked,ms,avg,0.00
95,1780553928323170560,1780553929323170560,HTTP Blocked,ms,min,0.00
95,1780553928323170560,1780553929323170560,HTTP Blocked,ms,max,0.00
95,1780553928323170560,1780553929323170560,HTTP Blocked,ms,sum,0.00
95,1780553928323170560,1780553929323170560,HTTP Blocked,ms,p1,0.00
95,1780553928323170560,1780553929323170560,HTTP Blocked,ms,p5,0.00
95,1780553928323170560,1780553929323170560,HTTP Blocked,ms,p10,0.00
95,1780553928323170560,1780553929323170560,HTTP Blocked,ms,p25,0.00
95,1780553928323170560,1780553929323170560,HTTP Blocked,ms,p50,0.00
95,1780553928323170560,1780553929323170560,HTTP Blocked,ms,p75,0.00
95,1780553928323170560,1780553929323170560,HTTP Blocked,ms,p90,0.00
95,1780553928323170560,1780553929323170560,HTTP Blocked,ms,p95,0.00
95,1780553928323170560,1780553929323170560,HTTP Blocked,ms,p99,0.00
95,1780553928323170560,1780553929323170560,HTTP Blocked,ms,std,0.00
95,1780553928323170560,1780553929323170560,HTTP Chunks Received,count,avg,2077.00
95,1780553928323170560,1780553929323170560,HTTP Chunks Received,count,min,2077.00
95,1780553928323170560,1780553929323170560,HTTP Chunks Received,count,max,2077.00
95,1780553928323170560,1780553929323170560,HTTP Chunks Received,count,sum,2077.00
95,1780553928323170560,1780553929323170560,HTTP Chunks Received,count,p1,2077.00
95,1780553928323170560,1780553929323170560,HTTP Chunks Received,count,p5,2077.00
95,1780553928323170560,1780553929323170560,HTTP Chunks Received,count,p10,2077.00
95,1780553928323170560,1780553929323170560,HTTP Chunks Received,count,p25,2077.00
95,1780553928323170560,1780553929323170560,HTTP Chunks Received,count,p50,2077.00
95,1780553928323170560,1780553929323170560,HTTP Chunks Received,count,p75,2077.00
95,1780553928323170560,1780553929323170560,HTTP Chunks Received,count,p90,2077.00
95,1780553928323170560,1780553929323170560,HTTP Chunks Received,count,p95,2077.00
95,1780553928323170560,1780553929323170560,HTTP Chunks Received,count,p99,2077.00
95,1780553928323170560,1780553929323170560,HTTP Chunks Received,count,std,0.00
95,1780553928323170560,1780553929323170560,HTTP Chunks Sent,count,avg,1.00
95,1780553928323170560,1780553929323170560,HTTP Chunks Sent,count,min,1.00
95,1780553928323170560,1780553929323170560,HTTP Chunks Sent,count,max,1.00
95,1780553928323170560,1780553929323170560,HTTP Chunks Sent,count,sum,1.00
95,1780553928323170560,1780553929323170560,HTTP Chunks Sent,count,p1,1.00
95,1780553928323170560,1780553929323170560,HTTP Chunks Sent,count,p5,1.00
95,1780553928323170560,1780553929323170560,HTTP Chunks Sent,count,p10,1.00
95,1780553928323170560,1780553929323170560,HTTP Chunks Sent,count,p25,1.00
95,1780553928323170560,1780553929323170560,HTTP Chunks Sent,count,p50,1.00
95,1780553928323170560,1780553929323170560,HTTP Chunks Sent,count,p75,1.00
95,1780553928323170560,1780553929323170560,HTTP Chunks Sent,count,p90,1.00
95,1780553928323170560,1780553929323170560,HTTP Chunks Sent,count,p95,1.00
95,1780553928323170560,1780553929323170560,HTTP Chunks Sent,count,p99,1.00
95,1780553928323170560,1780553929323170560,HTTP Chunks Sent,count,std,0.00
95,1780553928323170560,1780553929323170560,HTTP Connecting,ms,avg,1.20
95,1780553928323170560,1780553929323170560,HTTP Connecting,ms,min,1.20
95,1780553928323170560,1780553929323170560,HTTP Connecting,ms,max,1.20
95,1780553928323170560,1780553929323170560,HTTP Connecting,ms,sum,1.20
95,1780553928323170560,1780553929323170560,HTTP Connecting,ms,p1,1.20
95,1780553928323170560,1780553929323170560,HTTP Connecting,ms,p5,1.20
95,1780553928323170560,1780553929323170560,HTTP Connecting,ms,p10,1.20
95,1780553928323170560,1780553929323170560,HTTP Connecting,ms,p25,1.20
95,1780553928323170560,1780553929323170560,HTTP Connecting,ms,p50,1.20
95,1780553928323170560,1780553929323170560,HTTP Connecting,ms,p75,1.20
95,1780553928323170560,1780553929323170560,HTTP Connecting,ms,p90,1.20
95,1780553928323170560,1780553929323170560,HTTP Connecting,ms,p95,1.20
95,1780553928323170560,1780553929323170560,HTTP Connecting,ms,p99,1.20
95,1780553928323170560,1780553929323170560,HTTP Connecting,ms,std,0.00
95,1780553928323170560,1780553929323170560,HTTP Connection Overhead,ms,avg,1.70
95,1780553928323170560,1780553929323170560,HTTP Connection Overhead,ms,min,1.70
95,1780553928323170560,1780553929323170560,HTTP Connection Overhead,ms,max,1.70
95,1780553928323170560,1780553929323170560,HTTP Connection Overhead,ms,sum,1.70
95,1780553928323170560,1780553929323170560,HTTP Connection Overhead,ms,p1,1.70
95,1780553928323170560,1780553929323170560,HTTP Connection Overhead,ms,p5,1.70
95,1780553928323170560,1780553929323170560,HTTP Connection Overhead,ms,p10,1.70
95,1780553928323170560,1780553929323170560,HTTP Connection Overhead,ms,p25,1.70
95,1780553928323170560,1780553929323170560,HTTP Connection Overhead,ms,p50,1.70
95,1780553928323170560,1780553929323170560,HTTP Connection Overhead,ms,p75,1.70
95,1780553928323170560,1780553929323170560,HTTP Connection Overhead,ms,p90,1.70
95,1780553928323170560,1780553929323170560,HTTP Connection Overhead,ms,p95,1.70
95,1780553928323170560,1780553929323170560,HTTP Connection Overhead,ms,p99,1.70
95,1780553928323170560,1780553929323170560,HTTP Connection Overhead,ms,std,0.00
95,1780553928323170560,1780553929323170560,HTTP Connection Reused,ratio,avg,0.00
95,1780553928323170560,1780553929323170560,HTTP Connection Reused,ratio,min,0.00
95,1780553928323170560,1780553929323170560,HTTP Connection Reused,ratio,max,0.00
95,1780553928323170560,1780553929323170560,HTTP Connection Reused,ratio,sum,0.00
95,1780553928323170560,1780553929323170560,HTTP Connection Reused,ratio,p1,0.00
95,1780553928323170560,1780553929323170560,HTTP Connection Reused,ratio,p5,0.00
95,1780553928323170560,1780553929323170560,HTTP Connection Reused,ratio,p10,0.00
95,1780553928323170560,1780553929323170560,HTTP Connection Reused,ratio,p25,0.00
95,1780553928323170560,1780553929323170560,HTTP Connection Reused,ratio,p50,0.00
95,1780553928323170560,1780553929323170560,HTTP Connection Reused,ratio,p75,0.00
95,1780553928323170560,1780553929323170560,HTTP Connection Reused,ratio,p90,0.00
95,1780553928323170560,1780553929323170560,HTTP Connection Reused,ratio,p95,0.00
95,1780553928323170560,1780553929323170560,HTTP Connection Reused,ratio,p99,0.00
95,1780553928323170560,1780553929323170560,HTTP Connection Reused,ratio,std,0.00
95,1780553928323170560,1780553929323170560,HTTP Data Received,KB,avg,516.75
95,1780553928323170560,1780553929323170560,HTTP Data Received,KB,min,516.75
95,1780553928323170560,1780553929323170560,HTTP Data Received,KB,max,516.75
95,1780553928323170560,1780553929323170560,HTTP Data Received,KB,sum,516.75
95,1780553928323170560,1780553929323170560,HTTP Data Received,KB,p1,516.75
95,1780553928323170560,1780553929323170560,HTTP Data Received,KB,p5,516.75
95,1780553928323170560,1780553929323170560,HTTP Data Received,KB,p10,516.75
95,1780553928323170560,1780553929323170560,HTTP Data Received,KB,p25,516.75
95,1780553928323170560,1780553929323170560,HTTP Data Received,KB,p50,516.75
95,1780553928323170560,1780553929323170560,HTTP Data Received,KB,p75,516.75
95,1780553928323170560,1780553929323170560,HTTP Data Received,KB,p90,516.75
95,1780553928323170560,1780553929323170560,HTTP Data Received,KB,p95,516.75
95,1780553928323170560,1780553929323170560,HTTP Data Received,KB,p99,516.75
95,1780553928323170560,1780553929323170560,HTTP Data Received,KB,std,0.00
95,1780553928323170560,1780553929323170560,HTTP Data Sent,KB,avg,369.32
95,1780553928323170560,1780553929323170560,HTTP Data Sent,KB,min,369.32
95,1780553928323170560,1780553929323170560,HTTP Data Sent,KB,max,369.32
95,1780553928323170560,1780553929323170560,HTTP Data Sent,KB,sum,369.32
95,1780553928323170560,1780553929323170560,HTTP Data Sent,KB,p1,369.32
95,1780553928323170560,1780553929323170560,HTTP Data Sent,KB,p5,369.32
95,1780553928323170560,1780553929323170560,HTTP Data Sent,KB,p10,369.32
95,1780553928323170560,1780553929323170560,HTTP Data Sent,KB,p25,369.32
95,1780553928323170560,1780553929323170560,HTTP Data Sent,KB,p50,369.32
95,1780553928323170560,1780553929323170560,HTTP Data Sent,KB,p75,369.32
95,1780553928323170560,1780553929323170560,HTTP Data Sent,KB,p90,369.32
95,1780553928323170560,1780553929323170560,HTTP Data Sent,KB,p95,369.32
95,1780553928323170560,1780553929323170560,HTTP Data Sent,KB,p99,369.32
95,1780553928323170560,1780553929323170560,HTTP Data Sent,KB,std,0.00
95,1780553928323170560,1780553929323170560,HTTP DNS Lookup,ms,avg,0.50
95,1780553928323170560,1780553929323170560,HTTP DNS Lookup,ms,min,0.50
95,1780553928323170560,1780553929323170560,HTTP DNS Lookup,ms,max,0.50
95,1780553928323170560,1780553929323170560,HTTP DNS Lookup,ms,sum,0.50
95,1780553928323170560,1780553929323170560,HTTP DNS Lookup,ms,p1,0.50
95,1780553928323170560,1780553929323170560,HTTP DNS Lookup,ms,p5,0.50
95,1780553928323170560,1780553929323170560,HTTP DNS Lookup,ms,p10,0.50
95,1780553928323170560,1780553929323170560,HTTP DNS Lookup,ms,p25,0.50
95,1780553928323170560,1780553929323170560,HTTP DNS Lookup,ms,p50,0.50
95,1780553928323170560,1780553929323170560,HTTP DNS Lookup,ms,p75,0.50
95,1780553928323170560,1780553929323170560,HTTP DNS Lookup,ms,p90,0.50
95,1780553928323170560,1780553929323170560,HTTP DNS Lookup,ms,p95,0.50
95,1780553928323170560,1780553929323170560,HTTP DNS Lookup,ms,p99,0.50
95,1780553928323170560,1780553929323170560,HTTP DNS Lookup,ms,std,0.00
95,1780553928323170560,1780553929323170560,HTTP Duration (excl. conn),ms,avg,338878.69
95,1780553928323170560,1780553929323170560,HTTP Duration (excl. conn),ms,min,338878.69
95,1780553928323170560,1780553929323170560,HTTP Duration (excl. conn),ms,max,338878.69
95,1780553928323170560,1780553929323170560,HTTP Duration (excl. conn),ms,sum,338878.69
95,1780553928323170560,1780553929323170560,HTTP Duration (excl. conn),ms,p1,338878.69
95,1780553928323170560,1780553929323170560,HTTP Duration (excl. conn),ms,p5,338878.69
95,1780553928323170560,1780553929323170560,HTTP Duration (excl. conn),ms,p10,338878.69
95,1780553928323170560,1780553929323170560,HTTP Duration (excl. conn),ms,p25,338878.69
95,1780553928323170560,1780553929323170560,HTTP Duration (excl. conn),ms,p50,338878.69
95,1780553928323170560,1780553929323170560,HTTP Duration (excl. conn),ms,p75,338878.69
95,1780553928323170560,1780553929323170560,HTTP Duration (excl. conn),ms,p90,338878.69
95,1780553928323170560,1780553929323170560,HTTP Duration (excl. conn),ms,p95,338878.69
95,1780553928323170560,1780553929323170560,HTTP Duration (excl. conn),ms,p99,338878.69
95,1780553928323170560,1780553929323170560,HTTP Duration (excl. conn),ms,std,0.00
95,1780553928323170560,1780553929323170560,HTTP Receiving,ms,avg,274574.85
95,1780553928323170560,1780553929323170560,HTTP Receiving,ms,min,274574.85
95,1780553928323170560,1780553929323170560,HTTP Receiving,ms,max,274574.85
95,1780553928323170560,1780553929323170560,HTTP Receiving,ms,sum,274574.85
95,1780553928323170560,1780553929323170560,HTTP Receiving,ms,p1,274574.85
95,1780553928323170560,1780553929323170560,HTTP Receiving,ms,p5,274574.85
95,1780553928323170560,1780553929323170560,HTTP Receiving,ms,p10,274574.85
95,1780553928323170560,1780553929323170560,HTTP Receiving,ms,p25,274574.85
95,1780553928323170560,1780553929323170560,HTTP Receiving,ms,p50,274574.85
95,1780553928323170560,1780553929323170560,HTTP Receiving,ms,p75,274574.85
95,1780553928323170560,1780553929323170560,HTTP Receiving,ms,p90,274574.85
95,1780553928323170560,1780553929323170560,HTTP Receiving,ms,p95,274574.85
95,1780553928323170560,1780553929323170560,HTTP Receiving,ms,p99,274574.85
95,1780553928323170560,1780553929323170560,HTTP Receiving,ms,std,0.00
95,1780553928323170560,1780553929323170560,HTTP Sending,ms,avg,1.51
95,1780553928323170560,1780553929323170560,HTTP Sending,ms,min,1.51
95,1780553928323170560,1780553929323170560,HTTP Sending,ms,max,1.51
95,1780553928323170560,1780553929323170560,HTTP Sending,ms,sum,1.51
95,1780553928323170560,1780553929323170560,HTTP Sending,ms,p1,1.51
95,1780553928323170560,1780553929323170560,HTTP Sending,ms,p5,1.51
95,1780553928323170560,1780553929323170560,HTTP Sending,ms,p10,1.51
95,1780553928323170560,1780553929323170560,HTTP Sending,ms,p25,1.51
95,1780553928323170560,1780553929323170560,HTTP Sending,ms,p50,1.51
95,1780553928323170560,1780553929323170560,HTTP Sending,ms,p75,1.51
95,1780553928323170560,1780553929323170560,HTTP Sending,ms,p90,1.51
95,1780553928323170560,1780553929323170560,HTTP Sending,ms,p95,1.51
95,1780553928323170560,1780553929323170560,HTTP Sending,ms,p99,1.51
95,1780553928323170560,1780553929323170560,HTTP Sending,ms,std,0.00
95,1780553928323170560,1780553929323170560,HTTP Total Time,ms,avg,338880.40
95,1780553928323170560,1780553929323170560,HTTP Total Time,ms,min,338880.40
95,1780553928323170560,1780553929323170560,HTTP Total Time,ms,max,338880.40
95,1780553928323170560,1780553929323170560,HTTP Total Time,ms,sum,338880.40
95,1780553928323170560,1780553929323170560,HTTP Total Time,ms,p1,338880.40
95,1780553928323170560,1780553929323170560,HTTP Total Time,ms,p5,338880.40
95,1780553928323170560,1780553929323170560,HTTP Total Time,ms,p10,338880.40
95,1780553928323170560,1780553929323170560,HTTP Total Time,ms,p25,338880.40
95,1780553928323170560,1780553929323170560,HTTP Total Time,ms,p50,338880.40
95,1780553928323170560,1780553929323170560,HTTP Total Time,ms,p75,338880.40
95,1780553928323170560,1780553929323170560,HTTP Total Time,ms,p90,338880.40
95,1780553928323170560,1780553929323170560,HTTP Total Time,ms,p95,338880.40
95,1780553928323170560,1780553929323170560,HTTP Total Time,ms,p99,338880.40
95,1780553928323170560,1780553929323170560,HTTP Total Time,ms,std,0.00
95,1780553928323170560,1780553929323170560,HTTP Waiting (TTFB),ms,avg,64302.33
95,1780553928323170560,1780553929323170560,HTTP Waiting (TTFB),ms,min,64302.33
95,1780553928323170560,1780553929323170560,HTTP Waiting (TTFB),ms,max,64302.33
95,1780553928323170560,1780553929323170560,HTTP Waiting (TTFB),ms,sum,64302.33
95,1780553928323170560,1780553929323170560,HTTP Waiting (TTFB),ms,p1,64302.33
95,1780553928323170560,1780553929323170560,HTTP Waiting (TTFB),ms,p5,64302.33
95,1780553928323170560,1780553929323170560,HTTP Waiting (TTFB),ms,p10,64302.33
95,1780553928323170560,1780553929323170560,HTTP Waiting (TTFB),ms,p25,64302.33
95,1780553928323170560,1780553929323170560,HTTP Waiting (TTFB),ms,p50,64302.33
95,1780553928323170560,1780553929323170560,HTTP Waiting (TTFB),ms,p75,64302.33
95,1780553928323170560,1780553929323170560,HTTP Waiting (TTFB),ms,p90,64302.33
95,1780553928323170560,1780553929323170560,HTTP Waiting (TTFB),ms,p95,64302.33
95,1780553928323170560,1780553929323170560,HTTP Waiting (TTFB),ms,p99,64302.33
95,1780553928323170560,1780553929323170560,HTTP Waiting (TTFB),ms,std,0.00
95,1780553928323170560,1780553929323170560,Input Sequence Length,tokens,avg,94431.00
95,1780553928323170560,1780553929323170560,Input Sequence Length,tokens,min,94431.00
95,1780553928323170560,1780553929323170560,Input Sequence Length,tokens,max,94431.00
95,1780553928323170560,1780553929323170560,Input Sequence Length,tokens,sum,94431.00
95,1780553928323170560,1780553929323170560,Input Sequence Length,tokens,p1,94431.00
95,1780553928323170560,1780553929323170560,Input Sequence Length,tokens,p5,94431.00
95,1780553928323170560,1780553929323170560,Input Sequence Length,tokens,p10,94431.00
95,1780553928323170560,1780553929323170560,Input Sequence Length,tokens,p25,94431.00
95,1780553928323170560,1780553929323170560,Input Sequence Length,tokens,p50,94431.00
95,1780553928323170560,1780553929323170560,Input Sequence Length,tokens,p75,94431.00
95,1780553928323170560,1780553929323170560,Input Sequence Length,tokens,p90,94431.00
95,1780553928323170560,1780553929323170560,Input Sequence Length,tokens,p95,94431.00
95,1780553928323170560,1780553929323170560,Input Sequence Length,tokens,p99,94431.00
95,1780553928323170560,1780553929323170560,Input Sequence Length,tokens,std,0.00
95,1780553928323170560,1780553929323170560,Input Token Throughput,tokens/sec,avg,94431.00
95,1780553928323170560,1780553929323170560,Inter Chunk Latency,ms,avg,68.19
95,1780553928323170560,1780553929323170560,Inter Chunk Latency,ms,min,68.16
95,1780553928323170560,1780553929323170560,Inter Chunk Latency,ms,max,68.23
95,1780553928323170560,1780553929323170560,Inter Chunk Latency,ms,sum,141495.50
95,1780553928323170560,1780553929323170560,Inter Chunk Latency,ms,p1,68.16
95,1780553928323170560,1780553929323170560,Inter Chunk Latency,ms,p5,68.16
95,1780553928323170560,1780553929323170560,Inter Chunk Latency,ms,p10,68.16
95,1780553928323170560,1780553929323170560,Inter Chunk Latency,ms,p25,68.17
95,1780553928323170560,1780553929323170560,Inter Chunk Latency,ms,p50,68.19
95,1780553928323170560,1780553929323170560,Inter Chunk Latency,ms,p75,68.21
95,1780553928323170560,1780553929323170560,Inter Chunk Latency,ms,p90,68.22
95,1780553928323170560,1780553929323170560,Inter Chunk Latency,ms,p95,68.22
95,1780553928323170560,1780553929323170560,Inter Chunk Latency,ms,p99,68.23
95,1780553928323170560,1780553929323170560,Inter Chunk Latency,ms,std,0.02
95,1780553928323170560,1780553929323170560,Inter Token Latency,ms,avg,132.26
95,1780553928323170560,1780553929323170560,Inter Token Latency,ms,min,132.26
95,1780553928323170560,1780553929323170560,Inter Token Latency,ms,max,132.26
95,1780553928323170560,1780553929323170560,Inter Token Latency,ms,sum,132.26
95,1780553928323170560,1780553929323170560,Inter Token Latency,ms,p1,132.26
95,1780553928323170560,1780553929323170560,Inter Token Latency,ms,p5,132.26
95,1780553928323170560,1780553929323170560,Inter Token Latency,ms,p10,132.26
95,1780553928323170560,1780553929323170560,Inter Token Latency,ms,p25,132.26
95,1780553928323170560,1780553929323170560,Inter Token Latency,ms,p50,132.26
95,1780553928323170560,1780553929323170560,Inter Token Latency,ms,p75,132.26
95,1780553928323170560,1780553929323170560,Inter Token Latency,ms,p90,132.26
95,1780553928323170560,1780553929323170560,Inter Token Latency,ms,p95,132.26
95,1780553928323170560,1780553929323170560,Inter Token Latency,ms,p99,132.26
95,1780553928323170560,1780553929323170560,Inter Token Latency,ms,std,0.00
95,1780553928323170560,1780553929323170560,Maximum Response Timestamp,ns,avg,1780554268125325056.00
95,1780553928323170560,1780553929323170560,Minimum Request Timestamp,ns,avg,1780553929246506240.00
95,1780553928323170560,1780553929323170560,OSL Mismatch Count,requests,avg,0.00
95,1780553928323170560,1780553929323170560,OSL Mismatch Diff %,%,avg,0.00
95,1780553928323170560,1780553929323170560,OSL Mismatch Diff %,%,min,0.00
95,1780553928323170560,1780553929323170560,OSL Mismatch Diff %,%,max,0.00
95,1780553928323170560,1780553929323170560,OSL Mismatch Diff %,%,sum,0.00
95,1780553928323170560,1780553929323170560,OSL Mismatch Diff %,%,p1,0.00
95,1780553928323170560,1780553929323170560,OSL Mismatch Diff %,%,p5,0.00
95,1780553928323170560,1780553929323170560,OSL Mismatch Diff %,%,p10,0.00
95,1780553928323170560,1780553929323170560,OSL Mismatch Diff %,%,p25,0.00
95,1780553928323170560,1780553929323170560,OSL Mismatch Diff %,%,p50,0.00
95,1780553928323170560,1780553929323170560,OSL Mismatch Diff %,%,p75,0.00
95,1780553928323170560,1780553929323170560,OSL Mismatch Diff %,%,p90,0.00
95,1780553928323170560,1780553929323170560,OSL Mismatch Diff %,%,p95,0.00
95,1780553928323170560,1780553929323170560,OSL Mismatch Diff %,%,p99,0.00
95,1780553928323170560,1780553929323170560,OSL Mismatch Diff %,%,std,0.00
95,1780553928323170560,1780553929323170560,Output Sequence Length,tokens,avg,2077.00
95,1780553928323170560,1780553929323170560,Output Sequence Length,tokens,min,2077.00
95,1780553928323170560,1780553929323170560,Output Sequence Length,tokens,max,2077.00
95,1780553928323170560,1780553929323170560,Output Sequence Length,tokens,sum,2077.00
95,1780553928323170560,1780553929323170560,Output Sequence Length,tokens,p1,2077.00
95,1780553928323170560,1780553929323170560,Output Sequence Length,tokens,p5,2077.00
95,1780553928323170560,1780553929323170560,Output Sequence Length,tokens,p10,2077.00
95,1780553928323170560,1780553929323170560,Output Sequence Length,tokens,p25,2077.00
95,1780553928323170560,1780553929323170560,Output Sequence Length,tokens,p50,2077.00
95,1780553928323170560,1780553929323170560,Output Sequence Length,tokens,p75,2077.00
95,1780553928323170560,1780553929323170560,Output Sequence Length,tokens,p90,2077.00
95,1780553928323170560,1780553929323170560,Output Sequence Length,tokens,p95,2077.00
95,1780553928323170560,1780553929323170560,Output Sequence Length,tokens,p99,2077.00
95,1780553928323170560,1780553929323170560,Output Sequence Length,tokens,std,0.00
95,1780553928323170560,1780553929323170560,Output Token Count,tokens,avg,2077.00
95,1780553928323170560,1780553929323170560,Output Token Count,tokens,min,2077.00
95,1780553928323170560,1780553929323170560,Output Token Count,tokens,max,2077.00
95,1780553928323170560,1780553929323170560,Output Token Count,tokens,sum,2077.00
95,1780553928323170560,1780553929323170560,Output Token Count,tokens,p1,2077.00
95,1780553928323170560,1780553929323170560,Output Token Count,tokens,p5,2077.00
95,1780553928323170560,1780553929323170560,Output Token Count,tokens,p10,2077.00
95,1780553928323170560,1780553929323170560,Output Token Count,tokens,p25,2077.00
95,1780553928323170560,1780553929323170560,Output Token Count,tokens,p50,2077.00
95,1780553928323170560,1780553929323170560,Output Token Count,tokens,p75,2077.00
95,1780553928323170560,1780553929323170560,Output Token Count,tokens,p90,2077.00
95,1780553928323170560,1780553929323170560,Output Token Count,tokens,p95,2077.00
95,1780553928323170560,1780553929323170560,Output Token Count,tokens,p99,2077.00
95,1780553928323170560,1780553929323170560,Output Token Count,tokens,std,0.00
95,1780553928323170560,1780553929323170560,Output Token Throughput,tokens/sec,avg,2077.00
95,1780553928323170560,1780553929323170560,Output Token Throughput Per User,tokens/sec/user,avg,7.56
95,1780553928323170560,1780553929323170560,Output Token Throughput Per User,tokens/sec/user,min,7.56
95,1780553928323170560,1780553929323170560,Output Token Throughput Per User,tokens/sec/user,max,7.56
95,1780553928323170560,1780553929323170560,Output Token Throughput Per User,tokens/sec/user,sum,7.56
95,1780553928323170560,1780553929323170560,Output Token Throughput Per User,tokens/sec/user,p1,7.56
95,1780553928323170560,1780553929323170560,Output Token Throughput Per User,tokens/sec/user,p5,7.56
95,1780553928323170560,1780553929323170560,Output Token Throughput Per User,tokens/sec/user,p10,7.56
95,1780553928323170560,1780553929323170560,Output Token Throughput Per User,tokens/sec/user,p25,7.56
95,1780553928323170560,1780553929323170560,Output Token Throughput Per User,tokens/sec/user,p50,7.56
95,1780553928323170560,1780553929323170560,Output Token Throughput Per User,tokens/sec/user,p75,7.56
95,1780553928323170560,1780553929323170560,Output Token Throughput Per User,tokens/sec/user,p90,7.56
95,1780553928323170560,1780553929323170560,Output Token Throughput Per User,tokens/sec/user,p95,7.56
95,1780553928323170560,1780553929323170560,Output Token Throughput Per User,tokens/sec/user,p99,7.56
95,1780553928323170560,1780553929323170560,Output Token Throughput Per User,tokens/sec/user,std,0.00
95,1780553928323170560,1780553929323170560,Prefill Throughput Per User,tokens/sec/user,avg,1468.51
95,1780553928323170560,1780553929323170560,Prefill Throughput Per User,tokens/sec/user,min,1468.51
95,1780553928323170560,1780553929323170560,Prefill Throughput Per User,tokens/sec/user,max,1468.51
95,1780553928323170560,1780553929323170560,Prefill Throughput Per User,tokens/sec/user,sum,1468.51
95,1780553928323170560,1780553929323170560,Prefill Throughput Per User,tokens/sec/user,p1,1468.51
95,1780553928323170560,1780553929323170560,Prefill Throughput Per User,tokens/sec/user,p5,1468.51
95,1780553928323170560,1780553929323170560,Prefill Throughput Per User,tokens/sec/user,p10,1468.51
95,1780553928323170560,1780553929323170560,Prefill Throughput Per User,tokens/sec/user,p25,1468.51
95,1780553928323170560,1780553929323170560,Prefill Throughput Per User,tokens/sec/user,p50,1468.51
95,1780553928323170560,1780553929323170560,Prefill Throughput Per User,tokens/sec/user,p75,1468.51
95,1780553928323170560,1780553929323170560,Prefill Throughput Per User,tokens/sec/user,p90,1468.51
95,1780553928323170560,1780553929323170560,Prefill Throughput Per User,tokens/sec/user,p95,1468.51
95,1780553928323170560,1780553929323170560,Prefill Throughput Per User,tokens/sec/user,p99,1468.51
95,1780553928323170560,1780553929323170560,Prefill Throughput Per User,tokens/sec/user,std,0.00
95,1780553928323170560,1780553929323170560,Request Count,requests,avg,1.00
95,1780553928323170560,1780553929323170560,Request Latency,ms,avg,338878.82
95,1780553928323170560,1780553929323170560,Request Latency,ms,min,338878.82
95,1780553928323170560,1780553929323170560,Request Latency,ms,max,338878.82
95,1780553928323170560,1780553929323170560,Request Latency,ms,sum,338878.82
95,1780553928323170560,1780553929323170560,Request Latency,ms,p1,338878.82
95,1780553928323170560,1780553929323170560,Request Latency,ms,p5,338878.82
95,1780553928323170560,1780553929323170560,Request Latency,ms,p10,338878.82
95,1780553928323170560,1780553929323170560,Request Latency,ms,p25,338878.82
95,1780553928323170560,1780553929323170560,Request Latency,ms,p50,338878.82
95,1780553928323170560,1780553929323170560,Request Latency,ms,p75,338878.82
95,1780553928323170560,1780553929323170560,Request Latency,ms,p90,338878.82
95,1780553928323170560,1780553929323170560,Request Latency,ms,p95,338878.82
95,1780553928323170560,1780553929323170560,Request Latency,ms,p99,338878.82
95,1780553928323170560,1780553929323170560,Request Latency,ms,std,0.00
95,1780553928323170560,1780553929323170560,Request Throughput,requests/sec,avg,1.00
95,1780553928323170560,1780553929323170560,Requested OSL,tokens,avg,2077.00
95,1780553928323170560,1780553929323170560,Requested OSL,tokens,min,2077.00
95,1780553928323170560,1780553929323170560,Requested OSL,tokens,max,2077.00
95,1780553928323170560,1780553929323170560,Requested OSL,tokens,sum,2077.00
95,1780553928323170560,1780553929323170560,Requested OSL,tokens,p1,2077.00
95,1780553928323170560,1780553929323170560,Requested OSL,tokens,p5,2077.00
95,1780553928323170560,1780553929323170560,Requested OSL,tokens,p10,2077.00
95,1780553928323170560,1780553929323170560,Requested OSL,tokens,p25,2077.00
95,1780553928323170560,1780553929323170560,Requested OSL,tokens,p50,2077.00
95,1780553928323170560,1780553929323170560,Requested OSL,tokens,p75,2077.00
95,1780553928323170560,1780553929323170560,Requested OSL,tokens,p90,2077.00
95,1780553928323170560,1780553929323170560,Requested OSL,tokens,p95,2077.00
95,1780553928323170560,1780553929323170560,Requested OSL,tokens,p99,2077.00
95,1780553928323170560,1780553929323170560,Requested OSL,tokens,std,0.00
95,1780553928323170560,1780553929323170560,Time to First Output Token,ms,avg,64303.98
95,1780553928323170560,1780553929323170560,Time to First Output Token,ms,min,64303.98
95,1780553928323170560,1780553929323170560,Time to First Output Token,ms,max,64303.98
95,1780553928323170560,1780553929323170560,Time to First Output Token,ms,sum,64303.98
95,1780553928323170560,1780553929323170560,Time to First Output Token,ms,p1,64303.98
95,1780553928323170560,1780553929323170560,Time to First Output Token,ms,p5,64303.98
95,1780553928323170560,1780553929323170560,Time to First Output Token,ms,p10,64303.98
95,1780553928323170560,1780553929323170560,Time to First Output Token,ms,p25,64303.98
95,1780553928323170560,1780553929323170560,Time to First Output Token,ms,p50,64303.98
95,1780553928323170560,1780553929323170560,Time to First Output Token,ms,p75,64303.98
95,1780553928323170560,1780553929323170560,Time to First Output Token,ms,p90,64303.98
95,1780553928323170560,1780553929323170560,Time to First Output Token,ms,p95,64303.98
95,1780553928323170560,1780553929323170560,Time to First Output Token,ms,p99,64303.98
95,1780553928323170560,1780553929323170560,Time to First Output Token,ms,std,0.00
95,1780553928323170560,1780553929323170560,Time to First Token,ms,avg,64303.98
95,1780553928323170560,1780553929323170560,Time to First Token,ms,min,64303.98
95,1780553928323170560,1780553929323170560,Time to First Token,ms,max,64303.98
95,1780553928323170560,1780553929323170560,Time to First Token,ms,sum,64303.98
95,1780553928323170560,1780553929323170560,Time to First Token,ms,p1,64303.98
95,1780553928323170560,1780553929323170560,Time to First Token,ms,p5,64303.98
95,1780553928323170560,1780553929323170560,Time to First Token,ms,p10,64303.98
95,1780553928323170560,1780553929323170560,Time to First Token,ms,p25,64303.98
95,1780553928323170560,1780553929323170560,Time to First Token,ms,p50,64303.98
95,1780553928323170560,1780553929323170560,Time to First Token,ms,p75,64303.98
95,1780553928323170560,1780553929323170560,Time to First Token,ms,p90,64303.98
95,1780553928323170560,1780553929323170560,Time to First Token,ms,p95,64303.98
95,1780553928323170560,1780553929323170560,Time to First Token,ms,p99,64303.98
95,1780553928323170560,1780553929323170560,Time to First Token,ms,std,0.00
95,1780553928323170560,1780553929323170560,Time to Second Token,ms,avg,151.85
95,1780553928323170560,1780553929323170560,Time to Second Token,ms,min,151.85
95,1780553928323170560,1780553929323170560,Time to Second Token,ms,max,151.85
95,1780553928323170560,1780553929323170560,Time to Second Token,ms,sum,151.85
95,1780553928323170560,1780553929323170560,Time to Second Token,ms,p1,151.85
95,1780553928323170560,1780553929323170560,Time to Second Token,ms,p5,151.85
95,1780553928323170560,1780553929323170560,Time to Second Token,ms,p10,151.85
95,1780553928323170560,1780553929323170560,Time to Second Token,ms,p25,151.85
95,1780553928323170560,1780553929323170560,Time to Second Token,ms,p50,151.85
95,1780553928323170560,1780553929323170560,Time to Second Token,ms,p75,151.85
95,1780553928323170560,1780553929323170560,Time to Second Token,ms,p90,151.85
95,1780553928323170560,1780553929323170560,Time to Second Token,ms,p95,151.85
95,1780553928323170560,1780553929323170560,Time to Second Token,ms,p99,151.85
95,1780553928323170560,1780553929323170560,Time to Second Token,ms,std,0.00
95,1780553928323170560,1780553929323170560,Tokens In Flight,tokens,avg,1386982.39
95,1780553928323170560,1780553929323170560,Tokens In Flight,tokens,min,1379691.25
95,1780553928323170560,1780553929323170560,Tokens In Flight,tokens,max,1474225.77
95,1780553928323170560,1780553929323170560,Tokens In Flight,tokens,p50,1379742.64
95,1780553928323170560,1780553929323170560,Tokens In Flight,tokens,p90,1379784.05
95,1780553928323170560,1780553929323170560,Tokens In Flight,tokens,p95,1474218.87
95,1780553928323170560,1780553929323170560,Tokens In Flight,tokens,p99,1474222.97
95,1780553928323170560,1780553929323170560,Tokens In Flight,tokens,std,25137.68
95,1780553928323170560,1780553929323170560,Total Input Sequence Length,tokens,avg,94431.00
95,1780553928323170560,1780553929323170560,Total Output Sequence Length,tokens,avg,2077.00
95,1780553928323170560,1780553929323170560,Total Output Tokens,tokens,avg,2077.00
95,1780553928323170560,1780553929323170560,Total Token Throughput,tokens/sec,avg,96508.00
95,1780553928323170560,1780553929323170560,Total Usage Completion Tokens,tokens,avg,2077.00
95,1780553928323170560,1780553929323170560,Total Usage Prompt Tokens,tokens,avg,94431.00
95,1780553928323170560,1780553929323170560,Total Usage Total Tokens,tokens,avg,96508.00
95,1780553928323170560,1780553929323170560,Usage Completion Tokens,tokens,avg,2077.00
95,1780553928323170560,1780553929323170560,Usage Completion Tokens,tokens,min,2077.00
95,1780553928323170560,1780553929323170560,Usage Completion Tokens,tokens,max,2077.00
95,1780553928323170560,1780553929323170560,Usage Completion Tokens,tokens,sum,2077.00
95,1780553928323170560,1780553929323170560,Usage Completion Tokens,tokens,p1,2077.00
95,1780553928323170560,1780553929323170560,Usage Completion Tokens,tokens,p5,2077.00
95,1780553928323170560,1780553929323170560,Usage Completion Tokens,tokens,p10,2077.00
95,1780553928323170560,1780553929323170560,Usage Completion Tokens,tokens,p25,2077.00
95,1780553928323170560,1780553929323170560,Usage Completion Tokens,tokens,p50,2077.00
95,1780553928323170560,1780553929323170560,Usage Completion Tokens,tokens,p75,2077.00
95,1780553928323170560,1780553929323170560,Usage Completion Tokens,tokens,p90,2077.00
95,1780553928323170560,1780553929323170560,Usage Completion Tokens,tokens,p95,2077.00
95,1780553928323170560,1780553929323170560,Usage Completion Tokens,tokens,p99,2077.00
95,1780553928323170560,1780553929323170560,Usage Completion Tokens,tokens,std,0.00
95,1780553928323170560,1780553929323170560,Usage Prompt Tokens,tokens,avg,94431.00
95,1780553928323170560,1780553929323170560,Usage Prompt Tokens,tokens,min,94431.00
95,1780553928323170560,1780553929323170560,Usage Prompt Tokens,tokens,max,94431.00
95,1780553928323170560,1780553929323170560,Usage Prompt Tokens,tokens,sum,94431.00
95,1780553928323170560,1780553929323170560,Usage Prompt Tokens,tokens,p1,94431.00
95,1780553928323170560,1780553929323170560,Usage Prompt Tokens,tokens,p5,94431.00
95,1780553928323170560,1780553929323170560,Usage Prompt Tokens,tokens,p10,94431.00
95,1780553928323170560,1780553929323170560,Usage Prompt Tokens,tokens,p25,94431.00
95,1780553928323170560,1780553929323170560,Usage Prompt Tokens,tokens,p50,94431.00
95,1780553928323170560,1780553929323170560,Usage Prompt Tokens,tokens,p75,94431.00
95,1780553928323170560,1780553929323170560,Usage Prompt Tokens,tokens,p90,94431.00
95,1780553928323170560,1780553929323170560,Usage Prompt Tokens,tokens,p95,94431.00
95,1780553928323170560,1780553929323170560,Usage Prompt Tokens,tokens,p99,94431.00
95,1780553928323170560,1780553929323170560,Usage Prompt Tokens,tokens,std,0.00
95,1780553928323170560,1780553929323170560,Usage Total Tokens,tokens,avg,96508.00
95,1780553928323170560,1780553929323170560,Usage Total Tokens,tokens,min,96508.00
95,1780553928323170560,1780553929323170560,Usage Total Tokens,tokens,max,96508.00
95,1780553928323170560,1780553929323170560,Usage Total Tokens,tokens,sum,96508.00
95,1780553928323170560,1780553929323170560,Usage Total Tokens,tokens,p1,96508.00
95,1780553928323170560,1780553929323170560,Usage Total Tokens,tokens,p5,96508.00
95,1780553928323170560,1780553929323170560,Usage Total Tokens,tokens,p10,96508.00
95,1780553928323170560,1780553929323170560,Usage Total Tokens,tokens,p25,96508.00
95,1780553928323170560,1780553929323170560,Usage Total Tokens,tokens,p50,96508.00
95,1780553928323170560,1780553929323170560,Usage Total Tokens,tokens,p75,96508.00
95,1780553928323170560,1780553929323170560,Usage Total Tokens,tokens,p90,96508.00
95,1780553928323170560,1780553929323170560,Usage Total Tokens,tokens,p95,96508.00
95,1780553928323170560,1780553929323170560,Usage Total Tokens,tokens,p99,96508.00
95,1780553928323170560,1780553929323170560,Usage Total Tokens,tokens,std,0.00
96,1780553936323170560,1780553937323170560,Active Decode Throughput,tokens/sec,avg,116.81
96,1780553936323170560,1780553937323170560,Active Decode Throughput,tokens/sec,min,90.51
96,1780553936323170560,1780553937323170560,Active Decode Throughput,tokens/sec,max,143.12
96,1780553936323170560,1780553937323170560,Active Decode Throughput,tokens/sec,p50,116.81
96,1780553936323170560,1780553937323170560,Active Decode Throughput,tokens/sec,p90,116.82
96,1780553936323170560,1780553937323170560,Active Decode Throughput,tokens/sec,p95,116.82
96,1780553936323170560,1780553937323170560,Active Decode Throughput,tokens/sec,p99,116.82
96,1780553936323170560,1780553937323170560,Active Decode Throughput,tokens/sec,std,0.04
96,1780553936323170560,1780553937323170560,Active Decode Throughput Per User,tokens/sec/user,avg,9.73
96,1780553936323170560,1780553937323170560,Active Decode Throughput Per User,tokens/sec/user,min,7.54
96,1780553936323170560,1780553937323170560,Active Decode Throughput Per User,tokens/sec/user,max,11.93
96,1780553936323170560,1780553937323170560,Active Decode Throughput Per User,tokens/sec/user,p50,9.73
96,1780553936323170560,1780553937323170560,Active Decode Throughput Per User,tokens/sec/user,p90,9.73
96,1780553936323170560,1780553937323170560,Active Decode Throughput Per User,tokens/sec/user,p95,9.73
96,1780553936323170560,1780553937323170560,Active Decode Throughput Per User,tokens/sec/user,p99,9.73
96,1780553936323170560,1780553937323170560,Active Decode Throughput Per User,tokens/sec/user,std,0.00
96,1780553936323170560,1780553937323170560,Active Prefill Throughput,tokens/sec,avg,5567.90
96,1780553936323170560,1780553937323170560,Active Prefill Throughput,tokens/sec,min,4593.88
96,1780553936323170560,1780553937323170560,Active Prefill Throughput,tokens/sec,max,5781.45
96,1780553936323170560,1780553937323170560,Active Prefill Throughput,tokens/sec,p50,5781.45
96,1780553936323170560,1780553937323170560,Active Prefill Throughput,tokens/sec,p90,5781.45
96,1780553936323170560,1780553937323170560,Active Prefill Throughput,tokens/sec,p95,5781.45
96,1780553936323170560,1780553937323170560,Active Prefill Throughput,tokens/sec,p99,5781.45
96,1780553936323170560,1780553937323170560,Active Prefill Throughput,tokens/sec,std,456.07
96,1780553936323170560,1780553937323170560,Active Prefill Throughput Per User,tokens/sec/user,avg,1460.81
96,1780553936323170560,1780553937323170560,Active Prefill Throughput Per User,tokens/sec/user,min,1445.36
96,1780553936323170560,1780553937323170560,Active Prefill Throughput Per User,tokens/sec/user,max,1531.29
96,1780553936323170560,1780553937323170560,Active Prefill Throughput Per User,tokens/sec/user,p50,1445.36
96,1780553936323170560,1780553937323170560,Active Prefill Throughput Per User,tokens/sec/user,p90,1531.29
96,1780553936323170560,1780553937323170560,Active Prefill Throughput Per User,tokens/sec/user,p95,1531.29
96,1780553936323170560,1780553937323170560,Active Prefill Throughput Per User,tokens/sec/user,p99,1531.29
96,1780553936323170560,1780553937323170560,Active Prefill Throughput Per User,tokens/sec/user,std,33.00
96,1780553936323170560,1780553937323170560,Active Total Throughput,tokens/sec,avg,5656.92
96,1780553936323170560,1780553937323170560,Active Total Throughput,tokens/sec,min,4682.90
96,1780553936323170560,1780553937323170560,Active Total Throughput,tokens/sec,max,5870.47
96,1780553936323170560,1780553937323170560,Active Total Throughput,tokens/sec,p50,5870.47
96,1780553936323170560,1780553937323170560,Active Total Throughput,tokens/sec,p90,5870.47
96,1780553936323170560,1780553937323170560,Active Total Throughput,tokens/sec,p95,5870.47
96,1780553936323170560,1780553937323170560,Active Total Throughput,tokens/sec,p99,5870.47
96,1780553936323170560,1780553937323170560,Active Total Throughput,tokens/sec,std,456.07
96,1780553936323170560,1780553937323170560,Benchmark Duration,sec,avg,94.65
96,1780553936323170560,1780553937323170560,E2E Output Token Throughput,tokens/sec/user,avg,3.15
96,1780553936323170560,1780553937323170560,E2E Output Token Throughput,tokens/sec/user,min,3.15
96,1780553936323170560,1780553937323170560,E2E Output Token Throughput,tokens/sec/user,max,3.15
96,1780553936323170560,1780553937323170560,E2E Output Token Throughput,tokens/sec/user,sum,3.15
96,1780553936323170560,1780553937323170560,E2E Output Token Throughput,tokens/sec/user,p1,3.15
96,1780553936323170560,1780553937323170560,E2E Output Token Throughput,tokens/sec/user,p5,3.15
96,1780553936323170560,1780553937323170560,E2E Output Token Throughput,tokens/sec/user,p10,3.15
96,1780553936323170560,1780553937323170560,E2E Output Token Throughput,tokens/sec/user,p25,3.15
96,1780553936323170560,1780553937323170560,E2E Output Token Throughput,tokens/sec/user,p50,3.15
96,1780553936323170560,1780553937323170560,E2E Output Token Throughput,tokens/sec/user,p75,3.15
96,1780553936323170560,1780553937323170560,E2E Output Token Throughput,tokens/sec/user,p90,3.15
96,1780553936323170560,1780553937323170560,E2E Output Token Throughput,tokens/sec/user,p95,3.15
96,1780553936323170560,1780553937323170560,E2E Output Token Throughput,tokens/sec/user,p99,3.15
96,1780553936323170560,1780553937323170560,E2E Output Token Throughput,tokens/sec/user,std,0.00
96,1780553936323170560,1780553937323170560,Effective Concurrency,requests,avg,15.82
96,1780553936323170560,1780553937323170560,Effective Concurrency,requests,min,15.00
96,1780553936323170560,1780553937323170560,Effective Concurrency,requests,max,16.00
96,1780553936323170560,1780553937323170560,Effective Concurrency,requests,p50,16.00
96,1780553936323170560,1780553937323170560,Effective Concurrency,requests,p90,16.00
96,1780553936323170560,1780553937323170560,Effective Concurrency,requests,p95,16.00
96,1780553936323170560,1780553937323170560,Effective Concurrency,requests,p99,16.00
96,1780553936323170560,1780553937323170560,Effective Concurrency,requests,std,0.38
96,1780553936323170560,1780553937323170560,Effective Decode Concurrency,requests,avg,12.00
96,1780553936323170560,1780553937323170560,Effective Decode Concurrency,requests,min,12.00
96,1780553936323170560,1780553937323170560,Effective Decode Concurrency,requests,max,12.00
96,1780553936323170560,1780553937323170560,Effective Decode Concurrency,requests,p50,12.00
96,1780553936323170560,1780553937323170560,Effective Decode Concurrency,requests,p90,12.00
96,1780553936323170560,1780553937323170560,Effective Decode Concurrency,requests,p95,12.00
96,1780553936323170560,1780553937323170560,Effective Decode Concurrency,requests,p99,12.00
96,1780553936323170560,1780553937323170560,Effective Decode Concurrency,requests,std,0.00
96,1780553936323170560,1780553937323170560,Effective Decode Throughput,tokens/sec,avg,116.81
96,1780553936323170560,1780553937323170560,Effective Decode Throughput,tokens/sec,min,90.51
96,1780553936323170560,1780553937323170560,Effective Decode Throughput,tokens/sec,max,143.12
96,1780553936323170560,1780553937323170560,Effective Decode Throughput,tokens/sec,p50,116.81
96,1780553936323170560,1780553937323170560,Effective Decode Throughput,tokens/sec,p90,116.82
96,1780553936323170560,1780553937323170560,Effective Decode Throughput,tokens/sec,p95,116.82
96,1780553936323170560,1780553937323170560,Effective Decode Throughput,tokens/sec,p99,116.82
96,1780553936323170560,1780553937323170560,Effective Decode Throughput,tokens/sec,std,0.04
96,1780553936323170560,1780553937323170560,Effective Decode Throughput Per User,tokens/sec/user,avg,9.73
96,1780553936323170560,1780553937323170560,Effective Decode Throughput Per User,tokens/sec/user,min,7.54
96,1780553936323170560,1780553937323170560,Effective Decode Throughput Per User,tokens/sec/user,max,11.93
96,1780553936323170560,1780553937323170560,Effective Decode Throughput Per User,tokens/sec/user,p50,9.73
96,1780553936323170560,1780553937323170560,Effective Decode Throughput Per User,tokens/sec/user,p90,9.73
96,1780553936323170560,1780553937323170560,Effective Decode Throughput Per User,tokens/sec/user,p95,9.73
96,1780553936323170560,1780553937323170560,Effective Decode Throughput Per User,tokens/sec/user,p99,9.73
96,1780553936323170560,1780553937323170560,Effective Decode Throughput Per User,tokens/sec/user,std,0.00
96,1780553936323170560,1780553937323170560,Effective Prefill Concurrency,requests,avg,3.82
96,1780553936323170560,1780553937323170560,Effective Prefill Concurrency,requests,min,3.00
96,1780553936323170560,1780553937323170560,Effective Prefill Concurrency,requests,max,4.00
96,1780553936323170560,1780553937323170560,Effective Prefill Concurrency,requests,p50,4.00
96,1780553936323170560,1780553937323170560,Effective Prefill Concurrency,requests,p90,4.00
96,1780553936323170560,1780553937323170560,Effective Prefill Concurrency,requests,p95,4.00
96,1780553936323170560,1780553937323170560,Effective Prefill Concurrency,requests,p99,4.00
96,1780553936323170560,1780553937323170560,Effective Prefill Concurrency,requests,std,0.38
96,1780553936323170560,1780553937323170560,Effective Prefill Throughput,tokens/sec,avg,5567.90
96,1780553936323170560,1780553937323170560,Effective Prefill Throughput,tokens/sec,min,4593.88
96,1780553936323170560,1780553937323170560,Effective Prefill Throughput,tokens/sec,max,5781.45
96,1780553936323170560,1780553937323170560,Effective Prefill Throughput,tokens/sec,p50,5781.45
96,1780553936323170560,1780553937323170560,Effective Prefill Throughput,tokens/sec,p90,5781.45
96,1780553936323170560,1780553937323170560,Effective Prefill Throughput,tokens/sec,p95,5781.45
96,1780553936323170560,1780553937323170560,Effective Prefill Throughput,tokens/sec,p99,5781.45
96,1780553936323170560,1780553937323170560,Effective Prefill Throughput,tokens/sec,std,456.07
96,1780553936323170560,1780553937323170560,Effective Prefill Throughput Per User,tokens/sec/user,avg,1460.81
96,1780553936323170560,1780553937323170560,Effective Prefill Throughput Per User,tokens/sec/user,min,1445.36
96,1780553936323170560,1780553937323170560,Effective Prefill Throughput Per User,tokens/sec/user,max,1531.29
96,1780553936323170560,1780553937323170560,Effective Prefill Throughput Per User,tokens/sec/user,p50,1445.36
96,1780553936323170560,1780553937323170560,Effective Prefill Throughput Per User,tokens/sec/user,p90,1531.29
96,1780553936323170560,1780553937323170560,Effective Prefill Throughput Per User,tokens/sec/user,p95,1531.29
96,1780553936323170560,1780553937323170560,Effective Prefill Throughput Per User,tokens/sec/user,p99,1531.29
96,1780553936323170560,1780553937323170560,Effective Prefill Throughput Per User,tokens/sec/user,std,33.00
96,1780553936323170560,1780553937323170560,Effective Total Throughput,tokens/sec,avg,5656.92
96,1780553936323170560,1780553937323170560,Effective Total Throughput,tokens/sec,min,4682.90
96,1780553936323170560,1780553937323170560,Effective Total Throughput,tokens/sec,max,5870.47
96,1780553936323170560,1780553937323170560,Effective Total Throughput,tokens/sec,p50,5870.47
96,1780553936323170560,1780553937323170560,Effective Total Throughput,tokens/sec,p90,5870.47
96,1780553936323170560,1780553937323170560,Effective Total Throughput,tokens/sec,p95,5870.47
96,1780553936323170560,1780553937323170560,Effective Total Throughput,tokens/sec,p99,5870.47
96,1780553936323170560,1780553937323170560,Effective Total Throughput,tokens/sec,std,456.07
96,1780553936323170560,1780553937323170560,HTTP Blocked,ms,avg,0.00
96,1780553936323170560,1780553937323170560,HTTP Blocked,ms,min,0.00
96,1780553936323170560,1780553937323170560,HTTP Blocked,ms,max,0.00
96,1780553936323170560,1780553937323170560,HTTP Blocked,ms,sum,0.00
96,1780553936323170560,1780553937323170560,HTTP Blocked,ms,p1,0.00
96,1780553936323170560,1780553937323170560,HTTP Blocked,ms,p5,0.00
96,1780553936323170560,1780553937323170560,HTTP Blocked,ms,p10,0.00
96,1780553936323170560,1780553937323170560,HTTP Blocked,ms,p25,0.00
96,1780553936323170560,1780553937323170560,HTTP Blocked,ms,p50,0.00
96,1780553936323170560,1780553937323170560,HTTP Blocked,ms,p75,0.00
96,1780553936323170560,1780553937323170560,HTTP Blocked,ms,p90,0.00
96,1780553936323170560,1780553937323170560,HTTP Blocked,ms,p95,0.00
96,1780553936323170560,1780553937323170560,HTTP Blocked,ms,p99,0.00
96,1780553936323170560,1780553937323170560,HTTP Blocked,ms,std,0.00
96,1780553936323170560,1780553937323170560,HTTP Chunks Received,count,avg,298.00
96,1780553936323170560,1780553937323170560,HTTP Chunks Received,count,min,298.00
96,1780553936323170560,1780553937323170560,HTTP Chunks Received,count,max,298.00
96,1780553936323170560,1780553937323170560,HTTP Chunks Received,count,sum,298.00
96,1780553936323170560,1780553937323170560,HTTP Chunks Received,count,p1,298.00
96,1780553936323170560,1780553937323170560,HTTP Chunks Received,count,p5,298.00
96,1780553936323170560,1780553937323170560,HTTP Chunks Received,count,p10,298.00
96,1780553936323170560,1780553937323170560,HTTP Chunks Received,count,p25,298.00
96,1780553936323170560,1780553937323170560,HTTP Chunks Received,count,p50,298.00
96,1780553936323170560,1780553937323170560,HTTP Chunks Received,count,p75,298.00
96,1780553936323170560,1780553937323170560,HTTP Chunks Received,count,p90,298.00
96,1780553936323170560,1780553937323170560,HTTP Chunks Received,count,p95,298.00
96,1780553936323170560,1780553937323170560,HTTP Chunks Received,count,p99,298.00
96,1780553936323170560,1780553937323170560,HTTP Chunks Received,count,std,0.00
96,1780553936323170560,1780553937323170560,HTTP Chunks Sent,count,avg,1.00
96,1780553936323170560,1780553937323170560,HTTP Chunks Sent,count,min,1.00
96,1780553936323170560,1780553937323170560,HTTP Chunks Sent,count,max,1.00
96,1780553936323170560,1780553937323170560,HTTP Chunks Sent,count,sum,1.00
96,1780553936323170560,1780553937323170560,HTTP Chunks Sent,count,p1,1.00
96,1780553936323170560,1780553937323170560,HTTP Chunks Sent,count,p5,1.00
96,1780553936323170560,1780553937323170560,HTTP Chunks Sent,count,p10,1.00
96,1780553936323170560,1780553937323170560,HTTP Chunks Sent,count,p25,1.00
96,1780553936323170560,1780553937323170560,HTTP Chunks Sent,count,p50,1.00
96,1780553936323170560,1780553937323170560,HTTP Chunks Sent,count,p75,1.00
96,1780553936323170560,1780553937323170560,HTTP Chunks Sent,count,p90,1.00
96,1780553936323170560,1780553937323170560,HTTP Chunks Sent,count,p95,1.00
96,1780553936323170560,1780553937323170560,HTTP Chunks Sent,count,p99,1.00
96,1780553936323170560,1780553937323170560,HTTP Chunks Sent,count,std,0.00
96,1780553936323170560,1780553937323170560,HTTP Connecting,ms,avg,0.69
96,1780553936323170560,1780553937323170560,HTTP Connecting,ms,min,0.69
96,1780553936323170560,1780553937323170560,HTTP Connecting,ms,max,0.69
96,1780553936323170560,1780553937323170560,HTTP Connecting,ms,sum,0.69
96,1780553936323170560,1780553937323170560,HTTP Connecting,ms,p1,0.69
96,1780553936323170560,1780553937323170560,HTTP Connecting,ms,p5,0.69
96,1780553936323170560,1780553937323170560,HTTP Connecting,ms,p10,0.69
96,1780553936323170560,1780553937323170560,HTTP Connecting,ms,p25,0.69
96,1780553936323170560,1780553937323170560,HTTP Connecting,ms,p50,0.69
96,1780553936323170560,1780553937323170560,HTTP Connecting,ms,p75,0.69
96,1780553936323170560,1780553937323170560,HTTP Connecting,ms,p90,0.69
96,1780553936323170560,1780553937323170560,HTTP Connecting,ms,p95,0.69
96,1780553936323170560,1780553937323170560,HTTP Connecting,ms,p99,0.69
96,1780553936323170560,1780553937323170560,HTTP Connecting,ms,std,0.00
96,1780553936323170560,1780553937323170560,HTTP Connection Overhead,ms,avg,0.69
96,1780553936323170560,1780553937323170560,HTTP Connection Overhead,ms,min,0.69
96,1780553936323170560,1780553937323170560,HTTP Connection Overhead,ms,max,0.69
96,1780553936323170560,1780553937323170560,HTTP Connection Overhead,ms,sum,0.69
96,1780553936323170560,1780553937323170560,HTTP Connection Overhead,ms,p1,0.69
96,1780553936323170560,1780553937323170560,HTTP Connection Overhead,ms,p5,0.69
96,1780553936323170560,1780553937323170560,HTTP Connection Overhead,ms,p10,0.69
96,1780553936323170560,1780553937323170560,HTTP Connection Overhead,ms,p25,0.69
96,1780553936323170560,1780553937323170560,HTTP Connection Overhead,ms,p50,0.69
96,1780553936323170560,1780553937323170560,HTTP Connection Overhead,ms,p75,0.69
96,1780553936323170560,1780553937323170560,HTTP Connection Overhead,ms,p90,0.69
96,1780553936323170560,1780553937323170560,HTTP Connection Overhead,ms,p95,0.69
96,1780553936323170560,1780553937323170560,HTTP Connection Overhead,ms,p99,0.69
96,1780553936323170560,1780553937323170560,HTTP Connection Overhead,ms,std,0.00
96,1780553936323170560,1780553937323170560,HTTP Connection Reused,ratio,avg,0.00
96,1780553936323170560,1780553937323170560,HTTP Connection Reused,ratio,min,0.00
96,1780553936323170560,1780553937323170560,HTTP Connection Reused,ratio,max,0.00
96,1780553936323170560,1780553937323170560,HTTP Connection Reused,ratio,sum,0.00
96,1780553936323170560,1780553937323170560,HTTP Connection Reused,ratio,p1,0.00
96,1780553936323170560,1780553937323170560,HTTP Connection Reused,ratio,p5,0.00
96,1780553936323170560,1780553937323170560,HTTP Connection Reused,ratio,p10,0.00
96,1780553936323170560,1780553937323170560,HTTP Connection Reused,ratio,p25,0.00
96,1780553936323170560,1780553937323170560,HTTP Connection Reused,ratio,p50,0.00
96,1780553936323170560,1780553937323170560,HTTP Connection Reused,ratio,p75,0.00
96,1780553936323170560,1780553937323170560,HTTP Connection Reused,ratio,p90,0.00
96,1780553936323170560,1780553937323170560,HTTP Connection Reused,ratio,p95,0.00
96,1780553936323170560,1780553937323170560,HTTP Connection Reused,ratio,p99,0.00
96,1780553936323170560,1780553937323170560,HTTP Connection Reused,ratio,std,0.00
96,1780553936323170560,1780553937323170560,HTTP Data Received,KB,avg,74.70
96,1780553936323170560,1780553937323170560,HTTP Data Received,KB,min,74.70
96,1780553936323170560,1780553937323170560,HTTP Data Received,KB,max,74.70
96,1780553936323170560,1780553937323170560,HTTP Data Received,KB,sum,74.70
96,1780553936323170560,1780553937323170560,HTTP Data Received,KB,p1,74.70
96,1780553936323170560,1780553937323170560,HTTP Data Received,KB,p5,74.70
96,1780553936323170560,1780553937323170560,HTTP Data Received,KB,p10,74.70
96,1780553936323170560,1780553937323170560,HTTP Data Received,KB,p25,74.70
96,1780553936323170560,1780553937323170560,HTTP Data Received,KB,p50,74.70
96,1780553936323170560,1780553937323170560,HTTP Data Received,KB,p75,74.70
96,1780553936323170560,1780553937323170560,HTTP Data Received,KB,p90,74.70
96,1780553936323170560,1780553937323170560,HTTP Data Received,KB,p95,74.70
96,1780553936323170560,1780553937323170560,HTTP Data Received,KB,p99,74.70
96,1780553936323170560,1780553937323170560,HTTP Data Received,KB,std,0.00
96,1780553936323170560,1780553937323170560,HTTP Data Sent,KB,avg,286.36
96,1780553936323170560,1780553937323170560,HTTP Data Sent,KB,min,286.36
96,1780553936323170560,1780553937323170560,HTTP Data Sent,KB,max,286.36
96,1780553936323170560,1780553937323170560,HTTP Data Sent,KB,sum,286.36
96,1780553936323170560,1780553937323170560,HTTP Data Sent,KB,p1,286.36
96,1780553936323170560,1780553937323170560,HTTP Data Sent,KB,p5,286.36
96,1780553936323170560,1780553937323170560,HTTP Data Sent,KB,p10,286.36
96,1780553936323170560,1780553937323170560,HTTP Data Sent,KB,p25,286.36
96,1780553936323170560,1780553937323170560,HTTP Data Sent,KB,p50,286.36
96,1780553936323170560,1780553937323170560,HTTP Data Sent,KB,p75,286.36
96,1780553936323170560,1780553937323170560,HTTP Data Sent,KB,p90,286.36
96,1780553936323170560,1780553937323170560,HTTP Data Sent,KB,p95,286.36
96,1780553936323170560,1780553937323170560,HTTP Data Sent,KB,p99,286.36
96,1780553936323170560,1780553937323170560,HTTP Data Sent,KB,std,0.00
96,1780553936323170560,1780553937323170560,HTTP DNS Lookup,ms,avg,0.00
96,1780553936323170560,1780553937323170560,HTTP DNS Lookup,ms,min,0.00
96,1780553936323170560,1780553937323170560,HTTP DNS Lookup,ms,max,0.00
96,1780553936323170560,1780553937323170560,HTTP DNS Lookup,ms,sum,0.00
96,1780553936323170560,1780553937323170560,HTTP DNS Lookup,ms,p1,0.00
96,1780553936323170560,1780553937323170560,HTTP DNS Lookup,ms,p5,0.00
96,1780553936323170560,1780553937323170560,HTTP DNS Lookup,ms,p10,0.00
96,1780553936323170560,1780553937323170560,HTTP DNS Lookup,ms,p25,0.00
96,1780553936323170560,1780553937323170560,HTTP DNS Lookup,ms,p50,0.00
96,1780553936323170560,1780553937323170560,HTTP DNS Lookup,ms,p75,0.00
96,1780553936323170560,1780553937323170560,HTTP DNS Lookup,ms,p90,0.00
96,1780553936323170560,1780553937323170560,HTTP DNS Lookup,ms,p95,0.00
96,1780553936323170560,1780553937323170560,HTTP DNS Lookup,ms,p99,0.00
96,1780553936323170560,1780553937323170560,HTTP DNS Lookup,ms,std,0.00
96,1780553936323170560,1780553937323170560,HTTP Duration (excl. conn),ms,avg,94648.94
96,1780553936323170560,1780553937323170560,HTTP Duration (excl. conn),ms,min,94648.94
96,1780553936323170560,1780553937323170560,HTTP Duration (excl. conn),ms,max,94648.94
96,1780553936323170560,1780553937323170560,HTTP Duration (excl. conn),ms,sum,94648.94
96,1780553936323170560,1780553937323170560,HTTP Duration (excl. conn),ms,p1,94648.94
96,1780553936323170560,1780553937323170560,HTTP Duration (excl. conn),ms,p5,94648.94
96,1780553936323170560,1780553937323170560,HTTP Duration (excl. conn),ms,p10,94648.94
96,1780553936323170560,1780553937323170560,HTTP Duration (excl. conn),ms,p25,94648.94
96,1780553936323170560,1780553937323170560,HTTP Duration (excl. conn),ms,p50,94648.94
96,1780553936323170560,1780553937323170560,HTTP Duration (excl. conn),ms,p75,94648.94
96,1780553936323170560,1780553937323170560,HTTP Duration (excl. conn),ms,p90,94648.94
96,1780553936323170560,1780553937323170560,HTTP Duration (excl. conn),ms,p95,94648.94
96,1780553936323170560,1780553937323170560,HTTP Duration (excl. conn),ms,p99,94648.94
96,1780553936323170560,1780553937323170560,HTTP Duration (excl. conn),ms,std,0.00
96,1780553936323170560,1780553937323170560,HTTP Receiving,ms,avg,32221.45
96,1780553936323170560,1780553937323170560,HTTP Receiving,ms,min,32221.45
96,1780553936323170560,1780553937323170560,HTTP Receiving,ms,max,32221.45
96,1780553936323170560,1780553937323170560,HTTP Receiving,ms,sum,32221.45
96,1780553936323170560,1780553937323170560,HTTP Receiving,ms,p1,32221.45
96,1780553936323170560,1780553937323170560,HTTP Receiving,ms,p5,32221.45
96,1780553936323170560,1780553937323170560,HTTP Receiving,ms,p10,32221.45
96,1780553936323170560,1780553937323170560,HTTP Receiving,ms,p25,32221.45
96,1780553936323170560,1780553937323170560,HTTP Receiving,ms,p50,32221.45
96,1780553936323170560,1780553937323170560,HTTP Receiving,ms,p75,32221.45
96,1780553936323170560,1780553937323170560,HTTP Receiving,ms,p90,32221.45
96,1780553936323170560,1780553937323170560,HTTP Receiving,ms,p95,32221.45
96,1780553936323170560,1780553937323170560,HTTP Receiving,ms,p99,32221.45
96,1780553936323170560,1780553937323170560,HTTP Receiving,ms,std,0.00
96,1780553936323170560,1780553937323170560,HTTP Sending,ms,avg,1.00
96,1780553936323170560,1780553937323170560,HTTP Sending,ms,min,1.00
96,1780553936323170560,1780553937323170560,HTTP Sending,ms,max,1.00
96,1780553936323170560,1780553937323170560,HTTP Sending,ms,sum,1.00
96,1780553936323170560,1780553937323170560,HTTP Sending,ms,p1,1.00
96,1780553936323170560,1780553937323170560,HTTP Sending,ms,p5,1.00
96,1780553936323170560,1780553937323170560,HTTP Sending,ms,p10,1.00
96,1780553936323170560,1780553937323170560,HTTP Sending,ms,p25,1.00
96,1780553936323170560,1780553937323170560,HTTP Sending,ms,p50,1.00
96,1780553936323170560,1780553937323170560,HTTP Sending,ms,p75,1.00
96,1780553936323170560,1780553937323170560,HTTP Sending,ms,p90,1.00
96,1780553936323170560,1780553937323170560,HTTP Sending,ms,p95,1.00
96,1780553936323170560,1780553937323170560,HTTP Sending,ms,p99,1.00
96,1780553936323170560,1780553937323170560,HTTP Sending,ms,std,0.00
96,1780553936323170560,1780553937323170560,HTTP Total Time,ms,avg,94649.63
96,1780553936323170560,1780553937323170560,HTTP Total Time,ms,min,94649.63
96,1780553936323170560,1780553937323170560,HTTP Total Time,ms,max,94649.63
96,1780553936323170560,1780553937323170560,HTTP Total Time,ms,sum,94649.63
96,1780553936323170560,1780553937323170560,HTTP Total Time,ms,p1,94649.63
96,1780553936323170560,1780553937323170560,HTTP Total Time,ms,p5,94649.63
96,1780553936323170560,1780553937323170560,HTTP Total Time,ms,p10,94649.63
96,1780553936323170560,1780553937323170560,HTTP Total Time,ms,p25,94649.63
96,1780553936323170560,1780553937323170560,HTTP Total Time,ms,p50,94649.63
96,1780553936323170560,1780553937323170560,HTTP Total Time,ms,p75,94649.63
96,1780553936323170560,1780553937323170560,HTTP Total Time,ms,p90,94649.63
96,1780553936323170560,1780553937323170560,HTTP Total Time,ms,p95,94649.63
96,1780553936323170560,1780553937323170560,HTTP Total Time,ms,p99,94649.63
96,1780553936323170560,1780553937323170560,HTTP Total Time,ms,std,0.00
96,1780553936323170560,1780553937323170560,HTTP Waiting (TTFB),ms,avg,62426.48
96,1780553936323170560,1780553937323170560,HTTP Waiting (TTFB),ms,min,62426.48
96,1780553936323170560,1780553937323170560,HTTP Waiting (TTFB),ms,max,62426.48
96,1780553936323170560,1780553937323170560,HTTP Waiting (TTFB),ms,sum,62426.48
96,1780553936323170560,1780553937323170560,HTTP Waiting (TTFB),ms,p1,62426.48
96,1780553936323170560,1780553937323170560,HTTP Waiting (TTFB),ms,p5,62426.48
96,1780553936323170560,1780553937323170560,HTTP Waiting (TTFB),ms,p10,62426.48
96,1780553936323170560,1780553937323170560,HTTP Waiting (TTFB),ms,p25,62426.48
96,1780553936323170560,1780553937323170560,HTTP Waiting (TTFB),ms,p50,62426.48
96,1780553936323170560,1780553937323170560,HTTP Waiting (TTFB),ms,p75,62426.48
96,1780553936323170560,1780553937323170560,HTTP Waiting (TTFB),ms,p90,62426.48
96,1780553936323170560,1780553937323170560,HTTP Waiting (TTFB),ms,p95,62426.48
96,1780553936323170560,1780553937323170560,HTTP Waiting (TTFB),ms,p99,62426.48
96,1780553936323170560,1780553937323170560,HTTP Waiting (TTFB),ms,std,0.00
96,1780553936323170560,1780553937323170560,Input Sequence Length,tokens,avg,74137.00
96,1780553936323170560,1780553937323170560,Input Sequence Length,tokens,min,74137.00
96,1780553936323170560,1780553937323170560,Input Sequence Length,tokens,max,74137.00
96,1780553936323170560,1780553937323170560,Input Sequence Length,tokens,sum,74137.00
96,1780553936323170560,1780553937323170560,Input Sequence Length,tokens,p1,74137.00
96,1780553936323170560,1780553937323170560,Input Sequence Length,tokens,p5,74137.00
96,1780553936323170560,1780553937323170560,Input Sequence Length,tokens,p10,74137.00
96,1780553936323170560,1780553937323170560,Input Sequence Length,tokens,p25,74137.00
96,1780553936323170560,1780553937323170560,Input Sequence Length,tokens,p50,74137.00
96,1780553936323170560,1780553937323170560,Input Sequence Length,tokens,p75,74137.00
96,1780553936323170560,1780553937323170560,Input Sequence Length,tokens,p90,74137.00
96,1780553936323170560,1780553937323170560,Input Sequence Length,tokens,p95,74137.00
96,1780553936323170560,1780553937323170560,Input Sequence Length,tokens,p99,74137.00
96,1780553936323170560,1780553937323170560,Input Sequence Length,tokens,std,0.00
96,1780553936323170560,1780553937323170560,Input Token Throughput,tokens/sec,avg,74137.00
96,1780553936323170560,1780553937323170560,Inter Chunk Latency,ms,avg,67.38
96,1780553936323170560,1780553937323170560,Inter Chunk Latency,ms,min,67.37
96,1780553936323170560,1780553937323170560,Inter Chunk Latency,ms,max,67.38
96,1780553936323170560,1780553937323170560,Inter Chunk Latency,ms,sum,20011.41
96,1780553936323170560,1780553937323170560,Inter Chunk Latency,ms,p1,67.37
96,1780553936323170560,1780553937323170560,Inter Chunk Latency,ms,p5,67.37
96,1780553936323170560,1780553937323170560,Inter Chunk Latency,ms,p10,67.37
96,1780553936323170560,1780553937323170560,Inter Chunk Latency,ms,p25,67.38
96,1780553936323170560,1780553937323170560,Inter Chunk Latency,ms,p50,67.38
96,1780553936323170560,1780553937323170560,Inter Chunk Latency,ms,p75,67.38
96,1780553936323170560,1780553937323170560,Inter Chunk Latency,ms,p90,67.38
96,1780553936323170560,1780553937323170560,Inter Chunk Latency,ms,p95,67.38
96,1780553936323170560,1780553937323170560,Inter Chunk Latency,ms,p99,67.38
96,1780553936323170560,1780553937323170560,Inter Chunk Latency,ms,std,0.00
96,1780553936323170560,1780553937323170560,Inter Token Latency,ms,avg,108.49
96,1780553936323170560,1780553937323170560,Inter Token Latency,ms,min,108.49
96,1780553936323170560,1780553937323170560,Inter Token Latency,ms,max,108.49
96,1780553936323170560,1780553937323170560,Inter Token Latency,ms,sum,108.49
96,1780553936323170560,1780553937323170560,Inter Token Latency,ms,p1,108.49
96,1780553936323170560,1780553937323170560,Inter Token Latency,ms,p5,108.49
96,1780553936323170560,1780553937323170560,Inter Token Latency,ms,p10,108.49
96,1780553936323170560,1780553937323170560,Inter Token Latency,ms,p25,108.49
96,1780553936323170560,1780553937323170560,Inter Token Latency,ms,p50,108.49
96,1780553936323170560,1780553937323170560,Inter Token Latency,ms,p75,108.49
96,1780553936323170560,1780553937323170560,Inter Token Latency,ms,p90,108.49
96,1780553936323170560,1780553937323170560,Inter Token Latency,ms,p95,108.49
96,1780553936323170560,1780553937323170560,Inter Token Latency,ms,p99,108.49
96,1780553936323170560,1780553937323170560,Inter Token Latency,ms,std,0.00
96,1780553936323170560,1780553937323170560,Maximum Response Timestamp,ns,avg,1780554031152051712.00
96,1780553936323170560,1780553937323170560,Minimum Request Timestamp,ns,avg,1780553936502990336.00
96,1780553936323170560,1780553937323170560,OSL Mismatch Count,requests,avg,0.00
96,1780553936323170560,1780553937323170560,OSL Mismatch Diff %,%,avg,0.00
96,1780553936323170560,1780553937323170560,OSL Mismatch Diff %,%,min,0.00
96,1780553936323170560,1780553937323170560,OSL Mismatch Diff %,%,max,0.00
96,1780553936323170560,1780553937323170560,OSL Mismatch Diff %,%,sum,0.00
96,1780553936323170560,1780553937323170560,OSL Mismatch Diff %,%,p1,0.00
96,1780553936323170560,1780553937323170560,OSL Mismatch Diff %,%,p5,0.00
96,1780553936323170560,1780553937323170560,OSL Mismatch Diff %,%,p10,0.00
96,1780553936323170560,1780553937323170560,OSL Mismatch Diff %,%,p25,0.00
96,1780553936323170560,1780553937323170560,OSL Mismatch Diff %,%,p50,0.00
96,1780553936323170560,1780553937323170560,OSL Mismatch Diff %,%,p75,0.00
96,1780553936323170560,1780553937323170560,OSL Mismatch Diff %,%,p90,0.00
96,1780553936323170560,1780553937323170560,OSL Mismatch Diff %,%,p95,0.00
96,1780553936323170560,1780553937323170560,OSL Mismatch Diff %,%,p99,0.00
96,1780553936323170560,1780553937323170560,OSL Mismatch Diff %,%,std,0.00
96,1780553936323170560,1780553937323170560,Output Sequence Length,tokens,avg,298.00
96,1780553936323170560,1780553937323170560,Output Sequence Length,tokens,min,298.00
96,1780553936323170560,1780553937323170560,Output Sequence Length,tokens,max,298.00
96,1780553936323170560,1780553937323170560,Output Sequence Length,tokens,sum,298.00
96,1780553936323170560,1780553937323170560,Output Sequence Length,tokens,p1,298.00
96,1780553936323170560,1780553937323170560,Output Sequence Length,tokens,p5,298.00
96,1780553936323170560,1780553937323170560,Output Sequence Length,tokens,p10,298.00
96,1780553936323170560,1780553937323170560,Output Sequence Length,tokens,p25,298.00
96,1780553936323170560,1780553937323170560,Output Sequence Length,tokens,p50,298.00
96,1780553936323170560,1780553937323170560,Output Sequence Length,tokens,p75,298.00
96,1780553936323170560,1780553937323170560,Output Sequence Length,tokens,p90,298.00
96,1780553936323170560,1780553937323170560,Output Sequence Length,tokens,p95,298.00
96,1780553936323170560,1780553937323170560,Output Sequence Length,tokens,p99,298.00
96,1780553936323170560,1780553937323170560,Output Sequence Length,tokens,std,0.00
96,1780553936323170560,1780553937323170560,Output Token Count,tokens,avg,298.00
96,1780553936323170560,1780553937323170560,Output Token Count,tokens,min,298.00
96,1780553936323170560,1780553937323170560,Output Token Count,tokens,max,298.00
96,1780553936323170560,1780553937323170560,Output Token Count,tokens,sum,298.00
96,1780553936323170560,1780553937323170560,Output Token Count,tokens,p1,298.00
96,1780553936323170560,1780553937323170560,Output Token Count,tokens,p5,298.00
96,1780553936323170560,1780553937323170560,Output Token Count,tokens,p10,298.00
96,1780553936323170560,1780553937323170560,Output Token Count,tokens,p25,298.00
96,1780553936323170560,1780553937323170560,Output Token Count,tokens,p50,298.00
96,1780553936323170560,1780553937323170560,Output Token Count,tokens,p75,298.00
96,1780553936323170560,1780553937323170560,Output Token Count,tokens,p90,298.00
96,1780553936323170560,1780553937323170560,Output Token Count,tokens,p95,298.00
96,1780553936323170560,1780553937323170560,Output Token Count,tokens,p99,298.00
96,1780553936323170560,1780553937323170560,Output Token Count,tokens,std,0.00
96,1780553936323170560,1780553937323170560,Output Token Throughput,tokens/sec,avg,298.00
96,1780553936323170560,1780553937323170560,Output Token Throughput Per User,tokens/sec/user,avg,9.22
96,1780553936323170560,1780553937323170560,Output Token Throughput Per User,tokens/sec/user,min,9.22
96,1780553936323170560,1780553937323170560,Output Token Throughput Per User,tokens/sec/user,max,9.22
96,1780553936323170560,1780553937323170560,Output Token Throughput Per User,tokens/sec/user,sum,9.22
96,1780553936323170560,1780553937323170560,Output Token Throughput Per User,tokens/sec/user,p1,9.22
96,1780553936323170560,1780553937323170560,Output Token Throughput Per User,tokens/sec/user,p5,9.22
96,1780553936323170560,1780553937323170560,Output Token Throughput Per User,tokens/sec/user,p10,9.22
96,1780553936323170560,1780553937323170560,Output Token Throughput Per User,tokens/sec/user,p25,9.22
96,1780553936323170560,1780553937323170560,Output Token Throughput Per User,tokens/sec/user,p50,9.22
96,1780553936323170560,1780553937323170560,Output Token Throughput Per User,tokens/sec/user,p75,9.22
96,1780553936323170560,1780553937323170560,Output Token Throughput Per User,tokens/sec/user,p90,9.22
96,1780553936323170560,1780553937323170560,Output Token Throughput Per User,tokens/sec/user,p95,9.22
96,1780553936323170560,1780553937323170560,Output Token Throughput Per User,tokens/sec/user,p99,9.22
96,1780553936323170560,1780553937323170560,Output Token Throughput Per User,tokens/sec/user,std,0.00
96,1780553936323170560,1780553937323170560,Prefill Throughput Per User,tokens/sec/user,avg,1187.57
96,1780553936323170560,1780553937323170560,Prefill Throughput Per User,tokens/sec/user,min,1187.57
96,1780553936323170560,1780553937323170560,Prefill Throughput Per User,tokens/sec/user,max,1187.57
96,1780553936323170560,1780553937323170560,Prefill Throughput Per User,tokens/sec/user,sum,1187.57
96,1780553936323170560,1780553937323170560,Prefill Throughput Per User,tokens/sec/user,p1,1187.57
96,1780553936323170560,1780553937323170560,Prefill Throughput Per User,tokens/sec/user,p5,1187.57
96,1780553936323170560,1780553937323170560,Prefill Throughput Per User,tokens/sec/user,p10,1187.57
96,1780553936323170560,1780553937323170560,Prefill Throughput Per User,tokens/sec/user,p25,1187.57
96,1780553936323170560,1780553937323170560,Prefill Throughput Per User,tokens/sec/user,p50,1187.57
96,1780553936323170560,1780553937323170560,Prefill Throughput Per User,tokens/sec/user,p75,1187.57
96,1780553936323170560,1780553937323170560,Prefill Throughput Per User,tokens/sec/user,p90,1187.57
96,1780553936323170560,1780553937323170560,Prefill Throughput Per User,tokens/sec/user,p95,1187.57
96,1780553936323170560,1780553937323170560,Prefill Throughput Per User,tokens/sec/user,p99,1187.57
96,1780553936323170560,1780553937323170560,Prefill Throughput Per User,tokens/sec/user,std,0.00
96,1780553936323170560,1780553937323170560,Request Count,requests,avg,1.00
96,1780553936323170560,1780553937323170560,Request Latency,ms,avg,94649.06
96,1780553936323170560,1780553937323170560,Request Latency,ms,min,94649.06
96,1780553936323170560,1780553937323170560,Request Latency,ms,max,94649.06
96,1780553936323170560,1780553937323170560,Request Latency,ms,sum,94649.06
96,1780553936323170560,1780553937323170560,Request Latency,ms,p1,94649.06
96,1780553936323170560,1780553937323170560,Request Latency,ms,p5,94649.06
96,1780553936323170560,1780553937323170560,Request Latency,ms,p10,94649.06
96,1780553936323170560,1780553937323170560,Request Latency,ms,p25,94649.06
96,1780553936323170560,1780553937323170560,Request Latency,ms,p50,94649.06
96,1780553936323170560,1780553937323170560,Request Latency,ms,p75,94649.06
96,1780553936323170560,1780553937323170560,Request Latency,ms,p90,94649.06
96,1780553936323170560,1780553937323170560,Request Latency,ms,p95,94649.06
96,1780553936323170560,1780553937323170560,Request Latency,ms,p99,94649.06
96,1780553936323170560,1780553937323170560,Request Latency,ms,std,0.00
96,1780553936323170560,1780553937323170560,Request Throughput,requests/sec,avg,1.00
96,1780553936323170560,1780553937323170560,Requested OSL,tokens,avg,298.00
96,1780553936323170560,1780553937323170560,Requested OSL,tokens,min,298.00
96,1780553936323170560,1780553937323170560,Requested OSL,tokens,max,298.00
96,1780553936323170560,1780553937323170560,Requested OSL,tokens,sum,298.00
96,1780553936323170560,1780553937323170560,Requested OSL,tokens,p1,298.00
96,1780553936323170560,1780553937323170560,Requested OSL,tokens,p5,298.00
96,1780553936323170560,1780553937323170560,Requested OSL,tokens,p10,298.00
96,1780553936323170560,1780553937323170560,Requested OSL,tokens,p25,298.00
96,1780553936323170560,1780553937323170560,Requested OSL,tokens,p50,298.00
96,1780553936323170560,1780553937323170560,Requested OSL,tokens,p75,298.00
96,1780553936323170560,1780553937323170560,Requested OSL,tokens,p90,298.00
96,1780553936323170560,1780553937323170560,Requested OSL,tokens,p95,298.00
96,1780553936323170560,1780553937323170560,Requested OSL,tokens,p99,298.00
96,1780553936323170560,1780553937323170560,Requested OSL,tokens,std,0.00
96,1780553936323170560,1780553937323170560,Time to First Output Token,ms,avg,62427.63
96,1780553936323170560,1780553937323170560,Time to First Output Token,ms,min,62427.63
96,1780553936323170560,1780553937323170560,Time to First Output Token,ms,max,62427.63
96,1780553936323170560,1780553937323170560,Time to First Output Token,ms,sum,62427.63
96,1780553936323170560,1780553937323170560,Time to First Output Token,ms,p1,62427.63
96,1780553936323170560,1780553937323170560,Time to First Output Token,ms,p5,62427.63
96,1780553936323170560,1780553937323170560,Time to First Output Token,ms,p10,62427.63
96,1780553936323170560,1780553937323170560,Time to First Output Token,ms,p25,62427.63
96,1780553936323170560,1780553937323170560,Time to First Output Token,ms,p50,62427.63
96,1780553936323170560,1780553937323170560,Time to First Output Token,ms,p75,62427.63
96,1780553936323170560,1780553937323170560,Time to First Output Token,ms,p90,62427.63
96,1780553936323170560,1780553937323170560,Time to First Output Token,ms,p95,62427.63
96,1780553936323170560,1780553937323170560,Time to First Output Token,ms,p99,62427.63
96,1780553936323170560,1780553937323170560,Time to First Output Token,ms,std,0.00
96,1780553936323170560,1780553937323170560,Time to First Token,ms,avg,62427.63
96,1780553936323170560,1780553937323170560,Time to First Token,ms,min,62427.63
96,1780553936323170560,1780553937323170560,Time to First Token,ms,max,62427.63
96,1780553936323170560,1780553937323170560,Time to First Token,ms,sum,62427.63
96,1780553936323170560,1780553937323170560,Time to First Token,ms,p1,62427.63
96,1780553936323170560,1780553937323170560,Time to First Token,ms,p5,62427.63
96,1780553936323170560,1780553937323170560,Time to First Token,ms,p10,62427.63
96,1780553936323170560,1780553937323170560,Time to First Token,ms,p25,62427.63
96,1780553936323170560,1780553937323170560,Time to First Token,ms,p50,62427.63
96,1780553936323170560,1780553937323170560,Time to First Token,ms,p75,62427.63
96,1780553936323170560,1780553937323170560,Time to First Token,ms,p90,62427.63
96,1780553936323170560,1780553937323170560,Time to First Token,ms,p95,62427.63
96,1780553936323170560,1780553937323170560,Time to First Token,ms,p99,62427.63
96,1780553936323170560,1780553937323170560,Time to First Token,ms,std,0.00
96,1780553936323170560,1780553937323170560,Time to Second Token,ms,avg,163.26
96,1780553936323170560,1780553937323170560,Time to Second Token,ms,min,163.26
96,1780553936323170560,1780553937323170560,Time to Second Token,ms,max,163.26
96,1780553936323170560,1780553937323170560,Time to Second Token,ms,sum,163.26
96,1780553936323170560,1780553937323170560,Time to Second Token,ms,p1,163.26
96,1780553936323170560,1780553937323170560,Time to Second Token,ms,p5,163.26
96,1780553936323170560,1780553937323170560,Time to Second Token,ms,p10,163.26
96,1780553936323170560,1780553937323170560,Time to Second Token,ms,p25,163.26
96,1780553936323170560,1780553937323170560,Time to Second Token,ms,p50,163.26
96,1780553936323170560,1780553937323170560,Time to Second Token,ms,p75,163.26
96,1780553936323170560,1780553937323170560,Time to Second Token,ms,p90,163.26
96,1780553936323170560,1780553937323170560,Time to Second Token,ms,p95,163.26
96,1780553936323170560,1780553937323170560,Time to Second Token,ms,p99,163.26
96,1780553936323170560,1780553937323170560,Time to Second Token,ms,std,0.00
96,1780553936323170560,1780553937323170560,Tokens In Flight,tokens,avg,1535868.74
96,1780553936323170560,1780553937323170560,Tokens In Flight,tokens,min,1475006.39
96,1780553936323170560,1780553937323170560,Tokens In Flight,tokens,max,1549256.38
96,1780553936323170560,1780553937323170560,Tokens In Flight,tokens,p50,1549199.86
96,1780553936323170560,1780553937323170560,Tokens In Flight,tokens,p90,1549246.41
96,1780553936323170560,1780553937323170560,Tokens In Flight,tokens,p95,1549254.33
96,1780553936323170560,1780553937323170560,Tokens In Flight,tokens,p99,1549256.38
96,1780553936323170560,1780553937323170560,Tokens In Flight,tokens,std,28493.81
96,1780553936323170560,1780553937323170560,Total Input Sequence Length,tokens,avg,74137.00
96,1780553936323170560,1780553937323170560,Total Output Sequence Length,tokens,avg,298.00
96,1780553936323170560,1780553937323170560,Total Output Tokens,tokens,avg,298.00
96,1780553936323170560,1780553937323170560,Total Token Throughput,tokens/sec,avg,74435.00
96,1780553936323170560,1780553937323170560,Total Usage Completion Tokens,tokens,avg,298.00
96,1780553936323170560,1780553937323170560,Total Usage Prompt Tokens,tokens,avg,74137.00
96,1780553936323170560,1780553937323170560,Total Usage Total Tokens,tokens,avg,74435.00
96,1780553936323170560,1780553937323170560,Usage Completion Tokens,tokens,avg,298.00
96,1780553936323170560,1780553937323170560,Usage Completion Tokens,tokens,min,298.00
96,1780553936323170560,1780553937323170560,Usage Completion Tokens,tokens,max,298.00
96,1780553936323170560,1780553937323170560,Usage Completion Tokens,tokens,sum,298.00
96,1780553936323170560,1780553937323170560,Usage Completion Tokens,tokens,p1,298.00
96,1780553936323170560,1780553937323170560,Usage Completion Tokens,tokens,p5,298.00
96,1780553936323170560,1780553937323170560,Usage Completion Tokens,tokens,p10,298.00
96,1780553936323170560,1780553937323170560,Usage Completion Tokens,tokens,p25,298.00
96,1780553936323170560,1780553937323170560,Usage Completion Tokens,tokens,p50,298.00
96,1780553936323170560,1780553937323170560,Usage Completion Tokens,tokens,p75,298.00
96,1780553936323170560,1780553937323170560,Usage Completion Tokens,tokens,p90,298.00
96,1780553936323170560,1780553937323170560,Usage Completion Tokens,tokens,p95,298.00
96,1780553936323170560,1780553937323170560,Usage Completion Tokens,tokens,p99,298.00
96,1780553936323170560,1780553937323170560,Usage Completion Tokens,tokens,std,0.00
96,1780553936323170560,1780553937323170560,Usage Prompt Tokens,tokens,avg,74137.00
96,1780553936323170560,1780553937323170560,Usage Prompt Tokens,tokens,min,74137.00
96,1780553936323170560,1780553937323170560,Usage Prompt Tokens,tokens,max,74137.00
96,1780553936323170560,1780553937323170560,Usage Prompt Tokens,tokens,sum,74137.00
96,1780553936323170560,1780553937323170560,Usage Prompt Tokens,tokens,p1,74137.00
96,1780553936323170560,1780553937323170560,Usage Prompt Tokens,tokens,p5,74137.00
96,1780553936323170560,1780553937323170560,Usage Prompt Tokens,tokens,p10,74137.00
96,1780553936323170560,1780553937323170560,Usage Prompt Tokens,tokens,p25,74137.00
96,1780553936323170560,1780553937323170560,Usage Prompt Tokens,tokens,p50,74137.00
96,1780553936323170560,1780553937323170560,Usage Prompt Tokens,tokens,p75,74137.00
96,1780553936323170560,1780553937323170560,Usage Prompt Tokens,tokens,p90,74137.00
96,1780553936323170560,1780553937323170560,Usage Prompt Tokens,tokens,p95,74137.00
96,1780553936323170560,1780553937323170560,Usage Prompt Tokens,tokens,p99,74137.00
96,1780553936323170560,1780553937323170560,Usage Prompt Tokens,tokens,std,0.00
96,1780553936323170560,1780553937323170560,Usage Total Tokens,tokens,avg,74435.00
96,1780553936323170560,1780553937323170560,Usage Total Tokens,tokens,min,74435.00
96,1780553936323170560,1780553937323170560,Usage Total Tokens,tokens,max,74435.00
96,1780553936323170560,1780553937323170560,Usage Total Tokens,tokens,sum,74435.00
96,1780553936323170560,1780553937323170560,Usage Total Tokens,tokens,p1,74435.00
96,1780553936323170560,1780553937323170560,Usage Total Tokens,tokens,p5,74435.00
96,1780553936323170560,1780553937323170560,Usage Total Tokens,tokens,p10,74435.00
96,1780553936323170560,1780553937323170560,Usage Total Tokens,tokens,p25,74435.00
96,1780553936323170560,1780553937323170560,Usage Total Tokens,tokens,p50,74435.00
96,1780553936323170560,1780553937323170560,Usage Total Tokens,tokens,p75,74435.00
96,1780553936323170560,1780553937323170560,Usage Total Tokens,tokens,p90,74435.00
96,1780553936323170560,1780553937323170560,Usage Total Tokens,tokens,p95,74435.00
96,1780553936323170560,1780553937323170560,Usage Total Tokens,tokens,p99,74435.00
96,1780553936323170560,1780553937323170560,Usage Total Tokens,tokens,std,0.00
97,1780553983323170560,1780553984323170560,Active Decode Throughput,tokens/sec,avg,86.42
97,1780553983323170560,1780553984323170560,Active Decode Throughput,tokens/sec,min,60.13
97,1780553983323170560,1780553984323170560,Active Decode Throughput,tokens/sec,max,112.71
97,1780553983323170560,1780553984323170560,Active Decode Throughput,tokens/sec,p50,86.42
97,1780553983323170560,1780553984323170560,Active Decode Throughput,tokens/sec,p90,86.42
97,1780553983323170560,1780553984323170560,Active Decode Throughput,tokens/sec,p95,86.42
97,1780553983323170560,1780553984323170560,Active Decode Throughput,tokens/sec,p99,86.42
97,1780553983323170560,1780553984323170560,Active Decode Throughput,tokens/sec,std,0.04
97,1780553983323170560,1780553984323170560,Active Decode Throughput Per User,tokens/sec/user,avg,8.64
97,1780553983323170560,1780553984323170560,Active Decode Throughput Per User,tokens/sec/user,min,6.01
97,1780553983323170560,1780553984323170560,Active Decode Throughput Per User,tokens/sec/user,max,11.27
97,1780553983323170560,1780553984323170560,Active Decode Throughput Per User,tokens/sec/user,p50,8.64
97,1780553983323170560,1780553984323170560,Active Decode Throughput Per User,tokens/sec/user,p90,8.64
97,1780553983323170560,1780553984323170560,Active Decode Throughput Per User,tokens/sec/user,p95,8.64
97,1780553983323170560,1780553984323170560,Active Decode Throughput Per User,tokens/sec/user,p99,8.64
97,1780553983323170560,1780553984323170560,Active Decode Throughput Per User,tokens/sec/user,std,0.00
97,1780553983323170560,1780553984323170560,Active Prefill Throughput,tokens/sec,avg,4371.53
97,1780553983323170560,1780553984323170560,Active Prefill Throughput,tokens/sec,min,3435.98
97,1780553983323170560,1780553984323170560,Active Prefill Throughput,tokens/sec,max,5199.35
97,1780553983323170560,1780553984323170560,Active Prefill Throughput,tokens/sec,p50,5199.35
97,1780553983323170560,1780553984323170560,Active Prefill Throughput,tokens/sec,p90,5199.35
97,1780553983323170560,1780553984323170560,Active Prefill Throughput,tokens/sec,p95,5199.35
97,1780553983323170560,1780553984323170560,Active Prefill Throughput,tokens/sec,p99,5199.35
97,1780553983323170560,1780553984323170560,Active Prefill Throughput,tokens/sec,std,880.04
97,1780553983323170560,1780553984323170560,Active Prefill Throughput Per User,tokens/sec/user,avg,1227.30
97,1780553983323170560,1780553984323170560,Active Prefill Throughput Per User,tokens/sec/user,min,1145.33
97,1780553983323170560,1780553984323170560,Active Prefill Throughput Per User,tokens/sec/user,max,1299.84
97,1780553983323170560,1780553984323170560,Active Prefill Throughput Per User,tokens/sec/user,p50,1299.84
97,1780553983323170560,1780553984323170560,Active Prefill Throughput Per User,tokens/sec/user,p90,1299.84
97,1780553983323170560,1780553984323170560,Active Prefill Throughput Per User,tokens/sec/user,p95,1299.84
97,1780553983323170560,1780553984323170560,Active Prefill Throughput Per User,tokens/sec/user,p99,1299.84
97,1780553983323170560,1780553984323170560,Active Prefill Throughput Per User,tokens/sec/user,std,77.11
97,1780553983323170560,1780553984323170560,Active Total Throughput,tokens/sec,avg,4447.50
97,1780553983323170560,1780553984323170560,Active Total Throughput,tokens/sec,min,3511.94
97,1780553983323170560,1780553984323170560,Active Total Throughput,tokens/sec,max,5275.31
97,1780553983323170560,1780553984323170560,Active Total Throughput,tokens/sec,p50,5275.31
97,1780553983323170560,1780553984323170560,Active Total Throughput,tokens/sec,p90,5275.31
97,1780553983323170560,1780553984323170560,Active Total Throughput,tokens/sec,p95,5275.31
97,1780553983323170560,1780553984323170560,Active Total Throughput,tokens/sec,p99,5275.31
97,1780553983323170560,1780553984323170560,Active Total Throughput,tokens/sec,std,880.04
97,1780553983323170560,1780553984323170560,Benchmark Duration,sec,avg,126.00
97,1780553983323170560,1780553984323170560,E2E Output Token Throughput,tokens/sec/user,avg,7.82
97,1780553983323170560,1780553984323170560,E2E Output Token Throughput,tokens/sec/user,min,7.82
97,1780553983323170560,1780553984323170560,E2E Output Token Throughput,tokens/sec/user,max,7.82
97,1780553983323170560,1780553984323170560,E2E Output Token Throughput,tokens/sec/user,sum,7.82
97,1780553983323170560,1780553984323170560,E2E Output Token Throughput,tokens/sec/user,p1,7.82
97,1780553983323170560,1780553984323170560,E2E Output Token Throughput,tokens/sec/user,p5,7.82
97,1780553983323170560,1780553984323170560,E2E Output Token Throughput,tokens/sec/user,p10,7.82
97,1780553983323170560,1780553984323170560,E2E Output Token Throughput,tokens/sec/user,p25,7.82
97,1780553983323170560,1780553984323170560,E2E Output Token Throughput,tokens/sec/user,p50,7.82
97,1780553983323170560,1780553984323170560,E2E Output Token Throughput,tokens/sec/user,p75,7.82
97,1780553983323170560,1780553984323170560,E2E Output Token Throughput,tokens/sec/user,p90,7.82
97,1780553983323170560,1780553984323170560,E2E Output Token Throughput,tokens/sec/user,p95,7.82
97,1780553983323170560,1780553984323170560,E2E Output Token Throughput,tokens/sec/user,p99,7.82
97,1780553983323170560,1780553984323170560,E2E Output Token Throughput,tokens/sec/user,std,0.00
97,1780553983323170560,1780553984323170560,Effective Concurrency,requests,avg,13.53
97,1780553983323170560,1780553984323170560,Effective Concurrency,requests,min,13.00
97,1780553983323170560,1780553984323170560,Effective Concurrency,requests,max,14.00
97,1780553983323170560,1780553984323170560,Effective Concurrency,requests,p50,14.00
97,1780553983323170560,1780553984323170560,Effective Concurrency,requests,p90,14.00
97,1780553983323170560,1780553984323170560,Effective Concurrency,requests,p95,14.00
97,1780553983323170560,1780553984323170560,Effective Concurrency,requests,p99,14.00
97,1780553983323170560,1780553984323170560,Effective Concurrency,requests,std,0.50
97,1780553983323170560,1780553984323170560,Effective Decode Concurrency,requests,avg,10.00
97,1780553983323170560,1780553984323170560,Effective Decode Concurrency,requests,min,10.00
97,1780553983323170560,1780553984323170560,Effective Decode Concurrency,requests,max,10.00
97,1780553983323170560,1780553984323170560,Effective Decode Concurrency,requests,p50,10.00
97,1780553983323170560,1780553984323170560,Effective Decode Concurrency,requests,p90,10.00
97,1780553983323170560,1780553984323170560,Effective Decode Concurrency,requests,p95,10.00
97,1780553983323170560,1780553984323170560,Effective Decode Concurrency,requests,p99,10.00
97,1780553983323170560,1780553984323170560,Effective Decode Concurrency,requests,std,0.00
97,1780553983323170560,1780553984323170560,Effective Decode Throughput,tokens/sec,avg,86.42
97,1780553983323170560,1780553984323170560,Effective Decode Throughput,tokens/sec,min,60.13
97,1780553983323170560,1780553984323170560,Effective Decode Throughput,tokens/sec,max,112.71
97,1780553983323170560,1780553984323170560,Effective Decode Throughput,tokens/sec,p50,86.42
97,1780553983323170560,1780553984323170560,Effective Decode Throughput,tokens/sec,p90,86.42
97,1780553983323170560,1780553984323170560,Effective Decode Throughput,tokens/sec,p95,86.42
97,1780553983323170560,1780553984323170560,Effective Decode Throughput,tokens/sec,p99,86.42
97,1780553983323170560,1780553984323170560,Effective Decode Throughput,tokens/sec,std,0.04
97,1780553983323170560,1780553984323170560,Effective Decode Throughput Per User,tokens/sec/user,avg,8.64
97,1780553983323170560,1780553984323170560,Effective Decode Throughput Per User,tokens/sec/user,min,6.01
97,1780553983323170560,1780553984323170560,Effective Decode Throughput Per User,tokens/sec/user,max,11.27
97,1780553983323170560,1780553984323170560,Effective Decode Throughput Per User,tokens/sec/user,p50,8.64
97,1780553983323170560,1780553984323170560,Effective Decode Throughput Per User,tokens/sec/user,p90,8.64
97,1780553983323170560,1780553984323170560,Effective Decode Throughput Per User,tokens/sec/user,p95,8.64
97,1780553983323170560,1780553984323170560,Effective Decode Throughput Per User,tokens/sec/user,p99,8.64
97,1780553983323170560,1780553984323170560,Effective Decode Throughput Per User,tokens/sec/user,std,0.00
97,1780553983323170560,1780553984323170560,Effective Prefill Concurrency,requests,avg,3.53
97,1780553983323170560,1780553984323170560,Effective Prefill Concurrency,requests,min,3.00
97,1780553983323170560,1780553984323170560,Effective Prefill Concurrency,requests,max,4.00
97,1780553983323170560,1780553984323170560,Effective Prefill Concurrency,requests,p50,4.00
97,1780553983323170560,1780553984323170560,Effective Prefill Concurrency,requests,p90,4.00
97,1780553983323170560,1780553984323170560,Effective Prefill Concurrency,requests,p95,4.00
97,1780553983323170560,1780553984323170560,Effective Prefill Concurrency,requests,p99,4.00
97,1780553983323170560,1780553984323170560,Effective Prefill Concurrency,requests,std,0.50
97,1780553983323170560,1780553984323170560,Effective Prefill Throughput,tokens/sec,avg,4371.53
97,1780553983323170560,1780553984323170560,Effective Prefill Throughput,tokens/sec,min,3435.98
97,1780553983323170560,1780553984323170560,Effective Prefill Throughput,tokens/sec,max,5199.35
97,1780553983323170560,1780553984323170560,Effective Prefill Throughput,tokens/sec,p50,5199.35
97,1780553983323170560,1780553984323170560,Effective Prefill Throughput,tokens/sec,p90,5199.35
97,1780553983323170560,1780553984323170560,Effective Prefill Throughput,tokens/sec,p95,5199.35
97,1780553983323170560,1780553984323170560,Effective Prefill Throughput,tokens/sec,p99,5199.35
97,1780553983323170560,1780553984323170560,Effective Prefill Throughput,tokens/sec,std,880.04
97,1780553983323170560,1780553984323170560,Effective Prefill Throughput Per User,tokens/sec/user,avg,1227.30
97,1780553983323170560,1780553984323170560,Effective Prefill Throughput Per User,tokens/sec/user,min,1145.33
97,1780553983323170560,1780553984323170560,Effective Prefill Throughput Per User,tokens/sec/user,max,1299.84
97,1780553983323170560,1780553984323170560,Effective Prefill Throughput Per User,tokens/sec/user,p50,1299.84
97,1780553983323170560,1780553984323170560,Effective Prefill Throughput Per User,tokens/sec/user,p90,1299.84
97,1780553983323170560,1780553984323170560,Effective Prefill Throughput Per User,tokens/sec/user,p95,1299.84
97,1780553983323170560,1780553984323170560,Effective Prefill Throughput Per User,tokens/sec/user,p99,1299.84
97,1780553983323170560,1780553984323170560,Effective Prefill Throughput Per User,tokens/sec/user,std,77.11
97,1780553983323170560,1780553984323170560,Effective Total Throughput,tokens/sec,avg,4447.50
97,1780553983323170560,1780553984323170560,Effective Total Throughput,tokens/sec,min,3511.94
97,1780553983323170560,1780553984323170560,Effective Total Throughput,tokens/sec,max,5275.31
97,1780553983323170560,1780553984323170560,Effective Total Throughput,tokens/sec,p50,5275.31
97,1780553983323170560,1780553984323170560,Effective Total Throughput,tokens/sec,p90,5275.31
97,1780553983323170560,1780553984323170560,Effective Total Throughput,tokens/sec,p95,5275.31
97,1780553983323170560,1780553984323170560,Effective Total Throughput,tokens/sec,p99,5275.31
97,1780553983323170560,1780553984323170560,Effective Total Throughput,tokens/sec,std,880.04
97,1780553983323170560,1780553984323170560,HTTP Blocked,ms,avg,0.00
97,1780553983323170560,1780553984323170560,HTTP Blocked,ms,min,0.00
97,1780553983323170560,1780553984323170560,HTTP Blocked,ms,max,0.00
97,1780553983323170560,1780553984323170560,HTTP Blocked,ms,sum,0.00
97,1780553983323170560,1780553984323170560,HTTP Blocked,ms,p1,0.00
97,1780553983323170560,1780553984323170560,HTTP Blocked,ms,p5,0.00
97,1780553983323170560,1780553984323170560,HTTP Blocked,ms,p10,0.00
97,1780553983323170560,1780553984323170560,HTTP Blocked,ms,p25,0.00
97,1780553983323170560,1780553984323170560,HTTP Blocked,ms,p50,0.00
97,1780553983323170560,1780553984323170560,HTTP Blocked,ms,p75,0.00
97,1780553983323170560,1780553984323170560,HTTP Blocked,ms,p90,0.00
97,1780553983323170560,1780553984323170560,HTTP Blocked,ms,p95,0.00
97,1780553983323170560,1780553984323170560,HTTP Blocked,ms,p99,0.00
97,1780553983323170560,1780553984323170560,HTTP Blocked,ms,std,0.00
97,1780553983323170560,1780553984323170560,HTTP Chunks Received,count,avg,985.00
97,1780553983323170560,1780553984323170560,HTTP Chunks Received,count,min,985.00
97,1780553983323170560,1780553984323170560,HTTP Chunks Received,count,max,985.00
97,1780553983323170560,1780553984323170560,HTTP Chunks Received,count,sum,985.00
97,1780553983323170560,1780553984323170560,HTTP Chunks Received,count,p1,985.00
97,1780553983323170560,1780553984323170560,HTTP Chunks Received,count,p5,985.00
97,1780553983323170560,1780553984323170560,HTTP Chunks Received,count,p10,985.00
97,1780553983323170560,1780553984323170560,HTTP Chunks Received,count,p25,985.00
97,1780553983323170560,1780553984323170560,HTTP Chunks Received,count,p50,985.00
97,1780553983323170560,1780553984323170560,HTTP Chunks Received,count,p75,985.00
97,1780553983323170560,1780553984323170560,HTTP Chunks Received,count,p90,985.00
97,1780553983323170560,1780553984323170560,HTTP Chunks Received,count,p95,985.00
97,1780553983323170560,1780553984323170560,HTTP Chunks Received,count,p99,985.00
97,1780553983323170560,1780553984323170560,HTTP Chunks Received,count,std,0.00
97,1780553983323170560,1780553984323170560,HTTP Chunks Sent,count,avg,1.00
97,1780553983323170560,1780553984323170560,HTTP Chunks Sent,count,min,1.00
97,1780553983323170560,1780553984323170560,HTTP Chunks Sent,count,max,1.00
97,1780553983323170560,1780553984323170560,HTTP Chunks Sent,count,sum,1.00
97,1780553983323170560,1780553984323170560,HTTP Chunks Sent,count,p1,1.00
97,1780553983323170560,1780553984323170560,HTTP Chunks Sent,count,p5,1.00
97,1780553983323170560,1780553984323170560,HTTP Chunks Sent,count,p10,1.00
97,1780553983323170560,1780553984323170560,HTTP Chunks Sent,count,p25,1.00
97,1780553983323170560,1780553984323170560,HTTP Chunks Sent,count,p50,1.00
97,1780553983323170560,1780553984323170560,HTTP Chunks Sent,count,p75,1.00
97,1780553983323170560,1780553984323170560,HTTP Chunks Sent,count,p90,1.00
97,1780553983323170560,1780553984323170560,HTTP Chunks Sent,count,p95,1.00
97,1780553983323170560,1780553984323170560,HTTP Chunks Sent,count,p99,1.00
97,1780553983323170560,1780553984323170560,HTTP Chunks Sent,count,std,0.00
97,1780553983323170560,1780553984323170560,HTTP Connecting,ms,avg,0.61
97,1780553983323170560,1780553984323170560,HTTP Connecting,ms,min,0.61
97,1780553983323170560,1780553984323170560,HTTP Connecting,ms,max,0.61
97,1780553983323170560,1780553984323170560,HTTP Connecting,ms,sum,0.61
97,1780553983323170560,1780553984323170560,HTTP Connecting,ms,p1,0.61
97,1780553983323170560,1780553984323170560,HTTP Connecting,ms,p5,0.61
97,1780553983323170560,1780553984323170560,HTTP Connecting,ms,p10,0.61
97,1780553983323170560,1780553984323170560,HTTP Connecting,ms,p25,0.61
97,1780553983323170560,1780553984323170560,HTTP Connecting,ms,p50,0.61
97,1780553983323170560,1780553984323170560,HTTP Connecting,ms,p75,0.61
97,1780553983323170560,1780553984323170560,HTTP Connecting,ms,p90,0.61
97,1780553983323170560,1780553984323170560,HTTP Connecting,ms,p95,0.61
97,1780553983323170560,1780553984323170560,HTTP Connecting,ms,p99,0.61
97,1780553983323170560,1780553984323170560,HTTP Connecting,ms,std,0.00
97,1780553983323170560,1780553984323170560,HTTP Connection Overhead,ms,avg,0.61
97,1780553983323170560,1780553984323170560,HTTP Connection Overhead,ms,min,0.61
97,1780553983323170560,1780553984323170560,HTTP Connection Overhead,ms,max,0.61
97,1780553983323170560,1780553984323170560,HTTP Connection Overhead,ms,sum,0.61
97,1780553983323170560,1780553984323170560,HTTP Connection Overhead,ms,p1,0.61
97,1780553983323170560,1780553984323170560,HTTP Connection Overhead,ms,p5,0.61
97,1780553983323170560,1780553984323170560,HTTP Connection Overhead,ms,p10,0.61
97,1780553983323170560,1780553984323170560,HTTP Connection Overhead,ms,p25,0.61
97,1780553983323170560,1780553984323170560,HTTP Connection Overhead,ms,p50,0.61
97,1780553983323170560,1780553984323170560,HTTP Connection Overhead,ms,p75,0.61
97,1780553983323170560,1780553984323170560,HTTP Connection Overhead,ms,p90,0.61
97,1780553983323170560,1780553984323170560,HTTP Connection Overhead,ms,p95,0.61
97,1780553983323170560,1780553984323170560,HTTP Connection Overhead,ms,p99,0.61
97,1780553983323170560,1780553984323170560,HTTP Connection Overhead,ms,std,0.00
97,1780553983323170560,1780553984323170560,HTTP Connection Reused,ratio,avg,0.00
97,1780553983323170560,1780553984323170560,HTTP Connection Reused,ratio,min,0.00
97,1780553983323170560,1780553984323170560,HTTP Connection Reused,ratio,max,0.00
97,1780553983323170560,1780553984323170560,HTTP Connection Reused,ratio,sum,0.00
97,1780553983323170560,1780553984323170560,HTTP Connection Reused,ratio,p1,0.00
97,1780553983323170560,1780553984323170560,HTTP Connection Reused,ratio,p5,0.00
97,1780553983323170560,1780553984323170560,HTTP Connection Reused,ratio,p10,0.00
97,1780553983323170560,1780553984323170560,HTTP Connection Reused,ratio,p25,0.00
97,1780553983323170560,1780553984323170560,HTTP Connection Reused,ratio,p50,0.00
97,1780553983323170560,1780553984323170560,HTTP Connection Reused,ratio,p75,0.00
97,1780553983323170560,1780553984323170560,HTTP Connection Reused,ratio,p90,0.00
97,1780553983323170560,1780553984323170560,HTTP Connection Reused,ratio,p95,0.00
97,1780553983323170560,1780553984323170560,HTTP Connection Reused,ratio,p99,0.00
97,1780553983323170560,1780553984323170560,HTTP Connection Reused,ratio,std,0.00
97,1780553983323170560,1780553984323170560,HTTP Data Received,KB,avg,245.45
97,1780553983323170560,1780553984323170560,HTTP Data Received,KB,min,245.45
97,1780553983323170560,1780553984323170560,HTTP Data Received,KB,max,245.45
97,1780553983323170560,1780553984323170560,HTTP Data Received,KB,sum,245.45
97,1780553983323170560,1780553984323170560,HTTP Data Received,KB,p1,245.45
97,1780553983323170560,1780553984323170560,HTTP Data Received,KB,p5,245.45
97,1780553983323170560,1780553984323170560,HTTP Data Received,KB,p10,245.45
97,1780553983323170560,1780553984323170560,HTTP Data Received,KB,p25,245.45
97,1780553983323170560,1780553984323170560,HTTP Data Received,KB,p50,245.45
97,1780553983323170560,1780553984323170560,HTTP Data Received,KB,p75,245.45
97,1780553983323170560,1780553984323170560,HTTP Data Received,KB,p90,245.45
97,1780553983323170560,1780553984323170560,HTTP Data Received,KB,p95,245.45
97,1780553983323170560,1780553984323170560,HTTP Data Received,KB,p99,245.45
97,1780553983323170560,1780553984323170560,HTTP Data Received,KB,std,0.00
97,1780553983323170560,1780553984323170560,HTTP Data Sent,KB,avg,110.92
97,1780553983323170560,1780553984323170560,HTTP Data Sent,KB,min,110.92
97,1780553983323170560,1780553984323170560,HTTP Data Sent,KB,max,110.92
97,1780553983323170560,1780553984323170560,HTTP Data Sent,KB,sum,110.92
97,1780553983323170560,1780553984323170560,HTTP Data Sent,KB,p1,110.92
97,1780553983323170560,1780553984323170560,HTTP Data Sent,KB,p5,110.92
97,1780553983323170560,1780553984323170560,HTTP Data Sent,KB,p10,110.92
97,1780553983323170560,1780553984323170560,HTTP Data Sent,KB,p25,110.92
97,1780553983323170560,1780553984323170560,HTTP Data Sent,KB,p50,110.92
97,1780553983323170560,1780553984323170560,HTTP Data Sent,KB,p75,110.92
97,1780553983323170560,1780553984323170560,HTTP Data Sent,KB,p90,110.92
97,1780553983323170560,1780553984323170560,HTTP Data Sent,KB,p95,110.92
97,1780553983323170560,1780553984323170560,HTTP Data Sent,KB,p99,110.92
97,1780553983323170560,1780553984323170560,HTTP Data Sent,KB,std,0.00
97,1780553983323170560,1780553984323170560,HTTP DNS Lookup,ms,avg,0.00
97,1780553983323170560,1780553984323170560,HTTP DNS Lookup,ms,min,0.00
97,1780553983323170560,1780553984323170560,HTTP DNS Lookup,ms,max,0.00
97,1780553983323170560,1780553984323170560,HTTP DNS Lookup,ms,sum,0.00
97,1780553983323170560,1780553984323170560,HTTP DNS Lookup,ms,p1,0.00
97,1780553983323170560,1780553984323170560,HTTP DNS Lookup,ms,p5,0.00
97,1780553983323170560,1780553984323170560,HTTP DNS Lookup,ms,p10,0.00
97,1780553983323170560,1780553984323170560,HTTP DNS Lookup,ms,p25,0.00
97,1780553983323170560,1780553984323170560,HTTP DNS Lookup,ms,p50,0.00
97,1780553983323170560,1780553984323170560,HTTP DNS Lookup,ms,p75,0.00
97,1780553983323170560,1780553984323170560,HTTP DNS Lookup,ms,p90,0.00
97,1780553983323170560,1780553984323170560,HTTP DNS Lookup,ms,p95,0.00
97,1780553983323170560,1780553984323170560,HTTP DNS Lookup,ms,p99,0.00
97,1780553983323170560,1780553984323170560,HTTP DNS Lookup,ms,std,0.00
97,1780553983323170560,1780553984323170560,HTTP Duration (excl. conn),ms,avg,125995.67
97,1780553983323170560,1780553984323170560,HTTP Duration (excl. conn),ms,min,125995.67
97,1780553983323170560,1780553984323170560,HTTP Duration (excl. conn),ms,max,125995.67
97,1780553983323170560,1780553984323170560,HTTP Duration (excl. conn),ms,sum,125995.67
97,1780553983323170560,1780553984323170560,HTTP Duration (excl. conn),ms,p1,125995.67
97,1780553983323170560,1780553984323170560,HTTP Duration (excl. conn),ms,p5,125995.67
97,1780553983323170560,1780553984323170560,HTTP Duration (excl. conn),ms,p10,125995.67
97,1780553983323170560,1780553984323170560,HTTP Duration (excl. conn),ms,p25,125995.67
97,1780553983323170560,1780553984323170560,HTTP Duration (excl. conn),ms,p50,125995.67
97,1780553983323170560,1780553984323170560,HTTP Duration (excl. conn),ms,p75,125995.67
97,1780553983323170560,1780553984323170560,HTTP Duration (excl. conn),ms,p90,125995.67
97,1780553983323170560,1780553984323170560,HTTP Duration (excl. conn),ms,p95,125995.67
97,1780553983323170560,1780553984323170560,HTTP Duration (excl. conn),ms,p99,125995.67
97,1780553983323170560,1780553984323170560,HTTP Duration (excl. conn),ms,std,0.00
97,1780553983323170560,1780553984323170560,HTTP Receiving,ms,avg,109741.13
97,1780553983323170560,1780553984323170560,HTTP Receiving,ms,min,109741.13
97,1780553983323170560,1780553984323170560,HTTP Receiving,ms,max,109741.13
97,1780553983323170560,1780553984323170560,HTTP Receiving,ms,sum,109741.13
97,1780553983323170560,1780553984323170560,HTTP Receiving,ms,p1,109741.13
97,1780553983323170560,1780553984323170560,HTTP Receiving,ms,p5,109741.13
97,1780553983323170560,1780553984323170560,HTTP Receiving,ms,p10,109741.13
97,1780553983323170560,1780553984323170560,HTTP Receiving,ms,p25,109741.13
97,1780553983323170560,1780553984323170560,HTTP Receiving,ms,p50,109741.13
97,1780553983323170560,1780553984323170560,HTTP Receiving,ms,p75,109741.13
97,1780553983323170560,1780553984323170560,HTTP Receiving,ms,p90,109741.13
97,1780553983323170560,1780553984323170560,HTTP Receiving,ms,p95,109741.13
97,1780553983323170560,1780553984323170560,HTTP Receiving,ms,p99,109741.13
97,1780553983323170560,1780553984323170560,HTTP Receiving,ms,std,0.00
97,1780553983323170560,1780553984323170560,HTTP Sending,ms,avg,0.87
97,1780553983323170560,1780553984323170560,HTTP Sending,ms,min,0.87
97,1780553983323170560,1780553984323170560,HTTP Sending,ms,max,0.87
97,1780553983323170560,1780553984323170560,HTTP Sending,ms,sum,0.87
97,1780553983323170560,1780553984323170560,HTTP Sending,ms,p1,0.87
97,1780553983323170560,1780553984323170560,HTTP Sending,ms,p5,0.87
97,1780553983323170560,1780553984323170560,HTTP Sending,ms,p10,0.87
97,1780553983323170560,1780553984323170560,HTTP Sending,ms,p25,0.87
97,1780553983323170560,1780553984323170560,HTTP Sending,ms,p50,0.87
97,1780553983323170560,1780553984323170560,HTTP Sending,ms,p75,0.87
97,1780553983323170560,1780553984323170560,HTTP Sending,ms,p90,0.87
97,1780553983323170560,1780553984323170560,HTTP Sending,ms,p95,0.87
97,1780553983323170560,1780553984323170560,HTTP Sending,ms,p99,0.87
97,1780553983323170560,1780553984323170560,HTTP Sending,ms,std,0.00
97,1780553983323170560,1780553984323170560,HTTP Total Time,ms,avg,125996.28
97,1780553983323170560,1780553984323170560,HTTP Total Time,ms,min,125996.28
97,1780553983323170560,1780553984323170560,HTTP Total Time,ms,max,125996.28
97,1780553983323170560,1780553984323170560,HTTP Total Time,ms,sum,125996.28
97,1780553983323170560,1780553984323170560,HTTP Total Time,ms,p1,125996.28
97,1780553983323170560,1780553984323170560,HTTP Total Time,ms,p5,125996.28
97,1780553983323170560,1780553984323170560,HTTP Total Time,ms,p10,125996.28
97,1780553983323170560,1780553984323170560,HTTP Total Time,ms,p25,125996.28
97,1780553983323170560,1780553984323170560,HTTP Total Time,ms,p50,125996.28
97,1780553983323170560,1780553984323170560,HTTP Total Time,ms,p75,125996.28
97,1780553983323170560,1780553984323170560,HTTP Total Time,ms,p90,125996.28
97,1780553983323170560,1780553984323170560,HTTP Total Time,ms,p95,125996.28
97,1780553983323170560,1780553984323170560,HTTP Total Time,ms,p99,125996.28
97,1780553983323170560,1780553984323170560,HTTP Total Time,ms,std,0.00
97,1780553983323170560,1780553984323170560,HTTP Waiting (TTFB),ms,avg,16253.67
97,1780553983323170560,1780553984323170560,HTTP Waiting (TTFB),ms,min,16253.67
97,1780553983323170560,1780553984323170560,HTTP Waiting (TTFB),ms,max,16253.67
97,1780553983323170560,1780553984323170560,HTTP Waiting (TTFB),ms,sum,16253.67
97,1780553983323170560,1780553984323170560,HTTP Waiting (TTFB),ms,p1,16253.67
97,1780553983323170560,1780553984323170560,HTTP Waiting (TTFB),ms,p5,16253.67
97,1780553983323170560,1780553984323170560,HTTP Waiting (TTFB),ms,p10,16253.67
97,1780553983323170560,1780553984323170560,HTTP Waiting (TTFB),ms,p25,16253.67
97,1780553983323170560,1780553984323170560,HTTP Waiting (TTFB),ms,p50,16253.67
97,1780553983323170560,1780553984323170560,HTTP Waiting (TTFB),ms,p75,16253.67
97,1780553983323170560,1780553984323170560,HTTP Waiting (TTFB),ms,p90,16253.67
97,1780553983323170560,1780553984323170560,HTTP Waiting (TTFB),ms,p95,16253.67
97,1780553983323170560,1780553984323170560,HTTP Waiting (TTFB),ms,p99,16253.67
97,1780553983323170560,1780553984323170560,HTTP Waiting (TTFB),ms,std,0.00
97,1780553983323170560,1780553984323170560,Input Sequence Length,tokens,avg,28663.00
97,1780553983323170560,1780553984323170560,Input Sequence Length,tokens,min,28663.00
97,1780553983323170560,1780553984323170560,Input Sequence Length,tokens,max,28663.00
97,1780553983323170560,1780553984323170560,Input Sequence Length,tokens,sum,28663.00
97,1780553983323170560,1780553984323170560,Input Sequence Length,tokens,p1,28663.00
97,1780553983323170560,1780553984323170560,Input Sequence Length,tokens,p5,28663.00
97,1780553983323170560,1780553984323170560,Input Sequence Length,tokens,p10,28663.00
97,1780553983323170560,1780553984323170560,Input Sequence Length,tokens,p25,28663.00
97,1780553983323170560,1780553984323170560,Input Sequence Length,tokens,p50,28663.00
97,1780553983323170560,1780553984323170560,Input Sequence Length,tokens,p75,28663.00
97,1780553983323170560,1780553984323170560,Input Sequence Length,tokens,p90,28663.00
97,1780553983323170560,1780553984323170560,Input Sequence Length,tokens,p95,28663.00
97,1780553983323170560,1780553984323170560,Input Sequence Length,tokens,p99,28663.00
97,1780553983323170560,1780553984323170560,Input Sequence Length,tokens,std,0.00
97,1780553983323170560,1780553984323170560,Input Token Throughput,tokens/sec,avg,28663.00
97,1780553983323170560,1780553984323170560,Inter Chunk Latency,ms,avg,67.50
97,1780553983323170560,1780553984323170560,Inter Chunk Latency,ms,min,67.48
97,1780553983323170560,1780553984323170560,Inter Chunk Latency,ms,max,67.51
97,1780553983323170560,1780553984323170560,Inter Chunk Latency,ms,sum,66146.00
97,1780553983323170560,1780553984323170560,Inter Chunk Latency,ms,p1,67.48
97,1780553983323170560,1780553984323170560,Inter Chunk Latency,ms,p5,67.48
97,1780553983323170560,1780553984323170560,Inter Chunk Latency,ms,p10,67.48
97,1780553983323170560,1780553984323170560,Inter Chunk Latency,ms,p25,67.49
97,1780553983323170560,1780553984323170560,Inter Chunk Latency,ms,p50,67.50
97,1780553983323170560,1780553984323170560,Inter Chunk Latency,ms,p75,67.50
97,1780553983323170560,1780553984323170560,Inter Chunk Latency,ms,p90,67.51
97,1780553983323170560,1780553984323170560,Inter Chunk Latency,ms,p95,67.51
97,1780553983323170560,1780553984323170560,Inter Chunk Latency,ms,p99,67.51
97,1780553983323170560,1780553984323170560,Inter Chunk Latency,ms,std,0.01
97,1780553983323170560,1780553984323170560,Inter Token Latency,ms,avg,111.53
97,1780553983323170560,1780553984323170560,Inter Token Latency,ms,min,111.53
97,1780553983323170560,1780553984323170560,Inter Token Latency,ms,max,111.53
97,1780553983323170560,1780553984323170560,Inter Token Latency,ms,sum,111.53
97,1780553983323170560,1780553984323170560,Inter Token Latency,ms,p1,111.53
97,1780553983323170560,1780553984323170560,Inter Token Latency,ms,p5,111.53
97,1780553983323170560,1780553984323170560,Inter Token Latency,ms,p10,111.53
97,1780553983323170560,1780553984323170560,Inter Token Latency,ms,p25,111.53
97,1780553983323170560,1780553984323170560,Inter Token Latency,ms,p50,111.53
97,1780553983323170560,1780553984323170560,Inter Token Latency,ms,p75,111.53
97,1780553983323170560,1780553984323170560,Inter Token Latency,ms,p90,111.53
97,1780553983323170560,1780553984323170560,Inter Token Latency,ms,p95,111.53
97,1780553983323170560,1780553984323170560,Inter Token Latency,ms,p99,111.53
97,1780553983323170560,1780553984323170560,Inter Token Latency,ms,std,0.00
97,1780553983323170560,1780553984323170560,Maximum Response Timestamp,ns,avg,1780554109788387072.00
97,1780553983323170560,1780553984323170560,Minimum Request Timestamp,ns,avg,1780553983792623104.00
97,1780553983323170560,1780553984323170560,OSL Mismatch Count,requests,avg,0.00
97,1780553983323170560,1780553984323170560,OSL Mismatch Diff %,%,avg,0.00
97,1780553983323170560,1780553984323170560,OSL Mismatch Diff %,%,min,0.00
97,1780553983323170560,1780553984323170560,OSL Mismatch Diff %,%,max,0.00
97,1780553983323170560,1780553984323170560,OSL Mismatch Diff %,%,sum,0.00
97,1780553983323170560,1780553984323170560,OSL Mismatch Diff %,%,p1,0.00
97,1780553983323170560,1780553984323170560,OSL Mismatch Diff %,%,p5,0.00
97,1780553983323170560,1780553984323170560,OSL Mismatch Diff %,%,p10,0.00
97,1780553983323170560,1780553984323170560,OSL Mismatch Diff %,%,p25,0.00
97,1780553983323170560,1780553984323170560,OSL Mismatch Diff %,%,p50,0.00
97,1780553983323170560,1780553984323170560,OSL Mismatch Diff %,%,p75,0.00
97,1780553983323170560,1780553984323170560,OSL Mismatch Diff %,%,p90,0.00
97,1780553983323170560,1780553984323170560,OSL Mismatch Diff %,%,p95,0.00
97,1780553983323170560,1780553984323170560,OSL Mismatch Diff %,%,p99,0.00
97,1780553983323170560,1780553984323170560,OSL Mismatch Diff %,%,std,0.00
97,1780553983323170560,1780553984323170560,Output Sequence Length,tokens,avg,985.00
97,1780553983323170560,1780553984323170560,Output Sequence Length,tokens,min,985.00
97,1780553983323170560,1780553984323170560,Output Sequence Length,tokens,max,985.00
97,1780553983323170560,1780553984323170560,Output Sequence Length,tokens,sum,985.00
97,1780553983323170560,1780553984323170560,Output Sequence Length,tokens,p1,985.00
97,1780553983323170560,1780553984323170560,Output Sequence Length,tokens,p5,985.00
97,1780553983323170560,1780553984323170560,Output Sequence Length,tokens,p10,985.00
97,1780553983323170560,1780553984323170560,Output Sequence Length,tokens,p25,985.00
97,1780553983323170560,1780553984323170560,Output Sequence Length,tokens,p50,985.00
97,1780553983323170560,1780553984323170560,Output Sequence Length,tokens,p75,985.00
97,1780553983323170560,1780553984323170560,Output Sequence Length,tokens,p90,985.00
97,1780553983323170560,1780553984323170560,Output Sequence Length,tokens,p95,985.00
97,1780553983323170560,1780553984323170560,Output Sequence Length,tokens,p99,985.00
97,1780553983323170560,1780553984323170560,Output Sequence Length,tokens,std,0.00
97,1780553983323170560,1780553984323170560,Output Token Count,tokens,avg,985.00
97,1780553983323170560,1780553984323170560,Output Token Count,tokens,min,985.00
97,1780553983323170560,1780553984323170560,Output Token Count,tokens,max,985.00
97,1780553983323170560,1780553984323170560,Output Token Count,tokens,sum,985.00
97,1780553983323170560,1780553984323170560,Output Token Count,tokens,p1,985.00
97,1780553983323170560,1780553984323170560,Output Token Count,tokens,p5,985.00
97,1780553983323170560,1780553984323170560,Output Token Count,tokens,p10,985.00
97,1780553983323170560,1780553984323170560,Output Token Count,tokens,p25,985.00
97,1780553983323170560,1780553984323170560,Output Token Count,tokens,p50,985.00
97,1780553983323170560,1780553984323170560,Output Token Count,tokens,p75,985.00
97,1780553983323170560,1780553984323170560,Output Token Count,tokens,p90,985.00
97,1780553983323170560,1780553984323170560,Output Token Count,tokens,p95,985.00
97,1780553983323170560,1780553984323170560,Output Token Count,tokens,p99,985.00
97,1780553983323170560,1780553984323170560,Output Token Count,tokens,std,0.00
97,1780553983323170560,1780553984323170560,Output Token Throughput,tokens/sec,avg,985.00
97,1780553983323170560,1780553984323170560,Output Token Throughput Per User,tokens/sec/user,avg,8.97
97,1780553983323170560,1780553984323170560,Output Token Throughput Per User,tokens/sec/user,min,8.97
97,1780553983323170560,1780553984323170560,Output Token Throughput Per User,tokens/sec/user,max,8.97
97,1780553983323170560,1780553984323170560,Output Token Throughput Per User,tokens/sec/user,sum,8.97
97,1780553983323170560,1780553984323170560,Output Token Throughput Per User,tokens/sec/user,p1,8.97
97,1780553983323170560,1780553984323170560,Output Token Throughput Per User,tokens/sec/user,p5,8.97
97,1780553983323170560,1780553984323170560,Output Token Throughput Per User,tokens/sec/user,p10,8.97
97,1780553983323170560,1780553984323170560,Output Token Throughput Per User,tokens/sec/user,p25,8.97
97,1780553983323170560,1780553984323170560,Output Token Throughput Per User,tokens/sec/user,p50,8.97
97,1780553983323170560,1780553984323170560,Output Token Throughput Per User,tokens/sec/user,p75,8.97
97,1780553983323170560,1780553984323170560,Output Token Throughput Per User,tokens/sec/user,p90,8.97
97,1780553983323170560,1780553984323170560,Output Token Throughput Per User,tokens/sec/user,p95,8.97
97,1780553983323170560,1780553984323170560,Output Token Throughput Per User,tokens/sec/user,p99,8.97
97,1780553983323170560,1780553984323170560,Output Token Throughput Per User,tokens/sec/user,std,0.00
97,1780553983323170560,1780553984323170560,Prefill Throughput Per User,tokens/sec/user,avg,1763.37
97,1780553983323170560,1780553984323170560,Prefill Throughput Per User,tokens/sec/user,min,1763.37
97,1780553983323170560,1780553984323170560,Prefill Throughput Per User,tokens/sec/user,max,1763.37
97,1780553983323170560,1780553984323170560,Prefill Throughput Per User,tokens/sec/user,sum,1763.37
97,1780553983323170560,1780553984323170560,Prefill Throughput Per User,tokens/sec/user,p1,1763.37
97,1780553983323170560,1780553984323170560,Prefill Throughput Per User,tokens/sec/user,p5,1763.37
97,1780553983323170560,1780553984323170560,Prefill Throughput Per User,tokens/sec/user,p10,1763.37
97,1780553983323170560,1780553984323170560,Prefill Throughput Per User,tokens/sec/user,p25,1763.37
97,1780553983323170560,1780553984323170560,Prefill Throughput Per User,tokens/sec/user,p50,1763.37
97,1780553983323170560,1780553984323170560,Prefill Throughput Per User,tokens/sec/user,p75,1763.37
97,1780553983323170560,1780553984323170560,Prefill Throughput Per User,tokens/sec/user,p90,1763.37
97,1780553983323170560,1780553984323170560,Prefill Throughput Per User,tokens/sec/user,p95,1763.37
97,1780553983323170560,1780553984323170560,Prefill Throughput Per User,tokens/sec/user,p99,1763.37
97,1780553983323170560,1780553984323170560,Prefill Throughput Per User,tokens/sec/user,std,0.00
97,1780553983323170560,1780553984323170560,Request Count,requests,avg,1.00
97,1780553983323170560,1780553984323170560,Request Latency,ms,avg,125995.76
97,1780553983323170560,1780553984323170560,Request Latency,ms,min,125995.76
97,1780553983323170560,1780553984323170560,Request Latency,ms,max,125995.76
97,1780553983323170560,1780553984323170560,Request Latency,ms,sum,125995.76
97,1780553983323170560,1780553984323170560,Request Latency,ms,p1,125995.76
97,1780553983323170560,1780553984323170560,Request Latency,ms,p5,125995.76
97,1780553983323170560,1780553984323170560,Request Latency,ms,p10,125995.76
97,1780553983323170560,1780553984323170560,Request Latency,ms,p25,125995.76
97,1780553983323170560,1780553984323170560,Request Latency,ms,p50,125995.76
97,1780553983323170560,1780553984323170560,Request Latency,ms,p75,125995.76
97,1780553983323170560,1780553984323170560,Request Latency,ms,p90,125995.76
97,1780553983323170560,1780553984323170560,Request Latency,ms,p95,125995.76
97,1780553983323170560,1780553984323170560,Request Latency,ms,p99,125995.76
97,1780553983323170560,1780553984323170560,Request Latency,ms,std,0.00
97,1780553983323170560,1780553984323170560,Request Throughput,requests/sec,avg,1.00
97,1780553983323170560,1780553984323170560,Requested OSL,tokens,avg,985.00
97,1780553983323170560,1780553984323170560,Requested OSL,tokens,min,985.00
97,1780553983323170560,1780553984323170560,Requested OSL,tokens,max,985.00
97,1780553983323170560,1780553984323170560,Requested OSL,tokens,sum,985.00
97,1780553983323170560,1780553984323170560,Requested OSL,tokens,p1,985.00
97,1780553983323170560,1780553984323170560,Requested OSL,tokens,p5,985.00
97,1780553983323170560,1780553984323170560,Requested OSL,tokens,p10,985.00
97,1780553983323170560,1780553984323170560,Requested OSL,tokens,p25,985.00
97,1780553983323170560,1780553984323170560,Requested OSL,tokens,p50,985.00
97,1780553983323170560,1780553984323170560,Requested OSL,tokens,p75,985.00
97,1780553983323170560,1780553984323170560,Requested OSL,tokens,p90,985.00
97,1780553983323170560,1780553984323170560,Requested OSL,tokens,p95,985.00
97,1780553983323170560,1780553984323170560,Requested OSL,tokens,p99,985.00
97,1780553983323170560,1780553984323170560,Requested OSL,tokens,std,0.00
97,1780553983323170560,1780553984323170560,Time to First Output Token,ms,avg,16254.65
97,1780553983323170560,1780553984323170560,Time to First Output Token,ms,min,16254.65
97,1780553983323170560,1780553984323170560,Time to First Output Token,ms,max,16254.65
97,1780553983323170560,1780553984323170560,Time to First Output Token,ms,sum,16254.65
97,1780553983323170560,1780553984323170560,Time to First Output Token,ms,p1,16254.65
97,1780553983323170560,1780553984323170560,Time to First Output Token,ms,p5,16254.65
97,1780553983323170560,1780553984323170560,Time to First Output Token,ms,p10,16254.65
97,1780553983323170560,1780553984323170560,Time to First Output Token,ms,p25,16254.65
97,1780553983323170560,1780553984323170560,Time to First Output Token,ms,p50,16254.65
97,1780553983323170560,1780553984323170560,Time to First Output Token,ms,p75,16254.65
97,1780553983323170560,1780553984323170560,Time to First Output Token,ms,p90,16254.65
97,1780553983323170560,1780553984323170560,Time to First Output Token,ms,p95,16254.65
97,1780553983323170560,1780553984323170560,Time to First Output Token,ms,p99,16254.65
97,1780553983323170560,1780553984323170560,Time to First Output Token,ms,std,0.00
97,1780553983323170560,1780553984323170560,Time to First Token,ms,avg,16254.65
97,1780553983323170560,1780553984323170560,Time to First Token,ms,min,16254.65
97,1780553983323170560,1780553984323170560,Time to First Token,ms,max,16254.65
97,1780553983323170560,1780553984323170560,Time to First Token,ms,sum,16254.65
97,1780553983323170560,1780553984323170560,Time to First Token,ms,p1,16254.65
97,1780553983323170560,1780553984323170560,Time to First Token,ms,p5,16254.65
97,1780553983323170560,1780553984323170560,Time to First Token,ms,p10,16254.65
97,1780553983323170560,1780553984323170560,Time to First Token,ms,p25,16254.65
97,1780553983323170560,1780553984323170560,Time to First Token,ms,p50,16254.65
97,1780553983323170560,1780553984323170560,Time to First Token,ms,p75,16254.65
97,1780553983323170560,1780553984323170560,Time to First Token,ms,p90,16254.65
97,1780553983323170560,1780553984323170560,Time to First Token,ms,p95,16254.65
97,1780553983323170560,1780553984323170560,Time to First Token,ms,p99,16254.65
97,1780553983323170560,1780553984323170560,Time to First Token,ms,std,0.00
97,1780553983323170560,1780553984323170560,Time to Second Token,ms,avg,42.68
97,1780553983323170560,1780553984323170560,Time to Second Token,ms,min,42.68
97,1780553983323170560,1780553984323170560,Time to Second Token,ms,max,42.68
97,1780553983323170560,1780553984323170560,Time to Second Token,ms,sum,42.68
97,1780553983323170560,1780553984323170560,Time to Second Token,ms,p1,42.68
97,1780553983323170560,1780553984323170560,Time to Second Token,ms,p5,42.68
97,1780553983323170560,1780553984323170560,Time to Second Token,ms,p10,42.68
97,1780553983323170560,1780553984323170560,Time to Second Token,ms,p25,42.68
97,1780553983323170560,1780553984323170560,Time to Second Token,ms,p50,42.68
97,1780553983323170560,1780553984323170560,Time to Second Token,ms,p75,42.68
97,1780553983323170560,1780553984323170560,Time to Second Token,ms,p90,42.68
97,1780553983323170560,1780553984323170560,Time to Second Token,ms,p95,42.68
97,1780553983323170560,1780553984323170560,Time to Second Token,ms,p99,42.68
97,1780553983323170560,1780553984323170560,Time to Second Token,ms,std,0.00
97,1780553983323170560,1780553984323170560,Tokens In Flight,tokens,avg,1372252.37
97,1780553983323170560,1780553984323170560,Tokens In Flight,tokens,min,1357002.86
97,1780553983323170560,1780553984323170560,Tokens In Flight,tokens,max,1385751.21
97,1780553983323170560,1780553984323170560,Tokens In Flight,tokens,p50,1385708.02
97,1780553983323170560,1780553984323170560,Tokens In Flight,tokens,p90,1385743.29
97,1780553983323170560,1780553984323170560,Tokens In Flight,tokens,p95,1385746.37
97,1780553983323170560,1780553984323170560,Tokens In Flight,tokens,p99,1385750.20
97,1780553983323170560,1780553984323170560,Tokens In Flight,tokens,std,14326.31
97,1780553983323170560,1780553984323170560,Total Input Sequence Length,tokens,avg,28663.00
97,1780553983323170560,1780553984323170560,Total Output Sequence Length,tokens,avg,985.00
97,1780553983323170560,1780553984323170560,Total Output Tokens,tokens,avg,985.00
97,1780553983323170560,1780553984323170560,Total Token Throughput,tokens/sec,avg,29648.00
97,1780553983323170560,1780553984323170560,Total Usage Completion Tokens,tokens,avg,985.00
97,1780553983323170560,1780553984323170560,Total Usage Prompt Tokens,tokens,avg,28663.00
97,1780553983323170560,1780553984323170560,Total Usage Total Tokens,tokens,avg,29648.00
97,1780553983323170560,1780553984323170560,Usage Completion Tokens,tokens,avg,985.00
97,1780553983323170560,1780553984323170560,Usage Completion Tokens,tokens,min,985.00
97,1780553983323170560,1780553984323170560,Usage Completion Tokens,tokens,max,985.00
97,1780553983323170560,1780553984323170560,Usage Completion Tokens,tokens,sum,985.00
97,1780553983323170560,1780553984323170560,Usage Completion Tokens,tokens,p1,985.00
97,1780553983323170560,1780553984323170560,Usage Completion Tokens,tokens,p5,985.00
97,1780553983323170560,1780553984323170560,Usage Completion Tokens,tokens,p10,985.00
97,1780553983323170560,1780553984323170560,Usage Completion Tokens,tokens,p25,985.00
97,1780553983323170560,1780553984323170560,Usage Completion Tokens,tokens,p50,985.00
97,1780553983323170560,1780553984323170560,Usage Completion Tokens,tokens,p75,985.00
97,1780553983323170560,1780553984323170560,Usage Completion Tokens,tokens,p90,985.00
97,1780553983323170560,1780553984323170560,Usage Completion Tokens,tokens,p95,985.00
97,1780553983323170560,1780553984323170560,Usage Completion Tokens,tokens,p99,985.00
97,1780553983323170560,1780553984323170560,Usage Completion Tokens,tokens,std,0.00
97,1780553983323170560,1780553984323170560,Usage Prompt Tokens,tokens,avg,28663.00
97,1780553983323170560,1780553984323170560,Usage Prompt Tokens,tokens,min,28663.00
97,1780553983323170560,1780553984323170560,Usage Prompt Tokens,tokens,max,28663.00
97,1780553983323170560,1780553984323170560,Usage Prompt Tokens,tokens,sum,28663.00
97,1780553983323170560,1780553984323170560,Usage Prompt Tokens,tokens,p1,28663.00
97,1780553983323170560,1780553984323170560,Usage Prompt Tokens,tokens,p5,28663.00
97,1780553983323170560,1780553984323170560,Usage Prompt Tokens,tokens,p10,28663.00
97,1780553983323170560,1780553984323170560,Usage Prompt Tokens,tokens,p25,28663.00
97,1780553983323170560,1780553984323170560,Usage Prompt Tokens,tokens,p50,28663.00
97,1780553983323170560,1780553984323170560,Usage Prompt Tokens,tokens,p75,28663.00
97,1780553983323170560,1780553984323170560,Usage Prompt Tokens,tokens,p90,28663.00
97,1780553983323170560,1780553984323170560,Usage Prompt Tokens,tokens,p95,28663.00
97,1780553983323170560,1780553984323170560,Usage Prompt Tokens,tokens,p99,28663.00
97,1780553983323170560,1780553984323170560,Usage Prompt Tokens,tokens,std,0.00
97,1780553983323170560,1780553984323170560,Usage Total Tokens,tokens,avg,29648.00
97,1780553983323170560,1780553984323170560,Usage Total Tokens,tokens,min,29648.00
97,1780553983323170560,1780553984323170560,Usage Total Tokens,tokens,max,29648.00
97,1780553983323170560,1780553984323170560,Usage Total Tokens,tokens,sum,29648.00
97,1780553983323170560,1780553984323170560,Usage Total Tokens,tokens,p1,29648.00
97,1780553983323170560,1780553984323170560,Usage Total Tokens,tokens,p5,29648.00
97,1780553983323170560,1780553984323170560,Usage Total Tokens,tokens,p10,29648.00
97,1780553983323170560,1780553984323170560,Usage Total Tokens,tokens,p25,29648.00
97,1780553983323170560,1780553984323170560,Usage Total Tokens,tokens,p50,29648.00
97,1780553983323170560,1780553984323170560,Usage Total Tokens,tokens,p75,29648.00
97,1780553983323170560,1780553984323170560,Usage Total Tokens,tokens,p90,29648.00
97,1780553983323170560,1780553984323170560,Usage Total Tokens,tokens,p95,29648.00
97,1780553983323170560,1780553984323170560,Usage Total Tokens,tokens,p99,29648.00
97,1780553983323170560,1780553984323170560,Usage Total Tokens,tokens,std,0.00
98,1780553984323170560,1780553985323170560,Active Decode Throughput,tokens/sec,avg,86.42
98,1780553984323170560,1780553985323170560,Active Decode Throughput,tokens/sec,min,60.13
98,1780553984323170560,1780553985323170560,Active Decode Throughput,tokens/sec,max,112.71
98,1780553984323170560,1780553985323170560,Active Decode Throughput,tokens/sec,p50,86.42
98,1780553984323170560,1780553985323170560,Active Decode Throughput,tokens/sec,p90,86.42
98,1780553984323170560,1780553985323170560,Active Decode Throughput,tokens/sec,p95,86.42
98,1780553984323170560,1780553985323170560,Active Decode Throughput,tokens/sec,p99,86.42
98,1780553984323170560,1780553985323170560,Active Decode Throughput,tokens/sec,std,0.05
98,1780553984323170560,1780553985323170560,Active Decode Throughput Per User,tokens/sec/user,avg,8.64
98,1780553984323170560,1780553985323170560,Active Decode Throughput Per User,tokens/sec/user,min,6.01
98,1780553984323170560,1780553985323170560,Active Decode Throughput Per User,tokens/sec/user,max,11.27
98,1780553984323170560,1780553985323170560,Active Decode Throughput Per User,tokens/sec/user,p50,8.64
98,1780553984323170560,1780553985323170560,Active Decode Throughput Per User,tokens/sec/user,p90,8.64
98,1780553984323170560,1780553985323170560,Active Decode Throughput Per User,tokens/sec/user,p95,8.64
98,1780553984323170560,1780553985323170560,Active Decode Throughput Per User,tokens/sec/user,p99,8.64
98,1780553984323170560,1780553985323170560,Active Decode Throughput Per User,tokens/sec/user,std,0.00
98,1780553984323170560,1780553985323170560,Active Prefill Throughput,tokens/sec,avg,6036.11
98,1780553984323170560,1780553985323170560,Active Prefill Throughput,tokens/sec,min,5199.35
98,1780553984323170560,1780553985323170560,Active Prefill Throughput,tokens/sec,max,7930.12
98,1780553984323170560,1780553985323170560,Active Prefill Throughput,tokens/sec,p50,5199.35
98,1780553984323170560,1780553985323170560,Active Prefill Throughput,tokens/sec,p90,7930.12
98,1780553984323170560,1780553985323170560,Active Prefill Throughput,tokens/sec,p95,7930.12
98,1780553984323170560,1780553985323170560,Active Prefill Throughput,tokens/sec,p99,7930.12
98,1780553984323170560,1780553985323170560,Active Prefill Throughput,tokens/sec,std,1258.90
98,1780553984323170560,1780553985323170560,Active Prefill Throughput Per User,tokens/sec/user,avg,1387.53
98,1780553984323170560,1780553985323170560,Active Prefill Throughput Per User,tokens/sec/user,min,1299.84
98,1780553984323170560,1780553985323170560,Active Prefill Throughput Per User,tokens/sec/user,max,1586.02
98,1780553984323170560,1780553985323170560,Active Prefill Throughput Per User,tokens/sec/user,p50,1299.84
98,1780553984323170560,1780553985323170560,Active Prefill Throughput Per User,tokens/sec/user,p90,1586.02
98,1780553984323170560,1780553985323170560,Active Prefill Throughput Per User,tokens/sec/user,p95,1586.02
98,1780553984323170560,1780553985323170560,Active Prefill Throughput Per User,tokens/sec/user,p99,1586.02
98,1780553984323170560,1780553985323170560,Active Prefill Throughput Per User,tokens/sec/user,std,131.93
98,1780553984323170560,1780553985323170560,Active Total Throughput,tokens/sec,avg,6112.07
98,1780553984323170560,1780553985323170560,Active Total Throughput,tokens/sec,min,5275.31
98,1780553984323170560,1780553985323170560,Active Total Throughput,tokens/sec,max,8006.09
98,1780553984323170560,1780553985323170560,Active Total Throughput,tokens/sec,p50,5275.31
98,1780553984323170560,1780553985323170560,Active Total Throughput,tokens/sec,p90,8006.09
98,1780553984323170560,1780553985323170560,Active Total Throughput,tokens/sec,p95,8006.09
98,1780553984323170560,1780553985323170560,Active Total Throughput,tokens/sec,p99,8006.09
98,1780553984323170560,1780553985323170560,Active Total Throughput,tokens/sec,std,1258.90
98,1780553984323170560,1780553985323170560,Benchmark Duration,sec,avg,99.25
98,1780553984323170560,1780553985323170560,E2E Output Token Throughput,tokens/sec/user,avg,6.42
98,1780553984323170560,1780553985323170560,E2E Output Token Throughput,tokens/sec/user,min,6.42
98,1780553984323170560,1780553985323170560,E2E Output Token Throughput,tokens/sec/user,max,6.42
98,1780553984323170560,1780553985323170560,E2E Output Token Throughput,tokens/sec/user,sum,6.42
98,1780553984323170560,1780553985323170560,E2E Output Token Throughput,tokens/sec/user,p1,6.42
98,1780553984323170560,1780553985323170560,E2E Output Token Throughput,tokens/sec/user,p5,6.42
98,1780553984323170560,1780553985323170560,E2E Output Token Throughput,tokens/sec/user,p10,6.42
98,1780553984323170560,1780553985323170560,E2E Output Token Throughput,tokens/sec/user,p25,6.42
98,1780553984323170560,1780553985323170560,E2E Output Token Throughput,tokens/sec/user,p50,6.42
98,1780553984323170560,1780553985323170560,E2E Output Token Throughput,tokens/sec/user,p75,6.42
98,1780553984323170560,1780553985323170560,E2E Output Token Throughput,tokens/sec/user,p90,6.42
98,1780553984323170560,1780553985323170560,E2E Output Token Throughput,tokens/sec/user,p95,6.42
98,1780553984323170560,1780553985323170560,E2E Output Token Throughput,tokens/sec/user,p99,6.42
98,1780553984323170560,1780553985323170560,E2E Output Token Throughput,tokens/sec/user,std,0.00
98,1780553984323170560,1780553985323170560,Effective Concurrency,requests,avg,14.31
98,1780553984323170560,1780553985323170560,Effective Concurrency,requests,min,14.00
98,1780553984323170560,1780553985323170560,Effective Concurrency,requests,max,15.00
98,1780553984323170560,1780553985323170560,Effective Concurrency,requests,p50,14.00
98,1780553984323170560,1780553985323170560,Effective Concurrency,requests,p90,15.00
98,1780553984323170560,1780553985323170560,Effective Concurrency,requests,p95,15.00
98,1780553984323170560,1780553985323170560,Effective Concurrency,requests,p99,15.00
98,1780553984323170560,1780553985323170560,Effective Concurrency,requests,std,0.46
98,1780553984323170560,1780553985323170560,Effective Decode Concurrency,requests,avg,10.00
98,1780553984323170560,1780553985323170560,Effective Decode Concurrency,requests,min,10.00
98,1780553984323170560,1780553985323170560,Effective Decode Concurrency,requests,max,10.00
98,1780553984323170560,1780553985323170560,Effective Decode Concurrency,requests,p50,10.00
98,1780553984323170560,1780553985323170560,Effective Decode Concurrency,requests,p90,10.00
98,1780553984323170560,1780553985323170560,Effective Decode Concurrency,requests,p95,10.00
98,1780553984323170560,1780553985323170560,Effective Decode Concurrency,requests,p99,10.00
98,1780553984323170560,1780553985323170560,Effective Decode Concurrency,requests,std,0.00
98,1780553984323170560,1780553985323170560,Effective Decode Throughput,tokens/sec,avg,86.42
98,1780553984323170560,1780553985323170560,Effective Decode Throughput,tokens/sec,min,60.13
98,1780553984323170560,1780553985323170560,Effective Decode Throughput,tokens/sec,max,112.71
98,1780553984323170560,1780553985323170560,Effective Decode Throughput,tokens/sec,p50,86.42
98,1780553984323170560,1780553985323170560,Effective Decode Throughput,tokens/sec,p90,86.42
98,1780553984323170560,1780553985323170560,Effective Decode Throughput,tokens/sec,p95,86.42
98,1780553984323170560,1780553985323170560,Effective Decode Throughput,tokens/sec,p99,86.42
98,1780553984323170560,1780553985323170560,Effective Decode Throughput,tokens/sec,std,0.05
98,1780553984323170560,1780553985323170560,Effective Decode Throughput Per User,tokens/sec/user,avg,8.64
98,1780553984323170560,1780553985323170560,Effective Decode Throughput Per User,tokens/sec/user,min,6.01
98,1780553984323170560,1780553985323170560,Effective Decode Throughput Per User,tokens/sec/user,max,11.27
98,1780553984323170560,1780553985323170560,Effective Decode Throughput Per User,tokens/sec/user,p50,8.64
98,1780553984323170560,1780553985323170560,Effective Decode Throughput Per User,tokens/sec/user,p90,8.64
98,1780553984323170560,1780553985323170560,Effective Decode Throughput Per User,tokens/sec/user,p95,8.64
98,1780553984323170560,1780553985323170560,Effective Decode Throughput Per User,tokens/sec/user,p99,8.64
98,1780553984323170560,1780553985323170560,Effective Decode Throughput Per User,tokens/sec/user,std,0.00
98,1780553984323170560,1780553985323170560,Effective Prefill Concurrency,requests,avg,4.31
98,1780553984323170560,1780553985323170560,Effective Prefill Concurrency,requests,min,4.00
98,1780553984323170560,1780553985323170560,Effective Prefill Concurrency,requests,max,5.00
98,1780553984323170560,1780553985323170560,Effective Prefill Concurrency,requests,p50,4.00
98,1780553984323170560,1780553985323170560,Effective Prefill Concurrency,requests,p90,5.00
98,1780553984323170560,1780553985323170560,Effective Prefill Concurrency,requests,p95,5.00
98,1780553984323170560,1780553985323170560,Effective Prefill Concurrency,requests,p99,5.00
98,1780553984323170560,1780553985323170560,Effective Prefill Concurrency,requests,std,0.46
98,1780553984323170560,1780553985323170560,Effective Prefill Throughput,tokens/sec,avg,6036.11
98,1780553984323170560,1780553985323170560,Effective Prefill Throughput,tokens/sec,min,5199.35
98,1780553984323170560,1780553985323170560,Effective Prefill Throughput,tokens/sec,max,7930.12
98,1780553984323170560,1780553985323170560,Effective Prefill Throughput,tokens/sec,p50,5199.35
98,1780553984323170560,1780553985323170560,Effective Prefill Throughput,tokens/sec,p90,7930.12
98,1780553984323170560,1780553985323170560,Effective Prefill Throughput,tokens/sec,p95,7930.12
98,1780553984323170560,1780553985323170560,Effective Prefill Throughput,tokens/sec,p99,7930.12
98,1780553984323170560,1780553985323170560,Effective Prefill Throughput,tokens/sec,std,1258.90
98,1780553984323170560,1780553985323170560,Effective Prefill Throughput Per User,tokens/sec/user,avg,1387.53
98,1780553984323170560,1780553985323170560,Effective Prefill Throughput Per User,tokens/sec/user,min,1299.84
98,1780553984323170560,1780553985323170560,Effective Prefill Throughput Per User,tokens/sec/user,max,1586.02
98,1780553984323170560,1780553985323170560,Effective Prefill Throughput Per User,tokens/sec/user,p50,1299.84
98,1780553984323170560,1780553985323170560,Effective Prefill Throughput Per User,tokens/sec/user,p90,1586.02
98,1780553984323170560,1780553985323170560,Effective Prefill Throughput Per User,tokens/sec/user,p95,1586.02
98,1780553984323170560,1780553985323170560,Effective Prefill Throughput Per User,tokens/sec/user,p99,1586.02
98,1780553984323170560,1780553985323170560,Effective Prefill Throughput Per User,tokens/sec/user,std,131.93
98,1780553984323170560,1780553985323170560,Effective Total Throughput,tokens/sec,avg,6112.07
98,1780553984323170560,1780553985323170560,Effective Total Throughput,tokens/sec,min,5275.31
98,1780553984323170560,1780553985323170560,Effective Total Throughput,tokens/sec,max,8006.09
98,1780553984323170560,1780553985323170560,Effective Total Throughput,tokens/sec,p50,5275.31
98,1780553984323170560,1780553985323170560,Effective Total Throughput,tokens/sec,p90,8006.09
98,1780553984323170560,1780553985323170560,Effective Total Throughput,tokens/sec,p95,8006.09
98,1780553984323170560,1780553985323170560,Effective Total Throughput,tokens/sec,p99,8006.09
98,1780553984323170560,1780553985323170560,Effective Total Throughput,tokens/sec,std,1258.90
98,1780553984323170560,1780553985323170560,HTTP Blocked,ms,avg,0.00
98,1780553984323170560,1780553985323170560,HTTP Blocked,ms,min,0.00
98,1780553984323170560,1780553985323170560,HTTP Blocked,ms,max,0.00
98,1780553984323170560,1780553985323170560,HTTP Blocked,ms,sum,0.00
98,1780553984323170560,1780553985323170560,HTTP Blocked,ms,p1,0.00
98,1780553984323170560,1780553985323170560,HTTP Blocked,ms,p5,0.00
98,1780553984323170560,1780553985323170560,HTTP Blocked,ms,p10,0.00
98,1780553984323170560,1780553985323170560,HTTP Blocked,ms,p25,0.00
98,1780553984323170560,1780553985323170560,HTTP Blocked,ms,p50,0.00
98,1780553984323170560,1780553985323170560,HTTP Blocked,ms,p75,0.00
98,1780553984323170560,1780553985323170560,HTTP Blocked,ms,p90,0.00
98,1780553984323170560,1780553985323170560,HTTP Blocked,ms,p95,0.00
98,1780553984323170560,1780553985323170560,HTTP Blocked,ms,p99,0.00
98,1780553984323170560,1780553985323170560,HTTP Blocked,ms,std,0.00
98,1780553984323170560,1780553985323170560,HTTP Chunks Received,count,avg,637.00
98,1780553984323170560,1780553985323170560,HTTP Chunks Received,count,min,637.00
98,1780553984323170560,1780553985323170560,HTTP Chunks Received,count,max,637.00
98,1780553984323170560,1780553985323170560,HTTP Chunks Received,count,sum,637.00
98,1780553984323170560,1780553985323170560,HTTP Chunks Received,count,p1,637.00
98,1780553984323170560,1780553985323170560,HTTP Chunks Received,count,p5,637.00
98,1780553984323170560,1780553985323170560,HTTP Chunks Received,count,p10,637.00
98,1780553984323170560,1780553985323170560,HTTP Chunks Received,count,p25,637.00
98,1780553984323170560,1780553985323170560,HTTP Chunks Received,count,p50,637.00
98,1780553984323170560,1780553985323170560,HTTP Chunks Received,count,p75,637.00
98,1780553984323170560,1780553985323170560,HTTP Chunks Received,count,p90,637.00
98,1780553984323170560,1780553985323170560,HTTP Chunks Received,count,p95,637.00
98,1780553984323170560,1780553985323170560,HTTP Chunks Received,count,p99,637.00
98,1780553984323170560,1780553985323170560,HTTP Chunks Received,count,std,0.00
98,1780553984323170560,1780553985323170560,HTTP Chunks Sent,count,avg,1.00
98,1780553984323170560,1780553985323170560,HTTP Chunks Sent,count,min,1.00
98,1780553984323170560,1780553985323170560,HTTP Chunks Sent,count,max,1.00
98,1780553984323170560,1780553985323170560,HTTP Chunks Sent,count,sum,1.00
98,1780553984323170560,1780553985323170560,HTTP Chunks Sent,count,p1,1.00
98,1780553984323170560,1780553985323170560,HTTP Chunks Sent,count,p5,1.00
98,1780553984323170560,1780553985323170560,HTTP Chunks Sent,count,p10,1.00
98,1780553984323170560,1780553985323170560,HTTP Chunks Sent,count,p25,1.00
98,1780553984323170560,1780553985323170560,HTTP Chunks Sent,count,p50,1.00
98,1780553984323170560,1780553985323170560,HTTP Chunks Sent,count,p75,1.00
98,1780553984323170560,1780553985323170560,HTTP Chunks Sent,count,p90,1.00
98,1780553984323170560,1780553985323170560,HTTP Chunks Sent,count,p95,1.00
98,1780553984323170560,1780553985323170560,HTTP Chunks Sent,count,p99,1.00
98,1780553984323170560,1780553985323170560,HTTP Chunks Sent,count,std,0.00
98,1780553984323170560,1780553985323170560,HTTP Connecting,ms,avg,0.00
98,1780553984323170560,1780553985323170560,HTTP Connecting,ms,min,0.00
98,1780553984323170560,1780553985323170560,HTTP Connecting,ms,max,0.00
98,1780553984323170560,1780553985323170560,HTTP Connecting,ms,sum,0.00
98,1780553984323170560,1780553985323170560,HTTP Connecting,ms,p1,0.00
98,1780553984323170560,1780553985323170560,HTTP Connecting,ms,p5,0.00
98,1780553984323170560,1780553985323170560,HTTP Connecting,ms,p10,0.00
98,1780553984323170560,1780553985323170560,HTTP Connecting,ms,p25,0.00
98,1780553984323170560,1780553985323170560,HTTP Connecting,ms,p50,0.00
98,1780553984323170560,1780553985323170560,HTTP Connecting,ms,p75,0.00
98,1780553984323170560,1780553985323170560,HTTP Connecting,ms,p90,0.00
98,1780553984323170560,1780553985323170560,HTTP Connecting,ms,p95,0.00
98,1780553984323170560,1780553985323170560,HTTP Connecting,ms,p99,0.00
98,1780553984323170560,1780553985323170560,HTTP Connecting,ms,std,0.00
98,1780553984323170560,1780553985323170560,HTTP Connection Overhead,ms,avg,0.00
98,1780553984323170560,1780553985323170560,HTTP Connection Overhead,ms,min,0.00
98,1780553984323170560,1780553985323170560,HTTP Connection Overhead,ms,max,0.00
98,1780553984323170560,1780553985323170560,HTTP Connection Overhead,ms,sum,0.00
98,1780553984323170560,1780553985323170560,HTTP Connection Overhead,ms,p1,0.00
98,1780553984323170560,1780553985323170560,HTTP Connection Overhead,ms,p5,0.00
98,1780553984323170560,1780553985323170560,HTTP Connection Overhead,ms,p10,0.00
98,1780553984323170560,1780553985323170560,HTTP Connection Overhead,ms,p25,0.00
98,1780553984323170560,1780553985323170560,HTTP Connection Overhead,ms,p50,0.00
98,1780553984323170560,1780553985323170560,HTTP Connection Overhead,ms,p75,0.00
98,1780553984323170560,1780553985323170560,HTTP Connection Overhead,ms,p90,0.00
98,1780553984323170560,1780553985323170560,HTTP Connection Overhead,ms,p95,0.00
98,1780553984323170560,1780553985323170560,HTTP Connection Overhead,ms,p99,0.00
98,1780553984323170560,1780553985323170560,HTTP Connection Overhead,ms,std,0.00
98,1780553984323170560,1780553985323170560,HTTP Connection Reused,ratio,avg,1.00
98,1780553984323170560,1780553985323170560,HTTP Connection Reused,ratio,min,1.00
98,1780553984323170560,1780553985323170560,HTTP Connection Reused,ratio,max,1.00
98,1780553984323170560,1780553985323170560,HTTP Connection Reused,ratio,sum,1.00
98,1780553984323170560,1780553985323170560,HTTP Connection Reused,ratio,p1,1.00
98,1780553984323170560,1780553985323170560,HTTP Connection Reused,ratio,p5,1.00
98,1780553984323170560,1780553985323170560,HTTP Connection Reused,ratio,p10,1.00
98,1780553984323170560,1780553985323170560,HTTP Connection Reused,ratio,p25,1.00
98,1780553984323170560,1780553985323170560,HTTP Connection Reused,ratio,p50,1.00
98,1780553984323170560,1780553985323170560,HTTP Connection Reused,ratio,p75,1.00
98,1780553984323170560,1780553985323170560,HTTP Connection Reused,ratio,p90,1.00
98,1780553984323170560,1780553985323170560,HTTP Connection Reused,ratio,p95,1.00
98,1780553984323170560,1780553985323170560,HTTP Connection Reused,ratio,p99,1.00
98,1780553984323170560,1780553985323170560,HTTP Connection Reused,ratio,std,0.00
98,1780553984323170560,1780553985323170560,HTTP Data Received,KB,avg,159.20
98,1780553984323170560,1780553985323170560,HTTP Data Received,KB,min,159.20
98,1780553984323170560,1780553985323170560,HTTP Data Received,KB,max,159.20
98,1780553984323170560,1780553985323170560,HTTP Data Received,KB,sum,159.20
98,1780553984323170560,1780553985323170560,HTTP Data Received,KB,p1,159.20
98,1780553984323170560,1780553985323170560,HTTP Data Received,KB,p5,159.20
98,1780553984323170560,1780553985323170560,HTTP Data Received,KB,p10,159.20
98,1780553984323170560,1780553985323170560,HTTP Data Received,KB,p25,159.20
98,1780553984323170560,1780553985323170560,HTTP Data Received,KB,p50,159.20
98,1780553984323170560,1780553985323170560,HTTP Data Received,KB,p75,159.20
98,1780553984323170560,1780553985323170560,HTTP Data Received,KB,p90,159.20
98,1780553984323170560,1780553985323170560,HTTP Data Received,KB,p95,159.20
98,1780553984323170560,1780553985323170560,HTTP Data Received,KB,p99,159.20
98,1780553984323170560,1780553985323170560,HTTP Data Received,KB,std,0.00
98,1780553984323170560,1780553985323170560,HTTP Data Sent,KB,avg,465.95
98,1780553984323170560,1780553985323170560,HTTP Data Sent,KB,min,465.95
98,1780553984323170560,1780553985323170560,HTTP Data Sent,KB,max,465.95
98,1780553984323170560,1780553985323170560,HTTP Data Sent,KB,sum,465.95
98,1780553984323170560,1780553985323170560,HTTP Data Sent,KB,p1,465.95
98,1780553984323170560,1780553985323170560,HTTP Data Sent,KB,p5,465.95
98,1780553984323170560,1780553985323170560,HTTP Data Sent,KB,p10,465.95
98,1780553984323170560,1780553985323170560,HTTP Data Sent,KB,p25,465.95
98,1780553984323170560,1780553985323170560,HTTP Data Sent,KB,p50,465.95
98,1780553984323170560,1780553985323170560,HTTP Data Sent,KB,p75,465.95
98,1780553984323170560,1780553985323170560,HTTP Data Sent,KB,p90,465.95
98,1780553984323170560,1780553985323170560,HTTP Data Sent,KB,p95,465.95
98,1780553984323170560,1780553985323170560,HTTP Data Sent,KB,p99,465.95
98,1780553984323170560,1780553985323170560,HTTP Data Sent,KB,std,0.00
98,1780553984323170560,1780553985323170560,HTTP DNS Lookup,ms,avg,0.00
98,1780553984323170560,1780553985323170560,HTTP DNS Lookup,ms,min,0.00
98,1780553984323170560,1780553985323170560,HTTP DNS Lookup,ms,max,0.00
98,1780553984323170560,1780553985323170560,HTTP DNS Lookup,ms,sum,0.00
98,1780553984323170560,1780553985323170560,HTTP DNS Lookup,ms,p1,0.00
98,1780553984323170560,1780553985323170560,HTTP DNS Lookup,ms,p5,0.00
98,1780553984323170560,1780553985323170560,HTTP DNS Lookup,ms,p10,0.00
98,1780553984323170560,1780553985323170560,HTTP DNS Lookup,ms,p25,0.00
98,1780553984323170560,1780553985323170560,HTTP DNS Lookup,ms,p50,0.00
98,1780553984323170560,1780553985323170560,HTTP DNS Lookup,ms,p75,0.00
98,1780553984323170560,1780553985323170560,HTTP DNS Lookup,ms,p90,0.00
98,1780553984323170560,1780553985323170560,HTTP DNS Lookup,ms,p95,0.00
98,1780553984323170560,1780553985323170560,HTTP DNS Lookup,ms,p99,0.00
98,1780553984323170560,1780553985323170560,HTTP DNS Lookup,ms,std,0.00
98,1780553984323170560,1780553985323170560,HTTP Duration (excl. conn),ms,avg,99248.22
98,1780553984323170560,1780553985323170560,HTTP Duration (excl. conn),ms,min,99248.22
98,1780553984323170560,1780553985323170560,HTTP Duration (excl. conn),ms,max,99248.22
98,1780553984323170560,1780553985323170560,HTTP Duration (excl. conn),ms,sum,99248.22
98,1780553984323170560,1780553985323170560,HTTP Duration (excl. conn),ms,p1,99248.22
98,1780553984323170560,1780553985323170560,HTTP Duration (excl. conn),ms,p5,99248.22
98,1780553984323170560,1780553985323170560,HTTP Duration (excl. conn),ms,p10,99248.22
98,1780553984323170560,1780553985323170560,HTTP Duration (excl. conn),ms,p25,99248.22
98,1780553984323170560,1780553985323170560,HTTP Duration (excl. conn),ms,p50,99248.22
98,1780553984323170560,1780553985323170560,HTTP Duration (excl. conn),ms,p75,99248.22
98,1780553984323170560,1780553985323170560,HTTP Duration (excl. conn),ms,p90,99248.22
98,1780553984323170560,1780553985323170560,HTTP Duration (excl. conn),ms,p95,99248.22
98,1780553984323170560,1780553985323170560,HTTP Duration (excl. conn),ms,p99,99248.22
98,1780553984323170560,1780553985323170560,HTTP Duration (excl. conn),ms,std,0.00
98,1780553984323170560,1780553985323170560,HTTP Receiving,ms,avg,55489.24
98,1780553984323170560,1780553985323170560,HTTP Receiving,ms,min,55489.24
98,1780553984323170560,1780553985323170560,HTTP Receiving,ms,max,55489.24
98,1780553984323170560,1780553985323170560,HTTP Receiving,ms,sum,55489.24
98,1780553984323170560,1780553985323170560,HTTP Receiving,ms,p1,55489.24
98,1780553984323170560,1780553985323170560,HTTP Receiving,ms,p5,55489.24
98,1780553984323170560,1780553985323170560,HTTP Receiving,ms,p10,55489.24
98,1780553984323170560,1780553985323170560,HTTP Receiving,ms,p25,55489.24
98,1780553984323170560,1780553985323170560,HTTP Receiving,ms,p50,55489.24
98,1780553984323170560,1780553985323170560,HTTP Receiving,ms,p75,55489.24
98,1780553984323170560,1780553985323170560,HTTP Receiving,ms,p90,55489.24
98,1780553984323170560,1780553985323170560,HTTP Receiving,ms,p95,55489.24
98,1780553984323170560,1780553985323170560,HTTP Receiving,ms,p99,55489.24
98,1780553984323170560,1780553985323170560,HTTP Receiving,ms,std,0.00
98,1780553984323170560,1780553985323170560,HTTP Sending,ms,avg,0.20
98,1780553984323170560,1780553985323170560,HTTP Sending,ms,min,0.20
98,1780553984323170560,1780553985323170560,HTTP Sending,ms,max,0.20
98,1780553984323170560,1780553985323170560,HTTP Sending,ms,sum,0.20
98,1780553984323170560,1780553985323170560,HTTP Sending,ms,p1,0.20
98,1780553984323170560,1780553985323170560,HTTP Sending,ms,p5,0.20
98,1780553984323170560,1780553985323170560,HTTP Sending,ms,p10,0.20
98,1780553984323170560,1780553985323170560,HTTP Sending,ms,p25,0.20
98,1780553984323170560,1780553985323170560,HTTP Sending,ms,p50,0.20
98,1780553984323170560,1780553985323170560,HTTP Sending,ms,p75,0.20
98,1780553984323170560,1780553985323170560,HTTP Sending,ms,p90,0.20
98,1780553984323170560,1780553985323170560,HTTP Sending,ms,p95,0.20
98,1780553984323170560,1780553985323170560,HTTP Sending,ms,p99,0.20
98,1780553984323170560,1780553985323170560,HTTP Sending,ms,std,0.00
98,1780553984323170560,1780553985323170560,HTTP Total Time,ms,avg,99248.22
98,1780553984323170560,1780553985323170560,HTTP Total Time,ms,min,99248.22
98,1780553984323170560,1780553985323170560,HTTP Total Time,ms,max,99248.22
98,1780553984323170560,1780553985323170560,HTTP Total Time,ms,sum,99248.22
98,1780553984323170560,1780553985323170560,HTTP Total Time,ms,p1,99248.22
98,1780553984323170560,1780553985323170560,HTTP Total Time,ms,p5,99248.22
98,1780553984323170560,1780553985323170560,HTTP Total Time,ms,p10,99248.22
98,1780553984323170560,1780553985323170560,HTTP Total Time,ms,p25,99248.22
98,1780553984323170560,1780553985323170560,HTTP Total Time,ms,p50,99248.22
98,1780553984323170560,1780553985323170560,HTTP Total Time,ms,p75,99248.22
98,1780553984323170560,1780553985323170560,HTTP Total Time,ms,p90,99248.22
98,1780553984323170560,1780553985323170560,HTTP Total Time,ms,p95,99248.22
98,1780553984323170560,1780553985323170560,HTTP Total Time,ms,p99,99248.22
98,1780553984323170560,1780553985323170560,HTTP Total Time,ms,std,0.00
98,1780553984323170560,1780553985323170560,HTTP Waiting (TTFB),ms,avg,43758.78
98,1780553984323170560,1780553985323170560,HTTP Waiting (TTFB),ms,min,43758.78
98,1780553984323170560,1780553985323170560,HTTP Waiting (TTFB),ms,max,43758.78
98,1780553984323170560,1780553985323170560,HTTP Waiting (TTFB),ms,sum,43758.78
98,1780553984323170560,1780553985323170560,HTTP Waiting (TTFB),ms,p1,43758.78
98,1780553984323170560,1780553985323170560,HTTP Waiting (TTFB),ms,p5,43758.78
98,1780553984323170560,1780553985323170560,HTTP Waiting (TTFB),ms,p10,43758.78
98,1780553984323170560,1780553985323170560,HTTP Waiting (TTFB),ms,p25,43758.78
98,1780553984323170560,1780553985323170560,HTTP Waiting (TTFB),ms,p50,43758.78
98,1780553984323170560,1780553985323170560,HTTP Waiting (TTFB),ms,p75,43758.78
98,1780553984323170560,1780553985323170560,HTTP Waiting (TTFB),ms,p90,43758.78
98,1780553984323170560,1780553985323170560,HTTP Waiting (TTFB),ms,p95,43758.78
98,1780553984323170560,1780553985323170560,HTTP Waiting (TTFB),ms,p99,43758.78
98,1780553984323170560,1780553985323170560,HTTP Waiting (TTFB),ms,std,0.00
98,1780553984323170560,1780553985323170560,Input Sequence Length,tokens,avg,119496.00
98,1780553984323170560,1780553985323170560,Input Sequence Length,tokens,min,119496.00
98,1780553984323170560,1780553985323170560,Input Sequence Length,tokens,max,119496.00
98,1780553984323170560,1780553985323170560,Input Sequence Length,tokens,sum,119496.00
98,1780553984323170560,1780553985323170560,Input Sequence Length,tokens,p1,119496.00
98,1780553984323170560,1780553985323170560,Input Sequence Length,tokens,p5,119496.00
98,1780553984323170560,1780553985323170560,Input Sequence Length,tokens,p10,119496.00
98,1780553984323170560,1780553985323170560,Input Sequence Length,tokens,p25,119496.00
98,1780553984323170560,1780553985323170560,Input Sequence Length,tokens,p50,119496.00
98,1780553984323170560,1780553985323170560,Input Sequence Length,tokens,p75,119496.00
98,1780553984323170560,1780553985323170560,Input Sequence Length,tokens,p90,119496.00
98,1780553984323170560,1780553985323170560,Input Sequence Length,tokens,p95,119496.00
98,1780553984323170560,1780553985323170560,Input Sequence Length,tokens,p99,119496.00
98,1780553984323170560,1780553985323170560,Input Sequence Length,tokens,std,0.00
98,1780553984323170560,1780553985323170560,Input Token Throughput,tokens/sec,avg,119496.00
98,1780553984323170560,1780553985323170560,Inter Chunk Latency,ms,avg,67.47
98,1780553984323170560,1780553985323170560,Inter Chunk Latency,ms,min,67.46
98,1780553984323170560,1780553985323170560,Inter Chunk Latency,ms,max,67.48
98,1780553984323170560,1780553985323170560,Inter Chunk Latency,ms,sum,41222.89
98,1780553984323170560,1780553985323170560,Inter Chunk Latency,ms,p1,67.46
98,1780553984323170560,1780553985323170560,Inter Chunk Latency,ms,p5,67.46
98,1780553984323170560,1780553985323170560,Inter Chunk Latency,ms,p10,67.46
98,1780553984323170560,1780553985323170560,Inter Chunk Latency,ms,p25,67.46
98,1780553984323170560,1780553985323170560,Inter Chunk Latency,ms,p50,67.47
98,1780553984323170560,1780553985323170560,Inter Chunk Latency,ms,p75,67.47
98,1780553984323170560,1780553985323170560,Inter Chunk Latency,ms,p90,67.48
98,1780553984323170560,1780553985323170560,Inter Chunk Latency,ms,p95,67.48
98,1780553984323170560,1780553985323170560,Inter Chunk Latency,ms,p99,67.48
98,1780553984323170560,1780553985323170560,Inter Chunk Latency,ms,std,0.01
98,1780553984323170560,1780553985323170560,Inter Token Latency,ms,avg,87.25
98,1780553984323170560,1780553985323170560,Inter Token Latency,ms,min,87.25
98,1780553984323170560,1780553985323170560,Inter Token Latency,ms,max,87.25
98,1780553984323170560,1780553985323170560,Inter Token Latency,ms,sum,87.25
98,1780553984323170560,1780553985323170560,Inter Token Latency,ms,p1,87.25
98,1780553984323170560,1780553985323170560,Inter Token Latency,ms,p5,87.25
98,1780553984323170560,1780553985323170560,Inter Token Latency,ms,p10,87.25
98,1780553984323170560,1780553985323170560,Inter Token Latency,ms,p25,87.25
98,1780553984323170560,1780553985323170560,Inter Token Latency,ms,p50,87.25
98,1780553984323170560,1780553985323170560,Inter Token Latency,ms,p75,87.25
98,1780553984323170560,1780553985323170560,Inter Token Latency,ms,p90,87.25
98,1780553984323170560,1780553985323170560,Inter Token Latency,ms,p95,87.25
98,1780553984323170560,1780553985323170560,Inter Token Latency,ms,p99,87.25
98,1780553984323170560,1780553985323170560,Inter Token Latency,ms,std,0.00
98,1780553984323170560,1780553985323170560,Maximum Response Timestamp,ns,avg,1780554084265047552.00
98,1780553984323170560,1780553985323170560,Minimum Request Timestamp,ns,avg,1780553985016751872.00
98,1780553984323170560,1780553985323170560,OSL Mismatch Count,requests,avg,0.00
98,1780553984323170560,1780553985323170560,OSL Mismatch Diff %,%,avg,0.00
98,1780553984323170560,1780553985323170560,OSL Mismatch Diff %,%,min,0.00
98,1780553984323170560,1780553985323170560,OSL Mismatch Diff %,%,max,0.00
98,1780553984323170560,1780553985323170560,OSL Mismatch Diff %,%,sum,0.00
98,1780553984323170560,1780553985323170560,OSL Mismatch Diff %,%,p1,0.00
98,1780553984323170560,1780553985323170560,OSL Mismatch Diff %,%,p5,0.00
98,1780553984323170560,1780553985323170560,OSL Mismatch Diff %,%,p10,0.00
98,1780553984323170560,1780553985323170560,OSL Mismatch Diff %,%,p25,0.00
98,1780553984323170560,1780553985323170560,OSL Mismatch Diff %,%,p50,0.00
98,1780553984323170560,1780553985323170560,OSL Mismatch Diff %,%,p75,0.00
98,1780553984323170560,1780553985323170560,OSL Mismatch Diff %,%,p90,0.00
98,1780553984323170560,1780553985323170560,OSL Mismatch Diff %,%,p95,0.00
98,1780553984323170560,1780553985323170560,OSL Mismatch Diff %,%,p99,0.00
98,1780553984323170560,1780553985323170560,OSL Mismatch Diff %,%,std,0.00
98,1780553984323170560,1780553985323170560,Output Sequence Length,tokens,avg,637.00
98,1780553984323170560,1780553985323170560,Output Sequence Length,tokens,min,637.00
98,1780553984323170560,1780553985323170560,Output Sequence Length,tokens,max,637.00
98,1780553984323170560,1780553985323170560,Output Sequence Length,tokens,sum,637.00
98,1780553984323170560,1780553985323170560,Output Sequence Length,tokens,p1,637.00
98,1780553984323170560,1780553985323170560,Output Sequence Length,tokens,p5,637.00
98,1780553984323170560,1780553985323170560,Output Sequence Length,tokens,p10,637.00
98,1780553984323170560,1780553985323170560,Output Sequence Length,tokens,p25,637.00
98,1780553984323170560,1780553985323170560,Output Sequence Length,tokens,p50,637.00
98,1780553984323170560,1780553985323170560,Output Sequence Length,tokens,p75,637.00
98,1780553984323170560,1780553985323170560,Output Sequence Length,tokens,p90,637.00
98,1780553984323170560,1780553985323170560,Output Sequence Length,tokens,p95,637.00
98,1780553984323170560,1780553985323170560,Output Sequence Length,tokens,p99,637.00
98,1780553984323170560,1780553985323170560,Output Sequence Length,tokens,std,0.00
98,1780553984323170560,1780553985323170560,Output Token Count,tokens,avg,637.00
98,1780553984323170560,1780553985323170560,Output Token Count,tokens,min,637.00
98,1780553984323170560,1780553985323170560,Output Token Count,tokens,max,637.00
98,1780553984323170560,1780553985323170560,Output Token Count,tokens,sum,637.00
98,1780553984323170560,1780553985323170560,Output Token Count,tokens,p1,637.00
98,1780553984323170560,1780553985323170560,Output Token Count,tokens,p5,637.00
98,1780553984323170560,1780553985323170560,Output Token Count,tokens,p10,637.00
98,1780553984323170560,1780553985323170560,Output Token Count,tokens,p25,637.00
98,1780553984323170560,1780553985323170560,Output Token Count,tokens,p50,637.00
98,1780553984323170560,1780553985323170560,Output Token Count,tokens,p75,637.00
98,1780553984323170560,1780553985323170560,Output Token Count,tokens,p90,637.00
98,1780553984323170560,1780553985323170560,Output Token Count,tokens,p95,637.00
98,1780553984323170560,1780553985323170560,Output Token Count,tokens,p99,637.00
98,1780553984323170560,1780553985323170560,Output Token Count,tokens,std,0.00
98,1780553984323170560,1780553985323170560,Output Token Throughput,tokens/sec,avg,637.00
98,1780553984323170560,1780553985323170560,Output Token Throughput Per User,tokens/sec/user,avg,11.46
98,1780553984323170560,1780553985323170560,Output Token Throughput Per User,tokens/sec/user,min,11.46
98,1780553984323170560,1780553985323170560,Output Token Throughput Per User,tokens/sec/user,max,11.46
98,1780553984323170560,1780553985323170560,Output Token Throughput Per User,tokens/sec/user,sum,11.46
98,1780553984323170560,1780553985323170560,Output Token Throughput Per User,tokens/sec/user,p1,11.46
98,1780553984323170560,1780553985323170560,Output Token Throughput Per User,tokens/sec/user,p5,11.46
98,1780553984323170560,1780553985323170560,Output Token Throughput Per User,tokens/sec/user,p10,11.46
98,1780553984323170560,1780553985323170560,Output Token Throughput Per User,tokens/sec/user,p25,11.46
98,1780553984323170560,1780553985323170560,Output Token Throughput Per User,tokens/sec/user,p50,11.46
98,1780553984323170560,1780553985323170560,Output Token Throughput Per User,tokens/sec/user,p75,11.46
98,1780553984323170560,1780553985323170560,Output Token Throughput Per User,tokens/sec/user,p90,11.46
98,1780553984323170560,1780553985323170560,Output Token Throughput Per User,tokens/sec/user,p95,11.46
98,1780553984323170560,1780553985323170560,Output Token Throughput Per User,tokens/sec/user,p99,11.46
98,1780553984323170560,1780553985323170560,Output Token Throughput Per User,tokens/sec/user,std,0.00
98,1780553984323170560,1780553985323170560,Prefill Throughput Per User,tokens/sec/user,avg,2730.77
98,1780553984323170560,1780553985323170560,Prefill Throughput Per User,tokens/sec/user,min,2730.77
98,1780553984323170560,1780553985323170560,Prefill Throughput Per User,tokens/sec/user,max,2730.77
98,1780553984323170560,1780553985323170560,Prefill Throughput Per User,tokens/sec/user,sum,2730.77
98,1780553984323170560,1780553985323170560,Prefill Throughput Per User,tokens/sec/user,p1,2730.77
98,1780553984323170560,1780553985323170560,Prefill Throughput Per User,tokens/sec/user,p5,2730.77
98,1780553984323170560,1780553985323170560,Prefill Throughput Per User,tokens/sec/user,p10,2730.77
98,1780553984323170560,1780553985323170560,Prefill Throughput Per User,tokens/sec/user,p25,2730.77
98,1780553984323170560,1780553985323170560,Prefill Throughput Per User,tokens/sec/user,p50,2730.77
98,1780553984323170560,1780553985323170560,Prefill Throughput Per User,tokens/sec/user,p75,2730.77
98,1780553984323170560,1780553985323170560,Prefill Throughput Per User,tokens/sec/user,p90,2730.77
98,1780553984323170560,1780553985323170560,Prefill Throughput Per User,tokens/sec/user,p95,2730.77
98,1780553984323170560,1780553985323170560,Prefill Throughput Per User,tokens/sec/user,p99,2730.77
98,1780553984323170560,1780553985323170560,Prefill Throughput Per User,tokens/sec/user,std,0.00
98,1780553984323170560,1780553985323170560,Request Count,requests,avg,1.00
98,1780553984323170560,1780553985323170560,Request Latency,ms,avg,99248.30
98,1780553984323170560,1780553985323170560,Request Latency,ms,min,99248.30
98,1780553984323170560,1780553985323170560,Request Latency,ms,max,99248.30
98,1780553984323170560,1780553985323170560,Request Latency,ms,sum,99248.30
98,1780553984323170560,1780553985323170560,Request Latency,ms,p1,99248.30
98,1780553984323170560,1780553985323170560,Request Latency,ms,p5,99248.30
98,1780553984323170560,1780553985323170560,Request Latency,ms,p10,99248.30
98,1780553984323170560,1780553985323170560,Request Latency,ms,p25,99248.30
98,1780553984323170560,1780553985323170560,Request Latency,ms,p50,99248.30
98,1780553984323170560,1780553985323170560,Request Latency,ms,p75,99248.30
98,1780553984323170560,1780553985323170560,Request Latency,ms,p90,99248.30
98,1780553984323170560,1780553985323170560,Request Latency,ms,p95,99248.30
98,1780553984323170560,1780553985323170560,Request Latency,ms,p99,99248.30
98,1780553984323170560,1780553985323170560,Request Latency,ms,std,0.00
98,1780553984323170560,1780553985323170560,Request Throughput,requests/sec,avg,1.00
98,1780553984323170560,1780553985323170560,Requested OSL,tokens,avg,637.00
98,1780553984323170560,1780553985323170560,Requested OSL,tokens,min,637.00
98,1780553984323170560,1780553985323170560,Requested OSL,tokens,max,637.00
98,1780553984323170560,1780553985323170560,Requested OSL,tokens,sum,637.00
98,1780553984323170560,1780553985323170560,Requested OSL,tokens,p1,637.00
98,1780553984323170560,1780553985323170560,Requested OSL,tokens,p5,637.00
98,1780553984323170560,1780553985323170560,Requested OSL,tokens,p10,637.00
98,1780553984323170560,1780553985323170560,Requested OSL,tokens,p25,637.00
98,1780553984323170560,1780553985323170560,Requested OSL,tokens,p50,637.00
98,1780553984323170560,1780553985323170560,Requested OSL,tokens,p75,637.00
98,1780553984323170560,1780553985323170560,Requested OSL,tokens,p90,637.00
98,1780553984323170560,1780553985323170560,Requested OSL,tokens,p95,637.00
98,1780553984323170560,1780553985323170560,Requested OSL,tokens,p99,637.00
98,1780553984323170560,1780553985323170560,Requested OSL,tokens,std,0.00
98,1780553984323170560,1780553985323170560,Time to First Output Token,ms,avg,43759.08
98,1780553984323170560,1780553985323170560,Time to First Output Token,ms,min,43759.08
98,1780553984323170560,1780553985323170560,Time to First Output Token,ms,max,43759.08
98,1780553984323170560,1780553985323170560,Time to First Output Token,ms,sum,43759.08
98,1780553984323170560,1780553985323170560,Time to First Output Token,ms,p1,43759.08
98,1780553984323170560,1780553985323170560,Time to First Output Token,ms,p5,43759.08
98,1780553984323170560,1780553985323170560,Time to First Output Token,ms,p10,43759.08
98,1780553984323170560,1780553985323170560,Time to First Output Token,ms,p25,43759.08
98,1780553984323170560,1780553985323170560,Time to First Output Token,ms,p50,43759.08
98,1780553984323170560,1780553985323170560,Time to First Output Token,ms,p75,43759.08
98,1780553984323170560,1780553985323170560,Time to First Output Token,ms,p90,43759.08
98,1780553984323170560,1780553985323170560,Time to First Output Token,ms,p95,43759.08
98,1780553984323170560,1780553985323170560,Time to First Output Token,ms,p99,43759.08
98,1780553984323170560,1780553985323170560,Time to First Output Token,ms,std,0.00
98,1780553984323170560,1780553985323170560,Time to First Token,ms,avg,43759.08
98,1780553984323170560,1780553985323170560,Time to First Token,ms,min,43759.08
98,1780553984323170560,1780553985323170560,Time to First Token,ms,max,43759.08
98,1780553984323170560,1780553985323170560,Time to First Token,ms,sum,43759.08
98,1780553984323170560,1780553985323170560,Time to First Token,ms,p1,43759.08
98,1780553984323170560,1780553985323170560,Time to First Token,ms,p5,43759.08
98,1780553984323170560,1780553985323170560,Time to First Token,ms,p10,43759.08
98,1780553984323170560,1780553985323170560,Time to First Token,ms,p25,43759.08
98,1780553984323170560,1780553985323170560,Time to First Token,ms,p50,43759.08
98,1780553984323170560,1780553985323170560,Time to First Token,ms,p75,43759.08
98,1780553984323170560,1780553985323170560,Time to First Token,ms,p90,43759.08
98,1780553984323170560,1780553985323170560,Time to First Token,ms,p95,43759.08
98,1780553984323170560,1780553985323170560,Time to First Token,ms,p99,43759.08
98,1780553984323170560,1780553985323170560,Time to First Token,ms,std,0.00
98,1780553984323170560,1780553985323170560,Time to Second Token,ms,avg,0.66
98,1780553984323170560,1780553985323170560,Time to Second Token,ms,min,0.66
98,1780553984323170560,1780553985323170560,Time to Second Token,ms,max,0.66
98,1780553984323170560,1780553985323170560,Time to Second Token,ms,sum,0.66
98,1780553984323170560,1780553985323170560,Time to Second Token,ms,p1,0.66
98,1780553984323170560,1780553985323170560,Time to Second Token,ms,p5,0.66
98,1780553984323170560,1780553985323170560,Time to Second Token,ms,p10,0.66
98,1780553984323170560,1780553985323170560,Time to Second Token,ms,p25,0.66
98,1780553984323170560,1780553985323170560,Time to Second Token,ms,p50,0.66
98,1780553984323170560,1780553985323170560,Time to Second Token,ms,p75,0.66
98,1780553984323170560,1780553985323170560,Time to Second Token,ms,p90,0.66
98,1780553984323170560,1780553985323170560,Time to Second Token,ms,p95,0.66
98,1780553984323170560,1780553985323170560,Time to Second Token,ms,p99,0.66
98,1780553984323170560,1780553985323170560,Time to Second Token,ms,std,0.00
98,1780553984323170560,1780553985323170560,Tokens In Flight,tokens,avg,1422410.51
98,1780553984323170560,1780553985323170560,Tokens In Flight,tokens,min,1385751.21
98,1780553984323170560,1780553985323170560,Tokens In Flight,tokens,max,1505334.39
98,1780553984323170560,1780553985323170560,Tokens In Flight,tokens,p50,1385794.41
98,1780553984323170560,1780553985323170560,Tokens In Flight,tokens,p90,1505324.69
98,1780553984323170560,1780553985323170560,Tokens In Flight,tokens,p95,1505329.53
98,1780553984323170560,1780553985323170560,Tokens In Flight,tokens,p99,1505333.37
98,1780553984323170560,1780553985323170560,Tokens In Flight,tokens,std,55108.27
98,1780553984323170560,1780553985323170560,Total Input Sequence Length,tokens,avg,119496.00
98,1780553984323170560,1780553985323170560,Total Output Sequence Length,tokens,avg,637.00
98,1780553984323170560,1780553985323170560,Total Output Tokens,tokens,avg,637.00
98,1780553984323170560,1780553985323170560,Total Token Throughput,tokens/sec,avg,120133.00
98,1780553984323170560,1780553985323170560,Total Usage Completion Tokens,tokens,avg,637.00
98,1780553984323170560,1780553985323170560,Total Usage Prompt Tokens,tokens,avg,119496.00
98,1780553984323170560,1780553985323170560,Total Usage Total Tokens,tokens,avg,120133.00
98,1780553984323170560,1780553985323170560,Usage Completion Tokens,tokens,avg,637.00
98,1780553984323170560,1780553985323170560,Usage Completion Tokens,tokens,min,637.00
98,1780553984323170560,1780553985323170560,Usage Completion Tokens,tokens,max,637.00
98,1780553984323170560,1780553985323170560,Usage Completion Tokens,tokens,sum,637.00
98,1780553984323170560,1780553985323170560,Usage Completion Tokens,tokens,p1,637.00
98,1780553984323170560,1780553985323170560,Usage Completion Tokens,tokens,p5,637.00
98,1780553984323170560,1780553985323170560,Usage Completion Tokens,tokens,p10,637.00
98,1780553984323170560,1780553985323170560,Usage Completion Tokens,tokens,p25,637.00
98,1780553984323170560,1780553985323170560,Usage Completion Tokens,tokens,p50,637.00
98,1780553984323170560,1780553985323170560,Usage Completion Tokens,tokens,p75,637.00
98,1780553984323170560,1780553985323170560,Usage Completion Tokens,tokens,p90,637.00
98,1780553984323170560,1780553985323170560,Usage Completion Tokens,tokens,p95,637.00
98,1780553984323170560,1780553985323170560,Usage Completion Tokens,tokens,p99,637.00
98,1780553984323170560,1780553985323170560,Usage Completion Tokens,tokens,std,0.00
98,1780553984323170560,1780553985323170560,Usage Prompt Tokens,tokens,avg,119496.00
98,1780553984323170560,1780553985323170560,Usage Prompt Tokens,tokens,min,119496.00
98,1780553984323170560,1780553985323170560,Usage Prompt Tokens,tokens,max,119496.00
98,1780553984323170560,1780553985323170560,Usage Prompt Tokens,tokens,sum,119496.00
98,1780553984323170560,1780553985323170560,Usage Prompt Tokens,tokens,p1,119496.00
98,1780553984323170560,1780553985323170560,Usage Prompt Tokens,tokens,p5,119496.00
98,1780553984323170560,1780553985323170560,Usage Prompt Tokens,tokens,p10,119496.00
98,1780553984323170560,1780553985323170560,Usage Prompt Tokens,tokens,p25,119496.00
98,1780553984323170560,1780553985323170560,Usage Prompt Tokens,tokens,p50,119496.00
98,1780553984323170560,1780553985323170560,Usage Prompt Tokens,tokens,p75,119496.00
98,1780553984323170560,1780553985323170560,Usage Prompt Tokens,tokens,p90,119496.00
98,1780553984323170560,1780553985323170560,Usage Prompt Tokens,tokens,p95,119496.00
98,1780553984323170560,1780553985323170560,Usage Prompt Tokens,tokens,p99,119496.00
98,1780553984323170560,1780553985323170560,Usage Prompt Tokens,tokens,std,0.00
98,1780553984323170560,1780553985323170560,Usage Total Tokens,tokens,avg,120133.00
98,1780553984323170560,1780553985323170560,Usage Total Tokens,tokens,min,120133.00
98,1780553984323170560,1780553985323170560,Usage Total Tokens,tokens,max,120133.00
98,1780553984323170560,1780553985323170560,Usage Total Tokens,tokens,sum,120133.00
98,1780553984323170560,1780553985323170560,Usage Total Tokens,tokens,p1,120133.00
98,1780553984323170560,1780553985323170560,Usage Total Tokens,tokens,p5,120133.00
98,1780553984323170560,1780553985323170560,Usage Total Tokens,tokens,p10,120133.00
98,1780553984323170560,1780553985323170560,Usage Total Tokens,tokens,p25,120133.00
98,1780553984323170560,1780553985323170560,Usage Total Tokens,tokens,p50,120133.00
98,1780553984323170560,1780553985323170560,Usage Total Tokens,tokens,p75,120133.00
98,1780553984323170560,1780553985323170560,Usage Total Tokens,tokens,p90,120133.00
98,1780553984323170560,1780553985323170560,Usage Total Tokens,tokens,p95,120133.00
98,1780553984323170560,1780553985323170560,Usage Total Tokens,tokens,p99,120133.00
98,1780553984323170560,1780553985323170560,Usage Total Tokens,tokens,std,0.00
99,1780554005323170560,1780554006323170560,Active Decode Throughput,tokens/sec,avg,145.64
99,1780554005323170560,1780554006323170560,Active Decode Throughput,tokens/sec,min,119.36
99,1780554005323170560,1780554006323170560,Active Decode Throughput,tokens/sec,max,160.99
99,1780554005323170560,1780554006323170560,Active Decode Throughput,tokens/sec,p50,145.64
99,1780554005323170560,1780554006323170560,Active Decode Throughput,tokens/sec,p90,145.64
99,1780554005323170560,1780554006323170560,Active Decode Throughput,tokens/sec,p95,145.64
99,1780554005323170560,1780554006323170560,Active Decode Throughput,tokens/sec,p99,145.64
99,1780554005323170560,1780554006323170560,Active Decode Throughput,tokens/sec,std,0.05
99,1780554005323170560,1780554006323170560,Active Decode Throughput Per User,tokens/sec/user,avg,11.20
99,1780554005323170560,1780554006323170560,Active Decode Throughput Per User,tokens/sec/user,min,9.18
99,1780554005323170560,1780554006323170560,Active Decode Throughput Per User,tokens/sec/user,max,12.38
99,1780554005323170560,1780554006323170560,Active Decode Throughput Per User,tokens/sec/user,p50,11.20
99,1780554005323170560,1780554006323170560,Active Decode Throughput Per User,tokens/sec/user,p90,11.20
99,1780554005323170560,1780554006323170560,Active Decode Throughput Per User,tokens/sec/user,p95,11.20
99,1780554005323170560,1780554006323170560,Active Decode Throughput Per User,tokens/sec/user,p99,11.20
99,1780554005323170560,1780554006323170560,Active Decode Throughput Per User,tokens/sec/user,std,0.00
99,1780554005323170560,1780554006323170560,Active Prefill Throughput,tokens/sec,avg,5240.57
99,1780554005323170560,1780554006323170560,Active Prefill Throughput,tokens/sec,min,2730.77
99,1780554005323170560,1780554006323170560,Active Prefill Throughput,tokens/sec,max,5794.47
99,1780554005323170560,1780554006323170560,Active Prefill Throughput,tokens/sec,p50,5794.47
99,1780554005323170560,1780554006323170560,Active Prefill Throughput,tokens/sec,p90,5794.47
99,1780554005323170560,1780554006323170560,Active Prefill Throughput,tokens/sec,p95,5794.47
99,1780554005323170560,1780554006323170560,Active Prefill Throughput,tokens/sec,p99,5794.47
99,1780554005323170560,1780554006323170560,Active Prefill Throughput,tokens/sec,std,1179.06
99,1780554005323170560,1780554006323170560,Active Prefill Throughput Per User,tokens/sec/user,avg,2867.14
99,1780554005323170560,1780554006323170560,Active Prefill Throughput Per User,tokens/sec/user,min,2730.77
99,1780554005323170560,1780554006323170560,Active Prefill Throughput Per User,tokens/sec/user,max,2897.24
99,1780554005323170560,1780554006323170560,Active Prefill Throughput Per User,tokens/sec/user,p50,2897.24
99,1780554005323170560,1780554006323170560,Active Prefill Throughput Per User,tokens/sec/user,p90,2897.24
99,1780554005323170560,1780554006323170560,Active Prefill Throughput Per User,tokens/sec/user,p95,2897.24
99,1780554005323170560,1780554006323170560,Active Prefill Throughput Per User,tokens/sec/user,p99,2897.24
99,1780554005323170560,1780554006323170560,Active Prefill Throughput Per User,tokens/sec/user,std,64.06
99,1780554005323170560,1780554006323170560,Active Total Throughput,tokens/sec,avg,5341.52
99,1780554005323170560,1780554006323170560,Active Total Throughput,tokens/sec,min,2831.72
99,1780554005323170560,1780554006323170560,Active Total Throughput,tokens/sec,max,5895.42
99,1780554005323170560,1780554006323170560,Active Total Throughput,tokens/sec,p50,5895.42
99,1780554005323170560,1780554006323170560,Active Total Throughput,tokens/sec,p90,5895.42
99,1780554005323170560,1780554006323170560,Active Total Throughput,tokens/sec,p95,5895.42
99,1780554005323170560,1780554006323170560,Active Total Throughput,tokens/sec,p99,5895.42
99,1780554005323170560,1780554006323170560,Active Total Throughput,tokens/sec,std,1179.06
99,1780554005323170560,1780554006323170560,Benchmark Duration,sec,avg,150.25
99,1780554005323170560,1780554006323170560,E2E Output Token Throughput,tokens/sec/user,avg,6.76
99,1780554005323170560,1780554006323170560,E2E Output Token Throughput,tokens/sec/user,min,6.76
99,1780554005323170560,1780554006323170560,E2E Output Token Throughput,tokens/sec/user,max,6.76
99,1780554005323170560,1780554006323170560,E2E Output Token Throughput,tokens/sec/user,sum,6.76
99,1780554005323170560,1780554006323170560,E2E Output Token Throughput,tokens/sec/user,p1,6.76
99,1780554005323170560,1780554006323170560,E2E Output Token Throughput,tokens/sec/user,p5,6.76
99,1780554005323170560,1780554006323170560,E2E Output Token Throughput,tokens/sec/user,p10,6.76
99,1780554005323170560,1780554006323170560,E2E Output Token Throughput,tokens/sec/user,p25,6.76
99,1780554005323170560,1780554006323170560,E2E Output Token Throughput,tokens/sec/user,p50,6.76
99,1780554005323170560,1780554006323170560,E2E Output Token Throughput,tokens/sec/user,p75,6.76
99,1780554005323170560,1780554006323170560,E2E Output Token Throughput,tokens/sec/user,p90,6.76
99,1780554005323170560,1780554006323170560,E2E Output Token Throughput,tokens/sec/user,p95,6.76
99,1780554005323170560,1780554006323170560,E2E Output Token Throughput,tokens/sec/user,p99,6.76
99,1780554005323170560,1780554006323170560,E2E Output Token Throughput,tokens/sec/user,std,0.00
99,1780554005323170560,1780554006323170560,Effective Concurrency,requests,avg,14.82
99,1780554005323170560,1780554006323170560,Effective Concurrency,requests,min,14.00
99,1780554005323170560,1780554006323170560,Effective Concurrency,requests,max,15.00
99,1780554005323170560,1780554006323170560,Effective Concurrency,requests,p50,15.00
99,1780554005323170560,1780554006323170560,Effective Concurrency,requests,p90,15.00
99,1780554005323170560,1780554006323170560,Effective Concurrency,requests,p95,15.00
99,1780554005323170560,1780554006323170560,Effective Concurrency,requests,p99,15.00
99,1780554005323170560,1780554006323170560,Effective Concurrency,requests,std,0.38
99,1780554005323170560,1780554006323170560,Effective Decode Concurrency,requests,avg,13.00
99,1780554005323170560,1780554006323170560,Effective Decode Concurrency,requests,min,13.00
99,1780554005323170560,1780554006323170560,Effective Decode Concurrency,requests,max,13.00
99,1780554005323170560,1780554006323170560,Effective Decode Concurrency,requests,p50,13.00
99,1780554005323170560,1780554006323170560,Effective Decode Concurrency,requests,p90,13.00
99,1780554005323170560,1780554006323170560,Effective Decode Concurrency,requests,p95,13.00
99,1780554005323170560,1780554006323170560,Effective Decode Concurrency,requests,p99,13.00
99,1780554005323170560,1780554006323170560,Effective Decode Concurrency,requests,std,0.00
99,1780554005323170560,1780554006323170560,Effective Decode Throughput,tokens/sec,avg,145.64
99,1780554005323170560,1780554006323170560,Effective Decode Throughput,tokens/sec,min,119.36
99,1780554005323170560,1780554006323170560,Effective Decode Throughput,tokens/sec,max,160.99
99,1780554005323170560,1780554006323170560,Effective Decode Throughput,tokens/sec,p50,145.64
99,1780554005323170560,1780554006323170560,Effective Decode Throughput,tokens/sec,p90,145.64
99,1780554005323170560,1780554006323170560,Effective Decode Throughput,tokens/sec,p95,145.64
99,1780554005323170560,1780554006323170560,Effective Decode Throughput,tokens/sec,p99,145.64
99,1780554005323170560,1780554006323170560,Effective Decode Throughput,tokens/sec,std,0.05
99,1780554005323170560,1780554006323170560,Effective Decode Throughput Per User,tokens/sec/user,avg,11.20
99,1780554005323170560,1780554006323170560,Effective Decode Throughput Per User,tokens/sec/user,min,9.18
99,1780554005323170560,1780554006323170560,Effective Decode Throughput Per User,tokens/sec/user,max,12.38
99,1780554005323170560,1780554006323170560,Effective Decode Throughput Per User,tokens/sec/user,p50,11.20
99,1780554005323170560,1780554006323170560,Effective Decode Throughput Per User,tokens/sec/user,p90,11.20
99,1780554005323170560,1780554006323170560,Effective Decode Throughput Per User,tokens/sec/user,p95,11.20
99,1780554005323170560,1780554006323170560,Effective Decode Throughput Per User,tokens/sec/user,p99,11.20
99,1780554005323170560,1780554006323170560,Effective Decode Throughput Per User,tokens/sec/user,std,0.00
99,1780554005323170560,1780554006323170560,Effective Prefill Concurrency,requests,avg,1.82
99,1780554005323170560,1780554006323170560,Effective Prefill Concurrency,requests,min,1.00
99,1780554005323170560,1780554006323170560,Effective Prefill Concurrency,requests,max,2.00
99,1780554005323170560,1780554006323170560,Effective Prefill Concurrency,requests,p50,2.00
99,1780554005323170560,1780554006323170560,Effective Prefill Concurrency,requests,p90,2.00
99,1780554005323170560,1780554006323170560,Effective Prefill Concurrency,requests,p95,2.00
99,1780554005323170560,1780554006323170560,Effective Prefill Concurrency,requests,p99,2.00
99,1780554005323170560,1780554006323170560,Effective Prefill Concurrency,requests,std,0.38
99,1780554005323170560,1780554006323170560,Effective Prefill Throughput,tokens/sec,avg,5240.57
99,1780554005323170560,1780554006323170560,Effective Prefill Throughput,tokens/sec,min,2730.77
99,1780554005323170560,1780554006323170560,Effective Prefill Throughput,tokens/sec,max,5794.47
99,1780554005323170560,1780554006323170560,Effective Prefill Throughput,tokens/sec,p50,5794.47
99,1780554005323170560,1780554006323170560,Effective Prefill Throughput,tokens/sec,p90,5794.47
99,1780554005323170560,1780554006323170560,Effective Prefill Throughput,tokens/sec,p95,5794.47
99,1780554005323170560,1780554006323170560,Effective Prefill Throughput,tokens/sec,p99,5794.47
99,1780554005323170560,1780554006323170560,Effective Prefill Throughput,tokens/sec,std,1179.06
99,1780554005323170560,1780554006323170560,Effective Prefill Throughput Per User,tokens/sec/user,avg,2867.14
99,1780554005323170560,1780554006323170560,Effective Prefill Throughput Per User,tokens/sec/user,min,2730.77
99,1780554005323170560,1780554006323170560,Effective Prefill Throughput Per User,tokens/sec/user,max,2897.24
99,1780554005323170560,1780554006323170560,Effective Prefill Throughput Per User,tokens/sec/user,p50,2897.24
99,1780554005323170560,1780554006323170560,Effective Prefill Throughput Per User,tokens/sec/user,p90,2897.24
99,1780554005323170560,1780554006323170560,Effective Prefill Throughput Per User,tokens/sec/user,p95,2897.24
99,1780554005323170560,1780554006323170560,Effective Prefill Throughput Per User,tokens/sec/user,p99,2897.24
99,1780554005323170560,1780554006323170560,Effective Prefill Throughput Per User,tokens/sec/user,std,64.06
99,1780554005323170560,1780554006323170560,Effective Total Throughput,tokens/sec,avg,5341.52
99,1780554005323170560,1780554006323170560,Effective Total Throughput,tokens/sec,min,2831.72
99,1780554005323170560,1780554006323170560,Effective Total Throughput,tokens/sec,max,5895.42
99,1780554005323170560,1780554006323170560,Effective Total Throughput,tokens/sec,p50,5895.42
99,1780554005323170560,1780554006323170560,Effective Total Throughput,tokens/sec,p90,5895.42
99,1780554005323170560,1780554006323170560,Effective Total Throughput,tokens/sec,p95,5895.42
99,1780554005323170560,1780554006323170560,Effective Total Throughput,tokens/sec,p99,5895.42
99,1780554005323170560,1780554006323170560,Effective Total Throughput,tokens/sec,std,1179.06
99,1780554005323170560,1780554006323170560,HTTP Blocked,ms,avg,0.00
99,1780554005323170560,1780554006323170560,HTTP Blocked,ms,min,0.00
99,1780554005323170560,1780554006323170560,HTTP Blocked,ms,max,0.00
99,1780554005323170560,1780554006323170560,HTTP Blocked,ms,sum,0.00
99,1780554005323170560,1780554006323170560,HTTP Blocked,ms,p1,0.00
99,1780554005323170560,1780554006323170560,HTTP Blocked,ms,p5,0.00
99,1780554005323170560,1780554006323170560,HTTP Blocked,ms,p10,0.00
99,1780554005323170560,1780554006323170560,HTTP Blocked,ms,p25,0.00
99,1780554005323170560,1780554006323170560,HTTP Blocked,ms,p50,0.00
99,1780554005323170560,1780554006323170560,HTTP Blocked,ms,p75,0.00
99,1780554005323170560,1780554006323170560,HTTP Blocked,ms,p90,0.00
99,1780554005323170560,1780554006323170560,HTTP Blocked,ms,p95,0.00
99,1780554005323170560,1780554006323170560,HTTP Blocked,ms,p99,0.00
99,1780554005323170560,1780554006323170560,HTTP Blocked,ms,std,0.00
99,1780554005323170560,1780554006323170560,HTTP Chunks Received,count,avg,1016.00
99,1780554005323170560,1780554006323170560,HTTP Chunks Received,count,min,1016.00
99,1780554005323170560,1780554006323170560,HTTP Chunks Received,count,max,1016.00
99,1780554005323170560,1780554006323170560,HTTP Chunks Received,count,sum,1016.00
99,1780554005323170560,1780554006323170560,HTTP Chunks Received,count,p1,1016.00
99,1780554005323170560,1780554006323170560,HTTP Chunks Received,count,p5,1016.00
99,1780554005323170560,1780554006323170560,HTTP Chunks Received,count,p10,1016.00
99,1780554005323170560,1780554006323170560,HTTP Chunks Received,count,p25,1016.00
99,1780554005323170560,1780554006323170560,HTTP Chunks Received,count,p50,1016.00
99,1780554005323170560,1780554006323170560,HTTP Chunks Received,count,p75,1016.00
99,1780554005323170560,1780554006323170560,HTTP Chunks Received,count,p90,1016.00
99,1780554005323170560,1780554006323170560,HTTP Chunks Received,count,p95,1016.00
99,1780554005323170560,1780554006323170560,HTTP Chunks Received,count,p99,1016.00
99,1780554005323170560,1780554006323170560,HTTP Chunks Received,count,std,0.00
99,1780554005323170560,1780554006323170560,HTTP Chunks Sent,count,avg,1.00
99,1780554005323170560,1780554006323170560,HTTP Chunks Sent,count,min,1.00
99,1780554005323170560,1780554006323170560,HTTP Chunks Sent,count,max,1.00
99,1780554005323170560,1780554006323170560,HTTP Chunks Sent,count,sum,1.00
99,1780554005323170560,1780554006323170560,HTTP Chunks Sent,count,p1,1.00
99,1780554005323170560,1780554006323170560,HTTP Chunks Sent,count,p5,1.00
99,1780554005323170560,1780554006323170560,HTTP Chunks Sent,count,p10,1.00
99,1780554005323170560,1780554006323170560,HTTP Chunks Sent,count,p25,1.00
99,1780554005323170560,1780554006323170560,HTTP Chunks Sent,count,p50,1.00
99,1780554005323170560,1780554006323170560,HTTP Chunks Sent,count,p75,1.00
99,1780554005323170560,1780554006323170560,HTTP Chunks Sent,count,p90,1.00
99,1780554005323170560,1780554006323170560,HTTP Chunks Sent,count,p95,1.00
99,1780554005323170560,1780554006323170560,HTTP Chunks Sent,count,p99,1.00
99,1780554005323170560,1780554006323170560,HTTP Chunks Sent,count,std,0.00
99,1780554005323170560,1780554006323170560,HTTP Connecting,ms,avg,1.21
99,1780554005323170560,1780554006323170560,HTTP Connecting,ms,min,1.21
99,1780554005323170560,1780554006323170560,HTTP Connecting,ms,max,1.21
99,1780554005323170560,1780554006323170560,HTTP Connecting,ms,sum,1.21
99,1780554005323170560,1780554006323170560,HTTP Connecting,ms,p1,1.21
99,1780554005323170560,1780554006323170560,HTTP Connecting,ms,p5,1.21
99,1780554005323170560,1780554006323170560,HTTP Connecting,ms,p10,1.21
99,1780554005323170560,1780554006323170560,HTTP Connecting,ms,p25,1.21
99,1780554005323170560,1780554006323170560,HTTP Connecting,ms,p50,1.21
99,1780554005323170560,1780554006323170560,HTTP Connecting,ms,p75,1.21
99,1780554005323170560,1780554006323170560,HTTP Connecting,ms,p90,1.21
99,1780554005323170560,1780554006323170560,HTTP Connecting,ms,p95,1.21
99,1780554005323170560,1780554006323170560,HTTP Connecting,ms,p99,1.21
99,1780554005323170560,1780554006323170560,HTTP Connecting,ms,std,0.00
99,1780554005323170560,1780554006323170560,HTTP Connection Overhead,ms,avg,1.76
99,1780554005323170560,1780554006323170560,HTTP Connection Overhead,ms,min,1.76
99,1780554005323170560,1780554006323170560,HTTP Connection Overhead,ms,max,1.76
99,1780554005323170560,1780554006323170560,HTTP Connection Overhead,ms,sum,1.76
99,1780554005323170560,1780554006323170560,HTTP Connection Overhead,ms,p1,1.76
99,1780554005323170560,1780554006323170560,HTTP Connection Overhead,ms,p5,1.76
99,1780554005323170560,1780554006323170560,HTTP Connection Overhead,ms,p10,1.76
99,1780554005323170560,1780554006323170560,HTTP Connection Overhead,ms,p25,1.76
99,1780554005323170560,1780554006323170560,HTTP Connection Overhead,ms,p50,1.76
99,1780554005323170560,1780554006323170560,HTTP Connection Overhead,ms,p75,1.76
99,1780554005323170560,1780554006323170560,HTTP Connection Overhead,ms,p90,1.76
99,1780554005323170560,1780554006323170560,HTTP Connection Overhead,ms,p95,1.76
99,1780554005323170560,1780554006323170560,HTTP Connection Overhead,ms,p99,1.76
99,1780554005323170560,1780554006323170560,HTTP Connection Overhead,ms,std,0.00
99,1780554005323170560,1780554006323170560,HTTP Connection Reused,ratio,avg,0.00
99,1780554005323170560,1780554006323170560,HTTP Connection Reused,ratio,min,0.00
99,1780554005323170560,1780554006323170560,HTTP Connection Reused,ratio,max,0.00
99,1780554005323170560,1780554006323170560,HTTP Connection Reused,ratio,sum,0.00
99,1780554005323170560,1780554006323170560,HTTP Connection Reused,ratio,p1,0.00
99,1780554005323170560,1780554006323170560,HTTP Connection Reused,ratio,p5,0.00
99,1780554005323170560,1780554006323170560,HTTP Connection Reused,ratio,p10,0.00
99,1780554005323170560,1780554006323170560,HTTP Connection Reused,ratio,p25,0.00
99,1780554005323170560,1780554006323170560,HTTP Connection Reused,ratio,p50,0.00
99,1780554005323170560,1780554006323170560,HTTP Connection Reused,ratio,p75,0.00
99,1780554005323170560,1780554006323170560,HTTP Connection Reused,ratio,p90,0.00
99,1780554005323170560,1780554006323170560,HTTP Connection Reused,ratio,p95,0.00
99,1780554005323170560,1780554006323170560,HTTP Connection Reused,ratio,p99,0.00
99,1780554005323170560,1780554006323170560,HTTP Connection Reused,ratio,std,0.00
99,1780554005323170560,1780554006323170560,HTTP Data Received,KB,avg,252.60
99,1780554005323170560,1780554006323170560,HTTP Data Received,KB,min,252.60
99,1780554005323170560,1780554006323170560,HTTP Data Received,KB,max,252.60
99,1780554005323170560,1780554006323170560,HTTP Data Received,KB,sum,252.60
99,1780554005323170560,1780554006323170560,HTTP Data Received,KB,p1,252.60
99,1780554005323170560,1780554006323170560,HTTP Data Received,KB,p5,252.60
99,1780554005323170560,1780554006323170560,HTTP Data Received,KB,p10,252.60
99,1780554005323170560,1780554006323170560,HTTP Data Received,KB,p25,252.60
99,1780554005323170560,1780554006323170560,HTTP Data Received,KB,p50,252.60
99,1780554005323170560,1780554006323170560,HTTP Data Received,KB,p75,252.60
99,1780554005323170560,1780554006323170560,HTTP Data Received,KB,p90,252.60
99,1780554005323170560,1780554006323170560,HTTP Data Received,KB,p95,252.60
99,1780554005323170560,1780554006323170560,HTTP Data Received,KB,p99,252.60
99,1780554005323170560,1780554006323170560,HTTP Data Received,KB,std,0.00
99,1780554005323170560,1780554006323170560,HTTP Data Sent,KB,avg,438.26
99,1780554005323170560,1780554006323170560,HTTP Data Sent,KB,min,438.26
99,1780554005323170560,1780554006323170560,HTTP Data Sent,KB,max,438.26
99,1780554005323170560,1780554006323170560,HTTP Data Sent,KB,sum,438.26
99,1780554005323170560,1780554006323170560,HTTP Data Sent,KB,p1,438.26
99,1780554005323170560,1780554006323170560,HTTP Data Sent,KB,p5,438.26
99,1780554005323170560,1780554006323170560,HTTP Data Sent,KB,p10,438.26
99,1780554005323170560,1780554006323170560,HTTP Data Sent,KB,p25,438.26
99,1780554005323170560,1780554006323170560,HTTP Data Sent,KB,p50,438.26
99,1780554005323170560,1780554006323170560,HTTP Data Sent,KB,p75,438.26
99,1780554005323170560,1780554006323170560,HTTP Data Sent,KB,p90,438.26
99,1780554005323170560,1780554006323170560,HTTP Data Sent,KB,p95,438.26
99,1780554005323170560,1780554006323170560,HTTP Data Sent,KB,p99,438.26
99,1780554005323170560,1780554006323170560,HTTP Data Sent,KB,std,0.00
99,1780554005323170560,1780554006323170560,HTTP DNS Lookup,ms,avg,0.55
99,1780554005323170560,1780554006323170560,HTTP DNS Lookup,ms,min,0.55
99,1780554005323170560,1780554006323170560,HTTP DNS Lookup,ms,max,0.55
99,1780554005323170560,1780554006323170560,HTTP DNS Lookup,ms,sum,0.55
99,1780554005323170560,1780554006323170560,HTTP DNS Lookup,ms,p1,0.55
99,1780554005323170560,1780554006323170560,HTTP DNS Lookup,ms,p5,0.55
99,1780554005323170560,1780554006323170560,HTTP DNS Lookup,ms,p10,0.55
99,1780554005323170560,1780554006323170560,HTTP DNS Lookup,ms,p25,0.55
99,1780554005323170560,1780554006323170560,HTTP DNS Lookup,ms,p50,0.55
99,1780554005323170560,1780554006323170560,HTTP DNS Lookup,ms,p75,0.55
99,1780554005323170560,1780554006323170560,HTTP DNS Lookup,ms,p90,0.55
99,1780554005323170560,1780554006323170560,HTTP DNS Lookup,ms,p95,0.55
99,1780554005323170560,1780554006323170560,HTTP DNS Lookup,ms,p99,0.55
99,1780554005323170560,1780554006323170560,HTTP DNS Lookup,ms,std,0.00
99,1780554005323170560,1780554006323170560,HTTP Duration (excl. conn),ms,avg,150316.84
99,1780554005323170560,1780554006323170560,HTTP Duration (excl. conn),ms,min,150316.84
99,1780554005323170560,1780554006323170560,HTTP Duration (excl. conn),ms,max,150316.84
99,1780554005323170560,1780554006323170560,HTTP Duration (excl. conn),ms,sum,150316.84
99,1780554005323170560,1780554006323170560,HTTP Duration (excl. conn),ms,p1,150316.84
99,1780554005323170560,1780554006323170560,HTTP Duration (excl. conn),ms,p5,150316.84
99,1780554005323170560,1780554006323170560,HTTP Duration (excl. conn),ms,p10,150316.84
99,1780554005323170560,1780554006323170560,HTTP Duration (excl. conn),ms,p25,150316.84
99,1780554005323170560,1780554006323170560,HTTP Duration (excl. conn),ms,p50,150316.84
99,1780554005323170560,1780554006323170560,HTTP Duration (excl. conn),ms,p75,150316.84
99,1780554005323170560,1780554006323170560,HTTP Duration (excl. conn),ms,p90,150316.84
99,1780554005323170560,1780554006323170560,HTTP Duration (excl. conn),ms,p95,150316.84
99,1780554005323170560,1780554006323170560,HTTP Duration (excl. conn),ms,p99,150316.84
99,1780554005323170560,1780554006323170560,HTTP Duration (excl. conn),ms,std,0.00
99,1780554005323170560,1780554006323170560,HTTP Receiving,ms,avg,113612.37
99,1780554005323170560,1780554006323170560,HTTP Receiving,ms,min,113612.37
99,1780554005323170560,1780554006323170560,HTTP Receiving,ms,max,113612.37
99,1780554005323170560,1780554006323170560,HTTP Receiving,ms,sum,113612.37
99,1780554005323170560,1780554006323170560,HTTP Receiving,ms,p1,113612.37
99,1780554005323170560,1780554006323170560,HTTP Receiving,ms,p5,113612.37
99,1780554005323170560,1780554006323170560,HTTP Receiving,ms,p10,113612.37
99,1780554005323170560,1780554006323170560,HTTP Receiving,ms,p25,113612.37
99,1780554005323170560,1780554006323170560,HTTP Receiving,ms,p50,113612.37
99,1780554005323170560,1780554006323170560,HTTP Receiving,ms,p75,113612.37
99,1780554005323170560,1780554006323170560,HTTP Receiving,ms,p90,113612.37
99,1780554005323170560,1780554006323170560,HTTP Receiving,ms,p95,113612.37
99,1780554005323170560,1780554006323170560,HTTP Receiving,ms,p99,113612.37
99,1780554005323170560,1780554006323170560,HTTP Receiving,ms,std,0.00
99,1780554005323170560,1780554006323170560,HTTP Sending,ms,avg,1.51
99,1780554005323170560,1780554006323170560,HTTP Sending,ms,min,1.51
99,1780554005323170560,1780554006323170560,HTTP Sending,ms,max,1.51
99,1780554005323170560,1780554006323170560,HTTP Sending,ms,sum,1.51
99,1780554005323170560,1780554006323170560,HTTP Sending,ms,p1,1.51
99,1780554005323170560,1780554006323170560,HTTP Sending,ms,p5,1.51
99,1780554005323170560,1780554006323170560,HTTP Sending,ms,p10,1.51
99,1780554005323170560,1780554006323170560,HTTP Sending,ms,p25,1.51
99,1780554005323170560,1780554006323170560,HTTP Sending,ms,p50,1.51
99,1780554005323170560,1780554006323170560,HTTP Sending,ms,p75,1.51
99,1780554005323170560,1780554006323170560,HTTP Sending,ms,p90,1.51
99,1780554005323170560,1780554006323170560,HTTP Sending,ms,p95,1.51
99,1780554005323170560,1780554006323170560,HTTP Sending,ms,p99,1.51
99,1780554005323170560,1780554006323170560,HTTP Sending,ms,std,0.00
99,1780554005323170560,1780554006323170560,HTTP Total Time,ms,avg,150318.61
99,1780554005323170560,1780554006323170560,HTTP Total Time,ms,min,150318.61
99,1780554005323170560,1780554006323170560,HTTP Total Time,ms,max,150318.61
99,1780554005323170560,1780554006323170560,HTTP Total Time,ms,sum,150318.61
99,1780554005323170560,1780554006323170560,HTTP Total Time,ms,p1,150318.61
99,1780554005323170560,1780554006323170560,HTTP Total Time,ms,p5,150318.61
99,1780554005323170560,1780554006323170560,HTTP Total Time,ms,p10,150318.61
99,1780554005323170560,1780554006323170560,HTTP Total Time,ms,p25,150318.61
99,1780554005323170560,1780554006323170560,HTTP Total Time,ms,p50,150318.61
99,1780554005323170560,1780554006323170560,HTTP Total Time,ms,p75,150318.61
99,1780554005323170560,1780554006323170560,HTTP Total Time,ms,p90,150318.61
99,1780554005323170560,1780554006323170560,HTTP Total Time,ms,p95,150318.61
99,1780554005323170560,1780554006323170560,HTTP Total Time,ms,p99,150318.61
99,1780554005323170560,1780554006323170560,HTTP Total Time,ms,std,0.00
99,1780554005323170560,1780554006323170560,HTTP Waiting (TTFB),ms,avg,36702.96
99,1780554005323170560,1780554006323170560,HTTP Waiting (TTFB),ms,min,36702.96
99,1780554005323170560,1780554006323170560,HTTP Waiting (TTFB),ms,max,36702.96
99,1780554005323170560,1780554006323170560,HTTP Waiting (TTFB),ms,sum,36702.96
99,1780554005323170560,1780554006323170560,HTTP Waiting (TTFB),ms,p1,36702.96
99,1780554005323170560,1780554006323170560,HTTP Waiting (TTFB),ms,p5,36702.96
99,1780554005323170560,1780554006323170560,HTTP Waiting (TTFB),ms,p10,36702.96
99,1780554005323170560,1780554006323170560,HTTP Waiting (TTFB),ms,p25,36702.96
99,1780554005323170560,1780554006323170560,HTTP Waiting (TTFB),ms,p50,36702.96
99,1780554005323170560,1780554006323170560,HTTP Waiting (TTFB),ms,p75,36702.96
99,1780554005323170560,1780554006323170560,HTTP Waiting (TTFB),ms,p90,36702.96
99,1780554005323170560,1780554006323170560,HTTP Waiting (TTFB),ms,p95,36702.96
99,1780554005323170560,1780554006323170560,HTTP Waiting (TTFB),ms,p99,36702.96
99,1780554005323170560,1780554006323170560,HTTP Waiting (TTFB),ms,std,0.00
99,1780554005323170560,1780554006323170560,Input Sequence Length,tokens,avg,112452.00
99,1780554005323170560,1780554006323170560,Input Sequence Length,tokens,min,112452.00
99,1780554005323170560,1780554006323170560,Input Sequence Length,tokens,max,112452.00
99,1780554005323170560,1780554006323170560,Input Sequence Length,tokens,sum,112452.00
99,1780554005323170560,1780554006323170560,Input Sequence Length,tokens,p1,112452.00
99,1780554005323170560,1780554006323170560,Input Sequence Length,tokens,p5,112452.00
99,1780554005323170560,1780554006323170560,Input Sequence Length,tokens,p10,112452.00
99,1780554005323170560,1780554006323170560,Input Sequence Length,tokens,p25,112452.00
99,1780554005323170560,1780554006323170560,Input Sequence Length,tokens,p50,112452.00
99,1780554005323170560,1780554006323170560,Input Sequence Length,tokens,p75,112452.00
99,1780554005323170560,1780554006323170560,Input Sequence Length,tokens,p90,112452.00
99,1780554005323170560,1780554006323170560,Input Sequence Length,tokens,p95,112452.00
99,1780554005323170560,1780554006323170560,Input Sequence Length,tokens,p99,112452.00
99,1780554005323170560,1780554006323170560,Input Sequence Length,tokens,std,0.00
99,1780554005323170560,1780554006323170560,Input Token Throughput,tokens/sec,avg,112452.00
99,1780554005323170560,1780554006323170560,Inter Chunk Latency,ms,avg,67.66
99,1780554005323170560,1780554006323170560,Inter Chunk Latency,ms,min,67.65
99,1780554005323170560,1780554006323170560,Inter Chunk Latency,ms,max,67.68
99,1780554005323170560,1780554006323170560,Inter Chunk Latency,ms,sum,58122.52
99,1780554005323170560,1780554006323170560,Inter Chunk Latency,ms,p1,67.65
99,1780554005323170560,1780554006323170560,Inter Chunk Latency,ms,p5,67.65
99,1780554005323170560,1780554006323170560,Inter Chunk Latency,ms,p10,67.65
99,1780554005323170560,1780554006323170560,Inter Chunk Latency,ms,p25,67.65
99,1780554005323170560,1780554006323170560,Inter Chunk Latency,ms,p50,67.66
99,1780554005323170560,1780554006323170560,Inter Chunk Latency,ms,p75,67.67
99,1780554005323170560,1780554006323170560,Inter Chunk Latency,ms,p90,67.68
99,1780554005323170560,1780554006323170560,Inter Chunk Latency,ms,p95,67.68
99,1780554005323170560,1780554006323170560,Inter Chunk Latency,ms,p99,67.68
99,1780554005323170560,1780554006323170560,Inter Chunk Latency,ms,std,0.01
99,1780554005323170560,1780554006323170560,Inter Token Latency,ms,avg,111.86
99,1780554005323170560,1780554006323170560,Inter Token Latency,ms,min,111.86
99,1780554005323170560,1780554006323170560,Inter Token Latency,ms,max,111.86
99,1780554005323170560,1780554006323170560,Inter Token Latency,ms,sum,111.86
99,1780554005323170560,1780554006323170560,Inter Token Latency,ms,p1,111.86
99,1780554005323170560,1780554006323170560,Inter Token Latency,ms,p5,111.86
99,1780554005323170560,1780554006323170560,Inter Token Latency,ms,p10,111.86
99,1780554005323170560,1780554006323170560,Inter Token Latency,ms,p25,111.86
99,1780554005323170560,1780554006323170560,Inter Token Latency,ms,p50,111.86
99,1780554005323170560,1780554006323170560,Inter Token Latency,ms,p75,111.86
99,1780554005323170560,1780554006323170560,Inter Token Latency,ms,p90,111.86
99,1780554005323170560,1780554006323170560,Inter Token Latency,ms,p95,111.86
99,1780554005323170560,1780554006323170560,Inter Token Latency,ms,p99,111.86
99,1780554005323170560,1780554006323170560,Inter Token Latency,ms,std,0.00
99,1780554005323170560,1780554006323170560,Maximum Response Timestamp,ns,avg,1780554155749114624.00
99,1780554005323170560,1780554006323170560,Minimum Request Timestamp,ns,avg,1780554005503965440.00
99,1780554005323170560,1780554006323170560,OSL Mismatch Count,requests,avg,0.00
99,1780554005323170560,1780554006323170560,OSL Mismatch Diff %,%,avg,0.00
99,1780554005323170560,1780554006323170560,OSL Mismatch Diff %,%,min,0.00
99,1780554005323170560,1780554006323170560,OSL Mismatch Diff %,%,max,0.00
99,1780554005323170560,1780554006323170560,OSL Mismatch Diff %,%,sum,0.00
99,1780554005323170560,1780554006323170560,OSL Mismatch Diff %,%,p1,0.00
99,1780554005323170560,1780554006323170560,OSL Mismatch Diff %,%,p5,0.00
99,1780554005323170560,1780554006323170560,OSL Mismatch Diff %,%,p10,0.00
99,1780554005323170560,1780554006323170560,OSL Mismatch Diff %,%,p25,0.00
99,1780554005323170560,1780554006323170560,OSL Mismatch Diff %,%,p50,0.00
99,1780554005323170560,1780554006323170560,OSL Mismatch Diff %,%,p75,0.00
99,1780554005323170560,1780554006323170560,OSL Mismatch Diff %,%,p90,0.00
99,1780554005323170560,1780554006323170560,OSL Mismatch Diff %,%,p95,0.00
99,1780554005323170560,1780554006323170560,OSL Mismatch Diff %,%,p99,0.00
99,1780554005323170560,1780554006323170560,OSL Mismatch Diff %,%,std,0.00
99,1780554005323170560,1780554006323170560,Output Sequence Length,tokens,avg,1016.00
99,1780554005323170560,1780554006323170560,Output Sequence Length,tokens,min,1016.00
99,1780554005323170560,1780554006323170560,Output Sequence Length,tokens,max,1016.00
99,1780554005323170560,1780554006323170560,Output Sequence Length,tokens,sum,1016.00
99,1780554005323170560,1780554006323170560,Output Sequence Length,tokens,p1,1016.00
99,1780554005323170560,1780554006323170560,Output Sequence Length,tokens,p5,1016.00
99,1780554005323170560,1780554006323170560,Output Sequence Length,tokens,p10,1016.00
99,1780554005323170560,1780554006323170560,Output Sequence Length,tokens,p25,1016.00
99,1780554005323170560,1780554006323170560,Output Sequence Length,tokens,p50,1016.00
99,1780554005323170560,1780554006323170560,Output Sequence Length,tokens,p75,1016.00
99,1780554005323170560,1780554006323170560,Output Sequence Length,tokens,p90,1016.00
99,1780554005323170560,1780554006323170560,Output Sequence Length,tokens,p95,1016.00
99,1780554005323170560,1780554006323170560,Output Sequence Length,tokens,p99,1016.00
99,1780554005323170560,1780554006323170560,Output Sequence Length,tokens,std,0.00
99,1780554005323170560,1780554006323170560,Output Token Count,tokens,avg,1016.00
99,1780554005323170560,1780554006323170560,Output Token Count,tokens,min,1016.00
99,1780554005323170560,1780554006323170560,Output Token Count,tokens,max,1016.00
99,1780554005323170560,1780554006323170560,Output Token Count,tokens,sum,1016.00
99,1780554005323170560,1780554006323170560,Output Token Count,tokens,p1,1016.00
99,1780554005323170560,1780554006323170560,Output Token Count,tokens,p5,1016.00
99,1780554005323170560,1780554006323170560,Output Token Count,tokens,p10,1016.00
99,1780554005323170560,1780554006323170560,Output Token Count,tokens,p25,1016.00
99,1780554005323170560,1780554006323170560,Output Token Count,tokens,p50,1016.00
99,1780554005323170560,1780554006323170560,Output Token Count,tokens,p75,1016.00
99,1780554005323170560,1780554006323170560,Output Token Count,tokens,p90,1016.00
99,1780554005323170560,1780554006323170560,Output Token Count,tokens,p95,1016.00
99,1780554005323170560,1780554006323170560,Output Token Count,tokens,p99,1016.00
99,1780554005323170560,1780554006323170560,Output Token Count,tokens,std,0.00
99,1780554005323170560,1780554006323170560,Output Token Throughput,tokens/sec,avg,1016.00
99,1780554005323170560,1780554006323170560,Output Token Throughput Per User,tokens/sec/user,avg,8.94
99,1780554005323170560,1780554006323170560,Output Token Throughput Per User,tokens/sec/user,min,8.94
99,1780554005323170560,1780554006323170560,Output Token Throughput Per User,tokens/sec/user,max,8.94
99,1780554005323170560,1780554006323170560,Output Token Throughput Per User,tokens/sec/user,sum,8.94
99,1780554005323170560,1780554006323170560,Output Token Throughput Per User,tokens/sec/user,p1,8.94
99,1780554005323170560,1780554006323170560,Output Token Throughput Per User,tokens/sec/user,p5,8.94
99,1780554005323170560,1780554006323170560,Output Token Throughput Per User,tokens/sec/user,p10,8.94
99,1780554005323170560,1780554006323170560,Output Token Throughput Per User,tokens/sec/user,p25,8.94
99,1780554005323170560,1780554006323170560,Output Token Throughput Per User,tokens/sec/user,p50,8.94
99,1780554005323170560,1780554006323170560,Output Token Throughput Per User,tokens/sec/user,p75,8.94
99,1780554005323170560,1780554006323170560,Output Token Throughput Per User,tokens/sec/user,p90,8.94
99,1780554005323170560,1780554006323170560,Output Token Throughput Per User,tokens/sec/user,p95,8.94
99,1780554005323170560,1780554006323170560,Output Token Throughput Per User,tokens/sec/user,p99,8.94
99,1780554005323170560,1780554006323170560,Output Token Throughput Per User,tokens/sec/user,std,0.00
99,1780554005323170560,1780554006323170560,Prefill Throughput Per User,tokens/sec/user,avg,3063.70
99,1780554005323170560,1780554006323170560,Prefill Throughput Per User,tokens/sec/user,min,3063.70
99,1780554005323170560,1780554006323170560,Prefill Throughput Per User,tokens/sec/user,max,3063.70
99,1780554005323170560,1780554006323170560,Prefill Throughput Per User,tokens/sec/user,sum,3063.70
99,1780554005323170560,1780554006323170560,Prefill Throughput Per User,tokens/sec/user,p1,3063.70
99,1780554005323170560,1780554006323170560,Prefill Throughput Per User,tokens/sec/user,p5,3063.70
99,1780554005323170560,1780554006323170560,Prefill Throughput Per User,tokens/sec/user,p10,3063.70
99,1780554005323170560,1780554006323170560,Prefill Throughput Per User,tokens/sec/user,p25,3063.70
99,1780554005323170560,1780554006323170560,Prefill Throughput Per User,tokens/sec/user,p50,3063.70
99,1780554005323170560,1780554006323170560,Prefill Throughput Per User,tokens/sec/user,p75,3063.70
99,1780554005323170560,1780554006323170560,Prefill Throughput Per User,tokens/sec/user,p90,3063.70
99,1780554005323170560,1780554006323170560,Prefill Throughput Per User,tokens/sec/user,p95,3063.70
99,1780554005323170560,1780554006323170560,Prefill Throughput Per User,tokens/sec/user,p99,3063.70
99,1780554005323170560,1780554006323170560,Prefill Throughput Per User,tokens/sec/user,std,0.00
99,1780554005323170560,1780554006323170560,Request Count,requests,avg,1.00
99,1780554005323170560,1780554006323170560,Request Latency,ms,avg,150245.15
99,1780554005323170560,1780554006323170560,Request Latency,ms,min,150245.15
99,1780554005323170560,1780554006323170560,Request Latency,ms,max,150245.15
99,1780554005323170560,1780554006323170560,Request Latency,ms,sum,150245.15
99,1780554005323170560,1780554006323170560,Request Latency,ms,p1,150245.15
99,1780554005323170560,1780554006323170560,Request Latency,ms,p5,150245.15
99,1780554005323170560,1780554006323170560,Request Latency,ms,p10,150245.15
99,1780554005323170560,1780554006323170560,Request Latency,ms,p25,150245.15
99,1780554005323170560,1780554006323170560,Request Latency,ms,p50,150245.15
99,1780554005323170560,1780554006323170560,Request Latency,ms,p75,150245.15
99,1780554005323170560,1780554006323170560,Request Latency,ms,p90,150245.15
99,1780554005323170560,1780554006323170560,Request Latency,ms,p95,150245.15
99,1780554005323170560,1780554006323170560,Request Latency,ms,p99,150245.15
99,1780554005323170560,1780554006323170560,Request Latency,ms,std,0.00
99,1780554005323170560,1780554006323170560,Request Throughput,requests/sec,avg,1.00
99,1780554005323170560,1780554006323170560,Requested OSL,tokens,avg,1016.00
99,1780554005323170560,1780554006323170560,Requested OSL,tokens,min,1016.00
99,1780554005323170560,1780554006323170560,Requested OSL,tokens,max,1016.00
99,1780554005323170560,1780554006323170560,Requested OSL,tokens,sum,1016.00
99,1780554005323170560,1780554006323170560,Requested OSL,tokens,p1,1016.00
99,1780554005323170560,1780554006323170560,Requested OSL,tokens,p5,1016.00
99,1780554005323170560,1780554006323170560,Requested OSL,tokens,p10,1016.00
99,1780554005323170560,1780554006323170560,Requested OSL,tokens,p25,1016.00
99,1780554005323170560,1780554006323170560,Requested OSL,tokens,p50,1016.00
99,1780554005323170560,1780554006323170560,Requested OSL,tokens,p75,1016.00
99,1780554005323170560,1780554006323170560,Requested OSL,tokens,p90,1016.00
99,1780554005323170560,1780554006323170560,Requested OSL,tokens,p95,1016.00
99,1780554005323170560,1780554006323170560,Requested OSL,tokens,p99,1016.00
99,1780554005323170560,1780554006323170560,Requested OSL,tokens,std,0.00
99,1780554005323170560,1780554006323170560,Time to First Output Token,ms,avg,36704.61
99,1780554005323170560,1780554006323170560,Time to First Output Token,ms,min,36704.61
99,1780554005323170560,1780554006323170560,Time to First Output Token,ms,max,36704.61
99,1780554005323170560,1780554006323170560,Time to First Output Token,ms,sum,36704.61
99,1780554005323170560,1780554006323170560,Time to First Output Token,ms,p1,36704.61
99,1780554005323170560,1780554006323170560,Time to First Output Token,ms,p5,36704.61
99,1780554005323170560,1780554006323170560,Time to First Output Token,ms,p10,36704.61
99,1780554005323170560,1780554006323170560,Time to First Output Token,ms,p25,36704.61
99,1780554005323170560,1780554006323170560,Time to First Output Token,ms,p50,36704.61
99,1780554005323170560,1780554006323170560,Time to First Output Token,ms,p75,36704.61
99,1780554005323170560,1780554006323170560,Time to First Output Token,ms,p90,36704.61
99,1780554005323170560,1780554006323170560,Time to First Output Token,ms,p95,36704.61
99,1780554005323170560,1780554006323170560,Time to First Output Token,ms,p99,36704.61
99,1780554005323170560,1780554006323170560,Time to First Output Token,ms,std,0.00
99,1780554005323170560,1780554006323170560,Time to First Token,ms,avg,36704.61
99,1780554005323170560,1780554006323170560,Time to First Token,ms,min,36704.61
99,1780554005323170560,1780554006323170560,Time to First Token,ms,max,36704.61
99,1780554005323170560,1780554006323170560,Time to First Token,ms,sum,36704.61
99,1780554005323170560,1780554006323170560,Time to First Token,ms,p1,36704.61
99,1780554005323170560,1780554006323170560,Time to First Token,ms,p5,36704.61
99,1780554005323170560,1780554006323170560,Time to First Token,ms,p10,36704.61
99,1780554005323170560,1780554006323170560,Time to First Token,ms,p25,36704.61
99,1780554005323170560,1780554006323170560,Time to First Token,ms,p50,36704.61
99,1780554005323170560,1780554006323170560,Time to First Token,ms,p75,36704.61
99,1780554005323170560,1780554006323170560,Time to First Token,ms,p90,36704.61
99,1780554005323170560,1780554006323170560,Time to First Token,ms,p95,36704.61
99,1780554005323170560,1780554006323170560,Time to First Token,ms,p99,36704.61
99,1780554005323170560,1780554006323170560,Time to First Token,ms,std,0.00
99,1780554005323170560,1780554006323170560,Time to Second Token,ms,avg,0.81
99,1780554005323170560,1780554006323170560,Time to Second Token,ms,min,0.81
99,1780554005323170560,1780554006323170560,Time to Second Token,ms,max,0.81
99,1780554005323170560,1780554006323170560,Time to Second Token,ms,sum,0.81
99,1780554005323170560,1780554006323170560,Time to Second Token,ms,p1,0.81
99,1780554005323170560,1780554006323170560,Time to Second Token,ms,p5,0.81
99,1780554005323170560,1780554006323170560,Time to Second Token,ms,p10,0.81
99,1780554005323170560,1780554006323170560,Time to Second Token,ms,p25,0.81
99,1780554005323170560,1780554006323170560,Time to Second Token,ms,p50,0.81
99,1780554005323170560,1780554006323170560,Time to Second Token,ms,p75,0.81
99,1780554005323170560,1780554006323170560,Time to Second Token,ms,p90,0.81
99,1780554005323170560,1780554006323170560,Time to Second Token,ms,p95,0.81
99,1780554005323170560,1780554006323170560,Time to Second Token,ms,p99,0.81
99,1780554005323170560,1780554006323170560,Time to Second Token,ms,std,0.00
99,1780554005323170560,1780554006323170560,Tokens In Flight,tokens,avg,1486445.97
99,1780554005323170560,1780554006323170560,Tokens In Flight,tokens,min,1394250.12
99,1780554005323170560,1780554006323170560,Tokens In Flight,tokens,max,1506850.38
99,1780554005323170560,1780554006323170560,Tokens In Flight,tokens,p50,1506777.17
99,1780554005323170560,1780554006323170560,Tokens In Flight,tokens,p90,1506835.48
99,1780554005323170560,1780554006323170560,Tokens In Flight,tokens,p95,1506840.50
99,1780554005323170560,1780554006323170560,Tokens In Flight,tokens,p99,1506848.36
99,1780554005323170560,1780554006323170560,Tokens In Flight,tokens,std,43304.95
99,1780554005323170560,1780554006323170560,Total Input Sequence Length,tokens,avg,112452.00
99,1780554005323170560,1780554006323170560,Total Output Sequence Length,tokens,avg,1016.00
99,1780554005323170560,1780554006323170560,Total Output Tokens,tokens,avg,1016.00
99,1780554005323170560,1780554006323170560,Total Token Throughput,tokens/sec,avg,113468.00
99,1780554005323170560,1780554006323170560,Total Usage Completion Tokens,tokens,avg,1016.00
99,1780554005323170560,1780554006323170560,Total Usage Prompt Tokens,tokens,avg,112452.00
99,1780554005323170560,1780554006323170560,Total Usage Total Tokens,tokens,avg,113468.00
99,1780554005323170560,1780554006323170560,Usage Completion Tokens,tokens,avg,1016.00
99,1780554005323170560,1780554006323170560,Usage Completion Tokens,tokens,min,1016.00
99,1780554005323170560,1780554006323170560,Usage Completion Tokens,tokens,max,1016.00
99,1780554005323170560,1780554006323170560,Usage Completion Tokens,tokens,sum,1016.00
99,1780554005323170560,1780554006323170560,Usage Completion Tokens,tokens,p1,1016.00
99,1780554005323170560,1780554006323170560,Usage Completion Tokens,tokens,p5,1016.00
99,1780554005323170560,1780554006323170560,Usage Completion Tokens,tokens,p10,1016.00
99,1780554005323170560,1780554006323170560,Usage Completion Tokens,tokens,p25,1016.00
99,1780554005323170560,1780554006323170560,Usage Completion Tokens,tokens,p50,1016.00
99,1780554005323170560,1780554006323170560,Usage Completion Tokens,tokens,p75,1016.00
99,1780554005323170560,1780554006323170560,Usage Completion Tokens,tokens,p90,1016.00
99,1780554005323170560,1780554006323170560,Usage Completion Tokens,tokens,p95,1016.00
99,1780554005323170560,1780554006323170560,Usage Completion Tokens,tokens,p99,1016.00
99,1780554005323170560,1780554006323170560,Usage Completion Tokens,tokens,std,0.00
99,1780554005323170560,1780554006323170560,Usage Prompt Tokens,tokens,avg,112452.00
99,1780554005323170560,1780554006323170560,Usage Prompt Tokens,tokens,min,112452.00
99,1780554005323170560,1780554006323170560,Usage Prompt Tokens,tokens,max,112452.00
99,1780554005323170560,1780554006323170560,Usage Prompt Tokens,tokens,sum,112452.00
99,1780554005323170560,1780554006323170560,Usage Prompt Tokens,tokens,p1,112452.00
99,1780554005323170560,1780554006323170560,Usage Prompt Tokens,tokens,p5,112452.00
99,1780554005323170560,1780554006323170560,Usage Prompt Tokens,tokens,p10,112452.00
99,1780554005323170560,1780554006323170560,Usage Prompt Tokens,tokens,p25,112452.00
99,1780554005323170560,1780554006323170560,Usage Prompt Tokens,tokens,p50,112452.00
99,1780554005323170560,1780554006323170560,Usage Prompt Tokens,tokens,p75,112452.00
99,1780554005323170560,1780554006323170560,Usage Prompt Tokens,tokens,p90,112452.00
99,1780554005323170560,1780554006323170560,Usage Prompt Tokens,tokens,p95,112452.00
99,1780554005323170560,1780554006323170560,Usage Prompt Tokens,tokens,p99,112452.00
99,1780554005323170560,1780554006323170560,Usage Prompt Tokens,tokens,std,0.00
99,1780554005323170560,1780554006323170560,Usage Total Tokens,tokens,avg,113468.00
99,1780554005323170560,1780554006323170560,Usage Total Tokens,tokens,min,113468.00
99,1780554005323170560,1780554006323170560,Usage Total Tokens,tokens,max,113468.00
99,1780554005323170560,1780554006323170560,Usage Total Tokens,tokens,sum,113468.00
99,1780554005323170560,1780554006323170560,Usage Total Tokens,tokens,p1,113468.00
99,1780554005323170560,1780554006323170560,Usage Total Tokens,tokens,p5,113468.00
99,1780554005323170560,1780554006323170560,Usage Total Tokens,tokens,p10,113468.00
99,1780554005323170560,1780554006323170560,Usage Total Tokens,tokens,p25,113468.00
99,1780554005323170560,1780554006323170560,Usage Total Tokens,tokens,p50,113468.00
99,1780554005323170560,1780554006323170560,Usage Total Tokens,tokens,p75,113468.00
99,1780554005323170560,1780554006323170560,Usage Total Tokens,tokens,p90,113468.00
99,1780554005323170560,1780554006323170560,Usage Total Tokens,tokens,p95,113468.00
99,1780554005323170560,1780554006323170560,Usage Total Tokens,tokens,p99,113468.00
99,1780554005323170560,1780554006323170560,Usage Total Tokens,tokens,std,0.00
100,1780554007323170560,1780554008323170560,Active Decode Throughput,tokens/sec,avg,145.64
100,1780554007323170560,1780554008323170560,Active Decode Throughput,tokens/sec,min,119.36
100,1780554007323170560,1780554008323170560,Active Decode Throughput,tokens/sec,max,171.92
100,1780554007323170560,1780554008323170560,Active Decode Throughput,tokens/sec,p50,145.64
100,1780554007323170560,1780554008323170560,Active Decode Throughput,tokens/sec,p90,145.64
100,1780554007323170560,1780554008323170560,Active Decode Throughput,tokens/sec,p95,145.64
100,1780554007323170560,1780554008323170560,Active Decode Throughput,tokens/sec,p99,145.64
100,1780554007323170560,1780554008323170560,Active Decode Throughput,tokens/sec,std,0.05
100,1780554007323170560,1780554008323170560,Active Decode Throughput Per User,tokens/sec/user,avg,11.20
100,1780554007323170560,1780554008323170560,Active Decode Throughput Per User,tokens/sec/user,min,9.18
100,1780554007323170560,1780554008323170560,Active Decode Throughput Per User,tokens/sec/user,max,13.22
100,1780554007323170560,1780554008323170560,Active Decode Throughput Per User,tokens/sec/user,p50,11.20
100,1780554007323170560,1780554008323170560,Active Decode Throughput Per User,tokens/sec/user,p90,11.20
100,1780554007323170560,1780554008323170560,Active Decode Throughput Per User,tokens/sec/user,p95,11.20
100,1780554007323170560,1780554008323170560,Active Decode Throughput Per User,tokens/sec/user,p99,11.20
100,1780554007323170560,1780554008323170560,Active Decode Throughput Per User,tokens/sec/user,std,0.00
100,1780554007323170560,1780554008323170560,Active Prefill Throughput,tokens/sec,avg,6144.46
100,1780554007323170560,1780554008323170560,Active Prefill Throughput,tokens/sec,min,5794.47
100,1780554007323170560,1780554008323170560,Active Prefill Throughput,tokens/sec,max,7106.05
100,1780554007323170560,1780554008323170560,Active Prefill Throughput,tokens/sec,p50,5794.47
100,1780554007323170560,1780554008323170560,Active Prefill Throughput,tokens/sec,p90,7106.05
100,1780554007323170560,1780554008323170560,Active Prefill Throughput,tokens/sec,p95,7106.05
100,1780554007323170560,1780554008323170560,Active Prefill Throughput,tokens/sec,p99,7106.05
100,1780554007323170560,1780554008323170560,Active Prefill Throughput,tokens/sec,std,580.12
100,1780554007323170560,1780554008323170560,Active Prefill Throughput Per User,tokens/sec/user,avg,2756.19
100,1780554007323170560,1780554008323170560,Active Prefill Throughput Per User,tokens/sec/user,min,2368.68
100,1780554007323170560,1780554008323170560,Active Prefill Throughput Per User,tokens/sec/user,max,2897.24
100,1780554007323170560,1780554008323170560,Active Prefill Throughput Per User,tokens/sec/user,p50,2897.24
100,1780554007323170560,1780554008323170560,Active Prefill Throughput Per User,tokens/sec/user,p90,2897.24
100,1780554007323170560,1780554008323170560,Active Prefill Throughput Per User,tokens/sec/user,p95,2897.24
100,1780554007323170560,1780554008323170560,Active Prefill Throughput Per User,tokens/sec/user,p99,2897.24
100,1780554007323170560,1780554008323170560,Active Prefill Throughput Per User,tokens/sec/user,std,233.78
100,1780554007323170560,1780554008323170560,Active Total Throughput,tokens/sec,avg,6245.41
100,1780554007323170560,1780554008323170560,Active Total Throughput,tokens/sec,min,5895.42
100,1780554007323170560,1780554008323170560,Active Total Throughput,tokens/sec,max,7206.99
100,1780554007323170560,1780554008323170560,Active Total Throughput,tokens/sec,p50,5895.42
100,1780554007323170560,1780554008323170560,Active Total Throughput,tokens/sec,p90,7206.99
100,1780554007323170560,1780554008323170560,Active Total Throughput,tokens/sec,p95,7206.99
100,1780554007323170560,1780554008323170560,Active Total Throughput,tokens/sec,p99,7206.99
100,1780554007323170560,1780554008323170560,Active Total Throughput,tokens/sec,std,580.12
100,1780554007323170560,1780554008323170560,Benchmark Duration,sec,avg,475.32
100,1780554007323170560,1780554008323170560,E2E Output Token Throughput,tokens/sec/user,avg,6.97
100,1780554007323170560,1780554008323170560,E2E Output Token Throughput,tokens/sec/user,min,6.97
100,1780554007323170560,1780554008323170560,E2E Output Token Throughput,tokens/sec/user,max,6.97
100,1780554007323170560,1780554008323170560,E2E Output Token Throughput,tokens/sec/user,sum,6.97
100,1780554007323170560,1780554008323170560,E2E Output Token Throughput,tokens/sec/user,p1,6.97
100,1780554007323170560,1780554008323170560,E2E Output Token Throughput,tokens/sec/user,p5,6.97
100,1780554007323170560,1780554008323170560,E2E Output Token Throughput,tokens/sec/user,p10,6.97
100,1780554007323170560,1780554008323170560,E2E Output Token Throughput,tokens/sec/user,p25,6.97
100,1780554007323170560,1780554008323170560,E2E Output Token Throughput,tokens/sec/user,p50,6.97
100,1780554007323170560,1780554008323170560,E2E Output Token Throughput,tokens/sec/user,p75,6.97
100,1780554007323170560,1780554008323170560,E2E Output Token Throughput,tokens/sec/user,p90,6.97
100,1780554007323170560,1780554008323170560,E2E Output Token Throughput,tokens/sec/user,p95,6.97
100,1780554007323170560,1780554008323170560,E2E Output Token Throughput,tokens/sec/user,p99,6.97
100,1780554007323170560,1780554008323170560,E2E Output Token Throughput,tokens/sec/user,std,0.00
100,1780554007323170560,1780554008323170560,Effective Concurrency,requests,avg,15.27
100,1780554007323170560,1780554008323170560,Effective Concurrency,requests,min,15.00
100,1780554007323170560,1780554008323170560,Effective Concurrency,requests,max,16.00
100,1780554007323170560,1780554008323170560,Effective Concurrency,requests,p50,15.00
100,1780554007323170560,1780554008323170560,Effective Concurrency,requests,p90,16.00
100,1780554007323170560,1780554008323170560,Effective Concurrency,requests,p95,16.00
100,1780554007323170560,1780554008323170560,Effective Concurrency,requests,p99,16.00
100,1780554007323170560,1780554008323170560,Effective Concurrency,requests,std,0.44
100,1780554007323170560,1780554008323170560,Effective Decode Concurrency,requests,avg,13.00
100,1780554007323170560,1780554008323170560,Effective Decode Concurrency,requests,min,13.00
100,1780554007323170560,1780554008323170560,Effective Decode Concurrency,requests,max,13.00
100,1780554007323170560,1780554008323170560,Effective Decode Concurrency,requests,p50,13.00
100,1780554007323170560,1780554008323170560,Effective Decode Concurrency,requests,p90,13.00
100,1780554007323170560,1780554008323170560,Effective Decode Concurrency,requests,p95,13.00
100,1780554007323170560,1780554008323170560,Effective Decode Concurrency,requests,p99,13.00
100,1780554007323170560,1780554008323170560,Effective Decode Concurrency,requests,std,0.00
100,1780554007323170560,1780554008323170560,Effective Decode Throughput,tokens/sec,avg,145.64
100,1780554007323170560,1780554008323170560,Effective Decode Throughput,tokens/sec,min,119.36
100,1780554007323170560,1780554008323170560,Effective Decode Throughput,tokens/sec,max,171.92
100,1780554007323170560,1780554008323170560,Effective Decode Throughput,tokens/sec,p50,145.64
100,1780554007323170560,1780554008323170560,Effective Decode Throughput,tokens/sec,p90,145.64
100,1780554007323170560,1780554008323170560,Effective Decode Throughput,tokens/sec,p95,145.64
100,1780554007323170560,1780554008323170560,Effective Decode Throughput,tokens/sec,p99,145.64
100,1780554007323170560,1780554008323170560,Effective Decode Throughput,tokens/sec,std,0.05
100,1780554007323170560,1780554008323170560,Effective Decode Throughput Per User,tokens/sec/user,avg,11.20
100,1780554007323170560,1780554008323170560,Effective Decode Throughput Per User,tokens/sec/user,min,9.18
100,1780554007323170560,1780554008323170560,Effective Decode Throughput Per User,tokens/sec/user,max,13.22
100,1780554007323170560,1780554008323170560,Effective Decode Throughput Per User,tokens/sec/user,p50,11.20
100,1780554007323170560,1780554008323170560,Effective Decode Throughput Per User,tokens/sec/user,p90,11.20
100,1780554007323170560,1780554008323170560,Effective Decode Throughput Per User,tokens/sec/user,p95,11.20
100,1780554007323170560,1780554008323170560,Effective Decode Throughput Per User,tokens/sec/user,p99,11.20
100,1780554007323170560,1780554008323170560,Effective Decode Throughput Per User,tokens/sec/user,std,0.00
100,1780554007323170560,1780554008323170560,Effective Prefill Concurrency,requests,avg,2.27
100,1780554007323170560,1780554008323170560,Effective Prefill Concurrency,requests,min,2.00
100,1780554007323170560,1780554008323170560,Effective Prefill Concurrency,requests,max,3.00
100,1780554007323170560,1780554008323170560,Effective Prefill Concurrency,requests,p50,2.00
100,1780554007323170560,1780554008323170560,Effective Prefill Concurrency,requests,p90,3.00
100,1780554007323170560,1780554008323170560,Effective Prefill Concurrency,requests,p95,3.00
100,1780554007323170560,1780554008323170560,Effective Prefill Concurrency,requests,p99,3.00
100,1780554007323170560,1780554008323170560,Effective Prefill Concurrency,requests,std,0.44
100,1780554007323170560,1780554008323170560,Effective Prefill Throughput,tokens/sec,avg,6144.46
100,1780554007323170560,1780554008323170560,Effective Prefill Throughput,tokens/sec,min,5794.47
100,1780554007323170560,1780554008323170560,Effective Prefill Throughput,tokens/sec,max,7106.05
100,1780554007323170560,1780554008323170560,Effective Prefill Throughput,tokens/sec,p50,5794.47
100,1780554007323170560,1780554008323170560,Effective Prefill Throughput,tokens/sec,p90,7106.05
100,1780554007323170560,1780554008323170560,Effective Prefill Throughput,tokens/sec,p95,7106.05
100,1780554007323170560,1780554008323170560,Effective Prefill Throughput,tokens/sec,p99,7106.05
100,1780554007323170560,1780554008323170560,Effective Prefill Throughput,tokens/sec,std,580.12
100,1780554007323170560,1780554008323170560,Effective Prefill Throughput Per User,tokens/sec/user,avg,2756.19
100,1780554007323170560,1780554008323170560,Effective Prefill Throughput Per User,tokens/sec/user,min,2368.68
100,1780554007323170560,1780554008323170560,Effective Prefill Throughput Per User,tokens/sec/user,max,2897.24
100,1780554007323170560,1780554008323170560,Effective Prefill Throughput Per User,tokens/sec/user,p50,2897.24
100,1780554007323170560,1780554008323170560,Effective Prefill Throughput Per User,tokens/sec/user,p90,2897.24
100,1780554007323170560,1780554008323170560,Effective Prefill Throughput Per User,tokens/sec/user,p95,2897.24
100,1780554007323170560,1780554008323170560,Effective Prefill Throughput Per User,tokens/sec/user,p99,2897.24
100,1780554007323170560,1780554008323170560,Effective Prefill Throughput Per User,tokens/sec/user,std,233.78
100,1780554007323170560,1780554008323170560,Effective Total Throughput,tokens/sec,avg,6245.41
100,1780554007323170560,1780554008323170560,Effective Total Throughput,tokens/sec,min,5895.42
100,1780554007323170560,1780554008323170560,Effective Total Throughput,tokens/sec,max,7206.99
100,1780554007323170560,1780554008323170560,Effective Total Throughput,tokens/sec,p50,5895.42
100,1780554007323170560,1780554008323170560,Effective Total Throughput,tokens/sec,p90,7206.99
100,1780554007323170560,1780554008323170560,Effective Total Throughput,tokens/sec,p95,7206.99
100,1780554007323170560,1780554008323170560,Effective Total Throughput,tokens/sec,p99,7206.99
100,1780554007323170560,1780554008323170560,Effective Total Throughput,tokens/sec,std,580.12
100,1780554007323170560,1780554008323170560,HTTP Blocked,ms,avg,0.00
100,1780554007323170560,1780554008323170560,HTTP Blocked,ms,min,0.00
100,1780554007323170560,1780554008323170560,HTTP Blocked,ms,max,0.00
100,1780554007323170560,1780554008323170560,HTTP Blocked,ms,sum,0.00
100,1780554007323170560,1780554008323170560,HTTP Blocked,ms,p1,0.00
100,1780554007323170560,1780554008323170560,HTTP Blocked,ms,p5,0.00
100,1780554007323170560,1780554008323170560,HTTP Blocked,ms,p10,0.00
100,1780554007323170560,1780554008323170560,HTTP Blocked,ms,p25,0.00
100,1780554007323170560,1780554008323170560,HTTP Blocked,ms,p50,0.00
100,1780554007323170560,1780554008323170560,HTTP Blocked,ms,p75,0.00
100,1780554007323170560,1780554008323170560,HTTP Blocked,ms,p90,0.00
100,1780554007323170560,1780554008323170560,HTTP Blocked,ms,p95,0.00
100,1780554007323170560,1780554008323170560,HTTP Blocked,ms,p99,0.00
100,1780554007323170560,1780554008323170560,HTTP Blocked,ms,std,0.00
100,1780554007323170560,1780554008323170560,HTTP Chunks Received,count,avg,3311.00
100,1780554007323170560,1780554008323170560,HTTP Chunks Received,count,min,3311.00
100,1780554007323170560,1780554008323170560,HTTP Chunks Received,count,max,3311.00
100,1780554007323170560,1780554008323170560,HTTP Chunks Received,count,sum,3311.00
100,1780554007323170560,1780554008323170560,HTTP Chunks Received,count,p1,3311.00
100,1780554007323170560,1780554008323170560,HTTP Chunks Received,count,p5,3311.00
100,1780554007323170560,1780554008323170560,HTTP Chunks Received,count,p10,3311.00
100,1780554007323170560,1780554008323170560,HTTP Chunks Received,count,p25,3311.00
100,1780554007323170560,1780554008323170560,HTTP Chunks Received,count,p50,3311.00
100,1780554007323170560,1780554008323170560,HTTP Chunks Received,count,p75,3311.00
100,1780554007323170560,1780554008323170560,HTTP Chunks Received,count,p90,3311.00
100,1780554007323170560,1780554008323170560,HTTP Chunks Received,count,p95,3311.00
100,1780554007323170560,1780554008323170560,HTTP Chunks Received,count,p99,3311.00
100,1780554007323170560,1780554008323170560,HTTP Chunks Received,count,std,0.00
100,1780554007323170560,1780554008323170560,HTTP Chunks Sent,count,avg,1.00
100,1780554007323170560,1780554008323170560,HTTP Chunks Sent,count,min,1.00
100,1780554007323170560,1780554008323170560,HTTP Chunks Sent,count,max,1.00
100,1780554007323170560,1780554008323170560,HTTP Chunks Sent,count,sum,1.00
100,1780554007323170560,1780554008323170560,HTTP Chunks Sent,count,p1,1.00
100,1780554007323170560,1780554008323170560,HTTP Chunks Sent,count,p5,1.00
100,1780554007323170560,1780554008323170560,HTTP Chunks Sent,count,p10,1.00
100,1780554007323170560,1780554008323170560,HTTP Chunks Sent,count,p25,1.00
100,1780554007323170560,1780554008323170560,HTTP Chunks Sent,count,p50,1.00
100,1780554007323170560,1780554008323170560,HTTP Chunks Sent,count,p75,1.00
100,1780554007323170560,1780554008323170560,HTTP Chunks Sent,count,p90,1.00
100,1780554007323170560,1780554008323170560,HTTP Chunks Sent,count,p95,1.00
100,1780554007323170560,1780554008323170560,HTTP Chunks Sent,count,p99,1.00
100,1780554007323170560,1780554008323170560,HTTP Chunks Sent,count,std,0.00
100,1780554007323170560,1780554008323170560,HTTP Connecting,ms,avg,1.13
100,1780554007323170560,1780554008323170560,HTTP Connecting,ms,min,1.13
100,1780554007323170560,1780554008323170560,HTTP Connecting,ms,max,1.13
100,1780554007323170560,1780554008323170560,HTTP Connecting,ms,sum,1.13
100,1780554007323170560,1780554008323170560,HTTP Connecting,ms,p1,1.13
100,1780554007323170560,1780554008323170560,HTTP Connecting,ms,p5,1.13
100,1780554007323170560,1780554008323170560,HTTP Connecting,ms,p10,1.13
100,1780554007323170560,1780554008323170560,HTTP Connecting,ms,p25,1.13
100,1780554007323170560,1780554008323170560,HTTP Connecting,ms,p50,1.13
100,1780554007323170560,1780554008323170560,HTTP Connecting,ms,p75,1.13
100,1780554007323170560,1780554008323170560,HTTP Connecting,ms,p90,1.13
100,1780554007323170560,1780554008323170560,HTTP Connecting,ms,p95,1.13
100,1780554007323170560,1780554008323170560,HTTP Connecting,ms,p99,1.13
100,1780554007323170560,1780554008323170560,HTTP Connecting,ms,std,0.00
100,1780554007323170560,1780554008323170560,HTTP Connection Overhead,ms,avg,1.64
100,1780554007323170560,1780554008323170560,HTTP Connection Overhead,ms,min,1.64
100,1780554007323170560,1780554008323170560,HTTP Connection Overhead,ms,max,1.64
100,1780554007323170560,1780554008323170560,HTTP Connection Overhead,ms,sum,1.64
100,1780554007323170560,1780554008323170560,HTTP Connection Overhead,ms,p1,1.64
100,1780554007323170560,1780554008323170560,HTTP Connection Overhead,ms,p5,1.64
100,1780554007323170560,1780554008323170560,HTTP Connection Overhead,ms,p10,1.64
100,1780554007323170560,1780554008323170560,HTTP Connection Overhead,ms,p25,1.64
100,1780554007323170560,1780554008323170560,HTTP Connection Overhead,ms,p50,1.64
100,1780554007323170560,1780554008323170560,HTTP Connection Overhead,ms,p75,1.64
100,1780554007323170560,1780554008323170560,HTTP Connection Overhead,ms,p90,1.64
100,1780554007323170560,1780554008323170560,HTTP Connection Overhead,ms,p95,1.64
100,1780554007323170560,1780554008323170560,HTTP Connection Overhead,ms,p99,1.64
100,1780554007323170560,1780554008323170560,HTTP Connection Overhead,ms,std,0.00
100,1780554007323170560,1780554008323170560,HTTP Connection Reused,ratio,avg,0.00
100,1780554007323170560,1780554008323170560,HTTP Connection Reused,ratio,min,0.00
100,1780554007323170560,1780554008323170560,HTTP Connection Reused,ratio,max,0.00
100,1780554007323170560,1780554008323170560,HTTP Connection Reused,ratio,sum,0.00
100,1780554007323170560,1780554008323170560,HTTP Connection Reused,ratio,p1,0.00
100,1780554007323170560,1780554008323170560,HTTP Connection Reused,ratio,p5,0.00
100,1780554007323170560,1780554008323170560,HTTP Connection Reused,ratio,p10,0.00
100,1780554007323170560,1780554008323170560,HTTP Connection Reused,ratio,p25,0.00
100,1780554007323170560,1780554008323170560,HTTP Connection Reused,ratio,p50,0.00
100,1780554007323170560,1780554008323170560,HTTP Connection Reused,ratio,p75,0.00
100,1780554007323170560,1780554008323170560,HTTP Connection Reused,ratio,p90,0.00
100,1780554007323170560,1780554008323170560,HTTP Connection Reused,ratio,p95,0.00
100,1780554007323170560,1780554008323170560,HTTP Connection Reused,ratio,p99,0.00
100,1780554007323170560,1780554008323170560,HTTP Connection Reused,ratio,std,0.00
100,1780554007323170560,1780554008323170560,HTTP Data Received,KB,avg,824.69
100,1780554007323170560,1780554008323170560,HTTP Data Received,KB,min,824.69
100,1780554007323170560,1780554008323170560,HTTP Data Received,KB,max,824.69
100,1780554007323170560,1780554008323170560,HTTP Data Received,KB,sum,824.69
100,1780554007323170560,1780554008323170560,HTTP Data Received,KB,p1,824.69
100,1780554007323170560,1780554008323170560,HTTP Data Received,KB,p5,824.69
100,1780554007323170560,1780554008323170560,HTTP Data Received,KB,p10,824.69
100,1780554007323170560,1780554008323170560,HTTP Data Received,KB,p25,824.69
100,1780554007323170560,1780554008323170560,HTTP Data Received,KB,p50,824.69
100,1780554007323170560,1780554008323170560,HTTP Data Received,KB,p75,824.69
100,1780554007323170560,1780554008323170560,HTTP Data Received,KB,p90,824.69
100,1780554007323170560,1780554008323170560,HTTP Data Received,KB,p95,824.69
100,1780554007323170560,1780554008323170560,HTTP Data Received,KB,p99,824.69
100,1780554007323170560,1780554008323170560,HTTP Data Received,KB,std,0.00
100,1780554007323170560,1780554008323170560,HTTP Data Sent,KB,avg,206.19
100,1780554007323170560,1780554008323170560,HTTP Data Sent,KB,min,206.19
100,1780554007323170560,1780554008323170560,HTTP Data Sent,KB,max,206.19
100,1780554007323170560,1780554008323170560,HTTP Data Sent,KB,sum,206.19
100,1780554007323170560,1780554008323170560,HTTP Data Sent,KB,p1,206.19
100,1780554007323170560,1780554008323170560,HTTP Data Sent,KB,p5,206.19
100,1780554007323170560,1780554008323170560,HTTP Data Sent,KB,p10,206.19
100,1780554007323170560,1780554008323170560,HTTP Data Sent,KB,p25,206.19
100,1780554007323170560,1780554008323170560,HTTP Data Sent,KB,p50,206.19
100,1780554007323170560,1780554008323170560,HTTP Data Sent,KB,p75,206.19
100,1780554007323170560,1780554008323170560,HTTP Data Sent,KB,p90,206.19
100,1780554007323170560,1780554008323170560,HTTP Data Sent,KB,p95,206.19
100,1780554007323170560,1780554008323170560,HTTP Data Sent,KB,p99,206.19
100,1780554007323170560,1780554008323170560,HTTP Data Sent,KB,std,0.00
100,1780554007323170560,1780554008323170560,HTTP DNS Lookup,ms,avg,0.51
100,1780554007323170560,1780554008323170560,HTTP DNS Lookup,ms,min,0.51
100,1780554007323170560,1780554008323170560,HTTP DNS Lookup,ms,max,0.51
100,1780554007323170560,1780554008323170560,HTTP DNS Lookup,ms,sum,0.51
100,1780554007323170560,1780554008323170560,HTTP DNS Lookup,ms,p1,0.51
100,1780554007323170560,1780554008323170560,HTTP DNS Lookup,ms,p5,0.51
100,1780554007323170560,1780554008323170560,HTTP DNS Lookup,ms,p10,0.51
100,1780554007323170560,1780554008323170560,HTTP DNS Lookup,ms,p25,0.51
100,1780554007323170560,1780554008323170560,HTTP DNS Lookup,ms,p50,0.51
100,1780554007323170560,1780554008323170560,HTTP DNS Lookup,ms,p75,0.51
100,1780554007323170560,1780554008323170560,HTTP DNS Lookup,ms,p90,0.51
100,1780554007323170560,1780554008323170560,HTTP DNS Lookup,ms,p95,0.51
100,1780554007323170560,1780554008323170560,HTTP DNS Lookup,ms,p99,0.51
100,1780554007323170560,1780554008323170560,HTTP DNS Lookup,ms,std,0.00
100,1780554007323170560,1780554008323170560,HTTP Duration (excl. conn),ms,avg,475324.63
100,1780554007323170560,1780554008323170560,HTTP Duration (excl. conn),ms,min,475324.63
100,1780554007323170560,1780554008323170560,HTTP Duration (excl. conn),ms,max,475324.63
100,1780554007323170560,1780554008323170560,HTTP Duration (excl. conn),ms,sum,475324.63
100,1780554007323170560,1780554008323170560,HTTP Duration (excl. conn),ms,p1,475324.63
100,1780554007323170560,1780554008323170560,HTTP Duration (excl. conn),ms,p5,475324.63
100,1780554007323170560,1780554008323170560,HTTP Duration (excl. conn),ms,p10,475324.63
100,1780554007323170560,1780554008323170560,HTTP Duration (excl. conn),ms,p25,475324.63
100,1780554007323170560,1780554008323170560,HTTP Duration (excl. conn),ms,p50,475324.63
100,1780554007323170560,1780554008323170560,HTTP Duration (excl. conn),ms,p75,475324.63
100,1780554007323170560,1780554008323170560,HTTP Duration (excl. conn),ms,p90,475324.63
100,1780554007323170560,1780554008323170560,HTTP Duration (excl. conn),ms,p95,475324.63
100,1780554007323170560,1780554008323170560,HTTP Duration (excl. conn),ms,p99,475324.63
100,1780554007323170560,1780554008323170560,HTTP Duration (excl. conn),ms,std,0.00
100,1780554007323170560,1780554008323170560,HTTP Receiving,ms,avg,434938.23
100,1780554007323170560,1780554008323170560,HTTP Receiving,ms,min,434938.23
100,1780554007323170560,1780554008323170560,HTTP Receiving,ms,max,434938.23
100,1780554007323170560,1780554008323170560,HTTP Receiving,ms,sum,434938.23
100,1780554007323170560,1780554008323170560,HTTP Receiving,ms,p1,434938.23
100,1780554007323170560,1780554008323170560,HTTP Receiving,ms,p5,434938.23
100,1780554007323170560,1780554008323170560,HTTP Receiving,ms,p10,434938.23
100,1780554007323170560,1780554008323170560,HTTP Receiving,ms,p25,434938.23
100,1780554007323170560,1780554008323170560,HTTP Receiving,ms,p50,434938.23
100,1780554007323170560,1780554008323170560,HTTP Receiving,ms,p75,434938.23
100,1780554007323170560,1780554008323170560,HTTP Receiving,ms,p90,434938.23
100,1780554007323170560,1780554008323170560,HTTP Receiving,ms,p95,434938.23
100,1780554007323170560,1780554008323170560,HTTP Receiving,ms,p99,434938.23
100,1780554007323170560,1780554008323170560,HTTP Receiving,ms,std,0.00
100,1780554007323170560,1780554008323170560,HTTP Sending,ms,avg,1.43
100,1780554007323170560,1780554008323170560,HTTP Sending,ms,min,1.43
100,1780554007323170560,1780554008323170560,HTTP Sending,ms,max,1.43
100,1780554007323170560,1780554008323170560,HTTP Sending,ms,sum,1.43
100,1780554007323170560,1780554008323170560,HTTP Sending,ms,p1,1.43
100,1780554007323170560,1780554008323170560,HTTP Sending,ms,p5,1.43
100,1780554007323170560,1780554008323170560,HTTP Sending,ms,p10,1.43
100,1780554007323170560,1780554008323170560,HTTP Sending,ms,p25,1.43
100,1780554007323170560,1780554008323170560,HTTP Sending,ms,p50,1.43
100,1780554007323170560,1780554008323170560,HTTP Sending,ms,p75,1.43
100,1780554007323170560,1780554008323170560,HTTP Sending,ms,p90,1.43
100,1780554007323170560,1780554008323170560,HTTP Sending,ms,p95,1.43
100,1780554007323170560,1780554008323170560,HTTP Sending,ms,p99,1.43
100,1780554007323170560,1780554008323170560,HTTP Sending,ms,std,0.00
100,1780554007323170560,1780554008323170560,HTTP Total Time,ms,avg,475326.27
100,1780554007323170560,1780554008323170560,HTTP Total Time,ms,min,475326.27
100,1780554007323170560,1780554008323170560,HTTP Total Time,ms,max,475326.27
100,1780554007323170560,1780554008323170560,HTTP Total Time,ms,sum,475326.27
100,1780554007323170560,1780554008323170560,HTTP Total Time,ms,p1,475326.27
100,1780554007323170560,1780554008323170560,HTTP Total Time,ms,p5,475326.27
100,1780554007323170560,1780554008323170560,HTTP Total Time,ms,p10,475326.27
100,1780554007323170560,1780554008323170560,HTTP Total Time,ms,p25,475326.27
100,1780554007323170560,1780554008323170560,HTTP Total Time,ms,p50,475326.27
100,1780554007323170560,1780554008323170560,HTTP Total Time,ms,p75,475326.27
100,1780554007323170560,1780554008323170560,HTTP Total Time,ms,p90,475326.27
100,1780554007323170560,1780554008323170560,HTTP Total Time,ms,p95,475326.27
100,1780554007323170560,1780554008323170560,HTTP Total Time,ms,p99,475326.27
100,1780554007323170560,1780554008323170560,HTTP Total Time,ms,std,0.00
100,1780554007323170560,1780554008323170560,HTTP Waiting (TTFB),ms,avg,40384.97
100,1780554007323170560,1780554008323170560,HTTP Waiting (TTFB),ms,min,40384.97
100,1780554007323170560,1780554008323170560,HTTP Waiting (TTFB),ms,max,40384.97
100,1780554007323170560,1780554008323170560,HTTP Waiting (TTFB),ms,sum,40384.97
100,1780554007323170560,1780554008323170560,HTTP Waiting (TTFB),ms,p1,40384.97
100,1780554007323170560,1780554008323170560,HTTP Waiting (TTFB),ms,p5,40384.97
100,1780554007323170560,1780554008323170560,HTTP Waiting (TTFB),ms,p10,40384.97
100,1780554007323170560,1780554008323170560,HTTP Waiting (TTFB),ms,p25,40384.97
100,1780554007323170560,1780554008323170560,HTTP Waiting (TTFB),ms,p50,40384.97
100,1780554007323170560,1780554008323170560,HTTP Waiting (TTFB),ms,p75,40384.97
100,1780554007323170560,1780554008323170560,HTTP Waiting (TTFB),ms,p90,40384.97
100,1780554007323170560,1780554008323170560,HTTP Waiting (TTFB),ms,p95,40384.97
100,1780554007323170560,1780554008323170560,HTTP Waiting (TTFB),ms,p99,40384.97
100,1780554007323170560,1780554008323170560,HTTP Waiting (TTFB),ms,std,0.00
100,1780554007323170560,1780554008323170560,Input Sequence Length,tokens,avg,52970.00
100,1780554007323170560,1780554008323170560,Input Sequence Length,tokens,min,52970.00
100,1780554007323170560,1780554008323170560,Input Sequence Length,tokens,max,52970.00
100,1780554007323170560,1780554008323170560,Input Sequence Length,tokens,sum,52970.00
100,1780554007323170560,1780554008323170560,Input Sequence Length,tokens,p1,52970.00
100,1780554007323170560,1780554008323170560,Input Sequence Length,tokens,p5,52970.00
100,1780554007323170560,1780554008323170560,Input Sequence Length,tokens,p10,52970.00
100,1780554007323170560,1780554008323170560,Input Sequence Length,tokens,p25,52970.00
100,1780554007323170560,1780554008323170560,Input Sequence Length,tokens,p50,52970.00
100,1780554007323170560,1780554008323170560,Input Sequence Length,tokens,p75,52970.00
100,1780554007323170560,1780554008323170560,Input Sequence Length,tokens,p90,52970.00
100,1780554007323170560,1780554008323170560,Input Sequence Length,tokens,p95,52970.00
100,1780554007323170560,1780554008323170560,Input Sequence Length,tokens,p99,52970.00
100,1780554007323170560,1780554008323170560,Input Sequence Length,tokens,std,0.00
100,1780554007323170560,1780554008323170560,Input Token Throughput,tokens/sec,avg,52970.00
100,1780554007323170560,1780554008323170560,Inter Chunk Latency,ms,avg,70.25
100,1780554007323170560,1780554008323170560,Inter Chunk Latency,ms,min,69.23
100,1780554007323170560,1780554008323170560,Inter Chunk Latency,ms,max,72.73
100,1780554007323170560,1780554008323170560,Inter Chunk Latency,ms,sum,232528.09
100,1780554007323170560,1780554008323170560,Inter Chunk Latency,ms,p1,69.23
100,1780554007323170560,1780554008323170560,Inter Chunk Latency,ms,p5,69.26
100,1780554007323170560,1780554008323170560,Inter Chunk Latency,ms,p10,69.31
100,1780554007323170560,1780554008323170560,Inter Chunk Latency,ms,p25,69.46
100,1780554007323170560,1780554008323170560,Inter Chunk Latency,ms,p50,69.88
100,1780554007323170560,1780554008323170560,Inter Chunk Latency,ms,p75,70.94
100,1780554007323170560,1780554008323170560,Inter Chunk Latency,ms,p90,71.79
100,1780554007323170560,1780554008323170560,Inter Chunk Latency,ms,p95,72.28
100,1780554007323170560,1780554008323170560,Inter Chunk Latency,ms,p99,72.69
100,1780554007323170560,1780554008323170560,Inter Chunk Latency,ms,std,0.97
100,1780554007323170560,1780554008323170560,Inter Token Latency,ms,avg,131.36
100,1780554007323170560,1780554008323170560,Inter Token Latency,ms,min,131.36
100,1780554007323170560,1780554008323170560,Inter Token Latency,ms,max,131.36
100,1780554007323170560,1780554008323170560,Inter Token Latency,ms,sum,131.36
100,1780554007323170560,1780554008323170560,Inter Token Latency,ms,p1,131.36
100,1780554007323170560,1780554008323170560,Inter Token Latency,ms,p5,131.36
100,1780554007323170560,1780554008323170560,Inter Token Latency,ms,p10,131.36
100,1780554007323170560,1780554008323170560,Inter Token Latency,ms,p25,131.36
100,1780554007323170560,1780554008323170560,Inter Token Latency,ms,p50,131.36
100,1780554007323170560,1780554008323170560,Inter Token Latency,ms,p75,131.36
100,1780554007323170560,1780554008323170560,Inter Token Latency,ms,p90,131.36
100,1780554007323170560,1780554008323170560,Inter Token Latency,ms,p95,131.36
100,1780554007323170560,1780554008323170560,Inter Token Latency,ms,p99,131.36
100,1780554007323170560,1780554008323170560,Inter Token Latency,ms,std,0.00
100,1780554007323170560,1780554008323170560,Maximum Response Timestamp,ns,avg,1780554483381066240.00
100,1780554007323170560,1780554008323170560,Minimum Request Timestamp,ns,avg,1780554008056325888.00
100,1780554007323170560,1780554008323170560,OSL Mismatch Count,requests,avg,0.00
100,1780554007323170560,1780554008323170560,OSL Mismatch Diff %,%,avg,0.00
100,1780554007323170560,1780554008323170560,OSL Mismatch Diff %,%,min,0.00
100,1780554007323170560,1780554008323170560,OSL Mismatch Diff %,%,max,0.00
100,1780554007323170560,1780554008323170560,OSL Mismatch Diff %,%,sum,0.00
100,1780554007323170560,1780554008323170560,OSL Mismatch Diff %,%,p1,0.00
100,1780554007323170560,1780554008323170560,OSL Mismatch Diff %,%,p5,0.00
100,1780554007323170560,1780554008323170560,OSL Mismatch Diff %,%,p10,0.00
100,1780554007323170560,1780554008323170560,OSL Mismatch Diff %,%,p25,0.00
100,1780554007323170560,1780554008323170560,OSL Mismatch Diff %,%,p50,0.00
100,1780554007323170560,1780554008323170560,OSL Mismatch Diff %,%,p75,0.00
100,1780554007323170560,1780554008323170560,OSL Mismatch Diff %,%,p90,0.00
100,1780554007323170560,1780554008323170560,OSL Mismatch Diff %,%,p95,0.00
100,1780554007323170560,1780554008323170560,OSL Mismatch Diff %,%,p99,0.00
100,1780554007323170560,1780554008323170560,OSL Mismatch Diff %,%,std,0.00
100,1780554007323170560,1780554008323170560,Output Sequence Length,tokens,avg,3312.00
100,1780554007323170560,1780554008323170560,Output Sequence Length,tokens,min,3312.00
100,1780554007323170560,1780554008323170560,Output Sequence Length,tokens,max,3312.00
100,1780554007323170560,1780554008323170560,Output Sequence Length,tokens,sum,3312.00
100,1780554007323170560,1780554008323170560,Output Sequence Length,tokens,p1,3312.00
100,1780554007323170560,1780554008323170560,Output Sequence Length,tokens,p5,3312.00
100,1780554007323170560,1780554008323170560,Output Sequence Length,tokens,p10,3312.00
100,1780554007323170560,1780554008323170560,Output Sequence Length,tokens,p25,3312.00
100,1780554007323170560,1780554008323170560,Output Sequence Length,tokens,p50,3312.00
100,1780554007323170560,1780554008323170560,Output Sequence Length,tokens,p75,3312.00
100,1780554007323170560,1780554008323170560,Output Sequence Length,tokens,p90,3312.00
100,1780554007323170560,1780554008323170560,Output Sequence Length,tokens,p95,3312.00
100,1780554007323170560,1780554008323170560,Output Sequence Length,tokens,p99,3312.00
100,1780554007323170560,1780554008323170560,Output Sequence Length,tokens,std,0.00
100,1780554007323170560,1780554008323170560,Output Token Count,tokens,avg,3312.00
100,1780554007323170560,1780554008323170560,Output Token Count,tokens,min,3312.00
100,1780554007323170560,1780554008323170560,Output Token Count,tokens,max,3312.00
100,1780554007323170560,1780554008323170560,Output Token Count,tokens,sum,3312.00
100,1780554007323170560,1780554008323170560,Output Token Count,tokens,p1,3312.00
100,1780554007323170560,1780554008323170560,Output Token Count,tokens,p5,3312.00
100,1780554007323170560,1780554008323170560,Output Token Count,tokens,p10,3312.00
100,1780554007323170560,1780554008323170560,Output Token Count,tokens,p25,3312.00
100,1780554007323170560,1780554008323170560,Output Token Count,tokens,p50,3312.00
100,1780554007323170560,1780554008323170560,Output Token Count,tokens,p75,3312.00
100,1780554007323170560,1780554008323170560,Output Token Count,tokens,p90,3312.00
100,1780554007323170560,1780554008323170560,Output Token Count,tokens,p95,3312.00
100,1780554007323170560,1780554008323170560,Output Token Count,tokens,p99,3312.00
100,1780554007323170560,1780554008323170560,Output Token Count,tokens,std,0.00
100,1780554007323170560,1780554008323170560,Output Token Throughput,tokens/sec,avg,3312.00
100,1780554007323170560,1780554008323170560,Output Token Throughput Per User,tokens/sec/user,avg,7.61
100,1780554007323170560,1780554008323170560,Output Token Throughput Per User,tokens/sec/user,min,7.61
100,1780554007323170560,1780554008323170560,Output Token Throughput Per User,tokens/sec/user,max,7.61
100,1780554007323170560,1780554008323170560,Output Token Throughput Per User,tokens/sec/user,sum,7.61
100,1780554007323170560,1780554008323170560,Output Token Throughput Per User,tokens/sec/user,p1,7.61
100,1780554007323170560,1780554008323170560,Output Token Throughput Per User,tokens/sec/user,p5,7.61
100,1780554007323170560,1780554008323170560,Output Token Throughput Per User,tokens/sec/user,p10,7.61
100,1780554007323170560,1780554008323170560,Output Token Throughput Per User,tokens/sec/user,p25,7.61
100,1780554007323170560,1780554008323170560,Output Token Throughput Per User,tokens/sec/user,p50,7.61
100,1780554007323170560,1780554008323170560,Output Token Throughput Per User,tokens/sec/user,p75,7.61
100,1780554007323170560,1780554008323170560,Output Token Throughput Per User,tokens/sec/user,p90,7.61
100,1780554007323170560,1780554008323170560,Output Token Throughput Per User,tokens/sec/user,p95,7.61
100,1780554007323170560,1780554008323170560,Output Token Throughput Per User,tokens/sec/user,p99,7.61
100,1780554007323170560,1780554008323170560,Output Token Throughput Per User,tokens/sec/user,std,0.00
100,1780554007323170560,1780554008323170560,Prefill Throughput Per User,tokens/sec/user,avg,1311.58
100,1780554007323170560,1780554008323170560,Prefill Throughput Per User,tokens/sec/user,min,1311.58
100,1780554007323170560,1780554008323170560,Prefill Throughput Per User,tokens/sec/user,max,1311.58
100,1780554007323170560,1780554008323170560,Prefill Throughput Per User,tokens/sec/user,sum,1311.58
100,1780554007323170560,1780554008323170560,Prefill Throughput Per User,tokens/sec/user,p1,1311.58
100,1780554007323170560,1780554008323170560,Prefill Throughput Per User,tokens/sec/user,p5,1311.58
100,1780554007323170560,1780554008323170560,Prefill Throughput Per User,tokens/sec/user,p10,1311.58
100,1780554007323170560,1780554008323170560,Prefill Throughput Per User,tokens/sec/user,p25,1311.58
100,1780554007323170560,1780554008323170560,Prefill Throughput Per User,tokens/sec/user,p50,1311.58
100,1780554007323170560,1780554008323170560,Prefill Throughput Per User,tokens/sec/user,p75,1311.58
100,1780554007323170560,1780554008323170560,Prefill Throughput Per User,tokens/sec/user,p90,1311.58
100,1780554007323170560,1780554008323170560,Prefill Throughput Per User,tokens/sec/user,p95,1311.58
100,1780554007323170560,1780554008323170560,Prefill Throughput Per User,tokens/sec/user,p99,1311.58
100,1780554007323170560,1780554008323170560,Prefill Throughput Per User,tokens/sec/user,std,0.00
100,1780554007323170560,1780554008323170560,Request Count,requests,avg,1.00
100,1780554007323170560,1780554008323170560,Request Latency,ms,avg,475324.74
100,1780554007323170560,1780554008323170560,Request Latency,ms,min,475324.74
100,1780554007323170560,1780554008323170560,Request Latency,ms,max,475324.74
100,1780554007323170560,1780554008323170560,Request Latency,ms,sum,475324.74
100,1780554007323170560,1780554008323170560,Request Latency,ms,p1,475324.74
100,1780554007323170560,1780554008323170560,Request Latency,ms,p5,475324.74
100,1780554007323170560,1780554008323170560,Request Latency,ms,p10,475324.74
100,1780554007323170560,1780554008323170560,Request Latency,ms,p25,475324.74
100,1780554007323170560,1780554008323170560,Request Latency,ms,p50,475324.74
100,1780554007323170560,1780554008323170560,Request Latency,ms,p75,475324.74
100,1780554007323170560,1780554008323170560,Request Latency,ms,p90,475324.74
100,1780554007323170560,1780554008323170560,Request Latency,ms,p95,475324.74
100,1780554007323170560,1780554008323170560,Request Latency,ms,p99,475324.74
100,1780554007323170560,1780554008323170560,Request Latency,ms,std,0.00
100,1780554007323170560,1780554008323170560,Request Throughput,requests/sec,avg,1.00
100,1780554007323170560,1780554008323170560,Requested OSL,tokens,avg,3312.00
100,1780554007323170560,1780554008323170560,Requested OSL,tokens,min,3312.00
100,1780554007323170560,1780554008323170560,Requested OSL,tokens,max,3312.00
100,1780554007323170560,1780554008323170560,Requested OSL,tokens,sum,3312.00
100,1780554007323170560,1780554008323170560,Requested OSL,tokens,p1,3312.00
100,1780554007323170560,1780554008323170560,Requested OSL,tokens,p5,3312.00
100,1780554007323170560,1780554008323170560,Requested OSL,tokens,p10,3312.00
100,1780554007323170560,1780554008323170560,Requested OSL,tokens,p25,3312.00
100,1780554007323170560,1780554008323170560,Requested OSL,tokens,p50,3312.00
100,1780554007323170560,1780554008323170560,Requested OSL,tokens,p75,3312.00
100,1780554007323170560,1780554008323170560,Requested OSL,tokens,p90,3312.00
100,1780554007323170560,1780554008323170560,Requested OSL,tokens,p95,3312.00
100,1780554007323170560,1780554008323170560,Requested OSL,tokens,p99,3312.00
100,1780554007323170560,1780554008323170560,Requested OSL,tokens,std,0.00
100,1780554007323170560,1780554008323170560,Time to First Output Token,ms,avg,40386.52
100,1780554007323170560,1780554008323170560,Time to First Output Token,ms,min,40386.52
100,1780554007323170560,1780554008323170560,Time to First Output Token,ms,max,40386.52
100,1780554007323170560,1780554008323170560,Time to First Output Token,ms,sum,40386.52
100,1780554007323170560,1780554008323170560,Time to First Output Token,ms,p1,40386.52
100,1780554007323170560,1780554008323170560,Time to First Output Token,ms,p5,40386.52
100,1780554007323170560,1780554008323170560,Time to First Output Token,ms,p10,40386.52
100,1780554007323170560,1780554008323170560,Time to First Output Token,ms,p25,40386.52
100,1780554007323170560,1780554008323170560,Time to First Output Token,ms,p50,40386.52
100,1780554007323170560,1780554008323170560,Time to First Output Token,ms,p75,40386.52
100,1780554007323170560,1780554008323170560,Time to First Output Token,ms,p90,40386.52
100,1780554007323170560,1780554008323170560,Time to First Output Token,ms,p95,40386.52
100,1780554007323170560,1780554008323170560,Time to First Output Token,ms,p99,40386.52
100,1780554007323170560,1780554008323170560,Time to First Output Token,ms,std,0.00
100,1780554007323170560,1780554008323170560,Time to First Token,ms,avg,40386.52
100,1780554007323170560,1780554008323170560,Time to First Token,ms,min,40386.52
100,1780554007323170560,1780554008323170560,Time to First Token,ms,max,40386.52
100,1780554007323170560,1780554008323170560,Time to First Token,ms,sum,40386.52
100,1780554007323170560,1780554008323170560,Time to First Token,ms,p1,40386.52
100,1780554007323170560,1780554008323170560,Time to First Token,ms,p5,40386.52
100,1780554007323170560,1780554008323170560,Time to First Token,ms,p10,40386.52
100,1780554007323170560,1780554008323170560,Time to First Token,ms,p25,40386.52
100,1780554007323170560,1780554008323170560,Time to First Token,ms,p50,40386.52
100,1780554007323170560,1780554008323170560,Time to First Token,ms,p75,40386.52
100,1780554007323170560,1780554008323170560,Time to First Token,ms,p90,40386.52
100,1780554007323170560,1780554008323170560,Time to First Token,ms,p95,40386.52
100,1780554007323170560,1780554008323170560,Time to First Token,ms,p99,40386.52
100,1780554007323170560,1780554008323170560,Time to First Token,ms,std,0.00
100,1780554007323170560,1780554008323170560,Time to Second Token,ms,avg,20.04
100,1780554007323170560,1780554008323170560,Time to Second Token,ms,min,20.04
100,1780554007323170560,1780554008323170560,Time to Second Token,ms,max,20.04
100,1780554007323170560,1780554008323170560,Time to Second Token,ms,sum,20.04
100,1780554007323170560,1780554008323170560,Time to Second Token,ms,p1,20.04
100,1780554007323170560,1780554008323170560,Time to Second Token,ms,p5,20.04
100,1780554007323170560,1780554008323170560,Time to Second Token,ms,p10,20.04
100,1780554007323170560,1780554008323170560,Time to Second Token,ms,p25,20.04
100,1780554007323170560,1780554008323170560,Time to Second Token,ms,p50,20.04
100,1780554007323170560,1780554008323170560,Time to Second Token,ms,p75,20.04
100,1780554007323170560,1780554008323170560,Time to Second Token,ms,p90,20.04
100,1780554007323170560,1780554008323170560,Time to Second Token,ms,p95,20.04
100,1780554007323170560,1780554008323170560,Time to Second Token,ms,p99,20.04
100,1780554007323170560,1780554008323170560,Time to Second Token,ms,std,0.00
100,1780554007323170560,1780554008323170560,Tokens In Flight,tokens,avg,1521202.76
100,1780554007323170560,1780554008323170560,Tokens In Flight,tokens,min,1506995.63
100,1780554007323170560,1780554008323170560,Tokens In Flight,tokens,max,1560111.09
100,1780554007323170560,1780554008323170560,Tokens In Flight,tokens,p50,1507067.84
100,1780554007323170560,1780554008323170560,Tokens In Flight,tokens,p90,1560096.13
100,1780554007323170560,1780554008323170560,Tokens In Flight,tokens,p95,1560104.01
100,1780554007323170560,1780554008323170560,Tokens In Flight,tokens,p99,1560109.05
100,1780554007323170560,1780554008323170560,Tokens In Flight,tokens,std,23461.41
100,1780554007323170560,1780554008323170560,Total Input Sequence Length,tokens,avg,52970.00
100,1780554007323170560,1780554008323170560,Total Output Sequence Length,tokens,avg,3312.00
100,1780554007323170560,1780554008323170560,Total Output Tokens,tokens,avg,3312.00
100,1780554007323170560,1780554008323170560,Total Token Throughput,tokens/sec,avg,56282.00
100,1780554007323170560,1780554008323170560,Total Usage Completion Tokens,tokens,avg,3312.00
100,1780554007323170560,1780554008323170560,Total Usage Prompt Tokens,tokens,avg,52970.00
100,1780554007323170560,1780554008323170560,Total Usage Total Tokens,tokens,avg,56282.00
100,1780554007323170560,1780554008323170560,Usage Completion Tokens,tokens,avg,3312.00
100,1780554007323170560,1780554008323170560,Usage Completion Tokens,tokens,min,3312.00
100,1780554007323170560,1780554008323170560,Usage Completion Tokens,tokens,max,3312.00
100,1780554007323170560,1780554008323170560,Usage Completion Tokens,tokens,sum,3312.00
100,1780554007323170560,1780554008323170560,Usage Completion Tokens,tokens,p1,3312.00
100,1780554007323170560,1780554008323170560,Usage Completion Tokens,tokens,p5,3312.00
100,1780554007323170560,1780554008323170560,Usage Completion Tokens,tokens,p10,3312.00
100,1780554007323170560,1780554008323170560,Usage Completion Tokens,tokens,p25,3312.00
100,1780554007323170560,1780554008323170560,Usage Completion Tokens,tokens,p50,3312.00
100,1780554007323170560,1780554008323170560,Usage Completion Tokens,tokens,p75,3312.00
100,1780554007323170560,1780554008323170560,Usage Completion Tokens,tokens,p90,3312.00
100,1780554007323170560,1780554008323170560,Usage Completion Tokens,tokens,p95,3312.00
100,1780554007323170560,1780554008323170560,Usage Completion Tokens,tokens,p99,3312.00
100,1780554007323170560,1780554008323170560,Usage Completion Tokens,tokens,std,0.00
100,1780554007323170560,1780554008323170560,Usage Prompt Tokens,tokens,avg,52970.00
100,1780554007323170560,1780554008323170560,Usage Prompt Tokens,tokens,min,52970.00
100,1780554007323170560,1780554008323170560,Usage Prompt Tokens,tokens,max,52970.00
100,1780554007323170560,1780554008323170560,Usage Prompt Tokens,tokens,sum,52970.00
100,1780554007323170560,1780554008323170560,Usage Prompt Tokens,tokens,p1,52970.00
100,1780554007323170560,1780554008323170560,Usage Prompt Tokens,tokens,p5,52970.00
100,1780554007323170560,1780554008323170560,Usage Prompt Tokens,tokens,p10,52970.00
100,1780554007323170560,1780554008323170560,Usage Prompt Tokens,tokens,p25,52970.00
100,1780554007323170560,1780554008323170560,Usage Prompt Tokens,tokens,p50,52970.00
100,1780554007323170560,1780554008323170560,Usage Prompt Tokens,tokens,p75,52970.00
100,1780554007323170560,1780554008323170560,Usage Prompt Tokens,tokens,p90,52970.00
100,1780554007323170560,1780554008323170560,Usage Prompt Tokens,tokens,p95,52970.00
100,1780554007323170560,1780554008323170560,Usage Prompt Tokens,tokens,p99,52970.00
100,1780554007323170560,1780554008323170560,Usage Prompt Tokens,tokens,std,0.00
100,1780554007323170560,1780554008323170560,Usage Total Tokens,tokens,avg,56282.00
100,1780554007323170560,1780554008323170560,Usage Total Tokens,tokens,min,56282.00
100,1780554007323170560,1780554008323170560,Usage Total Tokens,tokens,max,56282.00
100,1780554007323170560,1780554008323170560,Usage Total Tokens,tokens,sum,56282.00
100,1780554007323170560,1780554008323170560,Usage Total Tokens,tokens,p1,56282.00
100,1780554007323170560,1780554008323170560,Usage Total Tokens,tokens,p5,56282.00
100,1780554007323170560,1780554008323170560,Usage Total Tokens,tokens,p10,56282.00
100,1780554007323170560,1780554008323170560,Usage Total Tokens,tokens,p25,56282.00
100,1780554007323170560,1780554008323170560,Usage Total Tokens,tokens,p50,56282.00
100,1780554007323170560,1780554008323170560,Usage Total Tokens,tokens,p75,56282.00
100,1780554007323170560,1780554008323170560,Usage Total Tokens,tokens,p90,56282.00
100,1780554007323170560,1780554008323170560,Usage Total Tokens,tokens,p95,56282.00
100,1780554007323170560,1780554008323170560,Usage Total Tokens,tokens,p99,56282.00
100,1780554007323170560,1780554008323170560,Usage Total Tokens,tokens,std,0.00
101,1780554033323170560,1780554034323170560,Active Decode Throughput,tokens/sec,avg,75.04
101,1780554033323170560,1780554034323170560,Active Decode Throughput,tokens/sec,min,59.61
101,1780554033323170560,1780554034323170560,Active Decode Throughput,tokens/sec,max,90.47
101,1780554033323170560,1780554034323170560,Active Decode Throughput,tokens/sec,p50,75.04
101,1780554033323170560,1780554034323170560,Active Decode Throughput,tokens/sec,p90,75.04
101,1780554033323170560,1780554034323170560,Active Decode Throughput,tokens/sec,p95,75.04
101,1780554033323170560,1780554034323170560,Active Decode Throughput,tokens/sec,p99,75.04
101,1780554033323170560,1780554034323170560,Active Decode Throughput,tokens/sec,std,0.03
101,1780554033323170560,1780554034323170560,Active Decode Throughput Per User,tokens/sec/user,avg,6.82
101,1780554033323170560,1780554034323170560,Active Decode Throughput Per User,tokens/sec/user,min,5.42
101,1780554033323170560,1780554034323170560,Active Decode Throughput Per User,tokens/sec/user,max,8.22
101,1780554033323170560,1780554034323170560,Active Decode Throughput Per User,tokens/sec/user,p50,6.82
101,1780554033323170560,1780554034323170560,Active Decode Throughput Per User,tokens/sec/user,p90,6.82
101,1780554033323170560,1780554034323170560,Active Decode Throughput Per User,tokens/sec/user,p95,6.82
101,1780554033323170560,1780554034323170560,Active Decode Throughput Per User,tokens/sec/user,p99,6.82
101,1780554033323170560,1780554034323170560,Active Decode Throughput Per User,tokens/sec/user,std,0.00
101,1780554033323170560,1780554034323170560,Active Prefill Throughput,tokens/sec,avg,4979.31
101,1780554033323170560,1780554034323170560,Active Prefill Throughput,tokens/sec,min,4375.28
101,1780554033323170560,1780554034323170560,Active Prefill Throughput,tokens/sec,max,6462.09
101,1780554033323170560,1780554034323170560,Active Prefill Throughput,tokens/sec,p50,4375.28
101,1780554033323170560,1780554034323170560,Active Prefill Throughput,tokens/sec,p90,6462.09
101,1780554033323170560,1780554034323170560,Active Prefill Throughput,tokens/sec,p95,6462.09
101,1780554033323170560,1780554034323170560,Active Prefill Throughput,tokens/sec,p99,6462.09
101,1780554033323170560,1780554034323170560,Active Prefill Throughput,tokens/sec,std,946.38
101,1780554033323170560,1780554034323170560,Active Prefill Throughput Per User,tokens/sec/user,avg,2177.91
101,1780554033323170560,1780554034323170560,Active Prefill Throughput Per User,tokens/sec/user,min,2154.03
101,1780554033323170560,1780554034323170560,Active Prefill Throughput Per User,tokens/sec/user,max,2187.64
101,1780554033323170560,1780554034323170560,Active Prefill Throughput Per User,tokens/sec/user,p50,2187.64
101,1780554033323170560,1780554034323170560,Active Prefill Throughput Per User,tokens/sec/user,p90,2187.64
101,1780554033323170560,1780554034323170560,Active Prefill Throughput Per User,tokens/sec/user,p95,2187.64
101,1780554033323170560,1780554034323170560,Active Prefill Throughput Per User,tokens/sec/user,p99,2187.64
101,1780554033323170560,1780554034323170560,Active Prefill Throughput Per User,tokens/sec/user,std,15.24
101,1780554033323170560,1780554034323170560,Active Total Throughput,tokens/sec,avg,5066.16
101,1780554033323170560,1780554034323170560,Active Total Throughput,tokens/sec,min,4462.13
101,1780554033323170560,1780554034323170560,Active Total Throughput,tokens/sec,max,6548.94
101,1780554033323170560,1780554034323170560,Active Total Throughput,tokens/sec,p50,4462.13
101,1780554033323170560,1780554034323170560,Active Total Throughput,tokens/sec,p90,6548.94
101,1780554033323170560,1780554034323170560,Active Total Throughput,tokens/sec,p95,6548.94
101,1780554033323170560,1780554034323170560,Active Total Throughput,tokens/sec,p99,6548.94
101,1780554033323170560,1780554034323170560,Active Total Throughput,tokens/sec,std,946.38
101,1780554033323170560,1780554034323170560,Benchmark Duration,sec,avg,149.75
101,1780554033323170560,1780554034323170560,E2E Output Token Throughput,tokens/sec/user,avg,4.30
101,1780554033323170560,1780554034323170560,E2E Output Token Throughput,tokens/sec/user,min,4.30
101,1780554033323170560,1780554034323170560,E2E Output Token Throughput,tokens/sec/user,max,4.30
101,1780554033323170560,1780554034323170560,E2E Output Token Throughput,tokens/sec/user,sum,4.30
101,1780554033323170560,1780554034323170560,E2E Output Token Throughput,tokens/sec/user,p1,4.30
101,1780554033323170560,1780554034323170560,E2E Output Token Throughput,tokens/sec/user,p5,4.30
101,1780554033323170560,1780554034323170560,E2E Output Token Throughput,tokens/sec/user,p10,4.30
101,1780554033323170560,1780554034323170560,E2E Output Token Throughput,tokens/sec/user,p25,4.30
101,1780554033323170560,1780554034323170560,E2E Output Token Throughput,tokens/sec/user,p50,4.30
101,1780554033323170560,1780554034323170560,E2E Output Token Throughput,tokens/sec/user,p75,4.30
101,1780554033323170560,1780554034323170560,E2E Output Token Throughput,tokens/sec/user,p90,4.30
101,1780554033323170560,1780554034323170560,E2E Output Token Throughput,tokens/sec/user,p95,4.30
101,1780554033323170560,1780554034323170560,E2E Output Token Throughput,tokens/sec/user,p99,4.30
101,1780554033323170560,1780554034323170560,E2E Output Token Throughput,tokens/sec/user,std,0.00
101,1780554033323170560,1780554034323170560,Effective Concurrency,requests,avg,13.29
101,1780554033323170560,1780554034323170560,Effective Concurrency,requests,min,13.00
101,1780554033323170560,1780554034323170560,Effective Concurrency,requests,max,14.00
101,1780554033323170560,1780554034323170560,Effective Concurrency,requests,p50,13.00
101,1780554033323170560,1780554034323170560,Effective Concurrency,requests,p90,14.00
101,1780554033323170560,1780554034323170560,Effective Concurrency,requests,p95,14.00
101,1780554033323170560,1780554034323170560,Effective Concurrency,requests,p99,14.00
101,1780554033323170560,1780554034323170560,Effective Concurrency,requests,std,0.45
101,1780554033323170560,1780554034323170560,Effective Decode Concurrency,requests,avg,11.00
101,1780554033323170560,1780554034323170560,Effective Decode Concurrency,requests,min,11.00
101,1780554033323170560,1780554034323170560,Effective Decode Concurrency,requests,max,11.00
101,1780554033323170560,1780554034323170560,Effective Decode Concurrency,requests,p50,11.00
101,1780554033323170560,1780554034323170560,Effective Decode Concurrency,requests,p90,11.00
101,1780554033323170560,1780554034323170560,Effective Decode Concurrency,requests,p95,11.00
101,1780554033323170560,1780554034323170560,Effective Decode Concurrency,requests,p99,11.00
101,1780554033323170560,1780554034323170560,Effective Decode Concurrency,requests,std,0.00
101,1780554033323170560,1780554034323170560,Effective Decode Throughput,tokens/sec,avg,75.04
101,1780554033323170560,1780554034323170560,Effective Decode Throughput,tokens/sec,min,59.61
101,1780554033323170560,1780554034323170560,Effective Decode Throughput,tokens/sec,max,90.47
101,1780554033323170560,1780554034323170560,Effective Decode Throughput,tokens/sec,p50,75.04
101,1780554033323170560,1780554034323170560,Effective Decode Throughput,tokens/sec,p90,75.04
101,1780554033323170560,1780554034323170560,Effective Decode Throughput,tokens/sec,p95,75.04
101,1780554033323170560,1780554034323170560,Effective Decode Throughput,tokens/sec,p99,75.04
101,1780554033323170560,1780554034323170560,Effective Decode Throughput,tokens/sec,std,0.03
101,1780554033323170560,1780554034323170560,Effective Decode Throughput Per User,tokens/sec/user,avg,6.82
101,1780554033323170560,1780554034323170560,Effective Decode Throughput Per User,tokens/sec/user,min,5.42
101,1780554033323170560,1780554034323170560,Effective Decode Throughput Per User,tokens/sec/user,max,8.22
101,1780554033323170560,1780554034323170560,Effective Decode Throughput Per User,tokens/sec/user,p50,6.82
101,1780554033323170560,1780554034323170560,Effective Decode Throughput Per User,tokens/sec/user,p90,6.82
101,1780554033323170560,1780554034323170560,Effective Decode Throughput Per User,tokens/sec/user,p95,6.82
101,1780554033323170560,1780554034323170560,Effective Decode Throughput Per User,tokens/sec/user,p99,6.82
101,1780554033323170560,1780554034323170560,Effective Decode Throughput Per User,tokens/sec/user,std,0.00
101,1780554033323170560,1780554034323170560,Effective Prefill Concurrency,requests,avg,2.29
101,1780554033323170560,1780554034323170560,Effective Prefill Concurrency,requests,min,2.00
101,1780554033323170560,1780554034323170560,Effective Prefill Concurrency,requests,max,3.00
101,1780554033323170560,1780554034323170560,Effective Prefill Concurrency,requests,p50,2.00
101,1780554033323170560,1780554034323170560,Effective Prefill Concurrency,requests,p90,3.00
101,1780554033323170560,1780554034323170560,Effective Prefill Concurrency,requests,p95,3.00
101,1780554033323170560,1780554034323170560,Effective Prefill Concurrency,requests,p99,3.00
101,1780554033323170560,1780554034323170560,Effective Prefill Concurrency,requests,std,0.45
101,1780554033323170560,1780554034323170560,Effective Prefill Throughput,tokens/sec,avg,4979.31
101,1780554033323170560,1780554034323170560,Effective Prefill Throughput,tokens/sec,min,4375.28
101,1780554033323170560,1780554034323170560,Effective Prefill Throughput,tokens/sec,max,6462.09
101,1780554033323170560,1780554034323170560,Effective Prefill Throughput,tokens/sec,p50,4375.28
101,1780554033323170560,1780554034323170560,Effective Prefill Throughput,tokens/sec,p90,6462.09
101,1780554033323170560,1780554034323170560,Effective Prefill Throughput,tokens/sec,p95,6462.09
101,1780554033323170560,1780554034323170560,Effective Prefill Throughput,tokens/sec,p99,6462.09
101,1780554033323170560,1780554034323170560,Effective Prefill Throughput,tokens/sec,std,946.38
101,1780554033323170560,1780554034323170560,Effective Prefill Throughput Per User,tokens/sec/user,avg,2177.91
101,1780554033323170560,1780554034323170560,Effective Prefill Throughput Per User,tokens/sec/user,min,2154.03
101,1780554033323170560,1780554034323170560,Effective Prefill Throughput Per User,tokens/sec/user,max,2187.64
101,1780554033323170560,1780554034323170560,Effective Prefill Throughput Per User,tokens/sec/user,p50,2187.64
101,1780554033323170560,1780554034323170560,Effective Prefill Throughput Per User,tokens/sec/user,p90,2187.64
101,1780554033323170560,1780554034323170560,Effective Prefill Throughput Per User,tokens/sec/user,p95,2187.64
101,1780554033323170560,1780554034323170560,Effective Prefill Throughput Per User,tokens/sec/user,p99,2187.64
101,1780554033323170560,1780554034323170560,Effective Prefill Throughput Per User,tokens/sec/user,std,15.24
101,1780554033323170560,1780554034323170560,Effective Total Throughput,tokens/sec,avg,5066.16
101,1780554033323170560,1780554034323170560,Effective Total Throughput,tokens/sec,min,4462.13
101,1780554033323170560,1780554034323170560,Effective Total Throughput,tokens/sec,max,6548.94
101,1780554033323170560,1780554034323170560,Effective Total Throughput,tokens/sec,p50,4462.13
101,1780554033323170560,1780554034323170560,Effective Total Throughput,tokens/sec,p90,6548.94
101,1780554033323170560,1780554034323170560,Effective Total Throughput,tokens/sec,p95,6548.94
101,1780554033323170560,1780554034323170560,Effective Total Throughput,tokens/sec,p99,6548.94
101,1780554033323170560,1780554034323170560,Effective Total Throughput,tokens/sec,std,946.38
101,1780554033323170560,1780554034323170560,HTTP Blocked,ms,avg,0.00
101,1780554033323170560,1780554034323170560,HTTP Blocked,ms,min,0.00
101,1780554033323170560,1780554034323170560,HTTP Blocked,ms,max,0.00
101,1780554033323170560,1780554034323170560,HTTP Blocked,ms,sum,0.00
101,1780554033323170560,1780554034323170560,HTTP Blocked,ms,p1,0.00
101,1780554033323170560,1780554034323170560,HTTP Blocked,ms,p5,0.00
101,1780554033323170560,1780554034323170560,HTTP Blocked,ms,p10,0.00
101,1780554033323170560,1780554034323170560,HTTP Blocked,ms,p25,0.00
101,1780554033323170560,1780554034323170560,HTTP Blocked,ms,p50,0.00
101,1780554033323170560,1780554034323170560,HTTP Blocked,ms,p75,0.00
101,1780554033323170560,1780554034323170560,HTTP Blocked,ms,p90,0.00
101,1780554033323170560,1780554034323170560,HTTP Blocked,ms,p95,0.00
101,1780554033323170560,1780554034323170560,HTTP Blocked,ms,p99,0.00
101,1780554033323170560,1780554034323170560,HTTP Blocked,ms,std,0.00
101,1780554033323170560,1780554034323170560,HTTP Chunks Received,count,avg,644.00
101,1780554033323170560,1780554034323170560,HTTP Chunks Received,count,min,644.00
101,1780554033323170560,1780554034323170560,HTTP Chunks Received,count,max,644.00
101,1780554033323170560,1780554034323170560,HTTP Chunks Received,count,sum,644.00
101,1780554033323170560,1780554034323170560,HTTP Chunks Received,count,p1,644.00
101,1780554033323170560,1780554034323170560,HTTP Chunks Received,count,p5,644.00
101,1780554033323170560,1780554034323170560,HTTP Chunks Received,count,p10,644.00
101,1780554033323170560,1780554034323170560,HTTP Chunks Received,count,p25,644.00
101,1780554033323170560,1780554034323170560,HTTP Chunks Received,count,p50,644.00
101,1780554033323170560,1780554034323170560,HTTP Chunks Received,count,p75,644.00
101,1780554033323170560,1780554034323170560,HTTP Chunks Received,count,p90,644.00
101,1780554033323170560,1780554034323170560,HTTP Chunks Received,count,p95,644.00
101,1780554033323170560,1780554034323170560,HTTP Chunks Received,count,p99,644.00
101,1780554033323170560,1780554034323170560,HTTP Chunks Received,count,std,0.00
101,1780554033323170560,1780554034323170560,HTTP Chunks Sent,count,avg,1.00
101,1780554033323170560,1780554034323170560,HTTP Chunks Sent,count,min,1.00
101,1780554033323170560,1780554034323170560,HTTP Chunks Sent,count,max,1.00
101,1780554033323170560,1780554034323170560,HTTP Chunks Sent,count,sum,1.00
101,1780554033323170560,1780554034323170560,HTTP Chunks Sent,count,p1,1.00
101,1780554033323170560,1780554034323170560,HTTP Chunks Sent,count,p5,1.00
101,1780554033323170560,1780554034323170560,HTTP Chunks Sent,count,p10,1.00
101,1780554033323170560,1780554034323170560,HTTP Chunks Sent,count,p25,1.00
101,1780554033323170560,1780554034323170560,HTTP Chunks Sent,count,p50,1.00
101,1780554033323170560,1780554034323170560,HTTP Chunks Sent,count,p75,1.00
101,1780554033323170560,1780554034323170560,HTTP Chunks Sent,count,p90,1.00
101,1780554033323170560,1780554034323170560,HTTP Chunks Sent,count,p95,1.00
101,1780554033323170560,1780554034323170560,HTTP Chunks Sent,count,p99,1.00
101,1780554033323170560,1780554034323170560,HTTP Chunks Sent,count,std,0.00
101,1780554033323170560,1780554034323170560,HTTP Connecting,ms,avg,1.15
101,1780554033323170560,1780554034323170560,HTTP Connecting,ms,min,1.15
101,1780554033323170560,1780554034323170560,HTTP Connecting,ms,max,1.15
101,1780554033323170560,1780554034323170560,HTTP Connecting,ms,sum,1.15
101,1780554033323170560,1780554034323170560,HTTP Connecting,ms,p1,1.15
101,1780554033323170560,1780554034323170560,HTTP Connecting,ms,p5,1.15
101,1780554033323170560,1780554034323170560,HTTP Connecting,ms,p10,1.15
101,1780554033323170560,1780554034323170560,HTTP Connecting,ms,p25,1.15
101,1780554033323170560,1780554034323170560,HTTP Connecting,ms,p50,1.15
101,1780554033323170560,1780554034323170560,HTTP Connecting,ms,p75,1.15
101,1780554033323170560,1780554034323170560,HTTP Connecting,ms,p90,1.15
101,1780554033323170560,1780554034323170560,HTTP Connecting,ms,p95,1.15
101,1780554033323170560,1780554034323170560,HTTP Connecting,ms,p99,1.15
101,1780554033323170560,1780554034323170560,HTTP Connecting,ms,std,0.00
101,1780554033323170560,1780554034323170560,HTTP Connection Overhead,ms,avg,1.62
101,1780554033323170560,1780554034323170560,HTTP Connection Overhead,ms,min,1.62
101,1780554033323170560,1780554034323170560,HTTP Connection Overhead,ms,max,1.62
101,1780554033323170560,1780554034323170560,HTTP Connection Overhead,ms,sum,1.62
101,1780554033323170560,1780554034323170560,HTTP Connection Overhead,ms,p1,1.62
101,1780554033323170560,1780554034323170560,HTTP Connection Overhead,ms,p5,1.62
101,1780554033323170560,1780554034323170560,HTTP Connection Overhead,ms,p10,1.62
101,1780554033323170560,1780554034323170560,HTTP Connection Overhead,ms,p25,1.62
101,1780554033323170560,1780554034323170560,HTTP Connection Overhead,ms,p50,1.62
101,1780554033323170560,1780554034323170560,HTTP Connection Overhead,ms,p75,1.62
101,1780554033323170560,1780554034323170560,HTTP Connection Overhead,ms,p90,1.62
101,1780554033323170560,1780554034323170560,HTTP Connection Overhead,ms,p95,1.62
101,1780554033323170560,1780554034323170560,HTTP Connection Overhead,ms,p99,1.62
101,1780554033323170560,1780554034323170560,HTTP Connection Overhead,ms,std,0.00
101,1780554033323170560,1780554034323170560,HTTP Connection Reused,ratio,avg,0.00
101,1780554033323170560,1780554034323170560,HTTP Connection Reused,ratio,min,0.00
101,1780554033323170560,1780554034323170560,HTTP Connection Reused,ratio,max,0.00
101,1780554033323170560,1780554034323170560,HTTP Connection Reused,ratio,sum,0.00
101,1780554033323170560,1780554034323170560,HTTP Connection Reused,ratio,p1,0.00
101,1780554033323170560,1780554034323170560,HTTP Connection Reused,ratio,p5,0.00
101,1780554033323170560,1780554034323170560,HTTP Connection Reused,ratio,p10,0.00
101,1780554033323170560,1780554034323170560,HTTP Connection Reused,ratio,p25,0.00
101,1780554033323170560,1780554034323170560,HTTP Connection Reused,ratio,p50,0.00
101,1780554033323170560,1780554034323170560,HTTP Connection Reused,ratio,p75,0.00
101,1780554033323170560,1780554034323170560,HTTP Connection Reused,ratio,p90,0.00
101,1780554033323170560,1780554034323170560,HTTP Connection Reused,ratio,p95,0.00
101,1780554033323170560,1780554034323170560,HTTP Connection Reused,ratio,p99,0.00
101,1780554033323170560,1780554034323170560,HTTP Connection Reused,ratio,std,0.00
101,1780554033323170560,1780554034323170560,HTTP Data Received,KB,avg,160.63
101,1780554033323170560,1780554034323170560,HTTP Data Received,KB,min,160.63
101,1780554033323170560,1780554034323170560,HTTP Data Received,KB,max,160.63
101,1780554033323170560,1780554034323170560,HTTP Data Received,KB,sum,160.63
101,1780554033323170560,1780554034323170560,HTTP Data Received,KB,p1,160.63
101,1780554033323170560,1780554034323170560,HTTP Data Received,KB,p5,160.63
101,1780554033323170560,1780554034323170560,HTTP Data Received,KB,p10,160.63
101,1780554033323170560,1780554034323170560,HTTP Data Received,KB,p25,160.63
101,1780554033323170560,1780554034323170560,HTTP Data Received,KB,p50,160.63
101,1780554033323170560,1780554034323170560,HTTP Data Received,KB,p75,160.63
101,1780554033323170560,1780554034323170560,HTTP Data Received,KB,p90,160.63
101,1780554033323170560,1780554034323170560,HTTP Data Received,KB,p95,160.63
101,1780554033323170560,1780554034323170560,HTTP Data Received,KB,p99,160.63
101,1780554033323170560,1780554034323170560,HTTP Data Received,KB,std,0.00
101,1780554033323170560,1780554034323170560,HTTP Data Sent,KB,avg,540.73
101,1780554033323170560,1780554034323170560,HTTP Data Sent,KB,min,540.73
101,1780554033323170560,1780554034323170560,HTTP Data Sent,KB,max,540.73
101,1780554033323170560,1780554034323170560,HTTP Data Sent,KB,sum,540.73
101,1780554033323170560,1780554034323170560,HTTP Data Sent,KB,p1,540.73
101,1780554033323170560,1780554034323170560,HTTP Data Sent,KB,p5,540.73
101,1780554033323170560,1780554034323170560,HTTP Data Sent,KB,p10,540.73
101,1780554033323170560,1780554034323170560,HTTP Data Sent,KB,p25,540.73
101,1780554033323170560,1780554034323170560,HTTP Data Sent,KB,p50,540.73
101,1780554033323170560,1780554034323170560,HTTP Data Sent,KB,p75,540.73
101,1780554033323170560,1780554034323170560,HTTP Data Sent,KB,p90,540.73
101,1780554033323170560,1780554034323170560,HTTP Data Sent,KB,p95,540.73
101,1780554033323170560,1780554034323170560,HTTP Data Sent,KB,p99,540.73
101,1780554033323170560,1780554034323170560,HTTP Data Sent,KB,std,0.00
101,1780554033323170560,1780554034323170560,HTTP DNS Lookup,ms,avg,0.48
101,1780554033323170560,1780554034323170560,HTTP DNS Lookup,ms,min,0.48
101,1780554033323170560,1780554034323170560,HTTP DNS Lookup,ms,max,0.48
101,1780554033323170560,1780554034323170560,HTTP DNS Lookup,ms,sum,0.48
101,1780554033323170560,1780554034323170560,HTTP DNS Lookup,ms,p1,0.48
101,1780554033323170560,1780554034323170560,HTTP DNS Lookup,ms,p5,0.48
101,1780554033323170560,1780554034323170560,HTTP DNS Lookup,ms,p10,0.48
101,1780554033323170560,1780554034323170560,HTTP DNS Lookup,ms,p25,0.48
101,1780554033323170560,1780554034323170560,HTTP DNS Lookup,ms,p50,0.48
101,1780554033323170560,1780554034323170560,HTTP DNS Lookup,ms,p75,0.48
101,1780554033323170560,1780554034323170560,HTTP DNS Lookup,ms,p90,0.48
101,1780554033323170560,1780554034323170560,HTTP DNS Lookup,ms,p95,0.48
101,1780554033323170560,1780554034323170560,HTTP DNS Lookup,ms,p99,0.48
101,1780554033323170560,1780554034323170560,HTTP DNS Lookup,ms,std,0.00
101,1780554033323170560,1780554034323170560,HTTP Duration (excl. conn),ms,avg,149752.78
101,1780554033323170560,1780554034323170560,HTTP Duration (excl. conn),ms,min,149752.78
101,1780554033323170560,1780554034323170560,HTTP Duration (excl. conn),ms,max,149752.78
101,1780554033323170560,1780554034323170560,HTTP Duration (excl. conn),ms,sum,149752.78
101,1780554033323170560,1780554034323170560,HTTP Duration (excl. conn),ms,p1,149752.78
101,1780554033323170560,1780554034323170560,HTTP Duration (excl. conn),ms,p5,149752.78
101,1780554033323170560,1780554034323170560,HTTP Duration (excl. conn),ms,p10,149752.78
101,1780554033323170560,1780554034323170560,HTTP Duration (excl. conn),ms,p25,149752.78
101,1780554033323170560,1780554034323170560,HTTP Duration (excl. conn),ms,p50,149752.78
101,1780554033323170560,1780554034323170560,HTTP Duration (excl. conn),ms,p75,149752.78
101,1780554033323170560,1780554034323170560,HTTP Duration (excl. conn),ms,p90,149752.78
101,1780554033323170560,1780554034323170560,HTTP Duration (excl. conn),ms,p95,149752.78
101,1780554033323170560,1780554034323170560,HTTP Duration (excl. conn),ms,p99,149752.78
101,1780554033323170560,1780554034323170560,HTTP Duration (excl. conn),ms,std,0.00
101,1780554033323170560,1780554034323170560,HTTP Receiving,ms,avg,83602.21
101,1780554033323170560,1780554034323170560,HTTP Receiving,ms,min,83602.21
101,1780554033323170560,1780554034323170560,HTTP Receiving,ms,max,83602.21
101,1780554033323170560,1780554034323170560,HTTP Receiving,ms,sum,83602.21
101,1780554033323170560,1780554034323170560,HTTP Receiving,ms,p1,83602.21
101,1780554033323170560,1780554034323170560,HTTP Receiving,ms,p5,83602.21
101,1780554033323170560,1780554034323170560,HTTP Receiving,ms,p10,83602.21
101,1780554033323170560,1780554034323170560,HTTP Receiving,ms,p25,83602.21
101,1780554033323170560,1780554034323170560,HTTP Receiving,ms,p50,83602.21
101,1780554033323170560,1780554034323170560,HTTP Receiving,ms,p75,83602.21
101,1780554033323170560,1780554034323170560,HTTP Receiving,ms,p90,83602.21
101,1780554033323170560,1780554034323170560,HTTP Receiving,ms,p95,83602.21
101,1780554033323170560,1780554034323170560,HTTP Receiving,ms,p99,83602.21
101,1780554033323170560,1780554034323170560,HTTP Receiving,ms,std,0.00
101,1780554033323170560,1780554034323170560,HTTP Sending,ms,avg,1.45
101,1780554033323170560,1780554034323170560,HTTP Sending,ms,min,1.45
101,1780554033323170560,1780554034323170560,HTTP Sending,ms,max,1.45
101,1780554033323170560,1780554034323170560,HTTP Sending,ms,sum,1.45
101,1780554033323170560,1780554034323170560,HTTP Sending,ms,p1,1.45
101,1780554033323170560,1780554034323170560,HTTP Sending,ms,p5,1.45
101,1780554033323170560,1780554034323170560,HTTP Sending,ms,p10,1.45
101,1780554033323170560,1780554034323170560,HTTP Sending,ms,p25,1.45
101,1780554033323170560,1780554034323170560,HTTP Sending,ms,p50,1.45
101,1780554033323170560,1780554034323170560,HTTP Sending,ms,p75,1.45
101,1780554033323170560,1780554034323170560,HTTP Sending,ms,p90,1.45
101,1780554033323170560,1780554034323170560,HTTP Sending,ms,p95,1.45
101,1780554033323170560,1780554034323170560,HTTP Sending,ms,p99,1.45
101,1780554033323170560,1780554034323170560,HTTP Sending,ms,std,0.00
101,1780554033323170560,1780554034323170560,HTTP Total Time,ms,avg,149754.40
101,1780554033323170560,1780554034323170560,HTTP Total Time,ms,min,149754.40
101,1780554033323170560,1780554034323170560,HTTP Total Time,ms,max,149754.40
101,1780554033323170560,1780554034323170560,HTTP Total Time,ms,sum,149754.40
101,1780554033323170560,1780554034323170560,HTTP Total Time,ms,p1,149754.40
101,1780554033323170560,1780554034323170560,HTTP Total Time,ms,p5,149754.40
101,1780554033323170560,1780554034323170560,HTTP Total Time,ms,p10,149754.40
101,1780554033323170560,1780554034323170560,HTTP Total Time,ms,p25,149754.40
101,1780554033323170560,1780554034323170560,HTTP Total Time,ms,p50,149754.40
101,1780554033323170560,1780554034323170560,HTTP Total Time,ms,p75,149754.40
101,1780554033323170560,1780554034323170560,HTTP Total Time,ms,p90,149754.40
101,1780554033323170560,1780554034323170560,HTTP Total Time,ms,p95,149754.40
101,1780554033323170560,1780554034323170560,HTTP Total Time,ms,p99,149754.40
101,1780554033323170560,1780554034323170560,HTTP Total Time,ms,std,0.00
101,1780554033323170560,1780554034323170560,HTTP Waiting (TTFB),ms,avg,66149.12
101,1780554033323170560,1780554034323170560,HTTP Waiting (TTFB),ms,min,66149.12
101,1780554033323170560,1780554034323170560,HTTP Waiting (TTFB),ms,max,66149.12
101,1780554033323170560,1780554034323170560,HTTP Waiting (TTFB),ms,sum,66149.12
101,1780554033323170560,1780554034323170560,HTTP Waiting (TTFB),ms,p1,66149.12
101,1780554033323170560,1780554034323170560,HTTP Waiting (TTFB),ms,p5,66149.12
101,1780554033323170560,1780554034323170560,HTTP Waiting (TTFB),ms,p10,66149.12
101,1780554033323170560,1780554034323170560,HTTP Waiting (TTFB),ms,p25,66149.12
101,1780554033323170560,1780554034323170560,HTTP Waiting (TTFB),ms,p50,66149.12
101,1780554033323170560,1780554034323170560,HTTP Waiting (TTFB),ms,p75,66149.12
101,1780554033323170560,1780554034323170560,HTTP Waiting (TTFB),ms,p90,66149.12
101,1780554033323170560,1780554034323170560,HTTP Waiting (TTFB),ms,p95,66149.12
101,1780554033323170560,1780554034323170560,HTTP Waiting (TTFB),ms,p99,66149.12
101,1780554033323170560,1780554034323170560,HTTP Waiting (TTFB),ms,std,0.00
101,1780554033323170560,1780554034323170560,Input Sequence Length,tokens,avg,138044.00
101,1780554033323170560,1780554034323170560,Input Sequence Length,tokens,min,138044.00
101,1780554033323170560,1780554034323170560,Input Sequence Length,tokens,max,138044.00
101,1780554033323170560,1780554034323170560,Input Sequence Length,tokens,sum,138044.00
101,1780554033323170560,1780554034323170560,Input Sequence Length,tokens,p1,138044.00
101,1780554033323170560,1780554034323170560,Input Sequence Length,tokens,p5,138044.00
101,1780554033323170560,1780554034323170560,Input Sequence Length,tokens,p10,138044.00
101,1780554033323170560,1780554034323170560,Input Sequence Length,tokens,p25,138044.00
101,1780554033323170560,1780554034323170560,Input Sequence Length,tokens,p50,138044.00
101,1780554033323170560,1780554034323170560,Input Sequence Length,tokens,p75,138044.00
101,1780554033323170560,1780554034323170560,Input Sequence Length,tokens,p90,138044.00
101,1780554033323170560,1780554034323170560,Input Sequence Length,tokens,p95,138044.00
101,1780554033323170560,1780554034323170560,Input Sequence Length,tokens,p99,138044.00
101,1780554033323170560,1780554034323170560,Input Sequence Length,tokens,std,0.00
101,1780554033323170560,1780554034323170560,Input Token Throughput,tokens/sec,avg,138044.00
101,1780554033323170560,1780554034323170560,Inter Chunk Latency,ms,avg,67.71
101,1780554033323170560,1780554034323170560,Inter Chunk Latency,ms,min,67.70
101,1780554033323170560,1780554034323170560,Inter Chunk Latency,ms,max,67.72
101,1780554033323170560,1780554034323170560,Inter Chunk Latency,ms,sum,38799.20
101,1780554033323170560,1780554034323170560,Inter Chunk Latency,ms,p1,67.70
101,1780554033323170560,1780554034323170560,Inter Chunk Latency,ms,p5,67.70
101,1780554033323170560,1780554034323170560,Inter Chunk Latency,ms,p10,67.70
101,1780554033323170560,1780554034323170560,Inter Chunk Latency,ms,p25,67.71
101,1780554033323170560,1780554034323170560,Inter Chunk Latency,ms,p50,67.71
101,1780554033323170560,1780554034323170560,Inter Chunk Latency,ms,p75,67.72
101,1780554033323170560,1780554034323170560,Inter Chunk Latency,ms,p90,67.72
101,1780554033323170560,1780554034323170560,Inter Chunk Latency,ms,p95,67.72
101,1780554033323170560,1780554034323170560,Inter Chunk Latency,ms,p99,67.72
101,1780554033323170560,1780554034323170560,Inter Chunk Latency,ms,std,0.01
101,1780554033323170560,1780554034323170560,Inter Token Latency,ms,avg,130.02
101,1780554033323170560,1780554034323170560,Inter Token Latency,ms,min,130.02
101,1780554033323170560,1780554034323170560,Inter Token Latency,ms,max,130.02
101,1780554033323170560,1780554034323170560,Inter Token Latency,ms,sum,130.02
101,1780554033323170560,1780554034323170560,Inter Token Latency,ms,p1,130.02
101,1780554033323170560,1780554034323170560,Inter Token Latency,ms,p5,130.02
101,1780554033323170560,1780554034323170560,Inter Token Latency,ms,p10,130.02
101,1780554033323170560,1780554034323170560,Inter Token Latency,ms,p25,130.02
101,1780554033323170560,1780554034323170560,Inter Token Latency,ms,p50,130.02
101,1780554033323170560,1780554034323170560,Inter Token Latency,ms,p75,130.02
101,1780554033323170560,1780554034323170560,Inter Token Latency,ms,p90,130.02
101,1780554033323170560,1780554034323170560,Inter Token Latency,ms,p95,130.02
101,1780554033323170560,1780554034323170560,Inter Token Latency,ms,p99,130.02
101,1780554033323170560,1780554034323170560,Inter Token Latency,ms,std,0.00
101,1780554033323170560,1780554034323170560,Maximum Response Timestamp,ns,avg,1780554183786619904.00
101,1780554033323170560,1780554034323170560,Minimum Request Timestamp,ns,avg,1780554034033720320.00
101,1780554033323170560,1780554034323170560,OSL Mismatch Count,requests,avg,0.00
101,1780554033323170560,1780554034323170560,OSL Mismatch Diff %,%,avg,0.00
101,1780554033323170560,1780554034323170560,OSL Mismatch Diff %,%,min,0.00
101,1780554033323170560,1780554034323170560,OSL Mismatch Diff %,%,max,0.00
101,1780554033323170560,1780554034323170560,OSL Mismatch Diff %,%,sum,0.00
101,1780554033323170560,1780554034323170560,OSL Mismatch Diff %,%,p1,0.00
101,1780554033323170560,1780554034323170560,OSL Mismatch Diff %,%,p5,0.00
101,1780554033323170560,1780554034323170560,OSL Mismatch Diff %,%,p10,0.00
101,1780554033323170560,1780554034323170560,OSL Mismatch Diff %,%,p25,0.00
101,1780554033323170560,1780554034323170560,OSL Mismatch Diff %,%,p50,0.00
101,1780554033323170560,1780554034323170560,OSL Mismatch Diff %,%,p75,0.00
101,1780554033323170560,1780554034323170560,OSL Mismatch Diff %,%,p90,0.00
101,1780554033323170560,1780554034323170560,OSL Mismatch Diff %,%,p95,0.00
101,1780554033323170560,1780554034323170560,OSL Mismatch Diff %,%,p99,0.00
101,1780554033323170560,1780554034323170560,OSL Mismatch Diff %,%,std,0.00
101,1780554033323170560,1780554034323170560,Output Sequence Length,tokens,avg,644.00
101,1780554033323170560,1780554034323170560,Output Sequence Length,tokens,min,644.00
101,1780554033323170560,1780554034323170560,Output Sequence Length,tokens,max,644.00
101,1780554033323170560,1780554034323170560,Output Sequence Length,tokens,sum,644.00
101,1780554033323170560,1780554034323170560,Output Sequence Length,tokens,p1,644.00
101,1780554033323170560,1780554034323170560,Output Sequence Length,tokens,p5,644.00
101,1780554033323170560,1780554034323170560,Output Sequence Length,tokens,p10,644.00
101,1780554033323170560,1780554034323170560,Output Sequence Length,tokens,p25,644.00
101,1780554033323170560,1780554034323170560,Output Sequence Length,tokens,p50,644.00
101,1780554033323170560,1780554034323170560,Output Sequence Length,tokens,p75,644.00
101,1780554033323170560,1780554034323170560,Output Sequence Length,tokens,p90,644.00
101,1780554033323170560,1780554034323170560,Output Sequence Length,tokens,p95,644.00
101,1780554033323170560,1780554034323170560,Output Sequence Length,tokens,p99,644.00
101,1780554033323170560,1780554034323170560,Output Sequence Length,tokens,std,0.00
101,1780554033323170560,1780554034323170560,Output Token Count,tokens,avg,644.00
101,1780554033323170560,1780554034323170560,Output Token Count,tokens,min,644.00
101,1780554033323170560,1780554034323170560,Output Token Count,tokens,max,644.00
101,1780554033323170560,1780554034323170560,Output Token Count,tokens,sum,644.00
101,1780554033323170560,1780554034323170560,Output Token Count,tokens,p1,644.00
101,1780554033323170560,1780554034323170560,Output Token Count,tokens,p5,644.00
101,1780554033323170560,1780554034323170560,Output Token Count,tokens,p10,644.00
101,1780554033323170560,1780554034323170560,Output Token Count,tokens,p25,644.00
101,1780554033323170560,1780554034323170560,Output Token Count,tokens,p50,644.00
101,1780554033323170560,1780554034323170560,Output Token Count,tokens,p75,644.00
101,1780554033323170560,1780554034323170560,Output Token Count,tokens,p90,644.00
101,1780554033323170560,1780554034323170560,Output Token Count,tokens,p95,644.00
101,1780554033323170560,1780554034323170560,Output Token Count,tokens,p99,644.00
101,1780554033323170560,1780554034323170560,Output Token Count,tokens,std,0.00
101,1780554033323170560,1780554034323170560,Output Token Throughput,tokens/sec,avg,644.00
101,1780554033323170560,1780554034323170560,Output Token Throughput Per User,tokens/sec/user,avg,7.69
101,1780554033323170560,1780554034323170560,Output Token Throughput Per User,tokens/sec/user,min,7.69
101,1780554033323170560,1780554034323170560,Output Token Throughput Per User,tokens/sec/user,max,7.69
101,1780554033323170560,1780554034323170560,Output Token Throughput Per User,tokens/sec/user,sum,7.69
101,1780554033323170560,1780554034323170560,Output Token Throughput Per User,tokens/sec/user,p1,7.69
101,1780554033323170560,1780554034323170560,Output Token Throughput Per User,tokens/sec/user,p5,7.69
101,1780554033323170560,1780554034323170560,Output Token Throughput Per User,tokens/sec/user,p10,7.69
101,1780554033323170560,1780554034323170560,Output Token Throughput Per User,tokens/sec/user,p25,7.69
101,1780554033323170560,1780554034323170560,Output Token Throughput Per User,tokens/sec/user,p50,7.69
101,1780554033323170560,1780554034323170560,Output Token Throughput Per User,tokens/sec/user,p75,7.69
101,1780554033323170560,1780554034323170560,Output Token Throughput Per User,tokens/sec/user,p90,7.69
101,1780554033323170560,1780554034323170560,Output Token Throughput Per User,tokens/sec/user,p95,7.69
101,1780554033323170560,1780554034323170560,Output Token Throughput Per User,tokens/sec/user,p99,7.69
101,1780554033323170560,1780554034323170560,Output Token Throughput Per User,tokens/sec/user,std,0.00
101,1780554033323170560,1780554034323170560,Prefill Throughput Per User,tokens/sec/user,avg,2086.81
101,1780554033323170560,1780554034323170560,Prefill Throughput Per User,tokens/sec/user,min,2086.81
101,1780554033323170560,1780554034323170560,Prefill Throughput Per User,tokens/sec/user,max,2086.81
101,1780554033323170560,1780554034323170560,Prefill Throughput Per User,tokens/sec/user,sum,2086.81
101,1780554033323170560,1780554034323170560,Prefill Throughput Per User,tokens/sec/user,p1,2086.81
101,1780554033323170560,1780554034323170560,Prefill Throughput Per User,tokens/sec/user,p5,2086.81
101,1780554033323170560,1780554034323170560,Prefill Throughput Per User,tokens/sec/user,p10,2086.81
101,1780554033323170560,1780554034323170560,Prefill Throughput Per User,tokens/sec/user,p25,2086.81
101,1780554033323170560,1780554034323170560,Prefill Throughput Per User,tokens/sec/user,p50,2086.81
101,1780554033323170560,1780554034323170560,Prefill Throughput Per User,tokens/sec/user,p75,2086.81
101,1780554033323170560,1780554034323170560,Prefill Throughput Per User,tokens/sec/user,p90,2086.81
101,1780554033323170560,1780554034323170560,Prefill Throughput Per User,tokens/sec/user,p95,2086.81
101,1780554033323170560,1780554034323170560,Prefill Throughput Per User,tokens/sec/user,p99,2086.81
101,1780554033323170560,1780554034323170560,Prefill Throughput Per User,tokens/sec/user,std,0.00
101,1780554033323170560,1780554034323170560,Request Count,requests,avg,1.00
101,1780554033323170560,1780554034323170560,Request Latency,ms,avg,149752.90
101,1780554033323170560,1780554034323170560,Request Latency,ms,min,149752.90
101,1780554033323170560,1780554034323170560,Request Latency,ms,max,149752.90
101,1780554033323170560,1780554034323170560,Request Latency,ms,sum,149752.90
101,1780554033323170560,1780554034323170560,Request Latency,ms,p1,149752.90
101,1780554033323170560,1780554034323170560,Request Latency,ms,p5,149752.90
101,1780554033323170560,1780554034323170560,Request Latency,ms,p10,149752.90
101,1780554033323170560,1780554034323170560,Request Latency,ms,p25,149752.90
101,1780554033323170560,1780554034323170560,Request Latency,ms,p50,149752.90
101,1780554033323170560,1780554034323170560,Request Latency,ms,p75,149752.90
101,1780554033323170560,1780554034323170560,Request Latency,ms,p90,149752.90
101,1780554033323170560,1780554034323170560,Request Latency,ms,p95,149752.90
101,1780554033323170560,1780554034323170560,Request Latency,ms,p99,149752.90
101,1780554033323170560,1780554034323170560,Request Latency,ms,std,0.00
101,1780554033323170560,1780554034323170560,Request Throughput,requests/sec,avg,1.00
101,1780554033323170560,1780554034323170560,Requested OSL,tokens,avg,644.00
101,1780554033323170560,1780554034323170560,Requested OSL,tokens,min,644.00
101,1780554033323170560,1780554034323170560,Requested OSL,tokens,max,644.00
101,1780554033323170560,1780554034323170560,Requested OSL,tokens,sum,644.00
101,1780554033323170560,1780554034323170560,Requested OSL,tokens,p1,644.00
101,1780554033323170560,1780554034323170560,Requested OSL,tokens,p5,644.00
101,1780554033323170560,1780554034323170560,Requested OSL,tokens,p10,644.00
101,1780554033323170560,1780554034323170560,Requested OSL,tokens,p25,644.00
101,1780554033323170560,1780554034323170560,Requested OSL,tokens,p50,644.00
101,1780554033323170560,1780554034323170560,Requested OSL,tokens,p75,644.00
101,1780554033323170560,1780554034323170560,Requested OSL,tokens,p90,644.00
101,1780554033323170560,1780554034323170560,Requested OSL,tokens,p95,644.00
101,1780554033323170560,1780554034323170560,Requested OSL,tokens,p99,644.00
101,1780554033323170560,1780554034323170560,Requested OSL,tokens,std,0.00
101,1780554033323170560,1780554034323170560,Time to First Output Token,ms,avg,66150.70
101,1780554033323170560,1780554034323170560,Time to First Output Token,ms,min,66150.70
101,1780554033323170560,1780554034323170560,Time to First Output Token,ms,max,66150.70
101,1780554033323170560,1780554034323170560,Time to First Output Token,ms,sum,66150.70
101,1780554033323170560,1780554034323170560,Time to First Output Token,ms,p1,66150.70
101,1780554033323170560,1780554034323170560,Time to First Output Token,ms,p5,66150.70
101,1780554033323170560,1780554034323170560,Time to First Output Token,ms,p10,66150.70
101,1780554033323170560,1780554034323170560,Time to First Output Token,ms,p25,66150.70
101,1780554033323170560,1780554034323170560,Time to First Output Token,ms,p50,66150.70
101,1780554033323170560,1780554034323170560,Time to First Output Token,ms,p75,66150.70
101,1780554033323170560,1780554034323170560,Time to First Output Token,ms,p90,66150.70
101,1780554033323170560,1780554034323170560,Time to First Output Token,ms,p95,66150.70
101,1780554033323170560,1780554034323170560,Time to First Output Token,ms,p99,66150.70
101,1780554033323170560,1780554034323170560,Time to First Output Token,ms,std,0.00
101,1780554033323170560,1780554034323170560,Time to First Token,ms,avg,66150.70
101,1780554033323170560,1780554034323170560,Time to First Token,ms,min,66150.70
101,1780554033323170560,1780554034323170560,Time to First Token,ms,max,66150.70
101,1780554033323170560,1780554034323170560,Time to First Token,ms,sum,66150.70
101,1780554033323170560,1780554034323170560,Time to First Token,ms,p1,66150.70
101,1780554033323170560,1780554034323170560,Time to First Token,ms,p5,66150.70
101,1780554033323170560,1780554034323170560,Time to First Token,ms,p10,66150.70
101,1780554033323170560,1780554034323170560,Time to First Token,ms,p25,66150.70
101,1780554033323170560,1780554034323170560,Time to First Token,ms,p50,66150.70
101,1780554033323170560,1780554034323170560,Time to First Token,ms,p75,66150.70
101,1780554033323170560,1780554034323170560,Time to First Token,ms,p90,66150.70
101,1780554033323170560,1780554034323170560,Time to First Token,ms,p95,66150.70
101,1780554033323170560,1780554034323170560,Time to First Token,ms,p99,66150.70
101,1780554033323170560,1780554034323170560,Time to First Token,ms,std,0.00
101,1780554033323170560,1780554034323170560,Time to Second Token,ms,avg,135.36
101,1780554033323170560,1780554034323170560,Time to Second Token,ms,min,135.36
101,1780554033323170560,1780554034323170560,Time to Second Token,ms,max,135.36
101,1780554033323170560,1780554034323170560,Time to Second Token,ms,sum,135.36
101,1780554033323170560,1780554034323170560,Time to Second Token,ms,p1,135.36
101,1780554033323170560,1780554034323170560,Time to Second Token,ms,p5,135.36
101,1780554033323170560,1780554034323170560,Time to Second Token,ms,p10,135.36
101,1780554033323170560,1780554034323170560,Time to Second Token,ms,p25,135.36
101,1780554033323170560,1780554034323170560,Time to Second Token,ms,p50,135.36
101,1780554033323170560,1780554034323170560,Time to Second Token,ms,p75,135.36
101,1780554033323170560,1780554034323170560,Time to Second Token,ms,p90,135.36
101,1780554033323170560,1780554034323170560,Time to Second Token,ms,p95,135.36
101,1780554033323170560,1780554034323170560,Time to Second Token,ms,p99,135.36
101,1780554033323170560,1780554034323170560,Time to Second Token,ms,std,0.00
101,1780554033323170560,1780554034323170560,Tokens In Flight,tokens,avg,1339954.96
101,1780554033323170560,1780554034323170560,Tokens In Flight,tokens,min,1299960.73
101,1780554033323170560,1780554034323170560,Tokens In Flight,tokens,max,1438080.01
101,1780554033323170560,1780554034323170560,Tokens In Flight,tokens,p50,1299997.35
101,1780554033323170560,1780554034323170560,Tokens In Flight,tokens,p90,1438071.87
101,1780554033323170560,1780554034323170560,Tokens In Flight,tokens,p95,1438075.93
101,1780554033323170560,1780554034323170560,Tokens In Flight,tokens,p99,1438078.00
101,1780554033323170560,1780554034323170560,Tokens In Flight,tokens,std,62620.97
101,1780554033323170560,1780554034323170560,Total Input Sequence Length,tokens,avg,138044.00
101,1780554033323170560,1780554034323170560,Total Output Sequence Length,tokens,avg,644.00
101,1780554033323170560,1780554034323170560,Total Output Tokens,tokens,avg,644.00
101,1780554033323170560,1780554034323170560,Total Token Throughput,tokens/sec,avg,138688.00
101,1780554033323170560,1780554034323170560,Total Usage Completion Tokens,tokens,avg,644.00
101,1780554033323170560,1780554034323170560,Total Usage Prompt Tokens,tokens,avg,138044.00
101,1780554033323170560,1780554034323170560,Total Usage Total Tokens,tokens,avg,138688.00
101,1780554033323170560,1780554034323170560,Usage Completion Tokens,tokens,avg,644.00
101,1780554033323170560,1780554034323170560,Usage Completion Tokens,tokens,min,644.00
101,1780554033323170560,1780554034323170560,Usage Completion Tokens,tokens,max,644.00
101,1780554033323170560,1780554034323170560,Usage Completion Tokens,tokens,sum,644.00
101,1780554033323170560,1780554034323170560,Usage Completion Tokens,tokens,p1,644.00
101,1780554033323170560,1780554034323170560,Usage Completion Tokens,tokens,p5,644.00
101,1780554033323170560,1780554034323170560,Usage Completion Tokens,tokens,p10,644.00
101,1780554033323170560,1780554034323170560,Usage Completion Tokens,tokens,p25,644.00
101,1780554033323170560,1780554034323170560,Usage Completion Tokens,tokens,p50,644.00
101,1780554033323170560,1780554034323170560,Usage Completion Tokens,tokens,p75,644.00
101,1780554033323170560,1780554034323170560,Usage Completion Tokens,tokens,p90,644.00
101,1780554033323170560,1780554034323170560,Usage Completion Tokens,tokens,p95,644.00
101,1780554033323170560,1780554034323170560,Usage Completion Tokens,tokens,p99,644.00
101,1780554033323170560,1780554034323170560,Usage Completion Tokens,tokens,std,0.00
101,1780554033323170560,1780554034323170560,Usage Prompt Tokens,tokens,avg,138044.00
101,1780554033323170560,1780554034323170560,Usage Prompt Tokens,tokens,min,138044.00
101,1780554033323170560,1780554034323170560,Usage Prompt Tokens,tokens,max,138044.00
101,1780554033323170560,1780554034323170560,Usage Prompt Tokens,tokens,sum,138044.00
101,1780554033323170560,1780554034323170560,Usage Prompt Tokens,tokens,p1,138044.00
101,1780554033323170560,1780554034323170560,Usage Prompt Tokens,tokens,p5,138044.00
101,1780554033323170560,1780554034323170560,Usage Prompt Tokens,tokens,p10,138044.00
101,1780554033323170560,1780554034323170560,Usage Prompt Tokens,tokens,p25,138044.00
101,1780554033323170560,1780554034323170560,Usage Prompt Tokens,tokens,p50,138044.00
101,1780554033323170560,1780554034323170560,Usage Prompt Tokens,tokens,p75,138044.00
101,1780554033323170560,1780554034323170560,Usage Prompt Tokens,tokens,p90,138044.00
101,1780554033323170560,1780554034323170560,Usage Prompt Tokens,tokens,p95,138044.00
101,1780554033323170560,1780554034323170560,Usage Prompt Tokens,tokens,p99,138044.00
101,1780554033323170560,1780554034323170560,Usage Prompt Tokens,tokens,std,0.00
101,1780554033323170560,1780554034323170560,Usage Total Tokens,tokens,avg,138688.00
101,1780554033323170560,1780554034323170560,Usage Total Tokens,tokens,min,138688.00
101,1780554033323170560,1780554034323170560,Usage Total Tokens,tokens,max,138688.00
101,1780554033323170560,1780554034323170560,Usage Total Tokens,tokens,sum,138688.00
101,1780554033323170560,1780554034323170560,Usage Total Tokens,tokens,p1,138688.00
101,1780554033323170560,1780554034323170560,Usage Total Tokens,tokens,p5,138688.00
101,1780554033323170560,1780554034323170560,Usage Total Tokens,tokens,p10,138688.00
101,1780554033323170560,1780554034323170560,Usage Total Tokens,tokens,p25,138688.00
101,1780554033323170560,1780554034323170560,Usage Total Tokens,tokens,p50,138688.00
101,1780554033323170560,1780554034323170560,Usage Total Tokens,tokens,p75,138688.00
101,1780554033323170560,1780554034323170560,Usage Total Tokens,tokens,p90,138688.00
101,1780554033323170560,1780554034323170560,Usage Total Tokens,tokens,p95,138688.00
101,1780554033323170560,1780554034323170560,Usage Total Tokens,tokens,p99,138688.00
101,1780554033323170560,1780554034323170560,Usage Total Tokens,tokens,std,0.00
102,1780554046323170560,1780554047323170560,Active Decode Throughput,tokens/sec,avg,83.35
102,1780554046323170560,1780554047323170560,Active Decode Throughput,tokens/sec,min,59.90
102,1780554046323170560,1780554047323170560,Active Decode Throughput,tokens/sec,max,107.63
102,1780554046323170560,1780554047323170560,Active Decode Throughput,tokens/sec,p50,77.37
102,1780554046323170560,1780554047323170560,Active Decode Throughput,tokens/sec,p90,92.50
102,1780554046323170560,1780554047323170560,Active Decode Throughput,tokens/sec,p95,92.50
102,1780554046323170560,1780554047323170560,Active Decode Throughput,tokens/sec,p99,92.50
102,1780554046323170560,1780554047323170560,Active Decode Throughput,tokens/sec,std,7.40
102,1780554046323170560,1780554047323170560,Active Decode Throughput Per User,tokens/sec/user,avg,7.58
102,1780554046323170560,1780554047323170560,Active Decode Throughput Per User,tokens/sec/user,min,5.45
102,1780554046323170560,1780554047323170560,Active Decode Throughput Per User,tokens/sec/user,max,9.78
102,1780554046323170560,1780554047323170560,Active Decode Throughput Per User,tokens/sec/user,p50,7.03
102,1780554046323170560,1780554047323170560,Active Decode Throughput Per User,tokens/sec/user,p90,8.41
102,1780554046323170560,1780554047323170560,Active Decode Throughput Per User,tokens/sec/user,p95,8.41
102,1780554046323170560,1780554047323170560,Active Decode Throughput Per User,tokens/sec/user,p99,8.41
102,1780554046323170560,1780554047323170560,Active Decode Throughput Per User,tokens/sec/user,std,0.67
102,1780554046323170560,1780554047323170560,Active Prefill Throughput,tokens/sec,avg,4546.24
102,1780554046323170560,1780554047323170560,Active Prefill Throughput,tokens/sec,min,3398.39
102,1780554046323170560,1780554047323170560,Active Prefill Throughput,tokens/sec,max,5474.43
102,1780554046323170560,1780554047323170560,Active Prefill Throughput,tokens/sec,p50,4666.93
102,1780554046323170560,1780554047323170560,Active Prefill Throughput,tokens/sec,p90,5474.43
102,1780554046323170560,1780554047323170560,Active Prefill Throughput,tokens/sec,p95,5474.43
102,1780554046323170560,1780554047323170560,Active Prefill Throughput,tokens/sec,p99,5474.43
102,1780554046323170560,1780554047323170560,Active Prefill Throughput,tokens/sec,std,967.62
102,1780554046323170560,1780554047323170560,Active Prefill Throughput Per User,tokens/sec/user,avg,1523.78
102,1780554046323170560,1780554047323170560,Active Prefill Throughput Per User,tokens/sec/user,min,1368.61
102,1780554046323170560,1780554047323170560,Active Prefill Throughput Per User,tokens/sec/user,max,1699.19
102,1780554046323170560,1780554047323170560,Active Prefill Throughput Per User,tokens/sec/user,p50,1555.64
102,1780554046323170560,1780554047323170560,Active Prefill Throughput Per User,tokens/sec/user,p90,1699.19
102,1780554046323170560,1780554047323170560,Active Prefill Throughput Per User,tokens/sec/user,p95,1699.19
102,1780554046323170560,1780554047323170560,Active Prefill Throughput Per User,tokens/sec/user,p99,1699.19
102,1780554046323170560,1780554047323170560,Active Prefill Throughput Per User,tokens/sec/user,std,154.38
102,1780554046323170560,1780554047323170560,Active Total Throughput,tokens/sec,avg,4635.70
102,1780554046323170560,1780554047323170560,Active Total Throughput,tokens/sec,min,3487.84
102,1780554046323170560,1780554047323170560,Active Total Throughput,tokens/sec,max,5563.89
102,1780554046323170560,1780554047323170560,Active Total Throughput,tokens/sec,p50,4756.38
102,1780554046323170560,1780554047323170560,Active Total Throughput,tokens/sec,p90,5563.89
102,1780554046323170560,1780554047323170560,Active Total Throughput,tokens/sec,p95,5563.89
102,1780554046323170560,1780554047323170560,Active Total Throughput,tokens/sec,p99,5563.89
102,1780554046323170560,1780554047323170560,Active Total Throughput,tokens/sec,std,967.62
102,1780554046323170560,1780554047323170560,Benchmark Duration,sec,avg,219.06
102,1780554046323170560,1780554047323170560,E2E Output Token Throughput,tokens/sec/user,avg,4.68
102,1780554046323170560,1780554047323170560,E2E Output Token Throughput,tokens/sec/user,min,4.66
102,1780554046323170560,1780554047323170560,E2E Output Token Throughput,tokens/sec/user,max,4.70
102,1780554046323170560,1780554047323170560,E2E Output Token Throughput,tokens/sec/user,sum,9.36
102,1780554046323170560,1780554047323170560,E2E Output Token Throughput,tokens/sec/user,p1,4.66
102,1780554046323170560,1780554047323170560,E2E Output Token Throughput,tokens/sec/user,p5,4.67
102,1780554046323170560,1780554047323170560,E2E Output Token Throughput,tokens/sec/user,p10,4.67
102,1780554046323170560,1780554047323170560,E2E Output Token Throughput,tokens/sec/user,p25,4.67
102,1780554046323170560,1780554047323170560,E2E Output Token Throughput,tokens/sec/user,p50,4.68
102,1780554046323170560,1780554047323170560,E2E Output Token Throughput,tokens/sec/user,p75,4.69
102,1780554046323170560,1780554047323170560,E2E Output Token Throughput,tokens/sec/user,p90,4.69
102,1780554046323170560,1780554047323170560,E2E Output Token Throughput,tokens/sec/user,p95,4.69
102,1780554046323170560,1780554047323170560,E2E Output Token Throughput,tokens/sec/user,p99,4.70
102,1780554046323170560,1780554047323170560,E2E Output Token Throughput,tokens/sec/user,std,0.02
102,1780554046323170560,1780554047323170560,Effective Concurrency,requests,avg,14.08
102,1780554046323170560,1780554047323170560,Effective Concurrency,requests,min,13.00
102,1780554046323170560,1780554047323170560,Effective Concurrency,requests,max,15.00
102,1780554046323170560,1780554047323170560,Effective Concurrency,requests,p50,14.00
102,1780554046323170560,1780554047323170560,Effective Concurrency,requests,p90,15.00
102,1780554046323170560,1780554047323170560,Effective Concurrency,requests,p95,15.00
102,1780554046323170560,1780554047323170560,Effective Concurrency,requests,p99,15.00
102,1780554046323170560,1780554047323170560,Effective Concurrency,requests,std,0.93
102,1780554046323170560,1780554047323170560,Effective Decode Concurrency,requests,avg,11.00
102,1780554046323170560,1780554047323170560,Effective Decode Concurrency,requests,min,11.00
102,1780554046323170560,1780554047323170560,Effective Decode Concurrency,requests,max,11.00
102,1780554046323170560,1780554047323170560,Effective Decode Concurrency,requests,p50,11.00
102,1780554046323170560,1780554047323170560,Effective Decode Concurrency,requests,p90,11.00
102,1780554046323170560,1780554047323170560,Effective Decode Concurrency,requests,p95,11.00
102,1780554046323170560,1780554047323170560,Effective Decode Concurrency,requests,p99,11.00
102,1780554046323170560,1780554047323170560,Effective Decode Concurrency,requests,std,0.00
102,1780554046323170560,1780554047323170560,Effective Decode Throughput,tokens/sec,avg,83.35
102,1780554046323170560,1780554047323170560,Effective Decode Throughput,tokens/sec,min,59.90
102,1780554046323170560,1780554047323170560,Effective Decode Throughput,tokens/sec,max,107.63
102,1780554046323170560,1780554047323170560,Effective Decode Throughput,tokens/sec,p50,77.37
102,1780554046323170560,1780554047323170560,Effective Decode Throughput,tokens/sec,p90,92.50
102,1780554046323170560,1780554047323170560,Effective Decode Throughput,tokens/sec,p95,92.50
102,1780554046323170560,1780554047323170560,Effective Decode Throughput,tokens/sec,p99,92.50
102,1780554046323170560,1780554047323170560,Effective Decode Throughput,tokens/sec,std,7.40
102,1780554046323170560,1780554047323170560,Effective Decode Throughput Per User,tokens/sec/user,avg,7.58
102,1780554046323170560,1780554047323170560,Effective Decode Throughput Per User,tokens/sec/user,min,5.45
102,1780554046323170560,1780554047323170560,Effective Decode Throughput Per User,tokens/sec/user,max,9.78
102,1780554046323170560,1780554047323170560,Effective Decode Throughput Per User,tokens/sec/user,p50,7.03
102,1780554046323170560,1780554047323170560,Effective Decode Throughput Per User,tokens/sec/user,p90,8.41
102,1780554046323170560,1780554047323170560,Effective Decode Throughput Per User,tokens/sec/user,p95,8.41
102,1780554046323170560,1780554047323170560,Effective Decode Throughput Per User,tokens/sec/user,p99,8.41
102,1780554046323170560,1780554047323170560,Effective Decode Throughput Per User,tokens/sec/user,std,0.67
102,1780554046323170560,1780554047323170560,Effective Prefill Concurrency,requests,avg,3.08
102,1780554046323170560,1780554047323170560,Effective Prefill Concurrency,requests,min,2.00
102,1780554046323170560,1780554047323170560,Effective Prefill Concurrency,requests,max,4.00
102,1780554046323170560,1780554047323170560,Effective Prefill Concurrency,requests,p50,3.00
102,1780554046323170560,1780554047323170560,Effective Prefill Concurrency,requests,p90,4.00
102,1780554046323170560,1780554047323170560,Effective Prefill Concurrency,requests,p95,4.00
102,1780554046323170560,1780554047323170560,Effective Prefill Concurrency,requests,p99,4.00
102,1780554046323170560,1780554047323170560,Effective Prefill Concurrency,requests,std,0.93
102,1780554046323170560,1780554047323170560,Effective Prefill Throughput,tokens/sec,avg,4546.24
102,1780554046323170560,1780554047323170560,Effective Prefill Throughput,tokens/sec,min,3398.39
102,1780554046323170560,1780554047323170560,Effective Prefill Throughput,tokens/sec,max,5474.43
102,1780554046323170560,1780554047323170560,Effective Prefill Throughput,tokens/sec,p50,4666.93
102,1780554046323170560,1780554047323170560,Effective Prefill Throughput,tokens/sec,p90,5474.43
102,1780554046323170560,1780554047323170560,Effective Prefill Throughput,tokens/sec,p95,5474.43
102,1780554046323170560,1780554047323170560,Effective Prefill Throughput,tokens/sec,p99,5474.43
102,1780554046323170560,1780554047323170560,Effective Prefill Throughput,tokens/sec,std,967.62
102,1780554046323170560,1780554047323170560,Effective Prefill Throughput Per User,tokens/sec/user,avg,1523.78
102,1780554046323170560,1780554047323170560,Effective Prefill Throughput Per User,tokens/sec/user,min,1368.61
102,1780554046323170560,1780554047323170560,Effective Prefill Throughput Per User,tokens/sec/user,max,1699.19
102,1780554046323170560,1780554047323170560,Effective Prefill Throughput Per User,tokens/sec/user,p50,1555.64
102,1780554046323170560,1780554047323170560,Effective Prefill Throughput Per User,tokens/sec/user,p90,1699.19
102,1780554046323170560,1780554047323170560,Effective Prefill Throughput Per User,tokens/sec/user,p95,1699.19
102,1780554046323170560,1780554047323170560,Effective Prefill Throughput Per User,tokens/sec/user,p99,1699.19
102,1780554046323170560,1780554047323170560,Effective Prefill Throughput Per User,tokens/sec/user,std,154.38
102,1780554046323170560,1780554047323170560,Effective Total Throughput,tokens/sec,avg,4635.70
102,1780554046323170560,1780554047323170560,Effective Total Throughput,tokens/sec,min,3487.84
102,1780554046323170560,1780554047323170560,Effective Total Throughput,tokens/sec,max,5563.89
102,1780554046323170560,1780554047323170560,Effective Total Throughput,tokens/sec,p50,4756.38
102,1780554046323170560,1780554047323170560,Effective Total Throughput,tokens/sec,p90,5563.89
102,1780554046323170560,1780554047323170560,Effective Total Throughput,tokens/sec,p95,5563.89
102,1780554046323170560,1780554047323170560,Effective Total Throughput,tokens/sec,p99,5563.89
102,1780554046323170560,1780554047323170560,Effective Total Throughput,tokens/sec,std,967.62
102,1780554046323170560,1780554047323170560,HTTP Blocked,ms,avg,0.00
102,1780554046323170560,1780554047323170560,HTTP Blocked,ms,min,0.00
102,1780554046323170560,1780554047323170560,HTTP Blocked,ms,max,0.00
102,1780554046323170560,1780554047323170560,HTTP Blocked,ms,sum,0.00
102,1780554046323170560,1780554047323170560,HTTP Blocked,ms,p1,0.00
102,1780554046323170560,1780554047323170560,HTTP Blocked,ms,p5,0.00
102,1780554046323170560,1780554047323170560,HTTP Blocked,ms,p10,0.00
102,1780554046323170560,1780554047323170560,HTTP Blocked,ms,p25,0.00
102,1780554046323170560,1780554047323170560,HTTP Blocked,ms,p50,0.00
102,1780554046323170560,1780554047323170560,HTTP Blocked,ms,p75,0.00
102,1780554046323170560,1780554047323170560,HTTP Blocked,ms,p90,0.00
102,1780554046323170560,1780554047323170560,HTTP Blocked,ms,p95,0.00
102,1780554046323170560,1780554047323170560,HTTP Blocked,ms,p99,0.00
102,1780554046323170560,1780554047323170560,HTTP Blocked,ms,std,0.00
102,1780554046323170560,1780554047323170560,HTTP Chunks Received,count,avg,792.00
102,1780554046323170560,1780554047323170560,HTTP Chunks Received,count,min,563.00
102,1780554046323170560,1780554047323170560,HTTP Chunks Received,count,max,1021.00
102,1780554046323170560,1780554047323170560,HTTP Chunks Received,count,sum,1584.00
102,1780554046323170560,1780554047323170560,HTTP Chunks Received,count,p1,567.58
102,1780554046323170560,1780554047323170560,HTTP Chunks Received,count,p5,585.90
102,1780554046323170560,1780554047323170560,HTTP Chunks Received,count,p10,608.80
102,1780554046323170560,1780554047323170560,HTTP Chunks Received,count,p25,677.50
102,1780554046323170560,1780554047323170560,HTTP Chunks Received,count,p50,792.00
102,1780554046323170560,1780554047323170560,HTTP Chunks Received,count,p75,906.50
102,1780554046323170560,1780554047323170560,HTTP Chunks Received,count,p90,975.20
102,1780554046323170560,1780554047323170560,HTTP Chunks Received,count,p95,998.10
102,1780554046323170560,1780554047323170560,HTTP Chunks Received,count,p99,1016.42
102,1780554046323170560,1780554047323170560,HTTP Chunks Received,count,std,229.00
102,1780554046323170560,1780554047323170560,HTTP Chunks Sent,count,avg,1.00
102,1780554046323170560,1780554047323170560,HTTP Chunks Sent,count,min,1.00
102,1780554046323170560,1780554047323170560,HTTP Chunks Sent,count,max,1.00
102,1780554046323170560,1780554047323170560,HTTP Chunks Sent,count,sum,2.00
102,1780554046323170560,1780554047323170560,HTTP Chunks Sent,count,p1,1.00
102,1780554046323170560,1780554047323170560,HTTP Chunks Sent,count,p5,1.00
102,1780554046323170560,1780554047323170560,HTTP Chunks Sent,count,p10,1.00
102,1780554046323170560,1780554047323170560,HTTP Chunks Sent,count,p25,1.00
102,1780554046323170560,1780554047323170560,HTTP Chunks Sent,count,p50,1.00
102,1780554046323170560,1780554047323170560,HTTP Chunks Sent,count,p75,1.00
102,1780554046323170560,1780554047323170560,HTTP Chunks Sent,count,p90,1.00
102,1780554046323170560,1780554047323170560,HTTP Chunks Sent,count,p95,1.00
102,1780554046323170560,1780554047323170560,HTTP Chunks Sent,count,p99,1.00
102,1780554046323170560,1780554047323170560,HTTP Chunks Sent,count,std,0.00
102,1780554046323170560,1780554047323170560,HTTP Connecting,ms,avg,1.13
102,1780554046323170560,1780554047323170560,HTTP Connecting,ms,min,1.09
102,1780554046323170560,1780554047323170560,HTTP Connecting,ms,max,1.18
102,1780554046323170560,1780554047323170560,HTTP Connecting,ms,sum,2.27
102,1780554046323170560,1780554047323170560,HTTP Connecting,ms,p1,1.09
102,1780554046323170560,1780554047323170560,HTTP Connecting,ms,p5,1.09
102,1780554046323170560,1780554047323170560,HTTP Connecting,ms,p10,1.10
102,1780554046323170560,1780554047323170560,HTTP Connecting,ms,p25,1.11
102,1780554046323170560,1780554047323170560,HTTP Connecting,ms,p50,1.13
102,1780554046323170560,1780554047323170560,HTTP Connecting,ms,p75,1.16
102,1780554046323170560,1780554047323170560,HTTP Connecting,ms,p90,1.17
102,1780554046323170560,1780554047323170560,HTTP Connecting,ms,p95,1.18
102,1780554046323170560,1780554047323170560,HTTP Connecting,ms,p99,1.18
102,1780554046323170560,1780554047323170560,HTTP Connecting,ms,std,0.05
102,1780554046323170560,1780554047323170560,HTTP Connection Overhead,ms,avg,1.64
102,1780554046323170560,1780554047323170560,HTTP Connection Overhead,ms,min,1.55
102,1780554046323170560,1780554047323170560,HTTP Connection Overhead,ms,max,1.73
102,1780554046323170560,1780554047323170560,HTTP Connection Overhead,ms,sum,3.27
102,1780554046323170560,1780554047323170560,HTTP Connection Overhead,ms,p1,1.55
102,1780554046323170560,1780554047323170560,HTTP Connection Overhead,ms,p5,1.56
102,1780554046323170560,1780554047323170560,HTTP Connection Overhead,ms,p10,1.56
102,1780554046323170560,1780554047323170560,HTTP Connection Overhead,ms,p25,1.59
102,1780554046323170560,1780554047323170560,HTTP Connection Overhead,ms,p50,1.64
102,1780554046323170560,1780554047323170560,HTTP Connection Overhead,ms,p75,1.68
102,1780554046323170560,1780554047323170560,HTTP Connection Overhead,ms,p90,1.71
102,1780554046323170560,1780554047323170560,HTTP Connection Overhead,ms,p95,1.72
102,1780554046323170560,1780554047323170560,HTTP Connection Overhead,ms,p99,1.73
102,1780554046323170560,1780554047323170560,HTTP Connection Overhead,ms,std,0.09
102,1780554046323170560,1780554047323170560,HTTP Connection Reused,ratio,avg,0.00
102,1780554046323170560,1780554047323170560,HTTP Connection Reused,ratio,min,0.00
102,1780554046323170560,1780554047323170560,HTTP Connection Reused,ratio,max,0.00
102,1780554046323170560,1780554047323170560,HTTP Connection Reused,ratio,sum,0.00
102,1780554046323170560,1780554047323170560,HTTP Connection Reused,ratio,p1,0.00
102,1780554046323170560,1780554047323170560,HTTP Connection Reused,ratio,p5,0.00
102,1780554046323170560,1780554047323170560,HTTP Connection Reused,ratio,p10,0.00
102,1780554046323170560,1780554047323170560,HTTP Connection Reused,ratio,p25,0.00
102,1780554046323170560,1780554047323170560,HTTP Connection Reused,ratio,p50,0.00
102,1780554046323170560,1780554047323170560,HTTP Connection Reused,ratio,p75,0.00
102,1780554046323170560,1780554047323170560,HTTP Connection Reused,ratio,p90,0.00
102,1780554046323170560,1780554047323170560,HTTP Connection Reused,ratio,p95,0.00
102,1780554046323170560,1780554047323170560,HTTP Connection Reused,ratio,p99,0.00
102,1780554046323170560,1780554047323170560,HTTP Connection Reused,ratio,std,0.00
102,1780554046323170560,1780554047323170560,HTTP Data Received,KB,avg,197.55
102,1780554046323170560,1780554047323170560,HTTP Data Received,KB,min,140.57
102,1780554046323170560,1780554047323170560,HTTP Data Received,KB,max,254.53
102,1780554046323170560,1780554047323170560,HTTP Data Received,KB,sum,395.11
102,1780554046323170560,1780554047323170560,HTTP Data Received,KB,p1,141.71
102,1780554046323170560,1780554047323170560,HTTP Data Received,KB,p5,146.27
102,1780554046323170560,1780554047323170560,HTTP Data Received,KB,p10,151.97
102,1780554046323170560,1780554047323170560,HTTP Data Received,KB,p25,169.06
102,1780554046323170560,1780554047323170560,HTTP Data Received,KB,p50,197.55
102,1780554046323170560,1780554047323170560,HTTP Data Received,KB,p75,226.04
102,1780554046323170560,1780554047323170560,HTTP Data Received,KB,p90,243.14
102,1780554046323170560,1780554047323170560,HTTP Data Received,KB,p95,248.84
102,1780554046323170560,1780554047323170560,HTTP Data Received,KB,p99,253.39
102,1780554046323170560,1780554047323170560,HTTP Data Received,KB,std,56.98
102,1780554046323170560,1780554047323170560,HTTP Data Sent,KB,avg,248.81
102,1780554046323170560,1780554047323170560,HTTP Data Sent,KB,min,209.74
102,1780554046323170560,1780554047323170560,HTTP Data Sent,KB,max,287.89
102,1780554046323170560,1780554047323170560,HTTP Data Sent,KB,sum,497.63
102,1780554046323170560,1780554047323170560,HTTP Data Sent,KB,p1,210.52
102,1780554046323170560,1780554047323170560,HTTP Data Sent,KB,p5,213.65
102,1780554046323170560,1780554047323170560,HTTP Data Sent,KB,p10,217.55
102,1780554046323170560,1780554047323170560,HTTP Data Sent,KB,p25,229.28
102,1780554046323170560,1780554047323170560,HTTP Data Sent,KB,p50,248.81
102,1780554046323170560,1780554047323170560,HTTP Data Sent,KB,p75,268.35
102,1780554046323170560,1780554047323170560,HTTP Data Sent,KB,p90,280.08
102,1780554046323170560,1780554047323170560,HTTP Data Sent,KB,p95,283.98
102,1780554046323170560,1780554047323170560,HTTP Data Sent,KB,p99,287.11
102,1780554046323170560,1780554047323170560,HTTP Data Sent,KB,std,39.08
102,1780554046323170560,1780554047323170560,HTTP DNS Lookup,ms,avg,0.50
102,1780554046323170560,1780554047323170560,HTTP DNS Lookup,ms,min,0.46
102,1780554046323170560,1780554047323170560,HTTP DNS Lookup,ms,max,0.54
102,1780554046323170560,1780554047323170560,HTTP DNS Lookup,ms,sum,1.00
102,1780554046323170560,1780554047323170560,HTTP DNS Lookup,ms,p1,0.46
102,1780554046323170560,1780554047323170560,HTTP DNS Lookup,ms,p5,0.47
102,1780554046323170560,1780554047323170560,HTTP DNS Lookup,ms,p10,0.47
102,1780554046323170560,1780554047323170560,HTTP DNS Lookup,ms,p25,0.48
102,1780554046323170560,1780554047323170560,HTTP DNS Lookup,ms,p50,0.50
102,1780554046323170560,1780554047323170560,HTTP DNS Lookup,ms,p75,0.52
102,1780554046323170560,1780554047323170560,HTTP DNS Lookup,ms,p90,0.53
102,1780554046323170560,1780554047323170560,HTTP DNS Lookup,ms,p95,0.54
102,1780554046323170560,1780554047323170560,HTTP DNS Lookup,ms,p99,0.54
102,1780554046323170560,1780554047323170560,HTTP DNS Lookup,ms,std,0.04
102,1780554046323170560,1780554047323170560,HTTP Duration (excl. conn),ms,avg,169407.52
102,1780554046323170560,1780554047323170560,HTTP Duration (excl. conn),ms,min,119879.04
102,1780554046323170560,1780554047323170560,HTTP Duration (excl. conn),ms,max,218936.00
102,1780554046323170560,1780554047323170560,HTTP Duration (excl. conn),ms,sum,338815.05
102,1780554046323170560,1780554047323170560,HTTP Duration (excl. conn),ms,p1,120869.61
102,1780554046323170560,1780554047323170560,HTTP Duration (excl. conn),ms,p5,124831.89
102,1780554046323170560,1780554047323170560,HTTP Duration (excl. conn),ms,p10,129784.74
102,1780554046323170560,1780554047323170560,HTTP Duration (excl. conn),ms,p25,144643.28
102,1780554046323170560,1780554047323170560,HTTP Duration (excl. conn),ms,p50,169407.52
102,1780554046323170560,1780554047323170560,HTTP Duration (excl. conn),ms,p75,194171.76
102,1780554046323170560,1780554047323170560,HTTP Duration (excl. conn),ms,p90,209030.31
102,1780554046323170560,1780554047323170560,HTTP Duration (excl. conn),ms,p95,213983.16
102,1780554046323170560,1780554047323170560,HTTP Duration (excl. conn),ms,p99,217945.44
102,1780554046323170560,1780554047323170560,HTTP Duration (excl. conn),ms,std,49528.48
102,1780554046323170560,1780554047323170560,HTTP Receiving,ms,avg,106899.05
102,1780554046323170560,1780554047323170560,HTTP Receiving,ms,min,61126.70
102,1780554046323170560,1780554047323170560,HTTP Receiving,ms,max,152671.39
102,1780554046323170560,1780554047323170560,HTTP Receiving,ms,sum,213798.09
102,1780554046323170560,1780554047323170560,HTTP Receiving,ms,p1,62042.15
102,1780554046323170560,1780554047323170560,HTTP Receiving,ms,p5,65703.94
102,1780554046323170560,1780554047323170560,HTTP Receiving,ms,p10,70281.17
102,1780554046323170560,1780554047323170560,HTTP Receiving,ms,p25,84012.88
102,1780554046323170560,1780554047323170560,HTTP Receiving,ms,p50,106899.05
102,1780554046323170560,1780554047323170560,HTTP Receiving,ms,p75,129785.22
102,1780554046323170560,1780554047323170560,HTTP Receiving,ms,p90,143516.92
102,1780554046323170560,1780554047323170560,HTTP Receiving,ms,p95,148094.16
102,1780554046323170560,1780554047323170560,HTTP Receiving,ms,p99,151755.94
102,1780554046323170560,1780554047323170560,HTTP Receiving,ms,std,45772.34
102,1780554046323170560,1780554047323170560,HTTP Sending,ms,avg,1.42
102,1780554046323170560,1780554047323170560,HTTP Sending,ms,min,1.38
102,1780554046323170560,1780554047323170560,HTTP Sending,ms,max,1.46
102,1780554046323170560,1780554047323170560,HTTP Sending,ms,sum,2.84
102,1780554046323170560,1780554047323170560,HTTP Sending,ms,p1,1.38
102,1780554046323170560,1780554047323170560,HTTP Sending,ms,p5,1.39
102,1780554046323170560,1780554047323170560,HTTP Sending,ms,p10,1.39
102,1780554046323170560,1780554047323170560,HTTP Sending,ms,p25,1.40
102,1780554046323170560,1780554047323170560,HTTP Sending,ms,p50,1.42
102,1780554046323170560,1780554047323170560,HTTP Sending,ms,p75,1.44
102,1780554046323170560,1780554047323170560,HTTP Sending,ms,p90,1.45
102,1780554046323170560,1780554047323170560,HTTP Sending,ms,p95,1.46
102,1780554046323170560,1780554047323170560,HTTP Sending,ms,p99,1.46
102,1780554046323170560,1780554047323170560,HTTP Sending,ms,std,0.04
102,1780554046323170560,1780554047323170560,HTTP Total Time,ms,avg,169409.16
102,1780554046323170560,1780554047323170560,HTTP Total Time,ms,min,119880.59
102,1780554046323170560,1780554047323170560,HTTP Total Time,ms,max,218937.73
102,1780554046323170560,1780554047323170560,HTTP Total Time,ms,sum,338818.32
102,1780554046323170560,1780554047323170560,HTTP Total Time,ms,p1,120871.16
102,1780554046323170560,1780554047323170560,HTTP Total Time,ms,p5,124833.44
102,1780554046323170560,1780554047323170560,HTTP Total Time,ms,p10,129786.30
102,1780554046323170560,1780554047323170560,HTTP Total Time,ms,p25,144644.87
102,1780554046323170560,1780554047323170560,HTTP Total Time,ms,p50,169409.16
102,1780554046323170560,1780554047323170560,HTTP Total Time,ms,p75,194173.45
102,1780554046323170560,1780554047323170560,HTTP Total Time,ms,p90,209032.02
102,1780554046323170560,1780554047323170560,HTTP Total Time,ms,p95,213984.87
102,1780554046323170560,1780554047323170560,HTTP Total Time,ms,p99,217947.16
102,1780554046323170560,1780554047323170560,HTTP Total Time,ms,std,49528.57
102,1780554046323170560,1780554047323170560,HTTP Waiting (TTFB),ms,avg,62507.05
102,1780554046323170560,1780554047323170560,HTTP Waiting (TTFB),ms,min,58750.95
102,1780554046323170560,1780554047323170560,HTTP Waiting (TTFB),ms,max,66263.15
102,1780554046323170560,1780554047323170560,HTTP Waiting (TTFB),ms,sum,125014.11
102,1780554046323170560,1780554047323170560,HTTP Waiting (TTFB),ms,p1,58826.08
102,1780554046323170560,1780554047323170560,HTTP Waiting (TTFB),ms,p5,59126.56
102,1780554046323170560,1780554047323170560,HTTP Waiting (TTFB),ms,p10,59502.17
102,1780554046323170560,1780554047323170560,HTTP Waiting (TTFB),ms,p25,60629.00
102,1780554046323170560,1780554047323170560,HTTP Waiting (TTFB),ms,p50,62507.05
102,1780554046323170560,1780554047323170560,HTTP Waiting (TTFB),ms,p75,64385.10
102,1780554046323170560,1780554047323170560,HTTP Waiting (TTFB),ms,p90,65511.93
102,1780554046323170560,1780554047323170560,HTTP Waiting (TTFB),ms,p95,65887.54
102,1780554046323170560,1780554047323170560,HTTP Waiting (TTFB),ms,p99,66188.03
102,1780554046323170560,1780554047323170560,HTTP Waiting (TTFB),ms,std,3756.10
102,1780554046323170560,1780554047323170560,Input Sequence Length,tokens,avg,64019.50
102,1780554046323170560,1780554047323170560,Input Sequence Length,tokens,min,53509.00
102,1780554046323170560,1780554047323170560,Input Sequence Length,tokens,max,74530.00
102,1780554046323170560,1780554047323170560,Input Sequence Length,tokens,sum,128039.00
102,1780554046323170560,1780554047323170560,Input Sequence Length,tokens,p1,53719.21
102,1780554046323170560,1780554047323170560,Input Sequence Length,tokens,p5,54560.05
102,1780554046323170560,1780554047323170560,Input Sequence Length,tokens,p10,55611.10
102,1780554046323170560,1780554047323170560,Input Sequence Length,tokens,p25,58764.25
102,1780554046323170560,1780554047323170560,Input Sequence Length,tokens,p50,64019.50
102,1780554046323170560,1780554047323170560,Input Sequence Length,tokens,p75,69274.75
102,1780554046323170560,1780554047323170560,Input Sequence Length,tokens,p90,72427.90
102,1780554046323170560,1780554047323170560,Input Sequence Length,tokens,p95,73478.95
102,1780554046323170560,1780554047323170560,Input Sequence Length,tokens,p99,74319.79
102,1780554046323170560,1780554047323170560,Input Sequence Length,tokens,std,10510.50
102,1780554046323170560,1780554047323170560,Input Token Throughput,tokens/sec,avg,128039.00
102,1780554046323170560,1780554047323170560,Inter Chunk Latency,ms,avg,67.93
102,1780554046323170560,1780554047323170560,Inter Chunk Latency,ms,min,67.68
102,1780554046323170560,1780554047323170560,Inter Chunk Latency,ms,max,68.07
102,1780554046323170560,1780554047323170560,Inter Chunk Latency,ms,sum,107121.91
102,1780554046323170560,1780554047323170560,Inter Chunk Latency,ms,p1,67.68
102,1780554046323170560,1780554047323170560,Inter Chunk Latency,ms,p5,67.68
102,1780554046323170560,1780554047323170560,Inter Chunk Latency,ms,p10,67.69
102,1780554046323170560,1780554047323170560,Inter Chunk Latency,ms,p25,67.70
102,1780554046323170560,1780554047323170560,Inter Chunk Latency,ms,p50,68.05
102,1780554046323170560,1780554047323170560,Inter Chunk Latency,ms,p75,68.06
102,1780554046323170560,1780554047323170560,Inter Chunk Latency,ms,p90,68.07
102,1780554046323170560,1780554047323170560,Inter Chunk Latency,ms,p95,68.07
102,1780554046323170560,1780554047323170560,Inter Chunk Latency,ms,p99,68.07
102,1780554046323170560,1780554047323170560,Inter Chunk Latency,ms,std,0.18
102,1780554046323170560,1780554047323170560,Inter Token Latency,ms,avg,129.22
102,1780554046323170560,1780554047323170560,Inter Token Latency,ms,min,108.77
102,1780554046323170560,1780554047323170560,Inter Token Latency,ms,max,149.68
102,1780554046323170560,1780554047323170560,Inter Token Latency,ms,sum,258.44
102,1780554046323170560,1780554047323170560,Inter Token Latency,ms,p1,109.18
102,1780554046323170560,1780554047323170560,Inter Token Latency,ms,p5,110.81
102,1780554046323170560,1780554047323170560,Inter Token Latency,ms,p10,112.86
102,1780554046323170560,1780554047323170560,Inter Token Latency,ms,p25,118.99
102,1780554046323170560,1780554047323170560,Inter Token Latency,ms,p50,129.22
102,1780554046323170560,1780554047323170560,Inter Token Latency,ms,p75,139.45
102,1780554046323170560,1780554047323170560,Inter Token Latency,ms,p90,145.59
102,1780554046323170560,1780554047323170560,Inter Token Latency,ms,p95,147.63
102,1780554046323170560,1780554047323170560,Inter Token Latency,ms,p99,149.27
102,1780554046323170560,1780554047323170560,Inter Token Latency,ms,std,20.46
102,1780554046323170560,1780554047323170560,Maximum Response Timestamp,ns,avg,1780554265783416320.00
102,1780554046323170560,1780554047323170560,Minimum Request Timestamp,ns,avg,1780554046721226496.00
102,1780554046323170560,1780554047323170560,OSL Mismatch Count,requests,avg,0.00
102,1780554046323170560,1780554047323170560,OSL Mismatch Diff %,%,avg,0.00
102,1780554046323170560,1780554047323170560,OSL Mismatch Diff %,%,min,0.00
102,1780554046323170560,1780554047323170560,OSL Mismatch Diff %,%,max,0.00
102,1780554046323170560,1780554047323170560,OSL Mismatch Diff %,%,sum,0.00
102,1780554046323170560,1780554047323170560,OSL Mismatch Diff %,%,p1,0.00
102,1780554046323170560,1780554047323170560,OSL Mismatch Diff %,%,p5,0.00
102,1780554046323170560,1780554047323170560,OSL Mismatch Diff %,%,p10,0.00
102,1780554046323170560,1780554047323170560,OSL Mismatch Diff %,%,p25,0.00
102,1780554046323170560,1780554047323170560,OSL Mismatch Diff %,%,p50,0.00
102,1780554046323170560,1780554047323170560,OSL Mismatch Diff %,%,p75,0.00
102,1780554046323170560,1780554047323170560,OSL Mismatch Diff %,%,p90,0.00
102,1780554046323170560,1780554047323170560,OSL Mismatch Diff %,%,p95,0.00
102,1780554046323170560,1780554047323170560,OSL Mismatch Diff %,%,p99,0.00
102,1780554046323170560,1780554047323170560,OSL Mismatch Diff %,%,std,0.00
102,1780554046323170560,1780554047323170560,Output Sequence Length,tokens,avg,792.00
102,1780554046323170560,1780554047323170560,Output Sequence Length,tokens,min,563.00
102,1780554046323170560,1780554047323170560,Output Sequence Length,tokens,max,1021.00
102,1780554046323170560,1780554047323170560,Output Sequence Length,tokens,sum,1584.00
102,1780554046323170560,1780554047323170560,Output Sequence Length,tokens,p1,567.58
102,1780554046323170560,1780554047323170560,Output Sequence Length,tokens,p5,585.90
102,1780554046323170560,1780554047323170560,Output Sequence Length,tokens,p10,608.80
102,1780554046323170560,1780554047323170560,Output Sequence Length,tokens,p25,677.50
102,1780554046323170560,1780554047323170560,Output Sequence Length,tokens,p50,792.00
102,1780554046323170560,1780554047323170560,Output Sequence Length,tokens,p75,906.50
102,1780554046323170560,1780554047323170560,Output Sequence Length,tokens,p90,975.20
102,1780554046323170560,1780554047323170560,Output Sequence Length,tokens,p95,998.10
102,1780554046323170560,1780554047323170560,Output Sequence Length,tokens,p99,1016.42
102,1780554046323170560,1780554047323170560,Output Sequence Length,tokens,std,229.00
102,1780554046323170560,1780554047323170560,Output Token Count,tokens,avg,792.00
102,1780554046323170560,1780554047323170560,Output Token Count,tokens,min,563.00
102,1780554046323170560,1780554047323170560,Output Token Count,tokens,max,1021.00
102,1780554046323170560,1780554047323170560,Output Token Count,tokens,sum,1584.00
102,1780554046323170560,1780554047323170560,Output Token Count,tokens,p1,567.58
102,1780554046323170560,1780554047323170560,Output Token Count,tokens,p5,585.90
102,1780554046323170560,1780554047323170560,Output Token Count,tokens,p10,608.80
102,1780554046323170560,1780554047323170560,Output Token Count,tokens,p25,677.50
102,1780554046323170560,1780554047323170560,Output Token Count,tokens,p50,792.00
102,1780554046323170560,1780554047323170560,Output Token Count,tokens,p75,906.50
102,1780554046323170560,1780554047323170560,Output Token Count,tokens,p90,975.20
102,1780554046323170560,1780554047323170560,Output Token Count,tokens,p95,998.10
102,1780554046323170560,1780554047323170560,Output Token Count,tokens,p99,1016.42
102,1780554046323170560,1780554047323170560,Output Token Count,tokens,std,229.00
102,1780554046323170560,1780554047323170560,Output Token Throughput,tokens/sec,avg,1584.00
102,1780554046323170560,1780554047323170560,Output Token Throughput Per User,tokens/sec/user,avg,7.94
102,1780554046323170560,1780554047323170560,Output Token Throughput Per User,tokens/sec/user,min,6.68
102,1780554046323170560,1780554047323170560,Output Token Throughput Per User,tokens/sec/user,max,9.19
102,1780554046323170560,1780554047323170560,Output Token Throughput Per User,tokens/sec/user,sum,15.88
102,1780554046323170560,1780554047323170560,Output Token Throughput Per User,tokens/sec/user,p1,6.71
102,1780554046323170560,1780554047323170560,Output Token Throughput Per User,tokens/sec/user,p5,6.81
102,1780554046323170560,1780554047323170560,Output Token Throughput Per User,tokens/sec/user,p10,6.93
102,1780554046323170560,1780554047323170560,Output Token Throughput Per User,tokens/sec/user,p25,7.31
102,1780554046323170560,1780554047323170560,Output Token Throughput Per User,tokens/sec/user,p50,7.94
102,1780554046323170560,1780554047323170560,Output Token Throughput Per User,tokens/sec/user,p75,8.57
102,1780554046323170560,1780554047323170560,Output Token Throughput Per User,tokens/sec/user,p90,8.94
102,1780554046323170560,1780554047323170560,Output Token Throughput Per User,tokens/sec/user,p95,9.07
102,1780554046323170560,1780554047323170560,Output Token Throughput Per User,tokens/sec/user,p99,9.17
102,1780554046323170560,1780554047323170560,Output Token Throughput Per User,tokens/sec/user,std,1.26
102,1780554046323170560,1780554047323170560,Prefill Throughput Per User,tokens/sec/user,avg,1038.02
102,1780554046323170560,1780554047323170560,Prefill Throughput Per User,tokens/sec/user,min,807.50
102,1780554046323170560,1780554047323170560,Prefill Throughput Per User,tokens/sec/user,max,1268.54
102,1780554046323170560,1780554047323170560,Prefill Throughput Per User,tokens/sec/user,sum,2076.05
102,1780554046323170560,1780554047323170560,Prefill Throughput Per User,tokens/sec/user,p1,812.11
102,1780554046323170560,1780554047323170560,Prefill Throughput Per User,tokens/sec/user,p5,830.56
102,1780554046323170560,1780554047323170560,Prefill Throughput Per User,tokens/sec/user,p10,853.61
102,1780554046323170560,1780554047323170560,Prefill Throughput Per User,tokens/sec/user,p25,922.76
102,1780554046323170560,1780554047323170560,Prefill Throughput Per User,tokens/sec/user,p50,1038.02
102,1780554046323170560,1780554047323170560,Prefill Throughput Per User,tokens/sec/user,p75,1153.28
102,1780554046323170560,1780554047323170560,Prefill Throughput Per User,tokens/sec/user,p90,1222.44
102,1780554046323170560,1780554047323170560,Prefill Throughput Per User,tokens/sec/user,p95,1245.49
102,1780554046323170560,1780554047323170560,Prefill Throughput Per User,tokens/sec/user,p99,1263.93
102,1780554046323170560,1780554047323170560,Prefill Throughput Per User,tokens/sec/user,std,230.52
102,1780554046323170560,1780554047323170560,Request Count,requests,avg,2.00
102,1780554046323170560,1780554047323170560,Request Latency,ms,avg,169407.65
102,1780554046323170560,1780554047323170560,Request Latency,ms,min,119879.18
102,1780554046323170560,1780554047323170560,Request Latency,ms,max,218936.11
102,1780554046323170560,1780554047323170560,Request Latency,ms,sum,338815.29
102,1780554046323170560,1780554047323170560,Request Latency,ms,p1,120869.75
102,1780554046323170560,1780554047323170560,Request Latency,ms,p5,124832.02
102,1780554046323170560,1780554047323170560,Request Latency,ms,p10,129784.87
102,1780554046323170560,1780554047323170560,Request Latency,ms,p25,144643.41
102,1780554046323170560,1780554047323170560,Request Latency,ms,p50,169407.65
102,1780554046323170560,1780554047323170560,Request Latency,ms,p75,194171.88
102,1780554046323170560,1780554047323170560,Request Latency,ms,p90,209030.42
102,1780554046323170560,1780554047323170560,Request Latency,ms,p95,213983.27
102,1780554046323170560,1780554047323170560,Request Latency,ms,p99,217945.54
102,1780554046323170560,1780554047323170560,Request Latency,ms,std,49528.47
102,1780554046323170560,1780554047323170560,Request Throughput,requests/sec,avg,2.00
102,1780554046323170560,1780554047323170560,Requested OSL,tokens,avg,792.00
102,1780554046323170560,1780554047323170560,Requested OSL,tokens,min,563.00
102,1780554046323170560,1780554047323170560,Requested OSL,tokens,max,1021.00
102,1780554046323170560,1780554047323170560,Requested OSL,tokens,sum,1584.00
102,1780554046323170560,1780554047323170560,Requested OSL,tokens,p1,567.58
102,1780554046323170560,1780554047323170560,Requested OSL,tokens,p5,585.90
102,1780554046323170560,1780554047323170560,Requested OSL,tokens,p10,608.80
102,1780554046323170560,1780554047323170560,Requested OSL,tokens,p25,677.50
102,1780554046323170560,1780554047323170560,Requested OSL,tokens,p50,792.00
102,1780554046323170560,1780554047323170560,Requested OSL,tokens,p75,906.50
102,1780554046323170560,1780554047323170560,Requested OSL,tokens,p90,975.20
102,1780554046323170560,1780554047323170560,Requested OSL,tokens,p95,998.10
102,1780554046323170560,1780554047323170560,Requested OSL,tokens,p99,1016.42
102,1780554046323170560,1780554047323170560,Requested OSL,tokens,std,229.00
102,1780554046323170560,1780554047323170560,Time to First Output Token,ms,avg,62508.61
102,1780554046323170560,1780554047323170560,Time to First Output Token,ms,min,58752.47
102,1780554046323170560,1780554047323170560,Time to First Output Token,ms,max,66264.74
102,1780554046323170560,1780554047323170560,Time to First Output Token,ms,sum,125017.21
102,1780554046323170560,1780554047323170560,Time to First Output Token,ms,p1,58827.60
102,1780554046323170560,1780554047323170560,Time to First Output Token,ms,p5,59128.09
102,1780554046323170560,1780554047323170560,Time to First Output Token,ms,p10,59503.70
102,1780554046323170560,1780554047323170560,Time to First Output Token,ms,p25,60630.54
102,1780554046323170560,1780554047323170560,Time to First Output Token,ms,p50,62508.61
102,1780554046323170560,1780554047323170560,Time to First Output Token,ms,p75,64386.67
102,1780554046323170560,1780554047323170560,Time to First Output Token,ms,p90,65513.51
102,1780554046323170560,1780554047323170560,Time to First Output Token,ms,p95,65889.13
102,1780554046323170560,1780554047323170560,Time to First Output Token,ms,p99,66189.62
102,1780554046323170560,1780554047323170560,Time to First Output Token,ms,std,3756.13
102,1780554046323170560,1780554047323170560,Time to First Token,ms,avg,62508.61
102,1780554046323170560,1780554047323170560,Time to First Token,ms,min,58752.47
102,1780554046323170560,1780554047323170560,Time to First Token,ms,max,66264.74
102,1780554046323170560,1780554047323170560,Time to First Token,ms,sum,125017.21
102,1780554046323170560,1780554047323170560,Time to First Token,ms,p1,58827.60
102,1780554046323170560,1780554047323170560,Time to First Token,ms,p5,59128.09
102,1780554046323170560,1780554047323170560,Time to First Token,ms,p10,59503.70
102,1780554046323170560,1780554047323170560,Time to First Token,ms,p25,60630.54
102,1780554046323170560,1780554047323170560,Time to First Token,ms,p50,62508.61
102,1780554046323170560,1780554047323170560,Time to First Token,ms,p75,64386.67
102,1780554046323170560,1780554047323170560,Time to First Token,ms,p90,65513.51
102,1780554046323170560,1780554047323170560,Time to First Token,ms,p95,65889.13
102,1780554046323170560,1780554047323170560,Time to First Token,ms,p99,66189.62
102,1780554046323170560,1780554047323170560,Time to First Token,ms,std,3756.13
102,1780554046323170560,1780554047323170560,Time to Second Token,ms,avg,87.57
102,1780554046323170560,1780554047323170560,Time to Second Token,ms,min,10.95
102,1780554046323170560,1780554047323170560,Time to Second Token,ms,max,164.19
102,1780554046323170560,1780554047323170560,Time to Second Token,ms,sum,175.14
102,1780554046323170560,1780554047323170560,Time to Second Token,ms,p1,12.48
102,1780554046323170560,1780554047323170560,Time to Second Token,ms,p5,18.61
102,1780554046323170560,1780554047323170560,Time to Second Token,ms,p10,26.27
102,1780554046323170560,1780554047323170560,Time to Second Token,ms,p25,49.26
102,1780554046323170560,1780554047323170560,Time to Second Token,ms,p50,87.57
102,1780554046323170560,1780554047323170560,Time to Second Token,ms,p75,125.88
102,1780554046323170560,1780554047323170560,Time to Second Token,ms,p90,148.87
102,1780554046323170560,1780554047323170560,Time to Second Token,ms,p95,156.53
102,1780554046323170560,1780554047323170560,Time to Second Token,ms,p99,162.66
102,1780554046323170560,1780554047323170560,Time to Second Token,ms,std,76.62
102,1780554046323170560,1780554047323170560,Tokens In Flight,tokens,avg,1457150.19
102,1780554046323170560,1780554047323170560,Tokens In Flight,tokens,min,1386781.18
102,1780554046323170560,1780554047323170560,Tokens In Flight,tokens,max,1514901.92
102,1780554046323170560,1780554047323170560,Tokens In Flight,tokens,p50,1461356.21
102,1780554046323170560,1780554047323170560,Tokens In Flight,tokens,p90,1514895.67
102,1780554046323170560,1780554047323170560,Tokens In Flight,tokens,p95,1514899.73
102,1780554046323170560,1780554047323170560,Tokens In Flight,tokens,p99,1514901.92
102,1780554046323170560,1780554047323170560,Tokens In Flight,tokens,std,59653.45
102,1780554046323170560,1780554047323170560,Total Input Sequence Length,tokens,avg,128039.00
102,1780554046323170560,1780554047323170560,Total Output Sequence Length,tokens,avg,1584.00
102,1780554046323170560,1780554047323170560,Total Output Tokens,tokens,avg,1584.00
102,1780554046323170560,1780554047323170560,Total Token Throughput,tokens/sec,avg,129623.00
102,1780554046323170560,1780554047323170560,Total Usage Completion Tokens,tokens,avg,1584.00
102,1780554046323170560,1780554047323170560,Total Usage Prompt Tokens,tokens,avg,128039.00
102,1780554046323170560,1780554047323170560,Total Usage Total Tokens,tokens,avg,129623.00
102,1780554046323170560,1780554047323170560,Usage Completion Tokens,tokens,avg,792.00
102,1780554046323170560,1780554047323170560,Usage Completion Tokens,tokens,min,563.00
102,1780554046323170560,1780554047323170560,Usage Completion Tokens,tokens,max,1021.00
102,1780554046323170560,1780554047323170560,Usage Completion Tokens,tokens,sum,1584.00
102,1780554046323170560,1780554047323170560,Usage Completion Tokens,tokens,p1,567.58
102,1780554046323170560,1780554047323170560,Usage Completion Tokens,tokens,p5,585.90
102,1780554046323170560,1780554047323170560,Usage Completion Tokens,tokens,p10,608.80
102,1780554046323170560,1780554047323170560,Usage Completion Tokens,tokens,p25,677.50
102,1780554046323170560,1780554047323170560,Usage Completion Tokens,tokens,p50,792.00
102,1780554046323170560,1780554047323170560,Usage Completion Tokens,tokens,p75,906.50
102,1780554046323170560,1780554047323170560,Usage Completion Tokens,tokens,p90,975.20
102,1780554046323170560,1780554047323170560,Usage Completion Tokens,tokens,p95,998.10
102,1780554046323170560,1780554047323170560,Usage Completion Tokens,tokens,p99,1016.42
102,1780554046323170560,1780554047323170560,Usage Completion Tokens,tokens,std,229.00
102,1780554046323170560,1780554047323170560,Usage Prompt Tokens,tokens,avg,64019.50
102,1780554046323170560,1780554047323170560,Usage Prompt Tokens,tokens,min,53509.00
102,1780554046323170560,1780554047323170560,Usage Prompt Tokens,tokens,max,74530.00
102,1780554046323170560,1780554047323170560,Usage Prompt Tokens,tokens,sum,128039.00
102,1780554046323170560,1780554047323170560,Usage Prompt Tokens,tokens,p1,53719.21
102,1780554046323170560,1780554047323170560,Usage Prompt Tokens,tokens,p5,54560.05
102,1780554046323170560,1780554047323170560,Usage Prompt Tokens,tokens,p10,55611.10
102,1780554046323170560,1780554047323170560,Usage Prompt Tokens,tokens,p25,58764.25
102,1780554046323170560,1780554047323170560,Usage Prompt Tokens,tokens,p50,64019.50
102,1780554046323170560,1780554047323170560,Usage Prompt Tokens,tokens,p75,69274.75
102,1780554046323170560,1780554047323170560,Usage Prompt Tokens,tokens,p90,72427.90
102,1780554046323170560,1780554047323170560,Usage Prompt Tokens,tokens,p95,73478.95
102,1780554046323170560,1780554047323170560,Usage Prompt Tokens,tokens,p99,74319.79
102,1780554046323170560,1780554047323170560,Usage Prompt Tokens,tokens,std,10510.50
102,1780554046323170560,1780554047323170560,Usage Total Tokens,tokens,avg,64811.50
102,1780554046323170560,1780554047323170560,Usage Total Tokens,tokens,min,54530.00
102,1780554046323170560,1780554047323170560,Usage Total Tokens,tokens,max,75093.00
102,1780554046323170560,1780554047323170560,Usage Total Tokens,tokens,sum,129623.00
102,1780554046323170560,1780554047323170560,Usage Total Tokens,tokens,p1,54735.63
102,1780554046323170560,1780554047323170560,Usage Total Tokens,tokens,p5,55558.15
102,1780554046323170560,1780554047323170560,Usage Total Tokens,tokens,p10,56586.30
102,1780554046323170560,1780554047323170560,Usage Total Tokens,tokens,p25,59670.75
102,1780554046323170560,1780554047323170560,Usage Total Tokens,tokens,p50,64811.50
102,1780554046323170560,1780554047323170560,Usage Total Tokens,tokens,p75,69952.25
102,1780554046323170560,1780554047323170560,Usage Total Tokens,tokens,p90,73036.70
102,1780554046323170560,1780554047323170560,Usage Total Tokens,tokens,p95,74064.85
102,1780554046323170560,1780554047323170560,Usage Total Tokens,tokens,p99,74887.37
102,1780554046323170560,1780554047323170560,Usage Total Tokens,tokens,std,10281.50
103,1780554051323170560,1780554052323170560,Active Decode Throughput,tokens/sec,avg,91.81
103,1780554051323170560,1780554052323170560,Active Decode Throughput,tokens/sec,min,74.35
103,1780554051323170560,1780554052323170560,Active Decode Throughput,tokens/sec,max,109.28
103,1780554051323170560,1780554052323170560,Active Decode Throughput,tokens/sec,p50,91.81
103,1780554051323170560,1780554052323170560,Active Decode Throughput,tokens/sec,p90,91.81
103,1780554051323170560,1780554052323170560,Active Decode Throughput,tokens/sec,p95,91.82
103,1780554051323170560,1780554052323170560,Active Decode Throughput,tokens/sec,p99,91.82
103,1780554051323170560,1780554052323170560,Active Decode Throughput,tokens/sec,std,0.04
103,1780554051323170560,1780554052323170560,Active Decode Throughput Per User,tokens/sec/user,avg,8.35
103,1780554051323170560,1780554052323170560,Active Decode Throughput Per User,tokens/sec/user,min,6.76
103,1780554051323170560,1780554052323170560,Active Decode Throughput Per User,tokens/sec/user,max,9.93
103,1780554051323170560,1780554052323170560,Active Decode Throughput Per User,tokens/sec/user,p50,8.35
103,1780554051323170560,1780554052323170560,Active Decode Throughput Per User,tokens/sec/user,p90,8.35
103,1780554051323170560,1780554052323170560,Active Decode Throughput Per User,tokens/sec/user,p95,8.35
103,1780554051323170560,1780554052323170560,Active Decode Throughput Per User,tokens/sec/user,p99,8.35
103,1780554051323170560,1780554052323170560,Active Decode Throughput Per User,tokens/sec/user,std,0.00
103,1780554051323170560,1780554052323170560,Active Prefill Throughput,tokens/sec,avg,4864.33
103,1780554051323170560,1780554052323170560,Active Prefill Throughput,tokens/sec,min,4162.86
103,1780554051323170560,1780554052323170560,Active Prefill Throughput,tokens/sec,max,4969.61
103,1780554051323170560,1780554052323170560,Active Prefill Throughput,tokens/sec,p50,4969.61
103,1780554051323170560,1780554052323170560,Active Prefill Throughput,tokens/sec,p90,4969.61
103,1780554051323170560,1780554052323170560,Active Prefill Throughput,tokens/sec,p95,4969.61
103,1780554051323170560,1780554052323170560,Active Prefill Throughput,tokens/sec,p99,4969.61
103,1780554051323170560,1780554052323170560,Active Prefill Throughput,tokens/sec,std,271.75
103,1780554051323170560,1780554052323170560,Active Prefill Throughput Per User,tokens/sec/user,avg,1261.35
103,1780554051323170560,1780554052323170560,Active Prefill Throughput Per User,tokens/sec/user,min,1242.40
103,1780554051323170560,1780554052323170560,Active Prefill Throughput Per User,tokens/sec/user,max,1387.62
103,1780554051323170560,1780554052323170560,Active Prefill Throughput Per User,tokens/sec/user,p50,1242.40
103,1780554051323170560,1780554052323170560,Active Prefill Throughput Per User,tokens/sec/user,p90,1387.62
103,1780554051323170560,1780554052323170560,Active Prefill Throughput Per User,tokens/sec/user,p95,1387.62
103,1780554051323170560,1780554052323170560,Active Prefill Throughput Per User,tokens/sec/user,p99,1387.62
103,1780554051323170560,1780554052323170560,Active Prefill Throughput Per User,tokens/sec/user,std,48.92
103,1780554051323170560,1780554052323170560,Active Total Throughput,tokens/sec,avg,4954.81
103,1780554051323170560,1780554052323170560,Active Total Throughput,tokens/sec,min,4253.34
103,1780554051323170560,1780554052323170560,Active Total Throughput,tokens/sec,max,5060.09
103,1780554051323170560,1780554052323170560,Active Total Throughput,tokens/sec,p50,5060.09
103,1780554051323170560,1780554052323170560,Active Total Throughput,tokens/sec,p90,5060.09
103,1780554051323170560,1780554052323170560,Active Total Throughput,tokens/sec,p95,5060.09
103,1780554051323170560,1780554052323170560,Active Total Throughput,tokens/sec,p99,5060.09
103,1780554051323170560,1780554052323170560,Active Total Throughput,tokens/sec,std,271.75
103,1780554051323170560,1780554052323170560,Benchmark Duration,sec,avg,176.87
103,1780554051323170560,1780554052323170560,E2E Output Token Throughput,tokens/sec/user,avg,4.47
103,1780554051323170560,1780554052323170560,E2E Output Token Throughput,tokens/sec/user,min,4.47
103,1780554051323170560,1780554052323170560,E2E Output Token Throughput,tokens/sec/user,max,4.47
103,1780554051323170560,1780554052323170560,E2E Output Token Throughput,tokens/sec/user,sum,4.47
103,1780554051323170560,1780554052323170560,E2E Output Token Throughput,tokens/sec/user,p1,4.47
103,1780554051323170560,1780554052323170560,E2E Output Token Throughput,tokens/sec/user,p5,4.47
103,1780554051323170560,1780554052323170560,E2E Output Token Throughput,tokens/sec/user,p10,4.47
103,1780554051323170560,1780554052323170560,E2E Output Token Throughput,tokens/sec/user,p25,4.47
103,1780554051323170560,1780554052323170560,E2E Output Token Throughput,tokens/sec/user,p50,4.47
103,1780554051323170560,1780554052323170560,E2E Output Token Throughput,tokens/sec/user,p75,4.47
103,1780554051323170560,1780554052323170560,E2E Output Token Throughput,tokens/sec/user,p90,4.47
103,1780554051323170560,1780554052323170560,E2E Output Token Throughput,tokens/sec/user,p95,4.47
103,1780554051323170560,1780554052323170560,E2E Output Token Throughput,tokens/sec/user,p99,4.47
103,1780554051323170560,1780554052323170560,E2E Output Token Throughput,tokens/sec/user,std,0.00
103,1780554051323170560,1780554052323170560,Effective Concurrency,requests,avg,14.87
103,1780554051323170560,1780554052323170560,Effective Concurrency,requests,min,14.00
103,1780554051323170560,1780554052323170560,Effective Concurrency,requests,max,15.00
103,1780554051323170560,1780554052323170560,Effective Concurrency,requests,p50,15.00
103,1780554051323170560,1780554052323170560,Effective Concurrency,requests,p90,15.00
103,1780554051323170560,1780554052323170560,Effective Concurrency,requests,p95,15.00
103,1780554051323170560,1780554052323170560,Effective Concurrency,requests,p99,15.00
103,1780554051323170560,1780554052323170560,Effective Concurrency,requests,std,0.34
103,1780554051323170560,1780554052323170560,Effective Decode Concurrency,requests,avg,11.00
103,1780554051323170560,1780554052323170560,Effective Decode Concurrency,requests,min,11.00
103,1780554051323170560,1780554052323170560,Effective Decode Concurrency,requests,max,11.00
103,1780554051323170560,1780554052323170560,Effective Decode Concurrency,requests,p50,11.00
103,1780554051323170560,1780554052323170560,Effective Decode Concurrency,requests,p90,11.00
103,1780554051323170560,1780554052323170560,Effective Decode Concurrency,requests,p95,11.00
103,1780554051323170560,1780554052323170560,Effective Decode Concurrency,requests,p99,11.00
103,1780554051323170560,1780554052323170560,Effective Decode Concurrency,requests,std,0.00
103,1780554051323170560,1780554052323170560,Effective Decode Throughput,tokens/sec,avg,91.81
103,1780554051323170560,1780554052323170560,Effective Decode Throughput,tokens/sec,min,74.35
103,1780554051323170560,1780554052323170560,Effective Decode Throughput,tokens/sec,max,109.28
103,1780554051323170560,1780554052323170560,Effective Decode Throughput,tokens/sec,p50,91.81
103,1780554051323170560,1780554052323170560,Effective Decode Throughput,tokens/sec,p90,91.81
103,1780554051323170560,1780554052323170560,Effective Decode Throughput,tokens/sec,p95,91.82
103,1780554051323170560,1780554052323170560,Effective Decode Throughput,tokens/sec,p99,91.82
103,1780554051323170560,1780554052323170560,Effective Decode Throughput,tokens/sec,std,0.04
103,1780554051323170560,1780554052323170560,Effective Decode Throughput Per User,tokens/sec/user,avg,8.35
103,1780554051323170560,1780554052323170560,Effective Decode Throughput Per User,tokens/sec/user,min,6.76
103,1780554051323170560,1780554052323170560,Effective Decode Throughput Per User,tokens/sec/user,max,9.93
103,1780554051323170560,1780554052323170560,Effective Decode Throughput Per User,tokens/sec/user,p50,8.35
103,1780554051323170560,1780554052323170560,Effective Decode Throughput Per User,tokens/sec/user,p90,8.35
103,1780554051323170560,1780554052323170560,Effective Decode Throughput Per User,tokens/sec/user,p95,8.35
103,1780554051323170560,1780554052323170560,Effective Decode Throughput Per User,tokens/sec/user,p99,8.35
103,1780554051323170560,1780554052323170560,Effective Decode Throughput Per User,tokens/sec/user,std,0.00
103,1780554051323170560,1780554052323170560,Effective Prefill Concurrency,requests,avg,3.87
103,1780554051323170560,1780554052323170560,Effective Prefill Concurrency,requests,min,3.00
103,1780554051323170560,1780554052323170560,Effective Prefill Concurrency,requests,max,4.00
103,1780554051323170560,1780554052323170560,Effective Prefill Concurrency,requests,p50,4.00
103,1780554051323170560,1780554052323170560,Effective Prefill Concurrency,requests,p90,4.00
103,1780554051323170560,1780554052323170560,Effective Prefill Concurrency,requests,p95,4.00
103,1780554051323170560,1780554052323170560,Effective Prefill Concurrency,requests,p99,4.00
103,1780554051323170560,1780554052323170560,Effective Prefill Concurrency,requests,std,0.34
103,1780554051323170560,1780554052323170560,Effective Prefill Throughput,tokens/sec,avg,4864.33
103,1780554051323170560,1780554052323170560,Effective Prefill Throughput,tokens/sec,min,4162.86
103,1780554051323170560,1780554052323170560,Effective Prefill Throughput,tokens/sec,max,4969.61
103,1780554051323170560,1780554052323170560,Effective Prefill Throughput,tokens/sec,p50,4969.61
103,1780554051323170560,1780554052323170560,Effective Prefill Throughput,tokens/sec,p90,4969.61
103,1780554051323170560,1780554052323170560,Effective Prefill Throughput,tokens/sec,p95,4969.61
103,1780554051323170560,1780554052323170560,Effective Prefill Throughput,tokens/sec,p99,4969.61
103,1780554051323170560,1780554052323170560,Effective Prefill Throughput,tokens/sec,std,271.75
103,1780554051323170560,1780554052323170560,Effective Prefill Throughput Per User,tokens/sec/user,avg,1261.35
103,1780554051323170560,1780554052323170560,Effective Prefill Throughput Per User,tokens/sec/user,min,1242.40
103,1780554051323170560,1780554052323170560,Effective Prefill Throughput Per User,tokens/sec/user,max,1387.62
103,1780554051323170560,1780554052323170560,Effective Prefill Throughput Per User,tokens/sec/user,p50,1242.40
103,1780554051323170560,1780554052323170560,Effective Prefill Throughput Per User,tokens/sec/user,p90,1387.62
103,1780554051323170560,1780554052323170560,Effective Prefill Throughput Per User,tokens/sec/user,p95,1387.62
103,1780554051323170560,1780554052323170560,Effective Prefill Throughput Per User,tokens/sec/user,p99,1387.62
103,1780554051323170560,1780554052323170560,Effective Prefill Throughput Per User,tokens/sec/user,std,48.92
103,1780554051323170560,1780554052323170560,Effective Total Throughput,tokens/sec,avg,4954.81
103,1780554051323170560,1780554052323170560,Effective Total Throughput,tokens/sec,min,4253.34
103,1780554051323170560,1780554052323170560,Effective Total Throughput,tokens/sec,max,5060.09
103,1780554051323170560,1780554052323170560,Effective Total Throughput,tokens/sec,p50,5060.09
103,1780554051323170560,1780554052323170560,Effective Total Throughput,tokens/sec,p90,5060.09
103,1780554051323170560,1780554052323170560,Effective Total Throughput,tokens/sec,p95,5060.09
103,1780554051323170560,1780554052323170560,Effective Total Throughput,tokens/sec,p99,5060.09
103,1780554051323170560,1780554052323170560,Effective Total Throughput,tokens/sec,std,271.75
103,1780554051323170560,1780554052323170560,HTTP Blocked,ms,avg,0.00
103,1780554051323170560,1780554052323170560,HTTP Blocked,ms,min,0.00
103,1780554051323170560,1780554052323170560,HTTP Blocked,ms,max,0.00
103,1780554051323170560,1780554052323170560,HTTP Blocked,ms,sum,0.00
103,1780554051323170560,1780554052323170560,HTTP Blocked,ms,p1,0.00
103,1780554051323170560,1780554052323170560,HTTP Blocked,ms,p5,0.00
103,1780554051323170560,1780554052323170560,HTTP Blocked,ms,p10,0.00
103,1780554051323170560,1780554052323170560,HTTP Blocked,ms,p25,0.00
103,1780554051323170560,1780554052323170560,HTTP Blocked,ms,p50,0.00
103,1780554051323170560,1780554052323170560,HTTP Blocked,ms,p75,0.00
103,1780554051323170560,1780554052323170560,HTTP Blocked,ms,p90,0.00
103,1780554051323170560,1780554052323170560,HTTP Blocked,ms,p95,0.00
103,1780554051323170560,1780554052323170560,HTTP Blocked,ms,p99,0.00
103,1780554051323170560,1780554052323170560,HTTP Blocked,ms,std,0.00
103,1780554051323170560,1780554052323170560,HTTP Chunks Received,count,avg,791.00
103,1780554051323170560,1780554052323170560,HTTP Chunks Received,count,min,791.00
103,1780554051323170560,1780554052323170560,HTTP Chunks Received,count,max,791.00
103,1780554051323170560,1780554052323170560,HTTP Chunks Received,count,sum,791.00
103,1780554051323170560,1780554052323170560,HTTP Chunks Received,count,p1,791.00
103,1780554051323170560,1780554052323170560,HTTP Chunks Received,count,p5,791.00
103,1780554051323170560,1780554052323170560,HTTP Chunks Received,count,p10,791.00
103,1780554051323170560,1780554052323170560,HTTP Chunks Received,count,p25,791.00
103,1780554051323170560,1780554052323170560,HTTP Chunks Received,count,p50,791.00
103,1780554051323170560,1780554052323170560,HTTP Chunks Received,count,p75,791.00
103,1780554051323170560,1780554052323170560,HTTP Chunks Received,count,p90,791.00
103,1780554051323170560,1780554052323170560,HTTP Chunks Received,count,p95,791.00
103,1780554051323170560,1780554052323170560,HTTP Chunks Received,count,p99,791.00
103,1780554051323170560,1780554052323170560,HTTP Chunks Received,count,std,0.00
103,1780554051323170560,1780554052323170560,HTTP Chunks Sent,count,avg,1.00
103,1780554051323170560,1780554052323170560,HTTP Chunks Sent,count,min,1.00
103,1780554051323170560,1780554052323170560,HTTP Chunks Sent,count,max,1.00
103,1780554051323170560,1780554052323170560,HTTP Chunks Sent,count,sum,1.00
103,1780554051323170560,1780554052323170560,HTTP Chunks Sent,count,p1,1.00
103,1780554051323170560,1780554052323170560,HTTP Chunks Sent,count,p5,1.00
103,1780554051323170560,1780554052323170560,HTTP Chunks Sent,count,p10,1.00
103,1780554051323170560,1780554052323170560,HTTP Chunks Sent,count,p25,1.00
103,1780554051323170560,1780554052323170560,HTTP Chunks Sent,count,p50,1.00
103,1780554051323170560,1780554052323170560,HTTP Chunks Sent,count,p75,1.00
103,1780554051323170560,1780554052323170560,HTTP Chunks Sent,count,p90,1.00
103,1780554051323170560,1780554052323170560,HTTP Chunks Sent,count,p95,1.00
103,1780554051323170560,1780554052323170560,HTTP Chunks Sent,count,p99,1.00
103,1780554051323170560,1780554052323170560,HTTP Chunks Sent,count,std,0.00
103,1780554051323170560,1780554052323170560,HTTP Connecting,ms,avg,1.15
103,1780554051323170560,1780554052323170560,HTTP Connecting,ms,min,1.15
103,1780554051323170560,1780554052323170560,HTTP Connecting,ms,max,1.15
103,1780554051323170560,1780554052323170560,HTTP Connecting,ms,sum,1.15
103,1780554051323170560,1780554052323170560,HTTP Connecting,ms,p1,1.15
103,1780554051323170560,1780554052323170560,HTTP Connecting,ms,p5,1.15
103,1780554051323170560,1780554052323170560,HTTP Connecting,ms,p10,1.15
103,1780554051323170560,1780554052323170560,HTTP Connecting,ms,p25,1.15
103,1780554051323170560,1780554052323170560,HTTP Connecting,ms,p50,1.15
103,1780554051323170560,1780554052323170560,HTTP Connecting,ms,p75,1.15
103,1780554051323170560,1780554052323170560,HTTP Connecting,ms,p90,1.15
103,1780554051323170560,1780554052323170560,HTTP Connecting,ms,p95,1.15
103,1780554051323170560,1780554052323170560,HTTP Connecting,ms,p99,1.15
103,1780554051323170560,1780554052323170560,HTTP Connecting,ms,std,0.00
103,1780554051323170560,1780554052323170560,HTTP Connection Overhead,ms,avg,1.67
103,1780554051323170560,1780554052323170560,HTTP Connection Overhead,ms,min,1.67
103,1780554051323170560,1780554052323170560,HTTP Connection Overhead,ms,max,1.67
103,1780554051323170560,1780554052323170560,HTTP Connection Overhead,ms,sum,1.67
103,1780554051323170560,1780554052323170560,HTTP Connection Overhead,ms,p1,1.67
103,1780554051323170560,1780554052323170560,HTTP Connection Overhead,ms,p5,1.67
103,1780554051323170560,1780554052323170560,HTTP Connection Overhead,ms,p10,1.67
103,1780554051323170560,1780554052323170560,HTTP Connection Overhead,ms,p25,1.67
103,1780554051323170560,1780554052323170560,HTTP Connection Overhead,ms,p50,1.67
103,1780554051323170560,1780554052323170560,HTTP Connection Overhead,ms,p75,1.67
103,1780554051323170560,1780554052323170560,HTTP Connection Overhead,ms,p90,1.67
103,1780554051323170560,1780554052323170560,HTTP Connection Overhead,ms,p95,1.67
103,1780554051323170560,1780554052323170560,HTTP Connection Overhead,ms,p99,1.67
103,1780554051323170560,1780554052323170560,HTTP Connection Overhead,ms,std,0.00
103,1780554051323170560,1780554052323170560,HTTP Connection Reused,ratio,avg,0.00
103,1780554051323170560,1780554052323170560,HTTP Connection Reused,ratio,min,0.00
103,1780554051323170560,1780554052323170560,HTTP Connection Reused,ratio,max,0.00
103,1780554051323170560,1780554052323170560,HTTP Connection Reused,ratio,sum,0.00
103,1780554051323170560,1780554052323170560,HTTP Connection Reused,ratio,p1,0.00
103,1780554051323170560,1780554052323170560,HTTP Connection Reused,ratio,p5,0.00
103,1780554051323170560,1780554052323170560,HTTP Connection Reused,ratio,p10,0.00
103,1780554051323170560,1780554052323170560,HTTP Connection Reused,ratio,p25,0.00
103,1780554051323170560,1780554052323170560,HTTP Connection Reused,ratio,p50,0.00
103,1780554051323170560,1780554052323170560,HTTP Connection Reused,ratio,p75,0.00
103,1780554051323170560,1780554052323170560,HTTP Connection Reused,ratio,p90,0.00
103,1780554051323170560,1780554052323170560,HTTP Connection Reused,ratio,p95,0.00
103,1780554051323170560,1780554052323170560,HTTP Connection Reused,ratio,p99,0.00
103,1780554051323170560,1780554052323170560,HTTP Connection Reused,ratio,std,0.00
103,1780554051323170560,1780554052323170560,HTTP Data Received,KB,avg,196.73
103,1780554051323170560,1780554052323170560,HTTP Data Received,KB,min,196.73
103,1780554051323170560,1780554052323170560,HTTP Data Received,KB,max,196.73
103,1780554051323170560,1780554052323170560,HTTP Data Received,KB,sum,196.73
103,1780554051323170560,1780554052323170560,HTTP Data Received,KB,p1,196.73
103,1780554051323170560,1780554052323170560,HTTP Data Received,KB,p5,196.73
103,1780554051323170560,1780554052323170560,HTTP Data Received,KB,p10,196.73
103,1780554051323170560,1780554052323170560,HTTP Data Received,KB,p25,196.73
103,1780554051323170560,1780554052323170560,HTTP Data Received,KB,p50,196.73
103,1780554051323170560,1780554052323170560,HTTP Data Received,KB,p75,196.73
103,1780554051323170560,1780554052323170560,HTTP Data Received,KB,p90,196.73
103,1780554051323170560,1780554052323170560,HTTP Data Received,KB,p95,196.73
103,1780554051323170560,1780554052323170560,HTTP Data Received,KB,p99,196.73
103,1780554051323170560,1780554052323170560,HTTP Data Received,KB,std,0.00
103,1780554051323170560,1780554052323170560,HTTP Data Sent,KB,avg,203.03
103,1780554051323170560,1780554052323170560,HTTP Data Sent,KB,min,203.03
103,1780554051323170560,1780554052323170560,HTTP Data Sent,KB,max,203.03
103,1780554051323170560,1780554052323170560,HTTP Data Sent,KB,sum,203.03
103,1780554051323170560,1780554052323170560,HTTP Data Sent,KB,p1,203.03
103,1780554051323170560,1780554052323170560,HTTP Data Sent,KB,p5,203.03
103,1780554051323170560,1780554052323170560,HTTP Data Sent,KB,p10,203.03
103,1780554051323170560,1780554052323170560,HTTP Data Sent,KB,p25,203.03
103,1780554051323170560,1780554052323170560,HTTP Data Sent,KB,p50,203.03
103,1780554051323170560,1780554052323170560,HTTP Data Sent,KB,p75,203.03
103,1780554051323170560,1780554052323170560,HTTP Data Sent,KB,p90,203.03
103,1780554051323170560,1780554052323170560,HTTP Data Sent,KB,p95,203.03
103,1780554051323170560,1780554052323170560,HTTP Data Sent,KB,p99,203.03
103,1780554051323170560,1780554052323170560,HTTP Data Sent,KB,std,0.00
103,1780554051323170560,1780554052323170560,HTTP DNS Lookup,ms,avg,0.52
103,1780554051323170560,1780554052323170560,HTTP DNS Lookup,ms,min,0.52
103,1780554051323170560,1780554052323170560,HTTP DNS Lookup,ms,max,0.52
103,1780554051323170560,1780554052323170560,HTTP DNS Lookup,ms,sum,0.52
103,1780554051323170560,1780554052323170560,HTTP DNS Lookup,ms,p1,0.52
103,1780554051323170560,1780554052323170560,HTTP DNS Lookup,ms,p5,0.52
103,1780554051323170560,1780554052323170560,HTTP DNS Lookup,ms,p10,0.52
103,1780554051323170560,1780554052323170560,HTTP DNS Lookup,ms,p25,0.52
103,1780554051323170560,1780554052323170560,HTTP DNS Lookup,ms,p50,0.52
103,1780554051323170560,1780554052323170560,HTTP DNS Lookup,ms,p75,0.52
103,1780554051323170560,1780554052323170560,HTTP DNS Lookup,ms,p90,0.52
103,1780554051323170560,1780554052323170560,HTTP DNS Lookup,ms,p95,0.52
103,1780554051323170560,1780554052323170560,HTTP DNS Lookup,ms,p99,0.52
103,1780554051323170560,1780554052323170560,HTTP DNS Lookup,ms,std,0.00
103,1780554051323170560,1780554052323170560,HTTP Duration (excl. conn),ms,avg,176866.21
103,1780554051323170560,1780554052323170560,HTTP Duration (excl. conn),ms,min,176866.21
103,1780554051323170560,1780554052323170560,HTTP Duration (excl. conn),ms,max,176866.21
103,1780554051323170560,1780554052323170560,HTTP Duration (excl. conn),ms,sum,176866.21
103,1780554051323170560,1780554052323170560,HTTP Duration (excl. conn),ms,p1,176866.21
103,1780554051323170560,1780554052323170560,HTTP Duration (excl. conn),ms,p5,176866.21
103,1780554051323170560,1780554052323170560,HTTP Duration (excl. conn),ms,p10,176866.21
103,1780554051323170560,1780554052323170560,HTTP Duration (excl. conn),ms,p25,176866.21
103,1780554051323170560,1780554052323170560,HTTP Duration (excl. conn),ms,p50,176866.21
103,1780554051323170560,1780554052323170560,HTTP Duration (excl. conn),ms,p75,176866.21
103,1780554051323170560,1780554052323170560,HTTP Duration (excl. conn),ms,p90,176866.21
103,1780554051323170560,1780554052323170560,HTTP Duration (excl. conn),ms,p95,176866.21
103,1780554051323170560,1780554052323170560,HTTP Duration (excl. conn),ms,p99,176866.21
103,1780554051323170560,1780554052323170560,HTTP Duration (excl. conn),ms,std,0.00
103,1780554051323170560,1780554052323170560,HTTP Receiving,ms,avg,112219.37
103,1780554051323170560,1780554052323170560,HTTP Receiving,ms,min,112219.37
103,1780554051323170560,1780554052323170560,HTTP Receiving,ms,max,112219.37
103,1780554051323170560,1780554052323170560,HTTP Receiving,ms,sum,112219.37
103,1780554051323170560,1780554052323170560,HTTP Receiving,ms,p1,112219.37
103,1780554051323170560,1780554052323170560,HTTP Receiving,ms,p5,112219.37
103,1780554051323170560,1780554052323170560,HTTP Receiving,ms,p10,112219.37
103,1780554051323170560,1780554052323170560,HTTP Receiving,ms,p25,112219.37
103,1780554051323170560,1780554052323170560,HTTP Receiving,ms,p50,112219.37
103,1780554051323170560,1780554052323170560,HTTP Receiving,ms,p75,112219.37
103,1780554051323170560,1780554052323170560,HTTP Receiving,ms,p90,112219.37
103,1780554051323170560,1780554052323170560,HTTP Receiving,ms,p95,112219.37
103,1780554051323170560,1780554052323170560,HTTP Receiving,ms,p99,112219.37
103,1780554051323170560,1780554052323170560,HTTP Receiving,ms,std,0.00
103,1780554051323170560,1780554052323170560,HTTP Sending,ms,avg,1.43
103,1780554051323170560,1780554052323170560,HTTP Sending,ms,min,1.43
103,1780554051323170560,1780554052323170560,HTTP Sending,ms,max,1.43
103,1780554051323170560,1780554052323170560,HTTP Sending,ms,sum,1.43
103,1780554051323170560,1780554052323170560,HTTP Sending,ms,p1,1.43
103,1780554051323170560,1780554052323170560,HTTP Sending,ms,p5,1.43
103,1780554051323170560,1780554052323170560,HTTP Sending,ms,p10,1.43
103,1780554051323170560,1780554052323170560,HTTP Sending,ms,p25,1.43
103,1780554051323170560,1780554052323170560,HTTP Sending,ms,p50,1.43
103,1780554051323170560,1780554052323170560,HTTP Sending,ms,p75,1.43
103,1780554051323170560,1780554052323170560,HTTP Sending,ms,p90,1.43
103,1780554051323170560,1780554052323170560,HTTP Sending,ms,p95,1.43
103,1780554051323170560,1780554052323170560,HTTP Sending,ms,p99,1.43
103,1780554051323170560,1780554052323170560,HTTP Sending,ms,std,0.00
103,1780554051323170560,1780554052323170560,HTTP Total Time,ms,avg,176867.88
103,1780554051323170560,1780554052323170560,HTTP Total Time,ms,min,176867.88
103,1780554051323170560,1780554052323170560,HTTP Total Time,ms,max,176867.88
103,1780554051323170560,1780554052323170560,HTTP Total Time,ms,sum,176867.88
103,1780554051323170560,1780554052323170560,HTTP Total Time,ms,p1,176867.88
103,1780554051323170560,1780554052323170560,HTTP Total Time,ms,p5,176867.88
103,1780554051323170560,1780554052323170560,HTTP Total Time,ms,p10,176867.88
103,1780554051323170560,1780554052323170560,HTTP Total Time,ms,p25,176867.88
103,1780554051323170560,1780554052323170560,HTTP Total Time,ms,p50,176867.88
103,1780554051323170560,1780554052323170560,HTTP Total Time,ms,p75,176867.88
103,1780554051323170560,1780554052323170560,HTTP Total Time,ms,p90,176867.88
103,1780554051323170560,1780554052323170560,HTTP Total Time,ms,p95,176867.88
103,1780554051323170560,1780554052323170560,HTTP Total Time,ms,p99,176867.88
103,1780554051323170560,1780554052323170560,HTTP Total Time,ms,std,0.00
103,1780554051323170560,1780554052323170560,HTTP Waiting (TTFB),ms,avg,64645.41
103,1780554051323170560,1780554052323170560,HTTP Waiting (TTFB),ms,min,64645.41
103,1780554051323170560,1780554052323170560,HTTP Waiting (TTFB),ms,max,64645.41
103,1780554051323170560,1780554052323170560,HTTP Waiting (TTFB),ms,sum,64645.41
103,1780554051323170560,1780554052323170560,HTTP Waiting (TTFB),ms,p1,64645.41
103,1780554051323170560,1780554052323170560,HTTP Waiting (TTFB),ms,p5,64645.41
103,1780554051323170560,1780554052323170560,HTTP Waiting (TTFB),ms,p10,64645.41
103,1780554051323170560,1780554052323170560,HTTP Waiting (TTFB),ms,p25,64645.41
103,1780554051323170560,1780554052323170560,HTTP Waiting (TTFB),ms,p50,64645.41
103,1780554051323170560,1780554052323170560,HTTP Waiting (TTFB),ms,p75,64645.41
103,1780554051323170560,1780554052323170560,HTTP Waiting (TTFB),ms,p90,64645.41
103,1780554051323170560,1780554052323170560,HTTP Waiting (TTFB),ms,p95,64645.41
103,1780554051323170560,1780554052323170560,HTTP Waiting (TTFB),ms,p99,64645.41
103,1780554051323170560,1780554052323170560,HTTP Waiting (TTFB),ms,std,0.00
103,1780554051323170560,1780554052323170560,Input Sequence Length,tokens,avg,52154.00
103,1780554051323170560,1780554052323170560,Input Sequence Length,tokens,min,52154.00
103,1780554051323170560,1780554052323170560,Input Sequence Length,tokens,max,52154.00
103,1780554051323170560,1780554052323170560,Input Sequence Length,tokens,sum,52154.00
103,1780554051323170560,1780554052323170560,Input Sequence Length,tokens,p1,52154.00
103,1780554051323170560,1780554052323170560,Input Sequence Length,tokens,p5,52154.00
103,1780554051323170560,1780554052323170560,Input Sequence Length,tokens,p10,52154.00
103,1780554051323170560,1780554052323170560,Input Sequence Length,tokens,p25,52154.00
103,1780554051323170560,1780554052323170560,Input Sequence Length,tokens,p50,52154.00
103,1780554051323170560,1780554052323170560,Input Sequence Length,tokens,p75,52154.00
103,1780554051323170560,1780554052323170560,Input Sequence Length,tokens,p90,52154.00
103,1780554051323170560,1780554052323170560,Input Sequence Length,tokens,p95,52154.00
103,1780554051323170560,1780554052323170560,Input Sequence Length,tokens,p99,52154.00
103,1780554051323170560,1780554052323170560,Input Sequence Length,tokens,std,0.00
103,1780554051323170560,1780554052323170560,Input Token Throughput,tokens/sec,avg,52154.00
103,1780554051323170560,1780554052323170560,Inter Chunk Latency,ms,avg,67.76
103,1780554051323170560,1780554052323170560,Inter Chunk Latency,ms,min,67.75
103,1780554051323170560,1780554052323170560,Inter Chunk Latency,ms,max,67.77
103,1780554051323170560,1780554052323170560,Inter Chunk Latency,ms,sum,53393.50
103,1780554051323170560,1780554052323170560,Inter Chunk Latency,ms,p1,67.75
103,1780554051323170560,1780554052323170560,Inter Chunk Latency,ms,p5,67.75
103,1780554051323170560,1780554052323170560,Inter Chunk Latency,ms,p10,67.75
103,1780554051323170560,1780554052323170560,Inter Chunk Latency,ms,p25,67.75
103,1780554051323170560,1780554052323170560,Inter Chunk Latency,ms,p50,67.76
103,1780554051323170560,1780554052323170560,Inter Chunk Latency,ms,p75,67.76
103,1780554051323170560,1780554052323170560,Inter Chunk Latency,ms,p90,67.77
103,1780554051323170560,1780554052323170560,Inter Chunk Latency,ms,p95,67.77
103,1780554051323170560,1780554052323170560,Inter Chunk Latency,ms,p99,67.77
103,1780554051323170560,1780554052323170560,Inter Chunk Latency,ms,std,0.01
103,1780554051323170560,1780554052323170560,Inter Token Latency,ms,avg,142.05
103,1780554051323170560,1780554052323170560,Inter Token Latency,ms,min,142.05
103,1780554051323170560,1780554052323170560,Inter Token Latency,ms,max,142.05
103,1780554051323170560,1780554052323170560,Inter Token Latency,ms,sum,142.05
103,1780554051323170560,1780554052323170560,Inter Token Latency,ms,p1,142.05
103,1780554051323170560,1780554052323170560,Inter Token Latency,ms,p5,142.05
103,1780554051323170560,1780554052323170560,Inter Token Latency,ms,p10,142.05
103,1780554051323170560,1780554052323170560,Inter Token Latency,ms,p25,142.05
103,1780554051323170560,1780554052323170560,Inter Token Latency,ms,p50,142.05
103,1780554051323170560,1780554052323170560,Inter Token Latency,ms,p75,142.05
103,1780554051323170560,1780554052323170560,Inter Token Latency,ms,p90,142.05
103,1780554051323170560,1780554052323170560,Inter Token Latency,ms,p95,142.05
103,1780554051323170560,1780554052323170560,Inter Token Latency,ms,p99,142.05
103,1780554051323170560,1780554052323170560,Inter Token Latency,ms,std,0.00
103,1780554051323170560,1780554052323170560,Maximum Response Timestamp,ns,avg,1780554228319999232.00
103,1780554051323170560,1780554052323170560,Minimum Request Timestamp,ns,avg,1780554051453664512.00
103,1780554051323170560,1780554052323170560,OSL Mismatch Count,requests,avg,0.00
103,1780554051323170560,1780554052323170560,OSL Mismatch Diff %,%,avg,0.00
103,1780554051323170560,1780554052323170560,OSL Mismatch Diff %,%,min,0.00
103,1780554051323170560,1780554052323170560,OSL Mismatch Diff %,%,max,0.00
103,1780554051323170560,1780554052323170560,OSL Mismatch Diff %,%,sum,0.00
103,1780554051323170560,1780554052323170560,OSL Mismatch Diff %,%,p1,0.00
103,1780554051323170560,1780554052323170560,OSL Mismatch Diff %,%,p5,0.00
103,1780554051323170560,1780554052323170560,OSL Mismatch Diff %,%,p10,0.00
103,1780554051323170560,1780554052323170560,OSL Mismatch Diff %,%,p25,0.00
103,1780554051323170560,1780554052323170560,OSL Mismatch Diff %,%,p50,0.00
103,1780554051323170560,1780554052323170560,OSL Mismatch Diff %,%,p75,0.00
103,1780554051323170560,1780554052323170560,OSL Mismatch Diff %,%,p90,0.00
103,1780554051323170560,1780554052323170560,OSL Mismatch Diff %,%,p95,0.00
103,1780554051323170560,1780554052323170560,OSL Mismatch Diff %,%,p99,0.00
103,1780554051323170560,1780554052323170560,OSL Mismatch Diff %,%,std,0.00
103,1780554051323170560,1780554052323170560,Output Sequence Length,tokens,avg,791.00
103,1780554051323170560,1780554052323170560,Output Sequence Length,tokens,min,791.00
103,1780554051323170560,1780554052323170560,Output Sequence Length,tokens,max,791.00
103,1780554051323170560,1780554052323170560,Output Sequence Length,tokens,sum,791.00
103,1780554051323170560,1780554052323170560,Output Sequence Length,tokens,p1,791.00
103,1780554051323170560,1780554052323170560,Output Sequence Length,tokens,p5,791.00
103,1780554051323170560,1780554052323170560,Output Sequence Length,tokens,p10,791.00
103,1780554051323170560,1780554052323170560,Output Sequence Length,tokens,p25,791.00
103,1780554051323170560,1780554052323170560,Output Sequence Length,tokens,p50,791.00
103,1780554051323170560,1780554052323170560,Output Sequence Length,tokens,p75,791.00
103,1780554051323170560,1780554052323170560,Output Sequence Length,tokens,p90,791.00
103,1780554051323170560,1780554052323170560,Output Sequence Length,tokens,p95,791.00
103,1780554051323170560,1780554052323170560,Output Sequence Length,tokens,p99,791.00
103,1780554051323170560,1780554052323170560,Output Sequence Length,tokens,std,0.00
103,1780554051323170560,1780554052323170560,Output Token Count,tokens,avg,791.00
103,1780554051323170560,1780554052323170560,Output Token Count,tokens,min,791.00
103,1780554051323170560,1780554052323170560,Output Token Count,tokens,max,791.00
103,1780554051323170560,1780554052323170560,Output Token Count,tokens,sum,791.00
103,1780554051323170560,1780554052323170560,Output Token Count,tokens,p1,791.00
103,1780554051323170560,1780554052323170560,Output Token Count,tokens,p5,791.00
103,1780554051323170560,1780554052323170560,Output Token Count,tokens,p10,791.00
103,1780554051323170560,1780554052323170560,Output Token Count,tokens,p25,791.00
103,1780554051323170560,1780554052323170560,Output Token Count,tokens,p50,791.00
103,1780554051323170560,1780554052323170560,Output Token Count,tokens,p75,791.00
103,1780554051323170560,1780554052323170560,Output Token Count,tokens,p90,791.00
103,1780554051323170560,1780554052323170560,Output Token Count,tokens,p95,791.00
103,1780554051323170560,1780554052323170560,Output Token Count,tokens,p99,791.00
103,1780554051323170560,1780554052323170560,Output Token Count,tokens,std,0.00
103,1780554051323170560,1780554052323170560,Output Token Throughput,tokens/sec,avg,791.00
103,1780554051323170560,1780554052323170560,Output Token Throughput Per User,tokens/sec/user,avg,7.04
103,1780554051323170560,1780554052323170560,Output Token Throughput Per User,tokens/sec/user,min,7.04
103,1780554051323170560,1780554052323170560,Output Token Throughput Per User,tokens/sec/user,max,7.04
103,1780554051323170560,1780554052323170560,Output Token Throughput Per User,tokens/sec/user,sum,7.04
103,1780554051323170560,1780554052323170560,Output Token Throughput Per User,tokens/sec/user,p1,7.04
103,1780554051323170560,1780554052323170560,Output Token Throughput Per User,tokens/sec/user,p5,7.04
103,1780554051323170560,1780554052323170560,Output Token Throughput Per User,tokens/sec/user,p10,7.04
103,1780554051323170560,1780554052323170560,Output Token Throughput Per User,tokens/sec/user,p25,7.04
103,1780554051323170560,1780554052323170560,Output Token Throughput Per User,tokens/sec/user,p50,7.04
103,1780554051323170560,1780554052323170560,Output Token Throughput Per User,tokens/sec/user,p75,7.04
103,1780554051323170560,1780554052323170560,Output Token Throughput Per User,tokens/sec/user,p90,7.04
103,1780554051323170560,1780554052323170560,Output Token Throughput Per User,tokens/sec/user,p95,7.04
103,1780554051323170560,1780554052323170560,Output Token Throughput Per User,tokens/sec/user,p99,7.04
103,1780554051323170560,1780554052323170560,Output Token Throughput Per User,tokens/sec/user,std,0.00
103,1780554051323170560,1780554052323170560,Prefill Throughput Per User,tokens/sec/user,avg,806.75
103,1780554051323170560,1780554052323170560,Prefill Throughput Per User,tokens/sec/user,min,806.75
103,1780554051323170560,1780554052323170560,Prefill Throughput Per User,tokens/sec/user,max,806.75
103,1780554051323170560,1780554052323170560,Prefill Throughput Per User,tokens/sec/user,sum,806.75
103,1780554051323170560,1780554052323170560,Prefill Throughput Per User,tokens/sec/user,p1,806.75
103,1780554051323170560,1780554052323170560,Prefill Throughput Per User,tokens/sec/user,p5,806.75
103,1780554051323170560,1780554052323170560,Prefill Throughput Per User,tokens/sec/user,p10,806.75
103,1780554051323170560,1780554052323170560,Prefill Throughput Per User,tokens/sec/user,p25,806.75
103,1780554051323170560,1780554052323170560,Prefill Throughput Per User,tokens/sec/user,p50,806.75
103,1780554051323170560,1780554052323170560,Prefill Throughput Per User,tokens/sec/user,p75,806.75
103,1780554051323170560,1780554052323170560,Prefill Throughput Per User,tokens/sec/user,p90,806.75
103,1780554051323170560,1780554052323170560,Prefill Throughput Per User,tokens/sec/user,p95,806.75
103,1780554051323170560,1780554052323170560,Prefill Throughput Per User,tokens/sec/user,p99,806.75
103,1780554051323170560,1780554052323170560,Prefill Throughput Per User,tokens/sec/user,std,0.00
103,1780554051323170560,1780554052323170560,Request Count,requests,avg,1.00
103,1780554051323170560,1780554052323170560,Request Latency,ms,avg,176866.33
103,1780554051323170560,1780554052323170560,Request Latency,ms,min,176866.33
103,1780554051323170560,1780554052323170560,Request Latency,ms,max,176866.33
103,1780554051323170560,1780554052323170560,Request Latency,ms,sum,176866.33
103,1780554051323170560,1780554052323170560,Request Latency,ms,p1,176866.33
103,1780554051323170560,1780554052323170560,Request Latency,ms,p5,176866.33
103,1780554051323170560,1780554052323170560,Request Latency,ms,p10,176866.33
103,1780554051323170560,1780554052323170560,Request Latency,ms,p25,176866.33
103,1780554051323170560,1780554052323170560,Request Latency,ms,p50,176866.33
103,1780554051323170560,1780554052323170560,Request Latency,ms,p75,176866.33
103,1780554051323170560,1780554052323170560,Request Latency,ms,p90,176866.33
103,1780554051323170560,1780554052323170560,Request Latency,ms,p95,176866.33
103,1780554051323170560,1780554052323170560,Request Latency,ms,p99,176866.33
103,1780554051323170560,1780554052323170560,Request Latency,ms,std,0.00
103,1780554051323170560,1780554052323170560,Request Throughput,requests/sec,avg,1.00
103,1780554051323170560,1780554052323170560,Requested OSL,tokens,avg,791.00
103,1780554051323170560,1780554052323170560,Requested OSL,tokens,min,791.00
103,1780554051323170560,1780554052323170560,Requested OSL,tokens,max,791.00
103,1780554051323170560,1780554052323170560,Requested OSL,tokens,sum,791.00
103,1780554051323170560,1780554052323170560,Requested OSL,tokens,p1,791.00
103,1780554051323170560,1780554052323170560,Requested OSL,tokens,p5,791.00
103,1780554051323170560,1780554052323170560,Requested OSL,tokens,p10,791.00
103,1780554051323170560,1780554052323170560,Requested OSL,tokens,p25,791.00
103,1780554051323170560,1780554052323170560,Requested OSL,tokens,p50,791.00
103,1780554051323170560,1780554052323170560,Requested OSL,tokens,p75,791.00
103,1780554051323170560,1780554052323170560,Requested OSL,tokens,p90,791.00
103,1780554051323170560,1780554052323170560,Requested OSL,tokens,p95,791.00
103,1780554051323170560,1780554052323170560,Requested OSL,tokens,p99,791.00
103,1780554051323170560,1780554052323170560,Requested OSL,tokens,std,0.00
103,1780554051323170560,1780554052323170560,Time to First Output Token,ms,avg,64646.97
103,1780554051323170560,1780554052323170560,Time to First Output Token,ms,min,64646.97
103,1780554051323170560,1780554052323170560,Time to First Output Token,ms,max,64646.97
103,1780554051323170560,1780554052323170560,Time to First Output Token,ms,sum,64646.97
103,1780554051323170560,1780554052323170560,Time to First Output Token,ms,p1,64646.97
103,1780554051323170560,1780554052323170560,Time to First Output Token,ms,p5,64646.97
103,1780554051323170560,1780554052323170560,Time to First Output Token,ms,p10,64646.97
103,1780554051323170560,1780554052323170560,Time to First Output Token,ms,p25,64646.97
103,1780554051323170560,1780554052323170560,Time to First Output Token,ms,p50,64646.97
103,1780554051323170560,1780554052323170560,Time to First Output Token,ms,p75,64646.97
103,1780554051323170560,1780554052323170560,Time to First Output Token,ms,p90,64646.97
103,1780554051323170560,1780554052323170560,Time to First Output Token,ms,p95,64646.97
103,1780554051323170560,1780554052323170560,Time to First Output Token,ms,p99,64646.97
103,1780554051323170560,1780554052323170560,Time to First Output Token,ms,std,0.00
103,1780554051323170560,1780554052323170560,Time to First Token,ms,avg,64646.97
103,1780554051323170560,1780554052323170560,Time to First Token,ms,min,64646.97
103,1780554051323170560,1780554052323170560,Time to First Token,ms,max,64646.97
103,1780554051323170560,1780554052323170560,Time to First Token,ms,sum,64646.97
103,1780554051323170560,1780554052323170560,Time to First Token,ms,p1,64646.97
103,1780554051323170560,1780554052323170560,Time to First Token,ms,p5,64646.97
103,1780554051323170560,1780554052323170560,Time to First Token,ms,p10,64646.97
103,1780554051323170560,1780554052323170560,Time to First Token,ms,p25,64646.97
103,1780554051323170560,1780554052323170560,Time to First Token,ms,p50,64646.97
103,1780554051323170560,1780554052323170560,Time to First Token,ms,p75,64646.97
103,1780554051323170560,1780554052323170560,Time to First Token,ms,p90,64646.97
103,1780554051323170560,1780554052323170560,Time to First Token,ms,p95,64646.97
103,1780554051323170560,1780554052323170560,Time to First Token,ms,p99,64646.97
103,1780554051323170560,1780554052323170560,Time to First Token,ms,std,0.00
103,1780554051323170560,1780554052323170560,Time to Second Token,ms,avg,29.72
103,1780554051323170560,1780554052323170560,Time to Second Token,ms,min,29.72
103,1780554051323170560,1780554052323170560,Time to Second Token,ms,max,29.72
103,1780554051323170560,1780554052323170560,Time to Second Token,ms,sum,29.72
103,1780554051323170560,1780554052323170560,Time to Second Token,ms,p1,29.72
103,1780554051323170560,1780554052323170560,Time to Second Token,ms,p5,29.72
103,1780554051323170560,1780554052323170560,Time to Second Token,ms,p10,29.72
103,1780554051323170560,1780554052323170560,Time to Second Token,ms,p25,29.72
103,1780554051323170560,1780554052323170560,Time to Second Token,ms,p50,29.72
103,1780554051323170560,1780554052323170560,Time to Second Token,ms,p75,29.72
103,1780554051323170560,1780554052323170560,Time to Second Token,ms,p90,29.72
103,1780554051323170560,1780554052323170560,Time to Second Token,ms,p95,29.72
103,1780554051323170560,1780554052323170560,Time to Second Token,ms,p99,29.72
103,1780554051323170560,1780554052323170560,Time to Second Token,ms,std,0.00
103,1780554051323170560,1780554052323170560,Tokens In Flight,tokens,avg,1472580.94
103,1780554051323170560,1780554052323170560,Tokens In Flight,tokens,min,1427186.37
103,1780554051323170560,1780554052323170560,Tokens In Flight,tokens,max,1479434.04
103,1780554051323170560,1780554052323170560,Tokens In Flight,tokens,p50,1479386.27
103,1780554051323170560,1780554052323170560,Tokens In Flight,tokens,p90,1479423.73
103,1780554051323170560,1780554052323170560,Tokens In Flight,tokens,p95,1479427.79
103,1780554051323170560,1780554052323170560,Tokens In Flight,tokens,p99,1479432.00
103,1780554051323170560,1780554052323170560,Tokens In Flight,tokens,std,17583.34
103,1780554051323170560,1780554052323170560,Total Input Sequence Length,tokens,avg,52154.00
103,1780554051323170560,1780554052323170560,Total Output Sequence Length,tokens,avg,791.00
103,1780554051323170560,1780554052323170560,Total Output Tokens,tokens,avg,791.00
103,1780554051323170560,1780554052323170560,Total Token Throughput,tokens/sec,avg,52945.00
103,1780554051323170560,1780554052323170560,Total Usage Completion Tokens,tokens,avg,791.00
103,1780554051323170560,1780554052323170560,Total Usage Prompt Tokens,tokens,avg,52154.00
103,1780554051323170560,1780554052323170560,Total Usage Total Tokens,tokens,avg,52945.00
103,1780554051323170560,1780554052323170560,Usage Completion Tokens,tokens,avg,791.00
103,1780554051323170560,1780554052323170560,Usage Completion Tokens,tokens,min,791.00
103,1780554051323170560,1780554052323170560,Usage Completion Tokens,tokens,max,791.00
103,1780554051323170560,1780554052323170560,Usage Completion Tokens,tokens,sum,791.00
103,1780554051323170560,1780554052323170560,Usage Completion Tokens,tokens,p1,791.00
103,1780554051323170560,1780554052323170560,Usage Completion Tokens,tokens,p5,791.00
103,1780554051323170560,1780554052323170560,Usage Completion Tokens,tokens,p10,791.00
103,1780554051323170560,1780554052323170560,Usage Completion Tokens,tokens,p25,791.00
103,1780554051323170560,1780554052323170560,Usage Completion Tokens,tokens,p50,791.00
103,1780554051323170560,1780554052323170560,Usage Completion Tokens,tokens,p75,791.00
103,1780554051323170560,1780554052323170560,Usage Completion Tokens,tokens,p90,791.00
103,1780554051323170560,1780554052323170560,Usage Completion Tokens,tokens,p95,791.00
103,1780554051323170560,1780554052323170560,Usage Completion Tokens,tokens,p99,791.00
103,1780554051323170560,1780554052323170560,Usage Completion Tokens,tokens,std,0.00
103,1780554051323170560,1780554052323170560,Usage Prompt Tokens,tokens,avg,52154.00
103,1780554051323170560,1780554052323170560,Usage Prompt Tokens,tokens,min,52154.00
103,1780554051323170560,1780554052323170560,Usage Prompt Tokens,tokens,max,52154.00
103,1780554051323170560,1780554052323170560,Usage Prompt Tokens,tokens,sum,52154.00
103,1780554051323170560,1780554052323170560,Usage Prompt Tokens,tokens,p1,52154.00
103,1780554051323170560,1780554052323170560,Usage Prompt Tokens,tokens,p5,52154.00
103,1780554051323170560,1780554052323170560,Usage Prompt Tokens,tokens,p10,52154.00
103,1780554051323170560,1780554052323170560,Usage Prompt Tokens,tokens,p25,52154.00
103,1780554051323170560,1780554052323170560,Usage Prompt Tokens,tokens,p50,52154.00
103,1780554051323170560,1780554052323170560,Usage Prompt Tokens,tokens,p75,52154.00
103,1780554051323170560,1780554052323170560,Usage Prompt Tokens,tokens,p90,52154.00
103,1780554051323170560,1780554052323170560,Usage Prompt Tokens,tokens,p95,52154.00
103,1780554051323170560,1780554052323170560,Usage Prompt Tokens,tokens,p99,52154.00
103,1780554051323170560,1780554052323170560,Usage Prompt Tokens,tokens,std,0.00
103,1780554051323170560,1780554052323170560,Usage Total Tokens,tokens,avg,52945.00
103,1780554051323170560,1780554052323170560,Usage Total Tokens,tokens,min,52945.00
103,1780554051323170560,1780554052323170560,Usage Total Tokens,tokens,max,52945.00
103,1780554051323170560,1780554052323170560,Usage Total Tokens,tokens,sum,52945.00
103,1780554051323170560,1780554052323170560,Usage Total Tokens,tokens,p1,52945.00
103,1780554051323170560,1780554052323170560,Usage Total Tokens,tokens,p5,52945.00
103,1780554051323170560,1780554052323170560,Usage Total Tokens,tokens,p10,52945.00
103,1780554051323170560,1780554052323170560,Usage Total Tokens,tokens,p25,52945.00
103,1780554051323170560,1780554052323170560,Usage Total Tokens,tokens,p50,52945.00
103,1780554051323170560,1780554052323170560,Usage Total Tokens,tokens,p75,52945.00
103,1780554051323170560,1780554052323170560,Usage Total Tokens,tokens,p90,52945.00
103,1780554051323170560,1780554052323170560,Usage Total Tokens,tokens,p95,52945.00
103,1780554051323170560,1780554052323170560,Usage Total Tokens,tokens,p99,52945.00
103,1780554051323170560,1780554052323170560,Usage Total Tokens,tokens,std,0.00
104,1780554063323170560,1780554064323170560,Active Decode Throughput,tokens/sec,avg,91.80
104,1780554063323170560,1780554064323170560,Active Decode Throughput,tokens/sec,min,74.33
104,1780554063323170560,1780554064323170560,Active Decode Throughput,tokens/sec,max,109.26
104,1780554063323170560,1780554064323170560,Active Decode Throughput,tokens/sec,p50,91.80
104,1780554063323170560,1780554064323170560,Active Decode Throughput,tokens/sec,p90,91.80
104,1780554063323170560,1780554064323170560,Active Decode Throughput,tokens/sec,p95,91.80
104,1780554063323170560,1780554064323170560,Active Decode Throughput,tokens/sec,p99,91.80
104,1780554063323170560,1780554064323170560,Active Decode Throughput,tokens/sec,std,0.04
104,1780554063323170560,1780554064323170560,Active Decode Throughput Per User,tokens/sec/user,avg,8.35
104,1780554063323170560,1780554064323170560,Active Decode Throughput Per User,tokens/sec/user,min,6.76
104,1780554063323170560,1780554064323170560,Active Decode Throughput Per User,tokens/sec/user,max,9.93
104,1780554063323170560,1780554064323170560,Active Decode Throughput Per User,tokens/sec/user,p50,8.35
104,1780554063323170560,1780554064323170560,Active Decode Throughput Per User,tokens/sec/user,p90,8.35
104,1780554063323170560,1780554064323170560,Active Decode Throughput Per User,tokens/sec/user,p95,8.35
104,1780554063323170560,1780554064323170560,Active Decode Throughput Per User,tokens/sec/user,p99,8.35
104,1780554063323170560,1780554064323170560,Active Decode Throughput Per User,tokens/sec/user,std,0.00
104,1780554063323170560,1780554064323170560,Active Prefill Throughput,tokens/sec,avg,5555.35
104,1780554063323170560,1780554064323170560,Active Prefill Throughput,tokens/sec,min,4969.61
104,1780554063323170560,1780554064323170560,Active Prefill Throughput,tokens/sec,max,6249.26
104,1780554063323170560,1780554064323170560,Active Prefill Throughput,tokens/sec,p50,4969.61
104,1780554063323170560,1780554064323170560,Active Prefill Throughput,tokens/sec,p90,6249.26
104,1780554063323170560,1780554064323170560,Active Prefill Throughput,tokens/sec,p95,6249.26
104,1780554063323170560,1780554064323170560,Active Prefill Throughput,tokens/sec,p99,6249.26
104,1780554063323170560,1780554064323170560,Active Prefill Throughput,tokens/sec,std,637.54
104,1780554063323170560,1780554064323170560,Active Prefill Throughput Per User,tokens/sec/user,avg,1245.81
104,1780554063323170560,1780554064323170560,Active Prefill Throughput Per User,tokens/sec/user,min,1242.40
104,1780554063323170560,1780554064323170560,Active Prefill Throughput Per User,tokens/sec/user,max,1249.85
104,1780554063323170560,1780554064323170560,Active Prefill Throughput Per User,tokens/sec/user,p50,1242.40
104,1780554063323170560,1780554064323170560,Active Prefill Throughput Per User,tokens/sec/user,p90,1249.85
104,1780554063323170560,1780554064323170560,Active Prefill Throughput Per User,tokens/sec/user,p95,1249.85
104,1780554063323170560,1780554064323170560,Active Prefill Throughput Per User,tokens/sec/user,p99,1249.85
104,1780554063323170560,1780554064323170560,Active Prefill Throughput Per User,tokens/sec/user,std,3.71
104,1780554063323170560,1780554064323170560,Active Total Throughput,tokens/sec,avg,5645.83
104,1780554063323170560,1780554064323170560,Active Total Throughput,tokens/sec,min,5060.09
104,1780554063323170560,1780554064323170560,Active Total Throughput,tokens/sec,max,6339.74
104,1780554063323170560,1780554064323170560,Active Total Throughput,tokens/sec,p50,5060.09
104,1780554063323170560,1780554064323170560,Active Total Throughput,tokens/sec,p90,6339.74
104,1780554063323170560,1780554064323170560,Active Total Throughput,tokens/sec,p95,6339.74
104,1780554063323170560,1780554064323170560,Active Total Throughput,tokens/sec,p99,6339.74
104,1780554063323170560,1780554064323170560,Active Total Throughput,tokens/sec,std,637.54
104,1780554063323170560,1780554064323170560,Benchmark Duration,sec,avg,72.70
104,1780554063323170560,1780554064323170560,E2E Output Token Throughput,tokens/sec/user,avg,0.98
104,1780554063323170560,1780554064323170560,E2E Output Token Throughput,tokens/sec/user,min,0.98
104,1780554063323170560,1780554064323170560,E2E Output Token Throughput,tokens/sec/user,max,0.98
104,1780554063323170560,1780554064323170560,E2E Output Token Throughput,tokens/sec/user,sum,0.98
104,1780554063323170560,1780554064323170560,E2E Output Token Throughput,tokens/sec/user,p1,0.98
104,1780554063323170560,1780554064323170560,E2E Output Token Throughput,tokens/sec/user,p5,0.98
104,1780554063323170560,1780554064323170560,E2E Output Token Throughput,tokens/sec/user,p10,0.98
104,1780554063323170560,1780554064323170560,E2E Output Token Throughput,tokens/sec/user,p25,0.98
104,1780554063323170560,1780554064323170560,E2E Output Token Throughput,tokens/sec/user,p50,0.98
104,1780554063323170560,1780554064323170560,E2E Output Token Throughput,tokens/sec/user,p75,0.98
104,1780554063323170560,1780554064323170560,E2E Output Token Throughput,tokens/sec/user,p90,0.98
104,1780554063323170560,1780554064323170560,E2E Output Token Throughput,tokens/sec/user,p95,0.98
104,1780554063323170560,1780554064323170560,E2E Output Token Throughput,tokens/sec/user,p99,0.98
104,1780554063323170560,1780554064323170560,E2E Output Token Throughput,tokens/sec/user,std,0.00
104,1780554063323170560,1780554064323170560,Effective Concurrency,requests,avg,15.46
104,1780554063323170560,1780554064323170560,Effective Concurrency,requests,min,15.00
104,1780554063323170560,1780554064323170560,Effective Concurrency,requests,max,16.00
104,1780554063323170560,1780554064323170560,Effective Concurrency,requests,p50,15.00
104,1780554063323170560,1780554064323170560,Effective Concurrency,requests,p90,16.00
104,1780554063323170560,1780554064323170560,Effective Concurrency,requests,p95,16.00
104,1780554063323170560,1780554064323170560,Effective Concurrency,requests,p99,16.00
104,1780554063323170560,1780554064323170560,Effective Concurrency,requests,std,0.50
104,1780554063323170560,1780554064323170560,Effective Decode Concurrency,requests,avg,11.00
104,1780554063323170560,1780554064323170560,Effective Decode Concurrency,requests,min,11.00
104,1780554063323170560,1780554064323170560,Effective Decode Concurrency,requests,max,11.00
104,1780554063323170560,1780554064323170560,Effective Decode Concurrency,requests,p50,11.00
104,1780554063323170560,1780554064323170560,Effective Decode Concurrency,requests,p90,11.00
104,1780554063323170560,1780554064323170560,Effective Decode Concurrency,requests,p95,11.00
104,1780554063323170560,1780554064323170560,Effective Decode Concurrency,requests,p99,11.00
104,1780554063323170560,1780554064323170560,Effective Decode Concurrency,requests,std,0.00
104,1780554063323170560,1780554064323170560,Effective Decode Throughput,tokens/sec,avg,91.80
104,1780554063323170560,1780554064323170560,Effective Decode Throughput,tokens/sec,min,74.33
104,1780554063323170560,1780554064323170560,Effective Decode Throughput,tokens/sec,max,109.26
104,1780554063323170560,1780554064323170560,Effective Decode Throughput,tokens/sec,p50,91.80
104,1780554063323170560,1780554064323170560,Effective Decode Throughput,tokens/sec,p90,91.80
104,1780554063323170560,1780554064323170560,Effective Decode Throughput,tokens/sec,p95,91.80
104,1780554063323170560,1780554064323170560,Effective Decode Throughput,tokens/sec,p99,91.80
104,1780554063323170560,1780554064323170560,Effective Decode Throughput,tokens/sec,std,0.04
104,1780554063323170560,1780554064323170560,Effective Decode Throughput Per User,tokens/sec/user,avg,8.35
104,1780554063323170560,1780554064323170560,Effective Decode Throughput Per User,tokens/sec/user,min,6.76
104,1780554063323170560,1780554064323170560,Effective Decode Throughput Per User,tokens/sec/user,max,9.93
104,1780554063323170560,1780554064323170560,Effective Decode Throughput Per User,tokens/sec/user,p50,8.35
104,1780554063323170560,1780554064323170560,Effective Decode Throughput Per User,tokens/sec/user,p90,8.35
104,1780554063323170560,1780554064323170560,Effective Decode Throughput Per User,tokens/sec/user,p95,8.35
104,1780554063323170560,1780554064323170560,Effective Decode Throughput Per User,tokens/sec/user,p99,8.35
104,1780554063323170560,1780554064323170560,Effective Decode Throughput Per User,tokens/sec/user,std,0.00
104,1780554063323170560,1780554064323170560,Effective Prefill Concurrency,requests,avg,4.46
104,1780554063323170560,1780554064323170560,Effective Prefill Concurrency,requests,min,4.00
104,1780554063323170560,1780554064323170560,Effective Prefill Concurrency,requests,max,5.00
104,1780554063323170560,1780554064323170560,Effective Prefill Concurrency,requests,p50,4.00
104,1780554063323170560,1780554064323170560,Effective Prefill Concurrency,requests,p90,5.00
104,1780554063323170560,1780554064323170560,Effective Prefill Concurrency,requests,p95,5.00
104,1780554063323170560,1780554064323170560,Effective Prefill Concurrency,requests,p99,5.00
104,1780554063323170560,1780554064323170560,Effective Prefill Concurrency,requests,std,0.50
104,1780554063323170560,1780554064323170560,Effective Prefill Throughput,tokens/sec,avg,5555.35
104,1780554063323170560,1780554064323170560,Effective Prefill Throughput,tokens/sec,min,4969.61
104,1780554063323170560,1780554064323170560,Effective Prefill Throughput,tokens/sec,max,6249.26
104,1780554063323170560,1780554064323170560,Effective Prefill Throughput,tokens/sec,p50,4969.61
104,1780554063323170560,1780554064323170560,Effective Prefill Throughput,tokens/sec,p90,6249.26
104,1780554063323170560,1780554064323170560,Effective Prefill Throughput,tokens/sec,p95,6249.26
104,1780554063323170560,1780554064323170560,Effective Prefill Throughput,tokens/sec,p99,6249.26
104,1780554063323170560,1780554064323170560,Effective Prefill Throughput,tokens/sec,std,637.54
104,1780554063323170560,1780554064323170560,Effective Prefill Throughput Per User,tokens/sec/user,avg,1245.81
104,1780554063323170560,1780554064323170560,Effective Prefill Throughput Per User,tokens/sec/user,min,1242.40
104,1780554063323170560,1780554064323170560,Effective Prefill Throughput Per User,tokens/sec/user,max,1249.85
104,1780554063323170560,1780554064323170560,Effective Prefill Throughput Per User,tokens/sec/user,p50,1242.40
104,1780554063323170560,1780554064323170560,Effective Prefill Throughput Per User,tokens/sec/user,p90,1249.85
104,1780554063323170560,1780554064323170560,Effective Prefill Throughput Per User,tokens/sec/user,p95,1249.85
104,1780554063323170560,1780554064323170560,Effective Prefill Throughput Per User,tokens/sec/user,p99,1249.85
104,1780554063323170560,1780554064323170560,Effective Prefill Throughput Per User,tokens/sec/user,std,3.71
104,1780554063323170560,1780554064323170560,Effective Total Throughput,tokens/sec,avg,5645.83
104,1780554063323170560,1780554064323170560,Effective Total Throughput,tokens/sec,min,5060.09
104,1780554063323170560,1780554064323170560,Effective Total Throughput,tokens/sec,max,6339.74
104,1780554063323170560,1780554064323170560,Effective Total Throughput,tokens/sec,p50,5060.09
104,1780554063323170560,1780554064323170560,Effective Total Throughput,tokens/sec,p90,6339.74
104,1780554063323170560,1780554064323170560,Effective Total Throughput,tokens/sec,p95,6339.74
104,1780554063323170560,1780554064323170560,Effective Total Throughput,tokens/sec,p99,6339.74
104,1780554063323170560,1780554064323170560,Effective Total Throughput,tokens/sec,std,637.54
104,1780554063323170560,1780554064323170560,HTTP Blocked,ms,avg,0.00
104,1780554063323170560,1780554064323170560,HTTP Blocked,ms,min,0.00
104,1780554063323170560,1780554064323170560,HTTP Blocked,ms,max,0.00
104,1780554063323170560,1780554064323170560,HTTP Blocked,ms,sum,0.00
104,1780554063323170560,1780554064323170560,HTTP Blocked,ms,p1,0.00
104,1780554063323170560,1780554064323170560,HTTP Blocked,ms,p5,0.00
104,1780554063323170560,1780554064323170560,HTTP Blocked,ms,p10,0.00
104,1780554063323170560,1780554064323170560,HTTP Blocked,ms,p25,0.00
104,1780554063323170560,1780554064323170560,HTTP Blocked,ms,p50,0.00
104,1780554063323170560,1780554064323170560,HTTP Blocked,ms,p75,0.00
104,1780554063323170560,1780554064323170560,HTTP Blocked,ms,p90,0.00
104,1780554063323170560,1780554064323170560,HTTP Blocked,ms,p95,0.00
104,1780554063323170560,1780554064323170560,HTTP Blocked,ms,p99,0.00
104,1780554063323170560,1780554064323170560,HTTP Blocked,ms,std,0.00
104,1780554063323170560,1780554064323170560,HTTP Chunks Received,count,avg,71.00
104,1780554063323170560,1780554064323170560,HTTP Chunks Received,count,min,71.00
104,1780554063323170560,1780554064323170560,HTTP Chunks Received,count,max,71.00
104,1780554063323170560,1780554064323170560,HTTP Chunks Received,count,sum,71.00
104,1780554063323170560,1780554064323170560,HTTP Chunks Received,count,p1,71.00
104,1780554063323170560,1780554064323170560,HTTP Chunks Received,count,p5,71.00
104,1780554063323170560,1780554064323170560,HTTP Chunks Received,count,p10,71.00
104,1780554063323170560,1780554064323170560,HTTP Chunks Received,count,p25,71.00
104,1780554063323170560,1780554064323170560,HTTP Chunks Received,count,p50,71.00
104,1780554063323170560,1780554064323170560,HTTP Chunks Received,count,p75,71.00
104,1780554063323170560,1780554064323170560,HTTP Chunks Received,count,p90,71.00
104,1780554063323170560,1780554064323170560,HTTP Chunks Received,count,p95,71.00
104,1780554063323170560,1780554064323170560,HTTP Chunks Received,count,p99,71.00
104,1780554063323170560,1780554064323170560,HTTP Chunks Received,count,std,0.00
104,1780554063323170560,1780554064323170560,HTTP Chunks Sent,count,avg,1.00
104,1780554063323170560,1780554064323170560,HTTP Chunks Sent,count,min,1.00
104,1780554063323170560,1780554064323170560,HTTP Chunks Sent,count,max,1.00
104,1780554063323170560,1780554064323170560,HTTP Chunks Sent,count,sum,1.00
104,1780554063323170560,1780554064323170560,HTTP Chunks Sent,count,p1,1.00
104,1780554063323170560,1780554064323170560,HTTP Chunks Sent,count,p5,1.00
104,1780554063323170560,1780554064323170560,HTTP Chunks Sent,count,p10,1.00
104,1780554063323170560,1780554064323170560,HTTP Chunks Sent,count,p25,1.00
104,1780554063323170560,1780554064323170560,HTTP Chunks Sent,count,p50,1.00
104,1780554063323170560,1780554064323170560,HTTP Chunks Sent,count,p75,1.00
104,1780554063323170560,1780554064323170560,HTTP Chunks Sent,count,p90,1.00
104,1780554063323170560,1780554064323170560,HTTP Chunks Sent,count,p95,1.00
104,1780554063323170560,1780554064323170560,HTTP Chunks Sent,count,p99,1.00
104,1780554063323170560,1780554064323170560,HTTP Chunks Sent,count,std,0.00
104,1780554063323170560,1780554064323170560,HTTP Connecting,ms,avg,1.23
104,1780554063323170560,1780554064323170560,HTTP Connecting,ms,min,1.23
104,1780554063323170560,1780554064323170560,HTTP Connecting,ms,max,1.23
104,1780554063323170560,1780554064323170560,HTTP Connecting,ms,sum,1.23
104,1780554063323170560,1780554064323170560,HTTP Connecting,ms,p1,1.23
104,1780554063323170560,1780554064323170560,HTTP Connecting,ms,p5,1.23
104,1780554063323170560,1780554064323170560,HTTP Connecting,ms,p10,1.23
104,1780554063323170560,1780554064323170560,HTTP Connecting,ms,p25,1.23
104,1780554063323170560,1780554064323170560,HTTP Connecting,ms,p50,1.23
104,1780554063323170560,1780554064323170560,HTTP Connecting,ms,p75,1.23
104,1780554063323170560,1780554064323170560,HTTP Connecting,ms,p90,1.23
104,1780554063323170560,1780554064323170560,HTTP Connecting,ms,p95,1.23
104,1780554063323170560,1780554064323170560,HTTP Connecting,ms,p99,1.23
104,1780554063323170560,1780554064323170560,HTTP Connecting,ms,std,0.00
104,1780554063323170560,1780554064323170560,HTTP Connection Overhead,ms,avg,1.63
104,1780554063323170560,1780554064323170560,HTTP Connection Overhead,ms,min,1.63
104,1780554063323170560,1780554064323170560,HTTP Connection Overhead,ms,max,1.63
104,1780554063323170560,1780554064323170560,HTTP Connection Overhead,ms,sum,1.63
104,1780554063323170560,1780554064323170560,HTTP Connection Overhead,ms,p1,1.63
104,1780554063323170560,1780554064323170560,HTTP Connection Overhead,ms,p5,1.63
104,1780554063323170560,1780554064323170560,HTTP Connection Overhead,ms,p10,1.63
104,1780554063323170560,1780554064323170560,HTTP Connection Overhead,ms,p25,1.63
104,1780554063323170560,1780554064323170560,HTTP Connection Overhead,ms,p50,1.63
104,1780554063323170560,1780554064323170560,HTTP Connection Overhead,ms,p75,1.63
104,1780554063323170560,1780554064323170560,HTTP Connection Overhead,ms,p90,1.63
104,1780554063323170560,1780554064323170560,HTTP Connection Overhead,ms,p95,1.63
104,1780554063323170560,1780554064323170560,HTTP Connection Overhead,ms,p99,1.63
104,1780554063323170560,1780554064323170560,HTTP Connection Overhead,ms,std,0.00
104,1780554063323170560,1780554064323170560,HTTP Connection Reused,ratio,avg,0.00
104,1780554063323170560,1780554064323170560,HTTP Connection Reused,ratio,min,0.00
104,1780554063323170560,1780554064323170560,HTTP Connection Reused,ratio,max,0.00
104,1780554063323170560,1780554064323170560,HTTP Connection Reused,ratio,sum,0.00
104,1780554063323170560,1780554064323170560,HTTP Connection Reused,ratio,p1,0.00
104,1780554063323170560,1780554064323170560,HTTP Connection Reused,ratio,p5,0.00
104,1780554063323170560,1780554064323170560,HTTP Connection Reused,ratio,p10,0.00
104,1780554063323170560,1780554064323170560,HTTP Connection Reused,ratio,p25,0.00
104,1780554063323170560,1780554064323170560,HTTP Connection Reused,ratio,p50,0.00
104,1780554063323170560,1780554064323170560,HTTP Connection Reused,ratio,p75,0.00
104,1780554063323170560,1780554064323170560,HTTP Connection Reused,ratio,p90,0.00
104,1780554063323170560,1780554064323170560,HTTP Connection Reused,ratio,p95,0.00
104,1780554063323170560,1780554064323170560,HTTP Connection Reused,ratio,p99,0.00
104,1780554063323170560,1780554064323170560,HTTP Connection Reused,ratio,std,0.00
104,1780554063323170560,1780554064323170560,HTTP Data Received,KB,avg,18.35
104,1780554063323170560,1780554064323170560,HTTP Data Received,KB,min,18.35
104,1780554063323170560,1780554064323170560,HTTP Data Received,KB,max,18.35
104,1780554063323170560,1780554064323170560,HTTP Data Received,KB,sum,18.35
104,1780554063323170560,1780554064323170560,HTTP Data Received,KB,p1,18.35
104,1780554063323170560,1780554064323170560,HTTP Data Received,KB,p5,18.35
104,1780554063323170560,1780554064323170560,HTTP Data Received,KB,p10,18.35
104,1780554063323170560,1780554064323170560,HTTP Data Received,KB,p25,18.35
104,1780554063323170560,1780554064323170560,HTTP Data Received,KB,p50,18.35
104,1780554063323170560,1780554064323170560,HTTP Data Received,KB,p75,18.35
104,1780554063323170560,1780554064323170560,HTTP Data Received,KB,p90,18.35
104,1780554063323170560,1780554064323170560,HTTP Data Received,KB,p95,18.35
104,1780554063323170560,1780554064323170560,HTTP Data Received,KB,p99,18.35
104,1780554063323170560,1780554064323170560,HTTP Data Received,KB,std,0.00
104,1780554063323170560,1780554064323170560,HTTP Data Sent,KB,avg,336.31
104,1780554063323170560,1780554064323170560,HTTP Data Sent,KB,min,336.31
104,1780554063323170560,1780554064323170560,HTTP Data Sent,KB,max,336.31
104,1780554063323170560,1780554064323170560,HTTP Data Sent,KB,sum,336.31
104,1780554063323170560,1780554064323170560,HTTP Data Sent,KB,p1,336.31
104,1780554063323170560,1780554064323170560,HTTP Data Sent,KB,p5,336.31
104,1780554063323170560,1780554064323170560,HTTP Data Sent,KB,p10,336.31
104,1780554063323170560,1780554064323170560,HTTP Data Sent,KB,p25,336.31
104,1780554063323170560,1780554064323170560,HTTP Data Sent,KB,p50,336.31
104,1780554063323170560,1780554064323170560,HTTP Data Sent,KB,p75,336.31
104,1780554063323170560,1780554064323170560,HTTP Data Sent,KB,p90,336.31
104,1780554063323170560,1780554064323170560,HTTP Data Sent,KB,p95,336.31
104,1780554063323170560,1780554064323170560,HTTP Data Sent,KB,p99,336.31
104,1780554063323170560,1780554064323170560,HTTP Data Sent,KB,std,0.00
104,1780554063323170560,1780554064323170560,HTTP DNS Lookup,ms,avg,0.40
104,1780554063323170560,1780554064323170560,HTTP DNS Lookup,ms,min,0.40
104,1780554063323170560,1780554064323170560,HTTP DNS Lookup,ms,max,0.40
104,1780554063323170560,1780554064323170560,HTTP DNS Lookup,ms,sum,0.40
104,1780554063323170560,1780554064323170560,HTTP DNS Lookup,ms,p1,0.40
104,1780554063323170560,1780554064323170560,HTTP DNS Lookup,ms,p5,0.40
104,1780554063323170560,1780554064323170560,HTTP DNS Lookup,ms,p10,0.40
104,1780554063323170560,1780554064323170560,HTTP DNS Lookup,ms,p25,0.40
104,1780554063323170560,1780554064323170560,HTTP DNS Lookup,ms,p50,0.40
104,1780554063323170560,1780554064323170560,HTTP DNS Lookup,ms,p75,0.40
104,1780554063323170560,1780554064323170560,HTTP DNS Lookup,ms,p90,0.40
104,1780554063323170560,1780554064323170560,HTTP DNS Lookup,ms,p95,0.40
104,1780554063323170560,1780554064323170560,HTTP DNS Lookup,ms,p99,0.40
104,1780554063323170560,1780554064323170560,HTTP DNS Lookup,ms,std,0.00
104,1780554063323170560,1780554064323170560,HTTP Duration (excl. conn),ms,avg,72704.50
104,1780554063323170560,1780554064323170560,HTTP Duration (excl. conn),ms,min,72704.50
104,1780554063323170560,1780554064323170560,HTTP Duration (excl. conn),ms,max,72704.50
104,1780554063323170560,1780554064323170560,HTTP Duration (excl. conn),ms,sum,72704.50
104,1780554063323170560,1780554064323170560,HTTP Duration (excl. conn),ms,p1,72704.50
104,1780554063323170560,1780554064323170560,HTTP Duration (excl. conn),ms,p5,72704.50
104,1780554063323170560,1780554064323170560,HTTP Duration (excl. conn),ms,p10,72704.50
104,1780554063323170560,1780554064323170560,HTTP Duration (excl. conn),ms,p25,72704.50
104,1780554063323170560,1780554064323170560,HTTP Duration (excl. conn),ms,p50,72704.50
104,1780554063323170560,1780554064323170560,HTTP Duration (excl. conn),ms,p75,72704.50
104,1780554063323170560,1780554064323170560,HTTP Duration (excl. conn),ms,p90,72704.50
104,1780554063323170560,1780554064323170560,HTTP Duration (excl. conn),ms,p95,72704.50
104,1780554063323170560,1780554064323170560,HTTP Duration (excl. conn),ms,p99,72704.50
104,1780554063323170560,1780554064323170560,HTTP Duration (excl. conn),ms,std,0.00
104,1780554063323170560,1780554064323170560,HTTP Receiving,ms,avg,4718.07
104,1780554063323170560,1780554064323170560,HTTP Receiving,ms,min,4718.07
104,1780554063323170560,1780554064323170560,HTTP Receiving,ms,max,4718.07
104,1780554063323170560,1780554064323170560,HTTP Receiving,ms,sum,4718.07
104,1780554063323170560,1780554064323170560,HTTP Receiving,ms,p1,4718.07
104,1780554063323170560,1780554064323170560,HTTP Receiving,ms,p5,4718.07
104,1780554063323170560,1780554064323170560,HTTP Receiving,ms,p10,4718.07
104,1780554063323170560,1780554064323170560,HTTP Receiving,ms,p25,4718.07
104,1780554063323170560,1780554064323170560,HTTP Receiving,ms,p50,4718.07
104,1780554063323170560,1780554064323170560,HTTP Receiving,ms,p75,4718.07
104,1780554063323170560,1780554064323170560,HTTP Receiving,ms,p90,4718.07
104,1780554063323170560,1780554064323170560,HTTP Receiving,ms,p95,4718.07
104,1780554063323170560,1780554064323170560,HTTP Receiving,ms,p99,4718.07
104,1780554063323170560,1780554064323170560,HTTP Receiving,ms,std,0.00
104,1780554063323170560,1780554064323170560,HTTP Sending,ms,avg,1.55
104,1780554063323170560,1780554064323170560,HTTP Sending,ms,min,1.55
104,1780554063323170560,1780554064323170560,HTTP Sending,ms,max,1.55
104,1780554063323170560,1780554064323170560,HTTP Sending,ms,sum,1.55
104,1780554063323170560,1780554064323170560,HTTP Sending,ms,p1,1.55
104,1780554063323170560,1780554064323170560,HTTP Sending,ms,p5,1.55
104,1780554063323170560,1780554064323170560,HTTP Sending,ms,p10,1.55
104,1780554063323170560,1780554064323170560,HTTP Sending,ms,p25,1.55
104,1780554063323170560,1780554064323170560,HTTP Sending,ms,p50,1.55
104,1780554063323170560,1780554064323170560,HTTP Sending,ms,p75,1.55
104,1780554063323170560,1780554064323170560,HTTP Sending,ms,p90,1.55
104,1780554063323170560,1780554064323170560,HTTP Sending,ms,p95,1.55
104,1780554063323170560,1780554064323170560,HTTP Sending,ms,p99,1.55
104,1780554063323170560,1780554064323170560,HTTP Sending,ms,std,0.00
104,1780554063323170560,1780554064323170560,HTTP Total Time,ms,avg,72706.13
104,1780554063323170560,1780554064323170560,HTTP Total Time,ms,min,72706.13
104,1780554063323170560,1780554064323170560,HTTP Total Time,ms,max,72706.13
104,1780554063323170560,1780554064323170560,HTTP Total Time,ms,sum,72706.13
104,1780554063323170560,1780554064323170560,HTTP Total Time,ms,p1,72706.13
104,1780554063323170560,1780554064323170560,HTTP Total Time,ms,p5,72706.13
104,1780554063323170560,1780554064323170560,HTTP Total Time,ms,p10,72706.13
104,1780554063323170560,1780554064323170560,HTTP Total Time,ms,p25,72706.13
104,1780554063323170560,1780554064323170560,HTTP Total Time,ms,p50,72706.13
104,1780554063323170560,1780554064323170560,HTTP Total Time,ms,p75,72706.13
104,1780554063323170560,1780554064323170560,HTTP Total Time,ms,p90,72706.13
104,1780554063323170560,1780554064323170560,HTTP Total Time,ms,p95,72706.13
104,1780554063323170560,1780554064323170560,HTTP Total Time,ms,p99,72706.13
104,1780554063323170560,1780554064323170560,HTTP Total Time,ms,std,0.00
104,1780554063323170560,1780554064323170560,HTTP Waiting (TTFB),ms,avg,67984.87
104,1780554063323170560,1780554064323170560,HTTP Waiting (TTFB),ms,min,67984.87
104,1780554063323170560,1780554064323170560,HTTP Waiting (TTFB),ms,max,67984.87
104,1780554063323170560,1780554064323170560,HTTP Waiting (TTFB),ms,sum,67984.87
104,1780554063323170560,1780554064323170560,HTTP Waiting (TTFB),ms,p1,67984.87
104,1780554063323170560,1780554064323170560,HTTP Waiting (TTFB),ms,p5,67984.87
104,1780554063323170560,1780554064323170560,HTTP Waiting (TTFB),ms,p10,67984.87
104,1780554063323170560,1780554064323170560,HTTP Waiting (TTFB),ms,p25,67984.87
104,1780554063323170560,1780554064323170560,HTTP Waiting (TTFB),ms,p50,67984.87
104,1780554063323170560,1780554064323170560,HTTP Waiting (TTFB),ms,p75,67984.87
104,1780554063323170560,1780554064323170560,HTTP Waiting (TTFB),ms,p90,67984.87
104,1780554063323170560,1780554064323170560,HTTP Waiting (TTFB),ms,p95,67984.87
104,1780554063323170560,1780554064323170560,HTTP Waiting (TTFB),ms,p99,67984.87
104,1780554063323170560,1780554064323170560,HTTP Waiting (TTFB),ms,std,0.00
104,1780554063323170560,1780554064323170560,Input Sequence Length,tokens,avg,86999.00
104,1780554063323170560,1780554064323170560,Input Sequence Length,tokens,min,86999.00
104,1780554063323170560,1780554064323170560,Input Sequence Length,tokens,max,86999.00
104,1780554063323170560,1780554064323170560,Input Sequence Length,tokens,sum,86999.00
104,1780554063323170560,1780554064323170560,Input Sequence Length,tokens,p1,86999.00
104,1780554063323170560,1780554064323170560,Input Sequence Length,tokens,p5,86999.00
104,1780554063323170560,1780554064323170560,Input Sequence Length,tokens,p10,86999.00
104,1780554063323170560,1780554064323170560,Input Sequence Length,tokens,p25,86999.00
104,1780554063323170560,1780554064323170560,Input Sequence Length,tokens,p50,86999.00
104,1780554063323170560,1780554064323170560,Input Sequence Length,tokens,p75,86999.00
104,1780554063323170560,1780554064323170560,Input Sequence Length,tokens,p90,86999.00
104,1780554063323170560,1780554064323170560,Input Sequence Length,tokens,p95,86999.00
104,1780554063323170560,1780554064323170560,Input Sequence Length,tokens,p99,86999.00
104,1780554063323170560,1780554064323170560,Input Sequence Length,tokens,std,0.00
104,1780554063323170560,1780554064323170560,Input Token Throughput,tokens/sec,avg,86999.00
104,1780554063323170560,1780554064323170560,Inter Chunk Latency,ms,avg,67.64
104,1780554063323170560,1780554064323170560,Inter Chunk Latency,ms,min,67.64
104,1780554063323170560,1780554064323170560,Inter Chunk Latency,ms,max,67.64
104,1780554063323170560,1780554064323170560,Inter Chunk Latency,ms,sum,4735.04
104,1780554063323170560,1780554064323170560,Inter Chunk Latency,ms,p1,67.64
104,1780554063323170560,1780554064323170560,Inter Chunk Latency,ms,p5,67.64
104,1780554063323170560,1780554064323170560,Inter Chunk Latency,ms,p10,67.64
104,1780554063323170560,1780554064323170560,Inter Chunk Latency,ms,p25,67.64
104,1780554063323170560,1780554064323170560,Inter Chunk Latency,ms,p50,67.64
104,1780554063323170560,1780554064323170560,Inter Chunk Latency,ms,p75,67.64
104,1780554063323170560,1780554064323170560,Inter Chunk Latency,ms,p90,67.64
104,1780554063323170560,1780554064323170560,Inter Chunk Latency,ms,p95,67.64
104,1780554063323170560,1780554064323170560,Inter Chunk Latency,ms,p99,67.64
104,1780554063323170560,1780554064323170560,Inter Chunk Latency,ms,std,0.00
104,1780554063323170560,1780554064323170560,Inter Token Latency,ms,avg,67.40
104,1780554063323170560,1780554064323170560,Inter Token Latency,ms,min,67.40
104,1780554063323170560,1780554064323170560,Inter Token Latency,ms,max,67.40
104,1780554063323170560,1780554064323170560,Inter Token Latency,ms,sum,67.40
104,1780554063323170560,1780554064323170560,Inter Token Latency,ms,p1,67.40
104,1780554063323170560,1780554064323170560,Inter Token Latency,ms,p5,67.40
104,1780554063323170560,1780554064323170560,Inter Token Latency,ms,p10,67.40
104,1780554063323170560,1780554064323170560,Inter Token Latency,ms,p25,67.40
104,1780554063323170560,1780554064323170560,Inter Token Latency,ms,p50,67.40
104,1780554063323170560,1780554064323170560,Inter Token Latency,ms,p75,67.40
104,1780554063323170560,1780554064323170560,Inter Token Latency,ms,p90,67.40
104,1780554063323170560,1780554064323170560,Inter Token Latency,ms,p95,67.40
104,1780554063323170560,1780554064323170560,Inter Token Latency,ms,p99,67.40
104,1780554063323170560,1780554064323170560,Inter Token Latency,ms,std,0.00
104,1780554063323170560,1780554064323170560,Maximum Response Timestamp,ns,avg,1780554136570028800.00
104,1780554063323170560,1780554064323170560,Minimum Request Timestamp,ns,avg,1780554063865434112.00
104,1780554063323170560,1780554064323170560,OSL Mismatch Count,requests,avg,0.00
104,1780554063323170560,1780554064323170560,OSL Mismatch Diff %,%,avg,0.00
104,1780554063323170560,1780554064323170560,OSL Mismatch Diff %,%,min,0.00
104,1780554063323170560,1780554064323170560,OSL Mismatch Diff %,%,max,0.00
104,1780554063323170560,1780554064323170560,OSL Mismatch Diff %,%,sum,0.00
104,1780554063323170560,1780554064323170560,OSL Mismatch Diff %,%,p1,0.00
104,1780554063323170560,1780554064323170560,OSL Mismatch Diff %,%,p5,0.00
104,1780554063323170560,1780554064323170560,OSL Mismatch Diff %,%,p10,0.00
104,1780554063323170560,1780554064323170560,OSL Mismatch Diff %,%,p25,0.00
104,1780554063323170560,1780554064323170560,OSL Mismatch Diff %,%,p50,0.00
104,1780554063323170560,1780554064323170560,OSL Mismatch Diff %,%,p75,0.00
104,1780554063323170560,1780554064323170560,OSL Mismatch Diff %,%,p90,0.00
104,1780554063323170560,1780554064323170560,OSL Mismatch Diff %,%,p95,0.00
104,1780554063323170560,1780554064323170560,OSL Mismatch Diff %,%,p99,0.00
104,1780554063323170560,1780554064323170560,OSL Mismatch Diff %,%,std,0.00
104,1780554063323170560,1780554064323170560,Output Sequence Length,tokens,avg,71.00
104,1780554063323170560,1780554064323170560,Output Sequence Length,tokens,min,71.00
104,1780554063323170560,1780554064323170560,Output Sequence Length,tokens,max,71.00
104,1780554063323170560,1780554064323170560,Output Sequence Length,tokens,sum,71.00
104,1780554063323170560,1780554064323170560,Output Sequence Length,tokens,p1,71.00
104,1780554063323170560,1780554064323170560,Output Sequence Length,tokens,p5,71.00
104,1780554063323170560,1780554064323170560,Output Sequence Length,tokens,p10,71.00
104,1780554063323170560,1780554064323170560,Output Sequence Length,tokens,p25,71.00
104,1780554063323170560,1780554064323170560,Output Sequence Length,tokens,p50,71.00
104,1780554063323170560,1780554064323170560,Output Sequence Length,tokens,p75,71.00
104,1780554063323170560,1780554064323170560,Output Sequence Length,tokens,p90,71.00
104,1780554063323170560,1780554064323170560,Output Sequence Length,tokens,p95,71.00
104,1780554063323170560,1780554064323170560,Output Sequence Length,tokens,p99,71.00
104,1780554063323170560,1780554064323170560,Output Sequence Length,tokens,std,0.00
104,1780554063323170560,1780554064323170560,Output Token Count,tokens,avg,71.00
104,1780554063323170560,1780554064323170560,Output Token Count,tokens,min,71.00
104,1780554063323170560,1780554064323170560,Output Token Count,tokens,max,71.00
104,1780554063323170560,1780554064323170560,Output Token Count,tokens,sum,71.00
104,1780554063323170560,1780554064323170560,Output Token Count,tokens,p1,71.00
104,1780554063323170560,1780554064323170560,Output Token Count,tokens,p5,71.00
104,1780554063323170560,1780554064323170560,Output Token Count,tokens,p10,71.00
104,1780554063323170560,1780554064323170560,Output Token Count,tokens,p25,71.00
104,1780554063323170560,1780554064323170560,Output Token Count,tokens,p50,71.00
104,1780554063323170560,1780554064323170560,Output Token Count,tokens,p75,71.00
104,1780554063323170560,1780554064323170560,Output Token Count,tokens,p90,71.00
104,1780554063323170560,1780554064323170560,Output Token Count,tokens,p95,71.00
104,1780554063323170560,1780554064323170560,Output Token Count,tokens,p99,71.00
104,1780554063323170560,1780554064323170560,Output Token Count,tokens,std,0.00
104,1780554063323170560,1780554064323170560,Output Token Throughput,tokens/sec,avg,71.00
104,1780554063323170560,1780554064323170560,Output Token Throughput Per User,tokens/sec/user,avg,14.84
104,1780554063323170560,1780554064323170560,Output Token Throughput Per User,tokens/sec/user,min,14.84
104,1780554063323170560,1780554064323170560,Output Token Throughput Per User,tokens/sec/user,max,14.84
104,1780554063323170560,1780554064323170560,Output Token Throughput Per User,tokens/sec/user,sum,14.84
104,1780554063323170560,1780554064323170560,Output Token Throughput Per User,tokens/sec/user,p1,14.84
104,1780554063323170560,1780554064323170560,Output Token Throughput Per User,tokens/sec/user,p5,14.84
104,1780554063323170560,1780554064323170560,Output Token Throughput Per User,tokens/sec/user,p10,14.84
104,1780554063323170560,1780554064323170560,Output Token Throughput Per User,tokens/sec/user,p25,14.84
104,1780554063323170560,1780554064323170560,Output Token Throughput Per User,tokens/sec/user,p50,14.84
104,1780554063323170560,1780554064323170560,Output Token Throughput Per User,tokens/sec/user,p75,14.84
104,1780554063323170560,1780554064323170560,Output Token Throughput Per User,tokens/sec/user,p90,14.84
104,1780554063323170560,1780554064323170560,Output Token Throughput Per User,tokens/sec/user,p95,14.84
104,1780554063323170560,1780554064323170560,Output Token Throughput Per User,tokens/sec/user,p99,14.84
104,1780554063323170560,1780554064323170560,Output Token Throughput Per User,tokens/sec/user,std,0.00
104,1780554063323170560,1780554064323170560,Prefill Throughput Per User,tokens/sec/user,avg,1279.65
104,1780554063323170560,1780554064323170560,Prefill Throughput Per User,tokens/sec/user,min,1279.65
104,1780554063323170560,1780554064323170560,Prefill Throughput Per User,tokens/sec/user,max,1279.65
104,1780554063323170560,1780554064323170560,Prefill Throughput Per User,tokens/sec/user,sum,1279.65
104,1780554063323170560,1780554064323170560,Prefill Throughput Per User,tokens/sec/user,p1,1279.65
104,1780554063323170560,1780554064323170560,Prefill Throughput Per User,tokens/sec/user,p5,1279.65
104,1780554063323170560,1780554064323170560,Prefill Throughput Per User,tokens/sec/user,p10,1279.65
104,1780554063323170560,1780554064323170560,Prefill Throughput Per User,tokens/sec/user,p25,1279.65
104,1780554063323170560,1780554064323170560,Prefill Throughput Per User,tokens/sec/user,p50,1279.65
104,1780554063323170560,1780554064323170560,Prefill Throughput Per User,tokens/sec/user,p75,1279.65
104,1780554063323170560,1780554064323170560,Prefill Throughput Per User,tokens/sec/user,p90,1279.65
104,1780554063323170560,1780554064323170560,Prefill Throughput Per User,tokens/sec/user,p95,1279.65
104,1780554063323170560,1780554064323170560,Prefill Throughput Per User,tokens/sec/user,p99,1279.65
104,1780554063323170560,1780554064323170560,Prefill Throughput Per User,tokens/sec/user,std,0.00
104,1780554063323170560,1780554064323170560,Request Count,requests,avg,1.00
104,1780554063323170560,1780554064323170560,Request Latency,ms,avg,72704.59
104,1780554063323170560,1780554064323170560,Request Latency,ms,min,72704.59
104,1780554063323170560,1780554064323170560,Request Latency,ms,max,72704.59
104,1780554063323170560,1780554064323170560,Request Latency,ms,sum,72704.59
104,1780554063323170560,1780554064323170560,Request Latency,ms,p1,72704.59
104,1780554063323170560,1780554064323170560,Request Latency,ms,p5,72704.59
104,1780554063323170560,1780554064323170560,Request Latency,ms,p10,72704.59
104,1780554063323170560,1780554064323170560,Request Latency,ms,p25,72704.59
104,1780554063323170560,1780554064323170560,Request Latency,ms,p50,72704.59
104,1780554063323170560,1780554064323170560,Request Latency,ms,p75,72704.59
104,1780554063323170560,1780554064323170560,Request Latency,ms,p90,72704.59
104,1780554063323170560,1780554064323170560,Request Latency,ms,p95,72704.59
104,1780554063323170560,1780554064323170560,Request Latency,ms,p99,72704.59
104,1780554063323170560,1780554064323170560,Request Latency,ms,std,0.00
104,1780554063323170560,1780554064323170560,Request Throughput,requests/sec,avg,1.00
104,1780554063323170560,1780554064323170560,Requested OSL,tokens,avg,71.00
104,1780554063323170560,1780554064323170560,Requested OSL,tokens,min,71.00
104,1780554063323170560,1780554064323170560,Requested OSL,tokens,max,71.00
104,1780554063323170560,1780554064323170560,Requested OSL,tokens,sum,71.00
104,1780554063323170560,1780554064323170560,Requested OSL,tokens,p1,71.00
104,1780554063323170560,1780554064323170560,Requested OSL,tokens,p5,71.00
104,1780554063323170560,1780554064323170560,Requested OSL,tokens,p10,71.00
104,1780554063323170560,1780554064323170560,Requested OSL,tokens,p25,71.00
104,1780554063323170560,1780554064323170560,Requested OSL,tokens,p50,71.00
104,1780554063323170560,1780554064323170560,Requested OSL,tokens,p75,71.00
104,1780554063323170560,1780554064323170560,Requested OSL,tokens,p90,71.00
104,1780554063323170560,1780554064323170560,Requested OSL,tokens,p95,71.00
104,1780554063323170560,1780554064323170560,Requested OSL,tokens,p99,71.00
104,1780554063323170560,1780554064323170560,Requested OSL,tokens,std,0.00
104,1780554063323170560,1780554064323170560,Time to First Output Token,ms,avg,67986.54
104,1780554063323170560,1780554064323170560,Time to First Output Token,ms,min,67986.54
104,1780554063323170560,1780554064323170560,Time to First Output Token,ms,max,67986.54
104,1780554063323170560,1780554064323170560,Time to First Output Token,ms,sum,67986.54
104,1780554063323170560,1780554064323170560,Time to First Output Token,ms,p1,67986.54
104,1780554063323170560,1780554064323170560,Time to First Output Token,ms,p5,67986.54
104,1780554063323170560,1780554064323170560,Time to First Output Token,ms,p10,67986.54
104,1780554063323170560,1780554064323170560,Time to First Output Token,ms,p25,67986.54
104,1780554063323170560,1780554064323170560,Time to First Output Token,ms,p50,67986.54
104,1780554063323170560,1780554064323170560,Time to First Output Token,ms,p75,67986.54
104,1780554063323170560,1780554064323170560,Time to First Output Token,ms,p90,67986.54
104,1780554063323170560,1780554064323170560,Time to First Output Token,ms,p95,67986.54
104,1780554063323170560,1780554064323170560,Time to First Output Token,ms,p99,67986.54
104,1780554063323170560,1780554064323170560,Time to First Output Token,ms,std,0.00
104,1780554063323170560,1780554064323170560,Time to First Token,ms,avg,67986.54
104,1780554063323170560,1780554064323170560,Time to First Token,ms,min,67986.54
104,1780554063323170560,1780554064323170560,Time to First Token,ms,max,67986.54
104,1780554063323170560,1780554064323170560,Time to First Token,ms,sum,67986.54
104,1780554063323170560,1780554064323170560,Time to First Token,ms,p1,67986.54
104,1780554063323170560,1780554064323170560,Time to First Token,ms,p5,67986.54
104,1780554063323170560,1780554064323170560,Time to First Token,ms,p10,67986.54
104,1780554063323170560,1780554064323170560,Time to First Token,ms,p25,67986.54
104,1780554063323170560,1780554064323170560,Time to First Token,ms,p50,67986.54
104,1780554063323170560,1780554064323170560,Time to First Token,ms,p75,67986.54
104,1780554063323170560,1780554064323170560,Time to First Token,ms,p90,67986.54
104,1780554063323170560,1780554064323170560,Time to First Token,ms,p95,67986.54
104,1780554063323170560,1780554064323170560,Time to First Token,ms,p99,67986.54
104,1780554063323170560,1780554064323170560,Time to First Token,ms,std,0.00
104,1780554063323170560,1780554064323170560,Time to Second Token,ms,avg,0.60
104,1780554063323170560,1780554064323170560,Time to Second Token,ms,min,0.60
104,1780554063323170560,1780554064323170560,Time to Second Token,ms,max,0.60
104,1780554063323170560,1780554064323170560,Time to Second Token,ms,sum,0.60
104,1780554063323170560,1780554064323170560,Time to Second Token,ms,p1,0.60
104,1780554063323170560,1780554064323170560,Time to Second Token,ms,p5,0.60
104,1780554063323170560,1780554064323170560,Time to Second Token,ms,p10,0.60
104,1780554063323170560,1780554064323170560,Time to Second Token,ms,p25,0.60
104,1780554063323170560,1780554064323170560,Time to Second Token,ms,p50,0.60
104,1780554063323170560,1780554064323170560,Time to Second Token,ms,p75,0.60
104,1780554063323170560,1780554064323170560,Time to Second Token,ms,p90,0.60
104,1780554063323170560,1780554064323170560,Time to Second Token,ms,p95,0.60
104,1780554063323170560,1780554064323170560,Time to Second Token,ms,p99,0.60
104,1780554063323170560,1780554064323170560,Time to Second Token,ms,std,0.00
104,1780554063323170560,1780554064323170560,Tokens In Flight,tokens,avg,1520311.03
104,1780554063323170560,1780554064323170560,Tokens In Flight,tokens,min,1480442.83
104,1780554063323170560,1780554064323170560,Tokens In Flight,tokens,max,1567533.27
104,1780554063323170560,1780554064323170560,Tokens In Flight,tokens,p50,1480488.55
104,1780554063323170560,1780554064323170560,Tokens In Flight,tokens,p90,1567523.00
104,1780554063323170560,1780554064323170560,Tokens In Flight,tokens,p95,1567529.25
104,1780554063323170560,1780554064323170560,Tokens In Flight,tokens,p99,1567532.27
104,1780554063323170560,1780554064323170560,Tokens In Flight,tokens,std,43366.68
104,1780554063323170560,1780554064323170560,Total Input Sequence Length,tokens,avg,86999.00
104,1780554063323170560,1780554064323170560,Total Output Sequence Length,tokens,avg,71.00
104,1780554063323170560,1780554064323170560,Total Output Tokens,tokens,avg,71.00
104,1780554063323170560,1780554064323170560,Total Token Throughput,tokens/sec,avg,87070.00
104,1780554063323170560,1780554064323170560,Total Usage Completion Tokens,tokens,avg,71.00
104,1780554063323170560,1780554064323170560,Total Usage Prompt Tokens,tokens,avg,86999.00
104,1780554063323170560,1780554064323170560,Total Usage Total Tokens,tokens,avg,87070.00
104,1780554063323170560,1780554064323170560,Usage Completion Tokens,tokens,avg,71.00
104,1780554063323170560,1780554064323170560,Usage Completion Tokens,tokens,min,71.00
104,1780554063323170560,1780554064323170560,Usage Completion Tokens,tokens,max,71.00
104,1780554063323170560,1780554064323170560,Usage Completion Tokens,tokens,sum,71.00
104,1780554063323170560,1780554064323170560,Usage Completion Tokens,tokens,p1,71.00
104,1780554063323170560,1780554064323170560,Usage Completion Tokens,tokens,p5,71.00
104,1780554063323170560,1780554064323170560,Usage Completion Tokens,tokens,p10,71.00
104,1780554063323170560,1780554064323170560,Usage Completion Tokens,tokens,p25,71.00
104,1780554063323170560,1780554064323170560,Usage Completion Tokens,tokens,p50,71.00
104,1780554063323170560,1780554064323170560,Usage Completion Tokens,tokens,p75,71.00
104,1780554063323170560,1780554064323170560,Usage Completion Tokens,tokens,p90,71.00
104,1780554063323170560,1780554064323170560,Usage Completion Tokens,tokens,p95,71.00
104,1780554063323170560,1780554064323170560,Usage Completion Tokens,tokens,p99,71.00
104,1780554063323170560,1780554064323170560,Usage Completion Tokens,tokens,std,0.00
104,1780554063323170560,1780554064323170560,Usage Prompt Tokens,tokens,avg,86999.00
104,1780554063323170560,1780554064323170560,Usage Prompt Tokens,tokens,min,86999.00
104,1780554063323170560,1780554064323170560,Usage Prompt Tokens,tokens,max,86999.00
104,1780554063323170560,1780554064323170560,Usage Prompt Tokens,tokens,sum,86999.00
104,1780554063323170560,1780554064323170560,Usage Prompt Tokens,tokens,p1,86999.00
104,1780554063323170560,1780554064323170560,Usage Prompt Tokens,tokens,p5,86999.00
104,1780554063323170560,1780554064323170560,Usage Prompt Tokens,tokens,p10,86999.00
104,1780554063323170560,1780554064323170560,Usage Prompt Tokens,tokens,p25,86999.00
104,1780554063323170560,1780554064323170560,Usage Prompt Tokens,tokens,p50,86999.00
104,1780554063323170560,1780554064323170560,Usage Prompt Tokens,tokens,p75,86999.00
104,1780554063323170560,1780554064323170560,Usage Prompt Tokens,tokens,p90,86999.00
104,1780554063323170560,1780554064323170560,Usage Prompt Tokens,tokens,p95,86999.00
104,1780554063323170560,1780554064323170560,Usage Prompt Tokens,tokens,p99,86999.00
104,1780554063323170560,1780554064323170560,Usage Prompt Tokens,tokens,std,0.00
104,1780554063323170560,1780554064323170560,Usage Total Tokens,tokens,avg,87070.00
104,1780554063323170560,1780554064323170560,Usage Total Tokens,tokens,min,87070.00
104,1780554063323170560,1780554064323170560,Usage Total Tokens,tokens,max,87070.00
104,1780554063323170560,1780554064323170560,Usage Total Tokens,tokens,sum,87070.00
104,1780554063323170560,1780554064323170560,Usage Total Tokens,tokens,p1,87070.00
104,1780554063323170560,1780554064323170560,Usage Total Tokens,tokens,p5,87070.00
104,1780554063323170560,1780554064323170560,Usage Total Tokens,tokens,p10,87070.00
104,1780554063323170560,1780554064323170560,Usage Total Tokens,tokens,p25,87070.00
104,1780554063323170560,1780554064323170560,Usage Total Tokens,tokens,p50,87070.00
104,1780554063323170560,1780554064323170560,Usage Total Tokens,tokens,p75,87070.00
104,1780554063323170560,1780554064323170560,Usage Total Tokens,tokens,p90,87070.00
104,1780554063323170560,1780554064323170560,Usage Total Tokens,tokens,p95,87070.00
104,1780554063323170560,1780554064323170560,Usage Total Tokens,tokens,p99,87070.00
104,1780554063323170560,1780554064323170560,Usage Total Tokens,tokens,std,0.00
105,1780554087323170560,1780554088323170560,Active Decode Throughput,tokens/sec,avg,61.47
105,1780554087323170560,1780554088323170560,Active Decode Throughput,tokens/sec,min,46.55
105,1780554087323170560,1780554088323170560,Active Decode Throughput,tokens/sec,max,78.93
105,1780554087323170560,1780554088323170560,Active Decode Throughput,tokens/sec,p50,61.47
105,1780554087323170560,1780554088323170560,Active Decode Throughput,tokens/sec,p90,61.47
105,1780554087323170560,1780554088323170560,Active Decode Throughput,tokens/sec,p95,61.47
105,1780554087323170560,1780554088323170560,Active Decode Throughput,tokens/sec,p99,61.47
105,1780554087323170560,1780554088323170560,Active Decode Throughput,tokens/sec,std,0.03
105,1780554087323170560,1780554088323170560,Active Decode Throughput Per User,tokens/sec/user,avg,6.15
105,1780554087323170560,1780554088323170560,Active Decode Throughput Per User,tokens/sec/user,min,4.65
105,1780554087323170560,1780554088323170560,Active Decode Throughput Per User,tokens/sec/user,max,7.89
105,1780554087323170560,1780554088323170560,Active Decode Throughput Per User,tokens/sec/user,p50,6.15
105,1780554087323170560,1780554088323170560,Active Decode Throughput Per User,tokens/sec/user,p90,6.15
105,1780554087323170560,1780554088323170560,Active Decode Throughput Per User,tokens/sec/user,p95,6.15
105,1780554087323170560,1780554088323170560,Active Decode Throughput Per User,tokens/sec/user,p99,6.15
105,1780554087323170560,1780554088323170560,Active Decode Throughput Per User,tokens/sec/user,std,0.00
105,1780554087323170560,1780554088323170560,Active Prefill Throughput,tokens/sec,avg,6849.28
105,1780554087323170560,1780554088323170560,Active Prefill Throughput,tokens/sec,min,6249.26
105,1780554087323170560,1780554088323170560,Active Prefill Throughput,tokens/sec,max,8217.37
105,1780554087323170560,1780554088323170560,Active Prefill Throughput,tokens/sec,p50,6249.26
105,1780554087323170560,1780554088323170560,Active Prefill Throughput,tokens/sec,p90,8217.37
105,1780554087323170560,1780554088323170560,Active Prefill Throughput,tokens/sec,p95,8217.37
105,1780554087323170560,1780554088323170560,Active Prefill Throughput,tokens/sec,p99,8217.37
105,1780554087323170560,1780554088323170560,Active Prefill Throughput,tokens/sec,std,906.03
105,1780554087323170560,1780554088323170560,Active Prefill Throughput Per User,tokens/sec/user,avg,1286.35
105,1780554087323170560,1780554088323170560,Active Prefill Throughput Per User,tokens/sec/user,min,1249.85
105,1780554087323170560,1780554088323170560,Active Prefill Throughput Per User,tokens/sec/user,max,1369.56
105,1780554087323170560,1780554088323170560,Active Prefill Throughput Per User,tokens/sec/user,p50,1249.85
105,1780554087323170560,1780554088323170560,Active Prefill Throughput Per User,tokens/sec/user,p90,1369.56
105,1780554087323170560,1780554088323170560,Active Prefill Throughput Per User,tokens/sec/user,p95,1369.56
105,1780554087323170560,1780554088323170560,Active Prefill Throughput Per User,tokens/sec/user,p99,1369.56
105,1780554087323170560,1780554088323170560,Active Prefill Throughput Per User,tokens/sec/user,std,55.11
105,1780554087323170560,1780554088323170560,Active Total Throughput,tokens/sec,avg,6928.30
105,1780554087323170560,1780554088323170560,Active Total Throughput,tokens/sec,min,6328.28
105,1780554087323170560,1780554088323170560,Active Total Throughput,tokens/sec,max,8296.39
105,1780554087323170560,1780554088323170560,Active Total Throughput,tokens/sec,p50,6328.28
105,1780554087323170560,1780554088323170560,Active Total Throughput,tokens/sec,p90,8296.39
105,1780554087323170560,1780554088323170560,Active Total Throughput,tokens/sec,p95,8296.39
105,1780554087323170560,1780554088323170560,Active Total Throughput,tokens/sec,p99,8296.39
105,1780554087323170560,1780554088323170560,Active Total Throughput,tokens/sec,std,906.03
105,1780554087323170560,1780554088323170560,Benchmark Duration,sec,avg,105.01
105,1780554087323170560,1780554088323170560,E2E Output Token Throughput,tokens/sec/user,avg,3.41
105,1780554087323170560,1780554088323170560,E2E Output Token Throughput,tokens/sec/user,min,3.41
105,1780554087323170560,1780554088323170560,E2E Output Token Throughput,tokens/sec/user,max,3.41
105,1780554087323170560,1780554088323170560,E2E Output Token Throughput,tokens/sec/user,sum,3.41
105,1780554087323170560,1780554088323170560,E2E Output Token Throughput,tokens/sec/user,p1,3.41
105,1780554087323170560,1780554088323170560,E2E Output Token Throughput,tokens/sec/user,p5,3.41
105,1780554087323170560,1780554088323170560,E2E Output Token Throughput,tokens/sec/user,p10,3.41
105,1780554087323170560,1780554088323170560,E2E Output Token Throughput,tokens/sec/user,p25,3.41
105,1780554087323170560,1780554088323170560,E2E Output Token Throughput,tokens/sec/user,p50,3.41
105,1780554087323170560,1780554088323170560,E2E Output Token Throughput,tokens/sec/user,p75,3.41
105,1780554087323170560,1780554088323170560,E2E Output Token Throughput,tokens/sec/user,p90,3.41
105,1780554087323170560,1780554088323170560,E2E Output Token Throughput,tokens/sec/user,p95,3.41
105,1780554087323170560,1780554088323170560,E2E Output Token Throughput,tokens/sec/user,p99,3.41
105,1780554087323170560,1780554088323170560,E2E Output Token Throughput,tokens/sec/user,std,0.00
105,1780554087323170560,1780554088323170560,Effective Concurrency,requests,avg,15.30
105,1780554087323170560,1780554088323170560,Effective Concurrency,requests,min,15.00
105,1780554087323170560,1780554088323170560,Effective Concurrency,requests,max,16.00
105,1780554087323170560,1780554088323170560,Effective Concurrency,requests,p50,15.00
105,1780554087323170560,1780554088323170560,Effective Concurrency,requests,p90,16.00
105,1780554087323170560,1780554088323170560,Effective Concurrency,requests,p95,16.00
105,1780554087323170560,1780554088323170560,Effective Concurrency,requests,p99,16.00
105,1780554087323170560,1780554088323170560,Effective Concurrency,requests,std,0.46
105,1780554087323170560,1780554088323170560,Effective Decode Concurrency,requests,avg,10.00
105,1780554087323170560,1780554088323170560,Effective Decode Concurrency,requests,min,10.00
105,1780554087323170560,1780554088323170560,Effective Decode Concurrency,requests,max,10.00
105,1780554087323170560,1780554088323170560,Effective Decode Concurrency,requests,p50,10.00
105,1780554087323170560,1780554088323170560,Effective Decode Concurrency,requests,p90,10.00
105,1780554087323170560,1780554088323170560,Effective Decode Concurrency,requests,p95,10.00
105,1780554087323170560,1780554088323170560,Effective Decode Concurrency,requests,p99,10.00
105,1780554087323170560,1780554088323170560,Effective Decode Concurrency,requests,std,0.00
105,1780554087323170560,1780554088323170560,Effective Decode Throughput,tokens/sec,avg,61.47
105,1780554087323170560,1780554088323170560,Effective Decode Throughput,tokens/sec,min,46.55
105,1780554087323170560,1780554088323170560,Effective Decode Throughput,tokens/sec,max,78.93
105,1780554087323170560,1780554088323170560,Effective Decode Throughput,tokens/sec,p50,61.47
105,1780554087323170560,1780554088323170560,Effective Decode Throughput,tokens/sec,p90,61.47
105,1780554087323170560,1780554088323170560,Effective Decode Throughput,tokens/sec,p95,61.47
105,1780554087323170560,1780554088323170560,Effective Decode Throughput,tokens/sec,p99,61.47
105,1780554087323170560,1780554088323170560,Effective Decode Throughput,tokens/sec,std,0.03
105,1780554087323170560,1780554088323170560,Effective Decode Throughput Per User,tokens/sec/user,avg,6.15
105,1780554087323170560,1780554088323170560,Effective Decode Throughput Per User,tokens/sec/user,min,4.65
105,1780554087323170560,1780554088323170560,Effective Decode Throughput Per User,tokens/sec/user,max,7.89
105,1780554087323170560,1780554088323170560,Effective Decode Throughput Per User,tokens/sec/user,p50,6.15
105,1780554087323170560,1780554088323170560,Effective Decode Throughput Per User,tokens/sec/user,p90,6.15
105,1780554087323170560,1780554088323170560,Effective Decode Throughput Per User,tokens/sec/user,p95,6.15
105,1780554087323170560,1780554088323170560,Effective Decode Throughput Per User,tokens/sec/user,p99,6.15
105,1780554087323170560,1780554088323170560,Effective Decode Throughput Per User,tokens/sec/user,std,0.00
105,1780554087323170560,1780554088323170560,Effective Prefill Concurrency,requests,avg,5.30
105,1780554087323170560,1780554088323170560,Effective Prefill Concurrency,requests,min,5.00
105,1780554087323170560,1780554088323170560,Effective Prefill Concurrency,requests,max,6.00
105,1780554087323170560,1780554088323170560,Effective Prefill Concurrency,requests,p50,5.00
105,1780554087323170560,1780554088323170560,Effective Prefill Concurrency,requests,p90,6.00
105,1780554087323170560,1780554088323170560,Effective Prefill Concurrency,requests,p95,6.00
105,1780554087323170560,1780554088323170560,Effective Prefill Concurrency,requests,p99,6.00
105,1780554087323170560,1780554088323170560,Effective Prefill Concurrency,requests,std,0.46
105,1780554087323170560,1780554088323170560,Effective Prefill Throughput,tokens/sec,avg,6849.28
105,1780554087323170560,1780554088323170560,Effective Prefill Throughput,tokens/sec,min,6249.26
105,1780554087323170560,1780554088323170560,Effective Prefill Throughput,tokens/sec,max,8217.37
105,1780554087323170560,1780554088323170560,Effective Prefill Throughput,tokens/sec,p50,6249.26
105,1780554087323170560,1780554088323170560,Effective Prefill Throughput,tokens/sec,p90,8217.37
105,1780554087323170560,1780554088323170560,Effective Prefill Throughput,tokens/sec,p95,8217.37
105,1780554087323170560,1780554088323170560,Effective Prefill Throughput,tokens/sec,p99,8217.37
105,1780554087323170560,1780554088323170560,Effective Prefill Throughput,tokens/sec,std,906.03
105,1780554087323170560,1780554088323170560,Effective Prefill Throughput Per User,tokens/sec/user,avg,1286.35
105,1780554087323170560,1780554088323170560,Effective Prefill Throughput Per User,tokens/sec/user,min,1249.85
105,1780554087323170560,1780554088323170560,Effective Prefill Throughput Per User,tokens/sec/user,max,1369.56
105,1780554087323170560,1780554088323170560,Effective Prefill Throughput Per User,tokens/sec/user,p50,1249.85
105,1780554087323170560,1780554088323170560,Effective Prefill Throughput Per User,tokens/sec/user,p90,1369.56
105,1780554087323170560,1780554088323170560,Effective Prefill Throughput Per User,tokens/sec/user,p95,1369.56
105,1780554087323170560,1780554088323170560,Effective Prefill Throughput Per User,tokens/sec/user,p99,1369.56
105,1780554087323170560,1780554088323170560,Effective Prefill Throughput Per User,tokens/sec/user,std,55.11
105,1780554087323170560,1780554088323170560,Effective Total Throughput,tokens/sec,avg,6928.30
105,1780554087323170560,1780554088323170560,Effective Total Throughput,tokens/sec,min,6328.28
105,1780554087323170560,1780554088323170560,Effective Total Throughput,tokens/sec,max,8296.39
105,1780554087323170560,1780554088323170560,Effective Total Throughput,tokens/sec,p50,6328.28
105,1780554087323170560,1780554088323170560,Effective Total Throughput,tokens/sec,p90,8296.39
105,1780554087323170560,1780554088323170560,Effective Total Throughput,tokens/sec,p95,8296.39
105,1780554087323170560,1780554088323170560,Effective Total Throughput,tokens/sec,p99,8296.39
105,1780554087323170560,1780554088323170560,Effective Total Throughput,tokens/sec,std,906.03
105,1780554087323170560,1780554088323170560,HTTP Blocked,ms,avg,0.00
105,1780554087323170560,1780554088323170560,HTTP Blocked,ms,min,0.00
105,1780554087323170560,1780554088323170560,HTTP Blocked,ms,max,0.00
105,1780554087323170560,1780554088323170560,HTTP Blocked,ms,sum,0.00
105,1780554087323170560,1780554088323170560,HTTP Blocked,ms,p1,0.00
105,1780554087323170560,1780554088323170560,HTTP Blocked,ms,p5,0.00
105,1780554087323170560,1780554088323170560,HTTP Blocked,ms,p10,0.00
105,1780554087323170560,1780554088323170560,HTTP Blocked,ms,p25,0.00
105,1780554087323170560,1780554088323170560,HTTP Blocked,ms,p50,0.00
105,1780554087323170560,1780554088323170560,HTTP Blocked,ms,p75,0.00
105,1780554087323170560,1780554088323170560,HTTP Blocked,ms,p90,0.00
105,1780554087323170560,1780554088323170560,HTTP Blocked,ms,p95,0.00
105,1780554087323170560,1780554088323170560,HTTP Blocked,ms,p99,0.00
105,1780554087323170560,1780554088323170560,HTTP Blocked,ms,std,0.00
105,1780554087323170560,1780554088323170560,HTTP Chunks Received,count,avg,358.00
105,1780554087323170560,1780554088323170560,HTTP Chunks Received,count,min,358.00
105,1780554087323170560,1780554088323170560,HTTP Chunks Received,count,max,358.00
105,1780554087323170560,1780554088323170560,HTTP Chunks Received,count,sum,358.00
105,1780554087323170560,1780554088323170560,HTTP Chunks Received,count,p1,358.00
105,1780554087323170560,1780554088323170560,HTTP Chunks Received,count,p5,358.00
105,1780554087323170560,1780554088323170560,HTTP Chunks Received,count,p10,358.00
105,1780554087323170560,1780554088323170560,HTTP Chunks Received,count,p25,358.00
105,1780554087323170560,1780554088323170560,HTTP Chunks Received,count,p50,358.00
105,1780554087323170560,1780554088323170560,HTTP Chunks Received,count,p75,358.00
105,1780554087323170560,1780554088323170560,HTTP Chunks Received,count,p90,358.00
105,1780554087323170560,1780554088323170560,HTTP Chunks Received,count,p95,358.00
105,1780554087323170560,1780554088323170560,HTTP Chunks Received,count,p99,358.00
105,1780554087323170560,1780554088323170560,HTTP Chunks Received,count,std,0.00
105,1780554087323170560,1780554088323170560,HTTP Chunks Sent,count,avg,1.00
105,1780554087323170560,1780554088323170560,HTTP Chunks Sent,count,min,1.00
105,1780554087323170560,1780554088323170560,HTTP Chunks Sent,count,max,1.00
105,1780554087323170560,1780554088323170560,HTTP Chunks Sent,count,sum,1.00
105,1780554087323170560,1780554088323170560,HTTP Chunks Sent,count,p1,1.00
105,1780554087323170560,1780554088323170560,HTTP Chunks Sent,count,p5,1.00
105,1780554087323170560,1780554088323170560,HTTP Chunks Sent,count,p10,1.00
105,1780554087323170560,1780554088323170560,HTTP Chunks Sent,count,p25,1.00
105,1780554087323170560,1780554088323170560,HTTP Chunks Sent,count,p50,1.00
105,1780554087323170560,1780554088323170560,HTTP Chunks Sent,count,p75,1.00
105,1780554087323170560,1780554088323170560,HTTP Chunks Sent,count,p90,1.00
105,1780554087323170560,1780554088323170560,HTTP Chunks Sent,count,p95,1.00
105,1780554087323170560,1780554088323170560,HTTP Chunks Sent,count,p99,1.00
105,1780554087323170560,1780554088323170560,HTTP Chunks Sent,count,std,0.00
105,1780554087323170560,1780554088323170560,HTTP Connecting,ms,avg,0.00
105,1780554087323170560,1780554088323170560,HTTP Connecting,ms,min,0.00
105,1780554087323170560,1780554088323170560,HTTP Connecting,ms,max,0.00
105,1780554087323170560,1780554088323170560,HTTP Connecting,ms,sum,0.00
105,1780554087323170560,1780554088323170560,HTTP Connecting,ms,p1,0.00
105,1780554087323170560,1780554088323170560,HTTP Connecting,ms,p5,0.00
105,1780554087323170560,1780554088323170560,HTTP Connecting,ms,p10,0.00
105,1780554087323170560,1780554088323170560,HTTP Connecting,ms,p25,0.00
105,1780554087323170560,1780554088323170560,HTTP Connecting,ms,p50,0.00
105,1780554087323170560,1780554088323170560,HTTP Connecting,ms,p75,0.00
105,1780554087323170560,1780554088323170560,HTTP Connecting,ms,p90,0.00
105,1780554087323170560,1780554088323170560,HTTP Connecting,ms,p95,0.00
105,1780554087323170560,1780554088323170560,HTTP Connecting,ms,p99,0.00
105,1780554087323170560,1780554088323170560,HTTP Connecting,ms,std,0.00
105,1780554087323170560,1780554088323170560,HTTP Connection Overhead,ms,avg,0.00
105,1780554087323170560,1780554088323170560,HTTP Connection Overhead,ms,min,0.00
105,1780554087323170560,1780554088323170560,HTTP Connection Overhead,ms,max,0.00
105,1780554087323170560,1780554088323170560,HTTP Connection Overhead,ms,sum,0.00
105,1780554087323170560,1780554088323170560,HTTP Connection Overhead,ms,p1,0.00
105,1780554087323170560,1780554088323170560,HTTP Connection Overhead,ms,p5,0.00
105,1780554087323170560,1780554088323170560,HTTP Connection Overhead,ms,p10,0.00
105,1780554087323170560,1780554088323170560,HTTP Connection Overhead,ms,p25,0.00
105,1780554087323170560,1780554088323170560,HTTP Connection Overhead,ms,p50,0.00
105,1780554087323170560,1780554088323170560,HTTP Connection Overhead,ms,p75,0.00
105,1780554087323170560,1780554088323170560,HTTP Connection Overhead,ms,p90,0.00
105,1780554087323170560,1780554088323170560,HTTP Connection Overhead,ms,p95,0.00
105,1780554087323170560,1780554088323170560,HTTP Connection Overhead,ms,p99,0.00
105,1780554087323170560,1780554088323170560,HTTP Connection Overhead,ms,std,0.00
105,1780554087323170560,1780554088323170560,HTTP Connection Reused,ratio,avg,1.00
105,1780554087323170560,1780554088323170560,HTTP Connection Reused,ratio,min,1.00
105,1780554087323170560,1780554088323170560,HTTP Connection Reused,ratio,max,1.00
105,1780554087323170560,1780554088323170560,HTTP Connection Reused,ratio,sum,1.00
105,1780554087323170560,1780554088323170560,HTTP Connection Reused,ratio,p1,1.00
105,1780554087323170560,1780554088323170560,HTTP Connection Reused,ratio,p5,1.00
105,1780554087323170560,1780554088323170560,HTTP Connection Reused,ratio,p10,1.00
105,1780554087323170560,1780554088323170560,HTTP Connection Reused,ratio,p25,1.00
105,1780554087323170560,1780554088323170560,HTTP Connection Reused,ratio,p50,1.00
105,1780554087323170560,1780554088323170560,HTTP Connection Reused,ratio,p75,1.00
105,1780554087323170560,1780554088323170560,HTTP Connection Reused,ratio,p90,1.00
105,1780554087323170560,1780554088323170560,HTTP Connection Reused,ratio,p95,1.00
105,1780554087323170560,1780554088323170560,HTTP Connection Reused,ratio,p99,1.00
105,1780554087323170560,1780554088323170560,HTTP Connection Reused,ratio,std,0.00
105,1780554087323170560,1780554088323170560,HTTP Data Received,KB,avg,89.61
105,1780554087323170560,1780554088323170560,HTTP Data Received,KB,min,89.61
105,1780554087323170560,1780554088323170560,HTTP Data Received,KB,max,89.61
105,1780554087323170560,1780554088323170560,HTTP Data Received,KB,sum,89.61
105,1780554087323170560,1780554088323170560,HTTP Data Received,KB,p1,89.61
105,1780554087323170560,1780554088323170560,HTTP Data Received,KB,p5,89.61
105,1780554087323170560,1780554088323170560,HTTP Data Received,KB,p10,89.61
105,1780554087323170560,1780554088323170560,HTTP Data Received,KB,p25,89.61
105,1780554087323170560,1780554088323170560,HTTP Data Received,KB,p50,89.61
105,1780554087323170560,1780554088323170560,HTTP Data Received,KB,p75,89.61
105,1780554087323170560,1780554088323170560,HTTP Data Received,KB,p90,89.61
105,1780554087323170560,1780554088323170560,HTTP Data Received,KB,p95,89.61
105,1780554087323170560,1780554088323170560,HTTP Data Received,KB,p99,89.61
105,1780554087323170560,1780554088323170560,HTTP Data Received,KB,std,0.00
105,1780554087323170560,1780554088323170560,HTTP Data Sent,KB,avg,468.69
105,1780554087323170560,1780554088323170560,HTTP Data Sent,KB,min,468.69
105,1780554087323170560,1780554088323170560,HTTP Data Sent,KB,max,468.69
105,1780554087323170560,1780554088323170560,HTTP Data Sent,KB,sum,468.69
105,1780554087323170560,1780554088323170560,HTTP Data Sent,KB,p1,468.69
105,1780554087323170560,1780554088323170560,HTTP Data Sent,KB,p5,468.69
105,1780554087323170560,1780554088323170560,HTTP Data Sent,KB,p10,468.69
105,1780554087323170560,1780554088323170560,HTTP Data Sent,KB,p25,468.69
105,1780554087323170560,1780554088323170560,HTTP Data Sent,KB,p50,468.69
105,1780554087323170560,1780554088323170560,HTTP Data Sent,KB,p75,468.69
105,1780554087323170560,1780554088323170560,HTTP Data Sent,KB,p90,468.69
105,1780554087323170560,1780554088323170560,HTTP Data Sent,KB,p95,468.69
105,1780554087323170560,1780554088323170560,HTTP Data Sent,KB,p99,468.69
105,1780554087323170560,1780554088323170560,HTTP Data Sent,KB,std,0.00
105,1780554087323170560,1780554088323170560,HTTP DNS Lookup,ms,avg,0.00
105,1780554087323170560,1780554088323170560,HTTP DNS Lookup,ms,min,0.00
105,1780554087323170560,1780554088323170560,HTTP DNS Lookup,ms,max,0.00
105,1780554087323170560,1780554088323170560,HTTP DNS Lookup,ms,sum,0.00
105,1780554087323170560,1780554088323170560,HTTP DNS Lookup,ms,p1,0.00
105,1780554087323170560,1780554088323170560,HTTP DNS Lookup,ms,p5,0.00
105,1780554087323170560,1780554088323170560,HTTP DNS Lookup,ms,p10,0.00
105,1780554087323170560,1780554088323170560,HTTP DNS Lookup,ms,p25,0.00
105,1780554087323170560,1780554088323170560,HTTP DNS Lookup,ms,p50,0.00
105,1780554087323170560,1780554088323170560,HTTP DNS Lookup,ms,p75,0.00
105,1780554087323170560,1780554088323170560,HTTP DNS Lookup,ms,p90,0.00
105,1780554087323170560,1780554088323170560,HTTP DNS Lookup,ms,p95,0.00
105,1780554087323170560,1780554088323170560,HTTP DNS Lookup,ms,p99,0.00
105,1780554087323170560,1780554088323170560,HTTP DNS Lookup,ms,std,0.00
105,1780554087323170560,1780554088323170560,HTTP Duration (excl. conn),ms,avg,105013.19
105,1780554087323170560,1780554088323170560,HTTP Duration (excl. conn),ms,min,105013.19
105,1780554087323170560,1780554088323170560,HTTP Duration (excl. conn),ms,max,105013.19
105,1780554087323170560,1780554088323170560,HTTP Duration (excl. conn),ms,sum,105013.19
105,1780554087323170560,1780554088323170560,HTTP Duration (excl. conn),ms,p1,105013.19
105,1780554087323170560,1780554088323170560,HTTP Duration (excl. conn),ms,p5,105013.19
105,1780554087323170560,1780554088323170560,HTTP Duration (excl. conn),ms,p10,105013.19
105,1780554087323170560,1780554088323170560,HTTP Duration (excl. conn),ms,p25,105013.19
105,1780554087323170560,1780554088323170560,HTTP Duration (excl. conn),ms,p50,105013.19
105,1780554087323170560,1780554088323170560,HTTP Duration (excl. conn),ms,p75,105013.19
105,1780554087323170560,1780554088323170560,HTTP Duration (excl. conn),ms,p90,105013.19
105,1780554087323170560,1780554088323170560,HTTP Duration (excl. conn),ms,p95,105013.19
105,1780554087323170560,1780554088323170560,HTTP Duration (excl. conn),ms,p99,105013.19
105,1780554087323170560,1780554088323170560,HTTP Duration (excl. conn),ms,std,0.00
105,1780554087323170560,1780554088323170560,HTTP Receiving,ms,avg,43968.92
105,1780554087323170560,1780554088323170560,HTTP Receiving,ms,min,43968.92
105,1780554087323170560,1780554088323170560,HTTP Receiving,ms,max,43968.92
105,1780554087323170560,1780554088323170560,HTTP Receiving,ms,sum,43968.92
105,1780554087323170560,1780554088323170560,HTTP Receiving,ms,p1,43968.92
105,1780554087323170560,1780554088323170560,HTTP Receiving,ms,p5,43968.92
105,1780554087323170560,1780554088323170560,HTTP Receiving,ms,p10,43968.92
105,1780554087323170560,1780554088323170560,HTTP Receiving,ms,p25,43968.92
105,1780554087323170560,1780554088323170560,HTTP Receiving,ms,p50,43968.92
105,1780554087323170560,1780554088323170560,HTTP Receiving,ms,p75,43968.92
105,1780554087323170560,1780554088323170560,HTTP Receiving,ms,p90,43968.92
105,1780554087323170560,1780554088323170560,HTTP Receiving,ms,p95,43968.92
105,1780554087323170560,1780554088323170560,HTTP Receiving,ms,p99,43968.92
105,1780554087323170560,1780554088323170560,HTTP Receiving,ms,std,0.00
105,1780554087323170560,1780554088323170560,HTTP Sending,ms,avg,0.28
105,1780554087323170560,1780554088323170560,HTTP Sending,ms,min,0.28
105,1780554087323170560,1780554088323170560,HTTP Sending,ms,max,0.28
105,1780554087323170560,1780554088323170560,HTTP Sending,ms,sum,0.28
105,1780554087323170560,1780554088323170560,HTTP Sending,ms,p1,0.28
105,1780554087323170560,1780554088323170560,HTTP Sending,ms,p5,0.28
105,1780554087323170560,1780554088323170560,HTTP Sending,ms,p10,0.28
105,1780554087323170560,1780554088323170560,HTTP Sending,ms,p25,0.28
105,1780554087323170560,1780554088323170560,HTTP Sending,ms,p50,0.28
105,1780554087323170560,1780554088323170560,HTTP Sending,ms,p75,0.28
105,1780554087323170560,1780554088323170560,HTTP Sending,ms,p90,0.28
105,1780554087323170560,1780554088323170560,HTTP Sending,ms,p95,0.28
105,1780554087323170560,1780554088323170560,HTTP Sending,ms,p99,0.28
105,1780554087323170560,1780554088323170560,HTTP Sending,ms,std,0.00
105,1780554087323170560,1780554088323170560,HTTP Total Time,ms,avg,105013.19
105,1780554087323170560,1780554088323170560,HTTP Total Time,ms,min,105013.19
105,1780554087323170560,1780554088323170560,HTTP Total Time,ms,max,105013.19
105,1780554087323170560,1780554088323170560,HTTP Total Time,ms,sum,105013.19
105,1780554087323170560,1780554088323170560,HTTP Total Time,ms,p1,105013.19
105,1780554087323170560,1780554088323170560,HTTP Total Time,ms,p5,105013.19
105,1780554087323170560,1780554088323170560,HTTP Total Time,ms,p10,105013.19
105,1780554087323170560,1780554088323170560,HTTP Total Time,ms,p25,105013.19
105,1780554087323170560,1780554088323170560,HTTP Total Time,ms,p50,105013.19
105,1780554087323170560,1780554088323170560,HTTP Total Time,ms,p75,105013.19
105,1780554087323170560,1780554088323170560,HTTP Total Time,ms,p90,105013.19
105,1780554087323170560,1780554088323170560,HTTP Total Time,ms,p95,105013.19
105,1780554087323170560,1780554088323170560,HTTP Total Time,ms,p99,105013.19
105,1780554087323170560,1780554088323170560,HTTP Total Time,ms,std,0.00
105,1780554087323170560,1780554088323170560,HTTP Waiting (TTFB),ms,avg,61043.99
105,1780554087323170560,1780554088323170560,HTTP Waiting (TTFB),ms,min,61043.99
105,1780554087323170560,1780554088323170560,HTTP Waiting (TTFB),ms,max,61043.99
105,1780554087323170560,1780554088323170560,HTTP Waiting (TTFB),ms,sum,61043.99
105,1780554087323170560,1780554088323170560,HTTP Waiting (TTFB),ms,p1,61043.99
105,1780554087323170560,1780554088323170560,HTTP Waiting (TTFB),ms,p5,61043.99
105,1780554087323170560,1780554088323170560,HTTP Waiting (TTFB),ms,p10,61043.99
105,1780554087323170560,1780554088323170560,HTTP Waiting (TTFB),ms,p25,61043.99
105,1780554087323170560,1780554088323170560,HTTP Waiting (TTFB),ms,p50,61043.99
105,1780554087323170560,1780554088323170560,HTTP Waiting (TTFB),ms,p75,61043.99
105,1780554087323170560,1780554088323170560,HTTP Waiting (TTFB),ms,p90,61043.99
105,1780554087323170560,1780554088323170560,HTTP Waiting (TTFB),ms,p95,61043.99
105,1780554087323170560,1780554088323170560,HTTP Waiting (TTFB),ms,p99,61043.99
105,1780554087323170560,1780554088323170560,HTTP Waiting (TTFB),ms,std,0.00
105,1780554087323170560,1780554088323170560,Input Sequence Length,tokens,avg,120142.00
105,1780554087323170560,1780554088323170560,Input Sequence Length,tokens,min,120142.00
105,1780554087323170560,1780554088323170560,Input Sequence Length,tokens,max,120142.00
105,1780554087323170560,1780554088323170560,Input Sequence Length,tokens,sum,120142.00
105,1780554087323170560,1780554088323170560,Input Sequence Length,tokens,p1,120142.00
105,1780554087323170560,1780554088323170560,Input Sequence Length,tokens,p5,120142.00
105,1780554087323170560,1780554088323170560,Input Sequence Length,tokens,p10,120142.00
105,1780554087323170560,1780554088323170560,Input Sequence Length,tokens,p25,120142.00
105,1780554087323170560,1780554088323170560,Input Sequence Length,tokens,p50,120142.00
105,1780554087323170560,1780554088323170560,Input Sequence Length,tokens,p75,120142.00
105,1780554087323170560,1780554088323170560,Input Sequence Length,tokens,p90,120142.00
105,1780554087323170560,1780554088323170560,Input Sequence Length,tokens,p95,120142.00
105,1780554087323170560,1780554088323170560,Input Sequence Length,tokens,p99,120142.00
105,1780554087323170560,1780554088323170560,Input Sequence Length,tokens,std,0.00
105,1780554087323170560,1780554088323170560,Input Token Throughput,tokens/sec,avg,120142.00
105,1780554087323170560,1780554088323170560,Inter Chunk Latency,ms,avg,67.73
105,1780554087323170560,1780554088323170560,Inter Chunk Latency,ms,min,67.72
105,1780554087323170560,1780554088323170560,Inter Chunk Latency,ms,max,67.73
105,1780554087323170560,1780554088323170560,Inter Chunk Latency,ms,sum,24179.15
105,1780554087323170560,1780554088323170560,Inter Chunk Latency,ms,p1,67.72
105,1780554087323170560,1780554088323170560,Inter Chunk Latency,ms,p5,67.72
105,1780554087323170560,1780554088323170560,Inter Chunk Latency,ms,p10,67.72
105,1780554087323170560,1780554088323170560,Inter Chunk Latency,ms,p25,67.73
105,1780554087323170560,1780554088323170560,Inter Chunk Latency,ms,p50,67.73
105,1780554087323170560,1780554088323170560,Inter Chunk Latency,ms,p75,67.73
105,1780554087323170560,1780554088323170560,Inter Chunk Latency,ms,p90,67.73
105,1780554087323170560,1780554088323170560,Inter Chunk Latency,ms,p95,67.73
105,1780554087323170560,1780554088323170560,Inter Chunk Latency,ms,p99,67.73
105,1780554087323170560,1780554088323170560,Inter Chunk Latency,ms,std,0.00
105,1780554087323170560,1780554088323170560,Inter Token Latency,ms,avg,123.16
105,1780554087323170560,1780554088323170560,Inter Token Latency,ms,min,123.16
105,1780554087323170560,1780554088323170560,Inter Token Latency,ms,max,123.16
105,1780554087323170560,1780554088323170560,Inter Token Latency,ms,sum,123.16
105,1780554087323170560,1780554088323170560,Inter Token Latency,ms,p1,123.16
105,1780554087323170560,1780554088323170560,Inter Token Latency,ms,p5,123.16
105,1780554087323170560,1780554088323170560,Inter Token Latency,ms,p10,123.16
105,1780554087323170560,1780554088323170560,Inter Token Latency,ms,p25,123.16
105,1780554087323170560,1780554088323170560,Inter Token Latency,ms,p50,123.16
105,1780554087323170560,1780554088323170560,Inter Token Latency,ms,p75,123.16
105,1780554087323170560,1780554088323170560,Inter Token Latency,ms,p90,123.16
105,1780554087323170560,1780554088323170560,Inter Token Latency,ms,p95,123.16
105,1780554087323170560,1780554088323170560,Inter Token Latency,ms,p99,123.16
105,1780554087323170560,1780554088323170560,Inter Token Latency,ms,std,0.00
105,1780554087323170560,1780554088323170560,Maximum Response Timestamp,ns,avg,1780554193031617536.00
105,1780554087323170560,1780554088323170560,Minimum Request Timestamp,ns,avg,1780554088018298112.00
105,1780554087323170560,1780554088323170560,OSL Mismatch Count,requests,avg,0.00
105,1780554087323170560,1780554088323170560,OSL Mismatch Diff %,%,avg,0.00
105,1780554087323170560,1780554088323170560,OSL Mismatch Diff %,%,min,0.00
105,1780554087323170560,1780554088323170560,OSL Mismatch Diff %,%,max,0.00
105,1780554087323170560,1780554088323170560,OSL Mismatch Diff %,%,sum,0.00
105,1780554087323170560,1780554088323170560,OSL Mismatch Diff %,%,p1,0.00
105,1780554087323170560,1780554088323170560,OSL Mismatch Diff %,%,p5,0.00
105,1780554087323170560,1780554088323170560,OSL Mismatch Diff %,%,p10,0.00
105,1780554087323170560,1780554088323170560,OSL Mismatch Diff %,%,p25,0.00
105,1780554087323170560,1780554088323170560,OSL Mismatch Diff %,%,p50,0.00
105,1780554087323170560,1780554088323170560,OSL Mismatch Diff %,%,p75,0.00
105,1780554087323170560,1780554088323170560,OSL Mismatch Diff %,%,p90,0.00
105,1780554087323170560,1780554088323170560,OSL Mismatch Diff %,%,p95,0.00
105,1780554087323170560,1780554088323170560,OSL Mismatch Diff %,%,p99,0.00
105,1780554087323170560,1780554088323170560,OSL Mismatch Diff %,%,std,0.00
105,1780554087323170560,1780554088323170560,Output Sequence Length,tokens,avg,358.00
105,1780554087323170560,1780554088323170560,Output Sequence Length,tokens,min,358.00
105,1780554087323170560,1780554088323170560,Output Sequence Length,tokens,max,358.00
105,1780554087323170560,1780554088323170560,Output Sequence Length,tokens,sum,358.00
105,1780554087323170560,1780554088323170560,Output Sequence Length,tokens,p1,358.00
105,1780554087323170560,1780554088323170560,Output Sequence Length,tokens,p5,358.00
105,1780554087323170560,1780554088323170560,Output Sequence Length,tokens,p10,358.00
105,1780554087323170560,1780554088323170560,Output Sequence Length,tokens,p25,358.00
105,1780554087323170560,1780554088323170560,Output Sequence Length,tokens,p50,358.00
105,1780554087323170560,1780554088323170560,Output Sequence Length,tokens,p75,358.00
105,1780554087323170560,1780554088323170560,Output Sequence Length,tokens,p90,358.00
105,1780554087323170560,1780554088323170560,Output Sequence Length,tokens,p95,358.00
105,1780554087323170560,1780554088323170560,Output Sequence Length,tokens,p99,358.00
105,1780554087323170560,1780554088323170560,Output Sequence Length,tokens,std,0.00
105,1780554087323170560,1780554088323170560,Output Token Count,tokens,avg,358.00
105,1780554087323170560,1780554088323170560,Output Token Count,tokens,min,358.00
105,1780554087323170560,1780554088323170560,Output Token Count,tokens,max,358.00
105,1780554087323170560,1780554088323170560,Output Token Count,tokens,sum,358.00
105,1780554087323170560,1780554088323170560,Output Token Count,tokens,p1,358.00
105,1780554087323170560,1780554088323170560,Output Token Count,tokens,p5,358.00
105,1780554087323170560,1780554088323170560,Output Token Count,tokens,p10,358.00
105,1780554087323170560,1780554088323170560,Output Token Count,tokens,p25,358.00
105,1780554087323170560,1780554088323170560,Output Token Count,tokens,p50,358.00
105,1780554087323170560,1780554088323170560,Output Token Count,tokens,p75,358.00
105,1780554087323170560,1780554088323170560,Output Token Count,tokens,p90,358.00
105,1780554087323170560,1780554088323170560,Output Token Count,tokens,p95,358.00
105,1780554087323170560,1780554088323170560,Output Token Count,tokens,p99,358.00
105,1780554087323170560,1780554088323170560,Output Token Count,tokens,std,0.00
105,1780554087323170560,1780554088323170560,Output Token Throughput,tokens/sec,avg,358.00
105,1780554087323170560,1780554088323170560,Output Token Throughput Per User,tokens/sec/user,avg,8.12
105,1780554087323170560,1780554088323170560,Output Token Throughput Per User,tokens/sec/user,min,8.12
105,1780554087323170560,1780554088323170560,Output Token Throughput Per User,tokens/sec/user,max,8.12
105,1780554087323170560,1780554088323170560,Output Token Throughput Per User,tokens/sec/user,sum,8.12
105,1780554087323170560,1780554088323170560,Output Token Throughput Per User,tokens/sec/user,p1,8.12
105,1780554087323170560,1780554088323170560,Output Token Throughput Per User,tokens/sec/user,p5,8.12
105,1780554087323170560,1780554088323170560,Output Token Throughput Per User,tokens/sec/user,p10,8.12
105,1780554087323170560,1780554088323170560,Output Token Throughput Per User,tokens/sec/user,p25,8.12
105,1780554087323170560,1780554088323170560,Output Token Throughput Per User,tokens/sec/user,p50,8.12
105,1780554087323170560,1780554088323170560,Output Token Throughput Per User,tokens/sec/user,p75,8.12
105,1780554087323170560,1780554088323170560,Output Token Throughput Per User,tokens/sec/user,p90,8.12
105,1780554087323170560,1780554088323170560,Output Token Throughput Per User,tokens/sec/user,p95,8.12
105,1780554087323170560,1780554088323170560,Output Token Throughput Per User,tokens/sec/user,p99,8.12
105,1780554087323170560,1780554088323170560,Output Token Throughput Per User,tokens/sec/user,std,0.00
105,1780554087323170560,1780554088323170560,Prefill Throughput Per User,tokens/sec/user,avg,1968.11
105,1780554087323170560,1780554088323170560,Prefill Throughput Per User,tokens/sec/user,min,1968.11
105,1780554087323170560,1780554088323170560,Prefill Throughput Per User,tokens/sec/user,max,1968.11
105,1780554087323170560,1780554088323170560,Prefill Throughput Per User,tokens/sec/user,sum,1968.11
105,1780554087323170560,1780554088323170560,Prefill Throughput Per User,tokens/sec/user,p1,1968.11
105,1780554087323170560,1780554088323170560,Prefill Throughput Per User,tokens/sec/user,p5,1968.11
105,1780554087323170560,1780554088323170560,Prefill Throughput Per User,tokens/sec/user,p10,1968.11
105,1780554087323170560,1780554088323170560,Prefill Throughput Per User,tokens/sec/user,p25,1968.11
105,1780554087323170560,1780554088323170560,Prefill Throughput Per User,tokens/sec/user,p50,1968.11
105,1780554087323170560,1780554088323170560,Prefill Throughput Per User,tokens/sec/user,p75,1968.11
105,1780554087323170560,1780554088323170560,Prefill Throughput Per User,tokens/sec/user,p90,1968.11
105,1780554087323170560,1780554088323170560,Prefill Throughput Per User,tokens/sec/user,p95,1968.11
105,1780554087323170560,1780554088323170560,Prefill Throughput Per User,tokens/sec/user,p99,1968.11
105,1780554087323170560,1780554088323170560,Prefill Throughput Per User,tokens/sec/user,std,0.00
105,1780554087323170560,1780554088323170560,Request Count,requests,avg,1.00
105,1780554087323170560,1780554088323170560,Request Latency,ms,avg,105013.32
105,1780554087323170560,1780554088323170560,Request Latency,ms,min,105013.32
105,1780554087323170560,1780554088323170560,Request Latency,ms,max,105013.32
105,1780554087323170560,1780554088323170560,Request Latency,ms,sum,105013.32
105,1780554087323170560,1780554088323170560,Request Latency,ms,p1,105013.32
105,1780554087323170560,1780554088323170560,Request Latency,ms,p5,105013.32
105,1780554087323170560,1780554088323170560,Request Latency,ms,p10,105013.32
105,1780554087323170560,1780554088323170560,Request Latency,ms,p25,105013.32
105,1780554087323170560,1780554088323170560,Request Latency,ms,p50,105013.32
105,1780554087323170560,1780554088323170560,Request Latency,ms,p75,105013.32
105,1780554087323170560,1780554088323170560,Request Latency,ms,p90,105013.32
105,1780554087323170560,1780554088323170560,Request Latency,ms,p95,105013.32
105,1780554087323170560,1780554088323170560,Request Latency,ms,p99,105013.32
105,1780554087323170560,1780554088323170560,Request Latency,ms,std,0.00
105,1780554087323170560,1780554088323170560,Request Throughput,requests/sec,avg,1.00
105,1780554087323170560,1780554088323170560,Requested OSL,tokens,avg,358.00
105,1780554087323170560,1780554088323170560,Requested OSL,tokens,min,358.00
105,1780554087323170560,1780554088323170560,Requested OSL,tokens,max,358.00
105,1780554087323170560,1780554088323170560,Requested OSL,tokens,sum,358.00
105,1780554087323170560,1780554088323170560,Requested OSL,tokens,p1,358.00
105,1780554087323170560,1780554088323170560,Requested OSL,tokens,p5,358.00
105,1780554087323170560,1780554088323170560,Requested OSL,tokens,p10,358.00
105,1780554087323170560,1780554088323170560,Requested OSL,tokens,p25,358.00
105,1780554087323170560,1780554088323170560,Requested OSL,tokens,p50,358.00
105,1780554087323170560,1780554088323170560,Requested OSL,tokens,p75,358.00
105,1780554087323170560,1780554088323170560,Requested OSL,tokens,p90,358.00
105,1780554087323170560,1780554088323170560,Requested OSL,tokens,p95,358.00
105,1780554087323170560,1780554088323170560,Requested OSL,tokens,p99,358.00
105,1780554087323170560,1780554088323170560,Requested OSL,tokens,std,0.00
105,1780554087323170560,1780554088323170560,Time to First Output Token,ms,avg,61044.40
105,1780554087323170560,1780554088323170560,Time to First Output Token,ms,min,61044.40
105,1780554087323170560,1780554088323170560,Time to First Output Token,ms,max,61044.40
105,1780554087323170560,1780554088323170560,Time to First Output Token,ms,sum,61044.40
105,1780554087323170560,1780554088323170560,Time to First Output Token,ms,p1,61044.40
105,1780554087323170560,1780554088323170560,Time to First Output Token,ms,p5,61044.40
105,1780554087323170560,1780554088323170560,Time to First Output Token,ms,p10,61044.40
105,1780554087323170560,1780554088323170560,Time to First Output Token,ms,p25,61044.40
105,1780554087323170560,1780554088323170560,Time to First Output Token,ms,p50,61044.40
105,1780554087323170560,1780554088323170560,Time to First Output Token,ms,p75,61044.40
105,1780554087323170560,1780554088323170560,Time to First Output Token,ms,p90,61044.40
105,1780554087323170560,1780554088323170560,Time to First Output Token,ms,p95,61044.40
105,1780554087323170560,1780554088323170560,Time to First Output Token,ms,p99,61044.40
105,1780554087323170560,1780554088323170560,Time to First Output Token,ms,std,0.00
105,1780554087323170560,1780554088323170560,Time to First Token,ms,avg,61044.40
105,1780554087323170560,1780554088323170560,Time to First Token,ms,min,61044.40
105,1780554087323170560,1780554088323170560,Time to First Token,ms,max,61044.40
105,1780554087323170560,1780554088323170560,Time to First Token,ms,sum,61044.40
105,1780554087323170560,1780554088323170560,Time to First Token,ms,p1,61044.40
105,1780554087323170560,1780554088323170560,Time to First Token,ms,p5,61044.40
105,1780554087323170560,1780554088323170560,Time to First Token,ms,p10,61044.40
105,1780554087323170560,1780554088323170560,Time to First Token,ms,p25,61044.40
105,1780554087323170560,1780554088323170560,Time to First Token,ms,p50,61044.40
105,1780554087323170560,1780554088323170560,Time to First Token,ms,p75,61044.40
105,1780554087323170560,1780554088323170560,Time to First Token,ms,p90,61044.40
105,1780554087323170560,1780554088323170560,Time to First Token,ms,p95,61044.40
105,1780554087323170560,1780554088323170560,Time to First Token,ms,p99,61044.40
105,1780554087323170560,1780554088323170560,Time to First Token,ms,std,0.00
105,1780554087323170560,1780554088323170560,Time to Second Token,ms,avg,0.70
105,1780554087323170560,1780554088323170560,Time to Second Token,ms,min,0.70
105,1780554087323170560,1780554088323170560,Time to Second Token,ms,max,0.70
105,1780554087323170560,1780554088323170560,Time to Second Token,ms,sum,0.70
105,1780554087323170560,1780554088323170560,Time to Second Token,ms,p1,0.70
105,1780554087323170560,1780554088323170560,Time to Second Token,ms,p5,0.70
105,1780554087323170560,1780554088323170560,Time to Second Token,ms,p10,0.70
105,1780554087323170560,1780554088323170560,Time to Second Token,ms,p25,0.70
105,1780554087323170560,1780554088323170560,Time to Second Token,ms,p50,0.70
105,1780554087323170560,1780554088323170560,Time to Second Token,ms,p75,0.70
105,1780554087323170560,1780554088323170560,Time to Second Token,ms,p90,0.70
105,1780554087323170560,1780554088323170560,Time to Second Token,ms,p95,0.70
105,1780554087323170560,1780554088323170560,Time to Second Token,ms,p99,0.70
105,1780554087323170560,1780554088323170560,Time to Second Token,ms,std,0.00
105,1780554087323170560,1780554088323170560,Tokens In Flight,tokens,avg,1485589.59
105,1780554087323170560,1780554088323170560,Tokens In Flight,tokens,min,1448930.58
105,1780554087323170560,1780554088323170560,Tokens In Flight,tokens,max,1569134.57
105,1780554087323170560,1780554088323170560,Tokens In Flight,tokens,p50,1448962.17
105,1780554087323170560,1780554088323170560,Tokens In Flight,tokens,p90,1569129.37
105,1780554087323170560,1780554088323170560,Tokens In Flight,tokens,p95,1569130.37
105,1780554087323170560,1780554088323170560,Tokens In Flight,tokens,p99,1569133.57
105,1780554087323170560,1780554088323170560,Tokens In Flight,tokens,std,55321.94
105,1780554087323170560,1780554088323170560,Total Input Sequence Length,tokens,avg,120142.00
105,1780554087323170560,1780554088323170560,Total Output Sequence Length,tokens,avg,358.00
105,1780554087323170560,1780554088323170560,Total Output Tokens,tokens,avg,358.00
105,1780554087323170560,1780554088323170560,Total Token Throughput,tokens/sec,avg,120500.00
105,1780554087323170560,1780554088323170560,Total Usage Completion Tokens,tokens,avg,358.00
105,1780554087323170560,1780554088323170560,Total Usage Prompt Tokens,tokens,avg,120142.00
105,1780554087323170560,1780554088323170560,Total Usage Total Tokens,tokens,avg,120500.00
105,1780554087323170560,1780554088323170560,Usage Completion Tokens,tokens,avg,358.00
105,1780554087323170560,1780554088323170560,Usage Completion Tokens,tokens,min,358.00
105,1780554087323170560,1780554088323170560,Usage Completion Tokens,tokens,max,358.00
105,1780554087323170560,1780554088323170560,Usage Completion Tokens,tokens,sum,358.00
105,1780554087323170560,1780554088323170560,Usage Completion Tokens,tokens,p1,358.00
105,1780554087323170560,1780554088323170560,Usage Completion Tokens,tokens,p5,358.00
105,1780554087323170560,1780554088323170560,Usage Completion Tokens,tokens,p10,358.00
105,1780554087323170560,1780554088323170560,Usage Completion Tokens,tokens,p25,358.00
105,1780554087323170560,1780554088323170560,Usage Completion Tokens,tokens,p50,358.00
105,1780554087323170560,1780554088323170560,Usage Completion Tokens,tokens,p75,358.00
105,1780554087323170560,1780554088323170560,Usage Completion Tokens,tokens,p90,358.00
105,1780554087323170560,1780554088323170560,Usage Completion Tokens,tokens,p95,358.00
105,1780554087323170560,1780554088323170560,Usage Completion Tokens,tokens,p99,358.00
105,1780554087323170560,1780554088323170560,Usage Completion Tokens,tokens,std,0.00
105,1780554087323170560,1780554088323170560,Usage Prompt Tokens,tokens,avg,120142.00
105,1780554087323170560,1780554088323170560,Usage Prompt Tokens,tokens,min,120142.00
105,1780554087323170560,1780554088323170560,Usage Prompt Tokens,tokens,max,120142.00
105,1780554087323170560,1780554088323170560,Usage Prompt Tokens,tokens,sum,120142.00
105,1780554087323170560,1780554088323170560,Usage Prompt Tokens,tokens,p1,120142.00
105,1780554087323170560,1780554088323170560,Usage Prompt Tokens,tokens,p5,120142.00
105,1780554087323170560,1780554088323170560,Usage Prompt Tokens,tokens,p10,120142.00
105,1780554087323170560,1780554088323170560,Usage Prompt Tokens,tokens,p25,120142.00
105,1780554087323170560,1780554088323170560,Usage Prompt Tokens,tokens,p50,120142.00
105,1780554087323170560,1780554088323170560,Usage Prompt Tokens,tokens,p75,120142.00
105,1780554087323170560,1780554088323170560,Usage Prompt Tokens,tokens,p90,120142.00
105,1780554087323170560,1780554088323170560,Usage Prompt Tokens,tokens,p95,120142.00
105,1780554087323170560,1780554088323170560,Usage Prompt Tokens,tokens,p99,120142.00
105,1780554087323170560,1780554088323170560,Usage Prompt Tokens,tokens,std,0.00
105,1780554087323170560,1780554088323170560,Usage Total Tokens,tokens,avg,120500.00
105,1780554087323170560,1780554088323170560,Usage Total Tokens,tokens,min,120500.00
105,1780554087323170560,1780554088323170560,Usage Total Tokens,tokens,max,120500.00
105,1780554087323170560,1780554088323170560,Usage Total Tokens,tokens,sum,120500.00
105,1780554087323170560,1780554088323170560,Usage Total Tokens,tokens,p1,120500.00
105,1780554087323170560,1780554088323170560,Usage Total Tokens,tokens,p5,120500.00
105,1780554087323170560,1780554088323170560,Usage Total Tokens,tokens,p10,120500.00
105,1780554087323170560,1780554088323170560,Usage Total Tokens,tokens,p25,120500.00
105,1780554087323170560,1780554088323170560,Usage Total Tokens,tokens,p50,120500.00
105,1780554087323170560,1780554088323170560,Usage Total Tokens,tokens,p75,120500.00
105,1780554087323170560,1780554088323170560,Usage Total Tokens,tokens,p90,120500.00
105,1780554087323170560,1780554088323170560,Usage Total Tokens,tokens,p95,120500.00
105,1780554087323170560,1780554088323170560,Usage Total Tokens,tokens,p99,120500.00
105,1780554087323170560,1780554088323170560,Usage Total Tokens,tokens,std,0.00
106,1780554138323170560,1780554139323170560,Active Decode Throughput,tokens/sec,avg,69.67
106,1780554138323170560,1780554139323170560,Active Decode Throughput,tokens/sec,min,44.00
106,1780554138323170560,1780554139323170560,Active Decode Throughput,tokens/sec,max,91.86
106,1780554138323170560,1780554139323170560,Active Decode Throughput,tokens/sec,p50,75.29
106,1780554138323170560,1780554139323170560,Active Decode Throughput,tokens/sec,p90,75.29
106,1780554138323170560,1780554139323170560,Active Decode Throughput,tokens/sec,p95,75.29
106,1780554138323170560,1780554139323170560,Active Decode Throughput,tokens/sec,p99,75.29
106,1780554138323170560,1780554139323170560,Active Decode Throughput,tokens/sec,std,7.85
106,1780554138323170560,1780554139323170560,Active Decode Throughput Per User,tokens/sec/user,avg,6.33
106,1780554138323170560,1780554139323170560,Active Decode Throughput Per User,tokens/sec/user,min,4.00
106,1780554138323170560,1780554139323170560,Active Decode Throughput Per User,tokens/sec/user,max,8.35
106,1780554138323170560,1780554139323170560,Active Decode Throughput Per User,tokens/sec/user,p50,6.84
106,1780554138323170560,1780554139323170560,Active Decode Throughput Per User,tokens/sec/user,p90,6.84
106,1780554138323170560,1780554139323170560,Active Decode Throughput Per User,tokens/sec/user,p95,6.84
106,1780554138323170560,1780554139323170560,Active Decode Throughput Per User,tokens/sec/user,p99,6.84
106,1780554138323170560,1780554139323170560,Active Decode Throughput Per User,tokens/sec/user,std,0.71
106,1780554138323170560,1780554139323170560,Active Prefill Throughput,tokens/sec,avg,3452.05
106,1780554138323170560,1780554139323170560,Active Prefill Throughput,tokens/sec,min,1968.11
106,1780554138323170560,1780554139323170560,Active Prefill Throughput,tokens/sec,max,5009.86
106,1780554138323170560,1780554139323170560,Active Prefill Throughput,tokens/sec,p50,1968.11
106,1780554138323170560,1780554139323170560,Active Prefill Throughput,tokens/sec,p90,5009.86
106,1780554138323170560,1780554139323170560,Active Prefill Throughput,tokens/sec,p95,5009.86
106,1780554138323170560,1780554139323170560,Active Prefill Throughput,tokens/sec,p99,5009.86
106,1780554138323170560,1780554139323170560,Active Prefill Throughput,tokens/sec,std,1520.43
106,1780554138323170560,1780554139323170560,Active Prefill Throughput Per User,tokens/sec/user,avg,2230.00
106,1780554138323170560,1780554139323170560,Active Prefill Throughput Per User,tokens/sec/user,min,1968.11
106,1780554138323170560,1780554139323170560,Active Prefill Throughput Per User,tokens/sec/user,max,2504.93
106,1780554138323170560,1780554139323170560,Active Prefill Throughput Per User,tokens/sec/user,p50,1968.11
106,1780554138323170560,1780554139323170560,Active Prefill Throughput Per User,tokens/sec/user,p90,2504.93
106,1780554138323170560,1780554139323170560,Active Prefill Throughput Per User,tokens/sec/user,p95,2504.93
106,1780554138323170560,1780554139323170560,Active Prefill Throughput Per User,tokens/sec/user,p99,2504.93
106,1780554138323170560,1780554139323170560,Active Prefill Throughput Per User,tokens/sec/user,std,268.33
106,1780554138323170560,1780554139323170560,Active Total Throughput,tokens/sec,avg,3535.16
106,1780554138323170560,1780554139323170560,Active Total Throughput,tokens/sec,min,2051.22
106,1780554138323170560,1780554139323170560,Active Total Throughput,tokens/sec,max,5092.97
106,1780554138323170560,1780554139323170560,Active Total Throughput,tokens/sec,p50,2051.22
106,1780554138323170560,1780554139323170560,Active Total Throughput,tokens/sec,p90,5092.97
106,1780554138323170560,1780554139323170560,Active Total Throughput,tokens/sec,p95,5092.97
106,1780554138323170560,1780554139323170560,Active Total Throughput,tokens/sec,p99,5092.97
106,1780554138323170560,1780554139323170560,Active Total Throughput,tokens/sec,std,1520.43
106,1780554138323170560,1780554139323170560,Benchmark Duration,sec,avg,122.76
106,1780554138323170560,1780554139323170560,E2E Output Token Throughput,tokens/sec/user,avg,3.60
106,1780554138323170560,1780554139323170560,E2E Output Token Throughput,tokens/sec/user,min,3.60
106,1780554138323170560,1780554139323170560,E2E Output Token Throughput,tokens/sec/user,max,3.60
106,1780554138323170560,1780554139323170560,E2E Output Token Throughput,tokens/sec/user,sum,3.60
106,1780554138323170560,1780554139323170560,E2E Output Token Throughput,tokens/sec/user,p1,3.60
106,1780554138323170560,1780554139323170560,E2E Output Token Throughput,tokens/sec/user,p5,3.60
106,1780554138323170560,1780554139323170560,E2E Output Token Throughput,tokens/sec/user,p10,3.60
106,1780554138323170560,1780554139323170560,E2E Output Token Throughput,tokens/sec/user,p25,3.60
106,1780554138323170560,1780554139323170560,E2E Output Token Throughput,tokens/sec/user,p50,3.60
106,1780554138323170560,1780554139323170560,E2E Output Token Throughput,tokens/sec/user,p75,3.60
106,1780554138323170560,1780554139323170560,E2E Output Token Throughput,tokens/sec/user,p90,3.60
106,1780554138323170560,1780554139323170560,E2E Output Token Throughput,tokens/sec/user,p95,3.60
106,1780554138323170560,1780554139323170560,E2E Output Token Throughput,tokens/sec/user,p99,3.60
106,1780554138323170560,1780554139323170560,E2E Output Token Throughput,tokens/sec/user,std,0.00
106,1780554138323170560,1780554139323170560,Effective Concurrency,requests,avg,12.49
106,1780554138323170560,1780554139323170560,Effective Concurrency,requests,min,12.00
106,1780554138323170560,1780554139323170560,Effective Concurrency,requests,max,13.00
106,1780554138323170560,1780554139323170560,Effective Concurrency,requests,p50,12.00
106,1780554138323170560,1780554139323170560,Effective Concurrency,requests,p90,13.00
106,1780554138323170560,1780554139323170560,Effective Concurrency,requests,p95,13.00
106,1780554138323170560,1780554139323170560,Effective Concurrency,requests,p99,13.00
106,1780554138323170560,1780554139323170560,Effective Concurrency,requests,std,0.50
106,1780554138323170560,1780554139323170560,Effective Decode Concurrency,requests,avg,11.00
106,1780554138323170560,1780554139323170560,Effective Decode Concurrency,requests,min,11.00
106,1780554138323170560,1780554139323170560,Effective Decode Concurrency,requests,max,11.00
106,1780554138323170560,1780554139323170560,Effective Decode Concurrency,requests,p50,11.00
106,1780554138323170560,1780554139323170560,Effective Decode Concurrency,requests,p90,11.00
106,1780554138323170560,1780554139323170560,Effective Decode Concurrency,requests,p95,11.00
106,1780554138323170560,1780554139323170560,Effective Decode Concurrency,requests,p99,11.00
106,1780554138323170560,1780554139323170560,Effective Decode Concurrency,requests,std,0.00
106,1780554138323170560,1780554139323170560,Effective Decode Throughput,tokens/sec,avg,69.67
106,1780554138323170560,1780554139323170560,Effective Decode Throughput,tokens/sec,min,44.00
106,1780554138323170560,1780554139323170560,Effective Decode Throughput,tokens/sec,max,91.86
106,1780554138323170560,1780554139323170560,Effective Decode Throughput,tokens/sec,p50,75.29
106,1780554138323170560,1780554139323170560,Effective Decode Throughput,tokens/sec,p90,75.29
106,1780554138323170560,1780554139323170560,Effective Decode Throughput,tokens/sec,p95,75.29
106,1780554138323170560,1780554139323170560,Effective Decode Throughput,tokens/sec,p99,75.29
106,1780554138323170560,1780554139323170560,Effective Decode Throughput,tokens/sec,std,7.85
106,1780554138323170560,1780554139323170560,Effective Decode Throughput Per User,tokens/sec/user,avg,6.33
106,1780554138323170560,1780554139323170560,Effective Decode Throughput Per User,tokens/sec/user,min,4.00
106,1780554138323170560,1780554139323170560,Effective Decode Throughput Per User,tokens/sec/user,max,8.35
106,1780554138323170560,1780554139323170560,Effective Decode Throughput Per User,tokens/sec/user,p50,6.84
106,1780554138323170560,1780554139323170560,Effective Decode Throughput Per User,tokens/sec/user,p90,6.84
106,1780554138323170560,1780554139323170560,Effective Decode Throughput Per User,tokens/sec/user,p95,6.84
106,1780554138323170560,1780554139323170560,Effective Decode Throughput Per User,tokens/sec/user,p99,6.84
106,1780554138323170560,1780554139323170560,Effective Decode Throughput Per User,tokens/sec/user,std,0.71
106,1780554138323170560,1780554139323170560,Effective Prefill Concurrency,requests,avg,1.49
106,1780554138323170560,1780554139323170560,Effective Prefill Concurrency,requests,min,1.00
106,1780554138323170560,1780554139323170560,Effective Prefill Concurrency,requests,max,2.00
106,1780554138323170560,1780554139323170560,Effective Prefill Concurrency,requests,p50,1.00
106,1780554138323170560,1780554139323170560,Effective Prefill Concurrency,requests,p90,2.00
106,1780554138323170560,1780554139323170560,Effective Prefill Concurrency,requests,p95,2.00
106,1780554138323170560,1780554139323170560,Effective Prefill Concurrency,requests,p99,2.00
106,1780554138323170560,1780554139323170560,Effective Prefill Concurrency,requests,std,0.50
106,1780554138323170560,1780554139323170560,Effective Prefill Throughput,tokens/sec,avg,3452.05
106,1780554138323170560,1780554139323170560,Effective Prefill Throughput,tokens/sec,min,1968.11
106,1780554138323170560,1780554139323170560,Effective Prefill Throughput,tokens/sec,max,5009.86
106,1780554138323170560,1780554139323170560,Effective Prefill Throughput,tokens/sec,p50,1968.11
106,1780554138323170560,1780554139323170560,Effective Prefill Throughput,tokens/sec,p90,5009.86
106,1780554138323170560,1780554139323170560,Effective Prefill Throughput,tokens/sec,p95,5009.86
106,1780554138323170560,1780554139323170560,Effective Prefill Throughput,tokens/sec,p99,5009.86
106,1780554138323170560,1780554139323170560,Effective Prefill Throughput,tokens/sec,std,1520.43
106,1780554138323170560,1780554139323170560,Effective Prefill Throughput Per User,tokens/sec/user,avg,2230.00
106,1780554138323170560,1780554139323170560,Effective Prefill Throughput Per User,tokens/sec/user,min,1968.11
106,1780554138323170560,1780554139323170560,Effective Prefill Throughput Per User,tokens/sec/user,max,2504.93
106,1780554138323170560,1780554139323170560,Effective Prefill Throughput Per User,tokens/sec/user,p50,1968.11
106,1780554138323170560,1780554139323170560,Effective Prefill Throughput Per User,tokens/sec/user,p90,2504.93
106,1780554138323170560,1780554139323170560,Effective Prefill Throughput Per User,tokens/sec/user,p95,2504.93
106,1780554138323170560,1780554139323170560,Effective Prefill Throughput Per User,tokens/sec/user,p99,2504.93
106,1780554138323170560,1780554139323170560,Effective Prefill Throughput Per User,tokens/sec/user,std,268.33
106,1780554138323170560,1780554139323170560,Effective Total Throughput,tokens/sec,avg,3535.16
106,1780554138323170560,1780554139323170560,Effective Total Throughput,tokens/sec,min,2051.22
106,1780554138323170560,1780554139323170560,Effective Total Throughput,tokens/sec,max,5092.97
106,1780554138323170560,1780554139323170560,Effective Total Throughput,tokens/sec,p50,2051.22
106,1780554138323170560,1780554139323170560,Effective Total Throughput,tokens/sec,p90,5092.97
106,1780554138323170560,1780554139323170560,Effective Total Throughput,tokens/sec,p95,5092.97
106,1780554138323170560,1780554139323170560,Effective Total Throughput,tokens/sec,p99,5092.97
106,1780554138323170560,1780554139323170560,Effective Total Throughput,tokens/sec,std,1520.43
106,1780554138323170560,1780554139323170560,HTTP Blocked,ms,avg,0.00
106,1780554138323170560,1780554139323170560,HTTP Blocked,ms,min,0.00
106,1780554138323170560,1780554139323170560,HTTP Blocked,ms,max,0.00
106,1780554138323170560,1780554139323170560,HTTP Blocked,ms,sum,0.00
106,1780554138323170560,1780554139323170560,HTTP Blocked,ms,p1,0.00
106,1780554138323170560,1780554139323170560,HTTP Blocked,ms,p5,0.00
106,1780554138323170560,1780554139323170560,HTTP Blocked,ms,p10,0.00
106,1780554138323170560,1780554139323170560,HTTP Blocked,ms,p25,0.00
106,1780554138323170560,1780554139323170560,HTTP Blocked,ms,p50,0.00
106,1780554138323170560,1780554139323170560,HTTP Blocked,ms,p75,0.00
106,1780554138323170560,1780554139323170560,HTTP Blocked,ms,p90,0.00
106,1780554138323170560,1780554139323170560,HTTP Blocked,ms,p95,0.00
106,1780554138323170560,1780554139323170560,HTTP Blocked,ms,p99,0.00
106,1780554138323170560,1780554139323170560,HTTP Blocked,ms,std,0.00
106,1780554138323170560,1780554139323170560,HTTP Chunks Received,count,avg,442.00
106,1780554138323170560,1780554139323170560,HTTP Chunks Received,count,min,442.00
106,1780554138323170560,1780554139323170560,HTTP Chunks Received,count,max,442.00
106,1780554138323170560,1780554139323170560,HTTP Chunks Received,count,sum,442.00
106,1780554138323170560,1780554139323170560,HTTP Chunks Received,count,p1,442.00
106,1780554138323170560,1780554139323170560,HTTP Chunks Received,count,p5,442.00
106,1780554138323170560,1780554139323170560,HTTP Chunks Received,count,p10,442.00
106,1780554138323170560,1780554139323170560,HTTP Chunks Received,count,p25,442.00
106,1780554138323170560,1780554139323170560,HTTP Chunks Received,count,p50,442.00
106,1780554138323170560,1780554139323170560,HTTP Chunks Received,count,p75,442.00
106,1780554138323170560,1780554139323170560,HTTP Chunks Received,count,p90,442.00
106,1780554138323170560,1780554139323170560,HTTP Chunks Received,count,p95,442.00
106,1780554138323170560,1780554139323170560,HTTP Chunks Received,count,p99,442.00
106,1780554138323170560,1780554139323170560,HTTP Chunks Received,count,std,0.00
106,1780554138323170560,1780554139323170560,HTTP Chunks Sent,count,avg,1.00
106,1780554138323170560,1780554139323170560,HTTP Chunks Sent,count,min,1.00
106,1780554138323170560,1780554139323170560,HTTP Chunks Sent,count,max,1.00
106,1780554138323170560,1780554139323170560,HTTP Chunks Sent,count,sum,1.00
106,1780554138323170560,1780554139323170560,HTTP Chunks Sent,count,p1,1.00
106,1780554138323170560,1780554139323170560,HTTP Chunks Sent,count,p5,1.00
106,1780554138323170560,1780554139323170560,HTTP Chunks Sent,count,p10,1.00
106,1780554138323170560,1780554139323170560,HTTP Chunks Sent,count,p25,1.00
106,1780554138323170560,1780554139323170560,HTTP Chunks Sent,count,p50,1.00
106,1780554138323170560,1780554139323170560,HTTP Chunks Sent,count,p75,1.00
106,1780554138323170560,1780554139323170560,HTTP Chunks Sent,count,p90,1.00
106,1780554138323170560,1780554139323170560,HTTP Chunks Sent,count,p95,1.00
106,1780554138323170560,1780554139323170560,HTTP Chunks Sent,count,p99,1.00
106,1780554138323170560,1780554139323170560,HTTP Chunks Sent,count,std,0.00
106,1780554138323170560,1780554139323170560,HTTP Connecting,ms,avg,0.66
106,1780554138323170560,1780554139323170560,HTTP Connecting,ms,min,0.66
106,1780554138323170560,1780554139323170560,HTTP Connecting,ms,max,0.66
106,1780554138323170560,1780554139323170560,HTTP Connecting,ms,sum,0.66
106,1780554138323170560,1780554139323170560,HTTP Connecting,ms,p1,0.66
106,1780554138323170560,1780554139323170560,HTTP Connecting,ms,p5,0.66
106,1780554138323170560,1780554139323170560,HTTP Connecting,ms,p10,0.66
106,1780554138323170560,1780554139323170560,HTTP Connecting,ms,p25,0.66
106,1780554138323170560,1780554139323170560,HTTP Connecting,ms,p50,0.66
106,1780554138323170560,1780554139323170560,HTTP Connecting,ms,p75,0.66
106,1780554138323170560,1780554139323170560,HTTP Connecting,ms,p90,0.66
106,1780554138323170560,1780554139323170560,HTTP Connecting,ms,p95,0.66
106,1780554138323170560,1780554139323170560,HTTP Connecting,ms,p99,0.66
106,1780554138323170560,1780554139323170560,HTTP Connecting,ms,std,0.00
106,1780554138323170560,1780554139323170560,HTTP Connection Overhead,ms,avg,0.66
106,1780554138323170560,1780554139323170560,HTTP Connection Overhead,ms,min,0.66
106,1780554138323170560,1780554139323170560,HTTP Connection Overhead,ms,max,0.66
106,1780554138323170560,1780554139323170560,HTTP Connection Overhead,ms,sum,0.66
106,1780554138323170560,1780554139323170560,HTTP Connection Overhead,ms,p1,0.66
106,1780554138323170560,1780554139323170560,HTTP Connection Overhead,ms,p5,0.66
106,1780554138323170560,1780554139323170560,HTTP Connection Overhead,ms,p10,0.66
106,1780554138323170560,1780554139323170560,HTTP Connection Overhead,ms,p25,0.66
106,1780554138323170560,1780554139323170560,HTTP Connection Overhead,ms,p50,0.66
106,1780554138323170560,1780554139323170560,HTTP Connection Overhead,ms,p75,0.66
106,1780554138323170560,1780554139323170560,HTTP Connection Overhead,ms,p90,0.66
106,1780554138323170560,1780554139323170560,HTTP Connection Overhead,ms,p95,0.66
106,1780554138323170560,1780554139323170560,HTTP Connection Overhead,ms,p99,0.66
106,1780554138323170560,1780554139323170560,HTTP Connection Overhead,ms,std,0.00
106,1780554138323170560,1780554139323170560,HTTP Connection Reused,ratio,avg,0.00
106,1780554138323170560,1780554139323170560,HTTP Connection Reused,ratio,min,0.00
106,1780554138323170560,1780554139323170560,HTTP Connection Reused,ratio,max,0.00
106,1780554138323170560,1780554139323170560,HTTP Connection Reused,ratio,sum,0.00
106,1780554138323170560,1780554139323170560,HTTP Connection Reused,ratio,p1,0.00
106,1780554138323170560,1780554139323170560,HTTP Connection Reused,ratio,p5,0.00
106,1780554138323170560,1780554139323170560,HTTP Connection Reused,ratio,p10,0.00
106,1780554138323170560,1780554139323170560,HTTP Connection Reused,ratio,p25,0.00
106,1780554138323170560,1780554139323170560,HTTP Connection Reused,ratio,p50,0.00
106,1780554138323170560,1780554139323170560,HTTP Connection Reused,ratio,p75,0.00
106,1780554138323170560,1780554139323170560,HTTP Connection Reused,ratio,p90,0.00
106,1780554138323170560,1780554139323170560,HTTP Connection Reused,ratio,p95,0.00
106,1780554138323170560,1780554139323170560,HTTP Connection Reused,ratio,p99,0.00
106,1780554138323170560,1780554139323170560,HTTP Connection Reused,ratio,std,0.00
106,1780554138323170560,1780554139323170560,HTTP Data Received,KB,avg,110.67
106,1780554138323170560,1780554139323170560,HTTP Data Received,KB,min,110.67
106,1780554138323170560,1780554139323170560,HTTP Data Received,KB,max,110.67
106,1780554138323170560,1780554139323170560,HTTP Data Received,KB,sum,110.67
106,1780554138323170560,1780554139323170560,HTTP Data Received,KB,p1,110.67
106,1780554138323170560,1780554139323170560,HTTP Data Received,KB,p5,110.67
106,1780554138323170560,1780554139323170560,HTTP Data Received,KB,p10,110.67
106,1780554138323170560,1780554139323170560,HTTP Data Received,KB,p25,110.67
106,1780554138323170560,1780554139323170560,HTTP Data Received,KB,p50,110.67
106,1780554138323170560,1780554139323170560,HTTP Data Received,KB,p75,110.67
106,1780554138323170560,1780554139323170560,HTTP Data Received,KB,p90,110.67
106,1780554138323170560,1780554139323170560,HTTP Data Received,KB,p95,110.67
106,1780554138323170560,1780554139323170560,HTTP Data Received,KB,p99,110.67
106,1780554138323170560,1780554139323170560,HTTP Data Received,KB,std,0.00
106,1780554138323170560,1780554139323170560,HTTP Data Sent,KB,avg,491.36
106,1780554138323170560,1780554139323170560,HTTP Data Sent,KB,min,491.36
106,1780554138323170560,1780554139323170560,HTTP Data Sent,KB,max,491.36
106,1780554138323170560,1780554139323170560,HTTP Data Sent,KB,sum,491.36
106,1780554138323170560,1780554139323170560,HTTP Data Sent,KB,p1,491.36
106,1780554138323170560,1780554139323170560,HTTP Data Sent,KB,p5,491.36
106,1780554138323170560,1780554139323170560,HTTP Data Sent,KB,p10,491.36
106,1780554138323170560,1780554139323170560,HTTP Data Sent,KB,p25,491.36
106,1780554138323170560,1780554139323170560,HTTP Data Sent,KB,p50,491.36
106,1780554138323170560,1780554139323170560,HTTP Data Sent,KB,p75,491.36
106,1780554138323170560,1780554139323170560,HTTP Data Sent,KB,p90,491.36
106,1780554138323170560,1780554139323170560,HTTP Data Sent,KB,p95,491.36
106,1780554138323170560,1780554139323170560,HTTP Data Sent,KB,p99,491.36
106,1780554138323170560,1780554139323170560,HTTP Data Sent,KB,std,0.00
106,1780554138323170560,1780554139323170560,HTTP DNS Lookup,ms,avg,0.00
106,1780554138323170560,1780554139323170560,HTTP DNS Lookup,ms,min,0.00
106,1780554138323170560,1780554139323170560,HTTP DNS Lookup,ms,max,0.00
106,1780554138323170560,1780554139323170560,HTTP DNS Lookup,ms,sum,0.00
106,1780554138323170560,1780554139323170560,HTTP DNS Lookup,ms,p1,0.00
106,1780554138323170560,1780554139323170560,HTTP DNS Lookup,ms,p5,0.00
106,1780554138323170560,1780554139323170560,HTTP DNS Lookup,ms,p10,0.00
106,1780554138323170560,1780554139323170560,HTTP DNS Lookup,ms,p25,0.00
106,1780554138323170560,1780554139323170560,HTTP DNS Lookup,ms,p50,0.00
106,1780554138323170560,1780554139323170560,HTTP DNS Lookup,ms,p75,0.00
106,1780554138323170560,1780554139323170560,HTTP DNS Lookup,ms,p90,0.00
106,1780554138323170560,1780554139323170560,HTTP DNS Lookup,ms,p95,0.00
106,1780554138323170560,1780554139323170560,HTTP DNS Lookup,ms,p99,0.00
106,1780554138323170560,1780554139323170560,HTTP DNS Lookup,ms,std,0.00
106,1780554138323170560,1780554139323170560,HTTP Duration (excl. conn),ms,avg,122755.65
106,1780554138323170560,1780554139323170560,HTTP Duration (excl. conn),ms,min,122755.65
106,1780554138323170560,1780554139323170560,HTTP Duration (excl. conn),ms,max,122755.65
106,1780554138323170560,1780554139323170560,HTTP Duration (excl. conn),ms,sum,122755.65
106,1780554138323170560,1780554139323170560,HTTP Duration (excl. conn),ms,p1,122755.65
106,1780554138323170560,1780554139323170560,HTTP Duration (excl. conn),ms,p5,122755.65
106,1780554138323170560,1780554139323170560,HTTP Duration (excl. conn),ms,p10,122755.65
106,1780554138323170560,1780554139323170560,HTTP Duration (excl. conn),ms,p25,122755.65
106,1780554138323170560,1780554139323170560,HTTP Duration (excl. conn),ms,p50,122755.65
106,1780554138323170560,1780554139323170560,HTTP Duration (excl. conn),ms,p75,122755.65
106,1780554138323170560,1780554139323170560,HTTP Duration (excl. conn),ms,p90,122755.65
106,1780554138323170560,1780554139323170560,HTTP Duration (excl. conn),ms,p95,122755.65
106,1780554138323170560,1780554139323170560,HTTP Duration (excl. conn),ms,p99,122755.65
106,1780554138323170560,1780554139323170560,HTTP Duration (excl. conn),ms,std,0.00
106,1780554138323170560,1780554139323170560,HTTP Receiving,ms,avg,81469.42
106,1780554138323170560,1780554139323170560,HTTP Receiving,ms,min,81469.42
106,1780554138323170560,1780554139323170560,HTTP Receiving,ms,max,81469.42
106,1780554138323170560,1780554139323170560,HTTP Receiving,ms,sum,81469.42
106,1780554138323170560,1780554139323170560,HTTP Receiving,ms,p1,81469.42
106,1780554138323170560,1780554139323170560,HTTP Receiving,ms,p5,81469.42
106,1780554138323170560,1780554139323170560,HTTP Receiving,ms,p10,81469.42
106,1780554138323170560,1780554139323170560,HTTP Receiving,ms,p25,81469.42
106,1780554138323170560,1780554139323170560,HTTP Receiving,ms,p50,81469.42
106,1780554138323170560,1780554139323170560,HTTP Receiving,ms,p75,81469.42
106,1780554138323170560,1780554139323170560,HTTP Receiving,ms,p90,81469.42
106,1780554138323170560,1780554139323170560,HTTP Receiving,ms,p95,81469.42
106,1780554138323170560,1780554139323170560,HTTP Receiving,ms,p99,81469.42
106,1780554138323170560,1780554139323170560,HTTP Receiving,ms,std,0.00
106,1780554138323170560,1780554139323170560,HTTP Sending,ms,avg,0.95
106,1780554138323170560,1780554139323170560,HTTP Sending,ms,min,0.95
106,1780554138323170560,1780554139323170560,HTTP Sending,ms,max,0.95
106,1780554138323170560,1780554139323170560,HTTP Sending,ms,sum,0.95
106,1780554138323170560,1780554139323170560,HTTP Sending,ms,p1,0.95
106,1780554138323170560,1780554139323170560,HTTP Sending,ms,p5,0.95
106,1780554138323170560,1780554139323170560,HTTP Sending,ms,p10,0.95
106,1780554138323170560,1780554139323170560,HTTP Sending,ms,p25,0.95
106,1780554138323170560,1780554139323170560,HTTP Sending,ms,p50,0.95
106,1780554138323170560,1780554139323170560,HTTP Sending,ms,p75,0.95
106,1780554138323170560,1780554139323170560,HTTP Sending,ms,p90,0.95
106,1780554138323170560,1780554139323170560,HTTP Sending,ms,p95,0.95
106,1780554138323170560,1780554139323170560,HTTP Sending,ms,p99,0.95
106,1780554138323170560,1780554139323170560,HTTP Sending,ms,std,0.00
106,1780554138323170560,1780554139323170560,HTTP Total Time,ms,avg,122756.31
106,1780554138323170560,1780554139323170560,HTTP Total Time,ms,min,122756.31
106,1780554138323170560,1780554139323170560,HTTP Total Time,ms,max,122756.31
106,1780554138323170560,1780554139323170560,HTTP Total Time,ms,sum,122756.31
106,1780554138323170560,1780554139323170560,HTTP Total Time,ms,p1,122756.31
106,1780554138323170560,1780554139323170560,HTTP Total Time,ms,p5,122756.31
106,1780554138323170560,1780554139323170560,HTTP Total Time,ms,p10,122756.31
106,1780554138323170560,1780554139323170560,HTTP Total Time,ms,p25,122756.31
106,1780554138323170560,1780554139323170560,HTTP Total Time,ms,p50,122756.31
106,1780554138323170560,1780554139323170560,HTTP Total Time,ms,p75,122756.31
106,1780554138323170560,1780554139323170560,HTTP Total Time,ms,p90,122756.31
106,1780554138323170560,1780554139323170560,HTTP Total Time,ms,p95,122756.31
106,1780554138323170560,1780554139323170560,HTTP Total Time,ms,p99,122756.31
106,1780554138323170560,1780554139323170560,HTTP Total Time,ms,std,0.00
106,1780554138323170560,1780554139323170560,HTTP Waiting (TTFB),ms,avg,41285.28
106,1780554138323170560,1780554139323170560,HTTP Waiting (TTFB),ms,min,41285.28
106,1780554138323170560,1780554139323170560,HTTP Waiting (TTFB),ms,max,41285.28
106,1780554138323170560,1780554139323170560,HTTP Waiting (TTFB),ms,sum,41285.28
106,1780554138323170560,1780554139323170560,HTTP Waiting (TTFB),ms,p1,41285.28
106,1780554138323170560,1780554139323170560,HTTP Waiting (TTFB),ms,p5,41285.28
106,1780554138323170560,1780554139323170560,HTTP Waiting (TTFB),ms,p10,41285.28
106,1780554138323170560,1780554139323170560,HTTP Waiting (TTFB),ms,p25,41285.28
106,1780554138323170560,1780554139323170560,HTTP Waiting (TTFB),ms,p50,41285.28
106,1780554138323170560,1780554139323170560,HTTP Waiting (TTFB),ms,p75,41285.28
106,1780554138323170560,1780554139323170560,HTTP Waiting (TTFB),ms,p90,41285.28
106,1780554138323170560,1780554139323170560,HTTP Waiting (TTFB),ms,p95,41285.28
106,1780554138323170560,1780554139323170560,HTTP Waiting (TTFB),ms,p99,41285.28
106,1780554138323170560,1780554139323170560,HTTP Waiting (TTFB),ms,std,0.00
106,1780554138323170560,1780554139323170560,Input Sequence Length,tokens,avg,125583.00
106,1780554138323170560,1780554139323170560,Input Sequence Length,tokens,min,125583.00
106,1780554138323170560,1780554139323170560,Input Sequence Length,tokens,max,125583.00
106,1780554138323170560,1780554139323170560,Input Sequence Length,tokens,sum,125583.00
106,1780554138323170560,1780554139323170560,Input Sequence Length,tokens,p1,125583.00
106,1780554138323170560,1780554139323170560,Input Sequence Length,tokens,p5,125583.00
106,1780554138323170560,1780554139323170560,Input Sequence Length,tokens,p10,125583.00
106,1780554138323170560,1780554139323170560,Input Sequence Length,tokens,p25,125583.00
106,1780554138323170560,1780554139323170560,Input Sequence Length,tokens,p50,125583.00
106,1780554138323170560,1780554139323170560,Input Sequence Length,tokens,p75,125583.00
106,1780554138323170560,1780554139323170560,Input Sequence Length,tokens,p90,125583.00
106,1780554138323170560,1780554139323170560,Input Sequence Length,tokens,p95,125583.00
106,1780554138323170560,1780554139323170560,Input Sequence Length,tokens,p99,125583.00
106,1780554138323170560,1780554139323170560,Input Sequence Length,tokens,std,0.00
106,1780554138323170560,1780554139323170560,Input Token Throughput,tokens/sec,avg,125583.00
106,1780554138323170560,1780554139323170560,Inter Chunk Latency,ms,avg,68.04
106,1780554138323170560,1780554139323170560,Inter Chunk Latency,ms,min,68.03
106,1780554138323170560,1780554139323170560,Inter Chunk Latency,ms,max,68.04
106,1780554138323170560,1780554139323170560,Inter Chunk Latency,ms,sum,30003.89
106,1780554138323170560,1780554139323170560,Inter Chunk Latency,ms,p1,68.03
106,1780554138323170560,1780554139323170560,Inter Chunk Latency,ms,p5,68.03
106,1780554138323170560,1780554139323170560,Inter Chunk Latency,ms,p10,68.03
106,1780554138323170560,1780554139323170560,Inter Chunk Latency,ms,p25,68.03
106,1780554138323170560,1780554139323170560,Inter Chunk Latency,ms,p50,68.04
106,1780554138323170560,1780554139323170560,Inter Chunk Latency,ms,p75,68.04
106,1780554138323170560,1780554139323170560,Inter Chunk Latency,ms,p90,68.04
106,1780554138323170560,1780554139323170560,Inter Chunk Latency,ms,p95,68.04
106,1780554138323170560,1780554139323170560,Inter Chunk Latency,ms,p99,68.04
106,1780554138323170560,1780554139323170560,Inter Chunk Latency,ms,std,0.00
106,1780554138323170560,1780554139323170560,Inter Token Latency,ms,avg,184.74
106,1780554138323170560,1780554139323170560,Inter Token Latency,ms,min,184.74
106,1780554138323170560,1780554139323170560,Inter Token Latency,ms,max,184.74
106,1780554138323170560,1780554139323170560,Inter Token Latency,ms,sum,184.74
106,1780554138323170560,1780554139323170560,Inter Token Latency,ms,p1,184.74
106,1780554138323170560,1780554139323170560,Inter Token Latency,ms,p5,184.74
106,1780554138323170560,1780554139323170560,Inter Token Latency,ms,p10,184.74
106,1780554138323170560,1780554139323170560,Inter Token Latency,ms,p25,184.74
106,1780554138323170560,1780554139323170560,Inter Token Latency,ms,p50,184.74
106,1780554138323170560,1780554139323170560,Inter Token Latency,ms,p75,184.74
106,1780554138323170560,1780554139323170560,Inter Token Latency,ms,p90,184.74
106,1780554138323170560,1780554139323170560,Inter Token Latency,ms,p95,184.74
106,1780554138323170560,1780554139323170560,Inter Token Latency,ms,p99,184.74
106,1780554138323170560,1780554139323170560,Inter Token Latency,ms,std,0.00
106,1780554138323170560,1780554139323170560,Maximum Response Timestamp,ns,avg,1780554261591077120.00
106,1780554138323170560,1780554139323170560,Minimum Request Timestamp,ns,avg,1780554138835313920.00
106,1780554138323170560,1780554139323170560,OSL Mismatch Count,requests,avg,0.00
106,1780554138323170560,1780554139323170560,OSL Mismatch Diff %,%,avg,0.00
106,1780554138323170560,1780554139323170560,OSL Mismatch Diff %,%,min,0.00
106,1780554138323170560,1780554139323170560,OSL Mismatch Diff %,%,max,0.00
106,1780554138323170560,1780554139323170560,OSL Mismatch Diff %,%,sum,0.00
106,1780554138323170560,1780554139323170560,OSL Mismatch Diff %,%,p1,0.00
106,1780554138323170560,1780554139323170560,OSL Mismatch Diff %,%,p5,0.00
106,1780554138323170560,1780554139323170560,OSL Mismatch Diff %,%,p10,0.00
106,1780554138323170560,1780554139323170560,OSL Mismatch Diff %,%,p25,0.00
106,1780554138323170560,1780554139323170560,OSL Mismatch Diff %,%,p50,0.00
106,1780554138323170560,1780554139323170560,OSL Mismatch Diff %,%,p75,0.00
106,1780554138323170560,1780554139323170560,OSL Mismatch Diff %,%,p90,0.00
106,1780554138323170560,1780554139323170560,OSL Mismatch Diff %,%,p95,0.00
106,1780554138323170560,1780554139323170560,OSL Mismatch Diff %,%,p99,0.00
106,1780554138323170560,1780554139323170560,OSL Mismatch Diff %,%,std,0.00
106,1780554138323170560,1780554139323170560,Output Sequence Length,tokens,avg,442.00
106,1780554138323170560,1780554139323170560,Output Sequence Length,tokens,min,442.00
106,1780554138323170560,1780554139323170560,Output Sequence Length,tokens,max,442.00
106,1780554138323170560,1780554139323170560,Output Sequence Length,tokens,sum,442.00
106,1780554138323170560,1780554139323170560,Output Sequence Length,tokens,p1,442.00
106,1780554138323170560,1780554139323170560,Output Sequence Length,tokens,p5,442.00
106,1780554138323170560,1780554139323170560,Output Sequence Length,tokens,p10,442.00
106,1780554138323170560,1780554139323170560,Output Sequence Length,tokens,p25,442.00
106,1780554138323170560,1780554139323170560,Output Sequence Length,tokens,p50,442.00
106,1780554138323170560,1780554139323170560,Output Sequence Length,tokens,p75,442.00
106,1780554138323170560,1780554139323170560,Output Sequence Length,tokens,p90,442.00
106,1780554138323170560,1780554139323170560,Output Sequence Length,tokens,p95,442.00
106,1780554138323170560,1780554139323170560,Output Sequence Length,tokens,p99,442.00
106,1780554138323170560,1780554139323170560,Output Sequence Length,tokens,std,0.00
106,1780554138323170560,1780554139323170560,Output Token Count,tokens,avg,442.00
106,1780554138323170560,1780554139323170560,Output Token Count,tokens,min,442.00
106,1780554138323170560,1780554139323170560,Output Token Count,tokens,max,442.00
106,1780554138323170560,1780554139323170560,Output Token Count,tokens,sum,442.00
106,1780554138323170560,1780554139323170560,Output Token Count,tokens,p1,442.00
106,1780554138323170560,1780554139323170560,Output Token Count,tokens,p5,442.00
106,1780554138323170560,1780554139323170560,Output Token Count,tokens,p10,442.00
106,1780554138323170560,1780554139323170560,Output Token Count,tokens,p25,442.00
106,1780554138323170560,1780554139323170560,Output Token Count,tokens,p50,442.00
106,1780554138323170560,1780554139323170560,Output Token Count,tokens,p75,442.00
106,1780554138323170560,1780554139323170560,Output Token Count,tokens,p90,442.00
106,1780554138323170560,1780554139323170560,Output Token Count,tokens,p95,442.00
106,1780554138323170560,1780554139323170560,Output Token Count,tokens,p99,442.00
106,1780554138323170560,1780554139323170560,Output Token Count,tokens,std,0.00
106,1780554138323170560,1780554139323170560,Output Token Throughput,tokens/sec,avg,442.00
106,1780554138323170560,1780554139323170560,Output Token Throughput Per User,tokens/sec/user,avg,5.41
106,1780554138323170560,1780554139323170560,Output Token Throughput Per User,tokens/sec/user,min,5.41
106,1780554138323170560,1780554139323170560,Output Token Throughput Per User,tokens/sec/user,max,5.41
106,1780554138323170560,1780554139323170560,Output Token Throughput Per User,tokens/sec/user,sum,5.41
106,1780554138323170560,1780554139323170560,Output Token Throughput Per User,tokens/sec/user,p1,5.41
106,1780554138323170560,1780554139323170560,Output Token Throughput Per User,tokens/sec/user,p5,5.41
106,1780554138323170560,1780554139323170560,Output Token Throughput Per User,tokens/sec/user,p10,5.41
106,1780554138323170560,1780554139323170560,Output Token Throughput Per User,tokens/sec/user,p25,5.41
106,1780554138323170560,1780554139323170560,Output Token Throughput Per User,tokens/sec/user,p50,5.41
106,1780554138323170560,1780554139323170560,Output Token Throughput Per User,tokens/sec/user,p75,5.41
106,1780554138323170560,1780554139323170560,Output Token Throughput Per User,tokens/sec/user,p90,5.41
106,1780554138323170560,1780554139323170560,Output Token Throughput Per User,tokens/sec/user,p95,5.41
106,1780554138323170560,1780554139323170560,Output Token Throughput Per User,tokens/sec/user,p99,5.41
106,1780554138323170560,1780554139323170560,Output Token Throughput Per User,tokens/sec/user,std,0.00
106,1780554138323170560,1780554139323170560,Prefill Throughput Per User,tokens/sec/user,avg,3041.76
106,1780554138323170560,1780554139323170560,Prefill Throughput Per User,tokens/sec/user,min,3041.76
106,1780554138323170560,1780554139323170560,Prefill Throughput Per User,tokens/sec/user,max,3041.76
106,1780554138323170560,1780554139323170560,Prefill Throughput Per User,tokens/sec/user,sum,3041.76
106,1780554138323170560,1780554139323170560,Prefill Throughput Per User,tokens/sec/user,p1,3041.76
106,1780554138323170560,1780554139323170560,Prefill Throughput Per User,tokens/sec/user,p5,3041.76
106,1780554138323170560,1780554139323170560,Prefill Throughput Per User,tokens/sec/user,p10,3041.76
106,1780554138323170560,1780554139323170560,Prefill Throughput Per User,tokens/sec/user,p25,3041.76
106,1780554138323170560,1780554139323170560,Prefill Throughput Per User,tokens/sec/user,p50,3041.76
106,1780554138323170560,1780554139323170560,Prefill Throughput Per User,tokens/sec/user,p75,3041.76
106,1780554138323170560,1780554139323170560,Prefill Throughput Per User,tokens/sec/user,p90,3041.76
106,1780554138323170560,1780554139323170560,Prefill Throughput Per User,tokens/sec/user,p95,3041.76
106,1780554138323170560,1780554139323170560,Prefill Throughput Per User,tokens/sec/user,p99,3041.76
106,1780554138323170560,1780554139323170560,Prefill Throughput Per User,tokens/sec/user,std,0.00
106,1780554138323170560,1780554139323170560,Request Count,requests,avg,1.00
106,1780554138323170560,1780554139323170560,Request Latency,ms,avg,122755.76
106,1780554138323170560,1780554139323170560,Request Latency,ms,min,122755.76
106,1780554138323170560,1780554139323170560,Request Latency,ms,max,122755.76
106,1780554138323170560,1780554139323170560,Request Latency,ms,sum,122755.76
106,1780554138323170560,1780554139323170560,Request Latency,ms,p1,122755.76
106,1780554138323170560,1780554139323170560,Request Latency,ms,p5,122755.76
106,1780554138323170560,1780554139323170560,Request Latency,ms,p10,122755.76
106,1780554138323170560,1780554139323170560,Request Latency,ms,p25,122755.76
106,1780554138323170560,1780554139323170560,Request Latency,ms,p50,122755.76
106,1780554138323170560,1780554139323170560,Request Latency,ms,p75,122755.76
106,1780554138323170560,1780554139323170560,Request Latency,ms,p90,122755.76
106,1780554138323170560,1780554139323170560,Request Latency,ms,p95,122755.76
106,1780554138323170560,1780554139323170560,Request Latency,ms,p99,122755.76
106,1780554138323170560,1780554139323170560,Request Latency,ms,std,0.00
106,1780554138323170560,1780554139323170560,Request Throughput,requests/sec,avg,1.00
106,1780554138323170560,1780554139323170560,Requested OSL,tokens,avg,442.00
106,1780554138323170560,1780554139323170560,Requested OSL,tokens,min,442.00
106,1780554138323170560,1780554139323170560,Requested OSL,tokens,max,442.00
106,1780554138323170560,1780554139323170560,Requested OSL,tokens,sum,442.00
106,1780554138323170560,1780554139323170560,Requested OSL,tokens,p1,442.00
106,1780554138323170560,1780554139323170560,Requested OSL,tokens,p5,442.00
106,1780554138323170560,1780554139323170560,Requested OSL,tokens,p10,442.00
106,1780554138323170560,1780554139323170560,Requested OSL,tokens,p25,442.00
106,1780554138323170560,1780554139323170560,Requested OSL,tokens,p50,442.00
106,1780554138323170560,1780554139323170560,Requested OSL,tokens,p75,442.00
106,1780554138323170560,1780554139323170560,Requested OSL,tokens,p90,442.00
106,1780554138323170560,1780554139323170560,Requested OSL,tokens,p95,442.00
106,1780554138323170560,1780554139323170560,Requested OSL,tokens,p99,442.00
106,1780554138323170560,1780554139323170560,Requested OSL,tokens,std,0.00
106,1780554138323170560,1780554139323170560,Time to First Output Token,ms,avg,41286.36
106,1780554138323170560,1780554139323170560,Time to First Output Token,ms,min,41286.36
106,1780554138323170560,1780554139323170560,Time to First Output Token,ms,max,41286.36
106,1780554138323170560,1780554139323170560,Time to First Output Token,ms,sum,41286.36
106,1780554138323170560,1780554139323170560,Time to First Output Token,ms,p1,41286.36
106,1780554138323170560,1780554139323170560,Time to First Output Token,ms,p5,41286.36
106,1780554138323170560,1780554139323170560,Time to First Output Token,ms,p10,41286.36
106,1780554138323170560,1780554139323170560,Time to First Output Token,ms,p25,41286.36
106,1780554138323170560,1780554139323170560,Time to First Output Token,ms,p50,41286.36
106,1780554138323170560,1780554139323170560,Time to First Output Token,ms,p75,41286.36
106,1780554138323170560,1780554139323170560,Time to First Output Token,ms,p90,41286.36
106,1780554138323170560,1780554139323170560,Time to First Output Token,ms,p95,41286.36
106,1780554138323170560,1780554139323170560,Time to First Output Token,ms,p99,41286.36
106,1780554138323170560,1780554139323170560,Time to First Output Token,ms,std,0.00
106,1780554138323170560,1780554139323170560,Time to First Token,ms,avg,41286.36
106,1780554138323170560,1780554139323170560,Time to First Token,ms,min,41286.36
106,1780554138323170560,1780554139323170560,Time to First Token,ms,max,41286.36
106,1780554138323170560,1780554139323170560,Time to First Token,ms,sum,41286.36
106,1780554138323170560,1780554139323170560,Time to First Token,ms,p1,41286.36
106,1780554138323170560,1780554139323170560,Time to First Token,ms,p5,41286.36
106,1780554138323170560,1780554139323170560,Time to First Token,ms,p10,41286.36
106,1780554138323170560,1780554139323170560,Time to First Token,ms,p25,41286.36
106,1780554138323170560,1780554139323170560,Time to First Token,ms,p50,41286.36
106,1780554138323170560,1780554139323170560,Time to First Token,ms,p75,41286.36
106,1780554138323170560,1780554139323170560,Time to First Token,ms,p90,41286.36
106,1780554138323170560,1780554139323170560,Time to First Token,ms,p95,41286.36
106,1780554138323170560,1780554139323170560,Time to First Token,ms,p99,41286.36
106,1780554138323170560,1780554139323170560,Time to First Token,ms,std,0.00
106,1780554138323170560,1780554139323170560,Time to Second Token,ms,avg,0.60
106,1780554138323170560,1780554139323170560,Time to Second Token,ms,min,0.60
106,1780554138323170560,1780554139323170560,Time to Second Token,ms,max,0.60
106,1780554138323170560,1780554139323170560,Time to Second Token,ms,sum,0.60
106,1780554138323170560,1780554139323170560,Time to Second Token,ms,p1,0.60
106,1780554138323170560,1780554139323170560,Time to Second Token,ms,p5,0.60
106,1780554138323170560,1780554139323170560,Time to Second Token,ms,p10,0.60
106,1780554138323170560,1780554139323170560,Time to Second Token,ms,p25,0.60
106,1780554138323170560,1780554139323170560,Time to Second Token,ms,p50,0.60
106,1780554138323170560,1780554139323170560,Time to Second Token,ms,p75,0.60
106,1780554138323170560,1780554139323170560,Time to Second Token,ms,p90,0.60
106,1780554138323170560,1780554139323170560,Time to Second Token,ms,p95,0.60
106,1780554138323170560,1780554139323170560,Time to Second Token,ms,p99,0.60
106,1780554138323170560,1780554139323170560,Time to Second Token,ms,std,0.00
106,1780554138323170560,1780554139323170560,Tokens In Flight,tokens,avg,1348766.94
106,1780554138323170560,1780554139323170560,Tokens In Flight,tokens,min,1287464.33
106,1780554138323170560,1780554139323170560,Tokens In Flight,tokens,max,1413117.70
106,1780554138323170560,1780554139323170560,Tokens In Flight,tokens,p50,1287500.26
106,1780554138323170560,1780554139323170560,Tokens In Flight,tokens,p90,1413110.69
106,1780554138323170560,1780554139323170560,Tokens In Flight,tokens,p95,1413114.70
106,1780554138323170560,1780554139323170560,Tokens In Flight,tokens,p99,1413115.70
106,1780554138323170560,1780554139323170560,Tokens In Flight,tokens,std,62791.02
106,1780554138323170560,1780554139323170560,Total Input Sequence Length,tokens,avg,125583.00
106,1780554138323170560,1780554139323170560,Total Output Sequence Length,tokens,avg,442.00
106,1780554138323170560,1780554139323170560,Total Output Tokens,tokens,avg,442.00
106,1780554138323170560,1780554139323170560,Total Token Throughput,tokens/sec,avg,126025.00
106,1780554138323170560,1780554139323170560,Total Usage Completion Tokens,tokens,avg,442.00
106,1780554138323170560,1780554139323170560,Total Usage Prompt Tokens,tokens,avg,125583.00
106,1780554138323170560,1780554139323170560,Total Usage Total Tokens,tokens,avg,126025.00
106,1780554138323170560,1780554139323170560,Usage Completion Tokens,tokens,avg,442.00
106,1780554138323170560,1780554139323170560,Usage Completion Tokens,tokens,min,442.00
106,1780554138323170560,1780554139323170560,Usage Completion Tokens,tokens,max,442.00
106,1780554138323170560,1780554139323170560,Usage Completion Tokens,tokens,sum,442.00
106,1780554138323170560,1780554139323170560,Usage Completion Tokens,tokens,p1,442.00
106,1780554138323170560,1780554139323170560,Usage Completion Tokens,tokens,p5,442.00
106,1780554138323170560,1780554139323170560,Usage Completion Tokens,tokens,p10,442.00
106,1780554138323170560,1780554139323170560,Usage Completion Tokens,tokens,p25,442.00
106,1780554138323170560,1780554139323170560,Usage Completion Tokens,tokens,p50,442.00
106,1780554138323170560,1780554139323170560,Usage Completion Tokens,tokens,p75,442.00
106,1780554138323170560,1780554139323170560,Usage Completion Tokens,tokens,p90,442.00
106,1780554138323170560,1780554139323170560,Usage Completion Tokens,tokens,p95,442.00
106,1780554138323170560,1780554139323170560,Usage Completion Tokens,tokens,p99,442.00
106,1780554138323170560,1780554139323170560,Usage Completion Tokens,tokens,std,0.00
106,1780554138323170560,1780554139323170560,Usage Prompt Tokens,tokens,avg,125583.00
106,1780554138323170560,1780554139323170560,Usage Prompt Tokens,tokens,min,125583.00
106,1780554138323170560,1780554139323170560,Usage Prompt Tokens,tokens,max,125583.00
106,1780554138323170560,1780554139323170560,Usage Prompt Tokens,tokens,sum,125583.00
106,1780554138323170560,1780554139323170560,Usage Prompt Tokens,tokens,p1,125583.00
106,1780554138323170560,1780554139323170560,Usage Prompt Tokens,tokens,p5,125583.00
106,1780554138323170560,1780554139323170560,Usage Prompt Tokens,tokens,p10,125583.00
106,1780554138323170560,1780554139323170560,Usage Prompt Tokens,tokens,p25,125583.00
106,1780554138323170560,1780554139323170560,Usage Prompt Tokens,tokens,p50,125583.00
106,1780554138323170560,1780554139323170560,Usage Prompt Tokens,tokens,p75,125583.00
106,1780554138323170560,1780554139323170560,Usage Prompt Tokens,tokens,p90,125583.00
106,1780554138323170560,1780554139323170560,Usage Prompt Tokens,tokens,p95,125583.00
106,1780554138323170560,1780554139323170560,Usage Prompt Tokens,tokens,p99,125583.00
106,1780554138323170560,1780554139323170560,Usage Prompt Tokens,tokens,std,0.00
106,1780554138323170560,1780554139323170560,Usage Total Tokens,tokens,avg,126025.00
106,1780554138323170560,1780554139323170560,Usage Total Tokens,tokens,min,126025.00
106,1780554138323170560,1780554139323170560,Usage Total Tokens,tokens,max,126025.00
106,1780554138323170560,1780554139323170560,Usage Total Tokens,tokens,sum,126025.00
106,1780554138323170560,1780554139323170560,Usage Total Tokens,tokens,p1,126025.00
106,1780554138323170560,1780554139323170560,Usage Total Tokens,tokens,p5,126025.00
106,1780554138323170560,1780554139323170560,Usage Total Tokens,tokens,p10,126025.00
106,1780554138323170560,1780554139323170560,Usage Total Tokens,tokens,p25,126025.00
106,1780554138323170560,1780554139323170560,Usage Total Tokens,tokens,p50,126025.00
106,1780554138323170560,1780554139323170560,Usage Total Tokens,tokens,p75,126025.00
106,1780554138323170560,1780554139323170560,Usage Total Tokens,tokens,p90,126025.00
106,1780554138323170560,1780554139323170560,Usage Total Tokens,tokens,p95,126025.00
106,1780554138323170560,1780554139323170560,Usage Total Tokens,tokens,p99,126025.00
106,1780554138323170560,1780554139323170560,Usage Total Tokens,tokens,std,0.00
107,1780554148323170560,1780554149323170560,Active Decode Throughput,tokens/sec,avg,47.70
107,1780554148323170560,1780554149323170560,Active Decode Throughput,tokens/sec,min,29.06
107,1780554148323170560,1780554149323170560,Active Decode Throughput,tokens/sec,max,73.39
107,1780554148323170560,1780554149323170560,Active Decode Throughput,tokens/sec,p50,43.86
107,1780554148323170560,1780554149323170560,Active Decode Throughput,tokens/sec,p90,58.62
107,1780554148323170560,1780554149323170560,Active Decode Throughput,tokens/sec,p95,58.62
107,1780554148323170560,1780554149323170560,Active Decode Throughput,tokens/sec,p99,58.62
107,1780554148323170560,1780554149323170560,Active Decode Throughput,tokens/sec,std,6.48
107,1780554148323170560,1780554149323170560,Active Decode Throughput Per User,tokens/sec/user,avg,4.22
107,1780554148323170560,1780554149323170560,Active Decode Throughput Per User,tokens/sec/user,min,2.64
107,1780554148323170560,1780554149323170560,Active Decode Throughput Per User,tokens/sec/user,max,6.12
107,1780554148323170560,1780554149323170560,Active Decode Throughput Per User,tokens/sec/user,p50,3.99
107,1780554148323170560,1780554149323170560,Active Decode Throughput Per User,tokens/sec/user,p90,4.89
107,1780554148323170560,1780554149323170560,Active Decode Throughput Per User,tokens/sec/user,p95,4.89
107,1780554148323170560,1780554149323170560,Active Decode Throughput Per User,tokens/sec/user,p99,4.89
107,1780554148323170560,1780554149323170560,Active Decode Throughput Per User,tokens/sec/user,std,0.39
107,1780554148323170560,1780554149323170560,Active Prefill Throughput,tokens/sec,avg,4577.58
107,1780554148323170560,1780554149323170560,Active Prefill Throughput,tokens/sec,min,3041.76
107,1780554148323170560,1780554149323170560,Active Prefill Throughput,tokens/sec,max,5125.80
107,1780554148323170560,1780554149323170560,Active Prefill Throughput,tokens/sec,p50,5009.86
107,1780554148323170560,1780554149323170560,Active Prefill Throughput,tokens/sec,p90,5009.86
107,1780554148323170560,1780554149323170560,Active Prefill Throughput,tokens/sec,p95,5009.86
107,1780554148323170560,1780554149323170560,Active Prefill Throughput,tokens/sec,p99,5125.80
107,1780554148323170560,1780554149323170560,Active Prefill Throughput,tokens/sec,std,820.50
107,1780554148323170560,1780554149323170560,Active Prefill Throughput Per User,tokens/sec/user,avg,2626.30
107,1780554148323170560,1780554149323170560,Active Prefill Throughput Per User,tokens/sec/user,min,2504.93
107,1780554148323170560,1780554149323170560,Active Prefill Throughput Per User,tokens/sec/user,max,3041.76
107,1780554148323170560,1780554149323170560,Active Prefill Throughput Per User,tokens/sec/user,p50,2504.93
107,1780554148323170560,1780554149323170560,Active Prefill Throughput Per User,tokens/sec/user,p90,3041.76
107,1780554148323170560,1780554149323170560,Active Prefill Throughput Per User,tokens/sec/user,p95,3041.76
107,1780554148323170560,1780554149323170560,Active Prefill Throughput Per User,tokens/sec/user,p99,3041.76
107,1780554148323170560,1780554149323170560,Active Prefill Throughput Per User,tokens/sec/user,std,222.15
107,1780554148323170560,1780554149323170560,Active Total Throughput,tokens/sec,avg,4662.81
107,1780554148323170560,1780554149323170560,Active Total Throughput,tokens/sec,min,3132.98
107,1780554148323170560,1780554149323170560,Active Total Throughput,tokens/sec,max,5217.03
107,1780554148323170560,1780554149323170560,Active Total Throughput,tokens/sec,p50,5092.97
107,1780554148323170560,1780554149323170560,Active Total Throughput,tokens/sec,p90,5092.97
107,1780554148323170560,1780554149323170560,Active Total Throughput,tokens/sec,p95,5092.97
107,1780554148323170560,1780554149323170560,Active Total Throughput,tokens/sec,p99,5217.03
107,1780554148323170560,1780554149323170560,Active Total Throughput,tokens/sec,std,817.34
107,1780554148323170560,1780554149323170560,Benchmark Duration,sec,avg,67.23
107,1780554148323170560,1780554149323170560,E2E Output Token Throughput,tokens/sec/user,avg,2.75
107,1780554148323170560,1780554149323170560,E2E Output Token Throughput,tokens/sec/user,min,2.75
107,1780554148323170560,1780554149323170560,E2E Output Token Throughput,tokens/sec/user,max,2.75
107,1780554148323170560,1780554149323170560,E2E Output Token Throughput,tokens/sec/user,sum,2.75
107,1780554148323170560,1780554149323170560,E2E Output Token Throughput,tokens/sec/user,p1,2.75
107,1780554148323170560,1780554149323170560,E2E Output Token Throughput,tokens/sec/user,p5,2.75
107,1780554148323170560,1780554149323170560,E2E Output Token Throughput,tokens/sec/user,p10,2.75
107,1780554148323170560,1780554149323170560,E2E Output Token Throughput,tokens/sec/user,p25,2.75
107,1780554148323170560,1780554149323170560,E2E Output Token Throughput,tokens/sec/user,p50,2.75
107,1780554148323170560,1780554149323170560,E2E Output Token Throughput,tokens/sec/user,p75,2.75
107,1780554148323170560,1780554149323170560,E2E Output Token Throughput,tokens/sec/user,p90,2.75
107,1780554148323170560,1780554149323170560,E2E Output Token Throughput,tokens/sec/user,p95,2.75
107,1780554148323170560,1780554149323170560,E2E Output Token Throughput,tokens/sec/user,p99,2.75
107,1780554148323170560,1780554149323170560,E2E Output Token Throughput,tokens/sec/user,std,0.00
107,1780554148323170560,1780554149323170560,Effective Concurrency,requests,avg,13.04
107,1780554148323170560,1780554149323170560,Effective Concurrency,requests,min,13.00
107,1780554148323170560,1780554149323170560,Effective Concurrency,requests,max,14.00
107,1780554148323170560,1780554149323170560,Effective Concurrency,requests,p50,13.00
107,1780554148323170560,1780554149323170560,Effective Concurrency,requests,p90,13.00
107,1780554148323170560,1780554149323170560,Effective Concurrency,requests,p95,13.00
107,1780554148323170560,1780554149323170560,Effective Concurrency,requests,p99,14.00
107,1780554148323170560,1780554149323170560,Effective Concurrency,requests,std,0.19
107,1780554148323170560,1780554149323170560,Effective Decode Concurrency,requests,avg,11.26
107,1780554148323170560,1780554149323170560,Effective Decode Concurrency,requests,min,11.00
107,1780554148323170560,1780554149323170560,Effective Decode Concurrency,requests,max,12.00
107,1780554148323170560,1780554149323170560,Effective Decode Concurrency,requests,p50,11.00
107,1780554148323170560,1780554149323170560,Effective Decode Concurrency,requests,p90,12.00
107,1780554148323170560,1780554149323170560,Effective Decode Concurrency,requests,p95,12.00
107,1780554148323170560,1780554149323170560,Effective Decode Concurrency,requests,p99,12.00
107,1780554148323170560,1780554149323170560,Effective Decode Concurrency,requests,std,0.44
107,1780554148323170560,1780554149323170560,Effective Decode Throughput,tokens/sec,avg,47.70
107,1780554148323170560,1780554149323170560,Effective Decode Throughput,tokens/sec,min,29.06
107,1780554148323170560,1780554149323170560,Effective Decode Throughput,tokens/sec,max,73.39
107,1780554148323170560,1780554149323170560,Effective Decode Throughput,tokens/sec,p50,43.86
107,1780554148323170560,1780554149323170560,Effective Decode Throughput,tokens/sec,p90,58.62
107,1780554148323170560,1780554149323170560,Effective Decode Throughput,tokens/sec,p95,58.62
107,1780554148323170560,1780554149323170560,Effective Decode Throughput,tokens/sec,p99,58.62
107,1780554148323170560,1780554149323170560,Effective Decode Throughput,tokens/sec,std,6.48
107,1780554148323170560,1780554149323170560,Effective Decode Throughput Per User,tokens/sec/user,avg,4.22
107,1780554148323170560,1780554149323170560,Effective Decode Throughput Per User,tokens/sec/user,min,2.64
107,1780554148323170560,1780554149323170560,Effective Decode Throughput Per User,tokens/sec/user,max,6.12
107,1780554148323170560,1780554149323170560,Effective Decode Throughput Per User,tokens/sec/user,p50,3.99
107,1780554148323170560,1780554149323170560,Effective Decode Throughput Per User,tokens/sec/user,p90,4.89
107,1780554148323170560,1780554149323170560,Effective Decode Throughput Per User,tokens/sec/user,p95,4.89
107,1780554148323170560,1780554149323170560,Effective Decode Throughput Per User,tokens/sec/user,p99,4.89
107,1780554148323170560,1780554149323170560,Effective Decode Throughput Per User,tokens/sec/user,std,0.39
107,1780554148323170560,1780554149323170560,Effective Prefill Concurrency,requests,avg,1.78
107,1780554148323170560,1780554149323170560,Effective Prefill Concurrency,requests,min,1.00
107,1780554148323170560,1780554149323170560,Effective Prefill Concurrency,requests,max,2.00
107,1780554148323170560,1780554149323170560,Effective Prefill Concurrency,requests,p50,2.00
107,1780554148323170560,1780554149323170560,Effective Prefill Concurrency,requests,p90,2.00
107,1780554148323170560,1780554149323170560,Effective Prefill Concurrency,requests,p95,2.00
107,1780554148323170560,1780554149323170560,Effective Prefill Concurrency,requests,p99,2.00
107,1780554148323170560,1780554149323170560,Effective Prefill Concurrency,requests,std,0.42
107,1780554148323170560,1780554149323170560,Effective Prefill Throughput,tokens/sec,avg,4577.58
107,1780554148323170560,1780554149323170560,Effective Prefill Throughput,tokens/sec,min,3041.76
107,1780554148323170560,1780554149323170560,Effective Prefill Throughput,tokens/sec,max,5125.80
107,1780554148323170560,1780554149323170560,Effective Prefill Throughput,tokens/sec,p50,5009.86
107,1780554148323170560,1780554149323170560,Effective Prefill Throughput,tokens/sec,p90,5009.86
107,1780554148323170560,1780554149323170560,Effective Prefill Throughput,tokens/sec,p95,5009.86
107,1780554148323170560,1780554149323170560,Effective Prefill Throughput,tokens/sec,p99,5125.80
107,1780554148323170560,1780554149323170560,Effective Prefill Throughput,tokens/sec,std,820.50
107,1780554148323170560,1780554149323170560,Effective Prefill Throughput Per User,tokens/sec/user,avg,2626.30
107,1780554148323170560,1780554149323170560,Effective Prefill Throughput Per User,tokens/sec/user,min,2504.93
107,1780554148323170560,1780554149323170560,Effective Prefill Throughput Per User,tokens/sec/user,max,3041.76
107,1780554148323170560,1780554149323170560,Effective Prefill Throughput Per User,tokens/sec/user,p50,2504.93
107,1780554148323170560,1780554149323170560,Effective Prefill Throughput Per User,tokens/sec/user,p90,3041.76
107,1780554148323170560,1780554149323170560,Effective Prefill Throughput Per User,tokens/sec/user,p95,3041.76
107,1780554148323170560,1780554149323170560,Effective Prefill Throughput Per User,tokens/sec/user,p99,3041.76
107,1780554148323170560,1780554149323170560,Effective Prefill Throughput Per User,tokens/sec/user,std,222.15
107,1780554148323170560,1780554149323170560,Effective Total Throughput,tokens/sec,avg,4662.81
107,1780554148323170560,1780554149323170560,Effective Total Throughput,tokens/sec,min,3132.98
107,1780554148323170560,1780554149323170560,Effective Total Throughput,tokens/sec,max,5217.03
107,1780554148323170560,1780554149323170560,Effective Total Throughput,tokens/sec,p50,5092.97
107,1780554148323170560,1780554149323170560,Effective Total Throughput,tokens/sec,p90,5092.97
107,1780554148323170560,1780554149323170560,Effective Total Throughput,tokens/sec,p95,5092.97
107,1780554148323170560,1780554149323170560,Effective Total Throughput,tokens/sec,p99,5217.03
107,1780554148323170560,1780554149323170560,Effective Total Throughput,tokens/sec,std,817.34
107,1780554148323170560,1780554149323170560,HTTP Blocked,ms,avg,0.00
107,1780554148323170560,1780554149323170560,HTTP Blocked,ms,min,0.00
107,1780554148323170560,1780554149323170560,HTTP Blocked,ms,max,0.00
107,1780554148323170560,1780554149323170560,HTTP Blocked,ms,sum,0.00
107,1780554148323170560,1780554149323170560,HTTP Blocked,ms,p1,0.00
107,1780554148323170560,1780554149323170560,HTTP Blocked,ms,p5,0.00
107,1780554148323170560,1780554149323170560,HTTP Blocked,ms,p10,0.00
107,1780554148323170560,1780554149323170560,HTTP Blocked,ms,p25,0.00
107,1780554148323170560,1780554149323170560,HTTP Blocked,ms,p50,0.00
107,1780554148323170560,1780554149323170560,HTTP Blocked,ms,p75,0.00
107,1780554148323170560,1780554149323170560,HTTP Blocked,ms,p90,0.00
107,1780554148323170560,1780554149323170560,HTTP Blocked,ms,p95,0.00
107,1780554148323170560,1780554149323170560,HTTP Blocked,ms,p99,0.00
107,1780554148323170560,1780554149323170560,HTTP Blocked,ms,std,0.00
107,1780554148323170560,1780554149323170560,HTTP Chunks Received,count,avg,185.00
107,1780554148323170560,1780554149323170560,HTTP Chunks Received,count,min,185.00
107,1780554148323170560,1780554149323170560,HTTP Chunks Received,count,max,185.00
107,1780554148323170560,1780554149323170560,HTTP Chunks Received,count,sum,185.00
107,1780554148323170560,1780554149323170560,HTTP Chunks Received,count,p1,185.00
107,1780554148323170560,1780554149323170560,HTTP Chunks Received,count,p5,185.00
107,1780554148323170560,1780554149323170560,HTTP Chunks Received,count,p10,185.00
107,1780554148323170560,1780554149323170560,HTTP Chunks Received,count,p25,185.00
107,1780554148323170560,1780554149323170560,HTTP Chunks Received,count,p50,185.00
107,1780554148323170560,1780554149323170560,HTTP Chunks Received,count,p75,185.00
107,1780554148323170560,1780554149323170560,HTTP Chunks Received,count,p90,185.00
107,1780554148323170560,1780554149323170560,HTTP Chunks Received,count,p95,185.00
107,1780554148323170560,1780554149323170560,HTTP Chunks Received,count,p99,185.00
107,1780554148323170560,1780554149323170560,HTTP Chunks Received,count,std,0.00
107,1780554148323170560,1780554149323170560,HTTP Chunks Sent,count,avg,1.00
107,1780554148323170560,1780554149323170560,HTTP Chunks Sent,count,min,1.00
107,1780554148323170560,1780554149323170560,HTTP Chunks Sent,count,max,1.00
107,1780554148323170560,1780554149323170560,HTTP Chunks Sent,count,sum,1.00
107,1780554148323170560,1780554149323170560,HTTP Chunks Sent,count,p1,1.00
107,1780554148323170560,1780554149323170560,HTTP Chunks Sent,count,p5,1.00
107,1780554148323170560,1780554149323170560,HTTP Chunks Sent,count,p10,1.00
107,1780554148323170560,1780554149323170560,HTTP Chunks Sent,count,p25,1.00
107,1780554148323170560,1780554149323170560,HTTP Chunks Sent,count,p50,1.00
107,1780554148323170560,1780554149323170560,HTTP Chunks Sent,count,p75,1.00
107,1780554148323170560,1780554149323170560,HTTP Chunks Sent,count,p90,1.00
107,1780554148323170560,1780554149323170560,HTTP Chunks Sent,count,p95,1.00
107,1780554148323170560,1780554149323170560,HTTP Chunks Sent,count,p99,1.00
107,1780554148323170560,1780554149323170560,HTTP Chunks Sent,count,std,0.00
107,1780554148323170560,1780554149323170560,HTTP Connecting,ms,avg,0.71
107,1780554148323170560,1780554149323170560,HTTP Connecting,ms,min,0.71
107,1780554148323170560,1780554149323170560,HTTP Connecting,ms,max,0.71
107,1780554148323170560,1780554149323170560,HTTP Connecting,ms,sum,0.71
107,1780554148323170560,1780554149323170560,HTTP Connecting,ms,p1,0.71
107,1780554148323170560,1780554149323170560,HTTP Connecting,ms,p5,0.71
107,1780554148323170560,1780554149323170560,HTTP Connecting,ms,p10,0.71
107,1780554148323170560,1780554149323170560,HTTP Connecting,ms,p25,0.71
107,1780554148323170560,1780554149323170560,HTTP Connecting,ms,p50,0.71
107,1780554148323170560,1780554149323170560,HTTP Connecting,ms,p75,0.71
107,1780554148323170560,1780554149323170560,HTTP Connecting,ms,p90,0.71
107,1780554148323170560,1780554149323170560,HTTP Connecting,ms,p95,0.71
107,1780554148323170560,1780554149323170560,HTTP Connecting,ms,p99,0.71
107,1780554148323170560,1780554149323170560,HTTP Connecting,ms,std,0.00
107,1780554148323170560,1780554149323170560,HTTP Connection Overhead,ms,avg,0.71
107,1780554148323170560,1780554149323170560,HTTP Connection Overhead,ms,min,0.71
107,1780554148323170560,1780554149323170560,HTTP Connection Overhead,ms,max,0.71
107,1780554148323170560,1780554149323170560,HTTP Connection Overhead,ms,sum,0.71
107,1780554148323170560,1780554149323170560,HTTP Connection Overhead,ms,p1,0.71
107,1780554148323170560,1780554149323170560,HTTP Connection Overhead,ms,p5,0.71
107,1780554148323170560,1780554149323170560,HTTP Connection Overhead,ms,p10,0.71
107,1780554148323170560,1780554149323170560,HTTP Connection Overhead,ms,p25,0.71
107,1780554148323170560,1780554149323170560,HTTP Connection Overhead,ms,p50,0.71
107,1780554148323170560,1780554149323170560,HTTP Connection Overhead,ms,p75,0.71
107,1780554148323170560,1780554149323170560,HTTP Connection Overhead,ms,p90,0.71
107,1780554148323170560,1780554149323170560,HTTP Connection Overhead,ms,p95,0.71
107,1780554148323170560,1780554149323170560,HTTP Connection Overhead,ms,p99,0.71
107,1780554148323170560,1780554149323170560,HTTP Connection Overhead,ms,std,0.00
107,1780554148323170560,1780554149323170560,HTTP Connection Reused,ratio,avg,0.00
107,1780554148323170560,1780554149323170560,HTTP Connection Reused,ratio,min,0.00
107,1780554148323170560,1780554149323170560,HTTP Connection Reused,ratio,max,0.00
107,1780554148323170560,1780554149323170560,HTTP Connection Reused,ratio,sum,0.00
107,1780554148323170560,1780554149323170560,HTTP Connection Reused,ratio,p1,0.00
107,1780554148323170560,1780554149323170560,HTTP Connection Reused,ratio,p5,0.00
107,1780554148323170560,1780554149323170560,HTTP Connection Reused,ratio,p10,0.00
107,1780554148323170560,1780554149323170560,HTTP Connection Reused,ratio,p25,0.00
107,1780554148323170560,1780554149323170560,HTTP Connection Reused,ratio,p50,0.00
107,1780554148323170560,1780554149323170560,HTTP Connection Reused,ratio,p75,0.00
107,1780554148323170560,1780554149323170560,HTTP Connection Reused,ratio,p90,0.00
107,1780554148323170560,1780554149323170560,HTTP Connection Reused,ratio,p95,0.00
107,1780554148323170560,1780554149323170560,HTTP Connection Reused,ratio,p99,0.00
107,1780554148323170560,1780554149323170560,HTTP Connection Reused,ratio,std,0.00
107,1780554148323170560,1780554149323170560,HTTP Data Received,KB,avg,46.67
107,1780554148323170560,1780554149323170560,HTTP Data Received,KB,min,46.67
107,1780554148323170560,1780554149323170560,HTTP Data Received,KB,max,46.67
107,1780554148323170560,1780554149323170560,HTTP Data Received,KB,sum,46.67
107,1780554148323170560,1780554149323170560,HTTP Data Received,KB,p1,46.67
107,1780554148323170560,1780554149323170560,HTTP Data Received,KB,p5,46.67
107,1780554148323170560,1780554149323170560,HTTP Data Received,KB,p10,46.67
107,1780554148323170560,1780554149323170560,HTTP Data Received,KB,p25,46.67
107,1780554148323170560,1780554149323170560,HTTP Data Received,KB,p50,46.67
107,1780554148323170560,1780554149323170560,HTTP Data Received,KB,p75,46.67
107,1780554148323170560,1780554149323170560,HTTP Data Received,KB,p90,46.67
107,1780554148323170560,1780554149323170560,HTTP Data Received,KB,p95,46.67
107,1780554148323170560,1780554149323170560,HTTP Data Received,KB,p99,46.67
107,1780554148323170560,1780554149323170560,HTTP Data Received,KB,std,0.00
107,1780554148323170560,1780554149323170560,HTTP Data Sent,KB,avg,336.58
107,1780554148323170560,1780554149323170560,HTTP Data Sent,KB,min,336.58
107,1780554148323170560,1780554149323170560,HTTP Data Sent,KB,max,336.58
107,1780554148323170560,1780554149323170560,HTTP Data Sent,KB,sum,336.58
107,1780554148323170560,1780554149323170560,HTTP Data Sent,KB,p1,336.58
107,1780554148323170560,1780554149323170560,HTTP Data Sent,KB,p5,336.58
107,1780554148323170560,1780554149323170560,HTTP Data Sent,KB,p10,336.58
107,1780554148323170560,1780554149323170560,HTTP Data Sent,KB,p25,336.58
107,1780554148323170560,1780554149323170560,HTTP Data Sent,KB,p50,336.58
107,1780554148323170560,1780554149323170560,HTTP Data Sent,KB,p75,336.58
107,1780554148323170560,1780554149323170560,HTTP Data Sent,KB,p90,336.58
107,1780554148323170560,1780554149323170560,HTTP Data Sent,KB,p95,336.58
107,1780554148323170560,1780554149323170560,HTTP Data Sent,KB,p99,336.58
107,1780554148323170560,1780554149323170560,HTTP Data Sent,KB,std,0.00
107,1780554148323170560,1780554149323170560,HTTP DNS Lookup,ms,avg,0.00
107,1780554148323170560,1780554149323170560,HTTP DNS Lookup,ms,min,0.00
107,1780554148323170560,1780554149323170560,HTTP DNS Lookup,ms,max,0.00
107,1780554148323170560,1780554149323170560,HTTP DNS Lookup,ms,sum,0.00
107,1780554148323170560,1780554149323170560,HTTP DNS Lookup,ms,p1,0.00
107,1780554148323170560,1780554149323170560,HTTP DNS Lookup,ms,p5,0.00
107,1780554148323170560,1780554149323170560,HTTP DNS Lookup,ms,p10,0.00
107,1780554148323170560,1780554149323170560,HTTP DNS Lookup,ms,p25,0.00
107,1780554148323170560,1780554149323170560,HTTP DNS Lookup,ms,p50,0.00
107,1780554148323170560,1780554149323170560,HTTP DNS Lookup,ms,p75,0.00
107,1780554148323170560,1780554149323170560,HTTP DNS Lookup,ms,p90,0.00
107,1780554148323170560,1780554149323170560,HTTP DNS Lookup,ms,p95,0.00
107,1780554148323170560,1780554149323170560,HTTP DNS Lookup,ms,p99,0.00
107,1780554148323170560,1780554149323170560,HTTP DNS Lookup,ms,std,0.00
107,1780554148323170560,1780554149323170560,HTTP Duration (excl. conn),ms,avg,67232.25
107,1780554148323170560,1780554149323170560,HTTP Duration (excl. conn),ms,min,67232.25
107,1780554148323170560,1780554149323170560,HTTP Duration (excl. conn),ms,max,67232.25
107,1780554148323170560,1780554149323170560,HTTP Duration (excl. conn),ms,sum,67232.25
107,1780554148323170560,1780554149323170560,HTTP Duration (excl. conn),ms,p1,67232.25
107,1780554148323170560,1780554149323170560,HTTP Duration (excl. conn),ms,p5,67232.25
107,1780554148323170560,1780554149323170560,HTTP Duration (excl. conn),ms,p10,67232.25
107,1780554148323170560,1780554149323170560,HTTP Duration (excl. conn),ms,p25,67232.25
107,1780554148323170560,1780554149323170560,HTTP Duration (excl. conn),ms,p50,67232.25
107,1780554148323170560,1780554149323170560,HTTP Duration (excl. conn),ms,p75,67232.25
107,1780554148323170560,1780554149323170560,HTTP Duration (excl. conn),ms,p90,67232.25
107,1780554148323170560,1780554149323170560,HTTP Duration (excl. conn),ms,p95,67232.25
107,1780554148323170560,1780554149323170560,HTTP Duration (excl. conn),ms,p99,67232.25
107,1780554148323170560,1780554149323170560,HTTP Duration (excl. conn),ms,std,0.00
107,1780554148323170560,1780554149323170560,HTTP Receiving,ms,avg,25454.02
107,1780554148323170560,1780554149323170560,HTTP Receiving,ms,min,25454.02
107,1780554148323170560,1780554149323170560,HTTP Receiving,ms,max,25454.02
107,1780554148323170560,1780554149323170560,HTTP Receiving,ms,sum,25454.02
107,1780554148323170560,1780554149323170560,HTTP Receiving,ms,p1,25454.02
107,1780554148323170560,1780554149323170560,HTTP Receiving,ms,p5,25454.02
107,1780554148323170560,1780554149323170560,HTTP Receiving,ms,p10,25454.02
107,1780554148323170560,1780554149323170560,HTTP Receiving,ms,p25,25454.02
107,1780554148323170560,1780554149323170560,HTTP Receiving,ms,p50,25454.02
107,1780554148323170560,1780554149323170560,HTTP Receiving,ms,p75,25454.02
107,1780554148323170560,1780554149323170560,HTTP Receiving,ms,p90,25454.02
107,1780554148323170560,1780554149323170560,HTTP Receiving,ms,p95,25454.02
107,1780554148323170560,1780554149323170560,HTTP Receiving,ms,p99,25454.02
107,1780554148323170560,1780554149323170560,HTTP Receiving,ms,std,0.00
107,1780554148323170560,1780554149323170560,HTTP Sending,ms,avg,0.98
107,1780554148323170560,1780554149323170560,HTTP Sending,ms,min,0.98
107,1780554148323170560,1780554149323170560,HTTP Sending,ms,max,0.98
107,1780554148323170560,1780554149323170560,HTTP Sending,ms,sum,0.98
107,1780554148323170560,1780554149323170560,HTTP Sending,ms,p1,0.98
107,1780554148323170560,1780554149323170560,HTTP Sending,ms,p5,0.98
107,1780554148323170560,1780554149323170560,HTTP Sending,ms,p10,0.98
107,1780554148323170560,1780554149323170560,HTTP Sending,ms,p25,0.98
107,1780554148323170560,1780554149323170560,HTTP Sending,ms,p50,0.98
107,1780554148323170560,1780554149323170560,HTTP Sending,ms,p75,0.98
107,1780554148323170560,1780554149323170560,HTTP Sending,ms,p90,0.98
107,1780554148323170560,1780554149323170560,HTTP Sending,ms,p95,0.98
107,1780554148323170560,1780554149323170560,HTTP Sending,ms,p99,0.98
107,1780554148323170560,1780554149323170560,HTTP Sending,ms,std,0.00
107,1780554148323170560,1780554149323170560,HTTP Total Time,ms,avg,67232.96
107,1780554148323170560,1780554149323170560,HTTP Total Time,ms,min,67232.96
107,1780554148323170560,1780554149323170560,HTTP Total Time,ms,max,67232.96
107,1780554148323170560,1780554149323170560,HTTP Total Time,ms,sum,67232.96
107,1780554148323170560,1780554149323170560,HTTP Total Time,ms,p1,67232.96
107,1780554148323170560,1780554149323170560,HTTP Total Time,ms,p5,67232.96
107,1780554148323170560,1780554149323170560,HTTP Total Time,ms,p10,67232.96
107,1780554148323170560,1780554149323170560,HTTP Total Time,ms,p25,67232.96
107,1780554148323170560,1780554149323170560,HTTP Total Time,ms,p50,67232.96
107,1780554148323170560,1780554149323170560,HTTP Total Time,ms,p75,67232.96
107,1780554148323170560,1780554149323170560,HTTP Total Time,ms,p90,67232.96
107,1780554148323170560,1780554149323170560,HTTP Total Time,ms,p95,67232.96
107,1780554148323170560,1780554149323170560,HTTP Total Time,ms,p99,67232.96
107,1780554148323170560,1780554149323170560,HTTP Total Time,ms,std,0.00
107,1780554148323170560,1780554149323170560,HTTP Waiting (TTFB),ms,avg,41777.24
107,1780554148323170560,1780554149323170560,HTTP Waiting (TTFB),ms,min,41777.24
107,1780554148323170560,1780554149323170560,HTTP Waiting (TTFB),ms,max,41777.24
107,1780554148323170560,1780554149323170560,HTTP Waiting (TTFB),ms,sum,41777.24
107,1780554148323170560,1780554149323170560,HTTP Waiting (TTFB),ms,p1,41777.24
107,1780554148323170560,1780554149323170560,HTTP Waiting (TTFB),ms,p5,41777.24
107,1780554148323170560,1780554149323170560,HTTP Waiting (TTFB),ms,p10,41777.24
107,1780554148323170560,1780554149323170560,HTTP Waiting (TTFB),ms,p25,41777.24
107,1780554148323170560,1780554149323170560,HTTP Waiting (TTFB),ms,p50,41777.24
107,1780554148323170560,1780554149323170560,HTTP Waiting (TTFB),ms,p75,41777.24
107,1780554148323170560,1780554149323170560,HTTP Waiting (TTFB),ms,p90,41777.24
107,1780554148323170560,1780554149323170560,HTTP Waiting (TTFB),ms,p95,41777.24
107,1780554148323170560,1780554149323170560,HTTP Waiting (TTFB),ms,p99,41777.24
107,1780554148323170560,1780554149323170560,HTTP Waiting (TTFB),ms,std,0.00
107,1780554148323170560,1780554149323170560,Input Sequence Length,tokens,avg,87068.00
107,1780554148323170560,1780554149323170560,Input Sequence Length,tokens,min,87068.00
107,1780554148323170560,1780554149323170560,Input Sequence Length,tokens,max,87068.00
107,1780554148323170560,1780554149323170560,Input Sequence Length,tokens,sum,87068.00
107,1780554148323170560,1780554149323170560,Input Sequence Length,tokens,p1,87068.00
107,1780554148323170560,1780554149323170560,Input Sequence Length,tokens,p5,87068.00
107,1780554148323170560,1780554149323170560,Input Sequence Length,tokens,p10,87068.00
107,1780554148323170560,1780554149323170560,Input Sequence Length,tokens,p25,87068.00
107,1780554148323170560,1780554149323170560,Input Sequence Length,tokens,p50,87068.00
107,1780554148323170560,1780554149323170560,Input Sequence Length,tokens,p75,87068.00
107,1780554148323170560,1780554149323170560,Input Sequence Length,tokens,p90,87068.00
107,1780554148323170560,1780554149323170560,Input Sequence Length,tokens,p95,87068.00
107,1780554148323170560,1780554149323170560,Input Sequence Length,tokens,p99,87068.00
107,1780554148323170560,1780554149323170560,Input Sequence Length,tokens,std,0.00
107,1780554148323170560,1780554149323170560,Input Token Throughput,tokens/sec,avg,87068.00
107,1780554148323170560,1780554149323170560,Inter Chunk Latency,ms,avg,67.74
107,1780554148323170560,1780554149323170560,Inter Chunk Latency,ms,min,67.74
107,1780554148323170560,1780554149323170560,Inter Chunk Latency,ms,max,67.75
107,1780554148323170560,1780554149323170560,Inter Chunk Latency,ms,sum,12464.47
107,1780554148323170560,1780554149323170560,Inter Chunk Latency,ms,p1,67.74
107,1780554148323170560,1780554149323170560,Inter Chunk Latency,ms,p5,67.74
107,1780554148323170560,1780554149323170560,Inter Chunk Latency,ms,p10,67.74
107,1780554148323170560,1780554149323170560,Inter Chunk Latency,ms,p25,67.74
107,1780554148323170560,1780554149323170560,Inter Chunk Latency,ms,p50,67.74
107,1780554148323170560,1780554149323170560,Inter Chunk Latency,ms,p75,67.74
107,1780554148323170560,1780554149323170560,Inter Chunk Latency,ms,p90,67.74
107,1780554148323170560,1780554149323170560,Inter Chunk Latency,ms,p95,67.74
107,1780554148323170560,1780554149323170560,Inter Chunk Latency,ms,p99,67.75
107,1780554148323170560,1780554149323170560,Inter Chunk Latency,ms,std,0.00
107,1780554148323170560,1780554149323170560,Inter Token Latency,ms,avg,138.34
107,1780554148323170560,1780554149323170560,Inter Token Latency,ms,min,138.34
107,1780554148323170560,1780554149323170560,Inter Token Latency,ms,max,138.34
107,1780554148323170560,1780554149323170560,Inter Token Latency,ms,sum,138.34
107,1780554148323170560,1780554149323170560,Inter Token Latency,ms,p1,138.34
107,1780554148323170560,1780554149323170560,Inter Token Latency,ms,p5,138.34
107,1780554148323170560,1780554149323170560,Inter Token Latency,ms,p10,138.34
107,1780554148323170560,1780554149323170560,Inter Token Latency,ms,p25,138.34
107,1780554148323170560,1780554149323170560,Inter Token Latency,ms,p50,138.34
107,1780554148323170560,1780554149323170560,Inter Token Latency,ms,p75,138.34
107,1780554148323170560,1780554149323170560,Inter Token Latency,ms,p90,138.34
107,1780554148323170560,1780554149323170560,Inter Token Latency,ms,p95,138.34
107,1780554148323170560,1780554149323170560,Inter Token Latency,ms,p99,138.34
107,1780554148323170560,1780554149323170560,Inter Token Latency,ms,std,0.00
107,1780554148323170560,1780554149323170560,Maximum Response Timestamp,ns,avg,1780554216516972288.00
107,1780554148323170560,1780554149323170560,Minimum Request Timestamp,ns,avg,1780554149284613120.00
107,1780554148323170560,1780554149323170560,OSL Mismatch Count,requests,avg,0.00
107,1780554148323170560,1780554149323170560,OSL Mismatch Diff %,%,avg,0.00
107,1780554148323170560,1780554149323170560,OSL Mismatch Diff %,%,min,0.00
107,1780554148323170560,1780554149323170560,OSL Mismatch Diff %,%,max,0.00
107,1780554148323170560,1780554149323170560,OSL Mismatch Diff %,%,sum,0.00
107,1780554148323170560,1780554149323170560,OSL Mismatch Diff %,%,p1,0.00
107,1780554148323170560,1780554149323170560,OSL Mismatch Diff %,%,p5,0.00
107,1780554148323170560,1780554149323170560,OSL Mismatch Diff %,%,p10,0.00
107,1780554148323170560,1780554149323170560,OSL Mismatch Diff %,%,p25,0.00
107,1780554148323170560,1780554149323170560,OSL Mismatch Diff %,%,p50,0.00
107,1780554148323170560,1780554149323170560,OSL Mismatch Diff %,%,p75,0.00
107,1780554148323170560,1780554149323170560,OSL Mismatch Diff %,%,p90,0.00
107,1780554148323170560,1780554149323170560,OSL Mismatch Diff %,%,p95,0.00
107,1780554148323170560,1780554149323170560,OSL Mismatch Diff %,%,p99,0.00
107,1780554148323170560,1780554149323170560,OSL Mismatch Diff %,%,std,0.00
107,1780554148323170560,1780554149323170560,Output Sequence Length,tokens,avg,185.00
107,1780554148323170560,1780554149323170560,Output Sequence Length,tokens,min,185.00
107,1780554148323170560,1780554149323170560,Output Sequence Length,tokens,max,185.00
107,1780554148323170560,1780554149323170560,Output Sequence Length,tokens,sum,185.00
107,1780554148323170560,1780554149323170560,Output Sequence Length,tokens,p1,185.00
107,1780554148323170560,1780554149323170560,Output Sequence Length,tokens,p5,185.00
107,1780554148323170560,1780554149323170560,Output Sequence Length,tokens,p10,185.00
107,1780554148323170560,1780554149323170560,Output Sequence Length,tokens,p25,185.00
107,1780554148323170560,1780554149323170560,Output Sequence Length,tokens,p50,185.00
107,1780554148323170560,1780554149323170560,Output Sequence Length,tokens,p75,185.00
107,1780554148323170560,1780554149323170560,Output Sequence Length,tokens,p90,185.00
107,1780554148323170560,1780554149323170560,Output Sequence Length,tokens,p95,185.00
107,1780554148323170560,1780554149323170560,Output Sequence Length,tokens,p99,185.00
107,1780554148323170560,1780554149323170560,Output Sequence Length,tokens,std,0.00
107,1780554148323170560,1780554149323170560,Output Token Count,tokens,avg,185.00
107,1780554148323170560,1780554149323170560,Output Token Count,tokens,min,185.00
107,1780554148323170560,1780554149323170560,Output Token Count,tokens,max,185.00
107,1780554148323170560,1780554149323170560,Output Token Count,tokens,sum,185.00
107,1780554148323170560,1780554149323170560,Output Token Count,tokens,p1,185.00
107,1780554148323170560,1780554149323170560,Output Token Count,tokens,p5,185.00
107,1780554148323170560,1780554149323170560,Output Token Count,tokens,p10,185.00
107,1780554148323170560,1780554149323170560,Output Token Count,tokens,p25,185.00
107,1780554148323170560,1780554149323170560,Output Token Count,tokens,p50,185.00
107,1780554148323170560,1780554149323170560,Output Token Count,tokens,p75,185.00
107,1780554148323170560,1780554149323170560,Output Token Count,tokens,p90,185.00
107,1780554148323170560,1780554149323170560,Output Token Count,tokens,p95,185.00
107,1780554148323170560,1780554149323170560,Output Token Count,tokens,p99,185.00
107,1780554148323170560,1780554149323170560,Output Token Count,tokens,std,0.00
107,1780554148323170560,1780554149323170560,Output Token Throughput,tokens/sec,avg,185.00
107,1780554148323170560,1780554149323170560,Output Token Throughput Per User,tokens/sec/user,avg,7.23
107,1780554148323170560,1780554149323170560,Output Token Throughput Per User,tokens/sec/user,min,7.23
107,1780554148323170560,1780554149323170560,Output Token Throughput Per User,tokens/sec/user,max,7.23
107,1780554148323170560,1780554149323170560,Output Token Throughput Per User,tokens/sec/user,sum,7.23
107,1780554148323170560,1780554149323170560,Output Token Throughput Per User,tokens/sec/user,p1,7.23
107,1780554148323170560,1780554149323170560,Output Token Throughput Per User,tokens/sec/user,p5,7.23
107,1780554148323170560,1780554149323170560,Output Token Throughput Per User,tokens/sec/user,p10,7.23
107,1780554148323170560,1780554149323170560,Output Token Throughput Per User,tokens/sec/user,p25,7.23
107,1780554148323170560,1780554149323170560,Output Token Throughput Per User,tokens/sec/user,p50,7.23
107,1780554148323170560,1780554149323170560,Output Token Throughput Per User,tokens/sec/user,p75,7.23
107,1780554148323170560,1780554149323170560,Output Token Throughput Per User,tokens/sec/user,p90,7.23
107,1780554148323170560,1780554149323170560,Output Token Throughput Per User,tokens/sec/user,p95,7.23
107,1780554148323170560,1780554149323170560,Output Token Throughput Per User,tokens/sec/user,p99,7.23
107,1780554148323170560,1780554149323170560,Output Token Throughput Per User,tokens/sec/user,std,0.00
107,1780554148323170560,1780554149323170560,Prefill Throughput Per User,tokens/sec/user,avg,2084.05
107,1780554148323170560,1780554149323170560,Prefill Throughput Per User,tokens/sec/user,min,2084.05
107,1780554148323170560,1780554149323170560,Prefill Throughput Per User,tokens/sec/user,max,2084.05
107,1780554148323170560,1780554149323170560,Prefill Throughput Per User,tokens/sec/user,sum,2084.05
107,1780554148323170560,1780554149323170560,Prefill Throughput Per User,tokens/sec/user,p1,2084.05
107,1780554148323170560,1780554149323170560,Prefill Throughput Per User,tokens/sec/user,p5,2084.05
107,1780554148323170560,1780554149323170560,Prefill Throughput Per User,tokens/sec/user,p10,2084.05
107,1780554148323170560,1780554149323170560,Prefill Throughput Per User,tokens/sec/user,p25,2084.05
107,1780554148323170560,1780554149323170560,Prefill Throughput Per User,tokens/sec/user,p50,2084.05
107,1780554148323170560,1780554149323170560,Prefill Throughput Per User,tokens/sec/user,p75,2084.05
107,1780554148323170560,1780554149323170560,Prefill Throughput Per User,tokens/sec/user,p90,2084.05
107,1780554148323170560,1780554149323170560,Prefill Throughput Per User,tokens/sec/user,p95,2084.05
107,1780554148323170560,1780554149323170560,Prefill Throughput Per User,tokens/sec/user,p99,2084.05
107,1780554148323170560,1780554149323170560,Prefill Throughput Per User,tokens/sec/user,std,0.00
107,1780554148323170560,1780554149323170560,Request Count,requests,avg,1.00
107,1780554148323170560,1780554149323170560,Request Latency,ms,avg,67232.36
107,1780554148323170560,1780554149323170560,Request Latency,ms,min,67232.36
107,1780554148323170560,1780554149323170560,Request Latency,ms,max,67232.36
107,1780554148323170560,1780554149323170560,Request Latency,ms,sum,67232.36
107,1780554148323170560,1780554149323170560,Request Latency,ms,p1,67232.36
107,1780554148323170560,1780554149323170560,Request Latency,ms,p5,67232.36
107,1780554148323170560,1780554149323170560,Request Latency,ms,p10,67232.36
107,1780554148323170560,1780554149323170560,Request Latency,ms,p25,67232.36
107,1780554148323170560,1780554149323170560,Request Latency,ms,p50,67232.36
107,1780554148323170560,1780554149323170560,Request Latency,ms,p75,67232.36
107,1780554148323170560,1780554149323170560,Request Latency,ms,p90,67232.36
107,1780554148323170560,1780554149323170560,Request Latency,ms,p95,67232.36
107,1780554148323170560,1780554149323170560,Request Latency,ms,p99,67232.36
107,1780554148323170560,1780554149323170560,Request Latency,ms,std,0.00
107,1780554148323170560,1780554149323170560,Request Throughput,requests/sec,avg,1.00
107,1780554148323170560,1780554149323170560,Requested OSL,tokens,avg,185.00
107,1780554148323170560,1780554149323170560,Requested OSL,tokens,min,185.00
107,1780554148323170560,1780554149323170560,Requested OSL,tokens,max,185.00
107,1780554148323170560,1780554149323170560,Requested OSL,tokens,sum,185.00
107,1780554148323170560,1780554149323170560,Requested OSL,tokens,p1,185.00
107,1780554148323170560,1780554149323170560,Requested OSL,tokens,p5,185.00
107,1780554148323170560,1780554149323170560,Requested OSL,tokens,p10,185.00
107,1780554148323170560,1780554149323170560,Requested OSL,tokens,p25,185.00
107,1780554148323170560,1780554149323170560,Requested OSL,tokens,p50,185.00
107,1780554148323170560,1780554149323170560,Requested OSL,tokens,p75,185.00
107,1780554148323170560,1780554149323170560,Requested OSL,tokens,p90,185.00
107,1780554148323170560,1780554149323170560,Requested OSL,tokens,p95,185.00
107,1780554148323170560,1780554149323170560,Requested OSL,tokens,p99,185.00
107,1780554148323170560,1780554149323170560,Requested OSL,tokens,std,0.00
107,1780554148323170560,1780554149323170560,Time to First Output Token,ms,avg,41778.35
107,1780554148323170560,1780554149323170560,Time to First Output Token,ms,min,41778.35
107,1780554148323170560,1780554149323170560,Time to First Output Token,ms,max,41778.35
107,1780554148323170560,1780554149323170560,Time to First Output Token,ms,sum,41778.35
107,1780554148323170560,1780554149323170560,Time to First Output Token,ms,p1,41778.35
107,1780554148323170560,1780554149323170560,Time to First Output Token,ms,p5,41778.35
107,1780554148323170560,1780554149323170560,Time to First Output Token,ms,p10,41778.35
107,1780554148323170560,1780554149323170560,Time to First Output Token,ms,p25,41778.35
107,1780554148323170560,1780554149323170560,Time to First Output Token,ms,p50,41778.35
107,1780554148323170560,1780554149323170560,Time to First Output Token,ms,p75,41778.35
107,1780554148323170560,1780554149323170560,Time to First Output Token,ms,p90,41778.35
107,1780554148323170560,1780554149323170560,Time to First Output Token,ms,p95,41778.35
107,1780554148323170560,1780554149323170560,Time to First Output Token,ms,p99,41778.35
107,1780554148323170560,1780554149323170560,Time to First Output Token,ms,std,0.00
107,1780554148323170560,1780554149323170560,Time to First Token,ms,avg,41778.35
107,1780554148323170560,1780554149323170560,Time to First Token,ms,min,41778.35
107,1780554148323170560,1780554149323170560,Time to First Token,ms,max,41778.35
107,1780554148323170560,1780554149323170560,Time to First Token,ms,sum,41778.35
107,1780554148323170560,1780554149323170560,Time to First Token,ms,p1,41778.35
107,1780554148323170560,1780554149323170560,Time to First Token,ms,p5,41778.35
107,1780554148323170560,1780554149323170560,Time to First Token,ms,p10,41778.35
107,1780554148323170560,1780554149323170560,Time to First Token,ms,p25,41778.35
107,1780554148323170560,1780554149323170560,Time to First Token,ms,p50,41778.35
107,1780554148323170560,1780554149323170560,Time to First Token,ms,p75,41778.35
107,1780554148323170560,1780554149323170560,Time to First Token,ms,p90,41778.35
107,1780554148323170560,1780554149323170560,Time to First Token,ms,p95,41778.35
107,1780554148323170560,1780554149323170560,Time to First Token,ms,p99,41778.35
107,1780554148323170560,1780554149323170560,Time to First Token,ms,std,0.00
107,1780554148323170560,1780554149323170560,Time to Second Token,ms,avg,174.76
107,1780554148323170560,1780554149323170560,Time to Second Token,ms,min,174.76
107,1780554148323170560,1780554149323170560,Time to Second Token,ms,max,174.76
107,1780554148323170560,1780554149323170560,Time to Second Token,ms,sum,174.76
107,1780554148323170560,1780554149323170560,Time to Second Token,ms,p1,174.76
107,1780554148323170560,1780554149323170560,Time to Second Token,ms,p5,174.76
107,1780554148323170560,1780554149323170560,Time to Second Token,ms,p10,174.76
107,1780554148323170560,1780554149323170560,Time to Second Token,ms,p25,174.76
107,1780554148323170560,1780554149323170560,Time to Second Token,ms,p50,174.76
107,1780554148323170560,1780554149323170560,Time to Second Token,ms,p75,174.76
107,1780554148323170560,1780554149323170560,Time to Second Token,ms,p90,174.76
107,1780554148323170560,1780554149323170560,Time to Second Token,ms,p95,174.76
107,1780554148323170560,1780554149323170560,Time to Second Token,ms,p99,174.76
107,1780554148323170560,1780554149323170560,Time to Second Token,ms,std,0.00
107,1780554148323170560,1780554149323170560,Tokens In Flight,tokens,avg,1416951.01
107,1780554148323170560,1780554149323170560,Tokens In Flight,tokens,min,1413571.66
107,1780554148323170560,1780554149323170560,Tokens In Flight,tokens,max,1500687.73
107,1780554148323170560,1780554149323170560,Tokens In Flight,tokens,p50,1413592.69
107,1780554148323170560,1780554149323170560,Tokens In Flight,tokens,p90,1413613.72
107,1780554148323170560,1780554149323170560,Tokens In Flight,tokens,p95,1413616.72
107,1780554148323170560,1780554149323170560,Tokens In Flight,tokens,p99,1500686.73
107,1780554148323170560,1780554149323170560,Tokens In Flight,tokens,std,16768.79
107,1780554148323170560,1780554149323170560,Total Input Sequence Length,tokens,avg,87068.00
107,1780554148323170560,1780554149323170560,Total Output Sequence Length,tokens,avg,185.00
107,1780554148323170560,1780554149323170560,Total Output Tokens,tokens,avg,185.00
107,1780554148323170560,1780554149323170560,Total Token Throughput,tokens/sec,avg,87253.00
107,1780554148323170560,1780554149323170560,Total Usage Completion Tokens,tokens,avg,185.00
107,1780554148323170560,1780554149323170560,Total Usage Prompt Tokens,tokens,avg,87068.00
107,1780554148323170560,1780554149323170560,Total Usage Total Tokens,tokens,avg,87253.00
107,1780554148323170560,1780554149323170560,Usage Completion Tokens,tokens,avg,185.00
107,1780554148323170560,1780554149323170560,Usage Completion Tokens,tokens,min,185.00
107,1780554148323170560,1780554149323170560,Usage Completion Tokens,tokens,max,185.00
107,1780554148323170560,1780554149323170560,Usage Completion Tokens,tokens,sum,185.00
107,1780554148323170560,1780554149323170560,Usage Completion Tokens,tokens,p1,185.00
107,1780554148323170560,1780554149323170560,Usage Completion Tokens,tokens,p5,185.00
107,1780554148323170560,1780554149323170560,Usage Completion Tokens,tokens,p10,185.00
107,1780554148323170560,1780554149323170560,Usage Completion Tokens,tokens,p25,185.00
107,1780554148323170560,1780554149323170560,Usage Completion Tokens,tokens,p50,185.00
107,1780554148323170560,1780554149323170560,Usage Completion Tokens,tokens,p75,185.00
107,1780554148323170560,1780554149323170560,Usage Completion Tokens,tokens,p90,185.00
107,1780554148323170560,1780554149323170560,Usage Completion Tokens,tokens,p95,185.00
107,1780554148323170560,1780554149323170560,Usage Completion Tokens,tokens,p99,185.00
107,1780554148323170560,1780554149323170560,Usage Completion Tokens,tokens,std,0.00
107,1780554148323170560,1780554149323170560,Usage Prompt Tokens,tokens,avg,87068.00
107,1780554148323170560,1780554149323170560,Usage Prompt Tokens,tokens,min,87068.00
107,1780554148323170560,1780554149323170560,Usage Prompt Tokens,tokens,max,87068.00
107,1780554148323170560,1780554149323170560,Usage Prompt Tokens,tokens,sum,87068.00
107,1780554148323170560,1780554149323170560,Usage Prompt Tokens,tokens,p1,87068.00
107,1780554148323170560,1780554149323170560,Usage Prompt Tokens,tokens,p5,87068.00
107,1780554148323170560,1780554149323170560,Usage Prompt Tokens,tokens,p10,87068.00
107,1780554148323170560,1780554149323170560,Usage Prompt Tokens,tokens,p25,87068.00
107,1780554148323170560,1780554149323170560,Usage Prompt Tokens,tokens,p50,87068.00
107,1780554148323170560,1780554149323170560,Usage Prompt Tokens,tokens,p75,87068.00
107,1780554148323170560,1780554149323170560,Usage Prompt Tokens,tokens,p90,87068.00
107,1780554148323170560,1780554149323170560,Usage Prompt Tokens,tokens,p95,87068.00
107,1780554148323170560,1780554149323170560,Usage Prompt Tokens,tokens,p99,87068.00
107,1780554148323170560,1780554149323170560,Usage Prompt Tokens,tokens,std,0.00
107,1780554148323170560,1780554149323170560,Usage Total Tokens,tokens,avg,87253.00
107,1780554148323170560,1780554149323170560,Usage Total Tokens,tokens,min,87253.00
107,1780554148323170560,1780554149323170560,Usage Total Tokens,tokens,max,87253.00
107,1780554148323170560,1780554149323170560,Usage Total Tokens,tokens,sum,87253.00
107,1780554148323170560,1780554149323170560,Usage Total Tokens,tokens,p1,87253.00
107,1780554148323170560,1780554149323170560,Usage Total Tokens,tokens,p5,87253.00
107,1780554148323170560,1780554149323170560,Usage Total Tokens,tokens,p10,87253.00
107,1780554148323170560,1780554149323170560,Usage Total Tokens,tokens,p25,87253.00
107,1780554148323170560,1780554149323170560,Usage Total Tokens,tokens,p50,87253.00
107,1780554148323170560,1780554149323170560,Usage Total Tokens,tokens,p75,87253.00
107,1780554148323170560,1780554149323170560,Usage Total Tokens,tokens,p90,87253.00
107,1780554148323170560,1780554149323170560,Usage Total Tokens,tokens,p95,87253.00
107,1780554148323170560,1780554149323170560,Usage Total Tokens,tokens,p99,87253.00
107,1780554148323170560,1780554149323170560,Usage Total Tokens,tokens,std,0.00
108,1780554164323170560,1780554165323170560,Active Decode Throughput,tokens/sec,avg,58.59
108,1780554164323170560,1780554165323170560,Active Decode Throughput,tokens/sec,min,43.80
108,1780554164323170560,1780554165323170560,Active Decode Throughput,tokens/sec,max,73.39
108,1780554164323170560,1780554165323170560,Active Decode Throughput,tokens/sec,p50,58.59
108,1780554164323170560,1780554165323170560,Active Decode Throughput,tokens/sec,p90,58.59
108,1780554164323170560,1780554165323170560,Active Decode Throughput,tokens/sec,p95,58.59
108,1780554164323170560,1780554165323170560,Active Decode Throughput,tokens/sec,p99,58.59
108,1780554164323170560,1780554165323170560,Active Decode Throughput,tokens/sec,std,0.03
108,1780554164323170560,1780554165323170560,Active Decode Throughput Per User,tokens/sec/user,avg,5.33
108,1780554164323170560,1780554165323170560,Active Decode Throughput Per User,tokens/sec/user,min,3.98
108,1780554164323170560,1780554165323170560,Active Decode Throughput Per User,tokens/sec/user,max,6.67
108,1780554164323170560,1780554165323170560,Active Decode Throughput Per User,tokens/sec/user,p50,5.33
108,1780554164323170560,1780554165323170560,Active Decode Throughput Per User,tokens/sec/user,p90,5.33
108,1780554164323170560,1780554165323170560,Active Decode Throughput Per User,tokens/sec/user,p95,5.33
108,1780554164323170560,1780554165323170560,Active Decode Throughput Per User,tokens/sec/user,p99,5.33
108,1780554164323170560,1780554165323170560,Active Decode Throughput Per User,tokens/sec/user,std,0.00
108,1780554164323170560,1780554165323170560,Active Prefill Throughput,tokens/sec,avg,6174.26
108,1780554164323170560,1780554165323170560,Active Prefill Throughput,tokens/sec,min,5125.80
108,1780554164323170560,1780554165323170560,Active Prefill Throughput,tokens/sec,max,6241.83
108,1780554164323170560,1780554165323170560,Active Prefill Throughput,tokens/sec,p50,6241.83
108,1780554164323170560,1780554165323170560,Active Prefill Throughput,tokens/sec,p90,6241.83
108,1780554164323170560,1780554165323170560,Active Prefill Throughput,tokens/sec,p95,6241.83
108,1780554164323170560,1780554165323170560,Active Prefill Throughput,tokens/sec,p99,6241.83
108,1780554164323170560,1780554165323170560,Active Prefill Throughput,tokens/sec,std,266.16
108,1780554164323170560,1780554165323170560,Active Prefill Throughput Per User,tokens/sec/user,avg,2109.81
108,1780554164323170560,1780554165323170560,Active Prefill Throughput Per User,tokens/sec/user,min,2080.61
108,1780554164323170560,1780554165323170560,Active Prefill Throughput Per User,tokens/sec/user,max,2562.90
108,1780554164323170560,1780554165323170560,Active Prefill Throughput Per User,tokens/sec/user,p50,2080.61
108,1780554164323170560,1780554165323170560,Active Prefill Throughput Per User,tokens/sec/user,p90,2080.61
108,1780554164323170560,1780554165323170560,Active Prefill Throughput Per User,tokens/sec/user,p95,2562.90
108,1780554164323170560,1780554165323170560,Active Prefill Throughput Per User,tokens/sec/user,p99,2562.90
108,1780554164323170560,1780554165323170560,Active Prefill Throughput Per User,tokens/sec/user,std,115.02
108,1780554164323170560,1780554165323170560,Active Total Throughput,tokens/sec,avg,6256.56
108,1780554164323170560,1780554165323170560,Active Total Throughput,tokens/sec,min,5208.10
108,1780554164323170560,1780554165323170560,Active Total Throughput,tokens/sec,max,6324.12
108,1780554164323170560,1780554165323170560,Active Total Throughput,tokens/sec,p50,6324.12
108,1780554164323170560,1780554165323170560,Active Total Throughput,tokens/sec,p90,6324.12
108,1780554164323170560,1780554165323170560,Active Total Throughput,tokens/sec,p95,6324.12
108,1780554164323170560,1780554165323170560,Active Total Throughput,tokens/sec,p99,6324.12
108,1780554164323170560,1780554165323170560,Active Total Throughput,tokens/sec,std,266.16
108,1780554164323170560,1780554165323170560,Benchmark Duration,sec,avg,114.39
108,1780554164323170560,1780554165323170560,E2E Output Token Throughput,tokens/sec/user,avg,6.01
108,1780554164323170560,1780554165323170560,E2E Output Token Throughput,tokens/sec/user,min,6.01
108,1780554164323170560,1780554165323170560,E2E Output Token Throughput,tokens/sec/user,max,6.01
108,1780554164323170560,1780554165323170560,E2E Output Token Throughput,tokens/sec/user,sum,6.01
108,1780554164323170560,1780554165323170560,E2E Output Token Throughput,tokens/sec/user,p1,6.01
108,1780554164323170560,1780554165323170560,E2E Output Token Throughput,tokens/sec/user,p5,6.01
108,1780554164323170560,1780554165323170560,E2E Output Token Throughput,tokens/sec/user,p10,6.01
108,1780554164323170560,1780554165323170560,E2E Output Token Throughput,tokens/sec/user,p25,6.01
108,1780554164323170560,1780554165323170560,E2E Output Token Throughput,tokens/sec/user,p50,6.01
108,1780554164323170560,1780554165323170560,E2E Output Token Throughput,tokens/sec/user,p75,6.01
108,1780554164323170560,1780554165323170560,E2E Output Token Throughput,tokens/sec/user,p90,6.01
108,1780554164323170560,1780554165323170560,E2E Output Token Throughput,tokens/sec/user,p95,6.01
108,1780554164323170560,1780554165323170560,E2E Output Token Throughput,tokens/sec/user,p99,6.01
108,1780554164323170560,1780554165323170560,E2E Output Token Throughput,tokens/sec/user,std,0.00
108,1780554164323170560,1780554165323170560,Effective Concurrency,requests,avg,13.94
108,1780554164323170560,1780554165323170560,Effective Concurrency,requests,min,13.00
108,1780554164323170560,1780554165323170560,Effective Concurrency,requests,max,14.00
108,1780554164323170560,1780554165323170560,Effective Concurrency,requests,p50,14.00
108,1780554164323170560,1780554165323170560,Effective Concurrency,requests,p90,14.00
108,1780554164323170560,1780554165323170560,Effective Concurrency,requests,p95,14.00
108,1780554164323170560,1780554165323170560,Effective Concurrency,requests,p99,14.00
108,1780554164323170560,1780554165323170560,Effective Concurrency,requests,std,0.24
108,1780554164323170560,1780554165323170560,Effective Decode Concurrency,requests,avg,11.00
108,1780554164323170560,1780554165323170560,Effective Decode Concurrency,requests,min,11.00
108,1780554164323170560,1780554165323170560,Effective Decode Concurrency,requests,max,11.00
108,1780554164323170560,1780554165323170560,Effective Decode Concurrency,requests,p50,11.00
108,1780554164323170560,1780554165323170560,Effective Decode Concurrency,requests,p90,11.00
108,1780554164323170560,1780554165323170560,Effective Decode Concurrency,requests,p95,11.00
108,1780554164323170560,1780554165323170560,Effective Decode Concurrency,requests,p99,11.00
108,1780554164323170560,1780554165323170560,Effective Decode Concurrency,requests,std,0.00
108,1780554164323170560,1780554165323170560,Effective Decode Throughput,tokens/sec,avg,58.59
108,1780554164323170560,1780554165323170560,Effective Decode Throughput,tokens/sec,min,43.80
108,1780554164323170560,1780554165323170560,Effective Decode Throughput,tokens/sec,max,73.39
108,1780554164323170560,1780554165323170560,Effective Decode Throughput,tokens/sec,p50,58.59
108,1780554164323170560,1780554165323170560,Effective Decode Throughput,tokens/sec,p90,58.59
108,1780554164323170560,1780554165323170560,Effective Decode Throughput,tokens/sec,p95,58.59
108,1780554164323170560,1780554165323170560,Effective Decode Throughput,tokens/sec,p99,58.59
108,1780554164323170560,1780554165323170560,Effective Decode Throughput,tokens/sec,std,0.03
108,1780554164323170560,1780554165323170560,Effective Decode Throughput Per User,tokens/sec/user,avg,5.33
108,1780554164323170560,1780554165323170560,Effective Decode Throughput Per User,tokens/sec/user,min,3.98
108,1780554164323170560,1780554165323170560,Effective Decode Throughput Per User,tokens/sec/user,max,6.67
108,1780554164323170560,1780554165323170560,Effective Decode Throughput Per User,tokens/sec/user,p50,5.33
108,1780554164323170560,1780554165323170560,Effective Decode Throughput Per User,tokens/sec/user,p90,5.33
108,1780554164323170560,1780554165323170560,Effective Decode Throughput Per User,tokens/sec/user,p95,5.33
108,1780554164323170560,1780554165323170560,Effective Decode Throughput Per User,tokens/sec/user,p99,5.33
108,1780554164323170560,1780554165323170560,Effective Decode Throughput Per User,tokens/sec/user,std,0.00
108,1780554164323170560,1780554165323170560,Effective Prefill Concurrency,requests,avg,2.94
108,1780554164323170560,1780554165323170560,Effective Prefill Concurrency,requests,min,2.00
108,1780554164323170560,1780554165323170560,Effective Prefill Concurrency,requests,max,3.00
108,1780554164323170560,1780554165323170560,Effective Prefill Concurrency,requests,p50,3.00
108,1780554164323170560,1780554165323170560,Effective Prefill Concurrency,requests,p90,3.00
108,1780554164323170560,1780554165323170560,Effective Prefill Concurrency,requests,p95,3.00
108,1780554164323170560,1780554165323170560,Effective Prefill Concurrency,requests,p99,3.00
108,1780554164323170560,1780554165323170560,Effective Prefill Concurrency,requests,std,0.24
108,1780554164323170560,1780554165323170560,Effective Prefill Throughput,tokens/sec,avg,6174.26
108,1780554164323170560,1780554165323170560,Effective Prefill Throughput,tokens/sec,min,5125.80
108,1780554164323170560,1780554165323170560,Effective Prefill Throughput,tokens/sec,max,6241.83
108,1780554164323170560,1780554165323170560,Effective Prefill Throughput,tokens/sec,p50,6241.83
108,1780554164323170560,1780554165323170560,Effective Prefill Throughput,tokens/sec,p90,6241.83
108,1780554164323170560,1780554165323170560,Effective Prefill Throughput,tokens/sec,p95,6241.83
108,1780554164323170560,1780554165323170560,Effective Prefill Throughput,tokens/sec,p99,6241.83
108,1780554164323170560,1780554165323170560,Effective Prefill Throughput,tokens/sec,std,266.16
108,1780554164323170560,1780554165323170560,Effective Prefill Throughput Per User,tokens/sec/user,avg,2109.81
108,1780554164323170560,1780554165323170560,Effective Prefill Throughput Per User,tokens/sec/user,min,2080.61
108,1780554164323170560,1780554165323170560,Effective Prefill Throughput Per User,tokens/sec/user,max,2562.90
108,1780554164323170560,1780554165323170560,Effective Prefill Throughput Per User,tokens/sec/user,p50,2080.61
108,1780554164323170560,1780554165323170560,Effective Prefill Throughput Per User,tokens/sec/user,p90,2080.61
108,1780554164323170560,1780554165323170560,Effective Prefill Throughput Per User,tokens/sec/user,p95,2562.90
108,1780554164323170560,1780554165323170560,Effective Prefill Throughput Per User,tokens/sec/user,p99,2562.90
108,1780554164323170560,1780554165323170560,Effective Prefill Throughput Per User,tokens/sec/user,std,115.02
108,1780554164323170560,1780554165323170560,Effective Total Throughput,tokens/sec,avg,6256.56
108,1780554164323170560,1780554165323170560,Effective Total Throughput,tokens/sec,min,5208.10
108,1780554164323170560,1780554165323170560,Effective Total Throughput,tokens/sec,max,6324.12
108,1780554164323170560,1780554165323170560,Effective Total Throughput,tokens/sec,p50,6324.12
108,1780554164323170560,1780554165323170560,Effective Total Throughput,tokens/sec,p90,6324.12
108,1780554164323170560,1780554165323170560,Effective Total Throughput,tokens/sec,p95,6324.12
108,1780554164323170560,1780554165323170560,Effective Total Throughput,tokens/sec,p99,6324.12
108,1780554164323170560,1780554165323170560,Effective Total Throughput,tokens/sec,std,266.16
108,1780554164323170560,1780554165323170560,HTTP Blocked,ms,avg,0.00
108,1780554164323170560,1780554165323170560,HTTP Blocked,ms,min,0.00
108,1780554164323170560,1780554165323170560,HTTP Blocked,ms,max,0.00
108,1780554164323170560,1780554165323170560,HTTP Blocked,ms,sum,0.00
108,1780554164323170560,1780554165323170560,HTTP Blocked,ms,p1,0.00
108,1780554164323170560,1780554165323170560,HTTP Blocked,ms,p5,0.00
108,1780554164323170560,1780554165323170560,HTTP Blocked,ms,p10,0.00
108,1780554164323170560,1780554165323170560,HTTP Blocked,ms,p25,0.00
108,1780554164323170560,1780554165323170560,HTTP Blocked,ms,p50,0.00
108,1780554164323170560,1780554165323170560,HTTP Blocked,ms,p75,0.00
108,1780554164323170560,1780554165323170560,HTTP Blocked,ms,p90,0.00
108,1780554164323170560,1780554165323170560,HTTP Blocked,ms,p95,0.00
108,1780554164323170560,1780554165323170560,HTTP Blocked,ms,p99,0.00
108,1780554164323170560,1780554165323170560,HTTP Blocked,ms,std,0.00
108,1780554164323170560,1780554165323170560,HTTP Chunks Received,count,avg,687.00
108,1780554164323170560,1780554165323170560,HTTP Chunks Received,count,min,687.00
108,1780554164323170560,1780554165323170560,HTTP Chunks Received,count,max,687.00
108,1780554164323170560,1780554165323170560,HTTP Chunks Received,count,sum,687.00
108,1780554164323170560,1780554165323170560,HTTP Chunks Received,count,p1,687.00
108,1780554164323170560,1780554165323170560,HTTP Chunks Received,count,p5,687.00
108,1780554164323170560,1780554165323170560,HTTP Chunks Received,count,p10,687.00
108,1780554164323170560,1780554165323170560,HTTP Chunks Received,count,p25,687.00
108,1780554164323170560,1780554165323170560,HTTP Chunks Received,count,p50,687.00
108,1780554164323170560,1780554165323170560,HTTP Chunks Received,count,p75,687.00
108,1780554164323170560,1780554165323170560,HTTP Chunks Received,count,p90,687.00
108,1780554164323170560,1780554165323170560,HTTP Chunks Received,count,p95,687.00
108,1780554164323170560,1780554165323170560,HTTP Chunks Received,count,p99,687.00
108,1780554164323170560,1780554165323170560,HTTP Chunks Received,count,std,0.00
108,1780554164323170560,1780554165323170560,HTTP Chunks Sent,count,avg,1.00
108,1780554164323170560,1780554165323170560,HTTP Chunks Sent,count,min,1.00
108,1780554164323170560,1780554165323170560,HTTP Chunks Sent,count,max,1.00
108,1780554164323170560,1780554165323170560,HTTP Chunks Sent,count,sum,1.00
108,1780554164323170560,1780554165323170560,HTTP Chunks Sent,count,p1,1.00
108,1780554164323170560,1780554165323170560,HTTP Chunks Sent,count,p5,1.00
108,1780554164323170560,1780554165323170560,HTTP Chunks Sent,count,p10,1.00
108,1780554164323170560,1780554165323170560,HTTP Chunks Sent,count,p25,1.00
108,1780554164323170560,1780554165323170560,HTTP Chunks Sent,count,p50,1.00
108,1780554164323170560,1780554165323170560,HTTP Chunks Sent,count,p75,1.00
108,1780554164323170560,1780554165323170560,HTTP Chunks Sent,count,p90,1.00
108,1780554164323170560,1780554165323170560,HTTP Chunks Sent,count,p95,1.00
108,1780554164323170560,1780554165323170560,HTTP Chunks Sent,count,p99,1.00
108,1780554164323170560,1780554165323170560,HTTP Chunks Sent,count,std,0.00
108,1780554164323170560,1780554165323170560,HTTP Connecting,ms,avg,1.24
108,1780554164323170560,1780554165323170560,HTTP Connecting,ms,min,1.24
108,1780554164323170560,1780554165323170560,HTTP Connecting,ms,max,1.24
108,1780554164323170560,1780554165323170560,HTTP Connecting,ms,sum,1.24
108,1780554164323170560,1780554165323170560,HTTP Connecting,ms,p1,1.24
108,1780554164323170560,1780554165323170560,HTTP Connecting,ms,p5,1.24
108,1780554164323170560,1780554165323170560,HTTP Connecting,ms,p10,1.24
108,1780554164323170560,1780554165323170560,HTTP Connecting,ms,p25,1.24
108,1780554164323170560,1780554165323170560,HTTP Connecting,ms,p50,1.24
108,1780554164323170560,1780554165323170560,HTTP Connecting,ms,p75,1.24
108,1780554164323170560,1780554165323170560,HTTP Connecting,ms,p90,1.24
108,1780554164323170560,1780554165323170560,HTTP Connecting,ms,p95,1.24
108,1780554164323170560,1780554165323170560,HTTP Connecting,ms,p99,1.24
108,1780554164323170560,1780554165323170560,HTTP Connecting,ms,std,0.00
108,1780554164323170560,1780554165323170560,HTTP Connection Overhead,ms,avg,1.81
108,1780554164323170560,1780554165323170560,HTTP Connection Overhead,ms,min,1.81
108,1780554164323170560,1780554165323170560,HTTP Connection Overhead,ms,max,1.81
108,1780554164323170560,1780554165323170560,HTTP Connection Overhead,ms,sum,1.81
108,1780554164323170560,1780554165323170560,HTTP Connection Overhead,ms,p1,1.81
108,1780554164323170560,1780554165323170560,HTTP Connection Overhead,ms,p5,1.81
108,1780554164323170560,1780554165323170560,HTTP Connection Overhead,ms,p10,1.81
108,1780554164323170560,1780554165323170560,HTTP Connection Overhead,ms,p25,1.81
108,1780554164323170560,1780554165323170560,HTTP Connection Overhead,ms,p50,1.81
108,1780554164323170560,1780554165323170560,HTTP Connection Overhead,ms,p75,1.81
108,1780554164323170560,1780554165323170560,HTTP Connection Overhead,ms,p90,1.81
108,1780554164323170560,1780554165323170560,HTTP Connection Overhead,ms,p95,1.81
108,1780554164323170560,1780554165323170560,HTTP Connection Overhead,ms,p99,1.81
108,1780554164323170560,1780554165323170560,HTTP Connection Overhead,ms,std,0.00
108,1780554164323170560,1780554165323170560,HTTP Connection Reused,ratio,avg,0.00
108,1780554164323170560,1780554165323170560,HTTP Connection Reused,ratio,min,0.00
108,1780554164323170560,1780554165323170560,HTTP Connection Reused,ratio,max,0.00
108,1780554164323170560,1780554165323170560,HTTP Connection Reused,ratio,sum,0.00
108,1780554164323170560,1780554165323170560,HTTP Connection Reused,ratio,p1,0.00
108,1780554164323170560,1780554165323170560,HTTP Connection Reused,ratio,p5,0.00
108,1780554164323170560,1780554165323170560,HTTP Connection Reused,ratio,p10,0.00
108,1780554164323170560,1780554165323170560,HTTP Connection Reused,ratio,p25,0.00
108,1780554164323170560,1780554165323170560,HTTP Connection Reused,ratio,p50,0.00
108,1780554164323170560,1780554165323170560,HTTP Connection Reused,ratio,p75,0.00
108,1780554164323170560,1780554165323170560,HTTP Connection Reused,ratio,p90,0.00
108,1780554164323170560,1780554165323170560,HTTP Connection Reused,ratio,p95,0.00
108,1780554164323170560,1780554165323170560,HTTP Connection Reused,ratio,p99,0.00
108,1780554164323170560,1780554165323170560,HTTP Connection Reused,ratio,std,0.00
108,1780554164323170560,1780554165323170560,HTTP Data Received,KB,avg,171.25
108,1780554164323170560,1780554165323170560,HTTP Data Received,KB,min,171.25
108,1780554164323170560,1780554165323170560,HTTP Data Received,KB,max,171.25
108,1780554164323170560,1780554165323170560,HTTP Data Received,KB,sum,171.25
108,1780554164323170560,1780554165323170560,HTTP Data Received,KB,p1,171.25
108,1780554164323170560,1780554165323170560,HTTP Data Received,KB,p5,171.25
108,1780554164323170560,1780554165323170560,HTTP Data Received,KB,p10,171.25
108,1780554164323170560,1780554165323170560,HTTP Data Received,KB,p25,171.25
108,1780554164323170560,1780554165323170560,HTTP Data Received,KB,p50,171.25
108,1780554164323170560,1780554165323170560,HTTP Data Received,KB,p75,171.25
108,1780554164323170560,1780554165323170560,HTTP Data Received,KB,p90,171.25
108,1780554164323170560,1780554165323170560,HTTP Data Received,KB,p95,171.25
108,1780554164323170560,1780554165323170560,HTTP Data Received,KB,p99,171.25
108,1780554164323170560,1780554165323170560,HTTP Data Received,KB,std,0.00
108,1780554164323170560,1780554165323170560,HTTP Data Sent,KB,avg,120.97
108,1780554164323170560,1780554165323170560,HTTP Data Sent,KB,min,120.97
108,1780554164323170560,1780554165323170560,HTTP Data Sent,KB,max,120.97
108,1780554164323170560,1780554165323170560,HTTP Data Sent,KB,sum,120.97
108,1780554164323170560,1780554165323170560,HTTP Data Sent,KB,p1,120.97
108,1780554164323170560,1780554165323170560,HTTP Data Sent,KB,p5,120.97
108,1780554164323170560,1780554165323170560,HTTP Data Sent,KB,p10,120.97
108,1780554164323170560,1780554165323170560,HTTP Data Sent,KB,p25,120.97
108,1780554164323170560,1780554165323170560,HTTP Data Sent,KB,p50,120.97
108,1780554164323170560,1780554165323170560,HTTP Data Sent,KB,p75,120.97
108,1780554164323170560,1780554165323170560,HTTP Data Sent,KB,p90,120.97
108,1780554164323170560,1780554165323170560,HTTP Data Sent,KB,p95,120.97
108,1780554164323170560,1780554165323170560,HTTP Data Sent,KB,p99,120.97
108,1780554164323170560,1780554165323170560,HTTP Data Sent,KB,std,0.00
108,1780554164323170560,1780554165323170560,HTTP DNS Lookup,ms,avg,0.57
108,1780554164323170560,1780554165323170560,HTTP DNS Lookup,ms,min,0.57
108,1780554164323170560,1780554165323170560,HTTP DNS Lookup,ms,max,0.57
108,1780554164323170560,1780554165323170560,HTTP DNS Lookup,ms,sum,0.57
108,1780554164323170560,1780554165323170560,HTTP DNS Lookup,ms,p1,0.57
108,1780554164323170560,1780554165323170560,HTTP DNS Lookup,ms,p5,0.57
108,1780554164323170560,1780554165323170560,HTTP DNS Lookup,ms,p10,0.57
108,1780554164323170560,1780554165323170560,HTTP DNS Lookup,ms,p25,0.57
108,1780554164323170560,1780554165323170560,HTTP DNS Lookup,ms,p50,0.57
108,1780554164323170560,1780554165323170560,HTTP DNS Lookup,ms,p75,0.57
108,1780554164323170560,1780554165323170560,HTTP DNS Lookup,ms,p90,0.57
108,1780554164323170560,1780554165323170560,HTTP DNS Lookup,ms,p95,0.57
108,1780554164323170560,1780554165323170560,HTTP DNS Lookup,ms,p99,0.57
108,1780554164323170560,1780554165323170560,HTTP DNS Lookup,ms,std,0.00
108,1780554164323170560,1780554165323170560,HTTP Duration (excl. conn),ms,avg,114393.02
108,1780554164323170560,1780554165323170560,HTTP Duration (excl. conn),ms,min,114393.02
108,1780554164323170560,1780554165323170560,HTTP Duration (excl. conn),ms,max,114393.02
108,1780554164323170560,1780554165323170560,HTTP Duration (excl. conn),ms,sum,114393.02
108,1780554164323170560,1780554165323170560,HTTP Duration (excl. conn),ms,p1,114393.02
108,1780554164323170560,1780554165323170560,HTTP Duration (excl. conn),ms,p5,114393.02
108,1780554164323170560,1780554165323170560,HTTP Duration (excl. conn),ms,p10,114393.02
108,1780554164323170560,1780554165323170560,HTTP Duration (excl. conn),ms,p25,114393.02
108,1780554164323170560,1780554165323170560,HTTP Duration (excl. conn),ms,p50,114393.02
108,1780554164323170560,1780554165323170560,HTTP Duration (excl. conn),ms,p75,114393.02
108,1780554164323170560,1780554165323170560,HTTP Duration (excl. conn),ms,p90,114393.02
108,1780554164323170560,1780554165323170560,HTTP Duration (excl. conn),ms,p95,114393.02
108,1780554164323170560,1780554165323170560,HTTP Duration (excl. conn),ms,p99,114393.02
108,1780554164323170560,1780554165323170560,HTTP Duration (excl. conn),ms,std,0.00
108,1780554164323170560,1780554165323170560,HTTP Receiving,ms,avg,86408.19
108,1780554164323170560,1780554165323170560,HTTP Receiving,ms,min,86408.19
108,1780554164323170560,1780554165323170560,HTTP Receiving,ms,max,86408.19
108,1780554164323170560,1780554165323170560,HTTP Receiving,ms,sum,86408.19
108,1780554164323170560,1780554165323170560,HTTP Receiving,ms,p1,86408.19
108,1780554164323170560,1780554165323170560,HTTP Receiving,ms,p5,86408.19
108,1780554164323170560,1780554165323170560,HTTP Receiving,ms,p10,86408.19
108,1780554164323170560,1780554165323170560,HTTP Receiving,ms,p25,86408.19
108,1780554164323170560,1780554165323170560,HTTP Receiving,ms,p50,86408.19
108,1780554164323170560,1780554165323170560,HTTP Receiving,ms,p75,86408.19
108,1780554164323170560,1780554165323170560,HTTP Receiving,ms,p90,86408.19
108,1780554164323170560,1780554165323170560,HTTP Receiving,ms,p95,86408.19
108,1780554164323170560,1780554165323170560,HTTP Receiving,ms,p99,86408.19
108,1780554164323170560,1780554165323170560,HTTP Receiving,ms,std,0.00
108,1780554164323170560,1780554165323170560,HTTP Sending,ms,avg,1.54
108,1780554164323170560,1780554165323170560,HTTP Sending,ms,min,1.54
108,1780554164323170560,1780554165323170560,HTTP Sending,ms,max,1.54
108,1780554164323170560,1780554165323170560,HTTP Sending,ms,sum,1.54
108,1780554164323170560,1780554165323170560,HTTP Sending,ms,p1,1.54
108,1780554164323170560,1780554165323170560,HTTP Sending,ms,p5,1.54
108,1780554164323170560,1780554165323170560,HTTP Sending,ms,p10,1.54
108,1780554164323170560,1780554165323170560,HTTP Sending,ms,p25,1.54
108,1780554164323170560,1780554165323170560,HTTP Sending,ms,p50,1.54
108,1780554164323170560,1780554165323170560,HTTP Sending,ms,p75,1.54
108,1780554164323170560,1780554165323170560,HTTP Sending,ms,p90,1.54
108,1780554164323170560,1780554165323170560,HTTP Sending,ms,p95,1.54
108,1780554164323170560,1780554165323170560,HTTP Sending,ms,p99,1.54
108,1780554164323170560,1780554165323170560,HTTP Sending,ms,std,0.00
108,1780554164323170560,1780554165323170560,HTTP Total Time,ms,avg,114394.83
108,1780554164323170560,1780554165323170560,HTTP Total Time,ms,min,114394.83
108,1780554164323170560,1780554165323170560,HTTP Total Time,ms,max,114394.83
108,1780554164323170560,1780554165323170560,HTTP Total Time,ms,sum,114394.83
108,1780554164323170560,1780554165323170560,HTTP Total Time,ms,p1,114394.83
108,1780554164323170560,1780554165323170560,HTTP Total Time,ms,p5,114394.83
108,1780554164323170560,1780554165323170560,HTTP Total Time,ms,p10,114394.83
108,1780554164323170560,1780554165323170560,HTTP Total Time,ms,p25,114394.83
108,1780554164323170560,1780554165323170560,HTTP Total Time,ms,p50,114394.83
108,1780554164323170560,1780554165323170560,HTTP Total Time,ms,p75,114394.83
108,1780554164323170560,1780554165323170560,HTTP Total Time,ms,p90,114394.83
108,1780554164323170560,1780554165323170560,HTTP Total Time,ms,p95,114394.83
108,1780554164323170560,1780554165323170560,HTTP Total Time,ms,p99,114394.83
108,1780554164323170560,1780554165323170560,HTTP Total Time,ms,std,0.00
108,1780554164323170560,1780554165323170560,HTTP Waiting (TTFB),ms,avg,27983.30
108,1780554164323170560,1780554165323170560,HTTP Waiting (TTFB),ms,min,27983.30
108,1780554164323170560,1780554165323170560,HTTP Waiting (TTFB),ms,max,27983.30
108,1780554164323170560,1780554165323170560,HTTP Waiting (TTFB),ms,sum,27983.30
108,1780554164323170560,1780554165323170560,HTTP Waiting (TTFB),ms,p1,27983.30
108,1780554164323170560,1780554165323170560,HTTP Waiting (TTFB),ms,p5,27983.30
108,1780554164323170560,1780554165323170560,HTTP Waiting (TTFB),ms,p10,27983.30
108,1780554164323170560,1780554165323170560,HTTP Waiting (TTFB),ms,p25,27983.30
108,1780554164323170560,1780554165323170560,HTTP Waiting (TTFB),ms,p50,27983.30
108,1780554164323170560,1780554165323170560,HTTP Waiting (TTFB),ms,p75,27983.30
108,1780554164323170560,1780554165323170560,HTTP Waiting (TTFB),ms,p90,27983.30
108,1780554164323170560,1780554165323170560,HTTP Waiting (TTFB),ms,p95,27983.30
108,1780554164323170560,1780554165323170560,HTTP Waiting (TTFB),ms,p99,27983.30
108,1780554164323170560,1780554165323170560,HTTP Waiting (TTFB),ms,std,0.00
108,1780554164323170560,1780554165323170560,Input Sequence Length,tokens,avg,31232.00
108,1780554164323170560,1780554165323170560,Input Sequence Length,tokens,min,31232.00
108,1780554164323170560,1780554165323170560,Input Sequence Length,tokens,max,31232.00
108,1780554164323170560,1780554165323170560,Input Sequence Length,tokens,sum,31232.00
108,1780554164323170560,1780554165323170560,Input Sequence Length,tokens,p1,31232.00
108,1780554164323170560,1780554165323170560,Input Sequence Length,tokens,p5,31232.00
108,1780554164323170560,1780554165323170560,Input Sequence Length,tokens,p10,31232.00
108,1780554164323170560,1780554165323170560,Input Sequence Length,tokens,p25,31232.00
108,1780554164323170560,1780554165323170560,Input Sequence Length,tokens,p50,31232.00
108,1780554164323170560,1780554165323170560,Input Sequence Length,tokens,p75,31232.00
108,1780554164323170560,1780554165323170560,Input Sequence Length,tokens,p90,31232.00
108,1780554164323170560,1780554165323170560,Input Sequence Length,tokens,p95,31232.00
108,1780554164323170560,1780554165323170560,Input Sequence Length,tokens,p99,31232.00
108,1780554164323170560,1780554165323170560,Input Sequence Length,tokens,std,0.00
108,1780554164323170560,1780554165323170560,Input Token Throughput,tokens/sec,avg,31232.00
108,1780554164323170560,1780554165323170560,Inter Chunk Latency,ms,avg,68.25
108,1780554164323170560,1780554165323170560,Inter Chunk Latency,ms,min,68.24
108,1780554164323170560,1780554165323170560,Inter Chunk Latency,ms,max,68.27
108,1780554164323170560,1780554165323170560,Inter Chunk Latency,ms,sum,46822.06
108,1780554164323170560,1780554165323170560,Inter Chunk Latency,ms,p1,68.24
108,1780554164323170560,1780554165323170560,Inter Chunk Latency,ms,p5,68.24
108,1780554164323170560,1780554165323170560,Inter Chunk Latency,ms,p10,68.24
108,1780554164323170560,1780554165323170560,Inter Chunk Latency,ms,p25,68.25
108,1780554164323170560,1780554165323170560,Inter Chunk Latency,ms,p50,68.25
108,1780554164323170560,1780554165323170560,Inter Chunk Latency,ms,p75,68.26
108,1780554164323170560,1780554165323170560,Inter Chunk Latency,ms,p90,68.26
108,1780554164323170560,1780554165323170560,Inter Chunk Latency,ms,p95,68.27
108,1780554164323170560,1780554165323170560,Inter Chunk Latency,ms,p99,68.27
108,1780554164323170560,1780554165323170560,Inter Chunk Latency,ms,std,0.01
108,1780554164323170560,1780554165323170560,Inter Token Latency,ms,avg,125.78
108,1780554164323170560,1780554165323170560,Inter Token Latency,ms,min,125.78
108,1780554164323170560,1780554165323170560,Inter Token Latency,ms,max,125.78
108,1780554164323170560,1780554165323170560,Inter Token Latency,ms,sum,125.78
108,1780554164323170560,1780554165323170560,Inter Token Latency,ms,p1,125.78
108,1780554164323170560,1780554165323170560,Inter Token Latency,ms,p5,125.78
108,1780554164323170560,1780554165323170560,Inter Token Latency,ms,p10,125.78
108,1780554164323170560,1780554165323170560,Inter Token Latency,ms,p25,125.78
108,1780554164323170560,1780554165323170560,Inter Token Latency,ms,p50,125.78
108,1780554164323170560,1780554165323170560,Inter Token Latency,ms,p75,125.78
108,1780554164323170560,1780554165323170560,Inter Token Latency,ms,p90,125.78
108,1780554164323170560,1780554165323170560,Inter Token Latency,ms,p95,125.78
108,1780554164323170560,1780554165323170560,Inter Token Latency,ms,p99,125.78
108,1780554164323170560,1780554165323170560,Inter Token Latency,ms,std,0.00
108,1780554164323170560,1780554165323170560,Maximum Response Timestamp,ns,avg,1780554278776862208.00
108,1780554164323170560,1780554165323170560,Minimum Request Timestamp,ns,avg,1780554164383712256.00
108,1780554164323170560,1780554165323170560,OSL Mismatch Count,requests,avg,0.00
108,1780554164323170560,1780554165323170560,OSL Mismatch Diff %,%,avg,0.00
108,1780554164323170560,1780554165323170560,OSL Mismatch Diff %,%,min,0.00
108,1780554164323170560,1780554165323170560,OSL Mismatch Diff %,%,max,0.00
108,1780554164323170560,1780554165323170560,OSL Mismatch Diff %,%,sum,0.00
108,1780554164323170560,1780554165323170560,OSL Mismatch Diff %,%,p1,0.00
108,1780554164323170560,1780554165323170560,OSL Mismatch Diff %,%,p5,0.00
108,1780554164323170560,1780554165323170560,OSL Mismatch Diff %,%,p10,0.00
108,1780554164323170560,1780554165323170560,OSL Mismatch Diff %,%,p25,0.00
108,1780554164323170560,1780554165323170560,OSL Mismatch Diff %,%,p50,0.00
108,1780554164323170560,1780554165323170560,OSL Mismatch Diff %,%,p75,0.00
108,1780554164323170560,1780554165323170560,OSL Mismatch Diff %,%,p90,0.00
108,1780554164323170560,1780554165323170560,OSL Mismatch Diff %,%,p95,0.00
108,1780554164323170560,1780554165323170560,OSL Mismatch Diff %,%,p99,0.00
108,1780554164323170560,1780554165323170560,OSL Mismatch Diff %,%,std,0.00
108,1780554164323170560,1780554165323170560,Output Sequence Length,tokens,avg,688.00
108,1780554164323170560,1780554165323170560,Output Sequence Length,tokens,min,688.00
108,1780554164323170560,1780554165323170560,Output Sequence Length,tokens,max,688.00
108,1780554164323170560,1780554165323170560,Output Sequence Length,tokens,sum,688.00
108,1780554164323170560,1780554165323170560,Output Sequence Length,tokens,p1,688.00
108,1780554164323170560,1780554165323170560,Output Sequence Length,tokens,p5,688.00
108,1780554164323170560,1780554165323170560,Output Sequence Length,tokens,p10,688.00
108,1780554164323170560,1780554165323170560,Output Sequence Length,tokens,p25,688.00
108,1780554164323170560,1780554165323170560,Output Sequence Length,tokens,p50,688.00
108,1780554164323170560,1780554165323170560,Output Sequence Length,tokens,p75,688.00
108,1780554164323170560,1780554165323170560,Output Sequence Length,tokens,p90,688.00
108,1780554164323170560,1780554165323170560,Output Sequence Length,tokens,p95,688.00
108,1780554164323170560,1780554165323170560,Output Sequence Length,tokens,p99,688.00
108,1780554164323170560,1780554165323170560,Output Sequence Length,tokens,std,0.00
108,1780554164323170560,1780554165323170560,Output Token Count,tokens,avg,688.00
108,1780554164323170560,1780554165323170560,Output Token Count,tokens,min,688.00
108,1780554164323170560,1780554165323170560,Output Token Count,tokens,max,688.00
108,1780554164323170560,1780554165323170560,Output Token Count,tokens,sum,688.00
108,1780554164323170560,1780554165323170560,Output Token Count,tokens,p1,688.00
108,1780554164323170560,1780554165323170560,Output Token Count,tokens,p5,688.00
108,1780554164323170560,1780554165323170560,Output Token Count,tokens,p10,688.00
108,1780554164323170560,1780554165323170560,Output Token Count,tokens,p25,688.00
108,1780554164323170560,1780554165323170560,Output Token Count,tokens,p50,688.00
108,1780554164323170560,1780554165323170560,Output Token Count,tokens,p75,688.00
108,1780554164323170560,1780554165323170560,Output Token Count,tokens,p90,688.00
108,1780554164323170560,1780554165323170560,Output Token Count,tokens,p95,688.00
108,1780554164323170560,1780554165323170560,Output Token Count,tokens,p99,688.00
108,1780554164323170560,1780554165323170560,Output Token Count,tokens,std,0.00
108,1780554164323170560,1780554165323170560,Output Token Throughput,tokens/sec,avg,688.00
108,1780554164323170560,1780554165323170560,Output Token Throughput Per User,tokens/sec/user,avg,7.95
108,1780554164323170560,1780554165323170560,Output Token Throughput Per User,tokens/sec/user,min,7.95
108,1780554164323170560,1780554165323170560,Output Token Throughput Per User,tokens/sec/user,max,7.95
108,1780554164323170560,1780554165323170560,Output Token Throughput Per User,tokens/sec/user,sum,7.95
108,1780554164323170560,1780554165323170560,Output Token Throughput Per User,tokens/sec/user,p1,7.95
108,1780554164323170560,1780554165323170560,Output Token Throughput Per User,tokens/sec/user,p5,7.95
108,1780554164323170560,1780554165323170560,Output Token Throughput Per User,tokens/sec/user,p10,7.95
108,1780554164323170560,1780554165323170560,Output Token Throughput Per User,tokens/sec/user,p25,7.95
108,1780554164323170560,1780554165323170560,Output Token Throughput Per User,tokens/sec/user,p50,7.95
108,1780554164323170560,1780554165323170560,Output Token Throughput Per User,tokens/sec/user,p75,7.95
108,1780554164323170560,1780554165323170560,Output Token Throughput Per User,tokens/sec/user,p90,7.95
108,1780554164323170560,1780554165323170560,Output Token Throughput Per User,tokens/sec/user,p95,7.95
108,1780554164323170560,1780554165323170560,Output Token Throughput Per User,tokens/sec/user,p99,7.95
108,1780554164323170560,1780554165323170560,Output Token Throughput Per User,tokens/sec/user,std,0.00
108,1780554164323170560,1780554165323170560,Prefill Throughput Per User,tokens/sec/user,avg,1116.03
108,1780554164323170560,1780554165323170560,Prefill Throughput Per User,tokens/sec/user,min,1116.03
108,1780554164323170560,1780554165323170560,Prefill Throughput Per User,tokens/sec/user,max,1116.03
108,1780554164323170560,1780554165323170560,Prefill Throughput Per User,tokens/sec/user,sum,1116.03
108,1780554164323170560,1780554165323170560,Prefill Throughput Per User,tokens/sec/user,p1,1116.03
108,1780554164323170560,1780554165323170560,Prefill Throughput Per User,tokens/sec/user,p5,1116.03
108,1780554164323170560,1780554165323170560,Prefill Throughput Per User,tokens/sec/user,p10,1116.03
108,1780554164323170560,1780554165323170560,Prefill Throughput Per User,tokens/sec/user,p25,1116.03
108,1780554164323170560,1780554165323170560,Prefill Throughput Per User,tokens/sec/user,p50,1116.03
108,1780554164323170560,1780554165323170560,Prefill Throughput Per User,tokens/sec/user,p75,1116.03
108,1780554164323170560,1780554165323170560,Prefill Throughput Per User,tokens/sec/user,p90,1116.03
108,1780554164323170560,1780554165323170560,Prefill Throughput Per User,tokens/sec/user,p95,1116.03
108,1780554164323170560,1780554165323170560,Prefill Throughput Per User,tokens/sec/user,p99,1116.03
108,1780554164323170560,1780554165323170560,Prefill Throughput Per User,tokens/sec/user,std,0.00
108,1780554164323170560,1780554165323170560,Request Count,requests,avg,1.00
108,1780554164323170560,1780554165323170560,Request Latency,ms,avg,114393.15
108,1780554164323170560,1780554165323170560,Request Latency,ms,min,114393.15
108,1780554164323170560,1780554165323170560,Request Latency,ms,max,114393.15
108,1780554164323170560,1780554165323170560,Request Latency,ms,sum,114393.15
108,1780554164323170560,1780554165323170560,Request Latency,ms,p1,114393.15
108,1780554164323170560,1780554165323170560,Request Latency,ms,p5,114393.15
108,1780554164323170560,1780554165323170560,Request Latency,ms,p10,114393.15
108,1780554164323170560,1780554165323170560,Request Latency,ms,p25,114393.15
108,1780554164323170560,1780554165323170560,Request Latency,ms,p50,114393.15
108,1780554164323170560,1780554165323170560,Request Latency,ms,p75,114393.15
108,1780554164323170560,1780554165323170560,Request Latency,ms,p90,114393.15
108,1780554164323170560,1780554165323170560,Request Latency,ms,p95,114393.15
108,1780554164323170560,1780554165323170560,Request Latency,ms,p99,114393.15
108,1780554164323170560,1780554165323170560,Request Latency,ms,std,0.00
108,1780554164323170560,1780554165323170560,Request Throughput,requests/sec,avg,1.00
108,1780554164323170560,1780554165323170560,Requested OSL,tokens,avg,688.00
108,1780554164323170560,1780554165323170560,Requested OSL,tokens,min,688.00
108,1780554164323170560,1780554165323170560,Requested OSL,tokens,max,688.00
108,1780554164323170560,1780554165323170560,Requested OSL,tokens,sum,688.00
108,1780554164323170560,1780554165323170560,Requested OSL,tokens,p1,688.00
108,1780554164323170560,1780554165323170560,Requested OSL,tokens,p5,688.00
108,1780554164323170560,1780554165323170560,Requested OSL,tokens,p10,688.00
108,1780554164323170560,1780554165323170560,Requested OSL,tokens,p25,688.00
108,1780554164323170560,1780554165323170560,Requested OSL,tokens,p50,688.00
108,1780554164323170560,1780554165323170560,Requested OSL,tokens,p75,688.00
108,1780554164323170560,1780554165323170560,Requested OSL,tokens,p90,688.00
108,1780554164323170560,1780554165323170560,Requested OSL,tokens,p95,688.00
108,1780554164323170560,1780554165323170560,Requested OSL,tokens,p99,688.00
108,1780554164323170560,1780554165323170560,Requested OSL,tokens,std,0.00
108,1780554164323170560,1780554165323170560,Time to First Output Token,ms,avg,27984.97
108,1780554164323170560,1780554165323170560,Time to First Output Token,ms,min,27984.97
108,1780554164323170560,1780554165323170560,Time to First Output Token,ms,max,27984.97
108,1780554164323170560,1780554165323170560,Time to First Output Token,ms,sum,27984.97
108,1780554164323170560,1780554165323170560,Time to First Output Token,ms,p1,27984.97
108,1780554164323170560,1780554165323170560,Time to First Output Token,ms,p5,27984.97
108,1780554164323170560,1780554165323170560,Time to First Output Token,ms,p10,27984.97
108,1780554164323170560,1780554165323170560,Time to First Output Token,ms,p25,27984.97
108,1780554164323170560,1780554165323170560,Time to First Output Token,ms,p50,27984.97
108,1780554164323170560,1780554165323170560,Time to First Output Token,ms,p75,27984.97
108,1780554164323170560,1780554165323170560,Time to First Output Token,ms,p90,27984.97
108,1780554164323170560,1780554165323170560,Time to First Output Token,ms,p95,27984.97
108,1780554164323170560,1780554165323170560,Time to First Output Token,ms,p99,27984.97
108,1780554164323170560,1780554165323170560,Time to First Output Token,ms,std,0.00
108,1780554164323170560,1780554165323170560,Time to First Token,ms,avg,27984.97
108,1780554164323170560,1780554165323170560,Time to First Token,ms,min,27984.97
108,1780554164323170560,1780554165323170560,Time to First Token,ms,max,27984.97
108,1780554164323170560,1780554165323170560,Time to First Token,ms,sum,27984.97
108,1780554164323170560,1780554165323170560,Time to First Token,ms,p1,27984.97
108,1780554164323170560,1780554165323170560,Time to First Token,ms,p5,27984.97
108,1780554164323170560,1780554165323170560,Time to First Token,ms,p10,27984.97
108,1780554164323170560,1780554165323170560,Time to First Token,ms,p25,27984.97
108,1780554164323170560,1780554165323170560,Time to First Token,ms,p50,27984.97
108,1780554164323170560,1780554165323170560,Time to First Token,ms,p75,27984.97
108,1780554164323170560,1780554165323170560,Time to First Token,ms,p90,27984.97
108,1780554164323170560,1780554165323170560,Time to First Token,ms,p95,27984.97
108,1780554164323170560,1780554165323170560,Time to First Token,ms,p99,27984.97
108,1780554164323170560,1780554165323170560,Time to First Token,ms,std,0.00
108,1780554164323170560,1780554165323170560,Time to Second Token,ms,avg,40.08
108,1780554164323170560,1780554165323170560,Time to Second Token,ms,min,40.08
108,1780554164323170560,1780554165323170560,Time to Second Token,ms,max,40.08
108,1780554164323170560,1780554165323170560,Time to Second Token,ms,sum,40.08
108,1780554164323170560,1780554165323170560,Time to Second Token,ms,p1,40.08
108,1780554164323170560,1780554165323170560,Time to Second Token,ms,p5,40.08
108,1780554164323170560,1780554165323170560,Time to Second Token,ms,p10,40.08
108,1780554164323170560,1780554165323170560,Time to Second Token,ms,p25,40.08
108,1780554164323170560,1780554165323170560,Time to Second Token,ms,p50,40.08
108,1780554164323170560,1780554165323170560,Time to Second Token,ms,p75,40.08
108,1780554164323170560,1780554165323170560,Time to Second Token,ms,p90,40.08
108,1780554164323170560,1780554165323170560,Time to Second Token,ms,p95,40.08
108,1780554164323170560,1780554165323170560,Time to Second Token,ms,p99,40.08
108,1780554164323170560,1780554165323170560,Time to Second Token,ms,std,0.00
108,1780554164323170560,1780554165323170560,Tokens In Flight,tokens,avg,1417469.11
108,1780554164323170560,1780554165323170560,Tokens In Flight,tokens,min,1388098.79
108,1780554164323170560,1780554165323170560,Tokens In Flight,tokens,max,1419389.86
108,1780554164323170560,1780554165323170560,Tokens In Flight,tokens,p50,1419359.82
108,1780554164323170560,1780554165323170560,Tokens In Flight,tokens,p90,1419382.85
108,1780554164323170560,1780554165323170560,Tokens In Flight,tokens,p95,1419385.85
108,1780554164323170560,1780554165323170560,Tokens In Flight,tokens,p99,1419388.86
108,1780554164323170560,1780554165323170560,Tokens In Flight,tokens,std,7455.46
108,1780554164323170560,1780554165323170560,Total Input Sequence Length,tokens,avg,31232.00
108,1780554164323170560,1780554165323170560,Total Output Sequence Length,tokens,avg,688.00
108,1780554164323170560,1780554165323170560,Total Output Tokens,tokens,avg,688.00
108,1780554164323170560,1780554165323170560,Total Token Throughput,tokens/sec,avg,31920.00
108,1780554164323170560,1780554165323170560,Total Usage Completion Tokens,tokens,avg,688.00
108,1780554164323170560,1780554165323170560,Total Usage Prompt Tokens,tokens,avg,31232.00
108,1780554164323170560,1780554165323170560,Total Usage Total Tokens,tokens,avg,31920.00
108,1780554164323170560,1780554165323170560,Usage Completion Tokens,tokens,avg,688.00
108,1780554164323170560,1780554165323170560,Usage Completion Tokens,tokens,min,688.00
108,1780554164323170560,1780554165323170560,Usage Completion Tokens,tokens,max,688.00
108,1780554164323170560,1780554165323170560,Usage Completion Tokens,tokens,sum,688.00
108,1780554164323170560,1780554165323170560,Usage Completion Tokens,tokens,p1,688.00
108,1780554164323170560,1780554165323170560,Usage Completion Tokens,tokens,p5,688.00
108,1780554164323170560,1780554165323170560,Usage Completion Tokens,tokens,p10,688.00
108,1780554164323170560,1780554165323170560,Usage Completion Tokens,tokens,p25,688.00
108,1780554164323170560,1780554165323170560,Usage Completion Tokens,tokens,p50,688.00
108,1780554164323170560,1780554165323170560,Usage Completion Tokens,tokens,p75,688.00
108,1780554164323170560,1780554165323170560,Usage Completion Tokens,tokens,p90,688.00
108,1780554164323170560,1780554165323170560,Usage Completion Tokens,tokens,p95,688.00
108,1780554164323170560,1780554165323170560,Usage Completion Tokens,tokens,p99,688.00
108,1780554164323170560,1780554165323170560,Usage Completion Tokens,tokens,std,0.00
108,1780554164323170560,1780554165323170560,Usage Prompt Tokens,tokens,avg,31232.00
108,1780554164323170560,1780554165323170560,Usage Prompt Tokens,tokens,min,31232.00
108,1780554164323170560,1780554165323170560,Usage Prompt Tokens,tokens,max,31232.00
108,1780554164323170560,1780554165323170560,Usage Prompt Tokens,tokens,sum,31232.00
108,1780554164323170560,1780554165323170560,Usage Prompt Tokens,tokens,p1,31232.00
108,1780554164323170560,1780554165323170560,Usage Prompt Tokens,tokens,p5,31232.00
108,1780554164323170560,1780554165323170560,Usage Prompt Tokens,tokens,p10,31232.00
108,1780554164323170560,1780554165323170560,Usage Prompt Tokens,tokens,p25,31232.00
108,1780554164323170560,1780554165323170560,Usage Prompt Tokens,tokens,p50,31232.00
108,1780554164323170560,1780554165323170560,Usage Prompt Tokens,tokens,p75,31232.00
108,1780554164323170560,1780554165323170560,Usage Prompt Tokens,tokens,p90,31232.00
108,1780554164323170560,1780554165323170560,Usage Prompt Tokens,tokens,p95,31232.00
108,1780554164323170560,1780554165323170560,Usage Prompt Tokens,tokens,p99,31232.00
108,1780554164323170560,1780554165323170560,Usage Prompt Tokens,tokens,std,0.00
108,1780554164323170560,1780554165323170560,Usage Total Tokens,tokens,avg,31920.00
108,1780554164323170560,1780554165323170560,Usage Total Tokens,tokens,min,31920.00
108,1780554164323170560,1780554165323170560,Usage Total Tokens,tokens,max,31920.00
108,1780554164323170560,1780554165323170560,Usage Total Tokens,tokens,sum,31920.00
108,1780554164323170560,1780554165323170560,Usage Total Tokens,tokens,p1,31920.00
108,1780554164323170560,1780554165323170560,Usage Total Tokens,tokens,p5,31920.00
108,1780554164323170560,1780554165323170560,Usage Total Tokens,tokens,p10,31920.00
108,1780554164323170560,1780554165323170560,Usage Total Tokens,tokens,p25,31920.00
108,1780554164323170560,1780554165323170560,Usage Total Tokens,tokens,p50,31920.00
108,1780554164323170560,1780554165323170560,Usage Total Tokens,tokens,p75,31920.00
108,1780554164323170560,1780554165323170560,Usage Total Tokens,tokens,p90,31920.00
108,1780554164323170560,1780554165323170560,Usage Total Tokens,tokens,p95,31920.00
108,1780554164323170560,1780554165323170560,Usage Total Tokens,tokens,p99,31920.00
108,1780554164323170560,1780554165323170560,Usage Total Tokens,tokens,std,0.00
109,1780554166323170560,1780554167323170560,Active Decode Throughput,tokens/sec,avg,58.59
109,1780554166323170560,1780554167323170560,Active Decode Throughput,tokens/sec,min,43.79
109,1780554166323170560,1780554167323170560,Active Decode Throughput,tokens/sec,max,73.35
109,1780554166323170560,1780554167323170560,Active Decode Throughput,tokens/sec,p50,58.59
109,1780554166323170560,1780554167323170560,Active Decode Throughput,tokens/sec,p90,58.59
109,1780554166323170560,1780554167323170560,Active Decode Throughput,tokens/sec,p95,58.59
109,1780554166323170560,1780554167323170560,Active Decode Throughput,tokens/sec,p99,58.59
109,1780554166323170560,1780554167323170560,Active Decode Throughput,tokens/sec,std,0.02
109,1780554166323170560,1780554167323170560,Active Decode Throughput Per User,tokens/sec/user,avg,5.71
109,1780554166323170560,1780554167323170560,Active Decode Throughput Per User,tokens/sec/user,min,4.03
109,1780554166323170560,1780554167323170560,Active Decode Throughput Per User,tokens/sec/user,max,7.34
109,1780554166323170560,1780554167323170560,Active Decode Throughput Per User,tokens/sec/user,p50,5.86
109,1780554166323170560,1780554167323170560,Active Decode Throughput Per User,tokens/sec/user,p90,5.86
109,1780554166323170560,1780554167323170560,Active Decode Throughput Per User,tokens/sec/user,p95,5.86
109,1780554166323170560,1780554167323170560,Active Decode Throughput Per User,tokens/sec/user,p99,5.86
109,1780554166323170560,1780554167323170560,Active Decode Throughput Per User,tokens/sec/user,std,0.24
109,1780554166323170560,1780554167323170560,Active Prefill Throughput,tokens/sec,avg,6253.89
109,1780554166323170560,1780554167323170560,Active Prefill Throughput,tokens/sec,min,6241.83
109,1780554166323170560,1780554167323170560,Active Prefill Throughput,tokens/sec,max,6258.64
109,1780554166323170560,1780554167323170560,Active Prefill Throughput,tokens/sec,p50,6258.64
109,1780554166323170560,1780554167323170560,Active Prefill Throughput,tokens/sec,p90,6258.64
109,1780554166323170560,1780554167323170560,Active Prefill Throughput,tokens/sec,p95,6258.64
109,1780554166323170560,1780554167323170560,Active Prefill Throughput,tokens/sec,p99,6258.64
109,1780554166323170560,1780554167323170560,Active Prefill Throughput,tokens/sec,std,7.57
109,1780554166323170560,1780554167323170560,Active Prefill Throughput Per User,tokens/sec/user,avg,1710.40
109,1780554166323170560,1780554167323170560,Active Prefill Throughput Per User,tokens/sec/user,min,1564.66
109,1780554166323170560,1780554167323170560,Active Prefill Throughput Per User,tokens/sec/user,max,2080.61
109,1780554166323170560,1780554167323170560,Active Prefill Throughput Per User,tokens/sec/user,p50,1564.66
109,1780554166323170560,1780554167323170560,Active Prefill Throughput Per User,tokens/sec/user,p90,2080.61
109,1780554166323170560,1780554167323170560,Active Prefill Throughput Per User,tokens/sec/user,p95,2080.61
109,1780554166323170560,1780554167323170560,Active Prefill Throughput Per User,tokens/sec/user,p99,2080.61
109,1780554166323170560,1780554167323170560,Active Prefill Throughput Per User,tokens/sec/user,std,232.28
109,1780554166323170560,1780554167323170560,Active Total Throughput,tokens/sec,avg,6329.54
109,1780554166323170560,1780554167323170560,Active Total Throughput,tokens/sec,min,6314.93
109,1780554166323170560,1780554167323170560,Active Total Throughput,tokens/sec,max,6331.74
109,1780554166323170560,1780554167323170560,Active Total Throughput,tokens/sec,p50,6331.74
109,1780554166323170560,1780554167323170560,Active Total Throughput,tokens/sec,p90,6331.74
109,1780554166323170560,1780554167323170560,Active Total Throughput,tokens/sec,p95,6331.74
109,1780554166323170560,1780554167323170560,Active Total Throughput,tokens/sec,p99,6331.74
109,1780554166323170560,1780554167323170560,Active Total Throughput,tokens/sec,std,3.57
109,1780554166323170560,1780554167323170560,Benchmark Duration,sec,avg,29.18
109,1780554166323170560,1780554167323170560,Credit Drop Latency,ms,avg,3.11
109,1780554166323170560,1780554167323170560,Credit Drop Latency,ms,min,3.11
109,1780554166323170560,1780554167323170560,Credit Drop Latency,ms,max,3.11
109,1780554166323170560,1780554167323170560,Credit Drop Latency,ms,sum,3.11
109,1780554166323170560,1780554167323170560,Credit Drop Latency,ms,p1,3.11
109,1780554166323170560,1780554167323170560,Credit Drop Latency,ms,p5,3.11
109,1780554166323170560,1780554167323170560,Credit Drop Latency,ms,p10,3.11
109,1780554166323170560,1780554167323170560,Credit Drop Latency,ms,p25,3.11
109,1780554166323170560,1780554167323170560,Credit Drop Latency,ms,p50,3.11
109,1780554166323170560,1780554167323170560,Credit Drop Latency,ms,p75,3.11
109,1780554166323170560,1780554167323170560,Credit Drop Latency,ms,p90,3.11
109,1780554166323170560,1780554167323170560,Credit Drop Latency,ms,p95,3.11
109,1780554166323170560,1780554167323170560,Credit Drop Latency,ms,p99,3.11
109,1780554166323170560,1780554167323170560,Credit Drop Latency,ms,std,0.00
109,1780554166323170560,1780554167323170560,E2E Output Token Throughput,tokens/sec/user,avg,0.62
109,1780554166323170560,1780554167323170560,E2E Output Token Throughput,tokens/sec/user,min,0.62
109,1780554166323170560,1780554167323170560,E2E Output Token Throughput,tokens/sec/user,max,0.62
109,1780554166323170560,1780554167323170560,E2E Output Token Throughput,tokens/sec/user,sum,0.62
109,1780554166323170560,1780554167323170560,E2E Output Token Throughput,tokens/sec/user,p1,0.62
109,1780554166323170560,1780554167323170560,E2E Output Token Throughput,tokens/sec/user,p5,0.62
109,1780554166323170560,1780554167323170560,E2E Output Token Throughput,tokens/sec/user,p10,0.62
109,1780554166323170560,1780554167323170560,E2E Output Token Throughput,tokens/sec/user,p25,0.62
109,1780554166323170560,1780554167323170560,E2E Output Token Throughput,tokens/sec/user,p50,0.62
109,1780554166323170560,1780554167323170560,E2E Output Token Throughput,tokens/sec/user,p75,0.62
109,1780554166323170560,1780554167323170560,E2E Output Token Throughput,tokens/sec/user,p90,0.62
109,1780554166323170560,1780554167323170560,E2E Output Token Throughput,tokens/sec/user,p95,0.62
109,1780554166323170560,1780554167323170560,E2E Output Token Throughput,tokens/sec/user,p99,0.62
109,1780554166323170560,1780554167323170560,E2E Output Token Throughput,tokens/sec/user,std,0.00
109,1780554166323170560,1780554167323170560,Effective Concurrency,requests,avg,13.99
109,1780554166323170560,1780554167323170560,Effective Concurrency,requests,min,13.00
109,1780554166323170560,1780554167323170560,Effective Concurrency,requests,max,14.00
109,1780554166323170560,1780554167323170560,Effective Concurrency,requests,p50,14.00
109,1780554166323170560,1780554167323170560,Effective Concurrency,requests,p90,14.00
109,1780554166323170560,1780554167323170560,Effective Concurrency,requests,p95,14.00
109,1780554166323170560,1780554167323170560,Effective Concurrency,requests,p99,14.00
109,1780554166323170560,1780554167323170560,Effective Concurrency,requests,std,0.07
109,1780554166323170560,1780554167323170560,Effective Decode Concurrency,requests,avg,10.28
109,1780554166323170560,1780554167323170560,Effective Decode Concurrency,requests,min,10.00
109,1780554166323170560,1780554167323170560,Effective Decode Concurrency,requests,max,11.00
109,1780554166323170560,1780554167323170560,Effective Decode Concurrency,requests,p50,10.00
109,1780554166323170560,1780554167323170560,Effective Decode Concurrency,requests,p90,11.00
109,1780554166323170560,1780554167323170560,Effective Decode Concurrency,requests,p95,11.00
109,1780554166323170560,1780554167323170560,Effective Decode Concurrency,requests,p99,11.00
109,1780554166323170560,1780554167323170560,Effective Decode Concurrency,requests,std,0.45
109,1780554166323170560,1780554167323170560,Effective Decode Throughput,tokens/sec,avg,58.59
109,1780554166323170560,1780554167323170560,Effective Decode Throughput,tokens/sec,min,43.79
109,1780554166323170560,1780554167323170560,Effective Decode Throughput,tokens/sec,max,73.35
109,1780554166323170560,1780554167323170560,Effective Decode Throughput,tokens/sec,p50,58.59
109,1780554166323170560,1780554167323170560,Effective Decode Throughput,tokens/sec,p90,58.59
109,1780554166323170560,1780554167323170560,Effective Decode Throughput,tokens/sec,p95,58.59
109,1780554166323170560,1780554167323170560,Effective Decode Throughput,tokens/sec,p99,58.59
109,1780554166323170560,1780554167323170560,Effective Decode Throughput,tokens/sec,std,0.02
109,1780554166323170560,1780554167323170560,Effective Decode Throughput Per User,tokens/sec/user,avg,5.71
109,1780554166323170560,1780554167323170560,Effective Decode Throughput Per User,tokens/sec/user,min,4.03
109,1780554166323170560,1780554167323170560,Effective Decode Throughput Per User,tokens/sec/user,max,7.34
109,1780554166323170560,1780554167323170560,Effective Decode Throughput Per User,tokens/sec/user,p50,5.86
109,1780554166323170560,1780554167323170560,Effective Decode Throughput Per User,tokens/sec/user,p90,5.86
109,1780554166323170560,1780554167323170560,Effective Decode Throughput Per User,tokens/sec/user,p95,5.86
109,1780554166323170560,1780554167323170560,Effective Decode Throughput Per User,tokens/sec/user,p99,5.86
109,1780554166323170560,1780554167323170560,Effective Decode Throughput Per User,tokens/sec/user,std,0.24
109,1780554166323170560,1780554167323170560,Effective Prefill Concurrency,requests,avg,3.72
109,1780554166323170560,1780554167323170560,Effective Prefill Concurrency,requests,min,3.00
109,1780554166323170560,1780554167323170560,Effective Prefill Concurrency,requests,max,4.00
109,1780554166323170560,1780554167323170560,Effective Prefill Concurrency,requests,p50,4.00
109,1780554166323170560,1780554167323170560,Effective Prefill Concurrency,requests,p90,4.00
109,1780554166323170560,1780554167323170560,Effective Prefill Concurrency,requests,p95,4.00
109,1780554166323170560,1780554167323170560,Effective Prefill Concurrency,requests,p99,4.00
109,1780554166323170560,1780554167323170560,Effective Prefill Concurrency,requests,std,0.45
109,1780554166323170560,1780554167323170560,Effective Prefill Throughput,tokens/sec,avg,6253.89
109,1780554166323170560,1780554167323170560,Effective Prefill Throughput,tokens/sec,min,6241.83
109,1780554166323170560,1780554167323170560,Effective Prefill Throughput,tokens/sec,max,6258.64
109,1780554166323170560,1780554167323170560,Effective Prefill Throughput,tokens/sec,p50,6258.64
109,1780554166323170560,1780554167323170560,Effective Prefill Throughput,tokens/sec,p90,6258.64
109,1780554166323170560,1780554167323170560,Effective Prefill Throughput,tokens/sec,p95,6258.64
109,1780554166323170560,1780554167323170560,Effective Prefill Throughput,tokens/sec,p99,6258.64
109,1780554166323170560,1780554167323170560,Effective Prefill Throughput,tokens/sec,std,7.57
109,1780554166323170560,1780554167323170560,Effective Prefill Throughput Per User,tokens/sec/user,avg,1710.40
109,1780554166323170560,1780554167323170560,Effective Prefill Throughput Per User,tokens/sec/user,min,1564.66
109,1780554166323170560,1780554167323170560,Effective Prefill Throughput Per User,tokens/sec/user,max,2080.61
109,1780554166323170560,1780554167323170560,Effective Prefill Throughput Per User,tokens/sec/user,p50,1564.66
109,1780554166323170560,1780554167323170560,Effective Prefill Throughput Per User,tokens/sec/user,p90,2080.61
109,1780554166323170560,1780554167323170560,Effective Prefill Throughput Per User,tokens/sec/user,p95,2080.61
109,1780554166323170560,1780554167323170560,Effective Prefill Throughput Per User,tokens/sec/user,p99,2080.61
109,1780554166323170560,1780554167323170560,Effective Prefill Throughput Per User,tokens/sec/user,std,232.28
109,1780554166323170560,1780554167323170560,Effective Total Throughput,tokens/sec,avg,6329.54
109,1780554166323170560,1780554167323170560,Effective Total Throughput,tokens/sec,min,6314.93
109,1780554166323170560,1780554167323170560,Effective Total Throughput,tokens/sec,max,6331.74
109,1780554166323170560,1780554167323170560,Effective Total Throughput,tokens/sec,p50,6331.74
109,1780554166323170560,1780554167323170560,Effective Total Throughput,tokens/sec,p90,6331.74
109,1780554166323170560,1780554167323170560,Effective Total Throughput,tokens/sec,p95,6331.74
109,1780554166323170560,1780554167323170560,Effective Total Throughput,tokens/sec,p99,6331.74
109,1780554166323170560,1780554167323170560,Effective Total Throughput,tokens/sec,std,3.57
109,1780554166323170560,1780554167323170560,HTTP Blocked,ms,avg,0.00
109,1780554166323170560,1780554167323170560,HTTP Blocked,ms,min,0.00
109,1780554166323170560,1780554167323170560,HTTP Blocked,ms,max,0.00
109,1780554166323170560,1780554167323170560,HTTP Blocked,ms,sum,0.00
109,1780554166323170560,1780554167323170560,HTTP Blocked,ms,p1,0.00
109,1780554166323170560,1780554167323170560,HTTP Blocked,ms,p5,0.00
109,1780554166323170560,1780554167323170560,HTTP Blocked,ms,p10,0.00
109,1780554166323170560,1780554167323170560,HTTP Blocked,ms,p25,0.00
109,1780554166323170560,1780554167323170560,HTTP Blocked,ms,p50,0.00
109,1780554166323170560,1780554167323170560,HTTP Blocked,ms,p75,0.00
109,1780554166323170560,1780554167323170560,HTTP Blocked,ms,p90,0.00
109,1780554166323170560,1780554167323170560,HTTP Blocked,ms,p95,0.00
109,1780554166323170560,1780554167323170560,HTTP Blocked,ms,p99,0.00
109,1780554166323170560,1780554167323170560,HTTP Blocked,ms,std,0.00
109,1780554166323170560,1780554167323170560,HTTP Chunks Received,count,avg,18.00
109,1780554166323170560,1780554167323170560,HTTP Chunks Received,count,min,18.00
109,1780554166323170560,1780554167323170560,HTTP Chunks Received,count,max,18.00
109,1780554166323170560,1780554167323170560,HTTP Chunks Received,count,sum,18.00
109,1780554166323170560,1780554167323170560,HTTP Chunks Received,count,p1,18.00
109,1780554166323170560,1780554167323170560,HTTP Chunks Received,count,p5,18.00
109,1780554166323170560,1780554167323170560,HTTP Chunks Received,count,p10,18.00
109,1780554166323170560,1780554167323170560,HTTP Chunks Received,count,p25,18.00
109,1780554166323170560,1780554167323170560,HTTP Chunks Received,count,p50,18.00
109,1780554166323170560,1780554167323170560,HTTP Chunks Received,count,p75,18.00
109,1780554166323170560,1780554167323170560,HTTP Chunks Received,count,p90,18.00
109,1780554166323170560,1780554167323170560,HTTP Chunks Received,count,p95,18.00
109,1780554166323170560,1780554167323170560,HTTP Chunks Received,count,p99,18.00
109,1780554166323170560,1780554167323170560,HTTP Chunks Received,count,std,0.00
109,1780554166323170560,1780554167323170560,HTTP Chunks Sent,count,avg,1.00
109,1780554166323170560,1780554167323170560,HTTP Chunks Sent,count,min,1.00
109,1780554166323170560,1780554167323170560,HTTP Chunks Sent,count,max,1.00
109,1780554166323170560,1780554167323170560,HTTP Chunks Sent,count,sum,1.00
109,1780554166323170560,1780554167323170560,HTTP Chunks Sent,count,p1,1.00
109,1780554166323170560,1780554167323170560,HTTP Chunks Sent,count,p5,1.00
109,1780554166323170560,1780554167323170560,HTTP Chunks Sent,count,p10,1.00
109,1780554166323170560,1780554167323170560,HTTP Chunks Sent,count,p25,1.00
109,1780554166323170560,1780554167323170560,HTTP Chunks Sent,count,p50,1.00
109,1780554166323170560,1780554167323170560,HTTP Chunks Sent,count,p75,1.00
109,1780554166323170560,1780554167323170560,HTTP Chunks Sent,count,p90,1.00
109,1780554166323170560,1780554167323170560,HTTP Chunks Sent,count,p95,1.00
109,1780554166323170560,1780554167323170560,HTTP Chunks Sent,count,p99,1.00
109,1780554166323170560,1780554167323170560,HTTP Chunks Sent,count,std,0.00
109,1780554166323170560,1780554167323170560,HTTP Connecting,ms,avg,0.57
109,1780554166323170560,1780554167323170560,HTTP Connecting,ms,min,0.57
109,1780554166323170560,1780554167323170560,HTTP Connecting,ms,max,0.57
109,1780554166323170560,1780554167323170560,HTTP Connecting,ms,sum,0.57
109,1780554166323170560,1780554167323170560,HTTP Connecting,ms,p1,0.57
109,1780554166323170560,1780554167323170560,HTTP Connecting,ms,p5,0.57
109,1780554166323170560,1780554167323170560,HTTP Connecting,ms,p10,0.57
109,1780554166323170560,1780554167323170560,HTTP Connecting,ms,p25,0.57
109,1780554166323170560,1780554167323170560,HTTP Connecting,ms,p50,0.57
109,1780554166323170560,1780554167323170560,HTTP Connecting,ms,p75,0.57
109,1780554166323170560,1780554167323170560,HTTP Connecting,ms,p90,0.57
109,1780554166323170560,1780554167323170560,HTTP Connecting,ms,p95,0.57
109,1780554166323170560,1780554167323170560,HTTP Connecting,ms,p99,0.57
109,1780554166323170560,1780554167323170560,HTTP Connecting,ms,std,0.00
109,1780554166323170560,1780554167323170560,HTTP Connection Overhead,ms,avg,0.57
109,1780554166323170560,1780554167323170560,HTTP Connection Overhead,ms,min,0.57
109,1780554166323170560,1780554167323170560,HTTP Connection Overhead,ms,max,0.57
109,1780554166323170560,1780554167323170560,HTTP Connection Overhead,ms,sum,0.57
109,1780554166323170560,1780554167323170560,HTTP Connection Overhead,ms,p1,0.57
109,1780554166323170560,1780554167323170560,HTTP Connection Overhead,ms,p5,0.57
109,1780554166323170560,1780554167323170560,HTTP Connection Overhead,ms,p10,0.57
109,1780554166323170560,1780554167323170560,HTTP Connection Overhead,ms,p25,0.57
109,1780554166323170560,1780554167323170560,HTTP Connection Overhead,ms,p50,0.57
109,1780554166323170560,1780554167323170560,HTTP Connection Overhead,ms,p75,0.57
109,1780554166323170560,1780554167323170560,HTTP Connection Overhead,ms,p90,0.57
109,1780554166323170560,1780554167323170560,HTTP Connection Overhead,ms,p95,0.57
109,1780554166323170560,1780554167323170560,HTTP Connection Overhead,ms,p99,0.57
109,1780554166323170560,1780554167323170560,HTTP Connection Overhead,ms,std,0.00
109,1780554166323170560,1780554167323170560,HTTP Connection Reused,ratio,avg,0.00
109,1780554166323170560,1780554167323170560,HTTP Connection Reused,ratio,min,0.00
109,1780554166323170560,1780554167323170560,HTTP Connection Reused,ratio,max,0.00
109,1780554166323170560,1780554167323170560,HTTP Connection Reused,ratio,sum,0.00
109,1780554166323170560,1780554167323170560,HTTP Connection Reused,ratio,p1,0.00
109,1780554166323170560,1780554167323170560,HTTP Connection Reused,ratio,p5,0.00
109,1780554166323170560,1780554167323170560,HTTP Connection Reused,ratio,p10,0.00
109,1780554166323170560,1780554167323170560,HTTP Connection Reused,ratio,p25,0.00
109,1780554166323170560,1780554167323170560,HTTP Connection Reused,ratio,p50,0.00
109,1780554166323170560,1780554167323170560,HTTP Connection Reused,ratio,p75,0.00
109,1780554166323170560,1780554167323170560,HTTP Connection Reused,ratio,p90,0.00
109,1780554166323170560,1780554167323170560,HTTP Connection Reused,ratio,p95,0.00
109,1780554166323170560,1780554167323170560,HTTP Connection Reused,ratio,p99,0.00
109,1780554166323170560,1780554167323170560,HTTP Connection Reused,ratio,std,0.00
109,1780554166323170560,1780554167323170560,HTTP Data Received,KB,avg,5.08
109,1780554166323170560,1780554167323170560,HTTP Data Received,KB,min,5.08
109,1780554166323170560,1780554167323170560,HTTP Data Received,KB,max,5.08
109,1780554166323170560,1780554167323170560,HTTP Data Received,KB,sum,5.08
109,1780554166323170560,1780554167323170560,HTTP Data Received,KB,p1,5.08
109,1780554166323170560,1780554167323170560,HTTP Data Received,KB,p5,5.08
109,1780554166323170560,1780554167323170560,HTTP Data Received,KB,p10,5.08
109,1780554166323170560,1780554167323170560,HTTP Data Received,KB,p25,5.08
109,1780554166323170560,1780554167323170560,HTTP Data Received,KB,p50,5.08
109,1780554166323170560,1780554167323170560,HTTP Data Received,KB,p75,5.08
109,1780554166323170560,1780554167323170560,HTTP Data Received,KB,p90,5.08
109,1780554166323170560,1780554167323170560,HTTP Data Received,KB,p95,5.08
109,1780554166323170560,1780554167323170560,HTTP Data Received,KB,p99,5.08
109,1780554166323170560,1780554167323170560,HTTP Data Received,KB,std,0.00
109,1780554166323170560,1780554167323170560,HTTP Data Sent,KB,avg,1.97
109,1780554166323170560,1780554167323170560,HTTP Data Sent,KB,min,1.97
109,1780554166323170560,1780554167323170560,HTTP Data Sent,KB,max,1.97
109,1780554166323170560,1780554167323170560,HTTP Data Sent,KB,sum,1.97
109,1780554166323170560,1780554167323170560,HTTP Data Sent,KB,p1,1.97
109,1780554166323170560,1780554167323170560,HTTP Data Sent,KB,p5,1.97
109,1780554166323170560,1780554167323170560,HTTP Data Sent,KB,p10,1.97
109,1780554166323170560,1780554167323170560,HTTP Data Sent,KB,p25,1.97
109,1780554166323170560,1780554167323170560,HTTP Data Sent,KB,p50,1.97
109,1780554166323170560,1780554167323170560,HTTP Data Sent,KB,p75,1.97
109,1780554166323170560,1780554167323170560,HTTP Data Sent,KB,p90,1.97
109,1780554166323170560,1780554167323170560,HTTP Data Sent,KB,p95,1.97
109,1780554166323170560,1780554167323170560,HTTP Data Sent,KB,p99,1.97
109,1780554166323170560,1780554167323170560,HTTP Data Sent,KB,std,0.00
109,1780554166323170560,1780554167323170560,HTTP DNS Lookup,ms,avg,0.00
109,1780554166323170560,1780554167323170560,HTTP DNS Lookup,ms,min,0.00
109,1780554166323170560,1780554167323170560,HTTP DNS Lookup,ms,max,0.00
109,1780554166323170560,1780554167323170560,HTTP DNS Lookup,ms,sum,0.00
109,1780554166323170560,1780554167323170560,HTTP DNS Lookup,ms,p1,0.00
109,1780554166323170560,1780554167323170560,HTTP DNS Lookup,ms,p5,0.00
109,1780554166323170560,1780554167323170560,HTTP DNS Lookup,ms,p10,0.00
109,1780554166323170560,1780554167323170560,HTTP DNS Lookup,ms,p25,0.00
109,1780554166323170560,1780554167323170560,HTTP DNS Lookup,ms,p50,0.00
109,1780554166323170560,1780554167323170560,HTTP DNS Lookup,ms,p75,0.00
109,1780554166323170560,1780554167323170560,HTTP DNS Lookup,ms,p90,0.00
109,1780554166323170560,1780554167323170560,HTTP DNS Lookup,ms,p95,0.00
109,1780554166323170560,1780554167323170560,HTTP DNS Lookup,ms,p99,0.00
109,1780554166323170560,1780554167323170560,HTTP DNS Lookup,ms,std,0.00
109,1780554166323170560,1780554167323170560,HTTP Duration (excl. conn),ms,avg,29180.29
109,1780554166323170560,1780554167323170560,HTTP Duration (excl. conn),ms,min,29180.29
109,1780554166323170560,1780554167323170560,HTTP Duration (excl. conn),ms,max,29180.29
109,1780554166323170560,1780554167323170560,HTTP Duration (excl. conn),ms,sum,29180.29
109,1780554166323170560,1780554167323170560,HTTP Duration (excl. conn),ms,p1,29180.29
109,1780554166323170560,1780554167323170560,HTTP Duration (excl. conn),ms,p5,29180.29
109,1780554166323170560,1780554167323170560,HTTP Duration (excl. conn),ms,p10,29180.29
109,1780554166323170560,1780554167323170560,HTTP Duration (excl. conn),ms,p25,29180.29
109,1780554166323170560,1780554167323170560,HTTP Duration (excl. conn),ms,p50,29180.29
109,1780554166323170560,1780554167323170560,HTTP Duration (excl. conn),ms,p75,29180.29
109,1780554166323170560,1780554167323170560,HTTP Duration (excl. conn),ms,p90,29180.29
109,1780554166323170560,1780554167323170560,HTTP Duration (excl. conn),ms,p95,29180.29
109,1780554166323170560,1780554167323170560,HTTP Duration (excl. conn),ms,p99,29180.29
109,1780554166323170560,1780554167323170560,HTTP Duration (excl. conn),ms,std,0.00
109,1780554166323170560,1780554167323170560,HTTP Receiving,ms,avg,3417.38
109,1780554166323170560,1780554167323170560,HTTP Receiving,ms,min,3417.38
109,1780554166323170560,1780554167323170560,HTTP Receiving,ms,max,3417.38
109,1780554166323170560,1780554167323170560,HTTP Receiving,ms,sum,3417.38
109,1780554166323170560,1780554167323170560,HTTP Receiving,ms,p1,3417.38
109,1780554166323170560,1780554167323170560,HTTP Receiving,ms,p5,3417.38
109,1780554166323170560,1780554167323170560,HTTP Receiving,ms,p10,3417.38
109,1780554166323170560,1780554167323170560,HTTP Receiving,ms,p25,3417.38
109,1780554166323170560,1780554167323170560,HTTP Receiving,ms,p50,3417.38
109,1780554166323170560,1780554167323170560,HTTP Receiving,ms,p75,3417.38
109,1780554166323170560,1780554167323170560,HTTP Receiving,ms,p90,3417.38
109,1780554166323170560,1780554167323170560,HTTP Receiving,ms,p95,3417.38
109,1780554166323170560,1780554167323170560,HTTP Receiving,ms,p99,3417.38
109,1780554166323170560,1780554167323170560,HTTP Receiving,ms,std,0.00
109,1780554166323170560,1780554167323170560,HTTP Sending,ms,avg,0.83
109,1780554166323170560,1780554167323170560,HTTP Sending,ms,min,0.83
109,1780554166323170560,1780554167323170560,HTTP Sending,ms,max,0.83
109,1780554166323170560,1780554167323170560,HTTP Sending,ms,sum,0.83
109,1780554166323170560,1780554167323170560,HTTP Sending,ms,p1,0.83
109,1780554166323170560,1780554167323170560,HTTP Sending,ms,p5,0.83
109,1780554166323170560,1780554167323170560,HTTP Sending,ms,p10,0.83
109,1780554166323170560,1780554167323170560,HTTP Sending,ms,p25,0.83
109,1780554166323170560,1780554167323170560,HTTP Sending,ms,p50,0.83
109,1780554166323170560,1780554167323170560,HTTP Sending,ms,p75,0.83
109,1780554166323170560,1780554167323170560,HTTP Sending,ms,p90,0.83
109,1780554166323170560,1780554167323170560,HTTP Sending,ms,p95,0.83
109,1780554166323170560,1780554167323170560,HTTP Sending,ms,p99,0.83
109,1780554166323170560,1780554167323170560,HTTP Sending,ms,std,0.00
109,1780554166323170560,1780554167323170560,HTTP Total Time,ms,avg,29180.86
109,1780554166323170560,1780554167323170560,HTTP Total Time,ms,min,29180.86
109,1780554166323170560,1780554167323170560,HTTP Total Time,ms,max,29180.86
109,1780554166323170560,1780554167323170560,HTTP Total Time,ms,sum,29180.86
109,1780554166323170560,1780554167323170560,HTTP Total Time,ms,p1,29180.86
109,1780554166323170560,1780554167323170560,HTTP Total Time,ms,p5,29180.86
109,1780554166323170560,1780554167323170560,HTTP Total Time,ms,p10,29180.86
109,1780554166323170560,1780554167323170560,HTTP Total Time,ms,p25,29180.86
109,1780554166323170560,1780554167323170560,HTTP Total Time,ms,p50,29180.86
109,1780554166323170560,1780554167323170560,HTTP Total Time,ms,p75,29180.86
109,1780554166323170560,1780554167323170560,HTTP Total Time,ms,p90,29180.86
109,1780554166323170560,1780554167323170560,HTTP Total Time,ms,p95,29180.86
109,1780554166323170560,1780554167323170560,HTTP Total Time,ms,p99,29180.86
109,1780554166323170560,1780554167323170560,HTTP Total Time,ms,std,0.00
109,1780554166323170560,1780554167323170560,HTTP Waiting (TTFB),ms,avg,25762.09
109,1780554166323170560,1780554167323170560,HTTP Waiting (TTFB),ms,min,25762.09
109,1780554166323170560,1780554167323170560,HTTP Waiting (TTFB),ms,max,25762.09
109,1780554166323170560,1780554167323170560,HTTP Waiting (TTFB),ms,sum,25762.09
109,1780554166323170560,1780554167323170560,HTTP Waiting (TTFB),ms,p1,25762.09
109,1780554166323170560,1780554167323170560,HTTP Waiting (TTFB),ms,p5,25762.09
109,1780554166323170560,1780554167323170560,HTTP Waiting (TTFB),ms,p10,25762.09
109,1780554166323170560,1780554167323170560,HTTP Waiting (TTFB),ms,p25,25762.09
109,1780554166323170560,1780554167323170560,HTTP Waiting (TTFB),ms,p50,25762.09
109,1780554166323170560,1780554167323170560,HTTP Waiting (TTFB),ms,p75,25762.09
109,1780554166323170560,1780554167323170560,HTTP Waiting (TTFB),ms,p90,25762.09
109,1780554166323170560,1780554167323170560,HTTP Waiting (TTFB),ms,p95,25762.09
109,1780554166323170560,1780554167323170560,HTTP Waiting (TTFB),ms,p99,25762.09
109,1780554166323170560,1780554167323170560,HTTP Waiting (TTFB),ms,std,0.00
109,1780554166323170560,1780554167323170560,Input Sequence Length,tokens,avg,433.00
109,1780554166323170560,1780554167323170560,Input Sequence Length,tokens,min,433.00
109,1780554166323170560,1780554167323170560,Input Sequence Length,tokens,max,433.00
109,1780554166323170560,1780554167323170560,Input Sequence Length,tokens,sum,433.00
109,1780554166323170560,1780554167323170560,Input Sequence Length,tokens,p1,433.00
109,1780554166323170560,1780554167323170560,Input Sequence Length,tokens,p5,433.00
109,1780554166323170560,1780554167323170560,Input Sequence Length,tokens,p10,433.00
109,1780554166323170560,1780554167323170560,Input Sequence Length,tokens,p25,433.00
109,1780554166323170560,1780554167323170560,Input Sequence Length,tokens,p50,433.00
109,1780554166323170560,1780554167323170560,Input Sequence Length,tokens,p75,433.00
109,1780554166323170560,1780554167323170560,Input Sequence Length,tokens,p90,433.00
109,1780554166323170560,1780554167323170560,Input Sequence Length,tokens,p95,433.00
109,1780554166323170560,1780554167323170560,Input Sequence Length,tokens,p99,433.00
109,1780554166323170560,1780554167323170560,Input Sequence Length,tokens,std,0.00
109,1780554166323170560,1780554167323170560,Input Token Throughput,tokens/sec,avg,433.00
109,1780554166323170560,1780554167323170560,Inter Chunk Latency,ms,avg,67.73
109,1780554166323170560,1780554167323170560,Inter Chunk Latency,ms,min,67.73
109,1780554166323170560,1780554167323170560,Inter Chunk Latency,ms,max,67.74
109,1780554166323170560,1780554167323170560,Inter Chunk Latency,ms,sum,1151.49
109,1780554166323170560,1780554167323170560,Inter Chunk Latency,ms,p1,67.73
109,1780554166323170560,1780554167323170560,Inter Chunk Latency,ms,p5,67.73
109,1780554166323170560,1780554167323170560,Inter Chunk Latency,ms,p10,67.73
109,1780554166323170560,1780554167323170560,Inter Chunk Latency,ms,p25,67.73
109,1780554166323170560,1780554167323170560,Inter Chunk Latency,ms,p50,67.73
109,1780554166323170560,1780554167323170560,Inter Chunk Latency,ms,p75,67.74
109,1780554166323170560,1780554167323170560,Inter Chunk Latency,ms,p90,67.74
109,1780554166323170560,1780554167323170560,Inter Chunk Latency,ms,p95,67.74
109,1780554166323170560,1780554167323170560,Inter Chunk Latency,ms,p99,67.74
109,1780554166323170560,1780554167323170560,Inter Chunk Latency,ms,std,0.00
109,1780554166323170560,1780554167323170560,Inter Token Latency,ms,avg,201.02
109,1780554166323170560,1780554167323170560,Inter Token Latency,ms,min,201.02
109,1780554166323170560,1780554167323170560,Inter Token Latency,ms,max,201.02
109,1780554166323170560,1780554167323170560,Inter Token Latency,ms,sum,201.02
109,1780554166323170560,1780554167323170560,Inter Token Latency,ms,p1,201.02
109,1780554166323170560,1780554167323170560,Inter Token Latency,ms,p5,201.02
109,1780554166323170560,1780554167323170560,Inter Token Latency,ms,p10,201.02
109,1780554166323170560,1780554167323170560,Inter Token Latency,ms,p25,201.02
109,1780554166323170560,1780554167323170560,Inter Token Latency,ms,p50,201.02
109,1780554166323170560,1780554167323170560,Inter Token Latency,ms,p75,201.02
109,1780554166323170560,1780554167323170560,Inter Token Latency,ms,p90,201.02
109,1780554166323170560,1780554167323170560,Inter Token Latency,ms,p95,201.02
109,1780554166323170560,1780554167323170560,Inter Token Latency,ms,p99,201.02
109,1780554166323170560,1780554167323170560,Inter Token Latency,ms,std,0.00
109,1780554166323170560,1780554167323170560,Maximum Response Timestamp,ns,avg,1780554195786044928.00
109,1780554166323170560,1780554167323170560,Minimum Request Timestamp,ns,avg,1780554166605636608.00
109,1780554166323170560,1780554167323170560,OSL Mismatch Count,requests,avg,0.00
109,1780554166323170560,1780554167323170560,OSL Mismatch Diff %,%,avg,0.00
109,1780554166323170560,1780554167323170560,OSL Mismatch Diff %,%,min,0.00
109,1780554166323170560,1780554167323170560,OSL Mismatch Diff %,%,max,0.00
109,1780554166323170560,1780554167323170560,OSL Mismatch Diff %,%,sum,0.00
109,1780554166323170560,1780554167323170560,OSL Mismatch Diff %,%,p1,0.00
109,1780554166323170560,1780554167323170560,OSL Mismatch Diff %,%,p5,0.00
109,1780554166323170560,1780554167323170560,OSL Mismatch Diff %,%,p10,0.00
109,1780554166323170560,1780554167323170560,OSL Mismatch Diff %,%,p25,0.00
109,1780554166323170560,1780554167323170560,OSL Mismatch Diff %,%,p50,0.00
109,1780554166323170560,1780554167323170560,OSL Mismatch Diff %,%,p75,0.00
109,1780554166323170560,1780554167323170560,OSL Mismatch Diff %,%,p90,0.00
109,1780554166323170560,1780554167323170560,OSL Mismatch Diff %,%,p95,0.00
109,1780554166323170560,1780554167323170560,OSL Mismatch Diff %,%,p99,0.00
109,1780554166323170560,1780554167323170560,OSL Mismatch Diff %,%,std,0.00
109,1780554166323170560,1780554167323170560,Output Sequence Length,tokens,avg,18.00
109,1780554166323170560,1780554167323170560,Output Sequence Length,tokens,min,18.00
109,1780554166323170560,1780554167323170560,Output Sequence Length,tokens,max,18.00
109,1780554166323170560,1780554167323170560,Output Sequence Length,tokens,sum,18.00
109,1780554166323170560,1780554167323170560,Output Sequence Length,tokens,p1,18.00
109,1780554166323170560,1780554167323170560,Output Sequence Length,tokens,p5,18.00
109,1780554166323170560,1780554167323170560,Output Sequence Length,tokens,p10,18.00
109,1780554166323170560,1780554167323170560,Output Sequence Length,tokens,p25,18.00
109,1780554166323170560,1780554167323170560,Output Sequence Length,tokens,p50,18.00
109,1780554166323170560,1780554167323170560,Output Sequence Length,tokens,p75,18.00
109,1780554166323170560,1780554167323170560,Output Sequence Length,tokens,p90,18.00
109,1780554166323170560,1780554167323170560,Output Sequence Length,tokens,p95,18.00
109,1780554166323170560,1780554167323170560,Output Sequence Length,tokens,p99,18.00
109,1780554166323170560,1780554167323170560,Output Sequence Length,tokens,std,0.00
109,1780554166323170560,1780554167323170560,Output Token Count,tokens,avg,18.00
109,1780554166323170560,1780554167323170560,Output Token Count,tokens,min,18.00
109,1780554166323170560,1780554167323170560,Output Token Count,tokens,max,18.00
109,1780554166323170560,1780554167323170560,Output Token Count,tokens,sum,18.00
109,1780554166323170560,1780554167323170560,Output Token Count,tokens,p1,18.00
109,1780554166323170560,1780554167323170560,Output Token Count,tokens,p5,18.00
109,1780554166323170560,1780554167323170560,Output Token Count,tokens,p10,18.00
109,1780554166323170560,1780554167323170560,Output Token Count,tokens,p25,18.00
109,1780554166323170560,1780554167323170560,Output Token Count,tokens,p50,18.00
109,1780554166323170560,1780554167323170560,Output Token Count,tokens,p75,18.00
109,1780554166323170560,1780554167323170560,Output Token Count,tokens,p90,18.00
109,1780554166323170560,1780554167323170560,Output Token Count,tokens,p95,18.00
109,1780554166323170560,1780554167323170560,Output Token Count,tokens,p99,18.00
109,1780554166323170560,1780554167323170560,Output Token Count,tokens,std,0.00
109,1780554166323170560,1780554167323170560,Output Token Throughput,tokens/sec,avg,18.00
109,1780554166323170560,1780554167323170560,Output Token Throughput Per User,tokens/sec/user,avg,4.97
109,1780554166323170560,1780554167323170560,Output Token Throughput Per User,tokens/sec/user,min,4.97
109,1780554166323170560,1780554167323170560,Output Token Throughput Per User,tokens/sec/user,max,4.97
109,1780554166323170560,1780554167323170560,Output Token Throughput Per User,tokens/sec/user,sum,4.97
109,1780554166323170560,1780554167323170560,Output Token Throughput Per User,tokens/sec/user,p1,4.97
109,1780554166323170560,1780554167323170560,Output Token Throughput Per User,tokens/sec/user,p5,4.97
109,1780554166323170560,1780554167323170560,Output Token Throughput Per User,tokens/sec/user,p10,4.97
109,1780554166323170560,1780554167323170560,Output Token Throughput Per User,tokens/sec/user,p25,4.97
109,1780554166323170560,1780554167323170560,Output Token Throughput Per User,tokens/sec/user,p50,4.97
109,1780554166323170560,1780554167323170560,Output Token Throughput Per User,tokens/sec/user,p75,4.97
109,1780554166323170560,1780554167323170560,Output Token Throughput Per User,tokens/sec/user,p90,4.97
109,1780554166323170560,1780554167323170560,Output Token Throughput Per User,tokens/sec/user,p95,4.97
109,1780554166323170560,1780554167323170560,Output Token Throughput Per User,tokens/sec/user,p99,4.97
109,1780554166323170560,1780554167323170560,Output Token Throughput Per User,tokens/sec/user,std,0.00
109,1780554166323170560,1780554167323170560,Prefill Throughput Per User,tokens/sec/user,avg,16.81
109,1780554166323170560,1780554167323170560,Prefill Throughput Per User,tokens/sec/user,min,16.81
109,1780554166323170560,1780554167323170560,Prefill Throughput Per User,tokens/sec/user,max,16.81
109,1780554166323170560,1780554167323170560,Prefill Throughput Per User,tokens/sec/user,sum,16.81
109,1780554166323170560,1780554167323170560,Prefill Throughput Per User,tokens/sec/user,p1,16.81
109,1780554166323170560,1780554167323170560,Prefill Throughput Per User,tokens/sec/user,p5,16.81
109,1780554166323170560,1780554167323170560,Prefill Throughput Per User,tokens/sec/user,p10,16.81
109,1780554166323170560,1780554167323170560,Prefill Throughput Per User,tokens/sec/user,p25,16.81
109,1780554166323170560,1780554167323170560,Prefill Throughput Per User,tokens/sec/user,p50,16.81
109,1780554166323170560,1780554167323170560,Prefill Throughput Per User,tokens/sec/user,p75,16.81
109,1780554166323170560,1780554167323170560,Prefill Throughput Per User,tokens/sec/user,p90,16.81
109,1780554166323170560,1780554167323170560,Prefill Throughput Per User,tokens/sec/user,p95,16.81
109,1780554166323170560,1780554167323170560,Prefill Throughput Per User,tokens/sec/user,p99,16.81
109,1780554166323170560,1780554167323170560,Prefill Throughput Per User,tokens/sec/user,std,0.00
109,1780554166323170560,1780554167323170560,Request Count,requests,avg,1.00
109,1780554166323170560,1780554167323170560,Request Latency,ms,avg,29180.41
109,1780554166323170560,1780554167323170560,Request Latency,ms,min,29180.41
109,1780554166323170560,1780554167323170560,Request Latency,ms,max,29180.41
109,1780554166323170560,1780554167323170560,Request Latency,ms,sum,29180.41
109,1780554166323170560,1780554167323170560,Request Latency,ms,p1,29180.41
109,1780554166323170560,1780554167323170560,Request Latency,ms,p5,29180.41
109,1780554166323170560,1780554167323170560,Request Latency,ms,p10,29180.41
109,1780554166323170560,1780554167323170560,Request Latency,ms,p25,29180.41
109,1780554166323170560,1780554167323170560,Request Latency,ms,p50,29180.41
109,1780554166323170560,1780554167323170560,Request Latency,ms,p75,29180.41
109,1780554166323170560,1780554167323170560,Request Latency,ms,p90,29180.41
109,1780554166323170560,1780554167323170560,Request Latency,ms,p95,29180.41
109,1780554166323170560,1780554167323170560,Request Latency,ms,p99,29180.41
109,1780554166323170560,1780554167323170560,Request Latency,ms,std,0.00
109,1780554166323170560,1780554167323170560,Request Throughput,requests/sec,avg,1.00
109,1780554166323170560,1780554167323170560,Requested OSL,tokens,avg,18.00
109,1780554166323170560,1780554167323170560,Requested OSL,tokens,min,18.00
109,1780554166323170560,1780554167323170560,Requested OSL,tokens,max,18.00
109,1780554166323170560,1780554167323170560,Requested OSL,tokens,sum,18.00
109,1780554166323170560,1780554167323170560,Requested OSL,tokens,p1,18.00
109,1780554166323170560,1780554167323170560,Requested OSL,tokens,p5,18.00
109,1780554166323170560,1780554167323170560,Requested OSL,tokens,p10,18.00
109,1780554166323170560,1780554167323170560,Requested OSL,tokens,p25,18.00
109,1780554166323170560,1780554167323170560,Requested OSL,tokens,p50,18.00
109,1780554166323170560,1780554167323170560,Requested OSL,tokens,p75,18.00
109,1780554166323170560,1780554167323170560,Requested OSL,tokens,p90,18.00
109,1780554166323170560,1780554167323170560,Requested OSL,tokens,p95,18.00
109,1780554166323170560,1780554167323170560,Requested OSL,tokens,p99,18.00
109,1780554166323170560,1780554167323170560,Requested OSL,tokens,std,0.00
109,1780554166323170560,1780554167323170560,Time to First Output Token,ms,avg,25763.03
109,1780554166323170560,1780554167323170560,Time to First Output Token,ms,min,25763.03
109,1780554166323170560,1780554167323170560,Time to First Output Token,ms,max,25763.03
109,1780554166323170560,1780554167323170560,Time to First Output Token,ms,sum,25763.03
109,1780554166323170560,1780554167323170560,Time to First Output Token,ms,p1,25763.03
109,1780554166323170560,1780554167323170560,Time to First Output Token,ms,p5,25763.03
109,1780554166323170560,1780554167323170560,Time to First Output Token,ms,p10,25763.03
109,1780554166323170560,1780554167323170560,Time to First Output Token,ms,p25,25763.03
109,1780554166323170560,1780554167323170560,Time to First Output Token,ms,p50,25763.03
109,1780554166323170560,1780554167323170560,Time to First Output Token,ms,p75,25763.03
109,1780554166323170560,1780554167323170560,Time to First Output Token,ms,p90,25763.03
109,1780554166323170560,1780554167323170560,Time to First Output Token,ms,p95,25763.03
109,1780554166323170560,1780554167323170560,Time to First Output Token,ms,p99,25763.03
109,1780554166323170560,1780554167323170560,Time to First Output Token,ms,std,0.00
109,1780554166323170560,1780554167323170560,Time to First Token,ms,avg,25763.03
109,1780554166323170560,1780554167323170560,Time to First Token,ms,min,25763.03
109,1780554166323170560,1780554167323170560,Time to First Token,ms,max,25763.03
109,1780554166323170560,1780554167323170560,Time to First Token,ms,sum,25763.03
109,1780554166323170560,1780554167323170560,Time to First Token,ms,p1,25763.03
109,1780554166323170560,1780554167323170560,Time to First Token,ms,p5,25763.03
109,1780554166323170560,1780554167323170560,Time to First Token,ms,p10,25763.03
109,1780554166323170560,1780554167323170560,Time to First Token,ms,p25,25763.03
109,1780554166323170560,1780554167323170560,Time to First Token,ms,p50,25763.03
109,1780554166323170560,1780554167323170560,Time to First Token,ms,p75,25763.03
109,1780554166323170560,1780554167323170560,Time to First Token,ms,p90,25763.03
109,1780554166323170560,1780554167323170560,Time to First Token,ms,p95,25763.03
109,1780554166323170560,1780554167323170560,Time to First Token,ms,p99,25763.03
109,1780554166323170560,1780554167323170560,Time to First Token,ms,std,0.00
109,1780554166323170560,1780554167323170560,Time to Second Token,ms,avg,39.96
109,1780554166323170560,1780554167323170560,Time to Second Token,ms,min,39.96
109,1780554166323170560,1780554167323170560,Time to Second Token,ms,max,39.96
109,1780554166323170560,1780554167323170560,Time to Second Token,ms,sum,39.96
109,1780554166323170560,1780554167323170560,Time to Second Token,ms,p1,39.96
109,1780554166323170560,1780554167323170560,Time to Second Token,ms,p5,39.96
109,1780554166323170560,1780554167323170560,Time to Second Token,ms,p10,39.96
109,1780554166323170560,1780554167323170560,Time to Second Token,ms,p25,39.96
109,1780554166323170560,1780554167323170560,Time to Second Token,ms,p50,39.96
109,1780554166323170560,1780554167323170560,Time to Second Token,ms,p75,39.96
109,1780554166323170560,1780554167323170560,Time to Second Token,ms,p90,39.96
109,1780554166323170560,1780554167323170560,Time to Second Token,ms,p95,39.96
109,1780554166323170560,1780554167323170560,Time to Second Token,ms,p99,39.96
109,1780554166323170560,1780554167323170560,Time to Second Token,ms,std,0.00
109,1780554166323170560,1780554167323170560,Tokens In Flight,tokens,avg,1365513.18
109,1780554166323170560,1780554167323170560,Tokens In Flight,tokens,min,1344369.95
109,1780554166323170560,1780554167323170560,Tokens In Flight,tokens,max,1419462.95
109,1780554166323170560,1780554167323170560,Tokens In Flight,tokens,p50,1344833.98
109,1780554166323170560,1780554167323170560,Tokens In Flight,tokens,p90,1419457.94
109,1780554166323170560,1780554167323170560,Tokens In Flight,tokens,p95,1419461.94
109,1780554166323170560,1780554167323170560,Tokens In Flight,tokens,p99,1419462.95
109,1780554166323170560,1780554167323170560,Tokens In Flight,tokens,std,33408.58
109,1780554166323170560,1780554167323170560,Total Input Sequence Length,tokens,avg,433.00
109,1780554166323170560,1780554167323170560,Total Output Sequence Length,tokens,avg,18.00
109,1780554166323170560,1780554167323170560,Total Output Tokens,tokens,avg,18.00
109,1780554166323170560,1780554167323170560,Total Token Throughput,tokens/sec,avg,451.00
109,1780554166323170560,1780554167323170560,Total Usage Completion Tokens,tokens,avg,18.00
109,1780554166323170560,1780554167323170560,Total Usage Prompt Tokens,tokens,avg,433.00
109,1780554166323170560,1780554167323170560,Total Usage Total Tokens,tokens,avg,451.00
109,1780554166323170560,1780554167323170560,Usage Completion Tokens,tokens,avg,18.00
109,1780554166323170560,1780554167323170560,Usage Completion Tokens,tokens,min,18.00
109,1780554166323170560,1780554167323170560,Usage Completion Tokens,tokens,max,18.00
109,1780554166323170560,1780554167323170560,Usage Completion Tokens,tokens,sum,18.00
109,1780554166323170560,1780554167323170560,Usage Completion Tokens,tokens,p1,18.00
109,1780554166323170560,1780554167323170560,Usage Completion Tokens,tokens,p5,18.00
109,1780554166323170560,1780554167323170560,Usage Completion Tokens,tokens,p10,18.00
109,1780554166323170560,1780554167323170560,Usage Completion Tokens,tokens,p25,18.00
109,1780554166323170560,1780554167323170560,Usage Completion Tokens,tokens,p50,18.00
109,1780554166323170560,1780554167323170560,Usage Completion Tokens,tokens,p75,18.00
109,1780554166323170560,1780554167323170560,Usage Completion Tokens,tokens,p90,18.00
109,1780554166323170560,1780554167323170560,Usage Completion Tokens,tokens,p95,18.00
109,1780554166323170560,1780554167323170560,Usage Completion Tokens,tokens,p99,18.00
109,1780554166323170560,1780554167323170560,Usage Completion Tokens,tokens,std,0.00
109,1780554166323170560,1780554167323170560,Usage Prompt Tokens,tokens,avg,433.00
109,1780554166323170560,1780554167323170560,Usage Prompt Tokens,tokens,min,433.00
109,1780554166323170560,1780554167323170560,Usage Prompt Tokens,tokens,max,433.00
109,1780554166323170560,1780554167323170560,Usage Prompt Tokens,tokens,sum,433.00
109,1780554166323170560,1780554167323170560,Usage Prompt Tokens,tokens,p1,433.00
109,1780554166323170560,1780554167323170560,Usage Prompt Tokens,tokens,p5,433.00
109,1780554166323170560,1780554167323170560,Usage Prompt Tokens,tokens,p10,433.00
109,1780554166323170560,1780554167323170560,Usage Prompt Tokens,tokens,p25,433.00
109,1780554166323170560,1780554167323170560,Usage Prompt Tokens,tokens,p50,433.00
109,1780554166323170560,1780554167323170560,Usage Prompt Tokens,tokens,p75,433.00
109,1780554166323170560,1780554167323170560,Usage Prompt Tokens,tokens,p90,433.00
109,1780554166323170560,1780554167323170560,Usage Prompt Tokens,tokens,p95,433.00
109,1780554166323170560,1780554167323170560,Usage Prompt Tokens,tokens,p99,433.00
109,1780554166323170560,1780554167323170560,Usage Prompt Tokens,tokens,std,0.00
109,1780554166323170560,1780554167323170560,Usage Total Tokens,tokens,avg,451.00
109,1780554166323170560,1780554167323170560,Usage Total Tokens,tokens,min,451.00
109,1780554166323170560,1780554167323170560,Usage Total Tokens,tokens,max,451.00
109,1780554166323170560,1780554167323170560,Usage Total Tokens,tokens,sum,451.00
109,1780554166323170560,1780554167323170560,Usage Total Tokens,tokens,p1,451.00
109,1780554166323170560,1780554167323170560,Usage Total Tokens,tokens,p5,451.00
109,1780554166323170560,1780554167323170560,Usage Total Tokens,tokens,p10,451.00
109,1780554166323170560,1780554167323170560,Usage Total Tokens,tokens,p25,451.00
109,1780554166323170560,1780554167323170560,Usage Total Tokens,tokens,p50,451.00
109,1780554166323170560,1780554167323170560,Usage Total Tokens,tokens,p75,451.00
109,1780554166323170560,1780554167323170560,Usage Total Tokens,tokens,p90,451.00
109,1780554166323170560,1780554167323170560,Usage Total Tokens,tokens,p95,451.00
109,1780554166323170560,1780554167323170560,Usage Total Tokens,tokens,p99,451.00
109,1780554166323170560,1780554167323170560,Usage Total Tokens,tokens,std,0.00
110,1780554169323170560,1780554170323170560,Active Decode Throughput,tokens/sec,avg,46.32
110,1780554169323170560,1780554170323170560,Active Decode Throughput,tokens/sec,min,29.02
110,1780554169323170560,1780554170323170560,Active Decode Throughput,tokens/sec,max,73.35
110,1780554169323170560,1780554170323170560,Active Decode Throughput,tokens/sec,p50,43.79
110,1780554169323170560,1780554170323170560,Active Decode Throughput,tokens/sec,p90,58.58
110,1780554169323170560,1780554170323170560,Active Decode Throughput,tokens/sec,p95,58.58
110,1780554169323170560,1780554170323170560,Active Decode Throughput,tokens/sec,p99,58.58
110,1780554169323170560,1780554170323170560,Active Decode Throughput,tokens/sec,std,5.57
110,1780554169323170560,1780554170323170560,Active Decode Throughput Per User,tokens/sec/user,avg,4.63
110,1780554169323170560,1780554170323170560,Active Decode Throughput Per User,tokens/sec/user,min,2.90
110,1780554169323170560,1780554170323170560,Active Decode Throughput Per User,tokens/sec/user,max,7.33
110,1780554169323170560,1780554170323170560,Active Decode Throughput Per User,tokens/sec/user,p50,4.38
110,1780554169323170560,1780554170323170560,Active Decode Throughput Per User,tokens/sec/user,p90,5.86
110,1780554169323170560,1780554170323170560,Active Decode Throughput Per User,tokens/sec/user,p95,5.86
110,1780554169323170560,1780554170323170560,Active Decode Throughput Per User,tokens/sec/user,p99,5.86
110,1780554169323170560,1780554170323170560,Active Decode Throughput Per User,tokens/sec/user,std,0.56
110,1780554169323170560,1780554170323170560,Active Prefill Throughput,tokens/sec,avg,7081.15
110,1780554169323170560,1780554170323170560,Active Prefill Throughput,tokens/sec,min,6258.64
110,1780554169323170560,1780554170323170560,Active Prefill Throughput,tokens/sec,max,9552.31
110,1780554169323170560,1780554170323170560,Active Prefill Throughput,tokens/sec,p50,6258.64
110,1780554169323170560,1780554170323170560,Active Prefill Throughput,tokens/sec,p90,9552.31
110,1780554169323170560,1780554170323170560,Active Prefill Throughput,tokens/sec,p95,9552.31
110,1780554169323170560,1780554170323170560,Active Prefill Throughput,tokens/sec,p99,9552.31
110,1780554169323170560,1780554170323170560,Active Prefill Throughput,tokens/sec,std,1425.68
110,1780554169323170560,1780554170323170560,Active Prefill Throughput Per User,tokens/sec/user,avg,1651.01
110,1780554169323170560,1780554170323170560,Active Prefill Throughput Per User,tokens/sec/user,min,1564.66
110,1780554169323170560,1780554170323170560,Active Prefill Throughput Per User,tokens/sec/user,max,1910.46
110,1780554169323170560,1780554170323170560,Active Prefill Throughput Per User,tokens/sec/user,p50,1564.66
110,1780554169323170560,1780554170323170560,Active Prefill Throughput Per User,tokens/sec/user,p90,1910.46
110,1780554169323170560,1780554170323170560,Active Prefill Throughput Per User,tokens/sec/user,p95,1910.46
110,1780554169323170560,1780554170323170560,Active Prefill Throughput Per User,tokens/sec/user,p99,1910.46
110,1780554169323170560,1780554170323170560,Active Prefill Throughput Per User,tokens/sec/user,std,149.68
110,1780554169323170560,1780554170323170560,Active Total Throughput,tokens/sec,avg,7154.25
110,1780554169323170560,1780554170323170560,Active Total Throughput,tokens/sec,min,6331.74
110,1780554169323170560,1780554170323170560,Active Total Throughput,tokens/sec,max,9625.40
110,1780554169323170560,1780554170323170560,Active Total Throughput,tokens/sec,p50,6331.74
110,1780554169323170560,1780554170323170560,Active Total Throughput,tokens/sec,p90,9625.40
110,1780554169323170560,1780554170323170560,Active Total Throughput,tokens/sec,p95,9625.40
110,1780554169323170560,1780554170323170560,Active Total Throughput,tokens/sec,p99,9625.40
110,1780554169323170560,1780554170323170560,Active Total Throughput,tokens/sec,std,1425.68
110,1780554169323170560,1780554170323170560,Benchmark Duration,sec,avg,90.05
110,1780554169323170560,1780554170323170560,E2E Output Token Throughput,tokens/sec/user,avg,3.54
110,1780554169323170560,1780554170323170560,E2E Output Token Throughput,tokens/sec/user,min,3.54
110,1780554169323170560,1780554170323170560,E2E Output Token Throughput,tokens/sec/user,max,3.54
110,1780554169323170560,1780554170323170560,E2E Output Token Throughput,tokens/sec/user,sum,3.54
110,1780554169323170560,1780554170323170560,E2E Output Token Throughput,tokens/sec/user,p1,3.54
110,1780554169323170560,1780554170323170560,E2E Output Token Throughput,tokens/sec/user,p5,3.54
110,1780554169323170560,1780554170323170560,E2E Output Token Throughput,tokens/sec/user,p10,3.54
110,1780554169323170560,1780554170323170560,E2E Output Token Throughput,tokens/sec/user,p25,3.54
110,1780554169323170560,1780554170323170560,E2E Output Token Throughput,tokens/sec/user,p50,3.54
110,1780554169323170560,1780554170323170560,E2E Output Token Throughput,tokens/sec/user,p75,3.54
110,1780554169323170560,1780554170323170560,E2E Output Token Throughput,tokens/sec/user,p90,3.54
110,1780554169323170560,1780554170323170560,E2E Output Token Throughput,tokens/sec/user,p95,3.54
110,1780554169323170560,1780554170323170560,E2E Output Token Throughput,tokens/sec/user,p99,3.54
110,1780554169323170560,1780554170323170560,E2E Output Token Throughput,tokens/sec/user,std,0.00
110,1780554169323170560,1780554170323170560,Effective Concurrency,requests,avg,14.25
110,1780554169323170560,1780554170323170560,Effective Concurrency,requests,min,14.00
110,1780554169323170560,1780554170323170560,Effective Concurrency,requests,max,15.00
110,1780554169323170560,1780554170323170560,Effective Concurrency,requests,p50,14.00
110,1780554169323170560,1780554170323170560,Effective Concurrency,requests,p90,15.00
110,1780554169323170560,1780554170323170560,Effective Concurrency,requests,p95,15.00
110,1780554169323170560,1780554170323170560,Effective Concurrency,requests,p99,15.00
110,1780554169323170560,1780554170323170560,Effective Concurrency,requests,std,0.43
110,1780554169323170560,1780554170323170560,Effective Decode Concurrency,requests,avg,10.00
110,1780554169323170560,1780554170323170560,Effective Decode Concurrency,requests,min,10.00
110,1780554169323170560,1780554170323170560,Effective Decode Concurrency,requests,max,10.00
110,1780554169323170560,1780554170323170560,Effective Decode Concurrency,requests,p50,10.00
110,1780554169323170560,1780554170323170560,Effective Decode Concurrency,requests,p90,10.00
110,1780554169323170560,1780554170323170560,Effective Decode Concurrency,requests,p95,10.00
110,1780554169323170560,1780554170323170560,Effective Decode Concurrency,requests,p99,10.00
110,1780554169323170560,1780554170323170560,Effective Decode Concurrency,requests,std,0.00
110,1780554169323170560,1780554170323170560,Effective Decode Throughput,tokens/sec,avg,46.32
110,1780554169323170560,1780554170323170560,Effective Decode Throughput,tokens/sec,min,29.02
110,1780554169323170560,1780554170323170560,Effective Decode Throughput,tokens/sec,max,73.35
110,1780554169323170560,1780554170323170560,Effective Decode Throughput,tokens/sec,p50,43.79
110,1780554169323170560,1780554170323170560,Effective Decode Throughput,tokens/sec,p90,58.58
110,1780554169323170560,1780554170323170560,Effective Decode Throughput,tokens/sec,p95,58.58
110,1780554169323170560,1780554170323170560,Effective Decode Throughput,tokens/sec,p99,58.58
110,1780554169323170560,1780554170323170560,Effective Decode Throughput,tokens/sec,std,5.57
110,1780554169323170560,1780554170323170560,Effective Decode Throughput Per User,tokens/sec/user,avg,4.63
110,1780554169323170560,1780554170323170560,Effective Decode Throughput Per User,tokens/sec/user,min,2.90
110,1780554169323170560,1780554170323170560,Effective Decode Throughput Per User,tokens/sec/user,max,7.33
110,1780554169323170560,1780554170323170560,Effective Decode Throughput Per User,tokens/sec/user,p50,4.38
110,1780554169323170560,1780554170323170560,Effective Decode Throughput Per User,tokens/sec/user,p90,5.86
110,1780554169323170560,1780554170323170560,Effective Decode Throughput Per User,tokens/sec/user,p95,5.86
110,1780554169323170560,1780554170323170560,Effective Decode Throughput Per User,tokens/sec/user,p99,5.86
110,1780554169323170560,1780554170323170560,Effective Decode Throughput Per User,tokens/sec/user,std,0.56
110,1780554169323170560,1780554170323170560,Effective Prefill Concurrency,requests,avg,4.25
110,1780554169323170560,1780554170323170560,Effective Prefill Concurrency,requests,min,4.00
110,1780554169323170560,1780554170323170560,Effective Prefill Concurrency,requests,max,5.00
110,1780554169323170560,1780554170323170560,Effective Prefill Concurrency,requests,p50,4.00
110,1780554169323170560,1780554170323170560,Effective Prefill Concurrency,requests,p90,5.00
110,1780554169323170560,1780554170323170560,Effective Prefill Concurrency,requests,p95,5.00
110,1780554169323170560,1780554170323170560,Effective Prefill Concurrency,requests,p99,5.00
110,1780554169323170560,1780554170323170560,Effective Prefill Concurrency,requests,std,0.43
110,1780554169323170560,1780554170323170560,Effective Prefill Throughput,tokens/sec,avg,7081.15
110,1780554169323170560,1780554170323170560,Effective Prefill Throughput,tokens/sec,min,6258.64
110,1780554169323170560,1780554170323170560,Effective Prefill Throughput,tokens/sec,max,9552.31
110,1780554169323170560,1780554170323170560,Effective Prefill Throughput,tokens/sec,p50,6258.64
110,1780554169323170560,1780554170323170560,Effective Prefill Throughput,tokens/sec,p90,9552.31
110,1780554169323170560,1780554170323170560,Effective Prefill Throughput,tokens/sec,p95,9552.31
110,1780554169323170560,1780554170323170560,Effective Prefill Throughput,tokens/sec,p99,9552.31
110,1780554169323170560,1780554170323170560,Effective Prefill Throughput,tokens/sec,std,1425.68
110,1780554169323170560,1780554170323170560,Effective Prefill Throughput Per User,tokens/sec/user,avg,1651.01
110,1780554169323170560,1780554170323170560,Effective Prefill Throughput Per User,tokens/sec/user,min,1564.66
110,1780554169323170560,1780554170323170560,Effective Prefill Throughput Per User,tokens/sec/user,max,1910.46
110,1780554169323170560,1780554170323170560,Effective Prefill Throughput Per User,tokens/sec/user,p50,1564.66
110,1780554169323170560,1780554170323170560,Effective Prefill Throughput Per User,tokens/sec/user,p90,1910.46
110,1780554169323170560,1780554170323170560,Effective Prefill Throughput Per User,tokens/sec/user,p95,1910.46
110,1780554169323170560,1780554170323170560,Effective Prefill Throughput Per User,tokens/sec/user,p99,1910.46
110,1780554169323170560,1780554170323170560,Effective Prefill Throughput Per User,tokens/sec/user,std,149.68
110,1780554169323170560,1780554170323170560,Effective Total Throughput,tokens/sec,avg,7154.25
110,1780554169323170560,1780554170323170560,Effective Total Throughput,tokens/sec,min,6331.74
110,1780554169323170560,1780554170323170560,Effective Total Throughput,tokens/sec,max,9625.40
110,1780554169323170560,1780554170323170560,Effective Total Throughput,tokens/sec,p50,6331.74
110,1780554169323170560,1780554170323170560,Effective Total Throughput,tokens/sec,p90,9625.40
110,1780554169323170560,1780554170323170560,Effective Total Throughput,tokens/sec,p95,9625.40
110,1780554169323170560,1780554170323170560,Effective Total Throughput,tokens/sec,p99,9625.40
110,1780554169323170560,1780554170323170560,Effective Total Throughput,tokens/sec,std,1425.68
110,1780554169323170560,1780554170323170560,HTTP Blocked,ms,avg,0.00
110,1780554169323170560,1780554170323170560,HTTP Blocked,ms,min,0.00
110,1780554169323170560,1780554170323170560,HTTP Blocked,ms,max,0.00
110,1780554169323170560,1780554170323170560,HTTP Blocked,ms,sum,0.00
110,1780554169323170560,1780554170323170560,HTTP Blocked,ms,p1,0.00
110,1780554169323170560,1780554170323170560,HTTP Blocked,ms,p5,0.00
110,1780554169323170560,1780554170323170560,HTTP Blocked,ms,p10,0.00
110,1780554169323170560,1780554170323170560,HTTP Blocked,ms,p25,0.00
110,1780554169323170560,1780554170323170560,HTTP Blocked,ms,p50,0.00
110,1780554169323170560,1780554170323170560,HTTP Blocked,ms,p75,0.00
110,1780554169323170560,1780554170323170560,HTTP Blocked,ms,p90,0.00
110,1780554169323170560,1780554170323170560,HTTP Blocked,ms,p95,0.00
110,1780554169323170560,1780554170323170560,HTTP Blocked,ms,p99,0.00
110,1780554169323170560,1780554170323170560,HTTP Blocked,ms,std,0.00
110,1780554169323170560,1780554170323170560,HTTP Chunks Received,count,avg,319.00
110,1780554169323170560,1780554170323170560,HTTP Chunks Received,count,min,319.00
110,1780554169323170560,1780554170323170560,HTTP Chunks Received,count,max,319.00
110,1780554169323170560,1780554170323170560,HTTP Chunks Received,count,sum,319.00
110,1780554169323170560,1780554170323170560,HTTP Chunks Received,count,p1,319.00
110,1780554169323170560,1780554170323170560,HTTP Chunks Received,count,p5,319.00
110,1780554169323170560,1780554170323170560,HTTP Chunks Received,count,p10,319.00
110,1780554169323170560,1780554170323170560,HTTP Chunks Received,count,p25,319.00
110,1780554169323170560,1780554170323170560,HTTP Chunks Received,count,p50,319.00
110,1780554169323170560,1780554170323170560,HTTP Chunks Received,count,p75,319.00
110,1780554169323170560,1780554170323170560,HTTP Chunks Received,count,p90,319.00
110,1780554169323170560,1780554170323170560,HTTP Chunks Received,count,p95,319.00
110,1780554169323170560,1780554170323170560,HTTP Chunks Received,count,p99,319.00
110,1780554169323170560,1780554170323170560,HTTP Chunks Received,count,std,0.00
110,1780554169323170560,1780554170323170560,HTTP Chunks Sent,count,avg,1.00
110,1780554169323170560,1780554170323170560,HTTP Chunks Sent,count,min,1.00
110,1780554169323170560,1780554170323170560,HTTP Chunks Sent,count,max,1.00
110,1780554169323170560,1780554170323170560,HTTP Chunks Sent,count,sum,1.00
110,1780554169323170560,1780554170323170560,HTTP Chunks Sent,count,p1,1.00
110,1780554169323170560,1780554170323170560,HTTP Chunks Sent,count,p5,1.00
110,1780554169323170560,1780554170323170560,HTTP Chunks Sent,count,p10,1.00
110,1780554169323170560,1780554170323170560,HTTP Chunks Sent,count,p25,1.00
110,1780554169323170560,1780554170323170560,HTTP Chunks Sent,count,p50,1.00
110,1780554169323170560,1780554170323170560,HTTP Chunks Sent,count,p75,1.00
110,1780554169323170560,1780554170323170560,HTTP Chunks Sent,count,p90,1.00
110,1780554169323170560,1780554170323170560,HTTP Chunks Sent,count,p95,1.00
110,1780554169323170560,1780554170323170560,HTTP Chunks Sent,count,p99,1.00
110,1780554169323170560,1780554170323170560,HTTP Chunks Sent,count,std,0.00
110,1780554169323170560,1780554170323170560,HTTP Connecting,ms,avg,0.56
110,1780554169323170560,1780554170323170560,HTTP Connecting,ms,min,0.56
110,1780554169323170560,1780554170323170560,HTTP Connecting,ms,max,0.56
110,1780554169323170560,1780554170323170560,HTTP Connecting,ms,sum,0.56
110,1780554169323170560,1780554170323170560,HTTP Connecting,ms,p1,0.56
110,1780554169323170560,1780554170323170560,HTTP Connecting,ms,p5,0.56
110,1780554169323170560,1780554170323170560,HTTP Connecting,ms,p10,0.56
110,1780554169323170560,1780554170323170560,HTTP Connecting,ms,p25,0.56
110,1780554169323170560,1780554170323170560,HTTP Connecting,ms,p50,0.56
110,1780554169323170560,1780554170323170560,HTTP Connecting,ms,p75,0.56
110,1780554169323170560,1780554170323170560,HTTP Connecting,ms,p90,0.56
110,1780554169323170560,1780554170323170560,HTTP Connecting,ms,p95,0.56
110,1780554169323170560,1780554170323170560,HTTP Connecting,ms,p99,0.56
110,1780554169323170560,1780554170323170560,HTTP Connecting,ms,std,0.00
110,1780554169323170560,1780554170323170560,HTTP Connection Overhead,ms,avg,0.56
110,1780554169323170560,1780554170323170560,HTTP Connection Overhead,ms,min,0.56
110,1780554169323170560,1780554170323170560,HTTP Connection Overhead,ms,max,0.56
110,1780554169323170560,1780554170323170560,HTTP Connection Overhead,ms,sum,0.56
110,1780554169323170560,1780554170323170560,HTTP Connection Overhead,ms,p1,0.56
110,1780554169323170560,1780554170323170560,HTTP Connection Overhead,ms,p5,0.56
110,1780554169323170560,1780554170323170560,HTTP Connection Overhead,ms,p10,0.56
110,1780554169323170560,1780554170323170560,HTTP Connection Overhead,ms,p25,0.56
110,1780554169323170560,1780554170323170560,HTTP Connection Overhead,ms,p50,0.56
110,1780554169323170560,1780554170323170560,HTTP Connection Overhead,ms,p75,0.56
110,1780554169323170560,1780554170323170560,HTTP Connection Overhead,ms,p90,0.56
110,1780554169323170560,1780554170323170560,HTTP Connection Overhead,ms,p95,0.56
110,1780554169323170560,1780554170323170560,HTTP Connection Overhead,ms,p99,0.56
110,1780554169323170560,1780554170323170560,HTTP Connection Overhead,ms,std,0.00
110,1780554169323170560,1780554170323170560,HTTP Connection Reused,ratio,avg,0.00
110,1780554169323170560,1780554170323170560,HTTP Connection Reused,ratio,min,0.00
110,1780554169323170560,1780554170323170560,HTTP Connection Reused,ratio,max,0.00
110,1780554169323170560,1780554170323170560,HTTP Connection Reused,ratio,sum,0.00
110,1780554169323170560,1780554170323170560,HTTP Connection Reused,ratio,p1,0.00
110,1780554169323170560,1780554170323170560,HTTP Connection Reused,ratio,p5,0.00
110,1780554169323170560,1780554170323170560,HTTP Connection Reused,ratio,p10,0.00
110,1780554169323170560,1780554170323170560,HTTP Connection Reused,ratio,p25,0.00
110,1780554169323170560,1780554170323170560,HTTP Connection Reused,ratio,p50,0.00
110,1780554169323170560,1780554170323170560,HTTP Connection Reused,ratio,p75,0.00
110,1780554169323170560,1780554170323170560,HTTP Connection Reused,ratio,p90,0.00
110,1780554169323170560,1780554170323170560,HTTP Connection Reused,ratio,p95,0.00
110,1780554169323170560,1780554170323170560,HTTP Connection Reused,ratio,p99,0.00
110,1780554169323170560,1780554170323170560,HTTP Connection Reused,ratio,std,0.00
110,1780554169323170560,1780554170323170560,HTTP Data Received,KB,avg,79.78
110,1780554169323170560,1780554170323170560,HTTP Data Received,KB,min,79.78
110,1780554169323170560,1780554170323170560,HTTP Data Received,KB,max,79.78
110,1780554169323170560,1780554170323170560,HTTP Data Received,KB,sum,79.78
110,1780554169323170560,1780554170323170560,HTTP Data Received,KB,p1,79.78
110,1780554169323170560,1780554170323170560,HTTP Data Received,KB,p5,79.78
110,1780554169323170560,1780554170323170560,HTTP Data Received,KB,p10,79.78
110,1780554169323170560,1780554170323170560,HTTP Data Received,KB,p25,79.78
110,1780554169323170560,1780554170323170560,HTTP Data Received,KB,p50,79.78
110,1780554169323170560,1780554170323170560,HTTP Data Received,KB,p75,79.78
110,1780554169323170560,1780554170323170560,HTTP Data Received,KB,p90,79.78
110,1780554169323170560,1780554170323170560,HTTP Data Received,KB,p95,79.78
110,1780554169323170560,1780554170323170560,HTTP Data Received,KB,p99,79.78
110,1780554169323170560,1780554170323170560,HTTP Data Received,KB,std,0.00
110,1780554169323170560,1780554170323170560,HTTP Data Sent,KB,avg,438.26
110,1780554169323170560,1780554170323170560,HTTP Data Sent,KB,min,438.26
110,1780554169323170560,1780554170323170560,HTTP Data Sent,KB,max,438.26
110,1780554169323170560,1780554170323170560,HTTP Data Sent,KB,sum,438.26
110,1780554169323170560,1780554170323170560,HTTP Data Sent,KB,p1,438.26
110,1780554169323170560,1780554170323170560,HTTP Data Sent,KB,p5,438.26
110,1780554169323170560,1780554170323170560,HTTP Data Sent,KB,p10,438.26
110,1780554169323170560,1780554170323170560,HTTP Data Sent,KB,p25,438.26
110,1780554169323170560,1780554170323170560,HTTP Data Sent,KB,p50,438.26
110,1780554169323170560,1780554170323170560,HTTP Data Sent,KB,p75,438.26
110,1780554169323170560,1780554170323170560,HTTP Data Sent,KB,p90,438.26
110,1780554169323170560,1780554170323170560,HTTP Data Sent,KB,p95,438.26
110,1780554169323170560,1780554170323170560,HTTP Data Sent,KB,p99,438.26
110,1780554169323170560,1780554170323170560,HTTP Data Sent,KB,std,0.00
110,1780554169323170560,1780554170323170560,HTTP DNS Lookup,ms,avg,0.00
110,1780554169323170560,1780554170323170560,HTTP DNS Lookup,ms,min,0.00
110,1780554169323170560,1780554170323170560,HTTP DNS Lookup,ms,max,0.00
110,1780554169323170560,1780554170323170560,HTTP DNS Lookup,ms,sum,0.00
110,1780554169323170560,1780554170323170560,HTTP DNS Lookup,ms,p1,0.00
110,1780554169323170560,1780554170323170560,HTTP DNS Lookup,ms,p5,0.00
110,1780554169323170560,1780554170323170560,HTTP DNS Lookup,ms,p10,0.00
110,1780554169323170560,1780554170323170560,HTTP DNS Lookup,ms,p25,0.00
110,1780554169323170560,1780554170323170560,HTTP DNS Lookup,ms,p50,0.00
110,1780554169323170560,1780554170323170560,HTTP DNS Lookup,ms,p75,0.00
110,1780554169323170560,1780554170323170560,HTTP DNS Lookup,ms,p90,0.00
110,1780554169323170560,1780554170323170560,HTTP DNS Lookup,ms,p95,0.00
110,1780554169323170560,1780554170323170560,HTTP DNS Lookup,ms,p99,0.00
110,1780554169323170560,1780554170323170560,HTTP DNS Lookup,ms,std,0.00
110,1780554169323170560,1780554170323170560,HTTP Duration (excl. conn),ms,avg,90047.20
110,1780554169323170560,1780554170323170560,HTTP Duration (excl. conn),ms,min,90047.20
110,1780554169323170560,1780554170323170560,HTTP Duration (excl. conn),ms,max,90047.20
110,1780554169323170560,1780554170323170560,HTTP Duration (excl. conn),ms,sum,90047.20
110,1780554169323170560,1780554170323170560,HTTP Duration (excl. conn),ms,p1,90047.20
110,1780554169323170560,1780554170323170560,HTTP Duration (excl. conn),ms,p5,90047.20
110,1780554169323170560,1780554170323170560,HTTP Duration (excl. conn),ms,p10,90047.20
110,1780554169323170560,1780554170323170560,HTTP Duration (excl. conn),ms,p25,90047.20
110,1780554169323170560,1780554170323170560,HTTP Duration (excl. conn),ms,p50,90047.20
110,1780554169323170560,1780554170323170560,HTTP Duration (excl. conn),ms,p75,90047.20
110,1780554169323170560,1780554170323170560,HTTP Duration (excl. conn),ms,p90,90047.20
110,1780554169323170560,1780554170323170560,HTTP Duration (excl. conn),ms,p95,90047.20
110,1780554169323170560,1780554170323170560,HTTP Duration (excl. conn),ms,p99,90047.20
110,1780554169323170560,1780554170323170560,HTTP Duration (excl. conn),ms,std,0.00
110,1780554169323170560,1780554170323170560,HTTP Receiving,ms,avg,55905.45
110,1780554169323170560,1780554170323170560,HTTP Receiving,ms,min,55905.45
110,1780554169323170560,1780554170323170560,HTTP Receiving,ms,max,55905.45
110,1780554169323170560,1780554170323170560,HTTP Receiving,ms,sum,55905.45
110,1780554169323170560,1780554170323170560,HTTP Receiving,ms,p1,55905.45
110,1780554169323170560,1780554170323170560,HTTP Receiving,ms,p5,55905.45
110,1780554169323170560,1780554170323170560,HTTP Receiving,ms,p10,55905.45
110,1780554169323170560,1780554170323170560,HTTP Receiving,ms,p25,55905.45
110,1780554169323170560,1780554170323170560,HTTP Receiving,ms,p50,55905.45
110,1780554169323170560,1780554170323170560,HTTP Receiving,ms,p75,55905.45
110,1780554169323170560,1780554170323170560,HTTP Receiving,ms,p90,55905.45
110,1780554169323170560,1780554170323170560,HTTP Receiving,ms,p95,55905.45
110,1780554169323170560,1780554170323170560,HTTP Receiving,ms,p99,55905.45
110,1780554169323170560,1780554170323170560,HTTP Receiving,ms,std,0.00
110,1780554169323170560,1780554170323170560,HTTP Sending,ms,avg,0.79
110,1780554169323170560,1780554170323170560,HTTP Sending,ms,min,0.79
110,1780554169323170560,1780554170323170560,HTTP Sending,ms,max,0.79
110,1780554169323170560,1780554170323170560,HTTP Sending,ms,sum,0.79
110,1780554169323170560,1780554170323170560,HTTP Sending,ms,p1,0.79
110,1780554169323170560,1780554170323170560,HTTP Sending,ms,p5,0.79
110,1780554169323170560,1780554170323170560,HTTP Sending,ms,p10,0.79
110,1780554169323170560,1780554170323170560,HTTP Sending,ms,p25,0.79
110,1780554169323170560,1780554170323170560,HTTP Sending,ms,p50,0.79
110,1780554169323170560,1780554170323170560,HTTP Sending,ms,p75,0.79
110,1780554169323170560,1780554170323170560,HTTP Sending,ms,p90,0.79
110,1780554169323170560,1780554170323170560,HTTP Sending,ms,p95,0.79
110,1780554169323170560,1780554170323170560,HTTP Sending,ms,p99,0.79
110,1780554169323170560,1780554170323170560,HTTP Sending,ms,std,0.00
110,1780554169323170560,1780554170323170560,HTTP Total Time,ms,avg,90047.76
110,1780554169323170560,1780554170323170560,HTTP Total Time,ms,min,90047.76
110,1780554169323170560,1780554170323170560,HTTP Total Time,ms,max,90047.76
110,1780554169323170560,1780554170323170560,HTTP Total Time,ms,sum,90047.76
110,1780554169323170560,1780554170323170560,HTTP Total Time,ms,p1,90047.76
110,1780554169323170560,1780554170323170560,HTTP Total Time,ms,p5,90047.76
110,1780554169323170560,1780554170323170560,HTTP Total Time,ms,p10,90047.76
110,1780554169323170560,1780554170323170560,HTTP Total Time,ms,p25,90047.76
110,1780554169323170560,1780554170323170560,HTTP Total Time,ms,p50,90047.76
110,1780554169323170560,1780554170323170560,HTTP Total Time,ms,p75,90047.76
110,1780554169323170560,1780554170323170560,HTTP Total Time,ms,p90,90047.76
110,1780554169323170560,1780554170323170560,HTTP Total Time,ms,p95,90047.76
110,1780554169323170560,1780554170323170560,HTTP Total Time,ms,p99,90047.76
110,1780554169323170560,1780554170323170560,HTTP Total Time,ms,std,0.00
110,1780554169323170560,1780554170323170560,HTTP Waiting (TTFB),ms,avg,34140.96
110,1780554169323170560,1780554170323170560,HTTP Waiting (TTFB),ms,min,34140.96
110,1780554169323170560,1780554170323170560,HTTP Waiting (TTFB),ms,max,34140.96
110,1780554169323170560,1780554170323170560,HTTP Waiting (TTFB),ms,sum,34140.96
110,1780554169323170560,1780554170323170560,HTTP Waiting (TTFB),ms,p1,34140.96
110,1780554169323170560,1780554170323170560,HTTP Waiting (TTFB),ms,p5,34140.96
110,1780554169323170560,1780554170323170560,HTTP Waiting (TTFB),ms,p10,34140.96
110,1780554169323170560,1780554170323170560,HTTP Waiting (TTFB),ms,p25,34140.96
110,1780554169323170560,1780554170323170560,HTTP Waiting (TTFB),ms,p50,34140.96
110,1780554169323170560,1780554170323170560,HTTP Waiting (TTFB),ms,p75,34140.96
110,1780554169323170560,1780554170323170560,HTTP Waiting (TTFB),ms,p90,34140.96
110,1780554169323170560,1780554170323170560,HTTP Waiting (TTFB),ms,p95,34140.96
110,1780554169323170560,1780554170323170560,HTTP Waiting (TTFB),ms,p99,34140.96
110,1780554169323170560,1780554170323170560,HTTP Waiting (TTFB),ms,std,0.00
110,1780554169323170560,1780554170323170560,Input Sequence Length,tokens,avg,112452.00
110,1780554169323170560,1780554170323170560,Input Sequence Length,tokens,min,112452.00
110,1780554169323170560,1780554170323170560,Input Sequence Length,tokens,max,112452.00
110,1780554169323170560,1780554170323170560,Input Sequence Length,tokens,sum,112452.00
110,1780554169323170560,1780554170323170560,Input Sequence Length,tokens,p1,112452.00
110,1780554169323170560,1780554170323170560,Input Sequence Length,tokens,p5,112452.00
110,1780554169323170560,1780554170323170560,Input Sequence Length,tokens,p10,112452.00
110,1780554169323170560,1780554170323170560,Input Sequence Length,tokens,p25,112452.00
110,1780554169323170560,1780554170323170560,Input Sequence Length,tokens,p50,112452.00
110,1780554169323170560,1780554170323170560,Input Sequence Length,tokens,p75,112452.00
110,1780554169323170560,1780554170323170560,Input Sequence Length,tokens,p90,112452.00
110,1780554169323170560,1780554170323170560,Input Sequence Length,tokens,p95,112452.00
110,1780554169323170560,1780554170323170560,Input Sequence Length,tokens,p99,112452.00
110,1780554169323170560,1780554170323170560,Input Sequence Length,tokens,std,0.00
110,1780554169323170560,1780554170323170560,Input Token Throughput,tokens/sec,avg,112452.00
110,1780554169323170560,1780554170323170560,Inter Chunk Latency,ms,avg,68.02
110,1780554169323170560,1780554170323170560,Inter Chunk Latency,ms,min,68.02
110,1780554169323170560,1780554170323170560,Inter Chunk Latency,ms,max,68.03
110,1780554169323170560,1780554170323170560,Inter Chunk Latency,ms,sum,21631.81
110,1780554169323170560,1780554170323170560,Inter Chunk Latency,ms,p1,68.02
110,1780554169323170560,1780554170323170560,Inter Chunk Latency,ms,p5,68.02
110,1780554169323170560,1780554170323170560,Inter Chunk Latency,ms,p10,68.02
110,1780554169323170560,1780554170323170560,Inter Chunk Latency,ms,p25,68.02
110,1780554169323170560,1780554170323170560,Inter Chunk Latency,ms,p50,68.02
110,1780554169323170560,1780554170323170560,Inter Chunk Latency,ms,p75,68.03
110,1780554169323170560,1780554170323170560,Inter Chunk Latency,ms,p90,68.03
110,1780554169323170560,1780554170323170560,Inter Chunk Latency,ms,p95,68.03
110,1780554169323170560,1780554170323170560,Inter Chunk Latency,ms,p99,68.03
110,1780554169323170560,1780554170323170560,Inter Chunk Latency,ms,std,0.00
110,1780554169323170560,1780554170323170560,Inter Token Latency,ms,avg,175.80
110,1780554169323170560,1780554170323170560,Inter Token Latency,ms,min,175.80
110,1780554169323170560,1780554170323170560,Inter Token Latency,ms,max,175.80
110,1780554169323170560,1780554170323170560,Inter Token Latency,ms,sum,175.80
110,1780554169323170560,1780554170323170560,Inter Token Latency,ms,p1,175.80
110,1780554169323170560,1780554170323170560,Inter Token Latency,ms,p5,175.80
110,1780554169323170560,1780554170323170560,Inter Token Latency,ms,p10,175.80
110,1780554169323170560,1780554170323170560,Inter Token Latency,ms,p25,175.80
110,1780554169323170560,1780554170323170560,Inter Token Latency,ms,p50,175.80
110,1780554169323170560,1780554170323170560,Inter Token Latency,ms,p75,175.80
110,1780554169323170560,1780554170323170560,Inter Token Latency,ms,p90,175.80
110,1780554169323170560,1780554170323170560,Inter Token Latency,ms,p95,175.80
110,1780554169323170560,1780554170323170560,Inter Token Latency,ms,p99,175.80
110,1780554169323170560,1780554170323170560,Inter Token Latency,ms,std,0.00
110,1780554169323170560,1780554170323170560,Maximum Response Timestamp,ns,avg,1780554260120747520.00
110,1780554169323170560,1780554170323170560,Minimum Request Timestamp,ns,avg,1780554170073444608.00
110,1780554169323170560,1780554170323170560,OSL Mismatch Count,requests,avg,0.00
110,1780554169323170560,1780554170323170560,OSL Mismatch Diff %,%,avg,0.00
110,1780554169323170560,1780554170323170560,OSL Mismatch Diff %,%,min,0.00
110,1780554169323170560,1780554170323170560,OSL Mismatch Diff %,%,max,0.00
110,1780554169323170560,1780554170323170560,OSL Mismatch Diff %,%,sum,0.00
110,1780554169323170560,1780554170323170560,OSL Mismatch Diff %,%,p1,0.00
110,1780554169323170560,1780554170323170560,OSL Mismatch Diff %,%,p5,0.00
110,1780554169323170560,1780554170323170560,OSL Mismatch Diff %,%,p10,0.00
110,1780554169323170560,1780554170323170560,OSL Mismatch Diff %,%,p25,0.00
110,1780554169323170560,1780554170323170560,OSL Mismatch Diff %,%,p50,0.00
110,1780554169323170560,1780554170323170560,OSL Mismatch Diff %,%,p75,0.00
110,1780554169323170560,1780554170323170560,OSL Mismatch Diff %,%,p90,0.00
110,1780554169323170560,1780554170323170560,OSL Mismatch Diff %,%,p95,0.00
110,1780554169323170560,1780554170323170560,OSL Mismatch Diff %,%,p99,0.00
110,1780554169323170560,1780554170323170560,OSL Mismatch Diff %,%,std,0.00
110,1780554169323170560,1780554170323170560,Output Sequence Length,tokens,avg,319.00
110,1780554169323170560,1780554170323170560,Output Sequence Length,tokens,min,319.00
110,1780554169323170560,1780554170323170560,Output Sequence Length,tokens,max,319.00
110,1780554169323170560,1780554170323170560,Output Sequence Length,tokens,sum,319.00
110,1780554169323170560,1780554170323170560,Output Sequence Length,tokens,p1,319.00
110,1780554169323170560,1780554170323170560,Output Sequence Length,tokens,p5,319.00
110,1780554169323170560,1780554170323170560,Output Sequence Length,tokens,p10,319.00
110,1780554169323170560,1780554170323170560,Output Sequence Length,tokens,p25,319.00
110,1780554169323170560,1780554170323170560,Output Sequence Length,tokens,p50,319.00
110,1780554169323170560,1780554170323170560,Output Sequence Length,tokens,p75,319.00
110,1780554169323170560,1780554170323170560,Output Sequence Length,tokens,p90,319.00
110,1780554169323170560,1780554170323170560,Output Sequence Length,tokens,p95,319.00
110,1780554169323170560,1780554170323170560,Output Sequence Length,tokens,p99,319.00
110,1780554169323170560,1780554170323170560,Output Sequence Length,tokens,std,0.00
110,1780554169323170560,1780554170323170560,Output Token Count,tokens,avg,319.00
110,1780554169323170560,1780554170323170560,Output Token Count,tokens,min,319.00
110,1780554169323170560,1780554170323170560,Output Token Count,tokens,max,319.00
110,1780554169323170560,1780554170323170560,Output Token Count,tokens,sum,319.00
110,1780554169323170560,1780554170323170560,Output Token Count,tokens,p1,319.00
110,1780554169323170560,1780554170323170560,Output Token Count,tokens,p5,319.00
110,1780554169323170560,1780554170323170560,Output Token Count,tokens,p10,319.00
110,1780554169323170560,1780554170323170560,Output Token Count,tokens,p25,319.00
110,1780554169323170560,1780554170323170560,Output Token Count,tokens,p50,319.00
110,1780554169323170560,1780554170323170560,Output Token Count,tokens,p75,319.00
110,1780554169323170560,1780554170323170560,Output Token Count,tokens,p90,319.00
110,1780554169323170560,1780554170323170560,Output Token Count,tokens,p95,319.00
110,1780554169323170560,1780554170323170560,Output Token Count,tokens,p99,319.00
110,1780554169323170560,1780554170323170560,Output Token Count,tokens,std,0.00
110,1780554169323170560,1780554170323170560,Output Token Throughput,tokens/sec,avg,319.00
110,1780554169323170560,1780554170323170560,Output Token Throughput Per User,tokens/sec/user,avg,5.69
110,1780554169323170560,1780554170323170560,Output Token Throughput Per User,tokens/sec/user,min,5.69
110,1780554169323170560,1780554170323170560,Output Token Throughput Per User,tokens/sec/user,max,5.69
110,1780554169323170560,1780554170323170560,Output Token Throughput Per User,tokens/sec/user,sum,5.69
110,1780554169323170560,1780554170323170560,Output Token Throughput Per User,tokens/sec/user,p1,5.69
110,1780554169323170560,1780554170323170560,Output Token Throughput Per User,tokens/sec/user,p5,5.69
110,1780554169323170560,1780554170323170560,Output Token Throughput Per User,tokens/sec/user,p10,5.69
110,1780554169323170560,1780554170323170560,Output Token Throughput Per User,tokens/sec/user,p25,5.69
110,1780554169323170560,1780554170323170560,Output Token Throughput Per User,tokens/sec/user,p50,5.69
110,1780554169323170560,1780554170323170560,Output Token Throughput Per User,tokens/sec/user,p75,5.69
110,1780554169323170560,1780554170323170560,Output Token Throughput Per User,tokens/sec/user,p90,5.69
110,1780554169323170560,1780554170323170560,Output Token Throughput Per User,tokens/sec/user,p95,5.69
110,1780554169323170560,1780554170323170560,Output Token Throughput Per User,tokens/sec/user,p99,5.69
110,1780554169323170560,1780554170323170560,Output Token Throughput Per User,tokens/sec/user,std,0.00
110,1780554169323170560,1780554170323170560,Prefill Throughput Per User,tokens/sec/user,avg,3293.67
110,1780554169323170560,1780554170323170560,Prefill Throughput Per User,tokens/sec/user,min,3293.67
110,1780554169323170560,1780554170323170560,Prefill Throughput Per User,tokens/sec/user,max,3293.67
110,1780554169323170560,1780554170323170560,Prefill Throughput Per User,tokens/sec/user,sum,3293.67
110,1780554169323170560,1780554170323170560,Prefill Throughput Per User,tokens/sec/user,p1,3293.67
110,1780554169323170560,1780554170323170560,Prefill Throughput Per User,tokens/sec/user,p5,3293.67
110,1780554169323170560,1780554170323170560,Prefill Throughput Per User,tokens/sec/user,p10,3293.67
110,1780554169323170560,1780554170323170560,Prefill Throughput Per User,tokens/sec/user,p25,3293.67
110,1780554169323170560,1780554170323170560,Prefill Throughput Per User,tokens/sec/user,p50,3293.67
110,1780554169323170560,1780554170323170560,Prefill Throughput Per User,tokens/sec/user,p75,3293.67
110,1780554169323170560,1780554170323170560,Prefill Throughput Per User,tokens/sec/user,p90,3293.67
110,1780554169323170560,1780554170323170560,Prefill Throughput Per User,tokens/sec/user,p95,3293.67
110,1780554169323170560,1780554170323170560,Prefill Throughput Per User,tokens/sec/user,p99,3293.67
110,1780554169323170560,1780554170323170560,Prefill Throughput Per User,tokens/sec/user,std,0.00
110,1780554169323170560,1780554170323170560,Request Count,requests,avg,1.00
110,1780554169323170560,1780554170323170560,Request Latency,ms,avg,90047.30
110,1780554169323170560,1780554170323170560,Request Latency,ms,min,90047.30
110,1780554169323170560,1780554170323170560,Request Latency,ms,max,90047.30
110,1780554169323170560,1780554170323170560,Request Latency,ms,sum,90047.30
110,1780554169323170560,1780554170323170560,Request Latency,ms,p1,90047.30
110,1780554169323170560,1780554170323170560,Request Latency,ms,p5,90047.30
110,1780554169323170560,1780554170323170560,Request Latency,ms,p10,90047.30
110,1780554169323170560,1780554170323170560,Request Latency,ms,p25,90047.30
110,1780554169323170560,1780554170323170560,Request Latency,ms,p50,90047.30
110,1780554169323170560,1780554170323170560,Request Latency,ms,p75,90047.30
110,1780554169323170560,1780554170323170560,Request Latency,ms,p90,90047.30
110,1780554169323170560,1780554170323170560,Request Latency,ms,p95,90047.30
110,1780554169323170560,1780554170323170560,Request Latency,ms,p99,90047.30
110,1780554169323170560,1780554170323170560,Request Latency,ms,std,0.00
110,1780554169323170560,1780554170323170560,Request Throughput,requests/sec,avg,1.00
110,1780554169323170560,1780554170323170560,Requested OSL,tokens,avg,319.00
110,1780554169323170560,1780554170323170560,Requested OSL,tokens,min,319.00
110,1780554169323170560,1780554170323170560,Requested OSL,tokens,max,319.00
110,1780554169323170560,1780554170323170560,Requested OSL,tokens,sum,319.00
110,1780554169323170560,1780554170323170560,Requested OSL,tokens,p1,319.00
110,1780554169323170560,1780554170323170560,Requested OSL,tokens,p5,319.00
110,1780554169323170560,1780554170323170560,Requested OSL,tokens,p10,319.00
110,1780554169323170560,1780554170323170560,Requested OSL,tokens,p25,319.00
110,1780554169323170560,1780554170323170560,Requested OSL,tokens,p50,319.00
110,1780554169323170560,1780554170323170560,Requested OSL,tokens,p75,319.00
110,1780554169323170560,1780554170323170560,Requested OSL,tokens,p90,319.00
110,1780554169323170560,1780554170323170560,Requested OSL,tokens,p95,319.00
110,1780554169323170560,1780554170323170560,Requested OSL,tokens,p99,319.00
110,1780554169323170560,1780554170323170560,Requested OSL,tokens,std,0.00
110,1780554169323170560,1780554170323170560,Time to First Output Token,ms,avg,34141.86
110,1780554169323170560,1780554170323170560,Time to First Output Token,ms,min,34141.86
110,1780554169323170560,1780554170323170560,Time to First Output Token,ms,max,34141.86
110,1780554169323170560,1780554170323170560,Time to First Output Token,ms,sum,34141.86
110,1780554169323170560,1780554170323170560,Time to First Output Token,ms,p1,34141.86
110,1780554169323170560,1780554170323170560,Time to First Output Token,ms,p5,34141.86
110,1780554169323170560,1780554170323170560,Time to First Output Token,ms,p10,34141.86
110,1780554169323170560,1780554170323170560,Time to First Output Token,ms,p25,34141.86
110,1780554169323170560,1780554170323170560,Time to First Output Token,ms,p50,34141.86
110,1780554169323170560,1780554170323170560,Time to First Output Token,ms,p75,34141.86
110,1780554169323170560,1780554170323170560,Time to First Output Token,ms,p90,34141.86
110,1780554169323170560,1780554170323170560,Time to First Output Token,ms,p95,34141.86
110,1780554169323170560,1780554170323170560,Time to First Output Token,ms,p99,34141.86
110,1780554169323170560,1780554170323170560,Time to First Output Token,ms,std,0.00
110,1780554169323170560,1780554170323170560,Time to First Token,ms,avg,34141.86
110,1780554169323170560,1780554170323170560,Time to First Token,ms,min,34141.86
110,1780554169323170560,1780554170323170560,Time to First Token,ms,max,34141.86
110,1780554169323170560,1780554170323170560,Time to First Token,ms,sum,34141.86
110,1780554169323170560,1780554170323170560,Time to First Token,ms,p1,34141.86
110,1780554169323170560,1780554170323170560,Time to First Token,ms,p5,34141.86
110,1780554169323170560,1780554170323170560,Time to First Token,ms,p10,34141.86
110,1780554169323170560,1780554170323170560,Time to First Token,ms,p25,34141.86
110,1780554169323170560,1780554170323170560,Time to First Token,ms,p50,34141.86
110,1780554169323170560,1780554170323170560,Time to First Token,ms,p75,34141.86
110,1780554169323170560,1780554170323170560,Time to First Token,ms,p90,34141.86
110,1780554169323170560,1780554170323170560,Time to First Token,ms,p95,34141.86
110,1780554169323170560,1780554170323170560,Time to First Token,ms,p99,34141.86
110,1780554169323170560,1780554170323170560,Time to First Token,ms,std,0.00
110,1780554169323170560,1780554170323170560,Time to Second Token,ms,avg,151.31
110,1780554169323170560,1780554170323170560,Time to Second Token,ms,min,151.31
110,1780554169323170560,1780554170323170560,Time to Second Token,ms,max,151.31
110,1780554169323170560,1780554170323170560,Time to Second Token,ms,sum,151.31
110,1780554169323170560,1780554170323170560,Time to Second Token,ms,p1,151.31
110,1780554169323170560,1780554170323170560,Time to Second Token,ms,p5,151.31
110,1780554169323170560,1780554170323170560,Time to Second Token,ms,p10,151.31
110,1780554169323170560,1780554170323170560,Time to Second Token,ms,p25,151.31
110,1780554169323170560,1780554170323170560,Time to Second Token,ms,p50,151.31
110,1780554169323170560,1780554170323170560,Time to Second Token,ms,p75,151.31
110,1780554169323170560,1780554170323170560,Time to Second Token,ms,p90,151.31
110,1780554169323170560,1780554170323170560,Time to Second Token,ms,p95,151.31
110,1780554169323170560,1780554170323170560,Time to Second Token,ms,p99,151.31
110,1780554169323170560,1780554170323170560,Time to Second Token,ms,std,0.00
110,1780554169323170560,1780554170323170560,Tokens In Flight,tokens,avg,1373070.40
110,1780554169323170560,1780554170323170560,Tokens In Flight,tokens,min,1344963.14
110,1780554169323170560,1780554170323170560,Tokens In Flight,tokens,max,1457462.18
110,1780554169323170560,1780554170323170560,Tokens In Flight,tokens,p50,1344989.16
110,1780554169323170560,1780554170323170560,Tokens In Flight,tokens,p90,1457458.18
110,1780554169323170560,1780554170323170560,Tokens In Flight,tokens,p95,1457460.18
110,1780554169323170560,1780554170323170560,Tokens In Flight,tokens,p99,1457462.18
110,1780554169323170560,1780554170323170560,Tokens In Flight,tokens,std,48684.99
110,1780554169323170560,1780554170323170560,Total Input Sequence Length,tokens,avg,112452.00
110,1780554169323170560,1780554170323170560,Total Output Sequence Length,tokens,avg,319.00
110,1780554169323170560,1780554170323170560,Total Output Tokens,tokens,avg,319.00
110,1780554169323170560,1780554170323170560,Total Token Throughput,tokens/sec,avg,112771.00
110,1780554169323170560,1780554170323170560,Total Usage Completion Tokens,tokens,avg,319.00
110,1780554169323170560,1780554170323170560,Total Usage Prompt Tokens,tokens,avg,112452.00
110,1780554169323170560,1780554170323170560,Total Usage Total Tokens,tokens,avg,112771.00
110,1780554169323170560,1780554170323170560,Usage Completion Tokens,tokens,avg,319.00
110,1780554169323170560,1780554170323170560,Usage Completion Tokens,tokens,min,319.00
110,1780554169323170560,1780554170323170560,Usage Completion Tokens,tokens,max,319.00
110,1780554169323170560,1780554170323170560,Usage Completion Tokens,tokens,sum,319.00
110,1780554169323170560,1780554170323170560,Usage Completion Tokens,tokens,p1,319.00
110,1780554169323170560,1780554170323170560,Usage Completion Tokens,tokens,p5,319.00
110,1780554169323170560,1780554170323170560,Usage Completion Tokens,tokens,p10,319.00
110,1780554169323170560,1780554170323170560,Usage Completion Tokens,tokens,p25,319.00
110,1780554169323170560,1780554170323170560,Usage Completion Tokens,tokens,p50,319.00
110,1780554169323170560,1780554170323170560,Usage Completion Tokens,tokens,p75,319.00
110,1780554169323170560,1780554170323170560,Usage Completion Tokens,tokens,p90,319.00
110,1780554169323170560,1780554170323170560,Usage Completion Tokens,tokens,p95,319.00
110,1780554169323170560,1780554170323170560,Usage Completion Tokens,tokens,p99,319.00
110,1780554169323170560,1780554170323170560,Usage Completion Tokens,tokens,std,0.00
110,1780554169323170560,1780554170323170560,Usage Prompt Tokens,tokens,avg,112452.00
110,1780554169323170560,1780554170323170560,Usage Prompt Tokens,tokens,min,112452.00
110,1780554169323170560,1780554170323170560,Usage Prompt Tokens,tokens,max,112452.00
110,1780554169323170560,1780554170323170560,Usage Prompt Tokens,tokens,sum,112452.00
110,1780554169323170560,1780554170323170560,Usage Prompt Tokens,tokens,p1,112452.00
110,1780554169323170560,1780554170323170560,Usage Prompt Tokens,tokens,p5,112452.00
110,1780554169323170560,1780554170323170560,Usage Prompt Tokens,tokens,p10,112452.00
110,1780554169323170560,1780554170323170560,Usage Prompt Tokens,tokens,p25,112452.00
110,1780554169323170560,1780554170323170560,Usage Prompt Tokens,tokens,p50,112452.00
110,1780554169323170560,1780554170323170560,Usage Prompt Tokens,tokens,p75,112452.00
110,1780554169323170560,1780554170323170560,Usage Prompt Tokens,tokens,p90,112452.00
110,1780554169323170560,1780554170323170560,Usage Prompt Tokens,tokens,p95,112452.00
110,1780554169323170560,1780554170323170560,Usage Prompt Tokens,tokens,p99,112452.00
110,1780554169323170560,1780554170323170560,Usage Prompt Tokens,tokens,std,0.00
110,1780554169323170560,1780554170323170560,Usage Total Tokens,tokens,avg,112771.00
110,1780554169323170560,1780554170323170560,Usage Total Tokens,tokens,min,112771.00
110,1780554169323170560,1780554170323170560,Usage Total Tokens,tokens,max,112771.00
110,1780554169323170560,1780554170323170560,Usage Total Tokens,tokens,sum,112771.00
110,1780554169323170560,1780554170323170560,Usage Total Tokens,tokens,p1,112771.00
110,1780554169323170560,1780554170323170560,Usage Total Tokens,tokens,p5,112771.00
110,1780554169323170560,1780554170323170560,Usage Total Tokens,tokens,p10,112771.00
110,1780554169323170560,1780554170323170560,Usage Total Tokens,tokens,p25,112771.00
110,1780554169323170560,1780554170323170560,Usage Total Tokens,tokens,p50,112771.00
110,1780554169323170560,1780554170323170560,Usage Total Tokens,tokens,p75,112771.00
110,1780554169323170560,1780554170323170560,Usage Total Tokens,tokens,p90,112771.00
110,1780554169323170560,1780554170323170560,Usage Total Tokens,tokens,p95,112771.00
110,1780554169323170560,1780554170323170560,Usage Total Tokens,tokens,p99,112771.00
110,1780554169323170560,1780554170323170560,Usage Total Tokens,tokens,std,0.00
111,1780554172323170560,1780554173323170560,Active Decode Throughput,tokens/sec,avg,42.58
111,1780554172323170560,1780554173323170560,Active Decode Throughput,tokens/sec,min,29.02
111,1780554172323170560,1780554173323170560,Active Decode Throughput,tokens/sec,max,58.55
111,1780554172323170560,1780554173323170560,Active Decode Throughput,tokens/sec,p50,43.78
111,1780554172323170560,1780554173323170560,Active Decode Throughput,tokens/sec,p90,43.78
111,1780554172323170560,1780554173323170560,Active Decode Throughput,tokens/sec,p95,43.78
111,1780554172323170560,1780554173323170560,Active Decode Throughput,tokens/sec,p99,43.78
111,1780554172323170560,1780554173323170560,Active Decode Throughput,tokens/sec,std,4.04
111,1780554172323170560,1780554173323170560,Active Decode Throughput Per User,tokens/sec/user,avg,4.26
111,1780554172323170560,1780554173323170560,Active Decode Throughput Per User,tokens/sec/user,min,2.90
111,1780554172323170560,1780554173323170560,Active Decode Throughput Per User,tokens/sec/user,max,5.85
111,1780554172323170560,1780554173323170560,Active Decode Throughput Per User,tokens/sec/user,p50,4.38
111,1780554172323170560,1780554173323170560,Active Decode Throughput Per User,tokens/sec/user,p90,4.38
111,1780554172323170560,1780554173323170560,Active Decode Throughput Per User,tokens/sec/user,p95,4.38
111,1780554172323170560,1780554173323170560,Active Decode Throughput Per User,tokens/sec/user,p99,4.38
111,1780554172323170560,1780554173323170560,Active Decode Throughput Per User,tokens/sec/user,std,0.40
111,1780554172323170560,1780554173323170560,Active Prefill Throughput,tokens/sec,avg,10400.94
111,1780554172323170560,1780554173323170560,Active Prefill Throughput,tokens/sec,min,9552.31
111,1780554172323170560,1780554173323170560,Active Prefill Throughput,tokens/sec,max,10814.92
111,1780554172323170560,1780554173323170560,Active Prefill Throughput,tokens/sec,p50,10814.92
111,1780554172323170560,1780554173323170560,Active Prefill Throughput,tokens/sec,p90,10814.92
111,1780554172323170560,1780554173323170560,Active Prefill Throughput,tokens/sec,p95,10814.92
111,1780554172323170560,1780554173323170560,Active Prefill Throughput,tokens/sec,p99,10814.92
111,1780554172323170560,1780554173323170560,Active Prefill Throughput,tokens/sec,std,592.72
111,1780554172323170560,1780554173323170560,Active Prefill Throughput Per User,tokens/sec/user,avg,1837.89
111,1780554172323170560,1780554173323170560,Active Prefill Throughput Per User,tokens/sec/user,min,1802.49
111,1780554172323170560,1780554173323170560,Active Prefill Throughput Per User,tokens/sec/user,max,1910.46
111,1780554172323170560,1780554173323170560,Active Prefill Throughput Per User,tokens/sec/user,p50,1802.49
111,1780554172323170560,1780554173323170560,Active Prefill Throughput Per User,tokens/sec/user,p90,1910.46
111,1780554172323170560,1780554173323170560,Active Prefill Throughput Per User,tokens/sec/user,p95,1910.46
111,1780554172323170560,1780554173323170560,Active Prefill Throughput Per User,tokens/sec/user,p99,1910.46
111,1780554172323170560,1780554173323170560,Active Prefill Throughput Per User,tokens/sec/user,std,50.69
111,1780554172323170560,1780554173323170560,Active Total Throughput,tokens/sec,avg,10474.04
111,1780554172323170560,1780554173323170560,Active Total Throughput,tokens/sec,min,9625.40
111,1780554172323170560,1780554173323170560,Active Total Throughput,tokens/sec,max,10888.02
111,1780554172323170560,1780554173323170560,Active Total Throughput,tokens/sec,p50,10888.02
111,1780554172323170560,1780554173323170560,Active Total Throughput,tokens/sec,p90,10888.02
111,1780554172323170560,1780554173323170560,Active Total Throughput,tokens/sec,p95,10888.02
111,1780554172323170560,1780554173323170560,Active Total Throughput,tokens/sec,p99,10888.02
111,1780554172323170560,1780554173323170560,Active Total Throughput,tokens/sec,std,592.72
111,1780554172323170560,1780554173323170560,Benchmark Duration,sec,avg,39.90
111,1780554172323170560,1780554173323170560,E2E Output Token Throughput,tokens/sec/user,avg,2.33
111,1780554172323170560,1780554173323170560,E2E Output Token Throughput,tokens/sec/user,min,2.33
111,1780554172323170560,1780554173323170560,E2E Output Token Throughput,tokens/sec/user,max,2.33
111,1780554172323170560,1780554173323170560,E2E Output Token Throughput,tokens/sec/user,sum,2.33
111,1780554172323170560,1780554173323170560,E2E Output Token Throughput,tokens/sec/user,p1,2.33
111,1780554172323170560,1780554173323170560,E2E Output Token Throughput,tokens/sec/user,p5,2.33
111,1780554172323170560,1780554173323170560,E2E Output Token Throughput,tokens/sec/user,p10,2.33
111,1780554172323170560,1780554173323170560,E2E Output Token Throughput,tokens/sec/user,p25,2.33
111,1780554172323170560,1780554173323170560,E2E Output Token Throughput,tokens/sec/user,p50,2.33
111,1780554172323170560,1780554173323170560,E2E Output Token Throughput,tokens/sec/user,p75,2.33
111,1780554172323170560,1780554173323170560,E2E Output Token Throughput,tokens/sec/user,p90,2.33
111,1780554172323170560,1780554173323170560,E2E Output Token Throughput,tokens/sec/user,p95,2.33
111,1780554172323170560,1780554173323170560,E2E Output Token Throughput,tokens/sec/user,p99,2.33
111,1780554172323170560,1780554173323170560,E2E Output Token Throughput,tokens/sec/user,std,0.00
111,1780554172323170560,1780554173323170560,Effective Concurrency,requests,avg,15.67
111,1780554172323170560,1780554173323170560,Effective Concurrency,requests,min,15.00
111,1780554172323170560,1780554173323170560,Effective Concurrency,requests,max,16.00
111,1780554172323170560,1780554173323170560,Effective Concurrency,requests,p50,16.00
111,1780554172323170560,1780554173323170560,Effective Concurrency,requests,p90,16.00
111,1780554172323170560,1780554173323170560,Effective Concurrency,requests,p95,16.00
111,1780554172323170560,1780554173323170560,Effective Concurrency,requests,p99,16.00
111,1780554172323170560,1780554173323170560,Effective Concurrency,requests,std,0.47
111,1780554172323170560,1780554173323170560,Effective Decode Concurrency,requests,avg,10.00
111,1780554172323170560,1780554173323170560,Effective Decode Concurrency,requests,min,10.00
111,1780554172323170560,1780554173323170560,Effective Decode Concurrency,requests,max,10.00
111,1780554172323170560,1780554173323170560,Effective Decode Concurrency,requests,p50,10.00
111,1780554172323170560,1780554173323170560,Effective Decode Concurrency,requests,p90,10.00
111,1780554172323170560,1780554173323170560,Effective Decode Concurrency,requests,p95,10.00
111,1780554172323170560,1780554173323170560,Effective Decode Concurrency,requests,p99,10.00
111,1780554172323170560,1780554173323170560,Effective Decode Concurrency,requests,std,0.00
111,1780554172323170560,1780554173323170560,Effective Decode Throughput,tokens/sec,avg,42.58
111,1780554172323170560,1780554173323170560,Effective Decode Throughput,tokens/sec,min,29.02
111,1780554172323170560,1780554173323170560,Effective Decode Throughput,tokens/sec,max,58.55
111,1780554172323170560,1780554173323170560,Effective Decode Throughput,tokens/sec,p50,43.78
111,1780554172323170560,1780554173323170560,Effective Decode Throughput,tokens/sec,p90,43.78
111,1780554172323170560,1780554173323170560,Effective Decode Throughput,tokens/sec,p95,43.78
111,1780554172323170560,1780554173323170560,Effective Decode Throughput,tokens/sec,p99,43.78
111,1780554172323170560,1780554173323170560,Effective Decode Throughput,tokens/sec,std,4.04
111,1780554172323170560,1780554173323170560,Effective Decode Throughput Per User,tokens/sec/user,avg,4.26
111,1780554172323170560,1780554173323170560,Effective Decode Throughput Per User,tokens/sec/user,min,2.90
111,1780554172323170560,1780554173323170560,Effective Decode Throughput Per User,tokens/sec/user,max,5.85
111,1780554172323170560,1780554173323170560,Effective Decode Throughput Per User,tokens/sec/user,p50,4.38
111,1780554172323170560,1780554173323170560,Effective Decode Throughput Per User,tokens/sec/user,p90,4.38
111,1780554172323170560,1780554173323170560,Effective Decode Throughput Per User,tokens/sec/user,p95,4.38
111,1780554172323170560,1780554173323170560,Effective Decode Throughput Per User,tokens/sec/user,p99,4.38
111,1780554172323170560,1780554173323170560,Effective Decode Throughput Per User,tokens/sec/user,std,0.40
111,1780554172323170560,1780554173323170560,Effective Prefill Concurrency,requests,avg,5.67
111,1780554172323170560,1780554173323170560,Effective Prefill Concurrency,requests,min,5.00
111,1780554172323170560,1780554173323170560,Effective Prefill Concurrency,requests,max,6.00
111,1780554172323170560,1780554173323170560,Effective Prefill Concurrency,requests,p50,6.00
111,1780554172323170560,1780554173323170560,Effective Prefill Concurrency,requests,p90,6.00
111,1780554172323170560,1780554173323170560,Effective Prefill Concurrency,requests,p95,6.00
111,1780554172323170560,1780554173323170560,Effective Prefill Concurrency,requests,p99,6.00
111,1780554172323170560,1780554173323170560,Effective Prefill Concurrency,requests,std,0.47
111,1780554172323170560,1780554173323170560,Effective Prefill Throughput,tokens/sec,avg,10400.94
111,1780554172323170560,1780554173323170560,Effective Prefill Throughput,tokens/sec,min,9552.31
111,1780554172323170560,1780554173323170560,Effective Prefill Throughput,tokens/sec,max,10814.92
111,1780554172323170560,1780554173323170560,Effective Prefill Throughput,tokens/sec,p50,10814.92
111,1780554172323170560,1780554173323170560,Effective Prefill Throughput,tokens/sec,p90,10814.92
111,1780554172323170560,1780554173323170560,Effective Prefill Throughput,tokens/sec,p95,10814.92
111,1780554172323170560,1780554173323170560,Effective Prefill Throughput,tokens/sec,p99,10814.92
111,1780554172323170560,1780554173323170560,Effective Prefill Throughput,tokens/sec,std,592.72
111,1780554172323170560,1780554173323170560,Effective Prefill Throughput Per User,tokens/sec/user,avg,1837.89
111,1780554172323170560,1780554173323170560,Effective Prefill Throughput Per User,tokens/sec/user,min,1802.49
111,1780554172323170560,1780554173323170560,Effective Prefill Throughput Per User,tokens/sec/user,max,1910.46
111,1780554172323170560,1780554173323170560,Effective Prefill Throughput Per User,tokens/sec/user,p50,1802.49
111,1780554172323170560,1780554173323170560,Effective Prefill Throughput Per User,tokens/sec/user,p90,1910.46
111,1780554172323170560,1780554173323170560,Effective Prefill Throughput Per User,tokens/sec/user,p95,1910.46
111,1780554172323170560,1780554173323170560,Effective Prefill Throughput Per User,tokens/sec/user,p99,1910.46
111,1780554172323170560,1780554173323170560,Effective Prefill Throughput Per User,tokens/sec/user,std,50.69
111,1780554172323170560,1780554173323170560,Effective Total Throughput,tokens/sec,avg,10474.04
111,1780554172323170560,1780554173323170560,Effective Total Throughput,tokens/sec,min,9625.40
111,1780554172323170560,1780554173323170560,Effective Total Throughput,tokens/sec,max,10888.02
111,1780554172323170560,1780554173323170560,Effective Total Throughput,tokens/sec,p50,10888.02
111,1780554172323170560,1780554173323170560,Effective Total Throughput,tokens/sec,p90,10888.02
111,1780554172323170560,1780554173323170560,Effective Total Throughput,tokens/sec,p95,10888.02
111,1780554172323170560,1780554173323170560,Effective Total Throughput,tokens/sec,p99,10888.02
111,1780554172323170560,1780554173323170560,Effective Total Throughput,tokens/sec,std,592.72
111,1780554172323170560,1780554173323170560,HTTP Blocked,ms,avg,0.00
111,1780554172323170560,1780554173323170560,HTTP Blocked,ms,min,0.00
111,1780554172323170560,1780554173323170560,HTTP Blocked,ms,max,0.00
111,1780554172323170560,1780554173323170560,HTTP Blocked,ms,sum,0.00
111,1780554172323170560,1780554173323170560,HTTP Blocked,ms,p1,0.00
111,1780554172323170560,1780554173323170560,HTTP Blocked,ms,p5,0.00
111,1780554172323170560,1780554173323170560,HTTP Blocked,ms,p10,0.00
111,1780554172323170560,1780554173323170560,HTTP Blocked,ms,p25,0.00
111,1780554172323170560,1780554173323170560,HTTP Blocked,ms,p50,0.00
111,1780554172323170560,1780554173323170560,HTTP Blocked,ms,p75,0.00
111,1780554172323170560,1780554173323170560,HTTP Blocked,ms,p90,0.00
111,1780554172323170560,1780554173323170560,HTTP Blocked,ms,p95,0.00
111,1780554172323170560,1780554173323170560,HTTP Blocked,ms,p99,0.00
111,1780554172323170560,1780554173323170560,HTTP Blocked,ms,std,0.00
111,1780554172323170560,1780554173323170560,HTTP Chunks Received,count,avg,93.00
111,1780554172323170560,1780554173323170560,HTTP Chunks Received,count,min,93.00
111,1780554172323170560,1780554173323170560,HTTP Chunks Received,count,max,93.00
111,1780554172323170560,1780554173323170560,HTTP Chunks Received,count,sum,93.00
111,1780554172323170560,1780554173323170560,HTTP Chunks Received,count,p1,93.00
111,1780554172323170560,1780554173323170560,HTTP Chunks Received,count,p5,93.00
111,1780554172323170560,1780554173323170560,HTTP Chunks Received,count,p10,93.00
111,1780554172323170560,1780554173323170560,HTTP Chunks Received,count,p25,93.00
111,1780554172323170560,1780554173323170560,HTTP Chunks Received,count,p50,93.00
111,1780554172323170560,1780554173323170560,HTTP Chunks Received,count,p75,93.00
111,1780554172323170560,1780554173323170560,HTTP Chunks Received,count,p90,93.00
111,1780554172323170560,1780554173323170560,HTTP Chunks Received,count,p95,93.00
111,1780554172323170560,1780554173323170560,HTTP Chunks Received,count,p99,93.00
111,1780554172323170560,1780554173323170560,HTTP Chunks Received,count,std,0.00
111,1780554172323170560,1780554173323170560,HTTP Chunks Sent,count,avg,1.00
111,1780554172323170560,1780554173323170560,HTTP Chunks Sent,count,min,1.00
111,1780554172323170560,1780554173323170560,HTTP Chunks Sent,count,max,1.00
111,1780554172323170560,1780554173323170560,HTTP Chunks Sent,count,sum,1.00
111,1780554172323170560,1780554173323170560,HTTP Chunks Sent,count,p1,1.00
111,1780554172323170560,1780554173323170560,HTTP Chunks Sent,count,p5,1.00
111,1780554172323170560,1780554173323170560,HTTP Chunks Sent,count,p10,1.00
111,1780554172323170560,1780554173323170560,HTTP Chunks Sent,count,p25,1.00
111,1780554172323170560,1780554173323170560,HTTP Chunks Sent,count,p50,1.00
111,1780554172323170560,1780554173323170560,HTTP Chunks Sent,count,p75,1.00
111,1780554172323170560,1780554173323170560,HTTP Chunks Sent,count,p90,1.00
111,1780554172323170560,1780554173323170560,HTTP Chunks Sent,count,p95,1.00
111,1780554172323170560,1780554173323170560,HTTP Chunks Sent,count,p99,1.00
111,1780554172323170560,1780554173323170560,HTTP Chunks Sent,count,std,0.00
111,1780554172323170560,1780554173323170560,HTTP Connecting,ms,avg,1.08
111,1780554172323170560,1780554173323170560,HTTP Connecting,ms,min,1.08
111,1780554172323170560,1780554173323170560,HTTP Connecting,ms,max,1.08
111,1780554172323170560,1780554173323170560,HTTP Connecting,ms,sum,1.08
111,1780554172323170560,1780554173323170560,HTTP Connecting,ms,p1,1.08
111,1780554172323170560,1780554173323170560,HTTP Connecting,ms,p5,1.08
111,1780554172323170560,1780554173323170560,HTTP Connecting,ms,p10,1.08
111,1780554172323170560,1780554173323170560,HTTP Connecting,ms,p25,1.08
111,1780554172323170560,1780554173323170560,HTTP Connecting,ms,p50,1.08
111,1780554172323170560,1780554173323170560,HTTP Connecting,ms,p75,1.08
111,1780554172323170560,1780554173323170560,HTTP Connecting,ms,p90,1.08
111,1780554172323170560,1780554173323170560,HTTP Connecting,ms,p95,1.08
111,1780554172323170560,1780554173323170560,HTTP Connecting,ms,p99,1.08
111,1780554172323170560,1780554173323170560,HTTP Connecting,ms,std,0.00
111,1780554172323170560,1780554173323170560,HTTP Connection Overhead,ms,avg,1.45
111,1780554172323170560,1780554173323170560,HTTP Connection Overhead,ms,min,1.45
111,1780554172323170560,1780554173323170560,HTTP Connection Overhead,ms,max,1.45
111,1780554172323170560,1780554173323170560,HTTP Connection Overhead,ms,sum,1.45
111,1780554172323170560,1780554173323170560,HTTP Connection Overhead,ms,p1,1.45
111,1780554172323170560,1780554173323170560,HTTP Connection Overhead,ms,p5,1.45
111,1780554172323170560,1780554173323170560,HTTP Connection Overhead,ms,p10,1.45
111,1780554172323170560,1780554173323170560,HTTP Connection Overhead,ms,p25,1.45
111,1780554172323170560,1780554173323170560,HTTP Connection Overhead,ms,p50,1.45
111,1780554172323170560,1780554173323170560,HTTP Connection Overhead,ms,p75,1.45
111,1780554172323170560,1780554173323170560,HTTP Connection Overhead,ms,p90,1.45
111,1780554172323170560,1780554173323170560,HTTP Connection Overhead,ms,p95,1.45
111,1780554172323170560,1780554173323170560,HTTP Connection Overhead,ms,p99,1.45
111,1780554172323170560,1780554173323170560,HTTP Connection Overhead,ms,std,0.00
111,1780554172323170560,1780554173323170560,HTTP Connection Reused,ratio,avg,0.00
111,1780554172323170560,1780554173323170560,HTTP Connection Reused,ratio,min,0.00
111,1780554172323170560,1780554173323170560,HTTP Connection Reused,ratio,max,0.00
111,1780554172323170560,1780554173323170560,HTTP Connection Reused,ratio,sum,0.00
111,1780554172323170560,1780554173323170560,HTTP Connection Reused,ratio,p1,0.00
111,1780554172323170560,1780554173323170560,HTTP Connection Reused,ratio,p5,0.00
111,1780554172323170560,1780554173323170560,HTTP Connection Reused,ratio,p10,0.00
111,1780554172323170560,1780554173323170560,HTTP Connection Reused,ratio,p25,0.00
111,1780554172323170560,1780554173323170560,HTTP Connection Reused,ratio,p50,0.00
111,1780554172323170560,1780554173323170560,HTTP Connection Reused,ratio,p75,0.00
111,1780554172323170560,1780554173323170560,HTTP Connection Reused,ratio,p90,0.00
111,1780554172323170560,1780554173323170560,HTTP Connection Reused,ratio,p95,0.00
111,1780554172323170560,1780554173323170560,HTTP Connection Reused,ratio,p99,0.00
111,1780554172323170560,1780554173323170560,HTTP Connection Reused,ratio,std,0.00
111,1780554172323170560,1780554173323170560,HTTP Data Received,KB,avg,23.72
111,1780554172323170560,1780554173323170560,HTTP Data Received,KB,min,23.72
111,1780554172323170560,1780554173323170560,HTTP Data Received,KB,max,23.72
111,1780554172323170560,1780554173323170560,HTTP Data Received,KB,sum,23.72
111,1780554172323170560,1780554173323170560,HTTP Data Received,KB,p1,23.72
111,1780554172323170560,1780554173323170560,HTTP Data Received,KB,p5,23.72
111,1780554172323170560,1780554173323170560,HTTP Data Received,KB,p10,23.72
111,1780554172323170560,1780554173323170560,HTTP Data Received,KB,p25,23.72
111,1780554172323170560,1780554173323170560,HTTP Data Received,KB,p50,23.72
111,1780554172323170560,1780554173323170560,HTTP Data Received,KB,p75,23.72
111,1780554172323170560,1780554173323170560,HTTP Data Received,KB,p90,23.72
111,1780554172323170560,1780554173323170560,HTTP Data Received,KB,p95,23.72
111,1780554172323170560,1780554173323170560,HTTP Data Received,KB,p99,23.72
111,1780554172323170560,1780554173323170560,HTTP Data Received,KB,std,0.00
111,1780554172323170560,1780554173323170560,HTTP Data Sent,KB,avg,162.84
111,1780554172323170560,1780554173323170560,HTTP Data Sent,KB,min,162.84
111,1780554172323170560,1780554173323170560,HTTP Data Sent,KB,max,162.84
111,1780554172323170560,1780554173323170560,HTTP Data Sent,KB,sum,162.84
111,1780554172323170560,1780554173323170560,HTTP Data Sent,KB,p1,162.84
111,1780554172323170560,1780554173323170560,HTTP Data Sent,KB,p5,162.84
111,1780554172323170560,1780554173323170560,HTTP Data Sent,KB,p10,162.84
111,1780554172323170560,1780554173323170560,HTTP Data Sent,KB,p25,162.84
111,1780554172323170560,1780554173323170560,HTTP Data Sent,KB,p50,162.84
111,1780554172323170560,1780554173323170560,HTTP Data Sent,KB,p75,162.84
111,1780554172323170560,1780554173323170560,HTTP Data Sent,KB,p90,162.84
111,1780554172323170560,1780554173323170560,HTTP Data Sent,KB,p95,162.84
111,1780554172323170560,1780554173323170560,HTTP Data Sent,KB,p99,162.84
111,1780554172323170560,1780554173323170560,HTTP Data Sent,KB,std,0.00
111,1780554172323170560,1780554173323170560,HTTP DNS Lookup,ms,avg,0.38
111,1780554172323170560,1780554173323170560,HTTP DNS Lookup,ms,min,0.38
111,1780554172323170560,1780554173323170560,HTTP DNS Lookup,ms,max,0.38
111,1780554172323170560,1780554173323170560,HTTP DNS Lookup,ms,sum,0.38
111,1780554172323170560,1780554173323170560,HTTP DNS Lookup,ms,p1,0.38
111,1780554172323170560,1780554173323170560,HTTP DNS Lookup,ms,p5,0.38
111,1780554172323170560,1780554173323170560,HTTP DNS Lookup,ms,p10,0.38
111,1780554172323170560,1780554173323170560,HTTP DNS Lookup,ms,p25,0.38
111,1780554172323170560,1780554173323170560,HTTP DNS Lookup,ms,p50,0.38
111,1780554172323170560,1780554173323170560,HTTP DNS Lookup,ms,p75,0.38
111,1780554172323170560,1780554173323170560,HTTP DNS Lookup,ms,p90,0.38
111,1780554172323170560,1780554173323170560,HTTP DNS Lookup,ms,p95,0.38
111,1780554172323170560,1780554173323170560,HTTP DNS Lookup,ms,p99,0.38
111,1780554172323170560,1780554173323170560,HTTP DNS Lookup,ms,std,0.00
111,1780554172323170560,1780554173323170560,HTTP Duration (excl. conn),ms,avg,39897.36
111,1780554172323170560,1780554173323170560,HTTP Duration (excl. conn),ms,min,39897.36
111,1780554172323170560,1780554173323170560,HTTP Duration (excl. conn),ms,max,39897.36
111,1780554172323170560,1780554173323170560,HTTP Duration (excl. conn),ms,sum,39897.36
111,1780554172323170560,1780554173323170560,HTTP Duration (excl. conn),ms,p1,39897.36
111,1780554172323170560,1780554173323170560,HTTP Duration (excl. conn),ms,p5,39897.36
111,1780554172323170560,1780554173323170560,HTTP Duration (excl. conn),ms,p10,39897.36
111,1780554172323170560,1780554173323170560,HTTP Duration (excl. conn),ms,p25,39897.36
111,1780554172323170560,1780554173323170560,HTTP Duration (excl. conn),ms,p50,39897.36
111,1780554172323170560,1780554173323170560,HTTP Duration (excl. conn),ms,p75,39897.36
111,1780554172323170560,1780554173323170560,HTTP Duration (excl. conn),ms,p90,39897.36
111,1780554172323170560,1780554173323170560,HTTP Duration (excl. conn),ms,p95,39897.36
111,1780554172323170560,1780554173323170560,HTTP Duration (excl. conn),ms,p99,39897.36
111,1780554172323170560,1780554173323170560,HTTP Duration (excl. conn),ms,std,0.00
111,1780554172323170560,1780554173323170560,HTTP Receiving,ms,avg,6283.10
111,1780554172323170560,1780554173323170560,HTTP Receiving,ms,min,6283.10
111,1780554172323170560,1780554173323170560,HTTP Receiving,ms,max,6283.10
111,1780554172323170560,1780554173323170560,HTTP Receiving,ms,sum,6283.10
111,1780554172323170560,1780554173323170560,HTTP Receiving,ms,p1,6283.10
111,1780554172323170560,1780554173323170560,HTTP Receiving,ms,p5,6283.10
111,1780554172323170560,1780554173323170560,HTTP Receiving,ms,p10,6283.10
111,1780554172323170560,1780554173323170560,HTTP Receiving,ms,p25,6283.10
111,1780554172323170560,1780554173323170560,HTTP Receiving,ms,p50,6283.10
111,1780554172323170560,1780554173323170560,HTTP Receiving,ms,p75,6283.10
111,1780554172323170560,1780554173323170560,HTTP Receiving,ms,p90,6283.10
111,1780554172323170560,1780554173323170560,HTTP Receiving,ms,p95,6283.10
111,1780554172323170560,1780554173323170560,HTTP Receiving,ms,p99,6283.10
111,1780554172323170560,1780554173323170560,HTTP Receiving,ms,std,0.00
111,1780554172323170560,1780554173323170560,HTTP Sending,ms,avg,1.40
111,1780554172323170560,1780554173323170560,HTTP Sending,ms,min,1.40
111,1780554172323170560,1780554173323170560,HTTP Sending,ms,max,1.40
111,1780554172323170560,1780554173323170560,HTTP Sending,ms,sum,1.40
111,1780554172323170560,1780554173323170560,HTTP Sending,ms,p1,1.40
111,1780554172323170560,1780554173323170560,HTTP Sending,ms,p5,1.40
111,1780554172323170560,1780554173323170560,HTTP Sending,ms,p10,1.40
111,1780554172323170560,1780554173323170560,HTTP Sending,ms,p25,1.40
111,1780554172323170560,1780554173323170560,HTTP Sending,ms,p50,1.40
111,1780554172323170560,1780554173323170560,HTTP Sending,ms,p75,1.40
111,1780554172323170560,1780554173323170560,HTTP Sending,ms,p90,1.40
111,1780554172323170560,1780554173323170560,HTTP Sending,ms,p95,1.40
111,1780554172323170560,1780554173323170560,HTTP Sending,ms,p99,1.40
111,1780554172323170560,1780554173323170560,HTTP Sending,ms,std,0.00
111,1780554172323170560,1780554173323170560,HTTP Total Time,ms,avg,39898.81
111,1780554172323170560,1780554173323170560,HTTP Total Time,ms,min,39898.81
111,1780554172323170560,1780554173323170560,HTTP Total Time,ms,max,39898.81
111,1780554172323170560,1780554173323170560,HTTP Total Time,ms,sum,39898.81
111,1780554172323170560,1780554173323170560,HTTP Total Time,ms,p1,39898.81
111,1780554172323170560,1780554173323170560,HTTP Total Time,ms,p5,39898.81
111,1780554172323170560,1780554173323170560,HTTP Total Time,ms,p10,39898.81
111,1780554172323170560,1780554173323170560,HTTP Total Time,ms,p25,39898.81
111,1780554172323170560,1780554173323170560,HTTP Total Time,ms,p50,39898.81
111,1780554172323170560,1780554173323170560,HTTP Total Time,ms,p75,39898.81
111,1780554172323170560,1780554173323170560,HTTP Total Time,ms,p90,39898.81
111,1780554172323170560,1780554173323170560,HTTP Total Time,ms,p95,39898.81
111,1780554172323170560,1780554173323170560,HTTP Total Time,ms,p99,39898.81
111,1780554172323170560,1780554173323170560,HTTP Total Time,ms,std,0.00
111,1780554172323170560,1780554173323170560,HTTP Waiting (TTFB),ms,avg,33612.86
111,1780554172323170560,1780554173323170560,HTTP Waiting (TTFB),ms,min,33612.86
111,1780554172323170560,1780554173323170560,HTTP Waiting (TTFB),ms,max,33612.86
111,1780554172323170560,1780554173323170560,HTTP Waiting (TTFB),ms,sum,33612.86
111,1780554172323170560,1780554173323170560,HTTP Waiting (TTFB),ms,p1,33612.86
111,1780554172323170560,1780554173323170560,HTTP Waiting (TTFB),ms,p5,33612.86
111,1780554172323170560,1780554173323170560,HTTP Waiting (TTFB),ms,p10,33612.86
111,1780554172323170560,1780554173323170560,HTTP Waiting (TTFB),ms,p25,33612.86
111,1780554172323170560,1780554173323170560,HTTP Waiting (TTFB),ms,p50,33612.86
111,1780554172323170560,1780554173323170560,HTTP Waiting (TTFB),ms,p75,33612.86
111,1780554172323170560,1780554173323170560,HTTP Waiting (TTFB),ms,p90,33612.86
111,1780554172323170560,1780554173323170560,HTTP Waiting (TTFB),ms,p95,33612.86
111,1780554172323170560,1780554173323170560,HTTP Waiting (TTFB),ms,p99,33612.86
111,1780554172323170560,1780554173323170560,HTTP Waiting (TTFB),ms,std,0.00
111,1780554172323170560,1780554173323170560,Input Sequence Length,tokens,avg,42442.00
111,1780554172323170560,1780554173323170560,Input Sequence Length,tokens,min,42442.00
111,1780554172323170560,1780554173323170560,Input Sequence Length,tokens,max,42442.00
111,1780554172323170560,1780554173323170560,Input Sequence Length,tokens,sum,42442.00
111,1780554172323170560,1780554173323170560,Input Sequence Length,tokens,p1,42442.00
111,1780554172323170560,1780554173323170560,Input Sequence Length,tokens,p5,42442.00
111,1780554172323170560,1780554173323170560,Input Sequence Length,tokens,p10,42442.00
111,1780554172323170560,1780554173323170560,Input Sequence Length,tokens,p25,42442.00
111,1780554172323170560,1780554173323170560,Input Sequence Length,tokens,p50,42442.00
111,1780554172323170560,1780554173323170560,Input Sequence Length,tokens,p75,42442.00
111,1780554172323170560,1780554173323170560,Input Sequence Length,tokens,p90,42442.00
111,1780554172323170560,1780554173323170560,Input Sequence Length,tokens,p95,42442.00
111,1780554172323170560,1780554173323170560,Input Sequence Length,tokens,p99,42442.00
111,1780554172323170560,1780554173323170560,Input Sequence Length,tokens,std,0.00
111,1780554172323170560,1780554173323170560,Input Token Throughput,tokens/sec,avg,42442.00
111,1780554172323170560,1780554173323170560,Inter Chunk Latency,ms,avg,67.74
111,1780554172323170560,1780554173323170560,Inter Chunk Latency,ms,min,67.74
111,1780554172323170560,1780554173323170560,Inter Chunk Latency,ms,max,67.74
111,1780554172323170560,1780554173323170560,Inter Chunk Latency,ms,sum,6231.78
111,1780554172323170560,1780554173323170560,Inter Chunk Latency,ms,p1,67.74
111,1780554172323170560,1780554173323170560,Inter Chunk Latency,ms,p5,67.74
111,1780554172323170560,1780554173323170560,Inter Chunk Latency,ms,p10,67.74
111,1780554172323170560,1780554173323170560,Inter Chunk Latency,ms,p25,67.74
111,1780554172323170560,1780554173323170560,Inter Chunk Latency,ms,p50,67.74
111,1780554172323170560,1780554173323170560,Inter Chunk Latency,ms,p75,67.74
111,1780554172323170560,1780554173323170560,Inter Chunk Latency,ms,p90,67.74
111,1780554172323170560,1780554173323170560,Inter Chunk Latency,ms,p95,67.74
111,1780554172323170560,1780554173323170560,Inter Chunk Latency,ms,p99,67.74
111,1780554172323170560,1780554173323170560,Inter Chunk Latency,ms,std,0.00
111,1780554172323170560,1780554173323170560,Inter Token Latency,ms,avg,68.29
111,1780554172323170560,1780554173323170560,Inter Token Latency,ms,min,68.29
111,1780554172323170560,1780554173323170560,Inter Token Latency,ms,max,68.29
111,1780554172323170560,1780554173323170560,Inter Token Latency,ms,sum,68.29
111,1780554172323170560,1780554173323170560,Inter Token Latency,ms,p1,68.29
111,1780554172323170560,1780554173323170560,Inter Token Latency,ms,p5,68.29
111,1780554172323170560,1780554173323170560,Inter Token Latency,ms,p10,68.29
111,1780554172323170560,1780554173323170560,Inter Token Latency,ms,p25,68.29
111,1780554172323170560,1780554173323170560,Inter Token Latency,ms,p50,68.29
111,1780554172323170560,1780554173323170560,Inter Token Latency,ms,p75,68.29
111,1780554172323170560,1780554173323170560,Inter Token Latency,ms,p90,68.29
111,1780554172323170560,1780554173323170560,Inter Token Latency,ms,p95,68.29
111,1780554172323170560,1780554173323170560,Inter Token Latency,ms,p99,68.29
111,1780554172323170560,1780554173323170560,Inter Token Latency,ms,std,0.00
111,1780554172323170560,1780554173323170560,Maximum Response Timestamp,ns,avg,1780554212548527872.00
111,1780554172323170560,1780554173323170560,Minimum Request Timestamp,ns,avg,1780554172651047424.00
111,1780554172323170560,1780554173323170560,OSL Mismatch Count,requests,avg,0.00
111,1780554172323170560,1780554173323170560,OSL Mismatch Diff %,%,avg,0.00
111,1780554172323170560,1780554173323170560,OSL Mismatch Diff %,%,min,0.00
111,1780554172323170560,1780554173323170560,OSL Mismatch Diff %,%,max,0.00
111,1780554172323170560,1780554173323170560,OSL Mismatch Diff %,%,sum,0.00
111,1780554172323170560,1780554173323170560,OSL Mismatch Diff %,%,p1,0.00
111,1780554172323170560,1780554173323170560,OSL Mismatch Diff %,%,p5,0.00
111,1780554172323170560,1780554173323170560,OSL Mismatch Diff %,%,p10,0.00
111,1780554172323170560,1780554173323170560,OSL Mismatch Diff %,%,p25,0.00
111,1780554172323170560,1780554173323170560,OSL Mismatch Diff %,%,p50,0.00
111,1780554172323170560,1780554173323170560,OSL Mismatch Diff %,%,p75,0.00
111,1780554172323170560,1780554173323170560,OSL Mismatch Diff %,%,p90,0.00
111,1780554172323170560,1780554173323170560,OSL Mismatch Diff %,%,p95,0.00
111,1780554172323170560,1780554173323170560,OSL Mismatch Diff %,%,p99,0.00
111,1780554172323170560,1780554173323170560,OSL Mismatch Diff %,%,std,0.00
111,1780554172323170560,1780554173323170560,Output Sequence Length,tokens,avg,93.00
111,1780554172323170560,1780554173323170560,Output Sequence Length,tokens,min,93.00
111,1780554172323170560,1780554173323170560,Output Sequence Length,tokens,max,93.00
111,1780554172323170560,1780554173323170560,Output Sequence Length,tokens,sum,93.00
111,1780554172323170560,1780554173323170560,Output Sequence Length,tokens,p1,93.00
111,1780554172323170560,1780554173323170560,Output Sequence Length,tokens,p5,93.00
111,1780554172323170560,1780554173323170560,Output Sequence Length,tokens,p10,93.00
111,1780554172323170560,1780554173323170560,Output Sequence Length,tokens,p25,93.00
111,1780554172323170560,1780554173323170560,Output Sequence Length,tokens,p50,93.00
111,1780554172323170560,1780554173323170560,Output Sequence Length,tokens,p75,93.00
111,1780554172323170560,1780554173323170560,Output Sequence Length,tokens,p90,93.00
111,1780554172323170560,1780554173323170560,Output Sequence Length,tokens,p95,93.00
111,1780554172323170560,1780554173323170560,Output Sequence Length,tokens,p99,93.00
111,1780554172323170560,1780554173323170560,Output Sequence Length,tokens,std,0.00
111,1780554172323170560,1780554173323170560,Output Token Count,tokens,avg,93.00
111,1780554172323170560,1780554173323170560,Output Token Count,tokens,min,93.00
111,1780554172323170560,1780554173323170560,Output Token Count,tokens,max,93.00
111,1780554172323170560,1780554173323170560,Output Token Count,tokens,sum,93.00
111,1780554172323170560,1780554173323170560,Output Token Count,tokens,p1,93.00
111,1780554172323170560,1780554173323170560,Output Token Count,tokens,p5,93.00
111,1780554172323170560,1780554173323170560,Output Token Count,tokens,p10,93.00
111,1780554172323170560,1780554173323170560,Output Token Count,tokens,p25,93.00
111,1780554172323170560,1780554173323170560,Output Token Count,tokens,p50,93.00
111,1780554172323170560,1780554173323170560,Output Token Count,tokens,p75,93.00
111,1780554172323170560,1780554173323170560,Output Token Count,tokens,p90,93.00
111,1780554172323170560,1780554173323170560,Output Token Count,tokens,p95,93.00
111,1780554172323170560,1780554173323170560,Output Token Count,tokens,p99,93.00
111,1780554172323170560,1780554173323170560,Output Token Count,tokens,std,0.00
111,1780554172323170560,1780554173323170560,Output Token Throughput,tokens/sec,avg,93.00
111,1780554172323170560,1780554173323170560,Output Token Throughput Per User,tokens/sec/user,avg,14.64
111,1780554172323170560,1780554173323170560,Output Token Throughput Per User,tokens/sec/user,min,14.64
111,1780554172323170560,1780554173323170560,Output Token Throughput Per User,tokens/sec/user,max,14.64
111,1780554172323170560,1780554173323170560,Output Token Throughput Per User,tokens/sec/user,sum,14.64
111,1780554172323170560,1780554173323170560,Output Token Throughput Per User,tokens/sec/user,p1,14.64
111,1780554172323170560,1780554173323170560,Output Token Throughput Per User,tokens/sec/user,p5,14.64
111,1780554172323170560,1780554173323170560,Output Token Throughput Per User,tokens/sec/user,p10,14.64
111,1780554172323170560,1780554173323170560,Output Token Throughput Per User,tokens/sec/user,p25,14.64
111,1780554172323170560,1780554173323170560,Output Token Throughput Per User,tokens/sec/user,p50,14.64
111,1780554172323170560,1780554173323170560,Output Token Throughput Per User,tokens/sec/user,p75,14.64
111,1780554172323170560,1780554173323170560,Output Token Throughput Per User,tokens/sec/user,p90,14.64
111,1780554172323170560,1780554173323170560,Output Token Throughput Per User,tokens/sec/user,p95,14.64
111,1780554172323170560,1780554173323170560,Output Token Throughput Per User,tokens/sec/user,p99,14.64
111,1780554172323170560,1780554173323170560,Output Token Throughput Per User,tokens/sec/user,std,0.00
111,1780554172323170560,1780554173323170560,Prefill Throughput Per User,tokens/sec/user,avg,1262.61
111,1780554172323170560,1780554173323170560,Prefill Throughput Per User,tokens/sec/user,min,1262.61
111,1780554172323170560,1780554173323170560,Prefill Throughput Per User,tokens/sec/user,max,1262.61
111,1780554172323170560,1780554173323170560,Prefill Throughput Per User,tokens/sec/user,sum,1262.61
111,1780554172323170560,1780554173323170560,Prefill Throughput Per User,tokens/sec/user,p1,1262.61
111,1780554172323170560,1780554173323170560,Prefill Throughput Per User,tokens/sec/user,p5,1262.61
111,1780554172323170560,1780554173323170560,Prefill Throughput Per User,tokens/sec/user,p10,1262.61
111,1780554172323170560,1780554173323170560,Prefill Throughput Per User,tokens/sec/user,p25,1262.61
111,1780554172323170560,1780554173323170560,Prefill Throughput Per User,tokens/sec/user,p50,1262.61
111,1780554172323170560,1780554173323170560,Prefill Throughput Per User,tokens/sec/user,p75,1262.61
111,1780554172323170560,1780554173323170560,Prefill Throughput Per User,tokens/sec/user,p90,1262.61
111,1780554172323170560,1780554173323170560,Prefill Throughput Per User,tokens/sec/user,p95,1262.61
111,1780554172323170560,1780554173323170560,Prefill Throughput Per User,tokens/sec/user,p99,1262.61
111,1780554172323170560,1780554173323170560,Prefill Throughput Per User,tokens/sec/user,std,0.00
111,1780554172323170560,1780554173323170560,Request Count,requests,avg,1.00
111,1780554172323170560,1780554173323170560,Request Latency,ms,avg,39897.48
111,1780554172323170560,1780554173323170560,Request Latency,ms,min,39897.48
111,1780554172323170560,1780554173323170560,Request Latency,ms,max,39897.48
111,1780554172323170560,1780554173323170560,Request Latency,ms,sum,39897.48
111,1780554172323170560,1780554173323170560,Request Latency,ms,p1,39897.48
111,1780554172323170560,1780554173323170560,Request Latency,ms,p5,39897.48
111,1780554172323170560,1780554173323170560,Request Latency,ms,p10,39897.48
111,1780554172323170560,1780554173323170560,Request Latency,ms,p25,39897.48
111,1780554172323170560,1780554173323170560,Request Latency,ms,p50,39897.48
111,1780554172323170560,1780554173323170560,Request Latency,ms,p75,39897.48
111,1780554172323170560,1780554173323170560,Request Latency,ms,p90,39897.48
111,1780554172323170560,1780554173323170560,Request Latency,ms,p95,39897.48
111,1780554172323170560,1780554173323170560,Request Latency,ms,p99,39897.48
111,1780554172323170560,1780554173323170560,Request Latency,ms,std,0.00
111,1780554172323170560,1780554173323170560,Request Throughput,requests/sec,avg,1.00
111,1780554172323170560,1780554173323170560,Requested OSL,tokens,avg,93.00
111,1780554172323170560,1780554173323170560,Requested OSL,tokens,min,93.00
111,1780554172323170560,1780554173323170560,Requested OSL,tokens,max,93.00
111,1780554172323170560,1780554173323170560,Requested OSL,tokens,sum,93.00
111,1780554172323170560,1780554173323170560,Requested OSL,tokens,p1,93.00
111,1780554172323170560,1780554173323170560,Requested OSL,tokens,p5,93.00
111,1780554172323170560,1780554173323170560,Requested OSL,tokens,p10,93.00
111,1780554172323170560,1780554173323170560,Requested OSL,tokens,p25,93.00
111,1780554172323170560,1780554173323170560,Requested OSL,tokens,p50,93.00
111,1780554172323170560,1780554173323170560,Requested OSL,tokens,p75,93.00
111,1780554172323170560,1780554173323170560,Requested OSL,tokens,p90,93.00
111,1780554172323170560,1780554173323170560,Requested OSL,tokens,p95,93.00
111,1780554172323170560,1780554173323170560,Requested OSL,tokens,p99,93.00
111,1780554172323170560,1780554173323170560,Requested OSL,tokens,std,0.00
111,1780554172323170560,1780554173323170560,Time to First Output Token,ms,avg,33614.43
111,1780554172323170560,1780554173323170560,Time to First Output Token,ms,min,33614.43
111,1780554172323170560,1780554173323170560,Time to First Output Token,ms,max,33614.43
111,1780554172323170560,1780554173323170560,Time to First Output Token,ms,sum,33614.43
111,1780554172323170560,1780554173323170560,Time to First Output Token,ms,p1,33614.43
111,1780554172323170560,1780554173323170560,Time to First Output Token,ms,p5,33614.43
111,1780554172323170560,1780554173323170560,Time to First Output Token,ms,p10,33614.43
111,1780554172323170560,1780554173323170560,Time to First Output Token,ms,p25,33614.43
111,1780554172323170560,1780554173323170560,Time to First Output Token,ms,p50,33614.43
111,1780554172323170560,1780554173323170560,Time to First Output Token,ms,p75,33614.43
111,1780554172323170560,1780554173323170560,Time to First Output Token,ms,p90,33614.43
111,1780554172323170560,1780554173323170560,Time to First Output Token,ms,p95,33614.43
111,1780554172323170560,1780554173323170560,Time to First Output Token,ms,p99,33614.43
111,1780554172323170560,1780554173323170560,Time to First Output Token,ms,std,0.00
111,1780554172323170560,1780554173323170560,Time to First Token,ms,avg,33614.43
111,1780554172323170560,1780554173323170560,Time to First Token,ms,min,33614.43
111,1780554172323170560,1780554173323170560,Time to First Token,ms,max,33614.43
111,1780554172323170560,1780554173323170560,Time to First Token,ms,sum,33614.43
111,1780554172323170560,1780554173323170560,Time to First Token,ms,p1,33614.43
111,1780554172323170560,1780554173323170560,Time to First Token,ms,p5,33614.43
111,1780554172323170560,1780554173323170560,Time to First Token,ms,p10,33614.43
111,1780554172323170560,1780554173323170560,Time to First Token,ms,p25,33614.43
111,1780554172323170560,1780554173323170560,Time to First Token,ms,p50,33614.43
111,1780554172323170560,1780554173323170560,Time to First Token,ms,p75,33614.43
111,1780554172323170560,1780554173323170560,Time to First Token,ms,p90,33614.43
111,1780554172323170560,1780554173323170560,Time to First Token,ms,p95,33614.43
111,1780554172323170560,1780554173323170560,Time to First Token,ms,p99,33614.43
111,1780554172323170560,1780554173323170560,Time to First Token,ms,std,0.00
111,1780554172323170560,1780554173323170560,Time to Second Token,ms,avg,30.96
111,1780554172323170560,1780554173323170560,Time to Second Token,ms,min,30.96
111,1780554172323170560,1780554173323170560,Time to Second Token,ms,max,30.96
111,1780554172323170560,1780554173323170560,Time to Second Token,ms,sum,30.96
111,1780554172323170560,1780554173323170560,Time to Second Token,ms,p1,30.96
111,1780554172323170560,1780554173323170560,Time to Second Token,ms,p5,30.96
111,1780554172323170560,1780554173323170560,Time to Second Token,ms,p10,30.96
111,1780554172323170560,1780554173323170560,Time to Second Token,ms,p25,30.96
111,1780554172323170560,1780554173323170560,Time to Second Token,ms,p50,30.96
111,1780554172323170560,1780554173323170560,Time to Second Token,ms,p75,30.96
111,1780554172323170560,1780554173323170560,Time to Second Token,ms,p90,30.96
111,1780554172323170560,1780554173323170560,Time to Second Token,ms,p95,30.96
111,1780554172323170560,1780554173323170560,Time to Second Token,ms,p99,30.96
111,1780554172323170560,1780554173323170560,Time to Second Token,ms,std,0.00
111,1780554172323170560,1780554173323170560,Tokens In Flight,tokens,avg,1486098.11
111,1780554172323170560,1780554173323170560,Tokens In Flight,tokens,min,1457550.25
111,1780554172323170560,1780554173323170560,Tokens In Flight,tokens,max,1500035.28
111,1780554172323170560,1780554173323170560,Tokens In Flight,tokens,p50,1500013.26
111,1780554172323170560,1780554173323170560,Tokens In Flight,tokens,p90,1500031.28
111,1780554172323170560,1780554173323170560,Tokens In Flight,tokens,p95,1500034.28
111,1780554172323170560,1780554173323170560,Tokens In Flight,tokens,p99,1500034.28
111,1780554172323170560,1780554173323170560,Tokens In Flight,tokens,std,19934.22
111,1780554172323170560,1780554173323170560,Total Input Sequence Length,tokens,avg,42442.00
111,1780554172323170560,1780554173323170560,Total Output Sequence Length,tokens,avg,93.00
111,1780554172323170560,1780554173323170560,Total Output Tokens,tokens,avg,93.00
111,1780554172323170560,1780554173323170560,Total Token Throughput,tokens/sec,avg,42535.00
111,1780554172323170560,1780554173323170560,Total Usage Completion Tokens,tokens,avg,93.00
111,1780554172323170560,1780554173323170560,Total Usage Prompt Tokens,tokens,avg,42442.00
111,1780554172323170560,1780554173323170560,Total Usage Total Tokens,tokens,avg,42535.00
111,1780554172323170560,1780554173323170560,Usage Completion Tokens,tokens,avg,93.00
111,1780554172323170560,1780554173323170560,Usage Completion Tokens,tokens,min,93.00
111,1780554172323170560,1780554173323170560,Usage Completion Tokens,tokens,max,93.00
111,1780554172323170560,1780554173323170560,Usage Completion Tokens,tokens,sum,93.00
111,1780554172323170560,1780554173323170560,Usage Completion Tokens,tokens,p1,93.00
111,1780554172323170560,1780554173323170560,Usage Completion Tokens,tokens,p5,93.00
111,1780554172323170560,1780554173323170560,Usage Completion Tokens,tokens,p10,93.00
111,1780554172323170560,1780554173323170560,Usage Completion Tokens,tokens,p25,93.00
111,1780554172323170560,1780554173323170560,Usage Completion Tokens,tokens,p50,93.00
111,1780554172323170560,1780554173323170560,Usage Completion Tokens,tokens,p75,93.00
111,1780554172323170560,1780554173323170560,Usage Completion Tokens,tokens,p90,93.00
111,1780554172323170560,1780554173323170560,Usage Completion Tokens,tokens,p95,93.00
111,1780554172323170560,1780554173323170560,Usage Completion Tokens,tokens,p99,93.00
111,1780554172323170560,1780554173323170560,Usage Completion Tokens,tokens,std,0.00
111,1780554172323170560,1780554173323170560,Usage Prompt Tokens,tokens,avg,42442.00
111,1780554172323170560,1780554173323170560,Usage Prompt Tokens,tokens,min,42442.00
111,1780554172323170560,1780554173323170560,Usage Prompt Tokens,tokens,max,42442.00
111,1780554172323170560,1780554173323170560,Usage Prompt Tokens,tokens,sum,42442.00
111,1780554172323170560,1780554173323170560,Usage Prompt Tokens,tokens,p1,42442.00
111,1780554172323170560,1780554173323170560,Usage Prompt Tokens,tokens,p5,42442.00
111,1780554172323170560,1780554173323170560,Usage Prompt Tokens,tokens,p10,42442.00
111,1780554172323170560,1780554173323170560,Usage Prompt Tokens,tokens,p25,42442.00
111,1780554172323170560,1780554173323170560,Usage Prompt Tokens,tokens,p50,42442.00
111,1780554172323170560,1780554173323170560,Usage Prompt Tokens,tokens,p75,42442.00
111,1780554172323170560,1780554173323170560,Usage Prompt Tokens,tokens,p90,42442.00
111,1780554172323170560,1780554173323170560,Usage Prompt Tokens,tokens,p95,42442.00
111,1780554172323170560,1780554173323170560,Usage Prompt Tokens,tokens,p99,42442.00
111,1780554172323170560,1780554173323170560,Usage Prompt Tokens,tokens,std,0.00
111,1780554172323170560,1780554173323170560,Usage Total Tokens,tokens,avg,42535.00
111,1780554172323170560,1780554173323170560,Usage Total Tokens,tokens,min,42535.00
111,1780554172323170560,1780554173323170560,Usage Total Tokens,tokens,max,42535.00
111,1780554172323170560,1780554173323170560,Usage Total Tokens,tokens,sum,42535.00
111,1780554172323170560,1780554173323170560,Usage Total Tokens,tokens,p1,42535.00
111,1780554172323170560,1780554173323170560,Usage Total Tokens,tokens,p5,42535.00
111,1780554172323170560,1780554173323170560,Usage Total Tokens,tokens,p10,42535.00
111,1780554172323170560,1780554173323170560,Usage Total Tokens,tokens,p25,42535.00
111,1780554172323170560,1780554173323170560,Usage Total Tokens,tokens,p50,42535.00
111,1780554172323170560,1780554173323170560,Usage Total Tokens,tokens,p75,42535.00
111,1780554172323170560,1780554173323170560,Usage Total Tokens,tokens,p90,42535.00
111,1780554172323170560,1780554173323170560,Usage Total Tokens,tokens,p95,42535.00
111,1780554172323170560,1780554173323170560,Usage Total Tokens,tokens,p99,42535.00
111,1780554172323170560,1780554173323170560,Usage Total Tokens,tokens,std,0.00
112,1780554195323170560,1780554196323170560,Active Decode Throughput,tokens/sec,avg,58.37
112,1780554195323170560,1780554196323170560,Active Decode Throughput,tokens/sec,min,43.60
112,1780554195323170560,1780554196323170560,Active Decode Throughput,tokens/sec,max,73.13
112,1780554195323170560,1780554196323170560,Active Decode Throughput,tokens/sec,p50,58.37
112,1780554195323170560,1780554196323170560,Active Decode Throughput,tokens/sec,p90,58.37
112,1780554195323170560,1780554196323170560,Active Decode Throughput,tokens/sec,p95,58.37
112,1780554195323170560,1780554196323170560,Active Decode Throughput,tokens/sec,p99,58.37
112,1780554195323170560,1780554196323170560,Active Decode Throughput,tokens/sec,std,0.03
112,1780554195323170560,1780554196323170560,Active Decode Throughput Per User,tokens/sec/user,avg,5.10
112,1780554195323170560,1780554196323170560,Active Decode Throughput Per User,tokens/sec/user,min,3.68
112,1780554195323170560,1780554196323170560,Active Decode Throughput Per User,tokens/sec/user,max,6.64
112,1780554195323170560,1780554196323170560,Active Decode Throughput Per User,tokens/sec/user,p50,5.31
112,1780554195323170560,1780554196323170560,Active Decode Throughput Per User,tokens/sec/user,p90,5.31
112,1780554195323170560,1780554196323170560,Active Decode Throughput Per User,tokens/sec/user,p95,5.31
112,1780554195323170560,1780554196323170560,Active Decode Throughput Per User,tokens/sec/user,p99,5.31
112,1780554195323170560,1780554196323170560,Active Decode Throughput Per User,tokens/sec/user,std,0.22
112,1780554195323170560,1780554196323170560,Active Prefill Throughput,tokens/sec,avg,5285.91
112,1780554195323170560,1780554196323170560,Active Prefill Throughput,tokens/sec,min,4556.28
112,1780554195323170560,1780554196323170560,Active Prefill Throughput,tokens/sec,max,8544.16
112,1780554195323170560,1780554196323170560,Active Prefill Throughput,tokens/sec,p50,4556.28
112,1780554195323170560,1780554196323170560,Active Prefill Throughput,tokens/sec,p90,8544.16
112,1780554195323170560,1780554196323170560,Active Prefill Throughput,tokens/sec,p95,8544.16
112,1780554195323170560,1780554196323170560,Active Prefill Throughput,tokens/sec,p99,8544.16
112,1780554195323170560,1780554196323170560,Active Prefill Throughput,tokens/sec,std,1541.85
112,1780554195323170560,1780554196323170560,Active Prefill Throughput Per User,tokens/sec/user,avg,2382.41
112,1780554195323170560,1780554196323170560,Active Prefill Throughput Per User,tokens/sec/user,min,2278.14
112,1780554195323170560,1780554196323170560,Active Prefill Throughput Per User,tokens/sec/user,max,2848.05
112,1780554195323170560,1780554196323170560,Active Prefill Throughput Per User,tokens/sec/user,p50,2278.14
112,1780554195323170560,1780554196323170560,Active Prefill Throughput Per User,tokens/sec/user,p90,2848.05
112,1780554195323170560,1780554196323170560,Active Prefill Throughput Per User,tokens/sec/user,p95,2848.05
112,1780554195323170560,1780554196323170560,Active Prefill Throughput Per User,tokens/sec/user,p99,2848.05
112,1780554195323170560,1780554196323170560,Active Prefill Throughput Per User,tokens/sec/user,std,220.35
112,1780554195323170560,1780554196323170560,Active Total Throughput,tokens/sec,avg,5366.10
112,1780554195323170560,1780554196323170560,Active Total Throughput,tokens/sec,min,4634.16
112,1780554195323170560,1780554196323170560,Active Total Throughput,tokens/sec,max,8622.04
112,1780554195323170560,1780554196323170560,Active Total Throughput,tokens/sec,p50,4639.14
112,1780554195323170560,1780554196323170560,Active Total Throughput,tokens/sec,p90,8622.04
112,1780554195323170560,1780554196323170560,Active Total Throughput,tokens/sec,p95,8622.04
112,1780554195323170560,1780554196323170560,Active Total Throughput,tokens/sec,p99,8622.04
112,1780554195323170560,1780554196323170560,Active Total Throughput,tokens/sec,std,1540.77
112,1780554195323170560,1780554196323170560,Benchmark Duration,sec,avg,62.99
112,1780554195323170560,1780554196323170560,E2E Output Token Throughput,tokens/sec/user,avg,2.16
112,1780554195323170560,1780554196323170560,E2E Output Token Throughput,tokens/sec/user,min,2.16
112,1780554195323170560,1780554196323170560,E2E Output Token Throughput,tokens/sec/user,max,2.16
112,1780554195323170560,1780554196323170560,E2E Output Token Throughput,tokens/sec/user,sum,2.16
112,1780554195323170560,1780554196323170560,E2E Output Token Throughput,tokens/sec/user,p1,2.16
112,1780554195323170560,1780554196323170560,E2E Output Token Throughput,tokens/sec/user,p5,2.16
112,1780554195323170560,1780554196323170560,E2E Output Token Throughput,tokens/sec/user,p10,2.16
112,1780554195323170560,1780554196323170560,E2E Output Token Throughput,tokens/sec/user,p25,2.16
112,1780554195323170560,1780554196323170560,E2E Output Token Throughput,tokens/sec/user,p50,2.16
112,1780554195323170560,1780554196323170560,E2E Output Token Throughput,tokens/sec/user,p75,2.16
112,1780554195323170560,1780554196323170560,E2E Output Token Throughput,tokens/sec/user,p90,2.16
112,1780554195323170560,1780554196323170560,E2E Output Token Throughput,tokens/sec/user,p95,2.16
112,1780554195323170560,1780554196323170560,E2E Output Token Throughput,tokens/sec/user,p99,2.16
112,1780554195323170560,1780554196323170560,E2E Output Token Throughput,tokens/sec/user,std,0.00
112,1780554195323170560,1780554196323170560,Effective Concurrency,requests,avg,13.65
112,1780554195323170560,1780554196323170560,Effective Concurrency,requests,min,13.00
112,1780554195323170560,1780554196323170560,Effective Concurrency,requests,max,14.00
112,1780554195323170560,1780554196323170560,Effective Concurrency,requests,p50,14.00
112,1780554195323170560,1780554196323170560,Effective Concurrency,requests,p90,14.00
112,1780554195323170560,1780554196323170560,Effective Concurrency,requests,p95,14.00
112,1780554195323170560,1780554196323170560,Effective Concurrency,requests,p99,14.00
112,1780554195323170560,1780554196323170560,Effective Concurrency,requests,std,0.48
112,1780554195323170560,1780554196323170560,Effective Decode Concurrency,requests,avg,11.46
112,1780554195323170560,1780554196323170560,Effective Decode Concurrency,requests,min,11.00
112,1780554195323170560,1780554196323170560,Effective Decode Concurrency,requests,max,12.00
112,1780554195323170560,1780554196323170560,Effective Decode Concurrency,requests,p50,11.00
112,1780554195323170560,1780554196323170560,Effective Decode Concurrency,requests,p90,12.00
112,1780554195323170560,1780554196323170560,Effective Decode Concurrency,requests,p95,12.00
112,1780554195323170560,1780554196323170560,Effective Decode Concurrency,requests,p99,12.00
112,1780554195323170560,1780554196323170560,Effective Decode Concurrency,requests,std,0.50
112,1780554195323170560,1780554196323170560,Effective Decode Throughput,tokens/sec,avg,58.37
112,1780554195323170560,1780554196323170560,Effective Decode Throughput,tokens/sec,min,43.60
112,1780554195323170560,1780554196323170560,Effective Decode Throughput,tokens/sec,max,73.13
112,1780554195323170560,1780554196323170560,Effective Decode Throughput,tokens/sec,p50,58.37
112,1780554195323170560,1780554196323170560,Effective Decode Throughput,tokens/sec,p90,58.37
112,1780554195323170560,1780554196323170560,Effective Decode Throughput,tokens/sec,p95,58.37
112,1780554195323170560,1780554196323170560,Effective Decode Throughput,tokens/sec,p99,58.37
112,1780554195323170560,1780554196323170560,Effective Decode Throughput,tokens/sec,std,0.03
112,1780554195323170560,1780554196323170560,Effective Decode Throughput Per User,tokens/sec/user,avg,5.10
112,1780554195323170560,1780554196323170560,Effective Decode Throughput Per User,tokens/sec/user,min,3.68
112,1780554195323170560,1780554196323170560,Effective Decode Throughput Per User,tokens/sec/user,max,6.64
112,1780554195323170560,1780554196323170560,Effective Decode Throughput Per User,tokens/sec/user,p50,5.31
112,1780554195323170560,1780554196323170560,Effective Decode Throughput Per User,tokens/sec/user,p90,5.31
112,1780554195323170560,1780554196323170560,Effective Decode Throughput Per User,tokens/sec/user,p95,5.31
112,1780554195323170560,1780554196323170560,Effective Decode Throughput Per User,tokens/sec/user,p99,5.31
112,1780554195323170560,1780554196323170560,Effective Decode Throughput Per User,tokens/sec/user,std,0.22
112,1780554195323170560,1780554196323170560,Effective Prefill Concurrency,requests,avg,2.18
112,1780554195323170560,1780554196323170560,Effective Prefill Concurrency,requests,min,2.00
112,1780554195323170560,1780554196323170560,Effective Prefill Concurrency,requests,max,3.00
112,1780554195323170560,1780554196323170560,Effective Prefill Concurrency,requests,p50,2.00
112,1780554195323170560,1780554196323170560,Effective Prefill Concurrency,requests,p90,3.00
112,1780554195323170560,1780554196323170560,Effective Prefill Concurrency,requests,p95,3.00
112,1780554195323170560,1780554196323170560,Effective Prefill Concurrency,requests,p99,3.00
112,1780554195323170560,1780554196323170560,Effective Prefill Concurrency,requests,std,0.39
112,1780554195323170560,1780554196323170560,Effective Prefill Throughput,tokens/sec,avg,5285.91
112,1780554195323170560,1780554196323170560,Effective Prefill Throughput,tokens/sec,min,4556.28
112,1780554195323170560,1780554196323170560,Effective Prefill Throughput,tokens/sec,max,8544.16
112,1780554195323170560,1780554196323170560,Effective Prefill Throughput,tokens/sec,p50,4556.28
112,1780554195323170560,1780554196323170560,Effective Prefill Throughput,tokens/sec,p90,8544.16
112,1780554195323170560,1780554196323170560,Effective Prefill Throughput,tokens/sec,p95,8544.16
112,1780554195323170560,1780554196323170560,Effective Prefill Throughput,tokens/sec,p99,8544.16
112,1780554195323170560,1780554196323170560,Effective Prefill Throughput,tokens/sec,std,1541.85
112,1780554195323170560,1780554196323170560,Effective Prefill Throughput Per User,tokens/sec/user,avg,2382.41
112,1780554195323170560,1780554196323170560,Effective Prefill Throughput Per User,tokens/sec/user,min,2278.14
112,1780554195323170560,1780554196323170560,Effective Prefill Throughput Per User,tokens/sec/user,max,2848.05
112,1780554195323170560,1780554196323170560,Effective Prefill Throughput Per User,tokens/sec/user,p50,2278.14
112,1780554195323170560,1780554196323170560,Effective Prefill Throughput Per User,tokens/sec/user,p90,2848.05
112,1780554195323170560,1780554196323170560,Effective Prefill Throughput Per User,tokens/sec/user,p95,2848.05
112,1780554195323170560,1780554196323170560,Effective Prefill Throughput Per User,tokens/sec/user,p99,2848.05
112,1780554195323170560,1780554196323170560,Effective Prefill Throughput Per User,tokens/sec/user,std,220.35
112,1780554195323170560,1780554196323170560,Effective Total Throughput,tokens/sec,avg,5366.10
112,1780554195323170560,1780554196323170560,Effective Total Throughput,tokens/sec,min,4634.16
112,1780554195323170560,1780554196323170560,Effective Total Throughput,tokens/sec,max,8622.04
112,1780554195323170560,1780554196323170560,Effective Total Throughput,tokens/sec,p50,4639.14
112,1780554195323170560,1780554196323170560,Effective Total Throughput,tokens/sec,p90,8622.04
112,1780554195323170560,1780554196323170560,Effective Total Throughput,tokens/sec,p95,8622.04
112,1780554195323170560,1780554196323170560,Effective Total Throughput,tokens/sec,p99,8622.04
112,1780554195323170560,1780554196323170560,Effective Total Throughput,tokens/sec,std,1540.77
112,1780554195323170560,1780554196323170560,HTTP Blocked,ms,avg,0.00
112,1780554195323170560,1780554196323170560,HTTP Blocked,ms,min,0.00
112,1780554195323170560,1780554196323170560,HTTP Blocked,ms,max,0.00
112,1780554195323170560,1780554196323170560,HTTP Blocked,ms,sum,0.00
112,1780554195323170560,1780554196323170560,HTTP Blocked,ms,p1,0.00
112,1780554195323170560,1780554196323170560,HTTP Blocked,ms,p5,0.00
112,1780554195323170560,1780554196323170560,HTTP Blocked,ms,p10,0.00
112,1780554195323170560,1780554196323170560,HTTP Blocked,ms,p25,0.00
112,1780554195323170560,1780554196323170560,HTTP Blocked,ms,p50,0.00
112,1780554195323170560,1780554196323170560,HTTP Blocked,ms,p75,0.00
112,1780554195323170560,1780554196323170560,HTTP Blocked,ms,p90,0.00
112,1780554195323170560,1780554196323170560,HTTP Blocked,ms,p95,0.00
112,1780554195323170560,1780554196323170560,HTTP Blocked,ms,p99,0.00
112,1780554195323170560,1780554196323170560,HTTP Blocked,ms,std,0.00
112,1780554195323170560,1780554196323170560,HTTP Chunks Received,count,avg,136.00
112,1780554195323170560,1780554196323170560,HTTP Chunks Received,count,min,136.00
112,1780554195323170560,1780554196323170560,HTTP Chunks Received,count,max,136.00
112,1780554195323170560,1780554196323170560,HTTP Chunks Received,count,sum,136.00
112,1780554195323170560,1780554196323170560,HTTP Chunks Received,count,p1,136.00
112,1780554195323170560,1780554196323170560,HTTP Chunks Received,count,p5,136.00
112,1780554195323170560,1780554196323170560,HTTP Chunks Received,count,p10,136.00
112,1780554195323170560,1780554196323170560,HTTP Chunks Received,count,p25,136.00
112,1780554195323170560,1780554196323170560,HTTP Chunks Received,count,p50,136.00
112,1780554195323170560,1780554196323170560,HTTP Chunks Received,count,p75,136.00
112,1780554195323170560,1780554196323170560,HTTP Chunks Received,count,p90,136.00
112,1780554195323170560,1780554196323170560,HTTP Chunks Received,count,p95,136.00
112,1780554195323170560,1780554196323170560,HTTP Chunks Received,count,p99,136.00
112,1780554195323170560,1780554196323170560,HTTP Chunks Received,count,std,0.00
112,1780554195323170560,1780554196323170560,HTTP Chunks Sent,count,avg,1.00
112,1780554195323170560,1780554196323170560,HTTP Chunks Sent,count,min,1.00
112,1780554195323170560,1780554196323170560,HTTP Chunks Sent,count,max,1.00
112,1780554195323170560,1780554196323170560,HTTP Chunks Sent,count,sum,1.00
112,1780554195323170560,1780554196323170560,HTTP Chunks Sent,count,p1,1.00
112,1780554195323170560,1780554196323170560,HTTP Chunks Sent,count,p5,1.00
112,1780554195323170560,1780554196323170560,HTTP Chunks Sent,count,p10,1.00
112,1780554195323170560,1780554196323170560,HTTP Chunks Sent,count,p25,1.00
112,1780554195323170560,1780554196323170560,HTTP Chunks Sent,count,p50,1.00
112,1780554195323170560,1780554196323170560,HTTP Chunks Sent,count,p75,1.00
112,1780554195323170560,1780554196323170560,HTTP Chunks Sent,count,p90,1.00
112,1780554195323170560,1780554196323170560,HTTP Chunks Sent,count,p95,1.00
112,1780554195323170560,1780554196323170560,HTTP Chunks Sent,count,p99,1.00
112,1780554195323170560,1780554196323170560,HTTP Chunks Sent,count,std,0.00
112,1780554195323170560,1780554196323170560,HTTP Connecting,ms,avg,0.00
112,1780554195323170560,1780554196323170560,HTTP Connecting,ms,min,0.00
112,1780554195323170560,1780554196323170560,HTTP Connecting,ms,max,0.00
112,1780554195323170560,1780554196323170560,HTTP Connecting,ms,sum,0.00
112,1780554195323170560,1780554196323170560,HTTP Connecting,ms,p1,0.00
112,1780554195323170560,1780554196323170560,HTTP Connecting,ms,p5,0.00
112,1780554195323170560,1780554196323170560,HTTP Connecting,ms,p10,0.00
112,1780554195323170560,1780554196323170560,HTTP Connecting,ms,p25,0.00
112,1780554195323170560,1780554196323170560,HTTP Connecting,ms,p50,0.00
112,1780554195323170560,1780554196323170560,HTTP Connecting,ms,p75,0.00
112,1780554195323170560,1780554196323170560,HTTP Connecting,ms,p90,0.00
112,1780554195323170560,1780554196323170560,HTTP Connecting,ms,p95,0.00
112,1780554195323170560,1780554196323170560,HTTP Connecting,ms,p99,0.00
112,1780554195323170560,1780554196323170560,HTTP Connecting,ms,std,0.00
112,1780554195323170560,1780554196323170560,HTTP Connection Overhead,ms,avg,0.00
112,1780554195323170560,1780554196323170560,HTTP Connection Overhead,ms,min,0.00
112,1780554195323170560,1780554196323170560,HTTP Connection Overhead,ms,max,0.00
112,1780554195323170560,1780554196323170560,HTTP Connection Overhead,ms,sum,0.00
112,1780554195323170560,1780554196323170560,HTTP Connection Overhead,ms,p1,0.00
112,1780554195323170560,1780554196323170560,HTTP Connection Overhead,ms,p5,0.00
112,1780554195323170560,1780554196323170560,HTTP Connection Overhead,ms,p10,0.00
112,1780554195323170560,1780554196323170560,HTTP Connection Overhead,ms,p25,0.00
112,1780554195323170560,1780554196323170560,HTTP Connection Overhead,ms,p50,0.00
112,1780554195323170560,1780554196323170560,HTTP Connection Overhead,ms,p75,0.00
112,1780554195323170560,1780554196323170560,HTTP Connection Overhead,ms,p90,0.00
112,1780554195323170560,1780554196323170560,HTTP Connection Overhead,ms,p95,0.00
112,1780554195323170560,1780554196323170560,HTTP Connection Overhead,ms,p99,0.00
112,1780554195323170560,1780554196323170560,HTTP Connection Overhead,ms,std,0.00
112,1780554195323170560,1780554196323170560,HTTP Connection Reused,ratio,avg,1.00
112,1780554195323170560,1780554196323170560,HTTP Connection Reused,ratio,min,1.00
112,1780554195323170560,1780554196323170560,HTTP Connection Reused,ratio,max,1.00
112,1780554195323170560,1780554196323170560,HTTP Connection Reused,ratio,sum,1.00
112,1780554195323170560,1780554196323170560,HTTP Connection Reused,ratio,p1,1.00
112,1780554195323170560,1780554196323170560,HTTP Connection Reused,ratio,p5,1.00
112,1780554195323170560,1780554196323170560,HTTP Connection Reused,ratio,p10,1.00
112,1780554195323170560,1780554196323170560,HTTP Connection Reused,ratio,p25,1.00
112,1780554195323170560,1780554196323170560,HTTP Connection Reused,ratio,p50,1.00
112,1780554195323170560,1780554196323170560,HTTP Connection Reused,ratio,p75,1.00
112,1780554195323170560,1780554196323170560,HTTP Connection Reused,ratio,p90,1.00
112,1780554195323170560,1780554196323170560,HTTP Connection Reused,ratio,p95,1.00
112,1780554195323170560,1780554196323170560,HTTP Connection Reused,ratio,p99,1.00
112,1780554195323170560,1780554196323170560,HTTP Connection Reused,ratio,std,0.00
112,1780554195323170560,1780554196323170560,HTTP Data Received,KB,avg,34.49
112,1780554195323170560,1780554196323170560,HTTP Data Received,KB,min,34.49
112,1780554195323170560,1780554196323170560,HTTP Data Received,KB,max,34.49
112,1780554195323170560,1780554196323170560,HTTP Data Received,KB,sum,34.49
112,1780554195323170560,1780554196323170560,HTTP Data Received,KB,p1,34.49
112,1780554195323170560,1780554196323170560,HTTP Data Received,KB,p5,34.49
112,1780554195323170560,1780554196323170560,HTTP Data Received,KB,p10,34.49
112,1780554195323170560,1780554196323170560,HTTP Data Received,KB,p25,34.49
112,1780554195323170560,1780554196323170560,HTTP Data Received,KB,p50,34.49
112,1780554195323170560,1780554196323170560,HTTP Data Received,KB,p75,34.49
112,1780554195323170560,1780554196323170560,HTTP Data Received,KB,p90,34.49
112,1780554195323170560,1780554196323170560,HTTP Data Received,KB,p95,34.49
112,1780554195323170560,1780554196323170560,HTTP Data Received,KB,p99,34.49
112,1780554195323170560,1780554196323170560,HTTP Data Received,KB,std,0.00
112,1780554195323170560,1780554196323170560,HTTP Data Sent,KB,avg,471.01
112,1780554195323170560,1780554196323170560,HTTP Data Sent,KB,min,471.01
112,1780554195323170560,1780554196323170560,HTTP Data Sent,KB,max,471.01
112,1780554195323170560,1780554196323170560,HTTP Data Sent,KB,sum,471.01
112,1780554195323170560,1780554196323170560,HTTP Data Sent,KB,p1,471.01
112,1780554195323170560,1780554196323170560,HTTP Data Sent,KB,p5,471.01
112,1780554195323170560,1780554196323170560,HTTP Data Sent,KB,p10,471.01
112,1780554195323170560,1780554196323170560,HTTP Data Sent,KB,p25,471.01
112,1780554195323170560,1780554196323170560,HTTP Data Sent,KB,p50,471.01
112,1780554195323170560,1780554196323170560,HTTP Data Sent,KB,p75,471.01
112,1780554195323170560,1780554196323170560,HTTP Data Sent,KB,p90,471.01
112,1780554195323170560,1780554196323170560,HTTP Data Sent,KB,p95,471.01
112,1780554195323170560,1780554196323170560,HTTP Data Sent,KB,p99,471.01
112,1780554195323170560,1780554196323170560,HTTP Data Sent,KB,std,0.00
112,1780554195323170560,1780554196323170560,HTTP DNS Lookup,ms,avg,0.00
112,1780554195323170560,1780554196323170560,HTTP DNS Lookup,ms,min,0.00
112,1780554195323170560,1780554196323170560,HTTP DNS Lookup,ms,max,0.00
112,1780554195323170560,1780554196323170560,HTTP DNS Lookup,ms,sum,0.00
112,1780554195323170560,1780554196323170560,HTTP DNS Lookup,ms,p1,0.00
112,1780554195323170560,1780554196323170560,HTTP DNS Lookup,ms,p5,0.00
112,1780554195323170560,1780554196323170560,HTTP DNS Lookup,ms,p10,0.00
112,1780554195323170560,1780554196323170560,HTTP DNS Lookup,ms,p25,0.00
112,1780554195323170560,1780554196323170560,HTTP DNS Lookup,ms,p50,0.00
112,1780554195323170560,1780554196323170560,HTTP DNS Lookup,ms,p75,0.00
112,1780554195323170560,1780554196323170560,HTTP DNS Lookup,ms,p90,0.00
112,1780554195323170560,1780554196323170560,HTTP DNS Lookup,ms,p95,0.00
112,1780554195323170560,1780554196323170560,HTTP DNS Lookup,ms,p99,0.00
112,1780554195323170560,1780554196323170560,HTTP DNS Lookup,ms,std,0.00
112,1780554195323170560,1780554196323170560,HTTP Duration (excl. conn),ms,avg,62993.74
112,1780554195323170560,1780554196323170560,HTTP Duration (excl. conn),ms,min,62993.74
112,1780554195323170560,1780554196323170560,HTTP Duration (excl. conn),ms,max,62993.74
112,1780554195323170560,1780554196323170560,HTTP Duration (excl. conn),ms,sum,62993.74
112,1780554195323170560,1780554196323170560,HTTP Duration (excl. conn),ms,p1,62993.74
112,1780554195323170560,1780554196323170560,HTTP Duration (excl. conn),ms,p5,62993.74
112,1780554195323170560,1780554196323170560,HTTP Duration (excl. conn),ms,p10,62993.74
112,1780554195323170560,1780554196323170560,HTTP Duration (excl. conn),ms,p25,62993.74
112,1780554195323170560,1780554196323170560,HTTP Duration (excl. conn),ms,p50,62993.74
112,1780554195323170560,1780554196323170560,HTTP Duration (excl. conn),ms,p75,62993.74
112,1780554195323170560,1780554196323170560,HTTP Duration (excl. conn),ms,p90,62993.74
112,1780554195323170560,1780554196323170560,HTTP Duration (excl. conn),ms,p95,62993.74
112,1780554195323170560,1780554196323170560,HTTP Duration (excl. conn),ms,p99,62993.74
112,1780554195323170560,1780554196323170560,HTTP Duration (excl. conn),ms,std,0.00
112,1780554195323170560,1780554196323170560,HTTP Receiving,ms,avg,32720.14
112,1780554195323170560,1780554196323170560,HTTP Receiving,ms,min,32720.14
112,1780554195323170560,1780554196323170560,HTTP Receiving,ms,max,32720.14
112,1780554195323170560,1780554196323170560,HTTP Receiving,ms,sum,32720.14
112,1780554195323170560,1780554196323170560,HTTP Receiving,ms,p1,32720.14
112,1780554195323170560,1780554196323170560,HTTP Receiving,ms,p5,32720.14
112,1780554195323170560,1780554196323170560,HTTP Receiving,ms,p10,32720.14
112,1780554195323170560,1780554196323170560,HTTP Receiving,ms,p25,32720.14
112,1780554195323170560,1780554196323170560,HTTP Receiving,ms,p50,32720.14
112,1780554195323170560,1780554196323170560,HTTP Receiving,ms,p75,32720.14
112,1780554195323170560,1780554196323170560,HTTP Receiving,ms,p90,32720.14
112,1780554195323170560,1780554196323170560,HTTP Receiving,ms,p95,32720.14
112,1780554195323170560,1780554196323170560,HTTP Receiving,ms,p99,32720.14
112,1780554195323170560,1780554196323170560,HTTP Receiving,ms,std,0.00
112,1780554195323170560,1780554196323170560,HTTP Sending,ms,avg,0.28
112,1780554195323170560,1780554196323170560,HTTP Sending,ms,min,0.28
112,1780554195323170560,1780554196323170560,HTTP Sending,ms,max,0.28
112,1780554195323170560,1780554196323170560,HTTP Sending,ms,sum,0.28
112,1780554195323170560,1780554196323170560,HTTP Sending,ms,p1,0.28
112,1780554195323170560,1780554196323170560,HTTP Sending,ms,p5,0.28
112,1780554195323170560,1780554196323170560,HTTP Sending,ms,p10,0.28
112,1780554195323170560,1780554196323170560,HTTP Sending,ms,p25,0.28
112,1780554195323170560,1780554196323170560,HTTP Sending,ms,p50,0.28
112,1780554195323170560,1780554196323170560,HTTP Sending,ms,p75,0.28
112,1780554195323170560,1780554196323170560,HTTP Sending,ms,p90,0.28
112,1780554195323170560,1780554196323170560,HTTP Sending,ms,p95,0.28
112,1780554195323170560,1780554196323170560,HTTP Sending,ms,p99,0.28
112,1780554195323170560,1780554196323170560,HTTP Sending,ms,std,0.00
112,1780554195323170560,1780554196323170560,HTTP Total Time,ms,avg,62993.74
112,1780554195323170560,1780554196323170560,HTTP Total Time,ms,min,62993.74
112,1780554195323170560,1780554196323170560,HTTP Total Time,ms,max,62993.74
112,1780554195323170560,1780554196323170560,HTTP Total Time,ms,sum,62993.74
112,1780554195323170560,1780554196323170560,HTTP Total Time,ms,p1,62993.74
112,1780554195323170560,1780554196323170560,HTTP Total Time,ms,p5,62993.74
112,1780554195323170560,1780554196323170560,HTTP Total Time,ms,p10,62993.74
112,1780554195323170560,1780554196323170560,HTTP Total Time,ms,p25,62993.74
112,1780554195323170560,1780554196323170560,HTTP Total Time,ms,p50,62993.74
112,1780554195323170560,1780554196323170560,HTTP Total Time,ms,p75,62993.74
112,1780554195323170560,1780554196323170560,HTTP Total Time,ms,p90,62993.74
112,1780554195323170560,1780554196323170560,HTTP Total Time,ms,p95,62993.74
112,1780554195323170560,1780554196323170560,HTTP Total Time,ms,p99,62993.74
112,1780554195323170560,1780554196323170560,HTTP Total Time,ms,std,0.00
112,1780554195323170560,1780554196323170560,HTTP Waiting (TTFB),ms,avg,30273.32
112,1780554195323170560,1780554196323170560,HTTP Waiting (TTFB),ms,min,30273.32
112,1780554195323170560,1780554196323170560,HTTP Waiting (TTFB),ms,max,30273.32
112,1780554195323170560,1780554196323170560,HTTP Waiting (TTFB),ms,sum,30273.32
112,1780554195323170560,1780554196323170560,HTTP Waiting (TTFB),ms,p1,30273.32
112,1780554195323170560,1780554196323170560,HTTP Waiting (TTFB),ms,p5,30273.32
112,1780554195323170560,1780554196323170560,HTTP Waiting (TTFB),ms,p10,30273.32
112,1780554195323170560,1780554196323170560,HTTP Waiting (TTFB),ms,p25,30273.32
112,1780554195323170560,1780554196323170560,HTTP Waiting (TTFB),ms,p50,30273.32
112,1780554195323170560,1780554196323170560,HTTP Waiting (TTFB),ms,p75,30273.32
112,1780554195323170560,1780554196323170560,HTTP Waiting (TTFB),ms,p90,30273.32
112,1780554195323170560,1780554196323170560,HTTP Waiting (TTFB),ms,p95,30273.32
112,1780554195323170560,1780554196323170560,HTTP Waiting (TTFB),ms,p99,30273.32
112,1780554195323170560,1780554196323170560,HTTP Waiting (TTFB),ms,std,0.00
112,1780554195323170560,1780554196323170560,Input Sequence Length,tokens,avg,120728.00
112,1780554195323170560,1780554196323170560,Input Sequence Length,tokens,min,120728.00
112,1780554195323170560,1780554196323170560,Input Sequence Length,tokens,max,120728.00
112,1780554195323170560,1780554196323170560,Input Sequence Length,tokens,sum,120728.00
112,1780554195323170560,1780554196323170560,Input Sequence Length,tokens,p1,120728.00
112,1780554195323170560,1780554196323170560,Input Sequence Length,tokens,p5,120728.00
112,1780554195323170560,1780554196323170560,Input Sequence Length,tokens,p10,120728.00
112,1780554195323170560,1780554196323170560,Input Sequence Length,tokens,p25,120728.00
112,1780554195323170560,1780554196323170560,Input Sequence Length,tokens,p50,120728.00
112,1780554195323170560,1780554196323170560,Input Sequence Length,tokens,p75,120728.00
112,1780554195323170560,1780554196323170560,Input Sequence Length,tokens,p90,120728.00
112,1780554195323170560,1780554196323170560,Input Sequence Length,tokens,p95,120728.00
112,1780554195323170560,1780554196323170560,Input Sequence Length,tokens,p99,120728.00
112,1780554195323170560,1780554196323170560,Input Sequence Length,tokens,std,0.00
112,1780554195323170560,1780554196323170560,Input Token Throughput,tokens/sec,avg,120728.00
112,1780554195323170560,1780554196323170560,Inter Chunk Latency,ms,avg,68.02
112,1780554195323170560,1780554196323170560,Inter Chunk Latency,ms,min,68.02
112,1780554195323170560,1780554196323170560,Inter Chunk Latency,ms,max,68.02
112,1780554195323170560,1780554196323170560,Inter Chunk Latency,ms,sum,9182.45
112,1780554195323170560,1780554196323170560,Inter Chunk Latency,ms,p1,68.02
112,1780554195323170560,1780554196323170560,Inter Chunk Latency,ms,p5,68.02
112,1780554195323170560,1780554196323170560,Inter Chunk Latency,ms,p10,68.02
112,1780554195323170560,1780554196323170560,Inter Chunk Latency,ms,p25,68.02
112,1780554195323170560,1780554196323170560,Inter Chunk Latency,ms,p50,68.02
112,1780554195323170560,1780554196323170560,Inter Chunk Latency,ms,p75,68.02
112,1780554195323170560,1780554196323170560,Inter Chunk Latency,ms,p90,68.02
112,1780554195323170560,1780554196323170560,Inter Chunk Latency,ms,p95,68.02
112,1780554195323170560,1780554196323170560,Inter Chunk Latency,ms,p99,68.02
112,1780554195323170560,1780554196323170560,Inter Chunk Latency,ms,std,0.00
112,1780554195323170560,1780554196323170560,Inter Token Latency,ms,avg,242.37
112,1780554195323170560,1780554196323170560,Inter Token Latency,ms,min,242.37
112,1780554195323170560,1780554196323170560,Inter Token Latency,ms,max,242.37
112,1780554195323170560,1780554196323170560,Inter Token Latency,ms,sum,242.37
112,1780554195323170560,1780554196323170560,Inter Token Latency,ms,p1,242.37
112,1780554195323170560,1780554196323170560,Inter Token Latency,ms,p5,242.37
112,1780554195323170560,1780554196323170560,Inter Token Latency,ms,p10,242.37
112,1780554195323170560,1780554196323170560,Inter Token Latency,ms,p25,242.37
112,1780554195323170560,1780554196323170560,Inter Token Latency,ms,p50,242.37
112,1780554195323170560,1780554196323170560,Inter Token Latency,ms,p75,242.37
112,1780554195323170560,1780554196323170560,Inter Token Latency,ms,p90,242.37
112,1780554195323170560,1780554196323170560,Inter Token Latency,ms,p95,242.37
112,1780554195323170560,1780554196323170560,Inter Token Latency,ms,p99,242.37
112,1780554195323170560,1780554196323170560,Inter Token Latency,ms,std,0.00
112,1780554195323170560,1780554196323170560,Maximum Response Timestamp,ns,avg,1780554259134078208.00
112,1780554195323170560,1780554196323170560,Minimum Request Timestamp,ns,avg,1780554196140208640.00
112,1780554195323170560,1780554196323170560,OSL Mismatch Count,requests,avg,0.00
112,1780554195323170560,1780554196323170560,OSL Mismatch Diff %,%,avg,0.00
112,1780554195323170560,1780554196323170560,OSL Mismatch Diff %,%,min,0.00
112,1780554195323170560,1780554196323170560,OSL Mismatch Diff %,%,max,0.00
112,1780554195323170560,1780554196323170560,OSL Mismatch Diff %,%,sum,0.00
112,1780554195323170560,1780554196323170560,OSL Mismatch Diff %,%,p1,0.00
112,1780554195323170560,1780554196323170560,OSL Mismatch Diff %,%,p5,0.00
112,1780554195323170560,1780554196323170560,OSL Mismatch Diff %,%,p10,0.00
112,1780554195323170560,1780554196323170560,OSL Mismatch Diff %,%,p25,0.00
112,1780554195323170560,1780554196323170560,OSL Mismatch Diff %,%,p50,0.00
112,1780554195323170560,1780554196323170560,OSL Mismatch Diff %,%,p75,0.00
112,1780554195323170560,1780554196323170560,OSL Mismatch Diff %,%,p90,0.00
112,1780554195323170560,1780554196323170560,OSL Mismatch Diff %,%,p95,0.00
112,1780554195323170560,1780554196323170560,OSL Mismatch Diff %,%,p99,0.00
112,1780554195323170560,1780554196323170560,OSL Mismatch Diff %,%,std,0.00
112,1780554195323170560,1780554196323170560,Output Sequence Length,tokens,avg,136.00
112,1780554195323170560,1780554196323170560,Output Sequence Length,tokens,min,136.00
112,1780554195323170560,1780554196323170560,Output Sequence Length,tokens,max,136.00
112,1780554195323170560,1780554196323170560,Output Sequence Length,tokens,sum,136.00
112,1780554195323170560,1780554196323170560,Output Sequence Length,tokens,p1,136.00
112,1780554195323170560,1780554196323170560,Output Sequence Length,tokens,p5,136.00
112,1780554195323170560,1780554196323170560,Output Sequence Length,tokens,p10,136.00
112,1780554195323170560,1780554196323170560,Output Sequence Length,tokens,p25,136.00
112,1780554195323170560,1780554196323170560,Output Sequence Length,tokens,p50,136.00
112,1780554195323170560,1780554196323170560,Output Sequence Length,tokens,p75,136.00
112,1780554195323170560,1780554196323170560,Output Sequence Length,tokens,p90,136.00
112,1780554195323170560,1780554196323170560,Output Sequence Length,tokens,p95,136.00
112,1780554195323170560,1780554196323170560,Output Sequence Length,tokens,p99,136.00
112,1780554195323170560,1780554196323170560,Output Sequence Length,tokens,std,0.00
112,1780554195323170560,1780554196323170560,Output Token Count,tokens,avg,136.00
112,1780554195323170560,1780554196323170560,Output Token Count,tokens,min,136.00
112,1780554195323170560,1780554196323170560,Output Token Count,tokens,max,136.00
112,1780554195323170560,1780554196323170560,Output Token Count,tokens,sum,136.00
112,1780554195323170560,1780554196323170560,Output Token Count,tokens,p1,136.00
112,1780554195323170560,1780554196323170560,Output Token Count,tokens,p5,136.00
112,1780554195323170560,1780554196323170560,Output Token Count,tokens,p10,136.00
112,1780554195323170560,1780554196323170560,Output Token Count,tokens,p25,136.00
112,1780554195323170560,1780554196323170560,Output Token Count,tokens,p50,136.00
112,1780554195323170560,1780554196323170560,Output Token Count,tokens,p75,136.00
112,1780554195323170560,1780554196323170560,Output Token Count,tokens,p90,136.00
112,1780554195323170560,1780554196323170560,Output Token Count,tokens,p95,136.00
112,1780554195323170560,1780554196323170560,Output Token Count,tokens,p99,136.00
112,1780554195323170560,1780554196323170560,Output Token Count,tokens,std,0.00
112,1780554195323170560,1780554196323170560,Output Token Throughput,tokens/sec,avg,136.00
112,1780554195323170560,1780554196323170560,Output Token Throughput Per User,tokens/sec/user,avg,4.13
112,1780554195323170560,1780554196323170560,Output Token Throughput Per User,tokens/sec/user,min,4.13
112,1780554195323170560,1780554196323170560,Output Token Throughput Per User,tokens/sec/user,max,4.13
112,1780554195323170560,1780554196323170560,Output Token Throughput Per User,tokens/sec/user,sum,4.13
112,1780554195323170560,1780554196323170560,Output Token Throughput Per User,tokens/sec/user,p1,4.13
112,1780554195323170560,1780554196323170560,Output Token Throughput Per User,tokens/sec/user,p5,4.13
112,1780554195323170560,1780554196323170560,Output Token Throughput Per User,tokens/sec/user,p10,4.13
112,1780554195323170560,1780554196323170560,Output Token Throughput Per User,tokens/sec/user,p25,4.13
112,1780554195323170560,1780554196323170560,Output Token Throughput Per User,tokens/sec/user,p50,4.13
112,1780554195323170560,1780554196323170560,Output Token Throughput Per User,tokens/sec/user,p75,4.13
112,1780554195323170560,1780554196323170560,Output Token Throughput Per User,tokens/sec/user,p90,4.13
112,1780554195323170560,1780554196323170560,Output Token Throughput Per User,tokens/sec/user,p95,4.13
112,1780554195323170560,1780554196323170560,Output Token Throughput Per User,tokens/sec/user,p99,4.13
112,1780554195323170560,1780554196323170560,Output Token Throughput Per User,tokens/sec/user,std,0.00
112,1780554195323170560,1780554196323170560,Prefill Throughput Per User,tokens/sec/user,avg,3987.88
112,1780554195323170560,1780554196323170560,Prefill Throughput Per User,tokens/sec/user,min,3987.88
112,1780554195323170560,1780554196323170560,Prefill Throughput Per User,tokens/sec/user,max,3987.88
112,1780554195323170560,1780554196323170560,Prefill Throughput Per User,tokens/sec/user,sum,3987.88
112,1780554195323170560,1780554196323170560,Prefill Throughput Per User,tokens/sec/user,p1,3987.88
112,1780554195323170560,1780554196323170560,Prefill Throughput Per User,tokens/sec/user,p5,3987.88
112,1780554195323170560,1780554196323170560,Prefill Throughput Per User,tokens/sec/user,p10,3987.88
112,1780554195323170560,1780554196323170560,Prefill Throughput Per User,tokens/sec/user,p25,3987.88
112,1780554195323170560,1780554196323170560,Prefill Throughput Per User,tokens/sec/user,p50,3987.88
112,1780554195323170560,1780554196323170560,Prefill Throughput Per User,tokens/sec/user,p75,3987.88
112,1780554195323170560,1780554196323170560,Prefill Throughput Per User,tokens/sec/user,p90,3987.88
112,1780554195323170560,1780554196323170560,Prefill Throughput Per User,tokens/sec/user,p95,3987.88
112,1780554195323170560,1780554196323170560,Prefill Throughput Per User,tokens/sec/user,p99,3987.88
112,1780554195323170560,1780554196323170560,Prefill Throughput Per User,tokens/sec/user,std,0.00
112,1780554195323170560,1780554196323170560,Request Count,requests,avg,1.00
112,1780554195323170560,1780554196323170560,Request Latency,ms,avg,62993.87
112,1780554195323170560,1780554196323170560,Request Latency,ms,min,62993.87
112,1780554195323170560,1780554196323170560,Request Latency,ms,max,62993.87
112,1780554195323170560,1780554196323170560,Request Latency,ms,sum,62993.87
112,1780554195323170560,1780554196323170560,Request Latency,ms,p1,62993.87
112,1780554195323170560,1780554196323170560,Request Latency,ms,p5,62993.87
112,1780554195323170560,1780554196323170560,Request Latency,ms,p10,62993.87
112,1780554195323170560,1780554196323170560,Request Latency,ms,p25,62993.87
112,1780554195323170560,1780554196323170560,Request Latency,ms,p50,62993.87
112,1780554195323170560,1780554196323170560,Request Latency,ms,p75,62993.87
112,1780554195323170560,1780554196323170560,Request Latency,ms,p90,62993.87
112,1780554195323170560,1780554196323170560,Request Latency,ms,p95,62993.87
112,1780554195323170560,1780554196323170560,Request Latency,ms,p99,62993.87
112,1780554195323170560,1780554196323170560,Request Latency,ms,std,0.00
112,1780554195323170560,1780554196323170560,Request Throughput,requests/sec,avg,1.00
112,1780554195323170560,1780554196323170560,Requested OSL,tokens,avg,136.00
112,1780554195323170560,1780554196323170560,Requested OSL,tokens,min,136.00
112,1780554195323170560,1780554196323170560,Requested OSL,tokens,max,136.00
112,1780554195323170560,1780554196323170560,Requested OSL,tokens,sum,136.00
112,1780554195323170560,1780554196323170560,Requested OSL,tokens,p1,136.00
112,1780554195323170560,1780554196323170560,Requested OSL,tokens,p5,136.00
112,1780554195323170560,1780554196323170560,Requested OSL,tokens,p10,136.00
112,1780554195323170560,1780554196323170560,Requested OSL,tokens,p25,136.00
112,1780554195323170560,1780554196323170560,Requested OSL,tokens,p50,136.00
112,1780554195323170560,1780554196323170560,Requested OSL,tokens,p75,136.00
112,1780554195323170560,1780554196323170560,Requested OSL,tokens,p90,136.00
112,1780554195323170560,1780554196323170560,Requested OSL,tokens,p95,136.00
112,1780554195323170560,1780554196323170560,Requested OSL,tokens,p99,136.00
112,1780554195323170560,1780554196323170560,Requested OSL,tokens,std,0.00
112,1780554195323170560,1780554196323170560,Time to First Output Token,ms,avg,30273.74
112,1780554195323170560,1780554196323170560,Time to First Output Token,ms,min,30273.74
112,1780554195323170560,1780554196323170560,Time to First Output Token,ms,max,30273.74
112,1780554195323170560,1780554196323170560,Time to First Output Token,ms,sum,30273.74
112,1780554195323170560,1780554196323170560,Time to First Output Token,ms,p1,30273.74
112,1780554195323170560,1780554196323170560,Time to First Output Token,ms,p5,30273.74
112,1780554195323170560,1780554196323170560,Time to First Output Token,ms,p10,30273.74
112,1780554195323170560,1780554196323170560,Time to First Output Token,ms,p25,30273.74
112,1780554195323170560,1780554196323170560,Time to First Output Token,ms,p50,30273.74
112,1780554195323170560,1780554196323170560,Time to First Output Token,ms,p75,30273.74
112,1780554195323170560,1780554196323170560,Time to First Output Token,ms,p90,30273.74
112,1780554195323170560,1780554196323170560,Time to First Output Token,ms,p95,30273.74
112,1780554195323170560,1780554196323170560,Time to First Output Token,ms,p99,30273.74
112,1780554195323170560,1780554196323170560,Time to First Output Token,ms,std,0.00
112,1780554195323170560,1780554196323170560,Time to First Token,ms,avg,30273.74
112,1780554195323170560,1780554196323170560,Time to First Token,ms,min,30273.74
112,1780554195323170560,1780554196323170560,Time to First Token,ms,max,30273.74
112,1780554195323170560,1780554196323170560,Time to First Token,ms,sum,30273.74
112,1780554195323170560,1780554196323170560,Time to First Token,ms,p1,30273.74
112,1780554195323170560,1780554196323170560,Time to First Token,ms,p5,30273.74
112,1780554195323170560,1780554196323170560,Time to First Token,ms,p10,30273.74
112,1780554195323170560,1780554196323170560,Time to First Token,ms,p25,30273.74
112,1780554195323170560,1780554196323170560,Time to First Token,ms,p50,30273.74
112,1780554195323170560,1780554196323170560,Time to First Token,ms,p75,30273.74
112,1780554195323170560,1780554196323170560,Time to First Token,ms,p90,30273.74
112,1780554195323170560,1780554196323170560,Time to First Token,ms,p95,30273.74
112,1780554195323170560,1780554196323170560,Time to First Token,ms,p99,30273.74
112,1780554195323170560,1780554196323170560,Time to First Token,ms,std,0.00
112,1780554195323170560,1780554196323170560,Time to Second Token,ms,avg,0.69
112,1780554195323170560,1780554196323170560,Time to Second Token,ms,min,0.69
112,1780554195323170560,1780554196323170560,Time to Second Token,ms,max,0.69
112,1780554195323170560,1780554196323170560,Time to Second Token,ms,sum,0.69
112,1780554195323170560,1780554196323170560,Time to Second Token,ms,p1,0.69
112,1780554195323170560,1780554196323170560,Time to Second Token,ms,p5,0.69
112,1780554195323170560,1780554196323170560,Time to Second Token,ms,p10,0.69
112,1780554195323170560,1780554196323170560,Time to Second Token,ms,p25,0.69
112,1780554195323170560,1780554196323170560,Time to Second Token,ms,p50,0.69
112,1780554195323170560,1780554196323170560,Time to Second Token,ms,p75,0.69
112,1780554195323170560,1780554196323170560,Time to Second Token,ms,p90,0.69
112,1780554195323170560,1780554196323170560,Time to Second Token,ms,p95,0.69
112,1780554195323170560,1780554196323170560,Time to Second Token,ms,p99,0.69
112,1780554195323170560,1780554196323170560,Time to Second Token,ms,std,0.00
112,1780554195323170560,1780554196323170560,Tokens In Flight,tokens,avg,1263519.83
112,1780554195323170560,1780554196323170560,Tokens In Flight,tokens,min,1241220.71
112,1780554195323170560,1780554196323170560,Tokens In Flight,tokens,max,1361979.72
112,1780554195323170560,1780554196323170560,Tokens In Flight,tokens,p50,1241653.70
112,1780554195323170560,1780554196323170560,Tokens In Flight,tokens,p90,1361973.72
112,1780554195323170560,1780554196323170560,Tokens In Flight,tokens,p95,1361976.72
112,1780554195323170560,1780554196323170560,Tokens In Flight,tokens,p99,1361978.72
112,1780554195323170560,1780554196323170560,Tokens In Flight,tokens,std,46590.58
112,1780554195323170560,1780554196323170560,Total Input Sequence Length,tokens,avg,120728.00
112,1780554195323170560,1780554196323170560,Total Output Sequence Length,tokens,avg,136.00
112,1780554195323170560,1780554196323170560,Total Output Tokens,tokens,avg,136.00
112,1780554195323170560,1780554196323170560,Total Token Throughput,tokens/sec,avg,120864.00
112,1780554195323170560,1780554196323170560,Total Usage Completion Tokens,tokens,avg,136.00
112,1780554195323170560,1780554196323170560,Total Usage Prompt Tokens,tokens,avg,120728.00
112,1780554195323170560,1780554196323170560,Total Usage Total Tokens,tokens,avg,120864.00
112,1780554195323170560,1780554196323170560,Usage Completion Tokens,tokens,avg,136.00
112,1780554195323170560,1780554196323170560,Usage Completion Tokens,tokens,min,136.00
112,1780554195323170560,1780554196323170560,Usage Completion Tokens,tokens,max,136.00
112,1780554195323170560,1780554196323170560,Usage Completion Tokens,tokens,sum,136.00
112,1780554195323170560,1780554196323170560,Usage Completion Tokens,tokens,p1,136.00
112,1780554195323170560,1780554196323170560,Usage Completion Tokens,tokens,p5,136.00
112,1780554195323170560,1780554196323170560,Usage Completion Tokens,tokens,p10,136.00
112,1780554195323170560,1780554196323170560,Usage Completion Tokens,tokens,p25,136.00
112,1780554195323170560,1780554196323170560,Usage Completion Tokens,tokens,p50,136.00
112,1780554195323170560,1780554196323170560,Usage Completion Tokens,tokens,p75,136.00
112,1780554195323170560,1780554196323170560,Usage Completion Tokens,tokens,p90,136.00
112,1780554195323170560,1780554196323170560,Usage Completion Tokens,tokens,p95,136.00
112,1780554195323170560,1780554196323170560,Usage Completion Tokens,tokens,p99,136.00
112,1780554195323170560,1780554196323170560,Usage Completion Tokens,tokens,std,0.00
112,1780554195323170560,1780554196323170560,Usage Prompt Tokens,tokens,avg,120728.00
112,1780554195323170560,1780554196323170560,Usage Prompt Tokens,tokens,min,120728.00
112,1780554195323170560,1780554196323170560,Usage Prompt Tokens,tokens,max,120728.00
112,1780554195323170560,1780554196323170560,Usage Prompt Tokens,tokens,sum,120728.00
112,1780554195323170560,1780554196323170560,Usage Prompt Tokens,tokens,p1,120728.00
112,1780554195323170560,1780554196323170560,Usage Prompt Tokens,tokens,p5,120728.00
112,1780554195323170560,1780554196323170560,Usage Prompt Tokens,tokens,p10,120728.00
112,1780554195323170560,1780554196323170560,Usage Prompt Tokens,tokens,p25,120728.00
112,1780554195323170560,1780554196323170560,Usage Prompt Tokens,tokens,p50,120728.00
112,1780554195323170560,1780554196323170560,Usage Prompt Tokens,tokens,p75,120728.00
112,1780554195323170560,1780554196323170560,Usage Prompt Tokens,tokens,p90,120728.00
112,1780554195323170560,1780554196323170560,Usage Prompt Tokens,tokens,p95,120728.00
112,1780554195323170560,1780554196323170560,Usage Prompt Tokens,tokens,p99,120728.00
112,1780554195323170560,1780554196323170560,Usage Prompt Tokens,tokens,std,0.00
112,1780554195323170560,1780554196323170560,Usage Total Tokens,tokens,avg,120864.00
112,1780554195323170560,1780554196323170560,Usage Total Tokens,tokens,min,120864.00
112,1780554195323170560,1780554196323170560,Usage Total Tokens,tokens,max,120864.00
112,1780554195323170560,1780554196323170560,Usage Total Tokens,tokens,sum,120864.00
112,1780554195323170560,1780554196323170560,Usage Total Tokens,tokens,p1,120864.00
112,1780554195323170560,1780554196323170560,Usage Total Tokens,tokens,p5,120864.00
112,1780554195323170560,1780554196323170560,Usage Total Tokens,tokens,p10,120864.00
112,1780554195323170560,1780554196323170560,Usage Total Tokens,tokens,p25,120864.00
112,1780554195323170560,1780554196323170560,Usage Total Tokens,tokens,p50,120864.00
112,1780554195323170560,1780554196323170560,Usage Total Tokens,tokens,p75,120864.00
112,1780554195323170560,1780554196323170560,Usage Total Tokens,tokens,p90,120864.00
112,1780554195323170560,1780554196323170560,Usage Total Tokens,tokens,p95,120864.00
112,1780554195323170560,1780554196323170560,Usage Total Tokens,tokens,p99,120864.00
112,1780554195323170560,1780554196323170560,Usage Total Tokens,tokens,std,0.00
113,1780554200323170560,1780554201323170560,Active Decode Throughput,tokens/sec,avg,58.34
113,1780554200323170560,1780554201323170560,Active Decode Throughput,tokens/sec,min,43.58
113,1780554200323170560,1780554201323170560,Active Decode Throughput,tokens/sec,max,73.10
113,1780554200323170560,1780554201323170560,Active Decode Throughput,tokens/sec,p50,58.34
113,1780554200323170560,1780554201323170560,Active Decode Throughput,tokens/sec,p90,58.34
113,1780554200323170560,1780554201323170560,Active Decode Throughput,tokens/sec,p95,58.34
113,1780554200323170560,1780554201323170560,Active Decode Throughput,tokens/sec,p99,58.34
113,1780554200323170560,1780554201323170560,Active Decode Throughput,tokens/sec,std,0.03
113,1780554200323170560,1780554201323170560,Active Decode Throughput Per User,tokens/sec/user,avg,5.30
113,1780554200323170560,1780554201323170560,Active Decode Throughput Per User,tokens/sec/user,min,3.96
113,1780554200323170560,1780554201323170560,Active Decode Throughput Per User,tokens/sec/user,max,6.65
113,1780554200323170560,1780554201323170560,Active Decode Throughput Per User,tokens/sec/user,p50,5.30
113,1780554200323170560,1780554201323170560,Active Decode Throughput Per User,tokens/sec/user,p90,5.30
113,1780554200323170560,1780554201323170560,Active Decode Throughput Per User,tokens/sec/user,p95,5.30
113,1780554200323170560,1780554201323170560,Active Decode Throughput Per User,tokens/sec/user,p99,5.30
113,1780554200323170560,1780554201323170560,Active Decode Throughput Per User,tokens/sec/user,std,0.00
113,1780554200323170560,1780554201323170560,Active Prefill Throughput,tokens/sec,avg,10437.31
113,1780554200323170560,1780554201323170560,Active Prefill Throughput,tokens/sec,min,8544.16
113,1780554200323170560,1780554201323170560,Active Prefill Throughput,tokens/sec,max,11561.84
113,1780554200323170560,1780554201323170560,Active Prefill Throughput,tokens/sec,p50,11561.84
113,1780554200323170560,1780554201323170560,Active Prefill Throughput,tokens/sec,p90,11561.84
113,1780554200323170560,1780554201323170560,Active Prefill Throughput,tokens/sec,p95,11561.84
113,1780554200323170560,1780554201323170560,Active Prefill Throughput,tokens/sec,p99,11561.84
113,1780554200323170560,1780554201323170560,Active Prefill Throughput,tokens/sec,std,1459.08
113,1780554200323170560,1780554201323170560,Active Prefill Throughput Per User,tokens/sec/user,avg,2874.66
113,1780554200323170560,1780554201323170560,Active Prefill Throughput Per User,tokens/sec/user,min,2848.05
113,1780554200323170560,1780554201323170560,Active Prefill Throughput Per User,tokens/sec/user,max,2890.46
113,1780554200323170560,1780554201323170560,Active Prefill Throughput Per User,tokens/sec/user,p50,2890.46
113,1780554200323170560,1780554201323170560,Active Prefill Throughput Per User,tokens/sec/user,p90,2890.46
113,1780554200323170560,1780554201323170560,Active Prefill Throughput Per User,tokens/sec/user,p95,2890.46
113,1780554200323170560,1780554201323170560,Active Prefill Throughput Per User,tokens/sec/user,p99,2890.46
113,1780554200323170560,1780554201323170560,Active Prefill Throughput Per User,tokens/sec/user,std,20.50
113,1780554200323170560,1780554201323170560,Active Total Throughput,tokens/sec,avg,10515.20
113,1780554200323170560,1780554201323170560,Active Total Throughput,tokens/sec,min,8622.04
113,1780554200323170560,1780554201323170560,Active Total Throughput,tokens/sec,max,11639.72
113,1780554200323170560,1780554201323170560,Active Total Throughput,tokens/sec,p50,11639.72
113,1780554200323170560,1780554201323170560,Active Total Throughput,tokens/sec,p90,11639.72
113,1780554200323170560,1780554201323170560,Active Total Throughput,tokens/sec,p95,11639.72
113,1780554200323170560,1780554201323170560,Active Total Throughput,tokens/sec,p99,11639.72
113,1780554200323170560,1780554201323170560,Active Total Throughput,tokens/sec,std,1459.08
113,1780554200323170560,1780554201323170560,Benchmark Duration,sec,avg,198.31
113,1780554200323170560,1780554201323170560,E2E Output Token Throughput,tokens/sec/user,avg,5.04
113,1780554200323170560,1780554201323170560,E2E Output Token Throughput,tokens/sec/user,min,5.04
113,1780554200323170560,1780554201323170560,E2E Output Token Throughput,tokens/sec/user,max,5.04
113,1780554200323170560,1780554201323170560,E2E Output Token Throughput,tokens/sec/user,sum,5.04
113,1780554200323170560,1780554201323170560,E2E Output Token Throughput,tokens/sec/user,p1,5.04
113,1780554200323170560,1780554201323170560,E2E Output Token Throughput,tokens/sec/user,p5,5.04
113,1780554200323170560,1780554201323170560,E2E Output Token Throughput,tokens/sec/user,p10,5.04
113,1780554200323170560,1780554201323170560,E2E Output Token Throughput,tokens/sec/user,p25,5.04
113,1780554200323170560,1780554201323170560,E2E Output Token Throughput,tokens/sec/user,p50,5.04
113,1780554200323170560,1780554201323170560,E2E Output Token Throughput,tokens/sec/user,p75,5.04
113,1780554200323170560,1780554201323170560,E2E Output Token Throughput,tokens/sec/user,p90,5.04
113,1780554200323170560,1780554201323170560,E2E Output Token Throughput,tokens/sec/user,p95,5.04
113,1780554200323170560,1780554201323170560,E2E Output Token Throughput,tokens/sec/user,p99,5.04
113,1780554200323170560,1780554201323170560,E2E Output Token Throughput,tokens/sec/user,std,0.00
113,1780554200323170560,1780554201323170560,Effective Concurrency,requests,avg,14.63
113,1780554200323170560,1780554201323170560,Effective Concurrency,requests,min,14.00
113,1780554200323170560,1780554201323170560,Effective Concurrency,requests,max,15.00
113,1780554200323170560,1780554201323170560,Effective Concurrency,requests,p50,15.00
113,1780554200323170560,1780554201323170560,Effective Concurrency,requests,p90,15.00
113,1780554200323170560,1780554201323170560,Effective Concurrency,requests,p95,15.00
113,1780554200323170560,1780554201323170560,Effective Concurrency,requests,p99,15.00
113,1780554200323170560,1780554201323170560,Effective Concurrency,requests,std,0.48
113,1780554200323170560,1780554201323170560,Effective Decode Concurrency,requests,avg,11.00
113,1780554200323170560,1780554201323170560,Effective Decode Concurrency,requests,min,11.00
113,1780554200323170560,1780554201323170560,Effective Decode Concurrency,requests,max,11.00
113,1780554200323170560,1780554201323170560,Effective Decode Concurrency,requests,p50,11.00
113,1780554200323170560,1780554201323170560,Effective Decode Concurrency,requests,p90,11.00
113,1780554200323170560,1780554201323170560,Effective Decode Concurrency,requests,p95,11.00
113,1780554200323170560,1780554201323170560,Effective Decode Concurrency,requests,p99,11.00
113,1780554200323170560,1780554201323170560,Effective Decode Concurrency,requests,std,0.00
113,1780554200323170560,1780554201323170560,Effective Decode Throughput,tokens/sec,avg,58.34
113,1780554200323170560,1780554201323170560,Effective Decode Throughput,tokens/sec,min,43.58
113,1780554200323170560,1780554201323170560,Effective Decode Throughput,tokens/sec,max,73.10
113,1780554200323170560,1780554201323170560,Effective Decode Throughput,tokens/sec,p50,58.34
113,1780554200323170560,1780554201323170560,Effective Decode Throughput,tokens/sec,p90,58.34
113,1780554200323170560,1780554201323170560,Effective Decode Throughput,tokens/sec,p95,58.34
113,1780554200323170560,1780554201323170560,Effective Decode Throughput,tokens/sec,p99,58.34
113,1780554200323170560,1780554201323170560,Effective Decode Throughput,tokens/sec,std,0.03
113,1780554200323170560,1780554201323170560,Effective Decode Throughput Per User,tokens/sec/user,avg,5.30
113,1780554200323170560,1780554201323170560,Effective Decode Throughput Per User,tokens/sec/user,min,3.96
113,1780554200323170560,1780554201323170560,Effective Decode Throughput Per User,tokens/sec/user,max,6.65
113,1780554200323170560,1780554201323170560,Effective Decode Throughput Per User,tokens/sec/user,p50,5.30
113,1780554200323170560,1780554201323170560,Effective Decode Throughput Per User,tokens/sec/user,p90,5.30
113,1780554200323170560,1780554201323170560,Effective Decode Throughput Per User,tokens/sec/user,p95,5.30
113,1780554200323170560,1780554201323170560,Effective Decode Throughput Per User,tokens/sec/user,p99,5.30
113,1780554200323170560,1780554201323170560,Effective Decode Throughput Per User,tokens/sec/user,std,0.00
113,1780554200323170560,1780554201323170560,Effective Prefill Concurrency,requests,avg,3.63
113,1780554200323170560,1780554201323170560,Effective Prefill Concurrency,requests,min,3.00
113,1780554200323170560,1780554201323170560,Effective Prefill Concurrency,requests,max,4.00
113,1780554200323170560,1780554201323170560,Effective Prefill Concurrency,requests,p50,4.00
113,1780554200323170560,1780554201323170560,Effective Prefill Concurrency,requests,p90,4.00
113,1780554200323170560,1780554201323170560,Effective Prefill Concurrency,requests,p95,4.00
113,1780554200323170560,1780554201323170560,Effective Prefill Concurrency,requests,p99,4.00
113,1780554200323170560,1780554201323170560,Effective Prefill Concurrency,requests,std,0.48
113,1780554200323170560,1780554201323170560,Effective Prefill Throughput,tokens/sec,avg,10437.31
113,1780554200323170560,1780554201323170560,Effective Prefill Throughput,tokens/sec,min,8544.16
113,1780554200323170560,1780554201323170560,Effective Prefill Throughput,tokens/sec,max,11561.84
113,1780554200323170560,1780554201323170560,Effective Prefill Throughput,tokens/sec,p50,11561.84
113,1780554200323170560,1780554201323170560,Effective Prefill Throughput,tokens/sec,p90,11561.84
113,1780554200323170560,1780554201323170560,Effective Prefill Throughput,tokens/sec,p95,11561.84
113,1780554200323170560,1780554201323170560,Effective Prefill Throughput,tokens/sec,p99,11561.84
113,1780554200323170560,1780554201323170560,Effective Prefill Throughput,tokens/sec,std,1459.08
113,1780554200323170560,1780554201323170560,Effective Prefill Throughput Per User,tokens/sec/user,avg,2874.66
113,1780554200323170560,1780554201323170560,Effective Prefill Throughput Per User,tokens/sec/user,min,2848.05
113,1780554200323170560,1780554201323170560,Effective Prefill Throughput Per User,tokens/sec/user,max,2890.46
113,1780554200323170560,1780554201323170560,Effective Prefill Throughput Per User,tokens/sec/user,p50,2890.46
113,1780554200323170560,1780554201323170560,Effective Prefill Throughput Per User,tokens/sec/user,p90,2890.46
113,1780554200323170560,1780554201323170560,Effective Prefill Throughput Per User,tokens/sec/user,p95,2890.46
113,1780554200323170560,1780554201323170560,Effective Prefill Throughput Per User,tokens/sec/user,p99,2890.46
113,1780554200323170560,1780554201323170560,Effective Prefill Throughput Per User,tokens/sec/user,std,20.50
113,1780554200323170560,1780554201323170560,Effective Total Throughput,tokens/sec,avg,10515.20
113,1780554200323170560,1780554201323170560,Effective Total Throughput,tokens/sec,min,8622.04
113,1780554200323170560,1780554201323170560,Effective Total Throughput,tokens/sec,max,11639.72
113,1780554200323170560,1780554201323170560,Effective Total Throughput,tokens/sec,p50,11639.72
113,1780554200323170560,1780554201323170560,Effective Total Throughput,tokens/sec,p90,11639.72
113,1780554200323170560,1780554201323170560,Effective Total Throughput,tokens/sec,p95,11639.72
113,1780554200323170560,1780554201323170560,Effective Total Throughput,tokens/sec,p99,11639.72
113,1780554200323170560,1780554201323170560,Effective Total Throughput,tokens/sec,std,1459.08
113,1780554200323170560,1780554201323170560,HTTP Blocked,ms,avg,0.00
113,1780554200323170560,1780554201323170560,HTTP Blocked,ms,min,0.00
113,1780554200323170560,1780554201323170560,HTTP Blocked,ms,max,0.00
113,1780554200323170560,1780554201323170560,HTTP Blocked,ms,sum,0.00
113,1780554200323170560,1780554201323170560,HTTP Blocked,ms,p1,0.00
113,1780554200323170560,1780554201323170560,HTTP Blocked,ms,p5,0.00
113,1780554200323170560,1780554201323170560,HTTP Blocked,ms,p10,0.00
113,1780554200323170560,1780554201323170560,HTTP Blocked,ms,p25,0.00
113,1780554200323170560,1780554201323170560,HTTP Blocked,ms,p50,0.00
113,1780554200323170560,1780554201323170560,HTTP Blocked,ms,p75,0.00
113,1780554200323170560,1780554201323170560,HTTP Blocked,ms,p90,0.00
113,1780554200323170560,1780554201323170560,HTTP Blocked,ms,p95,0.00
113,1780554200323170560,1780554201323170560,HTTP Blocked,ms,p99,0.00
113,1780554200323170560,1780554201323170560,HTTP Blocked,ms,std,0.00
113,1780554200323170560,1780554201323170560,HTTP Chunks Received,count,avg,998.00
113,1780554200323170560,1780554201323170560,HTTP Chunks Received,count,min,998.00
113,1780554200323170560,1780554201323170560,HTTP Chunks Received,count,max,998.00
113,1780554200323170560,1780554201323170560,HTTP Chunks Received,count,sum,998.00
113,1780554200323170560,1780554201323170560,HTTP Chunks Received,count,p1,998.00
113,1780554200323170560,1780554201323170560,HTTP Chunks Received,count,p5,998.00
113,1780554200323170560,1780554201323170560,HTTP Chunks Received,count,p10,998.00
113,1780554200323170560,1780554201323170560,HTTP Chunks Received,count,p25,998.00
113,1780554200323170560,1780554201323170560,HTTP Chunks Received,count,p50,998.00
113,1780554200323170560,1780554201323170560,HTTP Chunks Received,count,p75,998.00
113,1780554200323170560,1780554201323170560,HTTP Chunks Received,count,p90,998.00
113,1780554200323170560,1780554201323170560,HTTP Chunks Received,count,p95,998.00
113,1780554200323170560,1780554201323170560,HTTP Chunks Received,count,p99,998.00
113,1780554200323170560,1780554201323170560,HTTP Chunks Received,count,std,0.00
113,1780554200323170560,1780554201323170560,HTTP Chunks Sent,count,avg,1.00
113,1780554200323170560,1780554201323170560,HTTP Chunks Sent,count,min,1.00
113,1780554200323170560,1780554201323170560,HTTP Chunks Sent,count,max,1.00
113,1780554200323170560,1780554201323170560,HTTP Chunks Sent,count,sum,1.00
113,1780554200323170560,1780554201323170560,HTTP Chunks Sent,count,p1,1.00
113,1780554200323170560,1780554201323170560,HTTP Chunks Sent,count,p5,1.00
113,1780554200323170560,1780554201323170560,HTTP Chunks Sent,count,p10,1.00
113,1780554200323170560,1780554201323170560,HTTP Chunks Sent,count,p25,1.00
113,1780554200323170560,1780554201323170560,HTTP Chunks Sent,count,p50,1.00
113,1780554200323170560,1780554201323170560,HTTP Chunks Sent,count,p75,1.00
113,1780554200323170560,1780554201323170560,HTTP Chunks Sent,count,p90,1.00
113,1780554200323170560,1780554201323170560,HTTP Chunks Sent,count,p95,1.00
113,1780554200323170560,1780554201323170560,HTTP Chunks Sent,count,p99,1.00
113,1780554200323170560,1780554201323170560,HTTP Chunks Sent,count,std,0.00
113,1780554200323170560,1780554201323170560,HTTP Connecting,ms,avg,0.60
113,1780554200323170560,1780554201323170560,HTTP Connecting,ms,min,0.60
113,1780554200323170560,1780554201323170560,HTTP Connecting,ms,max,0.60
113,1780554200323170560,1780554201323170560,HTTP Connecting,ms,sum,0.60
113,1780554200323170560,1780554201323170560,HTTP Connecting,ms,p1,0.60
113,1780554200323170560,1780554201323170560,HTTP Connecting,ms,p5,0.60
113,1780554200323170560,1780554201323170560,HTTP Connecting,ms,p10,0.60
113,1780554200323170560,1780554201323170560,HTTP Connecting,ms,p25,0.60
113,1780554200323170560,1780554201323170560,HTTP Connecting,ms,p50,0.60
113,1780554200323170560,1780554201323170560,HTTP Connecting,ms,p75,0.60
113,1780554200323170560,1780554201323170560,HTTP Connecting,ms,p90,0.60
113,1780554200323170560,1780554201323170560,HTTP Connecting,ms,p95,0.60
113,1780554200323170560,1780554201323170560,HTTP Connecting,ms,p99,0.60
113,1780554200323170560,1780554201323170560,HTTP Connecting,ms,std,0.00
113,1780554200323170560,1780554201323170560,HTTP Connection Overhead,ms,avg,0.60
113,1780554200323170560,1780554201323170560,HTTP Connection Overhead,ms,min,0.60
113,1780554200323170560,1780554201323170560,HTTP Connection Overhead,ms,max,0.60
113,1780554200323170560,1780554201323170560,HTTP Connection Overhead,ms,sum,0.60
113,1780554200323170560,1780554201323170560,HTTP Connection Overhead,ms,p1,0.60
113,1780554200323170560,1780554201323170560,HTTP Connection Overhead,ms,p5,0.60
113,1780554200323170560,1780554201323170560,HTTP Connection Overhead,ms,p10,0.60
113,1780554200323170560,1780554201323170560,HTTP Connection Overhead,ms,p25,0.60
113,1780554200323170560,1780554201323170560,HTTP Connection Overhead,ms,p50,0.60
113,1780554200323170560,1780554201323170560,HTTP Connection Overhead,ms,p75,0.60
113,1780554200323170560,1780554201323170560,HTTP Connection Overhead,ms,p90,0.60
113,1780554200323170560,1780554201323170560,HTTP Connection Overhead,ms,p95,0.60
113,1780554200323170560,1780554201323170560,HTTP Connection Overhead,ms,p99,0.60
113,1780554200323170560,1780554201323170560,HTTP Connection Overhead,ms,std,0.00
113,1780554200323170560,1780554201323170560,HTTP Connection Reused,ratio,avg,0.00
113,1780554200323170560,1780554201323170560,HTTP Connection Reused,ratio,min,0.00
113,1780554200323170560,1780554201323170560,HTTP Connection Reused,ratio,max,0.00
113,1780554200323170560,1780554201323170560,HTTP Connection Reused,ratio,sum,0.00
113,1780554200323170560,1780554201323170560,HTTP Connection Reused,ratio,p1,0.00
113,1780554200323170560,1780554201323170560,HTTP Connection Reused,ratio,p5,0.00
113,1780554200323170560,1780554201323170560,HTTP Connection Reused,ratio,p10,0.00
113,1780554200323170560,1780554201323170560,HTTP Connection Reused,ratio,p25,0.00
113,1780554200323170560,1780554201323170560,HTTP Connection Reused,ratio,p50,0.00
113,1780554200323170560,1780554201323170560,HTTP Connection Reused,ratio,p75,0.00
113,1780554200323170560,1780554201323170560,HTTP Connection Reused,ratio,p90,0.00
113,1780554200323170560,1780554201323170560,HTTP Connection Reused,ratio,p95,0.00
113,1780554200323170560,1780554201323170560,HTTP Connection Reused,ratio,p99,0.00
113,1780554200323170560,1780554201323170560,HTTP Connection Reused,ratio,std,0.00
113,1780554200323170560,1780554201323170560,HTTP Data Received,KB,avg,248.35
113,1780554200323170560,1780554201323170560,HTTP Data Received,KB,min,248.35
113,1780554200323170560,1780554201323170560,HTTP Data Received,KB,max,248.35
113,1780554200323170560,1780554201323170560,HTTP Data Received,KB,sum,248.35
113,1780554200323170560,1780554201323170560,HTTP Data Received,KB,p1,248.35
113,1780554200323170560,1780554201323170560,HTTP Data Received,KB,p5,248.35
113,1780554200323170560,1780554201323170560,HTTP Data Received,KB,p10,248.35
113,1780554200323170560,1780554201323170560,HTTP Data Received,KB,p25,248.35
113,1780554200323170560,1780554201323170560,HTTP Data Received,KB,p50,248.35
113,1780554200323170560,1780554201323170560,HTTP Data Received,KB,p75,248.35
113,1780554200323170560,1780554201323170560,HTTP Data Received,KB,p90,248.35
113,1780554200323170560,1780554201323170560,HTTP Data Received,KB,p95,248.35
113,1780554200323170560,1780554201323170560,HTTP Data Received,KB,p99,248.35
113,1780554200323170560,1780554201323170560,HTTP Data Received,KB,std,0.00
113,1780554200323170560,1780554201323170560,HTTP Data Sent,KB,avg,553.76
113,1780554200323170560,1780554201323170560,HTTP Data Sent,KB,min,553.76
113,1780554200323170560,1780554201323170560,HTTP Data Sent,KB,max,553.76
113,1780554200323170560,1780554201323170560,HTTP Data Sent,KB,sum,553.76
113,1780554200323170560,1780554201323170560,HTTP Data Sent,KB,p1,553.76
113,1780554200323170560,1780554201323170560,HTTP Data Sent,KB,p5,553.76
113,1780554200323170560,1780554201323170560,HTTP Data Sent,KB,p10,553.76
113,1780554200323170560,1780554201323170560,HTTP Data Sent,KB,p25,553.76
113,1780554200323170560,1780554201323170560,HTTP Data Sent,KB,p50,553.76
113,1780554200323170560,1780554201323170560,HTTP Data Sent,KB,p75,553.76
113,1780554200323170560,1780554201323170560,HTTP Data Sent,KB,p90,553.76
113,1780554200323170560,1780554201323170560,HTTP Data Sent,KB,p95,553.76
113,1780554200323170560,1780554201323170560,HTTP Data Sent,KB,p99,553.76
113,1780554200323170560,1780554201323170560,HTTP Data Sent,KB,std,0.00
113,1780554200323170560,1780554201323170560,HTTP DNS Lookup,ms,avg,0.00
113,1780554200323170560,1780554201323170560,HTTP DNS Lookup,ms,min,0.00
113,1780554200323170560,1780554201323170560,HTTP DNS Lookup,ms,max,0.00
113,1780554200323170560,1780554201323170560,HTTP DNS Lookup,ms,sum,0.00
113,1780554200323170560,1780554201323170560,HTTP DNS Lookup,ms,p1,0.00
113,1780554200323170560,1780554201323170560,HTTP DNS Lookup,ms,p5,0.00
113,1780554200323170560,1780554201323170560,HTTP DNS Lookup,ms,p10,0.00
113,1780554200323170560,1780554201323170560,HTTP DNS Lookup,ms,p25,0.00
113,1780554200323170560,1780554201323170560,HTTP DNS Lookup,ms,p50,0.00
113,1780554200323170560,1780554201323170560,HTTP DNS Lookup,ms,p75,0.00
113,1780554200323170560,1780554201323170560,HTTP DNS Lookup,ms,p90,0.00
113,1780554200323170560,1780554201323170560,HTTP DNS Lookup,ms,p95,0.00
113,1780554200323170560,1780554201323170560,HTTP DNS Lookup,ms,p99,0.00
113,1780554200323170560,1780554201323170560,HTTP DNS Lookup,ms,std,0.00
113,1780554200323170560,1780554201323170560,HTTP Duration (excl. conn),ms,avg,198312.16
113,1780554200323170560,1780554201323170560,HTTP Duration (excl. conn),ms,min,198312.16
113,1780554200323170560,1780554201323170560,HTTP Duration (excl. conn),ms,max,198312.16
113,1780554200323170560,1780554201323170560,HTTP Duration (excl. conn),ms,sum,198312.16
113,1780554200323170560,1780554201323170560,HTTP Duration (excl. conn),ms,p1,198312.16
113,1780554200323170560,1780554201323170560,HTTP Duration (excl. conn),ms,p5,198312.16
113,1780554200323170560,1780554201323170560,HTTP Duration (excl. conn),ms,p10,198312.16
113,1780554200323170560,1780554201323170560,HTTP Duration (excl. conn),ms,p25,198312.16
113,1780554200323170560,1780554201323170560,HTTP Duration (excl. conn),ms,p50,198312.16
113,1780554200323170560,1780554201323170560,HTTP Duration (excl. conn),ms,p75,198312.16
113,1780554200323170560,1780554201323170560,HTTP Duration (excl. conn),ms,p90,198312.16
113,1780554200323170560,1780554201323170560,HTTP Duration (excl. conn),ms,p95,198312.16
113,1780554200323170560,1780554201323170560,HTTP Duration (excl. conn),ms,p99,198312.16
113,1780554200323170560,1780554201323170560,HTTP Duration (excl. conn),ms,std,0.00
113,1780554200323170560,1780554201323170560,HTTP Receiving,ms,avg,151418.34
113,1780554200323170560,1780554201323170560,HTTP Receiving,ms,min,151418.34
113,1780554200323170560,1780554201323170560,HTTP Receiving,ms,max,151418.34
113,1780554200323170560,1780554201323170560,HTTP Receiving,ms,sum,151418.34
113,1780554200323170560,1780554201323170560,HTTP Receiving,ms,p1,151418.34
113,1780554200323170560,1780554201323170560,HTTP Receiving,ms,p5,151418.34
113,1780554200323170560,1780554201323170560,HTTP Receiving,ms,p10,151418.34
113,1780554200323170560,1780554201323170560,HTTP Receiving,ms,p25,151418.34
113,1780554200323170560,1780554201323170560,HTTP Receiving,ms,p50,151418.34
113,1780554200323170560,1780554201323170560,HTTP Receiving,ms,p75,151418.34
113,1780554200323170560,1780554201323170560,HTTP Receiving,ms,p90,151418.34
113,1780554200323170560,1780554201323170560,HTTP Receiving,ms,p95,151418.34
113,1780554200323170560,1780554201323170560,HTTP Receiving,ms,p99,151418.34
113,1780554200323170560,1780554201323170560,HTTP Receiving,ms,std,0.00
113,1780554200323170560,1780554201323170560,HTTP Sending,ms,avg,0.85
113,1780554200323170560,1780554201323170560,HTTP Sending,ms,min,0.85
113,1780554200323170560,1780554201323170560,HTTP Sending,ms,max,0.85
113,1780554200323170560,1780554201323170560,HTTP Sending,ms,sum,0.85
113,1780554200323170560,1780554201323170560,HTTP Sending,ms,p1,0.85
113,1780554200323170560,1780554201323170560,HTTP Sending,ms,p5,0.85
113,1780554200323170560,1780554201323170560,HTTP Sending,ms,p10,0.85
113,1780554200323170560,1780554201323170560,HTTP Sending,ms,p25,0.85
113,1780554200323170560,1780554201323170560,HTTP Sending,ms,p50,0.85
113,1780554200323170560,1780554201323170560,HTTP Sending,ms,p75,0.85
113,1780554200323170560,1780554201323170560,HTTP Sending,ms,p90,0.85
113,1780554200323170560,1780554201323170560,HTTP Sending,ms,p95,0.85
113,1780554200323170560,1780554201323170560,HTTP Sending,ms,p99,0.85
113,1780554200323170560,1780554201323170560,HTTP Sending,ms,std,0.00
113,1780554200323170560,1780554201323170560,HTTP Total Time,ms,avg,198312.76
113,1780554200323170560,1780554201323170560,HTTP Total Time,ms,min,198312.76
113,1780554200323170560,1780554201323170560,HTTP Total Time,ms,max,198312.76
113,1780554200323170560,1780554201323170560,HTTP Total Time,ms,sum,198312.76
113,1780554200323170560,1780554201323170560,HTTP Total Time,ms,p1,198312.76
113,1780554200323170560,1780554201323170560,HTTP Total Time,ms,p5,198312.76
113,1780554200323170560,1780554201323170560,HTTP Total Time,ms,p10,198312.76
113,1780554200323170560,1780554201323170560,HTTP Total Time,ms,p25,198312.76
113,1780554200323170560,1780554201323170560,HTTP Total Time,ms,p50,198312.76
113,1780554200323170560,1780554201323170560,HTTP Total Time,ms,p75,198312.76
113,1780554200323170560,1780554201323170560,HTTP Total Time,ms,p90,198312.76
113,1780554200323170560,1780554201323170560,HTTP Total Time,ms,p95,198312.76
113,1780554200323170560,1780554201323170560,HTTP Total Time,ms,p99,198312.76
113,1780554200323170560,1780554201323170560,HTTP Total Time,ms,std,0.00
113,1780554200323170560,1780554201323170560,HTTP Waiting (TTFB),ms,avg,46892.97
113,1780554200323170560,1780554201323170560,HTTP Waiting (TTFB),ms,min,46892.97
113,1780554200323170560,1780554201323170560,HTTP Waiting (TTFB),ms,max,46892.97
113,1780554200323170560,1780554201323170560,HTTP Waiting (TTFB),ms,sum,46892.97
113,1780554200323170560,1780554201323170560,HTTP Waiting (TTFB),ms,p1,46892.97
113,1780554200323170560,1780554201323170560,HTTP Waiting (TTFB),ms,p5,46892.97
113,1780554200323170560,1780554201323170560,HTTP Waiting (TTFB),ms,p10,46892.97
113,1780554200323170560,1780554201323170560,HTTP Waiting (TTFB),ms,p25,46892.97
113,1780554200323170560,1780554201323170560,HTTP Waiting (TTFB),ms,p50,46892.97
113,1780554200323170560,1780554201323170560,HTTP Waiting (TTFB),ms,p75,46892.97
113,1780554200323170560,1780554201323170560,HTTP Waiting (TTFB),ms,p90,46892.97
113,1780554200323170560,1780554201323170560,HTTP Waiting (TTFB),ms,p95,46892.97
113,1780554200323170560,1780554201323170560,HTTP Waiting (TTFB),ms,p99,46892.97
113,1780554200323170560,1780554201323170560,HTTP Waiting (TTFB),ms,std,0.00
113,1780554200323170560,1780554201323170560,Input Sequence Length,tokens,avg,141511.00
113,1780554200323170560,1780554201323170560,Input Sequence Length,tokens,min,141511.00
113,1780554200323170560,1780554201323170560,Input Sequence Length,tokens,max,141511.00
113,1780554200323170560,1780554201323170560,Input Sequence Length,tokens,sum,141511.00
113,1780554200323170560,1780554201323170560,Input Sequence Length,tokens,p1,141511.00
113,1780554200323170560,1780554201323170560,Input Sequence Length,tokens,p5,141511.00
113,1780554200323170560,1780554201323170560,Input Sequence Length,tokens,p10,141511.00
113,1780554200323170560,1780554201323170560,Input Sequence Length,tokens,p25,141511.00
113,1780554200323170560,1780554201323170560,Input Sequence Length,tokens,p50,141511.00
113,1780554200323170560,1780554201323170560,Input Sequence Length,tokens,p75,141511.00
113,1780554200323170560,1780554201323170560,Input Sequence Length,tokens,p90,141511.00
113,1780554200323170560,1780554201323170560,Input Sequence Length,tokens,p95,141511.00
113,1780554200323170560,1780554201323170560,Input Sequence Length,tokens,p99,141511.00
113,1780554200323170560,1780554201323170560,Input Sequence Length,tokens,std,0.00
113,1780554200323170560,1780554201323170560,Input Token Throughput,tokens/sec,avg,141511.00
113,1780554200323170560,1780554201323170560,Inter Chunk Latency,ms,avg,68.44
113,1780554200323170560,1780554201323170560,Inter Chunk Latency,ms,min,68.42
113,1780554200323170560,1780554201323170560,Inter Chunk Latency,ms,max,68.47
113,1780554200323170560,1780554201323170560,Inter Chunk Latency,ms,sum,68237.02
113,1780554200323170560,1780554201323170560,Inter Chunk Latency,ms,p1,68.42
113,1780554200323170560,1780554201323170560,Inter Chunk Latency,ms,p5,68.42
113,1780554200323170560,1780554201323170560,Inter Chunk Latency,ms,p10,68.42
113,1780554200323170560,1780554201323170560,Inter Chunk Latency,ms,p25,68.43
113,1780554200323170560,1780554201323170560,Inter Chunk Latency,ms,p50,68.44
113,1780554200323170560,1780554201323170560,Inter Chunk Latency,ms,p75,68.45
113,1780554200323170560,1780554201323170560,Inter Chunk Latency,ms,p90,68.46
113,1780554200323170560,1780554201323170560,Inter Chunk Latency,ms,p95,68.46
113,1780554200323170560,1780554201323170560,Inter Chunk Latency,ms,p99,68.47
113,1780554200323170560,1780554201323170560,Inter Chunk Latency,ms,std,0.01
113,1780554200323170560,1780554201323170560,Inter Token Latency,ms,avg,151.72
113,1780554200323170560,1780554201323170560,Inter Token Latency,ms,min,151.72
113,1780554200323170560,1780554201323170560,Inter Token Latency,ms,max,151.72
113,1780554200323170560,1780554201323170560,Inter Token Latency,ms,sum,151.72
113,1780554200323170560,1780554201323170560,Inter Token Latency,ms,p1,151.72
113,1780554200323170560,1780554201323170560,Inter Token Latency,ms,p5,151.72
113,1780554200323170560,1780554201323170560,Inter Token Latency,ms,p10,151.72
113,1780554200323170560,1780554201323170560,Inter Token Latency,ms,p25,151.72
113,1780554200323170560,1780554201323170560,Inter Token Latency,ms,p50,151.72
113,1780554200323170560,1780554201323170560,Inter Token Latency,ms,p75,151.72
113,1780554200323170560,1780554201323170560,Inter Token Latency,ms,p90,151.72
113,1780554200323170560,1780554201323170560,Inter Token Latency,ms,p95,151.72
113,1780554200323170560,1780554201323170560,Inter Token Latency,ms,p99,151.72
113,1780554200323170560,1780554201323170560,Inter Token Latency,ms,std,0.00
113,1780554200323170560,1780554201323170560,Maximum Response Timestamp,ns,avg,1780554399008075776.00
113,1780554200323170560,1780554201323170560,Minimum Request Timestamp,ns,avg,1780554200695816960.00
113,1780554200323170560,1780554201323170560,OSL Mismatch Count,requests,avg,0.00
113,1780554200323170560,1780554201323170560,OSL Mismatch Diff %,%,avg,0.00
113,1780554200323170560,1780554201323170560,OSL Mismatch Diff %,%,min,0.00
113,1780554200323170560,1780554201323170560,OSL Mismatch Diff %,%,max,0.00
113,1780554200323170560,1780554201323170560,OSL Mismatch Diff %,%,sum,0.00
113,1780554200323170560,1780554201323170560,OSL Mismatch Diff %,%,p1,0.00
113,1780554200323170560,1780554201323170560,OSL Mismatch Diff %,%,p5,0.00
113,1780554200323170560,1780554201323170560,OSL Mismatch Diff %,%,p10,0.00
113,1780554200323170560,1780554201323170560,OSL Mismatch Diff %,%,p25,0.00
113,1780554200323170560,1780554201323170560,OSL Mismatch Diff %,%,p50,0.00
113,1780554200323170560,1780554201323170560,OSL Mismatch Diff %,%,p75,0.00
113,1780554200323170560,1780554201323170560,OSL Mismatch Diff %,%,p90,0.00
113,1780554200323170560,1780554201323170560,OSL Mismatch Diff %,%,p95,0.00
113,1780554200323170560,1780554201323170560,OSL Mismatch Diff %,%,p99,0.00
113,1780554200323170560,1780554201323170560,OSL Mismatch Diff %,%,std,0.00
113,1780554200323170560,1780554201323170560,Output Sequence Length,tokens,avg,999.00
113,1780554200323170560,1780554201323170560,Output Sequence Length,tokens,min,999.00
113,1780554200323170560,1780554201323170560,Output Sequence Length,tokens,max,999.00
113,1780554200323170560,1780554201323170560,Output Sequence Length,tokens,sum,999.00
113,1780554200323170560,1780554201323170560,Output Sequence Length,tokens,p1,999.00
113,1780554200323170560,1780554201323170560,Output Sequence Length,tokens,p5,999.00
113,1780554200323170560,1780554201323170560,Output Sequence Length,tokens,p10,999.00
113,1780554200323170560,1780554201323170560,Output Sequence Length,tokens,p25,999.00
113,1780554200323170560,1780554201323170560,Output Sequence Length,tokens,p50,999.00
113,1780554200323170560,1780554201323170560,Output Sequence Length,tokens,p75,999.00
113,1780554200323170560,1780554201323170560,Output Sequence Length,tokens,p90,999.00
113,1780554200323170560,1780554201323170560,Output Sequence Length,tokens,p95,999.00
113,1780554200323170560,1780554201323170560,Output Sequence Length,tokens,p99,999.00
113,1780554200323170560,1780554201323170560,Output Sequence Length,tokens,std,0.00
113,1780554200323170560,1780554201323170560,Output Token Count,tokens,avg,999.00
113,1780554200323170560,1780554201323170560,Output Token Count,tokens,min,999.00
113,1780554200323170560,1780554201323170560,Output Token Count,tokens,max,999.00
113,1780554200323170560,1780554201323170560,Output Token Count,tokens,sum,999.00
113,1780554200323170560,1780554201323170560,Output Token Count,tokens,p1,999.00
113,1780554200323170560,1780554201323170560,Output Token Count,tokens,p5,999.00
113,1780554200323170560,1780554201323170560,Output Token Count,tokens,p10,999.00
113,1780554200323170560,1780554201323170560,Output Token Count,tokens,p25,999.00
113,1780554200323170560,1780554201323170560,Output Token Count,tokens,p50,999.00
113,1780554200323170560,1780554201323170560,Output Token Count,tokens,p75,999.00
113,1780554200323170560,1780554201323170560,Output Token Count,tokens,p90,999.00
113,1780554200323170560,1780554201323170560,Output Token Count,tokens,p95,999.00
113,1780554200323170560,1780554201323170560,Output Token Count,tokens,p99,999.00
113,1780554200323170560,1780554201323170560,Output Token Count,tokens,std,0.00
113,1780554200323170560,1780554201323170560,Output Token Throughput,tokens/sec,avg,999.00
113,1780554200323170560,1780554201323170560,Output Token Throughput Per User,tokens/sec/user,avg,6.59
113,1780554200323170560,1780554201323170560,Output Token Throughput Per User,tokens/sec/user,min,6.59
113,1780554200323170560,1780554201323170560,Output Token Throughput Per User,tokens/sec/user,max,6.59
113,1780554200323170560,1780554201323170560,Output Token Throughput Per User,tokens/sec/user,sum,6.59
113,1780554200323170560,1780554201323170560,Output Token Throughput Per User,tokens/sec/user,p1,6.59
113,1780554200323170560,1780554201323170560,Output Token Throughput Per User,tokens/sec/user,p5,6.59
113,1780554200323170560,1780554201323170560,Output Token Throughput Per User,tokens/sec/user,p10,6.59
113,1780554200323170560,1780554201323170560,Output Token Throughput Per User,tokens/sec/user,p25,6.59
113,1780554200323170560,1780554201323170560,Output Token Throughput Per User,tokens/sec/user,p50,6.59
113,1780554200323170560,1780554201323170560,Output Token Throughput Per User,tokens/sec/user,p75,6.59
113,1780554200323170560,1780554201323170560,Output Token Throughput Per User,tokens/sec/user,p90,6.59
113,1780554200323170560,1780554201323170560,Output Token Throughput Per User,tokens/sec/user,p95,6.59
113,1780554200323170560,1780554201323170560,Output Token Throughput Per User,tokens/sec/user,p99,6.59
113,1780554200323170560,1780554201323170560,Output Token Throughput Per User,tokens/sec/user,std,0.00
113,1780554200323170560,1780554201323170560,Prefill Throughput Per User,tokens/sec/user,avg,3017.68
113,1780554200323170560,1780554201323170560,Prefill Throughput Per User,tokens/sec/user,min,3017.68
113,1780554200323170560,1780554201323170560,Prefill Throughput Per User,tokens/sec/user,max,3017.68
113,1780554200323170560,1780554201323170560,Prefill Throughput Per User,tokens/sec/user,sum,3017.68
113,1780554200323170560,1780554201323170560,Prefill Throughput Per User,tokens/sec/user,p1,3017.68
113,1780554200323170560,1780554201323170560,Prefill Throughput Per User,tokens/sec/user,p5,3017.68
113,1780554200323170560,1780554201323170560,Prefill Throughput Per User,tokens/sec/user,p10,3017.68
113,1780554200323170560,1780554201323170560,Prefill Throughput Per User,tokens/sec/user,p25,3017.68
113,1780554200323170560,1780554201323170560,Prefill Throughput Per User,tokens/sec/user,p50,3017.68
113,1780554200323170560,1780554201323170560,Prefill Throughput Per User,tokens/sec/user,p75,3017.68
113,1780554200323170560,1780554201323170560,Prefill Throughput Per User,tokens/sec/user,p90,3017.68
113,1780554200323170560,1780554201323170560,Prefill Throughput Per User,tokens/sec/user,p95,3017.68
113,1780554200323170560,1780554201323170560,Prefill Throughput Per User,tokens/sec/user,p99,3017.68
113,1780554200323170560,1780554201323170560,Prefill Throughput Per User,tokens/sec/user,std,0.00
113,1780554200323170560,1780554201323170560,Request Count,requests,avg,1.00
113,1780554200323170560,1780554201323170560,Request Latency,ms,avg,198312.26
113,1780554200323170560,1780554201323170560,Request Latency,ms,min,198312.26
113,1780554200323170560,1780554201323170560,Request Latency,ms,max,198312.26
113,1780554200323170560,1780554201323170560,Request Latency,ms,sum,198312.26
113,1780554200323170560,1780554201323170560,Request Latency,ms,p1,198312.26
113,1780554200323170560,1780554201323170560,Request Latency,ms,p5,198312.26
113,1780554200323170560,1780554201323170560,Request Latency,ms,p10,198312.26
113,1780554200323170560,1780554201323170560,Request Latency,ms,p25,198312.26
113,1780554200323170560,1780554201323170560,Request Latency,ms,p50,198312.26
113,1780554200323170560,1780554201323170560,Request Latency,ms,p75,198312.26
113,1780554200323170560,1780554201323170560,Request Latency,ms,p90,198312.26
113,1780554200323170560,1780554201323170560,Request Latency,ms,p95,198312.26
113,1780554200323170560,1780554201323170560,Request Latency,ms,p99,198312.26
113,1780554200323170560,1780554201323170560,Request Latency,ms,std,0.00
113,1780554200323170560,1780554201323170560,Request Throughput,requests/sec,avg,1.00
113,1780554200323170560,1780554201323170560,Requested OSL,tokens,avg,999.00
113,1780554200323170560,1780554201323170560,Requested OSL,tokens,min,999.00
113,1780554200323170560,1780554201323170560,Requested OSL,tokens,max,999.00
113,1780554200323170560,1780554201323170560,Requested OSL,tokens,sum,999.00
113,1780554200323170560,1780554201323170560,Requested OSL,tokens,p1,999.00
113,1780554200323170560,1780554201323170560,Requested OSL,tokens,p5,999.00
113,1780554200323170560,1780554201323170560,Requested OSL,tokens,p10,999.00
113,1780554200323170560,1780554201323170560,Requested OSL,tokens,p25,999.00
113,1780554200323170560,1780554201323170560,Requested OSL,tokens,p50,999.00
113,1780554200323170560,1780554201323170560,Requested OSL,tokens,p75,999.00
113,1780554200323170560,1780554201323170560,Requested OSL,tokens,p90,999.00
113,1780554200323170560,1780554201323170560,Requested OSL,tokens,p95,999.00
113,1780554200323170560,1780554201323170560,Requested OSL,tokens,p99,999.00
113,1780554200323170560,1780554201323170560,Requested OSL,tokens,std,0.00
113,1780554200323170560,1780554201323170560,Time to First Output Token,ms,avg,46893.93
113,1780554200323170560,1780554201323170560,Time to First Output Token,ms,min,46893.93
113,1780554200323170560,1780554201323170560,Time to First Output Token,ms,max,46893.93
113,1780554200323170560,1780554201323170560,Time to First Output Token,ms,sum,46893.93
113,1780554200323170560,1780554201323170560,Time to First Output Token,ms,p1,46893.93
113,1780554200323170560,1780554201323170560,Time to First Output Token,ms,p5,46893.93
113,1780554200323170560,1780554201323170560,Time to First Output Token,ms,p10,46893.93
113,1780554200323170560,1780554201323170560,Time to First Output Token,ms,p25,46893.93
113,1780554200323170560,1780554201323170560,Time to First Output Token,ms,p50,46893.93
113,1780554200323170560,1780554201323170560,Time to First Output Token,ms,p75,46893.93
113,1780554200323170560,1780554201323170560,Time to First Output Token,ms,p90,46893.93
113,1780554200323170560,1780554201323170560,Time to First Output Token,ms,p95,46893.93
113,1780554200323170560,1780554201323170560,Time to First Output Token,ms,p99,46893.93
113,1780554200323170560,1780554201323170560,Time to First Output Token,ms,std,0.00
113,1780554200323170560,1780554201323170560,Time to First Token,ms,avg,46893.93
113,1780554200323170560,1780554201323170560,Time to First Token,ms,min,46893.93
113,1780554200323170560,1780554201323170560,Time to First Token,ms,max,46893.93
113,1780554200323170560,1780554201323170560,Time to First Token,ms,sum,46893.93
113,1780554200323170560,1780554201323170560,Time to First Token,ms,p1,46893.93
113,1780554200323170560,1780554201323170560,Time to First Token,ms,p5,46893.93
113,1780554200323170560,1780554201323170560,Time to First Token,ms,p10,46893.93
113,1780554200323170560,1780554201323170560,Time to First Token,ms,p25,46893.93
113,1780554200323170560,1780554201323170560,Time to First Token,ms,p50,46893.93
113,1780554200323170560,1780554201323170560,Time to First Token,ms,p75,46893.93
113,1780554200323170560,1780554201323170560,Time to First Token,ms,p90,46893.93
113,1780554200323170560,1780554201323170560,Time to First Token,ms,p95,46893.93
113,1780554200323170560,1780554201323170560,Time to First Token,ms,p99,46893.93
113,1780554200323170560,1780554201323170560,Time to First Token,ms,std,0.00
113,1780554200323170560,1780554201323170560,Time to Second Token,ms,avg,175.20
113,1780554200323170560,1780554201323170560,Time to Second Token,ms,min,175.20
113,1780554200323170560,1780554201323170560,Time to Second Token,ms,max,175.20
113,1780554200323170560,1780554201323170560,Time to Second Token,ms,sum,175.20
113,1780554200323170560,1780554201323170560,Time to Second Token,ms,p1,175.20
113,1780554200323170560,1780554201323170560,Time to Second Token,ms,p5,175.20
113,1780554200323170560,1780554201323170560,Time to Second Token,ms,p10,175.20
113,1780554200323170560,1780554201323170560,Time to Second Token,ms,p25,175.20
113,1780554200323170560,1780554201323170560,Time to Second Token,ms,p50,175.20
113,1780554200323170560,1780554201323170560,Time to Second Token,ms,p75,175.20
113,1780554200323170560,1780554201323170560,Time to Second Token,ms,p90,175.20
113,1780554200323170560,1780554201323170560,Time to Second Token,ms,p95,175.20
113,1780554200323170560,1780554201323170560,Time to Second Token,ms,p99,175.20
113,1780554200323170560,1780554201323170560,Time to Second Token,ms,std,0.00
113,1780554200323170560,1780554201323170560,Tokens In Flight,tokens,avg,1451019.67
113,1780554200323170560,1780554201323170560,Tokens In Flight,tokens,min,1362212.83
113,1780554200323170560,1780554201323170560,Tokens In Flight,tokens,max,1503782.85
113,1780554200323170560,1780554201323170560,Tokens In Flight,tokens,p50,1503753.84
113,1780554200323170560,1780554201323170560,Tokens In Flight,tokens,p90,1503775.85
113,1780554200323170560,1780554201323170560,Tokens In Flight,tokens,p95,1503778.85
113,1780554200323170560,1780554201323170560,Tokens In Flight,tokens,p99,1503782.85
113,1780554200323170560,1780554201323170560,Tokens In Flight,tokens,std,68435.96
113,1780554200323170560,1780554201323170560,Total Input Sequence Length,tokens,avg,141511.00
113,1780554200323170560,1780554201323170560,Total Output Sequence Length,tokens,avg,999.00
113,1780554200323170560,1780554201323170560,Total Output Tokens,tokens,avg,999.00
113,1780554200323170560,1780554201323170560,Total Token Throughput,tokens/sec,avg,142510.00
113,1780554200323170560,1780554201323170560,Total Usage Completion Tokens,tokens,avg,999.00
113,1780554200323170560,1780554201323170560,Total Usage Prompt Tokens,tokens,avg,141511.00
113,1780554200323170560,1780554201323170560,Total Usage Total Tokens,tokens,avg,142510.00
113,1780554200323170560,1780554201323170560,Usage Completion Tokens,tokens,avg,999.00
113,1780554200323170560,1780554201323170560,Usage Completion Tokens,tokens,min,999.00
113,1780554200323170560,1780554201323170560,Usage Completion Tokens,tokens,max,999.00
113,1780554200323170560,1780554201323170560,Usage Completion Tokens,tokens,sum,999.00
113,1780554200323170560,1780554201323170560,Usage Completion Tokens,tokens,p1,999.00
113,1780554200323170560,1780554201323170560,Usage Completion Tokens,tokens,p5,999.00
113,1780554200323170560,1780554201323170560,Usage Completion Tokens,tokens,p10,999.00
113,1780554200323170560,1780554201323170560,Usage Completion Tokens,tokens,p25,999.00
113,1780554200323170560,1780554201323170560,Usage Completion Tokens,tokens,p50,999.00
113,1780554200323170560,1780554201323170560,Usage Completion Tokens,tokens,p75,999.00
113,1780554200323170560,1780554201323170560,Usage Completion Tokens,tokens,p90,999.00
113,1780554200323170560,1780554201323170560,Usage Completion Tokens,tokens,p95,999.00
113,1780554200323170560,1780554201323170560,Usage Completion Tokens,tokens,p99,999.00
113,1780554200323170560,1780554201323170560,Usage Completion Tokens,tokens,std,0.00
113,1780554200323170560,1780554201323170560,Usage Prompt Tokens,tokens,avg,141511.00
113,1780554200323170560,1780554201323170560,Usage Prompt Tokens,tokens,min,141511.00
113,1780554200323170560,1780554201323170560,Usage Prompt Tokens,tokens,max,141511.00
113,1780554200323170560,1780554201323170560,Usage Prompt Tokens,tokens,sum,141511.00
113,1780554200323170560,1780554201323170560,Usage Prompt Tokens,tokens,p1,141511.00
113,1780554200323170560,1780554201323170560,Usage Prompt Tokens,tokens,p5,141511.00
113,1780554200323170560,1780554201323170560,Usage Prompt Tokens,tokens,p10,141511.00
113,1780554200323170560,1780554201323170560,Usage Prompt Tokens,tokens,p25,141511.00
113,1780554200323170560,1780554201323170560,Usage Prompt Tokens,tokens,p50,141511.00
113,1780554200323170560,1780554201323170560,Usage Prompt Tokens,tokens,p75,141511.00
113,1780554200323170560,1780554201323170560,Usage Prompt Tokens,tokens,p90,141511.00
113,1780554200323170560,1780554201323170560,Usage Prompt Tokens,tokens,p95,141511.00
113,1780554200323170560,1780554201323170560,Usage Prompt Tokens,tokens,p99,141511.00
113,1780554200323170560,1780554201323170560,Usage Prompt Tokens,tokens,std,0.00
113,1780554200323170560,1780554201323170560,Usage Total Tokens,tokens,avg,142510.00
113,1780554200323170560,1780554201323170560,Usage Total Tokens,tokens,min,142510.00
113,1780554200323170560,1780554201323170560,Usage Total Tokens,tokens,max,142510.00
113,1780554200323170560,1780554201323170560,Usage Total Tokens,tokens,sum,142510.00
113,1780554200323170560,1780554201323170560,Usage Total Tokens,tokens,p1,142510.00
113,1780554200323170560,1780554201323170560,Usage Total Tokens,tokens,p5,142510.00
113,1780554200323170560,1780554201323170560,Usage Total Tokens,tokens,p10,142510.00
113,1780554200323170560,1780554201323170560,Usage Total Tokens,tokens,p25,142510.00
113,1780554200323170560,1780554201323170560,Usage Total Tokens,tokens,p50,142510.00
113,1780554200323170560,1780554201323170560,Usage Total Tokens,tokens,p75,142510.00
113,1780554200323170560,1780554201323170560,Usage Total Tokens,tokens,p90,142510.00
113,1780554200323170560,1780554201323170560,Usage Total Tokens,tokens,p95,142510.00
113,1780554200323170560,1780554201323170560,Usage Total Tokens,tokens,p99,142510.00
113,1780554200323170560,1780554201323170560,Usage Total Tokens,tokens,std,0.00
114,1780554218323170560,1780554219323170560,Active Decode Throughput,tokens/sec,avg,43.50
114,1780554218323170560,1780554219323170560,Active Decode Throughput,tokens/sec,min,28.79
114,1780554218323170560,1780554219323170560,Active Decode Throughput,tokens/sec,max,58.20
114,1780554218323170560,1780554219323170560,Active Decode Throughput,tokens/sec,p50,43.50
114,1780554218323170560,1780554219323170560,Active Decode Throughput,tokens/sec,p90,43.50
114,1780554218323170560,1780554219323170560,Active Decode Throughput,tokens/sec,p95,43.50
114,1780554218323170560,1780554219323170560,Active Decode Throughput,tokens/sec,p99,43.50
114,1780554218323170560,1780554219323170560,Active Decode Throughput,tokens/sec,std,0.02
114,1780554218323170560,1780554219323170560,Active Decode Throughput Per User,tokens/sec/user,avg,3.95
114,1780554218323170560,1780554219323170560,Active Decode Throughput Per User,tokens/sec/user,min,2.62
114,1780554218323170560,1780554219323170560,Active Decode Throughput Per User,tokens/sec/user,max,5.29
114,1780554218323170560,1780554219323170560,Active Decode Throughput Per User,tokens/sec/user,p50,3.95
114,1780554218323170560,1780554219323170560,Active Decode Throughput Per User,tokens/sec/user,p90,3.95
114,1780554218323170560,1780554219323170560,Active Decode Throughput Per User,tokens/sec/user,p95,3.95
114,1780554218323170560,1780554219323170560,Active Decode Throughput Per User,tokens/sec/user,p99,3.95
114,1780554218323170560,1780554219323170560,Active Decode Throughput Per User,tokens/sec/user,std,0.00
114,1780554218323170560,1780554219323170560,Active Prefill Throughput,tokens/sec,avg,8567.48
114,1780554218323170560,1780554219323170560,Active Prefill Throughput,tokens/sec,min,7005.56
114,1780554218323170560,1780554219323170560,Active Prefill Throughput,tokens/sec,max,9444.76
114,1780554218323170560,1780554219323170560,Active Prefill Throughput,tokens/sec,p50,9444.76
114,1780554218323170560,1780554219323170560,Active Prefill Throughput,tokens/sec,p90,9444.76
114,1780554218323170560,1780554219323170560,Active Prefill Throughput,tokens/sec,p95,9444.76
114,1780554218323170560,1780554219323170560,Active Prefill Throughput,tokens/sec,p99,9444.76
114,1780554218323170560,1780554219323170560,Active Prefill Throughput,tokens/sec,std,1170.58
114,1780554218323170560,1780554219323170560,Active Prefill Throughput Per User,tokens/sec/user,avg,3275.76
114,1780554218323170560,1780554219323170560,Active Prefill Throughput Per User,tokens/sec/user,min,3148.25
114,1780554218323170560,1780554219323170560,Active Prefill Throughput Per User,tokens/sec/user,max,3502.78
114,1780554218323170560,1780554219323170560,Active Prefill Throughput Per User,tokens/sec/user,p50,3148.25
114,1780554218323170560,1780554219323170560,Active Prefill Throughput Per User,tokens/sec/user,p90,3502.78
114,1780554218323170560,1780554219323170560,Active Prefill Throughput Per User,tokens/sec/user,p95,3502.78
114,1780554218323170560,1780554219323170560,Active Prefill Throughput Per User,tokens/sec/user,p99,3502.78
114,1780554218323170560,1780554219323170560,Active Prefill Throughput Per User,tokens/sec/user,std,170.14
114,1780554218323170560,1780554219323170560,Active Total Throughput,tokens/sec,avg,8643.82
114,1780554218323170560,1780554219323170560,Active Total Throughput,tokens/sec,min,7081.90
114,1780554218323170560,1780554219323170560,Active Total Throughput,tokens/sec,max,9521.11
114,1780554218323170560,1780554219323170560,Active Total Throughput,tokens/sec,p50,9521.11
114,1780554218323170560,1780554219323170560,Active Total Throughput,tokens/sec,p90,9521.11
114,1780554218323170560,1780554219323170560,Active Total Throughput,tokens/sec,p95,9521.11
114,1780554218323170560,1780554219323170560,Active Total Throughput,tokens/sec,p99,9521.11
114,1780554218323170560,1780554219323170560,Active Total Throughput,tokens/sec,std,1170.58
114,1780554218323170560,1780554219323170560,Benchmark Duration,sec,avg,52.94
114,1780554218323170560,1780554219323170560,E2E Output Token Throughput,tokens/sec/user,avg,5.65
114,1780554218323170560,1780554219323170560,E2E Output Token Throughput,tokens/sec/user,min,5.65
114,1780554218323170560,1780554219323170560,E2E Output Token Throughput,tokens/sec/user,max,5.65
114,1780554218323170560,1780554219323170560,E2E Output Token Throughput,tokens/sec/user,sum,5.65
114,1780554218323170560,1780554219323170560,E2E Output Token Throughput,tokens/sec/user,p1,5.65
114,1780554218323170560,1780554219323170560,E2E Output Token Throughput,tokens/sec/user,p5,5.65
114,1780554218323170560,1780554219323170560,E2E Output Token Throughput,tokens/sec/user,p10,5.65
114,1780554218323170560,1780554219323170560,E2E Output Token Throughput,tokens/sec/user,p25,5.65
114,1780554218323170560,1780554219323170560,E2E Output Token Throughput,tokens/sec/user,p50,5.65
114,1780554218323170560,1780554219323170560,E2E Output Token Throughput,tokens/sec/user,p75,5.65
114,1780554218323170560,1780554219323170560,E2E Output Token Throughput,tokens/sec/user,p90,5.65
114,1780554218323170560,1780554219323170560,E2E Output Token Throughput,tokens/sec/user,p95,5.65
114,1780554218323170560,1780554219323170560,E2E Output Token Throughput,tokens/sec/user,p99,5.65
114,1780554218323170560,1780554219323170560,E2E Output Token Throughput,tokens/sec/user,std,0.00
114,1780554218323170560,1780554219323170560,Effective Concurrency,requests,avg,13.64
114,1780554218323170560,1780554219323170560,Effective Concurrency,requests,min,13.00
114,1780554218323170560,1780554219323170560,Effective Concurrency,requests,max,14.00
114,1780554218323170560,1780554219323170560,Effective Concurrency,requests,p50,14.00
114,1780554218323170560,1780554219323170560,Effective Concurrency,requests,p90,14.00
114,1780554218323170560,1780554219323170560,Effective Concurrency,requests,p95,14.00
114,1780554218323170560,1780554219323170560,Effective Concurrency,requests,p99,14.00
114,1780554218323170560,1780554219323170560,Effective Concurrency,requests,std,0.48
114,1780554218323170560,1780554219323170560,Effective Decode Concurrency,requests,avg,11.00
114,1780554218323170560,1780554219323170560,Effective Decode Concurrency,requests,min,11.00
114,1780554218323170560,1780554219323170560,Effective Decode Concurrency,requests,max,11.00
114,1780554218323170560,1780554219323170560,Effective Decode Concurrency,requests,p50,11.00
114,1780554218323170560,1780554219323170560,Effective Decode Concurrency,requests,p90,11.00
114,1780554218323170560,1780554219323170560,Effective Decode Concurrency,requests,p95,11.00
114,1780554218323170560,1780554219323170560,Effective Decode Concurrency,requests,p99,11.00
114,1780554218323170560,1780554219323170560,Effective Decode Concurrency,requests,std,0.00
114,1780554218323170560,1780554219323170560,Effective Decode Throughput,tokens/sec,avg,43.50
114,1780554218323170560,1780554219323170560,Effective Decode Throughput,tokens/sec,min,28.79
114,1780554218323170560,1780554219323170560,Effective Decode Throughput,tokens/sec,max,58.20
114,1780554218323170560,1780554219323170560,Effective Decode Throughput,tokens/sec,p50,43.50
114,1780554218323170560,1780554219323170560,Effective Decode Throughput,tokens/sec,p90,43.50
114,1780554218323170560,1780554219323170560,Effective Decode Throughput,tokens/sec,p95,43.50
114,1780554218323170560,1780554219323170560,Effective Decode Throughput,tokens/sec,p99,43.50
114,1780554218323170560,1780554219323170560,Effective Decode Throughput,tokens/sec,std,0.02
114,1780554218323170560,1780554219323170560,Effective Decode Throughput Per User,tokens/sec/user,avg,3.95
114,1780554218323170560,1780554219323170560,Effective Decode Throughput Per User,tokens/sec/user,min,2.62
114,1780554218323170560,1780554219323170560,Effective Decode Throughput Per User,tokens/sec/user,max,5.29
114,1780554218323170560,1780554219323170560,Effective Decode Throughput Per User,tokens/sec/user,p50,3.95
114,1780554218323170560,1780554219323170560,Effective Decode Throughput Per User,tokens/sec/user,p90,3.95
114,1780554218323170560,1780554219323170560,Effective Decode Throughput Per User,tokens/sec/user,p95,3.95
114,1780554218323170560,1780554219323170560,Effective Decode Throughput Per User,tokens/sec/user,p99,3.95
114,1780554218323170560,1780554219323170560,Effective Decode Throughput Per User,tokens/sec/user,std,0.00
114,1780554218323170560,1780554219323170560,Effective Prefill Concurrency,requests,avg,2.64
114,1780554218323170560,1780554219323170560,Effective Prefill Concurrency,requests,min,2.00
114,1780554218323170560,1780554219323170560,Effective Prefill Concurrency,requests,max,3.00
114,1780554218323170560,1780554219323170560,Effective Prefill Concurrency,requests,p50,3.00
114,1780554218323170560,1780554219323170560,Effective Prefill Concurrency,requests,p90,3.00
114,1780554218323170560,1780554219323170560,Effective Prefill Concurrency,requests,p95,3.00
114,1780554218323170560,1780554219323170560,Effective Prefill Concurrency,requests,p99,3.00
114,1780554218323170560,1780554219323170560,Effective Prefill Concurrency,requests,std,0.48
114,1780554218323170560,1780554219323170560,Effective Prefill Throughput,tokens/sec,avg,8567.48
114,1780554218323170560,1780554219323170560,Effective Prefill Throughput,tokens/sec,min,7005.56
114,1780554218323170560,1780554219323170560,Effective Prefill Throughput,tokens/sec,max,9444.76
114,1780554218323170560,1780554219323170560,Effective Prefill Throughput,tokens/sec,p50,9444.76
114,1780554218323170560,1780554219323170560,Effective Prefill Throughput,tokens/sec,p90,9444.76
114,1780554218323170560,1780554219323170560,Effective Prefill Throughput,tokens/sec,p95,9444.76
114,1780554218323170560,1780554219323170560,Effective Prefill Throughput,tokens/sec,p99,9444.76
114,1780554218323170560,1780554219323170560,Effective Prefill Throughput,tokens/sec,std,1170.58
114,1780554218323170560,1780554219323170560,Effective Prefill Throughput Per User,tokens/sec/user,avg,3275.76
114,1780554218323170560,1780554219323170560,Effective Prefill Throughput Per User,tokens/sec/user,min,3148.25
114,1780554218323170560,1780554219323170560,Effective Prefill Throughput Per User,tokens/sec/user,max,3502.78
114,1780554218323170560,1780554219323170560,Effective Prefill Throughput Per User,tokens/sec/user,p50,3148.25
114,1780554218323170560,1780554219323170560,Effective Prefill Throughput Per User,tokens/sec/user,p90,3502.78
114,1780554218323170560,1780554219323170560,Effective Prefill Throughput Per User,tokens/sec/user,p95,3502.78
114,1780554218323170560,1780554219323170560,Effective Prefill Throughput Per User,tokens/sec/user,p99,3502.78
114,1780554218323170560,1780554219323170560,Effective Prefill Throughput Per User,tokens/sec/user,std,170.14
114,1780554218323170560,1780554219323170560,Effective Total Throughput,tokens/sec,avg,8643.82
114,1780554218323170560,1780554219323170560,Effective Total Throughput,tokens/sec,min,7081.90
114,1780554218323170560,1780554219323170560,Effective Total Throughput,tokens/sec,max,9521.11
114,1780554218323170560,1780554219323170560,Effective Total Throughput,tokens/sec,p50,9521.11
114,1780554218323170560,1780554219323170560,Effective Total Throughput,tokens/sec,p90,9521.11
114,1780554218323170560,1780554219323170560,Effective Total Throughput,tokens/sec,p95,9521.11
114,1780554218323170560,1780554219323170560,Effective Total Throughput,tokens/sec,p99,9521.11
114,1780554218323170560,1780554219323170560,Effective Total Throughput,tokens/sec,std,1170.58
114,1780554218323170560,1780554219323170560,HTTP Blocked,ms,avg,0.00
114,1780554218323170560,1780554219323170560,HTTP Blocked,ms,min,0.00
114,1780554218323170560,1780554219323170560,HTTP Blocked,ms,max,0.00
114,1780554218323170560,1780554219323170560,HTTP Blocked,ms,sum,0.00
114,1780554218323170560,1780554219323170560,HTTP Blocked,ms,p1,0.00
114,1780554218323170560,1780554219323170560,HTTP Blocked,ms,p5,0.00
114,1780554218323170560,1780554219323170560,HTTP Blocked,ms,p10,0.00
114,1780554218323170560,1780554219323170560,HTTP Blocked,ms,p25,0.00
114,1780554218323170560,1780554219323170560,HTTP Blocked,ms,p50,0.00
114,1780554218323170560,1780554219323170560,HTTP Blocked,ms,p75,0.00
114,1780554218323170560,1780554219323170560,HTTP Blocked,ms,p90,0.00
114,1780554218323170560,1780554219323170560,HTTP Blocked,ms,p95,0.00
114,1780554218323170560,1780554219323170560,HTTP Blocked,ms,p99,0.00
114,1780554218323170560,1780554219323170560,HTTP Blocked,ms,std,0.00
114,1780554218323170560,1780554219323170560,HTTP Chunks Received,count,avg,298.00
114,1780554218323170560,1780554219323170560,HTTP Chunks Received,count,min,298.00
114,1780554218323170560,1780554219323170560,HTTP Chunks Received,count,max,298.00
114,1780554218323170560,1780554219323170560,HTTP Chunks Received,count,sum,298.00
114,1780554218323170560,1780554219323170560,HTTP Chunks Received,count,p1,298.00
114,1780554218323170560,1780554219323170560,HTTP Chunks Received,count,p5,298.00
114,1780554218323170560,1780554219323170560,HTTP Chunks Received,count,p10,298.00
114,1780554218323170560,1780554219323170560,HTTP Chunks Received,count,p25,298.00
114,1780554218323170560,1780554219323170560,HTTP Chunks Received,count,p50,298.00
114,1780554218323170560,1780554219323170560,HTTP Chunks Received,count,p75,298.00
114,1780554218323170560,1780554219323170560,HTTP Chunks Received,count,p90,298.00
114,1780554218323170560,1780554219323170560,HTTP Chunks Received,count,p95,298.00
114,1780554218323170560,1780554219323170560,HTTP Chunks Received,count,p99,298.00
114,1780554218323170560,1780554219323170560,HTTP Chunks Received,count,std,0.00
114,1780554218323170560,1780554219323170560,HTTP Chunks Sent,count,avg,1.00
114,1780554218323170560,1780554219323170560,HTTP Chunks Sent,count,min,1.00
114,1780554218323170560,1780554219323170560,HTTP Chunks Sent,count,max,1.00
114,1780554218323170560,1780554219323170560,HTTP Chunks Sent,count,sum,1.00
114,1780554218323170560,1780554219323170560,HTTP Chunks Sent,count,p1,1.00
114,1780554218323170560,1780554219323170560,HTTP Chunks Sent,count,p5,1.00
114,1780554218323170560,1780554219323170560,HTTP Chunks Sent,count,p10,1.00
114,1780554218323170560,1780554219323170560,HTTP Chunks Sent,count,p25,1.00
114,1780554218323170560,1780554219323170560,HTTP Chunks Sent,count,p50,1.00
114,1780554218323170560,1780554219323170560,HTTP Chunks Sent,count,p75,1.00
114,1780554218323170560,1780554219323170560,HTTP Chunks Sent,count,p90,1.00
114,1780554218323170560,1780554219323170560,HTTP Chunks Sent,count,p95,1.00
114,1780554218323170560,1780554219323170560,HTTP Chunks Sent,count,p99,1.00
114,1780554218323170560,1780554219323170560,HTTP Chunks Sent,count,std,0.00
114,1780554218323170560,1780554219323170560,HTTP Connecting,ms,avg,0.00
114,1780554218323170560,1780554219323170560,HTTP Connecting,ms,min,0.00
114,1780554218323170560,1780554219323170560,HTTP Connecting,ms,max,0.00
114,1780554218323170560,1780554219323170560,HTTP Connecting,ms,sum,0.00
114,1780554218323170560,1780554219323170560,HTTP Connecting,ms,p1,0.00
114,1780554218323170560,1780554219323170560,HTTP Connecting,ms,p5,0.00
114,1780554218323170560,1780554219323170560,HTTP Connecting,ms,p10,0.00
114,1780554218323170560,1780554219323170560,HTTP Connecting,ms,p25,0.00
114,1780554218323170560,1780554219323170560,HTTP Connecting,ms,p50,0.00
114,1780554218323170560,1780554219323170560,HTTP Connecting,ms,p75,0.00
114,1780554218323170560,1780554219323170560,HTTP Connecting,ms,p90,0.00
114,1780554218323170560,1780554219323170560,HTTP Connecting,ms,p95,0.00
114,1780554218323170560,1780554219323170560,HTTP Connecting,ms,p99,0.00
114,1780554218323170560,1780554219323170560,HTTP Connecting,ms,std,0.00
114,1780554218323170560,1780554219323170560,HTTP Connection Overhead,ms,avg,0.00
114,1780554218323170560,1780554219323170560,HTTP Connection Overhead,ms,min,0.00
114,1780554218323170560,1780554219323170560,HTTP Connection Overhead,ms,max,0.00
114,1780554218323170560,1780554219323170560,HTTP Connection Overhead,ms,sum,0.00
114,1780554218323170560,1780554219323170560,HTTP Connection Overhead,ms,p1,0.00
114,1780554218323170560,1780554219323170560,HTTP Connection Overhead,ms,p5,0.00
114,1780554218323170560,1780554219323170560,HTTP Connection Overhead,ms,p10,0.00
114,1780554218323170560,1780554219323170560,HTTP Connection Overhead,ms,p25,0.00
114,1780554218323170560,1780554219323170560,HTTP Connection Overhead,ms,p50,0.00
114,1780554218323170560,1780554219323170560,HTTP Connection Overhead,ms,p75,0.00
114,1780554218323170560,1780554219323170560,HTTP Connection Overhead,ms,p90,0.00
114,1780554218323170560,1780554219323170560,HTTP Connection Overhead,ms,p95,0.00
114,1780554218323170560,1780554219323170560,HTTP Connection Overhead,ms,p99,0.00
114,1780554218323170560,1780554219323170560,HTTP Connection Overhead,ms,std,0.00
114,1780554218323170560,1780554219323170560,HTTP Connection Reused,ratio,avg,1.00
114,1780554218323170560,1780554219323170560,HTTP Connection Reused,ratio,min,1.00
114,1780554218323170560,1780554219323170560,HTTP Connection Reused,ratio,max,1.00
114,1780554218323170560,1780554219323170560,HTTP Connection Reused,ratio,sum,1.00
114,1780554218323170560,1780554219323170560,HTTP Connection Reused,ratio,p1,1.00
114,1780554218323170560,1780554219323170560,HTTP Connection Reused,ratio,p5,1.00
114,1780554218323170560,1780554219323170560,HTTP Connection Reused,ratio,p10,1.00
114,1780554218323170560,1780554219323170560,HTTP Connection Reused,ratio,p25,1.00
114,1780554218323170560,1780554219323170560,HTTP Connection Reused,ratio,p50,1.00
114,1780554218323170560,1780554219323170560,HTTP Connection Reused,ratio,p75,1.00
114,1780554218323170560,1780554219323170560,HTTP Connection Reused,ratio,p90,1.00
114,1780554218323170560,1780554219323170560,HTTP Connection Reused,ratio,p95,1.00
114,1780554218323170560,1780554219323170560,HTTP Connection Reused,ratio,p99,1.00
114,1780554218323170560,1780554219323170560,HTTP Connection Reused,ratio,std,0.00
114,1780554218323170560,1780554219323170560,HTTP Data Received,KB,avg,74.63
114,1780554218323170560,1780554219323170560,HTTP Data Received,KB,min,74.63
114,1780554218323170560,1780554219323170560,HTTP Data Received,KB,max,74.63
114,1780554218323170560,1780554219323170560,HTTP Data Received,KB,sum,74.63
114,1780554218323170560,1780554219323170560,HTTP Data Received,KB,p1,74.63
114,1780554218323170560,1780554219323170560,HTTP Data Received,KB,p5,74.63
114,1780554218323170560,1780554219323170560,HTTP Data Received,KB,p10,74.63
114,1780554218323170560,1780554219323170560,HTTP Data Received,KB,p25,74.63
114,1780554218323170560,1780554219323170560,HTTP Data Received,KB,p50,74.63
114,1780554218323170560,1780554219323170560,HTTP Data Received,KB,p75,74.63
114,1780554218323170560,1780554219323170560,HTTP Data Received,KB,p90,74.63
114,1780554218323170560,1780554219323170560,HTTP Data Received,KB,p95,74.63
114,1780554218323170560,1780554219323170560,HTTP Data Received,KB,p99,74.63
114,1780554218323170560,1780554219323170560,HTTP Data Received,KB,std,0.00
114,1780554218323170560,1780554219323170560,HTTP Data Sent,KB,avg,338.83
114,1780554218323170560,1780554219323170560,HTTP Data Sent,KB,min,338.83
114,1780554218323170560,1780554219323170560,HTTP Data Sent,KB,max,338.83
114,1780554218323170560,1780554219323170560,HTTP Data Sent,KB,sum,338.83
114,1780554218323170560,1780554219323170560,HTTP Data Sent,KB,p1,338.83
114,1780554218323170560,1780554219323170560,HTTP Data Sent,KB,p5,338.83
114,1780554218323170560,1780554219323170560,HTTP Data Sent,KB,p10,338.83
114,1780554218323170560,1780554219323170560,HTTP Data Sent,KB,p25,338.83
114,1780554218323170560,1780554219323170560,HTTP Data Sent,KB,p50,338.83
114,1780554218323170560,1780554219323170560,HTTP Data Sent,KB,p75,338.83
114,1780554218323170560,1780554219323170560,HTTP Data Sent,KB,p90,338.83
114,1780554218323170560,1780554219323170560,HTTP Data Sent,KB,p95,338.83
114,1780554218323170560,1780554219323170560,HTTP Data Sent,KB,p99,338.83
114,1780554218323170560,1780554219323170560,HTTP Data Sent,KB,std,0.00
114,1780554218323170560,1780554219323170560,HTTP DNS Lookup,ms,avg,0.00
114,1780554218323170560,1780554219323170560,HTTP DNS Lookup,ms,min,0.00
114,1780554218323170560,1780554219323170560,HTTP DNS Lookup,ms,max,0.00
114,1780554218323170560,1780554219323170560,HTTP DNS Lookup,ms,sum,0.00
114,1780554218323170560,1780554219323170560,HTTP DNS Lookup,ms,p1,0.00
114,1780554218323170560,1780554219323170560,HTTP DNS Lookup,ms,p5,0.00
114,1780554218323170560,1780554219323170560,HTTP DNS Lookup,ms,p10,0.00
114,1780554218323170560,1780554219323170560,HTTP DNS Lookup,ms,p25,0.00
114,1780554218323170560,1780554219323170560,HTTP DNS Lookup,ms,p50,0.00
114,1780554218323170560,1780554219323170560,HTTP DNS Lookup,ms,p75,0.00
114,1780554218323170560,1780554219323170560,HTTP DNS Lookup,ms,p90,0.00
114,1780554218323170560,1780554219323170560,HTTP DNS Lookup,ms,p95,0.00
114,1780554218323170560,1780554219323170560,HTTP DNS Lookup,ms,p99,0.00
114,1780554218323170560,1780554219323170560,HTTP DNS Lookup,ms,std,0.00
114,1780554218323170560,1780554219323170560,HTTP Duration (excl. conn),ms,avg,52943.90
114,1780554218323170560,1780554219323170560,HTTP Duration (excl. conn),ms,min,52943.90
114,1780554218323170560,1780554219323170560,HTTP Duration (excl. conn),ms,max,52943.90
114,1780554218323170560,1780554219323170560,HTTP Duration (excl. conn),ms,sum,52943.90
114,1780554218323170560,1780554219323170560,HTTP Duration (excl. conn),ms,p1,52943.90
114,1780554218323170560,1780554219323170560,HTTP Duration (excl. conn),ms,p5,52943.90
114,1780554218323170560,1780554219323170560,HTTP Duration (excl. conn),ms,p10,52943.90
114,1780554218323170560,1780554219323170560,HTTP Duration (excl. conn),ms,p25,52943.90
114,1780554218323170560,1780554219323170560,HTTP Duration (excl. conn),ms,p50,52943.90
114,1780554218323170560,1780554219323170560,HTTP Duration (excl. conn),ms,p75,52943.90
114,1780554218323170560,1780554219323170560,HTTP Duration (excl. conn),ms,p90,52943.90
114,1780554218323170560,1780554219323170560,HTTP Duration (excl. conn),ms,p95,52943.90
114,1780554218323170560,1780554219323170560,HTTP Duration (excl. conn),ms,p99,52943.90
114,1780554218323170560,1780554219323170560,HTTP Duration (excl. conn),ms,std,0.00
114,1780554218323170560,1780554219323170560,HTTP Receiving,ms,avg,17034.33
114,1780554218323170560,1780554219323170560,HTTP Receiving,ms,min,17034.33
114,1780554218323170560,1780554219323170560,HTTP Receiving,ms,max,17034.33
114,1780554218323170560,1780554219323170560,HTTP Receiving,ms,sum,17034.33
114,1780554218323170560,1780554219323170560,HTTP Receiving,ms,p1,17034.33
114,1780554218323170560,1780554219323170560,HTTP Receiving,ms,p5,17034.33
114,1780554218323170560,1780554219323170560,HTTP Receiving,ms,p10,17034.33
114,1780554218323170560,1780554219323170560,HTTP Receiving,ms,p25,17034.33
114,1780554218323170560,1780554219323170560,HTTP Receiving,ms,p50,17034.33
114,1780554218323170560,1780554219323170560,HTTP Receiving,ms,p75,17034.33
114,1780554218323170560,1780554219323170560,HTTP Receiving,ms,p90,17034.33
114,1780554218323170560,1780554219323170560,HTTP Receiving,ms,p95,17034.33
114,1780554218323170560,1780554219323170560,HTTP Receiving,ms,p99,17034.33
114,1780554218323170560,1780554219323170560,HTTP Receiving,ms,std,0.00
114,1780554218323170560,1780554219323170560,HTTP Sending,ms,avg,0.24
114,1780554218323170560,1780554219323170560,HTTP Sending,ms,min,0.24
114,1780554218323170560,1780554219323170560,HTTP Sending,ms,max,0.24
114,1780554218323170560,1780554219323170560,HTTP Sending,ms,sum,0.24
114,1780554218323170560,1780554219323170560,HTTP Sending,ms,p1,0.24
114,1780554218323170560,1780554219323170560,HTTP Sending,ms,p5,0.24
114,1780554218323170560,1780554219323170560,HTTP Sending,ms,p10,0.24
114,1780554218323170560,1780554219323170560,HTTP Sending,ms,p25,0.24
114,1780554218323170560,1780554219323170560,HTTP Sending,ms,p50,0.24
114,1780554218323170560,1780554219323170560,HTTP Sending,ms,p75,0.24
114,1780554218323170560,1780554219323170560,HTTP Sending,ms,p90,0.24
114,1780554218323170560,1780554219323170560,HTTP Sending,ms,p95,0.24
114,1780554218323170560,1780554219323170560,HTTP Sending,ms,p99,0.24
114,1780554218323170560,1780554219323170560,HTTP Sending,ms,std,0.00
114,1780554218323170560,1780554219323170560,HTTP Total Time,ms,avg,52943.90
114,1780554218323170560,1780554219323170560,HTTP Total Time,ms,min,52943.90
114,1780554218323170560,1780554219323170560,HTTP Total Time,ms,max,52943.90
114,1780554218323170560,1780554219323170560,HTTP Total Time,ms,sum,52943.90
114,1780554218323170560,1780554219323170560,HTTP Total Time,ms,p1,52943.90
114,1780554218323170560,1780554219323170560,HTTP Total Time,ms,p5,52943.90
114,1780554218323170560,1780554219323170560,HTTP Total Time,ms,p10,52943.90
114,1780554218323170560,1780554219323170560,HTTP Total Time,ms,p25,52943.90
114,1780554218323170560,1780554219323170560,HTTP Total Time,ms,p50,52943.90
114,1780554218323170560,1780554219323170560,HTTP Total Time,ms,p75,52943.90
114,1780554218323170560,1780554219323170560,HTTP Total Time,ms,p90,52943.90
114,1780554218323170560,1780554219323170560,HTTP Total Time,ms,p95,52943.90
114,1780554218323170560,1780554219323170560,HTTP Total Time,ms,p99,52943.90
114,1780554218323170560,1780554219323170560,HTTP Total Time,ms,std,0.00
114,1780554218323170560,1780554219323170560,HTTP Waiting (TTFB),ms,avg,35909.32
114,1780554218323170560,1780554219323170560,HTTP Waiting (TTFB),ms,min,35909.32
114,1780554218323170560,1780554219323170560,HTTP Waiting (TTFB),ms,max,35909.32
114,1780554218323170560,1780554219323170560,HTTP Waiting (TTFB),ms,sum,35909.32
114,1780554218323170560,1780554219323170560,HTTP Waiting (TTFB),ms,p1,35909.32
114,1780554218323170560,1780554219323170560,HTTP Waiting (TTFB),ms,p5,35909.32
114,1780554218323170560,1780554219323170560,HTTP Waiting (TTFB),ms,p10,35909.32
114,1780554218323170560,1780554219323170560,HTTP Waiting (TTFB),ms,p25,35909.32
114,1780554218323170560,1780554219323170560,HTTP Waiting (TTFB),ms,p50,35909.32
114,1780554218323170560,1780554219323170560,HTTP Waiting (TTFB),ms,p75,35909.32
114,1780554218323170560,1780554219323170560,HTTP Waiting (TTFB),ms,p90,35909.32
114,1780554218323170560,1780554219323170560,HTTP Waiting (TTFB),ms,p95,35909.32
114,1780554218323170560,1780554219323170560,HTTP Waiting (TTFB),ms,p99,35909.32
114,1780554218323170560,1780554219323170560,HTTP Waiting (TTFB),ms,std,0.00
114,1780554218323170560,1780554219323170560,Input Sequence Length,tokens,avg,87591.00
114,1780554218323170560,1780554219323170560,Input Sequence Length,tokens,min,87591.00
114,1780554218323170560,1780554219323170560,Input Sequence Length,tokens,max,87591.00
114,1780554218323170560,1780554219323170560,Input Sequence Length,tokens,sum,87591.00
114,1780554218323170560,1780554219323170560,Input Sequence Length,tokens,p1,87591.00
114,1780554218323170560,1780554219323170560,Input Sequence Length,tokens,p5,87591.00
114,1780554218323170560,1780554219323170560,Input Sequence Length,tokens,p10,87591.00
114,1780554218323170560,1780554219323170560,Input Sequence Length,tokens,p25,87591.00
114,1780554218323170560,1780554219323170560,Input Sequence Length,tokens,p50,87591.00
114,1780554218323170560,1780554219323170560,Input Sequence Length,tokens,p75,87591.00
114,1780554218323170560,1780554219323170560,Input Sequence Length,tokens,p90,87591.00
114,1780554218323170560,1780554219323170560,Input Sequence Length,tokens,p95,87591.00
114,1780554218323170560,1780554219323170560,Input Sequence Length,tokens,p99,87591.00
114,1780554218323170560,1780554219323170560,Input Sequence Length,tokens,std,0.00
114,1780554218323170560,1780554219323170560,Input Token Throughput,tokens/sec,avg,87591.00
114,1780554218323170560,1780554219323170560,Inter Chunk Latency,ms,avg,68.24
114,1780554218323170560,1780554219323170560,Inter Chunk Latency,ms,min,68.23
114,1780554218323170560,1780554219323170560,Inter Chunk Latency,ms,max,68.24
114,1780554218323170560,1780554219323170560,Inter Chunk Latency,ms,sum,20265.92
114,1780554218323170560,1780554219323170560,Inter Chunk Latency,ms,p1,68.23
114,1780554218323170560,1780554219323170560,Inter Chunk Latency,ms,p5,68.23
114,1780554218323170560,1780554219323170560,Inter Chunk Latency,ms,p10,68.23
114,1780554218323170560,1780554219323170560,Inter Chunk Latency,ms,p25,68.23
114,1780554218323170560,1780554219323170560,Inter Chunk Latency,ms,p50,68.24
114,1780554218323170560,1780554219323170560,Inter Chunk Latency,ms,p75,68.24
114,1780554218323170560,1780554219323170560,Inter Chunk Latency,ms,p90,68.24
114,1780554218323170560,1780554219323170560,Inter Chunk Latency,ms,p95,68.24
114,1780554218323170560,1780554219323170560,Inter Chunk Latency,ms,p99,68.24
114,1780554218323170560,1780554219323170560,Inter Chunk Latency,ms,std,0.00
114,1780554218323170560,1780554219323170560,Inter Token Latency,ms,avg,57.16
114,1780554218323170560,1780554219323170560,Inter Token Latency,ms,min,57.16
114,1780554218323170560,1780554219323170560,Inter Token Latency,ms,max,57.16
114,1780554218323170560,1780554219323170560,Inter Token Latency,ms,sum,57.16
114,1780554218323170560,1780554219323170560,Inter Token Latency,ms,p1,57.16
114,1780554218323170560,1780554219323170560,Inter Token Latency,ms,p5,57.16
114,1780554218323170560,1780554219323170560,Inter Token Latency,ms,p10,57.16
114,1780554218323170560,1780554219323170560,Inter Token Latency,ms,p25,57.16
114,1780554218323170560,1780554219323170560,Inter Token Latency,ms,p50,57.16
114,1780554218323170560,1780554219323170560,Inter Token Latency,ms,p75,57.16
114,1780554218323170560,1780554219323170560,Inter Token Latency,ms,p90,57.16
114,1780554218323170560,1780554219323170560,Inter Token Latency,ms,p95,57.16
114,1780554218323170560,1780554219323170560,Inter Token Latency,ms,p99,57.16
114,1780554218323170560,1780554219323170560,Inter Token Latency,ms,std,0.00
114,1780554218323170560,1780554219323170560,Maximum Response Timestamp,ns,avg,1780554271626836224.00
114,1780554218323170560,1780554219323170560,Minimum Request Timestamp,ns,avg,1780554218682830592.00
114,1780554218323170560,1780554219323170560,OSL Mismatch Count,requests,avg,0.00
114,1780554218323170560,1780554219323170560,OSL Mismatch Diff %,%,avg,0.00
114,1780554218323170560,1780554219323170560,OSL Mismatch Diff %,%,min,0.00
114,1780554218323170560,1780554219323170560,OSL Mismatch Diff %,%,max,0.00
114,1780554218323170560,1780554219323170560,OSL Mismatch Diff %,%,sum,0.00
114,1780554218323170560,1780554219323170560,OSL Mismatch Diff %,%,p1,0.00
114,1780554218323170560,1780554219323170560,OSL Mismatch Diff %,%,p5,0.00
114,1780554218323170560,1780554219323170560,OSL Mismatch Diff %,%,p10,0.00
114,1780554218323170560,1780554219323170560,OSL Mismatch Diff %,%,p25,0.00
114,1780554218323170560,1780554219323170560,OSL Mismatch Diff %,%,p50,0.00
114,1780554218323170560,1780554219323170560,OSL Mismatch Diff %,%,p75,0.00
114,1780554218323170560,1780554219323170560,OSL Mismatch Diff %,%,p90,0.00
114,1780554218323170560,1780554219323170560,OSL Mismatch Diff %,%,p95,0.00
114,1780554218323170560,1780554219323170560,OSL Mismatch Diff %,%,p99,0.00
114,1780554218323170560,1780554219323170560,OSL Mismatch Diff %,%,std,0.00
114,1780554218323170560,1780554219323170560,Output Sequence Length,tokens,avg,299.00
114,1780554218323170560,1780554219323170560,Output Sequence Length,tokens,min,299.00
114,1780554218323170560,1780554219323170560,Output Sequence Length,tokens,max,299.00
114,1780554218323170560,1780554219323170560,Output Sequence Length,tokens,sum,299.00
114,1780554218323170560,1780554219323170560,Output Sequence Length,tokens,p1,299.00
114,1780554218323170560,1780554219323170560,Output Sequence Length,tokens,p5,299.00
114,1780554218323170560,1780554219323170560,Output Sequence Length,tokens,p10,299.00
114,1780554218323170560,1780554219323170560,Output Sequence Length,tokens,p25,299.00
114,1780554218323170560,1780554219323170560,Output Sequence Length,tokens,p50,299.00
114,1780554218323170560,1780554219323170560,Output Sequence Length,tokens,p75,299.00
114,1780554218323170560,1780554219323170560,Output Sequence Length,tokens,p90,299.00
114,1780554218323170560,1780554219323170560,Output Sequence Length,tokens,p95,299.00
114,1780554218323170560,1780554219323170560,Output Sequence Length,tokens,p99,299.00
114,1780554218323170560,1780554219323170560,Output Sequence Length,tokens,std,0.00
114,1780554218323170560,1780554219323170560,Output Token Count,tokens,avg,299.00
114,1780554218323170560,1780554219323170560,Output Token Count,tokens,min,299.00
114,1780554218323170560,1780554219323170560,Output Token Count,tokens,max,299.00
114,1780554218323170560,1780554219323170560,Output Token Count,tokens,sum,299.00
114,1780554218323170560,1780554219323170560,Output Token Count,tokens,p1,299.00
114,1780554218323170560,1780554219323170560,Output Token Count,tokens,p5,299.00
114,1780554218323170560,1780554219323170560,Output Token Count,tokens,p10,299.00
114,1780554218323170560,1780554219323170560,Output Token Count,tokens,p25,299.00
114,1780554218323170560,1780554219323170560,Output Token Count,tokens,p50,299.00
114,1780554218323170560,1780554219323170560,Output Token Count,tokens,p75,299.00
114,1780554218323170560,1780554219323170560,Output Token Count,tokens,p90,299.00
114,1780554218323170560,1780554219323170560,Output Token Count,tokens,p95,299.00
114,1780554218323170560,1780554219323170560,Output Token Count,tokens,p99,299.00
114,1780554218323170560,1780554219323170560,Output Token Count,tokens,std,0.00
114,1780554218323170560,1780554219323170560,Output Token Throughput,tokens/sec,avg,299.00
114,1780554218323170560,1780554219323170560,Output Token Throughput Per User,tokens/sec/user,avg,17.49
114,1780554218323170560,1780554219323170560,Output Token Throughput Per User,tokens/sec/user,min,17.49
114,1780554218323170560,1780554219323170560,Output Token Throughput Per User,tokens/sec/user,max,17.49
114,1780554218323170560,1780554219323170560,Output Token Throughput Per User,tokens/sec/user,sum,17.49
114,1780554218323170560,1780554219323170560,Output Token Throughput Per User,tokens/sec/user,p1,17.49
114,1780554218323170560,1780554219323170560,Output Token Throughput Per User,tokens/sec/user,p5,17.49
114,1780554218323170560,1780554219323170560,Output Token Throughput Per User,tokens/sec/user,p10,17.49
114,1780554218323170560,1780554219323170560,Output Token Throughput Per User,tokens/sec/user,p25,17.49
114,1780554218323170560,1780554219323170560,Output Token Throughput Per User,tokens/sec/user,p50,17.49
114,1780554218323170560,1780554219323170560,Output Token Throughput Per User,tokens/sec/user,p75,17.49
114,1780554218323170560,1780554219323170560,Output Token Throughput Per User,tokens/sec/user,p90,17.49
114,1780554218323170560,1780554219323170560,Output Token Throughput Per User,tokens/sec/user,p95,17.49
114,1780554218323170560,1780554219323170560,Output Token Throughput Per User,tokens/sec/user,p99,17.49
114,1780554218323170560,1780554219323170560,Output Token Throughput Per User,tokens/sec/user,std,0.00
114,1780554218323170560,1780554219323170560,Prefill Throughput Per User,tokens/sec/user,avg,2439.20
114,1780554218323170560,1780554219323170560,Prefill Throughput Per User,tokens/sec/user,min,2439.20
114,1780554218323170560,1780554219323170560,Prefill Throughput Per User,tokens/sec/user,max,2439.20
114,1780554218323170560,1780554219323170560,Prefill Throughput Per User,tokens/sec/user,sum,2439.20
114,1780554218323170560,1780554219323170560,Prefill Throughput Per User,tokens/sec/user,p1,2439.20
114,1780554218323170560,1780554219323170560,Prefill Throughput Per User,tokens/sec/user,p5,2439.20
114,1780554218323170560,1780554219323170560,Prefill Throughput Per User,tokens/sec/user,p10,2439.20
114,1780554218323170560,1780554219323170560,Prefill Throughput Per User,tokens/sec/user,p25,2439.20
114,1780554218323170560,1780554219323170560,Prefill Throughput Per User,tokens/sec/user,p50,2439.20
114,1780554218323170560,1780554219323170560,Prefill Throughput Per User,tokens/sec/user,p75,2439.20
114,1780554218323170560,1780554219323170560,Prefill Throughput Per User,tokens/sec/user,p90,2439.20
114,1780554218323170560,1780554219323170560,Prefill Throughput Per User,tokens/sec/user,p95,2439.20
114,1780554218323170560,1780554219323170560,Prefill Throughput Per User,tokens/sec/user,p99,2439.20
114,1780554218323170560,1780554219323170560,Prefill Throughput Per User,tokens/sec/user,std,0.00
114,1780554218323170560,1780554219323170560,Request Count,requests,avg,1.00
114,1780554218323170560,1780554219323170560,Request Latency,ms,avg,52944.01
114,1780554218323170560,1780554219323170560,Request Latency,ms,min,52944.01
114,1780554218323170560,1780554219323170560,Request Latency,ms,max,52944.01
114,1780554218323170560,1780554219323170560,Request Latency,ms,sum,52944.01
114,1780554218323170560,1780554219323170560,Request Latency,ms,p1,52944.01
114,1780554218323170560,1780554219323170560,Request Latency,ms,p5,52944.01
114,1780554218323170560,1780554219323170560,Request Latency,ms,p10,52944.01
114,1780554218323170560,1780554219323170560,Request Latency,ms,p25,52944.01
114,1780554218323170560,1780554219323170560,Request Latency,ms,p50,52944.01
114,1780554218323170560,1780554219323170560,Request Latency,ms,p75,52944.01
114,1780554218323170560,1780554219323170560,Request Latency,ms,p90,52944.01
114,1780554218323170560,1780554219323170560,Request Latency,ms,p95,52944.01
114,1780554218323170560,1780554219323170560,Request Latency,ms,p99,52944.01
114,1780554218323170560,1780554219323170560,Request Latency,ms,std,0.00
114,1780554218323170560,1780554219323170560,Request Throughput,requests/sec,avg,1.00
114,1780554218323170560,1780554219323170560,Requested OSL,tokens,avg,299.00
114,1780554218323170560,1780554219323170560,Requested OSL,tokens,min,299.00
114,1780554218323170560,1780554219323170560,Requested OSL,tokens,max,299.00
114,1780554218323170560,1780554219323170560,Requested OSL,tokens,sum,299.00
114,1780554218323170560,1780554219323170560,Requested OSL,tokens,p1,299.00
114,1780554218323170560,1780554219323170560,Requested OSL,tokens,p5,299.00
114,1780554218323170560,1780554219323170560,Requested OSL,tokens,p10,299.00
114,1780554218323170560,1780554219323170560,Requested OSL,tokens,p25,299.00
114,1780554218323170560,1780554219323170560,Requested OSL,tokens,p50,299.00
114,1780554218323170560,1780554219323170560,Requested OSL,tokens,p75,299.00
114,1780554218323170560,1780554219323170560,Requested OSL,tokens,p90,299.00
114,1780554218323170560,1780554219323170560,Requested OSL,tokens,p95,299.00
114,1780554218323170560,1780554219323170560,Requested OSL,tokens,p99,299.00
114,1780554218323170560,1780554219323170560,Requested OSL,tokens,std,0.00
114,1780554218323170560,1780554219323170560,Time to First Output Token,ms,avg,35909.68
114,1780554218323170560,1780554219323170560,Time to First Output Token,ms,min,35909.68
114,1780554218323170560,1780554219323170560,Time to First Output Token,ms,max,35909.68
114,1780554218323170560,1780554219323170560,Time to First Output Token,ms,sum,35909.68
114,1780554218323170560,1780554219323170560,Time to First Output Token,ms,p1,35909.68
114,1780554218323170560,1780554219323170560,Time to First Output Token,ms,p5,35909.68
114,1780554218323170560,1780554219323170560,Time to First Output Token,ms,p10,35909.68
114,1780554218323170560,1780554219323170560,Time to First Output Token,ms,p25,35909.68
114,1780554218323170560,1780554219323170560,Time to First Output Token,ms,p50,35909.68
114,1780554218323170560,1780554219323170560,Time to First Output Token,ms,p75,35909.68
114,1780554218323170560,1780554219323170560,Time to First Output Token,ms,p90,35909.68
114,1780554218323170560,1780554219323170560,Time to First Output Token,ms,p95,35909.68
114,1780554218323170560,1780554219323170560,Time to First Output Token,ms,p99,35909.68
114,1780554218323170560,1780554219323170560,Time to First Output Token,ms,std,0.00
114,1780554218323170560,1780554219323170560,Time to First Token,ms,avg,35909.68
114,1780554218323170560,1780554219323170560,Time to First Token,ms,min,35909.68
114,1780554218323170560,1780554219323170560,Time to First Token,ms,max,35909.68
114,1780554218323170560,1780554219323170560,Time to First Token,ms,sum,35909.68
114,1780554218323170560,1780554219323170560,Time to First Token,ms,p1,35909.68
114,1780554218323170560,1780554219323170560,Time to First Token,ms,p5,35909.68
114,1780554218323170560,1780554219323170560,Time to First Token,ms,p10,35909.68
114,1780554218323170560,1780554219323170560,Time to First Token,ms,p25,35909.68
114,1780554218323170560,1780554219323170560,Time to First Token,ms,p50,35909.68
114,1780554218323170560,1780554219323170560,Time to First Token,ms,p75,35909.68
114,1780554218323170560,1780554219323170560,Time to First Token,ms,p90,35909.68
114,1780554218323170560,1780554219323170560,Time to First Token,ms,p95,35909.68
114,1780554218323170560,1780554219323170560,Time to First Token,ms,p99,35909.68
114,1780554218323170560,1780554219323170560,Time to First Token,ms,std,0.00
114,1780554218323170560,1780554219323170560,Time to Second Token,ms,avg,7.12
114,1780554218323170560,1780554219323170560,Time to Second Token,ms,min,7.12
114,1780554218323170560,1780554219323170560,Time to Second Token,ms,max,7.12
114,1780554218323170560,1780554219323170560,Time to Second Token,ms,sum,7.12
114,1780554218323170560,1780554219323170560,Time to Second Token,ms,p1,7.12
114,1780554218323170560,1780554219323170560,Time to Second Token,ms,p5,7.12
114,1780554218323170560,1780554219323170560,Time to Second Token,ms,p10,7.12
114,1780554218323170560,1780554219323170560,Time to Second Token,ms,p25,7.12
114,1780554218323170560,1780554219323170560,Time to Second Token,ms,p50,7.12
114,1780554218323170560,1780554219323170560,Time to Second Token,ms,p75,7.12
114,1780554218323170560,1780554219323170560,Time to Second Token,ms,p90,7.12
114,1780554218323170560,1780554219323170560,Time to Second Token,ms,p95,7.12
114,1780554218323170560,1780554219323170560,Time to Second Token,ms,p99,7.12
114,1780554218323170560,1780554219323170560,Time to Second Token,ms,std,0.00
114,1780554218323170560,1780554219323170560,Tokens In Flight,tokens,avg,1431058.33
114,1780554218323170560,1780554219323170560,Tokens In Flight,tokens,min,1374949.29
114,1780554218323170560,1780554219323170560,Tokens In Flight,tokens,max,1462583.31
114,1780554218323170560,1780554219323170560,Tokens In Flight,tokens,p50,1462561.30
114,1780554218323170560,1780554219323170560,Tokens In Flight,tokens,p90,1462578.31
114,1780554218323170560,1780554219323170560,Tokens In Flight,tokens,p95,1462581.31
114,1780554218323170560,1780554219323170560,Tokens In Flight,tokens,p99,1462582.31
114,1780554218323170560,1780554219323170560,Tokens In Flight,tokens,std,42045.41
114,1780554218323170560,1780554219323170560,Total Input Sequence Length,tokens,avg,87591.00
114,1780554218323170560,1780554219323170560,Total Output Sequence Length,tokens,avg,299.00
114,1780554218323170560,1780554219323170560,Total Output Tokens,tokens,avg,299.00
114,1780554218323170560,1780554219323170560,Total Token Throughput,tokens/sec,avg,87890.00
114,1780554218323170560,1780554219323170560,Total Usage Completion Tokens,tokens,avg,299.00
114,1780554218323170560,1780554219323170560,Total Usage Prompt Tokens,tokens,avg,87591.00
114,1780554218323170560,1780554219323170560,Total Usage Total Tokens,tokens,avg,87890.00
114,1780554218323170560,1780554219323170560,Usage Completion Tokens,tokens,avg,299.00
114,1780554218323170560,1780554219323170560,Usage Completion Tokens,tokens,min,299.00
114,1780554218323170560,1780554219323170560,Usage Completion Tokens,tokens,max,299.00
114,1780554218323170560,1780554219323170560,Usage Completion Tokens,tokens,sum,299.00
114,1780554218323170560,1780554219323170560,Usage Completion Tokens,tokens,p1,299.00
114,1780554218323170560,1780554219323170560,Usage Completion Tokens,tokens,p5,299.00
114,1780554218323170560,1780554219323170560,Usage Completion Tokens,tokens,p10,299.00
114,1780554218323170560,1780554219323170560,Usage Completion Tokens,tokens,p25,299.00
114,1780554218323170560,1780554219323170560,Usage Completion Tokens,tokens,p50,299.00
114,1780554218323170560,1780554219323170560,Usage Completion Tokens,tokens,p75,299.00
114,1780554218323170560,1780554219323170560,Usage Completion Tokens,tokens,p90,299.00
114,1780554218323170560,1780554219323170560,Usage Completion Tokens,tokens,p95,299.00
114,1780554218323170560,1780554219323170560,Usage Completion Tokens,tokens,p99,299.00
114,1780554218323170560,1780554219323170560,Usage Completion Tokens,tokens,std,0.00
114,1780554218323170560,1780554219323170560,Usage Prompt Tokens,tokens,avg,87591.00
114,1780554218323170560,1780554219323170560,Usage Prompt Tokens,tokens,min,87591.00
114,1780554218323170560,1780554219323170560,Usage Prompt Tokens,tokens,max,87591.00
114,1780554218323170560,1780554219323170560,Usage Prompt Tokens,tokens,sum,87591.00
114,1780554218323170560,1780554219323170560,Usage Prompt Tokens,tokens,p1,87591.00
114,1780554218323170560,1780554219323170560,Usage Prompt Tokens,tokens,p5,87591.00
114,1780554218323170560,1780554219323170560,Usage Prompt Tokens,tokens,p10,87591.00
114,1780554218323170560,1780554219323170560,Usage Prompt Tokens,tokens,p25,87591.00
114,1780554218323170560,1780554219323170560,Usage Prompt Tokens,tokens,p50,87591.00
114,1780554218323170560,1780554219323170560,Usage Prompt Tokens,tokens,p75,87591.00
114,1780554218323170560,1780554219323170560,Usage Prompt Tokens,tokens,p90,87591.00
114,1780554218323170560,1780554219323170560,Usage Prompt Tokens,tokens,p95,87591.00
114,1780554218323170560,1780554219323170560,Usage Prompt Tokens,tokens,p99,87591.00
114,1780554218323170560,1780554219323170560,Usage Prompt Tokens,tokens,std,0.00
114,1780554218323170560,1780554219323170560,Usage Total Tokens,tokens,avg,87890.00
114,1780554218323170560,1780554219323170560,Usage Total Tokens,tokens,min,87890.00
114,1780554218323170560,1780554219323170560,Usage Total Tokens,tokens,max,87890.00
114,1780554218323170560,1780554219323170560,Usage Total Tokens,tokens,sum,87890.00
114,1780554218323170560,1780554219323170560,Usage Total Tokens,tokens,p1,87890.00
114,1780554218323170560,1780554219323170560,Usage Total Tokens,tokens,p5,87890.00
114,1780554218323170560,1780554219323170560,Usage Total Tokens,tokens,p10,87890.00
114,1780554218323170560,1780554219323170560,Usage Total Tokens,tokens,p25,87890.00
114,1780554218323170560,1780554219323170560,Usage Total Tokens,tokens,p50,87890.00
114,1780554218323170560,1780554219323170560,Usage Total Tokens,tokens,p75,87890.00
114,1780554218323170560,1780554219323170560,Usage Total Tokens,tokens,p90,87890.00
114,1780554218323170560,1780554219323170560,Usage Total Tokens,tokens,p95,87890.00
114,1780554218323170560,1780554219323170560,Usage Total Tokens,tokens,p99,87890.00
114,1780554218323170560,1780554219323170560,Usage Total Tokens,tokens,std,0.00
115,1780554255323170560,1780554256323170560,Active Decode Throughput,tokens/sec,avg,43.28
115,1780554255323170560,1780554256323170560,Active Decode Throughput,tokens/sec,min,28.57
115,1780554255323170560,1780554256323170560,Active Decode Throughput,tokens/sec,max,57.98
115,1780554255323170560,1780554256323170560,Active Decode Throughput,tokens/sec,p50,43.28
115,1780554255323170560,1780554256323170560,Active Decode Throughput,tokens/sec,p90,43.28
115,1780554255323170560,1780554256323170560,Active Decode Throughput,tokens/sec,p95,43.28
115,1780554255323170560,1780554256323170560,Active Decode Throughput,tokens/sec,p99,43.28
115,1780554255323170560,1780554256323170560,Active Decode Throughput,tokens/sec,std,0.02
115,1780554255323170560,1780554256323170560,Active Decode Throughput Per User,tokens/sec/user,avg,3.92
115,1780554255323170560,1780554256323170560,Active Decode Throughput Per User,tokens/sec/user,min,2.38
115,1780554255323170560,1780554256323170560,Active Decode Throughput Per User,tokens/sec/user,max,5.27
115,1780554255323170560,1780554256323170560,Active Decode Throughput Per User,tokens/sec/user,p50,3.93
115,1780554255323170560,1780554256323170560,Active Decode Throughput Per User,tokens/sec/user,p90,3.93
115,1780554255323170560,1780554256323170560,Active Decode Throughput Per User,tokens/sec/user,p95,3.93
115,1780554255323170560,1780554256323170560,Active Decode Throughput Per User,tokens/sec/user,p99,3.93
115,1780554255323170560,1780554256323170560,Active Decode Throughput Per User,tokens/sec/user,std,0.06
115,1780554255323170560,1780554256323170560,Active Prefill Throughput,tokens/sec,avg,17109.35
115,1780554255323170560,1780554256323170560,Active Prefill Throughput,tokens/sec,min,17109.35
115,1780554255323170560,1780554256323170560,Active Prefill Throughput,tokens/sec,max,17109.35
115,1780554255323170560,1780554256323170560,Active Prefill Throughput,tokens/sec,p50,17109.35
115,1780554255323170560,1780554256323170560,Active Prefill Throughput,tokens/sec,p90,17109.35
115,1780554255323170560,1780554256323170560,Active Prefill Throughput,tokens/sec,p95,17109.35
115,1780554255323170560,1780554256323170560,Active Prefill Throughput,tokens/sec,p99,17109.35
115,1780554255323170560,1780554256323170560,Active Prefill Throughput,tokens/sec,std,0.00
115,1780554255323170560,1780554256323170560,Active Prefill Throughput Per User,tokens/sec/user,avg,17109.35
115,1780554255323170560,1780554256323170560,Active Prefill Throughput Per User,tokens/sec/user,min,17109.35
115,1780554255323170560,1780554256323170560,Active Prefill Throughput Per User,tokens/sec/user,max,17109.35
115,1780554255323170560,1780554256323170560,Active Prefill Throughput Per User,tokens/sec/user,p50,17109.35
115,1780554255323170560,1780554256323170560,Active Prefill Throughput Per User,tokens/sec/user,p90,17109.35
115,1780554255323170560,1780554256323170560,Active Prefill Throughput Per User,tokens/sec/user,p95,17109.35
115,1780554255323170560,1780554256323170560,Active Prefill Throughput Per User,tokens/sec/user,p99,17109.35
115,1780554255323170560,1780554256323170560,Active Prefill Throughput Per User,tokens/sec/user,std,0.00
115,1780554255323170560,1780554256323170560,Active Total Throughput,tokens/sec,avg,9232.21
115,1780554255323170560,1780554256323170560,Active Total Throughput,tokens/sec,min,83.91
115,1780554255323170560,1780554256323170560,Active Total Throughput,tokens/sec,max,17193.26
115,1780554255323170560,1780554256323170560,Active Total Throughput,tokens/sec,p50,17193.26
115,1780554255323170560,1780554256323170560,Active Total Throughput,tokens/sec,p90,17193.26
115,1780554255323170560,1780554256323170560,Active Total Throughput,tokens/sec,p95,17193.26
115,1780554255323170560,1780554256323170560,Active Total Throughput,tokens/sec,p99,17193.26
115,1780554255323170560,1780554256323170560,Active Total Throughput,tokens/sec,std,8533.78
115,1780554255323170560,1780554256323170560,Benchmark Duration,sec,avg,126.95
115,1780554255323170560,1780554256323170560,E2E Output Token Throughput,tokens/sec/user,avg,7.06
115,1780554255323170560,1780554256323170560,E2E Output Token Throughput,tokens/sec/user,min,7.06
115,1780554255323170560,1780554256323170560,E2E Output Token Throughput,tokens/sec/user,max,7.06
115,1780554255323170560,1780554256323170560,E2E Output Token Throughput,tokens/sec/user,sum,7.06
115,1780554255323170560,1780554256323170560,E2E Output Token Throughput,tokens/sec/user,p1,7.06
115,1780554255323170560,1780554256323170560,E2E Output Token Throughput,tokens/sec/user,p5,7.06
115,1780554255323170560,1780554256323170560,E2E Output Token Throughput,tokens/sec/user,p10,7.06
115,1780554255323170560,1780554256323170560,E2E Output Token Throughput,tokens/sec/user,p25,7.06
115,1780554255323170560,1780554256323170560,E2E Output Token Throughput,tokens/sec/user,p50,7.06
115,1780554255323170560,1780554256323170560,E2E Output Token Throughput,tokens/sec/user,p75,7.06
115,1780554255323170560,1780554256323170560,E2E Output Token Throughput,tokens/sec/user,p90,7.06
115,1780554255323170560,1780554256323170560,E2E Output Token Throughput,tokens/sec/user,p95,7.06
115,1780554255323170560,1780554256323170560,E2E Output Token Throughput,tokens/sec/user,p99,7.06
115,1780554255323170560,1780554256323170560,E2E Output Token Throughput,tokens/sec/user,std,0.00
115,1780554255323170560,1780554256323170560,Effective Concurrency,requests,avg,11.57
115,1780554255323170560,1780554256323170560,Effective Concurrency,requests,min,11.00
115,1780554255323170560,1780554256323170560,Effective Concurrency,requests,max,12.00
115,1780554255323170560,1780554256323170560,Effective Concurrency,requests,p50,12.00
115,1780554255323170560,1780554256323170560,Effective Concurrency,requests,p90,12.00
115,1780554255323170560,1780554256323170560,Effective Concurrency,requests,p95,12.00
115,1780554255323170560,1780554256323170560,Effective Concurrency,requests,p99,12.00
115,1780554255323170560,1780554256323170560,Effective Concurrency,requests,std,0.49
115,1780554255323170560,1780554256323170560,Effective Decode Concurrency,requests,avg,11.04
115,1780554255323170560,1780554256323170560,Effective Decode Concurrency,requests,min,11.00
115,1780554255323170560,1780554256323170560,Effective Decode Concurrency,requests,max,12.00
115,1780554255323170560,1780554256323170560,Effective Decode Concurrency,requests,p50,11.00
115,1780554255323170560,1780554256323170560,Effective Decode Concurrency,requests,p90,11.00
115,1780554255323170560,1780554256323170560,Effective Decode Concurrency,requests,p95,11.00
115,1780554255323170560,1780554256323170560,Effective Decode Concurrency,requests,p99,12.00
115,1780554255323170560,1780554256323170560,Effective Decode Concurrency,requests,std,0.19
115,1780554255323170560,1780554256323170560,Effective Decode Throughput,tokens/sec,avg,43.28
115,1780554255323170560,1780554256323170560,Effective Decode Throughput,tokens/sec,min,28.57
115,1780554255323170560,1780554256323170560,Effective Decode Throughput,tokens/sec,max,57.98
115,1780554255323170560,1780554256323170560,Effective Decode Throughput,tokens/sec,p50,43.28
115,1780554255323170560,1780554256323170560,Effective Decode Throughput,tokens/sec,p90,43.28
115,1780554255323170560,1780554256323170560,Effective Decode Throughput,tokens/sec,p95,43.28
115,1780554255323170560,1780554256323170560,Effective Decode Throughput,tokens/sec,p99,43.28
115,1780554255323170560,1780554256323170560,Effective Decode Throughput,tokens/sec,std,0.02
115,1780554255323170560,1780554256323170560,Effective Decode Throughput Per User,tokens/sec/user,avg,3.92
115,1780554255323170560,1780554256323170560,Effective Decode Throughput Per User,tokens/sec/user,min,2.38
115,1780554255323170560,1780554256323170560,Effective Decode Throughput Per User,tokens/sec/user,max,5.27
115,1780554255323170560,1780554256323170560,Effective Decode Throughput Per User,tokens/sec/user,p50,3.93
115,1780554255323170560,1780554256323170560,Effective Decode Throughput Per User,tokens/sec/user,p90,3.93
115,1780554255323170560,1780554256323170560,Effective Decode Throughput Per User,tokens/sec/user,p95,3.93
115,1780554255323170560,1780554256323170560,Effective Decode Throughput Per User,tokens/sec/user,p99,3.93
115,1780554255323170560,1780554256323170560,Effective Decode Throughput Per User,tokens/sec/user,std,0.06
115,1780554255323170560,1780554256323170560,Effective Prefill Concurrency,requests,avg,0.53
115,1780554255323170560,1780554256323170560,Effective Prefill Concurrency,requests,min,0.00
115,1780554255323170560,1780554256323170560,Effective Prefill Concurrency,requests,max,1.00
115,1780554255323170560,1780554256323170560,Effective Prefill Concurrency,requests,p50,1.00
115,1780554255323170560,1780554256323170560,Effective Prefill Concurrency,requests,p90,1.00
115,1780554255323170560,1780554256323170560,Effective Prefill Concurrency,requests,p95,1.00
115,1780554255323170560,1780554256323170560,Effective Prefill Concurrency,requests,p99,1.00
115,1780554255323170560,1780554256323170560,Effective Prefill Concurrency,requests,std,0.50
115,1780554255323170560,1780554256323170560,Effective Prefill Throughput,tokens/sec,avg,9148.03
115,1780554255323170560,1780554256323170560,Effective Prefill Throughput,tokens/sec,min,0.00
115,1780554255323170560,1780554256323170560,Effective Prefill Throughput,tokens/sec,max,17109.35
115,1780554255323170560,1780554256323170560,Effective Prefill Throughput,tokens/sec,p50,17109.35
115,1780554255323170560,1780554256323170560,Effective Prefill Throughput,tokens/sec,p90,17109.35
115,1780554255323170560,1780554256323170560,Effective Prefill Throughput,tokens/sec,p95,17109.35
115,1780554255323170560,1780554256323170560,Effective Prefill Throughput,tokens/sec,p99,17109.35
115,1780554255323170560,1780554256323170560,Effective Prefill Throughput,tokens/sec,std,8534.07
115,1780554255323170560,1780554256323170560,Effective Prefill Throughput Per User,tokens/sec/user,avg,9148.03
115,1780554255323170560,1780554256323170560,Effective Prefill Throughput Per User,tokens/sec/user,min,0.00
115,1780554255323170560,1780554256323170560,Effective Prefill Throughput Per User,tokens/sec/user,max,17109.35
115,1780554255323170560,1780554256323170560,Effective Prefill Throughput Per User,tokens/sec/user,p50,17109.35
115,1780554255323170560,1780554256323170560,Effective Prefill Throughput Per User,tokens/sec/user,p90,17109.35
115,1780554255323170560,1780554256323170560,Effective Prefill Throughput Per User,tokens/sec/user,p95,17109.35
115,1780554255323170560,1780554256323170560,Effective Prefill Throughput Per User,tokens/sec/user,p99,17109.35
115,1780554255323170560,1780554256323170560,Effective Prefill Throughput Per User,tokens/sec/user,std,8534.07
115,1780554255323170560,1780554256323170560,Effective Total Throughput,tokens/sec,avg,9232.21
115,1780554255323170560,1780554256323170560,Effective Total Throughput,tokens/sec,min,83.91
115,1780554255323170560,1780554256323170560,Effective Total Throughput,tokens/sec,max,17193.26
115,1780554255323170560,1780554256323170560,Effective Total Throughput,tokens/sec,p50,17193.26
115,1780554255323170560,1780554256323170560,Effective Total Throughput,tokens/sec,p90,17193.26
115,1780554255323170560,1780554256323170560,Effective Total Throughput,tokens/sec,p95,17193.26
115,1780554255323170560,1780554256323170560,Effective Total Throughput,tokens/sec,p99,17193.26
115,1780554255323170560,1780554256323170560,Effective Total Throughput,tokens/sec,std,8533.78
115,1780554255323170560,1780554256323170560,HTTP Blocked,ms,avg,0.00
115,1780554255323170560,1780554256323170560,HTTP Blocked,ms,min,0.00
115,1780554255323170560,1780554256323170560,HTTP Blocked,ms,max,0.00
115,1780554255323170560,1780554256323170560,HTTP Blocked,ms,sum,0.00
115,1780554255323170560,1780554256323170560,HTTP Blocked,ms,p1,0.00
115,1780554255323170560,1780554256323170560,HTTP Blocked,ms,p5,0.00
115,1780554255323170560,1780554256323170560,HTTP Blocked,ms,p10,0.00
115,1780554255323170560,1780554256323170560,HTTP Blocked,ms,p25,0.00
115,1780554255323170560,1780554256323170560,HTTP Blocked,ms,p50,0.00
115,1780554255323170560,1780554256323170560,HTTP Blocked,ms,p75,0.00
115,1780554255323170560,1780554256323170560,HTTP Blocked,ms,p90,0.00
115,1780554255323170560,1780554256323170560,HTTP Blocked,ms,p95,0.00
115,1780554255323170560,1780554256323170560,HTTP Blocked,ms,p99,0.00
115,1780554255323170560,1780554256323170560,HTTP Blocked,ms,std,0.00
115,1780554255323170560,1780554256323170560,HTTP Chunks Received,count,avg,895.00
115,1780554255323170560,1780554256323170560,HTTP Chunks Received,count,min,895.00
115,1780554255323170560,1780554256323170560,HTTP Chunks Received,count,max,895.00
115,1780554255323170560,1780554256323170560,HTTP Chunks Received,count,sum,895.00
115,1780554255323170560,1780554256323170560,HTTP Chunks Received,count,p1,895.00
115,1780554255323170560,1780554256323170560,HTTP Chunks Received,count,p5,895.00
115,1780554255323170560,1780554256323170560,HTTP Chunks Received,count,p10,895.00
115,1780554255323170560,1780554256323170560,HTTP Chunks Received,count,p25,895.00
115,1780554255323170560,1780554256323170560,HTTP Chunks Received,count,p50,895.00
115,1780554255323170560,1780554256323170560,HTTP Chunks Received,count,p75,895.00
115,1780554255323170560,1780554256323170560,HTTP Chunks Received,count,p90,895.00
115,1780554255323170560,1780554256323170560,HTTP Chunks Received,count,p95,895.00
115,1780554255323170560,1780554256323170560,HTTP Chunks Received,count,p99,895.00
115,1780554255323170560,1780554256323170560,HTTP Chunks Received,count,std,0.00
115,1780554255323170560,1780554256323170560,HTTP Chunks Sent,count,avg,1.00
115,1780554255323170560,1780554256323170560,HTTP Chunks Sent,count,min,1.00
115,1780554255323170560,1780554256323170560,HTTP Chunks Sent,count,max,1.00
115,1780554255323170560,1780554256323170560,HTTP Chunks Sent,count,sum,1.00
115,1780554255323170560,1780554256323170560,HTTP Chunks Sent,count,p1,1.00
115,1780554255323170560,1780554256323170560,HTTP Chunks Sent,count,p5,1.00
115,1780554255323170560,1780554256323170560,HTTP Chunks Sent,count,p10,1.00
115,1780554255323170560,1780554256323170560,HTTP Chunks Sent,count,p25,1.00
115,1780554255323170560,1780554256323170560,HTTP Chunks Sent,count,p50,1.00
115,1780554255323170560,1780554256323170560,HTTP Chunks Sent,count,p75,1.00
115,1780554255323170560,1780554256323170560,HTTP Chunks Sent,count,p90,1.00
115,1780554255323170560,1780554256323170560,HTTP Chunks Sent,count,p95,1.00
115,1780554255323170560,1780554256323170560,HTTP Chunks Sent,count,p99,1.00
115,1780554255323170560,1780554256323170560,HTTP Chunks Sent,count,std,0.00
115,1780554255323170560,1780554256323170560,HTTP Connecting,ms,avg,0.59
115,1780554255323170560,1780554256323170560,HTTP Connecting,ms,min,0.59
115,1780554255323170560,1780554256323170560,HTTP Connecting,ms,max,0.59
115,1780554255323170560,1780554256323170560,HTTP Connecting,ms,sum,0.59
115,1780554255323170560,1780554256323170560,HTTP Connecting,ms,p1,0.59
115,1780554255323170560,1780554256323170560,HTTP Connecting,ms,p5,0.59
115,1780554255323170560,1780554256323170560,HTTP Connecting,ms,p10,0.59
115,1780554255323170560,1780554256323170560,HTTP Connecting,ms,p25,0.59
115,1780554255323170560,1780554256323170560,HTTP Connecting,ms,p50,0.59
115,1780554255323170560,1780554256323170560,HTTP Connecting,ms,p75,0.59
115,1780554255323170560,1780554256323170560,HTTP Connecting,ms,p90,0.59
115,1780554255323170560,1780554256323170560,HTTP Connecting,ms,p95,0.59
115,1780554255323170560,1780554256323170560,HTTP Connecting,ms,p99,0.59
115,1780554255323170560,1780554256323170560,HTTP Connecting,ms,std,0.00
115,1780554255323170560,1780554256323170560,HTTP Connection Overhead,ms,avg,0.59
115,1780554255323170560,1780554256323170560,HTTP Connection Overhead,ms,min,0.59
115,1780554255323170560,1780554256323170560,HTTP Connection Overhead,ms,max,0.59
115,1780554255323170560,1780554256323170560,HTTP Connection Overhead,ms,sum,0.59
115,1780554255323170560,1780554256323170560,HTTP Connection Overhead,ms,p1,0.59
115,1780554255323170560,1780554256323170560,HTTP Connection Overhead,ms,p5,0.59
115,1780554255323170560,1780554256323170560,HTTP Connection Overhead,ms,p10,0.59
115,1780554255323170560,1780554256323170560,HTTP Connection Overhead,ms,p25,0.59
115,1780554255323170560,1780554256323170560,HTTP Connection Overhead,ms,p50,0.59
115,1780554255323170560,1780554256323170560,HTTP Connection Overhead,ms,p75,0.59
115,1780554255323170560,1780554256323170560,HTTP Connection Overhead,ms,p90,0.59
115,1780554255323170560,1780554256323170560,HTTP Connection Overhead,ms,p95,0.59
115,1780554255323170560,1780554256323170560,HTTP Connection Overhead,ms,p99,0.59
115,1780554255323170560,1780554256323170560,HTTP Connection Overhead,ms,std,0.00
115,1780554255323170560,1780554256323170560,HTTP Connection Reused,ratio,avg,0.00
115,1780554255323170560,1780554256323170560,HTTP Connection Reused,ratio,min,0.00
115,1780554255323170560,1780554256323170560,HTTP Connection Reused,ratio,max,0.00
115,1780554255323170560,1780554256323170560,HTTP Connection Reused,ratio,sum,0.00
115,1780554255323170560,1780554256323170560,HTTP Connection Reused,ratio,p1,0.00
115,1780554255323170560,1780554256323170560,HTTP Connection Reused,ratio,p5,0.00
115,1780554255323170560,1780554256323170560,HTTP Connection Reused,ratio,p10,0.00
115,1780554255323170560,1780554256323170560,HTTP Connection Reused,ratio,p25,0.00
115,1780554255323170560,1780554256323170560,HTTP Connection Reused,ratio,p50,0.00
115,1780554255323170560,1780554256323170560,HTTP Connection Reused,ratio,p75,0.00
115,1780554255323170560,1780554256323170560,HTTP Connection Reused,ratio,p90,0.00
115,1780554255323170560,1780554256323170560,HTTP Connection Reused,ratio,p95,0.00
115,1780554255323170560,1780554256323170560,HTTP Connection Reused,ratio,p99,0.00
115,1780554255323170560,1780554256323170560,HTTP Connection Reused,ratio,std,0.00
115,1780554255323170560,1780554256323170560,HTTP Data Received,KB,avg,222.73
115,1780554255323170560,1780554256323170560,HTTP Data Received,KB,min,222.73
115,1780554255323170560,1780554256323170560,HTTP Data Received,KB,max,222.73
115,1780554255323170560,1780554256323170560,HTTP Data Received,KB,sum,222.73
115,1780554255323170560,1780554256323170560,HTTP Data Received,KB,p1,222.73
115,1780554255323170560,1780554256323170560,HTTP Data Received,KB,p5,222.73
115,1780554255323170560,1780554256323170560,HTTP Data Received,KB,p10,222.73
115,1780554255323170560,1780554256323170560,HTTP Data Received,KB,p25,222.73
115,1780554255323170560,1780554256323170560,HTTP Data Received,KB,p50,222.73
115,1780554255323170560,1780554256323170560,HTTP Data Received,KB,p75,222.73
115,1780554255323170560,1780554256323170560,HTTP Data Received,KB,p90,222.73
115,1780554255323170560,1780554256323170560,HTTP Data Received,KB,p95,222.73
115,1780554255323170560,1780554256323170560,HTTP Data Received,KB,p99,222.73
115,1780554255323170560,1780554256323170560,HTTP Data Received,KB,std,0.00
115,1780554255323170560,1780554256323170560,HTTP Data Sent,KB,avg,189.45
115,1780554255323170560,1780554256323170560,HTTP Data Sent,KB,min,189.45
115,1780554255323170560,1780554256323170560,HTTP Data Sent,KB,max,189.45
115,1780554255323170560,1780554256323170560,HTTP Data Sent,KB,sum,189.45
115,1780554255323170560,1780554256323170560,HTTP Data Sent,KB,p1,189.45
115,1780554255323170560,1780554256323170560,HTTP Data Sent,KB,p5,189.45
115,1780554255323170560,1780554256323170560,HTTP Data Sent,KB,p10,189.45
115,1780554255323170560,1780554256323170560,HTTP Data Sent,KB,p25,189.45
115,1780554255323170560,1780554256323170560,HTTP Data Sent,KB,p50,189.45
115,1780554255323170560,1780554256323170560,HTTP Data Sent,KB,p75,189.45
115,1780554255323170560,1780554256323170560,HTTP Data Sent,KB,p90,189.45
115,1780554255323170560,1780554256323170560,HTTP Data Sent,KB,p95,189.45
115,1780554255323170560,1780554256323170560,HTTP Data Sent,KB,p99,189.45
115,1780554255323170560,1780554256323170560,HTTP Data Sent,KB,std,0.00
115,1780554255323170560,1780554256323170560,HTTP DNS Lookup,ms,avg,0.00
115,1780554255323170560,1780554256323170560,HTTP DNS Lookup,ms,min,0.00
115,1780554255323170560,1780554256323170560,HTTP DNS Lookup,ms,max,0.00
115,1780554255323170560,1780554256323170560,HTTP DNS Lookup,ms,sum,0.00
115,1780554255323170560,1780554256323170560,HTTP DNS Lookup,ms,p1,0.00
115,1780554255323170560,1780554256323170560,HTTP DNS Lookup,ms,p5,0.00
115,1780554255323170560,1780554256323170560,HTTP DNS Lookup,ms,p10,0.00
115,1780554255323170560,1780554256323170560,HTTP DNS Lookup,ms,p25,0.00
115,1780554255323170560,1780554256323170560,HTTP DNS Lookup,ms,p50,0.00
115,1780554255323170560,1780554256323170560,HTTP DNS Lookup,ms,p75,0.00
115,1780554255323170560,1780554256323170560,HTTP DNS Lookup,ms,p90,0.00
115,1780554255323170560,1780554256323170560,HTTP DNS Lookup,ms,p95,0.00
115,1780554255323170560,1780554256323170560,HTTP DNS Lookup,ms,p99,0.00
115,1780554255323170560,1780554256323170560,HTTP DNS Lookup,ms,std,0.00
115,1780554255323170560,1780554256323170560,HTTP Duration (excl. conn),ms,avg,126952.08
115,1780554255323170560,1780554256323170560,HTTP Duration (excl. conn),ms,min,126952.08
115,1780554255323170560,1780554256323170560,HTTP Duration (excl. conn),ms,max,126952.08
115,1780554255323170560,1780554256323170560,HTTP Duration (excl. conn),ms,sum,126952.08
115,1780554255323170560,1780554256323170560,HTTP Duration (excl. conn),ms,p1,126952.08
115,1780554255323170560,1780554256323170560,HTTP Duration (excl. conn),ms,p5,126952.08
115,1780554255323170560,1780554256323170560,HTTP Duration (excl. conn),ms,p10,126952.08
115,1780554255323170560,1780554256323170560,HTTP Duration (excl. conn),ms,p25,126952.08
115,1780554255323170560,1780554256323170560,HTTP Duration (excl. conn),ms,p50,126952.08
115,1780554255323170560,1780554256323170560,HTTP Duration (excl. conn),ms,p75,126952.08
115,1780554255323170560,1780554256323170560,HTTP Duration (excl. conn),ms,p90,126952.08
115,1780554255323170560,1780554256323170560,HTTP Duration (excl. conn),ms,p95,126952.08
115,1780554255323170560,1780554256323170560,HTTP Duration (excl. conn),ms,p99,126952.08
115,1780554255323170560,1780554256323170560,HTTP Duration (excl. conn),ms,std,0.00
115,1780554255323170560,1780554256323170560,HTTP Receiving,ms,avg,124126.12
115,1780554255323170560,1780554256323170560,HTTP Receiving,ms,min,124126.12
115,1780554255323170560,1780554256323170560,HTTP Receiving,ms,max,124126.12
115,1780554255323170560,1780554256323170560,HTTP Receiving,ms,sum,124126.12
115,1780554255323170560,1780554256323170560,HTTP Receiving,ms,p1,124126.12
115,1780554255323170560,1780554256323170560,HTTP Receiving,ms,p5,124126.12
115,1780554255323170560,1780554256323170560,HTTP Receiving,ms,p10,124126.12
115,1780554255323170560,1780554256323170560,HTTP Receiving,ms,p25,124126.12
115,1780554255323170560,1780554256323170560,HTTP Receiving,ms,p50,124126.12
115,1780554255323170560,1780554256323170560,HTTP Receiving,ms,p75,124126.12
115,1780554255323170560,1780554256323170560,HTTP Receiving,ms,p90,124126.12
115,1780554255323170560,1780554256323170560,HTTP Receiving,ms,p95,124126.12
115,1780554255323170560,1780554256323170560,HTTP Receiving,ms,p99,124126.12
115,1780554255323170560,1780554256323170560,HTTP Receiving,ms,std,0.00
115,1780554255323170560,1780554256323170560,HTTP Sending,ms,avg,0.83
115,1780554255323170560,1780554256323170560,HTTP Sending,ms,min,0.83
115,1780554255323170560,1780554256323170560,HTTP Sending,ms,max,0.83
115,1780554255323170560,1780554256323170560,HTTP Sending,ms,sum,0.83
115,1780554255323170560,1780554256323170560,HTTP Sending,ms,p1,0.83
115,1780554255323170560,1780554256323170560,HTTP Sending,ms,p5,0.83
115,1780554255323170560,1780554256323170560,HTTP Sending,ms,p10,0.83
115,1780554255323170560,1780554256323170560,HTTP Sending,ms,p25,0.83
115,1780554255323170560,1780554256323170560,HTTP Sending,ms,p50,0.83
115,1780554255323170560,1780554256323170560,HTTP Sending,ms,p75,0.83
115,1780554255323170560,1780554256323170560,HTTP Sending,ms,p90,0.83
115,1780554255323170560,1780554256323170560,HTTP Sending,ms,p95,0.83
115,1780554255323170560,1780554256323170560,HTTP Sending,ms,p99,0.83
115,1780554255323170560,1780554256323170560,HTTP Sending,ms,std,0.00
115,1780554255323170560,1780554256323170560,HTTP Total Time,ms,avg,126952.67
115,1780554255323170560,1780554256323170560,HTTP Total Time,ms,min,126952.67
115,1780554255323170560,1780554256323170560,HTTP Total Time,ms,max,126952.67
115,1780554255323170560,1780554256323170560,HTTP Total Time,ms,sum,126952.67
115,1780554255323170560,1780554256323170560,HTTP Total Time,ms,p1,126952.67
115,1780554255323170560,1780554256323170560,HTTP Total Time,ms,p5,126952.67
115,1780554255323170560,1780554256323170560,HTTP Total Time,ms,p10,126952.67
115,1780554255323170560,1780554256323170560,HTTP Total Time,ms,p25,126952.67
115,1780554255323170560,1780554256323170560,HTTP Total Time,ms,p50,126952.67
115,1780554255323170560,1780554256323170560,HTTP Total Time,ms,p75,126952.67
115,1780554255323170560,1780554256323170560,HTTP Total Time,ms,p90,126952.67
115,1780554255323170560,1780554256323170560,HTTP Total Time,ms,p95,126952.67
115,1780554255323170560,1780554256323170560,HTTP Total Time,ms,p99,126952.67
115,1780554255323170560,1780554256323170560,HTTP Total Time,ms,std,0.00
115,1780554255323170560,1780554256323170560,HTTP Waiting (TTFB),ms,avg,2825.12
115,1780554255323170560,1780554256323170560,HTTP Waiting (TTFB),ms,min,2825.12
115,1780554255323170560,1780554256323170560,HTTP Waiting (TTFB),ms,max,2825.12
115,1780554255323170560,1780554256323170560,HTTP Waiting (TTFB),ms,sum,2825.12
115,1780554255323170560,1780554256323170560,HTTP Waiting (TTFB),ms,p1,2825.12
115,1780554255323170560,1780554256323170560,HTTP Waiting (TTFB),ms,p5,2825.12
115,1780554255323170560,1780554256323170560,HTTP Waiting (TTFB),ms,p10,2825.12
115,1780554255323170560,1780554256323170560,HTTP Waiting (TTFB),ms,p25,2825.12
115,1780554255323170560,1780554256323170560,HTTP Waiting (TTFB),ms,p50,2825.12
115,1780554255323170560,1780554256323170560,HTTP Waiting (TTFB),ms,p75,2825.12
115,1780554255323170560,1780554256323170560,HTTP Waiting (TTFB),ms,p90,2825.12
115,1780554255323170560,1780554256323170560,HTTP Waiting (TTFB),ms,p95,2825.12
115,1780554255323170560,1780554256323170560,HTTP Waiting (TTFB),ms,p99,2825.12
115,1780554255323170560,1780554256323170560,HTTP Waiting (TTFB),ms,std,0.00
115,1780554255323170560,1780554256323170560,Input Sequence Length,tokens,avg,48352.00
115,1780554255323170560,1780554256323170560,Input Sequence Length,tokens,min,48352.00
115,1780554255323170560,1780554256323170560,Input Sequence Length,tokens,max,48352.00
115,1780554255323170560,1780554256323170560,Input Sequence Length,tokens,sum,48352.00
115,1780554255323170560,1780554256323170560,Input Sequence Length,tokens,p1,48352.00
115,1780554255323170560,1780554256323170560,Input Sequence Length,tokens,p5,48352.00
115,1780554255323170560,1780554256323170560,Input Sequence Length,tokens,p10,48352.00
115,1780554255323170560,1780554256323170560,Input Sequence Length,tokens,p25,48352.00
115,1780554255323170560,1780554256323170560,Input Sequence Length,tokens,p50,48352.00
115,1780554255323170560,1780554256323170560,Input Sequence Length,tokens,p75,48352.00
115,1780554255323170560,1780554256323170560,Input Sequence Length,tokens,p90,48352.00
115,1780554255323170560,1780554256323170560,Input Sequence Length,tokens,p95,48352.00
115,1780554255323170560,1780554256323170560,Input Sequence Length,tokens,p99,48352.00
115,1780554255323170560,1780554256323170560,Input Sequence Length,tokens,std,0.00
115,1780554255323170560,1780554256323170560,Input Token Throughput,tokens/sec,avg,48352.00
115,1780554255323170560,1780554256323170560,Inter Chunk Latency,ms,avg,68.38
115,1780554255323170560,1780554256323170560,Inter Chunk Latency,ms,min,68.37
115,1780554255323170560,1780554256323170560,Inter Chunk Latency,ms,max,68.40
115,1780554255323170560,1780554256323170560,Inter Chunk Latency,ms,sum,61135.31
115,1780554255323170560,1780554256323170560,Inter Chunk Latency,ms,p1,68.37
115,1780554255323170560,1780554256323170560,Inter Chunk Latency,ms,p5,68.37
115,1780554255323170560,1780554256323170560,Inter Chunk Latency,ms,p10,68.37
115,1780554255323170560,1780554256323170560,Inter Chunk Latency,ms,p25,68.37
115,1780554255323170560,1780554256323170560,Inter Chunk Latency,ms,p50,68.38
115,1780554255323170560,1780554256323170560,Inter Chunk Latency,ms,p75,68.39
115,1780554255323170560,1780554256323170560,Inter Chunk Latency,ms,p90,68.40
115,1780554255323170560,1780554256323170560,Inter Chunk Latency,ms,p95,68.40
115,1780554255323170560,1780554256323170560,Inter Chunk Latency,ms,p99,68.40
115,1780554255323170560,1780554256323170560,Inter Chunk Latency,ms,std,0.01
115,1780554255323170560,1780554256323170560,Inter Token Latency,ms,avg,138.69
115,1780554255323170560,1780554256323170560,Inter Token Latency,ms,min,138.69
115,1780554255323170560,1780554256323170560,Inter Token Latency,ms,max,138.69
115,1780554255323170560,1780554256323170560,Inter Token Latency,ms,sum,138.69
115,1780554255323170560,1780554256323170560,Inter Token Latency,ms,p1,138.69
115,1780554255323170560,1780554256323170560,Inter Token Latency,ms,p5,138.69
115,1780554255323170560,1780554256323170560,Inter Token Latency,ms,p10,138.69
115,1780554255323170560,1780554256323170560,Inter Token Latency,ms,p25,138.69
115,1780554255323170560,1780554256323170560,Inter Token Latency,ms,p50,138.69
115,1780554255323170560,1780554256323170560,Inter Token Latency,ms,p75,138.69
115,1780554255323170560,1780554256323170560,Inter Token Latency,ms,p90,138.69
115,1780554255323170560,1780554256323170560,Inter Token Latency,ms,p95,138.69
115,1780554255323170560,1780554256323170560,Inter Token Latency,ms,p99,138.69
115,1780554255323170560,1780554256323170560,Inter Token Latency,ms,std,0.00
115,1780554255323170560,1780554256323170560,Maximum Response Timestamp,ns,avg,1780554382740663808.00
115,1780554255323170560,1780554256323170560,Minimum Request Timestamp,ns,avg,1780554255788490496.00
115,1780554255323170560,1780554256323170560,OSL Mismatch Count,requests,avg,0.00
115,1780554255323170560,1780554256323170560,OSL Mismatch Diff %,%,avg,0.00
115,1780554255323170560,1780554256323170560,OSL Mismatch Diff %,%,min,0.00
115,1780554255323170560,1780554256323170560,OSL Mismatch Diff %,%,max,0.00
115,1780554255323170560,1780554256323170560,OSL Mismatch Diff %,%,sum,0.00
115,1780554255323170560,1780554256323170560,OSL Mismatch Diff %,%,p1,0.00
115,1780554255323170560,1780554256323170560,OSL Mismatch Diff %,%,p5,0.00
115,1780554255323170560,1780554256323170560,OSL Mismatch Diff %,%,p10,0.00
115,1780554255323170560,1780554256323170560,OSL Mismatch Diff %,%,p25,0.00
115,1780554255323170560,1780554256323170560,OSL Mismatch Diff %,%,p50,0.00
115,1780554255323170560,1780554256323170560,OSL Mismatch Diff %,%,p75,0.00
115,1780554255323170560,1780554256323170560,OSL Mismatch Diff %,%,p90,0.00
115,1780554255323170560,1780554256323170560,OSL Mismatch Diff %,%,p95,0.00
115,1780554255323170560,1780554256323170560,OSL Mismatch Diff %,%,p99,0.00
115,1780554255323170560,1780554256323170560,OSL Mismatch Diff %,%,std,0.00
115,1780554255323170560,1780554256323170560,Output Sequence Length,tokens,avg,896.00
115,1780554255323170560,1780554256323170560,Output Sequence Length,tokens,min,896.00
115,1780554255323170560,1780554256323170560,Output Sequence Length,tokens,max,896.00
115,1780554255323170560,1780554256323170560,Output Sequence Length,tokens,sum,896.00
115,1780554255323170560,1780554256323170560,Output Sequence Length,tokens,p1,896.00
115,1780554255323170560,1780554256323170560,Output Sequence Length,tokens,p5,896.00
115,1780554255323170560,1780554256323170560,Output Sequence Length,tokens,p10,896.00
115,1780554255323170560,1780554256323170560,Output Sequence Length,tokens,p25,896.00
115,1780554255323170560,1780554256323170560,Output Sequence Length,tokens,p50,896.00
115,1780554255323170560,1780554256323170560,Output Sequence Length,tokens,p75,896.00
115,1780554255323170560,1780554256323170560,Output Sequence Length,tokens,p90,896.00
115,1780554255323170560,1780554256323170560,Output Sequence Length,tokens,p95,896.00
115,1780554255323170560,1780554256323170560,Output Sequence Length,tokens,p99,896.00
115,1780554255323170560,1780554256323170560,Output Sequence Length,tokens,std,0.00
115,1780554255323170560,1780554256323170560,Output Token Count,tokens,avg,896.00
115,1780554255323170560,1780554256323170560,Output Token Count,tokens,min,896.00
115,1780554255323170560,1780554256323170560,Output Token Count,tokens,max,896.00
115,1780554255323170560,1780554256323170560,Output Token Count,tokens,sum,896.00
115,1780554255323170560,1780554256323170560,Output Token Count,tokens,p1,896.00
115,1780554255323170560,1780554256323170560,Output Token Count,tokens,p5,896.00
115,1780554255323170560,1780554256323170560,Output Token Count,tokens,p10,896.00
115,1780554255323170560,1780554256323170560,Output Token Count,tokens,p25,896.00
115,1780554255323170560,1780554256323170560,Output Token Count,tokens,p50,896.00
115,1780554255323170560,1780554256323170560,Output Token Count,tokens,p75,896.00
115,1780554255323170560,1780554256323170560,Output Token Count,tokens,p90,896.00
115,1780554255323170560,1780554256323170560,Output Token Count,tokens,p95,896.00
115,1780554255323170560,1780554256323170560,Output Token Count,tokens,p99,896.00
115,1780554255323170560,1780554256323170560,Output Token Count,tokens,std,0.00
115,1780554255323170560,1780554256323170560,Output Token Throughput,tokens/sec,avg,896.00
115,1780554255323170560,1780554256323170560,Output Token Throughput Per User,tokens/sec/user,avg,7.21
115,1780554255323170560,1780554256323170560,Output Token Throughput Per User,tokens/sec/user,min,7.21
115,1780554255323170560,1780554256323170560,Output Token Throughput Per User,tokens/sec/user,max,7.21
115,1780554255323170560,1780554256323170560,Output Token Throughput Per User,tokens/sec/user,sum,7.21
115,1780554255323170560,1780554256323170560,Output Token Throughput Per User,tokens/sec/user,p1,7.21
115,1780554255323170560,1780554256323170560,Output Token Throughput Per User,tokens/sec/user,p5,7.21
115,1780554255323170560,1780554256323170560,Output Token Throughput Per User,tokens/sec/user,p10,7.21
115,1780554255323170560,1780554256323170560,Output Token Throughput Per User,tokens/sec/user,p25,7.21
115,1780554255323170560,1780554256323170560,Output Token Throughput Per User,tokens/sec/user,p50,7.21
115,1780554255323170560,1780554256323170560,Output Token Throughput Per User,tokens/sec/user,p75,7.21
115,1780554255323170560,1780554256323170560,Output Token Throughput Per User,tokens/sec/user,p90,7.21
115,1780554255323170560,1780554256323170560,Output Token Throughput Per User,tokens/sec/user,p95,7.21
115,1780554255323170560,1780554256323170560,Output Token Throughput Per User,tokens/sec/user,p99,7.21
115,1780554255323170560,1780554256323170560,Output Token Throughput Per User,tokens/sec/user,std,0.00
115,1780554255323170560,1780554256323170560,Prefill Throughput Per User,tokens/sec/user,avg,17109.35
115,1780554255323170560,1780554256323170560,Prefill Throughput Per User,tokens/sec/user,min,17109.35
115,1780554255323170560,1780554256323170560,Prefill Throughput Per User,tokens/sec/user,max,17109.35
115,1780554255323170560,1780554256323170560,Prefill Throughput Per User,tokens/sec/user,sum,17109.35
115,1780554255323170560,1780554256323170560,Prefill Throughput Per User,tokens/sec/user,p1,17109.35
115,1780554255323170560,1780554256323170560,Prefill Throughput Per User,tokens/sec/user,p5,17109.35
115,1780554255323170560,1780554256323170560,Prefill Throughput Per User,tokens/sec/user,p10,17109.35
115,1780554255323170560,1780554256323170560,Prefill Throughput Per User,tokens/sec/user,p25,17109.35
115,1780554255323170560,1780554256323170560,Prefill Throughput Per User,tokens/sec/user,p50,17109.35
115,1780554255323170560,1780554256323170560,Prefill Throughput Per User,tokens/sec/user,p75,17109.35
115,1780554255323170560,1780554256323170560,Prefill Throughput Per User,tokens/sec/user,p90,17109.35
115,1780554255323170560,1780554256323170560,Prefill Throughput Per User,tokens/sec/user,p95,17109.35
115,1780554255323170560,1780554256323170560,Prefill Throughput Per User,tokens/sec/user,p99,17109.35
115,1780554255323170560,1780554256323170560,Prefill Throughput Per User,tokens/sec/user,std,0.00
115,1780554255323170560,1780554256323170560,Request Count,requests,avg,1.00
115,1780554255323170560,1780554256323170560,Request Latency,ms,avg,126952.17
115,1780554255323170560,1780554256323170560,Request Latency,ms,min,126952.17
115,1780554255323170560,1780554256323170560,Request Latency,ms,max,126952.17
115,1780554255323170560,1780554256323170560,Request Latency,ms,sum,126952.17
115,1780554255323170560,1780554256323170560,Request Latency,ms,p1,126952.17
115,1780554255323170560,1780554256323170560,Request Latency,ms,p5,126952.17
115,1780554255323170560,1780554256323170560,Request Latency,ms,p10,126952.17
115,1780554255323170560,1780554256323170560,Request Latency,ms,p25,126952.17
115,1780554255323170560,1780554256323170560,Request Latency,ms,p50,126952.17
115,1780554255323170560,1780554256323170560,Request Latency,ms,p75,126952.17
115,1780554255323170560,1780554256323170560,Request Latency,ms,p90,126952.17
115,1780554255323170560,1780554256323170560,Request Latency,ms,p95,126952.17
115,1780554255323170560,1780554256323170560,Request Latency,ms,p99,126952.17
115,1780554255323170560,1780554256323170560,Request Latency,ms,std,0.00
115,1780554255323170560,1780554256323170560,Request Throughput,requests/sec,avg,1.00
115,1780554255323170560,1780554256323170560,Requested OSL,tokens,avg,896.00
115,1780554255323170560,1780554256323170560,Requested OSL,tokens,min,896.00
115,1780554255323170560,1780554256323170560,Requested OSL,tokens,max,896.00
115,1780554255323170560,1780554256323170560,Requested OSL,tokens,sum,896.00
115,1780554255323170560,1780554256323170560,Requested OSL,tokens,p1,896.00
115,1780554255323170560,1780554256323170560,Requested OSL,tokens,p5,896.00
115,1780554255323170560,1780554256323170560,Requested OSL,tokens,p10,896.00
115,1780554255323170560,1780554256323170560,Requested OSL,tokens,p25,896.00
115,1780554255323170560,1780554256323170560,Requested OSL,tokens,p50,896.00
115,1780554255323170560,1780554256323170560,Requested OSL,tokens,p75,896.00
115,1780554255323170560,1780554256323170560,Requested OSL,tokens,p90,896.00
115,1780554255323170560,1780554256323170560,Requested OSL,tokens,p95,896.00
115,1780554255323170560,1780554256323170560,Requested OSL,tokens,p99,896.00
115,1780554255323170560,1780554256323170560,Requested OSL,tokens,std,0.00
115,1780554255323170560,1780554256323170560,Time to First Output Token,ms,avg,2826.06
115,1780554255323170560,1780554256323170560,Time to First Output Token,ms,min,2826.06
115,1780554255323170560,1780554256323170560,Time to First Output Token,ms,max,2826.06
115,1780554255323170560,1780554256323170560,Time to First Output Token,ms,sum,2826.06
115,1780554255323170560,1780554256323170560,Time to First Output Token,ms,p1,2826.06
115,1780554255323170560,1780554256323170560,Time to First Output Token,ms,p5,2826.06
115,1780554255323170560,1780554256323170560,Time to First Output Token,ms,p10,2826.06
115,1780554255323170560,1780554256323170560,Time to First Output Token,ms,p25,2826.06
115,1780554255323170560,1780554256323170560,Time to First Output Token,ms,p50,2826.06
115,1780554255323170560,1780554256323170560,Time to First Output Token,ms,p75,2826.06
115,1780554255323170560,1780554256323170560,Time to First Output Token,ms,p90,2826.06
115,1780554255323170560,1780554256323170560,Time to First Output Token,ms,p95,2826.06
115,1780554255323170560,1780554256323170560,Time to First Output Token,ms,p99,2826.06
115,1780554255323170560,1780554256323170560,Time to First Output Token,ms,std,0.00
115,1780554255323170560,1780554256323170560,Time to First Token,ms,avg,2826.06
115,1780554255323170560,1780554256323170560,Time to First Token,ms,min,2826.06
115,1780554255323170560,1780554256323170560,Time to First Token,ms,max,2826.06
115,1780554255323170560,1780554256323170560,Time to First Token,ms,sum,2826.06
115,1780554255323170560,1780554256323170560,Time to First Token,ms,p1,2826.06
115,1780554255323170560,1780554256323170560,Time to First Token,ms,p5,2826.06
115,1780554255323170560,1780554256323170560,Time to First Token,ms,p10,2826.06
115,1780554255323170560,1780554256323170560,Time to First Token,ms,p25,2826.06
115,1780554255323170560,1780554256323170560,Time to First Token,ms,p50,2826.06
115,1780554255323170560,1780554256323170560,Time to First Token,ms,p75,2826.06
115,1780554255323170560,1780554256323170560,Time to First Token,ms,p90,2826.06
115,1780554255323170560,1780554256323170560,Time to First Token,ms,p95,2826.06
115,1780554255323170560,1780554256323170560,Time to First Token,ms,p99,2826.06
115,1780554255323170560,1780554256323170560,Time to First Token,ms,std,0.00
115,1780554255323170560,1780554256323170560,Time to Second Token,ms,avg,14.41
115,1780554255323170560,1780554256323170560,Time to Second Token,ms,min,14.41
115,1780554255323170560,1780554256323170560,Time to Second Token,ms,max,14.41
115,1780554255323170560,1780554256323170560,Time to Second Token,ms,sum,14.41
115,1780554255323170560,1780554256323170560,Time to Second Token,ms,p1,14.41
115,1780554255323170560,1780554256323170560,Time to Second Token,ms,p5,14.41
115,1780554255323170560,1780554256323170560,Time to Second Token,ms,p10,14.41
115,1780554255323170560,1780554256323170560,Time to Second Token,ms,p25,14.41
115,1780554255323170560,1780554256323170560,Time to Second Token,ms,p50,14.41
115,1780554255323170560,1780554256323170560,Time to Second Token,ms,p75,14.41
115,1780554255323170560,1780554256323170560,Time to Second Token,ms,p90,14.41
115,1780554255323170560,1780554256323170560,Time to Second Token,ms,p95,14.41
115,1780554255323170560,1780554256323170560,Time to Second Token,ms,p99,14.41
115,1780554255323170560,1780554256323170560,Time to Second Token,ms,std,0.00
115,1780554255323170560,1780554256323170560,Tokens In Flight,tokens,avg,1063255.12
115,1780554255323170560,1780554256323170560,Tokens In Flight,tokens,min,1030016.04
115,1780554255323170560,1780554256323170560,Tokens In Flight,tokens,max,1224681.04
115,1780554255323170560,1780554256323170560,Tokens In Flight,tokens,p50,1078389.08
115,1780554255323170560,1780554256323170560,Tokens In Flight,tokens,p90,1078407.10
115,1780554255323170560,1780554256323170560,Tokens In Flight,tokens,p95,1078409.11
115,1780554255323170560,1780554256323170560,Tokens In Flight,tokens,p99,1224681.04
115,1780554255323170560,1780554256323170560,Tokens In Flight,tokens,std,39758.07
115,1780554255323170560,1780554256323170560,Total Input Sequence Length,tokens,avg,48352.00
115,1780554255323170560,1780554256323170560,Total Output Sequence Length,tokens,avg,896.00
115,1780554255323170560,1780554256323170560,Total Output Tokens,tokens,avg,896.00
115,1780554255323170560,1780554256323170560,Total Token Throughput,tokens/sec,avg,49248.00
115,1780554255323170560,1780554256323170560,Total Usage Completion Tokens,tokens,avg,896.00
115,1780554255323170560,1780554256323170560,Total Usage Prompt Tokens,tokens,avg,48352.00
115,1780554255323170560,1780554256323170560,Total Usage Total Tokens,tokens,avg,49248.00
115,1780554255323170560,1780554256323170560,Usage Completion Tokens,tokens,avg,896.00
115,1780554255323170560,1780554256323170560,Usage Completion Tokens,tokens,min,896.00
115,1780554255323170560,1780554256323170560,Usage Completion Tokens,tokens,max,896.00
115,1780554255323170560,1780554256323170560,Usage Completion Tokens,tokens,sum,896.00
115,1780554255323170560,1780554256323170560,Usage Completion Tokens,tokens,p1,896.00
115,1780554255323170560,1780554256323170560,Usage Completion Tokens,tokens,p5,896.00
115,1780554255323170560,1780554256323170560,Usage Completion Tokens,tokens,p10,896.00
115,1780554255323170560,1780554256323170560,Usage Completion Tokens,tokens,p25,896.00
115,1780554255323170560,1780554256323170560,Usage Completion Tokens,tokens,p50,896.00
115,1780554255323170560,1780554256323170560,Usage Completion Tokens,tokens,p75,896.00
115,1780554255323170560,1780554256323170560,Usage Completion Tokens,tokens,p90,896.00
115,1780554255323170560,1780554256323170560,Usage Completion Tokens,tokens,p95,896.00
115,1780554255323170560,1780554256323170560,Usage Completion Tokens,tokens,p99,896.00
115,1780554255323170560,1780554256323170560,Usage Completion Tokens,tokens,std,0.00
115,1780554255323170560,1780554256323170560,Usage Prompt Tokens,tokens,avg,48352.00
115,1780554255323170560,1780554256323170560,Usage Prompt Tokens,tokens,min,48352.00
115,1780554255323170560,1780554256323170560,Usage Prompt Tokens,tokens,max,48352.00
115,1780554255323170560,1780554256323170560,Usage Prompt Tokens,tokens,sum,48352.00
115,1780554255323170560,1780554256323170560,Usage Prompt Tokens,tokens,p1,48352.00
115,1780554255323170560,1780554256323170560,Usage Prompt Tokens,tokens,p5,48352.00
115,1780554255323170560,1780554256323170560,Usage Prompt Tokens,tokens,p10,48352.00
115,1780554255323170560,1780554256323170560,Usage Prompt Tokens,tokens,p25,48352.00
115,1780554255323170560,1780554256323170560,Usage Prompt Tokens,tokens,p50,48352.00
115,1780554255323170560,1780554256323170560,Usage Prompt Tokens,tokens,p75,48352.00
115,1780554255323170560,1780554256323170560,Usage Prompt Tokens,tokens,p90,48352.00
115,1780554255323170560,1780554256323170560,Usage Prompt Tokens,tokens,p95,48352.00
115,1780554255323170560,1780554256323170560,Usage Prompt Tokens,tokens,p99,48352.00
115,1780554255323170560,1780554256323170560,Usage Prompt Tokens,tokens,std,0.00
115,1780554255323170560,1780554256323170560,Usage Total Tokens,tokens,avg,49248.00
115,1780554255323170560,1780554256323170560,Usage Total Tokens,tokens,min,49248.00
115,1780554255323170560,1780554256323170560,Usage Total Tokens,tokens,max,49248.00
115,1780554255323170560,1780554256323170560,Usage Total Tokens,tokens,sum,49248.00
115,1780554255323170560,1780554256323170560,Usage Total Tokens,tokens,p1,49248.00
115,1780554255323170560,1780554256323170560,Usage Total Tokens,tokens,p5,49248.00
115,1780554255323170560,1780554256323170560,Usage Total Tokens,tokens,p10,49248.00
115,1780554255323170560,1780554256323170560,Usage Total Tokens,tokens,p25,49248.00
115,1780554255323170560,1780554256323170560,Usage Total Tokens,tokens,p50,49248.00
115,1780554255323170560,1780554256323170560,Usage Total Tokens,tokens,p75,49248.00
115,1780554255323170560,1780554256323170560,Usage Total Tokens,tokens,p90,49248.00
115,1780554255323170560,1780554256323170560,Usage Total Tokens,tokens,p95,49248.00
115,1780554255323170560,1780554256323170560,Usage Total Tokens,tokens,p99,49248.00
115,1780554255323170560,1780554256323170560,Usage Total Tokens,tokens,std,0.00
116,1780554263323170560,1780554264323170560,Active Decode Throughput,tokens/sec,avg,57.84
116,1780554263323170560,1780554264323170560,Active Decode Throughput,tokens/sec,min,43.14
116,1780554263323170560,1780554264323170560,Active Decode Throughput,tokens/sec,max,72.55
116,1780554263323170560,1780554264323170560,Active Decode Throughput,tokens/sec,p50,57.84
116,1780554263323170560,1780554264323170560,Active Decode Throughput,tokens/sec,p90,57.85
116,1780554263323170560,1780554264323170560,Active Decode Throughput,tokens/sec,p95,57.85
116,1780554263323170560,1780554264323170560,Active Decode Throughput,tokens/sec,p99,57.85
116,1780554263323170560,1780554264323170560,Active Decode Throughput,tokens/sec,std,0.03
116,1780554263323170560,1780554264323170560,Active Decode Throughput Per User,tokens/sec/user,avg,6.43
116,1780554263323170560,1780554264323170560,Active Decode Throughput Per User,tokens/sec/user,min,4.79
116,1780554263323170560,1780554264323170560,Active Decode Throughput Per User,tokens/sec/user,max,8.06
116,1780554263323170560,1780554264323170560,Active Decode Throughput Per User,tokens/sec/user,p50,6.43
116,1780554263323170560,1780554264323170560,Active Decode Throughput Per User,tokens/sec/user,p90,6.43
116,1780554263323170560,1780554264323170560,Active Decode Throughput Per User,tokens/sec/user,p95,6.43
116,1780554263323170560,1780554264323170560,Active Decode Throughput Per User,tokens/sec/user,p99,6.43
116,1780554263323170560,1780554264323170560,Active Decode Throughput Per User,tokens/sec/user,std,0.00
116,1780554263323170560,1780554264323170560,Active Prefill Throughput,tokens/sec,avg,160720.73
116,1780554263323170560,1780554264323170560,Active Prefill Throughput,tokens/sec,min,160720.73
116,1780554263323170560,1780554264323170560,Active Prefill Throughput,tokens/sec,max,160720.73
116,1780554263323170560,1780554264323170560,Active Prefill Throughput,tokens/sec,p50,160720.73
116,1780554263323170560,1780554264323170560,Active Prefill Throughput,tokens/sec,p90,160720.73
116,1780554263323170560,1780554264323170560,Active Prefill Throughput,tokens/sec,p95,160720.73
116,1780554263323170560,1780554264323170560,Active Prefill Throughput,tokens/sec,p99,160720.73
116,1780554263323170560,1780554264323170560,Active Prefill Throughput,tokens/sec,std,0.00
116,1780554263323170560,1780554264323170560,Active Prefill Throughput Per User,tokens/sec/user,avg,160720.73
116,1780554263323170560,1780554264323170560,Active Prefill Throughput Per User,tokens/sec/user,min,160720.73
116,1780554263323170560,1780554264323170560,Active Prefill Throughput Per User,tokens/sec/user,max,160720.73
116,1780554263323170560,1780554264323170560,Active Prefill Throughput Per User,tokens/sec/user,p50,160720.73
116,1780554263323170560,1780554264323170560,Active Prefill Throughput Per User,tokens/sec/user,p90,160720.73
116,1780554263323170560,1780554264323170560,Active Prefill Throughput Per User,tokens/sec/user,p95,160720.73
116,1780554263323170560,1780554264323170560,Active Prefill Throughput Per User,tokens/sec/user,p99,160720.73
116,1780554263323170560,1780554264323170560,Active Prefill Throughput Per User,tokens/sec/user,std,0.00
116,1780554263323170560,1780554264323170560,Active Total Throughput,tokens/sec,avg,56286.32
116,1780554263323170560,1780554264323170560,Active Total Throughput,tokens/sec,min,75.89
116,1780554263323170560,1780554264323170560,Active Total Throughput,tokens/sec,max,160796.62
116,1780554263323170560,1780554264323170560,Active Total Throughput,tokens/sec,p50,75.89
116,1780554263323170560,1780554264323170560,Active Total Throughput,tokens/sec,p90,160796.62
116,1780554263323170560,1780554264323170560,Active Total Throughput,tokens/sec,p95,160796.62
116,1780554263323170560,1780554264323170560,Active Total Throughput,tokens/sec,p99,160796.62
116,1780554263323170560,1780554264323170560,Active Total Throughput,tokens/sec,std,76645.74
116,1780554263323170560,1780554264323170560,Benchmark Duration,sec,avg,14.86
116,1780554263323170560,1780554264323170560,E2E Output Token Throughput,tokens/sec/user,avg,18.04
116,1780554263323170560,1780554264323170560,E2E Output Token Throughput,tokens/sec/user,min,18.04
116,1780554263323170560,1780554264323170560,E2E Output Token Throughput,tokens/sec/user,max,18.04
116,1780554263323170560,1780554264323170560,E2E Output Token Throughput,tokens/sec/user,sum,18.04
116,1780554263323170560,1780554264323170560,E2E Output Token Throughput,tokens/sec/user,p1,18.04
116,1780554263323170560,1780554264323170560,E2E Output Token Throughput,tokens/sec/user,p5,18.04
116,1780554263323170560,1780554264323170560,E2E Output Token Throughput,tokens/sec/user,p10,18.04
116,1780554263323170560,1780554264323170560,E2E Output Token Throughput,tokens/sec/user,p25,18.04
116,1780554263323170560,1780554264323170560,E2E Output Token Throughput,tokens/sec/user,p50,18.04
116,1780554263323170560,1780554264323170560,E2E Output Token Throughput,tokens/sec/user,p75,18.04
116,1780554263323170560,1780554264323170560,E2E Output Token Throughput,tokens/sec/user,p90,18.04
116,1780554263323170560,1780554264323170560,E2E Output Token Throughput,tokens/sec/user,p95,18.04
116,1780554263323170560,1780554264323170560,E2E Output Token Throughput,tokens/sec/user,p99,18.04
116,1780554263323170560,1780554264323170560,E2E Output Token Throughput,tokens/sec/user,std,0.00
116,1780554263323170560,1780554264323170560,Effective Concurrency,requests,avg,9.35
116,1780554263323170560,1780554264323170560,Effective Concurrency,requests,min,9.00
116,1780554263323170560,1780554264323170560,Effective Concurrency,requests,max,10.00
116,1780554263323170560,1780554264323170560,Effective Concurrency,requests,p50,9.00
116,1780554263323170560,1780554264323170560,Effective Concurrency,requests,p90,10.00
116,1780554263323170560,1780554264323170560,Effective Concurrency,requests,p95,10.00
116,1780554263323170560,1780554264323170560,Effective Concurrency,requests,p99,10.00
116,1780554263323170560,1780554264323170560,Effective Concurrency,requests,std,0.48
116,1780554263323170560,1780554264323170560,Effective Decode Concurrency,requests,avg,9.00
116,1780554263323170560,1780554264323170560,Effective Decode Concurrency,requests,min,9.00
116,1780554263323170560,1780554264323170560,Effective Decode Concurrency,requests,max,9.00
116,1780554263323170560,1780554264323170560,Effective Decode Concurrency,requests,p50,9.00
116,1780554263323170560,1780554264323170560,Effective Decode Concurrency,requests,p90,9.00
116,1780554263323170560,1780554264323170560,Effective Decode Concurrency,requests,p95,9.00
116,1780554263323170560,1780554264323170560,Effective Decode Concurrency,requests,p99,9.00
116,1780554263323170560,1780554264323170560,Effective Decode Concurrency,requests,std,0.00
116,1780554263323170560,1780554264323170560,Effective Decode Throughput,tokens/sec,avg,57.84
116,1780554263323170560,1780554264323170560,Effective Decode Throughput,tokens/sec,min,43.14
116,1780554263323170560,1780554264323170560,Effective Decode Throughput,tokens/sec,max,72.55
116,1780554263323170560,1780554264323170560,Effective Decode Throughput,tokens/sec,p50,57.84
116,1780554263323170560,1780554264323170560,Effective Decode Throughput,tokens/sec,p90,57.85
116,1780554263323170560,1780554264323170560,Effective Decode Throughput,tokens/sec,p95,57.85
116,1780554263323170560,1780554264323170560,Effective Decode Throughput,tokens/sec,p99,57.85
116,1780554263323170560,1780554264323170560,Effective Decode Throughput,tokens/sec,std,0.03
116,1780554263323170560,1780554264323170560,Effective Decode Throughput Per User,tokens/sec/user,avg,6.43
116,1780554263323170560,1780554264323170560,Effective Decode Throughput Per User,tokens/sec/user,min,4.79
116,1780554263323170560,1780554264323170560,Effective Decode Throughput Per User,tokens/sec/user,max,8.06
116,1780554263323170560,1780554264323170560,Effective Decode Throughput Per User,tokens/sec/user,p50,6.43
116,1780554263323170560,1780554264323170560,Effective Decode Throughput Per User,tokens/sec/user,p90,6.43
116,1780554263323170560,1780554264323170560,Effective Decode Throughput Per User,tokens/sec/user,p95,6.43
116,1780554263323170560,1780554264323170560,Effective Decode Throughput Per User,tokens/sec/user,p99,6.43
116,1780554263323170560,1780554264323170560,Effective Decode Throughput Per User,tokens/sec/user,std,0.00
116,1780554263323170560,1780554264323170560,Effective Prefill Concurrency,requests,avg,0.35
116,1780554263323170560,1780554264323170560,Effective Prefill Concurrency,requests,min,0.00
116,1780554263323170560,1780554264323170560,Effective Prefill Concurrency,requests,max,1.00
116,1780554263323170560,1780554264323170560,Effective Prefill Concurrency,requests,p50,0.00
116,1780554263323170560,1780554264323170560,Effective Prefill Concurrency,requests,p90,1.00
116,1780554263323170560,1780554264323170560,Effective Prefill Concurrency,requests,p95,1.00
116,1780554263323170560,1780554264323170560,Effective Prefill Concurrency,requests,p99,1.00
116,1780554263323170560,1780554264323170560,Effective Prefill Concurrency,requests,std,0.48
116,1780554263323170560,1780554264323170560,Effective Prefill Throughput,tokens/sec,avg,56210.43
116,1780554263323170560,1780554264323170560,Effective Prefill Throughput,tokens/sec,min,0.00
116,1780554263323170560,1780554264323170560,Effective Prefill Throughput,tokens/sec,max,160720.73
116,1780554263323170560,1780554264323170560,Effective Prefill Throughput,tokens/sec,p50,0.00
116,1780554263323170560,1780554264323170560,Effective Prefill Throughput,tokens/sec,p90,160720.73
116,1780554263323170560,1780554264323170560,Effective Prefill Throughput,tokens/sec,p95,160720.73
116,1780554263323170560,1780554264323170560,Effective Prefill Throughput,tokens/sec,p99,160720.73
116,1780554263323170560,1780554264323170560,Effective Prefill Throughput,tokens/sec,std,76645.74
116,1780554263323170560,1780554264323170560,Effective Prefill Throughput Per User,tokens/sec/user,avg,56210.43
116,1780554263323170560,1780554264323170560,Effective Prefill Throughput Per User,tokens/sec/user,min,0.00
116,1780554263323170560,1780554264323170560,Effective Prefill Throughput Per User,tokens/sec/user,max,160720.73
116,1780554263323170560,1780554264323170560,Effective Prefill Throughput Per User,tokens/sec/user,p50,0.00
116,1780554263323170560,1780554264323170560,Effective Prefill Throughput Per User,tokens/sec/user,p90,160720.73
116,1780554263323170560,1780554264323170560,Effective Prefill Throughput Per User,tokens/sec/user,p95,160720.73
116,1780554263323170560,1780554264323170560,Effective Prefill Throughput Per User,tokens/sec/user,p99,160720.73
116,1780554263323170560,1780554264323170560,Effective Prefill Throughput Per User,tokens/sec/user,std,76645.74
116,1780554263323170560,1780554264323170560,Effective Total Throughput,tokens/sec,avg,56286.32
116,1780554263323170560,1780554264323170560,Effective Total Throughput,tokens/sec,min,75.89
116,1780554263323170560,1780554264323170560,Effective Total Throughput,tokens/sec,max,160796.62
116,1780554263323170560,1780554264323170560,Effective Total Throughput,tokens/sec,p50,75.89
116,1780554263323170560,1780554264323170560,Effective Total Throughput,tokens/sec,p90,160796.62
116,1780554263323170560,1780554264323170560,Effective Total Throughput,tokens/sec,p95,160796.62
116,1780554263323170560,1780554264323170560,Effective Total Throughput,tokens/sec,p99,160796.62
116,1780554263323170560,1780554264323170560,Effective Total Throughput,tokens/sec,std,76645.74
116,1780554263323170560,1780554264323170560,HTTP Blocked,ms,avg,0.00
116,1780554263323170560,1780554264323170560,HTTP Blocked,ms,min,0.00
116,1780554263323170560,1780554264323170560,HTTP Blocked,ms,max,0.00
116,1780554263323170560,1780554264323170560,HTTP Blocked,ms,sum,0.00
116,1780554263323170560,1780554264323170560,HTTP Blocked,ms,p1,0.00
116,1780554263323170560,1780554264323170560,HTTP Blocked,ms,p5,0.00
116,1780554263323170560,1780554264323170560,HTTP Blocked,ms,p10,0.00
116,1780554263323170560,1780554264323170560,HTTP Blocked,ms,p25,0.00
116,1780554263323170560,1780554264323170560,HTTP Blocked,ms,p50,0.00
116,1780554263323170560,1780554264323170560,HTTP Blocked,ms,p75,0.00
116,1780554263323170560,1780554264323170560,HTTP Blocked,ms,p90,0.00
116,1780554263323170560,1780554264323170560,HTTP Blocked,ms,p95,0.00
116,1780554263323170560,1780554264323170560,HTTP Blocked,ms,p99,0.00
116,1780554263323170560,1780554264323170560,HTTP Blocked,ms,std,0.00
116,1780554263323170560,1780554264323170560,HTTP Chunks Received,count,avg,267.00
116,1780554263323170560,1780554264323170560,HTTP Chunks Received,count,min,267.00
116,1780554263323170560,1780554264323170560,HTTP Chunks Received,count,max,267.00
116,1780554263323170560,1780554264323170560,HTTP Chunks Received,count,sum,267.00
116,1780554263323170560,1780554264323170560,HTTP Chunks Received,count,p1,267.00
116,1780554263323170560,1780554264323170560,HTTP Chunks Received,count,p5,267.00
116,1780554263323170560,1780554264323170560,HTTP Chunks Received,count,p10,267.00
116,1780554263323170560,1780554264323170560,HTTP Chunks Received,count,p25,267.00
116,1780554263323170560,1780554264323170560,HTTP Chunks Received,count,p50,267.00
116,1780554263323170560,1780554264323170560,HTTP Chunks Received,count,p75,267.00
116,1780554263323170560,1780554264323170560,HTTP Chunks Received,count,p90,267.00
116,1780554263323170560,1780554264323170560,HTTP Chunks Received,count,p95,267.00
116,1780554263323170560,1780554264323170560,HTTP Chunks Received,count,p99,267.00
116,1780554263323170560,1780554264323170560,HTTP Chunks Received,count,std,0.00
116,1780554263323170560,1780554264323170560,HTTP Chunks Sent,count,avg,1.00
116,1780554263323170560,1780554264323170560,HTTP Chunks Sent,count,min,1.00
116,1780554263323170560,1780554264323170560,HTTP Chunks Sent,count,max,1.00
116,1780554263323170560,1780554264323170560,HTTP Chunks Sent,count,sum,1.00
116,1780554263323170560,1780554264323170560,HTTP Chunks Sent,count,p1,1.00
116,1780554263323170560,1780554264323170560,HTTP Chunks Sent,count,p5,1.00
116,1780554263323170560,1780554264323170560,HTTP Chunks Sent,count,p10,1.00
116,1780554263323170560,1780554264323170560,HTTP Chunks Sent,count,p25,1.00
116,1780554263323170560,1780554264323170560,HTTP Chunks Sent,count,p50,1.00
116,1780554263323170560,1780554264323170560,HTTP Chunks Sent,count,p75,1.00
116,1780554263323170560,1780554264323170560,HTTP Chunks Sent,count,p90,1.00
116,1780554263323170560,1780554264323170560,HTTP Chunks Sent,count,p95,1.00
116,1780554263323170560,1780554264323170560,HTTP Chunks Sent,count,p99,1.00
116,1780554263323170560,1780554264323170560,HTTP Chunks Sent,count,std,0.00
116,1780554263323170560,1780554264323170560,HTTP Connecting,ms,avg,0.00
116,1780554263323170560,1780554264323170560,HTTP Connecting,ms,min,0.00
116,1780554263323170560,1780554264323170560,HTTP Connecting,ms,max,0.00
116,1780554263323170560,1780554264323170560,HTTP Connecting,ms,sum,0.00
116,1780554263323170560,1780554264323170560,HTTP Connecting,ms,p1,0.00
116,1780554263323170560,1780554264323170560,HTTP Connecting,ms,p5,0.00
116,1780554263323170560,1780554264323170560,HTTP Connecting,ms,p10,0.00
116,1780554263323170560,1780554264323170560,HTTP Connecting,ms,p25,0.00
116,1780554263323170560,1780554264323170560,HTTP Connecting,ms,p50,0.00
116,1780554263323170560,1780554264323170560,HTTP Connecting,ms,p75,0.00
116,1780554263323170560,1780554264323170560,HTTP Connecting,ms,p90,0.00
116,1780554263323170560,1780554264323170560,HTTP Connecting,ms,p95,0.00
116,1780554263323170560,1780554264323170560,HTTP Connecting,ms,p99,0.00
116,1780554263323170560,1780554264323170560,HTTP Connecting,ms,std,0.00
116,1780554263323170560,1780554264323170560,HTTP Connection Overhead,ms,avg,0.00
116,1780554263323170560,1780554264323170560,HTTP Connection Overhead,ms,min,0.00
116,1780554263323170560,1780554264323170560,HTTP Connection Overhead,ms,max,0.00
116,1780554263323170560,1780554264323170560,HTTP Connection Overhead,ms,sum,0.00
116,1780554263323170560,1780554264323170560,HTTP Connection Overhead,ms,p1,0.00
116,1780554263323170560,1780554264323170560,HTTP Connection Overhead,ms,p5,0.00
116,1780554263323170560,1780554264323170560,HTTP Connection Overhead,ms,p10,0.00
116,1780554263323170560,1780554264323170560,HTTP Connection Overhead,ms,p25,0.00
116,1780554263323170560,1780554264323170560,HTTP Connection Overhead,ms,p50,0.00
116,1780554263323170560,1780554264323170560,HTTP Connection Overhead,ms,p75,0.00
116,1780554263323170560,1780554264323170560,HTTP Connection Overhead,ms,p90,0.00
116,1780554263323170560,1780554264323170560,HTTP Connection Overhead,ms,p95,0.00
116,1780554263323170560,1780554264323170560,HTTP Connection Overhead,ms,p99,0.00
116,1780554263323170560,1780554264323170560,HTTP Connection Overhead,ms,std,0.00
116,1780554263323170560,1780554264323170560,HTTP Connection Reused,ratio,avg,1.00
116,1780554263323170560,1780554264323170560,HTTP Connection Reused,ratio,min,1.00
116,1780554263323170560,1780554264323170560,HTTP Connection Reused,ratio,max,1.00
116,1780554263323170560,1780554264323170560,HTTP Connection Reused,ratio,sum,1.00
116,1780554263323170560,1780554264323170560,HTTP Connection Reused,ratio,p1,1.00
116,1780554263323170560,1780554264323170560,HTTP Connection Reused,ratio,p5,1.00
116,1780554263323170560,1780554264323170560,HTTP Connection Reused,ratio,p10,1.00
116,1780554263323170560,1780554264323170560,HTTP Connection Reused,ratio,p25,1.00
116,1780554263323170560,1780554264323170560,HTTP Connection Reused,ratio,p50,1.00
116,1780554263323170560,1780554264323170560,HTTP Connection Reused,ratio,p75,1.00
116,1780554263323170560,1780554264323170560,HTTP Connection Reused,ratio,p90,1.00
116,1780554263323170560,1780554264323170560,HTTP Connection Reused,ratio,p95,1.00
116,1780554263323170560,1780554264323170560,HTTP Connection Reused,ratio,p99,1.00
116,1780554263323170560,1780554264323170560,HTTP Connection Reused,ratio,std,0.00
116,1780554263323170560,1780554264323170560,HTTP Data Received,KB,avg,67.14
116,1780554263323170560,1780554264323170560,HTTP Data Received,KB,min,67.14
116,1780554263323170560,1780554264323170560,HTTP Data Received,KB,max,67.14
116,1780554263323170560,1780554264323170560,HTTP Data Received,KB,sum,67.14
116,1780554263323170560,1780554264323170560,HTTP Data Received,KB,p1,67.14
116,1780554263323170560,1780554264323170560,HTTP Data Received,KB,p5,67.14
116,1780554263323170560,1780554264323170560,HTTP Data Received,KB,p10,67.14
116,1780554263323170560,1780554264323170560,HTTP Data Received,KB,p25,67.14
116,1780554263323170560,1780554264323170560,HTTP Data Received,KB,p50,67.14
116,1780554263323170560,1780554264323170560,HTTP Data Received,KB,p75,67.14
116,1780554263323170560,1780554264323170560,HTTP Data Received,KB,p90,67.14
116,1780554263323170560,1780554264323170560,HTTP Data Received,KB,p95,67.14
116,1780554263323170560,1780554264323170560,HTTP Data Received,KB,p99,67.14
116,1780554263323170560,1780554264323170560,HTTP Data Received,KB,std,0.00
116,1780554263323170560,1780554264323170560,HTTP Data Sent,KB,avg,471.67
116,1780554263323170560,1780554264323170560,HTTP Data Sent,KB,min,471.67
116,1780554263323170560,1780554264323170560,HTTP Data Sent,KB,max,471.67
116,1780554263323170560,1780554264323170560,HTTP Data Sent,KB,sum,471.67
116,1780554263323170560,1780554264323170560,HTTP Data Sent,KB,p1,471.67
116,1780554263323170560,1780554264323170560,HTTP Data Sent,KB,p5,471.67
116,1780554263323170560,1780554264323170560,HTTP Data Sent,KB,p10,471.67
116,1780554263323170560,1780554264323170560,HTTP Data Sent,KB,p25,471.67
116,1780554263323170560,1780554264323170560,HTTP Data Sent,KB,p50,471.67
116,1780554263323170560,1780554264323170560,HTTP Data Sent,KB,p75,471.67
116,1780554263323170560,1780554264323170560,HTTP Data Sent,KB,p90,471.67
116,1780554263323170560,1780554264323170560,HTTP Data Sent,KB,p95,471.67
116,1780554263323170560,1780554264323170560,HTTP Data Sent,KB,p99,471.67
116,1780554263323170560,1780554264323170560,HTTP Data Sent,KB,std,0.00
116,1780554263323170560,1780554264323170560,HTTP DNS Lookup,ms,avg,0.00
116,1780554263323170560,1780554264323170560,HTTP DNS Lookup,ms,min,0.00
116,1780554263323170560,1780554264323170560,HTTP DNS Lookup,ms,max,0.00
116,1780554263323170560,1780554264323170560,HTTP DNS Lookup,ms,sum,0.00
116,1780554263323170560,1780554264323170560,HTTP DNS Lookup,ms,p1,0.00
116,1780554263323170560,1780554264323170560,HTTP DNS Lookup,ms,p5,0.00
116,1780554263323170560,1780554264323170560,HTTP DNS Lookup,ms,p10,0.00
116,1780554263323170560,1780554264323170560,HTTP DNS Lookup,ms,p25,0.00
116,1780554263323170560,1780554264323170560,HTTP DNS Lookup,ms,p50,0.00
116,1780554263323170560,1780554264323170560,HTTP DNS Lookup,ms,p75,0.00
116,1780554263323170560,1780554264323170560,HTTP DNS Lookup,ms,p90,0.00
116,1780554263323170560,1780554264323170560,HTTP DNS Lookup,ms,p95,0.00
116,1780554263323170560,1780554264323170560,HTTP DNS Lookup,ms,p99,0.00
116,1780554263323170560,1780554264323170560,HTTP DNS Lookup,ms,std,0.00
116,1780554263323170560,1780554264323170560,HTTP Duration (excl. conn),ms,avg,14859.69
116,1780554263323170560,1780554264323170560,HTTP Duration (excl. conn),ms,min,14859.69
116,1780554263323170560,1780554264323170560,HTTP Duration (excl. conn),ms,max,14859.69
116,1780554263323170560,1780554264323170560,HTTP Duration (excl. conn),ms,sum,14859.69
116,1780554263323170560,1780554264323170560,HTTP Duration (excl. conn),ms,p1,14859.69
116,1780554263323170560,1780554264323170560,HTTP Duration (excl. conn),ms,p5,14859.69
116,1780554263323170560,1780554264323170560,HTTP Duration (excl. conn),ms,p10,14859.69
116,1780554263323170560,1780554264323170560,HTTP Duration (excl. conn),ms,p25,14859.69
116,1780554263323170560,1780554264323170560,HTTP Duration (excl. conn),ms,p50,14859.69
116,1780554263323170560,1780554264323170560,HTTP Duration (excl. conn),ms,p75,14859.69
116,1780554263323170560,1780554264323170560,HTTP Duration (excl. conn),ms,p90,14859.69
116,1780554263323170560,1780554264323170560,HTTP Duration (excl. conn),ms,p95,14859.69
116,1780554263323170560,1780554264323170560,HTTP Duration (excl. conn),ms,p99,14859.69
116,1780554263323170560,1780554264323170560,HTTP Duration (excl. conn),ms,std,0.00
116,1780554263323170560,1780554264323170560,HTTP Receiving,ms,avg,14107.81
116,1780554263323170560,1780554264323170560,HTTP Receiving,ms,min,14107.81
116,1780554263323170560,1780554264323170560,HTTP Receiving,ms,max,14107.81
116,1780554263323170560,1780554264323170560,HTTP Receiving,ms,sum,14107.81
116,1780554263323170560,1780554264323170560,HTTP Receiving,ms,p1,14107.81
116,1780554263323170560,1780554264323170560,HTTP Receiving,ms,p5,14107.81
116,1780554263323170560,1780554264323170560,HTTP Receiving,ms,p10,14107.81
116,1780554263323170560,1780554264323170560,HTTP Receiving,ms,p25,14107.81
116,1780554263323170560,1780554264323170560,HTTP Receiving,ms,p50,14107.81
116,1780554263323170560,1780554264323170560,HTTP Receiving,ms,p75,14107.81
116,1780554263323170560,1780554264323170560,HTTP Receiving,ms,p90,14107.81
116,1780554263323170560,1780554264323170560,HTTP Receiving,ms,p95,14107.81
116,1780554263323170560,1780554264323170560,HTTP Receiving,ms,p99,14107.81
116,1780554263323170560,1780554264323170560,HTTP Receiving,ms,std,0.00
116,1780554263323170560,1780554264323170560,HTTP Sending,ms,avg,0.22
116,1780554263323170560,1780554264323170560,HTTP Sending,ms,min,0.22
116,1780554263323170560,1780554264323170560,HTTP Sending,ms,max,0.22
116,1780554263323170560,1780554264323170560,HTTP Sending,ms,sum,0.22
116,1780554263323170560,1780554264323170560,HTTP Sending,ms,p1,0.22
116,1780554263323170560,1780554264323170560,HTTP Sending,ms,p5,0.22
116,1780554263323170560,1780554264323170560,HTTP Sending,ms,p10,0.22
116,1780554263323170560,1780554264323170560,HTTP Sending,ms,p25,0.22
116,1780554263323170560,1780554264323170560,HTTP Sending,ms,p50,0.22
116,1780554263323170560,1780554264323170560,HTTP Sending,ms,p75,0.22
116,1780554263323170560,1780554264323170560,HTTP Sending,ms,p90,0.22
116,1780554263323170560,1780554264323170560,HTTP Sending,ms,p95,0.22
116,1780554263323170560,1780554264323170560,HTTP Sending,ms,p99,0.22
116,1780554263323170560,1780554264323170560,HTTP Sending,ms,std,0.00
116,1780554263323170560,1780554264323170560,HTTP Total Time,ms,avg,14859.69
116,1780554263323170560,1780554264323170560,HTTP Total Time,ms,min,14859.69
116,1780554263323170560,1780554264323170560,HTTP Total Time,ms,max,14859.69
116,1780554263323170560,1780554264323170560,HTTP Total Time,ms,sum,14859.69
116,1780554263323170560,1780554264323170560,HTTP Total Time,ms,p1,14859.69
116,1780554263323170560,1780554264323170560,HTTP Total Time,ms,p5,14859.69
116,1780554263323170560,1780554264323170560,HTTP Total Time,ms,p10,14859.69
116,1780554263323170560,1780554264323170560,HTTP Total Time,ms,p25,14859.69
116,1780554263323170560,1780554264323170560,HTTP Total Time,ms,p50,14859.69
116,1780554263323170560,1780554264323170560,HTTP Total Time,ms,p75,14859.69
116,1780554263323170560,1780554264323170560,HTTP Total Time,ms,p90,14859.69
116,1780554263323170560,1780554264323170560,HTTP Total Time,ms,p95,14859.69
116,1780554263323170560,1780554264323170560,HTTP Total Time,ms,p99,14859.69
116,1780554263323170560,1780554264323170560,HTTP Total Time,ms,std,0.00
116,1780554263323170560,1780554264323170560,HTTP Waiting (TTFB),ms,avg,751.66
116,1780554263323170560,1780554264323170560,HTTP Waiting (TTFB),ms,min,751.66
116,1780554263323170560,1780554264323170560,HTTP Waiting (TTFB),ms,max,751.66
116,1780554263323170560,1780554264323170560,HTTP Waiting (TTFB),ms,sum,751.66
116,1780554263323170560,1780554264323170560,HTTP Waiting (TTFB),ms,p1,751.66
116,1780554263323170560,1780554264323170560,HTTP Waiting (TTFB),ms,p5,751.66
116,1780554263323170560,1780554264323170560,HTTP Waiting (TTFB),ms,p10,751.66
116,1780554263323170560,1780554264323170560,HTTP Waiting (TTFB),ms,p25,751.66
116,1780554263323170560,1780554264323170560,HTTP Waiting (TTFB),ms,p50,751.66
116,1780554263323170560,1780554264323170560,HTTP Waiting (TTFB),ms,p75,751.66
116,1780554263323170560,1780554264323170560,HTTP Waiting (TTFB),ms,p90,751.66
116,1780554263323170560,1780554264323170560,HTTP Waiting (TTFB),ms,p95,751.66
116,1780554263323170560,1780554264323170560,HTTP Waiting (TTFB),ms,p99,751.66
116,1780554263323170560,1780554264323170560,HTTP Waiting (TTFB),ms,std,0.00
116,1780554263323170560,1780554264323170560,Input Sequence Length,tokens,avg,120861.00
116,1780554263323170560,1780554264323170560,Input Sequence Length,tokens,min,120861.00
116,1780554263323170560,1780554264323170560,Input Sequence Length,tokens,max,120861.00
116,1780554263323170560,1780554264323170560,Input Sequence Length,tokens,sum,120861.00
116,1780554263323170560,1780554264323170560,Input Sequence Length,tokens,p1,120861.00
116,1780554263323170560,1780554264323170560,Input Sequence Length,tokens,p5,120861.00
116,1780554263323170560,1780554264323170560,Input Sequence Length,tokens,p10,120861.00
116,1780554263323170560,1780554264323170560,Input Sequence Length,tokens,p25,120861.00
116,1780554263323170560,1780554264323170560,Input Sequence Length,tokens,p50,120861.00
116,1780554263323170560,1780554264323170560,Input Sequence Length,tokens,p75,120861.00
116,1780554263323170560,1780554264323170560,Input Sequence Length,tokens,p90,120861.00
116,1780554263323170560,1780554264323170560,Input Sequence Length,tokens,p95,120861.00
116,1780554263323170560,1780554264323170560,Input Sequence Length,tokens,p99,120861.00
116,1780554263323170560,1780554264323170560,Input Sequence Length,tokens,std,0.00
116,1780554263323170560,1780554264323170560,Input Token Throughput,tokens/sec,avg,120861.00
116,1780554263323170560,1780554264323170560,Inter Chunk Latency,ms,avg,68.27
116,1780554263323170560,1780554264323170560,Inter Chunk Latency,ms,min,68.27
116,1780554263323170560,1780554264323170560,Inter Chunk Latency,ms,max,68.28
116,1780554263323170560,1780554264323170560,Inter Chunk Latency,ms,sum,18160.10
116,1780554263323170560,1780554264323170560,Inter Chunk Latency,ms,p1,68.27
116,1780554263323170560,1780554264323170560,Inter Chunk Latency,ms,p5,68.27
116,1780554263323170560,1780554264323170560,Inter Chunk Latency,ms,p10,68.27
116,1780554263323170560,1780554264323170560,Inter Chunk Latency,ms,p25,68.27
116,1780554263323170560,1780554264323170560,Inter Chunk Latency,ms,p50,68.27
116,1780554263323170560,1780554264323170560,Inter Chunk Latency,ms,p75,68.27
116,1780554263323170560,1780554264323170560,Inter Chunk Latency,ms,p90,68.27
116,1780554263323170560,1780554264323170560,Inter Chunk Latency,ms,p95,68.28
116,1780554263323170560,1780554264323170560,Inter Chunk Latency,ms,p99,68.28
116,1780554263323170560,1780554264323170560,Inter Chunk Latency,ms,std,0.00
116,1780554263323170560,1780554264323170560,Inter Token Latency,ms,avg,52.84
116,1780554263323170560,1780554264323170560,Inter Token Latency,ms,min,52.84
116,1780554263323170560,1780554264323170560,Inter Token Latency,ms,max,52.84
116,1780554263323170560,1780554264323170560,Inter Token Latency,ms,sum,52.84
116,1780554263323170560,1780554264323170560,Inter Token Latency,ms,p1,52.84
116,1780554263323170560,1780554264323170560,Inter Token Latency,ms,p5,52.84
116,1780554263323170560,1780554264323170560,Inter Token Latency,ms,p10,52.84
116,1780554263323170560,1780554264323170560,Inter Token Latency,ms,p25,52.84
116,1780554263323170560,1780554264323170560,Inter Token Latency,ms,p50,52.84
116,1780554263323170560,1780554264323170560,Inter Token Latency,ms,p75,52.84
116,1780554263323170560,1780554264323170560,Inter Token Latency,ms,p90,52.84
116,1780554263323170560,1780554264323170560,Inter Token Latency,ms,p95,52.84
116,1780554263323170560,1780554264323170560,Inter Token Latency,ms,p99,52.84
116,1780554263323170560,1780554264323170560,Inter Token Latency,ms,std,0.00
116,1780554263323170560,1780554264323170560,Maximum Response Timestamp,ns,avg,1780554278833225216.00
116,1780554263323170560,1780554264323170560,Minimum Request Timestamp,ns,avg,1780554263973430784.00
116,1780554263323170560,1780554264323170560,OSL Mismatch Count,requests,avg,0.00
116,1780554263323170560,1780554264323170560,OSL Mismatch Diff %,%,avg,0.00
116,1780554263323170560,1780554264323170560,OSL Mismatch Diff %,%,min,0.00
116,1780554263323170560,1780554264323170560,OSL Mismatch Diff %,%,max,0.00
116,1780554263323170560,1780554264323170560,OSL Mismatch Diff %,%,sum,0.00
116,1780554263323170560,1780554264323170560,OSL Mismatch Diff %,%,p1,0.00
116,1780554263323170560,1780554264323170560,OSL Mismatch Diff %,%,p5,0.00
116,1780554263323170560,1780554264323170560,OSL Mismatch Diff %,%,p10,0.00
116,1780554263323170560,1780554264323170560,OSL Mismatch Diff %,%,p25,0.00
116,1780554263323170560,1780554264323170560,OSL Mismatch Diff %,%,p50,0.00
116,1780554263323170560,1780554264323170560,OSL Mismatch Diff %,%,p75,0.00
116,1780554263323170560,1780554264323170560,OSL Mismatch Diff %,%,p90,0.00
116,1780554263323170560,1780554264323170560,OSL Mismatch Diff %,%,p95,0.00
116,1780554263323170560,1780554264323170560,OSL Mismatch Diff %,%,p99,0.00
116,1780554263323170560,1780554264323170560,OSL Mismatch Diff %,%,std,0.00
116,1780554263323170560,1780554264323170560,Output Sequence Length,tokens,avg,268.00
116,1780554263323170560,1780554264323170560,Output Sequence Length,tokens,min,268.00
116,1780554263323170560,1780554264323170560,Output Sequence Length,tokens,max,268.00
116,1780554263323170560,1780554264323170560,Output Sequence Length,tokens,sum,268.00
116,1780554263323170560,1780554264323170560,Output Sequence Length,tokens,p1,268.00
116,1780554263323170560,1780554264323170560,Output Sequence Length,tokens,p5,268.00
116,1780554263323170560,1780554264323170560,Output Sequence Length,tokens,p10,268.00
116,1780554263323170560,1780554264323170560,Output Sequence Length,tokens,p25,268.00
116,1780554263323170560,1780554264323170560,Output Sequence Length,tokens,p50,268.00
116,1780554263323170560,1780554264323170560,Output Sequence Length,tokens,p75,268.00
116,1780554263323170560,1780554264323170560,Output Sequence Length,tokens,p90,268.00
116,1780554263323170560,1780554264323170560,Output Sequence Length,tokens,p95,268.00
116,1780554263323170560,1780554264323170560,Output Sequence Length,tokens,p99,268.00
116,1780554263323170560,1780554264323170560,Output Sequence Length,tokens,std,0.00
116,1780554263323170560,1780554264323170560,Output Token Count,tokens,avg,268.00
116,1780554263323170560,1780554264323170560,Output Token Count,tokens,min,268.00
116,1780554263323170560,1780554264323170560,Output Token Count,tokens,max,268.00
116,1780554263323170560,1780554264323170560,Output Token Count,tokens,sum,268.00
116,1780554263323170560,1780554264323170560,Output Token Count,tokens,p1,268.00
116,1780554263323170560,1780554264323170560,Output Token Count,tokens,p5,268.00
116,1780554263323170560,1780554264323170560,Output Token Count,tokens,p10,268.00
116,1780554263323170560,1780554264323170560,Output Token Count,tokens,p25,268.00
116,1780554263323170560,1780554264323170560,Output Token Count,tokens,p50,268.00
116,1780554263323170560,1780554264323170560,Output Token Count,tokens,p75,268.00
116,1780554263323170560,1780554264323170560,Output Token Count,tokens,p90,268.00
116,1780554263323170560,1780554264323170560,Output Token Count,tokens,p95,268.00
116,1780554263323170560,1780554264323170560,Output Token Count,tokens,p99,268.00
116,1780554263323170560,1780554264323170560,Output Token Count,tokens,std,0.00
116,1780554263323170560,1780554264323170560,Output Token Throughput,tokens/sec,avg,268.00
116,1780554263323170560,1780554264323170560,Output Token Throughput Per User,tokens/sec/user,avg,18.93
116,1780554263323170560,1780554264323170560,Output Token Throughput Per User,tokens/sec/user,min,18.93
116,1780554263323170560,1780554264323170560,Output Token Throughput Per User,tokens/sec/user,max,18.93
116,1780554263323170560,1780554264323170560,Output Token Throughput Per User,tokens/sec/user,sum,18.93
116,1780554263323170560,1780554264323170560,Output Token Throughput Per User,tokens/sec/user,p1,18.93
116,1780554263323170560,1780554264323170560,Output Token Throughput Per User,tokens/sec/user,p5,18.93
116,1780554263323170560,1780554264323170560,Output Token Throughput Per User,tokens/sec/user,p10,18.93
116,1780554263323170560,1780554264323170560,Output Token Throughput Per User,tokens/sec/user,p25,18.93
116,1780554263323170560,1780554264323170560,Output Token Throughput Per User,tokens/sec/user,p50,18.93
116,1780554263323170560,1780554264323170560,Output Token Throughput Per User,tokens/sec/user,p75,18.93
116,1780554263323170560,1780554264323170560,Output Token Throughput Per User,tokens/sec/user,p90,18.93
116,1780554263323170560,1780554264323170560,Output Token Throughput Per User,tokens/sec/user,p95,18.93
116,1780554263323170560,1780554264323170560,Output Token Throughput Per User,tokens/sec/user,p99,18.93
116,1780554263323170560,1780554264323170560,Output Token Throughput Per User,tokens/sec/user,std,0.00
116,1780554263323170560,1780554264323170560,Prefill Throughput Per User,tokens/sec/user,avg,160720.77
116,1780554263323170560,1780554264323170560,Prefill Throughput Per User,tokens/sec/user,min,160720.77
116,1780554263323170560,1780554264323170560,Prefill Throughput Per User,tokens/sec/user,max,160720.77
116,1780554263323170560,1780554264323170560,Prefill Throughput Per User,tokens/sec/user,sum,160720.77
116,1780554263323170560,1780554264323170560,Prefill Throughput Per User,tokens/sec/user,p1,160720.77
116,1780554263323170560,1780554264323170560,Prefill Throughput Per User,tokens/sec/user,p5,160720.77
116,1780554263323170560,1780554264323170560,Prefill Throughput Per User,tokens/sec/user,p10,160720.77
116,1780554263323170560,1780554264323170560,Prefill Throughput Per User,tokens/sec/user,p25,160720.77
116,1780554263323170560,1780554264323170560,Prefill Throughput Per User,tokens/sec/user,p50,160720.77
116,1780554263323170560,1780554264323170560,Prefill Throughput Per User,tokens/sec/user,p75,160720.77
116,1780554263323170560,1780554264323170560,Prefill Throughput Per User,tokens/sec/user,p90,160720.77
116,1780554263323170560,1780554264323170560,Prefill Throughput Per User,tokens/sec/user,p95,160720.77
116,1780554263323170560,1780554264323170560,Prefill Throughput Per User,tokens/sec/user,p99,160720.77
116,1780554263323170560,1780554264323170560,Prefill Throughput Per User,tokens/sec/user,std,0.00
116,1780554263323170560,1780554264323170560,Request Count,requests,avg,1.00
116,1780554263323170560,1780554264323170560,Request Latency,ms,avg,14859.79
116,1780554263323170560,1780554264323170560,Request Latency,ms,min,14859.79
116,1780554263323170560,1780554264323170560,Request Latency,ms,max,14859.79
116,1780554263323170560,1780554264323170560,Request Latency,ms,sum,14859.79
116,1780554263323170560,1780554264323170560,Request Latency,ms,p1,14859.79
116,1780554263323170560,1780554264323170560,Request Latency,ms,p5,14859.79
116,1780554263323170560,1780554264323170560,Request Latency,ms,p10,14859.79
116,1780554263323170560,1780554264323170560,Request Latency,ms,p25,14859.79
116,1780554263323170560,1780554264323170560,Request Latency,ms,p50,14859.79
116,1780554263323170560,1780554264323170560,Request Latency,ms,p75,14859.79
116,1780554263323170560,1780554264323170560,Request Latency,ms,p90,14859.79
116,1780554263323170560,1780554264323170560,Request Latency,ms,p95,14859.79
116,1780554263323170560,1780554264323170560,Request Latency,ms,p99,14859.79
116,1780554263323170560,1780554264323170560,Request Latency,ms,std,0.00
116,1780554263323170560,1780554264323170560,Request Throughput,requests/sec,avg,1.00
116,1780554263323170560,1780554264323170560,Requested OSL,tokens,avg,268.00
116,1780554263323170560,1780554264323170560,Requested OSL,tokens,min,268.00
116,1780554263323170560,1780554264323170560,Requested OSL,tokens,max,268.00
116,1780554263323170560,1780554264323170560,Requested OSL,tokens,sum,268.00
116,1780554263323170560,1780554264323170560,Requested OSL,tokens,p1,268.00
116,1780554263323170560,1780554264323170560,Requested OSL,tokens,p5,268.00
116,1780554263323170560,1780554264323170560,Requested OSL,tokens,p10,268.00
116,1780554263323170560,1780554264323170560,Requested OSL,tokens,p25,268.00
116,1780554263323170560,1780554264323170560,Requested OSL,tokens,p50,268.00
116,1780554263323170560,1780554264323170560,Requested OSL,tokens,p75,268.00
116,1780554263323170560,1780554264323170560,Requested OSL,tokens,p90,268.00
116,1780554263323170560,1780554264323170560,Requested OSL,tokens,p95,268.00
116,1780554263323170560,1780554264323170560,Requested OSL,tokens,p99,268.00
116,1780554263323170560,1780554264323170560,Requested OSL,tokens,std,0.00
116,1780554263323170560,1780554264323170560,Time to First Output Token,ms,avg,751.99
116,1780554263323170560,1780554264323170560,Time to First Output Token,ms,min,751.99
116,1780554263323170560,1780554264323170560,Time to First Output Token,ms,max,751.99
116,1780554263323170560,1780554264323170560,Time to First Output Token,ms,sum,751.99
116,1780554263323170560,1780554264323170560,Time to First Output Token,ms,p1,751.99
116,1780554263323170560,1780554264323170560,Time to First Output Token,ms,p5,751.99
116,1780554263323170560,1780554264323170560,Time to First Output Token,ms,p10,751.99
116,1780554263323170560,1780554264323170560,Time to First Output Token,ms,p25,751.99
116,1780554263323170560,1780554264323170560,Time to First Output Token,ms,p50,751.99
116,1780554263323170560,1780554264323170560,Time to First Output Token,ms,p75,751.99
116,1780554263323170560,1780554264323170560,Time to First Output Token,ms,p90,751.99
116,1780554263323170560,1780554264323170560,Time to First Output Token,ms,p95,751.99
116,1780554263323170560,1780554264323170560,Time to First Output Token,ms,p99,751.99
116,1780554263323170560,1780554264323170560,Time to First Output Token,ms,std,0.00
116,1780554263323170560,1780554264323170560,Time to First Token,ms,avg,751.99
116,1780554263323170560,1780554264323170560,Time to First Token,ms,min,751.99
116,1780554263323170560,1780554264323170560,Time to First Token,ms,max,751.99
116,1780554263323170560,1780554264323170560,Time to First Token,ms,sum,751.99
116,1780554263323170560,1780554264323170560,Time to First Token,ms,p1,751.99
116,1780554263323170560,1780554264323170560,Time to First Token,ms,p5,751.99
116,1780554263323170560,1780554264323170560,Time to First Token,ms,p10,751.99
116,1780554263323170560,1780554264323170560,Time to First Token,ms,p25,751.99
116,1780554263323170560,1780554264323170560,Time to First Token,ms,p50,751.99
116,1780554263323170560,1780554264323170560,Time to First Token,ms,p75,751.99
116,1780554263323170560,1780554264323170560,Time to First Token,ms,p90,751.99
116,1780554263323170560,1780554264323170560,Time to First Token,ms,p95,751.99
116,1780554263323170560,1780554264323170560,Time to First Token,ms,p99,751.99
116,1780554263323170560,1780554264323170560,Time to First Token,ms,std,0.00
116,1780554263323170560,1780554264323170560,Time to Second Token,ms,avg,0.60
116,1780554263323170560,1780554264323170560,Time to Second Token,ms,min,0.60
116,1780554263323170560,1780554264323170560,Time to Second Token,ms,max,0.60
116,1780554263323170560,1780554264323170560,Time to Second Token,ms,sum,0.60
116,1780554263323170560,1780554264323170560,Time to Second Token,ms,p1,0.60
116,1780554263323170560,1780554264323170560,Time to Second Token,ms,p5,0.60
116,1780554263323170560,1780554264323170560,Time to Second Token,ms,p10,0.60
116,1780554263323170560,1780554264323170560,Time to Second Token,ms,p25,0.60
116,1780554263323170560,1780554264323170560,Time to Second Token,ms,p50,0.60
116,1780554263323170560,1780554264323170560,Time to Second Token,ms,p75,0.60
116,1780554263323170560,1780554264323170560,Time to Second Token,ms,p90,0.60
116,1780554263323170560,1780554264323170560,Time to Second Token,ms,p95,0.60
116,1780554263323170560,1780554264323170560,Time to Second Token,ms,p99,0.60
116,1780554263323170560,1780554264323170560,Time to Second Token,ms,std,0.00
116,1780554263323170560,1780554264323170560,Tokens In Flight,tokens,avg,761420.61
116,1780554263323170560,1780554264323170560,Tokens In Flight,tokens,min,719120.66
116,1780554263323170560,1780554264323170560,Tokens In Flight,tokens,max,840040.75
116,1780554263323170560,1780554264323170560,Tokens In Flight,tokens,p50,719151.71
116,1780554263323170560,1780554264323170560,Tokens In Flight,tokens,p90,840035.74
116,1780554263323170560,1780554264323170560,Tokens In Flight,tokens,p95,840036.74
116,1780554263323170560,1780554264323170560,Tokens In Flight,tokens,p99,840040.75
116,1780554263323170560,1780554264323170560,Tokens In Flight,tokens,std,57650.90
116,1780554263323170560,1780554264323170560,Total Input Sequence Length,tokens,avg,120861.00
116,1780554263323170560,1780554264323170560,Total Output Sequence Length,tokens,avg,268.00
116,1780554263323170560,1780554264323170560,Total Output Tokens,tokens,avg,268.00
116,1780554263323170560,1780554264323170560,Total Token Throughput,tokens/sec,avg,121129.00
116,1780554263323170560,1780554264323170560,Total Usage Completion Tokens,tokens,avg,268.00
116,1780554263323170560,1780554264323170560,Total Usage Prompt Tokens,tokens,avg,120861.00
116,1780554263323170560,1780554264323170560,Total Usage Total Tokens,tokens,avg,121129.00
116,1780554263323170560,1780554264323170560,Usage Completion Tokens,tokens,avg,268.00
116,1780554263323170560,1780554264323170560,Usage Completion Tokens,tokens,min,268.00
116,1780554263323170560,1780554264323170560,Usage Completion Tokens,tokens,max,268.00
116,1780554263323170560,1780554264323170560,Usage Completion Tokens,tokens,sum,268.00
116,1780554263323170560,1780554264323170560,Usage Completion Tokens,tokens,p1,268.00
116,1780554263323170560,1780554264323170560,Usage Completion Tokens,tokens,p5,268.00
116,1780554263323170560,1780554264323170560,Usage Completion Tokens,tokens,p10,268.00
116,1780554263323170560,1780554264323170560,Usage Completion Tokens,tokens,p25,268.00
116,1780554263323170560,1780554264323170560,Usage Completion Tokens,tokens,p50,268.00
116,1780554263323170560,1780554264323170560,Usage Completion Tokens,tokens,p75,268.00
116,1780554263323170560,1780554264323170560,Usage Completion Tokens,tokens,p90,268.00
116,1780554263323170560,1780554264323170560,Usage Completion Tokens,tokens,p95,268.00
116,1780554263323170560,1780554264323170560,Usage Completion Tokens,tokens,p99,268.00
116,1780554263323170560,1780554264323170560,Usage Completion Tokens,tokens,std,0.00
116,1780554263323170560,1780554264323170560,Usage Prompt Tokens,tokens,avg,120861.00
116,1780554263323170560,1780554264323170560,Usage Prompt Tokens,tokens,min,120861.00
116,1780554263323170560,1780554264323170560,Usage Prompt Tokens,tokens,max,120861.00
116,1780554263323170560,1780554264323170560,Usage Prompt Tokens,tokens,sum,120861.00
116,1780554263323170560,1780554264323170560,Usage Prompt Tokens,tokens,p1,120861.00
116,1780554263323170560,1780554264323170560,Usage Prompt Tokens,tokens,p5,120861.00
116,1780554263323170560,1780554264323170560,Usage Prompt Tokens,tokens,p10,120861.00
116,1780554263323170560,1780554264323170560,Usage Prompt Tokens,tokens,p25,120861.00
116,1780554263323170560,1780554264323170560,Usage Prompt Tokens,tokens,p50,120861.00
116,1780554263323170560,1780554264323170560,Usage Prompt Tokens,tokens,p75,120861.00
116,1780554263323170560,1780554264323170560,Usage Prompt Tokens,tokens,p90,120861.00
116,1780554263323170560,1780554264323170560,Usage Prompt Tokens,tokens,p95,120861.00
116,1780554263323170560,1780554264323170560,Usage Prompt Tokens,tokens,p99,120861.00
116,1780554263323170560,1780554264323170560,Usage Prompt Tokens,tokens,std,0.00
116,1780554263323170560,1780554264323170560,Usage Total Tokens,tokens,avg,121129.00
116,1780554263323170560,1780554264323170560,Usage Total Tokens,tokens,min,121129.00
116,1780554263323170560,1780554264323170560,Usage Total Tokens,tokens,max,121129.00
116,1780554263323170560,1780554264323170560,Usage Total Tokens,tokens,sum,121129.00
116,1780554263323170560,1780554264323170560,Usage Total Tokens,tokens,p1,121129.00
116,1780554263323170560,1780554264323170560,Usage Total Tokens,tokens,p5,121129.00
116,1780554263323170560,1780554264323170560,Usage Total Tokens,tokens,p10,121129.00
116,1780554263323170560,1780554264323170560,Usage Total Tokens,tokens,p25,121129.00
116,1780554263323170560,1780554264323170560,Usage Total Tokens,tokens,p50,121129.00
116,1780554263323170560,1780554264323170560,Usage Total Tokens,tokens,p75,121129.00
116,1780554263323170560,1780554264323170560,Usage Total Tokens,tokens,p90,121129.00
116,1780554263323170560,1780554264323170560,Usage Total Tokens,tokens,p95,121129.00
116,1780554263323170560,1780554264323170560,Usage Total Tokens,tokens,p99,121129.00
116,1780554263323170560,1780554264323170560,Usage Total Tokens,tokens,std,0.00
117,1780554267323170560,1780554268323170560,Active Decode Throughput,tokens/sec,avg,72.52
117,1780554267323170560,1780554268323170560,Active Decode Throughput,tokens/sec,min,57.81
117,1780554267323170560,1780554268323170560,Active Decode Throughput,tokens/sec,max,87.23
117,1780554267323170560,1780554268323170560,Active Decode Throughput,tokens/sec,p50,72.52
117,1780554267323170560,1780554268323170560,Active Decode Throughput,tokens/sec,p90,72.52
117,1780554267323170560,1780554268323170560,Active Decode Throughput,tokens/sec,p95,72.52
117,1780554267323170560,1780554268323170560,Active Decode Throughput,tokens/sec,p99,72.52
117,1780554267323170560,1780554268323170560,Active Decode Throughput,tokens/sec,std,0.03
117,1780554267323170560,1780554268323170560,Active Decode Throughput Per User,tokens/sec/user,avg,9.20
117,1780554267323170560,1780554268323170560,Active Decode Throughput Per User,tokens/sec/user,min,7.23
117,1780554267323170560,1780554268323170560,Active Decode Throughput Per User,tokens/sec/user,max,10.90
117,1780554267323170560,1780554268323170560,Active Decode Throughput Per User,tokens/sec/user,p50,9.07
117,1780554267323170560,1780554268323170560,Active Decode Throughput Per User,tokens/sec/user,p90,10.36
117,1780554267323170560,1780554268323170560,Active Decode Throughput Per User,tokens/sec/user,p95,10.36
117,1780554267323170560,1780554268323170560,Active Decode Throughput Per User,tokens/sec/user,p99,10.36
117,1780554267323170560,1780554268323170560,Active Decode Throughput Per User,tokens/sec/user,std,0.66
117,1780554267323170560,1780554268323170560,Active Prefill Throughput,tokens/sec,avg,152440.62
117,1780554267323170560,1780554268323170560,Active Prefill Throughput,tokens/sec,min,152440.62
117,1780554267323170560,1780554268323170560,Active Prefill Throughput,tokens/sec,max,152440.62
117,1780554267323170560,1780554268323170560,Active Prefill Throughput,tokens/sec,p50,152440.62
117,1780554267323170560,1780554268323170560,Active Prefill Throughput,tokens/sec,p90,152440.62
117,1780554267323170560,1780554268323170560,Active Prefill Throughput,tokens/sec,p95,152440.62
117,1780554267323170560,1780554268323170560,Active Prefill Throughput,tokens/sec,p99,152440.62
117,1780554267323170560,1780554268323170560,Active Prefill Throughput,tokens/sec,std,0.00
117,1780554267323170560,1780554268323170560,Active Prefill Throughput Per User,tokens/sec/user,avg,152440.62
117,1780554267323170560,1780554268323170560,Active Prefill Throughput Per User,tokens/sec/user,min,152440.62
117,1780554267323170560,1780554268323170560,Active Prefill Throughput Per User,tokens/sec/user,max,152440.62
117,1780554267323170560,1780554268323170560,Active Prefill Throughput Per User,tokens/sec/user,p50,152440.62
117,1780554267323170560,1780554268323170560,Active Prefill Throughput Per User,tokens/sec/user,p90,152440.62
117,1780554267323170560,1780554268323170560,Active Prefill Throughput Per User,tokens/sec/user,p95,152440.62
117,1780554267323170560,1780554268323170560,Active Prefill Throughput Per User,tokens/sec/user,p99,152440.62
117,1780554267323170560,1780554268323170560,Active Prefill Throughput Per User,tokens/sec/user,std,0.00
117,1780554267323170560,1780554268323170560,Active Total Throughput,tokens/sec,avg,35903.75
117,1780554267323170560,1780554268323170560,Active Total Throughput,tokens/sec,min,80.38
117,1780554267323170560,1780554268323170560,Active Total Throughput,tokens/sec,max,152521.01
117,1780554267323170560,1780554268323170560,Active Total Throughput,tokens/sec,p50,80.38
117,1780554267323170560,1780554268323170560,Active Total Throughput,tokens/sec,p90,152513.44
117,1780554267323170560,1780554268323170560,Active Total Throughput,tokens/sec,p95,152513.44
117,1780554267323170560,1780554268323170560,Active Total Throughput,tokens/sec,p99,152521.01
117,1780554267323170560,1780554268323170560,Active Total Throughput,tokens/sec,std,64631.64
117,1780554267323170560,1780554268323170560,Benchmark Duration,sec,avg,151.97
117,1780554267323170560,1780554268323170560,E2E Output Token Throughput,tokens/sec/user,avg,5.86
117,1780554267323170560,1780554268323170560,E2E Output Token Throughput,tokens/sec/user,min,5.86
117,1780554267323170560,1780554268323170560,E2E Output Token Throughput,tokens/sec/user,max,5.86
117,1780554267323170560,1780554268323170560,E2E Output Token Throughput,tokens/sec/user,sum,5.86
117,1780554267323170560,1780554268323170560,E2E Output Token Throughput,tokens/sec/user,p1,5.86
117,1780554267323170560,1780554268323170560,E2E Output Token Throughput,tokens/sec/user,p5,5.86
117,1780554267323170560,1780554268323170560,E2E Output Token Throughput,tokens/sec/user,p10,5.86
117,1780554267323170560,1780554268323170560,E2E Output Token Throughput,tokens/sec/user,p25,5.86
117,1780554267323170560,1780554268323170560,E2E Output Token Throughput,tokens/sec/user,p50,5.86
117,1780554267323170560,1780554268323170560,E2E Output Token Throughput,tokens/sec/user,p75,5.86
117,1780554267323170560,1780554268323170560,E2E Output Token Throughput,tokens/sec/user,p90,5.86
117,1780554267323170560,1780554268323170560,E2E Output Token Throughput,tokens/sec/user,p95,5.86
117,1780554267323170560,1780554268323170560,E2E Output Token Throughput,tokens/sec/user,p99,5.86
117,1780554267323170560,1780554268323170560,E2E Output Token Throughput,tokens/sec/user,std,0.00
117,1780554267323170560,1780554268323170560,Effective Concurrency,requests,avg,8.16
117,1780554267323170560,1780554268323170560,Effective Concurrency,requests,min,8.00
117,1780554267323170560,1780554268323170560,Effective Concurrency,requests,max,9.00
117,1780554267323170560,1780554268323170560,Effective Concurrency,requests,p50,8.00
117,1780554267323170560,1780554268323170560,Effective Concurrency,requests,p90,9.00
117,1780554267323170560,1780554268323170560,Effective Concurrency,requests,p95,9.00
117,1780554267323170560,1780554268323170560,Effective Concurrency,requests,p99,9.00
117,1780554267323170560,1780554268323170560,Effective Concurrency,requests,std,0.37
117,1780554267323170560,1780554268323170560,Effective Decode Concurrency,requests,avg,7.93
117,1780554267323170560,1780554268323170560,Effective Decode Concurrency,requests,min,7.00
117,1780554267323170560,1780554268323170560,Effective Decode Concurrency,requests,max,9.00
117,1780554267323170560,1780554268323170560,Effective Decode Concurrency,requests,p50,8.00
117,1780554267323170560,1780554268323170560,Effective Decode Concurrency,requests,p90,9.00
117,1780554267323170560,1780554268323170560,Effective Decode Concurrency,requests,p95,9.00
117,1780554267323170560,1780554268323170560,Effective Decode Concurrency,requests,p99,9.00
117,1780554267323170560,1780554268323170560,Effective Decode Concurrency,requests,std,0.56
117,1780554267323170560,1780554268323170560,Effective Decode Throughput,tokens/sec,avg,72.52
117,1780554267323170560,1780554268323170560,Effective Decode Throughput,tokens/sec,min,57.81
117,1780554267323170560,1780554268323170560,Effective Decode Throughput,tokens/sec,max,87.23
117,1780554267323170560,1780554268323170560,Effective Decode Throughput,tokens/sec,p50,72.52
117,1780554267323170560,1780554268323170560,Effective Decode Throughput,tokens/sec,p90,72.52
117,1780554267323170560,1780554268323170560,Effective Decode Throughput,tokens/sec,p95,72.52
117,1780554267323170560,1780554268323170560,Effective Decode Throughput,tokens/sec,p99,72.52
117,1780554267323170560,1780554268323170560,Effective Decode Throughput,tokens/sec,std,0.03
117,1780554267323170560,1780554268323170560,Effective Decode Throughput Per User,tokens/sec/user,avg,9.20
117,1780554267323170560,1780554268323170560,Effective Decode Throughput Per User,tokens/sec/user,min,7.23
117,1780554267323170560,1780554268323170560,Effective Decode Throughput Per User,tokens/sec/user,max,10.90
117,1780554267323170560,1780554268323170560,Effective Decode Throughput Per User,tokens/sec/user,p50,9.07
117,1780554267323170560,1780554268323170560,Effective Decode Throughput Per User,tokens/sec/user,p90,10.36
117,1780554267323170560,1780554268323170560,Effective Decode Throughput Per User,tokens/sec/user,p95,10.36
117,1780554267323170560,1780554268323170560,Effective Decode Throughput Per User,tokens/sec/user,p99,10.36
117,1780554267323170560,1780554268323170560,Effective Decode Throughput Per User,tokens/sec/user,std,0.66
117,1780554267323170560,1780554268323170560,Effective Prefill Concurrency,requests,avg,0.24
117,1780554267323170560,1780554268323170560,Effective Prefill Concurrency,requests,min,0.00
117,1780554267323170560,1780554268323170560,Effective Prefill Concurrency,requests,max,1.00
117,1780554267323170560,1780554268323170560,Effective Prefill Concurrency,requests,p50,0.00
117,1780554267323170560,1780554268323170560,Effective Prefill Concurrency,requests,p90,1.00
117,1780554267323170560,1780554268323170560,Effective Prefill Concurrency,requests,p95,1.00
117,1780554267323170560,1780554268323170560,Effective Prefill Concurrency,requests,p99,1.00
117,1780554267323170560,1780554268323170560,Effective Prefill Concurrency,requests,std,0.42
117,1780554267323170560,1780554268323170560,Effective Prefill Throughput,tokens/sec,avg,35823.91
117,1780554267323170560,1780554268323170560,Effective Prefill Throughput,tokens/sec,min,0.00
117,1780554267323170560,1780554268323170560,Effective Prefill Throughput,tokens/sec,max,152440.62
117,1780554267323170560,1780554268323170560,Effective Prefill Throughput,tokens/sec,p50,0.00
117,1780554267323170560,1780554268323170560,Effective Prefill Throughput,tokens/sec,p90,152440.62
117,1780554267323170560,1780554268323170560,Effective Prefill Throughput,tokens/sec,p95,152440.62
117,1780554267323170560,1780554268323170560,Effective Prefill Throughput,tokens/sec,p99,152440.62
117,1780554267323170560,1780554268323170560,Effective Prefill Throughput,tokens/sec,std,64634.87
117,1780554267323170560,1780554268323170560,Effective Prefill Throughput Per User,tokens/sec/user,avg,35823.91
117,1780554267323170560,1780554268323170560,Effective Prefill Throughput Per User,tokens/sec/user,min,0.00
117,1780554267323170560,1780554268323170560,Effective Prefill Throughput Per User,tokens/sec/user,max,152440.62
117,1780554267323170560,1780554268323170560,Effective Prefill Throughput Per User,tokens/sec/user,p50,0.00
117,1780554267323170560,1780554268323170560,Effective Prefill Throughput Per User,tokens/sec/user,p90,152440.62
117,1780554267323170560,1780554268323170560,Effective Prefill Throughput Per User,tokens/sec/user,p95,152440.62
117,1780554267323170560,1780554268323170560,Effective Prefill Throughput Per User,tokens/sec/user,p99,152440.62
117,1780554267323170560,1780554268323170560,Effective Prefill Throughput Per User,tokens/sec/user,std,64634.87
117,1780554267323170560,1780554268323170560,Effective Total Throughput,tokens/sec,avg,35903.75
117,1780554267323170560,1780554268323170560,Effective Total Throughput,tokens/sec,min,80.38
117,1780554267323170560,1780554268323170560,Effective Total Throughput,tokens/sec,max,152521.01
117,1780554267323170560,1780554268323170560,Effective Total Throughput,tokens/sec,p50,80.38
117,1780554267323170560,1780554268323170560,Effective Total Throughput,tokens/sec,p90,152513.44
117,1780554267323170560,1780554268323170560,Effective Total Throughput,tokens/sec,p95,152513.44
117,1780554267323170560,1780554268323170560,Effective Total Throughput,tokens/sec,p99,152521.01
117,1780554267323170560,1780554268323170560,Effective Total Throughput,tokens/sec,std,64631.64
117,1780554267323170560,1780554268323170560,HTTP Blocked,ms,avg,0.00
117,1780554267323170560,1780554268323170560,HTTP Blocked,ms,min,0.00
117,1780554267323170560,1780554268323170560,HTTP Blocked,ms,max,0.00
117,1780554267323170560,1780554268323170560,HTTP Blocked,ms,sum,0.00
117,1780554267323170560,1780554268323170560,HTTP Blocked,ms,p1,0.00
117,1780554267323170560,1780554268323170560,HTTP Blocked,ms,p5,0.00
117,1780554267323170560,1780554268323170560,HTTP Blocked,ms,p10,0.00
117,1780554267323170560,1780554268323170560,HTTP Blocked,ms,p25,0.00
117,1780554267323170560,1780554268323170560,HTTP Blocked,ms,p50,0.00
117,1780554267323170560,1780554268323170560,HTTP Blocked,ms,p75,0.00
117,1780554267323170560,1780554268323170560,HTTP Blocked,ms,p90,0.00
117,1780554267323170560,1780554268323170560,HTTP Blocked,ms,p95,0.00
117,1780554267323170560,1780554268323170560,HTTP Blocked,ms,p99,0.00
117,1780554267323170560,1780554268323170560,HTTP Blocked,ms,std,0.00
117,1780554267323170560,1780554268323170560,HTTP Chunks Received,count,avg,890.00
117,1780554267323170560,1780554268323170560,HTTP Chunks Received,count,min,890.00
117,1780554267323170560,1780554268323170560,HTTP Chunks Received,count,max,890.00
117,1780554267323170560,1780554268323170560,HTTP Chunks Received,count,sum,890.00
117,1780554267323170560,1780554268323170560,HTTP Chunks Received,count,p1,890.00
117,1780554267323170560,1780554268323170560,HTTP Chunks Received,count,p5,890.00
117,1780554267323170560,1780554268323170560,HTTP Chunks Received,count,p10,890.00
117,1780554267323170560,1780554268323170560,HTTP Chunks Received,count,p25,890.00
117,1780554267323170560,1780554268323170560,HTTP Chunks Received,count,p50,890.00
117,1780554267323170560,1780554268323170560,HTTP Chunks Received,count,p75,890.00
117,1780554267323170560,1780554268323170560,HTTP Chunks Received,count,p90,890.00
117,1780554267323170560,1780554268323170560,HTTP Chunks Received,count,p95,890.00
117,1780554267323170560,1780554268323170560,HTTP Chunks Received,count,p99,890.00
117,1780554267323170560,1780554268323170560,HTTP Chunks Received,count,std,0.00
117,1780554267323170560,1780554268323170560,HTTP Chunks Sent,count,avg,1.00
117,1780554267323170560,1780554268323170560,HTTP Chunks Sent,count,min,1.00
117,1780554267323170560,1780554268323170560,HTTP Chunks Sent,count,max,1.00
117,1780554267323170560,1780554268323170560,HTTP Chunks Sent,count,sum,1.00
117,1780554267323170560,1780554268323170560,HTTP Chunks Sent,count,p1,1.00
117,1780554267323170560,1780554268323170560,HTTP Chunks Sent,count,p5,1.00
117,1780554267323170560,1780554268323170560,HTTP Chunks Sent,count,p10,1.00
117,1780554267323170560,1780554268323170560,HTTP Chunks Sent,count,p25,1.00
117,1780554267323170560,1780554268323170560,HTTP Chunks Sent,count,p50,1.00
117,1780554267323170560,1780554268323170560,HTTP Chunks Sent,count,p75,1.00
117,1780554267323170560,1780554268323170560,HTTP Chunks Sent,count,p90,1.00
117,1780554267323170560,1780554268323170560,HTTP Chunks Sent,count,p95,1.00
117,1780554267323170560,1780554268323170560,HTTP Chunks Sent,count,p99,1.00
117,1780554267323170560,1780554268323170560,HTTP Chunks Sent,count,std,0.00
117,1780554267323170560,1780554268323170560,HTTP Connecting,ms,avg,1.04
117,1780554267323170560,1780554268323170560,HTTP Connecting,ms,min,1.04
117,1780554267323170560,1780554268323170560,HTTP Connecting,ms,max,1.04
117,1780554267323170560,1780554268323170560,HTTP Connecting,ms,sum,1.04
117,1780554267323170560,1780554268323170560,HTTP Connecting,ms,p1,1.04
117,1780554267323170560,1780554268323170560,HTTP Connecting,ms,p5,1.04
117,1780554267323170560,1780554268323170560,HTTP Connecting,ms,p10,1.04
117,1780554267323170560,1780554268323170560,HTTP Connecting,ms,p25,1.04
117,1780554267323170560,1780554268323170560,HTTP Connecting,ms,p50,1.04
117,1780554267323170560,1780554268323170560,HTTP Connecting,ms,p75,1.04
117,1780554267323170560,1780554268323170560,HTTP Connecting,ms,p90,1.04
117,1780554267323170560,1780554268323170560,HTTP Connecting,ms,p95,1.04
117,1780554267323170560,1780554268323170560,HTTP Connecting,ms,p99,1.04
117,1780554267323170560,1780554268323170560,HTTP Connecting,ms,std,0.00
117,1780554267323170560,1780554268323170560,HTTP Connection Overhead,ms,avg,1.47
117,1780554267323170560,1780554268323170560,HTTP Connection Overhead,ms,min,1.47
117,1780554267323170560,1780554268323170560,HTTP Connection Overhead,ms,max,1.47
117,1780554267323170560,1780554268323170560,HTTP Connection Overhead,ms,sum,1.47
117,1780554267323170560,1780554268323170560,HTTP Connection Overhead,ms,p1,1.47
117,1780554267323170560,1780554268323170560,HTTP Connection Overhead,ms,p5,1.47
117,1780554267323170560,1780554268323170560,HTTP Connection Overhead,ms,p10,1.47
117,1780554267323170560,1780554268323170560,HTTP Connection Overhead,ms,p25,1.47
117,1780554267323170560,1780554268323170560,HTTP Connection Overhead,ms,p50,1.47
117,1780554267323170560,1780554268323170560,HTTP Connection Overhead,ms,p75,1.47
117,1780554267323170560,1780554268323170560,HTTP Connection Overhead,ms,p90,1.47
117,1780554267323170560,1780554268323170560,HTTP Connection Overhead,ms,p95,1.47
117,1780554267323170560,1780554268323170560,HTTP Connection Overhead,ms,p99,1.47
117,1780554267323170560,1780554268323170560,HTTP Connection Overhead,ms,std,0.00
117,1780554267323170560,1780554268323170560,HTTP Connection Reused,ratio,avg,0.00
117,1780554267323170560,1780554268323170560,HTTP Connection Reused,ratio,min,0.00
117,1780554267323170560,1780554268323170560,HTTP Connection Reused,ratio,max,0.00
117,1780554267323170560,1780554268323170560,HTTP Connection Reused,ratio,sum,0.00
117,1780554267323170560,1780554268323170560,HTTP Connection Reused,ratio,p1,0.00
117,1780554267323170560,1780554268323170560,HTTP Connection Reused,ratio,p5,0.00
117,1780554267323170560,1780554268323170560,HTTP Connection Reused,ratio,p10,0.00
117,1780554267323170560,1780554268323170560,HTTP Connection Reused,ratio,p25,0.00
117,1780554267323170560,1780554268323170560,HTTP Connection Reused,ratio,p50,0.00
117,1780554267323170560,1780554268323170560,HTTP Connection Reused,ratio,p75,0.00
117,1780554267323170560,1780554268323170560,HTTP Connection Reused,ratio,p90,0.00
117,1780554267323170560,1780554268323170560,HTTP Connection Reused,ratio,p95,0.00
117,1780554267323170560,1780554268323170560,HTTP Connection Reused,ratio,p99,0.00
117,1780554267323170560,1780554268323170560,HTTP Connection Reused,ratio,std,0.00
117,1780554267323170560,1780554268323170560,HTTP Data Received,KB,avg,221.50
117,1780554267323170560,1780554268323170560,HTTP Data Received,KB,min,221.50
117,1780554267323170560,1780554268323170560,HTTP Data Received,KB,max,221.50
117,1780554267323170560,1780554268323170560,HTTP Data Received,KB,sum,221.50
117,1780554267323170560,1780554268323170560,HTTP Data Received,KB,p1,221.50
117,1780554267323170560,1780554268323170560,HTTP Data Received,KB,p5,221.50
117,1780554267323170560,1780554268323170560,HTTP Data Received,KB,p10,221.50
117,1780554267323170560,1780554268323170560,HTTP Data Received,KB,p25,221.50
117,1780554267323170560,1780554268323170560,HTTP Data Received,KB,p50,221.50
117,1780554267323170560,1780554268323170560,HTTP Data Received,KB,p75,221.50
117,1780554267323170560,1780554268323170560,HTTP Data Received,KB,p90,221.50
117,1780554267323170560,1780554268323170560,HTTP Data Received,KB,p95,221.50
117,1780554267323170560,1780554268323170560,HTTP Data Received,KB,p99,221.50
117,1780554267323170560,1780554268323170560,HTTP Data Received,KB,std,0.00
117,1780554267323170560,1780554268323170560,HTTP Data Sent,KB,avg,495.15
117,1780554267323170560,1780554268323170560,HTTP Data Sent,KB,min,495.15
117,1780554267323170560,1780554268323170560,HTTP Data Sent,KB,max,495.15
117,1780554267323170560,1780554268323170560,HTTP Data Sent,KB,sum,495.15
117,1780554267323170560,1780554268323170560,HTTP Data Sent,KB,p1,495.15
117,1780554267323170560,1780554268323170560,HTTP Data Sent,KB,p5,495.15
117,1780554267323170560,1780554268323170560,HTTP Data Sent,KB,p10,495.15
117,1780554267323170560,1780554268323170560,HTTP Data Sent,KB,p25,495.15
117,1780554267323170560,1780554268323170560,HTTP Data Sent,KB,p50,495.15
117,1780554267323170560,1780554268323170560,HTTP Data Sent,KB,p75,495.15
117,1780554267323170560,1780554268323170560,HTTP Data Sent,KB,p90,495.15
117,1780554267323170560,1780554268323170560,HTTP Data Sent,KB,p95,495.15
117,1780554267323170560,1780554268323170560,HTTP Data Sent,KB,p99,495.15
117,1780554267323170560,1780554268323170560,HTTP Data Sent,KB,std,0.00
117,1780554267323170560,1780554268323170560,HTTP DNS Lookup,ms,avg,0.43
117,1780554267323170560,1780554268323170560,HTTP DNS Lookup,ms,min,0.43
117,1780554267323170560,1780554268323170560,HTTP DNS Lookup,ms,max,0.43
117,1780554267323170560,1780554268323170560,HTTP DNS Lookup,ms,sum,0.43
117,1780554267323170560,1780554268323170560,HTTP DNS Lookup,ms,p1,0.43
117,1780554267323170560,1780554268323170560,HTTP DNS Lookup,ms,p5,0.43
117,1780554267323170560,1780554268323170560,HTTP DNS Lookup,ms,p10,0.43
117,1780554267323170560,1780554268323170560,HTTP DNS Lookup,ms,p25,0.43
117,1780554267323170560,1780554268323170560,HTTP DNS Lookup,ms,p50,0.43
117,1780554267323170560,1780554268323170560,HTTP DNS Lookup,ms,p75,0.43
117,1780554267323170560,1780554268323170560,HTTP DNS Lookup,ms,p90,0.43
117,1780554267323170560,1780554268323170560,HTTP DNS Lookup,ms,p95,0.43
117,1780554267323170560,1780554268323170560,HTTP DNS Lookup,ms,p99,0.43
117,1780554267323170560,1780554268323170560,HTTP DNS Lookup,ms,std,0.00
117,1780554267323170560,1780554268323170560,HTTP Duration (excl. conn),ms,avg,151968.52
117,1780554267323170560,1780554268323170560,HTTP Duration (excl. conn),ms,min,151968.52
117,1780554267323170560,1780554268323170560,HTTP Duration (excl. conn),ms,max,151968.52
117,1780554267323170560,1780554268323170560,HTTP Duration (excl. conn),ms,sum,151968.52
117,1780554267323170560,1780554268323170560,HTTP Duration (excl. conn),ms,p1,151968.52
117,1780554267323170560,1780554268323170560,HTTP Duration (excl. conn),ms,p5,151968.52
117,1780554267323170560,1780554268323170560,HTTP Duration (excl. conn),ms,p10,151968.52
117,1780554267323170560,1780554268323170560,HTTP Duration (excl. conn),ms,p25,151968.52
117,1780554267323170560,1780554268323170560,HTTP Duration (excl. conn),ms,p50,151968.52
117,1780554267323170560,1780554268323170560,HTTP Duration (excl. conn),ms,p75,151968.52
117,1780554267323170560,1780554268323170560,HTTP Duration (excl. conn),ms,p90,151968.52
117,1780554267323170560,1780554268323170560,HTTP Duration (excl. conn),ms,p95,151968.52
117,1780554267323170560,1780554268323170560,HTTP Duration (excl. conn),ms,p99,151968.52
117,1780554267323170560,1780554268323170560,HTTP Duration (excl. conn),ms,std,0.00
117,1780554267323170560,1780554268323170560,HTTP Receiving,ms,avg,151138.04
117,1780554267323170560,1780554268323170560,HTTP Receiving,ms,min,151138.04
117,1780554267323170560,1780554268323170560,HTTP Receiving,ms,max,151138.04
117,1780554267323170560,1780554268323170560,HTTP Receiving,ms,sum,151138.04
117,1780554267323170560,1780554268323170560,HTTP Receiving,ms,p1,151138.04
117,1780554267323170560,1780554268323170560,HTTP Receiving,ms,p5,151138.04
117,1780554267323170560,1780554268323170560,HTTP Receiving,ms,p10,151138.04
117,1780554267323170560,1780554268323170560,HTTP Receiving,ms,p25,151138.04
117,1780554267323170560,1780554268323170560,HTTP Receiving,ms,p50,151138.04
117,1780554267323170560,1780554268323170560,HTTP Receiving,ms,p75,151138.04
117,1780554267323170560,1780554268323170560,HTTP Receiving,ms,p90,151138.04
117,1780554267323170560,1780554268323170560,HTTP Receiving,ms,p95,151138.04
117,1780554267323170560,1780554268323170560,HTTP Receiving,ms,p99,151138.04
117,1780554267323170560,1780554268323170560,HTTP Receiving,ms,std,0.00
117,1780554267323170560,1780554268323170560,HTTP Sending,ms,avg,1.29
117,1780554267323170560,1780554268323170560,HTTP Sending,ms,min,1.29
117,1780554267323170560,1780554268323170560,HTTP Sending,ms,max,1.29
117,1780554267323170560,1780554268323170560,HTTP Sending,ms,sum,1.29
117,1780554267323170560,1780554268323170560,HTTP Sending,ms,p1,1.29
117,1780554267323170560,1780554268323170560,HTTP Sending,ms,p5,1.29
117,1780554267323170560,1780554268323170560,HTTP Sending,ms,p10,1.29
117,1780554267323170560,1780554268323170560,HTTP Sending,ms,p25,1.29
117,1780554267323170560,1780554268323170560,HTTP Sending,ms,p50,1.29
117,1780554267323170560,1780554268323170560,HTTP Sending,ms,p75,1.29
117,1780554267323170560,1780554268323170560,HTTP Sending,ms,p90,1.29
117,1780554267323170560,1780554268323170560,HTTP Sending,ms,p95,1.29
117,1780554267323170560,1780554268323170560,HTTP Sending,ms,p99,1.29
117,1780554267323170560,1780554268323170560,HTTP Sending,ms,std,0.00
117,1780554267323170560,1780554268323170560,HTTP Total Time,ms,avg,151969.99
117,1780554267323170560,1780554268323170560,HTTP Total Time,ms,min,151969.99
117,1780554267323170560,1780554268323170560,HTTP Total Time,ms,max,151969.99
117,1780554267323170560,1780554268323170560,HTTP Total Time,ms,sum,151969.99
117,1780554267323170560,1780554268323170560,HTTP Total Time,ms,p1,151969.99
117,1780554267323170560,1780554268323170560,HTTP Total Time,ms,p5,151969.99
117,1780554267323170560,1780554268323170560,HTTP Total Time,ms,p10,151969.99
117,1780554267323170560,1780554268323170560,HTTP Total Time,ms,p25,151969.99
117,1780554267323170560,1780554268323170560,HTTP Total Time,ms,p50,151969.99
117,1780554267323170560,1780554268323170560,HTTP Total Time,ms,p75,151969.99
117,1780554267323170560,1780554268323170560,HTTP Total Time,ms,p90,151969.99
117,1780554267323170560,1780554268323170560,HTTP Total Time,ms,p95,151969.99
117,1780554267323170560,1780554268323170560,HTTP Total Time,ms,p99,151969.99
117,1780554267323170560,1780554268323170560,HTTP Total Time,ms,std,0.00
117,1780554267323170560,1780554268323170560,HTTP Waiting (TTFB),ms,avg,829.19
117,1780554267323170560,1780554268323170560,HTTP Waiting (TTFB),ms,min,829.19
117,1780554267323170560,1780554268323170560,HTTP Waiting (TTFB),ms,max,829.19
117,1780554267323170560,1780554268323170560,HTTP Waiting (TTFB),ms,sum,829.19
117,1780554267323170560,1780554268323170560,HTTP Waiting (TTFB),ms,p1,829.19
117,1780554267323170560,1780554268323170560,HTTP Waiting (TTFB),ms,p5,829.19
117,1780554267323170560,1780554268323170560,HTTP Waiting (TTFB),ms,p10,829.19
117,1780554267323170560,1780554268323170560,HTTP Waiting (TTFB),ms,p25,829.19
117,1780554267323170560,1780554268323170560,HTTP Waiting (TTFB),ms,p50,829.19
117,1780554267323170560,1780554268323170560,HTTP Waiting (TTFB),ms,p75,829.19
117,1780554267323170560,1780554268323170560,HTTP Waiting (TTFB),ms,p90,829.19
117,1780554267323170560,1780554268323170560,HTTP Waiting (TTFB),ms,p95,829.19
117,1780554267323170560,1780554268323170560,HTTP Waiting (TTFB),ms,p99,829.19
117,1780554267323170560,1780554268323170560,HTTP Waiting (TTFB),ms,std,0.00
117,1780554267323170560,1780554268323170560,Input Sequence Length,tokens,avg,126616.00
117,1780554267323170560,1780554268323170560,Input Sequence Length,tokens,min,126616.00
117,1780554267323170560,1780554268323170560,Input Sequence Length,tokens,max,126616.00
117,1780554267323170560,1780554268323170560,Input Sequence Length,tokens,sum,126616.00
117,1780554267323170560,1780554268323170560,Input Sequence Length,tokens,p1,126616.00
117,1780554267323170560,1780554268323170560,Input Sequence Length,tokens,p5,126616.00
117,1780554267323170560,1780554268323170560,Input Sequence Length,tokens,p10,126616.00
117,1780554267323170560,1780554268323170560,Input Sequence Length,tokens,p25,126616.00
117,1780554267323170560,1780554268323170560,Input Sequence Length,tokens,p50,126616.00
117,1780554267323170560,1780554268323170560,Input Sequence Length,tokens,p75,126616.00
117,1780554267323170560,1780554268323170560,Input Sequence Length,tokens,p90,126616.00
117,1780554267323170560,1780554268323170560,Input Sequence Length,tokens,p95,126616.00
117,1780554267323170560,1780554268323170560,Input Sequence Length,tokens,p99,126616.00
117,1780554267323170560,1780554268323170560,Input Sequence Length,tokens,std,0.00
117,1780554267323170560,1780554268323170560,Input Token Throughput,tokens/sec,avg,126616.00
117,1780554267323170560,1780554268323170560,Inter Chunk Latency,ms,avg,68.65
117,1780554267323170560,1780554268323170560,Inter Chunk Latency,ms,min,68.63
117,1780554267323170560,1780554268323170560,Inter Chunk Latency,ms,max,68.68
117,1780554267323170560,1780554268323170560,Inter Chunk Latency,ms,sum,61033.24
117,1780554267323170560,1780554268323170560,Inter Chunk Latency,ms,p1,68.63
117,1780554267323170560,1780554268323170560,Inter Chunk Latency,ms,p5,68.63
117,1780554267323170560,1780554268323170560,Inter Chunk Latency,ms,p10,68.63
117,1780554267323170560,1780554268323170560,Inter Chunk Latency,ms,p25,68.64
117,1780554267323170560,1780554268323170560,Inter Chunk Latency,ms,p50,68.65
117,1780554267323170560,1780554268323170560,Inter Chunk Latency,ms,p75,68.67
117,1780554267323170560,1780554268323170560,Inter Chunk Latency,ms,p90,68.68
117,1780554267323170560,1780554268323170560,Inter Chunk Latency,ms,p95,68.68
117,1780554267323170560,1780554268323170560,Inter Chunk Latency,ms,p99,68.68
117,1780554267323170560,1780554268323170560,Inter Chunk Latency,ms,std,0.02
117,1780554267323170560,1780554268323170560,Inter Token Latency,ms,avg,169.82
117,1780554267323170560,1780554268323170560,Inter Token Latency,ms,min,169.82
117,1780554267323170560,1780554268323170560,Inter Token Latency,ms,max,169.82
117,1780554267323170560,1780554268323170560,Inter Token Latency,ms,sum,169.82
117,1780554267323170560,1780554268323170560,Inter Token Latency,ms,p1,169.82
117,1780554267323170560,1780554268323170560,Inter Token Latency,ms,p5,169.82
117,1780554267323170560,1780554268323170560,Inter Token Latency,ms,p10,169.82
117,1780554267323170560,1780554268323170560,Inter Token Latency,ms,p25,169.82
117,1780554267323170560,1780554268323170560,Inter Token Latency,ms,p50,169.82
117,1780554267323170560,1780554268323170560,Inter Token Latency,ms,p75,169.82
117,1780554267323170560,1780554268323170560,Inter Token Latency,ms,p90,169.82
117,1780554267323170560,1780554268323170560,Inter Token Latency,ms,p95,169.82
117,1780554267323170560,1780554268323170560,Inter Token Latency,ms,p99,169.82
117,1780554267323170560,1780554268323170560,Inter Token Latency,ms,std,0.00
117,1780554267323170560,1780554268323170560,Maximum Response Timestamp,ns,avg,1780554420056787200.00
117,1780554267323170560,1780554268323170560,Minimum Request Timestamp,ns,avg,1780554268088168192.00
117,1780554267323170560,1780554268323170560,OSL Mismatch Count,requests,avg,0.00
117,1780554267323170560,1780554268323170560,OSL Mismatch Diff %,%,avg,0.00
117,1780554267323170560,1780554268323170560,OSL Mismatch Diff %,%,min,0.00
117,1780554267323170560,1780554268323170560,OSL Mismatch Diff %,%,max,0.00
117,1780554267323170560,1780554268323170560,OSL Mismatch Diff %,%,sum,0.00
117,1780554267323170560,1780554268323170560,OSL Mismatch Diff %,%,p1,0.00
117,1780554267323170560,1780554268323170560,OSL Mismatch Diff %,%,p5,0.00
117,1780554267323170560,1780554268323170560,OSL Mismatch Diff %,%,p10,0.00
117,1780554267323170560,1780554268323170560,OSL Mismatch Diff %,%,p25,0.00
117,1780554267323170560,1780554268323170560,OSL Mismatch Diff %,%,p50,0.00
117,1780554267323170560,1780554268323170560,OSL Mismatch Diff %,%,p75,0.00
117,1780554267323170560,1780554268323170560,OSL Mismatch Diff %,%,p90,0.00
117,1780554267323170560,1780554268323170560,OSL Mismatch Diff %,%,p95,0.00
117,1780554267323170560,1780554268323170560,OSL Mismatch Diff %,%,p99,0.00
117,1780554267323170560,1780554268323170560,OSL Mismatch Diff %,%,std,0.00
117,1780554267323170560,1780554268323170560,Output Sequence Length,tokens,avg,891.00
117,1780554267323170560,1780554268323170560,Output Sequence Length,tokens,min,891.00
117,1780554267323170560,1780554268323170560,Output Sequence Length,tokens,max,891.00
117,1780554267323170560,1780554268323170560,Output Sequence Length,tokens,sum,891.00
117,1780554267323170560,1780554268323170560,Output Sequence Length,tokens,p1,891.00
117,1780554267323170560,1780554268323170560,Output Sequence Length,tokens,p5,891.00
117,1780554267323170560,1780554268323170560,Output Sequence Length,tokens,p10,891.00
117,1780554267323170560,1780554268323170560,Output Sequence Length,tokens,p25,891.00
117,1780554267323170560,1780554268323170560,Output Sequence Length,tokens,p50,891.00
117,1780554267323170560,1780554268323170560,Output Sequence Length,tokens,p75,891.00
117,1780554267323170560,1780554268323170560,Output Sequence Length,tokens,p90,891.00
117,1780554267323170560,1780554268323170560,Output Sequence Length,tokens,p95,891.00
117,1780554267323170560,1780554268323170560,Output Sequence Length,tokens,p99,891.00
117,1780554267323170560,1780554268323170560,Output Sequence Length,tokens,std,0.00
117,1780554267323170560,1780554268323170560,Output Token Count,tokens,avg,891.00
117,1780554267323170560,1780554268323170560,Output Token Count,tokens,min,891.00
117,1780554267323170560,1780554268323170560,Output Token Count,tokens,max,891.00
117,1780554267323170560,1780554268323170560,Output Token Count,tokens,sum,891.00
117,1780554267323170560,1780554268323170560,Output Token Count,tokens,p1,891.00
117,1780554267323170560,1780554268323170560,Output Token Count,tokens,p5,891.00
117,1780554267323170560,1780554268323170560,Output Token Count,tokens,p10,891.00
117,1780554267323170560,1780554268323170560,Output Token Count,tokens,p25,891.00
117,1780554267323170560,1780554268323170560,Output Token Count,tokens,p50,891.00
117,1780554267323170560,1780554268323170560,Output Token Count,tokens,p75,891.00
117,1780554267323170560,1780554268323170560,Output Token Count,tokens,p90,891.00
117,1780554267323170560,1780554268323170560,Output Token Count,tokens,p95,891.00
117,1780554267323170560,1780554268323170560,Output Token Count,tokens,p99,891.00
117,1780554267323170560,1780554268323170560,Output Token Count,tokens,std,0.00
117,1780554267323170560,1780554268323170560,Output Token Throughput,tokens/sec,avg,891.00
117,1780554267323170560,1780554268323170560,Output Token Throughput Per User,tokens/sec/user,avg,5.89
117,1780554267323170560,1780554268323170560,Output Token Throughput Per User,tokens/sec/user,min,5.89
117,1780554267323170560,1780554268323170560,Output Token Throughput Per User,tokens/sec/user,max,5.89
117,1780554267323170560,1780554268323170560,Output Token Throughput Per User,tokens/sec/user,sum,5.89
117,1780554267323170560,1780554268323170560,Output Token Throughput Per User,tokens/sec/user,p1,5.89
117,1780554267323170560,1780554268323170560,Output Token Throughput Per User,tokens/sec/user,p5,5.89
117,1780554267323170560,1780554268323170560,Output Token Throughput Per User,tokens/sec/user,p10,5.89
117,1780554267323170560,1780554268323170560,Output Token Throughput Per User,tokens/sec/user,p25,5.89
117,1780554267323170560,1780554268323170560,Output Token Throughput Per User,tokens/sec/user,p50,5.89
117,1780554267323170560,1780554268323170560,Output Token Throughput Per User,tokens/sec/user,p75,5.89
117,1780554267323170560,1780554268323170560,Output Token Throughput Per User,tokens/sec/user,p90,5.89
117,1780554267323170560,1780554268323170560,Output Token Throughput Per User,tokens/sec/user,p95,5.89
117,1780554267323170560,1780554268323170560,Output Token Throughput Per User,tokens/sec/user,p99,5.89
117,1780554267323170560,1780554268323170560,Output Token Throughput Per User,tokens/sec/user,std,0.00
117,1780554267323170560,1780554268323170560,Prefill Throughput Per User,tokens/sec/user,avg,152440.60
117,1780554267323170560,1780554268323170560,Prefill Throughput Per User,tokens/sec/user,min,152440.60
117,1780554267323170560,1780554268323170560,Prefill Throughput Per User,tokens/sec/user,max,152440.60
117,1780554267323170560,1780554268323170560,Prefill Throughput Per User,tokens/sec/user,sum,152440.60
117,1780554267323170560,1780554268323170560,Prefill Throughput Per User,tokens/sec/user,p1,152440.60
117,1780554267323170560,1780554268323170560,Prefill Throughput Per User,tokens/sec/user,p5,152440.60
117,1780554267323170560,1780554268323170560,Prefill Throughput Per User,tokens/sec/user,p10,152440.60
117,1780554267323170560,1780554268323170560,Prefill Throughput Per User,tokens/sec/user,p25,152440.60
117,1780554267323170560,1780554268323170560,Prefill Throughput Per User,tokens/sec/user,p50,152440.60
117,1780554267323170560,1780554268323170560,Prefill Throughput Per User,tokens/sec/user,p75,152440.60
117,1780554267323170560,1780554268323170560,Prefill Throughput Per User,tokens/sec/user,p90,152440.60
117,1780554267323170560,1780554268323170560,Prefill Throughput Per User,tokens/sec/user,p95,152440.60
117,1780554267323170560,1780554268323170560,Prefill Throughput Per User,tokens/sec/user,p99,152440.60
117,1780554267323170560,1780554268323170560,Prefill Throughput Per User,tokens/sec/user,std,0.00
117,1780554267323170560,1780554268323170560,Request Count,requests,avg,1.00
117,1780554267323170560,1780554268323170560,Request Latency,ms,avg,151968.62
117,1780554267323170560,1780554268323170560,Request Latency,ms,min,151968.62
117,1780554267323170560,1780554268323170560,Request Latency,ms,max,151968.62
117,1780554267323170560,1780554268323170560,Request Latency,ms,sum,151968.62
117,1780554267323170560,1780554268323170560,Request Latency,ms,p1,151968.62
117,1780554267323170560,1780554268323170560,Request Latency,ms,p5,151968.62
117,1780554267323170560,1780554268323170560,Request Latency,ms,p10,151968.62
117,1780554267323170560,1780554268323170560,Request Latency,ms,p25,151968.62
117,1780554267323170560,1780554268323170560,Request Latency,ms,p50,151968.62
117,1780554267323170560,1780554268323170560,Request Latency,ms,p75,151968.62
117,1780554267323170560,1780554268323170560,Request Latency,ms,p90,151968.62
117,1780554267323170560,1780554268323170560,Request Latency,ms,p95,151968.62
117,1780554267323170560,1780554268323170560,Request Latency,ms,p99,151968.62
117,1780554267323170560,1780554268323170560,Request Latency,ms,std,0.00
117,1780554267323170560,1780554268323170560,Request Throughput,requests/sec,avg,1.00
117,1780554267323170560,1780554268323170560,Requested OSL,tokens,avg,891.00
117,1780554267323170560,1780554268323170560,Requested OSL,tokens,min,891.00
117,1780554267323170560,1780554268323170560,Requested OSL,tokens,max,891.00
117,1780554267323170560,1780554268323170560,Requested OSL,tokens,sum,891.00
117,1780554267323170560,1780554268323170560,Requested OSL,tokens,p1,891.00
117,1780554267323170560,1780554268323170560,Requested OSL,tokens,p5,891.00
117,1780554267323170560,1780554268323170560,Requested OSL,tokens,p10,891.00
117,1780554267323170560,1780554268323170560,Requested OSL,tokens,p25,891.00
117,1780554267323170560,1780554268323170560,Requested OSL,tokens,p50,891.00
117,1780554267323170560,1780554268323170560,Requested OSL,tokens,p75,891.00
117,1780554267323170560,1780554268323170560,Requested OSL,tokens,p90,891.00
117,1780554267323170560,1780554268323170560,Requested OSL,tokens,p95,891.00
117,1780554267323170560,1780554268323170560,Requested OSL,tokens,p99,891.00
117,1780554267323170560,1780554268323170560,Requested OSL,tokens,std,0.00
117,1780554267323170560,1780554268323170560,Time to First Output Token,ms,avg,830.59
117,1780554267323170560,1780554268323170560,Time to First Output Token,ms,min,830.59
117,1780554267323170560,1780554268323170560,Time to First Output Token,ms,max,830.59
117,1780554267323170560,1780554268323170560,Time to First Output Token,ms,sum,830.59
117,1780554267323170560,1780554268323170560,Time to First Output Token,ms,p1,830.59
117,1780554267323170560,1780554268323170560,Time to First Output Token,ms,p5,830.59
117,1780554267323170560,1780554268323170560,Time to First Output Token,ms,p10,830.59
117,1780554267323170560,1780554268323170560,Time to First Output Token,ms,p25,830.59
117,1780554267323170560,1780554268323170560,Time to First Output Token,ms,p50,830.59
117,1780554267323170560,1780554268323170560,Time to First Output Token,ms,p75,830.59
117,1780554267323170560,1780554268323170560,Time to First Output Token,ms,p90,830.59
117,1780554267323170560,1780554268323170560,Time to First Output Token,ms,p95,830.59
117,1780554267323170560,1780554268323170560,Time to First Output Token,ms,p99,830.59
117,1780554267323170560,1780554268323170560,Time to First Output Token,ms,std,0.00
117,1780554267323170560,1780554268323170560,Time to First Token,ms,avg,830.59
117,1780554267323170560,1780554268323170560,Time to First Token,ms,min,830.59
117,1780554267323170560,1780554268323170560,Time to First Token,ms,max,830.59
117,1780554267323170560,1780554268323170560,Time to First Token,ms,sum,830.59
117,1780554267323170560,1780554268323170560,Time to First Token,ms,p1,830.59
117,1780554267323170560,1780554268323170560,Time to First Token,ms,p5,830.59
117,1780554267323170560,1780554268323170560,Time to First Token,ms,p10,830.59
117,1780554267323170560,1780554268323170560,Time to First Token,ms,p25,830.59
117,1780554267323170560,1780554268323170560,Time to First Token,ms,p50,830.59
117,1780554267323170560,1780554268323170560,Time to First Token,ms,p75,830.59
117,1780554267323170560,1780554268323170560,Time to First Token,ms,p90,830.59
117,1780554267323170560,1780554268323170560,Time to First Token,ms,p95,830.59
117,1780554267323170560,1780554268323170560,Time to First Token,ms,p99,830.59
117,1780554267323170560,1780554268323170560,Time to First Token,ms,std,0.00
117,1780554267323170560,1780554268323170560,Time to Second Token,ms,avg,0.58
117,1780554267323170560,1780554268323170560,Time to Second Token,ms,min,0.58
117,1780554267323170560,1780554268323170560,Time to Second Token,ms,max,0.58
117,1780554267323170560,1780554268323170560,Time to Second Token,ms,sum,0.58
117,1780554267323170560,1780554268323170560,Time to Second Token,ms,p1,0.58
117,1780554267323170560,1780554268323170560,Time to Second Token,ms,p5,0.58
117,1780554267323170560,1780554268323170560,Time to Second Token,ms,p10,0.58
117,1780554267323170560,1780554268323170560,Time to Second Token,ms,p25,0.58
117,1780554267323170560,1780554268323170560,Time to Second Token,ms,p50,0.58
117,1780554267323170560,1780554268323170560,Time to Second Token,ms,p75,0.58
117,1780554267323170560,1780554268323170560,Time to Second Token,ms,p90,0.58
117,1780554267323170560,1780554268323170560,Time to Second Token,ms,p95,0.58
117,1780554267323170560,1780554268323170560,Time to Second Token,ms,p99,0.58
117,1780554267323170560,1780554268323170560,Time to Second Token,ms,std,0.00
117,1780554267323170560,1780554268323170560,Tokens In Flight,tokens,avg,721195.62
117,1780554267323170560,1780554268323170560,Tokens In Flight,tokens,min,699933.16
117,1780554267323170560,1780554268323170560,Tokens In Flight,tokens,max,826598.25
117,1780554267323170560,1780554268323170560,Tokens In Flight,tokens,p50,699969.23
117,1780554267323170560,1780554268323170560,Tokens In Flight,tokens,p90,785727.15
117,1780554267323170560,1780554268323170560,Tokens In Flight,tokens,p95,785731.16
117,1780554267323170560,1780554268323170560,Tokens In Flight,tokens,p99,826596.25
117,1780554267323170560,1780554268323170560,Tokens In Flight,tokens,std,35088.46
117,1780554267323170560,1780554268323170560,Total Input Sequence Length,tokens,avg,126616.00
117,1780554267323170560,1780554268323170560,Total Output Sequence Length,tokens,avg,891.00
117,1780554267323170560,1780554268323170560,Total Output Tokens,tokens,avg,891.00
117,1780554267323170560,1780554268323170560,Total Token Throughput,tokens/sec,avg,127507.00
117,1780554267323170560,1780554268323170560,Total Usage Completion Tokens,tokens,avg,891.00
117,1780554267323170560,1780554268323170560,Total Usage Prompt Tokens,tokens,avg,126616.00
117,1780554267323170560,1780554268323170560,Total Usage Total Tokens,tokens,avg,127507.00
117,1780554267323170560,1780554268323170560,Usage Completion Tokens,tokens,avg,891.00
117,1780554267323170560,1780554268323170560,Usage Completion Tokens,tokens,min,891.00
117,1780554267323170560,1780554268323170560,Usage Completion Tokens,tokens,max,891.00
117,1780554267323170560,1780554268323170560,Usage Completion Tokens,tokens,sum,891.00
117,1780554267323170560,1780554268323170560,Usage Completion Tokens,tokens,p1,891.00
117,1780554267323170560,1780554268323170560,Usage Completion Tokens,tokens,p5,891.00
117,1780554267323170560,1780554268323170560,Usage Completion Tokens,tokens,p10,891.00
117,1780554267323170560,1780554268323170560,Usage Completion Tokens,tokens,p25,891.00
117,1780554267323170560,1780554268323170560,Usage Completion Tokens,tokens,p50,891.00
117,1780554267323170560,1780554268323170560,Usage Completion Tokens,tokens,p75,891.00
117,1780554267323170560,1780554268323170560,Usage Completion Tokens,tokens,p90,891.00
117,1780554267323170560,1780554268323170560,Usage Completion Tokens,tokens,p95,891.00
117,1780554267323170560,1780554268323170560,Usage Completion Tokens,tokens,p99,891.00
117,1780554267323170560,1780554268323170560,Usage Completion Tokens,tokens,std,0.00
117,1780554267323170560,1780554268323170560,Usage Prompt Tokens,tokens,avg,126616.00
117,1780554267323170560,1780554268323170560,Usage Prompt Tokens,tokens,min,126616.00
117,1780554267323170560,1780554268323170560,Usage Prompt Tokens,tokens,max,126616.00
117,1780554267323170560,1780554268323170560,Usage Prompt Tokens,tokens,sum,126616.00
117,1780554267323170560,1780554268323170560,Usage Prompt Tokens,tokens,p1,126616.00
117,1780554267323170560,1780554268323170560,Usage Prompt Tokens,tokens,p5,126616.00
117,1780554267323170560,1780554268323170560,Usage Prompt Tokens,tokens,p10,126616.00
117,1780554267323170560,1780554268323170560,Usage Prompt Tokens,tokens,p25,126616.00
117,1780554267323170560,1780554268323170560,Usage Prompt Tokens,tokens,p50,126616.00
117,1780554267323170560,1780554268323170560,Usage Prompt Tokens,tokens,p75,126616.00
117,1780554267323170560,1780554268323170560,Usage Prompt Tokens,tokens,p90,126616.00
117,1780554267323170560,1780554268323170560,Usage Prompt Tokens,tokens,p95,126616.00
117,1780554267323170560,1780554268323170560,Usage Prompt Tokens,tokens,p99,126616.00
117,1780554267323170560,1780554268323170560,Usage Prompt Tokens,tokens,std,0.00
117,1780554267323170560,1780554268323170560,Usage Total Tokens,tokens,avg,127507.00
117,1780554267323170560,1780554268323170560,Usage Total Tokens,tokens,min,127507.00
117,1780554267323170560,1780554268323170560,Usage Total Tokens,tokens,max,127507.00
117,1780554267323170560,1780554268323170560,Usage Total Tokens,tokens,sum,127507.00
117,1780554267323170560,1780554268323170560,Usage Total Tokens,tokens,p1,127507.00
117,1780554267323170560,1780554268323170560,Usage Total Tokens,tokens,p5,127507.00
117,1780554267323170560,1780554268323170560,Usage Total Tokens,tokens,p10,127507.00
117,1780554267323170560,1780554268323170560,Usage Total Tokens,tokens,p25,127507.00
117,1780554267323170560,1780554268323170560,Usage Total Tokens,tokens,p50,127507.00
117,1780554267323170560,1780554268323170560,Usage Total Tokens,tokens,p75,127507.00
117,1780554267323170560,1780554268323170560,Usage Total Tokens,tokens,p90,127507.00
117,1780554267323170560,1780554268323170560,Usage Total Tokens,tokens,p95,127507.00
117,1780554267323170560,1780554268323170560,Usage Total Tokens,tokens,p99,127507.00
117,1780554267323170560,1780554268323170560,Usage Total Tokens,tokens,std,0.00
118,1780554272323170560,1780554273323170560,Active Decode Throughput,tokens/sec,avg,87.07
118,1780554272323170560,1780554273323170560,Active Decode Throughput,tokens/sec,min,72.36
118,1780554272323170560,1780554273323170560,Active Decode Throughput,tokens/sec,max,101.77
118,1780554272323170560,1780554273323170560,Active Decode Throughput,tokens/sec,p50,87.07
118,1780554272323170560,1780554273323170560,Active Decode Throughput,tokens/sec,p90,87.07
118,1780554272323170560,1780554273323170560,Active Decode Throughput,tokens/sec,p95,87.07
118,1780554272323170560,1780554273323170560,Active Decode Throughput,tokens/sec,p99,87.07
118,1780554272323170560,1780554273323170560,Active Decode Throughput,tokens/sec,std,0.03
118,1780554272323170560,1780554273323170560,Active Decode Throughput Per User,tokens/sec/user,avg,12.44
118,1780554272323170560,1780554273323170560,Active Decode Throughput Per User,tokens/sec/user,min,10.34
118,1780554272323170560,1780554273323170560,Active Decode Throughput Per User,tokens/sec/user,max,14.54
118,1780554272323170560,1780554273323170560,Active Decode Throughput Per User,tokens/sec/user,p50,12.44
118,1780554272323170560,1780554273323170560,Active Decode Throughput Per User,tokens/sec/user,p90,12.44
118,1780554272323170560,1780554273323170560,Active Decode Throughput Per User,tokens/sec/user,p95,12.44
118,1780554272323170560,1780554273323170560,Active Decode Throughput Per User,tokens/sec/user,p99,12.44
118,1780554272323170560,1780554273323170560,Active Decode Throughput Per User,tokens/sec/user,std,0.00
118,1780554272323170560,1780554273323170560,Active Prefill Throughput,tokens/sec,avg,17015.14
118,1780554272323170560,1780554273323170560,Active Prefill Throughput,tokens/sec,min,17015.14
118,1780554272323170560,1780554273323170560,Active Prefill Throughput,tokens/sec,max,17015.14
118,1780554272323170560,1780554273323170560,Active Prefill Throughput,tokens/sec,p50,17015.14
118,1780554272323170560,1780554273323170560,Active Prefill Throughput,tokens/sec,p90,17015.14
118,1780554272323170560,1780554273323170560,Active Prefill Throughput,tokens/sec,p95,17015.14
118,1780554272323170560,1780554273323170560,Active Prefill Throughput,tokens/sec,p99,17015.14
118,1780554272323170560,1780554273323170560,Active Prefill Throughput,tokens/sec,std,0.00
118,1780554272323170560,1780554273323170560,Active Prefill Throughput Per User,tokens/sec/user,avg,17015.14
118,1780554272323170560,1780554273323170560,Active Prefill Throughput Per User,tokens/sec/user,min,17015.14
118,1780554272323170560,1780554273323170560,Active Prefill Throughput Per User,tokens/sec/user,max,17015.14
118,1780554272323170560,1780554273323170560,Active Prefill Throughput Per User,tokens/sec/user,p50,17015.14
118,1780554272323170560,1780554273323170560,Active Prefill Throughput Per User,tokens/sec/user,p90,17015.14
118,1780554272323170560,1780554273323170560,Active Prefill Throughput Per User,tokens/sec/user,p95,17015.14
118,1780554272323170560,1780554273323170560,Active Prefill Throughput Per User,tokens/sec/user,p99,17015.14
118,1780554272323170560,1780554273323170560,Active Prefill Throughput Per User,tokens/sec/user,std,0.00
118,1780554272323170560,1780554273323170560,Active Total Throughput,tokens/sec,avg,13189.70
118,1780554272323170560,1780554273323170560,Active Total Throughput,tokens/sec,min,61.22
118,1780554272323170560,1780554273323170560,Active Total Throughput,tokens/sec,max,17076.35
118,1780554272323170560,1780554273323170560,Active Total Throughput,tokens/sec,p50,17076.35
118,1780554272323170560,1780554273323170560,Active Total Throughput,tokens/sec,p90,17076.35
118,1780554272323170560,1780554273323170560,Active Total Throughput,tokens/sec,p95,17076.35
118,1780554272323170560,1780554273323170560,Active Total Throughput,tokens/sec,p99,17076.35
118,1780554272323170560,1780554273323170560,Active Total Throughput,tokens/sec,std,7143.24
118,1780554272323170560,1780554273323170560,Benchmark Duration,sec,avg,54.65
118,1780554272323170560,1780554273323170560,E2E Output Token Throughput,tokens/sec/user,avg,5.64
118,1780554272323170560,1780554273323170560,E2E Output Token Throughput,tokens/sec/user,min,5.64
118,1780554272323170560,1780554273323170560,E2E Output Token Throughput,tokens/sec/user,max,5.64
118,1780554272323170560,1780554273323170560,E2E Output Token Throughput,tokens/sec/user,sum,5.64
118,1780554272323170560,1780554273323170560,E2E Output Token Throughput,tokens/sec/user,p1,5.64
118,1780554272323170560,1780554273323170560,E2E Output Token Throughput,tokens/sec/user,p5,5.64
118,1780554272323170560,1780554273323170560,E2E Output Token Throughput,tokens/sec/user,p10,5.64
118,1780554272323170560,1780554273323170560,E2E Output Token Throughput,tokens/sec/user,p25,5.64
118,1780554272323170560,1780554273323170560,E2E Output Token Throughput,tokens/sec/user,p50,5.64
118,1780554272323170560,1780554273323170560,E2E Output Token Throughput,tokens/sec/user,p75,5.64
118,1780554272323170560,1780554273323170560,E2E Output Token Throughput,tokens/sec/user,p90,5.64
118,1780554272323170560,1780554273323170560,E2E Output Token Throughput,tokens/sec/user,p95,5.64
118,1780554272323170560,1780554273323170560,E2E Output Token Throughput,tokens/sec/user,p99,5.64
118,1780554272323170560,1780554273323170560,E2E Output Token Throughput,tokens/sec/user,std,0.00
118,1780554272323170560,1780554273323170560,Effective Concurrency,requests,avg,7.77
118,1780554272323170560,1780554273323170560,Effective Concurrency,requests,min,7.00
118,1780554272323170560,1780554273323170560,Effective Concurrency,requests,max,8.00
118,1780554272323170560,1780554273323170560,Effective Concurrency,requests,p50,8.00
118,1780554272323170560,1780554273323170560,Effective Concurrency,requests,p90,8.00
118,1780554272323170560,1780554273323170560,Effective Concurrency,requests,p95,8.00
118,1780554272323170560,1780554273323170560,Effective Concurrency,requests,p99,8.00
118,1780554272323170560,1780554273323170560,Effective Concurrency,requests,std,0.42
118,1780554272323170560,1780554273323170560,Effective Decode Concurrency,requests,avg,7.00
118,1780554272323170560,1780554273323170560,Effective Decode Concurrency,requests,min,7.00
118,1780554272323170560,1780554273323170560,Effective Decode Concurrency,requests,max,7.00
118,1780554272323170560,1780554273323170560,Effective Decode Concurrency,requests,p50,7.00
118,1780554272323170560,1780554273323170560,Effective Decode Concurrency,requests,p90,7.00
118,1780554272323170560,1780554273323170560,Effective Decode Concurrency,requests,p95,7.00
118,1780554272323170560,1780554273323170560,Effective Decode Concurrency,requests,p99,7.00
118,1780554272323170560,1780554273323170560,Effective Decode Concurrency,requests,std,0.00
118,1780554272323170560,1780554273323170560,Effective Decode Throughput,tokens/sec,avg,87.07
118,1780554272323170560,1780554273323170560,Effective Decode Throughput,tokens/sec,min,72.36
118,1780554272323170560,1780554273323170560,Effective Decode Throughput,tokens/sec,max,101.77
118,1780554272323170560,1780554273323170560,Effective Decode Throughput,tokens/sec,p50,87.07
118,1780554272323170560,1780554273323170560,Effective Decode Throughput,tokens/sec,p90,87.07
118,1780554272323170560,1780554273323170560,Effective Decode Throughput,tokens/sec,p95,87.07
118,1780554272323170560,1780554273323170560,Effective Decode Throughput,tokens/sec,p99,87.07
118,1780554272323170560,1780554273323170560,Effective Decode Throughput,tokens/sec,std,0.03
118,1780554272323170560,1780554273323170560,Effective Decode Throughput Per User,tokens/sec/user,avg,12.44
118,1780554272323170560,1780554273323170560,Effective Decode Throughput Per User,tokens/sec/user,min,10.34
118,1780554272323170560,1780554273323170560,Effective Decode Throughput Per User,tokens/sec/user,max,14.54
118,1780554272323170560,1780554273323170560,Effective Decode Throughput Per User,tokens/sec/user,p50,12.44
118,1780554272323170560,1780554273323170560,Effective Decode Throughput Per User,tokens/sec/user,p90,12.44
118,1780554272323170560,1780554273323170560,Effective Decode Throughput Per User,tokens/sec/user,p95,12.44
118,1780554272323170560,1780554273323170560,Effective Decode Throughput Per User,tokens/sec/user,p99,12.44
118,1780554272323170560,1780554273323170560,Effective Decode Throughput Per User,tokens/sec/user,std,0.00
118,1780554272323170560,1780554273323170560,Effective Prefill Concurrency,requests,avg,0.77
118,1780554272323170560,1780554273323170560,Effective Prefill Concurrency,requests,min,0.00
118,1780554272323170560,1780554273323170560,Effective Prefill Concurrency,requests,max,1.00
118,1780554272323170560,1780554273323170560,Effective Prefill Concurrency,requests,p50,1.00
118,1780554272323170560,1780554273323170560,Effective Prefill Concurrency,requests,p90,1.00
118,1780554272323170560,1780554273323170560,Effective Prefill Concurrency,requests,p95,1.00
118,1780554272323170560,1780554273323170560,Effective Prefill Concurrency,requests,p99,1.00
118,1780554272323170560,1780554273323170560,Effective Prefill Concurrency,requests,std,0.42
118,1780554272323170560,1780554273323170560,Effective Prefill Throughput,tokens/sec,avg,13128.48
118,1780554272323170560,1780554273323170560,Effective Prefill Throughput,tokens/sec,min,0.00
118,1780554272323170560,1780554273323170560,Effective Prefill Throughput,tokens/sec,max,17015.14
118,1780554272323170560,1780554273323170560,Effective Prefill Throughput,tokens/sec,p50,17015.14
118,1780554272323170560,1780554273323170560,Effective Prefill Throughput,tokens/sec,p90,17015.14
118,1780554272323170560,1780554273323170560,Effective Prefill Throughput,tokens/sec,p95,17015.14
118,1780554272323170560,1780554273323170560,Effective Prefill Throughput,tokens/sec,p99,17015.14
118,1780554272323170560,1780554273323170560,Effective Prefill Throughput,tokens/sec,std,7143.24
118,1780554272323170560,1780554273323170560,Effective Prefill Throughput Per User,tokens/sec/user,avg,13128.48
118,1780554272323170560,1780554273323170560,Effective Prefill Throughput Per User,tokens/sec/user,min,0.00
118,1780554272323170560,1780554273323170560,Effective Prefill Throughput Per User,tokens/sec/user,max,17015.14
118,1780554272323170560,1780554273323170560,Effective Prefill Throughput Per User,tokens/sec/user,p50,17015.14
118,1780554272323170560,1780554273323170560,Effective Prefill Throughput Per User,tokens/sec/user,p90,17015.14
118,1780554272323170560,1780554273323170560,Effective Prefill Throughput Per User,tokens/sec/user,p95,17015.14
118,1780554272323170560,1780554273323170560,Effective Prefill Throughput Per User,tokens/sec/user,p99,17015.14
118,1780554272323170560,1780554273323170560,Effective Prefill Throughput Per User,tokens/sec/user,std,7143.24
118,1780554272323170560,1780554273323170560,Effective Total Throughput,tokens/sec,avg,13189.70
118,1780554272323170560,1780554273323170560,Effective Total Throughput,tokens/sec,min,61.22
118,1780554272323170560,1780554273323170560,Effective Total Throughput,tokens/sec,max,17076.35
118,1780554272323170560,1780554273323170560,Effective Total Throughput,tokens/sec,p50,17076.35
118,1780554272323170560,1780554273323170560,Effective Total Throughput,tokens/sec,p90,17076.35
118,1780554272323170560,1780554273323170560,Effective Total Throughput,tokens/sec,p95,17076.35
118,1780554272323170560,1780554273323170560,Effective Total Throughput,tokens/sec,p99,17076.35
118,1780554272323170560,1780554273323170560,Effective Total Throughput,tokens/sec,std,7143.24
118,1780554272323170560,1780554273323170560,HTTP Blocked,ms,avg,0.00
118,1780554272323170560,1780554273323170560,HTTP Blocked,ms,min,0.00
118,1780554272323170560,1780554273323170560,HTTP Blocked,ms,max,0.00
118,1780554272323170560,1780554273323170560,HTTP Blocked,ms,sum,0.00
118,1780554272323170560,1780554273323170560,HTTP Blocked,ms,p1,0.00
118,1780554272323170560,1780554273323170560,HTTP Blocked,ms,p5,0.00
118,1780554272323170560,1780554273323170560,HTTP Blocked,ms,p10,0.00
118,1780554272323170560,1780554273323170560,HTTP Blocked,ms,p25,0.00
118,1780554272323170560,1780554273323170560,HTTP Blocked,ms,p50,0.00
118,1780554272323170560,1780554273323170560,HTTP Blocked,ms,p75,0.00
118,1780554272323170560,1780554273323170560,HTTP Blocked,ms,p90,0.00
118,1780554272323170560,1780554273323170560,HTTP Blocked,ms,p95,0.00
118,1780554272323170560,1780554273323170560,HTTP Blocked,ms,p99,0.00
118,1780554272323170560,1780554273323170560,HTTP Blocked,ms,std,0.00
118,1780554272323170560,1780554273323170560,HTTP Chunks Received,count,avg,308.00
118,1780554272323170560,1780554273323170560,HTTP Chunks Received,count,min,308.00
118,1780554272323170560,1780554273323170560,HTTP Chunks Received,count,max,308.00
118,1780554272323170560,1780554273323170560,HTTP Chunks Received,count,sum,308.00
118,1780554272323170560,1780554273323170560,HTTP Chunks Received,count,p1,308.00
118,1780554272323170560,1780554273323170560,HTTP Chunks Received,count,p5,308.00
118,1780554272323170560,1780554273323170560,HTTP Chunks Received,count,p10,308.00
118,1780554272323170560,1780554273323170560,HTTP Chunks Received,count,p25,308.00
118,1780554272323170560,1780554273323170560,HTTP Chunks Received,count,p50,308.00
118,1780554272323170560,1780554273323170560,HTTP Chunks Received,count,p75,308.00
118,1780554272323170560,1780554273323170560,HTTP Chunks Received,count,p90,308.00
118,1780554272323170560,1780554273323170560,HTTP Chunks Received,count,p95,308.00
118,1780554272323170560,1780554273323170560,HTTP Chunks Received,count,p99,308.00
118,1780554272323170560,1780554273323170560,HTTP Chunks Received,count,std,0.00
118,1780554272323170560,1780554273323170560,HTTP Chunks Sent,count,avg,1.00
118,1780554272323170560,1780554273323170560,HTTP Chunks Sent,count,min,1.00
118,1780554272323170560,1780554273323170560,HTTP Chunks Sent,count,max,1.00
118,1780554272323170560,1780554273323170560,HTTP Chunks Sent,count,sum,1.00
118,1780554272323170560,1780554273323170560,HTTP Chunks Sent,count,p1,1.00
118,1780554272323170560,1780554273323170560,HTTP Chunks Sent,count,p5,1.00
118,1780554272323170560,1780554273323170560,HTTP Chunks Sent,count,p10,1.00
118,1780554272323170560,1780554273323170560,HTTP Chunks Sent,count,p25,1.00
118,1780554272323170560,1780554273323170560,HTTP Chunks Sent,count,p50,1.00
118,1780554272323170560,1780554273323170560,HTTP Chunks Sent,count,p75,1.00
118,1780554272323170560,1780554273323170560,HTTP Chunks Sent,count,p90,1.00
118,1780554272323170560,1780554273323170560,HTTP Chunks Sent,count,p95,1.00
118,1780554272323170560,1780554273323170560,HTTP Chunks Sent,count,p99,1.00
118,1780554272323170560,1780554273323170560,HTTP Chunks Sent,count,std,0.00
118,1780554272323170560,1780554273323170560,HTTP Connecting,ms,avg,0.74
118,1780554272323170560,1780554273323170560,HTTP Connecting,ms,min,0.74
118,1780554272323170560,1780554273323170560,HTTP Connecting,ms,max,0.74
118,1780554272323170560,1780554273323170560,HTTP Connecting,ms,sum,0.74
118,1780554272323170560,1780554273323170560,HTTP Connecting,ms,p1,0.74
118,1780554272323170560,1780554273323170560,HTTP Connecting,ms,p5,0.74
118,1780554272323170560,1780554273323170560,HTTP Connecting,ms,p10,0.74
118,1780554272323170560,1780554273323170560,HTTP Connecting,ms,p25,0.74
118,1780554272323170560,1780554273323170560,HTTP Connecting,ms,p50,0.74
118,1780554272323170560,1780554273323170560,HTTP Connecting,ms,p75,0.74
118,1780554272323170560,1780554273323170560,HTTP Connecting,ms,p90,0.74
118,1780554272323170560,1780554273323170560,HTTP Connecting,ms,p95,0.74
118,1780554272323170560,1780554273323170560,HTTP Connecting,ms,p99,0.74
118,1780554272323170560,1780554273323170560,HTTP Connecting,ms,std,0.00
118,1780554272323170560,1780554273323170560,HTTP Connection Overhead,ms,avg,0.74
118,1780554272323170560,1780554273323170560,HTTP Connection Overhead,ms,min,0.74
118,1780554272323170560,1780554273323170560,HTTP Connection Overhead,ms,max,0.74
118,1780554272323170560,1780554273323170560,HTTP Connection Overhead,ms,sum,0.74
118,1780554272323170560,1780554273323170560,HTTP Connection Overhead,ms,p1,0.74
118,1780554272323170560,1780554273323170560,HTTP Connection Overhead,ms,p5,0.74
118,1780554272323170560,1780554273323170560,HTTP Connection Overhead,ms,p10,0.74
118,1780554272323170560,1780554273323170560,HTTP Connection Overhead,ms,p25,0.74
118,1780554272323170560,1780554273323170560,HTTP Connection Overhead,ms,p50,0.74
118,1780554272323170560,1780554273323170560,HTTP Connection Overhead,ms,p75,0.74
118,1780554272323170560,1780554273323170560,HTTP Connection Overhead,ms,p90,0.74
118,1780554272323170560,1780554273323170560,HTTP Connection Overhead,ms,p95,0.74
118,1780554272323170560,1780554273323170560,HTTP Connection Overhead,ms,p99,0.74
118,1780554272323170560,1780554273323170560,HTTP Connection Overhead,ms,std,0.00
118,1780554272323170560,1780554273323170560,HTTP Connection Reused,ratio,avg,0.00
118,1780554272323170560,1780554273323170560,HTTP Connection Reused,ratio,min,0.00
118,1780554272323170560,1780554273323170560,HTTP Connection Reused,ratio,max,0.00
118,1780554272323170560,1780554273323170560,HTTP Connection Reused,ratio,sum,0.00
118,1780554272323170560,1780554273323170560,HTTP Connection Reused,ratio,p1,0.00
118,1780554272323170560,1780554273323170560,HTTP Connection Reused,ratio,p5,0.00
118,1780554272323170560,1780554273323170560,HTTP Connection Reused,ratio,p10,0.00
118,1780554272323170560,1780554273323170560,HTTP Connection Reused,ratio,p25,0.00
118,1780554272323170560,1780554273323170560,HTTP Connection Reused,ratio,p50,0.00
118,1780554272323170560,1780554273323170560,HTTP Connection Reused,ratio,p75,0.00
118,1780554272323170560,1780554273323170560,HTTP Connection Reused,ratio,p90,0.00
118,1780554272323170560,1780554273323170560,HTTP Connection Reused,ratio,p95,0.00
118,1780554272323170560,1780554273323170560,HTTP Connection Reused,ratio,p99,0.00
118,1780554272323170560,1780554273323170560,HTTP Connection Reused,ratio,std,0.00
118,1780554272323170560,1780554273323170560,HTTP Data Received,KB,avg,77.18
118,1780554272323170560,1780554273323170560,HTTP Data Received,KB,min,77.18
118,1780554272323170560,1780554273323170560,HTTP Data Received,KB,max,77.18
118,1780554272323170560,1780554273323170560,HTTP Data Received,KB,sum,77.18
118,1780554272323170560,1780554273323170560,HTTP Data Received,KB,p1,77.18
118,1780554272323170560,1780554273323170560,HTTP Data Received,KB,p5,77.18
118,1780554272323170560,1780554273323170560,HTTP Data Received,KB,p10,77.18
118,1780554272323170560,1780554273323170560,HTTP Data Received,KB,p25,77.18
118,1780554272323170560,1780554273323170560,HTTP Data Received,KB,p50,77.18
118,1780554272323170560,1780554273323170560,HTTP Data Received,KB,p75,77.18
118,1780554272323170560,1780554273323170560,HTTP Data Received,KB,p90,77.18
118,1780554272323170560,1780554273323170560,HTTP Data Received,KB,p95,77.18
118,1780554272323170560,1780554273323170560,HTTP Data Received,KB,p99,77.18
118,1780554272323170560,1780554273323170560,HTTP Data Received,KB,std,0.00
118,1780554272323170560,1780554273323170560,HTTP Data Sent,KB,avg,161.94
118,1780554272323170560,1780554273323170560,HTTP Data Sent,KB,min,161.94
118,1780554272323170560,1780554273323170560,HTTP Data Sent,KB,max,161.94
118,1780554272323170560,1780554273323170560,HTTP Data Sent,KB,sum,161.94
118,1780554272323170560,1780554273323170560,HTTP Data Sent,KB,p1,161.94
118,1780554272323170560,1780554273323170560,HTTP Data Sent,KB,p5,161.94
118,1780554272323170560,1780554273323170560,HTTP Data Sent,KB,p10,161.94
118,1780554272323170560,1780554273323170560,HTTP Data Sent,KB,p25,161.94
118,1780554272323170560,1780554273323170560,HTTP Data Sent,KB,p50,161.94
118,1780554272323170560,1780554273323170560,HTTP Data Sent,KB,p75,161.94
118,1780554272323170560,1780554273323170560,HTTP Data Sent,KB,p90,161.94
118,1780554272323170560,1780554273323170560,HTTP Data Sent,KB,p95,161.94
118,1780554272323170560,1780554273323170560,HTTP Data Sent,KB,p99,161.94
118,1780554272323170560,1780554273323170560,HTTP Data Sent,KB,std,0.00
118,1780554272323170560,1780554273323170560,HTTP DNS Lookup,ms,avg,0.00
118,1780554272323170560,1780554273323170560,HTTP DNS Lookup,ms,min,0.00
118,1780554272323170560,1780554273323170560,HTTP DNS Lookup,ms,max,0.00
118,1780554272323170560,1780554273323170560,HTTP DNS Lookup,ms,sum,0.00
118,1780554272323170560,1780554273323170560,HTTP DNS Lookup,ms,p1,0.00
118,1780554272323170560,1780554273323170560,HTTP DNS Lookup,ms,p5,0.00
118,1780554272323170560,1780554273323170560,HTTP DNS Lookup,ms,p10,0.00
118,1780554272323170560,1780554273323170560,HTTP DNS Lookup,ms,p25,0.00
118,1780554272323170560,1780554273323170560,HTTP DNS Lookup,ms,p50,0.00
118,1780554272323170560,1780554273323170560,HTTP DNS Lookup,ms,p75,0.00
118,1780554272323170560,1780554273323170560,HTTP DNS Lookup,ms,p90,0.00
118,1780554272323170560,1780554273323170560,HTTP DNS Lookup,ms,p95,0.00
118,1780554272323170560,1780554273323170560,HTTP DNS Lookup,ms,p99,0.00
118,1780554272323170560,1780554273323170560,HTTP DNS Lookup,ms,std,0.00
118,1780554272323170560,1780554273323170560,HTTP Duration (excl. conn),ms,avg,54652.55
118,1780554272323170560,1780554273323170560,HTTP Duration (excl. conn),ms,min,54652.55
118,1780554272323170560,1780554273323170560,HTTP Duration (excl. conn),ms,max,54652.55
118,1780554272323170560,1780554273323170560,HTTP Duration (excl. conn),ms,sum,54652.55
118,1780554272323170560,1780554273323170560,HTTP Duration (excl. conn),ms,p1,54652.55
118,1780554272323170560,1780554273323170560,HTTP Duration (excl. conn),ms,p5,54652.55
118,1780554272323170560,1780554273323170560,HTTP Duration (excl. conn),ms,p10,54652.55
118,1780554272323170560,1780554273323170560,HTTP Duration (excl. conn),ms,p25,54652.55
118,1780554272323170560,1780554273323170560,HTTP Duration (excl. conn),ms,p50,54652.55
118,1780554272323170560,1780554273323170560,HTTP Duration (excl. conn),ms,p75,54652.55
118,1780554272323170560,1780554273323170560,HTTP Duration (excl. conn),ms,p90,54652.55
118,1780554272323170560,1780554273323170560,HTTP Duration (excl. conn),ms,p95,54652.55
118,1780554272323170560,1780554273323170560,HTTP Duration (excl. conn),ms,p99,54652.55
118,1780554272323170560,1780554273323170560,HTTP Duration (excl. conn),ms,std,0.00
118,1780554272323170560,1780554273323170560,HTTP Receiving,ms,avg,52177.53
118,1780554272323170560,1780554273323170560,HTTP Receiving,ms,min,52177.53
118,1780554272323170560,1780554273323170560,HTTP Receiving,ms,max,52177.53
118,1780554272323170560,1780554273323170560,HTTP Receiving,ms,sum,52177.53
118,1780554272323170560,1780554273323170560,HTTP Receiving,ms,p1,52177.53
118,1780554272323170560,1780554273323170560,HTTP Receiving,ms,p5,52177.53
118,1780554272323170560,1780554273323170560,HTTP Receiving,ms,p10,52177.53
118,1780554272323170560,1780554273323170560,HTTP Receiving,ms,p25,52177.53
118,1780554272323170560,1780554273323170560,HTTP Receiving,ms,p50,52177.53
118,1780554272323170560,1780554273323170560,HTTP Receiving,ms,p75,52177.53
118,1780554272323170560,1780554273323170560,HTTP Receiving,ms,p90,52177.53
118,1780554272323170560,1780554273323170560,HTTP Receiving,ms,p95,52177.53
118,1780554272323170560,1780554273323170560,HTTP Receiving,ms,p99,52177.53
118,1780554272323170560,1780554273323170560,HTTP Receiving,ms,std,0.00
118,1780554272323170560,1780554273323170560,HTTP Sending,ms,avg,1.05
118,1780554272323170560,1780554273323170560,HTTP Sending,ms,min,1.05
118,1780554272323170560,1780554273323170560,HTTP Sending,ms,max,1.05
118,1780554272323170560,1780554273323170560,HTTP Sending,ms,sum,1.05
118,1780554272323170560,1780554273323170560,HTTP Sending,ms,p1,1.05
118,1780554272323170560,1780554273323170560,HTTP Sending,ms,p5,1.05
118,1780554272323170560,1780554273323170560,HTTP Sending,ms,p10,1.05
118,1780554272323170560,1780554273323170560,HTTP Sending,ms,p25,1.05
118,1780554272323170560,1780554273323170560,HTTP Sending,ms,p50,1.05
118,1780554272323170560,1780554273323170560,HTTP Sending,ms,p75,1.05
118,1780554272323170560,1780554273323170560,HTTP Sending,ms,p90,1.05
118,1780554272323170560,1780554273323170560,HTTP Sending,ms,p95,1.05
118,1780554272323170560,1780554273323170560,HTTP Sending,ms,p99,1.05
118,1780554272323170560,1780554273323170560,HTTP Sending,ms,std,0.00
118,1780554272323170560,1780554273323170560,HTTP Total Time,ms,avg,54653.28
118,1780554272323170560,1780554273323170560,HTTP Total Time,ms,min,54653.28
118,1780554272323170560,1780554273323170560,HTTP Total Time,ms,max,54653.28
118,1780554272323170560,1780554273323170560,HTTP Total Time,ms,sum,54653.28
118,1780554272323170560,1780554273323170560,HTTP Total Time,ms,p1,54653.28
118,1780554272323170560,1780554273323170560,HTTP Total Time,ms,p5,54653.28
118,1780554272323170560,1780554273323170560,HTTP Total Time,ms,p10,54653.28
118,1780554272323170560,1780554273323170560,HTTP Total Time,ms,p25,54653.28
118,1780554272323170560,1780554273323170560,HTTP Total Time,ms,p50,54653.28
118,1780554272323170560,1780554273323170560,HTTP Total Time,ms,p75,54653.28
118,1780554272323170560,1780554273323170560,HTTP Total Time,ms,p90,54653.28
118,1780554272323170560,1780554273323170560,HTTP Total Time,ms,p95,54653.28
118,1780554272323170560,1780554273323170560,HTTP Total Time,ms,p99,54653.28
118,1780554272323170560,1780554273323170560,HTTP Total Time,ms,std,0.00
118,1780554272323170560,1780554273323170560,HTTP Waiting (TTFB),ms,avg,2473.97
118,1780554272323170560,1780554273323170560,HTTP Waiting (TTFB),ms,min,2473.97
118,1780554272323170560,1780554273323170560,HTTP Waiting (TTFB),ms,max,2473.97
118,1780554272323170560,1780554273323170560,HTTP Waiting (TTFB),ms,sum,2473.97
118,1780554272323170560,1780554273323170560,HTTP Waiting (TTFB),ms,p1,2473.97
118,1780554272323170560,1780554273323170560,HTTP Waiting (TTFB),ms,p5,2473.97
118,1780554272323170560,1780554273323170560,HTTP Waiting (TTFB),ms,p10,2473.97
118,1780554272323170560,1780554273323170560,HTTP Waiting (TTFB),ms,p25,2473.97
118,1780554272323170560,1780554273323170560,HTTP Waiting (TTFB),ms,p50,2473.97
118,1780554272323170560,1780554273323170560,HTTP Waiting (TTFB),ms,p75,2473.97
118,1780554272323170560,1780554273323170560,HTTP Waiting (TTFB),ms,p90,2473.97
118,1780554272323170560,1780554273323170560,HTTP Waiting (TTFB),ms,p95,2473.97
118,1780554272323170560,1780554273323170560,HTTP Waiting (TTFB),ms,p99,2473.97
118,1780554272323170560,1780554273323170560,HTTP Waiting (TTFB),ms,std,0.00
118,1780554272323170560,1780554273323170560,Input Sequence Length,tokens,avg,42115.00
118,1780554272323170560,1780554273323170560,Input Sequence Length,tokens,min,42115.00
118,1780554272323170560,1780554273323170560,Input Sequence Length,tokens,max,42115.00
118,1780554272323170560,1780554273323170560,Input Sequence Length,tokens,sum,42115.00
118,1780554272323170560,1780554273323170560,Input Sequence Length,tokens,p1,42115.00
118,1780554272323170560,1780554273323170560,Input Sequence Length,tokens,p5,42115.00
118,1780554272323170560,1780554273323170560,Input Sequence Length,tokens,p10,42115.00
118,1780554272323170560,1780554273323170560,Input Sequence Length,tokens,p25,42115.00
118,1780554272323170560,1780554273323170560,Input Sequence Length,tokens,p50,42115.00
118,1780554272323170560,1780554273323170560,Input Sequence Length,tokens,p75,42115.00
118,1780554272323170560,1780554273323170560,Input Sequence Length,tokens,p90,42115.00
118,1780554272323170560,1780554273323170560,Input Sequence Length,tokens,p95,42115.00
118,1780554272323170560,1780554273323170560,Input Sequence Length,tokens,p99,42115.00
118,1780554272323170560,1780554273323170560,Input Sequence Length,tokens,std,0.00
118,1780554272323170560,1780554273323170560,Input Token Throughput,tokens/sec,avg,42115.00
118,1780554272323170560,1780554273323170560,Inter Chunk Latency,ms,avg,68.29
118,1780554272323170560,1780554273323170560,Inter Chunk Latency,ms,min,68.28
118,1780554272323170560,1780554273323170560,Inter Chunk Latency,ms,max,68.29
118,1780554272323170560,1780554273323170560,Inter Chunk Latency,ms,sum,20964.28
118,1780554272323170560,1780554273323170560,Inter Chunk Latency,ms,p1,68.28
118,1780554272323170560,1780554273323170560,Inter Chunk Latency,ms,p5,68.28
118,1780554272323170560,1780554273323170560,Inter Chunk Latency,ms,p10,68.28
118,1780554272323170560,1780554273323170560,Inter Chunk Latency,ms,p25,68.28
118,1780554272323170560,1780554273323170560,Inter Chunk Latency,ms,p50,68.29
118,1780554272323170560,1780554273323170560,Inter Chunk Latency,ms,p75,68.29
118,1780554272323170560,1780554273323170560,Inter Chunk Latency,ms,p90,68.29
118,1780554272323170560,1780554273323170560,Inter Chunk Latency,ms,p95,68.29
118,1780554272323170560,1780554273323170560,Inter Chunk Latency,ms,p99,68.29
118,1780554272323170560,1780554273323170560,Inter Chunk Latency,ms,std,0.00
118,1780554272323170560,1780554273323170560,Inter Token Latency,ms,avg,169.96
118,1780554272323170560,1780554273323170560,Inter Token Latency,ms,min,169.96
118,1780554272323170560,1780554273323170560,Inter Token Latency,ms,max,169.96
118,1780554272323170560,1780554273323170560,Inter Token Latency,ms,sum,169.96
118,1780554272323170560,1780554273323170560,Inter Token Latency,ms,p1,169.96
118,1780554272323170560,1780554273323170560,Inter Token Latency,ms,p5,169.96
118,1780554272323170560,1780554273323170560,Inter Token Latency,ms,p10,169.96
118,1780554272323170560,1780554273323170560,Inter Token Latency,ms,p25,169.96
118,1780554272323170560,1780554273323170560,Inter Token Latency,ms,p50,169.96
118,1780554272323170560,1780554273323170560,Inter Token Latency,ms,p75,169.96
118,1780554272323170560,1780554273323170560,Inter Token Latency,ms,p90,169.96
118,1780554272323170560,1780554273323170560,Inter Token Latency,ms,p95,169.96
118,1780554272323170560,1780554273323170560,Inter Token Latency,ms,p99,169.96
118,1780554272323170560,1780554273323170560,Inter Token Latency,ms,std,0.00
118,1780554272323170560,1780554273323170560,Maximum Response Timestamp,ns,avg,1780554327204278272.00
118,1780554272323170560,1780554273323170560,Minimum Request Timestamp,ns,avg,1780554272551593984.00
118,1780554272323170560,1780554273323170560,OSL Mismatch Count,requests,avg,0.00
118,1780554272323170560,1780554273323170560,OSL Mismatch Diff %,%,avg,0.00
118,1780554272323170560,1780554273323170560,OSL Mismatch Diff %,%,min,0.00
118,1780554272323170560,1780554273323170560,OSL Mismatch Diff %,%,max,0.00
118,1780554272323170560,1780554273323170560,OSL Mismatch Diff %,%,sum,0.00
118,1780554272323170560,1780554273323170560,OSL Mismatch Diff %,%,p1,0.00
118,1780554272323170560,1780554273323170560,OSL Mismatch Diff %,%,p5,0.00
118,1780554272323170560,1780554273323170560,OSL Mismatch Diff %,%,p10,0.00
118,1780554272323170560,1780554273323170560,OSL Mismatch Diff %,%,p25,0.00
118,1780554272323170560,1780554273323170560,OSL Mismatch Diff %,%,p50,0.00
118,1780554272323170560,1780554273323170560,OSL Mismatch Diff %,%,p75,0.00
118,1780554272323170560,1780554273323170560,OSL Mismatch Diff %,%,p90,0.00
118,1780554272323170560,1780554273323170560,OSL Mismatch Diff %,%,p95,0.00
118,1780554272323170560,1780554273323170560,OSL Mismatch Diff %,%,p99,0.00
118,1780554272323170560,1780554273323170560,OSL Mismatch Diff %,%,std,0.00
118,1780554272323170560,1780554273323170560,Output Sequence Length,tokens,avg,308.00
118,1780554272323170560,1780554273323170560,Output Sequence Length,tokens,min,308.00
118,1780554272323170560,1780554273323170560,Output Sequence Length,tokens,max,308.00
118,1780554272323170560,1780554273323170560,Output Sequence Length,tokens,sum,308.00
118,1780554272323170560,1780554273323170560,Output Sequence Length,tokens,p1,308.00
118,1780554272323170560,1780554273323170560,Output Sequence Length,tokens,p5,308.00
118,1780554272323170560,1780554273323170560,Output Sequence Length,tokens,p10,308.00
118,1780554272323170560,1780554273323170560,Output Sequence Length,tokens,p25,308.00
118,1780554272323170560,1780554273323170560,Output Sequence Length,tokens,p50,308.00
118,1780554272323170560,1780554273323170560,Output Sequence Length,tokens,p75,308.00
118,1780554272323170560,1780554273323170560,Output Sequence Length,tokens,p90,308.00
118,1780554272323170560,1780554273323170560,Output Sequence Length,tokens,p95,308.00
118,1780554272323170560,1780554273323170560,Output Sequence Length,tokens,p99,308.00
118,1780554272323170560,1780554273323170560,Output Sequence Length,tokens,std,0.00
118,1780554272323170560,1780554273323170560,Output Token Count,tokens,avg,308.00
118,1780554272323170560,1780554273323170560,Output Token Count,tokens,min,308.00
118,1780554272323170560,1780554273323170560,Output Token Count,tokens,max,308.00
118,1780554272323170560,1780554273323170560,Output Token Count,tokens,sum,308.00
118,1780554272323170560,1780554273323170560,Output Token Count,tokens,p1,308.00
118,1780554272323170560,1780554273323170560,Output Token Count,tokens,p5,308.00
118,1780554272323170560,1780554273323170560,Output Token Count,tokens,p10,308.00
118,1780554272323170560,1780554273323170560,Output Token Count,tokens,p25,308.00
118,1780554272323170560,1780554273323170560,Output Token Count,tokens,p50,308.00
118,1780554272323170560,1780554273323170560,Output Token Count,tokens,p75,308.00
118,1780554272323170560,1780554273323170560,Output Token Count,tokens,p90,308.00
118,1780554272323170560,1780554273323170560,Output Token Count,tokens,p95,308.00
118,1780554272323170560,1780554273323170560,Output Token Count,tokens,p99,308.00
118,1780554272323170560,1780554273323170560,Output Token Count,tokens,std,0.00
118,1780554272323170560,1780554273323170560,Output Token Throughput,tokens/sec,avg,308.00
118,1780554272323170560,1780554273323170560,Output Token Throughput Per User,tokens/sec/user,avg,5.88
118,1780554272323170560,1780554273323170560,Output Token Throughput Per User,tokens/sec/user,min,5.88
118,1780554272323170560,1780554273323170560,Output Token Throughput Per User,tokens/sec/user,max,5.88
118,1780554272323170560,1780554273323170560,Output Token Throughput Per User,tokens/sec/user,sum,5.88
118,1780554272323170560,1780554273323170560,Output Token Throughput Per User,tokens/sec/user,p1,5.88
118,1780554272323170560,1780554273323170560,Output Token Throughput Per User,tokens/sec/user,p5,5.88
118,1780554272323170560,1780554273323170560,Output Token Throughput Per User,tokens/sec/user,p10,5.88
118,1780554272323170560,1780554273323170560,Output Token Throughput Per User,tokens/sec/user,p25,5.88
118,1780554272323170560,1780554273323170560,Output Token Throughput Per User,tokens/sec/user,p50,5.88
118,1780554272323170560,1780554273323170560,Output Token Throughput Per User,tokens/sec/user,p75,5.88
118,1780554272323170560,1780554273323170560,Output Token Throughput Per User,tokens/sec/user,p90,5.88
118,1780554272323170560,1780554273323170560,Output Token Throughput Per User,tokens/sec/user,p95,5.88
118,1780554272323170560,1780554273323170560,Output Token Throughput Per User,tokens/sec/user,p99,5.88
118,1780554272323170560,1780554273323170560,Output Token Throughput Per User,tokens/sec/user,std,0.00
118,1780554272323170560,1780554273323170560,Prefill Throughput Per User,tokens/sec/user,avg,17015.13
118,1780554272323170560,1780554273323170560,Prefill Throughput Per User,tokens/sec/user,min,17015.13
118,1780554272323170560,1780554273323170560,Prefill Throughput Per User,tokens/sec/user,max,17015.13
118,1780554272323170560,1780554273323170560,Prefill Throughput Per User,tokens/sec/user,sum,17015.13
118,1780554272323170560,1780554273323170560,Prefill Throughput Per User,tokens/sec/user,p1,17015.13
118,1780554272323170560,1780554273323170560,Prefill Throughput Per User,tokens/sec/user,p5,17015.13
118,1780554272323170560,1780554273323170560,Prefill Throughput Per User,tokens/sec/user,p10,17015.13
118,1780554272323170560,1780554273323170560,Prefill Throughput Per User,tokens/sec/user,p25,17015.13
118,1780554272323170560,1780554273323170560,Prefill Throughput Per User,tokens/sec/user,p50,17015.13
118,1780554272323170560,1780554273323170560,Prefill Throughput Per User,tokens/sec/user,p75,17015.13
118,1780554272323170560,1780554273323170560,Prefill Throughput Per User,tokens/sec/user,p90,17015.13
118,1780554272323170560,1780554273323170560,Prefill Throughput Per User,tokens/sec/user,p95,17015.13
118,1780554272323170560,1780554273323170560,Prefill Throughput Per User,tokens/sec/user,p99,17015.13
118,1780554272323170560,1780554273323170560,Prefill Throughput Per User,tokens/sec/user,std,0.00
118,1780554272323170560,1780554273323170560,Request Count,requests,avg,1.00
118,1780554272323170560,1780554273323170560,Request Latency,ms,avg,54652.68
118,1780554272323170560,1780554273323170560,Request Latency,ms,min,54652.68
118,1780554272323170560,1780554273323170560,Request Latency,ms,max,54652.68
118,1780554272323170560,1780554273323170560,Request Latency,ms,sum,54652.68
118,1780554272323170560,1780554273323170560,Request Latency,ms,p1,54652.68
118,1780554272323170560,1780554273323170560,Request Latency,ms,p5,54652.68
118,1780554272323170560,1780554273323170560,Request Latency,ms,p10,54652.68
118,1780554272323170560,1780554273323170560,Request Latency,ms,p25,54652.68
118,1780554272323170560,1780554273323170560,Request Latency,ms,p50,54652.68
118,1780554272323170560,1780554273323170560,Request Latency,ms,p75,54652.68
118,1780554272323170560,1780554273323170560,Request Latency,ms,p90,54652.68
118,1780554272323170560,1780554273323170560,Request Latency,ms,p95,54652.68
118,1780554272323170560,1780554273323170560,Request Latency,ms,p99,54652.68
118,1780554272323170560,1780554273323170560,Request Latency,ms,std,0.00
118,1780554272323170560,1780554273323170560,Request Throughput,requests/sec,avg,1.00
118,1780554272323170560,1780554273323170560,Requested OSL,tokens,avg,308.00
118,1780554272323170560,1780554273323170560,Requested OSL,tokens,min,308.00
118,1780554272323170560,1780554273323170560,Requested OSL,tokens,max,308.00
118,1780554272323170560,1780554273323170560,Requested OSL,tokens,sum,308.00
118,1780554272323170560,1780554273323170560,Requested OSL,tokens,p1,308.00
118,1780554272323170560,1780554273323170560,Requested OSL,tokens,p5,308.00
118,1780554272323170560,1780554273323170560,Requested OSL,tokens,p10,308.00
118,1780554272323170560,1780554273323170560,Requested OSL,tokens,p25,308.00
118,1780554272323170560,1780554273323170560,Requested OSL,tokens,p50,308.00
118,1780554272323170560,1780554273323170560,Requested OSL,tokens,p75,308.00
118,1780554272323170560,1780554273323170560,Requested OSL,tokens,p90,308.00
118,1780554272323170560,1780554273323170560,Requested OSL,tokens,p95,308.00
118,1780554272323170560,1780554273323170560,Requested OSL,tokens,p99,308.00
118,1780554272323170560,1780554273323170560,Requested OSL,tokens,std,0.00
118,1780554272323170560,1780554273323170560,Time to First Output Token,ms,avg,2475.15
118,1780554272323170560,1780554273323170560,Time to First Output Token,ms,min,2475.15
118,1780554272323170560,1780554273323170560,Time to First Output Token,ms,max,2475.15
118,1780554272323170560,1780554273323170560,Time to First Output Token,ms,sum,2475.15
118,1780554272323170560,1780554273323170560,Time to First Output Token,ms,p1,2475.15
118,1780554272323170560,1780554273323170560,Time to First Output Token,ms,p5,2475.15
118,1780554272323170560,1780554273323170560,Time to First Output Token,ms,p10,2475.15
118,1780554272323170560,1780554273323170560,Time to First Output Token,ms,p25,2475.15
118,1780554272323170560,1780554273323170560,Time to First Output Token,ms,p50,2475.15
118,1780554272323170560,1780554273323170560,Time to First Output Token,ms,p75,2475.15
118,1780554272323170560,1780554273323170560,Time to First Output Token,ms,p90,2475.15
118,1780554272323170560,1780554273323170560,Time to First Output Token,ms,p95,2475.15
118,1780554272323170560,1780554273323170560,Time to First Output Token,ms,p99,2475.15
118,1780554272323170560,1780554273323170560,Time to First Output Token,ms,std,0.00
118,1780554272323170560,1780554273323170560,Time to First Token,ms,avg,2475.15
118,1780554272323170560,1780554273323170560,Time to First Token,ms,min,2475.15
118,1780554272323170560,1780554273323170560,Time to First Token,ms,max,2475.15
118,1780554272323170560,1780554273323170560,Time to First Token,ms,sum,2475.15
118,1780554272323170560,1780554273323170560,Time to First Token,ms,p1,2475.15
118,1780554272323170560,1780554273323170560,Time to First Token,ms,p5,2475.15
118,1780554272323170560,1780554273323170560,Time to First Token,ms,p10,2475.15
118,1780554272323170560,1780554273323170560,Time to First Token,ms,p25,2475.15
118,1780554272323170560,1780554273323170560,Time to First Token,ms,p50,2475.15
118,1780554272323170560,1780554273323170560,Time to First Token,ms,p75,2475.15
118,1780554272323170560,1780554273323170560,Time to First Token,ms,p90,2475.15
118,1780554272323170560,1780554273323170560,Time to First Token,ms,p95,2475.15
118,1780554272323170560,1780554273323170560,Time to First Token,ms,p99,2475.15
118,1780554272323170560,1780554273323170560,Time to First Token,ms,std,0.00
118,1780554272323170560,1780554273323170560,Time to Second Token,ms,avg,1.57
118,1780554272323170560,1780554273323170560,Time to Second Token,ms,min,1.57
118,1780554272323170560,1780554273323170560,Time to Second Token,ms,max,1.57
118,1780554272323170560,1780554273323170560,Time to Second Token,ms,sum,1.57
118,1780554272323170560,1780554273323170560,Time to Second Token,ms,p1,1.57
118,1780554272323170560,1780554273323170560,Time to Second Token,ms,p5,1.57
118,1780554272323170560,1780554273323170560,Time to Second Token,ms,p10,1.57
118,1780554272323170560,1780554273323170560,Time to Second Token,ms,p25,1.57
118,1780554272323170560,1780554273323170560,Time to Second Token,ms,p50,1.57
118,1780554272323170560,1780554273323170560,Time to Second Token,ms,p75,1.57
118,1780554272323170560,1780554273323170560,Time to Second Token,ms,p90,1.57
118,1780554272323170560,1780554273323170560,Time to Second Token,ms,p95,1.57
118,1780554272323170560,1780554273323170560,Time to Second Token,ms,p99,1.57
118,1780554272323170560,1780554273323170560,Time to Second Token,ms,std,0.00
118,1780554272323170560,1780554273323170560,Tokens In Flight,tokens,avg,675123.36
118,1780554272323170560,1780554273323170560,Tokens In Flight,tokens,min,642592.02
118,1780554272323170560,1780554273323170560,Tokens In Flight,tokens,max,684780.13
118,1780554272323170560,1780554273323170560,Tokens In Flight,tokens,p50,684742.07
118,1780554272323170560,1780554273323170560,Tokens In Flight,tokens,p90,684772.12
118,1780554272323170560,1780554273323170560,Tokens In Flight,tokens,p95,684776.12
118,1780554272323170560,1780554273323170560,Tokens In Flight,tokens,p99,684778.13
118,1780554272323170560,1780554273323170560,Tokens In Flight,tokens,std,17695.81
118,1780554272323170560,1780554273323170560,Total Input Sequence Length,tokens,avg,42115.00
118,1780554272323170560,1780554273323170560,Total Output Sequence Length,tokens,avg,308.00
118,1780554272323170560,1780554273323170560,Total Output Tokens,tokens,avg,308.00
118,1780554272323170560,1780554273323170560,Total Token Throughput,tokens/sec,avg,42423.00
118,1780554272323170560,1780554273323170560,Total Usage Completion Tokens,tokens,avg,308.00
118,1780554272323170560,1780554273323170560,Total Usage Prompt Tokens,tokens,avg,42115.00
118,1780554272323170560,1780554273323170560,Total Usage Total Tokens,tokens,avg,42423.00
118,1780554272323170560,1780554273323170560,Usage Completion Tokens,tokens,avg,308.00
118,1780554272323170560,1780554273323170560,Usage Completion Tokens,tokens,min,308.00
118,1780554272323170560,1780554273323170560,Usage Completion Tokens,tokens,max,308.00
118,1780554272323170560,1780554273323170560,Usage Completion Tokens,tokens,sum,308.00
118,1780554272323170560,1780554273323170560,Usage Completion Tokens,tokens,p1,308.00
118,1780554272323170560,1780554273323170560,Usage Completion Tokens,tokens,p5,308.00
118,1780554272323170560,1780554273323170560,Usage Completion Tokens,tokens,p10,308.00
118,1780554272323170560,1780554273323170560,Usage Completion Tokens,tokens,p25,308.00
118,1780554272323170560,1780554273323170560,Usage Completion Tokens,tokens,p50,308.00
118,1780554272323170560,1780554273323170560,Usage Completion Tokens,tokens,p75,308.00
118,1780554272323170560,1780554273323170560,Usage Completion Tokens,tokens,p90,308.00
118,1780554272323170560,1780554273323170560,Usage Completion Tokens,tokens,p95,308.00
118,1780554272323170560,1780554273323170560,Usage Completion Tokens,tokens,p99,308.00
118,1780554272323170560,1780554273323170560,Usage Completion Tokens,tokens,std,0.00
118,1780554272323170560,1780554273323170560,Usage Prompt Tokens,tokens,avg,42115.00
118,1780554272323170560,1780554273323170560,Usage Prompt Tokens,tokens,min,42115.00
118,1780554272323170560,1780554273323170560,Usage Prompt Tokens,tokens,max,42115.00
118,1780554272323170560,1780554273323170560,Usage Prompt Tokens,tokens,sum,42115.00
118,1780554272323170560,1780554273323170560,Usage Prompt Tokens,tokens,p1,42115.00
118,1780554272323170560,1780554273323170560,Usage Prompt Tokens,tokens,p5,42115.00
118,1780554272323170560,1780554273323170560,Usage Prompt Tokens,tokens,p10,42115.00
118,1780554272323170560,1780554273323170560,Usage Prompt Tokens,tokens,p25,42115.00
118,1780554272323170560,1780554273323170560,Usage Prompt Tokens,tokens,p50,42115.00
118,1780554272323170560,1780554273323170560,Usage Prompt Tokens,tokens,p75,42115.00
118,1780554272323170560,1780554273323170560,Usage Prompt Tokens,tokens,p90,42115.00
118,1780554272323170560,1780554273323170560,Usage Prompt Tokens,tokens,p95,42115.00
118,1780554272323170560,1780554273323170560,Usage Prompt Tokens,tokens,p99,42115.00
118,1780554272323170560,1780554273323170560,Usage Prompt Tokens,tokens,std,0.00
118,1780554272323170560,1780554273323170560,Usage Total Tokens,tokens,avg,42423.00
118,1780554272323170560,1780554273323170560,Usage Total Tokens,tokens,min,42423.00
118,1780554272323170560,1780554273323170560,Usage Total Tokens,tokens,max,42423.00
118,1780554272323170560,1780554273323170560,Usage Total Tokens,tokens,sum,42423.00
118,1780554272323170560,1780554273323170560,Usage Total Tokens,tokens,p1,42423.00
118,1780554272323170560,1780554273323170560,Usage Total Tokens,tokens,p5,42423.00
118,1780554272323170560,1780554273323170560,Usage Total Tokens,tokens,p10,42423.00
118,1780554272323170560,1780554273323170560,Usage Total Tokens,tokens,p25,42423.00
118,1780554272323170560,1780554273323170560,Usage Total Tokens,tokens,p50,42423.00
118,1780554272323170560,1780554273323170560,Usage Total Tokens,tokens,p75,42423.00
118,1780554272323170560,1780554273323170560,Usage Total Tokens,tokens,p90,42423.00
118,1780554272323170560,1780554273323170560,Usage Total Tokens,tokens,p95,42423.00
118,1780554272323170560,1780554273323170560,Usage Total Tokens,tokens,p99,42423.00
118,1780554272323170560,1780554273323170560,Usage Total Tokens,tokens,std,0.00
119,1780554273323170560,1780554274323170560,Active Decode Throughput,tokens/sec,avg,87.07
119,1780554273323170560,1780554274323170560,Active Decode Throughput,tokens/sec,min,72.36
119,1780554273323170560,1780554274323170560,Active Decode Throughput,tokens/sec,max,101.77
119,1780554273323170560,1780554274323170560,Active Decode Throughput,tokens/sec,p50,87.07
119,1780554273323170560,1780554274323170560,Active Decode Throughput,tokens/sec,p90,87.07
119,1780554273323170560,1780554274323170560,Active Decode Throughput,tokens/sec,p95,87.07
119,1780554273323170560,1780554274323170560,Active Decode Throughput,tokens/sec,p99,87.07
119,1780554273323170560,1780554274323170560,Active Decode Throughput,tokens/sec,std,0.04
119,1780554273323170560,1780554274323170560,Active Decode Throughput Per User,tokens/sec/user,avg,12.44
119,1780554273323170560,1780554274323170560,Active Decode Throughput Per User,tokens/sec/user,min,10.34
119,1780554273323170560,1780554274323170560,Active Decode Throughput Per User,tokens/sec/user,max,14.54
119,1780554273323170560,1780554274323170560,Active Decode Throughput Per User,tokens/sec/user,p50,12.44
119,1780554273323170560,1780554274323170560,Active Decode Throughput Per User,tokens/sec/user,p90,12.44
119,1780554273323170560,1780554274323170560,Active Decode Throughput Per User,tokens/sec/user,p95,12.44
119,1780554273323170560,1780554274323170560,Active Decode Throughput Per User,tokens/sec/user,p99,12.44
119,1780554273323170560,1780554274323170560,Active Decode Throughput Per User,tokens/sec/user,std,0.01
119,1780554273323170560,1780554274323170560,Active Prefill Throughput,tokens/sec,avg,70012.84
119,1780554273323170560,1780554274323170560,Active Prefill Throughput,tokens/sec,min,17015.14
119,1780554273323170560,1780554274323170560,Active Prefill Throughput,tokens/sec,max,101519.50
119,1780554273323170560,1780554274323170560,Active Prefill Throughput,tokens/sec,p50,101519.50
119,1780554273323170560,1780554274323170560,Active Prefill Throughput,tokens/sec,p90,101519.50
119,1780554273323170560,1780554274323170560,Active Prefill Throughput,tokens/sec,p95,101519.50
119,1780554273323170560,1780554274323170560,Active Prefill Throughput,tokens/sec,p99,101519.50
119,1780554273323170560,1780554274323170560,Active Prefill Throughput,tokens/sec,std,40862.95
119,1780554273323170560,1780554274323170560,Active Prefill Throughput Per User,tokens/sec/user,avg,38178.39
119,1780554273323170560,1780554274323170560,Active Prefill Throughput Per User,tokens/sec/user,min,17015.14
119,1780554273323170560,1780554274323170560,Active Prefill Throughput Per User,tokens/sec/user,max,50759.75
119,1780554273323170560,1780554274323170560,Active Prefill Throughput Per User,tokens/sec/user,p50,50759.75
119,1780554273323170560,1780554274323170560,Active Prefill Throughput Per User,tokens/sec/user,p90,50759.75
119,1780554273323170560,1780554274323170560,Active Prefill Throughput Per User,tokens/sec/user,p95,50759.75
119,1780554273323170560,1780554274323170560,Active Prefill Throughput Per User,tokens/sec/user,p99,50759.75
119,1780554273323170560,1780554274323170560,Active Prefill Throughput Per User,tokens/sec/user,std,16317.56
119,1780554273323170560,1780554274323170560,Active Total Throughput,tokens/sec,avg,70074.05
119,1780554273323170560,1780554274323170560,Active Total Throughput,tokens/sec,min,17076.35
119,1780554273323170560,1780554274323170560,Active Total Throughput,tokens/sec,max,101580.72
119,1780554273323170560,1780554274323170560,Active Total Throughput,tokens/sec,p50,101580.72
119,1780554273323170560,1780554274323170560,Active Total Throughput,tokens/sec,p90,101580.72
119,1780554273323170560,1780554274323170560,Active Total Throughput,tokens/sec,p95,101580.72
119,1780554273323170560,1780554274323170560,Active Total Throughput,tokens/sec,p99,101580.72
119,1780554273323170560,1780554274323170560,Active Total Throughput,tokens/sec,std,40862.95
119,1780554273323170560,1780554274323170560,Benchmark Duration,sec,avg,53.51
119,1780554273323170560,1780554274323170560,E2E Output Token Throughput,tokens/sec/user,avg,5.76
119,1780554273323170560,1780554274323170560,E2E Output Token Throughput,tokens/sec/user,min,5.76
119,1780554273323170560,1780554274323170560,E2E Output Token Throughput,tokens/sec/user,max,5.76
119,1780554273323170560,1780554274323170560,E2E Output Token Throughput,tokens/sec/user,sum,5.76
119,1780554273323170560,1780554274323170560,E2E Output Token Throughput,tokens/sec/user,p1,5.76
119,1780554273323170560,1780554274323170560,E2E Output Token Throughput,tokens/sec/user,p5,5.76
119,1780554273323170560,1780554274323170560,E2E Output Token Throughput,tokens/sec/user,p10,5.76
119,1780554273323170560,1780554274323170560,E2E Output Token Throughput,tokens/sec/user,p25,5.76
119,1780554273323170560,1780554274323170560,E2E Output Token Throughput,tokens/sec/user,p50,5.76
119,1780554273323170560,1780554274323170560,E2E Output Token Throughput,tokens/sec/user,p75,5.76
119,1780554273323170560,1780554274323170560,E2E Output Token Throughput,tokens/sec/user,p90,5.76
119,1780554273323170560,1780554274323170560,E2E Output Token Throughput,tokens/sec/user,p95,5.76
119,1780554273323170560,1780554274323170560,E2E Output Token Throughput,tokens/sec/user,p99,5.76
119,1780554273323170560,1780554274323170560,E2E Output Token Throughput,tokens/sec/user,std,0.00
119,1780554273323170560,1780554274323170560,Effective Concurrency,requests,avg,8.63
119,1780554273323170560,1780554274323170560,Effective Concurrency,requests,min,8.00
119,1780554273323170560,1780554274323170560,Effective Concurrency,requests,max,9.00
119,1780554273323170560,1780554274323170560,Effective Concurrency,requests,p50,9.00
119,1780554273323170560,1780554274323170560,Effective Concurrency,requests,p90,9.00
119,1780554273323170560,1780554274323170560,Effective Concurrency,requests,p95,9.00
119,1780554273323170560,1780554274323170560,Effective Concurrency,requests,p99,9.00
119,1780554273323170560,1780554274323170560,Effective Concurrency,requests,std,0.48
119,1780554273323170560,1780554274323170560,Effective Decode Concurrency,requests,avg,7.00
119,1780554273323170560,1780554274323170560,Effective Decode Concurrency,requests,min,7.00
119,1780554273323170560,1780554274323170560,Effective Decode Concurrency,requests,max,7.00
119,1780554273323170560,1780554274323170560,Effective Decode Concurrency,requests,p50,7.00
119,1780554273323170560,1780554274323170560,Effective Decode Concurrency,requests,p90,7.00
119,1780554273323170560,1780554274323170560,Effective Decode Concurrency,requests,p95,7.00
119,1780554273323170560,1780554274323170560,Effective Decode Concurrency,requests,p99,7.00
119,1780554273323170560,1780554274323170560,Effective Decode Concurrency,requests,std,0.00
119,1780554273323170560,1780554274323170560,Effective Decode Throughput,tokens/sec,avg,87.07
119,1780554273323170560,1780554274323170560,Effective Decode Throughput,tokens/sec,min,72.36
119,1780554273323170560,1780554274323170560,Effective Decode Throughput,tokens/sec,max,101.77
119,1780554273323170560,1780554274323170560,Effective Decode Throughput,tokens/sec,p50,87.07
119,1780554273323170560,1780554274323170560,Effective Decode Throughput,tokens/sec,p90,87.07
119,1780554273323170560,1780554274323170560,Effective Decode Throughput,tokens/sec,p95,87.07
119,1780554273323170560,1780554274323170560,Effective Decode Throughput,tokens/sec,p99,87.07
119,1780554273323170560,1780554274323170560,Effective Decode Throughput,tokens/sec,std,0.04
119,1780554273323170560,1780554274323170560,Effective Decode Throughput Per User,tokens/sec/user,avg,12.44
119,1780554273323170560,1780554274323170560,Effective Decode Throughput Per User,tokens/sec/user,min,10.34
119,1780554273323170560,1780554274323170560,Effective Decode Throughput Per User,tokens/sec/user,max,14.54
119,1780554273323170560,1780554274323170560,Effective Decode Throughput Per User,tokens/sec/user,p50,12.44
119,1780554273323170560,1780554274323170560,Effective Decode Throughput Per User,tokens/sec/user,p90,12.44
119,1780554273323170560,1780554274323170560,Effective Decode Throughput Per User,tokens/sec/user,p95,12.44
119,1780554273323170560,1780554274323170560,Effective Decode Throughput Per User,tokens/sec/user,p99,12.44
119,1780554273323170560,1780554274323170560,Effective Decode Throughput Per User,tokens/sec/user,std,0.01
119,1780554273323170560,1780554274323170560,Effective Prefill Concurrency,requests,avg,1.63
119,1780554273323170560,1780554274323170560,Effective Prefill Concurrency,requests,min,1.00
119,1780554273323170560,1780554274323170560,Effective Prefill Concurrency,requests,max,2.00
119,1780554273323170560,1780554274323170560,Effective Prefill Concurrency,requests,p50,2.00
119,1780554273323170560,1780554274323170560,Effective Prefill Concurrency,requests,p90,2.00
119,1780554273323170560,1780554274323170560,Effective Prefill Concurrency,requests,p95,2.00
119,1780554273323170560,1780554274323170560,Effective Prefill Concurrency,requests,p99,2.00
119,1780554273323170560,1780554274323170560,Effective Prefill Concurrency,requests,std,0.48
119,1780554273323170560,1780554274323170560,Effective Prefill Throughput,tokens/sec,avg,70012.84
119,1780554273323170560,1780554274323170560,Effective Prefill Throughput,tokens/sec,min,17015.14
119,1780554273323170560,1780554274323170560,Effective Prefill Throughput,tokens/sec,max,101519.50
119,1780554273323170560,1780554274323170560,Effective Prefill Throughput,tokens/sec,p50,101519.50
119,1780554273323170560,1780554274323170560,Effective Prefill Throughput,tokens/sec,p90,101519.50
119,1780554273323170560,1780554274323170560,Effective Prefill Throughput,tokens/sec,p95,101519.50
119,1780554273323170560,1780554274323170560,Effective Prefill Throughput,tokens/sec,p99,101519.50
119,1780554273323170560,1780554274323170560,Effective Prefill Throughput,tokens/sec,std,40862.95
119,1780554273323170560,1780554274323170560,Effective Prefill Throughput Per User,tokens/sec/user,avg,38178.39
119,1780554273323170560,1780554274323170560,Effective Prefill Throughput Per User,tokens/sec/user,min,17015.14
119,1780554273323170560,1780554274323170560,Effective Prefill Throughput Per User,tokens/sec/user,max,50759.75
119,1780554273323170560,1780554274323170560,Effective Prefill Throughput Per User,tokens/sec/user,p50,50759.75
119,1780554273323170560,1780554274323170560,Effective Prefill Throughput Per User,tokens/sec/user,p90,50759.75
119,1780554273323170560,1780554274323170560,Effective Prefill Throughput Per User,tokens/sec/user,p95,50759.75
119,1780554273323170560,1780554274323170560,Effective Prefill Throughput Per User,tokens/sec/user,p99,50759.75
119,1780554273323170560,1780554274323170560,Effective Prefill Throughput Per User,tokens/sec/user,std,16317.56
119,1780554273323170560,1780554274323170560,Effective Total Throughput,tokens/sec,avg,70074.05
119,1780554273323170560,1780554274323170560,Effective Total Throughput,tokens/sec,min,17076.35
119,1780554273323170560,1780554274323170560,Effective Total Throughput,tokens/sec,max,101580.72
119,1780554273323170560,1780554274323170560,Effective Total Throughput,tokens/sec,p50,101580.72
119,1780554273323170560,1780554274323170560,Effective Total Throughput,tokens/sec,p90,101580.72
119,1780554273323170560,1780554274323170560,Effective Total Throughput,tokens/sec,p95,101580.72
119,1780554273323170560,1780554274323170560,Effective Total Throughput,tokens/sec,p99,101580.72
119,1780554273323170560,1780554274323170560,Effective Total Throughput,tokens/sec,std,40862.95
119,1780554273323170560,1780554274323170560,HTTP Blocked,ms,avg,0.00
119,1780554273323170560,1780554274323170560,HTTP Blocked,ms,min,0.00
119,1780554273323170560,1780554274323170560,HTTP Blocked,ms,max,0.00
119,1780554273323170560,1780554274323170560,HTTP Blocked,ms,sum,0.00
119,1780554273323170560,1780554274323170560,HTTP Blocked,ms,p1,0.00
119,1780554273323170560,1780554274323170560,HTTP Blocked,ms,p5,0.00
119,1780554273323170560,1780554274323170560,HTTP Blocked,ms,p10,0.00
119,1780554273323170560,1780554274323170560,HTTP Blocked,ms,p25,0.00
119,1780554273323170560,1780554274323170560,HTTP Blocked,ms,p50,0.00
119,1780554273323170560,1780554274323170560,HTTP Blocked,ms,p75,0.00
119,1780554273323170560,1780554274323170560,HTTP Blocked,ms,p90,0.00
119,1780554273323170560,1780554274323170560,HTTP Blocked,ms,p95,0.00
119,1780554273323170560,1780554274323170560,HTTP Blocked,ms,p99,0.00
119,1780554273323170560,1780554274323170560,HTTP Blocked,ms,std,0.00
119,1780554273323170560,1780554274323170560,HTTP Chunks Received,count,avg,308.00
119,1780554273323170560,1780554274323170560,HTTP Chunks Received,count,min,308.00
119,1780554273323170560,1780554274323170560,HTTP Chunks Received,count,max,308.00
119,1780554273323170560,1780554274323170560,HTTP Chunks Received,count,sum,308.00
119,1780554273323170560,1780554274323170560,HTTP Chunks Received,count,p1,308.00
119,1780554273323170560,1780554274323170560,HTTP Chunks Received,count,p5,308.00
119,1780554273323170560,1780554274323170560,HTTP Chunks Received,count,p10,308.00
119,1780554273323170560,1780554274323170560,HTTP Chunks Received,count,p25,308.00
119,1780554273323170560,1780554274323170560,HTTP Chunks Received,count,p50,308.00
119,1780554273323170560,1780554274323170560,HTTP Chunks Received,count,p75,308.00
119,1780554273323170560,1780554274323170560,HTTP Chunks Received,count,p90,308.00
119,1780554273323170560,1780554274323170560,HTTP Chunks Received,count,p95,308.00
119,1780554273323170560,1780554274323170560,HTTP Chunks Received,count,p99,308.00
119,1780554273323170560,1780554274323170560,HTTP Chunks Received,count,std,0.00
119,1780554273323170560,1780554274323170560,HTTP Chunks Sent,count,avg,1.00
119,1780554273323170560,1780554274323170560,HTTP Chunks Sent,count,min,1.00
119,1780554273323170560,1780554274323170560,HTTP Chunks Sent,count,max,1.00
119,1780554273323170560,1780554274323170560,HTTP Chunks Sent,count,sum,1.00
119,1780554273323170560,1780554274323170560,HTTP Chunks Sent,count,p1,1.00
119,1780554273323170560,1780554274323170560,HTTP Chunks Sent,count,p5,1.00
119,1780554273323170560,1780554274323170560,HTTP Chunks Sent,count,p10,1.00
119,1780554273323170560,1780554274323170560,HTTP Chunks Sent,count,p25,1.00
119,1780554273323170560,1780554274323170560,HTTP Chunks Sent,count,p50,1.00
119,1780554273323170560,1780554274323170560,HTTP Chunks Sent,count,p75,1.00
119,1780554273323170560,1780554274323170560,HTTP Chunks Sent,count,p90,1.00
119,1780554273323170560,1780554274323170560,HTTP Chunks Sent,count,p95,1.00
119,1780554273323170560,1780554274323170560,HTTP Chunks Sent,count,p99,1.00
119,1780554273323170560,1780554274323170560,HTTP Chunks Sent,count,std,0.00
119,1780554273323170560,1780554274323170560,HTTP Connecting,ms,avg,0.65
119,1780554273323170560,1780554274323170560,HTTP Connecting,ms,min,0.65
119,1780554273323170560,1780554274323170560,HTTP Connecting,ms,max,0.65
119,1780554273323170560,1780554274323170560,HTTP Connecting,ms,sum,0.65
119,1780554273323170560,1780554274323170560,HTTP Connecting,ms,p1,0.65
119,1780554273323170560,1780554274323170560,HTTP Connecting,ms,p5,0.65
119,1780554273323170560,1780554274323170560,HTTP Connecting,ms,p10,0.65
119,1780554273323170560,1780554274323170560,HTTP Connecting,ms,p25,0.65
119,1780554273323170560,1780554274323170560,HTTP Connecting,ms,p50,0.65
119,1780554273323170560,1780554274323170560,HTTP Connecting,ms,p75,0.65
119,1780554273323170560,1780554274323170560,HTTP Connecting,ms,p90,0.65
119,1780554273323170560,1780554274323170560,HTTP Connecting,ms,p95,0.65
119,1780554273323170560,1780554274323170560,HTTP Connecting,ms,p99,0.65
119,1780554273323170560,1780554274323170560,HTTP Connecting,ms,std,0.00
119,1780554273323170560,1780554274323170560,HTTP Connection Overhead,ms,avg,0.65
119,1780554273323170560,1780554274323170560,HTTP Connection Overhead,ms,min,0.65
119,1780554273323170560,1780554274323170560,HTTP Connection Overhead,ms,max,0.65
119,1780554273323170560,1780554274323170560,HTTP Connection Overhead,ms,sum,0.65
119,1780554273323170560,1780554274323170560,HTTP Connection Overhead,ms,p1,0.65
119,1780554273323170560,1780554274323170560,HTTP Connection Overhead,ms,p5,0.65
119,1780554273323170560,1780554274323170560,HTTP Connection Overhead,ms,p10,0.65
119,1780554273323170560,1780554274323170560,HTTP Connection Overhead,ms,p25,0.65
119,1780554273323170560,1780554274323170560,HTTP Connection Overhead,ms,p50,0.65
119,1780554273323170560,1780554274323170560,HTTP Connection Overhead,ms,p75,0.65
119,1780554273323170560,1780554274323170560,HTTP Connection Overhead,ms,p90,0.65
119,1780554273323170560,1780554274323170560,HTTP Connection Overhead,ms,p95,0.65
119,1780554273323170560,1780554274323170560,HTTP Connection Overhead,ms,p99,0.65
119,1780554273323170560,1780554274323170560,HTTP Connection Overhead,ms,std,0.00
119,1780554273323170560,1780554274323170560,HTTP Connection Reused,ratio,avg,0.00
119,1780554273323170560,1780554274323170560,HTTP Connection Reused,ratio,min,0.00
119,1780554273323170560,1780554274323170560,HTTP Connection Reused,ratio,max,0.00
119,1780554273323170560,1780554274323170560,HTTP Connection Reused,ratio,sum,0.00
119,1780554273323170560,1780554274323170560,HTTP Connection Reused,ratio,p1,0.00
119,1780554273323170560,1780554274323170560,HTTP Connection Reused,ratio,p5,0.00
119,1780554273323170560,1780554274323170560,HTTP Connection Reused,ratio,p10,0.00
119,1780554273323170560,1780554274323170560,HTTP Connection Reused,ratio,p25,0.00
119,1780554273323170560,1780554274323170560,HTTP Connection Reused,ratio,p50,0.00
119,1780554273323170560,1780554274323170560,HTTP Connection Reused,ratio,p75,0.00
119,1780554273323170560,1780554274323170560,HTTP Connection Reused,ratio,p90,0.00
119,1780554273323170560,1780554274323170560,HTTP Connection Reused,ratio,p95,0.00
119,1780554273323170560,1780554274323170560,HTTP Connection Reused,ratio,p99,0.00
119,1780554273323170560,1780554274323170560,HTTP Connection Reused,ratio,std,0.00
119,1780554273323170560,1780554274323170560,HTTP Data Received,KB,avg,77.41
119,1780554273323170560,1780554274323170560,HTTP Data Received,KB,min,77.41
119,1780554273323170560,1780554274323170560,HTTP Data Received,KB,max,77.41
119,1780554273323170560,1780554274323170560,HTTP Data Received,KB,sum,77.41
119,1780554273323170560,1780554274323170560,HTTP Data Received,KB,p1,77.41
119,1780554273323170560,1780554274323170560,HTTP Data Received,KB,p5,77.41
119,1780554273323170560,1780554274323170560,HTTP Data Received,KB,p10,77.41
119,1780554273323170560,1780554274323170560,HTTP Data Received,KB,p25,77.41
119,1780554273323170560,1780554274323170560,HTTP Data Received,KB,p50,77.41
119,1780554273323170560,1780554274323170560,HTTP Data Received,KB,p75,77.41
119,1780554273323170560,1780554274323170560,HTTP Data Received,KB,p90,77.41
119,1780554273323170560,1780554274323170560,HTTP Data Received,KB,p95,77.41
119,1780554273323170560,1780554274323170560,HTTP Data Received,KB,p99,77.41
119,1780554273323170560,1780554274323170560,HTTP Data Received,KB,std,0.00
119,1780554273323170560,1780554274323170560,HTTP Data Sent,KB,avg,438.26
119,1780554273323170560,1780554274323170560,HTTP Data Sent,KB,min,438.26
119,1780554273323170560,1780554274323170560,HTTP Data Sent,KB,max,438.26
119,1780554273323170560,1780554274323170560,HTTP Data Sent,KB,sum,438.26
119,1780554273323170560,1780554274323170560,HTTP Data Sent,KB,p1,438.26
119,1780554273323170560,1780554274323170560,HTTP Data Sent,KB,p5,438.26
119,1780554273323170560,1780554274323170560,HTTP Data Sent,KB,p10,438.26
119,1780554273323170560,1780554274323170560,HTTP Data Sent,KB,p25,438.26
119,1780554273323170560,1780554274323170560,HTTP Data Sent,KB,p50,438.26
119,1780554273323170560,1780554274323170560,HTTP Data Sent,KB,p75,438.26
119,1780554273323170560,1780554274323170560,HTTP Data Sent,KB,p90,438.26
119,1780554273323170560,1780554274323170560,HTTP Data Sent,KB,p95,438.26
119,1780554273323170560,1780554274323170560,HTTP Data Sent,KB,p99,438.26
119,1780554273323170560,1780554274323170560,HTTP Data Sent,KB,std,0.00
119,1780554273323170560,1780554274323170560,HTTP DNS Lookup,ms,avg,0.00
119,1780554273323170560,1780554274323170560,HTTP DNS Lookup,ms,min,0.00
119,1780554273323170560,1780554274323170560,HTTP DNS Lookup,ms,max,0.00
119,1780554273323170560,1780554274323170560,HTTP DNS Lookup,ms,sum,0.00
119,1780554273323170560,1780554274323170560,HTTP DNS Lookup,ms,p1,0.00
119,1780554273323170560,1780554274323170560,HTTP DNS Lookup,ms,p5,0.00
119,1780554273323170560,1780554274323170560,HTTP DNS Lookup,ms,p10,0.00
119,1780554273323170560,1780554274323170560,HTTP DNS Lookup,ms,p25,0.00
119,1780554273323170560,1780554274323170560,HTTP DNS Lookup,ms,p50,0.00
119,1780554273323170560,1780554274323170560,HTTP DNS Lookup,ms,p75,0.00
119,1780554273323170560,1780554274323170560,HTTP DNS Lookup,ms,p90,0.00
119,1780554273323170560,1780554274323170560,HTTP DNS Lookup,ms,p95,0.00
119,1780554273323170560,1780554274323170560,HTTP DNS Lookup,ms,p99,0.00
119,1780554273323170560,1780554274323170560,HTTP DNS Lookup,ms,std,0.00
119,1780554273323170560,1780554274323170560,HTTP Duration (excl. conn),ms,avg,53508.07
119,1780554273323170560,1780554274323170560,HTTP Duration (excl. conn),ms,min,53508.07
119,1780554273323170560,1780554274323170560,HTTP Duration (excl. conn),ms,max,53508.07
119,1780554273323170560,1780554274323170560,HTTP Duration (excl. conn),ms,sum,53508.07
119,1780554273323170560,1780554274323170560,HTTP Duration (excl. conn),ms,p1,53508.07
119,1780554273323170560,1780554274323170560,HTTP Duration (excl. conn),ms,p5,53508.07
119,1780554273323170560,1780554274323170560,HTTP Duration (excl. conn),ms,p10,53508.07
119,1780554273323170560,1780554274323170560,HTTP Duration (excl. conn),ms,p25,53508.07
119,1780554273323170560,1780554274323170560,HTTP Duration (excl. conn),ms,p50,53508.07
119,1780554273323170560,1780554274323170560,HTTP Duration (excl. conn),ms,p75,53508.07
119,1780554273323170560,1780554274323170560,HTTP Duration (excl. conn),ms,p90,53508.07
119,1780554273323170560,1780554274323170560,HTTP Duration (excl. conn),ms,p95,53508.07
119,1780554273323170560,1780554274323170560,HTTP Duration (excl. conn),ms,p99,53508.07
119,1780554273323170560,1780554274323170560,HTTP Duration (excl. conn),ms,std,0.00
119,1780554273323170560,1780554274323170560,HTTP Receiving,ms,avg,52177.46
119,1780554273323170560,1780554274323170560,HTTP Receiving,ms,min,52177.46
119,1780554273323170560,1780554274323170560,HTTP Receiving,ms,max,52177.46
119,1780554273323170560,1780554274323170560,HTTP Receiving,ms,sum,52177.46
119,1780554273323170560,1780554274323170560,HTTP Receiving,ms,p1,52177.46
119,1780554273323170560,1780554274323170560,HTTP Receiving,ms,p5,52177.46
119,1780554273323170560,1780554274323170560,HTTP Receiving,ms,p10,52177.46
119,1780554273323170560,1780554274323170560,HTTP Receiving,ms,p25,52177.46
119,1780554273323170560,1780554274323170560,HTTP Receiving,ms,p50,52177.46
119,1780554273323170560,1780554274323170560,HTTP Receiving,ms,p75,52177.46
119,1780554273323170560,1780554274323170560,HTTP Receiving,ms,p90,52177.46
119,1780554273323170560,1780554274323170560,HTTP Receiving,ms,p95,52177.46
119,1780554273323170560,1780554274323170560,HTTP Receiving,ms,p99,52177.46
119,1780554273323170560,1780554274323170560,HTTP Receiving,ms,std,0.00
119,1780554273323170560,1780554274323170560,HTTP Sending,ms,avg,0.93
119,1780554273323170560,1780554274323170560,HTTP Sending,ms,min,0.93
119,1780554273323170560,1780554274323170560,HTTP Sending,ms,max,0.93
119,1780554273323170560,1780554274323170560,HTTP Sending,ms,sum,0.93
119,1780554273323170560,1780554274323170560,HTTP Sending,ms,p1,0.93
119,1780554273323170560,1780554274323170560,HTTP Sending,ms,p5,0.93
119,1780554273323170560,1780554274323170560,HTTP Sending,ms,p10,0.93
119,1780554273323170560,1780554274323170560,HTTP Sending,ms,p25,0.93
119,1780554273323170560,1780554274323170560,HTTP Sending,ms,p50,0.93
119,1780554273323170560,1780554274323170560,HTTP Sending,ms,p75,0.93
119,1780554273323170560,1780554274323170560,HTTP Sending,ms,p90,0.93
119,1780554273323170560,1780554274323170560,HTTP Sending,ms,p95,0.93
119,1780554273323170560,1780554274323170560,HTTP Sending,ms,p99,0.93
119,1780554273323170560,1780554274323170560,HTTP Sending,ms,std,0.00
119,1780554273323170560,1780554274323170560,HTTP Total Time,ms,avg,53508.71
119,1780554273323170560,1780554274323170560,HTTP Total Time,ms,min,53508.71
119,1780554273323170560,1780554274323170560,HTTP Total Time,ms,max,53508.71
119,1780554273323170560,1780554274323170560,HTTP Total Time,ms,sum,53508.71
119,1780554273323170560,1780554274323170560,HTTP Total Time,ms,p1,53508.71
119,1780554273323170560,1780554274323170560,HTTP Total Time,ms,p5,53508.71
119,1780554273323170560,1780554274323170560,HTTP Total Time,ms,p10,53508.71
119,1780554273323170560,1780554274323170560,HTTP Total Time,ms,p25,53508.71
119,1780554273323170560,1780554274323170560,HTTP Total Time,ms,p50,53508.71
119,1780554273323170560,1780554274323170560,HTTP Total Time,ms,p75,53508.71
119,1780554273323170560,1780554274323170560,HTTP Total Time,ms,p90,53508.71
119,1780554273323170560,1780554274323170560,HTTP Total Time,ms,p95,53508.71
119,1780554273323170560,1780554274323170560,HTTP Total Time,ms,p99,53508.71
119,1780554273323170560,1780554274323170560,HTTP Total Time,ms,std,0.00
119,1780554273323170560,1780554274323170560,HTTP Waiting (TTFB),ms,avg,1329.68
119,1780554273323170560,1780554274323170560,HTTP Waiting (TTFB),ms,min,1329.68
119,1780554273323170560,1780554274323170560,HTTP Waiting (TTFB),ms,max,1329.68
119,1780554273323170560,1780554274323170560,HTTP Waiting (TTFB),ms,sum,1329.68
119,1780554273323170560,1780554274323170560,HTTP Waiting (TTFB),ms,p1,1329.68
119,1780554273323170560,1780554274323170560,HTTP Waiting (TTFB),ms,p5,1329.68
119,1780554273323170560,1780554274323170560,HTTP Waiting (TTFB),ms,p10,1329.68
119,1780554273323170560,1780554274323170560,HTTP Waiting (TTFB),ms,p25,1329.68
119,1780554273323170560,1780554274323170560,HTTP Waiting (TTFB),ms,p50,1329.68
119,1780554273323170560,1780554274323170560,HTTP Waiting (TTFB),ms,p75,1329.68
119,1780554273323170560,1780554274323170560,HTTP Waiting (TTFB),ms,p90,1329.68
119,1780554273323170560,1780554274323170560,HTTP Waiting (TTFB),ms,p95,1329.68
119,1780554273323170560,1780554274323170560,HTTP Waiting (TTFB),ms,p99,1329.68
119,1780554273323170560,1780554274323170560,HTTP Waiting (TTFB),ms,std,0.00
119,1780554273323170560,1780554274323170560,Input Sequence Length,tokens,avg,112452.00
119,1780554273323170560,1780554274323170560,Input Sequence Length,tokens,min,112452.00
119,1780554273323170560,1780554274323170560,Input Sequence Length,tokens,max,112452.00
119,1780554273323170560,1780554274323170560,Input Sequence Length,tokens,sum,112452.00
119,1780554273323170560,1780554274323170560,Input Sequence Length,tokens,p1,112452.00
119,1780554273323170560,1780554274323170560,Input Sequence Length,tokens,p5,112452.00
119,1780554273323170560,1780554274323170560,Input Sequence Length,tokens,p10,112452.00
119,1780554273323170560,1780554274323170560,Input Sequence Length,tokens,p25,112452.00
119,1780554273323170560,1780554274323170560,Input Sequence Length,tokens,p50,112452.00
119,1780554273323170560,1780554274323170560,Input Sequence Length,tokens,p75,112452.00
119,1780554273323170560,1780554274323170560,Input Sequence Length,tokens,p90,112452.00
119,1780554273323170560,1780554274323170560,Input Sequence Length,tokens,p95,112452.00
119,1780554273323170560,1780554274323170560,Input Sequence Length,tokens,p99,112452.00
119,1780554273323170560,1780554274323170560,Input Sequence Length,tokens,std,0.00
119,1780554273323170560,1780554274323170560,Input Token Throughput,tokens/sec,avg,112452.00
119,1780554273323170560,1780554274323170560,Inter Chunk Latency,ms,avg,68.30
119,1780554273323170560,1780554274323170560,Inter Chunk Latency,ms,min,68.29
119,1780554273323170560,1780554274323170560,Inter Chunk Latency,ms,max,68.31
119,1780554273323170560,1780554274323170560,Inter Chunk Latency,ms,sum,20831.53
119,1780554273323170560,1780554274323170560,Inter Chunk Latency,ms,p1,68.29
119,1780554273323170560,1780554274323170560,Inter Chunk Latency,ms,p5,68.29
119,1780554273323170560,1780554274323170560,Inter Chunk Latency,ms,p10,68.30
119,1780554273323170560,1780554274323170560,Inter Chunk Latency,ms,p25,68.30
119,1780554273323170560,1780554274323170560,Inter Chunk Latency,ms,p50,68.30
119,1780554273323170560,1780554274323170560,Inter Chunk Latency,ms,p75,68.30
119,1780554273323170560,1780554274323170560,Inter Chunk Latency,ms,p90,68.31
119,1780554273323170560,1780554274323170560,Inter Chunk Latency,ms,p95,68.31
119,1780554273323170560,1780554274323170560,Inter Chunk Latency,ms,p99,68.31
119,1780554273323170560,1780554274323170560,Inter Chunk Latency,ms,std,0.00
119,1780554273323170560,1780554274323170560,Inter Token Latency,ms,avg,169.96
119,1780554273323170560,1780554274323170560,Inter Token Latency,ms,min,169.96
119,1780554273323170560,1780554274323170560,Inter Token Latency,ms,max,169.96
119,1780554273323170560,1780554274323170560,Inter Token Latency,ms,sum,169.96
119,1780554273323170560,1780554274323170560,Inter Token Latency,ms,p1,169.96
119,1780554273323170560,1780554274323170560,Inter Token Latency,ms,p5,169.96
119,1780554273323170560,1780554274323170560,Inter Token Latency,ms,p10,169.96
119,1780554273323170560,1780554274323170560,Inter Token Latency,ms,p25,169.96
119,1780554273323170560,1780554274323170560,Inter Token Latency,ms,p50,169.96
119,1780554273323170560,1780554274323170560,Inter Token Latency,ms,p75,169.96
119,1780554273323170560,1780554274323170560,Inter Token Latency,ms,p90,169.96
119,1780554273323170560,1780554274323170560,Inter Token Latency,ms,p95,169.96
119,1780554273323170560,1780554274323170560,Inter Token Latency,ms,p99,169.96
119,1780554273323170560,1780554274323170560,Inter Token Latency,ms,std,0.00
119,1780554273323170560,1780554274323170560,Maximum Response Timestamp,ns,avg,1780554327204199168.00
119,1780554273323170560,1780554274323170560,Minimum Request Timestamp,ns,avg,1780554273696011264.00
119,1780554273323170560,1780554274323170560,OSL Mismatch Count,requests,avg,0.00
119,1780554273323170560,1780554274323170560,OSL Mismatch Diff %,%,avg,0.00
119,1780554273323170560,1780554274323170560,OSL Mismatch Diff %,%,min,0.00
119,1780554273323170560,1780554274323170560,OSL Mismatch Diff %,%,max,0.00
119,1780554273323170560,1780554274323170560,OSL Mismatch Diff %,%,sum,0.00
119,1780554273323170560,1780554274323170560,OSL Mismatch Diff %,%,p1,0.00
119,1780554273323170560,1780554274323170560,OSL Mismatch Diff %,%,p5,0.00
119,1780554273323170560,1780554274323170560,OSL Mismatch Diff %,%,p10,0.00
119,1780554273323170560,1780554274323170560,OSL Mismatch Diff %,%,p25,0.00
119,1780554273323170560,1780554274323170560,OSL Mismatch Diff %,%,p50,0.00
119,1780554273323170560,1780554274323170560,OSL Mismatch Diff %,%,p75,0.00
119,1780554273323170560,1780554274323170560,OSL Mismatch Diff %,%,p90,0.00
119,1780554273323170560,1780554274323170560,OSL Mismatch Diff %,%,p95,0.00
119,1780554273323170560,1780554274323170560,OSL Mismatch Diff %,%,p99,0.00
119,1780554273323170560,1780554274323170560,OSL Mismatch Diff %,%,std,0.00
119,1780554273323170560,1780554274323170560,Output Sequence Length,tokens,avg,308.00
119,1780554273323170560,1780554274323170560,Output Sequence Length,tokens,min,308.00
119,1780554273323170560,1780554274323170560,Output Sequence Length,tokens,max,308.00
119,1780554273323170560,1780554274323170560,Output Sequence Length,tokens,sum,308.00
119,1780554273323170560,1780554274323170560,Output Sequence Length,tokens,p1,308.00
119,1780554273323170560,1780554274323170560,Output Sequence Length,tokens,p5,308.00
119,1780554273323170560,1780554274323170560,Output Sequence Length,tokens,p10,308.00
119,1780554273323170560,1780554274323170560,Output Sequence Length,tokens,p25,308.00
119,1780554273323170560,1780554274323170560,Output Sequence Length,tokens,p50,308.00
119,1780554273323170560,1780554274323170560,Output Sequence Length,tokens,p75,308.00
119,1780554273323170560,1780554274323170560,Output Sequence Length,tokens,p90,308.00
119,1780554273323170560,1780554274323170560,Output Sequence Length,tokens,p95,308.00
119,1780554273323170560,1780554274323170560,Output Sequence Length,tokens,p99,308.00
119,1780554273323170560,1780554274323170560,Output Sequence Length,tokens,std,0.00
119,1780554273323170560,1780554274323170560,Output Token Count,tokens,avg,308.00
119,1780554273323170560,1780554274323170560,Output Token Count,tokens,min,308.00
119,1780554273323170560,1780554274323170560,Output Token Count,tokens,max,308.00
119,1780554273323170560,1780554274323170560,Output Token Count,tokens,sum,308.00
119,1780554273323170560,1780554274323170560,Output Token Count,tokens,p1,308.00
119,1780554273323170560,1780554274323170560,Output Token Count,tokens,p5,308.00
119,1780554273323170560,1780554274323170560,Output Token Count,tokens,p10,308.00
119,1780554273323170560,1780554274323170560,Output Token Count,tokens,p25,308.00
119,1780554273323170560,1780554274323170560,Output Token Count,tokens,p50,308.00
119,1780554273323170560,1780554274323170560,Output Token Count,tokens,p75,308.00
119,1780554273323170560,1780554274323170560,Output Token Count,tokens,p90,308.00
119,1780554273323170560,1780554274323170560,Output Token Count,tokens,p95,308.00
119,1780554273323170560,1780554274323170560,Output Token Count,tokens,p99,308.00
119,1780554273323170560,1780554274323170560,Output Token Count,tokens,std,0.00
119,1780554273323170560,1780554274323170560,Output Token Throughput,tokens/sec,avg,308.00
119,1780554273323170560,1780554274323170560,Output Token Throughput Per User,tokens/sec/user,avg,5.88
119,1780554273323170560,1780554274323170560,Output Token Throughput Per User,tokens/sec/user,min,5.88
119,1780554273323170560,1780554274323170560,Output Token Throughput Per User,tokens/sec/user,max,5.88
119,1780554273323170560,1780554274323170560,Output Token Throughput Per User,tokens/sec/user,sum,5.88
119,1780554273323170560,1780554274323170560,Output Token Throughput Per User,tokens/sec/user,p1,5.88
119,1780554273323170560,1780554274323170560,Output Token Throughput Per User,tokens/sec/user,p5,5.88
119,1780554273323170560,1780554274323170560,Output Token Throughput Per User,tokens/sec/user,p10,5.88
119,1780554273323170560,1780554274323170560,Output Token Throughput Per User,tokens/sec/user,p25,5.88
119,1780554273323170560,1780554274323170560,Output Token Throughput Per User,tokens/sec/user,p50,5.88
119,1780554273323170560,1780554274323170560,Output Token Throughput Per User,tokens/sec/user,p75,5.88
119,1780554273323170560,1780554274323170560,Output Token Throughput Per User,tokens/sec/user,p90,5.88
119,1780554273323170560,1780554274323170560,Output Token Throughput Per User,tokens/sec/user,p95,5.88
119,1780554273323170560,1780554274323170560,Output Token Throughput Per User,tokens/sec/user,p99,5.88
119,1780554273323170560,1780554274323170560,Output Token Throughput Per User,tokens/sec/user,std,0.00
119,1780554273323170560,1780554274323170560,Prefill Throughput Per User,tokens/sec/user,avg,84504.36
119,1780554273323170560,1780554274323170560,Prefill Throughput Per User,tokens/sec/user,min,84504.36
119,1780554273323170560,1780554274323170560,Prefill Throughput Per User,tokens/sec/user,max,84504.36
119,1780554273323170560,1780554274323170560,Prefill Throughput Per User,tokens/sec/user,sum,84504.36
119,1780554273323170560,1780554274323170560,Prefill Throughput Per User,tokens/sec/user,p1,84504.36
119,1780554273323170560,1780554274323170560,Prefill Throughput Per User,tokens/sec/user,p5,84504.36
119,1780554273323170560,1780554274323170560,Prefill Throughput Per User,tokens/sec/user,p10,84504.36
119,1780554273323170560,1780554274323170560,Prefill Throughput Per User,tokens/sec/user,p25,84504.36
119,1780554273323170560,1780554274323170560,Prefill Throughput Per User,tokens/sec/user,p50,84504.36
119,1780554273323170560,1780554274323170560,Prefill Throughput Per User,tokens/sec/user,p75,84504.36
119,1780554273323170560,1780554274323170560,Prefill Throughput Per User,tokens/sec/user,p90,84504.36
119,1780554273323170560,1780554274323170560,Prefill Throughput Per User,tokens/sec/user,p95,84504.36
119,1780554273323170560,1780554274323170560,Prefill Throughput Per User,tokens/sec/user,p99,84504.36
119,1780554273323170560,1780554274323170560,Prefill Throughput Per User,tokens/sec/user,std,0.00
119,1780554273323170560,1780554274323170560,Request Count,requests,avg,1.00
119,1780554273323170560,1780554274323170560,Request Latency,ms,avg,53508.19
119,1780554273323170560,1780554274323170560,Request Latency,ms,min,53508.19
119,1780554273323170560,1780554274323170560,Request Latency,ms,max,53508.19
119,1780554273323170560,1780554274323170560,Request Latency,ms,sum,53508.19
119,1780554273323170560,1780554274323170560,Request Latency,ms,p1,53508.19
119,1780554273323170560,1780554274323170560,Request Latency,ms,p5,53508.19
119,1780554273323170560,1780554274323170560,Request Latency,ms,p10,53508.19
119,1780554273323170560,1780554274323170560,Request Latency,ms,p25,53508.19
119,1780554273323170560,1780554274323170560,Request Latency,ms,p50,53508.19
119,1780554273323170560,1780554274323170560,Request Latency,ms,p75,53508.19
119,1780554273323170560,1780554274323170560,Request Latency,ms,p90,53508.19
119,1780554273323170560,1780554274323170560,Request Latency,ms,p95,53508.19
119,1780554273323170560,1780554274323170560,Request Latency,ms,p99,53508.19
119,1780554273323170560,1780554274323170560,Request Latency,ms,std,0.00
119,1780554273323170560,1780554274323170560,Request Throughput,requests/sec,avg,1.00
119,1780554273323170560,1780554274323170560,Requested OSL,tokens,avg,308.00
119,1780554273323170560,1780554274323170560,Requested OSL,tokens,min,308.00
119,1780554273323170560,1780554274323170560,Requested OSL,tokens,max,308.00
119,1780554273323170560,1780554274323170560,Requested OSL,tokens,sum,308.00
119,1780554273323170560,1780554274323170560,Requested OSL,tokens,p1,308.00
119,1780554273323170560,1780554274323170560,Requested OSL,tokens,p5,308.00
119,1780554273323170560,1780554274323170560,Requested OSL,tokens,p10,308.00
119,1780554273323170560,1780554274323170560,Requested OSL,tokens,p25,308.00
119,1780554273323170560,1780554274323170560,Requested OSL,tokens,p50,308.00
119,1780554273323170560,1780554274323170560,Requested OSL,tokens,p75,308.00
119,1780554273323170560,1780554274323170560,Requested OSL,tokens,p90,308.00
119,1780554273323170560,1780554274323170560,Requested OSL,tokens,p95,308.00
119,1780554273323170560,1780554274323170560,Requested OSL,tokens,p99,308.00
119,1780554273323170560,1780554274323170560,Requested OSL,tokens,std,0.00
119,1780554273323170560,1780554274323170560,Time to First Output Token,ms,avg,1330.72
119,1780554273323170560,1780554274323170560,Time to First Output Token,ms,min,1330.72
119,1780554273323170560,1780554274323170560,Time to First Output Token,ms,max,1330.72
119,1780554273323170560,1780554274323170560,Time to First Output Token,ms,sum,1330.72
119,1780554273323170560,1780554274323170560,Time to First Output Token,ms,p1,1330.72
119,1780554273323170560,1780554274323170560,Time to First Output Token,ms,p5,1330.72
119,1780554273323170560,1780554274323170560,Time to First Output Token,ms,p10,1330.72
119,1780554273323170560,1780554274323170560,Time to First Output Token,ms,p25,1330.72
119,1780554273323170560,1780554274323170560,Time to First Output Token,ms,p50,1330.72
119,1780554273323170560,1780554274323170560,Time to First Output Token,ms,p75,1330.72
119,1780554273323170560,1780554274323170560,Time to First Output Token,ms,p90,1330.72
119,1780554273323170560,1780554274323170560,Time to First Output Token,ms,p95,1330.72
119,1780554273323170560,1780554274323170560,Time to First Output Token,ms,p99,1330.72
119,1780554273323170560,1780554274323170560,Time to First Output Token,ms,std,0.00
119,1780554273323170560,1780554274323170560,Time to First Token,ms,avg,1330.72
119,1780554273323170560,1780554274323170560,Time to First Token,ms,min,1330.72
119,1780554273323170560,1780554274323170560,Time to First Token,ms,max,1330.72
119,1780554273323170560,1780554274323170560,Time to First Token,ms,sum,1330.72
119,1780554273323170560,1780554274323170560,Time to First Token,ms,p1,1330.72
119,1780554273323170560,1780554274323170560,Time to First Token,ms,p5,1330.72
119,1780554273323170560,1780554274323170560,Time to First Token,ms,p10,1330.72
119,1780554273323170560,1780554274323170560,Time to First Token,ms,p25,1330.72
119,1780554273323170560,1780554274323170560,Time to First Token,ms,p50,1330.72
119,1780554273323170560,1780554274323170560,Time to First Token,ms,p75,1330.72
119,1780554273323170560,1780554274323170560,Time to First Token,ms,p90,1330.72
119,1780554273323170560,1780554274323170560,Time to First Token,ms,p95,1330.72
119,1780554273323170560,1780554274323170560,Time to First Token,ms,p99,1330.72
119,1780554273323170560,1780554274323170560,Time to First Token,ms,std,0.00
119,1780554273323170560,1780554274323170560,Time to Second Token,ms,avg,1.55
119,1780554273323170560,1780554274323170560,Time to Second Token,ms,min,1.55
119,1780554273323170560,1780554274323170560,Time to Second Token,ms,max,1.55
119,1780554273323170560,1780554274323170560,Time to Second Token,ms,sum,1.55
119,1780554273323170560,1780554274323170560,Time to Second Token,ms,p1,1.55
119,1780554273323170560,1780554274323170560,Time to Second Token,ms,p5,1.55
119,1780554273323170560,1780554274323170560,Time to Second Token,ms,p10,1.55
119,1780554273323170560,1780554274323170560,Time to Second Token,ms,p25,1.55
119,1780554273323170560,1780554274323170560,Time to Second Token,ms,p50,1.55
119,1780554273323170560,1780554274323170560,Time to Second Token,ms,p75,1.55
119,1780554273323170560,1780554274323170560,Time to Second Token,ms,p90,1.55
119,1780554273323170560,1780554274323170560,Time to Second Token,ms,p95,1.55
119,1780554273323170560,1780554274323170560,Time to Second Token,ms,p99,1.55
119,1780554273323170560,1780554274323170560,Time to Second Token,ms,std,0.00
119,1780554273323170560,1780554274323170560,Tokens In Flight,tokens,avg,755341.13
119,1780554273323170560,1780554274323170560,Tokens In Flight,tokens,min,684780.13
119,1780554273323170560,1780554274323170560,Tokens In Flight,tokens,max,797303.23
119,1780554273323170560,1780554274323170560,Tokens In Flight,tokens,p50,797268.18
119,1780554273323170560,1780554274323170560,Tokens In Flight,tokens,p90,797298.23
119,1780554273323170560,1780554274323170560,Tokens In Flight,tokens,p95,797300.23
119,1780554273323170560,1780554274323170560,Tokens In Flight,tokens,p99,797303.23
119,1780554273323170560,1780554274323170560,Tokens In Flight,tokens,std,54394.79
119,1780554273323170560,1780554274323170560,Total Input Sequence Length,tokens,avg,112452.00
119,1780554273323170560,1780554274323170560,Total Output Sequence Length,tokens,avg,308.00
119,1780554273323170560,1780554274323170560,Total Output Tokens,tokens,avg,308.00
119,1780554273323170560,1780554274323170560,Total Token Throughput,tokens/sec,avg,112760.00
119,1780554273323170560,1780554274323170560,Total Usage Completion Tokens,tokens,avg,308.00
119,1780554273323170560,1780554274323170560,Total Usage Prompt Tokens,tokens,avg,112452.00
119,1780554273323170560,1780554274323170560,Total Usage Total Tokens,tokens,avg,112760.00
119,1780554273323170560,1780554274323170560,Usage Completion Tokens,tokens,avg,308.00
119,1780554273323170560,1780554274323170560,Usage Completion Tokens,tokens,min,308.00
119,1780554273323170560,1780554274323170560,Usage Completion Tokens,tokens,max,308.00
119,1780554273323170560,1780554274323170560,Usage Completion Tokens,tokens,sum,308.00
119,1780554273323170560,1780554274323170560,Usage Completion Tokens,tokens,p1,308.00
119,1780554273323170560,1780554274323170560,Usage Completion Tokens,tokens,p5,308.00
119,1780554273323170560,1780554274323170560,Usage Completion Tokens,tokens,p10,308.00
119,1780554273323170560,1780554274323170560,Usage Completion Tokens,tokens,p25,308.00
119,1780554273323170560,1780554274323170560,Usage Completion Tokens,tokens,p50,308.00
119,1780554273323170560,1780554274323170560,Usage Completion Tokens,tokens,p75,308.00
119,1780554273323170560,1780554274323170560,Usage Completion Tokens,tokens,p90,308.00
119,1780554273323170560,1780554274323170560,Usage Completion Tokens,tokens,p95,308.00
119,1780554273323170560,1780554274323170560,Usage Completion Tokens,tokens,p99,308.00
119,1780554273323170560,1780554274323170560,Usage Completion Tokens,tokens,std,0.00
119,1780554273323170560,1780554274323170560,Usage Prompt Tokens,tokens,avg,112452.00
119,1780554273323170560,1780554274323170560,Usage Prompt Tokens,tokens,min,112452.00
119,1780554273323170560,1780554274323170560,Usage Prompt Tokens,tokens,max,112452.00
119,1780554273323170560,1780554274323170560,Usage Prompt Tokens,tokens,sum,112452.00
119,1780554273323170560,1780554274323170560,Usage Prompt Tokens,tokens,p1,112452.00
119,1780554273323170560,1780554274323170560,Usage Prompt Tokens,tokens,p5,112452.00
119,1780554273323170560,1780554274323170560,Usage Prompt Tokens,tokens,p10,112452.00
119,1780554273323170560,1780554274323170560,Usage Prompt Tokens,tokens,p25,112452.00
119,1780554273323170560,1780554274323170560,Usage Prompt Tokens,tokens,p50,112452.00
119,1780554273323170560,1780554274323170560,Usage Prompt Tokens,tokens,p75,112452.00
119,1780554273323170560,1780554274323170560,Usage Prompt Tokens,tokens,p90,112452.00
119,1780554273323170560,1780554274323170560,Usage Prompt Tokens,tokens,p95,112452.00
119,1780554273323170560,1780554274323170560,Usage Prompt Tokens,tokens,p99,112452.00
119,1780554273323170560,1780554274323170560,Usage Prompt Tokens,tokens,std,0.00
119,1780554273323170560,1780554274323170560,Usage Total Tokens,tokens,avg,112760.00
119,1780554273323170560,1780554274323170560,Usage Total Tokens,tokens,min,112760.00
119,1780554273323170560,1780554274323170560,Usage Total Tokens,tokens,max,112760.00
119,1780554273323170560,1780554274323170560,Usage Total Tokens,tokens,sum,112760.00
119,1780554273323170560,1780554274323170560,Usage Total Tokens,tokens,p1,112760.00
119,1780554273323170560,1780554274323170560,Usage Total Tokens,tokens,p5,112760.00
119,1780554273323170560,1780554274323170560,Usage Total Tokens,tokens,p10,112760.00
119,1780554273323170560,1780554274323170560,Usage Total Tokens,tokens,p25,112760.00
119,1780554273323170560,1780554274323170560,Usage Total Tokens,tokens,p50,112760.00
119,1780554273323170560,1780554274323170560,Usage Total Tokens,tokens,p75,112760.00
119,1780554273323170560,1780554274323170560,Usage Total Tokens,tokens,p90,112760.00
119,1780554273323170560,1780554274323170560,Usage Total Tokens,tokens,p95,112760.00
119,1780554273323170560,1780554274323170560,Usage Total Tokens,tokens,p99,112760.00
119,1780554273323170560,1780554274323170560,Usage Total Tokens,tokens,std,0.00
120,1780554274323170560,1780554275323170560,Active Decode Throughput,tokens/sec,avg,88.94
120,1780554274323170560,1780554275323170560,Active Decode Throughput,tokens/sec,min,57.77
120,1780554274323170560,1780554275323170560,Active Decode Throughput,tokens/sec,max,116.44
120,1780554274323170560,1780554275323170560,Active Decode Throughput,tokens/sec,p50,87.06
120,1780554274323170560,1780554275323170560,Active Decode Throughput,tokens/sec,p90,101.74
120,1780554274323170560,1780554275323170560,Active Decode Throughput,tokens/sec,p95,101.74
120,1780554274323170560,1780554275323170560,Active Decode Throughput,tokens/sec,p99,101.74
120,1780554274323170560,1780554275323170560,Active Decode Throughput,tokens/sec,std,9.84
120,1780554274323170560,1780554275323170560,Active Decode Throughput Per User,tokens/sec/user,avg,11.75
120,1780554274323170560,1780554275323170560,Active Decode Throughput Per User,tokens/sec/user,min,8.25
120,1780554274323170560,1780554275323170560,Active Decode Throughput Per User,tokens/sec/user,max,14.54
120,1780554274323170560,1780554275323170560,Active Decode Throughput Per User,tokens/sec/user,p50,12.44
120,1780554274323170560,1780554275323170560,Active Decode Throughput Per User,tokens/sec/user,p90,12.44
120,1780554274323170560,1780554275323170560,Active Decode Throughput Per User,tokens/sec/user,p95,12.44
120,1780554274323170560,1780554275323170560,Active Decode Throughput Per User,tokens/sec/user,p99,12.44
120,1780554274323170560,1780554275323170560,Active Decode Throughput Per User,tokens/sec/user,std,0.80
120,1780554274323170560,1780554275323170560,Active Prefill Throughput,tokens/sec,avg,106463.45
120,1780554274323170560,1780554275323170560,Active Prefill Throughput,tokens/sec,min,17015.14
120,1780554274323170560,1780554275323170560,Active Prefill Throughput,tokens/sec,max,133267.43
120,1780554274323170560,1780554275323170560,Active Prefill Throughput,tokens/sec,p50,101519.50
120,1780554274323170560,1780554275323170560,Active Prefill Throughput,tokens/sec,p90,133267.43
120,1780554274323170560,1780554275323170560,Active Prefill Throughput,tokens/sec,p95,133267.43
120,1780554274323170560,1780554275323170560,Active Prefill Throughput,tokens/sec,p99,133267.43
120,1780554274323170560,1780554275323170560,Active Prefill Throughput,tokens/sec,std,11515.68
120,1780554274323170560,1780554275323170560,Active Prefill Throughput Per User,tokens/sec/user,avg,63610.02
120,1780554274323170560,1780554275323170560,Active Prefill Throughput Per User,tokens/sec/user,min,17015.14
120,1780554274323170560,1780554275323170560,Active Prefill Throughput Per User,tokens/sec/user,max,133267.43
120,1780554274323170560,1780554275323170560,Active Prefill Throughput Per User,tokens/sec/user,p50,50759.75
120,1780554274323170560,1780554275323170560,Active Prefill Throughput Per User,tokens/sec/user,p90,133267.43
120,1780554274323170560,1780554275323170560,Active Prefill Throughput Per User,tokens/sec/user,p95,133267.43
120,1780554274323170560,1780554275323170560,Active Prefill Throughput Per User,tokens/sec/user,p99,133267.43
120,1780554274323170560,1780554275323170560,Active Prefill Throughput Per User,tokens/sec/user,std,29919.12
120,1780554274323170560,1780554275323170560,Active Total Throughput,tokens/sec,avg,88788.19
120,1780554274323170560,1780554275323170560,Active Total Throughput,tokens/sec,min,72.98
120,1780554274323170560,1780554275323170560,Active Total Throughput,tokens/sec,max,133340.42
120,1780554274323170560,1780554275323170560,Active Total Throughput,tokens/sec,p50,101580.72
120,1780554274323170560,1780554275323170560,Active Total Throughput,tokens/sec,p90,133340.42
120,1780554274323170560,1780554275323170560,Active Total Throughput,tokens/sec,p95,133340.42
120,1780554274323170560,1780554275323170560,Active Total Throughput,tokens/sec,p99,133340.42
120,1780554274323170560,1780554275323170560,Active Total Throughput,tokens/sec,std,41039.66
120,1780554274323170560,1780554275323170560,Benchmark Duration,sec,avg,11.46
120,1780554274323170560,1780554275323170560,E2E Output Token Throughput,tokens/sec/user,avg,15.27
120,1780554274323170560,1780554275323170560,E2E Output Token Throughput,tokens/sec/user,min,15.27
120,1780554274323170560,1780554275323170560,E2E Output Token Throughput,tokens/sec/user,max,15.27
120,1780554274323170560,1780554275323170560,E2E Output Token Throughput,tokens/sec/user,sum,15.27
120,1780554274323170560,1780554275323170560,E2E Output Token Throughput,tokens/sec/user,p1,15.27
120,1780554274323170560,1780554275323170560,E2E Output Token Throughput,tokens/sec/user,p5,15.27
120,1780554274323170560,1780554275323170560,E2E Output Token Throughput,tokens/sec/user,p10,15.27
120,1780554274323170560,1780554275323170560,E2E Output Token Throughput,tokens/sec/user,p25,15.27
120,1780554274323170560,1780554275323170560,E2E Output Token Throughput,tokens/sec/user,p50,15.27
120,1780554274323170560,1780554275323170560,E2E Output Token Throughput,tokens/sec/user,p75,15.27
120,1780554274323170560,1780554275323170560,E2E Output Token Throughput,tokens/sec/user,p90,15.27
120,1780554274323170560,1780554275323170560,E2E Output Token Throughput,tokens/sec/user,p95,15.27
120,1780554274323170560,1780554275323170560,E2E Output Token Throughput,tokens/sec/user,p99,15.27
120,1780554274323170560,1780554275323170560,E2E Output Token Throughput,tokens/sec/user,std,0.00
120,1780554274323170560,1780554275323170560,Effective Concurrency,requests,avg,9.13
120,1780554274323170560,1780554275323170560,Effective Concurrency,requests,min,9.00
120,1780554274323170560,1780554275323170560,Effective Concurrency,requests,max,10.00
120,1780554274323170560,1780554275323170560,Effective Concurrency,requests,p50,9.00
120,1780554274323170560,1780554275323170560,Effective Concurrency,requests,p90,10.00
120,1780554274323170560,1780554275323170560,Effective Concurrency,requests,p95,10.00
120,1780554274323170560,1780554275323170560,Effective Concurrency,requests,p99,10.00
120,1780554274323170560,1780554275323170560,Effective Concurrency,requests,std,0.34
120,1780554274323170560,1780554275323170560,Effective Decode Concurrency,requests,avg,7.59
120,1780554274323170560,1780554275323170560,Effective Decode Concurrency,requests,min,7.00
120,1780554274323170560,1780554275323170560,Effective Decode Concurrency,requests,max,9.00
120,1780554274323170560,1780554275323170560,Effective Decode Concurrency,requests,p50,7.00
120,1780554274323170560,1780554275323170560,Effective Decode Concurrency,requests,p90,9.00
120,1780554274323170560,1780554275323170560,Effective Decode Concurrency,requests,p95,9.00
120,1780554274323170560,1780554275323170560,Effective Decode Concurrency,requests,p99,9.00
120,1780554274323170560,1780554275323170560,Effective Decode Concurrency,requests,std,0.91
120,1780554274323170560,1780554275323170560,Effective Decode Throughput,tokens/sec,avg,88.94
120,1780554274323170560,1780554275323170560,Effective Decode Throughput,tokens/sec,min,57.77
120,1780554274323170560,1780554275323170560,Effective Decode Throughput,tokens/sec,max,116.44
120,1780554274323170560,1780554275323170560,Effective Decode Throughput,tokens/sec,p50,87.06
120,1780554274323170560,1780554275323170560,Effective Decode Throughput,tokens/sec,p90,101.74
120,1780554274323170560,1780554275323170560,Effective Decode Throughput,tokens/sec,p95,101.74
120,1780554274323170560,1780554275323170560,Effective Decode Throughput,tokens/sec,p99,101.74
120,1780554274323170560,1780554275323170560,Effective Decode Throughput,tokens/sec,std,9.84
120,1780554274323170560,1780554275323170560,Effective Decode Throughput Per User,tokens/sec/user,avg,11.75
120,1780554274323170560,1780554275323170560,Effective Decode Throughput Per User,tokens/sec/user,min,8.25
120,1780554274323170560,1780554275323170560,Effective Decode Throughput Per User,tokens/sec/user,max,14.54
120,1780554274323170560,1780554275323170560,Effective Decode Throughput Per User,tokens/sec/user,p50,12.44
120,1780554274323170560,1780554275323170560,Effective Decode Throughput Per User,tokens/sec/user,p90,12.44
120,1780554274323170560,1780554275323170560,Effective Decode Throughput Per User,tokens/sec/user,p95,12.44
120,1780554274323170560,1780554275323170560,Effective Decode Throughput Per User,tokens/sec/user,p99,12.44
120,1780554274323170560,1780554275323170560,Effective Decode Throughput Per User,tokens/sec/user,std,0.80
120,1780554274323170560,1780554275323170560,Effective Prefill Concurrency,requests,avg,1.54
120,1780554274323170560,1780554275323170560,Effective Prefill Concurrency,requests,min,0.00
120,1780554274323170560,1780554275323170560,Effective Prefill Concurrency,requests,max,2.00
120,1780554274323170560,1780554275323170560,Effective Prefill Concurrency,requests,p50,2.00
120,1780554274323170560,1780554275323170560,Effective Prefill Concurrency,requests,p90,2.00
120,1780554274323170560,1780554275323170560,Effective Prefill Concurrency,requests,p95,2.00
120,1780554274323170560,1780554275323170560,Effective Prefill Concurrency,requests,p99,2.00
120,1780554274323170560,1780554275323170560,Effective Prefill Concurrency,requests,std,0.76
120,1780554274323170560,1780554275323170560,Effective Prefill Throughput,tokens/sec,avg,88723.48
120,1780554274323170560,1780554275323170560,Effective Prefill Throughput,tokens/sec,min,0.00
120,1780554274323170560,1780554275323170560,Effective Prefill Throughput,tokens/sec,max,133267.43
120,1780554274323170560,1780554275323170560,Effective Prefill Throughput,tokens/sec,p50,101519.50
120,1780554274323170560,1780554275323170560,Effective Prefill Throughput,tokens/sec,p90,133267.43
120,1780554274323170560,1780554275323170560,Effective Prefill Throughput,tokens/sec,p95,133267.43
120,1780554274323170560,1780554275323170560,Effective Prefill Throughput,tokens/sec,p99,133267.43
120,1780554274323170560,1780554275323170560,Effective Prefill Throughput,tokens/sec,std,41042.24
120,1780554274323170560,1780554275323170560,Effective Prefill Throughput Per User,tokens/sec/user,avg,53010.71
120,1780554274323170560,1780554275323170560,Effective Prefill Throughput Per User,tokens/sec/user,min,0.00
120,1780554274323170560,1780554275323170560,Effective Prefill Throughput Per User,tokens/sec/user,max,133267.43
120,1780554274323170560,1780554275323170560,Effective Prefill Throughput Per User,tokens/sec/user,p50,50759.75
120,1780554274323170560,1780554275323170560,Effective Prefill Throughput Per User,tokens/sec/user,p90,133267.43
120,1780554274323170560,1780554275323170560,Effective Prefill Throughput Per User,tokens/sec/user,p95,133267.43
120,1780554274323170560,1780554275323170560,Effective Prefill Throughput Per User,tokens/sec/user,p99,133267.43
120,1780554274323170560,1780554275323170560,Effective Prefill Throughput Per User,tokens/sec/user,std,36164.51
120,1780554274323170560,1780554275323170560,Effective Total Throughput,tokens/sec,avg,88788.19
120,1780554274323170560,1780554275323170560,Effective Total Throughput,tokens/sec,min,72.98
120,1780554274323170560,1780554275323170560,Effective Total Throughput,tokens/sec,max,133340.42
120,1780554274323170560,1780554275323170560,Effective Total Throughput,tokens/sec,p50,101580.72
120,1780554274323170560,1780554275323170560,Effective Total Throughput,tokens/sec,p90,133340.42
120,1780554274323170560,1780554275323170560,Effective Total Throughput,tokens/sec,p95,133340.42
120,1780554274323170560,1780554275323170560,Effective Total Throughput,tokens/sec,p99,133340.42
120,1780554274323170560,1780554275323170560,Effective Total Throughput,tokens/sec,std,41039.66
120,1780554274323170560,1780554275323170560,HTTP Blocked,ms,avg,0.00
120,1780554274323170560,1780554275323170560,HTTP Blocked,ms,min,0.00
120,1780554274323170560,1780554275323170560,HTTP Blocked,ms,max,0.00
120,1780554274323170560,1780554275323170560,HTTP Blocked,ms,sum,0.00
120,1780554274323170560,1780554275323170560,HTTP Blocked,ms,p1,0.00
120,1780554274323170560,1780554275323170560,HTTP Blocked,ms,p5,0.00
120,1780554274323170560,1780554275323170560,HTTP Blocked,ms,p10,0.00
120,1780554274323170560,1780554275323170560,HTTP Blocked,ms,p25,0.00
120,1780554274323170560,1780554275323170560,HTTP Blocked,ms,p50,0.00
120,1780554274323170560,1780554275323170560,HTTP Blocked,ms,p75,0.00
120,1780554274323170560,1780554275323170560,HTTP Blocked,ms,p90,0.00
120,1780554274323170560,1780554275323170560,HTTP Blocked,ms,p95,0.00
120,1780554274323170560,1780554275323170560,HTTP Blocked,ms,p99,0.00
120,1780554274323170560,1780554275323170560,HTTP Blocked,ms,std,0.00
120,1780554274323170560,1780554275323170560,HTTP Chunks Received,count,avg,175.00
120,1780554274323170560,1780554275323170560,HTTP Chunks Received,count,min,175.00
120,1780554274323170560,1780554275323170560,HTTP Chunks Received,count,max,175.00
120,1780554274323170560,1780554275323170560,HTTP Chunks Received,count,sum,175.00
120,1780554274323170560,1780554275323170560,HTTP Chunks Received,count,p1,175.00
120,1780554274323170560,1780554275323170560,HTTP Chunks Received,count,p5,175.00
120,1780554274323170560,1780554275323170560,HTTP Chunks Received,count,p10,175.00
120,1780554274323170560,1780554275323170560,HTTP Chunks Received,count,p25,175.00
120,1780554274323170560,1780554275323170560,HTTP Chunks Received,count,p50,175.00
120,1780554274323170560,1780554275323170560,HTTP Chunks Received,count,p75,175.00
120,1780554274323170560,1780554275323170560,HTTP Chunks Received,count,p90,175.00
120,1780554274323170560,1780554275323170560,HTTP Chunks Received,count,p95,175.00
120,1780554274323170560,1780554275323170560,HTTP Chunks Received,count,p99,175.00
120,1780554274323170560,1780554275323170560,HTTP Chunks Received,count,std,0.00
120,1780554274323170560,1780554275323170560,HTTP Chunks Sent,count,avg,1.00
120,1780554274323170560,1780554275323170560,HTTP Chunks Sent,count,min,1.00
120,1780554274323170560,1780554275323170560,HTTP Chunks Sent,count,max,1.00
120,1780554274323170560,1780554275323170560,HTTP Chunks Sent,count,sum,1.00
120,1780554274323170560,1780554275323170560,HTTP Chunks Sent,count,p1,1.00
120,1780554274323170560,1780554275323170560,HTTP Chunks Sent,count,p5,1.00
120,1780554274323170560,1780554275323170560,HTTP Chunks Sent,count,p10,1.00
120,1780554274323170560,1780554275323170560,HTTP Chunks Sent,count,p25,1.00
120,1780554274323170560,1780554275323170560,HTTP Chunks Sent,count,p50,1.00
120,1780554274323170560,1780554275323170560,HTTP Chunks Sent,count,p75,1.00
120,1780554274323170560,1780554275323170560,HTTP Chunks Sent,count,p90,1.00
120,1780554274323170560,1780554275323170560,HTTP Chunks Sent,count,p95,1.00
120,1780554274323170560,1780554275323170560,HTTP Chunks Sent,count,p99,1.00
120,1780554274323170560,1780554275323170560,HTTP Chunks Sent,count,std,0.00
120,1780554274323170560,1780554275323170560,HTTP Connecting,ms,avg,0.00
120,1780554274323170560,1780554275323170560,HTTP Connecting,ms,min,0.00
120,1780554274323170560,1780554275323170560,HTTP Connecting,ms,max,0.00
120,1780554274323170560,1780554275323170560,HTTP Connecting,ms,sum,0.00
120,1780554274323170560,1780554275323170560,HTTP Connecting,ms,p1,0.00
120,1780554274323170560,1780554275323170560,HTTP Connecting,ms,p5,0.00
120,1780554274323170560,1780554275323170560,HTTP Connecting,ms,p10,0.00
120,1780554274323170560,1780554275323170560,HTTP Connecting,ms,p25,0.00
120,1780554274323170560,1780554275323170560,HTTP Connecting,ms,p50,0.00
120,1780554274323170560,1780554275323170560,HTTP Connecting,ms,p75,0.00
120,1780554274323170560,1780554275323170560,HTTP Connecting,ms,p90,0.00
120,1780554274323170560,1780554275323170560,HTTP Connecting,ms,p95,0.00
120,1780554274323170560,1780554275323170560,HTTP Connecting,ms,p99,0.00
120,1780554274323170560,1780554275323170560,HTTP Connecting,ms,std,0.00
120,1780554274323170560,1780554275323170560,HTTP Connection Overhead,ms,avg,0.00
120,1780554274323170560,1780554275323170560,HTTP Connection Overhead,ms,min,0.00
120,1780554274323170560,1780554275323170560,HTTP Connection Overhead,ms,max,0.00
120,1780554274323170560,1780554275323170560,HTTP Connection Overhead,ms,sum,0.00
120,1780554274323170560,1780554275323170560,HTTP Connection Overhead,ms,p1,0.00
120,1780554274323170560,1780554275323170560,HTTP Connection Overhead,ms,p5,0.00
120,1780554274323170560,1780554275323170560,HTTP Connection Overhead,ms,p10,0.00
120,1780554274323170560,1780554275323170560,HTTP Connection Overhead,ms,p25,0.00
120,1780554274323170560,1780554275323170560,HTTP Connection Overhead,ms,p50,0.00
120,1780554274323170560,1780554275323170560,HTTP Connection Overhead,ms,p75,0.00
120,1780554274323170560,1780554275323170560,HTTP Connection Overhead,ms,p90,0.00
120,1780554274323170560,1780554275323170560,HTTP Connection Overhead,ms,p95,0.00
120,1780554274323170560,1780554275323170560,HTTP Connection Overhead,ms,p99,0.00
120,1780554274323170560,1780554275323170560,HTTP Connection Overhead,ms,std,0.00
120,1780554274323170560,1780554275323170560,HTTP Connection Reused,ratio,avg,1.00
120,1780554274323170560,1780554275323170560,HTTP Connection Reused,ratio,min,1.00
120,1780554274323170560,1780554275323170560,HTTP Connection Reused,ratio,max,1.00
120,1780554274323170560,1780554275323170560,HTTP Connection Reused,ratio,sum,1.00
120,1780554274323170560,1780554275323170560,HTTP Connection Reused,ratio,p1,1.00
120,1780554274323170560,1780554275323170560,HTTP Connection Reused,ratio,p5,1.00
120,1780554274323170560,1780554275323170560,HTTP Connection Reused,ratio,p10,1.00
120,1780554274323170560,1780554275323170560,HTTP Connection Reused,ratio,p25,1.00
120,1780554274323170560,1780554275323170560,HTTP Connection Reused,ratio,p50,1.00
120,1780554274323170560,1780554275323170560,HTTP Connection Reused,ratio,p75,1.00
120,1780554274323170560,1780554275323170560,HTTP Connection Reused,ratio,p90,1.00
120,1780554274323170560,1780554275323170560,HTTP Connection Reused,ratio,p95,1.00
120,1780554274323170560,1780554275323170560,HTTP Connection Reused,ratio,p99,1.00
120,1780554274323170560,1780554275323170560,HTTP Connection Reused,ratio,std,0.00
120,1780554274323170560,1780554275323170560,HTTP Data Received,KB,avg,44.25
120,1780554274323170560,1780554275323170560,HTTP Data Received,KB,min,44.25
120,1780554274323170560,1780554275323170560,HTTP Data Received,KB,max,44.25
120,1780554274323170560,1780554275323170560,HTTP Data Received,KB,sum,44.25
120,1780554274323170560,1780554275323170560,HTTP Data Received,KB,p1,44.25
120,1780554274323170560,1780554275323170560,HTTP Data Received,KB,p5,44.25
120,1780554274323170560,1780554275323170560,HTTP Data Received,KB,p10,44.25
120,1780554274323170560,1780554275323170560,HTTP Data Received,KB,p25,44.25
120,1780554274323170560,1780554275323170560,HTTP Data Received,KB,p50,44.25
120,1780554274323170560,1780554275323170560,HTTP Data Received,KB,p75,44.25
120,1780554274323170560,1780554275323170560,HTTP Data Received,KB,p90,44.25
120,1780554274323170560,1780554275323170560,HTTP Data Received,KB,p95,44.25
120,1780554274323170560,1780554275323170560,HTTP Data Received,KB,p99,44.25
120,1780554274323170560,1780554275323170560,HTTP Data Received,KB,std,0.00
120,1780554274323170560,1780554275323170560,HTTP Data Sent,KB,avg,340.35
120,1780554274323170560,1780554275323170560,HTTP Data Sent,KB,min,340.35
120,1780554274323170560,1780554275323170560,HTTP Data Sent,KB,max,340.35
120,1780554274323170560,1780554275323170560,HTTP Data Sent,KB,sum,340.35
120,1780554274323170560,1780554275323170560,HTTP Data Sent,KB,p1,340.35
120,1780554274323170560,1780554275323170560,HTTP Data Sent,KB,p5,340.35
120,1780554274323170560,1780554275323170560,HTTP Data Sent,KB,p10,340.35
120,1780554274323170560,1780554275323170560,HTTP Data Sent,KB,p25,340.35
120,1780554274323170560,1780554275323170560,HTTP Data Sent,KB,p50,340.35
120,1780554274323170560,1780554275323170560,HTTP Data Sent,KB,p75,340.35
120,1780554274323170560,1780554275323170560,HTTP Data Sent,KB,p90,340.35
120,1780554274323170560,1780554275323170560,HTTP Data Sent,KB,p95,340.35
120,1780554274323170560,1780554275323170560,HTTP Data Sent,KB,p99,340.35
120,1780554274323170560,1780554275323170560,HTTP Data Sent,KB,std,0.00
120,1780554274323170560,1780554275323170560,HTTP DNS Lookup,ms,avg,0.00
120,1780554274323170560,1780554275323170560,HTTP DNS Lookup,ms,min,0.00
120,1780554274323170560,1780554275323170560,HTTP DNS Lookup,ms,max,0.00
120,1780554274323170560,1780554275323170560,HTTP DNS Lookup,ms,sum,0.00
120,1780554274323170560,1780554275323170560,HTTP DNS Lookup,ms,p1,0.00
120,1780554274323170560,1780554275323170560,HTTP DNS Lookup,ms,p5,0.00
120,1780554274323170560,1780554275323170560,HTTP DNS Lookup,ms,p10,0.00
120,1780554274323170560,1780554275323170560,HTTP DNS Lookup,ms,p25,0.00
120,1780554274323170560,1780554275323170560,HTTP DNS Lookup,ms,p50,0.00
120,1780554274323170560,1780554275323170560,HTTP DNS Lookup,ms,p75,0.00
120,1780554274323170560,1780554275323170560,HTTP DNS Lookup,ms,p90,0.00
120,1780554274323170560,1780554275323170560,HTTP DNS Lookup,ms,p95,0.00
120,1780554274323170560,1780554275323170560,HTTP DNS Lookup,ms,p99,0.00
120,1780554274323170560,1780554275323170560,HTTP DNS Lookup,ms,std,0.00
120,1780554274323170560,1780554275323170560,HTTP Duration (excl. conn),ms,avg,11462.85
120,1780554274323170560,1780554275323170560,HTTP Duration (excl. conn),ms,min,11462.85
120,1780554274323170560,1780554275323170560,HTTP Duration (excl. conn),ms,max,11462.85
120,1780554274323170560,1780554275323170560,HTTP Duration (excl. conn),ms,sum,11462.85
120,1780554274323170560,1780554275323170560,HTTP Duration (excl. conn),ms,p1,11462.85
120,1780554274323170560,1780554275323170560,HTTP Duration (excl. conn),ms,p5,11462.85
120,1780554274323170560,1780554275323170560,HTTP Duration (excl. conn),ms,p10,11462.85
120,1780554274323170560,1780554275323170560,HTTP Duration (excl. conn),ms,p25,11462.85
120,1780554274323170560,1780554275323170560,HTTP Duration (excl. conn),ms,p50,11462.85
120,1780554274323170560,1780554275323170560,HTTP Duration (excl. conn),ms,p75,11462.85
120,1780554274323170560,1780554275323170560,HTTP Duration (excl. conn),ms,p90,11462.85
120,1780554274323170560,1780554275323170560,HTTP Duration (excl. conn),ms,p95,11462.85
120,1780554274323170560,1780554275323170560,HTTP Duration (excl. conn),ms,p99,11462.85
120,1780554274323170560,1780554275323170560,HTTP Duration (excl. conn),ms,std,0.00
120,1780554274323170560,1780554275323170560,HTTP Receiving,ms,avg,10803.28
120,1780554274323170560,1780554275323170560,HTTP Receiving,ms,min,10803.28
120,1780554274323170560,1780554275323170560,HTTP Receiving,ms,max,10803.28
120,1780554274323170560,1780554275323170560,HTTP Receiving,ms,sum,10803.28
120,1780554274323170560,1780554275323170560,HTTP Receiving,ms,p1,10803.28
120,1780554274323170560,1780554275323170560,HTTP Receiving,ms,p5,10803.28
120,1780554274323170560,1780554275323170560,HTTP Receiving,ms,p10,10803.28
120,1780554274323170560,1780554275323170560,HTTP Receiving,ms,p25,10803.28
120,1780554274323170560,1780554275323170560,HTTP Receiving,ms,p50,10803.28
120,1780554274323170560,1780554275323170560,HTTP Receiving,ms,p75,10803.28
120,1780554274323170560,1780554275323170560,HTTP Receiving,ms,p90,10803.28
120,1780554274323170560,1780554275323170560,HTTP Receiving,ms,p95,10803.28
120,1780554274323170560,1780554275323170560,HTTP Receiving,ms,p99,10803.28
120,1780554274323170560,1780554275323170560,HTTP Receiving,ms,std,0.00
120,1780554274323170560,1780554275323170560,HTTP Sending,ms,avg,0.23
120,1780554274323170560,1780554275323170560,HTTP Sending,ms,min,0.23
120,1780554274323170560,1780554275323170560,HTTP Sending,ms,max,0.23
120,1780554274323170560,1780554275323170560,HTTP Sending,ms,sum,0.23
120,1780554274323170560,1780554275323170560,HTTP Sending,ms,p1,0.23
120,1780554274323170560,1780554275323170560,HTTP Sending,ms,p5,0.23
120,1780554274323170560,1780554275323170560,HTTP Sending,ms,p10,0.23
120,1780554274323170560,1780554275323170560,HTTP Sending,ms,p25,0.23
120,1780554274323170560,1780554275323170560,HTTP Sending,ms,p50,0.23
120,1780554274323170560,1780554275323170560,HTTP Sending,ms,p75,0.23
120,1780554274323170560,1780554275323170560,HTTP Sending,ms,p90,0.23
120,1780554274323170560,1780554275323170560,HTTP Sending,ms,p95,0.23
120,1780554274323170560,1780554275323170560,HTTP Sending,ms,p99,0.23
120,1780554274323170560,1780554275323170560,HTTP Sending,ms,std,0.00
120,1780554274323170560,1780554275323170560,HTTP Total Time,ms,avg,11462.85
120,1780554274323170560,1780554275323170560,HTTP Total Time,ms,min,11462.85
120,1780554274323170560,1780554275323170560,HTTP Total Time,ms,max,11462.85
120,1780554274323170560,1780554275323170560,HTTP Total Time,ms,sum,11462.85
120,1780554274323170560,1780554275323170560,HTTP Total Time,ms,p1,11462.85
120,1780554274323170560,1780554275323170560,HTTP Total Time,ms,p5,11462.85
120,1780554274323170560,1780554275323170560,HTTP Total Time,ms,p10,11462.85
120,1780554274323170560,1780554275323170560,HTTP Total Time,ms,p25,11462.85
120,1780554274323170560,1780554275323170560,HTTP Total Time,ms,p50,11462.85
120,1780554274323170560,1780554275323170560,HTTP Total Time,ms,p75,11462.85
120,1780554274323170560,1780554275323170560,HTTP Total Time,ms,p90,11462.85
120,1780554274323170560,1780554275323170560,HTTP Total Time,ms,p95,11462.85
120,1780554274323170560,1780554275323170560,HTTP Total Time,ms,p99,11462.85
120,1780554274323170560,1780554275323170560,HTTP Total Time,ms,std,0.00
120,1780554274323170560,1780554275323170560,HTTP Waiting (TTFB),ms,avg,659.34
120,1780554274323170560,1780554275323170560,HTTP Waiting (TTFB),ms,min,659.34
120,1780554274323170560,1780554275323170560,HTTP Waiting (TTFB),ms,max,659.34
120,1780554274323170560,1780554275323170560,HTTP Waiting (TTFB),ms,sum,659.34
120,1780554274323170560,1780554275323170560,HTTP Waiting (TTFB),ms,p1,659.34
120,1780554274323170560,1780554275323170560,HTTP Waiting (TTFB),ms,p5,659.34
120,1780554274323170560,1780554275323170560,HTTP Waiting (TTFB),ms,p10,659.34
120,1780554274323170560,1780554275323170560,HTTP Waiting (TTFB),ms,p25,659.34
120,1780554274323170560,1780554275323170560,HTTP Waiting (TTFB),ms,p50,659.34
120,1780554274323170560,1780554275323170560,HTTP Waiting (TTFB),ms,p75,659.34
120,1780554274323170560,1780554275323170560,HTTP Waiting (TTFB),ms,p90,659.34
120,1780554274323170560,1780554275323170560,HTTP Waiting (TTFB),ms,p95,659.34
120,1780554274323170560,1780554275323170560,HTTP Waiting (TTFB),ms,p99,659.34
120,1780554274323170560,1780554275323170560,HTTP Waiting (TTFB),ms,std,0.00
120,1780554274323170560,1780554275323170560,Input Sequence Length,tokens,avg,87917.00
120,1780554274323170560,1780554275323170560,Input Sequence Length,tokens,min,87917.00
120,1780554274323170560,1780554275323170560,Input Sequence Length,tokens,max,87917.00
120,1780554274323170560,1780554275323170560,Input Sequence Length,tokens,sum,87917.00
120,1780554274323170560,1780554275323170560,Input Sequence Length,tokens,p1,87917.00
120,1780554274323170560,1780554275323170560,Input Sequence Length,tokens,p5,87917.00
120,1780554274323170560,1780554275323170560,Input Sequence Length,tokens,p10,87917.00
120,1780554274323170560,1780554275323170560,Input Sequence Length,tokens,p25,87917.00
120,1780554274323170560,1780554275323170560,Input Sequence Length,tokens,p50,87917.00
120,1780554274323170560,1780554275323170560,Input Sequence Length,tokens,p75,87917.00
120,1780554274323170560,1780554275323170560,Input Sequence Length,tokens,p90,87917.00
120,1780554274323170560,1780554275323170560,Input Sequence Length,tokens,p95,87917.00
120,1780554274323170560,1780554275323170560,Input Sequence Length,tokens,p99,87917.00
120,1780554274323170560,1780554275323170560,Input Sequence Length,tokens,std,0.00
120,1780554274323170560,1780554275323170560,Input Token Throughput,tokens/sec,avg,87917.00
120,1780554274323170560,1780554275323170560,Inter Chunk Latency,ms,avg,68.28
120,1780554274323170560,1780554275323170560,Inter Chunk Latency,ms,min,68.28
120,1780554274323170560,1780554275323170560,Inter Chunk Latency,ms,max,68.28
120,1780554274323170560,1780554275323170560,Inter Chunk Latency,ms,sum,11880.52
120,1780554274323170560,1780554275323170560,Inter Chunk Latency,ms,p1,68.28
120,1780554274323170560,1780554275323170560,Inter Chunk Latency,ms,p5,68.28
120,1780554274323170560,1780554275323170560,Inter Chunk Latency,ms,p10,68.28
120,1780554274323170560,1780554275323170560,Inter Chunk Latency,ms,p25,68.28
120,1780554274323170560,1780554275323170560,Inter Chunk Latency,ms,p50,68.28
120,1780554274323170560,1780554275323170560,Inter Chunk Latency,ms,p75,68.28
120,1780554274323170560,1780554275323170560,Inter Chunk Latency,ms,p90,68.28
120,1780554274323170560,1780554275323170560,Inter Chunk Latency,ms,p95,68.28
120,1780554274323170560,1780554275323170560,Inter Chunk Latency,ms,p99,68.28
120,1780554274323170560,1780554275323170560,Inter Chunk Latency,ms,std,0.00
120,1780554274323170560,1780554275323170560,Inter Token Latency,ms,avg,62.09
120,1780554274323170560,1780554275323170560,Inter Token Latency,ms,min,62.09
120,1780554274323170560,1780554275323170560,Inter Token Latency,ms,max,62.09
120,1780554274323170560,1780554275323170560,Inter Token Latency,ms,sum,62.09
120,1780554274323170560,1780554275323170560,Inter Token Latency,ms,p1,62.09
120,1780554274323170560,1780554275323170560,Inter Token Latency,ms,p5,62.09
120,1780554274323170560,1780554275323170560,Inter Token Latency,ms,p10,62.09
120,1780554274323170560,1780554275323170560,Inter Token Latency,ms,p25,62.09
120,1780554274323170560,1780554275323170560,Inter Token Latency,ms,p50,62.09
120,1780554274323170560,1780554275323170560,Inter Token Latency,ms,p75,62.09
120,1780554274323170560,1780554275323170560,Inter Token Latency,ms,p90,62.09
120,1780554274323170560,1780554275323170560,Inter Token Latency,ms,p95,62.09
120,1780554274323170560,1780554275323170560,Inter Token Latency,ms,p99,62.09
120,1780554274323170560,1780554275323170560,Inter Token Latency,ms,std,0.00
120,1780554274323170560,1780554275323170560,Maximum Response Timestamp,ns,avg,1780554286656340480.00
120,1780554274323170560,1780554275323170560,Minimum Request Timestamp,ns,avg,1780554275193372928.00
120,1780554274323170560,1780554275323170560,OSL Mismatch Count,requests,avg,0.00
120,1780554274323170560,1780554275323170560,OSL Mismatch Diff %,%,avg,0.00
120,1780554274323170560,1780554275323170560,OSL Mismatch Diff %,%,min,0.00
120,1780554274323170560,1780554275323170560,OSL Mismatch Diff %,%,max,0.00
120,1780554274323170560,1780554275323170560,OSL Mismatch Diff %,%,sum,0.00
120,1780554274323170560,1780554275323170560,OSL Mismatch Diff %,%,p1,0.00
120,1780554274323170560,1780554275323170560,OSL Mismatch Diff %,%,p5,0.00
120,1780554274323170560,1780554275323170560,OSL Mismatch Diff %,%,p10,0.00
120,1780554274323170560,1780554275323170560,OSL Mismatch Diff %,%,p25,0.00
120,1780554274323170560,1780554275323170560,OSL Mismatch Diff %,%,p50,0.00
120,1780554274323170560,1780554275323170560,OSL Mismatch Diff %,%,p75,0.00
120,1780554274323170560,1780554275323170560,OSL Mismatch Diff %,%,p90,0.00
120,1780554274323170560,1780554275323170560,OSL Mismatch Diff %,%,p95,0.00
120,1780554274323170560,1780554275323170560,OSL Mismatch Diff %,%,p99,0.00
120,1780554274323170560,1780554275323170560,OSL Mismatch Diff %,%,std,0.00
120,1780554274323170560,1780554275323170560,Output Sequence Length,tokens,avg,175.00
120,1780554274323170560,1780554275323170560,Output Sequence Length,tokens,min,175.00
120,1780554274323170560,1780554275323170560,Output Sequence Length,tokens,max,175.00
120,1780554274323170560,1780554275323170560,Output Sequence Length,tokens,sum,175.00
120,1780554274323170560,1780554275323170560,Output Sequence Length,tokens,p1,175.00
120,1780554274323170560,1780554275323170560,Output Sequence Length,tokens,p5,175.00
120,1780554274323170560,1780554275323170560,Output Sequence Length,tokens,p10,175.00
120,1780554274323170560,1780554275323170560,Output Sequence Length,tokens,p25,175.00
120,1780554274323170560,1780554275323170560,Output Sequence Length,tokens,p50,175.00
120,1780554274323170560,1780554275323170560,Output Sequence Length,tokens,p75,175.00
120,1780554274323170560,1780554275323170560,Output Sequence Length,tokens,p90,175.00
120,1780554274323170560,1780554275323170560,Output Sequence Length,tokens,p95,175.00
120,1780554274323170560,1780554275323170560,Output Sequence Length,tokens,p99,175.00
120,1780554274323170560,1780554275323170560,Output Sequence Length,tokens,std,0.00
120,1780554274323170560,1780554275323170560,Output Token Count,tokens,avg,175.00
120,1780554274323170560,1780554275323170560,Output Token Count,tokens,min,175.00
120,1780554274323170560,1780554275323170560,Output Token Count,tokens,max,175.00
120,1780554274323170560,1780554275323170560,Output Token Count,tokens,sum,175.00
120,1780554274323170560,1780554275323170560,Output Token Count,tokens,p1,175.00
120,1780554274323170560,1780554275323170560,Output Token Count,tokens,p5,175.00
120,1780554274323170560,1780554275323170560,Output Token Count,tokens,p10,175.00
120,1780554274323170560,1780554275323170560,Output Token Count,tokens,p25,175.00
120,1780554274323170560,1780554275323170560,Output Token Count,tokens,p50,175.00
120,1780554274323170560,1780554275323170560,Output Token Count,tokens,p75,175.00
120,1780554274323170560,1780554275323170560,Output Token Count,tokens,p90,175.00
120,1780554274323170560,1780554275323170560,Output Token Count,tokens,p95,175.00
120,1780554274323170560,1780554275323170560,Output Token Count,tokens,p99,175.00
120,1780554274323170560,1780554275323170560,Output Token Count,tokens,std,0.00
120,1780554274323170560,1780554275323170560,Output Token Throughput,tokens/sec,avg,175.00
120,1780554274323170560,1780554275323170560,Output Token Throughput Per User,tokens/sec/user,avg,16.11
120,1780554274323170560,1780554275323170560,Output Token Throughput Per User,tokens/sec/user,min,16.11
120,1780554274323170560,1780554275323170560,Output Token Throughput Per User,tokens/sec/user,max,16.11
120,1780554274323170560,1780554275323170560,Output Token Throughput Per User,tokens/sec/user,sum,16.11
120,1780554274323170560,1780554275323170560,Output Token Throughput Per User,tokens/sec/user,p1,16.11
120,1780554274323170560,1780554275323170560,Output Token Throughput Per User,tokens/sec/user,p5,16.11
120,1780554274323170560,1780554275323170560,Output Token Throughput Per User,tokens/sec/user,p10,16.11
120,1780554274323170560,1780554275323170560,Output Token Throughput Per User,tokens/sec/user,p25,16.11
120,1780554274323170560,1780554275323170560,Output Token Throughput Per User,tokens/sec/user,p50,16.11
120,1780554274323170560,1780554275323170560,Output Token Throughput Per User,tokens/sec/user,p75,16.11
120,1780554274323170560,1780554275323170560,Output Token Throughput Per User,tokens/sec/user,p90,16.11
120,1780554274323170560,1780554275323170560,Output Token Throughput Per User,tokens/sec/user,p95,16.11
120,1780554274323170560,1780554275323170560,Output Token Throughput Per User,tokens/sec/user,p99,16.11
120,1780554274323170560,1780554275323170560,Output Token Throughput Per User,tokens/sec/user,std,0.00
120,1780554274323170560,1780554275323170560,Prefill Throughput Per User,tokens/sec/user,avg,133267.40
120,1780554274323170560,1780554275323170560,Prefill Throughput Per User,tokens/sec/user,min,133267.40
120,1780554274323170560,1780554275323170560,Prefill Throughput Per User,tokens/sec/user,max,133267.40
120,1780554274323170560,1780554275323170560,Prefill Throughput Per User,tokens/sec/user,sum,133267.40
120,1780554274323170560,1780554275323170560,Prefill Throughput Per User,tokens/sec/user,p1,133267.40
120,1780554274323170560,1780554275323170560,Prefill Throughput Per User,tokens/sec/user,p5,133267.40
120,1780554274323170560,1780554275323170560,Prefill Throughput Per User,tokens/sec/user,p10,133267.40
120,1780554274323170560,1780554275323170560,Prefill Throughput Per User,tokens/sec/user,p25,133267.40
120,1780554274323170560,1780554275323170560,Prefill Throughput Per User,tokens/sec/user,p50,133267.40
120,1780554274323170560,1780554275323170560,Prefill Throughput Per User,tokens/sec/user,p75,133267.40
120,1780554274323170560,1780554275323170560,Prefill Throughput Per User,tokens/sec/user,p90,133267.40
120,1780554274323170560,1780554275323170560,Prefill Throughput Per User,tokens/sec/user,p95,133267.40
120,1780554274323170560,1780554275323170560,Prefill Throughput Per User,tokens/sec/user,p99,133267.40
120,1780554274323170560,1780554275323170560,Prefill Throughput Per User,tokens/sec/user,std,0.00
120,1780554274323170560,1780554275323170560,Request Count,requests,avg,1.00
120,1780554274323170560,1780554275323170560,Request Latency,ms,avg,11462.97
120,1780554274323170560,1780554275323170560,Request Latency,ms,min,11462.97
120,1780554274323170560,1780554275323170560,Request Latency,ms,max,11462.97
120,1780554274323170560,1780554275323170560,Request Latency,ms,sum,11462.97
120,1780554274323170560,1780554275323170560,Request Latency,ms,p1,11462.97
120,1780554274323170560,1780554275323170560,Request Latency,ms,p5,11462.97
120,1780554274323170560,1780554275323170560,Request Latency,ms,p10,11462.97
120,1780554274323170560,1780554275323170560,Request Latency,ms,p25,11462.97
120,1780554274323170560,1780554275323170560,Request Latency,ms,p50,11462.97
120,1780554274323170560,1780554275323170560,Request Latency,ms,p75,11462.97
120,1780554274323170560,1780554275323170560,Request Latency,ms,p90,11462.97
120,1780554274323170560,1780554275323170560,Request Latency,ms,p95,11462.97
120,1780554274323170560,1780554275323170560,Request Latency,ms,p99,11462.97
120,1780554274323170560,1780554275323170560,Request Latency,ms,std,0.00
120,1780554274323170560,1780554275323170560,Request Throughput,requests/sec,avg,1.00
120,1780554274323170560,1780554275323170560,Requested OSL,tokens,avg,175.00
120,1780554274323170560,1780554275323170560,Requested OSL,tokens,min,175.00
120,1780554274323170560,1780554275323170560,Requested OSL,tokens,max,175.00
120,1780554274323170560,1780554275323170560,Requested OSL,tokens,sum,175.00
120,1780554274323170560,1780554275323170560,Requested OSL,tokens,p1,175.00
120,1780554274323170560,1780554275323170560,Requested OSL,tokens,p5,175.00
120,1780554274323170560,1780554275323170560,Requested OSL,tokens,p10,175.00
120,1780554274323170560,1780554275323170560,Requested OSL,tokens,p25,175.00
120,1780554274323170560,1780554275323170560,Requested OSL,tokens,p50,175.00
120,1780554274323170560,1780554275323170560,Requested OSL,tokens,p75,175.00
120,1780554274323170560,1780554275323170560,Requested OSL,tokens,p90,175.00
120,1780554274323170560,1780554275323170560,Requested OSL,tokens,p95,175.00
120,1780554274323170560,1780554275323170560,Requested OSL,tokens,p99,175.00
120,1780554274323170560,1780554275323170560,Requested OSL,tokens,std,0.00
120,1780554274323170560,1780554275323170560,Time to First Output Token,ms,avg,659.70
120,1780554274323170560,1780554275323170560,Time to First Output Token,ms,min,659.70
120,1780554274323170560,1780554275323170560,Time to First Output Token,ms,max,659.70
120,1780554274323170560,1780554275323170560,Time to First Output Token,ms,sum,659.70
120,1780554274323170560,1780554275323170560,Time to First Output Token,ms,p1,659.70
120,1780554274323170560,1780554275323170560,Time to First Output Token,ms,p5,659.70
120,1780554274323170560,1780554275323170560,Time to First Output Token,ms,p10,659.70
120,1780554274323170560,1780554275323170560,Time to First Output Token,ms,p25,659.70
120,1780554274323170560,1780554275323170560,Time to First Output Token,ms,p50,659.70
120,1780554274323170560,1780554275323170560,Time to First Output Token,ms,p75,659.70
120,1780554274323170560,1780554275323170560,Time to First Output Token,ms,p90,659.70
120,1780554274323170560,1780554275323170560,Time to First Output Token,ms,p95,659.70
120,1780554274323170560,1780554275323170560,Time to First Output Token,ms,p99,659.70
120,1780554274323170560,1780554275323170560,Time to First Output Token,ms,std,0.00
120,1780554274323170560,1780554275323170560,Time to First Token,ms,avg,659.70
120,1780554274323170560,1780554275323170560,Time to First Token,ms,min,659.70
120,1780554274323170560,1780554275323170560,Time to First Token,ms,max,659.70
120,1780554274323170560,1780554275323170560,Time to First Token,ms,sum,659.70
120,1780554274323170560,1780554275323170560,Time to First Token,ms,p1,659.70
120,1780554274323170560,1780554275323170560,Time to First Token,ms,p5,659.70
120,1780554274323170560,1780554275323170560,Time to First Token,ms,p10,659.70
120,1780554274323170560,1780554275323170560,Time to First Token,ms,p25,659.70
120,1780554274323170560,1780554275323170560,Time to First Token,ms,p50,659.70
120,1780554274323170560,1780554275323170560,Time to First Token,ms,p75,659.70
120,1780554274323170560,1780554275323170560,Time to First Token,ms,p90,659.70
120,1780554274323170560,1780554275323170560,Time to First Token,ms,p95,659.70
120,1780554274323170560,1780554275323170560,Time to First Token,ms,p99,659.70
120,1780554274323170560,1780554275323170560,Time to First Token,ms,std,0.00
120,1780554274323170560,1780554275323170560,Time to Second Token,ms,avg,1.27
120,1780554274323170560,1780554275323170560,Time to Second Token,ms,min,1.27
120,1780554274323170560,1780554275323170560,Time to Second Token,ms,max,1.27
120,1780554274323170560,1780554275323170560,Time to Second Token,ms,sum,1.27
120,1780554274323170560,1780554275323170560,Time to Second Token,ms,p1,1.27
120,1780554274323170560,1780554275323170560,Time to Second Token,ms,p5,1.27
120,1780554274323170560,1780554275323170560,Time to Second Token,ms,p10,1.27
120,1780554274323170560,1780554275323170560,Time to Second Token,ms,p25,1.27
120,1780554274323170560,1780554275323170560,Time to Second Token,ms,p50,1.27
120,1780554274323170560,1780554275323170560,Time to Second Token,ms,p75,1.27
120,1780554274323170560,1780554275323170560,Time to Second Token,ms,p90,1.27
120,1780554274323170560,1780554275323170560,Time to Second Token,ms,p95,1.27
120,1780554274323170560,1780554275323170560,Time to Second Token,ms,p99,1.27
120,1780554274323170560,1780554275323170560,Time to Second Token,ms,std,0.00
120,1780554274323170560,1780554275323170560,Tokens In Flight,tokens,avg,808753.17
120,1780554274323170560,1780554275323170560,Tokens In Flight,tokens,min,797303.23
120,1780554274323170560,1780554275323170560,Tokens In Flight,tokens,max,885304.37
120,1780554274323170560,1780554275323170560,Tokens In Flight,tokens,p50,797340.29
120,1780554274323170560,1780554275323170560,Tokens In Flight,tokens,p90,885290.34
120,1780554274323170560,1780554275323170560,Tokens In Flight,tokens,p95,885297.36
120,1780554274323170560,1780554275323170560,Tokens In Flight,tokens,p99,885304.37
120,1780554274323170560,1780554275323170560,Tokens In Flight,tokens,std,29561.74
120,1780554274323170560,1780554275323170560,Total Input Sequence Length,tokens,avg,87917.00
120,1780554274323170560,1780554275323170560,Total Output Sequence Length,tokens,avg,175.00
120,1780554274323170560,1780554275323170560,Total Output Tokens,tokens,avg,175.00
120,1780554274323170560,1780554275323170560,Total Token Throughput,tokens/sec,avg,88092.00
120,1780554274323170560,1780554275323170560,Total Usage Completion Tokens,tokens,avg,175.00
120,1780554274323170560,1780554275323170560,Total Usage Prompt Tokens,tokens,avg,87917.00
120,1780554274323170560,1780554275323170560,Total Usage Total Tokens,tokens,avg,88092.00
120,1780554274323170560,1780554275323170560,Usage Completion Tokens,tokens,avg,175.00
120,1780554274323170560,1780554275323170560,Usage Completion Tokens,tokens,min,175.00
120,1780554274323170560,1780554275323170560,Usage Completion Tokens,tokens,max,175.00
120,1780554274323170560,1780554275323170560,Usage Completion Tokens,tokens,sum,175.00
120,1780554274323170560,1780554275323170560,Usage Completion Tokens,tokens,p1,175.00
120,1780554274323170560,1780554275323170560,Usage Completion Tokens,tokens,p5,175.00
120,1780554274323170560,1780554275323170560,Usage Completion Tokens,tokens,p10,175.00
120,1780554274323170560,1780554275323170560,Usage Completion Tokens,tokens,p25,175.00
120,1780554274323170560,1780554275323170560,Usage Completion Tokens,tokens,p50,175.00
120,1780554274323170560,1780554275323170560,Usage Completion Tokens,tokens,p75,175.00
120,1780554274323170560,1780554275323170560,Usage Completion Tokens,tokens,p90,175.00
120,1780554274323170560,1780554275323170560,Usage Completion Tokens,tokens,p95,175.00
120,1780554274323170560,1780554275323170560,Usage Completion Tokens,tokens,p99,175.00
120,1780554274323170560,1780554275323170560,Usage Completion Tokens,tokens,std,0.00
120,1780554274323170560,1780554275323170560,Usage Prompt Tokens,tokens,avg,87917.00
120,1780554274323170560,1780554275323170560,Usage Prompt Tokens,tokens,min,87917.00
120,1780554274323170560,1780554275323170560,Usage Prompt Tokens,tokens,max,87917.00
120,1780554274323170560,1780554275323170560,Usage Prompt Tokens,tokens,sum,87917.00
120,1780554274323170560,1780554275323170560,Usage Prompt Tokens,tokens,p1,87917.00
120,1780554274323170560,1780554275323170560,Usage Prompt Tokens,tokens,p5,87917.00
120,1780554274323170560,1780554275323170560,Usage Prompt Tokens,tokens,p10,87917.00
120,1780554274323170560,1780554275323170560,Usage Prompt Tokens,tokens,p25,87917.00
120,1780554274323170560,1780554275323170560,Usage Prompt Tokens,tokens,p50,87917.00
120,1780554274323170560,1780554275323170560,Usage Prompt Tokens,tokens,p75,87917.00
120,1780554274323170560,1780554275323170560,Usage Prompt Tokens,tokens,p90,87917.00
120,1780554274323170560,1780554275323170560,Usage Prompt Tokens,tokens,p95,87917.00
120,1780554274323170560,1780554275323170560,Usage Prompt Tokens,tokens,p99,87917.00
120,1780554274323170560,1780554275323170560,Usage Prompt Tokens,tokens,std,0.00
120,1780554274323170560,1780554275323170560,Usage Total Tokens,tokens,avg,88092.00
120,1780554274323170560,1780554275323170560,Usage Total Tokens,tokens,min,88092.00
120,1780554274323170560,1780554275323170560,Usage Total Tokens,tokens,max,88092.00
120,1780554274323170560,1780554275323170560,Usage Total Tokens,tokens,sum,88092.00
120,1780554274323170560,1780554275323170560,Usage Total Tokens,tokens,p1,88092.00
120,1780554274323170560,1780554275323170560,Usage Total Tokens,tokens,p5,88092.00
120,1780554274323170560,1780554275323170560,Usage Total Tokens,tokens,p10,88092.00
120,1780554274323170560,1780554275323170560,Usage Total Tokens,tokens,p25,88092.00
120,1780554274323170560,1780554275323170560,Usage Total Tokens,tokens,p50,88092.00
120,1780554274323170560,1780554275323170560,Usage Total Tokens,tokens,p75,88092.00
120,1780554274323170560,1780554275323170560,Usage Total Tokens,tokens,p90,88092.00
120,1780554274323170560,1780554275323170560,Usage Total Tokens,tokens,p95,88092.00
120,1780554274323170560,1780554275323170560,Usage Total Tokens,tokens,p99,88092.00
120,1780554274323170560,1780554275323170560,Usage Total Tokens,tokens,std,0.00
121,1780554276323170560,1780554277323170560,Active Decode Throughput,tokens/sec,avg,126.88
121,1780554276323170560,1780554277323170560,Active Decode Throughput,tokens/sec,min,116.28
121,1780554276323170560,1780554277323170560,Active Decode Throughput,tokens/sec,max,145.72
121,1780554276323170560,1780554277323170560,Active Decode Throughput,tokens/sec,p50,131.01
121,1780554276323170560,1780554277323170560,Active Decode Throughput,tokens/sec,p90,131.02
121,1780554276323170560,1780554277323170560,Active Decode Throughput,tokens/sec,p95,131.02
121,1780554276323170560,1780554277323170560,Active Decode Throughput,tokens/sec,p99,131.02
121,1780554276323170560,1780554277323170560,Active Decode Throughput,tokens/sec,std,6.59
121,1780554276323170560,1780554277323170560,Active Decode Throughput Per User,tokens/sec/user,avg,11.83
121,1780554276323170560,1780554277323170560,Active Decode Throughput Per User,tokens/sec/user,min,10.57
121,1780554276323170560,1780554277323170560,Active Decode Throughput Per User,tokens/sec/user,max,13.25
121,1780554276323170560,1780554277323170560,Active Decode Throughput Per User,tokens/sec/user,p50,11.91
121,1780554276323170560,1780554277323170560,Active Decode Throughput Per User,tokens/sec/user,p90,11.91
121,1780554276323170560,1780554277323170560,Active Decode Throughput Per User,tokens/sec/user,p95,11.91
121,1780554276323170560,1780554277323170560,Active Decode Throughput Per User,tokens/sec/user,p99,11.91
121,1780554276323170560,1780554277323170560,Active Decode Throughput Per User,tokens/sec/user,std,0.12
121,1780554276323170560,1780554277323170560,Active Prefill Throughput,tokens/sec,avg,2403.27
121,1780554276323170560,1780554277323170560,Active Prefill Throughput,tokens/sec,min,2403.27
121,1780554276323170560,1780554277323170560,Active Prefill Throughput,tokens/sec,max,2403.27
121,1780554276323170560,1780554277323170560,Active Prefill Throughput,tokens/sec,p50,2403.27
121,1780554276323170560,1780554277323170560,Active Prefill Throughput,tokens/sec,p90,2403.27
121,1780554276323170560,1780554277323170560,Active Prefill Throughput,tokens/sec,p95,2403.27
121,1780554276323170560,1780554277323170560,Active Prefill Throughput,tokens/sec,p99,2403.27
121,1780554276323170560,1780554277323170560,Active Prefill Throughput,tokens/sec,std,0.00
121,1780554276323170560,1780554277323170560,Active Prefill Throughput Per User,tokens/sec/user,avg,2403.27
121,1780554276323170560,1780554277323170560,Active Prefill Throughput Per User,tokens/sec/user,min,2403.27
121,1780554276323170560,1780554277323170560,Active Prefill Throughput Per User,tokens/sec/user,max,2403.27
121,1780554276323170560,1780554277323170560,Active Prefill Throughput Per User,tokens/sec/user,p50,2403.27
121,1780554276323170560,1780554277323170560,Active Prefill Throughput Per User,tokens/sec/user,p90,2403.27
121,1780554276323170560,1780554277323170560,Active Prefill Throughput Per User,tokens/sec/user,p95,2403.27
121,1780554276323170560,1780554277323170560,Active Prefill Throughput Per User,tokens/sec/user,p99,2403.27
121,1780554276323170560,1780554277323170560,Active Prefill Throughput Per User,tokens/sec/user,std,0.00
121,1780554276323170560,1780554277323170560,Active Total Throughput,tokens/sec,avg,597.31
121,1780554276323170560,1780554277323170560,Active Total Throughput,tokens/sec,min,89.09
121,1780554276323170560,1780554277323170560,Active Total Throughput,tokens/sec,max,2492.36
121,1780554276323170560,1780554277323170560,Active Total Throughput,tokens/sec,p50,107.52
121,1780554276323170560,1780554277323170560,Active Total Throughput,tokens/sec,p90,2492.36
121,1780554276323170560,1780554277323170560,Active Total Throughput,tokens/sec,p95,2492.36
121,1780554276323170560,1780554277323170560,Active Total Throughput,tokens/sec,p99,2492.36
121,1780554276323170560,1780554277323170560,Active Total Throughput,tokens/sec,std,965.18
121,1780554276323170560,1780554277323170560,Benchmark Duration,sec,avg,1.45
121,1780554276323170560,1780554277323170560,Credit Drop Latency,ms,avg,3.78
121,1780554276323170560,1780554277323170560,Credit Drop Latency,ms,min,3.78
121,1780554276323170560,1780554277323170560,Credit Drop Latency,ms,max,3.78
121,1780554276323170560,1780554277323170560,Credit Drop Latency,ms,sum,3.78
121,1780554276323170560,1780554277323170560,Credit Drop Latency,ms,p1,3.78
121,1780554276323170560,1780554277323170560,Credit Drop Latency,ms,p5,3.78
121,1780554276323170560,1780554277323170560,Credit Drop Latency,ms,p10,3.78
121,1780554276323170560,1780554277323170560,Credit Drop Latency,ms,p25,3.78
121,1780554276323170560,1780554277323170560,Credit Drop Latency,ms,p50,3.78
121,1780554276323170560,1780554277323170560,Credit Drop Latency,ms,p75,3.78
121,1780554276323170560,1780554277323170560,Credit Drop Latency,ms,p90,3.78
121,1780554276323170560,1780554277323170560,Credit Drop Latency,ms,p95,3.78
121,1780554276323170560,1780554277323170560,Credit Drop Latency,ms,p99,3.78
121,1780554276323170560,1780554277323170560,Credit Drop Latency,ms,std,0.00
121,1780554276323170560,1780554277323170560,E2E Output Token Throughput,tokens/sec/user,avg,16.50
121,1780554276323170560,1780554277323170560,E2E Output Token Throughput,tokens/sec/user,min,16.50
121,1780554276323170560,1780554277323170560,E2E Output Token Throughput,tokens/sec/user,max,16.50
121,1780554276323170560,1780554277323170560,E2E Output Token Throughput,tokens/sec/user,sum,16.50
121,1780554276323170560,1780554277323170560,E2E Output Token Throughput,tokens/sec/user,p1,16.50
121,1780554276323170560,1780554277323170560,E2E Output Token Throughput,tokens/sec/user,p5,16.50
121,1780554276323170560,1780554277323170560,E2E Output Token Throughput,tokens/sec/user,p10,16.50
121,1780554276323170560,1780554277323170560,E2E Output Token Throughput,tokens/sec/user,p25,16.50
121,1780554276323170560,1780554277323170560,E2E Output Token Throughput,tokens/sec/user,p50,16.50
121,1780554276323170560,1780554277323170560,E2E Output Token Throughput,tokens/sec/user,p75,16.50
121,1780554276323170560,1780554277323170560,E2E Output Token Throughput,tokens/sec/user,p90,16.50
121,1780554276323170560,1780554277323170560,E2E Output Token Throughput,tokens/sec/user,p95,16.50
121,1780554276323170560,1780554277323170560,E2E Output Token Throughput,tokens/sec/user,p99,16.50
121,1780554276323170560,1780554277323170560,E2E Output Token Throughput,tokens/sec/user,std,0.00
121,1780554276323170560,1780554277323170560,Effective Concurrency,requests,avg,10.92
121,1780554276323170560,1780554277323170560,Effective Concurrency,requests,min,10.00
121,1780554276323170560,1780554277323170560,Effective Concurrency,requests,max,11.00
121,1780554276323170560,1780554277323170560,Effective Concurrency,requests,p50,11.00
121,1780554276323170560,1780554277323170560,Effective Concurrency,requests,p90,11.00
121,1780554276323170560,1780554277323170560,Effective Concurrency,requests,p95,11.00
121,1780554276323170560,1780554277323170560,Effective Concurrency,requests,p99,11.00
121,1780554276323170560,1780554277323170560,Effective Concurrency,requests,std,0.27
121,1780554276323170560,1780554277323170560,Effective Decode Concurrency,requests,avg,10.72
121,1780554276323170560,1780554277323170560,Effective Decode Concurrency,requests,min,10.00
121,1780554276323170560,1780554277323170560,Effective Decode Concurrency,requests,max,11.00
121,1780554276323170560,1780554277323170560,Effective Decode Concurrency,requests,p50,11.00
121,1780554276323170560,1780554277323170560,Effective Decode Concurrency,requests,p90,11.00
121,1780554276323170560,1780554277323170560,Effective Decode Concurrency,requests,p95,11.00
121,1780554276323170560,1780554277323170560,Effective Decode Concurrency,requests,p99,11.00
121,1780554276323170560,1780554277323170560,Effective Decode Concurrency,requests,std,0.45
121,1780554276323170560,1780554277323170560,Effective Decode Throughput,tokens/sec,avg,126.88
121,1780554276323170560,1780554277323170560,Effective Decode Throughput,tokens/sec,min,116.28
121,1780554276323170560,1780554277323170560,Effective Decode Throughput,tokens/sec,max,145.72
121,1780554276323170560,1780554277323170560,Effective Decode Throughput,tokens/sec,p50,131.01
121,1780554276323170560,1780554277323170560,Effective Decode Throughput,tokens/sec,p90,131.02
121,1780554276323170560,1780554277323170560,Effective Decode Throughput,tokens/sec,p95,131.02
121,1780554276323170560,1780554277323170560,Effective Decode Throughput,tokens/sec,p99,131.02
121,1780554276323170560,1780554277323170560,Effective Decode Throughput,tokens/sec,std,6.59
121,1780554276323170560,1780554277323170560,Effective Decode Throughput Per User,tokens/sec/user,avg,11.83
121,1780554276323170560,1780554277323170560,Effective Decode Throughput Per User,tokens/sec/user,min,10.57
121,1780554276323170560,1780554277323170560,Effective Decode Throughput Per User,tokens/sec/user,max,13.25
121,1780554276323170560,1780554277323170560,Effective Decode Throughput Per User,tokens/sec/user,p50,11.91
121,1780554276323170560,1780554277323170560,Effective Decode Throughput Per User,tokens/sec/user,p90,11.91
121,1780554276323170560,1780554277323170560,Effective Decode Throughput Per User,tokens/sec/user,p95,11.91
121,1780554276323170560,1780554277323170560,Effective Decode Throughput Per User,tokens/sec/user,p99,11.91
121,1780554276323170560,1780554277323170560,Effective Decode Throughput Per User,tokens/sec/user,std,0.12
121,1780554276323170560,1780554277323170560,Effective Prefill Concurrency,requests,avg,0.21
121,1780554276323170560,1780554277323170560,Effective Prefill Concurrency,requests,min,0.00
121,1780554276323170560,1780554277323170560,Effective Prefill Concurrency,requests,max,1.00
121,1780554276323170560,1780554277323170560,Effective Prefill Concurrency,requests,p50,0.00
121,1780554276323170560,1780554277323170560,Effective Prefill Concurrency,requests,p90,1.00
121,1780554276323170560,1780554277323170560,Effective Prefill Concurrency,requests,p95,1.00
121,1780554276323170560,1780554277323170560,Effective Prefill Concurrency,requests,p99,1.00
121,1780554276323170560,1780554277323170560,Effective Prefill Concurrency,requests,std,0.40
121,1780554276323170560,1780554277323170560,Effective Prefill Throughput,tokens/sec,avg,495.00
121,1780554276323170560,1780554277323170560,Effective Prefill Throughput,tokens/sec,min,0.00
121,1780554276323170560,1780554277323170560,Effective Prefill Throughput,tokens/sec,max,2403.27
121,1780554276323170560,1780554277323170560,Effective Prefill Throughput,tokens/sec,p50,0.00
121,1780554276323170560,1780554277323170560,Effective Prefill Throughput,tokens/sec,p90,2403.27
121,1780554276323170560,1780554277323170560,Effective Prefill Throughput,tokens/sec,p95,2403.27
121,1780554276323170560,1780554277323170560,Effective Prefill Throughput,tokens/sec,p99,2403.27
121,1780554276323170560,1780554277323170560,Effective Prefill Throughput,tokens/sec,std,971.90
121,1780554276323170560,1780554277323170560,Effective Prefill Throughput Per User,tokens/sec/user,avg,495.00
121,1780554276323170560,1780554277323170560,Effective Prefill Throughput Per User,tokens/sec/user,min,0.00
121,1780554276323170560,1780554277323170560,Effective Prefill Throughput Per User,tokens/sec/user,max,2403.27
121,1780554276323170560,1780554277323170560,Effective Prefill Throughput Per User,tokens/sec/user,p50,0.00
121,1780554276323170560,1780554277323170560,Effective Prefill Throughput Per User,tokens/sec/user,p90,2403.27
121,1780554276323170560,1780554277323170560,Effective Prefill Throughput Per User,tokens/sec/user,p95,2403.27
121,1780554276323170560,1780554277323170560,Effective Prefill Throughput Per User,tokens/sec/user,p99,2403.27
121,1780554276323170560,1780554277323170560,Effective Prefill Throughput Per User,tokens/sec/user,std,971.90
121,1780554276323170560,1780554277323170560,Effective Total Throughput,tokens/sec,avg,597.31
121,1780554276323170560,1780554277323170560,Effective Total Throughput,tokens/sec,min,89.09
121,1780554276323170560,1780554277323170560,Effective Total Throughput,tokens/sec,max,2492.36
121,1780554276323170560,1780554277323170560,Effective Total Throughput,tokens/sec,p50,107.52
121,1780554276323170560,1780554277323170560,Effective Total Throughput,tokens/sec,p90,2492.36
121,1780554276323170560,1780554277323170560,Effective Total Throughput,tokens/sec,p95,2492.36
121,1780554276323170560,1780554277323170560,Effective Total Throughput,tokens/sec,p99,2492.36
121,1780554276323170560,1780554277323170560,Effective Total Throughput,tokens/sec,std,965.18
121,1780554276323170560,1780554277323170560,HTTP Blocked,ms,avg,0.00
121,1780554276323170560,1780554277323170560,HTTP Blocked,ms,min,0.00
121,1780554276323170560,1780554277323170560,HTTP Blocked,ms,max,0.00
121,1780554276323170560,1780554277323170560,HTTP Blocked,ms,sum,0.00
121,1780554276323170560,1780554277323170560,HTTP Blocked,ms,p1,0.00
121,1780554276323170560,1780554277323170560,HTTP Blocked,ms,p5,0.00
121,1780554276323170560,1780554277323170560,HTTP Blocked,ms,p10,0.00
121,1780554276323170560,1780554277323170560,HTTP Blocked,ms,p25,0.00
121,1780554276323170560,1780554277323170560,HTTP Blocked,ms,p50,0.00
121,1780554276323170560,1780554277323170560,HTTP Blocked,ms,p75,0.00
121,1780554276323170560,1780554277323170560,HTTP Blocked,ms,p90,0.00
121,1780554276323170560,1780554277323170560,HTTP Blocked,ms,p95,0.00
121,1780554276323170560,1780554277323170560,HTTP Blocked,ms,p99,0.00
121,1780554276323170560,1780554277323170560,HTTP Blocked,ms,std,0.00
121,1780554276323170560,1780554277323170560,HTTP Chunks Received,count,avg,24.00
121,1780554276323170560,1780554277323170560,HTTP Chunks Received,count,min,24.00
121,1780554276323170560,1780554277323170560,HTTP Chunks Received,count,max,24.00
121,1780554276323170560,1780554277323170560,HTTP Chunks Received,count,sum,24.00
121,1780554276323170560,1780554277323170560,HTTP Chunks Received,count,p1,24.00
121,1780554276323170560,1780554277323170560,HTTP Chunks Received,count,p5,24.00
121,1780554276323170560,1780554277323170560,HTTP Chunks Received,count,p10,24.00
121,1780554276323170560,1780554277323170560,HTTP Chunks Received,count,p25,24.00
121,1780554276323170560,1780554277323170560,HTTP Chunks Received,count,p50,24.00
121,1780554276323170560,1780554277323170560,HTTP Chunks Received,count,p75,24.00
121,1780554276323170560,1780554277323170560,HTTP Chunks Received,count,p90,24.00
121,1780554276323170560,1780554277323170560,HTTP Chunks Received,count,p95,24.00
121,1780554276323170560,1780554277323170560,HTTP Chunks Received,count,p99,24.00
121,1780554276323170560,1780554277323170560,HTTP Chunks Received,count,std,0.00
121,1780554276323170560,1780554277323170560,HTTP Chunks Sent,count,avg,1.00
121,1780554276323170560,1780554277323170560,HTTP Chunks Sent,count,min,1.00
121,1780554276323170560,1780554277323170560,HTTP Chunks Sent,count,max,1.00
121,1780554276323170560,1780554277323170560,HTTP Chunks Sent,count,sum,1.00
121,1780554276323170560,1780554277323170560,HTTP Chunks Sent,count,p1,1.00
121,1780554276323170560,1780554277323170560,HTTP Chunks Sent,count,p5,1.00
121,1780554276323170560,1780554277323170560,HTTP Chunks Sent,count,p10,1.00
121,1780554276323170560,1780554277323170560,HTTP Chunks Sent,count,p25,1.00
121,1780554276323170560,1780554277323170560,HTTP Chunks Sent,count,p50,1.00
121,1780554276323170560,1780554277323170560,HTTP Chunks Sent,count,p75,1.00
121,1780554276323170560,1780554277323170560,HTTP Chunks Sent,count,p90,1.00
121,1780554276323170560,1780554277323170560,HTTP Chunks Sent,count,p95,1.00
121,1780554276323170560,1780554277323170560,HTTP Chunks Sent,count,p99,1.00
121,1780554276323170560,1780554277323170560,HTTP Chunks Sent,count,std,0.00
121,1780554276323170560,1780554277323170560,HTTP Connecting,ms,avg,1.18
121,1780554276323170560,1780554277323170560,HTTP Connecting,ms,min,1.18
121,1780554276323170560,1780554277323170560,HTTP Connecting,ms,max,1.18
121,1780554276323170560,1780554277323170560,HTTP Connecting,ms,sum,1.18
121,1780554276323170560,1780554277323170560,HTTP Connecting,ms,p1,1.18
121,1780554276323170560,1780554277323170560,HTTP Connecting,ms,p5,1.18
121,1780554276323170560,1780554277323170560,HTTP Connecting,ms,p10,1.18
121,1780554276323170560,1780554277323170560,HTTP Connecting,ms,p25,1.18
121,1780554276323170560,1780554277323170560,HTTP Connecting,ms,p50,1.18
121,1780554276323170560,1780554277323170560,HTTP Connecting,ms,p75,1.18
121,1780554276323170560,1780554277323170560,HTTP Connecting,ms,p90,1.18
121,1780554276323170560,1780554277323170560,HTTP Connecting,ms,p95,1.18
121,1780554276323170560,1780554277323170560,HTTP Connecting,ms,p99,1.18
121,1780554276323170560,1780554277323170560,HTTP Connecting,ms,std,0.00
121,1780554276323170560,1780554277323170560,HTTP Connection Overhead,ms,avg,1.70
121,1780554276323170560,1780554277323170560,HTTP Connection Overhead,ms,min,1.70
121,1780554276323170560,1780554277323170560,HTTP Connection Overhead,ms,max,1.70
121,1780554276323170560,1780554277323170560,HTTP Connection Overhead,ms,sum,1.70
121,1780554276323170560,1780554277323170560,HTTP Connection Overhead,ms,p1,1.70
121,1780554276323170560,1780554277323170560,HTTP Connection Overhead,ms,p5,1.70
121,1780554276323170560,1780554277323170560,HTTP Connection Overhead,ms,p10,1.70
121,1780554276323170560,1780554277323170560,HTTP Connection Overhead,ms,p25,1.70
121,1780554276323170560,1780554277323170560,HTTP Connection Overhead,ms,p50,1.70
121,1780554276323170560,1780554277323170560,HTTP Connection Overhead,ms,p75,1.70
121,1780554276323170560,1780554277323170560,HTTP Connection Overhead,ms,p90,1.70
121,1780554276323170560,1780554277323170560,HTTP Connection Overhead,ms,p95,1.70
121,1780554276323170560,1780554277323170560,HTTP Connection Overhead,ms,p99,1.70
121,1780554276323170560,1780554277323170560,HTTP Connection Overhead,ms,std,0.00
121,1780554276323170560,1780554277323170560,HTTP Connection Reused,ratio,avg,0.00
121,1780554276323170560,1780554277323170560,HTTP Connection Reused,ratio,min,0.00
121,1780554276323170560,1780554277323170560,HTTP Connection Reused,ratio,max,0.00
121,1780554276323170560,1780554277323170560,HTTP Connection Reused,ratio,sum,0.00
121,1780554276323170560,1780554277323170560,HTTP Connection Reused,ratio,p1,0.00
121,1780554276323170560,1780554277323170560,HTTP Connection Reused,ratio,p5,0.00
121,1780554276323170560,1780554277323170560,HTTP Connection Reused,ratio,p10,0.00
121,1780554276323170560,1780554277323170560,HTTP Connection Reused,ratio,p25,0.00
121,1780554276323170560,1780554277323170560,HTTP Connection Reused,ratio,p50,0.00
121,1780554276323170560,1780554277323170560,HTTP Connection Reused,ratio,p75,0.00
121,1780554276323170560,1780554277323170560,HTTP Connection Reused,ratio,p90,0.00
121,1780554276323170560,1780554277323170560,HTTP Connection Reused,ratio,p95,0.00
121,1780554276323170560,1780554277323170560,HTTP Connection Reused,ratio,p99,0.00
121,1780554276323170560,1780554277323170560,HTTP Connection Reused,ratio,std,0.00
121,1780554276323170560,1780554277323170560,HTTP Data Received,KB,avg,6.58
121,1780554276323170560,1780554277323170560,HTTP Data Received,KB,min,6.58
121,1780554276323170560,1780554277323170560,HTTP Data Received,KB,max,6.58
121,1780554276323170560,1780554277323170560,HTTP Data Received,KB,sum,6.58
121,1780554276323170560,1780554277323170560,HTTP Data Received,KB,p1,6.58
121,1780554276323170560,1780554277323170560,HTTP Data Received,KB,p5,6.58
121,1780554276323170560,1780554277323170560,HTTP Data Received,KB,p10,6.58
121,1780554276323170560,1780554277323170560,HTTP Data Received,KB,p25,6.58
121,1780554276323170560,1780554277323170560,HTTP Data Received,KB,p50,6.58
121,1780554276323170560,1780554277323170560,HTTP Data Received,KB,p75,6.58
121,1780554276323170560,1780554277323170560,HTTP Data Received,KB,p90,6.58
121,1780554276323170560,1780554277323170560,HTTP Data Received,KB,p95,6.58
121,1780554276323170560,1780554277323170560,HTTP Data Received,KB,p99,6.58
121,1780554276323170560,1780554277323170560,HTTP Data Received,KB,std,0.00
121,1780554276323170560,1780554277323170560,HTTP Data Sent,KB,avg,1.95
121,1780554276323170560,1780554277323170560,HTTP Data Sent,KB,min,1.95
121,1780554276323170560,1780554277323170560,HTTP Data Sent,KB,max,1.95
121,1780554276323170560,1780554277323170560,HTTP Data Sent,KB,sum,1.95
121,1780554276323170560,1780554277323170560,HTTP Data Sent,KB,p1,1.95
121,1780554276323170560,1780554277323170560,HTTP Data Sent,KB,p5,1.95
121,1780554276323170560,1780554277323170560,HTTP Data Sent,KB,p10,1.95
121,1780554276323170560,1780554277323170560,HTTP Data Sent,KB,p25,1.95
121,1780554276323170560,1780554277323170560,HTTP Data Sent,KB,p50,1.95
121,1780554276323170560,1780554277323170560,HTTP Data Sent,KB,p75,1.95
121,1780554276323170560,1780554277323170560,HTTP Data Sent,KB,p90,1.95
121,1780554276323170560,1780554277323170560,HTTP Data Sent,KB,p95,1.95
121,1780554276323170560,1780554277323170560,HTTP Data Sent,KB,p99,1.95
121,1780554276323170560,1780554277323170560,HTTP Data Sent,KB,std,0.00
121,1780554276323170560,1780554277323170560,HTTP DNS Lookup,ms,avg,0.52
121,1780554276323170560,1780554277323170560,HTTP DNS Lookup,ms,min,0.52
121,1780554276323170560,1780554277323170560,HTTP DNS Lookup,ms,max,0.52
121,1780554276323170560,1780554277323170560,HTTP DNS Lookup,ms,sum,0.52
121,1780554276323170560,1780554277323170560,HTTP DNS Lookup,ms,p1,0.52
121,1780554276323170560,1780554277323170560,HTTP DNS Lookup,ms,p5,0.52
121,1780554276323170560,1780554277323170560,HTTP DNS Lookup,ms,p10,0.52
121,1780554276323170560,1780554277323170560,HTTP DNS Lookup,ms,p25,0.52
121,1780554276323170560,1780554277323170560,HTTP DNS Lookup,ms,p50,0.52
121,1780554276323170560,1780554277323170560,HTTP DNS Lookup,ms,p75,0.52
121,1780554276323170560,1780554277323170560,HTTP DNS Lookup,ms,p90,0.52
121,1780554276323170560,1780554277323170560,HTTP DNS Lookup,ms,p95,0.52
121,1780554276323170560,1780554277323170560,HTTP DNS Lookup,ms,p99,0.52
121,1780554276323170560,1780554277323170560,HTTP DNS Lookup,ms,std,0.00
121,1780554276323170560,1780554277323170560,HTTP Duration (excl. conn),ms,avg,1454.04
121,1780554276323170560,1780554277323170560,HTTP Duration (excl. conn),ms,min,1454.04
121,1780554276323170560,1780554277323170560,HTTP Duration (excl. conn),ms,max,1454.04
121,1780554276323170560,1780554277323170560,HTTP Duration (excl. conn),ms,sum,1454.04
121,1780554276323170560,1780554277323170560,HTTP Duration (excl. conn),ms,p1,1454.04
121,1780554276323170560,1780554277323170560,HTTP Duration (excl. conn),ms,p5,1454.04
121,1780554276323170560,1780554277323170560,HTTP Duration (excl. conn),ms,p10,1454.04
121,1780554276323170560,1780554277323170560,HTTP Duration (excl. conn),ms,p25,1454.04
121,1780554276323170560,1780554277323170560,HTTP Duration (excl. conn),ms,p50,1454.04
121,1780554276323170560,1780554277323170560,HTTP Duration (excl. conn),ms,p75,1454.04
121,1780554276323170560,1780554277323170560,HTTP Duration (excl. conn),ms,p90,1454.04
121,1780554276323170560,1780554277323170560,HTTP Duration (excl. conn),ms,p95,1454.04
121,1780554276323170560,1780554277323170560,HTTP Duration (excl. conn),ms,p99,1454.04
121,1780554276323170560,1780554277323170560,HTTP Duration (excl. conn),ms,std,0.00
121,1780554276323170560,1780554277323170560,HTTP Receiving,ms,avg,1248.19
121,1780554276323170560,1780554277323170560,HTTP Receiving,ms,min,1248.19
121,1780554276323170560,1780554277323170560,HTTP Receiving,ms,max,1248.19
121,1780554276323170560,1780554277323170560,HTTP Receiving,ms,sum,1248.19
121,1780554276323170560,1780554277323170560,HTTP Receiving,ms,p1,1248.19
121,1780554276323170560,1780554277323170560,HTTP Receiving,ms,p5,1248.19
121,1780554276323170560,1780554277323170560,HTTP Receiving,ms,p10,1248.19
121,1780554276323170560,1780554277323170560,HTTP Receiving,ms,p25,1248.19
121,1780554276323170560,1780554277323170560,HTTP Receiving,ms,p50,1248.19
121,1780554276323170560,1780554277323170560,HTTP Receiving,ms,p75,1248.19
121,1780554276323170560,1780554277323170560,HTTP Receiving,ms,p90,1248.19
121,1780554276323170560,1780554277323170560,HTTP Receiving,ms,p95,1248.19
121,1780554276323170560,1780554277323170560,HTTP Receiving,ms,p99,1248.19
121,1780554276323170560,1780554277323170560,HTTP Receiving,ms,std,0.00
121,1780554276323170560,1780554277323170560,HTTP Sending,ms,avg,1.47
121,1780554276323170560,1780554277323170560,HTTP Sending,ms,min,1.47
121,1780554276323170560,1780554277323170560,HTTP Sending,ms,max,1.47
121,1780554276323170560,1780554277323170560,HTTP Sending,ms,sum,1.47
121,1780554276323170560,1780554277323170560,HTTP Sending,ms,p1,1.47
121,1780554276323170560,1780554277323170560,HTTP Sending,ms,p5,1.47
121,1780554276323170560,1780554277323170560,HTTP Sending,ms,p10,1.47
121,1780554276323170560,1780554277323170560,HTTP Sending,ms,p25,1.47
121,1780554276323170560,1780554277323170560,HTTP Sending,ms,p50,1.47
121,1780554276323170560,1780554277323170560,HTTP Sending,ms,p75,1.47
121,1780554276323170560,1780554277323170560,HTTP Sending,ms,p90,1.47
121,1780554276323170560,1780554277323170560,HTTP Sending,ms,p95,1.47
121,1780554276323170560,1780554277323170560,HTTP Sending,ms,p99,1.47
121,1780554276323170560,1780554277323170560,HTTP Sending,ms,std,0.00
121,1780554276323170560,1780554277323170560,HTTP Total Time,ms,avg,1455.74
121,1780554276323170560,1780554277323170560,HTTP Total Time,ms,min,1455.74
121,1780554276323170560,1780554277323170560,HTTP Total Time,ms,max,1455.74
121,1780554276323170560,1780554277323170560,HTTP Total Time,ms,sum,1455.74
121,1780554276323170560,1780554277323170560,HTTP Total Time,ms,p1,1455.74
121,1780554276323170560,1780554277323170560,HTTP Total Time,ms,p5,1455.74
121,1780554276323170560,1780554277323170560,HTTP Total Time,ms,p10,1455.74
121,1780554276323170560,1780554277323170560,HTTP Total Time,ms,p25,1455.74
121,1780554276323170560,1780554277323170560,HTTP Total Time,ms,p50,1455.74
121,1780554276323170560,1780554277323170560,HTTP Total Time,ms,p75,1455.74
121,1780554276323170560,1780554277323170560,HTTP Total Time,ms,p90,1455.74
121,1780554276323170560,1780554277323170560,HTTP Total Time,ms,p95,1455.74
121,1780554276323170560,1780554277323170560,HTTP Total Time,ms,p99,1455.74
121,1780554276323170560,1780554277323170560,HTTP Total Time,ms,std,0.00
121,1780554276323170560,1780554277323170560,HTTP Waiting (TTFB),ms,avg,204.37
121,1780554276323170560,1780554277323170560,HTTP Waiting (TTFB),ms,min,204.37
121,1780554276323170560,1780554277323170560,HTTP Waiting (TTFB),ms,max,204.37
121,1780554276323170560,1780554277323170560,HTTP Waiting (TTFB),ms,sum,204.37
121,1780554276323170560,1780554277323170560,HTTP Waiting (TTFB),ms,p1,204.37
121,1780554276323170560,1780554277323170560,HTTP Waiting (TTFB),ms,p5,204.37
121,1780554276323170560,1780554277323170560,HTTP Waiting (TTFB),ms,p10,204.37
121,1780554276323170560,1780554277323170560,HTTP Waiting (TTFB),ms,p25,204.37
121,1780554276323170560,1780554277323170560,HTTP Waiting (TTFB),ms,p50,204.37
121,1780554276323170560,1780554277323170560,HTTP Waiting (TTFB),ms,p75,204.37
121,1780554276323170560,1780554277323170560,HTTP Waiting (TTFB),ms,p90,204.37
121,1780554276323170560,1780554277323170560,HTTP Waiting (TTFB),ms,p95,204.37
121,1780554276323170560,1780554277323170560,HTTP Waiting (TTFB),ms,p99,204.37
121,1780554276323170560,1780554277323170560,HTTP Waiting (TTFB),ms,std,0.00
121,1780554276323170560,1780554277323170560,Input Sequence Length,tokens,avg,495.00
121,1780554276323170560,1780554277323170560,Input Sequence Length,tokens,min,495.00
121,1780554276323170560,1780554277323170560,Input Sequence Length,tokens,max,495.00
121,1780554276323170560,1780554277323170560,Input Sequence Length,tokens,sum,495.00
121,1780554276323170560,1780554277323170560,Input Sequence Length,tokens,p1,495.00
121,1780554276323170560,1780554277323170560,Input Sequence Length,tokens,p5,495.00
121,1780554276323170560,1780554277323170560,Input Sequence Length,tokens,p10,495.00
121,1780554276323170560,1780554277323170560,Input Sequence Length,tokens,p25,495.00
121,1780554276323170560,1780554277323170560,Input Sequence Length,tokens,p50,495.00
121,1780554276323170560,1780554277323170560,Input Sequence Length,tokens,p75,495.00
121,1780554276323170560,1780554277323170560,Input Sequence Length,tokens,p90,495.00
121,1780554276323170560,1780554277323170560,Input Sequence Length,tokens,p95,495.00
121,1780554276323170560,1780554277323170560,Input Sequence Length,tokens,p99,495.00
121,1780554276323170560,1780554277323170560,Input Sequence Length,tokens,std,0.00
121,1780554276323170560,1780554277323170560,Input Token Throughput,tokens/sec,avg,495.00
121,1780554276323170560,1780554277323170560,Inter Chunk Latency,ms,avg,68.24
121,1780554276323170560,1780554277323170560,Inter Chunk Latency,ms,min,68.24
121,1780554276323170560,1780554277323170560,Inter Chunk Latency,ms,max,68.24
121,1780554276323170560,1780554277323170560,Inter Chunk Latency,ms,sum,1569.56
121,1780554276323170560,1780554277323170560,Inter Chunk Latency,ms,p1,68.24
121,1780554276323170560,1780554277323170560,Inter Chunk Latency,ms,p5,68.24
121,1780554276323170560,1780554277323170560,Inter Chunk Latency,ms,p10,68.24
121,1780554276323170560,1780554277323170560,Inter Chunk Latency,ms,p25,68.24
121,1780554276323170560,1780554277323170560,Inter Chunk Latency,ms,p50,68.24
121,1780554276323170560,1780554277323170560,Inter Chunk Latency,ms,p75,68.24
121,1780554276323170560,1780554277323170560,Inter Chunk Latency,ms,p90,68.24
121,1780554276323170560,1780554277323170560,Inter Chunk Latency,ms,p95,68.24
121,1780554276323170560,1780554277323170560,Inter Chunk Latency,ms,p99,68.24
121,1780554276323170560,1780554277323170560,Inter Chunk Latency,ms,std,0.00
121,1780554276323170560,1780554277323170560,Inter Token Latency,ms,avg,54.27
121,1780554276323170560,1780554277323170560,Inter Token Latency,ms,min,54.27
121,1780554276323170560,1780554277323170560,Inter Token Latency,ms,max,54.27
121,1780554276323170560,1780554277323170560,Inter Token Latency,ms,sum,54.27
121,1780554276323170560,1780554277323170560,Inter Token Latency,ms,p1,54.27
121,1780554276323170560,1780554277323170560,Inter Token Latency,ms,p5,54.27
121,1780554276323170560,1780554277323170560,Inter Token Latency,ms,p10,54.27
121,1780554276323170560,1780554277323170560,Inter Token Latency,ms,p25,54.27
121,1780554276323170560,1780554277323170560,Inter Token Latency,ms,p50,54.27
121,1780554276323170560,1780554277323170560,Inter Token Latency,ms,p75,54.27
121,1780554276323170560,1780554277323170560,Inter Token Latency,ms,p90,54.27
121,1780554276323170560,1780554277323170560,Inter Token Latency,ms,p95,54.27
121,1780554276323170560,1780554277323170560,Inter Token Latency,ms,p99,54.27
121,1780554276323170560,1780554277323170560,Inter Token Latency,ms,std,0.00
121,1780554276323170560,1780554277323170560,Maximum Response Timestamp,ns,avg,1780554277854018816.00
121,1780554276323170560,1780554277323170560,Minimum Request Timestamp,ns,avg,1780554276399868928.00
121,1780554276323170560,1780554277323170560,OSL Mismatch Count,requests,avg,0.00
121,1780554276323170560,1780554277323170560,OSL Mismatch Diff %,%,avg,0.00
121,1780554276323170560,1780554277323170560,OSL Mismatch Diff %,%,min,0.00
121,1780554276323170560,1780554277323170560,OSL Mismatch Diff %,%,max,0.00
121,1780554276323170560,1780554277323170560,OSL Mismatch Diff %,%,sum,0.00
121,1780554276323170560,1780554277323170560,OSL Mismatch Diff %,%,p1,0.00
121,1780554276323170560,1780554277323170560,OSL Mismatch Diff %,%,p5,0.00
121,1780554276323170560,1780554277323170560,OSL Mismatch Diff %,%,p10,0.00
121,1780554276323170560,1780554277323170560,OSL Mismatch Diff %,%,p25,0.00
121,1780554276323170560,1780554277323170560,OSL Mismatch Diff %,%,p50,0.00
121,1780554276323170560,1780554277323170560,OSL Mismatch Diff %,%,p75,0.00
121,1780554276323170560,1780554277323170560,OSL Mismatch Diff %,%,p90,0.00
121,1780554276323170560,1780554277323170560,OSL Mismatch Diff %,%,p95,0.00
121,1780554276323170560,1780554277323170560,OSL Mismatch Diff %,%,p99,0.00
121,1780554276323170560,1780554277323170560,OSL Mismatch Diff %,%,std,0.00
121,1780554276323170560,1780554277323170560,Output Sequence Length,tokens,avg,24.00
121,1780554276323170560,1780554277323170560,Output Sequence Length,tokens,min,24.00
121,1780554276323170560,1780554277323170560,Output Sequence Length,tokens,max,24.00
121,1780554276323170560,1780554277323170560,Output Sequence Length,tokens,sum,24.00
121,1780554276323170560,1780554277323170560,Output Sequence Length,tokens,p1,24.00
121,1780554276323170560,1780554277323170560,Output Sequence Length,tokens,p5,24.00
121,1780554276323170560,1780554277323170560,Output Sequence Length,tokens,p10,24.00
121,1780554276323170560,1780554277323170560,Output Sequence Length,tokens,p25,24.00
121,1780554276323170560,1780554277323170560,Output Sequence Length,tokens,p50,24.00
121,1780554276323170560,1780554277323170560,Output Sequence Length,tokens,p75,24.00
121,1780554276323170560,1780554277323170560,Output Sequence Length,tokens,p90,24.00
121,1780554276323170560,1780554277323170560,Output Sequence Length,tokens,p95,24.00
121,1780554276323170560,1780554277323170560,Output Sequence Length,tokens,p99,24.00
121,1780554276323170560,1780554277323170560,Output Sequence Length,tokens,std,0.00
121,1780554276323170560,1780554277323170560,Output Token Count,tokens,avg,24.00
121,1780554276323170560,1780554277323170560,Output Token Count,tokens,min,24.00
121,1780554276323170560,1780554277323170560,Output Token Count,tokens,max,24.00
121,1780554276323170560,1780554277323170560,Output Token Count,tokens,sum,24.00
121,1780554276323170560,1780554277323170560,Output Token Count,tokens,p1,24.00
121,1780554276323170560,1780554277323170560,Output Token Count,tokens,p5,24.00
121,1780554276323170560,1780554277323170560,Output Token Count,tokens,p10,24.00
121,1780554276323170560,1780554277323170560,Output Token Count,tokens,p25,24.00
121,1780554276323170560,1780554277323170560,Output Token Count,tokens,p50,24.00
121,1780554276323170560,1780554277323170560,Output Token Count,tokens,p75,24.00
121,1780554276323170560,1780554277323170560,Output Token Count,tokens,p90,24.00
121,1780554276323170560,1780554277323170560,Output Token Count,tokens,p95,24.00
121,1780554276323170560,1780554277323170560,Output Token Count,tokens,p99,24.00
121,1780554276323170560,1780554277323170560,Output Token Count,tokens,std,0.00
121,1780554276323170560,1780554277323170560,Output Token Throughput,tokens/sec,avg,24.00
121,1780554276323170560,1780554277323170560,Output Token Throughput Per User,tokens/sec/user,avg,18.43
121,1780554276323170560,1780554277323170560,Output Token Throughput Per User,tokens/sec/user,min,18.43
121,1780554276323170560,1780554277323170560,Output Token Throughput Per User,tokens/sec/user,max,18.43
121,1780554276323170560,1780554277323170560,Output Token Throughput Per User,tokens/sec/user,sum,18.43
121,1780554276323170560,1780554277323170560,Output Token Throughput Per User,tokens/sec/user,p1,18.43
121,1780554276323170560,1780554277323170560,Output Token Throughput Per User,tokens/sec/user,p5,18.43
121,1780554276323170560,1780554277323170560,Output Token Throughput Per User,tokens/sec/user,p10,18.43
121,1780554276323170560,1780554277323170560,Output Token Throughput Per User,tokens/sec/user,p25,18.43
121,1780554276323170560,1780554277323170560,Output Token Throughput Per User,tokens/sec/user,p50,18.43
121,1780554276323170560,1780554277323170560,Output Token Throughput Per User,tokens/sec/user,p75,18.43
121,1780554276323170560,1780554277323170560,Output Token Throughput Per User,tokens/sec/user,p90,18.43
121,1780554276323170560,1780554277323170560,Output Token Throughput Per User,tokens/sec/user,p95,18.43
121,1780554276323170560,1780554277323170560,Output Token Throughput Per User,tokens/sec/user,p99,18.43
121,1780554276323170560,1780554277323170560,Output Token Throughput Per User,tokens/sec/user,std,0.00
121,1780554276323170560,1780554277323170560,Prefill Throughput Per User,tokens/sec/user,avg,2403.27
121,1780554276323170560,1780554277323170560,Prefill Throughput Per User,tokens/sec/user,min,2403.27
121,1780554276323170560,1780554277323170560,Prefill Throughput Per User,tokens/sec/user,max,2403.27
121,1780554276323170560,1780554277323170560,Prefill Throughput Per User,tokens/sec/user,sum,2403.27
121,1780554276323170560,1780554277323170560,Prefill Throughput Per User,tokens/sec/user,p1,2403.27
121,1780554276323170560,1780554277323170560,Prefill Throughput Per User,tokens/sec/user,p5,2403.27
121,1780554276323170560,1780554277323170560,Prefill Throughput Per User,tokens/sec/user,p10,2403.27
121,1780554276323170560,1780554277323170560,Prefill Throughput Per User,tokens/sec/user,p25,2403.27
121,1780554276323170560,1780554277323170560,Prefill Throughput Per User,tokens/sec/user,p50,2403.27
121,1780554276323170560,1780554277323170560,Prefill Throughput Per User,tokens/sec/user,p75,2403.27
121,1780554276323170560,1780554277323170560,Prefill Throughput Per User,tokens/sec/user,p90,2403.27
121,1780554276323170560,1780554277323170560,Prefill Throughput Per User,tokens/sec/user,p95,2403.27
121,1780554276323170560,1780554277323170560,Prefill Throughput Per User,tokens/sec/user,p99,2403.27
121,1780554276323170560,1780554277323170560,Prefill Throughput Per User,tokens/sec/user,std,0.00
121,1780554276323170560,1780554277323170560,Request Count,requests,avg,1.00
121,1780554276323170560,1780554277323170560,Request Latency,ms,avg,1454.15
121,1780554276323170560,1780554277323170560,Request Latency,ms,min,1454.15
121,1780554276323170560,1780554277323170560,Request Latency,ms,max,1454.15
121,1780554276323170560,1780554277323170560,Request Latency,ms,sum,1454.15
121,1780554276323170560,1780554277323170560,Request Latency,ms,p1,1454.15
121,1780554276323170560,1780554277323170560,Request Latency,ms,p5,1454.15
121,1780554276323170560,1780554277323170560,Request Latency,ms,p10,1454.15
121,1780554276323170560,1780554277323170560,Request Latency,ms,p25,1454.15
121,1780554276323170560,1780554277323170560,Request Latency,ms,p50,1454.15
121,1780554276323170560,1780554277323170560,Request Latency,ms,p75,1454.15
121,1780554276323170560,1780554277323170560,Request Latency,ms,p90,1454.15
121,1780554276323170560,1780554277323170560,Request Latency,ms,p95,1454.15
121,1780554276323170560,1780554277323170560,Request Latency,ms,p99,1454.15
121,1780554276323170560,1780554277323170560,Request Latency,ms,std,0.00
121,1780554276323170560,1780554277323170560,Request Throughput,requests/sec,avg,1.00
121,1780554276323170560,1780554277323170560,Requested OSL,tokens,avg,24.00
121,1780554276323170560,1780554277323170560,Requested OSL,tokens,min,24.00
121,1780554276323170560,1780554277323170560,Requested OSL,tokens,max,24.00
121,1780554276323170560,1780554277323170560,Requested OSL,tokens,sum,24.00
121,1780554276323170560,1780554277323170560,Requested OSL,tokens,p1,24.00
121,1780554276323170560,1780554277323170560,Requested OSL,tokens,p5,24.00
121,1780554276323170560,1780554277323170560,Requested OSL,tokens,p10,24.00
121,1780554276323170560,1780554277323170560,Requested OSL,tokens,p25,24.00
121,1780554276323170560,1780554277323170560,Requested OSL,tokens,p50,24.00
121,1780554276323170560,1780554277323170560,Requested OSL,tokens,p75,24.00
121,1780554276323170560,1780554277323170560,Requested OSL,tokens,p90,24.00
121,1780554276323170560,1780554277323170560,Requested OSL,tokens,p95,24.00
121,1780554276323170560,1780554277323170560,Requested OSL,tokens,p99,24.00
121,1780554276323170560,1780554277323170560,Requested OSL,tokens,std,0.00
121,1780554276323170560,1780554277323170560,Time to First Output Token,ms,avg,205.97
121,1780554276323170560,1780554277323170560,Time to First Output Token,ms,min,205.97
121,1780554276323170560,1780554277323170560,Time to First Output Token,ms,max,205.97
121,1780554276323170560,1780554277323170560,Time to First Output Token,ms,sum,205.97
121,1780554276323170560,1780554277323170560,Time to First Output Token,ms,p1,205.97
121,1780554276323170560,1780554277323170560,Time to First Output Token,ms,p5,205.97
121,1780554276323170560,1780554277323170560,Time to First Output Token,ms,p10,205.97
121,1780554276323170560,1780554277323170560,Time to First Output Token,ms,p25,205.97
121,1780554276323170560,1780554277323170560,Time to First Output Token,ms,p50,205.97
121,1780554276323170560,1780554277323170560,Time to First Output Token,ms,p75,205.97
121,1780554276323170560,1780554277323170560,Time to First Output Token,ms,p90,205.97
121,1780554276323170560,1780554277323170560,Time to First Output Token,ms,p95,205.97
121,1780554276323170560,1780554277323170560,Time to First Output Token,ms,p99,205.97
121,1780554276323170560,1780554277323170560,Time to First Output Token,ms,std,0.00
121,1780554276323170560,1780554277323170560,Time to First Token,ms,avg,205.97
121,1780554276323170560,1780554277323170560,Time to First Token,ms,min,205.97
121,1780554276323170560,1780554277323170560,Time to First Token,ms,max,205.97
121,1780554276323170560,1780554277323170560,Time to First Token,ms,sum,205.97
121,1780554276323170560,1780554277323170560,Time to First Token,ms,p1,205.97
121,1780554276323170560,1780554277323170560,Time to First Token,ms,p5,205.97
121,1780554276323170560,1780554277323170560,Time to First Token,ms,p10,205.97
121,1780554276323170560,1780554277323170560,Time to First Token,ms,p25,205.97
121,1780554276323170560,1780554277323170560,Time to First Token,ms,p50,205.97
121,1780554276323170560,1780554277323170560,Time to First Token,ms,p75,205.97
121,1780554276323170560,1780554277323170560,Time to First Token,ms,p90,205.97
121,1780554276323170560,1780554277323170560,Time to First Token,ms,p95,205.97
121,1780554276323170560,1780554277323170560,Time to First Token,ms,p99,205.97
121,1780554276323170560,1780554277323170560,Time to First Token,ms,std,0.00
121,1780554276323170560,1780554277323170560,Time to Second Token,ms,avg,55.03
121,1780554276323170560,1780554277323170560,Time to Second Token,ms,min,55.03
121,1780554276323170560,1780554277323170560,Time to Second Token,ms,max,55.03
121,1780554276323170560,1780554277323170560,Time to Second Token,ms,sum,55.03
121,1780554276323170560,1780554277323170560,Time to Second Token,ms,p1,55.03
121,1780554276323170560,1780554277323170560,Time to Second Token,ms,p5,55.03
121,1780554276323170560,1780554277323170560,Time to Second Token,ms,p10,55.03
121,1780554276323170560,1780554277323170560,Time to Second Token,ms,p25,55.03
121,1780554276323170560,1780554277323170560,Time to Second Token,ms,p50,55.03
121,1780554276323170560,1780554277323170560,Time to Second Token,ms,p75,55.03
121,1780554276323170560,1780554277323170560,Time to Second Token,ms,p90,55.03
121,1780554276323170560,1780554277323170560,Time to Second Token,ms,p95,55.03
121,1780554276323170560,1780554277323170560,Time to Second Token,ms,p99,55.03
121,1780554276323170560,1780554277323170560,Time to Second Token,ms,std,0.00
121,1780554276323170560,1780554277323170560,Tokens In Flight,tokens,avg,885931.56
121,1780554276323170560,1780554277323170560,Tokens In Flight,tokens,min,885410.56
121,1780554276323170560,1780554277323170560,Tokens In Flight,tokens,max,886033.77
121,1780554276323170560,1780554277323170560,Tokens In Flight,tokens,p50,885970.67
121,1780554276323170560,1780554277323170560,Tokens In Flight,tokens,p90,886024.76
121,1780554276323170560,1780554277323170560,Tokens In Flight,tokens,p95,886025.76
121,1780554276323170560,1780554277323170560,Tokens In Flight,tokens,p99,886033.77
121,1780554276323170560,1780554277323170560,Tokens In Flight,tokens,std,152.10
121,1780554276323170560,1780554277323170560,Total Input Sequence Length,tokens,avg,495.00
121,1780554276323170560,1780554277323170560,Total Output Sequence Length,tokens,avg,24.00
121,1780554276323170560,1780554277323170560,Total Output Tokens,tokens,avg,24.00
121,1780554276323170560,1780554277323170560,Total Token Throughput,tokens/sec,avg,519.00
121,1780554276323170560,1780554277323170560,Total Usage Completion Tokens,tokens,avg,24.00
121,1780554276323170560,1780554277323170560,Total Usage Prompt Tokens,tokens,avg,495.00
121,1780554276323170560,1780554277323170560,Total Usage Total Tokens,tokens,avg,519.00
121,1780554276323170560,1780554277323170560,Usage Completion Tokens,tokens,avg,24.00
121,1780554276323170560,1780554277323170560,Usage Completion Tokens,tokens,min,24.00
121,1780554276323170560,1780554277323170560,Usage Completion Tokens,tokens,max,24.00
121,1780554276323170560,1780554277323170560,Usage Completion Tokens,tokens,sum,24.00
121,1780554276323170560,1780554277323170560,Usage Completion Tokens,tokens,p1,24.00
121,1780554276323170560,1780554277323170560,Usage Completion Tokens,tokens,p5,24.00
121,1780554276323170560,1780554277323170560,Usage Completion Tokens,tokens,p10,24.00
121,1780554276323170560,1780554277323170560,Usage Completion Tokens,tokens,p25,24.00
121,1780554276323170560,1780554277323170560,Usage Completion Tokens,tokens,p50,24.00
121,1780554276323170560,1780554277323170560,Usage Completion Tokens,tokens,p75,24.00
121,1780554276323170560,1780554277323170560,Usage Completion Tokens,tokens,p90,24.00
121,1780554276323170560,1780554277323170560,Usage Completion Tokens,tokens,p95,24.00
121,1780554276323170560,1780554277323170560,Usage Completion Tokens,tokens,p99,24.00
121,1780554276323170560,1780554277323170560,Usage Completion Tokens,tokens,std,0.00
121,1780554276323170560,1780554277323170560,Usage Prompt Tokens,tokens,avg,495.00
121,1780554276323170560,1780554277323170560,Usage Prompt Tokens,tokens,min,495.00
121,1780554276323170560,1780554277323170560,Usage Prompt Tokens,tokens,max,495.00
121,1780554276323170560,1780554277323170560,Usage Prompt Tokens,tokens,sum,495.00
121,1780554276323170560,1780554277323170560,Usage Prompt Tokens,tokens,p1,495.00
121,1780554276323170560,1780554277323170560,Usage Prompt Tokens,tokens,p5,495.00
121,1780554276323170560,1780554277323170560,Usage Prompt Tokens,tokens,p10,495.00
121,1780554276323170560,1780554277323170560,Usage Prompt Tokens,tokens,p25,495.00
121,1780554276323170560,1780554277323170560,Usage Prompt Tokens,tokens,p50,495.00
121,1780554276323170560,1780554277323170560,Usage Prompt Tokens,tokens,p75,495.00
121,1780554276323170560,1780554277323170560,Usage Prompt Tokens,tokens,p90,495.00
121,1780554276323170560,1780554277323170560,Usage Prompt Tokens,tokens,p95,495.00
121,1780554276323170560,1780554277323170560,Usage Prompt Tokens,tokens,p99,495.00
121,1780554276323170560,1780554277323170560,Usage Prompt Tokens,tokens,std,0.00
121,1780554276323170560,1780554277323170560,Usage Total Tokens,tokens,avg,519.00
121,1780554276323170560,1780554277323170560,Usage Total Tokens,tokens,min,519.00
121,1780554276323170560,1780554277323170560,Usage Total Tokens,tokens,max,519.00
121,1780554276323170560,1780554277323170560,Usage Total Tokens,tokens,sum,519.00
121,1780554276323170560,1780554277323170560,Usage Total Tokens,tokens,p1,519.00
121,1780554276323170560,1780554277323170560,Usage Total Tokens,tokens,p5,519.00
121,1780554276323170560,1780554277323170560,Usage Total Tokens,tokens,p10,519.00
121,1780554276323170560,1780554277323170560,Usage Total Tokens,tokens,p25,519.00
121,1780554276323170560,1780554277323170560,Usage Total Tokens,tokens,p50,519.00
121,1780554276323170560,1780554277323170560,Usage Total Tokens,tokens,p75,519.00
121,1780554276323170560,1780554277323170560,Usage Total Tokens,tokens,p90,519.00
121,1780554276323170560,1780554277323170560,Usage Total Tokens,tokens,p95,519.00
121,1780554276323170560,1780554277323170560,Usage Total Tokens,tokens,p99,519.00
121,1780554276323170560,1780554277323170560,Usage Total Tokens,tokens,std,0.00
122,1780554278323170560,1780554279323170560,Active Decode Throughput,tokens/sec,avg,116.35
122,1780554278323170560,1780554279323170560,Active Decode Throughput,tokens/sec,min,101.61
122,1780554278323170560,1780554279323170560,Active Decode Throughput,tokens/sec,max,131.08
122,1780554278323170560,1780554279323170560,Active Decode Throughput,tokens/sec,p50,116.35
122,1780554278323170560,1780554279323170560,Active Decode Throughput,tokens/sec,p90,116.35
122,1780554278323170560,1780554279323170560,Active Decode Throughput,tokens/sec,p95,116.35
122,1780554278323170560,1780554279323170560,Active Decode Throughput,tokens/sec,p99,116.35
122,1780554278323170560,1780554279323170560,Active Decode Throughput,tokens/sec,std,0.04
122,1780554278323170560,1780554279323170560,Active Decode Throughput Per User,tokens/sec/user,avg,13.13
122,1780554278323170560,1780554279323170560,Active Decode Throughput Per User,tokens/sec/user,min,10.16
122,1780554278323170560,1780554279323170560,Active Decode Throughput Per User,tokens/sec/user,max,16.39
122,1780554278323170560,1780554279323170560,Active Decode Throughput Per User,tokens/sec/user,p50,12.93
122,1780554278323170560,1780554279323170560,Active Decode Throughput Per User,tokens/sec/user,p90,14.54
122,1780554278323170560,1780554279323170560,Active Decode Throughput Per User,tokens/sec/user,p95,14.54
122,1780554278323170560,1780554279323170560,Active Decode Throughput Per User,tokens/sec/user,p99,14.54
122,1780554278323170560,1780554279323170560,Active Decode Throughput Per User,tokens/sec/user,std,1.41
122,1780554278323170560,1780554279323170560,Active Prefill Throughput,tokens/sec,avg,21109.02
122,1780554278323170560,1780554279323170560,Active Prefill Throughput,tokens/sec,min,21109.02
122,1780554278323170560,1780554279323170560,Active Prefill Throughput,tokens/sec,max,21109.02
122,1780554278323170560,1780554279323170560,Active Prefill Throughput,tokens/sec,p50,21109.02
122,1780554278323170560,1780554279323170560,Active Prefill Throughput,tokens/sec,p90,21109.02
122,1780554278323170560,1780554279323170560,Active Prefill Throughput,tokens/sec,p95,21109.02
122,1780554278323170560,1780554279323170560,Active Prefill Throughput,tokens/sec,p99,21109.02
122,1780554278323170560,1780554279323170560,Active Prefill Throughput,tokens/sec,std,0.00
122,1780554278323170560,1780554279323170560,Active Prefill Throughput Per User,tokens/sec/user,avg,21109.02
122,1780554278323170560,1780554279323170560,Active Prefill Throughput Per User,tokens/sec/user,min,21109.02
122,1780554278323170560,1780554279323170560,Active Prefill Throughput Per User,tokens/sec/user,max,21109.02
122,1780554278323170560,1780554279323170560,Active Prefill Throughput Per User,tokens/sec/user,p50,21109.02
122,1780554278323170560,1780554279323170560,Active Prefill Throughput Per User,tokens/sec/user,p90,21109.02
122,1780554278323170560,1780554279323170560,Active Prefill Throughput Per User,tokens/sec/user,p95,21109.02
122,1780554278323170560,1780554279323170560,Active Prefill Throughput Per User,tokens/sec/user,p99,21109.02
122,1780554278323170560,1780554279323170560,Active Prefill Throughput Per User,tokens/sec/user,std,0.00
122,1780554278323170560,1780554279323170560,Active Total Throughput,tokens/sec,avg,560.70
122,1780554278323170560,1780554279323170560,Active Total Throughput,tokens/sec,min,62.21
122,1780554278323170560,1780554279323170560,Active Total Throughput,tokens/sec,max,21171.23
122,1780554278323170560,1780554279323170560,Active Total Throughput,tokens/sec,p50,81.14
122,1780554278323170560,1780554279323170560,Active Total Throughput,tokens/sec,p90,89.09
122,1780554278323170560,1780554279323170560,Active Total Throughput,tokens/sec,p95,89.09
122,1780554278323170560,1780554279323170560,Active Total Throughput,tokens/sec,p99,21171.23
122,1780554278323170560,1780554279323170560,Active Total Throughput,tokens/sec,std,3161.41
122,1780554278323170560,1780554279323170560,Benchmark Duration,sec,avg,75.93
122,1780554278323170560,1780554279323170560,E2E Output Token Throughput,tokens/sec/user,avg,4.00
122,1780554278323170560,1780554279323170560,E2E Output Token Throughput,tokens/sec/user,min,4.00
122,1780554278323170560,1780554279323170560,E2E Output Token Throughput,tokens/sec/user,max,4.00
122,1780554278323170560,1780554279323170560,E2E Output Token Throughput,tokens/sec/user,sum,4.00
122,1780554278323170560,1780554279323170560,E2E Output Token Throughput,tokens/sec/user,p1,4.00
122,1780554278323170560,1780554279323170560,E2E Output Token Throughput,tokens/sec/user,p5,4.00
122,1780554278323170560,1780554279323170560,E2E Output Token Throughput,tokens/sec/user,p10,4.00
122,1780554278323170560,1780554279323170560,E2E Output Token Throughput,tokens/sec/user,p25,4.00
122,1780554278323170560,1780554279323170560,E2E Output Token Throughput,tokens/sec/user,p50,4.00
122,1780554278323170560,1780554279323170560,E2E Output Token Throughput,tokens/sec/user,p75,4.00
122,1780554278323170560,1780554279323170560,E2E Output Token Throughput,tokens/sec/user,p90,4.00
122,1780554278323170560,1780554279323170560,E2E Output Token Throughput,tokens/sec/user,p95,4.00
122,1780554278323170560,1780554279323170560,E2E Output Token Throughput,tokens/sec/user,p99,4.00
122,1780554278323170560,1780554279323170560,E2E Output Token Throughput,tokens/sec/user,std,0.00
122,1780554278323170560,1780554279323170560,Effective Concurrency,requests,avg,8.99
122,1780554278323170560,1780554279323170560,Effective Concurrency,requests,min,8.00
122,1780554278323170560,1780554279323170560,Effective Concurrency,requests,max,10.00
122,1780554278323170560,1780554279323170560,Effective Concurrency,requests,p50,9.00
122,1780554278323170560,1780554279323170560,Effective Concurrency,requests,p90,10.00
122,1780554278323170560,1780554279323170560,Effective Concurrency,requests,p95,10.00
122,1780554278323170560,1780554279323170560,Effective Concurrency,requests,p99,10.00
122,1780554278323170560,1780554279323170560,Effective Concurrency,requests,std,0.96
122,1780554278323170560,1780554279323170560,Effective Decode Concurrency,requests,avg,8.96
122,1780554278323170560,1780554279323170560,Effective Decode Concurrency,requests,min,8.00
122,1780554278323170560,1780554279323170560,Effective Decode Concurrency,requests,max,10.00
122,1780554278323170560,1780554279323170560,Effective Decode Concurrency,requests,p50,9.00
122,1780554278323170560,1780554279323170560,Effective Decode Concurrency,requests,p90,10.00
122,1780554278323170560,1780554279323170560,Effective Decode Concurrency,requests,p95,10.00
122,1780554278323170560,1780554279323170560,Effective Decode Concurrency,requests,p99,10.00
122,1780554278323170560,1780554279323170560,Effective Decode Concurrency,requests,std,0.97
122,1780554278323170560,1780554279323170560,Effective Decode Throughput,tokens/sec,avg,116.35
122,1780554278323170560,1780554279323170560,Effective Decode Throughput,tokens/sec,min,101.61
122,1780554278323170560,1780554279323170560,Effective Decode Throughput,tokens/sec,max,131.08
122,1780554278323170560,1780554279323170560,Effective Decode Throughput,tokens/sec,p50,116.35
122,1780554278323170560,1780554279323170560,Effective Decode Throughput,tokens/sec,p90,116.35
122,1780554278323170560,1780554279323170560,Effective Decode Throughput,tokens/sec,p95,116.35
122,1780554278323170560,1780554279323170560,Effective Decode Throughput,tokens/sec,p99,116.35
122,1780554278323170560,1780554279323170560,Effective Decode Throughput,tokens/sec,std,0.04
122,1780554278323170560,1780554279323170560,Effective Decode Throughput Per User,tokens/sec/user,avg,13.13
122,1780554278323170560,1780554279323170560,Effective Decode Throughput Per User,tokens/sec/user,min,10.16
122,1780554278323170560,1780554279323170560,Effective Decode Throughput Per User,tokens/sec/user,max,16.39
122,1780554278323170560,1780554279323170560,Effective Decode Throughput Per User,tokens/sec/user,p50,12.93
122,1780554278323170560,1780554279323170560,Effective Decode Throughput Per User,tokens/sec/user,p90,14.54
122,1780554278323170560,1780554279323170560,Effective Decode Throughput Per User,tokens/sec/user,p95,14.54
122,1780554278323170560,1780554279323170560,Effective Decode Throughput Per User,tokens/sec/user,p99,14.54
122,1780554278323170560,1780554279323170560,Effective Decode Throughput Per User,tokens/sec/user,std,1.41
122,1780554278323170560,1780554279323170560,Effective Prefill Concurrency,requests,avg,0.02
122,1780554278323170560,1780554279323170560,Effective Prefill Concurrency,requests,min,0.00
122,1780554278323170560,1780554279323170560,Effective Prefill Concurrency,requests,max,1.00
122,1780554278323170560,1780554279323170560,Effective Prefill Concurrency,requests,p50,0.00
122,1780554278323170560,1780554279323170560,Effective Prefill Concurrency,requests,p90,0.00
122,1780554278323170560,1780554279323170560,Effective Prefill Concurrency,requests,p95,0.00
122,1780554278323170560,1780554279323170560,Effective Prefill Concurrency,requests,p99,1.00
122,1780554278323170560,1780554279323170560,Effective Prefill Concurrency,requests,std,0.15
122,1780554278323170560,1780554279323170560,Effective Prefill Throughput,tokens/sec,avg,485.23
122,1780554278323170560,1780554279323170560,Effective Prefill Throughput,tokens/sec,min,0.00
122,1780554278323170560,1780554279323170560,Effective Prefill Throughput,tokens/sec,max,21109.02
122,1780554278323170560,1780554279323170560,Effective Prefill Throughput,tokens/sec,p50,0.00
122,1780554278323170560,1780554279323170560,Effective Prefill Throughput,tokens/sec,p90,0.00
122,1780554278323170560,1780554279323170560,Effective Prefill Throughput,tokens/sec,p95,0.00
122,1780554278323170560,1780554279323170560,Effective Prefill Throughput,tokens/sec,p99,21109.02
122,1780554278323170560,1780554279323170560,Effective Prefill Throughput,tokens/sec,std,3163.42
122,1780554278323170560,1780554279323170560,Effective Prefill Throughput Per User,tokens/sec/user,avg,485.23
122,1780554278323170560,1780554279323170560,Effective Prefill Throughput Per User,tokens/sec/user,min,0.00
122,1780554278323170560,1780554279323170560,Effective Prefill Throughput Per User,tokens/sec/user,max,21109.02
122,1780554278323170560,1780554279323170560,Effective Prefill Throughput Per User,tokens/sec/user,p50,0.00
122,1780554278323170560,1780554279323170560,Effective Prefill Throughput Per User,tokens/sec/user,p90,0.00
122,1780554278323170560,1780554279323170560,Effective Prefill Throughput Per User,tokens/sec/user,p95,0.00
122,1780554278323170560,1780554279323170560,Effective Prefill Throughput Per User,tokens/sec/user,p99,21109.02
122,1780554278323170560,1780554279323170560,Effective Prefill Throughput Per User,tokens/sec/user,std,3163.42
122,1780554278323170560,1780554279323170560,Effective Total Throughput,tokens/sec,avg,560.70
122,1780554278323170560,1780554279323170560,Effective Total Throughput,tokens/sec,min,62.21
122,1780554278323170560,1780554279323170560,Effective Total Throughput,tokens/sec,max,21171.23
122,1780554278323170560,1780554279323170560,Effective Total Throughput,tokens/sec,p50,81.14
122,1780554278323170560,1780554279323170560,Effective Total Throughput,tokens/sec,p90,89.09
122,1780554278323170560,1780554279323170560,Effective Total Throughput,tokens/sec,p95,89.09
122,1780554278323170560,1780554279323170560,Effective Total Throughput,tokens/sec,p99,21171.23
122,1780554278323170560,1780554279323170560,Effective Total Throughput,tokens/sec,std,3161.41
122,1780554278323170560,1780554279323170560,HTTP Blocked,ms,avg,0.00
122,1780554278323170560,1780554279323170560,HTTP Blocked,ms,min,0.00
122,1780554278323170560,1780554279323170560,HTTP Blocked,ms,max,0.00
122,1780554278323170560,1780554279323170560,HTTP Blocked,ms,sum,0.00
122,1780554278323170560,1780554279323170560,HTTP Blocked,ms,p1,0.00
122,1780554278323170560,1780554279323170560,HTTP Blocked,ms,p5,0.00
122,1780554278323170560,1780554279323170560,HTTP Blocked,ms,p10,0.00
122,1780554278323170560,1780554279323170560,HTTP Blocked,ms,p25,0.00
122,1780554278323170560,1780554279323170560,HTTP Blocked,ms,p50,0.00
122,1780554278323170560,1780554279323170560,HTTP Blocked,ms,p75,0.00
122,1780554278323170560,1780554279323170560,HTTP Blocked,ms,p90,0.00
122,1780554278323170560,1780554279323170560,HTTP Blocked,ms,p95,0.00
122,1780554278323170560,1780554279323170560,HTTP Blocked,ms,p99,0.00
122,1780554278323170560,1780554279323170560,HTTP Blocked,ms,std,0.00
122,1780554278323170560,1780554279323170560,HTTP Chunks Received,count,avg,304.00
122,1780554278323170560,1780554279323170560,HTTP Chunks Received,count,min,304.00
122,1780554278323170560,1780554279323170560,HTTP Chunks Received,count,max,304.00
122,1780554278323170560,1780554279323170560,HTTP Chunks Received,count,sum,304.00
122,1780554278323170560,1780554279323170560,HTTP Chunks Received,count,p1,304.00
122,1780554278323170560,1780554279323170560,HTTP Chunks Received,count,p5,304.00
122,1780554278323170560,1780554279323170560,HTTP Chunks Received,count,p10,304.00
122,1780554278323170560,1780554279323170560,HTTP Chunks Received,count,p25,304.00
122,1780554278323170560,1780554279323170560,HTTP Chunks Received,count,p50,304.00
122,1780554278323170560,1780554279323170560,HTTP Chunks Received,count,p75,304.00
122,1780554278323170560,1780554279323170560,HTTP Chunks Received,count,p90,304.00
122,1780554278323170560,1780554279323170560,HTTP Chunks Received,count,p95,304.00
122,1780554278323170560,1780554279323170560,HTTP Chunks Received,count,p99,304.00
122,1780554278323170560,1780554279323170560,HTTP Chunks Received,count,std,0.00
122,1780554278323170560,1780554279323170560,HTTP Chunks Sent,count,avg,1.00
122,1780554278323170560,1780554279323170560,HTTP Chunks Sent,count,min,1.00
122,1780554278323170560,1780554279323170560,HTTP Chunks Sent,count,max,1.00
122,1780554278323170560,1780554279323170560,HTTP Chunks Sent,count,sum,1.00
122,1780554278323170560,1780554279323170560,HTTP Chunks Sent,count,p1,1.00
122,1780554278323170560,1780554279323170560,HTTP Chunks Sent,count,p5,1.00
122,1780554278323170560,1780554279323170560,HTTP Chunks Sent,count,p10,1.00
122,1780554278323170560,1780554279323170560,HTTP Chunks Sent,count,p25,1.00
122,1780554278323170560,1780554279323170560,HTTP Chunks Sent,count,p50,1.00
122,1780554278323170560,1780554279323170560,HTTP Chunks Sent,count,p75,1.00
122,1780554278323170560,1780554279323170560,HTTP Chunks Sent,count,p90,1.00
122,1780554278323170560,1780554279323170560,HTTP Chunks Sent,count,p95,1.00
122,1780554278323170560,1780554279323170560,HTTP Chunks Sent,count,p99,1.00
122,1780554278323170560,1780554279323170560,HTTP Chunks Sent,count,std,0.00
122,1780554278323170560,1780554279323170560,HTTP Connecting,ms,avg,0.00
122,1780554278323170560,1780554279323170560,HTTP Connecting,ms,min,0.00
122,1780554278323170560,1780554279323170560,HTTP Connecting,ms,max,0.00
122,1780554278323170560,1780554279323170560,HTTP Connecting,ms,sum,0.00
122,1780554278323170560,1780554279323170560,HTTP Connecting,ms,p1,0.00
122,1780554278323170560,1780554279323170560,HTTP Connecting,ms,p5,0.00
122,1780554278323170560,1780554279323170560,HTTP Connecting,ms,p10,0.00
122,1780554278323170560,1780554279323170560,HTTP Connecting,ms,p25,0.00
122,1780554278323170560,1780554279323170560,HTTP Connecting,ms,p50,0.00
122,1780554278323170560,1780554279323170560,HTTP Connecting,ms,p75,0.00
122,1780554278323170560,1780554279323170560,HTTP Connecting,ms,p90,0.00
122,1780554278323170560,1780554279323170560,HTTP Connecting,ms,p95,0.00
122,1780554278323170560,1780554279323170560,HTTP Connecting,ms,p99,0.00
122,1780554278323170560,1780554279323170560,HTTP Connecting,ms,std,0.00
122,1780554278323170560,1780554279323170560,HTTP Connection Overhead,ms,avg,0.00
122,1780554278323170560,1780554279323170560,HTTP Connection Overhead,ms,min,0.00
122,1780554278323170560,1780554279323170560,HTTP Connection Overhead,ms,max,0.00
122,1780554278323170560,1780554279323170560,HTTP Connection Overhead,ms,sum,0.00
122,1780554278323170560,1780554279323170560,HTTP Connection Overhead,ms,p1,0.00
122,1780554278323170560,1780554279323170560,HTTP Connection Overhead,ms,p5,0.00
122,1780554278323170560,1780554279323170560,HTTP Connection Overhead,ms,p10,0.00
122,1780554278323170560,1780554279323170560,HTTP Connection Overhead,ms,p25,0.00
122,1780554278323170560,1780554279323170560,HTTP Connection Overhead,ms,p50,0.00
122,1780554278323170560,1780554279323170560,HTTP Connection Overhead,ms,p75,0.00
122,1780554278323170560,1780554279323170560,HTTP Connection Overhead,ms,p90,0.00
122,1780554278323170560,1780554279323170560,HTTP Connection Overhead,ms,p95,0.00
122,1780554278323170560,1780554279323170560,HTTP Connection Overhead,ms,p99,0.00
122,1780554278323170560,1780554279323170560,HTTP Connection Overhead,ms,std,0.00
122,1780554278323170560,1780554279323170560,HTTP Connection Reused,ratio,avg,1.00
122,1780554278323170560,1780554279323170560,HTTP Connection Reused,ratio,min,1.00
122,1780554278323170560,1780554279323170560,HTTP Connection Reused,ratio,max,1.00
122,1780554278323170560,1780554279323170560,HTTP Connection Reused,ratio,sum,1.00
122,1780554278323170560,1780554279323170560,HTTP Connection Reused,ratio,p1,1.00
122,1780554278323170560,1780554279323170560,HTTP Connection Reused,ratio,p5,1.00
122,1780554278323170560,1780554279323170560,HTTP Connection Reused,ratio,p10,1.00
122,1780554278323170560,1780554279323170560,HTTP Connection Reused,ratio,p25,1.00
122,1780554278323170560,1780554279323170560,HTTP Connection Reused,ratio,p50,1.00
122,1780554278323170560,1780554279323170560,HTTP Connection Reused,ratio,p75,1.00
122,1780554278323170560,1780554279323170560,HTTP Connection Reused,ratio,p90,1.00
122,1780554278323170560,1780554279323170560,HTTP Connection Reused,ratio,p95,1.00
122,1780554278323170560,1780554279323170560,HTTP Connection Reused,ratio,p99,1.00
122,1780554278323170560,1780554279323170560,HTTP Connection Reused,ratio,std,0.00
122,1780554278323170560,1780554279323170560,HTTP Data Received,KB,avg,76.26
122,1780554278323170560,1780554279323170560,HTTP Data Received,KB,min,76.26
122,1780554278323170560,1780554279323170560,HTTP Data Received,KB,max,76.26
122,1780554278323170560,1780554279323170560,HTTP Data Received,KB,sum,76.26
122,1780554278323170560,1780554279323170560,HTTP Data Received,KB,p1,76.26
122,1780554278323170560,1780554279323170560,HTTP Data Received,KB,p5,76.26
122,1780554278323170560,1780554279323170560,HTTP Data Received,KB,p10,76.26
122,1780554278323170560,1780554279323170560,HTTP Data Received,KB,p25,76.26
122,1780554278323170560,1780554279323170560,HTTP Data Received,KB,p50,76.26
122,1780554278323170560,1780554279323170560,HTTP Data Received,KB,p75,76.26
122,1780554278323170560,1780554279323170560,HTTP Data Received,KB,p90,76.26
122,1780554278323170560,1780554279323170560,HTTP Data Received,KB,p95,76.26
122,1780554278323170560,1780554279323170560,HTTP Data Received,KB,p99,76.26
122,1780554278323170560,1780554279323170560,HTTP Data Received,KB,std,0.00
122,1780554278323170560,1780554279323170560,HTTP Data Sent,KB,avg,126.22
122,1780554278323170560,1780554279323170560,HTTP Data Sent,KB,min,126.22
122,1780554278323170560,1780554279323170560,HTTP Data Sent,KB,max,126.22
122,1780554278323170560,1780554279323170560,HTTP Data Sent,KB,sum,126.22
122,1780554278323170560,1780554279323170560,HTTP Data Sent,KB,p1,126.22
122,1780554278323170560,1780554279323170560,HTTP Data Sent,KB,p5,126.22
122,1780554278323170560,1780554279323170560,HTTP Data Sent,KB,p10,126.22
122,1780554278323170560,1780554279323170560,HTTP Data Sent,KB,p25,126.22
122,1780554278323170560,1780554279323170560,HTTP Data Sent,KB,p50,126.22
122,1780554278323170560,1780554279323170560,HTTP Data Sent,KB,p75,126.22
122,1780554278323170560,1780554279323170560,HTTP Data Sent,KB,p90,126.22
122,1780554278323170560,1780554279323170560,HTTP Data Sent,KB,p95,126.22
122,1780554278323170560,1780554279323170560,HTTP Data Sent,KB,p99,126.22
122,1780554278323170560,1780554279323170560,HTTP Data Sent,KB,std,0.00
122,1780554278323170560,1780554279323170560,HTTP DNS Lookup,ms,avg,0.00
122,1780554278323170560,1780554279323170560,HTTP DNS Lookup,ms,min,0.00
122,1780554278323170560,1780554279323170560,HTTP DNS Lookup,ms,max,0.00
122,1780554278323170560,1780554279323170560,HTTP DNS Lookup,ms,sum,0.00
122,1780554278323170560,1780554279323170560,HTTP DNS Lookup,ms,p1,0.00
122,1780554278323170560,1780554279323170560,HTTP DNS Lookup,ms,p5,0.00
122,1780554278323170560,1780554279323170560,HTTP DNS Lookup,ms,p10,0.00
122,1780554278323170560,1780554279323170560,HTTP DNS Lookup,ms,p25,0.00
122,1780554278323170560,1780554279323170560,HTTP DNS Lookup,ms,p50,0.00
122,1780554278323170560,1780554279323170560,HTTP DNS Lookup,ms,p75,0.00
122,1780554278323170560,1780554279323170560,HTTP DNS Lookup,ms,p90,0.00
122,1780554278323170560,1780554279323170560,HTTP DNS Lookup,ms,p95,0.00
122,1780554278323170560,1780554279323170560,HTTP DNS Lookup,ms,p99,0.00
122,1780554278323170560,1780554279323170560,HTTP DNS Lookup,ms,std,0.00
122,1780554278323170560,1780554279323170560,HTTP Duration (excl. conn),ms,avg,75926.56
122,1780554278323170560,1780554279323170560,HTTP Duration (excl. conn),ms,min,75926.56
122,1780554278323170560,1780554279323170560,HTTP Duration (excl. conn),ms,max,75926.56
122,1780554278323170560,1780554279323170560,HTTP Duration (excl. conn),ms,sum,75926.56
122,1780554278323170560,1780554279323170560,HTTP Duration (excl. conn),ms,p1,75926.56
122,1780554278323170560,1780554279323170560,HTTP Duration (excl. conn),ms,p5,75926.56
122,1780554278323170560,1780554279323170560,HTTP Duration (excl. conn),ms,p10,75926.56
122,1780554278323170560,1780554279323170560,HTTP Duration (excl. conn),ms,p25,75926.56
122,1780554278323170560,1780554279323170560,HTTP Duration (excl. conn),ms,p50,75926.56
122,1780554278323170560,1780554279323170560,HTTP Duration (excl. conn),ms,p75,75926.56
122,1780554278323170560,1780554279323170560,HTTP Duration (excl. conn),ms,p90,75926.56
122,1780554278323170560,1780554279323170560,HTTP Duration (excl. conn),ms,p95,75926.56
122,1780554278323170560,1780554279323170560,HTTP Duration (excl. conn),ms,p99,75926.56
122,1780554278323170560,1780554279323170560,HTTP Duration (excl. conn),ms,std,0.00
122,1780554278323170560,1780554279323170560,HTTP Receiving,ms,avg,74400.08
122,1780554278323170560,1780554279323170560,HTTP Receiving,ms,min,74400.08
122,1780554278323170560,1780554279323170560,HTTP Receiving,ms,max,74400.08
122,1780554278323170560,1780554279323170560,HTTP Receiving,ms,sum,74400.08
122,1780554278323170560,1780554279323170560,HTTP Receiving,ms,p1,74400.08
122,1780554278323170560,1780554279323170560,HTTP Receiving,ms,p5,74400.08
122,1780554278323170560,1780554279323170560,HTTP Receiving,ms,p10,74400.08
122,1780554278323170560,1780554279323170560,HTTP Receiving,ms,p25,74400.08
122,1780554278323170560,1780554279323170560,HTTP Receiving,ms,p50,74400.08
122,1780554278323170560,1780554279323170560,HTTP Receiving,ms,p75,74400.08
122,1780554278323170560,1780554279323170560,HTTP Receiving,ms,p90,74400.08
122,1780554278323170560,1780554279323170560,HTTP Receiving,ms,p95,74400.08
122,1780554278323170560,1780554279323170560,HTTP Receiving,ms,p99,74400.08
122,1780554278323170560,1780554279323170560,HTTP Receiving,ms,std,0.00
122,1780554278323170560,1780554279323170560,HTTP Sending,ms,avg,0.33
122,1780554278323170560,1780554279323170560,HTTP Sending,ms,min,0.33
122,1780554278323170560,1780554279323170560,HTTP Sending,ms,max,0.33
122,1780554278323170560,1780554279323170560,HTTP Sending,ms,sum,0.33
122,1780554278323170560,1780554279323170560,HTTP Sending,ms,p1,0.33
122,1780554278323170560,1780554279323170560,HTTP Sending,ms,p5,0.33
122,1780554278323170560,1780554279323170560,HTTP Sending,ms,p10,0.33
122,1780554278323170560,1780554279323170560,HTTP Sending,ms,p25,0.33
122,1780554278323170560,1780554279323170560,HTTP Sending,ms,p50,0.33
122,1780554278323170560,1780554279323170560,HTTP Sending,ms,p75,0.33
122,1780554278323170560,1780554279323170560,HTTP Sending,ms,p90,0.33
122,1780554278323170560,1780554279323170560,HTTP Sending,ms,p95,0.33
122,1780554278323170560,1780554279323170560,HTTP Sending,ms,p99,0.33
122,1780554278323170560,1780554279323170560,HTTP Sending,ms,std,0.00
122,1780554278323170560,1780554279323170560,HTTP Total Time,ms,avg,75926.56
122,1780554278323170560,1780554279323170560,HTTP Total Time,ms,min,75926.56
122,1780554278323170560,1780554279323170560,HTTP Total Time,ms,max,75926.56
122,1780554278323170560,1780554279323170560,HTTP Total Time,ms,sum,75926.56
122,1780554278323170560,1780554279323170560,HTTP Total Time,ms,p1,75926.56
122,1780554278323170560,1780554279323170560,HTTP Total Time,ms,p5,75926.56
122,1780554278323170560,1780554279323170560,HTTP Total Time,ms,p10,75926.56
122,1780554278323170560,1780554279323170560,HTTP Total Time,ms,p25,75926.56
122,1780554278323170560,1780554279323170560,HTTP Total Time,ms,p50,75926.56
122,1780554278323170560,1780554279323170560,HTTP Total Time,ms,p75,75926.56
122,1780554278323170560,1780554279323170560,HTTP Total Time,ms,p90,75926.56
122,1780554278323170560,1780554279323170560,HTTP Total Time,ms,p95,75926.56
122,1780554278323170560,1780554279323170560,HTTP Total Time,ms,p99,75926.56
122,1780554278323170560,1780554279323170560,HTTP Total Time,ms,std,0.00
122,1780554278323170560,1780554279323170560,HTTP Waiting (TTFB),ms,avg,1526.14
122,1780554278323170560,1780554279323170560,HTTP Waiting (TTFB),ms,min,1526.14
122,1780554278323170560,1780554279323170560,HTTP Waiting (TTFB),ms,max,1526.14
122,1780554278323170560,1780554279323170560,HTTP Waiting (TTFB),ms,sum,1526.14
122,1780554278323170560,1780554279323170560,HTTP Waiting (TTFB),ms,p1,1526.14
122,1780554278323170560,1780554279323170560,HTTP Waiting (TTFB),ms,p5,1526.14
122,1780554278323170560,1780554279323170560,HTTP Waiting (TTFB),ms,p10,1526.14
122,1780554278323170560,1780554279323170560,HTTP Waiting (TTFB),ms,p25,1526.14
122,1780554278323170560,1780554279323170560,HTTP Waiting (TTFB),ms,p50,1526.14
122,1780554278323170560,1780554279323170560,HTTP Waiting (TTFB),ms,p75,1526.14
122,1780554278323170560,1780554279323170560,HTTP Waiting (TTFB),ms,p90,1526.14
122,1780554278323170560,1780554279323170560,HTTP Waiting (TTFB),ms,p95,1526.14
122,1780554278323170560,1780554279323170560,HTTP Waiting (TTFB),ms,p99,1526.14
122,1780554278323170560,1780554279323170560,HTTP Waiting (TTFB),ms,std,0.00
122,1780554278323170560,1780554279323170560,Input Sequence Length,tokens,avg,32225.00
122,1780554278323170560,1780554279323170560,Input Sequence Length,tokens,min,32225.00
122,1780554278323170560,1780554279323170560,Input Sequence Length,tokens,max,32225.00
122,1780554278323170560,1780554279323170560,Input Sequence Length,tokens,sum,32225.00
122,1780554278323170560,1780554279323170560,Input Sequence Length,tokens,p1,32225.00
122,1780554278323170560,1780554279323170560,Input Sequence Length,tokens,p5,32225.00
122,1780554278323170560,1780554279323170560,Input Sequence Length,tokens,p10,32225.00
122,1780554278323170560,1780554279323170560,Input Sequence Length,tokens,p25,32225.00
122,1780554278323170560,1780554279323170560,Input Sequence Length,tokens,p50,32225.00
122,1780554278323170560,1780554279323170560,Input Sequence Length,tokens,p75,32225.00
122,1780554278323170560,1780554279323170560,Input Sequence Length,tokens,p90,32225.00
122,1780554278323170560,1780554279323170560,Input Sequence Length,tokens,p95,32225.00
122,1780554278323170560,1780554279323170560,Input Sequence Length,tokens,p99,32225.00
122,1780554278323170560,1780554279323170560,Input Sequence Length,tokens,std,0.00
122,1780554278323170560,1780554279323170560,Input Token Throughput,tokens/sec,avg,32225.00
122,1780554278323170560,1780554279323170560,Inter Chunk Latency,ms,avg,68.32
122,1780554278323170560,1780554279323170560,Inter Chunk Latency,ms,min,68.31
122,1780554278323170560,1780554279323170560,Inter Chunk Latency,ms,max,68.33
122,1780554278323170560,1780554279323170560,Inter Chunk Latency,ms,sum,20701.44
122,1780554278323170560,1780554279323170560,Inter Chunk Latency,ms,p1,68.31
122,1780554278323170560,1780554279323170560,Inter Chunk Latency,ms,p5,68.32
122,1780554278323170560,1780554279323170560,Inter Chunk Latency,ms,p10,68.32
122,1780554278323170560,1780554279323170560,Inter Chunk Latency,ms,p25,68.32
122,1780554278323170560,1780554279323170560,Inter Chunk Latency,ms,p50,68.32
122,1780554278323170560,1780554279323170560,Inter Chunk Latency,ms,p75,68.33
122,1780554278323170560,1780554279323170560,Inter Chunk Latency,ms,p90,68.33
122,1780554278323170560,1780554279323170560,Inter Chunk Latency,ms,p95,68.33
122,1780554278323170560,1780554279323170560,Inter Chunk Latency,ms,p99,68.33
122,1780554278323170560,1780554279323170560,Inter Chunk Latency,ms,std,0.00
122,1780554278323170560,1780554279323170560,Inter Token Latency,ms,avg,245.54
122,1780554278323170560,1780554279323170560,Inter Token Latency,ms,min,245.54
122,1780554278323170560,1780554279323170560,Inter Token Latency,ms,max,245.54
122,1780554278323170560,1780554279323170560,Inter Token Latency,ms,sum,245.54
122,1780554278323170560,1780554279323170560,Inter Token Latency,ms,p1,245.54
122,1780554278323170560,1780554279323170560,Inter Token Latency,ms,p5,245.54
122,1780554278323170560,1780554279323170560,Inter Token Latency,ms,p10,245.54
122,1780554278323170560,1780554279323170560,Inter Token Latency,ms,p25,245.54
122,1780554278323170560,1780554279323170560,Inter Token Latency,ms,p50,245.54
122,1780554278323170560,1780554279323170560,Inter Token Latency,ms,p75,245.54
122,1780554278323170560,1780554279323170560,Inter Token Latency,ms,p90,245.54
122,1780554278323170560,1780554279323170560,Inter Token Latency,ms,p95,245.54
122,1780554278323170560,1780554279323170560,Inter Token Latency,ms,p99,245.54
122,1780554278323170560,1780554279323170560,Inter Token Latency,ms,std,0.00
122,1780554278323170560,1780554279323170560,Maximum Response Timestamp,ns,avg,1780554355226850560.00
122,1780554278323170560,1780554279323170560,Minimum Request Timestamp,ns,avg,1780554279300183808.00
122,1780554278323170560,1780554279323170560,OSL Mismatch Count,requests,avg,0.00
122,1780554278323170560,1780554279323170560,OSL Mismatch Diff %,%,avg,0.00
122,1780554278323170560,1780554279323170560,OSL Mismatch Diff %,%,min,0.00
122,1780554278323170560,1780554279323170560,OSL Mismatch Diff %,%,max,0.00
122,1780554278323170560,1780554279323170560,OSL Mismatch Diff %,%,sum,0.00
122,1780554278323170560,1780554279323170560,OSL Mismatch Diff %,%,p1,0.00
122,1780554278323170560,1780554279323170560,OSL Mismatch Diff %,%,p5,0.00
122,1780554278323170560,1780554279323170560,OSL Mismatch Diff %,%,p10,0.00
122,1780554278323170560,1780554279323170560,OSL Mismatch Diff %,%,p25,0.00
122,1780554278323170560,1780554279323170560,OSL Mismatch Diff %,%,p50,0.00
122,1780554278323170560,1780554279323170560,OSL Mismatch Diff %,%,p75,0.00
122,1780554278323170560,1780554279323170560,OSL Mismatch Diff %,%,p90,0.00
122,1780554278323170560,1780554279323170560,OSL Mismatch Diff %,%,p95,0.00
122,1780554278323170560,1780554279323170560,OSL Mismatch Diff %,%,p99,0.00
122,1780554278323170560,1780554279323170560,OSL Mismatch Diff %,%,std,0.00
122,1780554278323170560,1780554279323170560,Output Sequence Length,tokens,avg,304.00
122,1780554278323170560,1780554279323170560,Output Sequence Length,tokens,min,304.00
122,1780554278323170560,1780554279323170560,Output Sequence Length,tokens,max,304.00
122,1780554278323170560,1780554279323170560,Output Sequence Length,tokens,sum,304.00
122,1780554278323170560,1780554279323170560,Output Sequence Length,tokens,p1,304.00
122,1780554278323170560,1780554279323170560,Output Sequence Length,tokens,p5,304.00
122,1780554278323170560,1780554279323170560,Output Sequence Length,tokens,p10,304.00
122,1780554278323170560,1780554279323170560,Output Sequence Length,tokens,p25,304.00
122,1780554278323170560,1780554279323170560,Output Sequence Length,tokens,p50,304.00
122,1780554278323170560,1780554279323170560,Output Sequence Length,tokens,p75,304.00
122,1780554278323170560,1780554279323170560,Output Sequence Length,tokens,p90,304.00
122,1780554278323170560,1780554279323170560,Output Sequence Length,tokens,p95,304.00
122,1780554278323170560,1780554279323170560,Output Sequence Length,tokens,p99,304.00
122,1780554278323170560,1780554279323170560,Output Sequence Length,tokens,std,0.00
122,1780554278323170560,1780554279323170560,Output Token Count,tokens,avg,304.00
122,1780554278323170560,1780554279323170560,Output Token Count,tokens,min,304.00
122,1780554278323170560,1780554279323170560,Output Token Count,tokens,max,304.00
122,1780554278323170560,1780554279323170560,Output Token Count,tokens,sum,304.00
122,1780554278323170560,1780554279323170560,Output Token Count,tokens,p1,304.00
122,1780554278323170560,1780554279323170560,Output Token Count,tokens,p5,304.00
122,1780554278323170560,1780554279323170560,Output Token Count,tokens,p10,304.00
122,1780554278323170560,1780554279323170560,Output Token Count,tokens,p25,304.00
122,1780554278323170560,1780554279323170560,Output Token Count,tokens,p50,304.00
122,1780554278323170560,1780554279323170560,Output Token Count,tokens,p75,304.00
122,1780554278323170560,1780554279323170560,Output Token Count,tokens,p90,304.00
122,1780554278323170560,1780554279323170560,Output Token Count,tokens,p95,304.00
122,1780554278323170560,1780554279323170560,Output Token Count,tokens,p99,304.00
122,1780554278323170560,1780554279323170560,Output Token Count,tokens,std,0.00
122,1780554278323170560,1780554279323170560,Output Token Throughput,tokens/sec,avg,304.00
122,1780554278323170560,1780554279323170560,Output Token Throughput Per User,tokens/sec/user,avg,4.07
122,1780554278323170560,1780554279323170560,Output Token Throughput Per User,tokens/sec/user,min,4.07
122,1780554278323170560,1780554279323170560,Output Token Throughput Per User,tokens/sec/user,max,4.07
122,1780554278323170560,1780554279323170560,Output Token Throughput Per User,tokens/sec/user,sum,4.07
122,1780554278323170560,1780554279323170560,Output Token Throughput Per User,tokens/sec/user,p1,4.07
122,1780554278323170560,1780554279323170560,Output Token Throughput Per User,tokens/sec/user,p5,4.07
122,1780554278323170560,1780554279323170560,Output Token Throughput Per User,tokens/sec/user,p10,4.07
122,1780554278323170560,1780554279323170560,Output Token Throughput Per User,tokens/sec/user,p25,4.07
122,1780554278323170560,1780554279323170560,Output Token Throughput Per User,tokens/sec/user,p50,4.07
122,1780554278323170560,1780554279323170560,Output Token Throughput Per User,tokens/sec/user,p75,4.07
122,1780554278323170560,1780554279323170560,Output Token Throughput Per User,tokens/sec/user,p90,4.07
122,1780554278323170560,1780554279323170560,Output Token Throughput Per User,tokens/sec/user,p95,4.07
122,1780554278323170560,1780554279323170560,Output Token Throughput Per User,tokens/sec/user,p99,4.07
122,1780554278323170560,1780554279323170560,Output Token Throughput Per User,tokens/sec/user,std,0.00
122,1780554278323170560,1780554279323170560,Prefill Throughput Per User,tokens/sec/user,avg,21109.01
122,1780554278323170560,1780554279323170560,Prefill Throughput Per User,tokens/sec/user,min,21109.01
122,1780554278323170560,1780554279323170560,Prefill Throughput Per User,tokens/sec/user,max,21109.01
122,1780554278323170560,1780554279323170560,Prefill Throughput Per User,tokens/sec/user,sum,21109.01
122,1780554278323170560,1780554279323170560,Prefill Throughput Per User,tokens/sec/user,p1,21109.01
122,1780554278323170560,1780554279323170560,Prefill Throughput Per User,tokens/sec/user,p5,21109.01
122,1780554278323170560,1780554279323170560,Prefill Throughput Per User,tokens/sec/user,p10,21109.01
122,1780554278323170560,1780554279323170560,Prefill Throughput Per User,tokens/sec/user,p25,21109.01
122,1780554278323170560,1780554279323170560,Prefill Throughput Per User,tokens/sec/user,p50,21109.01
122,1780554278323170560,1780554279323170560,Prefill Throughput Per User,tokens/sec/user,p75,21109.01
122,1780554278323170560,1780554279323170560,Prefill Throughput Per User,tokens/sec/user,p90,21109.01
122,1780554278323170560,1780554279323170560,Prefill Throughput Per User,tokens/sec/user,p95,21109.01
122,1780554278323170560,1780554279323170560,Prefill Throughput Per User,tokens/sec/user,p99,21109.01
122,1780554278323170560,1780554279323170560,Prefill Throughput Per User,tokens/sec/user,std,0.00
122,1780554278323170560,1780554279323170560,Request Count,requests,avg,1.00
122,1780554278323170560,1780554279323170560,Request Latency,ms,avg,75926.67
122,1780554278323170560,1780554279323170560,Request Latency,ms,min,75926.67
122,1780554278323170560,1780554279323170560,Request Latency,ms,max,75926.67
122,1780554278323170560,1780554279323170560,Request Latency,ms,sum,75926.67
122,1780554278323170560,1780554279323170560,Request Latency,ms,p1,75926.67
122,1780554278323170560,1780554279323170560,Request Latency,ms,p5,75926.67
122,1780554278323170560,1780554279323170560,Request Latency,ms,p10,75926.67
122,1780554278323170560,1780554279323170560,Request Latency,ms,p25,75926.67
122,1780554278323170560,1780554279323170560,Request Latency,ms,p50,75926.67
122,1780554278323170560,1780554279323170560,Request Latency,ms,p75,75926.67
122,1780554278323170560,1780554279323170560,Request Latency,ms,p90,75926.67
122,1780554278323170560,1780554279323170560,Request Latency,ms,p95,75926.67
122,1780554278323170560,1780554279323170560,Request Latency,ms,p99,75926.67
122,1780554278323170560,1780554279323170560,Request Latency,ms,std,0.00
122,1780554278323170560,1780554279323170560,Request Throughput,requests/sec,avg,1.00
122,1780554278323170560,1780554279323170560,Requested OSL,tokens,avg,304.00
122,1780554278323170560,1780554279323170560,Requested OSL,tokens,min,304.00
122,1780554278323170560,1780554279323170560,Requested OSL,tokens,max,304.00
122,1780554278323170560,1780554279323170560,Requested OSL,tokens,sum,304.00
122,1780554278323170560,1780554279323170560,Requested OSL,tokens,p1,304.00
122,1780554278323170560,1780554279323170560,Requested OSL,tokens,p5,304.00
122,1780554278323170560,1780554279323170560,Requested OSL,tokens,p10,304.00
122,1780554278323170560,1780554279323170560,Requested OSL,tokens,p25,304.00
122,1780554278323170560,1780554279323170560,Requested OSL,tokens,p50,304.00
122,1780554278323170560,1780554279323170560,Requested OSL,tokens,p75,304.00
122,1780554278323170560,1780554279323170560,Requested OSL,tokens,p90,304.00
122,1780554278323170560,1780554279323170560,Requested OSL,tokens,p95,304.00
122,1780554278323170560,1780554279323170560,Requested OSL,tokens,p99,304.00
122,1780554278323170560,1780554279323170560,Requested OSL,tokens,std,0.00
122,1780554278323170560,1780554279323170560,Time to First Output Token,ms,avg,1526.60
122,1780554278323170560,1780554279323170560,Time to First Output Token,ms,min,1526.60
122,1780554278323170560,1780554279323170560,Time to First Output Token,ms,max,1526.60
122,1780554278323170560,1780554279323170560,Time to First Output Token,ms,sum,1526.60
122,1780554278323170560,1780554279323170560,Time to First Output Token,ms,p1,1526.60
122,1780554278323170560,1780554279323170560,Time to First Output Token,ms,p5,1526.60
122,1780554278323170560,1780554279323170560,Time to First Output Token,ms,p10,1526.60
122,1780554278323170560,1780554279323170560,Time to First Output Token,ms,p25,1526.60
122,1780554278323170560,1780554279323170560,Time to First Output Token,ms,p50,1526.60
122,1780554278323170560,1780554279323170560,Time to First Output Token,ms,p75,1526.60
122,1780554278323170560,1780554279323170560,Time to First Output Token,ms,p90,1526.60
122,1780554278323170560,1780554279323170560,Time to First Output Token,ms,p95,1526.60
122,1780554278323170560,1780554279323170560,Time to First Output Token,ms,p99,1526.60
122,1780554278323170560,1780554279323170560,Time to First Output Token,ms,std,0.00
122,1780554278323170560,1780554279323170560,Time to First Token,ms,avg,1526.60
122,1780554278323170560,1780554279323170560,Time to First Token,ms,min,1526.60
122,1780554278323170560,1780554279323170560,Time to First Token,ms,max,1526.60
122,1780554278323170560,1780554279323170560,Time to First Token,ms,sum,1526.60
122,1780554278323170560,1780554279323170560,Time to First Token,ms,p1,1526.60
122,1780554278323170560,1780554279323170560,Time to First Token,ms,p5,1526.60
122,1780554278323170560,1780554279323170560,Time to First Token,ms,p10,1526.60
122,1780554278323170560,1780554279323170560,Time to First Token,ms,p25,1526.60
122,1780554278323170560,1780554279323170560,Time to First Token,ms,p50,1526.60
122,1780554278323170560,1780554279323170560,Time to First Token,ms,p75,1526.60
122,1780554278323170560,1780554279323170560,Time to First Token,ms,p90,1526.60
122,1780554278323170560,1780554279323170560,Time to First Token,ms,p95,1526.60
122,1780554278323170560,1780554279323170560,Time to First Token,ms,p99,1526.60
122,1780554278323170560,1780554279323170560,Time to First Token,ms,std,0.00
122,1780554278323170560,1780554279323170560,Time to Second Token,ms,avg,26.83
122,1780554278323170560,1780554279323170560,Time to Second Token,ms,min,26.83
122,1780554278323170560,1780554279323170560,Time to Second Token,ms,max,26.83
122,1780554278323170560,1780554279323170560,Time to Second Token,ms,sum,26.83
122,1780554278323170560,1780554279323170560,Time to Second Token,ms,p1,26.83
122,1780554278323170560,1780554279323170560,Time to Second Token,ms,p5,26.83
122,1780554278323170560,1780554279323170560,Time to Second Token,ms,p10,26.83
122,1780554278323170560,1780554279323170560,Time to Second Token,ms,p25,26.83
122,1780554278323170560,1780554279323170560,Time to Second Token,ms,p50,26.83
122,1780554278323170560,1780554279323170560,Time to Second Token,ms,p75,26.83
122,1780554278323170560,1780554279323170560,Time to Second Token,ms,p90,26.83
122,1780554278323170560,1780554279323170560,Time to Second Token,ms,p95,26.83
122,1780554278323170560,1780554279323170560,Time to Second Token,ms,p99,26.83
122,1780554278323170560,1780554279323170560,Time to Second Token,ms,std,0.00
122,1780554278323170560,1780554279323170560,Tokens In Flight,tokens,avg,809686.71
122,1780554278323170560,1780554279323170560,Tokens In Flight,tokens,min,732714.30
122,1780554278323170560,1780554279323170560,Tokens In Flight,tokens,max,885695.06
122,1780554278323170560,1780554279323170560,Tokens In Flight,tokens,p50,853778.07
122,1780554278323170560,1780554279323170560,Tokens In Flight,tokens,p90,885687.05
122,1780554278323170560,1780554279323170560,Tokens In Flight,tokens,p95,885694.06
122,1780554278323170560,1780554279323170560,Tokens In Flight,tokens,p99,885695.06
122,1780554278323170560,1780554279323170560,Tokens In Flight,tokens,std,74429.90
122,1780554278323170560,1780554279323170560,Total Input Sequence Length,tokens,avg,32225.00
122,1780554278323170560,1780554279323170560,Total Output Sequence Length,tokens,avg,304.00
122,1780554278323170560,1780554279323170560,Total Output Tokens,tokens,avg,304.00
122,1780554278323170560,1780554279323170560,Total Token Throughput,tokens/sec,avg,32529.00
122,1780554278323170560,1780554279323170560,Total Usage Completion Tokens,tokens,avg,304.00
122,1780554278323170560,1780554279323170560,Total Usage Prompt Tokens,tokens,avg,32225.00
122,1780554278323170560,1780554279323170560,Total Usage Total Tokens,tokens,avg,32529.00
122,1780554278323170560,1780554279323170560,Usage Completion Tokens,tokens,avg,304.00
122,1780554278323170560,1780554279323170560,Usage Completion Tokens,tokens,min,304.00
122,1780554278323170560,1780554279323170560,Usage Completion Tokens,tokens,max,304.00
122,1780554278323170560,1780554279323170560,Usage Completion Tokens,tokens,sum,304.00
122,1780554278323170560,1780554279323170560,Usage Completion Tokens,tokens,p1,304.00
122,1780554278323170560,1780554279323170560,Usage Completion Tokens,tokens,p5,304.00
122,1780554278323170560,1780554279323170560,Usage Completion Tokens,tokens,p10,304.00
122,1780554278323170560,1780554279323170560,Usage Completion Tokens,tokens,p25,304.00
122,1780554278323170560,1780554279323170560,Usage Completion Tokens,tokens,p50,304.00
122,1780554278323170560,1780554279323170560,Usage Completion Tokens,tokens,p75,304.00
122,1780554278323170560,1780554279323170560,Usage Completion Tokens,tokens,p90,304.00
122,1780554278323170560,1780554279323170560,Usage Completion Tokens,tokens,p95,304.00
122,1780554278323170560,1780554279323170560,Usage Completion Tokens,tokens,p99,304.00
122,1780554278323170560,1780554279323170560,Usage Completion Tokens,tokens,std,0.00
122,1780554278323170560,1780554279323170560,Usage Prompt Tokens,tokens,avg,32225.00
122,1780554278323170560,1780554279323170560,Usage Prompt Tokens,tokens,min,32225.00
122,1780554278323170560,1780554279323170560,Usage Prompt Tokens,tokens,max,32225.00
122,1780554278323170560,1780554279323170560,Usage Prompt Tokens,tokens,sum,32225.00
122,1780554278323170560,1780554279323170560,Usage Prompt Tokens,tokens,p1,32225.00
122,1780554278323170560,1780554279323170560,Usage Prompt Tokens,tokens,p5,32225.00
122,1780554278323170560,1780554279323170560,Usage Prompt Tokens,tokens,p10,32225.00
122,1780554278323170560,1780554279323170560,Usage Prompt Tokens,tokens,p25,32225.00
122,1780554278323170560,1780554279323170560,Usage Prompt Tokens,tokens,p50,32225.00
122,1780554278323170560,1780554279323170560,Usage Prompt Tokens,tokens,p75,32225.00
122,1780554278323170560,1780554279323170560,Usage Prompt Tokens,tokens,p90,32225.00
122,1780554278323170560,1780554279323170560,Usage Prompt Tokens,tokens,p95,32225.00
122,1780554278323170560,1780554279323170560,Usage Prompt Tokens,tokens,p99,32225.00
122,1780554278323170560,1780554279323170560,Usage Prompt Tokens,tokens,std,0.00
122,1780554278323170560,1780554279323170560,Usage Total Tokens,tokens,avg,32529.00
122,1780554278323170560,1780554279323170560,Usage Total Tokens,tokens,min,32529.00
122,1780554278323170560,1780554279323170560,Usage Total Tokens,tokens,max,32529.00
122,1780554278323170560,1780554279323170560,Usage Total Tokens,tokens,sum,32529.00
122,1780554278323170560,1780554279323170560,Usage Total Tokens,tokens,p1,32529.00
122,1780554278323170560,1780554279323170560,Usage Total Tokens,tokens,p5,32529.00
122,1780554278323170560,1780554279323170560,Usage Total Tokens,tokens,p10,32529.00
122,1780554278323170560,1780554279323170560,Usage Total Tokens,tokens,p25,32529.00
122,1780554278323170560,1780554279323170560,Usage Total Tokens,tokens,p50,32529.00
122,1780554278323170560,1780554279323170560,Usage Total Tokens,tokens,p75,32529.00
122,1780554278323170560,1780554279323170560,Usage Total Tokens,tokens,p90,32529.00
122,1780554278323170560,1780554279323170560,Usage Total Tokens,tokens,p95,32529.00
122,1780554278323170560,1780554279323170560,Usage Total Tokens,tokens,p99,32529.00
122,1780554278323170560,1780554279323170560,Usage Total Tokens,tokens,std,0.00
123,1780554282323170560,1780554283323170560,Active Decode Throughput,tokens/sec,avg,110.78
123,1780554282323170560,1780554283323170560,Active Decode Throughput,tokens/sec,min,87.87
123,1780554282323170560,1780554283323170560,Active Decode Throughput,tokens/sec,max,131.96
123,1780554282323170560,1780554283323170560,Active Decode Throughput,tokens/sec,p50,117.22
123,1780554282323170560,1780554283323170560,Active Decode Throughput,tokens/sec,p90,117.22
123,1780554282323170560,1780554283323170560,Active Decode Throughput,tokens/sec,p95,117.22
123,1780554282323170560,1780554283323170560,Active Decode Throughput,tokens/sec,p99,117.22
123,1780554282323170560,1780554283323170560,Active Decode Throughput,tokens/sec,std,7.29
123,1780554282323170560,1780554283323170560,Active Decode Throughput Per User,tokens/sec/user,avg,12.31
123,1780554282323170560,1780554283323170560,Active Decode Throughput Per User,tokens/sec/user,min,9.76
123,1780554282323170560,1780554283323170560,Active Decode Throughput Per User,tokens/sec/user,max,14.66
123,1780554282323170560,1780554283323170560,Active Decode Throughput Per User,tokens/sec/user,p50,13.02
123,1780554282323170560,1780554283323170560,Active Decode Throughput Per User,tokens/sec/user,p90,13.02
123,1780554282323170560,1780554283323170560,Active Decode Throughput Per User,tokens/sec/user,p95,13.02
123,1780554282323170560,1780554283323170560,Active Decode Throughput Per User,tokens/sec/user,p99,13.02
123,1780554282323170560,1780554283323170560,Active Decode Throughput Per User,tokens/sec/user,std,0.81
123,1780554282323170560,1780554283323170560,Active Prefill Throughput,tokens/sec,avg,115998.83
123,1780554282323170560,1780554283323170560,Active Prefill Throughput,tokens/sec,min,115998.83
123,1780554282323170560,1780554283323170560,Active Prefill Throughput,tokens/sec,max,115998.83
123,1780554282323170560,1780554283323170560,Active Prefill Throughput,tokens/sec,p50,115998.83
123,1780554282323170560,1780554283323170560,Active Prefill Throughput,tokens/sec,p90,115998.83
123,1780554282323170560,1780554283323170560,Active Prefill Throughput,tokens/sec,p95,115998.83
123,1780554282323170560,1780554283323170560,Active Prefill Throughput,tokens/sec,p99,115998.83
123,1780554282323170560,1780554283323170560,Active Prefill Throughput,tokens/sec,std,0.00
123,1780554282323170560,1780554283323170560,Active Prefill Throughput Per User,tokens/sec/user,avg,115998.83
123,1780554282323170560,1780554283323170560,Active Prefill Throughput Per User,tokens/sec/user,min,115998.83
123,1780554282323170560,1780554283323170560,Active Prefill Throughput Per User,tokens/sec/user,max,115998.83
123,1780554282323170560,1780554283323170560,Active Prefill Throughput Per User,tokens/sec/user,p50,115998.83
123,1780554282323170560,1780554283323170560,Active Prefill Throughput Per User,tokens/sec/user,p90,115998.83
123,1780554282323170560,1780554283323170560,Active Prefill Throughput Per User,tokens/sec/user,p95,115998.83
123,1780554282323170560,1780554283323170560,Active Prefill Throughput Per User,tokens/sec/user,p99,115998.83
123,1780554282323170560,1780554283323170560,Active Prefill Throughput Per User,tokens/sec/user,std,0.00
123,1780554282323170560,1780554283323170560,Active Total Throughput,tokens/sec,avg,65739.28
123,1780554282323170560,1780554283323170560,Active Total Throughput,tokens/sec,min,66.29
123,1780554282323170560,1780554283323170560,Active Total Throughput,tokens/sec,max,116065.12
123,1780554282323170560,1780554283323170560,Active Total Throughput,tokens/sec,p50,116065.12
123,1780554282323170560,1780554283323170560,Active Total Throughput,tokens/sec,p90,116065.12
123,1780554282323170560,1780554283323170560,Active Total Throughput,tokens/sec,p95,116065.12
123,1780554282323170560,1780554283323170560,Active Total Throughput,tokens/sec,p99,116065.12
123,1780554282323170560,1780554283323170560,Active Total Throughput,tokens/sec,std,57489.55
123,1780554282323170560,1780554283323170560,Benchmark Duration,sec,avg,59.94
123,1780554282323170560,1780554283323170560,E2E Output Token Throughput,tokens/sec/user,avg,3.40
123,1780554282323170560,1780554283323170560,E2E Output Token Throughput,tokens/sec/user,min,3.40
123,1780554282323170560,1780554283323170560,E2E Output Token Throughput,tokens/sec/user,max,3.40
123,1780554282323170560,1780554283323170560,E2E Output Token Throughput,tokens/sec/user,sum,3.40
123,1780554282323170560,1780554283323170560,E2E Output Token Throughput,tokens/sec/user,p1,3.40
123,1780554282323170560,1780554283323170560,E2E Output Token Throughput,tokens/sec/user,p5,3.40
123,1780554282323170560,1780554283323170560,E2E Output Token Throughput,tokens/sec/user,p10,3.40
123,1780554282323170560,1780554283323170560,E2E Output Token Throughput,tokens/sec/user,p25,3.40
123,1780554282323170560,1780554283323170560,E2E Output Token Throughput,tokens/sec/user,p50,3.40
123,1780554282323170560,1780554283323170560,E2E Output Token Throughput,tokens/sec/user,p75,3.40
123,1780554282323170560,1780554283323170560,E2E Output Token Throughput,tokens/sec/user,p90,3.40
123,1780554282323170560,1780554283323170560,E2E Output Token Throughput,tokens/sec/user,p95,3.40
123,1780554282323170560,1780554283323170560,E2E Output Token Throughput,tokens/sec/user,p99,3.40
123,1780554282323170560,1780554283323170560,E2E Output Token Throughput,tokens/sec/user,std,0.00
123,1780554282323170560,1780554283323170560,Effective Concurrency,requests,avg,9.57
123,1780554282323170560,1780554283323170560,Effective Concurrency,requests,min,9.00
123,1780554282323170560,1780554283323170560,Effective Concurrency,requests,max,10.00
123,1780554282323170560,1780554283323170560,Effective Concurrency,requests,p50,10.00
123,1780554282323170560,1780554283323170560,Effective Concurrency,requests,p90,10.00
123,1780554282323170560,1780554283323170560,Effective Concurrency,requests,p95,10.00
123,1780554282323170560,1780554283323170560,Effective Concurrency,requests,p99,10.00
123,1780554282323170560,1780554283323170560,Effective Concurrency,requests,std,0.50
123,1780554282323170560,1780554283323170560,Effective Decode Concurrency,requests,avg,9.00
123,1780554282323170560,1780554283323170560,Effective Decode Concurrency,requests,min,9.00
123,1780554282323170560,1780554283323170560,Effective Decode Concurrency,requests,max,9.00
123,1780554282323170560,1780554283323170560,Effective Decode Concurrency,requests,p50,9.00
123,1780554282323170560,1780554283323170560,Effective Decode Concurrency,requests,p90,9.00
123,1780554282323170560,1780554283323170560,Effective Decode Concurrency,requests,p95,9.00
123,1780554282323170560,1780554283323170560,Effective Decode Concurrency,requests,p99,9.00
123,1780554282323170560,1780554283323170560,Effective Decode Concurrency,requests,std,0.00
123,1780554282323170560,1780554283323170560,Effective Decode Throughput,tokens/sec,avg,110.78
123,1780554282323170560,1780554283323170560,Effective Decode Throughput,tokens/sec,min,87.87
123,1780554282323170560,1780554283323170560,Effective Decode Throughput,tokens/sec,max,131.96
123,1780554282323170560,1780554283323170560,Effective Decode Throughput,tokens/sec,p50,117.22
123,1780554282323170560,1780554283323170560,Effective Decode Throughput,tokens/sec,p90,117.22
123,1780554282323170560,1780554283323170560,Effective Decode Throughput,tokens/sec,p95,117.22
123,1780554282323170560,1780554283323170560,Effective Decode Throughput,tokens/sec,p99,117.22
123,1780554282323170560,1780554283323170560,Effective Decode Throughput,tokens/sec,std,7.29
123,1780554282323170560,1780554283323170560,Effective Decode Throughput Per User,tokens/sec/user,avg,12.31
123,1780554282323170560,1780554283323170560,Effective Decode Throughput Per User,tokens/sec/user,min,9.76
123,1780554282323170560,1780554283323170560,Effective Decode Throughput Per User,tokens/sec/user,max,14.66
123,1780554282323170560,1780554283323170560,Effective Decode Throughput Per User,tokens/sec/user,p50,13.02
123,1780554282323170560,1780554283323170560,Effective Decode Throughput Per User,tokens/sec/user,p90,13.02
123,1780554282323170560,1780554283323170560,Effective Decode Throughput Per User,tokens/sec/user,p95,13.02
123,1780554282323170560,1780554283323170560,Effective Decode Throughput Per User,tokens/sec/user,p99,13.02
123,1780554282323170560,1780554283323170560,Effective Decode Throughput Per User,tokens/sec/user,std,0.81
123,1780554282323170560,1780554283323170560,Effective Prefill Concurrency,requests,avg,0.57
123,1780554282323170560,1780554283323170560,Effective Prefill Concurrency,requests,min,0.00
123,1780554282323170560,1780554283323170560,Effective Prefill Concurrency,requests,max,1.00
123,1780554282323170560,1780554283323170560,Effective Prefill Concurrency,requests,p50,1.00
123,1780554282323170560,1780554283323170560,Effective Prefill Concurrency,requests,p90,1.00
123,1780554282323170560,1780554283323170560,Effective Prefill Concurrency,requests,p95,1.00
123,1780554282323170560,1780554283323170560,Effective Prefill Concurrency,requests,p99,1.00
123,1780554282323170560,1780554283323170560,Effective Prefill Concurrency,requests,std,0.50
123,1780554282323170560,1780554283323170560,Effective Prefill Throughput,tokens/sec,avg,65672.99
123,1780554282323170560,1780554283323170560,Effective Prefill Throughput,tokens/sec,min,0.00
123,1780554282323170560,1780554283323170560,Effective Prefill Throughput,tokens/sec,max,115998.83
123,1780554282323170560,1780554283323170560,Effective Prefill Throughput,tokens/sec,p50,115998.83
123,1780554282323170560,1780554283323170560,Effective Prefill Throughput,tokens/sec,p90,115998.83
123,1780554282323170560,1780554283323170560,Effective Prefill Throughput,tokens/sec,p95,115998.83
123,1780554282323170560,1780554283323170560,Effective Prefill Throughput,tokens/sec,p99,115998.83
123,1780554282323170560,1780554283323170560,Effective Prefill Throughput,tokens/sec,std,57489.55
123,1780554282323170560,1780554283323170560,Effective Prefill Throughput Per User,tokens/sec/user,avg,65672.99
123,1780554282323170560,1780554283323170560,Effective Prefill Throughput Per User,tokens/sec/user,min,0.00
123,1780554282323170560,1780554283323170560,Effective Prefill Throughput Per User,tokens/sec/user,max,115998.83
123,1780554282323170560,1780554283323170560,Effective Prefill Throughput Per User,tokens/sec/user,p50,115998.83
123,1780554282323170560,1780554283323170560,Effective Prefill Throughput Per User,tokens/sec/user,p90,115998.83
123,1780554282323170560,1780554283323170560,Effective Prefill Throughput Per User,tokens/sec/user,p95,115998.83
123,1780554282323170560,1780554283323170560,Effective Prefill Throughput Per User,tokens/sec/user,p99,115998.83
123,1780554282323170560,1780554283323170560,Effective Prefill Throughput Per User,tokens/sec/user,std,57489.55
123,1780554282323170560,1780554283323170560,Effective Total Throughput,tokens/sec,avg,65739.28
123,1780554282323170560,1780554283323170560,Effective Total Throughput,tokens/sec,min,66.29
123,1780554282323170560,1780554283323170560,Effective Total Throughput,tokens/sec,max,116065.12
123,1780554282323170560,1780554283323170560,Effective Total Throughput,tokens/sec,p50,116065.12
123,1780554282323170560,1780554283323170560,Effective Total Throughput,tokens/sec,p90,116065.12
123,1780554282323170560,1780554283323170560,Effective Total Throughput,tokens/sec,p95,116065.12
123,1780554282323170560,1780554283323170560,Effective Total Throughput,tokens/sec,p99,116065.12
123,1780554282323170560,1780554283323170560,Effective Total Throughput,tokens/sec,std,57489.55
123,1780554282323170560,1780554283323170560,HTTP Blocked,ms,avg,0.00
123,1780554282323170560,1780554283323170560,HTTP Blocked,ms,min,0.00
123,1780554282323170560,1780554283323170560,HTTP Blocked,ms,max,0.00
123,1780554282323170560,1780554283323170560,HTTP Blocked,ms,sum,0.00
123,1780554282323170560,1780554283323170560,HTTP Blocked,ms,p1,0.00
123,1780554282323170560,1780554283323170560,HTTP Blocked,ms,p5,0.00
123,1780554282323170560,1780554283323170560,HTTP Blocked,ms,p10,0.00
123,1780554282323170560,1780554283323170560,HTTP Blocked,ms,p25,0.00
123,1780554282323170560,1780554283323170560,HTTP Blocked,ms,p50,0.00
123,1780554282323170560,1780554283323170560,HTTP Blocked,ms,p75,0.00
123,1780554282323170560,1780554283323170560,HTTP Blocked,ms,p90,0.00
123,1780554282323170560,1780554283323170560,HTTP Blocked,ms,p95,0.00
123,1780554282323170560,1780554283323170560,HTTP Blocked,ms,p99,0.00
123,1780554282323170560,1780554283323170560,HTTP Blocked,ms,std,0.00
123,1780554282323170560,1780554283323170560,HTTP Chunks Received,count,avg,204.00
123,1780554282323170560,1780554283323170560,HTTP Chunks Received,count,min,204.00
123,1780554282323170560,1780554283323170560,HTTP Chunks Received,count,max,204.00
123,1780554282323170560,1780554283323170560,HTTP Chunks Received,count,sum,204.00
123,1780554282323170560,1780554283323170560,HTTP Chunks Received,count,p1,204.00
123,1780554282323170560,1780554283323170560,HTTP Chunks Received,count,p5,204.00
123,1780554282323170560,1780554283323170560,HTTP Chunks Received,count,p10,204.00
123,1780554282323170560,1780554283323170560,HTTP Chunks Received,count,p25,204.00
123,1780554282323170560,1780554283323170560,HTTP Chunks Received,count,p50,204.00
123,1780554282323170560,1780554283323170560,HTTP Chunks Received,count,p75,204.00
123,1780554282323170560,1780554283323170560,HTTP Chunks Received,count,p90,204.00
123,1780554282323170560,1780554283323170560,HTTP Chunks Received,count,p95,204.00
123,1780554282323170560,1780554283323170560,HTTP Chunks Received,count,p99,204.00
123,1780554282323170560,1780554283323170560,HTTP Chunks Received,count,std,0.00
123,1780554282323170560,1780554283323170560,HTTP Chunks Sent,count,avg,1.00
123,1780554282323170560,1780554283323170560,HTTP Chunks Sent,count,min,1.00
123,1780554282323170560,1780554283323170560,HTTP Chunks Sent,count,max,1.00
123,1780554282323170560,1780554283323170560,HTTP Chunks Sent,count,sum,1.00
123,1780554282323170560,1780554283323170560,HTTP Chunks Sent,count,p1,1.00
123,1780554282323170560,1780554283323170560,HTTP Chunks Sent,count,p5,1.00
123,1780554282323170560,1780554283323170560,HTTP Chunks Sent,count,p10,1.00
123,1780554282323170560,1780554283323170560,HTTP Chunks Sent,count,p25,1.00
123,1780554282323170560,1780554283323170560,HTTP Chunks Sent,count,p50,1.00
123,1780554282323170560,1780554283323170560,HTTP Chunks Sent,count,p75,1.00
123,1780554282323170560,1780554283323170560,HTTP Chunks Sent,count,p90,1.00
123,1780554282323170560,1780554283323170560,HTTP Chunks Sent,count,p95,1.00
123,1780554282323170560,1780554283323170560,HTTP Chunks Sent,count,p99,1.00
123,1780554282323170560,1780554283323170560,HTTP Chunks Sent,count,std,0.00
123,1780554282323170560,1780554283323170560,HTTP Connecting,ms,avg,1.06
123,1780554282323170560,1780554283323170560,HTTP Connecting,ms,min,1.06
123,1780554282323170560,1780554283323170560,HTTP Connecting,ms,max,1.06
123,1780554282323170560,1780554283323170560,HTTP Connecting,ms,sum,1.06
123,1780554282323170560,1780554283323170560,HTTP Connecting,ms,p1,1.06
123,1780554282323170560,1780554283323170560,HTTP Connecting,ms,p5,1.06
123,1780554282323170560,1780554283323170560,HTTP Connecting,ms,p10,1.06
123,1780554282323170560,1780554283323170560,HTTP Connecting,ms,p25,1.06
123,1780554282323170560,1780554283323170560,HTTP Connecting,ms,p50,1.06
123,1780554282323170560,1780554283323170560,HTTP Connecting,ms,p75,1.06
123,1780554282323170560,1780554283323170560,HTTP Connecting,ms,p90,1.06
123,1780554282323170560,1780554283323170560,HTTP Connecting,ms,p95,1.06
123,1780554282323170560,1780554283323170560,HTTP Connecting,ms,p99,1.06
123,1780554282323170560,1780554283323170560,HTTP Connecting,ms,std,0.00
123,1780554282323170560,1780554283323170560,HTTP Connection Overhead,ms,avg,1.54
123,1780554282323170560,1780554283323170560,HTTP Connection Overhead,ms,min,1.54
123,1780554282323170560,1780554283323170560,HTTP Connection Overhead,ms,max,1.54
123,1780554282323170560,1780554283323170560,HTTP Connection Overhead,ms,sum,1.54
123,1780554282323170560,1780554283323170560,HTTP Connection Overhead,ms,p1,1.54
123,1780554282323170560,1780554283323170560,HTTP Connection Overhead,ms,p5,1.54
123,1780554282323170560,1780554283323170560,HTTP Connection Overhead,ms,p10,1.54
123,1780554282323170560,1780554283323170560,HTTP Connection Overhead,ms,p25,1.54
123,1780554282323170560,1780554283323170560,HTTP Connection Overhead,ms,p50,1.54
123,1780554282323170560,1780554283323170560,HTTP Connection Overhead,ms,p75,1.54
123,1780554282323170560,1780554283323170560,HTTP Connection Overhead,ms,p90,1.54
123,1780554282323170560,1780554283323170560,HTTP Connection Overhead,ms,p95,1.54
123,1780554282323170560,1780554283323170560,HTTP Connection Overhead,ms,p99,1.54
123,1780554282323170560,1780554283323170560,HTTP Connection Overhead,ms,std,0.00
123,1780554282323170560,1780554283323170560,HTTP Connection Reused,ratio,avg,0.00
123,1780554282323170560,1780554283323170560,HTTP Connection Reused,ratio,min,0.00
123,1780554282323170560,1780554283323170560,HTTP Connection Reused,ratio,max,0.00
123,1780554282323170560,1780554283323170560,HTTP Connection Reused,ratio,sum,0.00
123,1780554282323170560,1780554283323170560,HTTP Connection Reused,ratio,p1,0.00
123,1780554282323170560,1780554283323170560,HTTP Connection Reused,ratio,p5,0.00
123,1780554282323170560,1780554283323170560,HTTP Connection Reused,ratio,p10,0.00
123,1780554282323170560,1780554283323170560,HTTP Connection Reused,ratio,p25,0.00
123,1780554282323170560,1780554283323170560,HTTP Connection Reused,ratio,p50,0.00
123,1780554282323170560,1780554283323170560,HTTP Connection Reused,ratio,p75,0.00
123,1780554282323170560,1780554283323170560,HTTP Connection Reused,ratio,p90,0.00
123,1780554282323170560,1780554283323170560,HTTP Connection Reused,ratio,p95,0.00
123,1780554282323170560,1780554283323170560,HTTP Connection Reused,ratio,p99,0.00
123,1780554282323170560,1780554283323170560,HTTP Connection Reused,ratio,std,0.00
123,1780554282323170560,1780554283323170560,HTTP Data Received,KB,avg,51.43
123,1780554282323170560,1780554283323170560,HTTP Data Received,KB,min,51.43
123,1780554282323170560,1780554283323170560,HTTP Data Received,KB,max,51.43
123,1780554282323170560,1780554283323170560,HTTP Data Received,KB,sum,51.43
123,1780554282323170560,1780554283323170560,HTTP Data Received,KB,p1,51.43
123,1780554282323170560,1780554283323170560,HTTP Data Received,KB,p5,51.43
123,1780554282323170560,1780554283323170560,HTTP Data Received,KB,p10,51.43
123,1780554282323170560,1780554283323170560,HTTP Data Received,KB,p25,51.43
123,1780554282323170560,1780554283323170560,HTTP Data Received,KB,p50,51.43
123,1780554282323170560,1780554283323170560,HTTP Data Received,KB,p75,51.43
123,1780554282323170560,1780554283323170560,HTTP Data Received,KB,p90,51.43
123,1780554282323170560,1780554283323170560,HTTP Data Received,KB,p95,51.43
123,1780554282323170560,1780554283323170560,HTTP Data Received,KB,p99,51.43
123,1780554282323170560,1780554283323170560,HTTP Data Received,KB,std,0.00
123,1780554282323170560,1780554283323170560,HTTP Data Sent,KB,avg,329.87
123,1780554282323170560,1780554283323170560,HTTP Data Sent,KB,min,329.87
123,1780554282323170560,1780554283323170560,HTTP Data Sent,KB,max,329.87
123,1780554282323170560,1780554283323170560,HTTP Data Sent,KB,sum,329.87
123,1780554282323170560,1780554283323170560,HTTP Data Sent,KB,p1,329.87
123,1780554282323170560,1780554283323170560,HTTP Data Sent,KB,p5,329.87
123,1780554282323170560,1780554283323170560,HTTP Data Sent,KB,p10,329.87
123,1780554282323170560,1780554283323170560,HTTP Data Sent,KB,p25,329.87
123,1780554282323170560,1780554283323170560,HTTP Data Sent,KB,p50,329.87
123,1780554282323170560,1780554283323170560,HTTP Data Sent,KB,p75,329.87
123,1780554282323170560,1780554283323170560,HTTP Data Sent,KB,p90,329.87
123,1780554282323170560,1780554283323170560,HTTP Data Sent,KB,p95,329.87
123,1780554282323170560,1780554283323170560,HTTP Data Sent,KB,p99,329.87
123,1780554282323170560,1780554283323170560,HTTP Data Sent,KB,std,0.00
123,1780554282323170560,1780554283323170560,HTTP DNS Lookup,ms,avg,0.48
123,1780554282323170560,1780554283323170560,HTTP DNS Lookup,ms,min,0.48
123,1780554282323170560,1780554283323170560,HTTP DNS Lookup,ms,max,0.48
123,1780554282323170560,1780554283323170560,HTTP DNS Lookup,ms,sum,0.48
123,1780554282323170560,1780554283323170560,HTTP DNS Lookup,ms,p1,0.48
123,1780554282323170560,1780554283323170560,HTTP DNS Lookup,ms,p5,0.48
123,1780554282323170560,1780554283323170560,HTTP DNS Lookup,ms,p10,0.48
123,1780554282323170560,1780554283323170560,HTTP DNS Lookup,ms,p25,0.48
123,1780554282323170560,1780554283323170560,HTTP DNS Lookup,ms,p50,0.48
123,1780554282323170560,1780554283323170560,HTTP DNS Lookup,ms,p75,0.48
123,1780554282323170560,1780554283323170560,HTTP DNS Lookup,ms,p90,0.48
123,1780554282323170560,1780554283323170560,HTTP DNS Lookup,ms,p95,0.48
123,1780554282323170560,1780554283323170560,HTTP DNS Lookup,ms,p99,0.48
123,1780554282323170560,1780554283323170560,HTTP DNS Lookup,ms,std,0.00
123,1780554282323170560,1780554283323170560,HTTP Duration (excl. conn),ms,avg,59938.93
123,1780554282323170560,1780554283323170560,HTTP Duration (excl. conn),ms,min,59938.93
123,1780554282323170560,1780554283323170560,HTTP Duration (excl. conn),ms,max,59938.93
123,1780554282323170560,1780554283323170560,HTTP Duration (excl. conn),ms,sum,59938.93
123,1780554282323170560,1780554283323170560,HTTP Duration (excl. conn),ms,p1,59938.93
123,1780554282323170560,1780554283323170560,HTTP Duration (excl. conn),ms,p5,59938.93
123,1780554282323170560,1780554283323170560,HTTP Duration (excl. conn),ms,p10,59938.93
123,1780554282323170560,1780554283323170560,HTTP Duration (excl. conn),ms,p25,59938.93
123,1780554282323170560,1780554283323170560,HTTP Duration (excl. conn),ms,p50,59938.93
123,1780554282323170560,1780554283323170560,HTTP Duration (excl. conn),ms,p75,59938.93
123,1780554282323170560,1780554283323170560,HTTP Duration (excl. conn),ms,p90,59938.93
123,1780554282323170560,1780554283323170560,HTTP Duration (excl. conn),ms,p95,59938.93
123,1780554282323170560,1780554283323170560,HTTP Duration (excl. conn),ms,p99,59938.93
123,1780554282323170560,1780554283323170560,HTTP Duration (excl. conn),ms,std,0.00
123,1780554282323170560,1780554283323170560,HTTP Receiving,ms,avg,59213.78
123,1780554282323170560,1780554283323170560,HTTP Receiving,ms,min,59213.78
123,1780554282323170560,1780554283323170560,HTTP Receiving,ms,max,59213.78
123,1780554282323170560,1780554283323170560,HTTP Receiving,ms,sum,59213.78
123,1780554282323170560,1780554283323170560,HTTP Receiving,ms,p1,59213.78
123,1780554282323170560,1780554283323170560,HTTP Receiving,ms,p5,59213.78
123,1780554282323170560,1780554283323170560,HTTP Receiving,ms,p10,59213.78
123,1780554282323170560,1780554283323170560,HTTP Receiving,ms,p25,59213.78
123,1780554282323170560,1780554283323170560,HTTP Receiving,ms,p50,59213.78
123,1780554282323170560,1780554283323170560,HTTP Receiving,ms,p75,59213.78
123,1780554282323170560,1780554283323170560,HTTP Receiving,ms,p90,59213.78
123,1780554282323170560,1780554283323170560,HTTP Receiving,ms,p95,59213.78
123,1780554282323170560,1780554283323170560,HTTP Receiving,ms,p99,59213.78
123,1780554282323170560,1780554283323170560,HTTP Receiving,ms,std,0.00
123,1780554282323170560,1780554283323170560,HTTP Sending,ms,avg,1.33
123,1780554282323170560,1780554283323170560,HTTP Sending,ms,min,1.33
123,1780554282323170560,1780554283323170560,HTTP Sending,ms,max,1.33
123,1780554282323170560,1780554283323170560,HTTP Sending,ms,sum,1.33
123,1780554282323170560,1780554283323170560,HTTP Sending,ms,p1,1.33
123,1780554282323170560,1780554283323170560,HTTP Sending,ms,p5,1.33
123,1780554282323170560,1780554283323170560,HTTP Sending,ms,p10,1.33
123,1780554282323170560,1780554283323170560,HTTP Sending,ms,p25,1.33
123,1780554282323170560,1780554283323170560,HTTP Sending,ms,p50,1.33
123,1780554282323170560,1780554283323170560,HTTP Sending,ms,p75,1.33
123,1780554282323170560,1780554283323170560,HTTP Sending,ms,p90,1.33
123,1780554282323170560,1780554283323170560,HTTP Sending,ms,p95,1.33
123,1780554282323170560,1780554283323170560,HTTP Sending,ms,p99,1.33
123,1780554282323170560,1780554283323170560,HTTP Sending,ms,std,0.00
123,1780554282323170560,1780554283323170560,HTTP Total Time,ms,avg,59940.47
123,1780554282323170560,1780554283323170560,HTTP Total Time,ms,min,59940.47
123,1780554282323170560,1780554283323170560,HTTP Total Time,ms,max,59940.47
123,1780554282323170560,1780554283323170560,HTTP Total Time,ms,sum,59940.47
123,1780554282323170560,1780554283323170560,HTTP Total Time,ms,p1,59940.47
123,1780554282323170560,1780554283323170560,HTTP Total Time,ms,p5,59940.47
123,1780554282323170560,1780554283323170560,HTTP Total Time,ms,p10,59940.47
123,1780554282323170560,1780554283323170560,HTTP Total Time,ms,p25,59940.47
123,1780554282323170560,1780554283323170560,HTTP Total Time,ms,p50,59940.47
123,1780554282323170560,1780554283323170560,HTTP Total Time,ms,p75,59940.47
123,1780554282323170560,1780554283323170560,HTTP Total Time,ms,p90,59940.47
123,1780554282323170560,1780554283323170560,HTTP Total Time,ms,p95,59940.47
123,1780554282323170560,1780554283323170560,HTTP Total Time,ms,p99,59940.47
123,1780554282323170560,1780554283323170560,HTTP Total Time,ms,std,0.00
123,1780554282323170560,1780554283323170560,HTTP Waiting (TTFB),ms,avg,723.82
123,1780554282323170560,1780554283323170560,HTTP Waiting (TTFB),ms,min,723.82
123,1780554282323170560,1780554283323170560,HTTP Waiting (TTFB),ms,max,723.82
123,1780554282323170560,1780554283323170560,HTTP Waiting (TTFB),ms,sum,723.82
123,1780554282323170560,1780554283323170560,HTTP Waiting (TTFB),ms,p1,723.82
123,1780554282323170560,1780554283323170560,HTTP Waiting (TTFB),ms,p5,723.82
123,1780554282323170560,1780554283323170560,HTTP Waiting (TTFB),ms,p10,723.82
123,1780554282323170560,1780554283323170560,HTTP Waiting (TTFB),ms,p25,723.82
123,1780554282323170560,1780554283323170560,HTTP Waiting (TTFB),ms,p50,723.82
123,1780554282323170560,1780554283323170560,HTTP Waiting (TTFB),ms,p75,723.82
123,1780554282323170560,1780554283323170560,HTTP Waiting (TTFB),ms,p90,723.82
123,1780554282323170560,1780554283323170560,HTTP Waiting (TTFB),ms,p95,723.82
123,1780554282323170560,1780554283323170560,HTTP Waiting (TTFB),ms,p99,723.82
123,1780554282323170560,1780554283323170560,HTTP Waiting (TTFB),ms,std,0.00
123,1780554282323170560,1780554283323170560,Input Sequence Length,tokens,avg,84130.00
123,1780554282323170560,1780554283323170560,Input Sequence Length,tokens,min,84130.00
123,1780554282323170560,1780554283323170560,Input Sequence Length,tokens,max,84130.00
123,1780554282323170560,1780554283323170560,Input Sequence Length,tokens,sum,84130.00
123,1780554282323170560,1780554283323170560,Input Sequence Length,tokens,p1,84130.00
123,1780554282323170560,1780554283323170560,Input Sequence Length,tokens,p5,84130.00
123,1780554282323170560,1780554283323170560,Input Sequence Length,tokens,p10,84130.00
123,1780554282323170560,1780554283323170560,Input Sequence Length,tokens,p25,84130.00
123,1780554282323170560,1780554283323170560,Input Sequence Length,tokens,p50,84130.00
123,1780554282323170560,1780554283323170560,Input Sequence Length,tokens,p75,84130.00
123,1780554282323170560,1780554283323170560,Input Sequence Length,tokens,p90,84130.00
123,1780554282323170560,1780554283323170560,Input Sequence Length,tokens,p95,84130.00
123,1780554282323170560,1780554283323170560,Input Sequence Length,tokens,p99,84130.00
123,1780554282323170560,1780554283323170560,Input Sequence Length,tokens,std,0.00
123,1780554282323170560,1780554283323170560,Input Token Throughput,tokens/sec,avg,84130.00
123,1780554282323170560,1780554283323170560,Inter Chunk Latency,ms,avg,68.31
123,1780554282323170560,1780554283323170560,Inter Chunk Latency,ms,min,68.31
123,1780554282323170560,1780554283323170560,Inter Chunk Latency,ms,max,68.31
123,1780554282323170560,1780554283323170560,Inter Chunk Latency,ms,sum,13867.02
123,1780554282323170560,1780554283323170560,Inter Chunk Latency,ms,p1,68.31
123,1780554282323170560,1780554283323170560,Inter Chunk Latency,ms,p5,68.31
123,1780554282323170560,1780554283323170560,Inter Chunk Latency,ms,p10,68.31
123,1780554282323170560,1780554283323170560,Inter Chunk Latency,ms,p25,68.31
123,1780554282323170560,1780554283323170560,Inter Chunk Latency,ms,p50,68.31
123,1780554282323170560,1780554283323170560,Inter Chunk Latency,ms,p75,68.31
123,1780554282323170560,1780554283323170560,Inter Chunk Latency,ms,p90,68.31
123,1780554282323170560,1780554283323170560,Inter Chunk Latency,ms,p95,68.31
123,1780554282323170560,1780554283323170560,Inter Chunk Latency,ms,p99,68.31
123,1780554282323170560,1780554283323170560,Inter Chunk Latency,ms,std,0.00
123,1780554282323170560,1780554283323170560,Inter Token Latency,ms,avg,291.69
123,1780554282323170560,1780554283323170560,Inter Token Latency,ms,min,291.69
123,1780554282323170560,1780554283323170560,Inter Token Latency,ms,max,291.69
123,1780554282323170560,1780554283323170560,Inter Token Latency,ms,sum,291.69
123,1780554282323170560,1780554283323170560,Inter Token Latency,ms,p1,291.69
123,1780554282323170560,1780554283323170560,Inter Token Latency,ms,p5,291.69
123,1780554282323170560,1780554283323170560,Inter Token Latency,ms,p10,291.69
123,1780554282323170560,1780554283323170560,Inter Token Latency,ms,p25,291.69
123,1780554282323170560,1780554283323170560,Inter Token Latency,ms,p50,291.69
123,1780554282323170560,1780554283323170560,Inter Token Latency,ms,p75,291.69
123,1780554282323170560,1780554283323170560,Inter Token Latency,ms,p90,291.69
123,1780554282323170560,1780554283323170560,Inter Token Latency,ms,p95,291.69
123,1780554282323170560,1780554283323170560,Inter Token Latency,ms,p99,291.69
123,1780554282323170560,1780554283323170560,Inter Token Latency,ms,std,0.00
123,1780554282323170560,1780554283323170560,Maximum Response Timestamp,ns,avg,1780554342696055552.00
123,1780554282323170560,1780554283323170560,Minimum Request Timestamp,ns,avg,1780554282757018368.00
123,1780554282323170560,1780554283323170560,OSL Mismatch Count,requests,avg,0.00
123,1780554282323170560,1780554283323170560,OSL Mismatch Diff %,%,avg,0.00
123,1780554282323170560,1780554283323170560,OSL Mismatch Diff %,%,min,0.00
123,1780554282323170560,1780554283323170560,OSL Mismatch Diff %,%,max,0.00
123,1780554282323170560,1780554283323170560,OSL Mismatch Diff %,%,sum,0.00
123,1780554282323170560,1780554283323170560,OSL Mismatch Diff %,%,p1,0.00
123,1780554282323170560,1780554283323170560,OSL Mismatch Diff %,%,p5,0.00
123,1780554282323170560,1780554283323170560,OSL Mismatch Diff %,%,p10,0.00
123,1780554282323170560,1780554283323170560,OSL Mismatch Diff %,%,p25,0.00
123,1780554282323170560,1780554283323170560,OSL Mismatch Diff %,%,p50,0.00
123,1780554282323170560,1780554283323170560,OSL Mismatch Diff %,%,p75,0.00
123,1780554282323170560,1780554283323170560,OSL Mismatch Diff %,%,p90,0.00
123,1780554282323170560,1780554283323170560,OSL Mismatch Diff %,%,p95,0.00
123,1780554282323170560,1780554283323170560,OSL Mismatch Diff %,%,p99,0.00
123,1780554282323170560,1780554283323170560,OSL Mismatch Diff %,%,std,0.00
123,1780554282323170560,1780554283323170560,Output Sequence Length,tokens,avg,204.00
123,1780554282323170560,1780554283323170560,Output Sequence Length,tokens,min,204.00
123,1780554282323170560,1780554283323170560,Output Sequence Length,tokens,max,204.00
123,1780554282323170560,1780554283323170560,Output Sequence Length,tokens,sum,204.00
123,1780554282323170560,1780554283323170560,Output Sequence Length,tokens,p1,204.00
123,1780554282323170560,1780554283323170560,Output Sequence Length,tokens,p5,204.00
123,1780554282323170560,1780554283323170560,Output Sequence Length,tokens,p10,204.00
123,1780554282323170560,1780554283323170560,Output Sequence Length,tokens,p25,204.00
123,1780554282323170560,1780554283323170560,Output Sequence Length,tokens,p50,204.00
123,1780554282323170560,1780554283323170560,Output Sequence Length,tokens,p75,204.00
123,1780554282323170560,1780554283323170560,Output Sequence Length,tokens,p90,204.00
123,1780554282323170560,1780554283323170560,Output Sequence Length,tokens,p95,204.00
123,1780554282323170560,1780554283323170560,Output Sequence Length,tokens,p99,204.00
123,1780554282323170560,1780554283323170560,Output Sequence Length,tokens,std,0.00
123,1780554282323170560,1780554283323170560,Output Token Count,tokens,avg,204.00
123,1780554282323170560,1780554283323170560,Output Token Count,tokens,min,204.00
123,1780554282323170560,1780554283323170560,Output Token Count,tokens,max,204.00
123,1780554282323170560,1780554283323170560,Output Token Count,tokens,sum,204.00
123,1780554282323170560,1780554283323170560,Output Token Count,tokens,p1,204.00
123,1780554282323170560,1780554283323170560,Output Token Count,tokens,p5,204.00
123,1780554282323170560,1780554283323170560,Output Token Count,tokens,p10,204.00
123,1780554282323170560,1780554283323170560,Output Token Count,tokens,p25,204.00
123,1780554282323170560,1780554283323170560,Output Token Count,tokens,p50,204.00
123,1780554282323170560,1780554283323170560,Output Token Count,tokens,p75,204.00
123,1780554282323170560,1780554283323170560,Output Token Count,tokens,p90,204.00
123,1780554282323170560,1780554283323170560,Output Token Count,tokens,p95,204.00
123,1780554282323170560,1780554283323170560,Output Token Count,tokens,p99,204.00
123,1780554282323170560,1780554283323170560,Output Token Count,tokens,std,0.00
123,1780554282323170560,1780554283323170560,Output Token Throughput,tokens/sec,avg,204.00
123,1780554282323170560,1780554283323170560,Output Token Throughput Per User,tokens/sec/user,avg,3.43
123,1780554282323170560,1780554283323170560,Output Token Throughput Per User,tokens/sec/user,min,3.43
123,1780554282323170560,1780554283323170560,Output Token Throughput Per User,tokens/sec/user,max,3.43
123,1780554282323170560,1780554283323170560,Output Token Throughput Per User,tokens/sec/user,sum,3.43
123,1780554282323170560,1780554283323170560,Output Token Throughput Per User,tokens/sec/user,p1,3.43
123,1780554282323170560,1780554283323170560,Output Token Throughput Per User,tokens/sec/user,p5,3.43
123,1780554282323170560,1780554283323170560,Output Token Throughput Per User,tokens/sec/user,p10,3.43
123,1780554282323170560,1780554283323170560,Output Token Throughput Per User,tokens/sec/user,p25,3.43
123,1780554282323170560,1780554283323170560,Output Token Throughput Per User,tokens/sec/user,p50,3.43
123,1780554282323170560,1780554283323170560,Output Token Throughput Per User,tokens/sec/user,p75,3.43
123,1780554282323170560,1780554283323170560,Output Token Throughput Per User,tokens/sec/user,p90,3.43
123,1780554282323170560,1780554283323170560,Output Token Throughput Per User,tokens/sec/user,p95,3.43
123,1780554282323170560,1780554283323170560,Output Token Throughput Per User,tokens/sec/user,p99,3.43
123,1780554282323170560,1780554283323170560,Output Token Throughput Per User,tokens/sec/user,std,0.00
123,1780554282323170560,1780554283323170560,Prefill Throughput Per User,tokens/sec/user,avg,115998.86
123,1780554282323170560,1780554283323170560,Prefill Throughput Per User,tokens/sec/user,min,115998.86
123,1780554282323170560,1780554283323170560,Prefill Throughput Per User,tokens/sec/user,max,115998.86
123,1780554282323170560,1780554283323170560,Prefill Throughput Per User,tokens/sec/user,sum,115998.86
123,1780554282323170560,1780554283323170560,Prefill Throughput Per User,tokens/sec/user,p1,115998.86
123,1780554282323170560,1780554283323170560,Prefill Throughput Per User,tokens/sec/user,p5,115998.86
123,1780554282323170560,1780554283323170560,Prefill Throughput Per User,tokens/sec/user,p10,115998.86
123,1780554282323170560,1780554283323170560,Prefill Throughput Per User,tokens/sec/user,p25,115998.86
123,1780554282323170560,1780554283323170560,Prefill Throughput Per User,tokens/sec/user,p50,115998.86
123,1780554282323170560,1780554283323170560,Prefill Throughput Per User,tokens/sec/user,p75,115998.86
123,1780554282323170560,1780554283323170560,Prefill Throughput Per User,tokens/sec/user,p90,115998.86
123,1780554282323170560,1780554283323170560,Prefill Throughput Per User,tokens/sec/user,p95,115998.86
123,1780554282323170560,1780554283323170560,Prefill Throughput Per User,tokens/sec/user,p99,115998.86
123,1780554282323170560,1780554283323170560,Prefill Throughput Per User,tokens/sec/user,std,0.00
123,1780554282323170560,1780554283323170560,Request Count,requests,avg,1.00
123,1780554282323170560,1780554283323170560,Request Latency,ms,avg,59939.04
123,1780554282323170560,1780554283323170560,Request Latency,ms,min,59939.04
123,1780554282323170560,1780554283323170560,Request Latency,ms,max,59939.04
123,1780554282323170560,1780554283323170560,Request Latency,ms,sum,59939.04
123,1780554282323170560,1780554283323170560,Request Latency,ms,p1,59939.04
123,1780554282323170560,1780554283323170560,Request Latency,ms,p5,59939.04
123,1780554282323170560,1780554283323170560,Request Latency,ms,p10,59939.04
123,1780554282323170560,1780554283323170560,Request Latency,ms,p25,59939.04
123,1780554282323170560,1780554283323170560,Request Latency,ms,p50,59939.04
123,1780554282323170560,1780554283323170560,Request Latency,ms,p75,59939.04
123,1780554282323170560,1780554283323170560,Request Latency,ms,p90,59939.04
123,1780554282323170560,1780554283323170560,Request Latency,ms,p95,59939.04
123,1780554282323170560,1780554283323170560,Request Latency,ms,p99,59939.04
123,1780554282323170560,1780554283323170560,Request Latency,ms,std,0.00
123,1780554282323170560,1780554283323170560,Request Throughput,requests/sec,avg,1.00
123,1780554282323170560,1780554283323170560,Requested OSL,tokens,avg,204.00
123,1780554282323170560,1780554283323170560,Requested OSL,tokens,min,204.00
123,1780554282323170560,1780554283323170560,Requested OSL,tokens,max,204.00
123,1780554282323170560,1780554283323170560,Requested OSL,tokens,sum,204.00
123,1780554282323170560,1780554283323170560,Requested OSL,tokens,p1,204.00
123,1780554282323170560,1780554283323170560,Requested OSL,tokens,p5,204.00
123,1780554282323170560,1780554283323170560,Requested OSL,tokens,p10,204.00
123,1780554282323170560,1780554283323170560,Requested OSL,tokens,p25,204.00
123,1780554282323170560,1780554283323170560,Requested OSL,tokens,p50,204.00
123,1780554282323170560,1780554283323170560,Requested OSL,tokens,p75,204.00
123,1780554282323170560,1780554283323170560,Requested OSL,tokens,p90,204.00
123,1780554282323170560,1780554283323170560,Requested OSL,tokens,p95,204.00
123,1780554282323170560,1780554283323170560,Requested OSL,tokens,p99,204.00
123,1780554282323170560,1780554283323170560,Requested OSL,tokens,std,0.00
123,1780554282323170560,1780554283323170560,Time to First Output Token,ms,avg,725.27
123,1780554282323170560,1780554283323170560,Time to First Output Token,ms,min,725.27
123,1780554282323170560,1780554283323170560,Time to First Output Token,ms,max,725.27
123,1780554282323170560,1780554283323170560,Time to First Output Token,ms,sum,725.27
123,1780554282323170560,1780554283323170560,Time to First Output Token,ms,p1,725.27
123,1780554282323170560,1780554283323170560,Time to First Output Token,ms,p5,725.27
123,1780554282323170560,1780554283323170560,Time to First Output Token,ms,p10,725.27
123,1780554282323170560,1780554283323170560,Time to First Output Token,ms,p25,725.27
123,1780554282323170560,1780554283323170560,Time to First Output Token,ms,p50,725.27
123,1780554282323170560,1780554283323170560,Time to First Output Token,ms,p75,725.27
123,1780554282323170560,1780554283323170560,Time to First Output Token,ms,p90,725.27
123,1780554282323170560,1780554283323170560,Time to First Output Token,ms,p95,725.27
123,1780554282323170560,1780554283323170560,Time to First Output Token,ms,p99,725.27
123,1780554282323170560,1780554283323170560,Time to First Output Token,ms,std,0.00
123,1780554282323170560,1780554283323170560,Time to First Token,ms,avg,725.27
123,1780554282323170560,1780554283323170560,Time to First Token,ms,min,725.27
123,1780554282323170560,1780554283323170560,Time to First Token,ms,max,725.27
123,1780554282323170560,1780554283323170560,Time to First Token,ms,sum,725.27
123,1780554282323170560,1780554283323170560,Time to First Token,ms,p1,725.27
123,1780554282323170560,1780554283323170560,Time to First Token,ms,p5,725.27
123,1780554282323170560,1780554283323170560,Time to First Token,ms,p10,725.27
123,1780554282323170560,1780554283323170560,Time to First Token,ms,p25,725.27
123,1780554282323170560,1780554283323170560,Time to First Token,ms,p50,725.27
123,1780554282323170560,1780554283323170560,Time to First Token,ms,p75,725.27
123,1780554282323170560,1780554283323170560,Time to First Token,ms,p90,725.27
123,1780554282323170560,1780554283323170560,Time to First Token,ms,p95,725.27
123,1780554282323170560,1780554283323170560,Time to First Token,ms,p99,725.27
123,1780554282323170560,1780554283323170560,Time to First Token,ms,std,0.00
123,1780554282323170560,1780554283323170560,Time to Second Token,ms,avg,0.51
123,1780554282323170560,1780554283323170560,Time to Second Token,ms,min,0.51
123,1780554282323170560,1780554283323170560,Time to Second Token,ms,max,0.51
123,1780554282323170560,1780554283323170560,Time to Second Token,ms,sum,0.51
123,1780554282323170560,1780554283323170560,Time to Second Token,ms,p1,0.51
123,1780554282323170560,1780554283323170560,Time to Second Token,ms,p5,0.51
123,1780554282323170560,1780554283323170560,Time to Second Token,ms,p10,0.51
123,1780554282323170560,1780554283323170560,Time to Second Token,ms,p25,0.51
123,1780554282323170560,1780554283323170560,Time to Second Token,ms,p50,0.51
123,1780554282323170560,1780554283323170560,Time to Second Token,ms,p75,0.51
123,1780554282323170560,1780554283323170560,Time to Second Token,ms,p90,0.51
123,1780554282323170560,1780554283323170560,Time to Second Token,ms,p95,0.51
123,1780554282323170560,1780554283323170560,Time to Second Token,ms,p99,0.51
123,1780554282323170560,1780554283323170560,Time to Second Token,ms,std,0.00
123,1780554282323170560,1780554283323170560,Tokens In Flight,tokens,avg,812980.96
123,1780554282323170560,1780554283323170560,Tokens In Flight,tokens,min,765297.81
123,1780554282323170560,1780554283323170560,Tokens In Flight,tokens,max,849531.96
123,1780554282323170560,1780554283323170560,Tokens In Flight,tokens,p50,849481.89
123,1780554282323170560,1780554283323170560,Tokens In Flight,tokens,p90,849521.94
123,1780554282323170560,1780554283323170560,Tokens In Flight,tokens,p95,849525.95
123,1780554282323170560,1780554283323170560,Tokens In Flight,tokens,p99,849531.96
123,1780554282323170560,1780554283323170560,Tokens In Flight,tokens,std,41720.64
123,1780554282323170560,1780554283323170560,Total Input Sequence Length,tokens,avg,84130.00
123,1780554282323170560,1780554283323170560,Total Output Sequence Length,tokens,avg,204.00
123,1780554282323170560,1780554283323170560,Total Output Tokens,tokens,avg,204.00
123,1780554282323170560,1780554283323170560,Total Token Throughput,tokens/sec,avg,84334.00
123,1780554282323170560,1780554283323170560,Total Usage Completion Tokens,tokens,avg,204.00
123,1780554282323170560,1780554283323170560,Total Usage Prompt Tokens,tokens,avg,84130.00
123,1780554282323170560,1780554283323170560,Total Usage Total Tokens,tokens,avg,84334.00
123,1780554282323170560,1780554283323170560,Usage Completion Tokens,tokens,avg,204.00
123,1780554282323170560,1780554283323170560,Usage Completion Tokens,tokens,min,204.00
123,1780554282323170560,1780554283323170560,Usage Completion Tokens,tokens,max,204.00
123,1780554282323170560,1780554283323170560,Usage Completion Tokens,tokens,sum,204.00
123,1780554282323170560,1780554283323170560,Usage Completion Tokens,tokens,p1,204.00
123,1780554282323170560,1780554283323170560,Usage Completion Tokens,tokens,p5,204.00
123,1780554282323170560,1780554283323170560,Usage Completion Tokens,tokens,p10,204.00
123,1780554282323170560,1780554283323170560,Usage Completion Tokens,tokens,p25,204.00
123,1780554282323170560,1780554283323170560,Usage Completion Tokens,tokens,p50,204.00
123,1780554282323170560,1780554283323170560,Usage Completion Tokens,tokens,p75,204.00
123,1780554282323170560,1780554283323170560,Usage Completion Tokens,tokens,p90,204.00
123,1780554282323170560,1780554283323170560,Usage Completion Tokens,tokens,p95,204.00
123,1780554282323170560,1780554283323170560,Usage Completion Tokens,tokens,p99,204.00
123,1780554282323170560,1780554283323170560,Usage Completion Tokens,tokens,std,0.00
123,1780554282323170560,1780554283323170560,Usage Prompt Tokens,tokens,avg,84130.00
123,1780554282323170560,1780554283323170560,Usage Prompt Tokens,tokens,min,84130.00
123,1780554282323170560,1780554283323170560,Usage Prompt Tokens,tokens,max,84130.00
123,1780554282323170560,1780554283323170560,Usage Prompt Tokens,tokens,sum,84130.00
123,1780554282323170560,1780554283323170560,Usage Prompt Tokens,tokens,p1,84130.00
123,1780554282323170560,1780554283323170560,Usage Prompt Tokens,tokens,p5,84130.00
123,1780554282323170560,1780554283323170560,Usage Prompt Tokens,tokens,p10,84130.00
123,1780554282323170560,1780554283323170560,Usage Prompt Tokens,tokens,p25,84130.00
123,1780554282323170560,1780554283323170560,Usage Prompt Tokens,tokens,p50,84130.00
123,1780554282323170560,1780554283323170560,Usage Prompt Tokens,tokens,p75,84130.00
123,1780554282323170560,1780554283323170560,Usage Prompt Tokens,tokens,p90,84130.00
123,1780554282323170560,1780554283323170560,Usage Prompt Tokens,tokens,p95,84130.00
123,1780554282323170560,1780554283323170560,Usage Prompt Tokens,tokens,p99,84130.00
123,1780554282323170560,1780554283323170560,Usage Prompt Tokens,tokens,std,0.00
123,1780554282323170560,1780554283323170560,Usage Total Tokens,tokens,avg,84334.00
123,1780554282323170560,1780554283323170560,Usage Total Tokens,tokens,min,84334.00
123,1780554282323170560,1780554283323170560,Usage Total Tokens,tokens,max,84334.00
123,1780554282323170560,1780554283323170560,Usage Total Tokens,tokens,sum,84334.00
123,1780554282323170560,1780554283323170560,Usage Total Tokens,tokens,p1,84334.00
123,1780554282323170560,1780554283323170560,Usage Total Tokens,tokens,p5,84334.00
123,1780554282323170560,1780554283323170560,Usage Total Tokens,tokens,p10,84334.00
123,1780554282323170560,1780554283323170560,Usage Total Tokens,tokens,p25,84334.00
123,1780554282323170560,1780554283323170560,Usage Total Tokens,tokens,p50,84334.00
123,1780554282323170560,1780554283323170560,Usage Total Tokens,tokens,p75,84334.00
123,1780554282323170560,1780554283323170560,Usage Total Tokens,tokens,p90,84334.00
123,1780554282323170560,1780554283323170560,Usage Total Tokens,tokens,p95,84334.00
123,1780554282323170560,1780554283323170560,Usage Total Tokens,tokens,p99,84334.00
123,1780554282323170560,1780554283323170560,Usage Total Tokens,tokens,std,0.00
124,1780554284323170560,1780554285323170560,Active Decode Throughput,tokens/sec,avg,117.16
124,1780554284323170560,1780554285323170560,Active Decode Throughput,tokens/sec,min,102.51
124,1780554284323170560,1780554285323170560,Active Decode Throughput,tokens/sec,max,131.89
124,1780554284323170560,1780554285323170560,Active Decode Throughput,tokens/sec,p50,117.16
124,1780554284323170560,1780554285323170560,Active Decode Throughput,tokens/sec,p90,117.16
124,1780554284323170560,1780554285323170560,Active Decode Throughput,tokens/sec,p95,117.16
124,1780554284323170560,1780554285323170560,Active Decode Throughput,tokens/sec,p99,117.16
124,1780554284323170560,1780554285323170560,Active Decode Throughput,tokens/sec,std,0.04
124,1780554284323170560,1780554285323170560,Active Decode Throughput Per User,tokens/sec/user,avg,11.72
124,1780554284323170560,1780554285323170560,Active Decode Throughput Per User,tokens/sec/user,min,10.25
124,1780554284323170560,1780554285323170560,Active Decode Throughput Per User,tokens/sec/user,max,13.19
124,1780554284323170560,1780554285323170560,Active Decode Throughput Per User,tokens/sec/user,p50,11.72
124,1780554284323170560,1780554285323170560,Active Decode Throughput Per User,tokens/sec/user,p90,11.72
124,1780554284323170560,1780554285323170560,Active Decode Throughput Per User,tokens/sec/user,p95,11.72
124,1780554284323170560,1780554285323170560,Active Decode Throughput Per User,tokens/sec/user,p99,11.72
124,1780554284323170560,1780554285323170560,Active Decode Throughput Per User,tokens/sec/user,std,0.00
124,1780554284323170560,1780554285323170560,Active Prefill Throughput,tokens/sec,avg,162728.69
124,1780554284323170560,1780554285323170560,Active Prefill Throughput,tokens/sec,min,162728.69
124,1780554284323170560,1780554285323170560,Active Prefill Throughput,tokens/sec,max,162728.69
124,1780554284323170560,1780554285323170560,Active Prefill Throughput,tokens/sec,p50,162728.69
124,1780554284323170560,1780554285323170560,Active Prefill Throughput,tokens/sec,p90,162728.69
124,1780554284323170560,1780554285323170560,Active Prefill Throughput,tokens/sec,p95,162728.69
124,1780554284323170560,1780554285323170560,Active Prefill Throughput,tokens/sec,p99,162728.69
124,1780554284323170560,1780554285323170560,Active Prefill Throughput,tokens/sec,std,0.00
124,1780554284323170560,1780554285323170560,Active Prefill Throughput Per User,tokens/sec/user,avg,162728.69
124,1780554284323170560,1780554285323170560,Active Prefill Throughput Per User,tokens/sec/user,min,162728.69
124,1780554284323170560,1780554285323170560,Active Prefill Throughput Per User,tokens/sec/user,max,162728.69
124,1780554284323170560,1780554285323170560,Active Prefill Throughput Per User,tokens/sec/user,p50,162728.69
124,1780554284323170560,1780554285323170560,Active Prefill Throughput Per User,tokens/sec/user,p90,162728.69
124,1780554284323170560,1780554285323170560,Active Prefill Throughput Per User,tokens/sec/user,p95,162728.69
124,1780554284323170560,1780554285323170560,Active Prefill Throughput Per User,tokens/sec/user,p99,162728.69
124,1780554284323170560,1780554285323170560,Active Prefill Throughput Per User,tokens/sec/user,std,0.00
124,1780554284323170560,1780554285323170560,Active Total Throughput,tokens/sec,avg,7244.82
124,1780554284323170560,1780554285323170560,Active Total Throughput,tokens/sec,min,69.72
124,1780554284323170560,1780554285323170560,Active Total Throughput,tokens/sec,max,162798.40
124,1780554284323170560,1780554285323170560,Active Total Throughput,tokens/sec,p50,69.72
124,1780554284323170560,1780554285323170560,Active Total Throughput,tokens/sec,p90,69.72
124,1780554284323170560,1780554285323170560,Active Total Throughput,tokens/sec,p95,69.72
124,1780554284323170560,1780554285323170560,Active Total Throughput,tokens/sec,p99,162798.40
124,1780554284323170560,1780554285323170560,Active Total Throughput,tokens/sec,std,33408.27
124,1780554284323170560,1780554285323170560,Benchmark Duration,sec,avg,84.40
124,1780554284323170560,1780554285323170560,E2E Output Token Throughput,tokens/sec/user,avg,4.57
124,1780554284323170560,1780554285323170560,E2E Output Token Throughput,tokens/sec/user,min,4.57
124,1780554284323170560,1780554285323170560,E2E Output Token Throughput,tokens/sec/user,max,4.57
124,1780554284323170560,1780554285323170560,E2E Output Token Throughput,tokens/sec/user,sum,4.57
124,1780554284323170560,1780554285323170560,E2E Output Token Throughput,tokens/sec/user,p1,4.57
124,1780554284323170560,1780554285323170560,E2E Output Token Throughput,tokens/sec/user,p5,4.57
124,1780554284323170560,1780554285323170560,E2E Output Token Throughput,tokens/sec/user,p10,4.57
124,1780554284323170560,1780554285323170560,E2E Output Token Throughput,tokens/sec/user,p25,4.57
124,1780554284323170560,1780554285323170560,E2E Output Token Throughput,tokens/sec/user,p50,4.57
124,1780554284323170560,1780554285323170560,E2E Output Token Throughput,tokens/sec/user,p75,4.57
124,1780554284323170560,1780554285323170560,E2E Output Token Throughput,tokens/sec/user,p90,4.57
124,1780554284323170560,1780554285323170560,E2E Output Token Throughput,tokens/sec/user,p95,4.57
124,1780554284323170560,1780554285323170560,E2E Output Token Throughput,tokens/sec/user,p99,4.57
124,1780554284323170560,1780554285323170560,E2E Output Token Throughput,tokens/sec/user,std,0.00
124,1780554284323170560,1780554285323170560,Effective Concurrency,requests,avg,10.04
124,1780554284323170560,1780554285323170560,Effective Concurrency,requests,min,10.00
124,1780554284323170560,1780554285323170560,Effective Concurrency,requests,max,11.00
124,1780554284323170560,1780554285323170560,Effective Concurrency,requests,p50,10.00
124,1780554284323170560,1780554285323170560,Effective Concurrency,requests,p90,10.00
124,1780554284323170560,1780554285323170560,Effective Concurrency,requests,p95,10.00
124,1780554284323170560,1780554285323170560,Effective Concurrency,requests,p99,11.00
124,1780554284323170560,1780554285323170560,Effective Concurrency,requests,std,0.21
124,1780554284323170560,1780554285323170560,Effective Decode Concurrency,requests,avg,10.00
124,1780554284323170560,1780554285323170560,Effective Decode Concurrency,requests,min,10.00
124,1780554284323170560,1780554285323170560,Effective Decode Concurrency,requests,max,10.00
124,1780554284323170560,1780554285323170560,Effective Decode Concurrency,requests,p50,10.00
124,1780554284323170560,1780554285323170560,Effective Decode Concurrency,requests,p90,10.00
124,1780554284323170560,1780554285323170560,Effective Decode Concurrency,requests,p95,10.00
124,1780554284323170560,1780554285323170560,Effective Decode Concurrency,requests,p99,10.00
124,1780554284323170560,1780554285323170560,Effective Decode Concurrency,requests,std,0.00
124,1780554284323170560,1780554285323170560,Effective Decode Throughput,tokens/sec,avg,117.16
124,1780554284323170560,1780554285323170560,Effective Decode Throughput,tokens/sec,min,102.51
124,1780554284323170560,1780554285323170560,Effective Decode Throughput,tokens/sec,max,131.89
124,1780554284323170560,1780554285323170560,Effective Decode Throughput,tokens/sec,p50,117.16
124,1780554284323170560,1780554285323170560,Effective Decode Throughput,tokens/sec,p90,117.16
124,1780554284323170560,1780554285323170560,Effective Decode Throughput,tokens/sec,p95,117.16
124,1780554284323170560,1780554285323170560,Effective Decode Throughput,tokens/sec,p99,117.16
124,1780554284323170560,1780554285323170560,Effective Decode Throughput,tokens/sec,std,0.04
124,1780554284323170560,1780554285323170560,Effective Decode Throughput Per User,tokens/sec/user,avg,11.72
124,1780554284323170560,1780554285323170560,Effective Decode Throughput Per User,tokens/sec/user,min,10.25
124,1780554284323170560,1780554285323170560,Effective Decode Throughput Per User,tokens/sec/user,max,13.19
124,1780554284323170560,1780554285323170560,Effective Decode Throughput Per User,tokens/sec/user,p50,11.72
124,1780554284323170560,1780554285323170560,Effective Decode Throughput Per User,tokens/sec/user,p90,11.72
124,1780554284323170560,1780554285323170560,Effective Decode Throughput Per User,tokens/sec/user,p95,11.72
124,1780554284323170560,1780554285323170560,Effective Decode Throughput Per User,tokens/sec/user,p99,11.72
124,1780554284323170560,1780554285323170560,Effective Decode Throughput Per User,tokens/sec/user,std,0.00
124,1780554284323170560,1780554285323170560,Effective Prefill Concurrency,requests,avg,0.04
124,1780554284323170560,1780554285323170560,Effective Prefill Concurrency,requests,min,0.00
124,1780554284323170560,1780554285323170560,Effective Prefill Concurrency,requests,max,1.00
124,1780554284323170560,1780554285323170560,Effective Prefill Concurrency,requests,p50,0.00
124,1780554284323170560,1780554285323170560,Effective Prefill Concurrency,requests,p90,0.00
124,1780554284323170560,1780554285323170560,Effective Prefill Concurrency,requests,p95,0.00
124,1780554284323170560,1780554285323170560,Effective Prefill Concurrency,requests,p99,1.00
124,1780554284323170560,1780554285323170560,Effective Prefill Concurrency,requests,std,0.21
124,1780554284323170560,1780554285323170560,Effective Prefill Throughput,tokens/sec,avg,7175.10
124,1780554284323170560,1780554285323170560,Effective Prefill Throughput,tokens/sec,min,0.00
124,1780554284323170560,1780554285323170560,Effective Prefill Throughput,tokens/sec,max,162728.69
124,1780554284323170560,1780554285323170560,Effective Prefill Throughput,tokens/sec,p50,0.00
124,1780554284323170560,1780554285323170560,Effective Prefill Throughput,tokens/sec,p90,0.00
124,1780554284323170560,1780554285323170560,Effective Prefill Throughput,tokens/sec,p95,0.00
124,1780554284323170560,1780554285323170560,Effective Prefill Throughput,tokens/sec,p99,162728.69
124,1780554284323170560,1780554285323170560,Effective Prefill Throughput,tokens/sec,std,33408.27
124,1780554284323170560,1780554285323170560,Effective Prefill Throughput Per User,tokens/sec/user,avg,7175.10
124,1780554284323170560,1780554285323170560,Effective Prefill Throughput Per User,tokens/sec/user,min,0.00
124,1780554284323170560,1780554285323170560,Effective Prefill Throughput Per User,tokens/sec/user,max,162728.69
124,1780554284323170560,1780554285323170560,Effective Prefill Throughput Per User,tokens/sec/user,p50,0.00
124,1780554284323170560,1780554285323170560,Effective Prefill Throughput Per User,tokens/sec/user,p90,0.00
124,1780554284323170560,1780554285323170560,Effective Prefill Throughput Per User,tokens/sec/user,p95,0.00
124,1780554284323170560,1780554285323170560,Effective Prefill Throughput Per User,tokens/sec/user,p99,162728.69
124,1780554284323170560,1780554285323170560,Effective Prefill Throughput Per User,tokens/sec/user,std,33408.27
124,1780554284323170560,1780554285323170560,Effective Total Throughput,tokens/sec,avg,7244.82
124,1780554284323170560,1780554285323170560,Effective Total Throughput,tokens/sec,min,69.72
124,1780554284323170560,1780554285323170560,Effective Total Throughput,tokens/sec,max,162798.40
124,1780554284323170560,1780554285323170560,Effective Total Throughput,tokens/sec,p50,69.72
124,1780554284323170560,1780554285323170560,Effective Total Throughput,tokens/sec,p90,69.72
124,1780554284323170560,1780554285323170560,Effective Total Throughput,tokens/sec,p95,69.72
124,1780554284323170560,1780554285323170560,Effective Total Throughput,tokens/sec,p99,162798.40
124,1780554284323170560,1780554285323170560,Effective Total Throughput,tokens/sec,std,33408.27
124,1780554284323170560,1780554285323170560,HTTP Blocked,ms,avg,0.00
124,1780554284323170560,1780554285323170560,HTTP Blocked,ms,min,0.00
124,1780554284323170560,1780554285323170560,HTTP Blocked,ms,max,0.00
124,1780554284323170560,1780554285323170560,HTTP Blocked,ms,sum,0.00
124,1780554284323170560,1780554285323170560,HTTP Blocked,ms,p1,0.00
124,1780554284323170560,1780554285323170560,HTTP Blocked,ms,p5,0.00
124,1780554284323170560,1780554285323170560,HTTP Blocked,ms,p10,0.00
124,1780554284323170560,1780554285323170560,HTTP Blocked,ms,p25,0.00
124,1780554284323170560,1780554285323170560,HTTP Blocked,ms,p50,0.00
124,1780554284323170560,1780554285323170560,HTTP Blocked,ms,p75,0.00
124,1780554284323170560,1780554285323170560,HTTP Blocked,ms,p90,0.00
124,1780554284323170560,1780554285323170560,HTTP Blocked,ms,p95,0.00
124,1780554284323170560,1780554285323170560,HTTP Blocked,ms,p99,0.00
124,1780554284323170560,1780554285323170560,HTTP Blocked,ms,std,0.00
124,1780554284323170560,1780554285323170560,HTTP Chunks Received,count,avg,386.00
124,1780554284323170560,1780554285323170560,HTTP Chunks Received,count,min,386.00
124,1780554284323170560,1780554285323170560,HTTP Chunks Received,count,max,386.00
124,1780554284323170560,1780554285323170560,HTTP Chunks Received,count,sum,386.00
124,1780554284323170560,1780554285323170560,HTTP Chunks Received,count,p1,386.00
124,1780554284323170560,1780554285323170560,HTTP Chunks Received,count,p5,386.00
124,1780554284323170560,1780554285323170560,HTTP Chunks Received,count,p10,386.00
124,1780554284323170560,1780554285323170560,HTTP Chunks Received,count,p25,386.00
124,1780554284323170560,1780554285323170560,HTTP Chunks Received,count,p50,386.00
124,1780554284323170560,1780554285323170560,HTTP Chunks Received,count,p75,386.00
124,1780554284323170560,1780554285323170560,HTTP Chunks Received,count,p90,386.00
124,1780554284323170560,1780554285323170560,HTTP Chunks Received,count,p95,386.00
124,1780554284323170560,1780554285323170560,HTTP Chunks Received,count,p99,386.00
124,1780554284323170560,1780554285323170560,HTTP Chunks Received,count,std,0.00
124,1780554284323170560,1780554285323170560,HTTP Chunks Sent,count,avg,1.00
124,1780554284323170560,1780554285323170560,HTTP Chunks Sent,count,min,1.00
124,1780554284323170560,1780554285323170560,HTTP Chunks Sent,count,max,1.00
124,1780554284323170560,1780554285323170560,HTTP Chunks Sent,count,sum,1.00
124,1780554284323170560,1780554285323170560,HTTP Chunks Sent,count,p1,1.00
124,1780554284323170560,1780554285323170560,HTTP Chunks Sent,count,p5,1.00
124,1780554284323170560,1780554285323170560,HTTP Chunks Sent,count,p10,1.00
124,1780554284323170560,1780554285323170560,HTTP Chunks Sent,count,p25,1.00
124,1780554284323170560,1780554285323170560,HTTP Chunks Sent,count,p50,1.00
124,1780554284323170560,1780554285323170560,HTTP Chunks Sent,count,p75,1.00
124,1780554284323170560,1780554285323170560,HTTP Chunks Sent,count,p90,1.00
124,1780554284323170560,1780554285323170560,HTTP Chunks Sent,count,p95,1.00
124,1780554284323170560,1780554285323170560,HTTP Chunks Sent,count,p99,1.00
124,1780554284323170560,1780554285323170560,HTTP Chunks Sent,count,std,0.00
124,1780554284323170560,1780554285323170560,HTTP Connecting,ms,avg,1.03
124,1780554284323170560,1780554285323170560,HTTP Connecting,ms,min,1.03
124,1780554284323170560,1780554285323170560,HTTP Connecting,ms,max,1.03
124,1780554284323170560,1780554285323170560,HTTP Connecting,ms,sum,1.03
124,1780554284323170560,1780554285323170560,HTTP Connecting,ms,p1,1.03
124,1780554284323170560,1780554285323170560,HTTP Connecting,ms,p5,1.03
124,1780554284323170560,1780554285323170560,HTTP Connecting,ms,p10,1.03
124,1780554284323170560,1780554285323170560,HTTP Connecting,ms,p25,1.03
124,1780554284323170560,1780554285323170560,HTTP Connecting,ms,p50,1.03
124,1780554284323170560,1780554285323170560,HTTP Connecting,ms,p75,1.03
124,1780554284323170560,1780554285323170560,HTTP Connecting,ms,p90,1.03
124,1780554284323170560,1780554285323170560,HTTP Connecting,ms,p95,1.03
124,1780554284323170560,1780554285323170560,HTTP Connecting,ms,p99,1.03
124,1780554284323170560,1780554285323170560,HTTP Connecting,ms,std,0.00
124,1780554284323170560,1780554285323170560,HTTP Connection Overhead,ms,avg,1.43
124,1780554284323170560,1780554285323170560,HTTP Connection Overhead,ms,min,1.43
124,1780554284323170560,1780554285323170560,HTTP Connection Overhead,ms,max,1.43
124,1780554284323170560,1780554285323170560,HTTP Connection Overhead,ms,sum,1.43
124,1780554284323170560,1780554285323170560,HTTP Connection Overhead,ms,p1,1.43
124,1780554284323170560,1780554285323170560,HTTP Connection Overhead,ms,p5,1.43
124,1780554284323170560,1780554285323170560,HTTP Connection Overhead,ms,p10,1.43
124,1780554284323170560,1780554285323170560,HTTP Connection Overhead,ms,p25,1.43
124,1780554284323170560,1780554285323170560,HTTP Connection Overhead,ms,p50,1.43
124,1780554284323170560,1780554285323170560,HTTP Connection Overhead,ms,p75,1.43
124,1780554284323170560,1780554285323170560,HTTP Connection Overhead,ms,p90,1.43
124,1780554284323170560,1780554285323170560,HTTP Connection Overhead,ms,p95,1.43
124,1780554284323170560,1780554285323170560,HTTP Connection Overhead,ms,p99,1.43
124,1780554284323170560,1780554285323170560,HTTP Connection Overhead,ms,std,0.00
124,1780554284323170560,1780554285323170560,HTTP Connection Reused,ratio,avg,0.00
124,1780554284323170560,1780554285323170560,HTTP Connection Reused,ratio,min,0.00
124,1780554284323170560,1780554285323170560,HTTP Connection Reused,ratio,max,0.00
124,1780554284323170560,1780554285323170560,HTTP Connection Reused,ratio,sum,0.00
124,1780554284323170560,1780554285323170560,HTTP Connection Reused,ratio,p1,0.00
124,1780554284323170560,1780554285323170560,HTTP Connection Reused,ratio,p5,0.00
124,1780554284323170560,1780554285323170560,HTTP Connection Reused,ratio,p10,0.00
124,1780554284323170560,1780554285323170560,HTTP Connection Reused,ratio,p25,0.00
124,1780554284323170560,1780554285323170560,HTTP Connection Reused,ratio,p50,0.00
124,1780554284323170560,1780554285323170560,HTTP Connection Reused,ratio,p75,0.00
124,1780554284323170560,1780554285323170560,HTTP Connection Reused,ratio,p90,0.00
124,1780554284323170560,1780554285323170560,HTTP Connection Reused,ratio,p95,0.00
124,1780554284323170560,1780554285323170560,HTTP Connection Reused,ratio,p99,0.00
124,1780554284323170560,1780554285323170560,HTTP Connection Reused,ratio,std,0.00
124,1780554284323170560,1780554285323170560,HTTP Data Received,KB,avg,96.79
124,1780554284323170560,1780554285323170560,HTTP Data Received,KB,min,96.79
124,1780554284323170560,1780554285323170560,HTTP Data Received,KB,max,96.79
124,1780554284323170560,1780554285323170560,HTTP Data Received,KB,sum,96.79
124,1780554284323170560,1780554285323170560,HTTP Data Received,KB,p1,96.79
124,1780554284323170560,1780554285323170560,HTTP Data Received,KB,p5,96.79
124,1780554284323170560,1780554285323170560,HTTP Data Received,KB,p10,96.79
124,1780554284323170560,1780554285323170560,HTTP Data Received,KB,p25,96.79
124,1780554284323170560,1780554285323170560,HTTP Data Received,KB,p50,96.79
124,1780554284323170560,1780554285323170560,HTTP Data Received,KB,p75,96.79
124,1780554284323170560,1780554285323170560,HTTP Data Received,KB,p90,96.79
124,1780554284323170560,1780554285323170560,HTTP Data Received,KB,p95,96.79
124,1780554284323170560,1780554285323170560,HTTP Data Received,KB,p99,96.79
124,1780554284323170560,1780554285323170560,HTTP Data Received,KB,std,0.00
124,1780554284323170560,1780554285323170560,HTTP Data Sent,KB,avg,473.80
124,1780554284323170560,1780554285323170560,HTTP Data Sent,KB,min,473.80
124,1780554284323170560,1780554285323170560,HTTP Data Sent,KB,max,473.80
124,1780554284323170560,1780554285323170560,HTTP Data Sent,KB,sum,473.80
124,1780554284323170560,1780554285323170560,HTTP Data Sent,KB,p1,473.80
124,1780554284323170560,1780554285323170560,HTTP Data Sent,KB,p5,473.80
124,1780554284323170560,1780554285323170560,HTTP Data Sent,KB,p10,473.80
124,1780554284323170560,1780554285323170560,HTTP Data Sent,KB,p25,473.80
124,1780554284323170560,1780554285323170560,HTTP Data Sent,KB,p50,473.80
124,1780554284323170560,1780554285323170560,HTTP Data Sent,KB,p75,473.80
124,1780554284323170560,1780554285323170560,HTTP Data Sent,KB,p90,473.80
124,1780554284323170560,1780554285323170560,HTTP Data Sent,KB,p95,473.80
124,1780554284323170560,1780554285323170560,HTTP Data Sent,KB,p99,473.80
124,1780554284323170560,1780554285323170560,HTTP Data Sent,KB,std,0.00
124,1780554284323170560,1780554285323170560,HTTP DNS Lookup,ms,avg,0.41
124,1780554284323170560,1780554285323170560,HTTP DNS Lookup,ms,min,0.41
124,1780554284323170560,1780554285323170560,HTTP DNS Lookup,ms,max,0.41
124,1780554284323170560,1780554285323170560,HTTP DNS Lookup,ms,sum,0.41
124,1780554284323170560,1780554285323170560,HTTP DNS Lookup,ms,p1,0.41
124,1780554284323170560,1780554285323170560,HTTP DNS Lookup,ms,p5,0.41
124,1780554284323170560,1780554285323170560,HTTP DNS Lookup,ms,p10,0.41
124,1780554284323170560,1780554285323170560,HTTP DNS Lookup,ms,p25,0.41
124,1780554284323170560,1780554285323170560,HTTP DNS Lookup,ms,p50,0.41
124,1780554284323170560,1780554285323170560,HTTP DNS Lookup,ms,p75,0.41
124,1780554284323170560,1780554285323170560,HTTP DNS Lookup,ms,p90,0.41
124,1780554284323170560,1780554285323170560,HTTP DNS Lookup,ms,p95,0.41
124,1780554284323170560,1780554285323170560,HTTP DNS Lookup,ms,p99,0.41
124,1780554284323170560,1780554285323170560,HTTP DNS Lookup,ms,std,0.00
124,1780554284323170560,1780554285323170560,HTTP Duration (excl. conn),ms,avg,84402.47
124,1780554284323170560,1780554285323170560,HTTP Duration (excl. conn),ms,min,84402.47
124,1780554284323170560,1780554285323170560,HTTP Duration (excl. conn),ms,max,84402.47
124,1780554284323170560,1780554285323170560,HTTP Duration (excl. conn),ms,sum,84402.47
124,1780554284323170560,1780554285323170560,HTTP Duration (excl. conn),ms,p1,84402.47
124,1780554284323170560,1780554285323170560,HTTP Duration (excl. conn),ms,p5,84402.47
124,1780554284323170560,1780554285323170560,HTTP Duration (excl. conn),ms,p10,84402.47
124,1780554284323170560,1780554285323170560,HTTP Duration (excl. conn),ms,p25,84402.47
124,1780554284323170560,1780554285323170560,HTTP Duration (excl. conn),ms,p50,84402.47
124,1780554284323170560,1780554285323170560,HTTP Duration (excl. conn),ms,p75,84402.47
124,1780554284323170560,1780554285323170560,HTTP Duration (excl. conn),ms,p90,84402.47
124,1780554284323170560,1780554285323170560,HTTP Duration (excl. conn),ms,p95,84402.47
124,1780554284323170560,1780554285323170560,HTTP Duration (excl. conn),ms,p99,84402.47
124,1780554284323170560,1780554285323170560,HTTP Duration (excl. conn),ms,std,0.00
124,1780554284323170560,1780554285323170560,HTTP Receiving,ms,avg,83656.65
124,1780554284323170560,1780554285323170560,HTTP Receiving,ms,min,83656.65
124,1780554284323170560,1780554285323170560,HTTP Receiving,ms,max,83656.65
124,1780554284323170560,1780554285323170560,HTTP Receiving,ms,sum,83656.65
124,1780554284323170560,1780554285323170560,HTTP Receiving,ms,p1,83656.65
124,1780554284323170560,1780554285323170560,HTTP Receiving,ms,p5,83656.65
124,1780554284323170560,1780554285323170560,HTTP Receiving,ms,p10,83656.65
124,1780554284323170560,1780554285323170560,HTTP Receiving,ms,p25,83656.65
124,1780554284323170560,1780554285323170560,HTTP Receiving,ms,p50,83656.65
124,1780554284323170560,1780554285323170560,HTTP Receiving,ms,p75,83656.65
124,1780554284323170560,1780554285323170560,HTTP Receiving,ms,p90,83656.65
124,1780554284323170560,1780554285323170560,HTTP Receiving,ms,p95,83656.65
124,1780554284323170560,1780554285323170560,HTTP Receiving,ms,p99,83656.65
124,1780554284323170560,1780554285323170560,HTTP Receiving,ms,std,0.00
124,1780554284323170560,1780554285323170560,HTTP Sending,ms,avg,1.27
124,1780554284323170560,1780554285323170560,HTTP Sending,ms,min,1.27
124,1780554284323170560,1780554285323170560,HTTP Sending,ms,max,1.27
124,1780554284323170560,1780554285323170560,HTTP Sending,ms,sum,1.27
124,1780554284323170560,1780554285323170560,HTTP Sending,ms,p1,1.27
124,1780554284323170560,1780554285323170560,HTTP Sending,ms,p5,1.27
124,1780554284323170560,1780554285323170560,HTTP Sending,ms,p10,1.27
124,1780554284323170560,1780554285323170560,HTTP Sending,ms,p25,1.27
124,1780554284323170560,1780554285323170560,HTTP Sending,ms,p50,1.27
124,1780554284323170560,1780554285323170560,HTTP Sending,ms,p75,1.27
124,1780554284323170560,1780554285323170560,HTTP Sending,ms,p90,1.27
124,1780554284323170560,1780554285323170560,HTTP Sending,ms,p95,1.27
124,1780554284323170560,1780554285323170560,HTTP Sending,ms,p99,1.27
124,1780554284323170560,1780554285323170560,HTTP Sending,ms,std,0.00
124,1780554284323170560,1780554285323170560,HTTP Total Time,ms,avg,84403.90
124,1780554284323170560,1780554285323170560,HTTP Total Time,ms,min,84403.90
124,1780554284323170560,1780554285323170560,HTTP Total Time,ms,max,84403.90
124,1780554284323170560,1780554285323170560,HTTP Total Time,ms,sum,84403.90
124,1780554284323170560,1780554285323170560,HTTP Total Time,ms,p1,84403.90
124,1780554284323170560,1780554285323170560,HTTP Total Time,ms,p5,84403.90
124,1780554284323170560,1780554285323170560,HTTP Total Time,ms,p10,84403.90
124,1780554284323170560,1780554285323170560,HTTP Total Time,ms,p25,84403.90
124,1780554284323170560,1780554285323170560,HTTP Total Time,ms,p50,84403.90
124,1780554284323170560,1780554285323170560,HTTP Total Time,ms,p75,84403.90
124,1780554284323170560,1780554285323170560,HTTP Total Time,ms,p90,84403.90
124,1780554284323170560,1780554285323170560,HTTP Total Time,ms,p95,84403.90
124,1780554284323170560,1780554285323170560,HTTP Total Time,ms,p99,84403.90
124,1780554284323170560,1780554285323170560,HTTP Total Time,ms,std,0.00
124,1780554284323170560,1780554285323170560,HTTP Waiting (TTFB),ms,avg,744.55
124,1780554284323170560,1780554285323170560,HTTP Waiting (TTFB),ms,min,744.55
124,1780554284323170560,1780554285323170560,HTTP Waiting (TTFB),ms,max,744.55
124,1780554284323170560,1780554285323170560,HTTP Waiting (TTFB),ms,sum,744.55
124,1780554284323170560,1780554285323170560,HTTP Waiting (TTFB),ms,p1,744.55
124,1780554284323170560,1780554285323170560,HTTP Waiting (TTFB),ms,p5,744.55
124,1780554284323170560,1780554285323170560,HTTP Waiting (TTFB),ms,p10,744.55
124,1780554284323170560,1780554285323170560,HTTP Waiting (TTFB),ms,p25,744.55
124,1780554284323170560,1780554285323170560,HTTP Waiting (TTFB),ms,p50,744.55
124,1780554284323170560,1780554285323170560,HTTP Waiting (TTFB),ms,p75,744.55
124,1780554284323170560,1780554285323170560,HTTP Waiting (TTFB),ms,p90,744.55
124,1780554284323170560,1780554285323170560,HTTP Waiting (TTFB),ms,p95,744.55
124,1780554284323170560,1780554285323170560,HTTP Waiting (TTFB),ms,p99,744.55
124,1780554284323170560,1780554285323170560,HTTP Waiting (TTFB),ms,std,0.00
124,1780554284323170560,1780554285323170560,Input Sequence Length,tokens,avg,121385.00
124,1780554284323170560,1780554285323170560,Input Sequence Length,tokens,min,121385.00
124,1780554284323170560,1780554285323170560,Input Sequence Length,tokens,max,121385.00
124,1780554284323170560,1780554285323170560,Input Sequence Length,tokens,sum,121385.00
124,1780554284323170560,1780554285323170560,Input Sequence Length,tokens,p1,121385.00
124,1780554284323170560,1780554285323170560,Input Sequence Length,tokens,p5,121385.00
124,1780554284323170560,1780554285323170560,Input Sequence Length,tokens,p10,121385.00
124,1780554284323170560,1780554285323170560,Input Sequence Length,tokens,p25,121385.00
124,1780554284323170560,1780554285323170560,Input Sequence Length,tokens,p50,121385.00
124,1780554284323170560,1780554285323170560,Input Sequence Length,tokens,p75,121385.00
124,1780554284323170560,1780554285323170560,Input Sequence Length,tokens,p90,121385.00
124,1780554284323170560,1780554285323170560,Input Sequence Length,tokens,p95,121385.00
124,1780554284323170560,1780554285323170560,Input Sequence Length,tokens,p99,121385.00
124,1780554284323170560,1780554285323170560,Input Sequence Length,tokens,std,0.00
124,1780554284323170560,1780554285323170560,Input Token Throughput,tokens/sec,avg,121385.00
124,1780554284323170560,1780554285323170560,Inter Chunk Latency,ms,avg,68.34
124,1780554284323170560,1780554285323170560,Inter Chunk Latency,ms,min,68.33
124,1780554284323170560,1780554285323170560,Inter Chunk Latency,ms,max,68.35
124,1780554284323170560,1780554285323170560,Inter Chunk Latency,ms,sum,26311.90
124,1780554284323170560,1780554285323170560,Inter Chunk Latency,ms,p1,68.33
124,1780554284323170560,1780554285323170560,Inter Chunk Latency,ms,p5,68.33
124,1780554284323170560,1780554285323170560,Inter Chunk Latency,ms,p10,68.34
124,1780554284323170560,1780554285323170560,Inter Chunk Latency,ms,p25,68.34
124,1780554284323170560,1780554285323170560,Inter Chunk Latency,ms,p50,68.34
124,1780554284323170560,1780554285323170560,Inter Chunk Latency,ms,p75,68.35
124,1780554284323170560,1780554285323170560,Inter Chunk Latency,ms,p90,68.35
124,1780554284323170560,1780554285323170560,Inter Chunk Latency,ms,p95,68.35
124,1780554284323170560,1780554285323170560,Inter Chunk Latency,ms,p99,68.35
124,1780554284323170560,1780554285323170560,Inter Chunk Latency,ms,std,0.00
124,1780554284323170560,1780554285323170560,Inter Token Latency,ms,avg,217.29
124,1780554284323170560,1780554285323170560,Inter Token Latency,ms,min,217.29
124,1780554284323170560,1780554285323170560,Inter Token Latency,ms,max,217.29
124,1780554284323170560,1780554285323170560,Inter Token Latency,ms,sum,217.29
124,1780554284323170560,1780554285323170560,Inter Token Latency,ms,p1,217.29
124,1780554284323170560,1780554285323170560,Inter Token Latency,ms,p5,217.29
124,1780554284323170560,1780554285323170560,Inter Token Latency,ms,p10,217.29
124,1780554284323170560,1780554285323170560,Inter Token Latency,ms,p25,217.29
124,1780554284323170560,1780554285323170560,Inter Token Latency,ms,p50,217.29
124,1780554284323170560,1780554285323170560,Inter Token Latency,ms,p75,217.29
124,1780554284323170560,1780554285323170560,Inter Token Latency,ms,p90,217.29
124,1780554284323170560,1780554285323170560,Inter Token Latency,ms,p95,217.29
124,1780554284323170560,1780554285323170560,Inter Token Latency,ms,p99,217.29
124,1780554284323170560,1780554285323170560,Inter Token Latency,ms,std,0.00
124,1780554284323170560,1780554285323170560,Maximum Response Timestamp,ns,avg,1780554369681645312.00
124,1780554284323170560,1780554285323170560,Minimum Request Timestamp,ns,avg,1780554285279078144.00
124,1780554284323170560,1780554285323170560,OSL Mismatch Count,requests,avg,0.00
124,1780554284323170560,1780554285323170560,OSL Mismatch Diff %,%,avg,0.00
124,1780554284323170560,1780554285323170560,OSL Mismatch Diff %,%,min,0.00
124,1780554284323170560,1780554285323170560,OSL Mismatch Diff %,%,max,0.00
124,1780554284323170560,1780554285323170560,OSL Mismatch Diff %,%,sum,0.00
124,1780554284323170560,1780554285323170560,OSL Mismatch Diff %,%,p1,0.00
124,1780554284323170560,1780554285323170560,OSL Mismatch Diff %,%,p5,0.00
124,1780554284323170560,1780554285323170560,OSL Mismatch Diff %,%,p10,0.00
124,1780554284323170560,1780554285323170560,OSL Mismatch Diff %,%,p25,0.00
124,1780554284323170560,1780554285323170560,OSL Mismatch Diff %,%,p50,0.00
124,1780554284323170560,1780554285323170560,OSL Mismatch Diff %,%,p75,0.00
124,1780554284323170560,1780554285323170560,OSL Mismatch Diff %,%,p90,0.00
124,1780554284323170560,1780554285323170560,OSL Mismatch Diff %,%,p95,0.00
124,1780554284323170560,1780554285323170560,OSL Mismatch Diff %,%,p99,0.00
124,1780554284323170560,1780554285323170560,OSL Mismatch Diff %,%,std,0.00
124,1780554284323170560,1780554285323170560,Output Sequence Length,tokens,avg,386.00
124,1780554284323170560,1780554285323170560,Output Sequence Length,tokens,min,386.00
124,1780554284323170560,1780554285323170560,Output Sequence Length,tokens,max,386.00
124,1780554284323170560,1780554285323170560,Output Sequence Length,tokens,sum,386.00
124,1780554284323170560,1780554285323170560,Output Sequence Length,tokens,p1,386.00
124,1780554284323170560,1780554285323170560,Output Sequence Length,tokens,p5,386.00
124,1780554284323170560,1780554285323170560,Output Sequence Length,tokens,p10,386.00
124,1780554284323170560,1780554285323170560,Output Sequence Length,tokens,p25,386.00
124,1780554284323170560,1780554285323170560,Output Sequence Length,tokens,p50,386.00
124,1780554284323170560,1780554285323170560,Output Sequence Length,tokens,p75,386.00
124,1780554284323170560,1780554285323170560,Output Sequence Length,tokens,p90,386.00
124,1780554284323170560,1780554285323170560,Output Sequence Length,tokens,p95,386.00
124,1780554284323170560,1780554285323170560,Output Sequence Length,tokens,p99,386.00
124,1780554284323170560,1780554285323170560,Output Sequence Length,tokens,std,0.00
124,1780554284323170560,1780554285323170560,Output Token Count,tokens,avg,386.00
124,1780554284323170560,1780554285323170560,Output Token Count,tokens,min,386.00
124,1780554284323170560,1780554285323170560,Output Token Count,tokens,max,386.00
124,1780554284323170560,1780554285323170560,Output Token Count,tokens,sum,386.00
124,1780554284323170560,1780554285323170560,Output Token Count,tokens,p1,386.00
124,1780554284323170560,1780554285323170560,Output Token Count,tokens,p5,386.00
124,1780554284323170560,1780554285323170560,Output Token Count,tokens,p10,386.00
124,1780554284323170560,1780554285323170560,Output Token Count,tokens,p25,386.00
124,1780554284323170560,1780554285323170560,Output Token Count,tokens,p50,386.00
124,1780554284323170560,1780554285323170560,Output Token Count,tokens,p75,386.00
124,1780554284323170560,1780554285323170560,Output Token Count,tokens,p90,386.00
124,1780554284323170560,1780554285323170560,Output Token Count,tokens,p95,386.00
124,1780554284323170560,1780554285323170560,Output Token Count,tokens,p99,386.00
124,1780554284323170560,1780554285323170560,Output Token Count,tokens,std,0.00
124,1780554284323170560,1780554285323170560,Output Token Throughput,tokens/sec,avg,386.00
124,1780554284323170560,1780554285323170560,Output Token Throughput Per User,tokens/sec/user,avg,4.60
124,1780554284323170560,1780554285323170560,Output Token Throughput Per User,tokens/sec/user,min,4.60
124,1780554284323170560,1780554285323170560,Output Token Throughput Per User,tokens/sec/user,max,4.60
124,1780554284323170560,1780554285323170560,Output Token Throughput Per User,tokens/sec/user,sum,4.60
124,1780554284323170560,1780554285323170560,Output Token Throughput Per User,tokens/sec/user,p1,4.60
124,1780554284323170560,1780554285323170560,Output Token Throughput Per User,tokens/sec/user,p5,4.60
124,1780554284323170560,1780554285323170560,Output Token Throughput Per User,tokens/sec/user,p10,4.60
124,1780554284323170560,1780554285323170560,Output Token Throughput Per User,tokens/sec/user,p25,4.60
124,1780554284323170560,1780554285323170560,Output Token Throughput Per User,tokens/sec/user,p50,4.60
124,1780554284323170560,1780554285323170560,Output Token Throughput Per User,tokens/sec/user,p75,4.60
124,1780554284323170560,1780554285323170560,Output Token Throughput Per User,tokens/sec/user,p90,4.60
124,1780554284323170560,1780554285323170560,Output Token Throughput Per User,tokens/sec/user,p95,4.60
124,1780554284323170560,1780554285323170560,Output Token Throughput Per User,tokens/sec/user,p99,4.60
124,1780554284323170560,1780554285323170560,Output Token Throughput Per User,tokens/sec/user,std,0.00
124,1780554284323170560,1780554285323170560,Prefill Throughput Per User,tokens/sec/user,avg,162728.71
124,1780554284323170560,1780554285323170560,Prefill Throughput Per User,tokens/sec/user,min,162728.71
124,1780554284323170560,1780554285323170560,Prefill Throughput Per User,tokens/sec/user,max,162728.71
124,1780554284323170560,1780554285323170560,Prefill Throughput Per User,tokens/sec/user,sum,162728.71
124,1780554284323170560,1780554285323170560,Prefill Throughput Per User,tokens/sec/user,p1,162728.71
124,1780554284323170560,1780554285323170560,Prefill Throughput Per User,tokens/sec/user,p5,162728.71
124,1780554284323170560,1780554285323170560,Prefill Throughput Per User,tokens/sec/user,p10,162728.71
124,1780554284323170560,1780554285323170560,Prefill Throughput Per User,tokens/sec/user,p25,162728.71
124,1780554284323170560,1780554285323170560,Prefill Throughput Per User,tokens/sec/user,p50,162728.71
124,1780554284323170560,1780554285323170560,Prefill Throughput Per User,tokens/sec/user,p75,162728.71
124,1780554284323170560,1780554285323170560,Prefill Throughput Per User,tokens/sec/user,p90,162728.71
124,1780554284323170560,1780554285323170560,Prefill Throughput Per User,tokens/sec/user,p95,162728.71
124,1780554284323170560,1780554285323170560,Prefill Throughput Per User,tokens/sec/user,p99,162728.71
124,1780554284323170560,1780554285323170560,Prefill Throughput Per User,tokens/sec/user,std,0.00
124,1780554284323170560,1780554285323170560,Request Count,requests,avg,1.00
124,1780554284323170560,1780554285323170560,Request Latency,ms,avg,84402.57
124,1780554284323170560,1780554285323170560,Request Latency,ms,min,84402.57
124,1780554284323170560,1780554285323170560,Request Latency,ms,max,84402.57
124,1780554284323170560,1780554285323170560,Request Latency,ms,sum,84402.57
124,1780554284323170560,1780554285323170560,Request Latency,ms,p1,84402.57
124,1780554284323170560,1780554285323170560,Request Latency,ms,p5,84402.57
124,1780554284323170560,1780554285323170560,Request Latency,ms,p10,84402.57
124,1780554284323170560,1780554285323170560,Request Latency,ms,p25,84402.57
124,1780554284323170560,1780554285323170560,Request Latency,ms,p50,84402.57
124,1780554284323170560,1780554285323170560,Request Latency,ms,p75,84402.57
124,1780554284323170560,1780554285323170560,Request Latency,ms,p90,84402.57
124,1780554284323170560,1780554285323170560,Request Latency,ms,p95,84402.57
124,1780554284323170560,1780554285323170560,Request Latency,ms,p99,84402.57
124,1780554284323170560,1780554285323170560,Request Latency,ms,std,0.00
124,1780554284323170560,1780554285323170560,Request Throughput,requests/sec,avg,1.00
124,1780554284323170560,1780554285323170560,Requested OSL,tokens,avg,386.00
124,1780554284323170560,1780554285323170560,Requested OSL,tokens,min,386.00
124,1780554284323170560,1780554285323170560,Requested OSL,tokens,max,386.00
124,1780554284323170560,1780554285323170560,Requested OSL,tokens,sum,386.00
124,1780554284323170560,1780554285323170560,Requested OSL,tokens,p1,386.00
124,1780554284323170560,1780554285323170560,Requested OSL,tokens,p5,386.00
124,1780554284323170560,1780554285323170560,Requested OSL,tokens,p10,386.00
124,1780554284323170560,1780554285323170560,Requested OSL,tokens,p25,386.00
124,1780554284323170560,1780554285323170560,Requested OSL,tokens,p50,386.00
124,1780554284323170560,1780554285323170560,Requested OSL,tokens,p75,386.00
124,1780554284323170560,1780554285323170560,Requested OSL,tokens,p90,386.00
124,1780554284323170560,1780554285323170560,Requested OSL,tokens,p95,386.00
124,1780554284323170560,1780554285323170560,Requested OSL,tokens,p99,386.00
124,1780554284323170560,1780554285323170560,Requested OSL,tokens,std,0.00
124,1780554284323170560,1780554285323170560,Time to First Output Token,ms,avg,745.93
124,1780554284323170560,1780554285323170560,Time to First Output Token,ms,min,745.93
124,1780554284323170560,1780554285323170560,Time to First Output Token,ms,max,745.93
124,1780554284323170560,1780554285323170560,Time to First Output Token,ms,sum,745.93
124,1780554284323170560,1780554285323170560,Time to First Output Token,ms,p1,745.93
124,1780554284323170560,1780554285323170560,Time to First Output Token,ms,p5,745.93
124,1780554284323170560,1780554285323170560,Time to First Output Token,ms,p10,745.93
124,1780554284323170560,1780554285323170560,Time to First Output Token,ms,p25,745.93
124,1780554284323170560,1780554285323170560,Time to First Output Token,ms,p50,745.93
124,1780554284323170560,1780554285323170560,Time to First Output Token,ms,p75,745.93
124,1780554284323170560,1780554285323170560,Time to First Output Token,ms,p90,745.93
124,1780554284323170560,1780554285323170560,Time to First Output Token,ms,p95,745.93
124,1780554284323170560,1780554285323170560,Time to First Output Token,ms,p99,745.93
124,1780554284323170560,1780554285323170560,Time to First Output Token,ms,std,0.00
124,1780554284323170560,1780554285323170560,Time to First Token,ms,avg,745.93
124,1780554284323170560,1780554285323170560,Time to First Token,ms,min,745.93
124,1780554284323170560,1780554285323170560,Time to First Token,ms,max,745.93
124,1780554284323170560,1780554285323170560,Time to First Token,ms,sum,745.93
124,1780554284323170560,1780554285323170560,Time to First Token,ms,p1,745.93
124,1780554284323170560,1780554285323170560,Time to First Token,ms,p5,745.93
124,1780554284323170560,1780554285323170560,Time to First Token,ms,p10,745.93
124,1780554284323170560,1780554285323170560,Time to First Token,ms,p25,745.93
124,1780554284323170560,1780554285323170560,Time to First Token,ms,p50,745.93
124,1780554284323170560,1780554285323170560,Time to First Token,ms,p75,745.93
124,1780554284323170560,1780554285323170560,Time to First Token,ms,p90,745.93
124,1780554284323170560,1780554285323170560,Time to First Token,ms,p95,745.93
124,1780554284323170560,1780554285323170560,Time to First Token,ms,p99,745.93
124,1780554284323170560,1780554285323170560,Time to First Token,ms,std,0.00
124,1780554284323170560,1780554285323170560,Time to Second Token,ms,avg,0.43
124,1780554284323170560,1780554285323170560,Time to Second Token,ms,min,0.43
124,1780554284323170560,1780554285323170560,Time to Second Token,ms,max,0.43
124,1780554284323170560,1780554285323170560,Time to Second Token,ms,sum,0.43
124,1780554284323170560,1780554285323170560,Time to Second Token,ms,p1,0.43
124,1780554284323170560,1780554285323170560,Time to Second Token,ms,p5,0.43
124,1780554284323170560,1780554285323170560,Time to Second Token,ms,p10,0.43
124,1780554284323170560,1780554285323170560,Time to Second Token,ms,p25,0.43
124,1780554284323170560,1780554285323170560,Time to Second Token,ms,p50,0.43
124,1780554284323170560,1780554285323170560,Time to Second Token,ms,p75,0.43
124,1780554284323170560,1780554285323170560,Time to Second Token,ms,p90,0.43
124,1780554284323170560,1780554285323170560,Time to Second Token,ms,p95,0.43
124,1780554284323170560,1780554285323170560,Time to Second Token,ms,p99,0.43
124,1780554284323170560,1780554285323170560,Time to Second Token,ms,std,0.00
124,1780554284323170560,1780554285323170560,Tokens In Flight,tokens,avg,855057.89
124,1780554284323170560,1780554285323170560,Tokens In Flight,tokens,min,849649.10
124,1780554284323170560,1780554285323170560,Tokens In Flight,tokens,max,971148.24
124,1780554284323170560,1780554285323170560,Tokens In Flight,tokens,p50,849706.17
124,1780554284323170560,1780554285323170560,Tokens In Flight,tokens,p90,849753.23
124,1780554284323170560,1780554285323170560,Tokens In Flight,tokens,p95,849759.24
124,1780554284323170560,1780554285323170560,Tokens In Flight,tokens,p99,971147.24
124,1780554284323170560,1780554285323170560,Tokens In Flight,tokens,std,24932.47
124,1780554284323170560,1780554285323170560,Total Input Sequence Length,tokens,avg,121385.00
124,1780554284323170560,1780554285323170560,Total Output Sequence Length,tokens,avg,386.00
124,1780554284323170560,1780554285323170560,Total Output Tokens,tokens,avg,386.00
124,1780554284323170560,1780554285323170560,Total Token Throughput,tokens/sec,avg,121771.00
124,1780554284323170560,1780554285323170560,Total Usage Completion Tokens,tokens,avg,386.00
124,1780554284323170560,1780554285323170560,Total Usage Prompt Tokens,tokens,avg,121385.00
124,1780554284323170560,1780554285323170560,Total Usage Total Tokens,tokens,avg,121771.00
124,1780554284323170560,1780554285323170560,Usage Completion Tokens,tokens,avg,386.00
124,1780554284323170560,1780554285323170560,Usage Completion Tokens,tokens,min,386.00
124,1780554284323170560,1780554285323170560,Usage Completion Tokens,tokens,max,386.00
124,1780554284323170560,1780554285323170560,Usage Completion Tokens,tokens,sum,386.00
124,1780554284323170560,1780554285323170560,Usage Completion Tokens,tokens,p1,386.00
124,1780554284323170560,1780554285323170560,Usage Completion Tokens,tokens,p5,386.00
124,1780554284323170560,1780554285323170560,Usage Completion Tokens,tokens,p10,386.00
124,1780554284323170560,1780554285323170560,Usage Completion Tokens,tokens,p25,386.00
124,1780554284323170560,1780554285323170560,Usage Completion Tokens,tokens,p50,386.00
124,1780554284323170560,1780554285323170560,Usage Completion Tokens,tokens,p75,386.00
124,1780554284323170560,1780554285323170560,Usage Completion Tokens,tokens,p90,386.00
124,1780554284323170560,1780554285323170560,Usage Completion Tokens,tokens,p95,386.00
124,1780554284323170560,1780554285323170560,Usage Completion Tokens,tokens,p99,386.00
124,1780554284323170560,1780554285323170560,Usage Completion Tokens,tokens,std,0.00
124,1780554284323170560,1780554285323170560,Usage Prompt Tokens,tokens,avg,121385.00
124,1780554284323170560,1780554285323170560,Usage Prompt Tokens,tokens,min,121385.00
124,1780554284323170560,1780554285323170560,Usage Prompt Tokens,tokens,max,121385.00
124,1780554284323170560,1780554285323170560,Usage Prompt Tokens,tokens,sum,121385.00
124,1780554284323170560,1780554285323170560,Usage Prompt Tokens,tokens,p1,121385.00
124,1780554284323170560,1780554285323170560,Usage Prompt Tokens,tokens,p5,121385.00
124,1780554284323170560,1780554285323170560,Usage Prompt Tokens,tokens,p10,121385.00
124,1780554284323170560,1780554285323170560,Usage Prompt Tokens,tokens,p25,121385.00
124,1780554284323170560,1780554285323170560,Usage Prompt Tokens,tokens,p50,121385.00
124,1780554284323170560,1780554285323170560,Usage Prompt Tokens,tokens,p75,121385.00
124,1780554284323170560,1780554285323170560,Usage Prompt Tokens,tokens,p90,121385.00
124,1780554284323170560,1780554285323170560,Usage Prompt Tokens,tokens,p95,121385.00
124,1780554284323170560,1780554285323170560,Usage Prompt Tokens,tokens,p99,121385.00
124,1780554284323170560,1780554285323170560,Usage Prompt Tokens,tokens,std,0.00
124,1780554284323170560,1780554285323170560,Usage Total Tokens,tokens,avg,121771.00
124,1780554284323170560,1780554285323170560,Usage Total Tokens,tokens,min,121771.00
124,1780554284323170560,1780554285323170560,Usage Total Tokens,tokens,max,121771.00
124,1780554284323170560,1780554285323170560,Usage Total Tokens,tokens,sum,121771.00
124,1780554284323170560,1780554285323170560,Usage Total Tokens,tokens,p1,121771.00
124,1780554284323170560,1780554285323170560,Usage Total Tokens,tokens,p5,121771.00
124,1780554284323170560,1780554285323170560,Usage Total Tokens,tokens,p10,121771.00
124,1780554284323170560,1780554285323170560,Usage Total Tokens,tokens,p25,121771.00
124,1780554284323170560,1780554285323170560,Usage Total Tokens,tokens,p50,121771.00
124,1780554284323170560,1780554285323170560,Usage Total Tokens,tokens,p75,121771.00
124,1780554284323170560,1780554285323170560,Usage Total Tokens,tokens,p90,121771.00
124,1780554284323170560,1780554285323170560,Usage Total Tokens,tokens,p95,121771.00
124,1780554284323170560,1780554285323170560,Usage Total Tokens,tokens,p99,121771.00
124,1780554284323170560,1780554285323170560,Usage Total Tokens,tokens,std,0.00
125,1780554287323170560,1780554288323170560,Active Decode Throughput,tokens/sec,avg,123.15
125,1780554287323170560,1780554288323170560,Active Decode Throughput,tokens/sec,min,102.50
125,1780554287323170560,1780554288323170560,Active Decode Throughput,tokens/sec,max,146.52
125,1780554287323170560,1780554288323170560,Active Decode Throughput,tokens/sec,p50,117.14
125,1780554287323170560,1780554288323170560,Active Decode Throughput,tokens/sec,p90,131.79
125,1780554287323170560,1780554288323170560,Active Decode Throughput,tokens/sec,p95,131.79
125,1780554287323170560,1780554288323170560,Active Decode Throughput,tokens/sec,p99,131.79
125,1780554287323170560,1780554288323170560,Active Decode Throughput,tokens/sec,std,7.20
125,1780554287323170560,1780554288323170560,Active Decode Throughput Per User,tokens/sec/user,avg,12.32
125,1780554287323170560,1780554288323170560,Active Decode Throughput Per User,tokens/sec/user,min,10.25
125,1780554287323170560,1780554288323170560,Active Decode Throughput Per User,tokens/sec/user,max,14.65
125,1780554287323170560,1780554288323170560,Active Decode Throughput Per User,tokens/sec/user,p50,11.71
125,1780554287323170560,1780554288323170560,Active Decode Throughput Per User,tokens/sec/user,p90,13.18
125,1780554287323170560,1780554288323170560,Active Decode Throughput Per User,tokens/sec/user,p95,13.18
125,1780554287323170560,1780554288323170560,Active Decode Throughput Per User,tokens/sec/user,p99,13.18
125,1780554287323170560,1780554288323170560,Active Decode Throughput Per User,tokens/sec/user,std,0.72
125,1780554287323170560,1780554288323170560,Active Prefill Throughput,tokens/sec,avg,15666.37
125,1780554287323170560,1780554288323170560,Active Prefill Throughput,tokens/sec,min,15666.37
125,1780554287323170560,1780554288323170560,Active Prefill Throughput,tokens/sec,max,15666.37
125,1780554287323170560,1780554288323170560,Active Prefill Throughput,tokens/sec,p50,15666.37
125,1780554287323170560,1780554288323170560,Active Prefill Throughput,tokens/sec,p90,15666.37
125,1780554287323170560,1780554288323170560,Active Prefill Throughput,tokens/sec,p95,15666.37
125,1780554287323170560,1780554288323170560,Active Prefill Throughput,tokens/sec,p99,15666.37
125,1780554287323170560,1780554288323170560,Active Prefill Throughput,tokens/sec,std,0.00
125,1780554287323170560,1780554288323170560,Active Prefill Throughput Per User,tokens/sec/user,avg,15666.37
125,1780554287323170560,1780554288323170560,Active Prefill Throughput Per User,tokens/sec/user,min,15666.37
125,1780554287323170560,1780554288323170560,Active Prefill Throughput Per User,tokens/sec/user,max,15666.37
125,1780554287323170560,1780554288323170560,Active Prefill Throughput Per User,tokens/sec/user,p50,15666.37
125,1780554287323170560,1780554288323170560,Active Prefill Throughput Per User,tokens/sec/user,p90,15666.37
125,1780554287323170560,1780554288323170560,Active Prefill Throughput Per User,tokens/sec/user,p95,15666.37
125,1780554287323170560,1780554288323170560,Active Prefill Throughput Per User,tokens/sec/user,p99,15666.37
125,1780554287323170560,1780554288323170560,Active Prefill Throughput Per User,tokens/sec/user,std,0.00
125,1780554287323170560,1780554288323170560,Active Total Throughput,tokens/sec,avg,69.07
125,1780554287323170560,1780554288323170560,Active Total Throughput,tokens/sec,min,58.21
125,1780554287323170560,1780554288323170560,Active Total Throughput,tokens/sec,max,15724.58
125,1780554287323170560,1780554288323170560,Active Total Throughput,tokens/sec,p50,58.21
125,1780554287323170560,1780554288323170560,Active Total Throughput,tokens/sec,p90,58.21
125,1780554287323170560,1780554288323170560,Active Total Throughput,tokens/sec,p95,58.21
125,1780554287323170560,1780554288323170560,Active Total Throughput,tokens/sec,p99,58.21
125,1780554287323170560,1780554288323170560,Active Total Throughput,tokens/sec,std,412.27
125,1780554287323170560,1780554288323170560,Benchmark Duration,sec,avg,87.18
125,1780554287323170560,1780554288323170560,E2E Output Token Throughput,tokens/sec/user,avg,3.96
125,1780554287323170560,1780554288323170560,E2E Output Token Throughput,tokens/sec/user,min,3.96
125,1780554287323170560,1780554288323170560,E2E Output Token Throughput,tokens/sec/user,max,3.96
125,1780554287323170560,1780554288323170560,E2E Output Token Throughput,tokens/sec/user,sum,3.96
125,1780554287323170560,1780554288323170560,E2E Output Token Throughput,tokens/sec/user,p1,3.96
125,1780554287323170560,1780554288323170560,E2E Output Token Throughput,tokens/sec/user,p5,3.96
125,1780554287323170560,1780554288323170560,E2E Output Token Throughput,tokens/sec/user,p10,3.96
125,1780554287323170560,1780554288323170560,E2E Output Token Throughput,tokens/sec/user,p25,3.96
125,1780554287323170560,1780554288323170560,E2E Output Token Throughput,tokens/sec/user,p50,3.96
125,1780554287323170560,1780554288323170560,E2E Output Token Throughput,tokens/sec/user,p75,3.96
125,1780554287323170560,1780554288323170560,E2E Output Token Throughput,tokens/sec/user,p90,3.96
125,1780554287323170560,1780554288323170560,E2E Output Token Throughput,tokens/sec/user,p95,3.96
125,1780554287323170560,1780554288323170560,E2E Output Token Throughput,tokens/sec/user,p99,3.96
125,1780554287323170560,1780554288323170560,E2E Output Token Throughput,tokens/sec/user,std,0.00
125,1780554287323170560,1780554288323170560,Effective Concurrency,requests,avg,10.00
125,1780554287323170560,1780554288323170560,Effective Concurrency,requests,min,10.00
125,1780554287323170560,1780554288323170560,Effective Concurrency,requests,max,11.00
125,1780554287323170560,1780554288323170560,Effective Concurrency,requests,p50,10.00
125,1780554287323170560,1780554288323170560,Effective Concurrency,requests,p90,10.00
125,1780554287323170560,1780554288323170560,Effective Concurrency,requests,p95,10.00
125,1780554287323170560,1780554288323170560,Effective Concurrency,requests,p99,10.00
125,1780554287323170560,1780554288323170560,Effective Concurrency,requests,std,0.03
125,1780554287323170560,1780554288323170560,Effective Decode Concurrency,requests,avg,10.00
125,1780554287323170560,1780554288323170560,Effective Decode Concurrency,requests,min,10.00
125,1780554287323170560,1780554288323170560,Effective Decode Concurrency,requests,max,10.00
125,1780554287323170560,1780554288323170560,Effective Decode Concurrency,requests,p50,10.00
125,1780554287323170560,1780554288323170560,Effective Decode Concurrency,requests,p90,10.00
125,1780554287323170560,1780554288323170560,Effective Decode Concurrency,requests,p95,10.00
125,1780554287323170560,1780554288323170560,Effective Decode Concurrency,requests,p99,10.00
125,1780554287323170560,1780554288323170560,Effective Decode Concurrency,requests,std,0.00
125,1780554287323170560,1780554288323170560,Effective Decode Throughput,tokens/sec,avg,123.15
125,1780554287323170560,1780554288323170560,Effective Decode Throughput,tokens/sec,min,102.50
125,1780554287323170560,1780554288323170560,Effective Decode Throughput,tokens/sec,max,146.52
125,1780554287323170560,1780554288323170560,Effective Decode Throughput,tokens/sec,p50,117.14
125,1780554287323170560,1780554288323170560,Effective Decode Throughput,tokens/sec,p90,131.79
125,1780554287323170560,1780554288323170560,Effective Decode Throughput,tokens/sec,p95,131.79
125,1780554287323170560,1780554288323170560,Effective Decode Throughput,tokens/sec,p99,131.79
125,1780554287323170560,1780554288323170560,Effective Decode Throughput,tokens/sec,std,7.20
125,1780554287323170560,1780554288323170560,Effective Decode Throughput Per User,tokens/sec/user,avg,12.32
125,1780554287323170560,1780554288323170560,Effective Decode Throughput Per User,tokens/sec/user,min,10.25
125,1780554287323170560,1780554288323170560,Effective Decode Throughput Per User,tokens/sec/user,max,14.65
125,1780554287323170560,1780554288323170560,Effective Decode Throughput Per User,tokens/sec/user,p50,11.71
125,1780554287323170560,1780554288323170560,Effective Decode Throughput Per User,tokens/sec/user,p90,13.18
125,1780554287323170560,1780554288323170560,Effective Decode Throughput Per User,tokens/sec/user,p95,13.18
125,1780554287323170560,1780554288323170560,Effective Decode Throughput Per User,tokens/sec/user,p99,13.18
125,1780554287323170560,1780554288323170560,Effective Decode Throughput Per User,tokens/sec/user,std,0.72
125,1780554287323170560,1780554288323170560,Effective Prefill Concurrency,requests,avg,0.00
125,1780554287323170560,1780554288323170560,Effective Prefill Concurrency,requests,min,0.00
125,1780554287323170560,1780554288323170560,Effective Prefill Concurrency,requests,max,1.00
125,1780554287323170560,1780554288323170560,Effective Prefill Concurrency,requests,p50,0.00
125,1780554287323170560,1780554288323170560,Effective Prefill Concurrency,requests,p90,0.00
125,1780554287323170560,1780554288323170560,Effective Prefill Concurrency,requests,p95,0.00
125,1780554287323170560,1780554288323170560,Effective Prefill Concurrency,requests,p99,0.00
125,1780554287323170560,1780554288323170560,Effective Prefill Concurrency,requests,std,0.03
125,1780554287323170560,1780554288323170560,Effective Prefill Throughput,tokens/sec,avg,10.86
125,1780554287323170560,1780554288323170560,Effective Prefill Throughput,tokens/sec,min,0.00
125,1780554287323170560,1780554288323170560,Effective Prefill Throughput,tokens/sec,max,15666.37
125,1780554287323170560,1780554288323170560,Effective Prefill Throughput,tokens/sec,p50,0.00
125,1780554287323170560,1780554288323170560,Effective Prefill Throughput,tokens/sec,p90,0.00
125,1780554287323170560,1780554288323170560,Effective Prefill Throughput,tokens/sec,p95,0.00
125,1780554287323170560,1780554288323170560,Effective Prefill Throughput,tokens/sec,p99,0.00
125,1780554287323170560,1780554288323170560,Effective Prefill Throughput,tokens/sec,std,412.27
125,1780554287323170560,1780554288323170560,Effective Prefill Throughput Per User,tokens/sec/user,avg,10.86
125,1780554287323170560,1780554288323170560,Effective Prefill Throughput Per User,tokens/sec/user,min,0.00
125,1780554287323170560,1780554288323170560,Effective Prefill Throughput Per User,tokens/sec/user,max,15666.37
125,1780554287323170560,1780554288323170560,Effective Prefill Throughput Per User,tokens/sec/user,p50,0.00
125,1780554287323170560,1780554288323170560,Effective Prefill Throughput Per User,tokens/sec/user,p90,0.00
125,1780554287323170560,1780554288323170560,Effective Prefill Throughput Per User,tokens/sec/user,p95,0.00
125,1780554287323170560,1780554288323170560,Effective Prefill Throughput Per User,tokens/sec/user,p99,0.00
125,1780554287323170560,1780554288323170560,Effective Prefill Throughput Per User,tokens/sec/user,std,412.27
125,1780554287323170560,1780554288323170560,Effective Total Throughput,tokens/sec,avg,69.07
125,1780554287323170560,1780554288323170560,Effective Total Throughput,tokens/sec,min,58.21
125,1780554287323170560,1780554288323170560,Effective Total Throughput,tokens/sec,max,15724.58
125,1780554287323170560,1780554288323170560,Effective Total Throughput,tokens/sec,p50,58.21
125,1780554287323170560,1780554288323170560,Effective Total Throughput,tokens/sec,p90,58.21
125,1780554287323170560,1780554288323170560,Effective Total Throughput,tokens/sec,p95,58.21
125,1780554287323170560,1780554288323170560,Effective Total Throughput,tokens/sec,p99,58.21
125,1780554287323170560,1780554288323170560,Effective Total Throughput,tokens/sec,std,412.27
125,1780554287323170560,1780554288323170560,HTTP Blocked,ms,avg,0.00
125,1780554287323170560,1780554288323170560,HTTP Blocked,ms,min,0.00
125,1780554287323170560,1780554288323170560,HTTP Blocked,ms,max,0.00
125,1780554287323170560,1780554288323170560,HTTP Blocked,ms,sum,0.00
125,1780554287323170560,1780554288323170560,HTTP Blocked,ms,p1,0.00
125,1780554287323170560,1780554288323170560,HTTP Blocked,ms,p5,0.00
125,1780554287323170560,1780554288323170560,HTTP Blocked,ms,p10,0.00
125,1780554287323170560,1780554288323170560,HTTP Blocked,ms,p25,0.00
125,1780554287323170560,1780554288323170560,HTTP Blocked,ms,p50,0.00
125,1780554287323170560,1780554288323170560,HTTP Blocked,ms,p75,0.00
125,1780554287323170560,1780554288323170560,HTTP Blocked,ms,p90,0.00
125,1780554287323170560,1780554288323170560,HTTP Blocked,ms,p95,0.00
125,1780554287323170560,1780554288323170560,HTTP Blocked,ms,p99,0.00
125,1780554287323170560,1780554288323170560,HTTP Blocked,ms,std,0.00
125,1780554287323170560,1780554288323170560,HTTP Chunks Received,count,avg,345.00
125,1780554287323170560,1780554288323170560,HTTP Chunks Received,count,min,345.00
125,1780554287323170560,1780554288323170560,HTTP Chunks Received,count,max,345.00
125,1780554287323170560,1780554288323170560,HTTP Chunks Received,count,sum,345.00
125,1780554287323170560,1780554288323170560,HTTP Chunks Received,count,p1,345.00
125,1780554287323170560,1780554288323170560,HTTP Chunks Received,count,p5,345.00
125,1780554287323170560,1780554288323170560,HTTP Chunks Received,count,p10,345.00
125,1780554287323170560,1780554288323170560,HTTP Chunks Received,count,p25,345.00
125,1780554287323170560,1780554288323170560,HTTP Chunks Received,count,p50,345.00
125,1780554287323170560,1780554288323170560,HTTP Chunks Received,count,p75,345.00
125,1780554287323170560,1780554288323170560,HTTP Chunks Received,count,p90,345.00
125,1780554287323170560,1780554288323170560,HTTP Chunks Received,count,p95,345.00
125,1780554287323170560,1780554288323170560,HTTP Chunks Received,count,p99,345.00
125,1780554287323170560,1780554288323170560,HTTP Chunks Received,count,std,0.00
125,1780554287323170560,1780554288323170560,HTTP Chunks Sent,count,avg,1.00
125,1780554287323170560,1780554288323170560,HTTP Chunks Sent,count,min,1.00
125,1780554287323170560,1780554288323170560,HTTP Chunks Sent,count,max,1.00
125,1780554287323170560,1780554288323170560,HTTP Chunks Sent,count,sum,1.00
125,1780554287323170560,1780554288323170560,HTTP Chunks Sent,count,p1,1.00
125,1780554287323170560,1780554288323170560,HTTP Chunks Sent,count,p5,1.00
125,1780554287323170560,1780554288323170560,HTTP Chunks Sent,count,p10,1.00
125,1780554287323170560,1780554288323170560,HTTP Chunks Sent,count,p25,1.00
125,1780554287323170560,1780554288323170560,HTTP Chunks Sent,count,p50,1.00
125,1780554287323170560,1780554288323170560,HTTP Chunks Sent,count,p75,1.00
125,1780554287323170560,1780554288323170560,HTTP Chunks Sent,count,p90,1.00
125,1780554287323170560,1780554288323170560,HTTP Chunks Sent,count,p95,1.00
125,1780554287323170560,1780554288323170560,HTTP Chunks Sent,count,p99,1.00
125,1780554287323170560,1780554288323170560,HTTP Chunks Sent,count,std,0.00
125,1780554287323170560,1780554288323170560,HTTP Connecting,ms,avg,0.66
125,1780554287323170560,1780554288323170560,HTTP Connecting,ms,min,0.66
125,1780554287323170560,1780554288323170560,HTTP Connecting,ms,max,0.66
125,1780554287323170560,1780554288323170560,HTTP Connecting,ms,sum,0.66
125,1780554287323170560,1780554288323170560,HTTP Connecting,ms,p1,0.66
125,1780554287323170560,1780554288323170560,HTTP Connecting,ms,p5,0.66
125,1780554287323170560,1780554288323170560,HTTP Connecting,ms,p10,0.66
125,1780554287323170560,1780554288323170560,HTTP Connecting,ms,p25,0.66
125,1780554287323170560,1780554288323170560,HTTP Connecting,ms,p50,0.66
125,1780554287323170560,1780554288323170560,HTTP Connecting,ms,p75,0.66
125,1780554287323170560,1780554288323170560,HTTP Connecting,ms,p90,0.66
125,1780554287323170560,1780554288323170560,HTTP Connecting,ms,p95,0.66
125,1780554287323170560,1780554288323170560,HTTP Connecting,ms,p99,0.66
125,1780554287323170560,1780554288323170560,HTTP Connecting,ms,std,0.00
125,1780554287323170560,1780554288323170560,HTTP Connection Overhead,ms,avg,0.66
125,1780554287323170560,1780554288323170560,HTTP Connection Overhead,ms,min,0.66
125,1780554287323170560,1780554288323170560,HTTP Connection Overhead,ms,max,0.66
125,1780554287323170560,1780554288323170560,HTTP Connection Overhead,ms,sum,0.66
125,1780554287323170560,1780554288323170560,HTTP Connection Overhead,ms,p1,0.66
125,1780554287323170560,1780554288323170560,HTTP Connection Overhead,ms,p5,0.66
125,1780554287323170560,1780554288323170560,HTTP Connection Overhead,ms,p10,0.66
125,1780554287323170560,1780554288323170560,HTTP Connection Overhead,ms,p25,0.66
125,1780554287323170560,1780554288323170560,HTTP Connection Overhead,ms,p50,0.66
125,1780554287323170560,1780554288323170560,HTTP Connection Overhead,ms,p75,0.66
125,1780554287323170560,1780554288323170560,HTTP Connection Overhead,ms,p90,0.66
125,1780554287323170560,1780554288323170560,HTTP Connection Overhead,ms,p95,0.66
125,1780554287323170560,1780554288323170560,HTTP Connection Overhead,ms,p99,0.66
125,1780554287323170560,1780554288323170560,HTTP Connection Overhead,ms,std,0.00
125,1780554287323170560,1780554288323170560,HTTP Connection Reused,ratio,avg,0.00
125,1780554287323170560,1780554288323170560,HTTP Connection Reused,ratio,min,0.00
125,1780554287323170560,1780554288323170560,HTTP Connection Reused,ratio,max,0.00
125,1780554287323170560,1780554288323170560,HTTP Connection Reused,ratio,sum,0.00
125,1780554287323170560,1780554288323170560,HTTP Connection Reused,ratio,p1,0.00
125,1780554287323170560,1780554288323170560,HTTP Connection Reused,ratio,p5,0.00
125,1780554287323170560,1780554288323170560,HTTP Connection Reused,ratio,p10,0.00
125,1780554287323170560,1780554288323170560,HTTP Connection Reused,ratio,p25,0.00
125,1780554287323170560,1780554288323170560,HTTP Connection Reused,ratio,p50,0.00
125,1780554287323170560,1780554288323170560,HTTP Connection Reused,ratio,p75,0.00
125,1780554287323170560,1780554288323170560,HTTP Connection Reused,ratio,p90,0.00
125,1780554287323170560,1780554288323170560,HTTP Connection Reused,ratio,p95,0.00
125,1780554287323170560,1780554288323170560,HTTP Connection Reused,ratio,p99,0.00
125,1780554287323170560,1780554288323170560,HTTP Connection Reused,ratio,std,0.00
125,1780554287323170560,1780554288323170560,HTTP Data Received,KB,avg,86.62
125,1780554287323170560,1780554288323170560,HTTP Data Received,KB,min,86.62
125,1780554287323170560,1780554288323170560,HTTP Data Received,KB,max,86.62
125,1780554287323170560,1780554288323170560,HTTP Data Received,KB,sum,86.62
125,1780554287323170560,1780554288323170560,HTTP Data Received,KB,p1,86.62
125,1780554287323170560,1780554288323170560,HTTP Data Received,KB,p5,86.62
125,1780554287323170560,1780554288323170560,HTTP Data Received,KB,p10,86.62
125,1780554287323170560,1780554288323170560,HTTP Data Received,KB,p25,86.62
125,1780554287323170560,1780554288323170560,HTTP Data Received,KB,p50,86.62
125,1780554287323170560,1780554288323170560,HTTP Data Received,KB,p75,86.62
125,1780554287323170560,1780554288323170560,HTTP Data Received,KB,p90,86.62
125,1780554287323170560,1780554288323170560,HTTP Data Received,KB,p95,86.62
125,1780554287323170560,1780554288323170560,HTTP Data Received,KB,p99,86.62
125,1780554287323170560,1780554288323170560,HTTP Data Received,KB,std,0.00
125,1780554287323170560,1780554288323170560,HTTP Data Sent,KB,avg,207.11
125,1780554287323170560,1780554288323170560,HTTP Data Sent,KB,min,207.11
125,1780554287323170560,1780554288323170560,HTTP Data Sent,KB,max,207.11
125,1780554287323170560,1780554288323170560,HTTP Data Sent,KB,sum,207.11
125,1780554287323170560,1780554288323170560,HTTP Data Sent,KB,p1,207.11
125,1780554287323170560,1780554288323170560,HTTP Data Sent,KB,p5,207.11
125,1780554287323170560,1780554288323170560,HTTP Data Sent,KB,p10,207.11
125,1780554287323170560,1780554288323170560,HTTP Data Sent,KB,p25,207.11
125,1780554287323170560,1780554288323170560,HTTP Data Sent,KB,p50,207.11
125,1780554287323170560,1780554288323170560,HTTP Data Sent,KB,p75,207.11
125,1780554287323170560,1780554288323170560,HTTP Data Sent,KB,p90,207.11
125,1780554287323170560,1780554288323170560,HTTP Data Sent,KB,p95,207.11
125,1780554287323170560,1780554288323170560,HTTP Data Sent,KB,p99,207.11
125,1780554287323170560,1780554288323170560,HTTP Data Sent,KB,std,0.00
125,1780554287323170560,1780554288323170560,HTTP DNS Lookup,ms,avg,0.00
125,1780554287323170560,1780554288323170560,HTTP DNS Lookup,ms,min,0.00
125,1780554287323170560,1780554288323170560,HTTP DNS Lookup,ms,max,0.00
125,1780554287323170560,1780554288323170560,HTTP DNS Lookup,ms,sum,0.00
125,1780554287323170560,1780554288323170560,HTTP DNS Lookup,ms,p1,0.00
125,1780554287323170560,1780554288323170560,HTTP DNS Lookup,ms,p5,0.00
125,1780554287323170560,1780554288323170560,HTTP DNS Lookup,ms,p10,0.00
125,1780554287323170560,1780554288323170560,HTTP DNS Lookup,ms,p25,0.00
125,1780554287323170560,1780554288323170560,HTTP DNS Lookup,ms,p50,0.00
125,1780554287323170560,1780554288323170560,HTTP DNS Lookup,ms,p75,0.00
125,1780554287323170560,1780554288323170560,HTTP DNS Lookup,ms,p90,0.00
125,1780554287323170560,1780554288323170560,HTTP DNS Lookup,ms,p95,0.00
125,1780554287323170560,1780554288323170560,HTTP DNS Lookup,ms,p99,0.00
125,1780554287323170560,1780554288323170560,HTTP DNS Lookup,ms,std,0.00
125,1780554287323170560,1780554288323170560,HTTP Duration (excl. conn),ms,avg,87182.71
125,1780554287323170560,1780554288323170560,HTTP Duration (excl. conn),ms,min,87182.71
125,1780554287323170560,1780554288323170560,HTTP Duration (excl. conn),ms,max,87182.71
125,1780554287323170560,1780554288323170560,HTTP Duration (excl. conn),ms,sum,87182.71
125,1780554287323170560,1780554288323170560,HTTP Duration (excl. conn),ms,p1,87182.71
125,1780554287323170560,1780554288323170560,HTTP Duration (excl. conn),ms,p5,87182.71
125,1780554287323170560,1780554288323170560,HTTP Duration (excl. conn),ms,p10,87182.71
125,1780554287323170560,1780554288323170560,HTTP Duration (excl. conn),ms,p25,87182.71
125,1780554287323170560,1780554288323170560,HTTP Duration (excl. conn),ms,p50,87182.71
125,1780554287323170560,1780554288323170560,HTTP Duration (excl. conn),ms,p75,87182.71
125,1780554287323170560,1780554288323170560,HTTP Duration (excl. conn),ms,p90,87182.71
125,1780554287323170560,1780554288323170560,HTTP Duration (excl. conn),ms,p95,87182.71
125,1780554287323170560,1780554288323170560,HTTP Duration (excl. conn),ms,p99,87182.71
125,1780554287323170560,1780554288323170560,HTTP Duration (excl. conn),ms,std,0.00
125,1780554287323170560,1780554288323170560,HTTP Receiving,ms,avg,83792.06
125,1780554287323170560,1780554288323170560,HTTP Receiving,ms,min,83792.06
125,1780554287323170560,1780554288323170560,HTTP Receiving,ms,max,83792.06
125,1780554287323170560,1780554288323170560,HTTP Receiving,ms,sum,83792.06
125,1780554287323170560,1780554288323170560,HTTP Receiving,ms,p1,83792.06
125,1780554287323170560,1780554288323170560,HTTP Receiving,ms,p5,83792.06
125,1780554287323170560,1780554288323170560,HTTP Receiving,ms,p10,83792.06
125,1780554287323170560,1780554288323170560,HTTP Receiving,ms,p25,83792.06
125,1780554287323170560,1780554288323170560,HTTP Receiving,ms,p50,83792.06
125,1780554287323170560,1780554288323170560,HTTP Receiving,ms,p75,83792.06
125,1780554287323170560,1780554288323170560,HTTP Receiving,ms,p90,83792.06
125,1780554287323170560,1780554288323170560,HTTP Receiving,ms,p95,83792.06
125,1780554287323170560,1780554288323170560,HTTP Receiving,ms,p99,83792.06
125,1780554287323170560,1780554288323170560,HTTP Receiving,ms,std,0.00
125,1780554287323170560,1780554288323170560,HTTP Sending,ms,avg,0.94
125,1780554287323170560,1780554288323170560,HTTP Sending,ms,min,0.94
125,1780554287323170560,1780554288323170560,HTTP Sending,ms,max,0.94
125,1780554287323170560,1780554288323170560,HTTP Sending,ms,sum,0.94
125,1780554287323170560,1780554288323170560,HTTP Sending,ms,p1,0.94
125,1780554287323170560,1780554288323170560,HTTP Sending,ms,p5,0.94
125,1780554287323170560,1780554288323170560,HTTP Sending,ms,p10,0.94
125,1780554287323170560,1780554288323170560,HTTP Sending,ms,p25,0.94
125,1780554287323170560,1780554288323170560,HTTP Sending,ms,p50,0.94
125,1780554287323170560,1780554288323170560,HTTP Sending,ms,p75,0.94
125,1780554287323170560,1780554288323170560,HTTP Sending,ms,p90,0.94
125,1780554287323170560,1780554288323170560,HTTP Sending,ms,p95,0.94
125,1780554287323170560,1780554288323170560,HTTP Sending,ms,p99,0.94
125,1780554287323170560,1780554288323170560,HTTP Sending,ms,std,0.00
125,1780554287323170560,1780554288323170560,HTTP Total Time,ms,avg,87183.37
125,1780554287323170560,1780554288323170560,HTTP Total Time,ms,min,87183.37
125,1780554287323170560,1780554288323170560,HTTP Total Time,ms,max,87183.37
125,1780554287323170560,1780554288323170560,HTTP Total Time,ms,sum,87183.37
125,1780554287323170560,1780554288323170560,HTTP Total Time,ms,p1,87183.37
125,1780554287323170560,1780554288323170560,HTTP Total Time,ms,p5,87183.37
125,1780554287323170560,1780554288323170560,HTTP Total Time,ms,p10,87183.37
125,1780554287323170560,1780554288323170560,HTTP Total Time,ms,p25,87183.37
125,1780554287323170560,1780554288323170560,HTTP Total Time,ms,p50,87183.37
125,1780554287323170560,1780554288323170560,HTTP Total Time,ms,p75,87183.37
125,1780554287323170560,1780554288323170560,HTTP Total Time,ms,p90,87183.37
125,1780554287323170560,1780554288323170560,HTTP Total Time,ms,p95,87183.37
125,1780554287323170560,1780554288323170560,HTTP Total Time,ms,p99,87183.37
125,1780554287323170560,1780554288323170560,HTTP Total Time,ms,std,0.00
125,1780554287323170560,1780554288323170560,HTTP Waiting (TTFB),ms,avg,3389.72
125,1780554287323170560,1780554288323170560,HTTP Waiting (TTFB),ms,min,3389.72
125,1780554287323170560,1780554288323170560,HTTP Waiting (TTFB),ms,max,3389.72
125,1780554287323170560,1780554288323170560,HTTP Waiting (TTFB),ms,sum,3389.72
125,1780554287323170560,1780554288323170560,HTTP Waiting (TTFB),ms,p1,3389.72
125,1780554287323170560,1780554288323170560,HTTP Waiting (TTFB),ms,p5,3389.72
125,1780554287323170560,1780554288323170560,HTTP Waiting (TTFB),ms,p10,3389.72
125,1780554287323170560,1780554288323170560,HTTP Waiting (TTFB),ms,p25,3389.72
125,1780554287323170560,1780554288323170560,HTTP Waiting (TTFB),ms,p50,3389.72
125,1780554287323170560,1780554288323170560,HTTP Waiting (TTFB),ms,p75,3389.72
125,1780554287323170560,1780554288323170560,HTTP Waiting (TTFB),ms,p90,3389.72
125,1780554287323170560,1780554288323170560,HTTP Waiting (TTFB),ms,p95,3389.72
125,1780554287323170560,1780554288323170560,HTTP Waiting (TTFB),ms,p99,3389.72
125,1780554287323170560,1780554288323170560,HTTP Waiting (TTFB),ms,std,0.00
125,1780554287323170560,1780554288323170560,Input Sequence Length,tokens,avg,53121.00
125,1780554287323170560,1780554288323170560,Input Sequence Length,tokens,min,53121.00
125,1780554287323170560,1780554288323170560,Input Sequence Length,tokens,max,53121.00
125,1780554287323170560,1780554288323170560,Input Sequence Length,tokens,sum,53121.00
125,1780554287323170560,1780554288323170560,Input Sequence Length,tokens,p1,53121.00
125,1780554287323170560,1780554288323170560,Input Sequence Length,tokens,p5,53121.00
125,1780554287323170560,1780554288323170560,Input Sequence Length,tokens,p10,53121.00
125,1780554287323170560,1780554288323170560,Input Sequence Length,tokens,p25,53121.00
125,1780554287323170560,1780554288323170560,Input Sequence Length,tokens,p50,53121.00
125,1780554287323170560,1780554288323170560,Input Sequence Length,tokens,p75,53121.00
125,1780554287323170560,1780554288323170560,Input Sequence Length,tokens,p90,53121.00
125,1780554287323170560,1780554288323170560,Input Sequence Length,tokens,p95,53121.00
125,1780554287323170560,1780554288323170560,Input Sequence Length,tokens,p99,53121.00
125,1780554287323170560,1780554288323170560,Input Sequence Length,tokens,std,0.00
125,1780554287323170560,1780554288323170560,Input Token Throughput,tokens/sec,avg,53121.00
125,1780554287323170560,1780554288323170560,Inter Chunk Latency,ms,avg,68.36
125,1780554287323170560,1780554288323170560,Inter Chunk Latency,ms,min,68.35
125,1780554287323170560,1780554288323170560,Inter Chunk Latency,ms,max,68.37
125,1780554287323170560,1780554288323170560,Inter Chunk Latency,ms,sum,23515.59
125,1780554287323170560,1780554288323170560,Inter Chunk Latency,ms,p1,68.35
125,1780554287323170560,1780554288323170560,Inter Chunk Latency,ms,p5,68.35
125,1780554287323170560,1780554288323170560,Inter Chunk Latency,ms,p10,68.35
125,1780554287323170560,1780554288323170560,Inter Chunk Latency,ms,p25,68.36
125,1780554287323170560,1780554288323170560,Inter Chunk Latency,ms,p50,68.36
125,1780554287323170560,1780554288323170560,Inter Chunk Latency,ms,p75,68.36
125,1780554287323170560,1780554288323170560,Inter Chunk Latency,ms,p90,68.37
125,1780554287323170560,1780554288323170560,Inter Chunk Latency,ms,p95,68.37
125,1780554287323170560,1780554288323170560,Inter Chunk Latency,ms,p99,68.37
125,1780554287323170560,1780554288323170560,Inter Chunk Latency,ms,std,0.00
125,1780554287323170560,1780554288323170560,Inter Token Latency,ms,avg,243.58
125,1780554287323170560,1780554288323170560,Inter Token Latency,ms,min,243.58
125,1780554287323170560,1780554288323170560,Inter Token Latency,ms,max,243.58
125,1780554287323170560,1780554288323170560,Inter Token Latency,ms,sum,243.58
125,1780554287323170560,1780554288323170560,Inter Token Latency,ms,p1,243.58
125,1780554287323170560,1780554288323170560,Inter Token Latency,ms,p5,243.58
125,1780554287323170560,1780554288323170560,Inter Token Latency,ms,p10,243.58
125,1780554287323170560,1780554288323170560,Inter Token Latency,ms,p25,243.58
125,1780554287323170560,1780554288323170560,Inter Token Latency,ms,p50,243.58
125,1780554287323170560,1780554288323170560,Inter Token Latency,ms,p75,243.58
125,1780554287323170560,1780554288323170560,Inter Token Latency,ms,p90,243.58
125,1780554287323170560,1780554288323170560,Inter Token Latency,ms,p95,243.58
125,1780554287323170560,1780554288323170560,Inter Token Latency,ms,p99,243.58
125,1780554287323170560,1780554288323170560,Inter Token Latency,ms,std,0.00
125,1780554287323170560,1780554288323170560,Maximum Response Timestamp,ns,avg,1780554375505293824.00
125,1780554287323170560,1780554288323170560,Minimum Request Timestamp,ns,avg,1780554288322477568.00
125,1780554287323170560,1780554288323170560,OSL Mismatch Count,requests,avg,0.00
125,1780554287323170560,1780554288323170560,OSL Mismatch Diff %,%,avg,0.00
125,1780554287323170560,1780554288323170560,OSL Mismatch Diff %,%,min,0.00
125,1780554287323170560,1780554288323170560,OSL Mismatch Diff %,%,max,0.00
125,1780554287323170560,1780554288323170560,OSL Mismatch Diff %,%,sum,0.00
125,1780554287323170560,1780554288323170560,OSL Mismatch Diff %,%,p1,0.00
125,1780554287323170560,1780554288323170560,OSL Mismatch Diff %,%,p5,0.00
125,1780554287323170560,1780554288323170560,OSL Mismatch Diff %,%,p10,0.00
125,1780554287323170560,1780554288323170560,OSL Mismatch Diff %,%,p25,0.00
125,1780554287323170560,1780554288323170560,OSL Mismatch Diff %,%,p50,0.00
125,1780554287323170560,1780554288323170560,OSL Mismatch Diff %,%,p75,0.00
125,1780554287323170560,1780554288323170560,OSL Mismatch Diff %,%,p90,0.00
125,1780554287323170560,1780554288323170560,OSL Mismatch Diff %,%,p95,0.00
125,1780554287323170560,1780554288323170560,OSL Mismatch Diff %,%,p99,0.00
125,1780554287323170560,1780554288323170560,OSL Mismatch Diff %,%,std,0.00
125,1780554287323170560,1780554288323170560,Output Sequence Length,tokens,avg,345.00
125,1780554287323170560,1780554288323170560,Output Sequence Length,tokens,min,345.00
125,1780554287323170560,1780554288323170560,Output Sequence Length,tokens,max,345.00
125,1780554287323170560,1780554288323170560,Output Sequence Length,tokens,sum,345.00
125,1780554287323170560,1780554288323170560,Output Sequence Length,tokens,p1,345.00
125,1780554287323170560,1780554288323170560,Output Sequence Length,tokens,p5,345.00
125,1780554287323170560,1780554288323170560,Output Sequence Length,tokens,p10,345.00
125,1780554287323170560,1780554288323170560,Output Sequence Length,tokens,p25,345.00
125,1780554287323170560,1780554288323170560,Output Sequence Length,tokens,p50,345.00
125,1780554287323170560,1780554288323170560,Output Sequence Length,tokens,p75,345.00
125,1780554287323170560,1780554288323170560,Output Sequence Length,tokens,p90,345.00
125,1780554287323170560,1780554288323170560,Output Sequence Length,tokens,p95,345.00
125,1780554287323170560,1780554288323170560,Output Sequence Length,tokens,p99,345.00
125,1780554287323170560,1780554288323170560,Output Sequence Length,tokens,std,0.00
125,1780554287323170560,1780554288323170560,Output Token Count,tokens,avg,345.00
125,1780554287323170560,1780554288323170560,Output Token Count,tokens,min,345.00
125,1780554287323170560,1780554288323170560,Output Token Count,tokens,max,345.00
125,1780554287323170560,1780554288323170560,Output Token Count,tokens,sum,345.00
125,1780554287323170560,1780554288323170560,Output Token Count,tokens,p1,345.00
125,1780554287323170560,1780554288323170560,Output Token Count,tokens,p5,345.00
125,1780554287323170560,1780554288323170560,Output Token Count,tokens,p10,345.00
125,1780554287323170560,1780554288323170560,Output Token Count,tokens,p25,345.00
125,1780554287323170560,1780554288323170560,Output Token Count,tokens,p50,345.00
125,1780554287323170560,1780554288323170560,Output Token Count,tokens,p75,345.00
125,1780554287323170560,1780554288323170560,Output Token Count,tokens,p90,345.00
125,1780554287323170560,1780554288323170560,Output Token Count,tokens,p95,345.00
125,1780554287323170560,1780554288323170560,Output Token Count,tokens,p99,345.00
125,1780554287323170560,1780554288323170560,Output Token Count,tokens,std,0.00
125,1780554287323170560,1780554288323170560,Output Token Throughput,tokens/sec,avg,345.00
125,1780554287323170560,1780554288323170560,Output Token Throughput Per User,tokens/sec/user,avg,4.11
125,1780554287323170560,1780554288323170560,Output Token Throughput Per User,tokens/sec/user,min,4.11
125,1780554287323170560,1780554288323170560,Output Token Throughput Per User,tokens/sec/user,max,4.11
125,1780554287323170560,1780554288323170560,Output Token Throughput Per User,tokens/sec/user,sum,4.11
125,1780554287323170560,1780554288323170560,Output Token Throughput Per User,tokens/sec/user,p1,4.11
125,1780554287323170560,1780554288323170560,Output Token Throughput Per User,tokens/sec/user,p5,4.11
125,1780554287323170560,1780554288323170560,Output Token Throughput Per User,tokens/sec/user,p10,4.11
125,1780554287323170560,1780554288323170560,Output Token Throughput Per User,tokens/sec/user,p25,4.11
125,1780554287323170560,1780554288323170560,Output Token Throughput Per User,tokens/sec/user,p50,4.11
125,1780554287323170560,1780554288323170560,Output Token Throughput Per User,tokens/sec/user,p75,4.11
125,1780554287323170560,1780554288323170560,Output Token Throughput Per User,tokens/sec/user,p90,4.11
125,1780554287323170560,1780554288323170560,Output Token Throughput Per User,tokens/sec/user,p95,4.11
125,1780554287323170560,1780554288323170560,Output Token Throughput Per User,tokens/sec/user,p99,4.11
125,1780554287323170560,1780554288323170560,Output Token Throughput Per User,tokens/sec/user,std,0.00
125,1780554287323170560,1780554288323170560,Prefill Throughput Per User,tokens/sec/user,avg,15666.37
125,1780554287323170560,1780554288323170560,Prefill Throughput Per User,tokens/sec/user,min,15666.37
125,1780554287323170560,1780554288323170560,Prefill Throughput Per User,tokens/sec/user,max,15666.37
125,1780554287323170560,1780554288323170560,Prefill Throughput Per User,tokens/sec/user,sum,15666.37
125,1780554287323170560,1780554288323170560,Prefill Throughput Per User,tokens/sec/user,p1,15666.37
125,1780554287323170560,1780554288323170560,Prefill Throughput Per User,tokens/sec/user,p5,15666.37
125,1780554287323170560,1780554288323170560,Prefill Throughput Per User,tokens/sec/user,p10,15666.37
125,1780554287323170560,1780554288323170560,Prefill Throughput Per User,tokens/sec/user,p25,15666.37
125,1780554287323170560,1780554288323170560,Prefill Throughput Per User,tokens/sec/user,p50,15666.37
125,1780554287323170560,1780554288323170560,Prefill Throughput Per User,tokens/sec/user,p75,15666.37
125,1780554287323170560,1780554288323170560,Prefill Throughput Per User,tokens/sec/user,p90,15666.37
125,1780554287323170560,1780554288323170560,Prefill Throughput Per User,tokens/sec/user,p95,15666.37
125,1780554287323170560,1780554288323170560,Prefill Throughput Per User,tokens/sec/user,p99,15666.37
125,1780554287323170560,1780554288323170560,Prefill Throughput Per User,tokens/sec/user,std,0.00
125,1780554287323170560,1780554288323170560,Request Count,requests,avg,1.00
125,1780554287323170560,1780554288323170560,Request Latency,ms,avg,87182.82
125,1780554287323170560,1780554288323170560,Request Latency,ms,min,87182.82
125,1780554287323170560,1780554288323170560,Request Latency,ms,max,87182.82
125,1780554287323170560,1780554288323170560,Request Latency,ms,sum,87182.82
125,1780554287323170560,1780554288323170560,Request Latency,ms,p1,87182.82
125,1780554287323170560,1780554288323170560,Request Latency,ms,p5,87182.82
125,1780554287323170560,1780554288323170560,Request Latency,ms,p10,87182.82
125,1780554287323170560,1780554288323170560,Request Latency,ms,p25,87182.82
125,1780554287323170560,1780554288323170560,Request Latency,ms,p50,87182.82
125,1780554287323170560,1780554288323170560,Request Latency,ms,p75,87182.82
125,1780554287323170560,1780554288323170560,Request Latency,ms,p90,87182.82
125,1780554287323170560,1780554288323170560,Request Latency,ms,p95,87182.82
125,1780554287323170560,1780554288323170560,Request Latency,ms,p99,87182.82
125,1780554287323170560,1780554288323170560,Request Latency,ms,std,0.00
125,1780554287323170560,1780554288323170560,Request Throughput,requests/sec,avg,1.00
125,1780554287323170560,1780554288323170560,Requested OSL,tokens,avg,345.00
125,1780554287323170560,1780554288323170560,Requested OSL,tokens,min,345.00
125,1780554287323170560,1780554288323170560,Requested OSL,tokens,max,345.00
125,1780554287323170560,1780554288323170560,Requested OSL,tokens,sum,345.00
125,1780554287323170560,1780554288323170560,Requested OSL,tokens,p1,345.00
125,1780554287323170560,1780554288323170560,Requested OSL,tokens,p5,345.00
125,1780554287323170560,1780554288323170560,Requested OSL,tokens,p10,345.00
125,1780554287323170560,1780554288323170560,Requested OSL,tokens,p25,345.00
125,1780554287323170560,1780554288323170560,Requested OSL,tokens,p50,345.00
125,1780554287323170560,1780554288323170560,Requested OSL,tokens,p75,345.00
125,1780554287323170560,1780554288323170560,Requested OSL,tokens,p90,345.00
125,1780554287323170560,1780554288323170560,Requested OSL,tokens,p95,345.00
125,1780554287323170560,1780554288323170560,Requested OSL,tokens,p99,345.00
125,1780554287323170560,1780554288323170560,Requested OSL,tokens,std,0.00
125,1780554287323170560,1780554288323170560,Time to First Output Token,ms,avg,3390.77
125,1780554287323170560,1780554288323170560,Time to First Output Token,ms,min,3390.77
125,1780554287323170560,1780554288323170560,Time to First Output Token,ms,max,3390.77
125,1780554287323170560,1780554288323170560,Time to First Output Token,ms,sum,3390.77
125,1780554287323170560,1780554288323170560,Time to First Output Token,ms,p1,3390.77
125,1780554287323170560,1780554288323170560,Time to First Output Token,ms,p5,3390.77
125,1780554287323170560,1780554288323170560,Time to First Output Token,ms,p10,3390.77
125,1780554287323170560,1780554288323170560,Time to First Output Token,ms,p25,3390.77
125,1780554287323170560,1780554288323170560,Time to First Output Token,ms,p50,3390.77
125,1780554287323170560,1780554288323170560,Time to First Output Token,ms,p75,3390.77
125,1780554287323170560,1780554288323170560,Time to First Output Token,ms,p90,3390.77
125,1780554287323170560,1780554288323170560,Time to First Output Token,ms,p95,3390.77
125,1780554287323170560,1780554288323170560,Time to First Output Token,ms,p99,3390.77
125,1780554287323170560,1780554288323170560,Time to First Output Token,ms,std,0.00
125,1780554287323170560,1780554288323170560,Time to First Token,ms,avg,3390.77
125,1780554287323170560,1780554288323170560,Time to First Token,ms,min,3390.77
125,1780554287323170560,1780554288323170560,Time to First Token,ms,max,3390.77
125,1780554287323170560,1780554288323170560,Time to First Token,ms,sum,3390.77
125,1780554287323170560,1780554288323170560,Time to First Token,ms,p1,3390.77
125,1780554287323170560,1780554288323170560,Time to First Token,ms,p5,3390.77
125,1780554287323170560,1780554288323170560,Time to First Token,ms,p10,3390.77
125,1780554287323170560,1780554288323170560,Time to First Token,ms,p25,3390.77
125,1780554287323170560,1780554288323170560,Time to First Token,ms,p50,3390.77
125,1780554287323170560,1780554288323170560,Time to First Token,ms,p75,3390.77
125,1780554287323170560,1780554288323170560,Time to First Token,ms,p90,3390.77
125,1780554287323170560,1780554288323170560,Time to First Token,ms,p95,3390.77
125,1780554287323170560,1780554288323170560,Time to First Token,ms,p99,3390.77
125,1780554287323170560,1780554288323170560,Time to First Token,ms,std,0.00
125,1780554287323170560,1780554288323170560,Time to Second Token,ms,avg,144.87
125,1780554287323170560,1780554288323170560,Time to Second Token,ms,min,144.87
125,1780554287323170560,1780554288323170560,Time to Second Token,ms,max,144.87
125,1780554287323170560,1780554288323170560,Time to Second Token,ms,sum,144.87
125,1780554287323170560,1780554288323170560,Time to Second Token,ms,p1,144.87
125,1780554287323170560,1780554288323170560,Time to Second Token,ms,p5,144.87
125,1780554287323170560,1780554288323170560,Time to Second Token,ms,p10,144.87
125,1780554287323170560,1780554288323170560,Time to Second Token,ms,p25,144.87
125,1780554287323170560,1780554288323170560,Time to Second Token,ms,p50,144.87
125,1780554287323170560,1780554288323170560,Time to Second Token,ms,p75,144.87
125,1780554287323170560,1780554288323170560,Time to Second Token,ms,p90,144.87
125,1780554287323170560,1780554288323170560,Time to Second Token,ms,p95,144.87
125,1780554287323170560,1780554288323170560,Time to Second Token,ms,p99,144.87
125,1780554287323170560,1780554288323170560,Time to Second Token,ms,std,0.00
125,1780554287323170560,1780554288323170560,Tokens In Flight,tokens,avg,883413.03
125,1780554287323170560,1780554288323170560,Tokens In Flight,tokens,min,883318.53
125,1780554287323170560,1780554288323170560,Tokens In Flight,tokens,max,936554.67
125,1780554287323170560,1780554288323170560,Tokens In Flight,tokens,p50,883376.60
125,1780554287323170560,1780554288323170560,Tokens In Flight,tokens,p90,883424.66
125,1780554287323170560,1780554288323170560,Tokens In Flight,tokens,p95,883426.66
125,1780554287323170560,1780554288323170560,Tokens In Flight,tokens,p99,883433.67
125,1780554287323170560,1780554288323170560,Tokens In Flight,tokens,std,1399.83
125,1780554287323170560,1780554288323170560,Total Input Sequence Length,tokens,avg,53121.00
125,1780554287323170560,1780554288323170560,Total Output Sequence Length,tokens,avg,345.00
125,1780554287323170560,1780554288323170560,Total Output Tokens,tokens,avg,345.00
125,1780554287323170560,1780554288323170560,Total Token Throughput,tokens/sec,avg,53466.00
125,1780554287323170560,1780554288323170560,Total Usage Completion Tokens,tokens,avg,345.00
125,1780554287323170560,1780554288323170560,Total Usage Prompt Tokens,tokens,avg,53121.00
125,1780554287323170560,1780554288323170560,Total Usage Total Tokens,tokens,avg,53466.00
125,1780554287323170560,1780554288323170560,Usage Completion Tokens,tokens,avg,345.00
125,1780554287323170560,1780554288323170560,Usage Completion Tokens,tokens,min,345.00
125,1780554287323170560,1780554288323170560,Usage Completion Tokens,tokens,max,345.00
125,1780554287323170560,1780554288323170560,Usage Completion Tokens,tokens,sum,345.00
125,1780554287323170560,1780554288323170560,Usage Completion Tokens,tokens,p1,345.00
125,1780554287323170560,1780554288323170560,Usage Completion Tokens,tokens,p5,345.00
125,1780554287323170560,1780554288323170560,Usage Completion Tokens,tokens,p10,345.00
125,1780554287323170560,1780554288323170560,Usage Completion Tokens,tokens,p25,345.00
125,1780554287323170560,1780554288323170560,Usage Completion Tokens,tokens,p50,345.00
125,1780554287323170560,1780554288323170560,Usage Completion Tokens,tokens,p75,345.00
125,1780554287323170560,1780554288323170560,Usage Completion Tokens,tokens,p90,345.00
125,1780554287323170560,1780554288323170560,Usage Completion Tokens,tokens,p95,345.00
125,1780554287323170560,1780554288323170560,Usage Completion Tokens,tokens,p99,345.00
125,1780554287323170560,1780554288323170560,Usage Completion Tokens,tokens,std,0.00
125,1780554287323170560,1780554288323170560,Usage Prompt Tokens,tokens,avg,53121.00
125,1780554287323170560,1780554288323170560,Usage Prompt Tokens,tokens,min,53121.00
125,1780554287323170560,1780554288323170560,Usage Prompt Tokens,tokens,max,53121.00
125,1780554287323170560,1780554288323170560,Usage Prompt Tokens,tokens,sum,53121.00
125,1780554287323170560,1780554288323170560,Usage Prompt Tokens,tokens,p1,53121.00
125,1780554287323170560,1780554288323170560,Usage Prompt Tokens,tokens,p5,53121.00
125,1780554287323170560,1780554288323170560,Usage Prompt Tokens,tokens,p10,53121.00
125,1780554287323170560,1780554288323170560,Usage Prompt Tokens,tokens,p25,53121.00
125,1780554287323170560,1780554288323170560,Usage Prompt Tokens,tokens,p50,53121.00
125,1780554287323170560,1780554288323170560,Usage Prompt Tokens,tokens,p75,53121.00
125,1780554287323170560,1780554288323170560,Usage Prompt Tokens,tokens,p90,53121.00
125,1780554287323170560,1780554288323170560,Usage Prompt Tokens,tokens,p95,53121.00
125,1780554287323170560,1780554288323170560,Usage Prompt Tokens,tokens,p99,53121.00
125,1780554287323170560,1780554288323170560,Usage Prompt Tokens,tokens,std,0.00
125,1780554287323170560,1780554288323170560,Usage Total Tokens,tokens,avg,53466.00
125,1780554287323170560,1780554288323170560,Usage Total Tokens,tokens,min,53466.00
125,1780554287323170560,1780554288323170560,Usage Total Tokens,tokens,max,53466.00
125,1780554287323170560,1780554288323170560,Usage Total Tokens,tokens,sum,53466.00
125,1780554287323170560,1780554288323170560,Usage Total Tokens,tokens,p1,53466.00
125,1780554287323170560,1780554288323170560,Usage Total Tokens,tokens,p5,53466.00
125,1780554287323170560,1780554288323170560,Usage Total Tokens,tokens,p10,53466.00
125,1780554287323170560,1780554288323170560,Usage Total Tokens,tokens,p25,53466.00
125,1780554287323170560,1780554288323170560,Usage Total Tokens,tokens,p50,53466.00
125,1780554287323170560,1780554288323170560,Usage Total Tokens,tokens,p75,53466.00
125,1780554287323170560,1780554288323170560,Usage Total Tokens,tokens,p90,53466.00
125,1780554287323170560,1780554288323170560,Usage Total Tokens,tokens,p95,53466.00
125,1780554287323170560,1780554288323170560,Usage Total Tokens,tokens,p99,53466.00
125,1780554287323170560,1780554288323170560,Usage Total Tokens,tokens,std,0.00
126,1780554292323170560,1780554293323170560,Active Decode Throughput,tokens/sec,avg,131.76
126,1780554292323170560,1780554293323170560,Active Decode Throughput,tokens/sec,min,117.03
126,1780554292323170560,1780554293323170560,Active Decode Throughput,tokens/sec,max,146.50
126,1780554292323170560,1780554293323170560,Active Decode Throughput,tokens/sec,p50,131.76
126,1780554292323170560,1780554293323170560,Active Decode Throughput,tokens/sec,p90,131.77
126,1780554292323170560,1780554293323170560,Active Decode Throughput,tokens/sec,p95,131.77
126,1780554292323170560,1780554293323170560,Active Decode Throughput,tokens/sec,p99,131.77
126,1780554292323170560,1780554293323170560,Active Decode Throughput,tokens/sec,std,0.04
126,1780554292323170560,1780554293323170560,Active Decode Throughput Per User,tokens/sec/user,avg,11.98
126,1780554292323170560,1780554293323170560,Active Decode Throughput Per User,tokens/sec/user,min,10.64
126,1780554292323170560,1780554293323170560,Active Decode Throughput Per User,tokens/sec/user,max,13.32
126,1780554292323170560,1780554293323170560,Active Decode Throughput Per User,tokens/sec/user,p50,11.98
126,1780554292323170560,1780554293323170560,Active Decode Throughput Per User,tokens/sec/user,p90,11.98
126,1780554292323170560,1780554293323170560,Active Decode Throughput Per User,tokens/sec/user,p95,11.98
126,1780554292323170560,1780554293323170560,Active Decode Throughput Per User,tokens/sec/user,p99,11.98
126,1780554292323170560,1780554293323170560,Active Decode Throughput Per User,tokens/sec/user,std,0.00
126,1780554292323170560,1780554293323170560,Active Prefill Throughput,tokens/sec,avg,4725.45
126,1780554292323170560,1780554293323170560,Active Prefill Throughput,tokens/sec,min,3370.04
126,1780554292323170560,1780554293323170560,Active Prefill Throughput,tokens/sec,max,5558.97
126,1780554292323170560,1780554293323170560,Active Prefill Throughput,tokens/sec,p50,5558.97
126,1780554292323170560,1780554293323170560,Active Prefill Throughput,tokens/sec,p90,5558.97
126,1780554292323170560,1780554293323170560,Active Prefill Throughput,tokens/sec,p95,5558.97
126,1780554292323170560,1780554293323170560,Active Prefill Throughput,tokens/sec,p99,5558.97
126,1780554292323170560,1780554293323170560,Active Prefill Throughput,tokens/sec,std,1062.90
126,1780554292323170560,1780554293323170560,Active Prefill Throughput Per User,tokens/sec/user,avg,3004.36
126,1780554292323170560,1780554293323170560,Active Prefill Throughput Per User,tokens/sec/user,min,2779.48
126,1780554292323170560,1780554293323170560,Active Prefill Throughput Per User,tokens/sec/user,max,3370.04
126,1780554292323170560,1780554293323170560,Active Prefill Throughput Per User,tokens/sec/user,p50,2779.48
126,1780554292323170560,1780554293323170560,Active Prefill Throughput Per User,tokens/sec/user,p90,3370.04
126,1780554292323170560,1780554293323170560,Active Prefill Throughput Per User,tokens/sec/user,p95,3370.04
126,1780554292323170560,1780554293323170560,Active Prefill Throughput Per User,tokens/sec/user,p99,3370.04
126,1780554292323170560,1780554293323170560,Active Prefill Throughput Per User,tokens/sec/user,std,286.76
126,1780554292323170560,1780554293323170560,Active Total Throughput,tokens/sec,avg,4203.51
126,1780554292323170560,1780554293323170560,Active Total Throughput,tokens/sec,min,62.32
126,1780554292323170560,1780554293323170560,Active Total Throughput,tokens/sec,max,5621.28
126,1780554292323170560,1780554293323170560,Active Total Throughput,tokens/sec,p50,5621.28
126,1780554292323170560,1780554293323170560,Active Total Throughput,tokens/sec,p90,5621.28
126,1780554292323170560,1780554293323170560,Active Total Throughput,tokens/sec,p95,5621.28
126,1780554292323170560,1780554293323170560,Active Total Throughput,tokens/sec,p99,5621.28
126,1780554292323170560,1780554293323170560,Active Total Throughput,tokens/sec,std,1846.51
126,1780554292323170560,1780554293323170560,Benchmark Duration,sec,avg,157.10
126,1780554292323170560,1780554293323170560,E2E Output Token Throughput,tokens/sec/user,avg,2.97
126,1780554292323170560,1780554293323170560,E2E Output Token Throughput,tokens/sec/user,min,0.39
126,1780554292323170560,1780554293323170560,E2E Output Token Throughput,tokens/sec/user,max,5.55
126,1780554292323170560,1780554293323170560,E2E Output Token Throughput,tokens/sec/user,sum,5.94
126,1780554292323170560,1780554293323170560,E2E Output Token Throughput,tokens/sec/user,p1,0.44
126,1780554292323170560,1780554293323170560,E2E Output Token Throughput,tokens/sec/user,p5,0.65
126,1780554292323170560,1780554293323170560,E2E Output Token Throughput,tokens/sec/user,p10,0.91
126,1780554292323170560,1780554293323170560,E2E Output Token Throughput,tokens/sec/user,p25,1.68
126,1780554292323170560,1780554293323170560,E2E Output Token Throughput,tokens/sec/user,p50,2.97
126,1780554292323170560,1780554293323170560,E2E Output Token Throughput,tokens/sec/user,p75,4.26
126,1780554292323170560,1780554293323170560,E2E Output Token Throughput,tokens/sec/user,p90,5.03
126,1780554292323170560,1780554293323170560,E2E Output Token Throughput,tokens/sec/user,p95,5.29
126,1780554292323170560,1780554293323170560,E2E Output Token Throughput,tokens/sec/user,p99,5.50
126,1780554292323170560,1780554293323170560,E2E Output Token Throughput,tokens/sec/user,std,2.58
126,1780554292323170560,1780554293323170560,Effective Concurrency,requests,avg,12.42
126,1780554292323170560,1780554293323170560,Effective Concurrency,requests,min,11.00
126,1780554292323170560,1780554293323170560,Effective Concurrency,requests,max,13.00
126,1780554292323170560,1780554293323170560,Effective Concurrency,requests,p50,13.00
126,1780554292323170560,1780554293323170560,Effective Concurrency,requests,p90,13.00
126,1780554292323170560,1780554293323170560,Effective Concurrency,requests,p95,13.00
126,1780554292323170560,1780554293323170560,Effective Concurrency,requests,p99,13.00
126,1780554292323170560,1780554293323170560,Effective Concurrency,requests,std,0.70
126,1780554292323170560,1780554293323170560,Effective Decode Concurrency,requests,avg,11.00
126,1780554292323170560,1780554293323170560,Effective Decode Concurrency,requests,min,11.00
126,1780554292323170560,1780554293323170560,Effective Decode Concurrency,requests,max,11.00
126,1780554292323170560,1780554293323170560,Effective Decode Concurrency,requests,p50,11.00
126,1780554292323170560,1780554293323170560,Effective Decode Concurrency,requests,p90,11.00
126,1780554292323170560,1780554293323170560,Effective Decode Concurrency,requests,p95,11.00
126,1780554292323170560,1780554293323170560,Effective Decode Concurrency,requests,p99,11.00
126,1780554292323170560,1780554293323170560,Effective Decode Concurrency,requests,std,0.00
126,1780554292323170560,1780554293323170560,Effective Decode Throughput,tokens/sec,avg,131.76
126,1780554292323170560,1780554293323170560,Effective Decode Throughput,tokens/sec,min,117.03
126,1780554292323170560,1780554293323170560,Effective Decode Throughput,tokens/sec,max,146.50
126,1780554292323170560,1780554293323170560,Effective Decode Throughput,tokens/sec,p50,131.76
126,1780554292323170560,1780554293323170560,Effective Decode Throughput,tokens/sec,p90,131.77
126,1780554292323170560,1780554293323170560,Effective Decode Throughput,tokens/sec,p95,131.77
126,1780554292323170560,1780554293323170560,Effective Decode Throughput,tokens/sec,p99,131.77
126,1780554292323170560,1780554293323170560,Effective Decode Throughput,tokens/sec,std,0.04
126,1780554292323170560,1780554293323170560,Effective Decode Throughput Per User,tokens/sec/user,avg,11.98
126,1780554292323170560,1780554293323170560,Effective Decode Throughput Per User,tokens/sec/user,min,10.64
126,1780554292323170560,1780554293323170560,Effective Decode Throughput Per User,tokens/sec/user,max,13.32
126,1780554292323170560,1780554293323170560,Effective Decode Throughput Per User,tokens/sec/user,p50,11.98
126,1780554292323170560,1780554293323170560,Effective Decode Throughput Per User,tokens/sec/user,p90,11.98
126,1780554292323170560,1780554293323170560,Effective Decode Throughput Per User,tokens/sec/user,p95,11.98
126,1780554292323170560,1780554293323170560,Effective Decode Throughput Per User,tokens/sec/user,p99,11.98
126,1780554292323170560,1780554293323170560,Effective Decode Throughput Per User,tokens/sec/user,std,0.00
126,1780554292323170560,1780554293323170560,Effective Prefill Concurrency,requests,avg,1.42
126,1780554292323170560,1780554293323170560,Effective Prefill Concurrency,requests,min,0.00
126,1780554292323170560,1780554293323170560,Effective Prefill Concurrency,requests,max,2.00
126,1780554292323170560,1780554293323170560,Effective Prefill Concurrency,requests,p50,2.00
126,1780554292323170560,1780554293323170560,Effective Prefill Concurrency,requests,p90,2.00
126,1780554292323170560,1780554293323170560,Effective Prefill Concurrency,requests,p95,2.00
126,1780554292323170560,1780554293323170560,Effective Prefill Concurrency,requests,p99,2.00
126,1780554292323170560,1780554293323170560,Effective Prefill Concurrency,requests,std,0.70
126,1780554292323170560,1780554293323170560,Effective Prefill Throughput,tokens/sec,avg,4141.19
126,1780554292323170560,1780554293323170560,Effective Prefill Throughput,tokens/sec,min,0.00
126,1780554292323170560,1780554293323170560,Effective Prefill Throughput,tokens/sec,max,5558.97
126,1780554292323170560,1780554293323170560,Effective Prefill Throughput,tokens/sec,p50,5558.97
126,1780554292323170560,1780554293323170560,Effective Prefill Throughput,tokens/sec,p90,5558.97
126,1780554292323170560,1780554293323170560,Effective Prefill Throughput,tokens/sec,p95,5558.97
126,1780554292323170560,1780554293323170560,Effective Prefill Throughput,tokens/sec,p99,5558.97
126,1780554292323170560,1780554293323170560,Effective Prefill Throughput,tokens/sec,std,1846.51
126,1780554292323170560,1780554293323170560,Effective Prefill Throughput Per User,tokens/sec/user,avg,2632.90
126,1780554292323170560,1780554293323170560,Effective Prefill Throughput Per User,tokens/sec/user,min,0.00
126,1780554292323170560,1780554293323170560,Effective Prefill Throughput Per User,tokens/sec/user,max,3370.04
126,1780554292323170560,1780554293323170560,Effective Prefill Throughput Per User,tokens/sec/user,p50,2779.48
126,1780554292323170560,1780554293323170560,Effective Prefill Throughput Per User,tokens/sec/user,p90,3370.04
126,1780554292323170560,1780554293323170560,Effective Prefill Throughput Per User,tokens/sec/user,p95,3370.04
126,1780554292323170560,1780554293323170560,Effective Prefill Throughput Per User,tokens/sec/user,p99,3370.04
126,1780554292323170560,1780554293323170560,Effective Prefill Throughput Per User,tokens/sec/user,std,1024.74
126,1780554292323170560,1780554293323170560,Effective Total Throughput,tokens/sec,avg,4203.51
126,1780554292323170560,1780554293323170560,Effective Total Throughput,tokens/sec,min,62.32
126,1780554292323170560,1780554293323170560,Effective Total Throughput,tokens/sec,max,5621.28
126,1780554292323170560,1780554293323170560,Effective Total Throughput,tokens/sec,p50,5621.28
126,1780554292323170560,1780554293323170560,Effective Total Throughput,tokens/sec,p90,5621.28
126,1780554292323170560,1780554293323170560,Effective Total Throughput,tokens/sec,p95,5621.28
126,1780554292323170560,1780554293323170560,Effective Total Throughput,tokens/sec,p99,5621.28
126,1780554292323170560,1780554293323170560,Effective Total Throughput,tokens/sec,std,1846.51
126,1780554292323170560,1780554293323170560,HTTP Blocked,ms,avg,0.00
126,1780554292323170560,1780554293323170560,HTTP Blocked,ms,min,0.00
126,1780554292323170560,1780554293323170560,HTTP Blocked,ms,max,0.00
126,1780554292323170560,1780554293323170560,HTTP Blocked,ms,sum,0.00
126,1780554292323170560,1780554293323170560,HTTP Blocked,ms,p1,0.00
126,1780554292323170560,1780554293323170560,HTTP Blocked,ms,p5,0.00
126,1780554292323170560,1780554293323170560,HTTP Blocked,ms,p10,0.00
126,1780554292323170560,1780554293323170560,HTTP Blocked,ms,p25,0.00
126,1780554292323170560,1780554293323170560,HTTP Blocked,ms,p50,0.00
126,1780554292323170560,1780554293323170560,HTTP Blocked,ms,p75,0.00
126,1780554292323170560,1780554293323170560,HTTP Blocked,ms,p90,0.00
126,1780554292323170560,1780554293323170560,HTTP Blocked,ms,p95,0.00
126,1780554292323170560,1780554293323170560,HTTP Blocked,ms,p99,0.00
126,1780554292323170560,1780554293323170560,HTTP Blocked,ms,std,0.00
126,1780554292323170560,1780554293323170560,HTTP Chunks Received,count,avg,441.00
126,1780554292323170560,1780554293323170560,HTTP Chunks Received,count,min,12.00
126,1780554292323170560,1780554293323170560,HTTP Chunks Received,count,max,870.00
126,1780554292323170560,1780554293323170560,HTTP Chunks Received,count,sum,882.00
126,1780554292323170560,1780554293323170560,HTTP Chunks Received,count,p1,20.58
126,1780554292323170560,1780554293323170560,HTTP Chunks Received,count,p5,54.90
126,1780554292323170560,1780554293323170560,HTTP Chunks Received,count,p10,97.80
126,1780554292323170560,1780554293323170560,HTTP Chunks Received,count,p25,226.50
126,1780554292323170560,1780554293323170560,HTTP Chunks Received,count,p50,441.00
126,1780554292323170560,1780554293323170560,HTTP Chunks Received,count,p75,655.50
126,1780554292323170560,1780554293323170560,HTTP Chunks Received,count,p90,784.20
126,1780554292323170560,1780554293323170560,HTTP Chunks Received,count,p95,827.10
126,1780554292323170560,1780554293323170560,HTTP Chunks Received,count,p99,861.42
126,1780554292323170560,1780554293323170560,HTTP Chunks Received,count,std,429.00
126,1780554292323170560,1780554293323170560,HTTP Chunks Sent,count,avg,1.00
126,1780554292323170560,1780554293323170560,HTTP Chunks Sent,count,min,1.00
126,1780554292323170560,1780554293323170560,HTTP Chunks Sent,count,max,1.00
126,1780554292323170560,1780554293323170560,HTTP Chunks Sent,count,sum,2.00
126,1780554292323170560,1780554293323170560,HTTP Chunks Sent,count,p1,1.00
126,1780554292323170560,1780554293323170560,HTTP Chunks Sent,count,p5,1.00
126,1780554292323170560,1780554293323170560,HTTP Chunks Sent,count,p10,1.00
126,1780554292323170560,1780554293323170560,HTTP Chunks Sent,count,p25,1.00
126,1780554292323170560,1780554293323170560,HTTP Chunks Sent,count,p50,1.00
126,1780554292323170560,1780554293323170560,HTTP Chunks Sent,count,p75,1.00
126,1780554292323170560,1780554293323170560,HTTP Chunks Sent,count,p90,1.00
126,1780554292323170560,1780554293323170560,HTTP Chunks Sent,count,p95,1.00
126,1780554292323170560,1780554293323170560,HTTP Chunks Sent,count,p99,1.00
126,1780554292323170560,1780554293323170560,HTTP Chunks Sent,count,std,0.00
126,1780554292323170560,1780554293323170560,HTTP Connecting,ms,avg,0.66
126,1780554292323170560,1780554293323170560,HTTP Connecting,ms,min,0.62
126,1780554292323170560,1780554293323170560,HTTP Connecting,ms,max,0.69
126,1780554292323170560,1780554293323170560,HTTP Connecting,ms,sum,1.31
126,1780554292323170560,1780554293323170560,HTTP Connecting,ms,p1,0.63
126,1780554292323170560,1780554293323170560,HTTP Connecting,ms,p5,0.63
126,1780554292323170560,1780554293323170560,HTTP Connecting,ms,p10,0.63
126,1780554292323170560,1780554293323170560,HTTP Connecting,ms,p25,0.64
126,1780554292323170560,1780554293323170560,HTTP Connecting,ms,p50,0.66
126,1780554292323170560,1780554293323170560,HTTP Connecting,ms,p75,0.67
126,1780554292323170560,1780554293323170560,HTTP Connecting,ms,p90,0.68
126,1780554292323170560,1780554293323170560,HTTP Connecting,ms,p95,0.68
126,1780554292323170560,1780554293323170560,HTTP Connecting,ms,p99,0.69
126,1780554292323170560,1780554293323170560,HTTP Connecting,ms,std,0.03
126,1780554292323170560,1780554293323170560,HTTP Connection Overhead,ms,avg,0.66
126,1780554292323170560,1780554293323170560,HTTP Connection Overhead,ms,min,0.62
126,1780554292323170560,1780554293323170560,HTTP Connection Overhead,ms,max,0.69
126,1780554292323170560,1780554293323170560,HTTP Connection Overhead,ms,sum,1.31
126,1780554292323170560,1780554293323170560,HTTP Connection Overhead,ms,p1,0.63
126,1780554292323170560,1780554293323170560,HTTP Connection Overhead,ms,p5,0.63
126,1780554292323170560,1780554293323170560,HTTP Connection Overhead,ms,p10,0.63
126,1780554292323170560,1780554293323170560,HTTP Connection Overhead,ms,p25,0.64
126,1780554292323170560,1780554293323170560,HTTP Connection Overhead,ms,p50,0.66
126,1780554292323170560,1780554293323170560,HTTP Connection Overhead,ms,p75,0.67
126,1780554292323170560,1780554293323170560,HTTP Connection Overhead,ms,p90,0.68
126,1780554292323170560,1780554293323170560,HTTP Connection Overhead,ms,p95,0.68
126,1780554292323170560,1780554293323170560,HTTP Connection Overhead,ms,p99,0.69
126,1780554292323170560,1780554293323170560,HTTP Connection Overhead,ms,std,0.03
126,1780554292323170560,1780554293323170560,HTTP Connection Reused,ratio,avg,0.00
126,1780554292323170560,1780554293323170560,HTTP Connection Reused,ratio,min,0.00
126,1780554292323170560,1780554293323170560,HTTP Connection Reused,ratio,max,0.00
126,1780554292323170560,1780554293323170560,HTTP Connection Reused,ratio,sum,0.00
126,1780554292323170560,1780554293323170560,HTTP Connection Reused,ratio,p1,0.00
126,1780554292323170560,1780554293323170560,HTTP Connection Reused,ratio,p5,0.00
126,1780554292323170560,1780554293323170560,HTTP Connection Reused,ratio,p10,0.00
126,1780554292323170560,1780554293323170560,HTTP Connection Reused,ratio,p25,0.00
126,1780554292323170560,1780554293323170560,HTTP Connection Reused,ratio,p50,0.00
126,1780554292323170560,1780554293323170560,HTTP Connection Reused,ratio,p75,0.00
126,1780554292323170560,1780554293323170560,HTTP Connection Reused,ratio,p90,0.00
126,1780554292323170560,1780554293323170560,HTTP Connection Reused,ratio,p95,0.00
126,1780554292323170560,1780554293323170560,HTTP Connection Reused,ratio,p99,0.00
126,1780554292323170560,1780554293323170560,HTTP Connection Reused,ratio,std,0.00
126,1780554292323170560,1780554293323170560,HTTP Data Received,KB,avg,110.09
126,1780554292323170560,1780554293323170560,HTTP Data Received,KB,min,3.59
126,1780554292323170560,1780554293323170560,HTTP Data Received,KB,max,216.59
126,1780554292323170560,1780554293323170560,HTTP Data Received,KB,sum,220.18
126,1780554292323170560,1780554293323170560,HTTP Data Received,KB,p1,5.72
126,1780554292323170560,1780554293323170560,HTTP Data Received,KB,p5,14.24
126,1780554292323170560,1780554293323170560,HTTP Data Received,KB,p10,24.89
126,1780554292323170560,1780554293323170560,HTTP Data Received,KB,p25,56.84
126,1780554292323170560,1780554293323170560,HTTP Data Received,KB,p50,110.09
126,1780554292323170560,1780554293323170560,HTTP Data Received,KB,p75,163.34
126,1780554292323170560,1780554293323170560,HTTP Data Received,KB,p90,195.29
126,1780554292323170560,1780554293323170560,HTTP Data Received,KB,p95,205.94
126,1780554292323170560,1780554293323170560,HTTP Data Received,KB,p99,214.46
126,1780554292323170560,1780554293323170560,HTTP Data Received,KB,std,106.50
126,1780554292323170560,1780554293323170560,HTTP Data Sent,KB,avg,301.43
126,1780554292323170560,1780554293323170560,HTTP Data Sent,KB,min,259.97
126,1780554292323170560,1780554293323170560,HTTP Data Sent,KB,max,342.89
126,1780554292323170560,1780554293323170560,HTTP Data Sent,KB,sum,602.85
126,1780554292323170560,1780554293323170560,HTTP Data Sent,KB,p1,260.80
126,1780554292323170560,1780554293323170560,HTTP Data Sent,KB,p5,264.11
126,1780554292323170560,1780554293323170560,HTTP Data Sent,KB,p10,268.26
126,1780554292323170560,1780554293323170560,HTTP Data Sent,KB,p25,280.70
126,1780554292323170560,1780554293323170560,HTTP Data Sent,KB,p50,301.43
126,1780554292323170560,1780554293323170560,HTTP Data Sent,KB,p75,322.16
126,1780554292323170560,1780554293323170560,HTTP Data Sent,KB,p90,334.60
126,1780554292323170560,1780554293323170560,HTTP Data Sent,KB,p95,338.74
126,1780554292323170560,1780554293323170560,HTTP Data Sent,KB,p99,342.06
126,1780554292323170560,1780554293323170560,HTTP Data Sent,KB,std,41.46
126,1780554292323170560,1780554293323170560,HTTP DNS Lookup,ms,avg,0.00
126,1780554292323170560,1780554293323170560,HTTP DNS Lookup,ms,min,0.00
126,1780554292323170560,1780554293323170560,HTTP DNS Lookup,ms,max,0.00
126,1780554292323170560,1780554293323170560,HTTP DNS Lookup,ms,sum,0.00
126,1780554292323170560,1780554293323170560,HTTP DNS Lookup,ms,p1,0.00
126,1780554292323170560,1780554293323170560,HTTP DNS Lookup,ms,p5,0.00
126,1780554292323170560,1780554293323170560,HTTP DNS Lookup,ms,p10,0.00
126,1780554292323170560,1780554293323170560,HTTP DNS Lookup,ms,p25,0.00
126,1780554292323170560,1780554293323170560,HTTP DNS Lookup,ms,p50,0.00
126,1780554292323170560,1780554293323170560,HTTP DNS Lookup,ms,p75,0.00
126,1780554292323170560,1780554293323170560,HTTP DNS Lookup,ms,p90,0.00
126,1780554292323170560,1780554293323170560,HTTP DNS Lookup,ms,p95,0.00
126,1780554292323170560,1780554293323170560,HTTP DNS Lookup,ms,p99,0.00
126,1780554292323170560,1780554293323170560,HTTP DNS Lookup,ms,std,0.00
126,1780554292323170560,1780554293323170560,HTTP Duration (excl. conn),ms,avg,93746.83
126,1780554292323170560,1780554293323170560,HTTP Duration (excl. conn),ms,min,30655.61
126,1780554292323170560,1780554293323170560,HTTP Duration (excl. conn),ms,max,156838.04
126,1780554292323170560,1780554293323170560,HTTP Duration (excl. conn),ms,sum,187493.65
126,1780554292323170560,1780554293323170560,HTTP Duration (excl. conn),ms,p1,31917.43
126,1780554292323170560,1780554293323170560,HTTP Duration (excl. conn),ms,p5,36964.73
126,1780554292323170560,1780554293323170560,HTTP Duration (excl. conn),ms,p10,43273.85
126,1780554292323170560,1780554293323170560,HTTP Duration (excl. conn),ms,p25,62201.22
126,1780554292323170560,1780554293323170560,HTTP Duration (excl. conn),ms,p50,93746.83
126,1780554292323170560,1780554293323170560,HTTP Duration (excl. conn),ms,p75,125292.43
126,1780554292323170560,1780554293323170560,HTTP Duration (excl. conn),ms,p90,144219.80
126,1780554292323170560,1780554293323170560,HTTP Duration (excl. conn),ms,p95,150528.92
126,1780554292323170560,1780554293323170560,HTTP Duration (excl. conn),ms,p99,155576.22
126,1780554292323170560,1780554293323170560,HTTP Duration (excl. conn),ms,std,63091.22
126,1780554292323170560,1780554293323170560,HTTP Receiving,ms,avg,65517.30
126,1780554292323170560,1780554293323170560,HTTP Receiving,ms,min,4375.63
126,1780554292323170560,1780554293323170560,HTTP Receiving,ms,max,126658.98
126,1780554292323170560,1780554293323170560,HTTP Receiving,ms,sum,131034.61
126,1780554292323170560,1780554293323170560,HTTP Receiving,ms,p1,5598.46
126,1780554292323170560,1780554293323170560,HTTP Receiving,ms,p5,10489.80
126,1780554292323170560,1780554293323170560,HTTP Receiving,ms,p10,16603.96
126,1780554292323170560,1780554293323170560,HTTP Receiving,ms,p25,34946.47
126,1780554292323170560,1780554293323170560,HTTP Receiving,ms,p50,65517.30
126,1780554292323170560,1780554293323170560,HTTP Receiving,ms,p75,96088.14
126,1780554292323170560,1780554293323170560,HTTP Receiving,ms,p90,114430.64
126,1780554292323170560,1780554293323170560,HTTP Receiving,ms,p95,120544.81
126,1780554292323170560,1780554293323170560,HTTP Receiving,ms,p99,125436.15
126,1780554292323170560,1780554293323170560,HTTP Receiving,ms,std,61141.68
126,1780554292323170560,1780554293323170560,HTTP Sending,ms,avg,0.94
126,1780554292323170560,1780554293323170560,HTTP Sending,ms,min,0.91
126,1780554292323170560,1780554293323170560,HTTP Sending,ms,max,0.97
126,1780554292323170560,1780554293323170560,HTTP Sending,ms,sum,1.88
126,1780554292323170560,1780554293323170560,HTTP Sending,ms,p1,0.91
126,1780554292323170560,1780554293323170560,HTTP Sending,ms,p5,0.92
126,1780554292323170560,1780554293323170560,HTTP Sending,ms,p10,0.92
126,1780554292323170560,1780554293323170560,HTTP Sending,ms,p25,0.93
126,1780554292323170560,1780554293323170560,HTTP Sending,ms,p50,0.94
126,1780554292323170560,1780554293323170560,HTTP Sending,ms,p75,0.96
126,1780554292323170560,1780554293323170560,HTTP Sending,ms,p90,0.97
126,1780554292323170560,1780554293323170560,HTTP Sending,ms,p95,0.97
126,1780554292323170560,1780554293323170560,HTTP Sending,ms,p99,0.97
126,1780554292323170560,1780554293323170560,HTTP Sending,ms,std,0.03
126,1780554292323170560,1780554293323170560,HTTP Total Time,ms,avg,93747.48
126,1780554292323170560,1780554293323170560,HTTP Total Time,ms,min,30656.30
126,1780554292323170560,1780554293323170560,HTTP Total Time,ms,max,156838.67
126,1780554292323170560,1780554293323170560,HTTP Total Time,ms,sum,187494.96
126,1780554292323170560,1780554293323170560,HTTP Total Time,ms,p1,31918.12
126,1780554292323170560,1780554293323170560,HTTP Total Time,ms,p5,36965.42
126,1780554292323170560,1780554293323170560,HTTP Total Time,ms,p10,43274.53
126,1780554292323170560,1780554293323170560,HTTP Total Time,ms,p25,62201.89
126,1780554292323170560,1780554293323170560,HTTP Total Time,ms,p50,93747.48
126,1780554292323170560,1780554293323170560,HTTP Total Time,ms,p75,125293.07
126,1780554292323170560,1780554293323170560,HTTP Total Time,ms,p90,144220.43
126,1780554292323170560,1780554293323170560,HTTP Total Time,ms,p95,150529.55
126,1780554292323170560,1780554293323170560,HTTP Total Time,ms,p99,155576.84
126,1780554292323170560,1780554293323170560,HTTP Total Time,ms,std,63091.18
126,1780554292323170560,1780554293323170560,HTTP Waiting (TTFB),ms,avg,28228.58
126,1780554292323170560,1780554293323170560,HTTP Waiting (TTFB),ms,min,26279.01
126,1780554292323170560,1780554293323170560,HTTP Waiting (TTFB),ms,max,30178.15
126,1780554292323170560,1780554293323170560,HTTP Waiting (TTFB),ms,sum,56457.16
126,1780554292323170560,1780554293323170560,HTTP Waiting (TTFB),ms,p1,26318.00
126,1780554292323170560,1780554293323170560,HTTP Waiting (TTFB),ms,p5,26473.97
126,1780554292323170560,1780554293323170560,HTTP Waiting (TTFB),ms,p10,26668.92
126,1780554292323170560,1780554293323170560,HTTP Waiting (TTFB),ms,p25,27253.79
126,1780554292323170560,1780554293323170560,HTTP Waiting (TTFB),ms,p50,28228.58
126,1780554292323170560,1780554293323170560,HTTP Waiting (TTFB),ms,p75,29203.36
126,1780554292323170560,1780554293323170560,HTTP Waiting (TTFB),ms,p90,29788.24
126,1780554292323170560,1780554293323170560,HTTP Waiting (TTFB),ms,p95,29983.19
126,1780554292323170560,1780554293323170560,HTTP Waiting (TTFB),ms,p99,30139.16
126,1780554292323170560,1780554293323170560,HTTP Waiting (TTFB),ms,std,1949.57
126,1780554292323170560,1780554293323170560,Input Sequence Length,tokens,avg,77312.50
126,1780554292323170560,1780554293323170560,Input Sequence Length,tokens,min,66060.00
126,1780554292323170560,1780554293323170560,Input Sequence Length,tokens,max,88565.00
126,1780554292323170560,1780554293323170560,Input Sequence Length,tokens,sum,154625.00
126,1780554292323170560,1780554293323170560,Input Sequence Length,tokens,p1,66285.05
126,1780554292323170560,1780554293323170560,Input Sequence Length,tokens,p5,67185.25
126,1780554292323170560,1780554293323170560,Input Sequence Length,tokens,p10,68310.50
126,1780554292323170560,1780554293323170560,Input Sequence Length,tokens,p25,71686.25
126,1780554292323170560,1780554293323170560,Input Sequence Length,tokens,p50,77312.50
126,1780554292323170560,1780554293323170560,Input Sequence Length,tokens,p75,82938.75
126,1780554292323170560,1780554293323170560,Input Sequence Length,tokens,p90,86314.50
126,1780554292323170560,1780554293323170560,Input Sequence Length,tokens,p95,87439.75
126,1780554292323170560,1780554293323170560,Input Sequence Length,tokens,p99,88339.95
126,1780554292323170560,1780554293323170560,Input Sequence Length,tokens,std,11252.50
126,1780554292323170560,1780554293323170560,Input Token Throughput,tokens/sec,avg,154625.00
126,1780554292323170560,1780554293323170560,Inter Chunk Latency,ms,avg,68.84
126,1780554292323170560,1780554293323170560,Inter Chunk Latency,ms,min,68.28
126,1780554292323170560,1780554293323170560,Inter Chunk Latency,ms,max,68.88
126,1780554292323170560,1780554293323170560,Inter Chunk Latency,ms,sum,53830.69
126,1780554292323170560,1780554293323170560,Inter Chunk Latency,ms,p1,68.28
126,1780554292323170560,1780554293323170560,Inter Chunk Latency,ms,p5,68.82
126,1780554292323170560,1780554293323170560,Inter Chunk Latency,ms,p10,68.82
126,1780554292323170560,1780554293323170560,Inter Chunk Latency,ms,p25,68.83
126,1780554292323170560,1780554293323170560,Inter Chunk Latency,ms,p50,68.84
126,1780554292323170560,1780554293323170560,Inter Chunk Latency,ms,p75,68.86
126,1780554292323170560,1780554293323170560,Inter Chunk Latency,ms,p90,68.87
126,1780554292323170560,1780554293323170560,Inter Chunk Latency,ms,p95,68.88
126,1780554292323170560,1780554293323170560,Inter Chunk Latency,ms,p99,68.88
126,1780554292323170560,1780554293323170560,Inter Chunk Latency,ms,std,0.07
126,1780554292323170560,1780554293323170560,Inter Token Latency,ms,avg,271.73
126,1780554292323170560,1780554293323170560,Inter Token Latency,ms,min,145.67
126,1780554292323170560,1780554293323170560,Inter Token Latency,ms,max,397.78
126,1780554292323170560,1780554293323170560,Inter Token Latency,ms,sum,543.46
126,1780554292323170560,1780554293323170560,Inter Token Latency,ms,p1,148.20
126,1780554292323170560,1780554293323170560,Inter Token Latency,ms,p5,158.28
126,1780554292323170560,1780554293323170560,Inter Token Latency,ms,p10,170.89
126,1780554292323170560,1780554293323170560,Inter Token Latency,ms,p25,208.70
126,1780554292323170560,1780554293323170560,Inter Token Latency,ms,p50,271.73
126,1780554292323170560,1780554293323170560,Inter Token Latency,ms,p75,334.76
126,1780554292323170560,1780554293323170560,Inter Token Latency,ms,p90,372.57
126,1780554292323170560,1780554293323170560,Inter Token Latency,ms,p95,385.18
126,1780554292323170560,1780554293323170560,Inter Token Latency,ms,p99,395.26
126,1780554292323170560,1780554293323170560,Inter Token Latency,ms,std,126.05
126,1780554292323170560,1780554293323170560,Maximum Response Timestamp,ns,avg,1780554449550444032.00
126,1780554292323170560,1780554293323170560,Minimum Request Timestamp,ns,avg,1780554292446810880.00
126,1780554292323170560,1780554293323170560,OSL Mismatch Count,requests,avg,0.00
126,1780554292323170560,1780554293323170560,OSL Mismatch Diff %,%,avg,0.00
126,1780554292323170560,1780554293323170560,OSL Mismatch Diff %,%,min,0.00
126,1780554292323170560,1780554293323170560,OSL Mismatch Diff %,%,max,0.00
126,1780554292323170560,1780554293323170560,OSL Mismatch Diff %,%,sum,0.00
126,1780554292323170560,1780554293323170560,OSL Mismatch Diff %,%,p1,0.00
126,1780554292323170560,1780554293323170560,OSL Mismatch Diff %,%,p5,0.00
126,1780554292323170560,1780554293323170560,OSL Mismatch Diff %,%,p10,0.00
126,1780554292323170560,1780554293323170560,OSL Mismatch Diff %,%,p25,0.00
126,1780554292323170560,1780554293323170560,OSL Mismatch Diff %,%,p50,0.00
126,1780554292323170560,1780554293323170560,OSL Mismatch Diff %,%,p75,0.00
126,1780554292323170560,1780554293323170560,OSL Mismatch Diff %,%,p90,0.00
126,1780554292323170560,1780554293323170560,OSL Mismatch Diff %,%,p95,0.00
126,1780554292323170560,1780554293323170560,OSL Mismatch Diff %,%,p99,0.00
126,1780554292323170560,1780554293323170560,OSL Mismatch Diff %,%,std,0.00
126,1780554292323170560,1780554293323170560,Output Sequence Length,tokens,avg,441.00
126,1780554292323170560,1780554293323170560,Output Sequence Length,tokens,min,12.00
126,1780554292323170560,1780554293323170560,Output Sequence Length,tokens,max,870.00
126,1780554292323170560,1780554293323170560,Output Sequence Length,tokens,sum,882.00
126,1780554292323170560,1780554293323170560,Output Sequence Length,tokens,p1,20.58
126,1780554292323170560,1780554293323170560,Output Sequence Length,tokens,p5,54.90
126,1780554292323170560,1780554293323170560,Output Sequence Length,tokens,p10,97.80
126,1780554292323170560,1780554293323170560,Output Sequence Length,tokens,p25,226.50
126,1780554292323170560,1780554293323170560,Output Sequence Length,tokens,p50,441.00
126,1780554292323170560,1780554293323170560,Output Sequence Length,tokens,p75,655.50
126,1780554292323170560,1780554293323170560,Output Sequence Length,tokens,p90,784.20
126,1780554292323170560,1780554293323170560,Output Sequence Length,tokens,p95,827.10
126,1780554292323170560,1780554293323170560,Output Sequence Length,tokens,p99,861.42
126,1780554292323170560,1780554293323170560,Output Sequence Length,tokens,std,429.00
126,1780554292323170560,1780554293323170560,Output Token Count,tokens,avg,441.00
126,1780554292323170560,1780554293323170560,Output Token Count,tokens,min,12.00
126,1780554292323170560,1780554293323170560,Output Token Count,tokens,max,870.00
126,1780554292323170560,1780554293323170560,Output Token Count,tokens,sum,882.00
126,1780554292323170560,1780554293323170560,Output Token Count,tokens,p1,20.58
126,1780554292323170560,1780554293323170560,Output Token Count,tokens,p5,54.90
126,1780554292323170560,1780554293323170560,Output Token Count,tokens,p10,97.80
126,1780554292323170560,1780554293323170560,Output Token Count,tokens,p25,226.50
126,1780554292323170560,1780554293323170560,Output Token Count,tokens,p50,441.00
126,1780554292323170560,1780554293323170560,Output Token Count,tokens,p75,655.50
126,1780554292323170560,1780554293323170560,Output Token Count,tokens,p90,784.20
126,1780554292323170560,1780554293323170560,Output Token Count,tokens,p95,827.10
126,1780554292323170560,1780554293323170560,Output Token Count,tokens,p99,861.42
126,1780554292323170560,1780554293323170560,Output Token Count,tokens,std,429.00
126,1780554292323170560,1780554293323170560,Output Token Throughput,tokens/sec,avg,882.00
126,1780554292323170560,1780554293323170560,Output Token Throughput Per User,tokens/sec/user,avg,4.69
126,1780554292323170560,1780554293323170560,Output Token Throughput Per User,tokens/sec/user,min,2.51
126,1780554292323170560,1780554293323170560,Output Token Throughput Per User,tokens/sec/user,max,6.86
126,1780554292323170560,1780554293323170560,Output Token Throughput Per User,tokens/sec/user,sum,9.38
126,1780554292323170560,1780554293323170560,Output Token Throughput Per User,tokens/sec/user,p1,2.56
126,1780554292323170560,1780554293323170560,Output Token Throughput Per User,tokens/sec/user,p5,2.73
126,1780554292323170560,1780554293323170560,Output Token Throughput Per User,tokens/sec/user,p10,2.95
126,1780554292323170560,1780554293323170560,Output Token Throughput Per User,tokens/sec/user,p25,3.60
126,1780554292323170560,1780554293323170560,Output Token Throughput Per User,tokens/sec/user,p50,4.69
126,1780554292323170560,1780554293323170560,Output Token Throughput Per User,tokens/sec/user,p75,5.78
126,1780554292323170560,1780554293323170560,Output Token Throughput Per User,tokens/sec/user,p90,6.43
126,1780554292323170560,1780554293323170560,Output Token Throughput Per User,tokens/sec/user,p95,6.65
126,1780554292323170560,1780554293323170560,Output Token Throughput Per User,tokens/sec/user,p99,6.82
126,1780554292323170560,1780554293323170560,Output Token Throughput Per User,tokens/sec/user,std,2.18
126,1780554292323170560,1780554293323170560,Prefill Throughput Per User,tokens/sec/user,avg,2779.48
126,1780554292323170560,1780554293323170560,Prefill Throughput Per User,tokens/sec/user,min,2188.93
126,1780554292323170560,1780554293323170560,Prefill Throughput Per User,tokens/sec/user,max,3370.04
126,1780554292323170560,1780554293323170560,Prefill Throughput Per User,tokens/sec/user,sum,5558.97
126,1780554292323170560,1780554293323170560,Prefill Throughput Per User,tokens/sec/user,p1,2200.74
126,1780554292323170560,1780554293323170560,Prefill Throughput Per User,tokens/sec/user,p5,2247.98
126,1780554292323170560,1780554293323170560,Prefill Throughput Per User,tokens/sec/user,p10,2307.04
126,1780554292323170560,1780554293323170560,Prefill Throughput Per User,tokens/sec/user,p25,2484.20
126,1780554292323170560,1780554293323170560,Prefill Throughput Per User,tokens/sec/user,p50,2779.48
126,1780554292323170560,1780554293323170560,Prefill Throughput Per User,tokens/sec/user,p75,3074.76
126,1780554292323170560,1780554293323170560,Prefill Throughput Per User,tokens/sec/user,p90,3251.93
126,1780554292323170560,1780554293323170560,Prefill Throughput Per User,tokens/sec/user,p95,3310.98
126,1780554292323170560,1780554293323170560,Prefill Throughput Per User,tokens/sec/user,p99,3358.23
126,1780554292323170560,1780554293323170560,Prefill Throughput Per User,tokens/sec/user,std,590.56
126,1780554292323170560,1780554293323170560,Request Count,requests,avg,2.00
126,1780554292323170560,1780554293323170560,Request Latency,ms,avg,93712.83
126,1780554292323170560,1780554293323170560,Request Latency,ms,min,30655.73
126,1780554292323170560,1780554293323170560,Request Latency,ms,max,156769.93
126,1780554292323170560,1780554293323170560,Request Latency,ms,sum,187425.65
126,1780554292323170560,1780554293323170560,Request Latency,ms,p1,31916.87
126,1780554292323170560,1780554293323170560,Request Latency,ms,p5,36961.44
126,1780554292323170560,1780554293323170560,Request Latency,ms,p10,43267.15
126,1780554292323170560,1780554293323170560,Request Latency,ms,p25,62184.28
126,1780554292323170560,1780554293323170560,Request Latency,ms,p50,93712.83
126,1780554292323170560,1780554293323170560,Request Latency,ms,p75,125241.38
126,1780554292323170560,1780554293323170560,Request Latency,ms,p90,144158.51
126,1780554292323170560,1780554293323170560,Request Latency,ms,p95,150464.22
126,1780554292323170560,1780554293323170560,Request Latency,ms,p99,155508.78
126,1780554292323170560,1780554293323170560,Request Latency,ms,std,63057.10
126,1780554292323170560,1780554293323170560,Request Throughput,requests/sec,avg,2.00
126,1780554292323170560,1780554293323170560,Requested OSL,tokens,avg,441.00
126,1780554292323170560,1780554293323170560,Requested OSL,tokens,min,12.00
126,1780554292323170560,1780554293323170560,Requested OSL,tokens,max,870.00
126,1780554292323170560,1780554293323170560,Requested OSL,tokens,sum,882.00
126,1780554292323170560,1780554293323170560,Requested OSL,tokens,p1,20.58
126,1780554292323170560,1780554293323170560,Requested OSL,tokens,p5,54.90
126,1780554292323170560,1780554293323170560,Requested OSL,tokens,p10,97.80
126,1780554292323170560,1780554293323170560,Requested OSL,tokens,p25,226.50
126,1780554292323170560,1780554293323170560,Requested OSL,tokens,p50,441.00
126,1780554292323170560,1780554293323170560,Requested OSL,tokens,p75,655.50
126,1780554292323170560,1780554293323170560,Requested OSL,tokens,p90,784.20
126,1780554292323170560,1780554293323170560,Requested OSL,tokens,p95,827.10
126,1780554292323170560,1780554293323170560,Requested OSL,tokens,p99,861.42
126,1780554292323170560,1780554293323170560,Requested OSL,tokens,std,429.00
126,1780554292323170560,1780554293323170560,Time to First Output Token,ms,avg,28229.64
126,1780554292323170560,1780554293323170560,Time to First Output Token,ms,min,26280.11
126,1780554292323170560,1780554293323170560,Time to First Output Token,ms,max,30179.18
126,1780554292323170560,1780554293323170560,Time to First Output Token,ms,sum,56459.29
126,1780554292323170560,1780554293323170560,Time to First Output Token,ms,p1,26319.10
126,1780554292323170560,1780554293323170560,Time to First Output Token,ms,p5,26475.06
126,1780554292323170560,1780554293323170560,Time to First Output Token,ms,p10,26670.01
126,1780554292323170560,1780554293323170560,Time to First Output Token,ms,p25,27254.87
126,1780554292323170560,1780554293323170560,Time to First Output Token,ms,p50,28229.64
126,1780554292323170560,1780554293323170560,Time to First Output Token,ms,p75,29204.41
126,1780554292323170560,1780554293323170560,Time to First Output Token,ms,p90,29789.27
126,1780554292323170560,1780554293323170560,Time to First Output Token,ms,p95,29984.23
126,1780554292323170560,1780554293323170560,Time to First Output Token,ms,p99,30140.19
126,1780554292323170560,1780554293323170560,Time to First Output Token,ms,std,1949.54
126,1780554292323170560,1780554293323170560,Time to First Token,ms,avg,28229.64
126,1780554292323170560,1780554293323170560,Time to First Token,ms,min,26280.11
126,1780554292323170560,1780554293323170560,Time to First Token,ms,max,30179.18
126,1780554292323170560,1780554293323170560,Time to First Token,ms,sum,56459.29
126,1780554292323170560,1780554293323170560,Time to First Token,ms,p1,26319.10
126,1780554292323170560,1780554293323170560,Time to First Token,ms,p5,26475.06
126,1780554292323170560,1780554293323170560,Time to First Token,ms,p10,26670.01
126,1780554292323170560,1780554293323170560,Time to First Token,ms,p25,27254.87
126,1780554292323170560,1780554293323170560,Time to First Token,ms,p50,28229.64
126,1780554292323170560,1780554293323170560,Time to First Token,ms,p75,29204.41
126,1780554292323170560,1780554293323170560,Time to First Token,ms,p90,29789.27
126,1780554292323170560,1780554293323170560,Time to First Token,ms,p95,29984.23
126,1780554292323170560,1780554293323170560,Time to First Token,ms,p99,30140.19
126,1780554292323170560,1780554293323170560,Time to First Token,ms,std,1949.54
126,1780554292323170560,1780554293323170560,Time to Second Token,ms,avg,49.53
126,1780554292323170560,1780554293323170560,Time to Second Token,ms,min,7.62
126,1780554292323170560,1780554293323170560,Time to Second Token,ms,max,91.45
126,1780554292323170560,1780554293323170560,Time to Second Token,ms,sum,99.07
126,1780554292323170560,1780554293323170560,Time to Second Token,ms,p1,8.46
126,1780554292323170560,1780554293323170560,Time to Second Token,ms,p5,11.81
126,1780554292323170560,1780554293323170560,Time to Second Token,ms,p10,16.00
126,1780554292323170560,1780554293323170560,Time to Second Token,ms,p25,28.58
126,1780554292323170560,1780554293323170560,Time to Second Token,ms,p50,49.53
126,1780554292323170560,1780554293323170560,Time to Second Token,ms,p75,70.49
126,1780554292323170560,1780554293323170560,Time to Second Token,ms,p90,83.06
126,1780554292323170560,1780554293323170560,Time to Second Token,ms,p95,87.26
126,1780554292323170560,1780554293323170560,Time to Second Token,ms,p99,90.61
126,1780554292323170560,1780554293323170560,Time to Second Token,ms,std,41.91
126,1780554292323170560,1780554293323170560,Tokens In Flight,tokens,avg,1050562.00
126,1780554292323170560,1780554293323170560,Tokens In Flight,tokens,min,937033.25
126,1780554292323170560,1780554293323170560,Tokens In Flight,tokens,max,1091789.39
126,1780554292323170560,1780554293323170560,Tokens In Flight,tokens,p50,1091724.32
126,1780554292323170560,1780554293323170560,Tokens In Flight,tokens,p90,1091778.38
126,1780554292323170560,1780554293323170560,Tokens In Flight,tokens,p95,1091784.38
126,1780554292323170560,1780554293323170560,Tokens In Flight,tokens,p99,1091788.39
126,1780554292323170560,1780554293323170560,Tokens In Flight,tokens,std,52167.46
126,1780554292323170560,1780554293323170560,Total Input Sequence Length,tokens,avg,154625.00
126,1780554292323170560,1780554293323170560,Total Output Sequence Length,tokens,avg,882.00
126,1780554292323170560,1780554293323170560,Total Output Tokens,tokens,avg,882.00
126,1780554292323170560,1780554293323170560,Total Token Throughput,tokens/sec,avg,155507.00
126,1780554292323170560,1780554293323170560,Total Usage Completion Tokens,tokens,avg,882.00
126,1780554292323170560,1780554293323170560,Total Usage Prompt Tokens,tokens,avg,154625.00
126,1780554292323170560,1780554293323170560,Total Usage Total Tokens,tokens,avg,155507.00
126,1780554292323170560,1780554293323170560,Usage Completion Tokens,tokens,avg,441.00
126,1780554292323170560,1780554293323170560,Usage Completion Tokens,tokens,min,12.00
126,1780554292323170560,1780554293323170560,Usage Completion Tokens,tokens,max,870.00
126,1780554292323170560,1780554293323170560,Usage Completion Tokens,tokens,sum,882.00
126,1780554292323170560,1780554293323170560,Usage Completion Tokens,tokens,p1,20.58
126,1780554292323170560,1780554293323170560,Usage Completion Tokens,tokens,p5,54.90
126,1780554292323170560,1780554293323170560,Usage Completion Tokens,tokens,p10,97.80
126,1780554292323170560,1780554293323170560,Usage Completion Tokens,tokens,p25,226.50
126,1780554292323170560,1780554293323170560,Usage Completion Tokens,tokens,p50,441.00
126,1780554292323170560,1780554293323170560,Usage Completion Tokens,tokens,p75,655.50
126,1780554292323170560,1780554293323170560,Usage Completion Tokens,tokens,p90,784.20
126,1780554292323170560,1780554293323170560,Usage Completion Tokens,tokens,p95,827.10
126,1780554292323170560,1780554293323170560,Usage Completion Tokens,tokens,p99,861.42
126,1780554292323170560,1780554293323170560,Usage Completion Tokens,tokens,std,429.00
126,1780554292323170560,1780554293323170560,Usage Prompt Tokens,tokens,avg,77312.50
126,1780554292323170560,1780554293323170560,Usage Prompt Tokens,tokens,min,66060.00
126,1780554292323170560,1780554293323170560,Usage Prompt Tokens,tokens,max,88565.00
126,1780554292323170560,1780554293323170560,Usage Prompt Tokens,tokens,sum,154625.00
126,1780554292323170560,1780554293323170560,Usage Prompt Tokens,tokens,p1,66285.05
126,1780554292323170560,1780554293323170560,Usage Prompt Tokens,tokens,p5,67185.25
126,1780554292323170560,1780554293323170560,Usage Prompt Tokens,tokens,p10,68310.50
126,1780554292323170560,1780554293323170560,Usage Prompt Tokens,tokens,p25,71686.25
126,1780554292323170560,1780554293323170560,Usage Prompt Tokens,tokens,p50,77312.50
126,1780554292323170560,1780554293323170560,Usage Prompt Tokens,tokens,p75,82938.75
126,1780554292323170560,1780554293323170560,Usage Prompt Tokens,tokens,p90,86314.50
126,1780554292323170560,1780554293323170560,Usage Prompt Tokens,tokens,p95,87439.75
126,1780554292323170560,1780554293323170560,Usage Prompt Tokens,tokens,p99,88339.95
126,1780554292323170560,1780554293323170560,Usage Prompt Tokens,tokens,std,11252.50
126,1780554292323170560,1780554293323170560,Usage Total Tokens,tokens,avg,77753.50
126,1780554292323170560,1780554293323170560,Usage Total Tokens,tokens,min,66930.00
126,1780554292323170560,1780554293323170560,Usage Total Tokens,tokens,max,88577.00
126,1780554292323170560,1780554293323170560,Usage Total Tokens,tokens,sum,155507.00
126,1780554292323170560,1780554293323170560,Usage Total Tokens,tokens,p1,67146.47
126,1780554292323170560,1780554293323170560,Usage Total Tokens,tokens,p5,68012.35
126,1780554292323170560,1780554293323170560,Usage Total Tokens,tokens,p10,69094.70
126,1780554292323170560,1780554293323170560,Usage Total Tokens,tokens,p25,72341.75
126,1780554292323170560,1780554293323170560,Usage Total Tokens,tokens,p50,77753.50
126,1780554292323170560,1780554293323170560,Usage Total Tokens,tokens,p75,83165.25
126,1780554292323170560,1780554293323170560,Usage Total Tokens,tokens,p90,86412.30
126,1780554292323170560,1780554293323170560,Usage Total Tokens,tokens,p95,87494.65
126,1780554292323170560,1780554293323170560,Usage Total Tokens,tokens,p99,88360.53
126,1780554292323170560,1780554293323170560,Usage Total Tokens,tokens,std,10823.50
127,1780554293323170560,1780554294323170560,Active Decode Throughput,tokens/sec,avg,131.76
127,1780554293323170560,1780554294323170560,Active Decode Throughput,tokens/sec,min,117.03
127,1780554293323170560,1780554294323170560,Active Decode Throughput,tokens/sec,max,146.50
127,1780554293323170560,1780554294323170560,Active Decode Throughput,tokens/sec,p50,131.76
127,1780554293323170560,1780554294323170560,Active Decode Throughput,tokens/sec,p90,131.76
127,1780554293323170560,1780554294323170560,Active Decode Throughput,tokens/sec,p95,131.76
127,1780554293323170560,1780554294323170560,Active Decode Throughput,tokens/sec,p99,131.76
127,1780554293323170560,1780554294323170560,Active Decode Throughput,tokens/sec,std,0.04
127,1780554293323170560,1780554294323170560,Active Decode Throughput Per User,tokens/sec/user,avg,11.98
127,1780554293323170560,1780554294323170560,Active Decode Throughput Per User,tokens/sec/user,min,10.64
127,1780554293323170560,1780554294323170560,Active Decode Throughput Per User,tokens/sec/user,max,13.32
127,1780554293323170560,1780554294323170560,Active Decode Throughput Per User,tokens/sec/user,p50,11.98
127,1780554293323170560,1780554294323170560,Active Decode Throughput Per User,tokens/sec/user,p90,11.98
127,1780554293323170560,1780554294323170560,Active Decode Throughput Per User,tokens/sec/user,p95,11.98
127,1780554293323170560,1780554294323170560,Active Decode Throughput Per User,tokens/sec/user,p99,11.98
127,1780554293323170560,1780554294323170560,Active Decode Throughput Per User,tokens/sec/user,std,0.00
127,1780554293323170560,1780554294323170560,Active Prefill Throughput,tokens/sec,avg,5694.63
127,1780554293323170560,1780554294323170560,Active Prefill Throughput,tokens/sec,min,5558.97
127,1780554293323170560,1780554294323170560,Active Prefill Throughput,tokens/sec,max,6771.69
127,1780554293323170560,1780554294323170560,Active Prefill Throughput,tokens/sec,p50,5558.97
127,1780554293323170560,1780554294323170560,Active Prefill Throughput,tokens/sec,p90,6771.69
127,1780554293323170560,1780554294323170560,Active Prefill Throughput,tokens/sec,p95,6771.69
127,1780554293323170560,1780554294323170560,Active Prefill Throughput,tokens/sec,p99,6771.69
127,1780554293323170560,1780554294323170560,Active Prefill Throughput,tokens/sec,std,382.25
127,1780554293323170560,1780554294323170560,Active Prefill Throughput Per User,tokens/sec/user,avg,2721.06
127,1780554293323170560,1780554294323170560,Active Prefill Throughput Per User,tokens/sec/user,min,2257.23
127,1780554293323170560,1780554294323170560,Active Prefill Throughput Per User,tokens/sec/user,max,2779.48
127,1780554293323170560,1780554294323170560,Active Prefill Throughput Per User,tokens/sec/user,p50,2779.48
127,1780554293323170560,1780554294323170560,Active Prefill Throughput Per User,tokens/sec/user,p90,2779.48
127,1780554293323170560,1780554294323170560,Active Prefill Throughput Per User,tokens/sec/user,p95,2779.48
127,1780554293323170560,1780554294323170560,Active Prefill Throughput Per User,tokens/sec/user,p99,2779.48
127,1780554293323170560,1780554294323170560,Active Prefill Throughput Per User,tokens/sec/user,std,164.61
127,1780554293323170560,1780554294323170560,Active Total Throughput,tokens/sec,avg,5756.95
127,1780554293323170560,1780554294323170560,Active Total Throughput,tokens/sec,min,5621.28
127,1780554293323170560,1780554294323170560,Active Total Throughput,tokens/sec,max,6834.01
127,1780554293323170560,1780554294323170560,Active Total Throughput,tokens/sec,p50,5621.28
127,1780554293323170560,1780554294323170560,Active Total Throughput,tokens/sec,p90,6834.01
127,1780554293323170560,1780554294323170560,Active Total Throughput,tokens/sec,p95,6834.01
127,1780554293323170560,1780554294323170560,Active Total Throughput,tokens/sec,p99,6834.01
127,1780554293323170560,1780554294323170560,Active Total Throughput,tokens/sec,std,382.25
127,1780554293323170560,1780554294323170560,Benchmark Duration,sec,avg,156.53
127,1780554293323170560,1780554294323170560,E2E Output Token Throughput,tokens/sec/user,avg,5.62
127,1780554293323170560,1780554294323170560,E2E Output Token Throughput,tokens/sec/user,min,5.62
127,1780554293323170560,1780554294323170560,E2E Output Token Throughput,tokens/sec/user,max,5.62
127,1780554293323170560,1780554294323170560,E2E Output Token Throughput,tokens/sec/user,sum,5.62
127,1780554293323170560,1780554294323170560,E2E Output Token Throughput,tokens/sec/user,p1,5.62
127,1780554293323170560,1780554294323170560,E2E Output Token Throughput,tokens/sec/user,p5,5.62
127,1780554293323170560,1780554294323170560,E2E Output Token Throughput,tokens/sec/user,p10,5.62
127,1780554293323170560,1780554294323170560,E2E Output Token Throughput,tokens/sec/user,p25,5.62
127,1780554293323170560,1780554294323170560,E2E Output Token Throughput,tokens/sec/user,p50,5.62
127,1780554293323170560,1780554294323170560,E2E Output Token Throughput,tokens/sec/user,p75,5.62
127,1780554293323170560,1780554294323170560,E2E Output Token Throughput,tokens/sec/user,p90,5.62
127,1780554293323170560,1780554294323170560,E2E Output Token Throughput,tokens/sec/user,p95,5.62
127,1780554293323170560,1780554294323170560,E2E Output Token Throughput,tokens/sec/user,p99,5.62
127,1780554293323170560,1780554294323170560,E2E Output Token Throughput,tokens/sec/user,std,0.00
127,1780554293323170560,1780554294323170560,Effective Concurrency,requests,avg,13.11
127,1780554293323170560,1780554294323170560,Effective Concurrency,requests,min,13.00
127,1780554293323170560,1780554294323170560,Effective Concurrency,requests,max,14.00
127,1780554293323170560,1780554294323170560,Effective Concurrency,requests,p50,13.00
127,1780554293323170560,1780554294323170560,Effective Concurrency,requests,p90,14.00
127,1780554293323170560,1780554294323170560,Effective Concurrency,requests,p95,14.00
127,1780554293323170560,1780554294323170560,Effective Concurrency,requests,p99,14.00
127,1780554293323170560,1780554294323170560,Effective Concurrency,requests,std,0.32
127,1780554293323170560,1780554294323170560,Effective Decode Concurrency,requests,avg,11.00
127,1780554293323170560,1780554294323170560,Effective Decode Concurrency,requests,min,11.00
127,1780554293323170560,1780554294323170560,Effective Decode Concurrency,requests,max,11.00
127,1780554293323170560,1780554294323170560,Effective Decode Concurrency,requests,p50,11.00
127,1780554293323170560,1780554294323170560,Effective Decode Concurrency,requests,p90,11.00
127,1780554293323170560,1780554294323170560,Effective Decode Concurrency,requests,p95,11.00
127,1780554293323170560,1780554294323170560,Effective Decode Concurrency,requests,p99,11.00
127,1780554293323170560,1780554294323170560,Effective Decode Concurrency,requests,std,0.00
127,1780554293323170560,1780554294323170560,Effective Decode Throughput,tokens/sec,avg,131.76
127,1780554293323170560,1780554294323170560,Effective Decode Throughput,tokens/sec,min,117.03
127,1780554293323170560,1780554294323170560,Effective Decode Throughput,tokens/sec,max,146.50
127,1780554293323170560,1780554294323170560,Effective Decode Throughput,tokens/sec,p50,131.76
127,1780554293323170560,1780554294323170560,Effective Decode Throughput,tokens/sec,p90,131.76
127,1780554293323170560,1780554294323170560,Effective Decode Throughput,tokens/sec,p95,131.76
127,1780554293323170560,1780554294323170560,Effective Decode Throughput,tokens/sec,p99,131.76
127,1780554293323170560,1780554294323170560,Effective Decode Throughput,tokens/sec,std,0.04
127,1780554293323170560,1780554294323170560,Effective Decode Throughput Per User,tokens/sec/user,avg,11.98
127,1780554293323170560,1780554294323170560,Effective Decode Throughput Per User,tokens/sec/user,min,10.64
127,1780554293323170560,1780554294323170560,Effective Decode Throughput Per User,tokens/sec/user,max,13.32
127,1780554293323170560,1780554294323170560,Effective Decode Throughput Per User,tokens/sec/user,p50,11.98
127,1780554293323170560,1780554294323170560,Effective Decode Throughput Per User,tokens/sec/user,p90,11.98
127,1780554293323170560,1780554294323170560,Effective Decode Throughput Per User,tokens/sec/user,p95,11.98
127,1780554293323170560,1780554294323170560,Effective Decode Throughput Per User,tokens/sec/user,p99,11.98
127,1780554293323170560,1780554294323170560,Effective Decode Throughput Per User,tokens/sec/user,std,0.00
127,1780554293323170560,1780554294323170560,Effective Prefill Concurrency,requests,avg,2.11
127,1780554293323170560,1780554294323170560,Effective Prefill Concurrency,requests,min,2.00
127,1780554293323170560,1780554294323170560,Effective Prefill Concurrency,requests,max,3.00
127,1780554293323170560,1780554294323170560,Effective Prefill Concurrency,requests,p50,2.00
127,1780554293323170560,1780554294323170560,Effective Prefill Concurrency,requests,p90,3.00
127,1780554293323170560,1780554294323170560,Effective Prefill Concurrency,requests,p95,3.00
127,1780554293323170560,1780554294323170560,Effective Prefill Concurrency,requests,p99,3.00
127,1780554293323170560,1780554294323170560,Effective Prefill Concurrency,requests,std,0.32
127,1780554293323170560,1780554294323170560,Effective Prefill Throughput,tokens/sec,avg,5694.63
127,1780554293323170560,1780554294323170560,Effective Prefill Throughput,tokens/sec,min,5558.97
127,1780554293323170560,1780554294323170560,Effective Prefill Throughput,tokens/sec,max,6771.69
127,1780554293323170560,1780554294323170560,Effective Prefill Throughput,tokens/sec,p50,5558.97
127,1780554293323170560,1780554294323170560,Effective Prefill Throughput,tokens/sec,p90,6771.69
127,1780554293323170560,1780554294323170560,Effective Prefill Throughput,tokens/sec,p95,6771.69
127,1780554293323170560,1780554294323170560,Effective Prefill Throughput,tokens/sec,p99,6771.69
127,1780554293323170560,1780554294323170560,Effective Prefill Throughput,tokens/sec,std,382.25
127,1780554293323170560,1780554294323170560,Effective Prefill Throughput Per User,tokens/sec/user,avg,2721.06
127,1780554293323170560,1780554294323170560,Effective Prefill Throughput Per User,tokens/sec/user,min,2257.23
127,1780554293323170560,1780554294323170560,Effective Prefill Throughput Per User,tokens/sec/user,max,2779.48
127,1780554293323170560,1780554294323170560,Effective Prefill Throughput Per User,tokens/sec/user,p50,2779.48
127,1780554293323170560,1780554294323170560,Effective Prefill Throughput Per User,tokens/sec/user,p90,2779.48
127,1780554293323170560,1780554294323170560,Effective Prefill Throughput Per User,tokens/sec/user,p95,2779.48
127,1780554293323170560,1780554294323170560,Effective Prefill Throughput Per User,tokens/sec/user,p99,2779.48
127,1780554293323170560,1780554294323170560,Effective Prefill Throughput Per User,tokens/sec/user,std,164.61
127,1780554293323170560,1780554294323170560,Effective Total Throughput,tokens/sec,avg,5756.95
127,1780554293323170560,1780554294323170560,Effective Total Throughput,tokens/sec,min,5621.28
127,1780554293323170560,1780554294323170560,Effective Total Throughput,tokens/sec,max,6834.01
127,1780554293323170560,1780554294323170560,Effective Total Throughput,tokens/sec,p50,5621.28
127,1780554293323170560,1780554294323170560,Effective Total Throughput,tokens/sec,p90,6834.01
127,1780554293323170560,1780554294323170560,Effective Total Throughput,tokens/sec,p95,6834.01
127,1780554293323170560,1780554294323170560,Effective Total Throughput,tokens/sec,p99,6834.01
127,1780554293323170560,1780554294323170560,Effective Total Throughput,tokens/sec,std,382.25
127,1780554293323170560,1780554294323170560,HTTP Blocked,ms,avg,0.00
127,1780554293323170560,1780554294323170560,HTTP Blocked,ms,min,0.00
127,1780554293323170560,1780554294323170560,HTTP Blocked,ms,max,0.00
127,1780554293323170560,1780554294323170560,HTTP Blocked,ms,sum,0.00
127,1780554293323170560,1780554294323170560,HTTP Blocked,ms,p1,0.00
127,1780554293323170560,1780554294323170560,HTTP Blocked,ms,p5,0.00
127,1780554293323170560,1780554294323170560,HTTP Blocked,ms,p10,0.00
127,1780554293323170560,1780554294323170560,HTTP Blocked,ms,p25,0.00
127,1780554293323170560,1780554294323170560,HTTP Blocked,ms,p50,0.00
127,1780554293323170560,1780554294323170560,HTTP Blocked,ms,p75,0.00
127,1780554293323170560,1780554294323170560,HTTP Blocked,ms,p90,0.00
127,1780554293323170560,1780554294323170560,HTTP Blocked,ms,p95,0.00
127,1780554293323170560,1780554294323170560,HTTP Blocked,ms,p99,0.00
127,1780554293323170560,1780554294323170560,HTTP Blocked,ms,std,0.00
127,1780554293323170560,1780554294323170560,HTTP Chunks Received,count,avg,880.00
127,1780554293323170560,1780554294323170560,HTTP Chunks Received,count,min,880.00
127,1780554293323170560,1780554294323170560,HTTP Chunks Received,count,max,880.00
127,1780554293323170560,1780554294323170560,HTTP Chunks Received,count,sum,880.00
127,1780554293323170560,1780554294323170560,HTTP Chunks Received,count,p1,880.00
127,1780554293323170560,1780554294323170560,HTTP Chunks Received,count,p5,880.00
127,1780554293323170560,1780554294323170560,HTTP Chunks Received,count,p10,880.00
127,1780554293323170560,1780554294323170560,HTTP Chunks Received,count,p25,880.00
127,1780554293323170560,1780554294323170560,HTTP Chunks Received,count,p50,880.00
127,1780554293323170560,1780554294323170560,HTTP Chunks Received,count,p75,880.00
127,1780554293323170560,1780554294323170560,HTTP Chunks Received,count,p90,880.00
127,1780554293323170560,1780554294323170560,HTTP Chunks Received,count,p95,880.00
127,1780554293323170560,1780554294323170560,HTTP Chunks Received,count,p99,880.00
127,1780554293323170560,1780554294323170560,HTTP Chunks Received,count,std,0.00
127,1780554293323170560,1780554294323170560,HTTP Chunks Sent,count,avg,1.00
127,1780554293323170560,1780554294323170560,HTTP Chunks Sent,count,min,1.00
127,1780554293323170560,1780554294323170560,HTTP Chunks Sent,count,max,1.00
127,1780554293323170560,1780554294323170560,HTTP Chunks Sent,count,sum,1.00
127,1780554293323170560,1780554294323170560,HTTP Chunks Sent,count,p1,1.00
127,1780554293323170560,1780554294323170560,HTTP Chunks Sent,count,p5,1.00
127,1780554293323170560,1780554294323170560,HTTP Chunks Sent,count,p10,1.00
127,1780554293323170560,1780554294323170560,HTTP Chunks Sent,count,p25,1.00
127,1780554293323170560,1780554294323170560,HTTP Chunks Sent,count,p50,1.00
127,1780554293323170560,1780554294323170560,HTTP Chunks Sent,count,p75,1.00
127,1780554293323170560,1780554294323170560,HTTP Chunks Sent,count,p90,1.00
127,1780554293323170560,1780554294323170560,HTTP Chunks Sent,count,p95,1.00
127,1780554293323170560,1780554294323170560,HTTP Chunks Sent,count,p99,1.00
127,1780554293323170560,1780554294323170560,HTTP Chunks Sent,count,std,0.00
127,1780554293323170560,1780554294323170560,HTTP Connecting,ms,avg,0.62
127,1780554293323170560,1780554294323170560,HTTP Connecting,ms,min,0.62
127,1780554293323170560,1780554294323170560,HTTP Connecting,ms,max,0.62
127,1780554293323170560,1780554294323170560,HTTP Connecting,ms,sum,0.62
127,1780554293323170560,1780554294323170560,HTTP Connecting,ms,p1,0.62
127,1780554293323170560,1780554294323170560,HTTP Connecting,ms,p5,0.62
127,1780554293323170560,1780554294323170560,HTTP Connecting,ms,p10,0.62
127,1780554293323170560,1780554294323170560,HTTP Connecting,ms,p25,0.62
127,1780554293323170560,1780554294323170560,HTTP Connecting,ms,p50,0.62
127,1780554293323170560,1780554294323170560,HTTP Connecting,ms,p75,0.62
127,1780554293323170560,1780554294323170560,HTTP Connecting,ms,p90,0.62
127,1780554293323170560,1780554294323170560,HTTP Connecting,ms,p95,0.62
127,1780554293323170560,1780554294323170560,HTTP Connecting,ms,p99,0.62
127,1780554293323170560,1780554294323170560,HTTP Connecting,ms,std,0.00
127,1780554293323170560,1780554294323170560,HTTP Connection Overhead,ms,avg,0.62
127,1780554293323170560,1780554294323170560,HTTP Connection Overhead,ms,min,0.62
127,1780554293323170560,1780554294323170560,HTTP Connection Overhead,ms,max,0.62
127,1780554293323170560,1780554294323170560,HTTP Connection Overhead,ms,sum,0.62
127,1780554293323170560,1780554294323170560,HTTP Connection Overhead,ms,p1,0.62
127,1780554293323170560,1780554294323170560,HTTP Connection Overhead,ms,p5,0.62
127,1780554293323170560,1780554294323170560,HTTP Connection Overhead,ms,p10,0.62
127,1780554293323170560,1780554294323170560,HTTP Connection Overhead,ms,p25,0.62
127,1780554293323170560,1780554294323170560,HTTP Connection Overhead,ms,p50,0.62
127,1780554293323170560,1780554294323170560,HTTP Connection Overhead,ms,p75,0.62
127,1780554293323170560,1780554294323170560,HTTP Connection Overhead,ms,p90,0.62
127,1780554293323170560,1780554294323170560,HTTP Connection Overhead,ms,p95,0.62
127,1780554293323170560,1780554294323170560,HTTP Connection Overhead,ms,p99,0.62
127,1780554293323170560,1780554294323170560,HTTP Connection Overhead,ms,std,0.00
127,1780554293323170560,1780554294323170560,HTTP Connection Reused,ratio,avg,0.00
127,1780554293323170560,1780554294323170560,HTTP Connection Reused,ratio,min,0.00
127,1780554293323170560,1780554294323170560,HTTP Connection Reused,ratio,max,0.00
127,1780554293323170560,1780554294323170560,HTTP Connection Reused,ratio,sum,0.00
127,1780554293323170560,1780554294323170560,HTTP Connection Reused,ratio,p1,0.00
127,1780554293323170560,1780554294323170560,HTTP Connection Reused,ratio,p5,0.00
127,1780554293323170560,1780554294323170560,HTTP Connection Reused,ratio,p10,0.00
127,1780554293323170560,1780554294323170560,HTTP Connection Reused,ratio,p25,0.00
127,1780554293323170560,1780554294323170560,HTTP Connection Reused,ratio,p50,0.00
127,1780554293323170560,1780554294323170560,HTTP Connection Reused,ratio,p75,0.00
127,1780554293323170560,1780554294323170560,HTTP Connection Reused,ratio,p90,0.00
127,1780554293323170560,1780554294323170560,HTTP Connection Reused,ratio,p95,0.00
127,1780554293323170560,1780554294323170560,HTTP Connection Reused,ratio,p99,0.00
127,1780554293323170560,1780554294323170560,HTTP Connection Reused,ratio,std,0.00
127,1780554293323170560,1780554294323170560,HTTP Data Received,KB,avg,218.94
127,1780554293323170560,1780554294323170560,HTTP Data Received,KB,min,218.94
127,1780554293323170560,1780554294323170560,HTTP Data Received,KB,max,218.94
127,1780554293323170560,1780554294323170560,HTTP Data Received,KB,sum,218.94
127,1780554293323170560,1780554294323170560,HTTP Data Received,KB,p1,218.94
127,1780554293323170560,1780554294323170560,HTTP Data Received,KB,p5,218.94
127,1780554293323170560,1780554294323170560,HTTP Data Received,KB,p10,218.94
127,1780554293323170560,1780554294323170560,HTTP Data Received,KB,p25,218.94
127,1780554293323170560,1780554294323170560,HTTP Data Received,KB,p50,218.94
127,1780554293323170560,1780554294323170560,HTTP Data Received,KB,p75,218.94
127,1780554293323170560,1780554294323170560,HTTP Data Received,KB,p90,218.94
127,1780554293323170560,1780554294323170560,HTTP Data Received,KB,p95,218.94
127,1780554293323170560,1780554294323170560,HTTP Data Received,KB,p99,218.94
127,1780554293323170560,1780554294323170560,HTTP Data Received,KB,std,0.00
127,1780554293323170560,1780554294323170560,HTTP Data Sent,KB,avg,141.82
127,1780554293323170560,1780554294323170560,HTTP Data Sent,KB,min,141.82
127,1780554293323170560,1780554294323170560,HTTP Data Sent,KB,max,141.82
127,1780554293323170560,1780554294323170560,HTTP Data Sent,KB,sum,141.82
127,1780554293323170560,1780554294323170560,HTTP Data Sent,KB,p1,141.82
127,1780554293323170560,1780554294323170560,HTTP Data Sent,KB,p5,141.82
127,1780554293323170560,1780554294323170560,HTTP Data Sent,KB,p10,141.82
127,1780554293323170560,1780554294323170560,HTTP Data Sent,KB,p25,141.82
127,1780554293323170560,1780554294323170560,HTTP Data Sent,KB,p50,141.82
127,1780554293323170560,1780554294323170560,HTTP Data Sent,KB,p75,141.82
127,1780554293323170560,1780554294323170560,HTTP Data Sent,KB,p90,141.82
127,1780554293323170560,1780554294323170560,HTTP Data Sent,KB,p95,141.82
127,1780554293323170560,1780554294323170560,HTTP Data Sent,KB,p99,141.82
127,1780554293323170560,1780554294323170560,HTTP Data Sent,KB,std,0.00
127,1780554293323170560,1780554294323170560,HTTP DNS Lookup,ms,avg,0.00
127,1780554293323170560,1780554294323170560,HTTP DNS Lookup,ms,min,0.00
127,1780554293323170560,1780554294323170560,HTTP DNS Lookup,ms,max,0.00
127,1780554293323170560,1780554294323170560,HTTP DNS Lookup,ms,sum,0.00
127,1780554293323170560,1780554294323170560,HTTP DNS Lookup,ms,p1,0.00
127,1780554293323170560,1780554294323170560,HTTP DNS Lookup,ms,p5,0.00
127,1780554293323170560,1780554294323170560,HTTP DNS Lookup,ms,p10,0.00
127,1780554293323170560,1780554294323170560,HTTP DNS Lookup,ms,p25,0.00
127,1780554293323170560,1780554294323170560,HTTP DNS Lookup,ms,p50,0.00
127,1780554293323170560,1780554294323170560,HTTP DNS Lookup,ms,p75,0.00
127,1780554293323170560,1780554294323170560,HTTP DNS Lookup,ms,p90,0.00
127,1780554293323170560,1780554294323170560,HTTP DNS Lookup,ms,p95,0.00
127,1780554293323170560,1780554294323170560,HTTP DNS Lookup,ms,p99,0.00
127,1780554293323170560,1780554294323170560,HTTP DNS Lookup,ms,std,0.00
127,1780554293323170560,1780554294323170560,HTTP Duration (excl. conn),ms,avg,156527.28
127,1780554293323170560,1780554294323170560,HTTP Duration (excl. conn),ms,min,156527.28
127,1780554293323170560,1780554294323170560,HTTP Duration (excl. conn),ms,max,156527.28
127,1780554293323170560,1780554294323170560,HTTP Duration (excl. conn),ms,sum,156527.28
127,1780554293323170560,1780554294323170560,HTTP Duration (excl. conn),ms,p1,156527.28
127,1780554293323170560,1780554294323170560,HTTP Duration (excl. conn),ms,p5,156527.28
127,1780554293323170560,1780554294323170560,HTTP Duration (excl. conn),ms,p10,156527.28
127,1780554293323170560,1780554294323170560,HTTP Duration (excl. conn),ms,p25,156527.28
127,1780554293323170560,1780554294323170560,HTTP Duration (excl. conn),ms,p50,156527.28
127,1780554293323170560,1780554294323170560,HTTP Duration (excl. conn),ms,p75,156527.28
127,1780554293323170560,1780554294323170560,HTTP Duration (excl. conn),ms,p90,156527.28
127,1780554293323170560,1780554294323170560,HTTP Duration (excl. conn),ms,p95,156527.28
127,1780554293323170560,1780554294323170560,HTTP Duration (excl. conn),ms,p99,156527.28
127,1780554293323170560,1780554294323170560,HTTP Duration (excl. conn),ms,std,0.00
127,1780554293323170560,1780554294323170560,HTTP Receiving,ms,avg,126285.65
127,1780554293323170560,1780554294323170560,HTTP Receiving,ms,min,126285.65
127,1780554293323170560,1780554294323170560,HTTP Receiving,ms,max,126285.65
127,1780554293323170560,1780554294323170560,HTTP Receiving,ms,sum,126285.65
127,1780554293323170560,1780554294323170560,HTTP Receiving,ms,p1,126285.65
127,1780554293323170560,1780554294323170560,HTTP Receiving,ms,p5,126285.65
127,1780554293323170560,1780554294323170560,HTTP Receiving,ms,p10,126285.65
127,1780554293323170560,1780554294323170560,HTTP Receiving,ms,p25,126285.65
127,1780554293323170560,1780554294323170560,HTTP Receiving,ms,p50,126285.65
127,1780554293323170560,1780554294323170560,HTTP Receiving,ms,p75,126285.65
127,1780554293323170560,1780554294323170560,HTTP Receiving,ms,p90,126285.65
127,1780554293323170560,1780554294323170560,HTTP Receiving,ms,p95,126285.65
127,1780554293323170560,1780554294323170560,HTTP Receiving,ms,p99,126285.65
127,1780554293323170560,1780554294323170560,HTTP Receiving,ms,std,0.00
127,1780554293323170560,1780554294323170560,HTTP Sending,ms,avg,0.89
127,1780554293323170560,1780554294323170560,HTTP Sending,ms,min,0.89
127,1780554293323170560,1780554294323170560,HTTP Sending,ms,max,0.89
127,1780554293323170560,1780554294323170560,HTTP Sending,ms,sum,0.89
127,1780554293323170560,1780554294323170560,HTTP Sending,ms,p1,0.89
127,1780554293323170560,1780554294323170560,HTTP Sending,ms,p5,0.89
127,1780554293323170560,1780554294323170560,HTTP Sending,ms,p10,0.89
127,1780554293323170560,1780554294323170560,HTTP Sending,ms,p25,0.89
127,1780554293323170560,1780554294323170560,HTTP Sending,ms,p50,0.89
127,1780554293323170560,1780554294323170560,HTTP Sending,ms,p75,0.89
127,1780554293323170560,1780554294323170560,HTTP Sending,ms,p90,0.89
127,1780554293323170560,1780554294323170560,HTTP Sending,ms,p95,0.89
127,1780554293323170560,1780554294323170560,HTTP Sending,ms,p99,0.89
127,1780554293323170560,1780554294323170560,HTTP Sending,ms,std,0.00
127,1780554293323170560,1780554294323170560,HTTP Total Time,ms,avg,156527.90
127,1780554293323170560,1780554294323170560,HTTP Total Time,ms,min,156527.90
127,1780554293323170560,1780554294323170560,HTTP Total Time,ms,max,156527.90
127,1780554293323170560,1780554294323170560,HTTP Total Time,ms,sum,156527.90
127,1780554293323170560,1780554294323170560,HTTP Total Time,ms,p1,156527.90
127,1780554293323170560,1780554294323170560,HTTP Total Time,ms,p5,156527.90
127,1780554293323170560,1780554294323170560,HTTP Total Time,ms,p10,156527.90
127,1780554293323170560,1780554294323170560,HTTP Total Time,ms,p25,156527.90
127,1780554293323170560,1780554294323170560,HTTP Total Time,ms,p50,156527.90
127,1780554293323170560,1780554294323170560,HTTP Total Time,ms,p75,156527.90
127,1780554293323170560,1780554294323170560,HTTP Total Time,ms,p90,156527.90
127,1780554293323170560,1780554294323170560,HTTP Total Time,ms,p95,156527.90
127,1780554293323170560,1780554294323170560,HTTP Total Time,ms,p99,156527.90
127,1780554293323170560,1780554294323170560,HTTP Total Time,ms,std,0.00
127,1780554293323170560,1780554294323170560,HTTP Waiting (TTFB),ms,avg,30240.75
127,1780554293323170560,1780554294323170560,HTTP Waiting (TTFB),ms,min,30240.75
127,1780554293323170560,1780554294323170560,HTTP Waiting (TTFB),ms,max,30240.75
127,1780554293323170560,1780554294323170560,HTTP Waiting (TTFB),ms,sum,30240.75
127,1780554293323170560,1780554294323170560,HTTP Waiting (TTFB),ms,p1,30240.75
127,1780554293323170560,1780554294323170560,HTTP Waiting (TTFB),ms,p5,30240.75
127,1780554293323170560,1780554294323170560,HTTP Waiting (TTFB),ms,p10,30240.75
127,1780554293323170560,1780554294323170560,HTTP Waiting (TTFB),ms,p25,30240.75
127,1780554293323170560,1780554294323170560,HTTP Waiting (TTFB),ms,p50,30240.75
127,1780554293323170560,1780554294323170560,HTTP Waiting (TTFB),ms,p75,30240.75
127,1780554293323170560,1780554294323170560,HTTP Waiting (TTFB),ms,p90,30240.75
127,1780554293323170560,1780554294323170560,HTTP Waiting (TTFB),ms,p95,30240.75
127,1780554293323170560,1780554294323170560,HTTP Waiting (TTFB),ms,p99,30240.75
127,1780554293323170560,1780554294323170560,HTTP Waiting (TTFB),ms,std,0.00
127,1780554293323170560,1780554294323170560,Input Sequence Length,tokens,avg,36675.00
127,1780554293323170560,1780554294323170560,Input Sequence Length,tokens,min,36675.00
127,1780554293323170560,1780554294323170560,Input Sequence Length,tokens,max,36675.00
127,1780554293323170560,1780554294323170560,Input Sequence Length,tokens,sum,36675.00
127,1780554293323170560,1780554294323170560,Input Sequence Length,tokens,p1,36675.00
127,1780554293323170560,1780554294323170560,Input Sequence Length,tokens,p5,36675.00
127,1780554293323170560,1780554294323170560,Input Sequence Length,tokens,p10,36675.00
127,1780554293323170560,1780554294323170560,Input Sequence Length,tokens,p25,36675.00
127,1780554293323170560,1780554294323170560,Input Sequence Length,tokens,p50,36675.00
127,1780554293323170560,1780554294323170560,Input Sequence Length,tokens,p75,36675.00
127,1780554293323170560,1780554294323170560,Input Sequence Length,tokens,p90,36675.00
127,1780554293323170560,1780554294323170560,Input Sequence Length,tokens,p95,36675.00
127,1780554293323170560,1780554294323170560,Input Sequence Length,tokens,p99,36675.00
127,1780554293323170560,1780554294323170560,Input Sequence Length,tokens,std,0.00
127,1780554293323170560,1780554294323170560,Input Token Throughput,tokens/sec,avg,36675.00
127,1780554293323170560,1780554294323170560,Inter Chunk Latency,ms,avg,68.93
127,1780554293323170560,1780554294323170560,Inter Chunk Latency,ms,min,68.88
127,1780554293323170560,1780554294323170560,Inter Chunk Latency,ms,max,68.98
127,1780554293323170560,1780554294323170560,Inter Chunk Latency,ms,sum,58796.01
127,1780554293323170560,1780554294323170560,Inter Chunk Latency,ms,p1,68.88
127,1780554293323170560,1780554294323170560,Inter Chunk Latency,ms,p5,68.89
127,1780554293323170560,1780554294323170560,Inter Chunk Latency,ms,p10,68.89
127,1780554293323170560,1780554294323170560,Inter Chunk Latency,ms,p25,68.90
127,1780554293323170560,1780554294323170560,Inter Chunk Latency,ms,p50,68.93
127,1780554293323170560,1780554294323170560,Inter Chunk Latency,ms,p75,68.95
127,1780554293323170560,1780554294323170560,Inter Chunk Latency,ms,p90,68.97
127,1780554293323170560,1780554294323170560,Inter Chunk Latency,ms,p95,68.97
127,1780554293323170560,1780554294323170560,Inter Chunk Latency,ms,p99,68.98
127,1780554293323170560,1780554294323170560,Inter Chunk Latency,ms,std,0.03
127,1780554293323170560,1780554294323170560,Inter Token Latency,ms,avg,143.67
127,1780554293323170560,1780554294323170560,Inter Token Latency,ms,min,143.67
127,1780554293323170560,1780554294323170560,Inter Token Latency,ms,max,143.67
127,1780554293323170560,1780554294323170560,Inter Token Latency,ms,sum,143.67
127,1780554293323170560,1780554294323170560,Inter Token Latency,ms,p1,143.67
127,1780554293323170560,1780554294323170560,Inter Token Latency,ms,p5,143.67
127,1780554293323170560,1780554294323170560,Inter Token Latency,ms,p10,143.67
127,1780554293323170560,1780554294323170560,Inter Token Latency,ms,p25,143.67
127,1780554293323170560,1780554294323170560,Inter Token Latency,ms,p50,143.67
127,1780554293323170560,1780554294323170560,Inter Token Latency,ms,p75,143.67
127,1780554293323170560,1780554294323170560,Inter Token Latency,ms,p90,143.67
127,1780554293323170560,1780554294323170560,Inter Token Latency,ms,p95,143.67
127,1780554293323170560,1780554294323170560,Inter Token Latency,ms,p99,143.67
127,1780554293323170560,1780554294323170560,Inter Token Latency,ms,std,0.00
127,1780554293323170560,1780554294323170560,Maximum Response Timestamp,ns,avg,1780554450738673408.00
127,1780554293323170560,1780554294323170560,Minimum Request Timestamp,ns,avg,1780554294211303936.00
127,1780554293323170560,1780554294323170560,OSL Mismatch Count,requests,avg,0.00
127,1780554293323170560,1780554294323170560,OSL Mismatch Diff %,%,avg,0.00
127,1780554293323170560,1780554294323170560,OSL Mismatch Diff %,%,min,0.00
127,1780554293323170560,1780554294323170560,OSL Mismatch Diff %,%,max,0.00
127,1780554293323170560,1780554294323170560,OSL Mismatch Diff %,%,sum,0.00
127,1780554293323170560,1780554294323170560,OSL Mismatch Diff %,%,p1,0.00
127,1780554293323170560,1780554294323170560,OSL Mismatch Diff %,%,p5,0.00
127,1780554293323170560,1780554294323170560,OSL Mismatch Diff %,%,p10,0.00
127,1780554293323170560,1780554294323170560,OSL Mismatch Diff %,%,p25,0.00
127,1780554293323170560,1780554294323170560,OSL Mismatch Diff %,%,p50,0.00
127,1780554293323170560,1780554294323170560,OSL Mismatch Diff %,%,p75,0.00
127,1780554293323170560,1780554294323170560,OSL Mismatch Diff %,%,p90,0.00
127,1780554293323170560,1780554294323170560,OSL Mismatch Diff %,%,p95,0.00
127,1780554293323170560,1780554294323170560,OSL Mismatch Diff %,%,p99,0.00
127,1780554293323170560,1780554294323170560,OSL Mismatch Diff %,%,std,0.00
127,1780554293323170560,1780554294323170560,Output Sequence Length,tokens,avg,880.00
127,1780554293323170560,1780554294323170560,Output Sequence Length,tokens,min,880.00
127,1780554293323170560,1780554294323170560,Output Sequence Length,tokens,max,880.00
127,1780554293323170560,1780554294323170560,Output Sequence Length,tokens,sum,880.00
127,1780554293323170560,1780554294323170560,Output Sequence Length,tokens,p1,880.00
127,1780554293323170560,1780554294323170560,Output Sequence Length,tokens,p5,880.00
127,1780554293323170560,1780554294323170560,Output Sequence Length,tokens,p10,880.00
127,1780554293323170560,1780554294323170560,Output Sequence Length,tokens,p25,880.00
127,1780554293323170560,1780554294323170560,Output Sequence Length,tokens,p50,880.00
127,1780554293323170560,1780554294323170560,Output Sequence Length,tokens,p75,880.00
127,1780554293323170560,1780554294323170560,Output Sequence Length,tokens,p90,880.00
127,1780554293323170560,1780554294323170560,Output Sequence Length,tokens,p95,880.00
127,1780554293323170560,1780554294323170560,Output Sequence Length,tokens,p99,880.00
127,1780554293323170560,1780554294323170560,Output Sequence Length,tokens,std,0.00
127,1780554293323170560,1780554294323170560,Output Token Count,tokens,avg,880.00
127,1780554293323170560,1780554294323170560,Output Token Count,tokens,min,880.00
127,1780554293323170560,1780554294323170560,Output Token Count,tokens,max,880.00
127,1780554293323170560,1780554294323170560,Output Token Count,tokens,sum,880.00
127,1780554293323170560,1780554294323170560,Output Token Count,tokens,p1,880.00
127,1780554293323170560,1780554294323170560,Output Token Count,tokens,p5,880.00
127,1780554293323170560,1780554294323170560,Output Token Count,tokens,p10,880.00
127,1780554293323170560,1780554294323170560,Output Token Count,tokens,p25,880.00
127,1780554293323170560,1780554294323170560,Output Token Count,tokens,p50,880.00
127,1780554293323170560,1780554294323170560,Output Token Count,tokens,p75,880.00
127,1780554293323170560,1780554294323170560,Output Token Count,tokens,p90,880.00
127,1780554293323170560,1780554294323170560,Output Token Count,tokens,p95,880.00
127,1780554293323170560,1780554294323170560,Output Token Count,tokens,p99,880.00
127,1780554293323170560,1780554294323170560,Output Token Count,tokens,std,0.00
127,1780554293323170560,1780554294323170560,Output Token Throughput,tokens/sec,avg,880.00
127,1780554293323170560,1780554294323170560,Output Token Throughput Per User,tokens/sec/user,avg,6.96
127,1780554293323170560,1780554294323170560,Output Token Throughput Per User,tokens/sec/user,min,6.96
127,1780554293323170560,1780554294323170560,Output Token Throughput Per User,tokens/sec/user,max,6.96
127,1780554293323170560,1780554294323170560,Output Token Throughput Per User,tokens/sec/user,sum,6.96
127,1780554293323170560,1780554294323170560,Output Token Throughput Per User,tokens/sec/user,p1,6.96
127,1780554293323170560,1780554294323170560,Output Token Throughput Per User,tokens/sec/user,p5,6.96
127,1780554293323170560,1780554294323170560,Output Token Throughput Per User,tokens/sec/user,p10,6.96
127,1780554293323170560,1780554294323170560,Output Token Throughput Per User,tokens/sec/user,p25,6.96
127,1780554293323170560,1780554294323170560,Output Token Throughput Per User,tokens/sec/user,p50,6.96
127,1780554293323170560,1780554294323170560,Output Token Throughput Per User,tokens/sec/user,p75,6.96
127,1780554293323170560,1780554294323170560,Output Token Throughput Per User,tokens/sec/user,p90,6.96
127,1780554293323170560,1780554294323170560,Output Token Throughput Per User,tokens/sec/user,p95,6.96
127,1780554293323170560,1780554294323170560,Output Token Throughput Per User,tokens/sec/user,p99,6.96
127,1780554293323170560,1780554294323170560,Output Token Throughput Per User,tokens/sec/user,std,0.00
127,1780554293323170560,1780554294323170560,Prefill Throughput Per User,tokens/sec/user,avg,1212.73
127,1780554293323170560,1780554294323170560,Prefill Throughput Per User,tokens/sec/user,min,1212.73
127,1780554293323170560,1780554294323170560,Prefill Throughput Per User,tokens/sec/user,max,1212.73
127,1780554293323170560,1780554294323170560,Prefill Throughput Per User,tokens/sec/user,sum,1212.73
127,1780554293323170560,1780554294323170560,Prefill Throughput Per User,tokens/sec/user,p1,1212.73
127,1780554293323170560,1780554294323170560,Prefill Throughput Per User,tokens/sec/user,p5,1212.73
127,1780554293323170560,1780554294323170560,Prefill Throughput Per User,tokens/sec/user,p10,1212.73
127,1780554293323170560,1780554294323170560,Prefill Throughput Per User,tokens/sec/user,p25,1212.73
127,1780554293323170560,1780554294323170560,Prefill Throughput Per User,tokens/sec/user,p50,1212.73
127,1780554293323170560,1780554294323170560,Prefill Throughput Per User,tokens/sec/user,p75,1212.73
127,1780554293323170560,1780554294323170560,Prefill Throughput Per User,tokens/sec/user,p90,1212.73
127,1780554293323170560,1780554294323170560,Prefill Throughput Per User,tokens/sec/user,p95,1212.73
127,1780554293323170560,1780554294323170560,Prefill Throughput Per User,tokens/sec/user,p99,1212.73
127,1780554293323170560,1780554294323170560,Prefill Throughput Per User,tokens/sec/user,std,0.00
127,1780554293323170560,1780554294323170560,Request Count,requests,avg,1.00
127,1780554293323170560,1780554294323170560,Request Latency,ms,avg,156527.37
127,1780554293323170560,1780554294323170560,Request Latency,ms,min,156527.37
127,1780554293323170560,1780554294323170560,Request Latency,ms,max,156527.37
127,1780554293323170560,1780554294323170560,Request Latency,ms,sum,156527.37
127,1780554293323170560,1780554294323170560,Request Latency,ms,p1,156527.37
127,1780554293323170560,1780554294323170560,Request Latency,ms,p5,156527.37
127,1780554293323170560,1780554294323170560,Request Latency,ms,p10,156527.37
127,1780554293323170560,1780554294323170560,Request Latency,ms,p25,156527.37
127,1780554293323170560,1780554294323170560,Request Latency,ms,p50,156527.37
127,1780554293323170560,1780554294323170560,Request Latency,ms,p75,156527.37
127,1780554293323170560,1780554294323170560,Request Latency,ms,p90,156527.37
127,1780554293323170560,1780554294323170560,Request Latency,ms,p95,156527.37
127,1780554293323170560,1780554294323170560,Request Latency,ms,p99,156527.37
127,1780554293323170560,1780554294323170560,Request Latency,ms,std,0.00
127,1780554293323170560,1780554294323170560,Request Throughput,requests/sec,avg,1.00
127,1780554293323170560,1780554294323170560,Requested OSL,tokens,avg,880.00
127,1780554293323170560,1780554294323170560,Requested OSL,tokens,min,880.00
127,1780554293323170560,1780554294323170560,Requested OSL,tokens,max,880.00
127,1780554293323170560,1780554294323170560,Requested OSL,tokens,sum,880.00
127,1780554293323170560,1780554294323170560,Requested OSL,tokens,p1,880.00
127,1780554293323170560,1780554294323170560,Requested OSL,tokens,p5,880.00
127,1780554293323170560,1780554294323170560,Requested OSL,tokens,p10,880.00
127,1780554293323170560,1780554294323170560,Requested OSL,tokens,p25,880.00
127,1780554293323170560,1780554294323170560,Requested OSL,tokens,p50,880.00
127,1780554293323170560,1780554294323170560,Requested OSL,tokens,p75,880.00
127,1780554293323170560,1780554294323170560,Requested OSL,tokens,p90,880.00
127,1780554293323170560,1780554294323170560,Requested OSL,tokens,p95,880.00
127,1780554293323170560,1780554294323170560,Requested OSL,tokens,p99,880.00
127,1780554293323170560,1780554294323170560,Requested OSL,tokens,std,0.00
127,1780554293323170560,1780554294323170560,Time to First Output Token,ms,avg,30241.73
127,1780554293323170560,1780554294323170560,Time to First Output Token,ms,min,30241.73
127,1780554293323170560,1780554294323170560,Time to First Output Token,ms,max,30241.73
127,1780554293323170560,1780554294323170560,Time to First Output Token,ms,sum,30241.73
127,1780554293323170560,1780554294323170560,Time to First Output Token,ms,p1,30241.73
127,1780554293323170560,1780554294323170560,Time to First Output Token,ms,p5,30241.73
127,1780554293323170560,1780554294323170560,Time to First Output Token,ms,p10,30241.73
127,1780554293323170560,1780554294323170560,Time to First Output Token,ms,p25,30241.73
127,1780554293323170560,1780554294323170560,Time to First Output Token,ms,p50,30241.73
127,1780554293323170560,1780554294323170560,Time to First Output Token,ms,p75,30241.73
127,1780554293323170560,1780554294323170560,Time to First Output Token,ms,p90,30241.73
127,1780554293323170560,1780554294323170560,Time to First Output Token,ms,p95,30241.73
127,1780554293323170560,1780554294323170560,Time to First Output Token,ms,p99,30241.73
127,1780554293323170560,1780554294323170560,Time to First Output Token,ms,std,0.00
127,1780554293323170560,1780554294323170560,Time to First Token,ms,avg,30241.73
127,1780554293323170560,1780554294323170560,Time to First Token,ms,min,30241.73
127,1780554293323170560,1780554294323170560,Time to First Token,ms,max,30241.73
127,1780554293323170560,1780554294323170560,Time to First Token,ms,sum,30241.73
127,1780554293323170560,1780554294323170560,Time to First Token,ms,p1,30241.73
127,1780554293323170560,1780554294323170560,Time to First Token,ms,p5,30241.73
127,1780554293323170560,1780554294323170560,Time to First Token,ms,p10,30241.73
127,1780554293323170560,1780554294323170560,Time to First Token,ms,p25,30241.73
127,1780554293323170560,1780554294323170560,Time to First Token,ms,p50,30241.73
127,1780554293323170560,1780554294323170560,Time to First Token,ms,p75,30241.73
127,1780554293323170560,1780554294323170560,Time to First Token,ms,p90,30241.73
127,1780554293323170560,1780554294323170560,Time to First Token,ms,p95,30241.73
127,1780554293323170560,1780554294323170560,Time to First Token,ms,p99,30241.73
127,1780554293323170560,1780554294323170560,Time to First Token,ms,std,0.00
127,1780554293323170560,1780554294323170560,Time to Second Token,ms,avg,32.32
127,1780554293323170560,1780554294323170560,Time to Second Token,ms,min,32.32
127,1780554293323170560,1780554294323170560,Time to Second Token,ms,max,32.32
127,1780554293323170560,1780554294323170560,Time to Second Token,ms,sum,32.32
127,1780554293323170560,1780554294323170560,Time to Second Token,ms,p1,32.32
127,1780554293323170560,1780554294323170560,Time to Second Token,ms,p5,32.32
127,1780554293323170560,1780554294323170560,Time to Second Token,ms,p10,32.32
127,1780554293323170560,1780554294323170560,Time to Second Token,ms,p25,32.32
127,1780554293323170560,1780554294323170560,Time to Second Token,ms,p50,32.32
127,1780554293323170560,1780554294323170560,Time to Second Token,ms,p75,32.32
127,1780554293323170560,1780554294323170560,Time to Second Token,ms,p90,32.32
127,1780554293323170560,1780554294323170560,Time to Second Token,ms,p95,32.32
127,1780554293323170560,1780554294323170560,Time to Second Token,ms,p99,32.32
127,1780554293323170560,1780554294323170560,Time to Second Token,ms,std,0.00
127,1780554293323170560,1780554294323170560,Tokens In Flight,tokens,avg,1095959.10
127,1780554293323170560,1780554294323170560,Tokens In Flight,tokens,min,1091789.39
127,1780554293323170560,1780554294323170560,Tokens In Flight,tokens,max,1128597.53
127,1780554293323170560,1780554294323170560,Tokens In Flight,tokens,p50,1091856.46
127,1780554293323170560,1780554294323170560,Tokens In Flight,tokens,p90,1128584.52
127,1780554293323170560,1780554294323170560,Tokens In Flight,tokens,p95,1128589.52
127,1780554293323170560,1780554294323170560,Tokens In Flight,tokens,p99,1128596.53
127,1780554293323170560,1780554294323170560,Tokens In Flight,tokens,std,11580.89
127,1780554293323170560,1780554294323170560,Total Input Sequence Length,tokens,avg,36675.00
127,1780554293323170560,1780554294323170560,Total Output Sequence Length,tokens,avg,880.00
127,1780554293323170560,1780554294323170560,Total Output Tokens,tokens,avg,880.00
127,1780554293323170560,1780554294323170560,Total Token Throughput,tokens/sec,avg,37555.00
127,1780554293323170560,1780554294323170560,Total Usage Completion Tokens,tokens,avg,880.00
127,1780554293323170560,1780554294323170560,Total Usage Prompt Tokens,tokens,avg,36675.00
127,1780554293323170560,1780554294323170560,Total Usage Total Tokens,tokens,avg,37555.00
127,1780554293323170560,1780554294323170560,Usage Completion Tokens,tokens,avg,880.00
127,1780554293323170560,1780554294323170560,Usage Completion Tokens,tokens,min,880.00
127,1780554293323170560,1780554294323170560,Usage Completion Tokens,tokens,max,880.00
127,1780554293323170560,1780554294323170560,Usage Completion Tokens,tokens,sum,880.00
127,1780554293323170560,1780554294323170560,Usage Completion Tokens,tokens,p1,880.00
127,1780554293323170560,1780554294323170560,Usage Completion Tokens,tokens,p5,880.00
127,1780554293323170560,1780554294323170560,Usage Completion Tokens,tokens,p10,880.00
127,1780554293323170560,1780554294323170560,Usage Completion Tokens,tokens,p25,880.00
127,1780554293323170560,1780554294323170560,Usage Completion Tokens,tokens,p50,880.00
127,1780554293323170560,1780554294323170560,Usage Completion Tokens,tokens,p75,880.00
127,1780554293323170560,1780554294323170560,Usage Completion Tokens,tokens,p90,880.00
127,1780554293323170560,1780554294323170560,Usage Completion Tokens,tokens,p95,880.00
127,1780554293323170560,1780554294323170560,Usage Completion Tokens,tokens,p99,880.00
127,1780554293323170560,1780554294323170560,Usage Completion Tokens,tokens,std,0.00
127,1780554293323170560,1780554294323170560,Usage Prompt Tokens,tokens,avg,36675.00
127,1780554293323170560,1780554294323170560,Usage Prompt Tokens,tokens,min,36675.00
127,1780554293323170560,1780554294323170560,Usage Prompt Tokens,tokens,max,36675.00
127,1780554293323170560,1780554294323170560,Usage Prompt Tokens,tokens,sum,36675.00
127,1780554293323170560,1780554294323170560,Usage Prompt Tokens,tokens,p1,36675.00
127,1780554293323170560,1780554294323170560,Usage Prompt Tokens,tokens,p5,36675.00
127,1780554293323170560,1780554294323170560,Usage Prompt Tokens,tokens,p10,36675.00
127,1780554293323170560,1780554294323170560,Usage Prompt Tokens,tokens,p25,36675.00
127,1780554293323170560,1780554294323170560,Usage Prompt Tokens,tokens,p50,36675.00
127,1780554293323170560,1780554294323170560,Usage Prompt Tokens,tokens,p75,36675.00
127,1780554293323170560,1780554294323170560,Usage Prompt Tokens,tokens,p90,36675.00
127,1780554293323170560,1780554294323170560,Usage Prompt Tokens,tokens,p95,36675.00
127,1780554293323170560,1780554294323170560,Usage Prompt Tokens,tokens,p99,36675.00
127,1780554293323170560,1780554294323170560,Usage Prompt Tokens,tokens,std,0.00
127,1780554293323170560,1780554294323170560,Usage Total Tokens,tokens,avg,37555.00
127,1780554293323170560,1780554294323170560,Usage Total Tokens,tokens,min,37555.00
127,1780554293323170560,1780554294323170560,Usage Total Tokens,tokens,max,37555.00
127,1780554293323170560,1780554294323170560,Usage Total Tokens,tokens,sum,37555.00
127,1780554293323170560,1780554294323170560,Usage Total Tokens,tokens,p1,37555.00
127,1780554293323170560,1780554294323170560,Usage Total Tokens,tokens,p5,37555.00
127,1780554293323170560,1780554294323170560,Usage Total Tokens,tokens,p10,37555.00
127,1780554293323170560,1780554294323170560,Usage Total Tokens,tokens,p25,37555.00
127,1780554293323170560,1780554294323170560,Usage Total Tokens,tokens,p50,37555.00
127,1780554293323170560,1780554294323170560,Usage Total Tokens,tokens,p75,37555.00
127,1780554293323170560,1780554294323170560,Usage Total Tokens,tokens,p90,37555.00
127,1780554293323170560,1780554294323170560,Usage Total Tokens,tokens,p95,37555.00
127,1780554293323170560,1780554294323170560,Usage Total Tokens,tokens,p99,37555.00
127,1780554293323170560,1780554294323170560,Usage Total Tokens,tokens,std,0.00
128,1780554296323170560,1780554297323170560,Active Decode Throughput,tokens/sec,avg,102.38
128,1780554296323170560,1780554297323170560,Active Decode Throughput,tokens/sec,min,87.74
128,1780554296323170560,1780554297323170560,Active Decode Throughput,tokens/sec,max,117.02
128,1780554296323170560,1780554297323170560,Active Decode Throughput,tokens/sec,p50,102.38
128,1780554296323170560,1780554297323170560,Active Decode Throughput,tokens/sec,p90,102.38
128,1780554296323170560,1780554297323170560,Active Decode Throughput,tokens/sec,p95,102.38
128,1780554296323170560,1780554297323170560,Active Decode Throughput,tokens/sec,p99,102.38
128,1780554296323170560,1780554297323170560,Active Decode Throughput,tokens/sec,std,0.04
128,1780554296323170560,1780554297323170560,Active Decode Throughput Per User,tokens/sec/user,avg,9.31
128,1780554296323170560,1780554297323170560,Active Decode Throughput Per User,tokens/sec/user,min,7.98
128,1780554296323170560,1780554297323170560,Active Decode Throughput Per User,tokens/sec/user,max,10.64
128,1780554296323170560,1780554297323170560,Active Decode Throughput Per User,tokens/sec/user,p50,9.31
128,1780554296323170560,1780554297323170560,Active Decode Throughput Per User,tokens/sec/user,p90,9.31
128,1780554296323170560,1780554297323170560,Active Decode Throughput Per User,tokens/sec/user,p95,9.31
128,1780554296323170560,1780554297323170560,Active Decode Throughput Per User,tokens/sec/user,p99,9.31
128,1780554296323170560,1780554297323170560,Active Decode Throughput Per User,tokens/sec/user,std,0.00
128,1780554296323170560,1780554297323170560,Active Prefill Throughput,tokens/sec,avg,6961.78
128,1780554296323170560,1780554297323170560,Active Prefill Throughput,tokens/sec,min,6771.69
128,1780554296323170560,1780554297323170560,Active Prefill Throughput,tokens/sec,max,9252.74
128,1780554296323170560,1780554297323170560,Active Prefill Throughput,tokens/sec,p50,6771.69
128,1780554296323170560,1780554297323170560,Active Prefill Throughput,tokens/sec,p90,6771.69
128,1780554296323170560,1780554297323170560,Active Prefill Throughput,tokens/sec,p95,9252.74
128,1780554296323170560,1780554297323170560,Active Prefill Throughput,tokens/sec,p99,9252.74
128,1780554296323170560,1780554297323170560,Active Prefill Throughput,tokens/sec,std,659.92
128,1780554296323170560,1780554297323170560,Active Prefill Throughput Per User,tokens/sec/user,avg,2261.52
128,1780554296323170560,1780554297323170560,Active Prefill Throughput Per User,tokens/sec/user,min,2257.23
128,1780554296323170560,1780554297323170560,Active Prefill Throughput Per User,tokens/sec/user,max,2313.19
128,1780554296323170560,1780554297323170560,Active Prefill Throughput Per User,tokens/sec/user,p50,2257.23
128,1780554296323170560,1780554297323170560,Active Prefill Throughput Per User,tokens/sec/user,p90,2257.23
128,1780554296323170560,1780554297323170560,Active Prefill Throughput Per User,tokens/sec/user,p95,2313.19
128,1780554296323170560,1780554297323170560,Active Prefill Throughput Per User,tokens/sec/user,p99,2313.19
128,1780554296323170560,1780554297323170560,Active Prefill Throughput Per User,tokens/sec/user,std,14.88
128,1780554296323170560,1780554297323170560,Active Total Throughput,tokens/sec,avg,7024.10
128,1780554296323170560,1780554297323170560,Active Total Throughput,tokens/sec,min,6834.01
128,1780554296323170560,1780554297323170560,Active Total Throughput,tokens/sec,max,9315.06
128,1780554296323170560,1780554297323170560,Active Total Throughput,tokens/sec,p50,6834.01
128,1780554296323170560,1780554297323170560,Active Total Throughput,tokens/sec,p90,6834.01
128,1780554296323170560,1780554297323170560,Active Total Throughput,tokens/sec,p95,9315.06
128,1780554296323170560,1780554297323170560,Active Total Throughput,tokens/sec,p99,9315.06
128,1780554296323170560,1780554297323170560,Active Total Throughput,tokens/sec,std,659.92
128,1780554296323170560,1780554297323170560,Benchmark Duration,sec,avg,61.25
128,1780554296323170560,1780554297323170560,E2E Output Token Throughput,tokens/sec/user,avg,1.98
128,1780554296323170560,1780554297323170560,E2E Output Token Throughput,tokens/sec/user,min,1.98
128,1780554296323170560,1780554297323170560,E2E Output Token Throughput,tokens/sec/user,max,1.98
128,1780554296323170560,1780554297323170560,E2E Output Token Throughput,tokens/sec/user,sum,1.98
128,1780554296323170560,1780554297323170560,E2E Output Token Throughput,tokens/sec/user,p1,1.98
128,1780554296323170560,1780554297323170560,E2E Output Token Throughput,tokens/sec/user,p5,1.98
128,1780554296323170560,1780554297323170560,E2E Output Token Throughput,tokens/sec/user,p10,1.98
128,1780554296323170560,1780554297323170560,E2E Output Token Throughput,tokens/sec/user,p25,1.98
128,1780554296323170560,1780554297323170560,E2E Output Token Throughput,tokens/sec/user,p50,1.98
128,1780554296323170560,1780554297323170560,E2E Output Token Throughput,tokens/sec/user,p75,1.98
128,1780554296323170560,1780554297323170560,E2E Output Token Throughput,tokens/sec/user,p90,1.98
128,1780554296323170560,1780554297323170560,E2E Output Token Throughput,tokens/sec/user,p95,1.98
128,1780554296323170560,1780554297323170560,E2E Output Token Throughput,tokens/sec/user,p99,1.98
128,1780554296323170560,1780554297323170560,E2E Output Token Throughput,tokens/sec/user,std,0.00
128,1780554296323170560,1780554297323170560,Effective Concurrency,requests,avg,14.08
128,1780554296323170560,1780554297323170560,Effective Concurrency,requests,min,14.00
128,1780554296323170560,1780554297323170560,Effective Concurrency,requests,max,15.00
128,1780554296323170560,1780554297323170560,Effective Concurrency,requests,p50,14.00
128,1780554296323170560,1780554297323170560,Effective Concurrency,requests,p90,14.00
128,1780554296323170560,1780554297323170560,Effective Concurrency,requests,p95,15.00
128,1780554296323170560,1780554297323170560,Effective Concurrency,requests,p99,15.00
128,1780554296323170560,1780554297323170560,Effective Concurrency,requests,std,0.27
128,1780554296323170560,1780554297323170560,Effective Decode Concurrency,requests,avg,11.00
128,1780554296323170560,1780554297323170560,Effective Decode Concurrency,requests,min,11.00
128,1780554296323170560,1780554297323170560,Effective Decode Concurrency,requests,max,11.00
128,1780554296323170560,1780554297323170560,Effective Decode Concurrency,requests,p50,11.00
128,1780554296323170560,1780554297323170560,Effective Decode Concurrency,requests,p90,11.00
128,1780554296323170560,1780554297323170560,Effective Decode Concurrency,requests,p95,11.00
128,1780554296323170560,1780554297323170560,Effective Decode Concurrency,requests,p99,11.00
128,1780554296323170560,1780554297323170560,Effective Decode Concurrency,requests,std,0.00
128,1780554296323170560,1780554297323170560,Effective Decode Throughput,tokens/sec,avg,102.38
128,1780554296323170560,1780554297323170560,Effective Decode Throughput,tokens/sec,min,87.74
128,1780554296323170560,1780554297323170560,Effective Decode Throughput,tokens/sec,max,117.02
128,1780554296323170560,1780554297323170560,Effective Decode Throughput,tokens/sec,p50,102.38
128,1780554296323170560,1780554297323170560,Effective Decode Throughput,tokens/sec,p90,102.38
128,1780554296323170560,1780554297323170560,Effective Decode Throughput,tokens/sec,p95,102.38
128,1780554296323170560,1780554297323170560,Effective Decode Throughput,tokens/sec,p99,102.38
128,1780554296323170560,1780554297323170560,Effective Decode Throughput,tokens/sec,std,0.04
128,1780554296323170560,1780554297323170560,Effective Decode Throughput Per User,tokens/sec/user,avg,9.31
128,1780554296323170560,1780554297323170560,Effective Decode Throughput Per User,tokens/sec/user,min,7.98
128,1780554296323170560,1780554297323170560,Effective Decode Throughput Per User,tokens/sec/user,max,10.64
128,1780554296323170560,1780554297323170560,Effective Decode Throughput Per User,tokens/sec/user,p50,9.31
128,1780554296323170560,1780554297323170560,Effective Decode Throughput Per User,tokens/sec/user,p90,9.31
128,1780554296323170560,1780554297323170560,Effective Decode Throughput Per User,tokens/sec/user,p95,9.31
128,1780554296323170560,1780554297323170560,Effective Decode Throughput Per User,tokens/sec/user,p99,9.31
128,1780554296323170560,1780554297323170560,Effective Decode Throughput Per User,tokens/sec/user,std,0.00
128,1780554296323170560,1780554297323170560,Effective Prefill Concurrency,requests,avg,3.08
128,1780554296323170560,1780554297323170560,Effective Prefill Concurrency,requests,min,3.00
128,1780554296323170560,1780554297323170560,Effective Prefill Concurrency,requests,max,4.00
128,1780554296323170560,1780554297323170560,Effective Prefill Concurrency,requests,p50,3.00
128,1780554296323170560,1780554297323170560,Effective Prefill Concurrency,requests,p90,3.00
128,1780554296323170560,1780554297323170560,Effective Prefill Concurrency,requests,p95,4.00
128,1780554296323170560,1780554297323170560,Effective Prefill Concurrency,requests,p99,4.00
128,1780554296323170560,1780554297323170560,Effective Prefill Concurrency,requests,std,0.27
128,1780554296323170560,1780554297323170560,Effective Prefill Throughput,tokens/sec,avg,6961.78
128,1780554296323170560,1780554297323170560,Effective Prefill Throughput,tokens/sec,min,6771.69
128,1780554296323170560,1780554297323170560,Effective Prefill Throughput,tokens/sec,max,9252.74
128,1780554296323170560,1780554297323170560,Effective Prefill Throughput,tokens/sec,p50,6771.69
128,1780554296323170560,1780554297323170560,Effective Prefill Throughput,tokens/sec,p90,6771.69
128,1780554296323170560,1780554297323170560,Effective Prefill Throughput,tokens/sec,p95,9252.74
128,1780554296323170560,1780554297323170560,Effective Prefill Throughput,tokens/sec,p99,9252.74
128,1780554296323170560,1780554297323170560,Effective Prefill Throughput,tokens/sec,std,659.92
128,1780554296323170560,1780554297323170560,Effective Prefill Throughput Per User,tokens/sec/user,avg,2261.52
128,1780554296323170560,1780554297323170560,Effective Prefill Throughput Per User,tokens/sec/user,min,2257.23
128,1780554296323170560,1780554297323170560,Effective Prefill Throughput Per User,tokens/sec/user,max,2313.19
128,1780554296323170560,1780554297323170560,Effective Prefill Throughput Per User,tokens/sec/user,p50,2257.23
128,1780554296323170560,1780554297323170560,Effective Prefill Throughput Per User,tokens/sec/user,p90,2257.23
128,1780554296323170560,1780554297323170560,Effective Prefill Throughput Per User,tokens/sec/user,p95,2313.19
128,1780554296323170560,1780554297323170560,Effective Prefill Throughput Per User,tokens/sec/user,p99,2313.19
128,1780554296323170560,1780554297323170560,Effective Prefill Throughput Per User,tokens/sec/user,std,14.88
128,1780554296323170560,1780554297323170560,Effective Total Throughput,tokens/sec,avg,7024.10
128,1780554296323170560,1780554297323170560,Effective Total Throughput,tokens/sec,min,6834.01
128,1780554296323170560,1780554297323170560,Effective Total Throughput,tokens/sec,max,9315.06
128,1780554296323170560,1780554297323170560,Effective Total Throughput,tokens/sec,p50,6834.01
128,1780554296323170560,1780554297323170560,Effective Total Throughput,tokens/sec,p90,6834.01
128,1780554296323170560,1780554297323170560,Effective Total Throughput,tokens/sec,p95,9315.06
128,1780554296323170560,1780554297323170560,Effective Total Throughput,tokens/sec,p99,9315.06
128,1780554296323170560,1780554297323170560,Effective Total Throughput,tokens/sec,std,659.92
128,1780554296323170560,1780554297323170560,HTTP Blocked,ms,avg,0.00
128,1780554296323170560,1780554297323170560,HTTP Blocked,ms,min,0.00
128,1780554296323170560,1780554297323170560,HTTP Blocked,ms,max,0.00
128,1780554296323170560,1780554297323170560,HTTP Blocked,ms,sum,0.00
128,1780554296323170560,1780554297323170560,HTTP Blocked,ms,p1,0.00
128,1780554296323170560,1780554297323170560,HTTP Blocked,ms,p5,0.00
128,1780554296323170560,1780554297323170560,HTTP Blocked,ms,p10,0.00
128,1780554296323170560,1780554297323170560,HTTP Blocked,ms,p25,0.00
128,1780554296323170560,1780554297323170560,HTTP Blocked,ms,p50,0.00
128,1780554296323170560,1780554297323170560,HTTP Blocked,ms,p75,0.00
128,1780554296323170560,1780554297323170560,HTTP Blocked,ms,p90,0.00
128,1780554296323170560,1780554297323170560,HTTP Blocked,ms,p95,0.00
128,1780554296323170560,1780554297323170560,HTTP Blocked,ms,p99,0.00
128,1780554296323170560,1780554297323170560,HTTP Blocked,ms,std,0.00
128,1780554296323170560,1780554297323170560,HTTP Chunks Received,count,avg,121.00
128,1780554296323170560,1780554297323170560,HTTP Chunks Received,count,min,121.00
128,1780554296323170560,1780554297323170560,HTTP Chunks Received,count,max,121.00
128,1780554296323170560,1780554297323170560,HTTP Chunks Received,count,sum,121.00
128,1780554296323170560,1780554297323170560,HTTP Chunks Received,count,p1,121.00
128,1780554296323170560,1780554297323170560,HTTP Chunks Received,count,p5,121.00
128,1780554296323170560,1780554297323170560,HTTP Chunks Received,count,p10,121.00
128,1780554296323170560,1780554297323170560,HTTP Chunks Received,count,p25,121.00
128,1780554296323170560,1780554297323170560,HTTP Chunks Received,count,p50,121.00
128,1780554296323170560,1780554297323170560,HTTP Chunks Received,count,p75,121.00
128,1780554296323170560,1780554297323170560,HTTP Chunks Received,count,p90,121.00
128,1780554296323170560,1780554297323170560,HTTP Chunks Received,count,p95,121.00
128,1780554296323170560,1780554297323170560,HTTP Chunks Received,count,p99,121.00
128,1780554296323170560,1780554297323170560,HTTP Chunks Received,count,std,0.00
128,1780554296323170560,1780554297323170560,HTTP Chunks Sent,count,avg,1.00
128,1780554296323170560,1780554297323170560,HTTP Chunks Sent,count,min,1.00
128,1780554296323170560,1780554297323170560,HTTP Chunks Sent,count,max,1.00
128,1780554296323170560,1780554297323170560,HTTP Chunks Sent,count,sum,1.00
128,1780554296323170560,1780554297323170560,HTTP Chunks Sent,count,p1,1.00
128,1780554296323170560,1780554297323170560,HTTP Chunks Sent,count,p5,1.00
128,1780554296323170560,1780554297323170560,HTTP Chunks Sent,count,p10,1.00
128,1780554296323170560,1780554297323170560,HTTP Chunks Sent,count,p25,1.00
128,1780554296323170560,1780554297323170560,HTTP Chunks Sent,count,p50,1.00
128,1780554296323170560,1780554297323170560,HTTP Chunks Sent,count,p75,1.00
128,1780554296323170560,1780554297323170560,HTTP Chunks Sent,count,p90,1.00
128,1780554296323170560,1780554297323170560,HTTP Chunks Sent,count,p95,1.00
128,1780554296323170560,1780554297323170560,HTTP Chunks Sent,count,p99,1.00
128,1780554296323170560,1780554297323170560,HTTP Chunks Sent,count,std,0.00
128,1780554296323170560,1780554297323170560,HTTP Connecting,ms,avg,1.14
128,1780554296323170560,1780554297323170560,HTTP Connecting,ms,min,1.14
128,1780554296323170560,1780554297323170560,HTTP Connecting,ms,max,1.14
128,1780554296323170560,1780554297323170560,HTTP Connecting,ms,sum,1.14
128,1780554296323170560,1780554297323170560,HTTP Connecting,ms,p1,1.14
128,1780554296323170560,1780554297323170560,HTTP Connecting,ms,p5,1.14
128,1780554296323170560,1780554297323170560,HTTP Connecting,ms,p10,1.14
128,1780554296323170560,1780554297323170560,HTTP Connecting,ms,p25,1.14
128,1780554296323170560,1780554297323170560,HTTP Connecting,ms,p50,1.14
128,1780554296323170560,1780554297323170560,HTTP Connecting,ms,p75,1.14
128,1780554296323170560,1780554297323170560,HTTP Connecting,ms,p90,1.14
128,1780554296323170560,1780554297323170560,HTTP Connecting,ms,p95,1.14
128,1780554296323170560,1780554297323170560,HTTP Connecting,ms,p99,1.14
128,1780554296323170560,1780554297323170560,HTTP Connecting,ms,std,0.00
128,1780554296323170560,1780554297323170560,HTTP Connection Overhead,ms,avg,1.63
128,1780554296323170560,1780554297323170560,HTTP Connection Overhead,ms,min,1.63
128,1780554296323170560,1780554297323170560,HTTP Connection Overhead,ms,max,1.63
128,1780554296323170560,1780554297323170560,HTTP Connection Overhead,ms,sum,1.63
128,1780554296323170560,1780554297323170560,HTTP Connection Overhead,ms,p1,1.63
128,1780554296323170560,1780554297323170560,HTTP Connection Overhead,ms,p5,1.63
128,1780554296323170560,1780554297323170560,HTTP Connection Overhead,ms,p10,1.63
128,1780554296323170560,1780554297323170560,HTTP Connection Overhead,ms,p25,1.63
128,1780554296323170560,1780554297323170560,HTTP Connection Overhead,ms,p50,1.63
128,1780554296323170560,1780554297323170560,HTTP Connection Overhead,ms,p75,1.63
128,1780554296323170560,1780554297323170560,HTTP Connection Overhead,ms,p90,1.63
128,1780554296323170560,1780554297323170560,HTTP Connection Overhead,ms,p95,1.63
128,1780554296323170560,1780554297323170560,HTTP Connection Overhead,ms,p99,1.63
128,1780554296323170560,1780554297323170560,HTTP Connection Overhead,ms,std,0.00
128,1780554296323170560,1780554297323170560,HTTP Connection Reused,ratio,avg,0.00
128,1780554296323170560,1780554297323170560,HTTP Connection Reused,ratio,min,0.00
128,1780554296323170560,1780554297323170560,HTTP Connection Reused,ratio,max,0.00
128,1780554296323170560,1780554297323170560,HTTP Connection Reused,ratio,sum,0.00
128,1780554296323170560,1780554297323170560,HTTP Connection Reused,ratio,p1,0.00
128,1780554296323170560,1780554297323170560,HTTP Connection Reused,ratio,p5,0.00
128,1780554296323170560,1780554297323170560,HTTP Connection Reused,ratio,p10,0.00
128,1780554296323170560,1780554297323170560,HTTP Connection Reused,ratio,p25,0.00
128,1780554296323170560,1780554297323170560,HTTP Connection Reused,ratio,p50,0.00
128,1780554296323170560,1780554297323170560,HTTP Connection Reused,ratio,p75,0.00
128,1780554296323170560,1780554297323170560,HTTP Connection Reused,ratio,p90,0.00
128,1780554296323170560,1780554297323170560,HTTP Connection Reused,ratio,p95,0.00
128,1780554296323170560,1780554297323170560,HTTP Connection Reused,ratio,p99,0.00
128,1780554296323170560,1780554297323170560,HTTP Connection Reused,ratio,std,0.00
128,1780554296323170560,1780554297323170560,HTTP Data Received,KB,avg,30.80
128,1780554296323170560,1780554297323170560,HTTP Data Received,KB,min,30.80
128,1780554296323170560,1780554297323170560,HTTP Data Received,KB,max,30.80
128,1780554296323170560,1780554297323170560,HTTP Data Received,KB,sum,30.80
128,1780554296323170560,1780554297323170560,HTTP Data Received,KB,p1,30.80
128,1780554296323170560,1780554297323170560,HTTP Data Received,KB,p5,30.80
128,1780554296323170560,1780554297323170560,HTTP Data Received,KB,p10,30.80
128,1780554296323170560,1780554297323170560,HTTP Data Received,KB,p25,30.80
128,1780554296323170560,1780554297323170560,HTTP Data Received,KB,p50,30.80
128,1780554296323170560,1780554297323170560,HTTP Data Received,KB,p75,30.80
128,1780554296323170560,1780554297323170560,HTTP Data Received,KB,p90,30.80
128,1780554296323170560,1780554297323170560,HTTP Data Received,KB,p95,30.80
128,1780554296323170560,1780554297323170560,HTTP Data Received,KB,p99,30.80
128,1780554296323170560,1780554297323170560,HTTP Data Received,KB,std,0.00
128,1780554296323170560,1780554297323170560,HTTP Data Sent,KB,avg,371.94
128,1780554296323170560,1780554297323170560,HTTP Data Sent,KB,min,371.94
128,1780554296323170560,1780554297323170560,HTTP Data Sent,KB,max,371.94
128,1780554296323170560,1780554297323170560,HTTP Data Sent,KB,sum,371.94
128,1780554296323170560,1780554297323170560,HTTP Data Sent,KB,p1,371.94
128,1780554296323170560,1780554297323170560,HTTP Data Sent,KB,p5,371.94
128,1780554296323170560,1780554297323170560,HTTP Data Sent,KB,p10,371.94
128,1780554296323170560,1780554297323170560,HTTP Data Sent,KB,p25,371.94
128,1780554296323170560,1780554297323170560,HTTP Data Sent,KB,p50,371.94
128,1780554296323170560,1780554297323170560,HTTP Data Sent,KB,p75,371.94
128,1780554296323170560,1780554297323170560,HTTP Data Sent,KB,p90,371.94
128,1780554296323170560,1780554297323170560,HTTP Data Sent,KB,p95,371.94
128,1780554296323170560,1780554297323170560,HTTP Data Sent,KB,p99,371.94
128,1780554296323170560,1780554297323170560,HTTP Data Sent,KB,std,0.00
128,1780554296323170560,1780554297323170560,HTTP DNS Lookup,ms,avg,0.48
128,1780554296323170560,1780554297323170560,HTTP DNS Lookup,ms,min,0.48
128,1780554296323170560,1780554297323170560,HTTP DNS Lookup,ms,max,0.48
128,1780554296323170560,1780554297323170560,HTTP DNS Lookup,ms,sum,0.48
128,1780554296323170560,1780554297323170560,HTTP DNS Lookup,ms,p1,0.48
128,1780554296323170560,1780554297323170560,HTTP DNS Lookup,ms,p5,0.48
128,1780554296323170560,1780554297323170560,HTTP DNS Lookup,ms,p10,0.48
128,1780554296323170560,1780554297323170560,HTTP DNS Lookup,ms,p25,0.48
128,1780554296323170560,1780554297323170560,HTTP DNS Lookup,ms,p50,0.48
128,1780554296323170560,1780554297323170560,HTTP DNS Lookup,ms,p75,0.48
128,1780554296323170560,1780554297323170560,HTTP DNS Lookup,ms,p90,0.48
128,1780554296323170560,1780554297323170560,HTTP DNS Lookup,ms,p95,0.48
128,1780554296323170560,1780554297323170560,HTTP DNS Lookup,ms,p99,0.48
128,1780554296323170560,1780554297323170560,HTTP DNS Lookup,ms,std,0.00
128,1780554296323170560,1780554297323170560,HTTP Duration (excl. conn),ms,avg,61252.99
128,1780554296323170560,1780554297323170560,HTTP Duration (excl. conn),ms,min,61252.99
128,1780554296323170560,1780554297323170560,HTTP Duration (excl. conn),ms,max,61252.99
128,1780554296323170560,1780554297323170560,HTTP Duration (excl. conn),ms,sum,61252.99
128,1780554296323170560,1780554297323170560,HTTP Duration (excl. conn),ms,p1,61252.99
128,1780554296323170560,1780554297323170560,HTTP Duration (excl. conn),ms,p5,61252.99
128,1780554296323170560,1780554297323170560,HTTP Duration (excl. conn),ms,p10,61252.99
128,1780554296323170560,1780554297323170560,HTTP Duration (excl. conn),ms,p25,61252.99
128,1780554296323170560,1780554297323170560,HTTP Duration (excl. conn),ms,p50,61252.99
128,1780554296323170560,1780554297323170560,HTTP Duration (excl. conn),ms,p75,61252.99
128,1780554296323170560,1780554297323170560,HTTP Duration (excl. conn),ms,p90,61252.99
128,1780554296323170560,1780554297323170560,HTTP Duration (excl. conn),ms,p95,61252.99
128,1780554296323170560,1780554297323170560,HTTP Duration (excl. conn),ms,p99,61252.99
128,1780554296323170560,1780554297323170560,HTTP Duration (excl. conn),ms,std,0.00
128,1780554296323170560,1780554297323170560,HTTP Receiving,ms,avg,22933.45
128,1780554296323170560,1780554297323170560,HTTP Receiving,ms,min,22933.45
128,1780554296323170560,1780554297323170560,HTTP Receiving,ms,max,22933.45
128,1780554296323170560,1780554297323170560,HTTP Receiving,ms,sum,22933.45
128,1780554296323170560,1780554297323170560,HTTP Receiving,ms,p1,22933.45
128,1780554296323170560,1780554297323170560,HTTP Receiving,ms,p5,22933.45
128,1780554296323170560,1780554297323170560,HTTP Receiving,ms,p10,22933.45
128,1780554296323170560,1780554297323170560,HTTP Receiving,ms,p25,22933.45
128,1780554296323170560,1780554297323170560,HTTP Receiving,ms,p50,22933.45
128,1780554296323170560,1780554297323170560,HTTP Receiving,ms,p75,22933.45
128,1780554296323170560,1780554297323170560,HTTP Receiving,ms,p90,22933.45
128,1780554296323170560,1780554297323170560,HTTP Receiving,ms,p95,22933.45
128,1780554296323170560,1780554297323170560,HTTP Receiving,ms,p99,22933.45
128,1780554296323170560,1780554297323170560,HTTP Receiving,ms,std,0.00
128,1780554296323170560,1780554297323170560,HTTP Sending,ms,avg,1.40
128,1780554296323170560,1780554297323170560,HTTP Sending,ms,min,1.40
128,1780554296323170560,1780554297323170560,HTTP Sending,ms,max,1.40
128,1780554296323170560,1780554297323170560,HTTP Sending,ms,sum,1.40
128,1780554296323170560,1780554297323170560,HTTP Sending,ms,p1,1.40
128,1780554296323170560,1780554297323170560,HTTP Sending,ms,p5,1.40
128,1780554296323170560,1780554297323170560,HTTP Sending,ms,p10,1.40
128,1780554296323170560,1780554297323170560,HTTP Sending,ms,p25,1.40
128,1780554296323170560,1780554297323170560,HTTP Sending,ms,p50,1.40
128,1780554296323170560,1780554297323170560,HTTP Sending,ms,p75,1.40
128,1780554296323170560,1780554297323170560,HTTP Sending,ms,p90,1.40
128,1780554296323170560,1780554297323170560,HTTP Sending,ms,p95,1.40
128,1780554296323170560,1780554297323170560,HTTP Sending,ms,p99,1.40
128,1780554296323170560,1780554297323170560,HTTP Sending,ms,std,0.00
128,1780554296323170560,1780554297323170560,HTTP Total Time,ms,avg,61254.61
128,1780554296323170560,1780554297323170560,HTTP Total Time,ms,min,61254.61
128,1780554296323170560,1780554297323170560,HTTP Total Time,ms,max,61254.61
128,1780554296323170560,1780554297323170560,HTTP Total Time,ms,sum,61254.61
128,1780554296323170560,1780554297323170560,HTTP Total Time,ms,p1,61254.61
128,1780554296323170560,1780554297323170560,HTTP Total Time,ms,p5,61254.61
128,1780554296323170560,1780554297323170560,HTTP Total Time,ms,p10,61254.61
128,1780554296323170560,1780554297323170560,HTTP Total Time,ms,p25,61254.61
128,1780554296323170560,1780554297323170560,HTTP Total Time,ms,p50,61254.61
128,1780554296323170560,1780554297323170560,HTTP Total Time,ms,p75,61254.61
128,1780554296323170560,1780554297323170560,HTTP Total Time,ms,p90,61254.61
128,1780554296323170560,1780554297323170560,HTTP Total Time,ms,p95,61254.61
128,1780554296323170560,1780554297323170560,HTTP Total Time,ms,p99,61254.61
128,1780554296323170560,1780554297323170560,HTTP Total Time,ms,std,0.00
128,1780554296323170560,1780554297323170560,HTTP Waiting (TTFB),ms,avg,38318.14
128,1780554296323170560,1780554297323170560,HTTP Waiting (TTFB),ms,min,38318.14
128,1780554296323170560,1780554297323170560,HTTP Waiting (TTFB),ms,max,38318.14
128,1780554296323170560,1780554297323170560,HTTP Waiting (TTFB),ms,sum,38318.14
128,1780554296323170560,1780554297323170560,HTTP Waiting (TTFB),ms,p1,38318.14
128,1780554296323170560,1780554297323170560,HTTP Waiting (TTFB),ms,p5,38318.14
128,1780554296323170560,1780554297323170560,HTTP Waiting (TTFB),ms,p10,38318.14
128,1780554296323170560,1780554297323170560,HTTP Waiting (TTFB),ms,p25,38318.14
128,1780554296323170560,1780554297323170560,HTTP Waiting (TTFB),ms,p50,38318.14
128,1780554296323170560,1780554297323170560,HTTP Waiting (TTFB),ms,p75,38318.14
128,1780554296323170560,1780554297323170560,HTTP Waiting (TTFB),ms,p90,38318.14
128,1780554296323170560,1780554297323170560,HTTP Waiting (TTFB),ms,p95,38318.14
128,1780554296323170560,1780554297323170560,HTTP Waiting (TTFB),ms,p99,38318.14
128,1780554296323170560,1780554297323170560,HTTP Waiting (TTFB),ms,std,0.00
128,1780554296323170560,1780554297323170560,Input Sequence Length,tokens,avg,95073.00
128,1780554296323170560,1780554297323170560,Input Sequence Length,tokens,min,95073.00
128,1780554296323170560,1780554297323170560,Input Sequence Length,tokens,max,95073.00
128,1780554296323170560,1780554297323170560,Input Sequence Length,tokens,sum,95073.00
128,1780554296323170560,1780554297323170560,Input Sequence Length,tokens,p1,95073.00
128,1780554296323170560,1780554297323170560,Input Sequence Length,tokens,p5,95073.00
128,1780554296323170560,1780554297323170560,Input Sequence Length,tokens,p10,95073.00
128,1780554296323170560,1780554297323170560,Input Sequence Length,tokens,p25,95073.00
128,1780554296323170560,1780554297323170560,Input Sequence Length,tokens,p50,95073.00
128,1780554296323170560,1780554297323170560,Input Sequence Length,tokens,p75,95073.00
128,1780554296323170560,1780554297323170560,Input Sequence Length,tokens,p90,95073.00
128,1780554296323170560,1780554297323170560,Input Sequence Length,tokens,p95,95073.00
128,1780554296323170560,1780554297323170560,Input Sequence Length,tokens,p99,95073.00
128,1780554296323170560,1780554297323170560,Input Sequence Length,tokens,std,0.00
128,1780554296323170560,1780554297323170560,Input Token Throughput,tokens/sec,avg,95073.00
128,1780554296323170560,1780554297323170560,Inter Chunk Latency,ms,avg,68.33
128,1780554296323170560,1780554297323170560,Inter Chunk Latency,ms,min,68.33
128,1780554296323170560,1780554297323170560,Inter Chunk Latency,ms,max,68.33
128,1780554296323170560,1780554297323170560,Inter Chunk Latency,ms,sum,8199.75
128,1780554296323170560,1780554297323170560,Inter Chunk Latency,ms,p1,68.33
128,1780554296323170560,1780554297323170560,Inter Chunk Latency,ms,p5,68.33
128,1780554296323170560,1780554297323170560,Inter Chunk Latency,ms,p10,68.33
128,1780554296323170560,1780554297323170560,Inter Chunk Latency,ms,p25,68.33
128,1780554296323170560,1780554297323170560,Inter Chunk Latency,ms,p50,68.33
128,1780554296323170560,1780554297323170560,Inter Chunk Latency,ms,p75,68.33
128,1780554296323170560,1780554297323170560,Inter Chunk Latency,ms,p90,68.33
128,1780554296323170560,1780554297323170560,Inter Chunk Latency,ms,p95,68.33
128,1780554296323170560,1780554297323170560,Inter Chunk Latency,ms,p99,68.33
128,1780554296323170560,1780554297323170560,Inter Chunk Latency,ms,std,0.00
128,1780554296323170560,1780554297323170560,Inter Token Latency,ms,avg,191.11
128,1780554296323170560,1780554297323170560,Inter Token Latency,ms,min,191.11
128,1780554296323170560,1780554297323170560,Inter Token Latency,ms,max,191.11
128,1780554296323170560,1780554297323170560,Inter Token Latency,ms,sum,191.11
128,1780554296323170560,1780554297323170560,Inter Token Latency,ms,p1,191.11
128,1780554296323170560,1780554297323170560,Inter Token Latency,ms,p5,191.11
128,1780554296323170560,1780554297323170560,Inter Token Latency,ms,p10,191.11
128,1780554296323170560,1780554297323170560,Inter Token Latency,ms,p25,191.11
128,1780554296323170560,1780554297323170560,Inter Token Latency,ms,p50,191.11
128,1780554296323170560,1780554297323170560,Inter Token Latency,ms,p75,191.11
128,1780554296323170560,1780554297323170560,Inter Token Latency,ms,p90,191.11
128,1780554296323170560,1780554297323170560,Inter Token Latency,ms,p95,191.11
128,1780554296323170560,1780554297323170560,Inter Token Latency,ms,p99,191.11
128,1780554296323170560,1780554297323170560,Inter Token Latency,ms,std,0.00
128,1780554296323170560,1780554297323170560,Maximum Response Timestamp,ns,avg,1780554358499650304.00
128,1780554296323170560,1780554297323170560,Minimum Request Timestamp,ns,avg,1780554297246553600.00
128,1780554296323170560,1780554297323170560,OSL Mismatch Count,requests,avg,0.00
128,1780554296323170560,1780554297323170560,OSL Mismatch Diff %,%,avg,0.00
128,1780554296323170560,1780554297323170560,OSL Mismatch Diff %,%,min,0.00
128,1780554296323170560,1780554297323170560,OSL Mismatch Diff %,%,max,0.00
128,1780554296323170560,1780554297323170560,OSL Mismatch Diff %,%,sum,0.00
128,1780554296323170560,1780554297323170560,OSL Mismatch Diff %,%,p1,0.00
128,1780554296323170560,1780554297323170560,OSL Mismatch Diff %,%,p5,0.00
128,1780554296323170560,1780554297323170560,OSL Mismatch Diff %,%,p10,0.00
128,1780554296323170560,1780554297323170560,OSL Mismatch Diff %,%,p25,0.00
128,1780554296323170560,1780554297323170560,OSL Mismatch Diff %,%,p50,0.00
128,1780554296323170560,1780554297323170560,OSL Mismatch Diff %,%,p75,0.00
128,1780554296323170560,1780554297323170560,OSL Mismatch Diff %,%,p90,0.00
128,1780554296323170560,1780554297323170560,OSL Mismatch Diff %,%,p95,0.00
128,1780554296323170560,1780554297323170560,OSL Mismatch Diff %,%,p99,0.00
128,1780554296323170560,1780554297323170560,OSL Mismatch Diff %,%,std,0.00
128,1780554296323170560,1780554297323170560,Output Sequence Length,tokens,avg,121.00
128,1780554296323170560,1780554297323170560,Output Sequence Length,tokens,min,121.00
128,1780554296323170560,1780554297323170560,Output Sequence Length,tokens,max,121.00
128,1780554296323170560,1780554297323170560,Output Sequence Length,tokens,sum,121.00
128,1780554296323170560,1780554297323170560,Output Sequence Length,tokens,p1,121.00
128,1780554296323170560,1780554297323170560,Output Sequence Length,tokens,p5,121.00
128,1780554296323170560,1780554297323170560,Output Sequence Length,tokens,p10,121.00
128,1780554296323170560,1780554297323170560,Output Sequence Length,tokens,p25,121.00
128,1780554296323170560,1780554297323170560,Output Sequence Length,tokens,p50,121.00
128,1780554296323170560,1780554297323170560,Output Sequence Length,tokens,p75,121.00
128,1780554296323170560,1780554297323170560,Output Sequence Length,tokens,p90,121.00
128,1780554296323170560,1780554297323170560,Output Sequence Length,tokens,p95,121.00
128,1780554296323170560,1780554297323170560,Output Sequence Length,tokens,p99,121.00
128,1780554296323170560,1780554297323170560,Output Sequence Length,tokens,std,0.00
128,1780554296323170560,1780554297323170560,Output Token Count,tokens,avg,121.00
128,1780554296323170560,1780554297323170560,Output Token Count,tokens,min,121.00
128,1780554296323170560,1780554297323170560,Output Token Count,tokens,max,121.00
128,1780554296323170560,1780554297323170560,Output Token Count,tokens,sum,121.00
128,1780554296323170560,1780554297323170560,Output Token Count,tokens,p1,121.00
128,1780554296323170560,1780554297323170560,Output Token Count,tokens,p5,121.00
128,1780554296323170560,1780554297323170560,Output Token Count,tokens,p10,121.00
128,1780554296323170560,1780554297323170560,Output Token Count,tokens,p25,121.00
128,1780554296323170560,1780554297323170560,Output Token Count,tokens,p50,121.00
128,1780554296323170560,1780554297323170560,Output Token Count,tokens,p75,121.00
128,1780554296323170560,1780554297323170560,Output Token Count,tokens,p90,121.00
128,1780554296323170560,1780554297323170560,Output Token Count,tokens,p95,121.00
128,1780554296323170560,1780554297323170560,Output Token Count,tokens,p99,121.00
128,1780554296323170560,1780554297323170560,Output Token Count,tokens,std,0.00
128,1780554296323170560,1780554297323170560,Output Token Throughput,tokens/sec,avg,121.00
128,1780554296323170560,1780554297323170560,Output Token Throughput Per User,tokens/sec/user,avg,5.23
128,1780554296323170560,1780554297323170560,Output Token Throughput Per User,tokens/sec/user,min,5.23
128,1780554296323170560,1780554297323170560,Output Token Throughput Per User,tokens/sec/user,max,5.23
128,1780554296323170560,1780554297323170560,Output Token Throughput Per User,tokens/sec/user,sum,5.23
128,1780554296323170560,1780554297323170560,Output Token Throughput Per User,tokens/sec/user,p1,5.23
128,1780554296323170560,1780554297323170560,Output Token Throughput Per User,tokens/sec/user,p5,5.23
128,1780554296323170560,1780554297323170560,Output Token Throughput Per User,tokens/sec/user,p10,5.23
128,1780554296323170560,1780554297323170560,Output Token Throughput Per User,tokens/sec/user,p25,5.23
128,1780554296323170560,1780554297323170560,Output Token Throughput Per User,tokens/sec/user,p50,5.23
128,1780554296323170560,1780554297323170560,Output Token Throughput Per User,tokens/sec/user,p75,5.23
128,1780554296323170560,1780554297323170560,Output Token Throughput Per User,tokens/sec/user,p90,5.23
128,1780554296323170560,1780554297323170560,Output Token Throughput Per User,tokens/sec/user,p95,5.23
128,1780554296323170560,1780554297323170560,Output Token Throughput Per User,tokens/sec/user,p99,5.23
128,1780554296323170560,1780554297323170560,Output Token Throughput Per User,tokens/sec/user,std,0.00
128,1780554296323170560,1780554297323170560,Prefill Throughput Per User,tokens/sec/user,avg,2481.05
128,1780554296323170560,1780554297323170560,Prefill Throughput Per User,tokens/sec/user,min,2481.05
128,1780554296323170560,1780554297323170560,Prefill Throughput Per User,tokens/sec/user,max,2481.05
128,1780554296323170560,1780554297323170560,Prefill Throughput Per User,tokens/sec/user,sum,2481.05
128,1780554296323170560,1780554297323170560,Prefill Throughput Per User,tokens/sec/user,p1,2481.05
128,1780554296323170560,1780554297323170560,Prefill Throughput Per User,tokens/sec/user,p5,2481.05
128,1780554296323170560,1780554297323170560,Prefill Throughput Per User,tokens/sec/user,p10,2481.05
128,1780554296323170560,1780554297323170560,Prefill Throughput Per User,tokens/sec/user,p25,2481.05
128,1780554296323170560,1780554297323170560,Prefill Throughput Per User,tokens/sec/user,p50,2481.05
128,1780554296323170560,1780554297323170560,Prefill Throughput Per User,tokens/sec/user,p75,2481.05
128,1780554296323170560,1780554297323170560,Prefill Throughput Per User,tokens/sec/user,p90,2481.05
128,1780554296323170560,1780554297323170560,Prefill Throughput Per User,tokens/sec/user,p95,2481.05
128,1780554296323170560,1780554297323170560,Prefill Throughput Per User,tokens/sec/user,p99,2481.05
128,1780554296323170560,1780554297323170560,Prefill Throughput Per User,tokens/sec/user,std,0.00
128,1780554296323170560,1780554297323170560,Request Count,requests,avg,1.00
128,1780554296323170560,1780554297323170560,Request Latency,ms,avg,61253.10
128,1780554296323170560,1780554297323170560,Request Latency,ms,min,61253.10
128,1780554296323170560,1780554297323170560,Request Latency,ms,max,61253.10
128,1780554296323170560,1780554297323170560,Request Latency,ms,sum,61253.10
128,1780554296323170560,1780554297323170560,Request Latency,ms,p1,61253.10
128,1780554296323170560,1780554297323170560,Request Latency,ms,p5,61253.10
128,1780554296323170560,1780554297323170560,Request Latency,ms,p10,61253.10
128,1780554296323170560,1780554297323170560,Request Latency,ms,p25,61253.10
128,1780554296323170560,1780554297323170560,Request Latency,ms,p50,61253.10
128,1780554296323170560,1780554297323170560,Request Latency,ms,p75,61253.10
128,1780554296323170560,1780554297323170560,Request Latency,ms,p90,61253.10
128,1780554296323170560,1780554297323170560,Request Latency,ms,p95,61253.10
128,1780554296323170560,1780554297323170560,Request Latency,ms,p99,61253.10
128,1780554296323170560,1780554297323170560,Request Latency,ms,std,0.00
128,1780554296323170560,1780554297323170560,Request Throughput,requests/sec,avg,1.00
128,1780554296323170560,1780554297323170560,Requested OSL,tokens,avg,121.00
128,1780554296323170560,1780554297323170560,Requested OSL,tokens,min,121.00
128,1780554296323170560,1780554297323170560,Requested OSL,tokens,max,121.00
128,1780554296323170560,1780554297323170560,Requested OSL,tokens,sum,121.00
128,1780554296323170560,1780554297323170560,Requested OSL,tokens,p1,121.00
128,1780554296323170560,1780554297323170560,Requested OSL,tokens,p5,121.00
128,1780554296323170560,1780554297323170560,Requested OSL,tokens,p10,121.00
128,1780554296323170560,1780554297323170560,Requested OSL,tokens,p25,121.00
128,1780554296323170560,1780554297323170560,Requested OSL,tokens,p50,121.00
128,1780554296323170560,1780554297323170560,Requested OSL,tokens,p75,121.00
128,1780554296323170560,1780554297323170560,Requested OSL,tokens,p90,121.00
128,1780554296323170560,1780554297323170560,Requested OSL,tokens,p95,121.00
128,1780554296323170560,1780554297323170560,Requested OSL,tokens,p99,121.00
128,1780554296323170560,1780554297323170560,Requested OSL,tokens,std,0.00
128,1780554296323170560,1780554297323170560,Time to First Output Token,ms,avg,38319.66
128,1780554296323170560,1780554297323170560,Time to First Output Token,ms,min,38319.66
128,1780554296323170560,1780554297323170560,Time to First Output Token,ms,max,38319.66
128,1780554296323170560,1780554297323170560,Time to First Output Token,ms,sum,38319.66
128,1780554296323170560,1780554297323170560,Time to First Output Token,ms,p1,38319.66
128,1780554296323170560,1780554297323170560,Time to First Output Token,ms,p5,38319.66
128,1780554296323170560,1780554297323170560,Time to First Output Token,ms,p10,38319.66
128,1780554296323170560,1780554297323170560,Time to First Output Token,ms,p25,38319.66
128,1780554296323170560,1780554297323170560,Time to First Output Token,ms,p50,38319.66
128,1780554296323170560,1780554297323170560,Time to First Output Token,ms,p75,38319.66
128,1780554296323170560,1780554297323170560,Time to First Output Token,ms,p90,38319.66
128,1780554296323170560,1780554297323170560,Time to First Output Token,ms,p95,38319.66
128,1780554296323170560,1780554297323170560,Time to First Output Token,ms,p99,38319.66
128,1780554296323170560,1780554297323170560,Time to First Output Token,ms,std,0.00
128,1780554296323170560,1780554297323170560,Time to First Token,ms,avg,38319.66
128,1780554296323170560,1780554297323170560,Time to First Token,ms,min,38319.66
128,1780554296323170560,1780554297323170560,Time to First Token,ms,max,38319.66
128,1780554296323170560,1780554297323170560,Time to First Token,ms,sum,38319.66
128,1780554296323170560,1780554297323170560,Time to First Token,ms,p1,38319.66
128,1780554296323170560,1780554297323170560,Time to First Token,ms,p5,38319.66
128,1780554296323170560,1780554297323170560,Time to First Token,ms,p10,38319.66
128,1780554296323170560,1780554297323170560,Time to First Token,ms,p25,38319.66
128,1780554296323170560,1780554297323170560,Time to First Token,ms,p50,38319.66
128,1780554296323170560,1780554297323170560,Time to First Token,ms,p75,38319.66
128,1780554296323170560,1780554297323170560,Time to First Token,ms,p90,38319.66
128,1780554296323170560,1780554297323170560,Time to First Token,ms,p95,38319.66
128,1780554296323170560,1780554297323170560,Time to First Token,ms,p99,38319.66
128,1780554296323170560,1780554297323170560,Time to First Token,ms,std,0.00
128,1780554296323170560,1780554297323170560,Time to Second Token,ms,avg,166.45
128,1780554296323170560,1780554297323170560,Time to Second Token,ms,min,166.45
128,1780554296323170560,1780554297323170560,Time to Second Token,ms,max,166.45
128,1780554296323170560,1780554297323170560,Time to Second Token,ms,sum,166.45
128,1780554296323170560,1780554297323170560,Time to Second Token,ms,p1,166.45
128,1780554296323170560,1780554297323170560,Time to Second Token,ms,p5,166.45
128,1780554296323170560,1780554297323170560,Time to Second Token,ms,p10,166.45
128,1780554296323170560,1780554297323170560,Time to Second Token,ms,p25,166.45
128,1780554296323170560,1780554297323170560,Time to Second Token,ms,p50,166.45
128,1780554296323170560,1780554297323170560,Time to Second Token,ms,p75,166.45
128,1780554296323170560,1780554297323170560,Time to Second Token,ms,p90,166.45
128,1780554296323170560,1780554297323170560,Time to Second Token,ms,p95,166.45
128,1780554296323170560,1780554297323170560,Time to Second Token,ms,p99,166.45
128,1780554296323170560,1780554297323170560,Time to Second Token,ms,std,0.00
128,1780554296323170560,1780554297323170560,Tokens In Flight,tokens,avg,1136185.47
128,1780554296323170560,1780554297323170560,Tokens In Flight,tokens,min,1128849.78
128,1780554296323170560,1780554297323170560,Tokens In Flight,tokens,max,1224025.83
128,1780554296323170560,1780554297323170560,Tokens In Flight,tokens,p50,1128901.80
128,1780554296323170560,1780554297323170560,Tokens In Flight,tokens,p90,1128941.82
128,1780554296323170560,1780554297323170560,Tokens In Flight,tokens,p95,1224019.82
128,1780554296323170560,1780554297323170560,Tokens In Flight,tokens,p99,1224023.82
128,1780554296323170560,1780554297323170560,Tokens In Flight,tokens,std,25301.41
128,1780554296323170560,1780554297323170560,Total Input Sequence Length,tokens,avg,95073.00
128,1780554296323170560,1780554297323170560,Total Output Sequence Length,tokens,avg,121.00
128,1780554296323170560,1780554297323170560,Total Output Tokens,tokens,avg,121.00
128,1780554296323170560,1780554297323170560,Total Token Throughput,tokens/sec,avg,95194.00
128,1780554296323170560,1780554297323170560,Total Usage Completion Tokens,tokens,avg,121.00
128,1780554296323170560,1780554297323170560,Total Usage Prompt Tokens,tokens,avg,95073.00
128,1780554296323170560,1780554297323170560,Total Usage Total Tokens,tokens,avg,95194.00
128,1780554296323170560,1780554297323170560,Usage Completion Tokens,tokens,avg,121.00
128,1780554296323170560,1780554297323170560,Usage Completion Tokens,tokens,min,121.00
128,1780554296323170560,1780554297323170560,Usage Completion Tokens,tokens,max,121.00
128,1780554296323170560,1780554297323170560,Usage Completion Tokens,tokens,sum,121.00
128,1780554296323170560,1780554297323170560,Usage Completion Tokens,tokens,p1,121.00
128,1780554296323170560,1780554297323170560,Usage Completion Tokens,tokens,p5,121.00
128,1780554296323170560,1780554297323170560,Usage Completion Tokens,tokens,p10,121.00
128,1780554296323170560,1780554297323170560,Usage Completion Tokens,tokens,p25,121.00
128,1780554296323170560,1780554297323170560,Usage Completion Tokens,tokens,p50,121.00
128,1780554296323170560,1780554297323170560,Usage Completion Tokens,tokens,p75,121.00
128,1780554296323170560,1780554297323170560,Usage Completion Tokens,tokens,p90,121.00
128,1780554296323170560,1780554297323170560,Usage Completion Tokens,tokens,p95,121.00
128,1780554296323170560,1780554297323170560,Usage Completion Tokens,tokens,p99,121.00
128,1780554296323170560,1780554297323170560,Usage Completion Tokens,tokens,std,0.00
128,1780554296323170560,1780554297323170560,Usage Prompt Tokens,tokens,avg,95073.00
128,1780554296323170560,1780554297323170560,Usage Prompt Tokens,tokens,min,95073.00
128,1780554296323170560,1780554297323170560,Usage Prompt Tokens,tokens,max,95073.00
128,1780554296323170560,1780554297323170560,Usage Prompt Tokens,tokens,sum,95073.00
128,1780554296323170560,1780554297323170560,Usage Prompt Tokens,tokens,p1,95073.00
128,1780554296323170560,1780554297323170560,Usage Prompt Tokens,tokens,p5,95073.00
128,1780554296323170560,1780554297323170560,Usage Prompt Tokens,tokens,p10,95073.00
128,1780554296323170560,1780554297323170560,Usage Prompt Tokens,tokens,p25,95073.00
128,1780554296323170560,1780554297323170560,Usage Prompt Tokens,tokens,p50,95073.00
128,1780554296323170560,1780554297323170560,Usage Prompt Tokens,tokens,p75,95073.00
128,1780554296323170560,1780554297323170560,Usage Prompt Tokens,tokens,p90,95073.00
128,1780554296323170560,1780554297323170560,Usage Prompt Tokens,tokens,p95,95073.00
128,1780554296323170560,1780554297323170560,Usage Prompt Tokens,tokens,p99,95073.00
128,1780554296323170560,1780554297323170560,Usage Prompt Tokens,tokens,std,0.00
128,1780554296323170560,1780554297323170560,Usage Total Tokens,tokens,avg,95194.00
128,1780554296323170560,1780554297323170560,Usage Total Tokens,tokens,min,95194.00
128,1780554296323170560,1780554297323170560,Usage Total Tokens,tokens,max,95194.00
128,1780554296323170560,1780554297323170560,Usage Total Tokens,tokens,sum,95194.00
128,1780554296323170560,1780554297323170560,Usage Total Tokens,tokens,p1,95194.00
128,1780554296323170560,1780554297323170560,Usage Total Tokens,tokens,p5,95194.00
128,1780554296323170560,1780554297323170560,Usage Total Tokens,tokens,p10,95194.00
128,1780554296323170560,1780554297323170560,Usage Total Tokens,tokens,p25,95194.00
128,1780554296323170560,1780554297323170560,Usage Total Tokens,tokens,p50,95194.00
128,1780554296323170560,1780554297323170560,Usage Total Tokens,tokens,p75,95194.00
128,1780554296323170560,1780554297323170560,Usage Total Tokens,tokens,p90,95194.00
128,1780554296323170560,1780554297323170560,Usage Total Tokens,tokens,p95,95194.00
128,1780554296323170560,1780554297323170560,Usage Total Tokens,tokens,p99,95194.00
128,1780554296323170560,1780554297323170560,Usage Total Tokens,tokens,std,0.00
129,1780554326323170560,1780554327323170560,Active Decode Throughput,tokens/sec,avg,45.91
129,1780554326323170560,1780554327323170560,Active Decode Throughput,tokens/sec,min,29.54
129,1780554326323170560,1780554327323170560,Active Decode Throughput,tokens/sec,max,62.29
129,1780554326323170560,1780554327323170560,Active Decode Throughput,tokens/sec,p50,45.91
129,1780554326323170560,1780554327323170560,Active Decode Throughput,tokens/sec,p90,45.91
129,1780554326323170560,1780554327323170560,Active Decode Throughput,tokens/sec,p95,45.91
129,1780554326323170560,1780554327323170560,Active Decode Throughput,tokens/sec,p99,45.91
129,1780554326323170560,1780554327323170560,Active Decode Throughput,tokens/sec,std,0.03
129,1780554326323170560,1780554327323170560,Active Decode Throughput Per User,tokens/sec/user,avg,3.61
129,1780554326323170560,1780554327323170560,Active Decode Throughput Per User,tokens/sec/user,min,2.27
129,1780554326323170560,1780554327323170560,Active Decode Throughput Per User,tokens/sec/user,max,5.66
129,1780554326323170560,1780554327323170560,Active Decode Throughput Per User,tokens/sec/user,p50,3.53
129,1780554326323170560,1780554327323170560,Active Decode Throughput Per User,tokens/sec/user,p90,4.17
129,1780554326323170560,1780554327323170560,Active Decode Throughput Per User,tokens/sec/user,p95,4.17
129,1780554326323170560,1780554327323170560,Active Decode Throughput Per User,tokens/sec/user,p99,4.17
129,1780554326323170560,1780554327323170560,Active Decode Throughput Per User,tokens/sec/user,std,0.21
129,1780554326323170560,1780554327323170560,Active Prefill Throughput,tokens/sec,avg,4056.05
129,1780554326323170560,1780554327323170560,Active Prefill Throughput,tokens/sec,min,2481.05
129,1780554326323170560,1780554327323170560,Active Prefill Throughput,tokens/sec,max,8114.63
129,1780554326323170560,1780554327323170560,Active Prefill Throughput,tokens/sec,p50,2481.05
129,1780554326323170560,1780554327323170560,Active Prefill Throughput,tokens/sec,p90,8114.63
129,1780554326323170560,1780554327323170560,Active Prefill Throughput,tokens/sec,p95,8114.63
129,1780554326323170560,1780554327323170560,Active Prefill Throughput,tokens/sec,p99,8114.63
129,1780554326323170560,1780554327323170560,Active Prefill Throughput,tokens/sec,std,2528.29
129,1780554326323170560,1780554327323170560,Active Prefill Throughput Per User,tokens/sec/user,avg,2921.73
129,1780554326323170560,1780554327323170560,Active Prefill Throughput Per User,tokens/sec/user,min,2481.05
129,1780554326323170560,1780554327323170560,Active Prefill Throughput Per User,tokens/sec/user,max,4057.32
129,1780554326323170560,1780554327323170560,Active Prefill Throughput Per User,tokens/sec/user,p50,2481.05
129,1780554326323170560,1780554327323170560,Active Prefill Throughput Per User,tokens/sec/user,p90,4057.32
129,1780554326323170560,1780554327323170560,Active Prefill Throughput Per User,tokens/sec/user,p95,4057.32
129,1780554326323170560,1780554327323170560,Active Prefill Throughput Per User,tokens/sec/user,p99,4057.32
129,1780554326323170560,1780554327323170560,Active Prefill Throughput Per User,tokens/sec/user,std,707.41
129,1780554326323170560,1780554327323170560,Active Total Throughput,tokens/sec,avg,4130.79
129,1780554326323170560,1780554327323170560,Active Total Throughput,tokens/sec,min,2557.19
129,1780554326323170560,1780554327323170560,Active Total Throughput,tokens/sec,max,8190.77
129,1780554326323170560,1780554327323170560,Active Total Throughput,tokens/sec,p50,2557.19
129,1780554326323170560,1780554327323170560,Active Total Throughput,tokens/sec,p90,8190.77
129,1780554326323170560,1780554327323170560,Active Total Throughput,tokens/sec,p95,8190.77
129,1780554326323170560,1780554327323170560,Active Total Throughput,tokens/sec,p99,8190.77
129,1780554326323170560,1780554327323170560,Active Total Throughput,tokens/sec,std,2526.05
129,1780554326323170560,1780554327323170560,Benchmark Duration,sec,avg,15.78
129,1780554326323170560,1780554327323170560,E2E Output Token Throughput,tokens/sec/user,avg,0.38
129,1780554326323170560,1780554327323170560,E2E Output Token Throughput,tokens/sec/user,min,0.38
129,1780554326323170560,1780554327323170560,E2E Output Token Throughput,tokens/sec/user,max,0.38
129,1780554326323170560,1780554327323170560,E2E Output Token Throughput,tokens/sec/user,sum,0.38
129,1780554326323170560,1780554327323170560,E2E Output Token Throughput,tokens/sec/user,p1,0.38
129,1780554326323170560,1780554327323170560,E2E Output Token Throughput,tokens/sec/user,p5,0.38
129,1780554326323170560,1780554327323170560,E2E Output Token Throughput,tokens/sec/user,p10,0.38
129,1780554326323170560,1780554327323170560,E2E Output Token Throughput,tokens/sec/user,p25,0.38
129,1780554326323170560,1780554327323170560,E2E Output Token Throughput,tokens/sec/user,p50,0.38
129,1780554326323170560,1780554327323170560,E2E Output Token Throughput,tokens/sec/user,p75,0.38
129,1780554326323170560,1780554327323170560,E2E Output Token Throughput,tokens/sec/user,p90,0.38
129,1780554326323170560,1780554327323170560,E2E Output Token Throughput,tokens/sec/user,p95,0.38
129,1780554326323170560,1780554327323170560,E2E Output Token Throughput,tokens/sec/user,p99,0.38
129,1780554326323170560,1780554327323170560,E2E Output Token Throughput,tokens/sec/user,std,0.00
129,1780554326323170560,1780554327323170560,Effective Concurrency,requests,avg,14.04
129,1780554326323170560,1780554327323170560,Effective Concurrency,requests,min,13.00
129,1780554326323170560,1780554327323170560,Effective Concurrency,requests,max,15.00
129,1780554326323170560,1780554327323170560,Effective Concurrency,requests,p50,14.00
129,1780554326323170560,1780554327323170560,Effective Concurrency,requests,p90,15.00
129,1780554326323170560,1780554327323170560,Effective Concurrency,requests,p95,15.00
129,1780554326323170560,1780554327323170560,Effective Concurrency,requests,p99,15.00
129,1780554326323170560,1780554327323170560,Effective Concurrency,requests,std,0.53
129,1780554326323170560,1780554327323170560,Effective Decode Concurrency,requests,avg,12.76
129,1780554326323170560,1780554327323170560,Effective Decode Concurrency,requests,min,11.00
129,1780554326323170560,1780554327323170560,Effective Decode Concurrency,requests,max,13.00
129,1780554326323170560,1780554327323170560,Effective Decode Concurrency,requests,p50,13.00
129,1780554326323170560,1780554327323170560,Effective Decode Concurrency,requests,p90,13.00
129,1780554326323170560,1780554327323170560,Effective Decode Concurrency,requests,p95,13.00
129,1780554326323170560,1780554327323170560,Effective Decode Concurrency,requests,p99,13.00
129,1780554326323170560,1780554327323170560,Effective Decode Concurrency,requests,std,0.65
129,1780554326323170560,1780554327323170560,Effective Decode Throughput,tokens/sec,avg,45.91
129,1780554326323170560,1780554327323170560,Effective Decode Throughput,tokens/sec,min,29.54
129,1780554326323170560,1780554327323170560,Effective Decode Throughput,tokens/sec,max,62.29
129,1780554326323170560,1780554327323170560,Effective Decode Throughput,tokens/sec,p50,45.91
129,1780554326323170560,1780554327323170560,Effective Decode Throughput,tokens/sec,p90,45.91
129,1780554326323170560,1780554327323170560,Effective Decode Throughput,tokens/sec,p95,45.91
129,1780554326323170560,1780554327323170560,Effective Decode Throughput,tokens/sec,p99,45.91
129,1780554326323170560,1780554327323170560,Effective Decode Throughput,tokens/sec,std,0.03
129,1780554326323170560,1780554327323170560,Effective Decode Throughput Per User,tokens/sec/user,avg,3.61
129,1780554326323170560,1780554327323170560,Effective Decode Throughput Per User,tokens/sec/user,min,2.27
129,1780554326323170560,1780554327323170560,Effective Decode Throughput Per User,tokens/sec/user,max,5.66
129,1780554326323170560,1780554327323170560,Effective Decode Throughput Per User,tokens/sec/user,p50,3.53
129,1780554326323170560,1780554327323170560,Effective Decode Throughput Per User,tokens/sec/user,p90,4.17
129,1780554326323170560,1780554327323170560,Effective Decode Throughput Per User,tokens/sec/user,p95,4.17
129,1780554326323170560,1780554327323170560,Effective Decode Throughput Per User,tokens/sec/user,p99,4.17
129,1780554326323170560,1780554327323170560,Effective Decode Throughput Per User,tokens/sec/user,std,0.21
129,1780554326323170560,1780554327323170560,Effective Prefill Concurrency,requests,avg,1.28
129,1780554326323170560,1780554327323170560,Effective Prefill Concurrency,requests,min,1.00
129,1780554326323170560,1780554327323170560,Effective Prefill Concurrency,requests,max,2.00
129,1780554326323170560,1780554327323170560,Effective Prefill Concurrency,requests,p50,1.00
129,1780554326323170560,1780554327323170560,Effective Prefill Concurrency,requests,p90,2.00
129,1780554326323170560,1780554327323170560,Effective Prefill Concurrency,requests,p95,2.00
129,1780554326323170560,1780554327323170560,Effective Prefill Concurrency,requests,p99,2.00
129,1780554326323170560,1780554327323170560,Effective Prefill Concurrency,requests,std,0.45
129,1780554326323170560,1780554327323170560,Effective Prefill Throughput,tokens/sec,avg,4056.05
129,1780554326323170560,1780554327323170560,Effective Prefill Throughput,tokens/sec,min,2481.05
129,1780554326323170560,1780554327323170560,Effective Prefill Throughput,tokens/sec,max,8114.63
129,1780554326323170560,1780554327323170560,Effective Prefill Throughput,tokens/sec,p50,2481.05
129,1780554326323170560,1780554327323170560,Effective Prefill Throughput,tokens/sec,p90,8114.63
129,1780554326323170560,1780554327323170560,Effective Prefill Throughput,tokens/sec,p95,8114.63
129,1780554326323170560,1780554327323170560,Effective Prefill Throughput,tokens/sec,p99,8114.63
129,1780554326323170560,1780554327323170560,Effective Prefill Throughput,tokens/sec,std,2528.29
129,1780554326323170560,1780554327323170560,Effective Prefill Throughput Per User,tokens/sec/user,avg,2921.73
129,1780554326323170560,1780554327323170560,Effective Prefill Throughput Per User,tokens/sec/user,min,2481.05
129,1780554326323170560,1780554327323170560,Effective Prefill Throughput Per User,tokens/sec/user,max,4057.32
129,1780554326323170560,1780554327323170560,Effective Prefill Throughput Per User,tokens/sec/user,p50,2481.05
129,1780554326323170560,1780554327323170560,Effective Prefill Throughput Per User,tokens/sec/user,p90,4057.32
129,1780554326323170560,1780554327323170560,Effective Prefill Throughput Per User,tokens/sec/user,p95,4057.32
129,1780554326323170560,1780554327323170560,Effective Prefill Throughput Per User,tokens/sec/user,p99,4057.32
129,1780554326323170560,1780554327323170560,Effective Prefill Throughput Per User,tokens/sec/user,std,707.41
129,1780554326323170560,1780554327323170560,Effective Total Throughput,tokens/sec,avg,4130.79
129,1780554326323170560,1780554327323170560,Effective Total Throughput,tokens/sec,min,2557.19
129,1780554326323170560,1780554327323170560,Effective Total Throughput,tokens/sec,max,8190.77
129,1780554326323170560,1780554327323170560,Effective Total Throughput,tokens/sec,p50,2557.19
129,1780554326323170560,1780554327323170560,Effective Total Throughput,tokens/sec,p90,8190.77
129,1780554326323170560,1780554327323170560,Effective Total Throughput,tokens/sec,p95,8190.77
129,1780554326323170560,1780554327323170560,Effective Total Throughput,tokens/sec,p99,8190.77
129,1780554326323170560,1780554327323170560,Effective Total Throughput,tokens/sec,std,2526.05
129,1780554326323170560,1780554327323170560,HTTP Blocked,ms,avg,0.00
129,1780554326323170560,1780554327323170560,HTTP Blocked,ms,min,0.00
129,1780554326323170560,1780554327323170560,HTTP Blocked,ms,max,0.00
129,1780554326323170560,1780554327323170560,HTTP Blocked,ms,sum,0.00
129,1780554326323170560,1780554327323170560,HTTP Blocked,ms,p1,0.00
129,1780554326323170560,1780554327323170560,HTTP Blocked,ms,p5,0.00
129,1780554326323170560,1780554327323170560,HTTP Blocked,ms,p10,0.00
129,1780554326323170560,1780554327323170560,HTTP Blocked,ms,p25,0.00
129,1780554326323170560,1780554327323170560,HTTP Blocked,ms,p50,0.00
129,1780554326323170560,1780554327323170560,HTTP Blocked,ms,p75,0.00
129,1780554326323170560,1780554327323170560,HTTP Blocked,ms,p90,0.00
129,1780554326323170560,1780554327323170560,HTTP Blocked,ms,p95,0.00
129,1780554326323170560,1780554327323170560,HTTP Blocked,ms,p99,0.00
129,1780554326323170560,1780554327323170560,HTTP Blocked,ms,std,0.00
129,1780554326323170560,1780554327323170560,HTTP Chunks Received,count,avg,6.00
129,1780554326323170560,1780554327323170560,HTTP Chunks Received,count,min,6.00
129,1780554326323170560,1780554327323170560,HTTP Chunks Received,count,max,6.00
129,1780554326323170560,1780554327323170560,HTTP Chunks Received,count,sum,6.00
129,1780554326323170560,1780554327323170560,HTTP Chunks Received,count,p1,6.00
129,1780554326323170560,1780554327323170560,HTTP Chunks Received,count,p5,6.00
129,1780554326323170560,1780554327323170560,HTTP Chunks Received,count,p10,6.00
129,1780554326323170560,1780554327323170560,HTTP Chunks Received,count,p25,6.00
129,1780554326323170560,1780554327323170560,HTTP Chunks Received,count,p50,6.00
129,1780554326323170560,1780554327323170560,HTTP Chunks Received,count,p75,6.00
129,1780554326323170560,1780554327323170560,HTTP Chunks Received,count,p90,6.00
129,1780554326323170560,1780554327323170560,HTTP Chunks Received,count,p95,6.00
129,1780554326323170560,1780554327323170560,HTTP Chunks Received,count,p99,6.00
129,1780554326323170560,1780554327323170560,HTTP Chunks Received,count,std,0.00
129,1780554326323170560,1780554327323170560,HTTP Chunks Sent,count,avg,1.00
129,1780554326323170560,1780554327323170560,HTTP Chunks Sent,count,min,1.00
129,1780554326323170560,1780554327323170560,HTTP Chunks Sent,count,max,1.00
129,1780554326323170560,1780554327323170560,HTTP Chunks Sent,count,sum,1.00
129,1780554326323170560,1780554327323170560,HTTP Chunks Sent,count,p1,1.00
129,1780554326323170560,1780554327323170560,HTTP Chunks Sent,count,p5,1.00
129,1780554326323170560,1780554327323170560,HTTP Chunks Sent,count,p10,1.00
129,1780554326323170560,1780554327323170560,HTTP Chunks Sent,count,p25,1.00
129,1780554326323170560,1780554327323170560,HTTP Chunks Sent,count,p50,1.00
129,1780554326323170560,1780554327323170560,HTTP Chunks Sent,count,p75,1.00
129,1780554326323170560,1780554327323170560,HTTP Chunks Sent,count,p90,1.00
129,1780554326323170560,1780554327323170560,HTTP Chunks Sent,count,p95,1.00
129,1780554326323170560,1780554327323170560,HTTP Chunks Sent,count,p99,1.00
129,1780554326323170560,1780554327323170560,HTTP Chunks Sent,count,std,0.00
129,1780554326323170560,1780554327323170560,HTTP Connecting,ms,avg,0.00
129,1780554326323170560,1780554327323170560,HTTP Connecting,ms,min,0.00
129,1780554326323170560,1780554327323170560,HTTP Connecting,ms,max,0.00
129,1780554326323170560,1780554327323170560,HTTP Connecting,ms,sum,0.00
129,1780554326323170560,1780554327323170560,HTTP Connecting,ms,p1,0.00
129,1780554326323170560,1780554327323170560,HTTP Connecting,ms,p5,0.00
129,1780554326323170560,1780554327323170560,HTTP Connecting,ms,p10,0.00
129,1780554326323170560,1780554327323170560,HTTP Connecting,ms,p25,0.00
129,1780554326323170560,1780554327323170560,HTTP Connecting,ms,p50,0.00
129,1780554326323170560,1780554327323170560,HTTP Connecting,ms,p75,0.00
129,1780554326323170560,1780554327323170560,HTTP Connecting,ms,p90,0.00
129,1780554326323170560,1780554327323170560,HTTP Connecting,ms,p95,0.00
129,1780554326323170560,1780554327323170560,HTTP Connecting,ms,p99,0.00
129,1780554326323170560,1780554327323170560,HTTP Connecting,ms,std,0.00
129,1780554326323170560,1780554327323170560,HTTP Connection Overhead,ms,avg,0.00
129,1780554326323170560,1780554327323170560,HTTP Connection Overhead,ms,min,0.00
129,1780554326323170560,1780554327323170560,HTTP Connection Overhead,ms,max,0.00
129,1780554326323170560,1780554327323170560,HTTP Connection Overhead,ms,sum,0.00
129,1780554326323170560,1780554327323170560,HTTP Connection Overhead,ms,p1,0.00
129,1780554326323170560,1780554327323170560,HTTP Connection Overhead,ms,p5,0.00
129,1780554326323170560,1780554327323170560,HTTP Connection Overhead,ms,p10,0.00
129,1780554326323170560,1780554327323170560,HTTP Connection Overhead,ms,p25,0.00
129,1780554326323170560,1780554327323170560,HTTP Connection Overhead,ms,p50,0.00
129,1780554326323170560,1780554327323170560,HTTP Connection Overhead,ms,p75,0.00
129,1780554326323170560,1780554327323170560,HTTP Connection Overhead,ms,p90,0.00
129,1780554326323170560,1780554327323170560,HTTP Connection Overhead,ms,p95,0.00
129,1780554326323170560,1780554327323170560,HTTP Connection Overhead,ms,p99,0.00
129,1780554326323170560,1780554327323170560,HTTP Connection Overhead,ms,std,0.00
129,1780554326323170560,1780554327323170560,HTTP Connection Reused,ratio,avg,1.00
129,1780554326323170560,1780554327323170560,HTTP Connection Reused,ratio,min,1.00
129,1780554326323170560,1780554327323170560,HTTP Connection Reused,ratio,max,1.00
129,1780554326323170560,1780554327323170560,HTTP Connection Reused,ratio,sum,1.00
129,1780554326323170560,1780554327323170560,HTTP Connection Reused,ratio,p1,1.00
129,1780554326323170560,1780554327323170560,HTTP Connection Reused,ratio,p5,1.00
129,1780554326323170560,1780554327323170560,HTTP Connection Reused,ratio,p10,1.00
129,1780554326323170560,1780554327323170560,HTTP Connection Reused,ratio,p25,1.00
129,1780554326323170560,1780554327323170560,HTTP Connection Reused,ratio,p50,1.00
129,1780554326323170560,1780554327323170560,HTTP Connection Reused,ratio,p75,1.00
129,1780554326323170560,1780554327323170560,HTTP Connection Reused,ratio,p90,1.00
129,1780554326323170560,1780554327323170560,HTTP Connection Reused,ratio,p95,1.00
129,1780554326323170560,1780554327323170560,HTTP Connection Reused,ratio,p99,1.00
129,1780554326323170560,1780554327323170560,HTTP Connection Reused,ratio,std,0.00
129,1780554326323170560,1780554327323170560,HTTP Data Received,KB,avg,2.09
129,1780554326323170560,1780554327323170560,HTTP Data Received,KB,min,2.09
129,1780554326323170560,1780554327323170560,HTTP Data Received,KB,max,2.09
129,1780554326323170560,1780554327323170560,HTTP Data Received,KB,sum,2.09
129,1780554326323170560,1780554327323170560,HTTP Data Received,KB,p1,2.09
129,1780554326323170560,1780554327323170560,HTTP Data Received,KB,p5,2.09
129,1780554326323170560,1780554327323170560,HTTP Data Received,KB,p10,2.09
129,1780554326323170560,1780554327323170560,HTTP Data Received,KB,p25,2.09
129,1780554326323170560,1780554327323170560,HTTP Data Received,KB,p50,2.09
129,1780554326323170560,1780554327323170560,HTTP Data Received,KB,p75,2.09
129,1780554326323170560,1780554327323170560,HTTP Data Received,KB,p90,2.09
129,1780554326323170560,1780554327323170560,HTTP Data Received,KB,p95,2.09
129,1780554326323170560,1780554327323170560,HTTP Data Received,KB,p99,2.09
129,1780554326323170560,1780554327323170560,HTTP Data Received,KB,std,0.00
129,1780554326323170560,1780554327323170560,HTTP Data Sent,KB,avg,338.80
129,1780554326323170560,1780554327323170560,HTTP Data Sent,KB,min,338.80
129,1780554326323170560,1780554327323170560,HTTP Data Sent,KB,max,338.80
129,1780554326323170560,1780554327323170560,HTTP Data Sent,KB,sum,338.80
129,1780554326323170560,1780554327323170560,HTTP Data Sent,KB,p1,338.80
129,1780554326323170560,1780554327323170560,HTTP Data Sent,KB,p5,338.80
129,1780554326323170560,1780554327323170560,HTTP Data Sent,KB,p10,338.80
129,1780554326323170560,1780554327323170560,HTTP Data Sent,KB,p25,338.80
129,1780554326323170560,1780554327323170560,HTTP Data Sent,KB,p50,338.80
129,1780554326323170560,1780554327323170560,HTTP Data Sent,KB,p75,338.80
129,1780554326323170560,1780554327323170560,HTTP Data Sent,KB,p90,338.80
129,1780554326323170560,1780554327323170560,HTTP Data Sent,KB,p95,338.80
129,1780554326323170560,1780554327323170560,HTTP Data Sent,KB,p99,338.80
129,1780554326323170560,1780554327323170560,HTTP Data Sent,KB,std,0.00
129,1780554326323170560,1780554327323170560,HTTP DNS Lookup,ms,avg,0.00
129,1780554326323170560,1780554327323170560,HTTP DNS Lookup,ms,min,0.00
129,1780554326323170560,1780554327323170560,HTTP DNS Lookup,ms,max,0.00
129,1780554326323170560,1780554327323170560,HTTP DNS Lookup,ms,sum,0.00
129,1780554326323170560,1780554327323170560,HTTP DNS Lookup,ms,p1,0.00
129,1780554326323170560,1780554327323170560,HTTP DNS Lookup,ms,p5,0.00
129,1780554326323170560,1780554327323170560,HTTP DNS Lookup,ms,p10,0.00
129,1780554326323170560,1780554327323170560,HTTP DNS Lookup,ms,p25,0.00
129,1780554326323170560,1780554327323170560,HTTP DNS Lookup,ms,p50,0.00
129,1780554326323170560,1780554327323170560,HTTP DNS Lookup,ms,p75,0.00
129,1780554326323170560,1780554327323170560,HTTP DNS Lookup,ms,p90,0.00
129,1780554326323170560,1780554327323170560,HTTP DNS Lookup,ms,p95,0.00
129,1780554326323170560,1780554327323170560,HTTP DNS Lookup,ms,p99,0.00
129,1780554326323170560,1780554327323170560,HTTP DNS Lookup,ms,std,0.00
129,1780554326323170560,1780554327323170560,HTTP Duration (excl. conn),ms,avg,15781.23
129,1780554326323170560,1780554327323170560,HTTP Duration (excl. conn),ms,min,15781.23
129,1780554326323170560,1780554327323170560,HTTP Duration (excl. conn),ms,max,15781.23
129,1780554326323170560,1780554327323170560,HTTP Duration (excl. conn),ms,sum,15781.23
129,1780554326323170560,1780554327323170560,HTTP Duration (excl. conn),ms,p1,15781.23
129,1780554326323170560,1780554327323170560,HTTP Duration (excl. conn),ms,p5,15781.23
129,1780554326323170560,1780554327323170560,HTTP Duration (excl. conn),ms,p10,15781.23
129,1780554326323170560,1780554327323170560,HTTP Duration (excl. conn),ms,p25,15781.23
129,1780554326323170560,1780554327323170560,HTTP Duration (excl. conn),ms,p50,15781.23
129,1780554326323170560,1780554327323170560,HTTP Duration (excl. conn),ms,p75,15781.23
129,1780554326323170560,1780554327323170560,HTTP Duration (excl. conn),ms,p90,15781.23
129,1780554326323170560,1780554327323170560,HTTP Duration (excl. conn),ms,p95,15781.23
129,1780554326323170560,1780554327323170560,HTTP Duration (excl. conn),ms,p99,15781.23
129,1780554326323170560,1780554327323170560,HTTP Duration (excl. conn),ms,std,0.00
129,1780554326323170560,1780554327323170560,HTTP Receiving,ms,avg,265.29
129,1780554326323170560,1780554327323170560,HTTP Receiving,ms,min,265.29
129,1780554326323170560,1780554327323170560,HTTP Receiving,ms,max,265.29
129,1780554326323170560,1780554327323170560,HTTP Receiving,ms,sum,265.29
129,1780554326323170560,1780554327323170560,HTTP Receiving,ms,p1,265.29
129,1780554326323170560,1780554327323170560,HTTP Receiving,ms,p5,265.29
129,1780554326323170560,1780554327323170560,HTTP Receiving,ms,p10,265.29
129,1780554326323170560,1780554327323170560,HTTP Receiving,ms,p25,265.29
129,1780554326323170560,1780554327323170560,HTTP Receiving,ms,p50,265.29
129,1780554326323170560,1780554327323170560,HTTP Receiving,ms,p75,265.29
129,1780554326323170560,1780554327323170560,HTTP Receiving,ms,p90,265.29
129,1780554326323170560,1780554327323170560,HTTP Receiving,ms,p95,265.29
129,1780554326323170560,1780554327323170560,HTTP Receiving,ms,p99,265.29
129,1780554326323170560,1780554327323170560,HTTP Receiving,ms,std,0.00
129,1780554326323170560,1780554327323170560,HTTP Sending,ms,avg,0.22
129,1780554326323170560,1780554327323170560,HTTP Sending,ms,min,0.22
129,1780554326323170560,1780554327323170560,HTTP Sending,ms,max,0.22
129,1780554326323170560,1780554327323170560,HTTP Sending,ms,sum,0.22
129,1780554326323170560,1780554327323170560,HTTP Sending,ms,p1,0.22
129,1780554326323170560,1780554327323170560,HTTP Sending,ms,p5,0.22
129,1780554326323170560,1780554327323170560,HTTP Sending,ms,p10,0.22
129,1780554326323170560,1780554327323170560,HTTP Sending,ms,p25,0.22
129,1780554326323170560,1780554327323170560,HTTP Sending,ms,p50,0.22
129,1780554326323170560,1780554327323170560,HTTP Sending,ms,p75,0.22
129,1780554326323170560,1780554327323170560,HTTP Sending,ms,p90,0.22
129,1780554326323170560,1780554327323170560,HTTP Sending,ms,p95,0.22
129,1780554326323170560,1780554327323170560,HTTP Sending,ms,p99,0.22
129,1780554326323170560,1780554327323170560,HTTP Sending,ms,std,0.00
129,1780554326323170560,1780554327323170560,HTTP Total Time,ms,avg,15781.23
129,1780554326323170560,1780554327323170560,HTTP Total Time,ms,min,15781.23
129,1780554326323170560,1780554327323170560,HTTP Total Time,ms,max,15781.23
129,1780554326323170560,1780554327323170560,HTTP Total Time,ms,sum,15781.23
129,1780554326323170560,1780554327323170560,HTTP Total Time,ms,p1,15781.23
129,1780554326323170560,1780554327323170560,HTTP Total Time,ms,p5,15781.23
129,1780554326323170560,1780554327323170560,HTTP Total Time,ms,p10,15781.23
129,1780554326323170560,1780554327323170560,HTTP Total Time,ms,p25,15781.23
129,1780554326323170560,1780554327323170560,HTTP Total Time,ms,p50,15781.23
129,1780554326323170560,1780554327323170560,HTTP Total Time,ms,p75,15781.23
129,1780554326323170560,1780554327323170560,HTTP Total Time,ms,p90,15781.23
129,1780554326323170560,1780554327323170560,HTTP Total Time,ms,p95,15781.23
129,1780554326323170560,1780554327323170560,HTTP Total Time,ms,p99,15781.23
129,1780554326323170560,1780554327323170560,HTTP Total Time,ms,std,0.00
129,1780554326323170560,1780554327323170560,HTTP Waiting (TTFB),ms,avg,15515.72
129,1780554326323170560,1780554327323170560,HTTP Waiting (TTFB),ms,min,15515.72
129,1780554326323170560,1780554327323170560,HTTP Waiting (TTFB),ms,max,15515.72
129,1780554326323170560,1780554327323170560,HTTP Waiting (TTFB),ms,sum,15515.72
129,1780554326323170560,1780554327323170560,HTTP Waiting (TTFB),ms,p1,15515.72
129,1780554326323170560,1780554327323170560,HTTP Waiting (TTFB),ms,p5,15515.72
129,1780554326323170560,1780554327323170560,HTTP Waiting (TTFB),ms,p10,15515.72
129,1780554326323170560,1780554327323170560,HTTP Waiting (TTFB),ms,p25,15515.72
129,1780554326323170560,1780554327323170560,HTTP Waiting (TTFB),ms,p50,15515.72
129,1780554326323170560,1780554327323170560,HTTP Waiting (TTFB),ms,p75,15515.72
129,1780554326323170560,1780554327323170560,HTTP Waiting (TTFB),ms,p90,15515.72
129,1780554326323170560,1780554327323170560,HTTP Waiting (TTFB),ms,p95,15515.72
129,1780554326323170560,1780554327323170560,HTTP Waiting (TTFB),ms,p99,15515.72
129,1780554326323170560,1780554327323170560,HTTP Waiting (TTFB),ms,std,0.00
129,1780554326323170560,1780554327323170560,Input Sequence Length,tokens,avg,87411.00
129,1780554326323170560,1780554327323170560,Input Sequence Length,tokens,min,87411.00
129,1780554326323170560,1780554327323170560,Input Sequence Length,tokens,max,87411.00
129,1780554326323170560,1780554327323170560,Input Sequence Length,tokens,sum,87411.00
129,1780554326323170560,1780554327323170560,Input Sequence Length,tokens,p1,87411.00
129,1780554326323170560,1780554327323170560,Input Sequence Length,tokens,p5,87411.00
129,1780554326323170560,1780554327323170560,Input Sequence Length,tokens,p10,87411.00
129,1780554326323170560,1780554327323170560,Input Sequence Length,tokens,p25,87411.00
129,1780554326323170560,1780554327323170560,Input Sequence Length,tokens,p50,87411.00
129,1780554326323170560,1780554327323170560,Input Sequence Length,tokens,p75,87411.00
129,1780554326323170560,1780554327323170560,Input Sequence Length,tokens,p90,87411.00
129,1780554326323170560,1780554327323170560,Input Sequence Length,tokens,p95,87411.00
129,1780554326323170560,1780554327323170560,Input Sequence Length,tokens,p99,87411.00
129,1780554326323170560,1780554327323170560,Input Sequence Length,tokens,std,0.00
129,1780554326323170560,1780554327323170560,Input Token Throughput,tokens/sec,avg,87411.00
129,1780554326323170560,1780554327323170560,Inter Chunk Latency,ms,avg,68.31
129,1780554326323170560,1780554327323170560,Inter Chunk Latency,ms,min,68.31
129,1780554326323170560,1780554327323170560,Inter Chunk Latency,ms,max,68.31
129,1780554326323170560,1780554327323170560,Inter Chunk Latency,ms,sum,341.57
129,1780554326323170560,1780554327323170560,Inter Chunk Latency,ms,p1,68.31
129,1780554326323170560,1780554327323170560,Inter Chunk Latency,ms,p5,68.31
129,1780554326323170560,1780554327323170560,Inter Chunk Latency,ms,p10,68.31
129,1780554326323170560,1780554327323170560,Inter Chunk Latency,ms,p25,68.31
129,1780554326323170560,1780554327323170560,Inter Chunk Latency,ms,p50,68.31
129,1780554326323170560,1780554327323170560,Inter Chunk Latency,ms,p75,68.31
129,1780554326323170560,1780554327323170560,Inter Chunk Latency,ms,p90,68.31
129,1780554326323170560,1780554327323170560,Inter Chunk Latency,ms,p95,68.31
129,1780554326323170560,1780554327323170560,Inter Chunk Latency,ms,p99,68.31
129,1780554326323170560,1780554327323170560,Inter Chunk Latency,ms,std,0.00
129,1780554326323170560,1780554327323170560,Inter Token Latency,ms,avg,53.05
129,1780554326323170560,1780554327323170560,Inter Token Latency,ms,min,53.05
129,1780554326323170560,1780554327323170560,Inter Token Latency,ms,max,53.05
129,1780554326323170560,1780554327323170560,Inter Token Latency,ms,sum,53.05
129,1780554326323170560,1780554327323170560,Inter Token Latency,ms,p1,53.05
129,1780554326323170560,1780554327323170560,Inter Token Latency,ms,p5,53.05
129,1780554326323170560,1780554327323170560,Inter Token Latency,ms,p10,53.05
129,1780554326323170560,1780554327323170560,Inter Token Latency,ms,p25,53.05
129,1780554326323170560,1780554327323170560,Inter Token Latency,ms,p50,53.05
129,1780554326323170560,1780554327323170560,Inter Token Latency,ms,p75,53.05
129,1780554326323170560,1780554327323170560,Inter Token Latency,ms,p90,53.05
129,1780554326323170560,1780554327323170560,Inter Token Latency,ms,p95,53.05
129,1780554326323170560,1780554327323170560,Inter Token Latency,ms,p99,53.05
129,1780554326323170560,1780554327323170560,Inter Token Latency,ms,std,0.00
129,1780554326323170560,1780554327323170560,Maximum Response Timestamp,ns,avg,1780554342824930304.00
129,1780554326323170560,1780554327323170560,Minimum Request Timestamp,ns,avg,1780554327043596800.00
129,1780554326323170560,1780554327323170560,OSL Mismatch Count,requests,avg,0.00
129,1780554326323170560,1780554327323170560,OSL Mismatch Diff %,%,avg,0.00
129,1780554326323170560,1780554327323170560,OSL Mismatch Diff %,%,min,0.00
129,1780554326323170560,1780554327323170560,OSL Mismatch Diff %,%,max,0.00
129,1780554326323170560,1780554327323170560,OSL Mismatch Diff %,%,sum,0.00
129,1780554326323170560,1780554327323170560,OSL Mismatch Diff %,%,p1,0.00
129,1780554326323170560,1780554327323170560,OSL Mismatch Diff %,%,p5,0.00
129,1780554326323170560,1780554327323170560,OSL Mismatch Diff %,%,p10,0.00
129,1780554326323170560,1780554327323170560,OSL Mismatch Diff %,%,p25,0.00
129,1780554326323170560,1780554327323170560,OSL Mismatch Diff %,%,p50,0.00
129,1780554326323170560,1780554327323170560,OSL Mismatch Diff %,%,p75,0.00
129,1780554326323170560,1780554327323170560,OSL Mismatch Diff %,%,p90,0.00
129,1780554326323170560,1780554327323170560,OSL Mismatch Diff %,%,p95,0.00
129,1780554326323170560,1780554327323170560,OSL Mismatch Diff %,%,p99,0.00
129,1780554326323170560,1780554327323170560,OSL Mismatch Diff %,%,std,0.00
129,1780554326323170560,1780554327323170560,Output Sequence Length,tokens,avg,6.00
129,1780554326323170560,1780554327323170560,Output Sequence Length,tokens,min,6.00
129,1780554326323170560,1780554327323170560,Output Sequence Length,tokens,max,6.00
129,1780554326323170560,1780554327323170560,Output Sequence Length,tokens,sum,6.00
129,1780554326323170560,1780554327323170560,Output Sequence Length,tokens,p1,6.00
129,1780554326323170560,1780554327323170560,Output Sequence Length,tokens,p5,6.00
129,1780554326323170560,1780554327323170560,Output Sequence Length,tokens,p10,6.00
129,1780554326323170560,1780554327323170560,Output Sequence Length,tokens,p25,6.00
129,1780554326323170560,1780554327323170560,Output Sequence Length,tokens,p50,6.00
129,1780554326323170560,1780554327323170560,Output Sequence Length,tokens,p75,6.00
129,1780554326323170560,1780554327323170560,Output Sequence Length,tokens,p90,6.00
129,1780554326323170560,1780554327323170560,Output Sequence Length,tokens,p95,6.00
129,1780554326323170560,1780554327323170560,Output Sequence Length,tokens,p99,6.00
129,1780554326323170560,1780554327323170560,Output Sequence Length,tokens,std,0.00
129,1780554326323170560,1780554327323170560,Output Token Count,tokens,avg,6.00
129,1780554326323170560,1780554327323170560,Output Token Count,tokens,min,6.00
129,1780554326323170560,1780554327323170560,Output Token Count,tokens,max,6.00
129,1780554326323170560,1780554327323170560,Output Token Count,tokens,sum,6.00
129,1780554326323170560,1780554327323170560,Output Token Count,tokens,p1,6.00
129,1780554326323170560,1780554327323170560,Output Token Count,tokens,p5,6.00
129,1780554326323170560,1780554327323170560,Output Token Count,tokens,p10,6.00
129,1780554326323170560,1780554327323170560,Output Token Count,tokens,p25,6.00
129,1780554326323170560,1780554327323170560,Output Token Count,tokens,p50,6.00
129,1780554326323170560,1780554327323170560,Output Token Count,tokens,p75,6.00
129,1780554326323170560,1780554327323170560,Output Token Count,tokens,p90,6.00
129,1780554326323170560,1780554327323170560,Output Token Count,tokens,p95,6.00
129,1780554326323170560,1780554327323170560,Output Token Count,tokens,p99,6.00
129,1780554326323170560,1780554327323170560,Output Token Count,tokens,std,0.00
129,1780554326323170560,1780554327323170560,Output Token Throughput,tokens/sec,avg,6.00
129,1780554326323170560,1780554327323170560,Output Token Throughput Per User,tokens/sec/user,avg,18.85
129,1780554326323170560,1780554327323170560,Output Token Throughput Per User,tokens/sec/user,min,18.85
129,1780554326323170560,1780554327323170560,Output Token Throughput Per User,tokens/sec/user,max,18.85
129,1780554326323170560,1780554327323170560,Output Token Throughput Per User,tokens/sec/user,sum,18.85
129,1780554326323170560,1780554327323170560,Output Token Throughput Per User,tokens/sec/user,p1,18.85
129,1780554326323170560,1780554327323170560,Output Token Throughput Per User,tokens/sec/user,p5,18.85
129,1780554326323170560,1780554327323170560,Output Token Throughput Per User,tokens/sec/user,p10,18.85
129,1780554326323170560,1780554327323170560,Output Token Throughput Per User,tokens/sec/user,p25,18.85
129,1780554326323170560,1780554327323170560,Output Token Throughput Per User,tokens/sec/user,p50,18.85
129,1780554326323170560,1780554327323170560,Output Token Throughput Per User,tokens/sec/user,p75,18.85
129,1780554326323170560,1780554327323170560,Output Token Throughput Per User,tokens/sec/user,p90,18.85
129,1780554326323170560,1780554327323170560,Output Token Throughput Per User,tokens/sec/user,p95,18.85
129,1780554326323170560,1780554327323170560,Output Token Throughput Per User,tokens/sec/user,p99,18.85
129,1780554326323170560,1780554327323170560,Output Token Throughput Per User,tokens/sec/user,std,0.00
129,1780554326323170560,1780554327323170560,Prefill Throughput Per User,tokens/sec/user,avg,5633.58
129,1780554326323170560,1780554327323170560,Prefill Throughput Per User,tokens/sec/user,min,5633.58
129,1780554326323170560,1780554327323170560,Prefill Throughput Per User,tokens/sec/user,max,5633.58
129,1780554326323170560,1780554327323170560,Prefill Throughput Per User,tokens/sec/user,sum,5633.58
129,1780554326323170560,1780554327323170560,Prefill Throughput Per User,tokens/sec/user,p1,5633.58
129,1780554326323170560,1780554327323170560,Prefill Throughput Per User,tokens/sec/user,p5,5633.58
129,1780554326323170560,1780554327323170560,Prefill Throughput Per User,tokens/sec/user,p10,5633.58
129,1780554326323170560,1780554327323170560,Prefill Throughput Per User,tokens/sec/user,p25,5633.58
129,1780554326323170560,1780554327323170560,Prefill Throughput Per User,tokens/sec/user,p50,5633.58
129,1780554326323170560,1780554327323170560,Prefill Throughput Per User,tokens/sec/user,p75,5633.58
129,1780554326323170560,1780554327323170560,Prefill Throughput Per User,tokens/sec/user,p90,5633.58
129,1780554326323170560,1780554327323170560,Prefill Throughput Per User,tokens/sec/user,p95,5633.58
129,1780554326323170560,1780554327323170560,Prefill Throughput Per User,tokens/sec/user,p99,5633.58
129,1780554326323170560,1780554327323170560,Prefill Throughput Per User,tokens/sec/user,std,0.00
129,1780554326323170560,1780554327323170560,Request Count,requests,avg,1.00
129,1780554326323170560,1780554327323170560,Request Latency,ms,avg,15781.33
129,1780554326323170560,1780554327323170560,Request Latency,ms,min,15781.33
129,1780554326323170560,1780554327323170560,Request Latency,ms,max,15781.33
129,1780554326323170560,1780554327323170560,Request Latency,ms,sum,15781.33
129,1780554326323170560,1780554327323170560,Request Latency,ms,p1,15781.33
129,1780554326323170560,1780554327323170560,Request Latency,ms,p5,15781.33
129,1780554326323170560,1780554327323170560,Request Latency,ms,p10,15781.33
129,1780554326323170560,1780554327323170560,Request Latency,ms,p25,15781.33
129,1780554326323170560,1780554327323170560,Request Latency,ms,p50,15781.33
129,1780554326323170560,1780554327323170560,Request Latency,ms,p75,15781.33
129,1780554326323170560,1780554327323170560,Request Latency,ms,p90,15781.33
129,1780554326323170560,1780554327323170560,Request Latency,ms,p95,15781.33
129,1780554326323170560,1780554327323170560,Request Latency,ms,p99,15781.33
129,1780554326323170560,1780554327323170560,Request Latency,ms,std,0.00
129,1780554326323170560,1780554327323170560,Request Throughput,requests/sec,avg,1.00
129,1780554326323170560,1780554327323170560,Requested OSL,tokens,avg,6.00
129,1780554326323170560,1780554327323170560,Requested OSL,tokens,min,6.00
129,1780554326323170560,1780554327323170560,Requested OSL,tokens,max,6.00
129,1780554326323170560,1780554327323170560,Requested OSL,tokens,sum,6.00
129,1780554326323170560,1780554327323170560,Requested OSL,tokens,p1,6.00
129,1780554326323170560,1780554327323170560,Requested OSL,tokens,p5,6.00
129,1780554326323170560,1780554327323170560,Requested OSL,tokens,p10,6.00
129,1780554326323170560,1780554327323170560,Requested OSL,tokens,p25,6.00
129,1780554326323170560,1780554327323170560,Requested OSL,tokens,p50,6.00
129,1780554326323170560,1780554327323170560,Requested OSL,tokens,p75,6.00
129,1780554326323170560,1780554327323170560,Requested OSL,tokens,p90,6.00
129,1780554326323170560,1780554327323170560,Requested OSL,tokens,p95,6.00
129,1780554326323170560,1780554327323170560,Requested OSL,tokens,p99,6.00
129,1780554326323170560,1780554327323170560,Requested OSL,tokens,std,0.00
129,1780554326323170560,1780554327323170560,Time to First Output Token,ms,avg,15516.06
129,1780554326323170560,1780554327323170560,Time to First Output Token,ms,min,15516.06
129,1780554326323170560,1780554327323170560,Time to First Output Token,ms,max,15516.06
129,1780554326323170560,1780554327323170560,Time to First Output Token,ms,sum,15516.06
129,1780554326323170560,1780554327323170560,Time to First Output Token,ms,p1,15516.06
129,1780554326323170560,1780554327323170560,Time to First Output Token,ms,p5,15516.06
129,1780554326323170560,1780554327323170560,Time to First Output Token,ms,p10,15516.06
129,1780554326323170560,1780554327323170560,Time to First Output Token,ms,p25,15516.06
129,1780554326323170560,1780554327323170560,Time to First Output Token,ms,p50,15516.06
129,1780554326323170560,1780554327323170560,Time to First Output Token,ms,p75,15516.06
129,1780554326323170560,1780554327323170560,Time to First Output Token,ms,p90,15516.06
129,1780554326323170560,1780554327323170560,Time to First Output Token,ms,p95,15516.06
129,1780554326323170560,1780554327323170560,Time to First Output Token,ms,p99,15516.06
129,1780554326323170560,1780554327323170560,Time to First Output Token,ms,std,0.00
129,1780554326323170560,1780554327323170560,Time to First Token,ms,avg,15516.06
129,1780554326323170560,1780554327323170560,Time to First Token,ms,min,15516.06
129,1780554326323170560,1780554327323170560,Time to First Token,ms,max,15516.06
129,1780554326323170560,1780554327323170560,Time to First Token,ms,sum,15516.06
129,1780554326323170560,1780554327323170560,Time to First Token,ms,p1,15516.06
129,1780554326323170560,1780554327323170560,Time to First Token,ms,p5,15516.06
129,1780554326323170560,1780554327323170560,Time to First Token,ms,p10,15516.06
129,1780554326323170560,1780554327323170560,Time to First Token,ms,p25,15516.06
129,1780554326323170560,1780554327323170560,Time to First Token,ms,p50,15516.06
129,1780554326323170560,1780554327323170560,Time to First Token,ms,p75,15516.06
129,1780554326323170560,1780554327323170560,Time to First Token,ms,p90,15516.06
129,1780554326323170560,1780554327323170560,Time to First Token,ms,p95,15516.06
129,1780554326323170560,1780554327323170560,Time to First Token,ms,p99,15516.06
129,1780554326323170560,1780554327323170560,Time to First Token,ms,std,0.00
129,1780554326323170560,1780554327323170560,Time to Second Token,ms,avg,0.85
129,1780554326323170560,1780554327323170560,Time to Second Token,ms,min,0.85
129,1780554326323170560,1780554327323170560,Time to Second Token,ms,max,0.85
129,1780554326323170560,1780554327323170560,Time to Second Token,ms,sum,0.85
129,1780554326323170560,1780554327323170560,Time to Second Token,ms,p1,0.85
129,1780554326323170560,1780554327323170560,Time to Second Token,ms,p5,0.85
129,1780554326323170560,1780554327323170560,Time to Second Token,ms,p10,0.85
129,1780554326323170560,1780554327323170560,Time to Second Token,ms,p25,0.85
129,1780554326323170560,1780554327323170560,Time to Second Token,ms,p50,0.85
129,1780554326323170560,1780554327323170560,Time to Second Token,ms,p75,0.85
129,1780554326323170560,1780554327323170560,Time to Second Token,ms,p90,0.85
129,1780554326323170560,1780554327323170560,Time to Second Token,ms,p95,0.85
129,1780554326323170560,1780554327323170560,Time to Second Token,ms,p99,0.85
129,1780554326323170560,1780554327323170560,Time to Second Token,ms,std,0.00
129,1780554326323170560,1780554327323170560,Tokens In Flight,tokens,avg,1143114.40
129,1780554326323170560,1780554327323170560,Tokens In Flight,tokens,min,1069379.90
129,1780554326323170560,1780554327323170560,Tokens In Flight,tokens,max,1224562.90
129,1780554326323170560,1780554327323170560,Tokens In Flight,tokens,p50,1137129.79
129,1780554326323170560,1780554327323170560,Tokens In Flight,tokens,p90,1224559.74
129,1780554326323170560,1780554327323170560,Tokens In Flight,tokens,p95,1224561.77
129,1780554326323170560,1780554327323170560,Tokens In Flight,tokens,p99,1224562.90
129,1780554326323170560,1780554327323170560,Tokens In Flight,tokens,std,41683.94
129,1780554326323170560,1780554327323170560,Total Input Sequence Length,tokens,avg,87411.00
129,1780554326323170560,1780554327323170560,Total Output Sequence Length,tokens,avg,6.00
129,1780554326323170560,1780554327323170560,Total Output Tokens,tokens,avg,6.00
129,1780554326323170560,1780554327323170560,Total Token Throughput,tokens/sec,avg,87417.00
129,1780554326323170560,1780554327323170560,Total Usage Completion Tokens,tokens,avg,6.00
129,1780554326323170560,1780554327323170560,Total Usage Prompt Tokens,tokens,avg,87411.00
129,1780554326323170560,1780554327323170560,Total Usage Total Tokens,tokens,avg,87417.00
129,1780554326323170560,1780554327323170560,Usage Completion Tokens,tokens,avg,6.00
129,1780554326323170560,1780554327323170560,Usage Completion Tokens,tokens,min,6.00
129,1780554326323170560,1780554327323170560,Usage Completion Tokens,tokens,max,6.00
129,1780554326323170560,1780554327323170560,Usage Completion Tokens,tokens,sum,6.00
129,1780554326323170560,1780554327323170560,Usage Completion Tokens,tokens,p1,6.00
129,1780554326323170560,1780554327323170560,Usage Completion Tokens,tokens,p5,6.00
129,1780554326323170560,1780554327323170560,Usage Completion Tokens,tokens,p10,6.00
129,1780554326323170560,1780554327323170560,Usage Completion Tokens,tokens,p25,6.00
129,1780554326323170560,1780554327323170560,Usage Completion Tokens,tokens,p50,6.00
129,1780554326323170560,1780554327323170560,Usage Completion Tokens,tokens,p75,6.00
129,1780554326323170560,1780554327323170560,Usage Completion Tokens,tokens,p90,6.00
129,1780554326323170560,1780554327323170560,Usage Completion Tokens,tokens,p95,6.00
129,1780554326323170560,1780554327323170560,Usage Completion Tokens,tokens,p99,6.00
129,1780554326323170560,1780554327323170560,Usage Completion Tokens,tokens,std,0.00
129,1780554326323170560,1780554327323170560,Usage Prompt Tokens,tokens,avg,87411.00
129,1780554326323170560,1780554327323170560,Usage Prompt Tokens,tokens,min,87411.00
129,1780554326323170560,1780554327323170560,Usage Prompt Tokens,tokens,max,87411.00
129,1780554326323170560,1780554327323170560,Usage Prompt Tokens,tokens,sum,87411.00
129,1780554326323170560,1780554327323170560,Usage Prompt Tokens,tokens,p1,87411.00
129,1780554326323170560,1780554327323170560,Usage Prompt Tokens,tokens,p5,87411.00
129,1780554326323170560,1780554327323170560,Usage Prompt Tokens,tokens,p10,87411.00
129,1780554326323170560,1780554327323170560,Usage Prompt Tokens,tokens,p25,87411.00
129,1780554326323170560,1780554327323170560,Usage Prompt Tokens,tokens,p50,87411.00
129,1780554326323170560,1780554327323170560,Usage Prompt Tokens,tokens,p75,87411.00
129,1780554326323170560,1780554327323170560,Usage Prompt Tokens,tokens,p90,87411.00
129,1780554326323170560,1780554327323170560,Usage Prompt Tokens,tokens,p95,87411.00
129,1780554326323170560,1780554327323170560,Usage Prompt Tokens,tokens,p99,87411.00
129,1780554326323170560,1780554327323170560,Usage Prompt Tokens,tokens,std,0.00
129,1780554326323170560,1780554327323170560,Usage Total Tokens,tokens,avg,87417.00
129,1780554326323170560,1780554327323170560,Usage Total Tokens,tokens,min,87417.00
129,1780554326323170560,1780554327323170560,Usage Total Tokens,tokens,max,87417.00
129,1780554326323170560,1780554327323170560,Usage Total Tokens,tokens,sum,87417.00
129,1780554326323170560,1780554327323170560,Usage Total Tokens,tokens,p1,87417.00
129,1780554326323170560,1780554327323170560,Usage Total Tokens,tokens,p5,87417.00
129,1780554326323170560,1780554327323170560,Usage Total Tokens,tokens,p10,87417.00
129,1780554326323170560,1780554327323170560,Usage Total Tokens,tokens,p25,87417.00
129,1780554326323170560,1780554327323170560,Usage Total Tokens,tokens,p50,87417.00
129,1780554326323170560,1780554327323170560,Usage Total Tokens,tokens,p75,87417.00
129,1780554326323170560,1780554327323170560,Usage Total Tokens,tokens,p90,87417.00
129,1780554326323170560,1780554327323170560,Usage Total Tokens,tokens,p95,87417.00
129,1780554326323170560,1780554327323170560,Usage Total Tokens,tokens,p99,87417.00
129,1780554326323170560,1780554327323170560,Usage Total Tokens,tokens,std,0.00
130,1780554343323170560,1780554344323170560,Active Decode Throughput,tokens/sec,avg,37.81
130,1780554343323170560,1780554344323170560,Active Decode Throughput,tokens/sec,min,14.95
130,1780554343323170560,1780554344323170560,Active Decode Throughput,tokens/sec,max,62.33
130,1780554343323170560,1780554344323170560,Active Decode Throughput,tokens/sec,p50,31.33
130,1780554343323170560,1780554344323170560,Active Decode Throughput,tokens/sec,p90,45.96
130,1780554343323170560,1780554344323170560,Active Decode Throughput,tokens/sec,p95,45.96
130,1780554343323170560,1780554344323170560,Active Decode Throughput,tokens/sec,p99,45.96
130,1780554343323170560,1780554344323170560,Active Decode Throughput,tokens/sec,std,7.27
130,1780554343323170560,1780554344323170560,Active Decode Throughput Per User,tokens/sec/user,avg,3.44
130,1780554343323170560,1780554344323170560,Active Decode Throughput Per User,tokens/sec/user,min,1.36
130,1780554343323170560,1780554344323170560,Active Decode Throughput Per User,tokens/sec/user,max,5.67
130,1780554343323170560,1780554344323170560,Active Decode Throughput Per User,tokens/sec/user,p50,2.85
130,1780554343323170560,1780554344323170560,Active Decode Throughput Per User,tokens/sec/user,p90,4.18
130,1780554343323170560,1780554344323170560,Active Decode Throughput Per User,tokens/sec/user,p95,4.18
130,1780554343323170560,1780554344323170560,Active Decode Throughput Per User,tokens/sec/user,p99,4.18
130,1780554343323170560,1780554344323170560,Active Decode Throughput Per User,tokens/sec/user,std,0.66
130,1780554343323170560,1780554344323170560,Active Prefill Throughput,tokens/sec,avg,12008.83
130,1780554343323170560,1780554344323170560,Active Prefill Throughput,tokens/sec,min,11479.71
130,1780554343323170560,1780554344323170560,Active Prefill Throughput,tokens/sec,max,21310.89
130,1780554343323170560,1780554344323170560,Active Prefill Throughput,tokens/sec,p50,11479.71
130,1780554343323170560,1780554344323170560,Active Prefill Throughput,tokens/sec,p90,11479.71
130,1780554343323170560,1780554344323170560,Active Prefill Throughput,tokens/sec,p95,21310.89
130,1780554343323170560,1780554344323170560,Active Prefill Throughput,tokens/sec,p99,21310.89
130,1780554343323170560,1780554344323170560,Active Prefill Throughput,tokens/sec,std,2218.52
130,1780554343323170560,1780554344323170560,Active Prefill Throughput Per User,tokens/sec/user,avg,11435.35
130,1780554343323170560,1780554344323170560,Active Prefill Throughput Per User,tokens/sec/user,min,10655.45
130,1780554343323170560,1780554344323170560,Active Prefill Throughput Per User,tokens/sec/user,max,11479.71
130,1780554343323170560,1780554344323170560,Active Prefill Throughput Per User,tokens/sec/user,p50,11479.71
130,1780554343323170560,1780554344323170560,Active Prefill Throughput Per User,tokens/sec/user,p90,11479.71
130,1780554343323170560,1780554344323170560,Active Prefill Throughput Per User,tokens/sec/user,p95,11479.71
130,1780554343323170560,1780554344323170560,Active Prefill Throughput Per User,tokens/sec/user,p99,11479.71
130,1780554343323170560,1780554344323170560,Active Prefill Throughput Per User,tokens/sec/user,std,186.01
130,1780554343323170560,1780554344323170560,Active Total Throughput,tokens/sec,avg,11284.35
130,1780554343323170560,1780554344323170560,Active Total Throughput,tokens/sec,min,66.17
130,1780554343323170560,1780554344323170560,Active Total Throughput,tokens/sec,max,21377.07
130,1780554343323170560,1780554344323170560,Active Total Throughput,tokens/sec,p50,11545.89
130,1780554343323170560,1780554344323170560,Active Total Throughput,tokens/sec,p90,11545.89
130,1780554343323170560,1780554344323170560,Active Total Throughput,tokens/sec,p95,21377.07
130,1780554343323170560,1780554344323170560,Active Total Throughput,tokens/sec,p99,21377.07
130,1780554343323170560,1780554344323170560,Active Total Throughput,tokens/sec,std,3669.80
130,1780554343323170560,1780554344323170560,Benchmark Duration,sec,avg,99.30
130,1780554343323170560,1780554344323170560,E2E Output Token Throughput,tokens/sec/user,avg,6.58
130,1780554343323170560,1780554344323170560,E2E Output Token Throughput,tokens/sec/user,min,6.32
130,1780554343323170560,1780554344323170560,E2E Output Token Throughput,tokens/sec/user,max,6.85
130,1780554343323170560,1780554344323170560,E2E Output Token Throughput,tokens/sec/user,sum,13.17
130,1780554343323170560,1780554344323170560,E2E Output Token Throughput,tokens/sec/user,p1,6.32
130,1780554343323170560,1780554344323170560,E2E Output Token Throughput,tokens/sec/user,p5,6.34
130,1780554343323170560,1780554344323170560,E2E Output Token Throughput,tokens/sec/user,p10,6.37
130,1780554343323170560,1780554344323170560,E2E Output Token Throughput,tokens/sec/user,p25,6.45
130,1780554343323170560,1780554344323170560,E2E Output Token Throughput,tokens/sec/user,p50,6.58
130,1780554343323170560,1780554344323170560,E2E Output Token Throughput,tokens/sec/user,p75,6.72
130,1780554343323170560,1780554344323170560,E2E Output Token Throughput,tokens/sec/user,p90,6.80
130,1780554343323170560,1780554344323170560,E2E Output Token Throughput,tokens/sec/user,p95,6.82
130,1780554343323170560,1780554344323170560,E2E Output Token Throughput,tokens/sec/user,p99,6.84
130,1780554343323170560,1780554344323170560,E2E Output Token Throughput,tokens/sec/user,std,0.27
130,1780554343323170560,1780554344323170560,Effective Concurrency,requests,avg,11.98
130,1780554343323170560,1780554344323170560,Effective Concurrency,requests,min,11.00
130,1780554343323170560,1780554344323170560,Effective Concurrency,requests,max,13.00
130,1780554343323170560,1780554344323170560,Effective Concurrency,requests,p50,12.00
130,1780554343323170560,1780554344323170560,Effective Concurrency,requests,p90,12.00
130,1780554343323170560,1780554344323170560,Effective Concurrency,requests,p95,13.00
130,1780554343323170560,1780554344323170560,Effective Concurrency,requests,p99,13.00
130,1780554343323170560,1780554344323170560,Effective Concurrency,requests,std,0.34
130,1780554343323170560,1780554344323170560,Effective Decode Concurrency,requests,avg,11.00
130,1780554343323170560,1780554344323170560,Effective Decode Concurrency,requests,min,11.00
130,1780554343323170560,1780554344323170560,Effective Decode Concurrency,requests,max,11.00
130,1780554343323170560,1780554344323170560,Effective Decode Concurrency,requests,p50,11.00
130,1780554343323170560,1780554344323170560,Effective Decode Concurrency,requests,p90,11.00
130,1780554343323170560,1780554344323170560,Effective Decode Concurrency,requests,p95,11.00
130,1780554343323170560,1780554344323170560,Effective Decode Concurrency,requests,p99,11.00
130,1780554343323170560,1780554344323170560,Effective Decode Concurrency,requests,std,0.00
130,1780554343323170560,1780554344323170560,Effective Decode Throughput,tokens/sec,avg,37.81
130,1780554343323170560,1780554344323170560,Effective Decode Throughput,tokens/sec,min,14.95
130,1780554343323170560,1780554344323170560,Effective Decode Throughput,tokens/sec,max,62.33
130,1780554343323170560,1780554344323170560,Effective Decode Throughput,tokens/sec,p50,31.33
130,1780554343323170560,1780554344323170560,Effective Decode Throughput,tokens/sec,p90,45.96
130,1780554343323170560,1780554344323170560,Effective Decode Throughput,tokens/sec,p95,45.96
130,1780554343323170560,1780554344323170560,Effective Decode Throughput,tokens/sec,p99,45.96
130,1780554343323170560,1780554344323170560,Effective Decode Throughput,tokens/sec,std,7.27
130,1780554343323170560,1780554344323170560,Effective Decode Throughput Per User,tokens/sec/user,avg,3.44
130,1780554343323170560,1780554344323170560,Effective Decode Throughput Per User,tokens/sec/user,min,1.36
130,1780554343323170560,1780554344323170560,Effective Decode Throughput Per User,tokens/sec/user,max,5.67
130,1780554343323170560,1780554344323170560,Effective Decode Throughput Per User,tokens/sec/user,p50,2.85
130,1780554343323170560,1780554344323170560,Effective Decode Throughput Per User,tokens/sec/user,p90,4.18
130,1780554343323170560,1780554344323170560,Effective Decode Throughput Per User,tokens/sec/user,p95,4.18
130,1780554343323170560,1780554344323170560,Effective Decode Throughput Per User,tokens/sec/user,p99,4.18
130,1780554343323170560,1780554344323170560,Effective Decode Throughput Per User,tokens/sec/user,std,0.66
130,1780554343323170560,1780554344323170560,Effective Prefill Concurrency,requests,avg,0.98
130,1780554343323170560,1780554344323170560,Effective Prefill Concurrency,requests,min,0.00
130,1780554343323170560,1780554344323170560,Effective Prefill Concurrency,requests,max,2.00
130,1780554343323170560,1780554344323170560,Effective Prefill Concurrency,requests,p50,1.00
130,1780554343323170560,1780554344323170560,Effective Prefill Concurrency,requests,p90,1.00
130,1780554343323170560,1780554344323170560,Effective Prefill Concurrency,requests,p95,2.00
130,1780554343323170560,1780554344323170560,Effective Prefill Concurrency,requests,p99,2.00
130,1780554343323170560,1780554344323170560,Effective Prefill Concurrency,requests,std,0.34
130,1780554343323170560,1780554344323170560,Effective Prefill Throughput,tokens/sec,avg,11218.18
130,1780554343323170560,1780554344323170560,Effective Prefill Throughput,tokens/sec,min,0.00
130,1780554343323170560,1780554344323170560,Effective Prefill Throughput,tokens/sec,max,21310.89
130,1780554343323170560,1780554344323170560,Effective Prefill Throughput,tokens/sec,p50,11479.71
130,1780554343323170560,1780554344323170560,Effective Prefill Throughput,tokens/sec,p90,11479.71
130,1780554343323170560,1780554344323170560,Effective Prefill Throughput,tokens/sec,p95,21310.89
130,1780554343323170560,1780554344323170560,Effective Prefill Throughput,tokens/sec,p99,21310.89
130,1780554343323170560,1780554344323170560,Effective Prefill Throughput,tokens/sec,std,3669.80
130,1780554343323170560,1780554344323170560,Effective Prefill Throughput Per User,tokens/sec/user,avg,10682.46
130,1780554343323170560,1780554344323170560,Effective Prefill Throughput Per User,tokens/sec/user,min,0.00
130,1780554343323170560,1780554344323170560,Effective Prefill Throughput Per User,tokens/sec/user,max,11479.71
130,1780554343323170560,1780554344323170560,Effective Prefill Throughput Per User,tokens/sec/user,p50,11479.71
130,1780554343323170560,1780554344323170560,Effective Prefill Throughput Per User,tokens/sec/user,p90,11479.71
130,1780554343323170560,1780554344323170560,Effective Prefill Throughput Per User,tokens/sec/user,p95,11479.71
130,1780554343323170560,1780554344323170560,Effective Prefill Throughput Per User,tokens/sec/user,p99,11479.71
130,1780554343323170560,1780554344323170560,Effective Prefill Throughput Per User,tokens/sec/user,std,2841.66
130,1780554343323170560,1780554344323170560,Effective Total Throughput,tokens/sec,avg,11284.35
130,1780554343323170560,1780554344323170560,Effective Total Throughput,tokens/sec,min,66.17
130,1780554343323170560,1780554344323170560,Effective Total Throughput,tokens/sec,max,21377.07
130,1780554343323170560,1780554344323170560,Effective Total Throughput,tokens/sec,p50,11545.89
130,1780554343323170560,1780554344323170560,Effective Total Throughput,tokens/sec,p90,11545.89
130,1780554343323170560,1780554344323170560,Effective Total Throughput,tokens/sec,p95,21377.07
130,1780554343323170560,1780554344323170560,Effective Total Throughput,tokens/sec,p99,21377.07
130,1780554343323170560,1780554344323170560,Effective Total Throughput,tokens/sec,std,3669.80
130,1780554343323170560,1780554344323170560,HTTP Blocked,ms,avg,0.00
130,1780554343323170560,1780554344323170560,HTTP Blocked,ms,min,0.00
130,1780554343323170560,1780554344323170560,HTTP Blocked,ms,max,0.00
130,1780554343323170560,1780554344323170560,HTTP Blocked,ms,sum,0.00
130,1780554343323170560,1780554344323170560,HTTP Blocked,ms,p1,0.00
130,1780554343323170560,1780554344323170560,HTTP Blocked,ms,p5,0.00
130,1780554343323170560,1780554344323170560,HTTP Blocked,ms,p10,0.00
130,1780554343323170560,1780554344323170560,HTTP Blocked,ms,p25,0.00
130,1780554343323170560,1780554344323170560,HTTP Blocked,ms,p50,0.00
130,1780554343323170560,1780554344323170560,HTTP Blocked,ms,p75,0.00
130,1780554343323170560,1780554344323170560,HTTP Blocked,ms,p90,0.00
130,1780554343323170560,1780554344323170560,HTTP Blocked,ms,p95,0.00
130,1780554343323170560,1780554344323170560,HTTP Blocked,ms,p99,0.00
130,1780554343323170560,1780554344323170560,HTTP Blocked,ms,std,0.00
130,1780554343323170560,1780554344323170560,HTTP Chunks Received,count,avg,470.50
130,1780554343323170560,1780554344323170560,HTTP Chunks Received,count,min,267.00
130,1780554343323170560,1780554344323170560,HTTP Chunks Received,count,max,674.00
130,1780554343323170560,1780554344323170560,HTTP Chunks Received,count,sum,941.00
130,1780554343323170560,1780554344323170560,HTTP Chunks Received,count,p1,271.07
130,1780554343323170560,1780554344323170560,HTTP Chunks Received,count,p5,287.35
130,1780554343323170560,1780554344323170560,HTTP Chunks Received,count,p10,307.70
130,1780554343323170560,1780554344323170560,HTTP Chunks Received,count,p25,368.75
130,1780554343323170560,1780554344323170560,HTTP Chunks Received,count,p50,470.50
130,1780554343323170560,1780554344323170560,HTTP Chunks Received,count,p75,572.25
130,1780554343323170560,1780554344323170560,HTTP Chunks Received,count,p90,633.30
130,1780554343323170560,1780554344323170560,HTTP Chunks Received,count,p95,653.65
130,1780554343323170560,1780554344323170560,HTTP Chunks Received,count,p99,669.93
130,1780554343323170560,1780554344323170560,HTTP Chunks Received,count,std,203.50
130,1780554343323170560,1780554344323170560,HTTP Chunks Sent,count,avg,1.00
130,1780554343323170560,1780554344323170560,HTTP Chunks Sent,count,min,1.00
130,1780554343323170560,1780554344323170560,HTTP Chunks Sent,count,max,1.00
130,1780554343323170560,1780554344323170560,HTTP Chunks Sent,count,sum,2.00
130,1780554343323170560,1780554344323170560,HTTP Chunks Sent,count,p1,1.00
130,1780554343323170560,1780554344323170560,HTTP Chunks Sent,count,p5,1.00
130,1780554343323170560,1780554344323170560,HTTP Chunks Sent,count,p10,1.00
130,1780554343323170560,1780554344323170560,HTTP Chunks Sent,count,p25,1.00
130,1780554343323170560,1780554344323170560,HTTP Chunks Sent,count,p50,1.00
130,1780554343323170560,1780554344323170560,HTTP Chunks Sent,count,p75,1.00
130,1780554343323170560,1780554344323170560,HTTP Chunks Sent,count,p90,1.00
130,1780554343323170560,1780554344323170560,HTTP Chunks Sent,count,p95,1.00
130,1780554343323170560,1780554344323170560,HTTP Chunks Sent,count,p99,1.00
130,1780554343323170560,1780554344323170560,HTTP Chunks Sent,count,std,0.00
130,1780554343323170560,1780554344323170560,HTTP Connecting,ms,avg,0.59
130,1780554343323170560,1780554344323170560,HTTP Connecting,ms,min,0.00
130,1780554343323170560,1780554344323170560,HTTP Connecting,ms,max,1.18
130,1780554343323170560,1780554344323170560,HTTP Connecting,ms,sum,1.18
130,1780554343323170560,1780554344323170560,HTTP Connecting,ms,p1,0.01
130,1780554343323170560,1780554344323170560,HTTP Connecting,ms,p5,0.06
130,1780554343323170560,1780554344323170560,HTTP Connecting,ms,p10,0.12
130,1780554343323170560,1780554344323170560,HTTP Connecting,ms,p25,0.30
130,1780554343323170560,1780554344323170560,HTTP Connecting,ms,p50,0.59
130,1780554343323170560,1780554344323170560,HTTP Connecting,ms,p75,0.89
130,1780554343323170560,1780554344323170560,HTTP Connecting,ms,p90,1.07
130,1780554343323170560,1780554344323170560,HTTP Connecting,ms,p95,1.13
130,1780554343323170560,1780554344323170560,HTTP Connecting,ms,p99,1.17
130,1780554343323170560,1780554344323170560,HTTP Connecting,ms,std,0.59
130,1780554343323170560,1780554344323170560,HTTP Connection Overhead,ms,avg,0.85
130,1780554343323170560,1780554344323170560,HTTP Connection Overhead,ms,min,0.00
130,1780554343323170560,1780554344323170560,HTTP Connection Overhead,ms,max,1.71
130,1780554343323170560,1780554344323170560,HTTP Connection Overhead,ms,sum,1.71
130,1780554343323170560,1780554344323170560,HTTP Connection Overhead,ms,p1,0.02
130,1780554343323170560,1780554344323170560,HTTP Connection Overhead,ms,p5,0.09
130,1780554343323170560,1780554344323170560,HTTP Connection Overhead,ms,p10,0.17
130,1780554343323170560,1780554344323170560,HTTP Connection Overhead,ms,p25,0.43
130,1780554343323170560,1780554344323170560,HTTP Connection Overhead,ms,p50,0.85
130,1780554343323170560,1780554344323170560,HTTP Connection Overhead,ms,p75,1.28
130,1780554343323170560,1780554344323170560,HTTP Connection Overhead,ms,p90,1.54
130,1780554343323170560,1780554344323170560,HTTP Connection Overhead,ms,p95,1.62
130,1780554343323170560,1780554344323170560,HTTP Connection Overhead,ms,p99,1.69
130,1780554343323170560,1780554344323170560,HTTP Connection Overhead,ms,std,0.85
130,1780554343323170560,1780554344323170560,HTTP Connection Reused,ratio,avg,0.50
130,1780554343323170560,1780554344323170560,HTTP Connection Reused,ratio,min,0.00
130,1780554343323170560,1780554344323170560,HTTP Connection Reused,ratio,max,1.00
130,1780554343323170560,1780554344323170560,HTTP Connection Reused,ratio,sum,1.00
130,1780554343323170560,1780554344323170560,HTTP Connection Reused,ratio,p1,0.01
130,1780554343323170560,1780554344323170560,HTTP Connection Reused,ratio,p5,0.05
130,1780554343323170560,1780554344323170560,HTTP Connection Reused,ratio,p10,0.10
130,1780554343323170560,1780554344323170560,HTTP Connection Reused,ratio,p25,0.25
130,1780554343323170560,1780554344323170560,HTTP Connection Reused,ratio,p50,0.50
130,1780554343323170560,1780554344323170560,HTTP Connection Reused,ratio,p75,0.75
130,1780554343323170560,1780554344323170560,HTTP Connection Reused,ratio,p90,0.90
130,1780554343323170560,1780554344323170560,HTTP Connection Reused,ratio,p95,0.95
130,1780554343323170560,1780554344323170560,HTTP Connection Reused,ratio,p99,0.99
130,1780554343323170560,1780554344323170560,HTTP Connection Reused,ratio,std,0.50
130,1780554343323170560,1780554344323170560,HTTP Data Received,KB,avg,117.65
130,1780554343323170560,1780554344323170560,HTTP Data Received,KB,min,67.09
130,1780554343323170560,1780554344323170560,HTTP Data Received,KB,max,168.22
130,1780554343323170560,1780554344323170560,HTTP Data Received,KB,sum,235.31
130,1780554343323170560,1780554344323170560,HTTP Data Received,KB,p1,68.10
130,1780554343323170560,1780554344323170560,HTTP Data Received,KB,p5,72.15
130,1780554343323170560,1780554344323170560,HTTP Data Received,KB,p10,77.20
130,1780554343323170560,1780554344323170560,HTTP Data Received,KB,p25,92.37
130,1780554343323170560,1780554344323170560,HTTP Data Received,KB,p50,117.65
130,1780554343323170560,1780554344323170560,HTTP Data Received,KB,p75,142.94
130,1780554343323170560,1780554344323170560,HTTP Data Received,KB,p90,158.10
130,1780554343323170560,1780554344323170560,HTTP Data Received,KB,p95,163.16
130,1780554343323170560,1780554344323170560,HTTP Data Received,KB,p99,167.21
130,1780554343323170560,1780554344323170560,HTTP Data Received,KB,std,50.56
130,1780554343323170560,1780554344323170560,HTTP Data Sent,KB,avg,388.93
130,1780554343323170560,1780554344323170560,HTTP Data Sent,KB,min,339.60
130,1780554343323170560,1780554344323170560,HTTP Data Sent,KB,max,438.26
130,1780554343323170560,1780554344323170560,HTTP Data Sent,KB,sum,777.86
130,1780554343323170560,1780554344323170560,HTTP Data Sent,KB,p1,340.59
130,1780554343323170560,1780554344323170560,HTTP Data Sent,KB,p5,344.54
130,1780554343323170560,1780554344323170560,HTTP Data Sent,KB,p10,349.47
130,1780554343323170560,1780554344323170560,HTTP Data Sent,KB,p25,364.27
130,1780554343323170560,1780554344323170560,HTTP Data Sent,KB,p50,388.93
130,1780554343323170560,1780554344323170560,HTTP Data Sent,KB,p75,413.60
130,1780554343323170560,1780554344323170560,HTTP Data Sent,KB,p90,428.39
130,1780554343323170560,1780554344323170560,HTTP Data Sent,KB,p95,433.33
130,1780554343323170560,1780554344323170560,HTTP Data Sent,KB,p99,437.27
130,1780554343323170560,1780554344323170560,HTTP Data Sent,KB,std,49.33
130,1780554343323170560,1780554344323170560,HTTP DNS Lookup,ms,avg,0.26
130,1780554343323170560,1780554344323170560,HTTP DNS Lookup,ms,min,0.00
130,1780554343323170560,1780554344323170560,HTTP DNS Lookup,ms,max,0.52
130,1780554343323170560,1780554344323170560,HTTP DNS Lookup,ms,sum,0.52
130,1780554343323170560,1780554344323170560,HTTP DNS Lookup,ms,p1,0.01
130,1780554343323170560,1780554344323170560,HTTP DNS Lookup,ms,p5,0.03
130,1780554343323170560,1780554344323170560,HTTP DNS Lookup,ms,p10,0.05
130,1780554343323170560,1780554344323170560,HTTP DNS Lookup,ms,p25,0.13
130,1780554343323170560,1780554344323170560,HTTP DNS Lookup,ms,p50,0.26
130,1780554343323170560,1780554344323170560,HTTP DNS Lookup,ms,p75,0.39
130,1780554343323170560,1780554344323170560,HTTP DNS Lookup,ms,p90,0.47
130,1780554343323170560,1780554344323170560,HTTP DNS Lookup,ms,p95,0.50
130,1780554343323170560,1780554344323170560,HTTP DNS Lookup,ms,p99,0.52
130,1780554343323170560,1780554344323170560,HTTP DNS Lookup,ms,std,0.26
130,1780554343323170560,1780554344323170560,HTTP Duration (excl. conn),ms,avg,70341.51
130,1780554343323170560,1780554344323170560,HTTP Duration (excl. conn),ms,min,42268.06
130,1780554343323170560,1780554344323170560,HTTP Duration (excl. conn),ms,max,98414.97
130,1780554343323170560,1780554344323170560,HTTP Duration (excl. conn),ms,sum,140683.03
130,1780554343323170560,1780554344323170560,HTTP Duration (excl. conn),ms,p1,42829.53
130,1780554343323170560,1780554344323170560,HTTP Duration (excl. conn),ms,p5,45075.40
130,1780554343323170560,1780554344323170560,HTTP Duration (excl. conn),ms,p10,47882.75
130,1780554343323170560,1780554344323170560,HTTP Duration (excl. conn),ms,p25,56304.79
130,1780554343323170560,1780554344323170560,HTTP Duration (excl. conn),ms,p50,70341.51
130,1780554343323170560,1780554344323170560,HTTP Duration (excl. conn),ms,p75,84378.24
130,1780554343323170560,1780554344323170560,HTTP Duration (excl. conn),ms,p90,92800.28
130,1780554343323170560,1780554344323170560,HTTP Duration (excl. conn),ms,p95,95607.63
130,1780554343323170560,1780554344323170560,HTTP Duration (excl. conn),ms,p99,97853.50
130,1780554343323170560,1780554344323170560,HTTP Duration (excl. conn),ms,std,28073.46
130,1780554343323170560,1780554344323170560,HTTP Receiving,ms,avg,60987.91
130,1780554343323170560,1780554344323170560,HTTP Receiving,ms,min,32472.47
130,1780554343323170560,1780554344323170560,HTTP Receiving,ms,max,89503.35
130,1780554343323170560,1780554344323170560,HTTP Receiving,ms,sum,121975.82
130,1780554343323170560,1780554344323170560,HTTP Receiving,ms,p1,33042.77
130,1780554343323170560,1780554344323170560,HTTP Receiving,ms,p5,35324.01
130,1780554343323170560,1780554344323170560,HTTP Receiving,ms,p10,38175.55
130,1780554343323170560,1780554344323170560,HTTP Receiving,ms,p25,46730.19
130,1780554343323170560,1780554344323170560,HTTP Receiving,ms,p50,60987.91
130,1780554343323170560,1780554344323170560,HTTP Receiving,ms,p75,75245.63
130,1780554343323170560,1780554344323170560,HTTP Receiving,ms,p90,83800.26
130,1780554343323170560,1780554344323170560,HTTP Receiving,ms,p95,86651.81
130,1780554343323170560,1780554344323170560,HTTP Receiving,ms,p99,88933.04
130,1780554343323170560,1780554344323170560,HTTP Receiving,ms,std,28515.44
130,1780554343323170560,1780554344323170560,HTTP Sending,ms,avg,0.87
130,1780554343323170560,1780554344323170560,HTTP Sending,ms,min,0.26
130,1780554343323170560,1780554344323170560,HTTP Sending,ms,max,1.48
130,1780554343323170560,1780554344323170560,HTTP Sending,ms,sum,1.74
130,1780554343323170560,1780554344323170560,HTTP Sending,ms,p1,0.27
130,1780554343323170560,1780554344323170560,HTTP Sending,ms,p5,0.32
130,1780554343323170560,1780554344323170560,HTTP Sending,ms,p10,0.38
130,1780554343323170560,1780554344323170560,HTTP Sending,ms,p25,0.57
130,1780554343323170560,1780554344323170560,HTTP Sending,ms,p50,0.87
130,1780554343323170560,1780554344323170560,HTTP Sending,ms,p75,1.17
130,1780554343323170560,1780554344323170560,HTTP Sending,ms,p90,1.35
130,1780554343323170560,1780554344323170560,HTTP Sending,ms,p95,1.42
130,1780554343323170560,1780554344323170560,HTTP Sending,ms,p99,1.46
130,1780554343323170560,1780554344323170560,HTTP Sending,ms,std,0.61
130,1780554343323170560,1780554344323170560,HTTP Total Time,ms,avg,70342.37
130,1780554343323170560,1780554344323170560,HTTP Total Time,ms,min,42269.77
130,1780554343323170560,1780554344323170560,HTTP Total Time,ms,max,98414.97
130,1780554343323170560,1780554344323170560,HTTP Total Time,ms,sum,140684.74
130,1780554343323170560,1780554344323170560,HTTP Total Time,ms,p1,42831.22
130,1780554343323170560,1780554344323170560,HTTP Total Time,ms,p5,45077.03
130,1780554343323170560,1780554344323170560,HTTP Total Time,ms,p10,47884.29
130,1780554343323170560,1780554344323170560,HTTP Total Time,ms,p25,56306.07
130,1780554343323170560,1780554344323170560,HTTP Total Time,ms,p50,70342.37
130,1780554343323170560,1780554344323170560,HTTP Total Time,ms,p75,84378.67
130,1780554343323170560,1780554344323170560,HTTP Total Time,ms,p90,92800.45
130,1780554343323170560,1780554344323170560,HTTP Total Time,ms,p95,95607.71
130,1780554343323170560,1780554344323170560,HTTP Total Time,ms,p99,97853.52
130,1780554343323170560,1780554344323170560,HTTP Total Time,ms,std,28072.60
130,1780554343323170560,1780554344323170560,HTTP Waiting (TTFB),ms,avg,9352.74
130,1780554343323170560,1780554344323170560,HTTP Waiting (TTFB),ms,min,8911.36
130,1780554343323170560,1780554344323170560,HTTP Waiting (TTFB),ms,max,9794.12
130,1780554343323170560,1780554344323170560,HTTP Waiting (TTFB),ms,sum,18705.47
130,1780554343323170560,1780554344323170560,HTTP Waiting (TTFB),ms,p1,8920.19
130,1780554343323170560,1780554344323170560,HTTP Waiting (TTFB),ms,p5,8955.50
130,1780554343323170560,1780554344323170560,HTTP Waiting (TTFB),ms,p10,8999.63
130,1780554343323170560,1780554344323170560,HTTP Waiting (TTFB),ms,p25,9132.05
130,1780554343323170560,1780554344323170560,HTTP Waiting (TTFB),ms,p50,9352.74
130,1780554343323170560,1780554344323170560,HTTP Waiting (TTFB),ms,p75,9573.43
130,1780554343323170560,1780554344323170560,HTTP Waiting (TTFB),ms,p90,9705.84
130,1780554343323170560,1780554344323170560,HTTP Waiting (TTFB),ms,p95,9749.98
130,1780554343323170560,1780554344323170560,HTTP Waiting (TTFB),ms,p99,9785.29
130,1780554343323170560,1780554344323170560,HTTP Waiting (TTFB),ms,std,441.38
130,1780554343323170560,1780554344323170560,Input Sequence Length,tokens,avg,100032.50
130,1780554343323170560,1780554344323170560,Input Sequence Length,tokens,min,87613.00
130,1780554343323170560,1780554344323170560,Input Sequence Length,tokens,max,112452.00
130,1780554343323170560,1780554344323170560,Input Sequence Length,tokens,sum,200065.00
130,1780554343323170560,1780554344323170560,Input Sequence Length,tokens,p1,87861.39
130,1780554343323170560,1780554344323170560,Input Sequence Length,tokens,p5,88854.95
130,1780554343323170560,1780554344323170560,Input Sequence Length,tokens,p10,90096.90
130,1780554343323170560,1780554344323170560,Input Sequence Length,tokens,p25,93822.75
130,1780554343323170560,1780554344323170560,Input Sequence Length,tokens,p50,100032.50
130,1780554343323170560,1780554344323170560,Input Sequence Length,tokens,p75,106242.25
130,1780554343323170560,1780554344323170560,Input Sequence Length,tokens,p90,109968.10
130,1780554343323170560,1780554344323170560,Input Sequence Length,tokens,p95,111210.05
130,1780554343323170560,1780554344323170560,Input Sequence Length,tokens,p99,112203.61
130,1780554343323170560,1780554344323170560,Input Sequence Length,tokens,std,12419.50
130,1780554343323170560,1780554344323170560,Input Token Throughput,tokens/sec,avg,200065.00
130,1780554343323170560,1780554344323170560,Inter Chunk Latency,ms,avg,68.67
130,1780554343323170560,1780554344323170560,Inter Chunk Latency,ms,min,68.40
130,1780554343323170560,1780554344323170560,Inter Chunk Latency,ms,max,68.80
130,1780554343323170560,1780554344323170560,Inter Chunk Latency,ms,sum,64345.33
130,1780554343323170560,1780554344323170560,Inter Chunk Latency,ms,p1,68.40
130,1780554343323170560,1780554344323170560,Inter Chunk Latency,ms,p5,68.41
130,1780554343323170560,1780554344323170560,Inter Chunk Latency,ms,p10,68.41
130,1780554343323170560,1780554344323170560,Inter Chunk Latency,ms,p25,68.42
130,1780554343323170560,1780554344323170560,Inter Chunk Latency,ms,p50,68.77
130,1780554343323170560,1780554344323170560,Inter Chunk Latency,ms,p75,68.78
130,1780554343323170560,1780554344323170560,Inter Chunk Latency,ms,p90,68.79
130,1780554343323170560,1780554344323170560,Inter Chunk Latency,ms,p95,68.80
130,1780554343323170560,1780554344323170560,Inter Chunk Latency,ms,p99,68.80
130,1780554343323170560,1780554344323170560,Inter Chunk Latency,ms,std,0.16
130,1780554343323170560,1780554344323170560,Inter Token Latency,ms,avg,127.53
130,1780554343323170560,1780554344323170560,Inter Token Latency,ms,min,122.08
130,1780554343323170560,1780554344323170560,Inter Token Latency,ms,max,132.99
130,1780554343323170560,1780554344323170560,Inter Token Latency,ms,sum,255.07
130,1780554343323170560,1780554344323170560,Inter Token Latency,ms,p1,122.19
130,1780554343323170560,1780554344323170560,Inter Token Latency,ms,p5,122.62
130,1780554343323170560,1780554344323170560,Inter Token Latency,ms,p10,123.17
130,1780554343323170560,1780554344323170560,Inter Token Latency,ms,p25,124.81
130,1780554343323170560,1780554344323170560,Inter Token Latency,ms,p50,127.53
130,1780554343323170560,1780554344323170560,Inter Token Latency,ms,p75,130.26
130,1780554343323170560,1780554344323170560,Inter Token Latency,ms,p90,131.90
130,1780554343323170560,1780554344323170560,Inter Token Latency,ms,p95,132.45
130,1780554343323170560,1780554344323170560,Inter Token Latency,ms,p99,132.88
130,1780554343323170560,1780554344323170560,Inter Token Latency,ms,std,5.46
130,1780554343323170560,1780554344323170560,Maximum Response Timestamp,ns,avg,1780554442687990016.00
130,1780554343323170560,1780554344323170560,Minimum Request Timestamp,ns,avg,1780554343389009408.00
130,1780554343323170560,1780554344323170560,OSL Mismatch Count,requests,avg,0.00
130,1780554343323170560,1780554344323170560,OSL Mismatch Diff %,%,avg,0.00
130,1780554343323170560,1780554344323170560,OSL Mismatch Diff %,%,min,0.00
130,1780554343323170560,1780554344323170560,OSL Mismatch Diff %,%,max,0.00
130,1780554343323170560,1780554344323170560,OSL Mismatch Diff %,%,sum,0.00
130,1780554343323170560,1780554344323170560,OSL Mismatch Diff %,%,p1,0.00
130,1780554343323170560,1780554344323170560,OSL Mismatch Diff %,%,p5,0.00
130,1780554343323170560,1780554344323170560,OSL Mismatch Diff %,%,p10,0.00
130,1780554343323170560,1780554344323170560,OSL Mismatch Diff %,%,p25,0.00
130,1780554343323170560,1780554344323170560,OSL Mismatch Diff %,%,p50,0.00
130,1780554343323170560,1780554344323170560,OSL Mismatch Diff %,%,p75,0.00
130,1780554343323170560,1780554344323170560,OSL Mismatch Diff %,%,p90,0.00
130,1780554343323170560,1780554344323170560,OSL Mismatch Diff %,%,p95,0.00
130,1780554343323170560,1780554344323170560,OSL Mismatch Diff %,%,p99,0.00
130,1780554343323170560,1780554344323170560,OSL Mismatch Diff %,%,std,0.00
130,1780554343323170560,1780554344323170560,Output Sequence Length,tokens,avg,470.50
130,1780554343323170560,1780554344323170560,Output Sequence Length,tokens,min,267.00
130,1780554343323170560,1780554344323170560,Output Sequence Length,tokens,max,674.00
130,1780554343323170560,1780554344323170560,Output Sequence Length,tokens,sum,941.00
130,1780554343323170560,1780554344323170560,Output Sequence Length,tokens,p1,271.07
130,1780554343323170560,1780554344323170560,Output Sequence Length,tokens,p5,287.35
130,1780554343323170560,1780554344323170560,Output Sequence Length,tokens,p10,307.70
130,1780554343323170560,1780554344323170560,Output Sequence Length,tokens,p25,368.75
130,1780554343323170560,1780554344323170560,Output Sequence Length,tokens,p50,470.50
130,1780554343323170560,1780554344323170560,Output Sequence Length,tokens,p75,572.25
130,1780554343323170560,1780554344323170560,Output Sequence Length,tokens,p90,633.30
130,1780554343323170560,1780554344323170560,Output Sequence Length,tokens,p95,653.65
130,1780554343323170560,1780554344323170560,Output Sequence Length,tokens,p99,669.93
130,1780554343323170560,1780554344323170560,Output Sequence Length,tokens,std,203.50
130,1780554343323170560,1780554344323170560,Output Token Count,tokens,avg,470.50
130,1780554343323170560,1780554344323170560,Output Token Count,tokens,min,267.00
130,1780554343323170560,1780554344323170560,Output Token Count,tokens,max,674.00
130,1780554343323170560,1780554344323170560,Output Token Count,tokens,sum,941.00
130,1780554343323170560,1780554344323170560,Output Token Count,tokens,p1,271.07
130,1780554343323170560,1780554344323170560,Output Token Count,tokens,p5,287.35
130,1780554343323170560,1780554344323170560,Output Token Count,tokens,p10,307.70
130,1780554343323170560,1780554344323170560,Output Token Count,tokens,p25,368.75
130,1780554343323170560,1780554344323170560,Output Token Count,tokens,p50,470.50
130,1780554343323170560,1780554344323170560,Output Token Count,tokens,p75,572.25
130,1780554343323170560,1780554344323170560,Output Token Count,tokens,p90,633.30
130,1780554343323170560,1780554344323170560,Output Token Count,tokens,p95,653.65
130,1780554343323170560,1780554344323170560,Output Token Count,tokens,p99,669.93
130,1780554343323170560,1780554344323170560,Output Token Count,tokens,std,203.50
130,1780554343323170560,1780554344323170560,Output Token Throughput,tokens/sec,avg,941.00
130,1780554343323170560,1780554344323170560,Output Token Throughput Per User,tokens/sec/user,avg,7.86
130,1780554343323170560,1780554344323170560,Output Token Throughput Per User,tokens/sec/user,min,7.52
130,1780554343323170560,1780554344323170560,Output Token Throughput Per User,tokens/sec/user,max,8.19
130,1780554343323170560,1780554344323170560,Output Token Throughput Per User,tokens/sec/user,sum,15.71
130,1780554343323170560,1780554344323170560,Output Token Throughput Per User,tokens/sec/user,p1,7.53
130,1780554343323170560,1780554344323170560,Output Token Throughput Per User,tokens/sec/user,p5,7.55
130,1780554343323170560,1780554344323170560,Output Token Throughput Per User,tokens/sec/user,p10,7.59
130,1780554343323170560,1780554344323170560,Output Token Throughput Per User,tokens/sec/user,p25,7.69
130,1780554343323170560,1780554344323170560,Output Token Throughput Per User,tokens/sec/user,p50,7.86
130,1780554343323170560,1780554344323170560,Output Token Throughput Per User,tokens/sec/user,p75,8.02
130,1780554343323170560,1780554344323170560,Output Token Throughput Per User,tokens/sec/user,p90,8.12
130,1780554343323170560,1780554344323170560,Output Token Throughput Per User,tokens/sec/user,p95,8.16
130,1780554343323170560,1780554344323170560,Output Token Throughput Per User,tokens/sec/user,p99,8.18
130,1780554343323170560,1780554344323170560,Output Token Throughput Per User,tokens/sec/user,std,0.34
130,1780554343323170560,1780554344323170560,Prefill Throughput Per User,tokens/sec/user,avg,10655.45
130,1780554343323170560,1780554344323170560,Prefill Throughput Per User,tokens/sec/user,min,9831.18
130,1780554343323170560,1780554344323170560,Prefill Throughput Per User,tokens/sec/user,max,11479.71
130,1780554343323170560,1780554344323170560,Prefill Throughput Per User,tokens/sec/user,sum,21310.89
130,1780554343323170560,1780554344323170560,Prefill Throughput Per User,tokens/sec/user,p1,9847.66
130,1780554343323170560,1780554344323170560,Prefill Throughput Per User,tokens/sec/user,p5,9913.61
130,1780554343323170560,1780554344323170560,Prefill Throughput Per User,tokens/sec/user,p10,9996.03
130,1780554343323170560,1780554344323170560,Prefill Throughput Per User,tokens/sec/user,p25,10243.31
130,1780554343323170560,1780554344323170560,Prefill Throughput Per User,tokens/sec/user,p50,10655.45
130,1780554343323170560,1780554344323170560,Prefill Throughput Per User,tokens/sec/user,p75,11067.58
130,1780554343323170560,1780554344323170560,Prefill Throughput Per User,tokens/sec/user,p90,11314.86
130,1780554343323170560,1780554344323170560,Prefill Throughput Per User,tokens/sec/user,p95,11397.29
130,1780554343323170560,1780554344323170560,Prefill Throughput Per User,tokens/sec/user,p99,11463.23
130,1780554343323170560,1780554344323170560,Prefill Throughput Per User,tokens/sec/user,std,824.27
130,1780554343323170560,1780554344323170560,Request Count,requests,avg,2.00
130,1780554343323170560,1780554344323170560,Request Latency,ms,avg,70341.63
130,1780554343323170560,1780554344323170560,Request Latency,ms,min,42268.16
130,1780554343323170560,1780554344323170560,Request Latency,ms,max,98415.10
130,1780554343323170560,1780554344323170560,Request Latency,ms,sum,140683.26
130,1780554343323170560,1780554344323170560,Request Latency,ms,p1,42829.63
130,1780554343323170560,1780554344323170560,Request Latency,ms,p5,45075.51
130,1780554343323170560,1780554344323170560,Request Latency,ms,p10,47882.86
130,1780554343323170560,1780554344323170560,Request Latency,ms,p25,56304.90
130,1780554343323170560,1780554344323170560,Request Latency,ms,p50,70341.63
130,1780554343323170560,1780554344323170560,Request Latency,ms,p75,84378.36
130,1780554343323170560,1780554344323170560,Request Latency,ms,p90,92800.40
130,1780554343323170560,1780554344323170560,Request Latency,ms,p95,95607.75
130,1780554343323170560,1780554344323170560,Request Latency,ms,p99,97853.63
130,1780554343323170560,1780554344323170560,Request Latency,ms,std,28073.47
130,1780554343323170560,1780554344323170560,Request Throughput,requests/sec,avg,2.00
130,1780554343323170560,1780554344323170560,Requested OSL,tokens,avg,470.50
130,1780554343323170560,1780554344323170560,Requested OSL,tokens,min,267.00
130,1780554343323170560,1780554344323170560,Requested OSL,tokens,max,674.00
130,1780554343323170560,1780554344323170560,Requested OSL,tokens,sum,941.00
130,1780554343323170560,1780554344323170560,Requested OSL,tokens,p1,271.07
130,1780554343323170560,1780554344323170560,Requested OSL,tokens,p5,287.35
130,1780554343323170560,1780554344323170560,Requested OSL,tokens,p10,307.70
130,1780554343323170560,1780554344323170560,Requested OSL,tokens,p25,368.75
130,1780554343323170560,1780554344323170560,Requested OSL,tokens,p50,470.50
130,1780554343323170560,1780554344323170560,Requested OSL,tokens,p75,572.25
130,1780554343323170560,1780554344323170560,Requested OSL,tokens,p90,633.30
130,1780554343323170560,1780554344323170560,Requested OSL,tokens,p95,653.65
130,1780554343323170560,1780554344323170560,Requested OSL,tokens,p99,669.93
130,1780554343323170560,1780554344323170560,Requested OSL,tokens,std,203.50
130,1780554343323170560,1780554344323170560,Time to First Output Token,ms,avg,9353.73
130,1780554343323170560,1780554344323170560,Time to First Output Token,ms,min,8911.75
130,1780554343323170560,1780554344323170560,Time to First Output Token,ms,max,9795.71
130,1780554343323170560,1780554344323170560,Time to First Output Token,ms,sum,18707.46
130,1780554343323170560,1780554344323170560,Time to First Output Token,ms,p1,8920.59
130,1780554343323170560,1780554344323170560,Time to First Output Token,ms,p5,8955.95
130,1780554343323170560,1780554344323170560,Time to First Output Token,ms,p10,9000.15
130,1780554343323170560,1780554344323170560,Time to First Output Token,ms,p25,9132.74
130,1780554343323170560,1780554344323170560,Time to First Output Token,ms,p50,9353.73
130,1780554343323170560,1780554344323170560,Time to First Output Token,ms,p75,9574.72
130,1780554343323170560,1780554344323170560,Time to First Output Token,ms,p90,9707.32
130,1780554343323170560,1780554344323170560,Time to First Output Token,ms,p95,9751.52
130,1780554343323170560,1780554344323170560,Time to First Output Token,ms,p99,9786.87
130,1780554343323170560,1780554344323170560,Time to First Output Token,ms,std,441.98
130,1780554343323170560,1780554344323170560,Time to First Token,ms,avg,9353.73
130,1780554343323170560,1780554344323170560,Time to First Token,ms,min,8911.75
130,1780554343323170560,1780554344323170560,Time to First Token,ms,max,9795.71
130,1780554343323170560,1780554344323170560,Time to First Token,ms,sum,18707.46
130,1780554343323170560,1780554344323170560,Time to First Token,ms,p1,8920.59
130,1780554343323170560,1780554344323170560,Time to First Token,ms,p5,8955.95
130,1780554343323170560,1780554344323170560,Time to First Token,ms,p10,9000.15
130,1780554343323170560,1780554344323170560,Time to First Token,ms,p25,9132.74
130,1780554343323170560,1780554344323170560,Time to First Token,ms,p50,9353.73
130,1780554343323170560,1780554344323170560,Time to First Token,ms,p75,9574.72
130,1780554343323170560,1780554344323170560,Time to First Token,ms,p90,9707.32
130,1780554343323170560,1780554344323170560,Time to First Token,ms,p95,9751.52
130,1780554343323170560,1780554344323170560,Time to First Token,ms,p99,9786.87
130,1780554343323170560,1780554344323170560,Time to First Token,ms,std,441.98
130,1780554343323170560,1780554344323170560,Time to Second Token,ms,avg,0.24
130,1780554343323170560,1780554344323170560,Time to Second Token,ms,min,0.21
130,1780554343323170560,1780554344323170560,Time to Second Token,ms,max,0.27
130,1780554343323170560,1780554344323170560,Time to Second Token,ms,sum,0.47
130,1780554343323170560,1780554344323170560,Time to Second Token,ms,p1,0.21
130,1780554343323170560,1780554344323170560,Time to Second Token,ms,p5,0.21
130,1780554343323170560,1780554344323170560,Time to Second Token,ms,p10,0.21
130,1780554343323170560,1780554344323170560,Time to Second Token,ms,p25,0.22
130,1780554343323170560,1780554344323170560,Time to Second Token,ms,p50,0.24
130,1780554343323170560,1780554344323170560,Time to Second Token,ms,p75,0.25
130,1780554343323170560,1780554344323170560,Time to Second Token,ms,p90,0.26
130,1780554343323170560,1780554344323170560,Time to Second Token,ms,p95,0.26
130,1780554343323170560,1780554344323170560,Time to Second Token,ms,p99,0.27
130,1780554343323170560,1780554344323170560,Time to Second Token,ms,std,0.03
130,1780554343323170560,1780554344323170560,Tokens In Flight,tokens,avg,1007769.80
130,1780554343323170560,1780554344323170560,Tokens In Flight,tokens,min,898294.82
130,1780554343323170560,1780554344323170560,Tokens In Flight,tokens,max,1098399.18
130,1780554343323170560,1780554344323170560,Tokens In Flight,tokens,p50,1010771.08
130,1780554343323170560,1780554344323170560,Tokens In Flight,tokens,p90,1010781.87
130,1780554343323170560,1780554344323170560,Tokens In Flight,tokens,p95,1098397.02
130,1780554343323170560,1780554344323170560,Tokens In Flight,tokens,p99,1098399.18
130,1780554343323170560,1780554344323170560,Tokens In Flight,tokens,std,34783.99
130,1780554343323170560,1780554344323170560,Total Input Sequence Length,tokens,avg,200065.00
130,1780554343323170560,1780554344323170560,Total Output Sequence Length,tokens,avg,941.00
130,1780554343323170560,1780554344323170560,Total Output Tokens,tokens,avg,941.00
130,1780554343323170560,1780554344323170560,Total Token Throughput,tokens/sec,avg,201006.00
130,1780554343323170560,1780554344323170560,Total Usage Completion Tokens,tokens,avg,941.00
130,1780554343323170560,1780554344323170560,Total Usage Prompt Tokens,tokens,avg,200065.00
130,1780554343323170560,1780554344323170560,Total Usage Total Tokens,tokens,avg,201006.00
130,1780554343323170560,1780554344323170560,Usage Completion Tokens,tokens,avg,470.50
130,1780554343323170560,1780554344323170560,Usage Completion Tokens,tokens,min,267.00
130,1780554343323170560,1780554344323170560,Usage Completion Tokens,tokens,max,674.00
130,1780554343323170560,1780554344323170560,Usage Completion Tokens,tokens,sum,941.00
130,1780554343323170560,1780554344323170560,Usage Completion Tokens,tokens,p1,271.07
130,1780554343323170560,1780554344323170560,Usage Completion Tokens,tokens,p5,287.35
130,1780554343323170560,1780554344323170560,Usage Completion Tokens,tokens,p10,307.70
130,1780554343323170560,1780554344323170560,Usage Completion Tokens,tokens,p25,368.75
130,1780554343323170560,1780554344323170560,Usage Completion Tokens,tokens,p50,470.50
130,1780554343323170560,1780554344323170560,Usage Completion Tokens,tokens,p75,572.25
130,1780554343323170560,1780554344323170560,Usage Completion Tokens,tokens,p90,633.30
130,1780554343323170560,1780554344323170560,Usage Completion Tokens,tokens,p95,653.65
130,1780554343323170560,1780554344323170560,Usage Completion Tokens,tokens,p99,669.93
130,1780554343323170560,1780554344323170560,Usage Completion Tokens,tokens,std,203.50
130,1780554343323170560,1780554344323170560,Usage Prompt Tokens,tokens,avg,100032.50
130,1780554343323170560,1780554344323170560,Usage Prompt Tokens,tokens,min,87613.00
130,1780554343323170560,1780554344323170560,Usage Prompt Tokens,tokens,max,112452.00
130,1780554343323170560,1780554344323170560,Usage Prompt Tokens,tokens,sum,200065.00
130,1780554343323170560,1780554344323170560,Usage Prompt Tokens,tokens,p1,87861.39
130,1780554343323170560,1780554344323170560,Usage Prompt Tokens,tokens,p5,88854.95
130,1780554343323170560,1780554344323170560,Usage Prompt Tokens,tokens,p10,90096.90
130,1780554343323170560,1780554344323170560,Usage Prompt Tokens,tokens,p25,93822.75
130,1780554343323170560,1780554344323170560,Usage Prompt Tokens,tokens,p50,100032.50
130,1780554343323170560,1780554344323170560,Usage Prompt Tokens,tokens,p75,106242.25
130,1780554343323170560,1780554344323170560,Usage Prompt Tokens,tokens,p90,109968.10
130,1780554343323170560,1780554344323170560,Usage Prompt Tokens,tokens,p95,111210.05
130,1780554343323170560,1780554344323170560,Usage Prompt Tokens,tokens,p99,112203.61
130,1780554343323170560,1780554344323170560,Usage Prompt Tokens,tokens,std,12419.50
130,1780554343323170560,1780554344323170560,Usage Total Tokens,tokens,avg,100503.00
130,1780554343323170560,1780554344323170560,Usage Total Tokens,tokens,min,88287.00
130,1780554343323170560,1780554344323170560,Usage Total Tokens,tokens,max,112719.00
130,1780554343323170560,1780554344323170560,Usage Total Tokens,tokens,sum,201006.00
130,1780554343323170560,1780554344323170560,Usage Total Tokens,tokens,p1,88531.32
130,1780554343323170560,1780554344323170560,Usage Total Tokens,tokens,p5,89508.60
130,1780554343323170560,1780554344323170560,Usage Total Tokens,tokens,p10,90730.20
130,1780554343323170560,1780554344323170560,Usage Total Tokens,tokens,p25,94395.00
130,1780554343323170560,1780554344323170560,Usage Total Tokens,tokens,p50,100503.00
130,1780554343323170560,1780554344323170560,Usage Total Tokens,tokens,p75,106611.00
130,1780554343323170560,1780554344323170560,Usage Total Tokens,tokens,p90,110275.80
130,1780554343323170560,1780554344323170560,Usage Total Tokens,tokens,p95,111497.40
130,1780554343323170560,1780554344323170560,Usage Total Tokens,tokens,p99,112474.68
130,1780554343323170560,1780554344323170560,Usage Total Tokens,tokens,std,12216.00
131,1780554352323170560,1780554353323170560,Active Decode Throughput,tokens/sec,avg,35.37
131,1780554352323170560,1780554353323170560,Active Decode Throughput,tokens/sec,min,14.95
131,1780554352323170560,1780554353323170560,Active Decode Throughput,tokens/sec,max,60.53
131,1780554352323170560,1780554353323170560,Active Decode Throughput,tokens/sec,p50,31.32
131,1780554352323170560,1780554353323170560,Active Decode Throughput,tokens/sec,p90,60.53
131,1780554352323170560,1780554353323170560,Active Decode Throughput,tokens/sec,p95,60.53
131,1780554352323170560,1780554353323170560,Active Decode Throughput,tokens/sec,p99,60.53
131,1780554352323170560,1780554353323170560,Active Decode Throughput,tokens/sec,std,10.09
131,1780554352323170560,1780554353323170560,Active Decode Throughput Per User,tokens/sec/user,avg,3.10
131,1780554352323170560,1780554353323170560,Active Decode Throughput Per User,tokens/sec/user,min,1.36
131,1780554352323170560,1780554353323170560,Active Decode Throughput Per User,tokens/sec/user,max,4.66
131,1780554352323170560,1780554353323170560,Active Decode Throughput Per User,tokens/sec/user,p50,2.85
131,1780554352323170560,1780554353323170560,Active Decode Throughput Per User,tokens/sec/user,p90,4.66
131,1780554352323170560,1780554353323170560,Active Decode Throughput Per User,tokens/sec/user,p95,4.66
131,1780554352323170560,1780554353323170560,Active Decode Throughput Per User,tokens/sec/user,p99,4.66
131,1780554352323170560,1780554353323170560,Active Decode Throughput Per User,tokens/sec/user,std,0.62
131,1780554352323170560,1780554353323170560,Active Prefill Throughput,tokens/sec,avg,20911.50
131,1780554352323170560,1780554353323170560,Active Prefill Throughput,tokens/sec,min,5712.05
131,1780554352323170560,1780554353323170560,Active Prefill Throughput,tokens/sec,max,27022.95
131,1780554352323170560,1780554353323170560,Active Prefill Throughput,tokens/sec,p50,21310.89
131,1780554352323170560,1780554353323170560,Active Prefill Throughput,tokens/sec,p90,27022.95
131,1780554352323170560,1780554353323170560,Active Prefill Throughput,tokens/sec,p95,27022.95
131,1780554352323170560,1780554353323170560,Active Prefill Throughput,tokens/sec,p99,27022.95
131,1780554352323170560,1780554353323170560,Active Prefill Throughput,tokens/sec,std,6601.94
131,1780554352323170560,1780554353323170560,Active Prefill Throughput Per User,tokens/sec/user,avg,9463.01
131,1780554352323170560,1780554353323170560,Active Prefill Throughput Per User,tokens/sec/user,min,5712.05
131,1780554352323170560,1780554353323170560,Active Prefill Throughput Per User,tokens/sec/user,max,10655.45
131,1780554352323170560,1780554353323170560,Active Prefill Throughput Per User,tokens/sec/user,p50,10655.45
131,1780554352323170560,1780554353323170560,Active Prefill Throughput Per User,tokens/sec/user,p90,10655.45
131,1780554352323170560,1780554353323170560,Active Prefill Throughput Per User,tokens/sec/user,p95,10655.45
131,1780554352323170560,1780554353323170560,Active Prefill Throughput Per User,tokens/sec/user,p99,10655.45
131,1780554352323170560,1780554353323170560,Active Prefill Throughput Per User,tokens/sec/user,std,1672.89
131,1780554352323170560,1780554353323170560,Active Total Throughput,tokens/sec,avg,20979.85
131,1780554352323170560,1780554353323170560,Active Total Throughput,tokens/sec,min,5793.94
131,1780554352323170560,1780554353323170560,Active Total Throughput,tokens/sec,max,27089.12
131,1780554352323170560,1780554353323170560,Active Total Throughput,tokens/sec,p50,21377.07
131,1780554352323170560,1780554353323170560,Active Total Throughput,tokens/sec,p90,27089.12
131,1780554352323170560,1780554353323170560,Active Total Throughput,tokens/sec,p95,27089.12
131,1780554352323170560,1780554353323170560,Active Total Throughput,tokens/sec,p99,27089.12
131,1780554352323170560,1780554353323170560,Active Total Throughput,tokens/sec,std,6596.93
131,1780554352323170560,1780554353323170560,Benchmark Duration,sec,avg,65.17
131,1780554352323170560,1780554353323170560,E2E Output Token Throughput,tokens/sec/user,avg,4.66
131,1780554352323170560,1780554353323170560,E2E Output Token Throughput,tokens/sec/user,min,4.66
131,1780554352323170560,1780554353323170560,E2E Output Token Throughput,tokens/sec/user,max,4.66
131,1780554352323170560,1780554353323170560,E2E Output Token Throughput,tokens/sec/user,sum,4.66
131,1780554352323170560,1780554353323170560,E2E Output Token Throughput,tokens/sec/user,p1,4.66
131,1780554352323170560,1780554353323170560,E2E Output Token Throughput,tokens/sec/user,p5,4.66
131,1780554352323170560,1780554353323170560,E2E Output Token Throughput,tokens/sec/user,p10,4.66
131,1780554352323170560,1780554353323170560,E2E Output Token Throughput,tokens/sec/user,p25,4.66
131,1780554352323170560,1780554353323170560,E2E Output Token Throughput,tokens/sec/user,p50,4.66
131,1780554352323170560,1780554353323170560,E2E Output Token Throughput,tokens/sec/user,p75,4.66
131,1780554352323170560,1780554353323170560,E2E Output Token Throughput,tokens/sec/user,p90,4.66
131,1780554352323170560,1780554353323170560,E2E Output Token Throughput,tokens/sec/user,p95,4.66
131,1780554352323170560,1780554353323170560,E2E Output Token Throughput,tokens/sec/user,p99,4.66
131,1780554352323170560,1780554353323170560,E2E Output Token Throughput,tokens/sec/user,std,0.00
131,1780554352323170560,1780554353323170560,Effective Concurrency,requests,avg,13.45
131,1780554352323170560,1780554353323170560,Effective Concurrency,requests,min,13.00
131,1780554352323170560,1780554353323170560,Effective Concurrency,requests,max,14.00
131,1780554352323170560,1780554353323170560,Effective Concurrency,requests,p50,13.00
131,1780554352323170560,1780554353323170560,Effective Concurrency,requests,p90,14.00
131,1780554352323170560,1780554353323170560,Effective Concurrency,requests,p95,14.00
131,1780554352323170560,1780554353323170560,Effective Concurrency,requests,p99,14.00
131,1780554352323170560,1780554353323170560,Effective Concurrency,requests,std,0.50
131,1780554352323170560,1780554353323170560,Effective Decode Concurrency,requests,avg,11.28
131,1780554352323170560,1780554353323170560,Effective Decode Concurrency,requests,min,11.00
131,1780554352323170560,1780554353323170560,Effective Decode Concurrency,requests,max,13.00
131,1780554352323170560,1780554353323170560,Effective Decode Concurrency,requests,p50,11.00
131,1780554352323170560,1780554353323170560,Effective Decode Concurrency,requests,p90,13.00
131,1780554352323170560,1780554353323170560,Effective Decode Concurrency,requests,p95,13.00
131,1780554352323170560,1780554353323170560,Effective Decode Concurrency,requests,p99,13.00
131,1780554352323170560,1780554353323170560,Effective Decode Concurrency,requests,std,0.69
131,1780554352323170560,1780554353323170560,Effective Decode Throughput,tokens/sec,avg,35.37
131,1780554352323170560,1780554353323170560,Effective Decode Throughput,tokens/sec,min,14.95
131,1780554352323170560,1780554353323170560,Effective Decode Throughput,tokens/sec,max,60.53
131,1780554352323170560,1780554353323170560,Effective Decode Throughput,tokens/sec,p50,31.32
131,1780554352323170560,1780554353323170560,Effective Decode Throughput,tokens/sec,p90,60.53
131,1780554352323170560,1780554353323170560,Effective Decode Throughput,tokens/sec,p95,60.53
131,1780554352323170560,1780554353323170560,Effective Decode Throughput,tokens/sec,p99,60.53
131,1780554352323170560,1780554353323170560,Effective Decode Throughput,tokens/sec,std,10.09
131,1780554352323170560,1780554353323170560,Effective Decode Throughput Per User,tokens/sec/user,avg,3.10
131,1780554352323170560,1780554353323170560,Effective Decode Throughput Per User,tokens/sec/user,min,1.36
131,1780554352323170560,1780554353323170560,Effective Decode Throughput Per User,tokens/sec/user,max,4.66
131,1780554352323170560,1780554353323170560,Effective Decode Throughput Per User,tokens/sec/user,p50,2.85
131,1780554352323170560,1780554353323170560,Effective Decode Throughput Per User,tokens/sec/user,p90,4.66
131,1780554352323170560,1780554353323170560,Effective Decode Throughput Per User,tokens/sec/user,p95,4.66
131,1780554352323170560,1780554353323170560,Effective Decode Throughput Per User,tokens/sec/user,p99,4.66
131,1780554352323170560,1780554353323170560,Effective Decode Throughput Per User,tokens/sec/user,std,0.62
131,1780554352323170560,1780554353323170560,Effective Prefill Concurrency,requests,avg,2.17
131,1780554352323170560,1780554353323170560,Effective Prefill Concurrency,requests,min,1.00
131,1780554352323170560,1780554353323170560,Effective Prefill Concurrency,requests,max,3.00
131,1780554352323170560,1780554353323170560,Effective Prefill Concurrency,requests,p50,2.00
131,1780554352323170560,1780554353323170560,Effective Prefill Concurrency,requests,p90,3.00
131,1780554352323170560,1780554353323170560,Effective Prefill Concurrency,requests,p95,3.00
131,1780554352323170560,1780554353323170560,Effective Prefill Concurrency,requests,p99,3.00
131,1780554352323170560,1780554353323170560,Effective Prefill Concurrency,requests,std,0.65
131,1780554352323170560,1780554353323170560,Effective Prefill Throughput,tokens/sec,avg,20911.50
131,1780554352323170560,1780554353323170560,Effective Prefill Throughput,tokens/sec,min,5712.05
131,1780554352323170560,1780554353323170560,Effective Prefill Throughput,tokens/sec,max,27022.95
131,1780554352323170560,1780554353323170560,Effective Prefill Throughput,tokens/sec,p50,21310.89
131,1780554352323170560,1780554353323170560,Effective Prefill Throughput,tokens/sec,p90,27022.95
131,1780554352323170560,1780554353323170560,Effective Prefill Throughput,tokens/sec,p95,27022.95
131,1780554352323170560,1780554353323170560,Effective Prefill Throughput,tokens/sec,p99,27022.95
131,1780554352323170560,1780554353323170560,Effective Prefill Throughput,tokens/sec,std,6601.94
131,1780554352323170560,1780554353323170560,Effective Prefill Throughput Per User,tokens/sec/user,avg,9463.01
131,1780554352323170560,1780554353323170560,Effective Prefill Throughput Per User,tokens/sec/user,min,5712.05
131,1780554352323170560,1780554353323170560,Effective Prefill Throughput Per User,tokens/sec/user,max,10655.45
131,1780554352323170560,1780554353323170560,Effective Prefill Throughput Per User,tokens/sec/user,p50,10655.45
131,1780554352323170560,1780554353323170560,Effective Prefill Throughput Per User,tokens/sec/user,p90,10655.45
131,1780554352323170560,1780554353323170560,Effective Prefill Throughput Per User,tokens/sec/user,p95,10655.45
131,1780554352323170560,1780554353323170560,Effective Prefill Throughput Per User,tokens/sec/user,p99,10655.45
131,1780554352323170560,1780554353323170560,Effective Prefill Throughput Per User,tokens/sec/user,std,1672.89
131,1780554352323170560,1780554353323170560,Effective Total Throughput,tokens/sec,avg,20979.85
131,1780554352323170560,1780554353323170560,Effective Total Throughput,tokens/sec,min,5793.94
131,1780554352323170560,1780554353323170560,Effective Total Throughput,tokens/sec,max,27089.12
131,1780554352323170560,1780554353323170560,Effective Total Throughput,tokens/sec,p50,21377.07
131,1780554352323170560,1780554353323170560,Effective Total Throughput,tokens/sec,p90,27089.12
131,1780554352323170560,1780554353323170560,Effective Total Throughput,tokens/sec,p95,27089.12
131,1780554352323170560,1780554353323170560,Effective Total Throughput,tokens/sec,p99,27089.12
131,1780554352323170560,1780554353323170560,Effective Total Throughput,tokens/sec,std,6596.93
131,1780554352323170560,1780554353323170560,HTTP Blocked,ms,avg,0.00
131,1780554352323170560,1780554353323170560,HTTP Blocked,ms,min,0.00
131,1780554352323170560,1780554353323170560,HTTP Blocked,ms,max,0.00
131,1780554352323170560,1780554353323170560,HTTP Blocked,ms,sum,0.00
131,1780554352323170560,1780554353323170560,HTTP Blocked,ms,p1,0.00
131,1780554352323170560,1780554353323170560,HTTP Blocked,ms,p5,0.00
131,1780554352323170560,1780554353323170560,HTTP Blocked,ms,p10,0.00
131,1780554352323170560,1780554353323170560,HTTP Blocked,ms,p25,0.00
131,1780554352323170560,1780554353323170560,HTTP Blocked,ms,p50,0.00
131,1780554352323170560,1780554353323170560,HTTP Blocked,ms,p75,0.00
131,1780554352323170560,1780554353323170560,HTTP Blocked,ms,p90,0.00
131,1780554352323170560,1780554353323170560,HTTP Blocked,ms,p95,0.00
131,1780554352323170560,1780554353323170560,HTTP Blocked,ms,p99,0.00
131,1780554352323170560,1780554353323170560,HTTP Blocked,ms,std,0.00
131,1780554352323170560,1780554353323170560,HTTP Chunks Received,count,avg,304.00
131,1780554352323170560,1780554353323170560,HTTP Chunks Received,count,min,304.00
131,1780554352323170560,1780554353323170560,HTTP Chunks Received,count,max,304.00
131,1780554352323170560,1780554353323170560,HTTP Chunks Received,count,sum,304.00
131,1780554352323170560,1780554353323170560,HTTP Chunks Received,count,p1,304.00
131,1780554352323170560,1780554353323170560,HTTP Chunks Received,count,p5,304.00
131,1780554352323170560,1780554353323170560,HTTP Chunks Received,count,p10,304.00
131,1780554352323170560,1780554353323170560,HTTP Chunks Received,count,p25,304.00
131,1780554352323170560,1780554353323170560,HTTP Chunks Received,count,p50,304.00
131,1780554352323170560,1780554353323170560,HTTP Chunks Received,count,p75,304.00
131,1780554352323170560,1780554353323170560,HTTP Chunks Received,count,p90,304.00
131,1780554352323170560,1780554353323170560,HTTP Chunks Received,count,p95,304.00
131,1780554352323170560,1780554353323170560,HTTP Chunks Received,count,p99,304.00
131,1780554352323170560,1780554353323170560,HTTP Chunks Received,count,std,0.00
131,1780554352323170560,1780554353323170560,HTTP Chunks Sent,count,avg,1.00
131,1780554352323170560,1780554353323170560,HTTP Chunks Sent,count,min,1.00
131,1780554352323170560,1780554353323170560,HTTP Chunks Sent,count,max,1.00
131,1780554352323170560,1780554353323170560,HTTP Chunks Sent,count,sum,1.00
131,1780554352323170560,1780554353323170560,HTTP Chunks Sent,count,p1,1.00
131,1780554352323170560,1780554353323170560,HTTP Chunks Sent,count,p5,1.00
131,1780554352323170560,1780554353323170560,HTTP Chunks Sent,count,p10,1.00
131,1780554352323170560,1780554353323170560,HTTP Chunks Sent,count,p25,1.00
131,1780554352323170560,1780554353323170560,HTTP Chunks Sent,count,p50,1.00
131,1780554352323170560,1780554353323170560,HTTP Chunks Sent,count,p75,1.00
131,1780554352323170560,1780554353323170560,HTTP Chunks Sent,count,p90,1.00
131,1780554352323170560,1780554353323170560,HTTP Chunks Sent,count,p95,1.00
131,1780554352323170560,1780554353323170560,HTTP Chunks Sent,count,p99,1.00
131,1780554352323170560,1780554353323170560,HTTP Chunks Sent,count,std,0.00
131,1780554352323170560,1780554353323170560,HTTP Connecting,ms,avg,0.72
131,1780554352323170560,1780554353323170560,HTTP Connecting,ms,min,0.72
131,1780554352323170560,1780554353323170560,HTTP Connecting,ms,max,0.72
131,1780554352323170560,1780554353323170560,HTTP Connecting,ms,sum,0.72
131,1780554352323170560,1780554353323170560,HTTP Connecting,ms,p1,0.72
131,1780554352323170560,1780554353323170560,HTTP Connecting,ms,p5,0.72
131,1780554352323170560,1780554353323170560,HTTP Connecting,ms,p10,0.72
131,1780554352323170560,1780554353323170560,HTTP Connecting,ms,p25,0.72
131,1780554352323170560,1780554353323170560,HTTP Connecting,ms,p50,0.72
131,1780554352323170560,1780554353323170560,HTTP Connecting,ms,p75,0.72
131,1780554352323170560,1780554353323170560,HTTP Connecting,ms,p90,0.72
131,1780554352323170560,1780554353323170560,HTTP Connecting,ms,p95,0.72
131,1780554352323170560,1780554353323170560,HTTP Connecting,ms,p99,0.72
131,1780554352323170560,1780554353323170560,HTTP Connecting,ms,std,0.00
131,1780554352323170560,1780554353323170560,HTTP Connection Overhead,ms,avg,0.72
131,1780554352323170560,1780554353323170560,HTTP Connection Overhead,ms,min,0.72
131,1780554352323170560,1780554353323170560,HTTP Connection Overhead,ms,max,0.72
131,1780554352323170560,1780554353323170560,HTTP Connection Overhead,ms,sum,0.72
131,1780554352323170560,1780554353323170560,HTTP Connection Overhead,ms,p1,0.72
131,1780554352323170560,1780554353323170560,HTTP Connection Overhead,ms,p5,0.72
131,1780554352323170560,1780554353323170560,HTTP Connection Overhead,ms,p10,0.72
131,1780554352323170560,1780554353323170560,HTTP Connection Overhead,ms,p25,0.72
131,1780554352323170560,1780554353323170560,HTTP Connection Overhead,ms,p50,0.72
131,1780554352323170560,1780554353323170560,HTTP Connection Overhead,ms,p75,0.72
131,1780554352323170560,1780554353323170560,HTTP Connection Overhead,ms,p90,0.72
131,1780554352323170560,1780554353323170560,HTTP Connection Overhead,ms,p95,0.72
131,1780554352323170560,1780554353323170560,HTTP Connection Overhead,ms,p99,0.72
131,1780554352323170560,1780554353323170560,HTTP Connection Overhead,ms,std,0.00
131,1780554352323170560,1780554353323170560,HTTP Connection Reused,ratio,avg,0.00
131,1780554352323170560,1780554353323170560,HTTP Connection Reused,ratio,min,0.00
131,1780554352323170560,1780554353323170560,HTTP Connection Reused,ratio,max,0.00
131,1780554352323170560,1780554353323170560,HTTP Connection Reused,ratio,sum,0.00
131,1780554352323170560,1780554353323170560,HTTP Connection Reused,ratio,p1,0.00
131,1780554352323170560,1780554353323170560,HTTP Connection Reused,ratio,p5,0.00
131,1780554352323170560,1780554353323170560,HTTP Connection Reused,ratio,p10,0.00
131,1780554352323170560,1780554353323170560,HTTP Connection Reused,ratio,p25,0.00
131,1780554352323170560,1780554353323170560,HTTP Connection Reused,ratio,p50,0.00
131,1780554352323170560,1780554353323170560,HTTP Connection Reused,ratio,p75,0.00
131,1780554352323170560,1780554353323170560,HTTP Connection Reused,ratio,p90,0.00
131,1780554352323170560,1780554353323170560,HTTP Connection Reused,ratio,p95,0.00
131,1780554352323170560,1780554353323170560,HTTP Connection Reused,ratio,p99,0.00
131,1780554352323170560,1780554353323170560,HTTP Connection Reused,ratio,std,0.00
131,1780554352323170560,1780554353323170560,HTTP Data Received,KB,avg,76.18
131,1780554352323170560,1780554353323170560,HTTP Data Received,KB,min,76.18
131,1780554352323170560,1780554353323170560,HTTP Data Received,KB,max,76.18
131,1780554352323170560,1780554353323170560,HTTP Data Received,KB,sum,76.18
131,1780554352323170560,1780554353323170560,HTTP Data Received,KB,p1,76.18
131,1780554352323170560,1780554353323170560,HTTP Data Received,KB,p5,76.18
131,1780554352323170560,1780554353323170560,HTTP Data Received,KB,p10,76.18
131,1780554352323170560,1780554353323170560,HTTP Data Received,KB,p25,76.18
131,1780554352323170560,1780554353323170560,HTTP Data Received,KB,p50,76.18
131,1780554352323170560,1780554353323170560,HTTP Data Received,KB,p75,76.18
131,1780554352323170560,1780554353323170560,HTTP Data Received,KB,p90,76.18
131,1780554352323170560,1780554353323170560,HTTP Data Received,KB,p95,76.18
131,1780554352323170560,1780554353323170560,HTTP Data Received,KB,p99,76.18
131,1780554352323170560,1780554353323170560,HTTP Data Received,KB,std,0.00
131,1780554352323170560,1780554353323170560,HTTP Data Sent,KB,avg,184.28
131,1780554352323170560,1780554353323170560,HTTP Data Sent,KB,min,184.28
131,1780554352323170560,1780554353323170560,HTTP Data Sent,KB,max,184.28
131,1780554352323170560,1780554353323170560,HTTP Data Sent,KB,sum,184.28
131,1780554352323170560,1780554353323170560,HTTP Data Sent,KB,p1,184.28
131,1780554352323170560,1780554353323170560,HTTP Data Sent,KB,p5,184.28
131,1780554352323170560,1780554353323170560,HTTP Data Sent,KB,p10,184.28
131,1780554352323170560,1780554353323170560,HTTP Data Sent,KB,p25,184.28
131,1780554352323170560,1780554353323170560,HTTP Data Sent,KB,p50,184.28
131,1780554352323170560,1780554353323170560,HTTP Data Sent,KB,p75,184.28
131,1780554352323170560,1780554353323170560,HTTP Data Sent,KB,p90,184.28
131,1780554352323170560,1780554353323170560,HTTP Data Sent,KB,p95,184.28
131,1780554352323170560,1780554353323170560,HTTP Data Sent,KB,p99,184.28
131,1780554352323170560,1780554353323170560,HTTP Data Sent,KB,std,0.00
131,1780554352323170560,1780554353323170560,HTTP DNS Lookup,ms,avg,0.00
131,1780554352323170560,1780554353323170560,HTTP DNS Lookup,ms,min,0.00
131,1780554352323170560,1780554353323170560,HTTP DNS Lookup,ms,max,0.00
131,1780554352323170560,1780554353323170560,HTTP DNS Lookup,ms,sum,0.00
131,1780554352323170560,1780554353323170560,HTTP DNS Lookup,ms,p1,0.00
131,1780554352323170560,1780554353323170560,HTTP DNS Lookup,ms,p5,0.00
131,1780554352323170560,1780554353323170560,HTTP DNS Lookup,ms,p10,0.00
131,1780554352323170560,1780554353323170560,HTTP DNS Lookup,ms,p25,0.00
131,1780554352323170560,1780554353323170560,HTTP DNS Lookup,ms,p50,0.00
131,1780554352323170560,1780554353323170560,HTTP DNS Lookup,ms,p75,0.00
131,1780554352323170560,1780554353323170560,HTTP DNS Lookup,ms,p90,0.00
131,1780554352323170560,1780554353323170560,HTTP DNS Lookup,ms,p95,0.00
131,1780554352323170560,1780554353323170560,HTTP DNS Lookup,ms,p99,0.00
131,1780554352323170560,1780554353323170560,HTTP DNS Lookup,ms,std,0.00
131,1780554352323170560,1780554353323170560,HTTP Duration (excl. conn),ms,avg,65169.97
131,1780554352323170560,1780554353323170560,HTTP Duration (excl. conn),ms,min,65169.97
131,1780554352323170560,1780554353323170560,HTTP Duration (excl. conn),ms,max,65169.97
131,1780554352323170560,1780554353323170560,HTTP Duration (excl. conn),ms,sum,65169.97
131,1780554352323170560,1780554353323170560,HTTP Duration (excl. conn),ms,p1,65169.97
131,1780554352323170560,1780554353323170560,HTTP Duration (excl. conn),ms,p5,65169.97
131,1780554352323170560,1780554353323170560,HTTP Duration (excl. conn),ms,p10,65169.97
131,1780554352323170560,1780554353323170560,HTTP Duration (excl. conn),ms,p25,65169.97
131,1780554352323170560,1780554353323170560,HTTP Duration (excl. conn),ms,p50,65169.97
131,1780554352323170560,1780554353323170560,HTTP Duration (excl. conn),ms,p75,65169.97
131,1780554352323170560,1780554353323170560,HTTP Duration (excl. conn),ms,p90,65169.97
131,1780554352323170560,1780554353323170560,HTTP Duration (excl. conn),ms,p95,65169.97
131,1780554352323170560,1780554353323170560,HTTP Duration (excl. conn),ms,p99,65169.97
131,1780554352323170560,1780554353323170560,HTTP Duration (excl. conn),ms,std,0.00
131,1780554352323170560,1780554353323170560,HTTP Receiving,ms,avg,56843.34
131,1780554352323170560,1780554353323170560,HTTP Receiving,ms,min,56843.34
131,1780554352323170560,1780554353323170560,HTTP Receiving,ms,max,56843.34
131,1780554352323170560,1780554353323170560,HTTP Receiving,ms,sum,56843.34
131,1780554352323170560,1780554353323170560,HTTP Receiving,ms,p1,56843.34
131,1780554352323170560,1780554353323170560,HTTP Receiving,ms,p5,56843.34
131,1780554352323170560,1780554353323170560,HTTP Receiving,ms,p10,56843.34
131,1780554352323170560,1780554353323170560,HTTP Receiving,ms,p25,56843.34
131,1780554352323170560,1780554353323170560,HTTP Receiving,ms,p50,56843.34
131,1780554352323170560,1780554353323170560,HTTP Receiving,ms,p75,56843.34
131,1780554352323170560,1780554353323170560,HTTP Receiving,ms,p90,56843.34
131,1780554352323170560,1780554353323170560,HTTP Receiving,ms,p95,56843.34
131,1780554352323170560,1780554353323170560,HTTP Receiving,ms,p99,56843.34
131,1780554352323170560,1780554353323170560,HTTP Receiving,ms,std,0.00
131,1780554352323170560,1780554353323170560,HTTP Sending,ms,avg,1.03
131,1780554352323170560,1780554353323170560,HTTP Sending,ms,min,1.03
131,1780554352323170560,1780554353323170560,HTTP Sending,ms,max,1.03
131,1780554352323170560,1780554353323170560,HTTP Sending,ms,sum,1.03
131,1780554352323170560,1780554353323170560,HTTP Sending,ms,p1,1.03
131,1780554352323170560,1780554353323170560,HTTP Sending,ms,p5,1.03
131,1780554352323170560,1780554353323170560,HTTP Sending,ms,p10,1.03
131,1780554352323170560,1780554353323170560,HTTP Sending,ms,p25,1.03
131,1780554352323170560,1780554353323170560,HTTP Sending,ms,p50,1.03
131,1780554352323170560,1780554353323170560,HTTP Sending,ms,p75,1.03
131,1780554352323170560,1780554353323170560,HTTP Sending,ms,p90,1.03
131,1780554352323170560,1780554353323170560,HTTP Sending,ms,p95,1.03
131,1780554352323170560,1780554353323170560,HTTP Sending,ms,p99,1.03
131,1780554352323170560,1780554353323170560,HTTP Sending,ms,std,0.00
131,1780554352323170560,1780554353323170560,HTTP Total Time,ms,avg,65170.69
131,1780554352323170560,1780554353323170560,HTTP Total Time,ms,min,65170.69
131,1780554352323170560,1780554353323170560,HTTP Total Time,ms,max,65170.69
131,1780554352323170560,1780554353323170560,HTTP Total Time,ms,sum,65170.69
131,1780554352323170560,1780554353323170560,HTTP Total Time,ms,p1,65170.69
131,1780554352323170560,1780554353323170560,HTTP Total Time,ms,p5,65170.69
131,1780554352323170560,1780554353323170560,HTTP Total Time,ms,p10,65170.69
131,1780554352323170560,1780554353323170560,HTTP Total Time,ms,p25,65170.69
131,1780554352323170560,1780554353323170560,HTTP Total Time,ms,p50,65170.69
131,1780554352323170560,1780554353323170560,HTTP Total Time,ms,p75,65170.69
131,1780554352323170560,1780554353323170560,HTTP Total Time,ms,p90,65170.69
131,1780554352323170560,1780554353323170560,HTTP Total Time,ms,p95,65170.69
131,1780554352323170560,1780554353323170560,HTTP Total Time,ms,p99,65170.69
131,1780554352323170560,1780554353323170560,HTTP Total Time,ms,std,0.00
131,1780554352323170560,1780554353323170560,HTTP Waiting (TTFB),ms,avg,8325.60
131,1780554352323170560,1780554353323170560,HTTP Waiting (TTFB),ms,min,8325.60
131,1780554352323170560,1780554353323170560,HTTP Waiting (TTFB),ms,max,8325.60
131,1780554352323170560,1780554353323170560,HTTP Waiting (TTFB),ms,sum,8325.60
131,1780554352323170560,1780554353323170560,HTTP Waiting (TTFB),ms,p1,8325.60
131,1780554352323170560,1780554353323170560,HTTP Waiting (TTFB),ms,p5,8325.60
131,1780554352323170560,1780554353323170560,HTTP Waiting (TTFB),ms,p10,8325.60
131,1780554352323170560,1780554353323170560,HTTP Waiting (TTFB),ms,p25,8325.60
131,1780554352323170560,1780554353323170560,HTTP Waiting (TTFB),ms,p50,8325.60
131,1780554352323170560,1780554353323170560,HTTP Waiting (TTFB),ms,p75,8325.60
131,1780554352323170560,1780554353323170560,HTTP Waiting (TTFB),ms,p90,8325.60
131,1780554352323170560,1780554353323170560,HTTP Waiting (TTFB),ms,p95,8325.60
131,1780554352323170560,1780554353323170560,HTTP Waiting (TTFB),ms,p99,8325.60
131,1780554352323170560,1780554353323170560,HTTP Waiting (TTFB),ms,std,0.00
131,1780554352323170560,1780554353323170560,Input Sequence Length,tokens,avg,47563.00
131,1780554352323170560,1780554353323170560,Input Sequence Length,tokens,min,47563.00
131,1780554352323170560,1780554353323170560,Input Sequence Length,tokens,max,47563.00
131,1780554352323170560,1780554353323170560,Input Sequence Length,tokens,sum,47563.00
131,1780554352323170560,1780554353323170560,Input Sequence Length,tokens,p1,47563.00
131,1780554352323170560,1780554353323170560,Input Sequence Length,tokens,p5,47563.00
131,1780554352323170560,1780554353323170560,Input Sequence Length,tokens,p10,47563.00
131,1780554352323170560,1780554353323170560,Input Sequence Length,tokens,p25,47563.00
131,1780554352323170560,1780554353323170560,Input Sequence Length,tokens,p50,47563.00
131,1780554352323170560,1780554353323170560,Input Sequence Length,tokens,p75,47563.00
131,1780554352323170560,1780554353323170560,Input Sequence Length,tokens,p90,47563.00
131,1780554352323170560,1780554353323170560,Input Sequence Length,tokens,p95,47563.00
131,1780554352323170560,1780554353323170560,Input Sequence Length,tokens,p99,47563.00
131,1780554352323170560,1780554353323170560,Input Sequence Length,tokens,std,0.00
131,1780554352323170560,1780554353323170560,Input Token Throughput,tokens/sec,avg,47563.00
131,1780554352323170560,1780554353323170560,Inter Chunk Latency,ms,avg,68.61
131,1780554352323170560,1780554353323170560,Inter Chunk Latency,ms,min,68.60
131,1780554352323170560,1780554353323170560,Inter Chunk Latency,ms,max,68.62
131,1780554352323170560,1780554353323170560,Inter Chunk Latency,ms,sum,20650.40
131,1780554352323170560,1780554353323170560,Inter Chunk Latency,ms,p1,68.60
131,1780554352323170560,1780554353323170560,Inter Chunk Latency,ms,p5,68.60
131,1780554352323170560,1780554353323170560,Inter Chunk Latency,ms,p10,68.60
131,1780554352323170560,1780554353323170560,Inter Chunk Latency,ms,p25,68.60
131,1780554352323170560,1780554353323170560,Inter Chunk Latency,ms,p50,68.61
131,1780554352323170560,1780554353323170560,Inter Chunk Latency,ms,p75,68.61
131,1780554352323170560,1780554353323170560,Inter Chunk Latency,ms,p90,68.61
131,1780554352323170560,1780554353323170560,Inter Chunk Latency,ms,p95,68.61
131,1780554352323170560,1780554353323170560,Inter Chunk Latency,ms,p99,68.61
131,1780554352323170560,1780554353323170560,Inter Chunk Latency,ms,std,0.01
131,1780554352323170560,1780554353323170560,Inter Token Latency,ms,avg,187.60
131,1780554352323170560,1780554353323170560,Inter Token Latency,ms,min,187.60
131,1780554352323170560,1780554353323170560,Inter Token Latency,ms,max,187.60
131,1780554352323170560,1780554353323170560,Inter Token Latency,ms,sum,187.60
131,1780554352323170560,1780554353323170560,Inter Token Latency,ms,p1,187.60
131,1780554352323170560,1780554353323170560,Inter Token Latency,ms,p5,187.60
131,1780554352323170560,1780554353323170560,Inter Token Latency,ms,p10,187.60
131,1780554352323170560,1780554353323170560,Inter Token Latency,ms,p25,187.60
131,1780554352323170560,1780554353323170560,Inter Token Latency,ms,p50,187.60
131,1780554352323170560,1780554353323170560,Inter Token Latency,ms,p75,187.60
131,1780554352323170560,1780554353323170560,Inter Token Latency,ms,p90,187.60
131,1780554352323170560,1780554353323170560,Inter Token Latency,ms,p95,187.60
131,1780554352323170560,1780554353323170560,Inter Token Latency,ms,p99,187.60
131,1780554352323170560,1780554353323170560,Inter Token Latency,ms,std,0.00
131,1780554352323170560,1780554353323170560,Maximum Response Timestamp,ns,avg,1780554418046527232.00
131,1780554352323170560,1780554353323170560,Minimum Request Timestamp,ns,avg,1780554352876427776.00
131,1780554352323170560,1780554353323170560,OSL Mismatch Count,requests,avg,0.00
131,1780554352323170560,1780554353323170560,OSL Mismatch Diff %,%,avg,0.00
131,1780554352323170560,1780554353323170560,OSL Mismatch Diff %,%,min,0.00
131,1780554352323170560,1780554353323170560,OSL Mismatch Diff %,%,max,0.00
131,1780554352323170560,1780554353323170560,OSL Mismatch Diff %,%,sum,0.00
131,1780554352323170560,1780554353323170560,OSL Mismatch Diff %,%,p1,0.00
131,1780554352323170560,1780554353323170560,OSL Mismatch Diff %,%,p5,0.00
131,1780554352323170560,1780554353323170560,OSL Mismatch Diff %,%,p10,0.00
131,1780554352323170560,1780554353323170560,OSL Mismatch Diff %,%,p25,0.00
131,1780554352323170560,1780554353323170560,OSL Mismatch Diff %,%,p50,0.00
131,1780554352323170560,1780554353323170560,OSL Mismatch Diff %,%,p75,0.00
131,1780554352323170560,1780554353323170560,OSL Mismatch Diff %,%,p90,0.00
131,1780554352323170560,1780554353323170560,OSL Mismatch Diff %,%,p95,0.00
131,1780554352323170560,1780554353323170560,OSL Mismatch Diff %,%,p99,0.00
131,1780554352323170560,1780554353323170560,OSL Mismatch Diff %,%,std,0.00
131,1780554352323170560,1780554353323170560,Output Sequence Length,tokens,avg,304.00
131,1780554352323170560,1780554353323170560,Output Sequence Length,tokens,min,304.00
131,1780554352323170560,1780554353323170560,Output Sequence Length,tokens,max,304.00
131,1780554352323170560,1780554353323170560,Output Sequence Length,tokens,sum,304.00
131,1780554352323170560,1780554353323170560,Output Sequence Length,tokens,p1,304.00
131,1780554352323170560,1780554353323170560,Output Sequence Length,tokens,p5,304.00
131,1780554352323170560,1780554353323170560,Output Sequence Length,tokens,p10,304.00
131,1780554352323170560,1780554353323170560,Output Sequence Length,tokens,p25,304.00
131,1780554352323170560,1780554353323170560,Output Sequence Length,tokens,p50,304.00
131,1780554352323170560,1780554353323170560,Output Sequence Length,tokens,p75,304.00
131,1780554352323170560,1780554353323170560,Output Sequence Length,tokens,p90,304.00
131,1780554352323170560,1780554353323170560,Output Sequence Length,tokens,p95,304.00
131,1780554352323170560,1780554353323170560,Output Sequence Length,tokens,p99,304.00
131,1780554352323170560,1780554353323170560,Output Sequence Length,tokens,std,0.00
131,1780554352323170560,1780554353323170560,Output Token Count,tokens,avg,304.00
131,1780554352323170560,1780554353323170560,Output Token Count,tokens,min,304.00
131,1780554352323170560,1780554353323170560,Output Token Count,tokens,max,304.00
131,1780554352323170560,1780554353323170560,Output Token Count,tokens,sum,304.00
131,1780554352323170560,1780554353323170560,Output Token Count,tokens,p1,304.00
131,1780554352323170560,1780554353323170560,Output Token Count,tokens,p5,304.00
131,1780554352323170560,1780554353323170560,Output Token Count,tokens,p10,304.00
131,1780554352323170560,1780554353323170560,Output Token Count,tokens,p25,304.00
131,1780554352323170560,1780554353323170560,Output Token Count,tokens,p50,304.00
131,1780554352323170560,1780554353323170560,Output Token Count,tokens,p75,304.00
131,1780554352323170560,1780554353323170560,Output Token Count,tokens,p90,304.00
131,1780554352323170560,1780554353323170560,Output Token Count,tokens,p95,304.00
131,1780554352323170560,1780554353323170560,Output Token Count,tokens,p99,304.00
131,1780554352323170560,1780554353323170560,Output Token Count,tokens,std,0.00
131,1780554352323170560,1780554353323170560,Output Token Throughput,tokens/sec,avg,304.00
131,1780554352323170560,1780554353323170560,Output Token Throughput Per User,tokens/sec/user,avg,5.33
131,1780554352323170560,1780554353323170560,Output Token Throughput Per User,tokens/sec/user,min,5.33
131,1780554352323170560,1780554353323170560,Output Token Throughput Per User,tokens/sec/user,max,5.33
131,1780554352323170560,1780554353323170560,Output Token Throughput Per User,tokens/sec/user,sum,5.33
131,1780554352323170560,1780554353323170560,Output Token Throughput Per User,tokens/sec/user,p1,5.33
131,1780554352323170560,1780554353323170560,Output Token Throughput Per User,tokens/sec/user,p5,5.33
131,1780554352323170560,1780554353323170560,Output Token Throughput Per User,tokens/sec/user,p10,5.33
131,1780554352323170560,1780554353323170560,Output Token Throughput Per User,tokens/sec/user,p25,5.33
131,1780554352323170560,1780554353323170560,Output Token Throughput Per User,tokens/sec/user,p50,5.33
131,1780554352323170560,1780554353323170560,Output Token Throughput Per User,tokens/sec/user,p75,5.33
131,1780554352323170560,1780554353323170560,Output Token Throughput Per User,tokens/sec/user,p90,5.33
131,1780554352323170560,1780554353323170560,Output Token Throughput Per User,tokens/sec/user,p95,5.33
131,1780554352323170560,1780554353323170560,Output Token Throughput Per User,tokens/sec/user,p99,5.33
131,1780554352323170560,1780554353323170560,Output Token Throughput Per User,tokens/sec/user,std,0.00
131,1780554352323170560,1780554353323170560,Prefill Throughput Per User,tokens/sec/user,avg,5712.05
131,1780554352323170560,1780554353323170560,Prefill Throughput Per User,tokens/sec/user,min,5712.05
131,1780554352323170560,1780554353323170560,Prefill Throughput Per User,tokens/sec/user,max,5712.05
131,1780554352323170560,1780554353323170560,Prefill Throughput Per User,tokens/sec/user,sum,5712.05
131,1780554352323170560,1780554353323170560,Prefill Throughput Per User,tokens/sec/user,p1,5712.05
131,1780554352323170560,1780554353323170560,Prefill Throughput Per User,tokens/sec/user,p5,5712.05
131,1780554352323170560,1780554353323170560,Prefill Throughput Per User,tokens/sec/user,p10,5712.05
131,1780554352323170560,1780554353323170560,Prefill Throughput Per User,tokens/sec/user,p25,5712.05
131,1780554352323170560,1780554353323170560,Prefill Throughput Per User,tokens/sec/user,p50,5712.05
131,1780554352323170560,1780554353323170560,Prefill Throughput Per User,tokens/sec/user,p75,5712.05
131,1780554352323170560,1780554353323170560,Prefill Throughput Per User,tokens/sec/user,p90,5712.05
131,1780554352323170560,1780554353323170560,Prefill Throughput Per User,tokens/sec/user,p95,5712.05
131,1780554352323170560,1780554353323170560,Prefill Throughput Per User,tokens/sec/user,p99,5712.05
131,1780554352323170560,1780554353323170560,Prefill Throughput Per User,tokens/sec/user,std,0.00
131,1780554352323170560,1780554353323170560,Request Count,requests,avg,1.00
131,1780554352323170560,1780554353323170560,Request Latency,ms,avg,65170.10
131,1780554352323170560,1780554353323170560,Request Latency,ms,min,65170.10
131,1780554352323170560,1780554353323170560,Request Latency,ms,max,65170.10
131,1780554352323170560,1780554353323170560,Request Latency,ms,sum,65170.10
131,1780554352323170560,1780554353323170560,Request Latency,ms,p1,65170.10
131,1780554352323170560,1780554353323170560,Request Latency,ms,p5,65170.10
131,1780554352323170560,1780554353323170560,Request Latency,ms,p10,65170.10
131,1780554352323170560,1780554353323170560,Request Latency,ms,p25,65170.10
131,1780554352323170560,1780554353323170560,Request Latency,ms,p50,65170.10
131,1780554352323170560,1780554353323170560,Request Latency,ms,p75,65170.10
131,1780554352323170560,1780554353323170560,Request Latency,ms,p90,65170.10
131,1780554352323170560,1780554353323170560,Request Latency,ms,p95,65170.10
131,1780554352323170560,1780554353323170560,Request Latency,ms,p99,65170.10
131,1780554352323170560,1780554353323170560,Request Latency,ms,std,0.00
131,1780554352323170560,1780554353323170560,Request Throughput,requests/sec,avg,1.00
131,1780554352323170560,1780554353323170560,Requested OSL,tokens,avg,304.00
131,1780554352323170560,1780554353323170560,Requested OSL,tokens,min,304.00
131,1780554352323170560,1780554353323170560,Requested OSL,tokens,max,304.00
131,1780554352323170560,1780554353323170560,Requested OSL,tokens,sum,304.00
131,1780554352323170560,1780554353323170560,Requested OSL,tokens,p1,304.00
131,1780554352323170560,1780554353323170560,Requested OSL,tokens,p5,304.00
131,1780554352323170560,1780554353323170560,Requested OSL,tokens,p10,304.00
131,1780554352323170560,1780554353323170560,Requested OSL,tokens,p25,304.00
131,1780554352323170560,1780554353323170560,Requested OSL,tokens,p50,304.00
131,1780554352323170560,1780554353323170560,Requested OSL,tokens,p75,304.00
131,1780554352323170560,1780554353323170560,Requested OSL,tokens,p90,304.00
131,1780554352323170560,1780554353323170560,Requested OSL,tokens,p95,304.00
131,1780554352323170560,1780554353323170560,Requested OSL,tokens,p99,304.00
131,1780554352323170560,1780554353323170560,Requested OSL,tokens,std,0.00
131,1780554352323170560,1780554353323170560,Time to First Output Token,ms,avg,8326.78
131,1780554352323170560,1780554353323170560,Time to First Output Token,ms,min,8326.78
131,1780554352323170560,1780554353323170560,Time to First Output Token,ms,max,8326.78
131,1780554352323170560,1780554353323170560,Time to First Output Token,ms,sum,8326.78
131,1780554352323170560,1780554353323170560,Time to First Output Token,ms,p1,8326.78
131,1780554352323170560,1780554353323170560,Time to First Output Token,ms,p5,8326.78
131,1780554352323170560,1780554353323170560,Time to First Output Token,ms,p10,8326.78
131,1780554352323170560,1780554353323170560,Time to First Output Token,ms,p25,8326.78
131,1780554352323170560,1780554353323170560,Time to First Output Token,ms,p50,8326.78
131,1780554352323170560,1780554353323170560,Time to First Output Token,ms,p75,8326.78
131,1780554352323170560,1780554353323170560,Time to First Output Token,ms,p90,8326.78
131,1780554352323170560,1780554353323170560,Time to First Output Token,ms,p95,8326.78
131,1780554352323170560,1780554353323170560,Time to First Output Token,ms,p99,8326.78
131,1780554352323170560,1780554353323170560,Time to First Output Token,ms,std,0.00
131,1780554352323170560,1780554353323170560,Time to First Token,ms,avg,8326.78
131,1780554352323170560,1780554353323170560,Time to First Token,ms,min,8326.78
131,1780554352323170560,1780554353323170560,Time to First Token,ms,max,8326.78
131,1780554352323170560,1780554353323170560,Time to First Token,ms,sum,8326.78
131,1780554352323170560,1780554353323170560,Time to First Token,ms,p1,8326.78
131,1780554352323170560,1780554353323170560,Time to First Token,ms,p5,8326.78
131,1780554352323170560,1780554353323170560,Time to First Token,ms,p10,8326.78
131,1780554352323170560,1780554353323170560,Time to First Token,ms,p25,8326.78
131,1780554352323170560,1780554353323170560,Time to First Token,ms,p50,8326.78
131,1780554352323170560,1780554353323170560,Time to First Token,ms,p75,8326.78
131,1780554352323170560,1780554353323170560,Time to First Token,ms,p90,8326.78
131,1780554352323170560,1780554353323170560,Time to First Token,ms,p95,8326.78
131,1780554352323170560,1780554353323170560,Time to First Token,ms,p99,8326.78
131,1780554352323170560,1780554353323170560,Time to First Token,ms,std,0.00
131,1780554352323170560,1780554353323170560,Time to Second Token,ms,avg,29.61
131,1780554352323170560,1780554353323170560,Time to Second Token,ms,min,29.61
131,1780554352323170560,1780554353323170560,Time to Second Token,ms,max,29.61
131,1780554352323170560,1780554353323170560,Time to Second Token,ms,sum,29.61
131,1780554352323170560,1780554353323170560,Time to Second Token,ms,p1,29.61
131,1780554352323170560,1780554353323170560,Time to Second Token,ms,p5,29.61
131,1780554352323170560,1780554353323170560,Time to Second Token,ms,p10,29.61
131,1780554352323170560,1780554353323170560,Time to Second Token,ms,p25,29.61
131,1780554352323170560,1780554353323170560,Time to Second Token,ms,p50,29.61
131,1780554352323170560,1780554353323170560,Time to Second Token,ms,p75,29.61
131,1780554352323170560,1780554353323170560,Time to Second Token,ms,p90,29.61
131,1780554352323170560,1780554353323170560,Time to Second Token,ms,p95,29.61
131,1780554352323170560,1780554353323170560,Time to Second Token,ms,p99,29.61
131,1780554352323170560,1780554353323170560,Time to Second Token,ms,std,0.00
131,1780554352323170560,1780554353323170560,Tokens In Flight,tokens,avg,1119914.06
131,1780554352323170560,1780554353323170560,Tokens In Flight,tokens,min,1098649.46
131,1780554352323170560,1780554353323170560,Tokens In Flight,tokens,max,1146249.80
131,1780554352323170560,1780554353323170560,Tokens In Flight,tokens,p50,1098664.57
131,1780554352323170560,1780554353323170560,Tokens In Flight,tokens,p90,1146242.51
131,1780554352323170560,1780554353323170560,Tokens In Flight,tokens,p95,1146246.67
131,1780554352323170560,1780554353323170560,Tokens In Flight,tokens,p99,1146246.67
131,1780554352323170560,1780554353323170560,Tokens In Flight,tokens,std,23654.45
131,1780554352323170560,1780554353323170560,Total Input Sequence Length,tokens,avg,47563.00
131,1780554352323170560,1780554353323170560,Total Output Sequence Length,tokens,avg,304.00
131,1780554352323170560,1780554353323170560,Total Output Tokens,tokens,avg,304.00
131,1780554352323170560,1780554353323170560,Total Token Throughput,tokens/sec,avg,47867.00
131,1780554352323170560,1780554353323170560,Total Usage Completion Tokens,tokens,avg,304.00
131,1780554352323170560,1780554353323170560,Total Usage Prompt Tokens,tokens,avg,47563.00
131,1780554352323170560,1780554353323170560,Total Usage Total Tokens,tokens,avg,47867.00
131,1780554352323170560,1780554353323170560,Usage Completion Tokens,tokens,avg,304.00
131,1780554352323170560,1780554353323170560,Usage Completion Tokens,tokens,min,304.00
131,1780554352323170560,1780554353323170560,Usage Completion Tokens,tokens,max,304.00
131,1780554352323170560,1780554353323170560,Usage Completion Tokens,tokens,sum,304.00
131,1780554352323170560,1780554353323170560,Usage Completion Tokens,tokens,p1,304.00
131,1780554352323170560,1780554353323170560,Usage Completion Tokens,tokens,p5,304.00
131,1780554352323170560,1780554353323170560,Usage Completion Tokens,tokens,p10,304.00
131,1780554352323170560,1780554353323170560,Usage Completion Tokens,tokens,p25,304.00
131,1780554352323170560,1780554353323170560,Usage Completion Tokens,tokens,p50,304.00
131,1780554352323170560,1780554353323170560,Usage Completion Tokens,tokens,p75,304.00
131,1780554352323170560,1780554353323170560,Usage Completion Tokens,tokens,p90,304.00
131,1780554352323170560,1780554353323170560,Usage Completion Tokens,tokens,p95,304.00
131,1780554352323170560,1780554353323170560,Usage Completion Tokens,tokens,p99,304.00
131,1780554352323170560,1780554353323170560,Usage Completion Tokens,tokens,std,0.00
131,1780554352323170560,1780554353323170560,Usage Prompt Tokens,tokens,avg,47563.00
131,1780554352323170560,1780554353323170560,Usage Prompt Tokens,tokens,min,47563.00
131,1780554352323170560,1780554353323170560,Usage Prompt Tokens,tokens,max,47563.00
131,1780554352323170560,1780554353323170560,Usage Prompt Tokens,tokens,sum,47563.00
131,1780554352323170560,1780554353323170560,Usage Prompt Tokens,tokens,p1,47563.00
131,1780554352323170560,1780554353323170560,Usage Prompt Tokens,tokens,p5,47563.00
131,1780554352323170560,1780554353323170560,Usage Prompt Tokens,tokens,p10,47563.00
131,1780554352323170560,1780554353323170560,Usage Prompt Tokens,tokens,p25,47563.00
131,1780554352323170560,1780554353323170560,Usage Prompt Tokens,tokens,p50,47563.00
131,1780554352323170560,1780554353323170560,Usage Prompt Tokens,tokens,p75,47563.00
131,1780554352323170560,1780554353323170560,Usage Prompt Tokens,tokens,p90,47563.00
131,1780554352323170560,1780554353323170560,Usage Prompt Tokens,tokens,p95,47563.00
131,1780554352323170560,1780554353323170560,Usage Prompt Tokens,tokens,p99,47563.00
131,1780554352323170560,1780554353323170560,Usage Prompt Tokens,tokens,std,0.00
131,1780554352323170560,1780554353323170560,Usage Total Tokens,tokens,avg,47867.00
131,1780554352323170560,1780554353323170560,Usage Total Tokens,tokens,min,47867.00
131,1780554352323170560,1780554353323170560,Usage Total Tokens,tokens,max,47867.00
131,1780554352323170560,1780554353323170560,Usage Total Tokens,tokens,sum,47867.00
131,1780554352323170560,1780554353323170560,Usage Total Tokens,tokens,p1,47867.00
131,1780554352323170560,1780554353323170560,Usage Total Tokens,tokens,p5,47867.00
131,1780554352323170560,1780554353323170560,Usage Total Tokens,tokens,p10,47867.00
131,1780554352323170560,1780554353323170560,Usage Total Tokens,tokens,p25,47867.00
131,1780554352323170560,1780554353323170560,Usage Total Tokens,tokens,p50,47867.00
131,1780554352323170560,1780554353323170560,Usage Total Tokens,tokens,p75,47867.00
131,1780554352323170560,1780554353323170560,Usage Total Tokens,tokens,p90,47867.00
131,1780554352323170560,1780554353323170560,Usage Total Tokens,tokens,p95,47867.00
131,1780554352323170560,1780554353323170560,Usage Total Tokens,tokens,p99,47867.00
131,1780554352323170560,1780554353323170560,Usage Total Tokens,tokens,std,0.00
132,1780554361323170560,1780554362323170560,Active Decode Throughput,tokens/sec,avg,75.19
132,1780554361323170560,1780554362323170560,Active Decode Throughput,tokens/sec,min,58.83
132,1780554361323170560,1780554362323170560,Active Decode Throughput,tokens/sec,max,91.56
132,1780554361323170560,1780554362323170560,Active Decode Throughput,tokens/sec,p50,75.19
132,1780554361323170560,1780554362323170560,Active Decode Throughput,tokens/sec,p90,75.20
132,1780554361323170560,1780554362323170560,Active Decode Throughput,tokens/sec,p95,75.20
132,1780554361323170560,1780554362323170560,Active Decode Throughput,tokens/sec,p99,75.20
132,1780554361323170560,1780554362323170560,Active Decode Throughput,tokens/sec,std,0.04
132,1780554361323170560,1780554362323170560,Active Decode Throughput Per User,tokens/sec/user,avg,6.27
132,1780554361323170560,1780554362323170560,Active Decode Throughput Per User,tokens/sec/user,min,4.90
132,1780554361323170560,1780554362323170560,Active Decode Throughput Per User,tokens/sec/user,max,7.63
132,1780554361323170560,1780554362323170560,Active Decode Throughput Per User,tokens/sec/user,p50,6.27
132,1780554361323170560,1780554362323170560,Active Decode Throughput Per User,tokens/sec/user,p90,6.27
132,1780554361323170560,1780554362323170560,Active Decode Throughput Per User,tokens/sec/user,p95,6.27
132,1780554361323170560,1780554362323170560,Active Decode Throughput Per User,tokens/sec/user,p99,6.27
132,1780554361323170560,1780554362323170560,Active Decode Throughput Per User,tokens/sec/user,std,0.00
132,1780554361323170560,1780554362323170560,Active Prefill Throughput,tokens/sec,avg,23133.99
132,1780554361323170560,1780554362323170560,Active Prefill Throughput,tokens/sec,min,19026.99
132,1780554361323170560,1780554362323170560,Active Prefill Throughput,tokens/sec,max,26341.61
132,1780554361323170560,1780554362323170560,Active Prefill Throughput,tokens/sec,p50,26341.61
132,1780554361323170560,1780554362323170560,Active Prefill Throughput,tokens/sec,p90,26341.61
132,1780554361323170560,1780554362323170560,Active Prefill Throughput,tokens/sec,p95,26341.61
132,1780554361323170560,1780554362323170560,Active Prefill Throughput,tokens/sec,p99,26341.61
132,1780554361323170560,1780554362323170560,Active Prefill Throughput,tokens/sec,std,3629.56
132,1780554361323170560,1780554362323170560,Active Prefill Throughput Per User,tokens/sec/user,avg,15738.88
132,1780554361323170560,1780554362323170560,Active Prefill Throughput Per User,tokens/sec/user,min,13170.81
132,1780554361323170560,1780554362323170560,Active Prefill Throughput Per User,tokens/sec/user,max,19026.99
132,1780554361323170560,1780554362323170560,Active Prefill Throughput Per User,tokens/sec/user,p50,13170.81
132,1780554361323170560,1780554362323170560,Active Prefill Throughput Per User,tokens/sec/user,p90,19026.99
132,1780554361323170560,1780554362323170560,Active Prefill Throughput Per User,tokens/sec/user,p95,19026.99
132,1780554361323170560,1780554362323170560,Active Prefill Throughput Per User,tokens/sec/user,p99,19026.99
132,1780554361323170560,1780554362323170560,Active Prefill Throughput Per User,tokens/sec/user,std,2905.88
132,1780554361323170560,1780554362323170560,Active Total Throughput,tokens/sec,avg,10361.71
132,1780554361323170560,1780554362323170560,Active Total Throughput,tokens/sec,min,77.91
132,1780554361323170560,1780554362323170560,Active Total Throughput,tokens/sec,max,26419.52
132,1780554361323170560,1780554362323170560,Active Total Throughput,tokens/sec,p50,77.91
132,1780554361323170560,1780554362323170560,Active Total Throughput,tokens/sec,p90,26419.52
132,1780554361323170560,1780554362323170560,Active Total Throughput,tokens/sec,p95,26419.52
132,1780554361323170560,1780554362323170560,Active Total Throughput,tokens/sec,p99,26419.52
132,1780554361323170560,1780554362323170560,Active Total Throughput,tokens/sec,std,11747.55
132,1780554361323170560,1780554362323170560,Benchmark Duration,sec,avg,80.54
132,1780554361323170560,1780554362323170560,E2E Output Token Throughput,tokens/sec/user,avg,4.97
132,1780554361323170560,1780554362323170560,E2E Output Token Throughput,tokens/sec/user,min,2.94
132,1780554361323170560,1780554362323170560,E2E Output Token Throughput,tokens/sec/user,max,6.99
132,1780554361323170560,1780554362323170560,E2E Output Token Throughput,tokens/sec/user,sum,9.93
132,1780554361323170560,1780554362323170560,E2E Output Token Throughput,tokens/sec/user,p1,2.98
132,1780554361323170560,1780554362323170560,E2E Output Token Throughput,tokens/sec/user,p5,3.14
132,1780554361323170560,1780554362323170560,E2E Output Token Throughput,tokens/sec/user,p10,3.35
132,1780554361323170560,1780554362323170560,E2E Output Token Throughput,tokens/sec/user,p25,3.95
132,1780554361323170560,1780554362323170560,E2E Output Token Throughput,tokens/sec/user,p50,4.97
132,1780554361323170560,1780554362323170560,E2E Output Token Throughput,tokens/sec/user,p75,5.98
132,1780554361323170560,1780554362323170560,E2E Output Token Throughput,tokens/sec/user,p90,6.59
132,1780554361323170560,1780554362323170560,E2E Output Token Throughput,tokens/sec/user,p95,6.79
132,1780554361323170560,1780554362323170560,E2E Output Token Throughput,tokens/sec/user,p99,6.95
132,1780554361323170560,1780554362323170560,E2E Output Token Throughput,tokens/sec/user,std,2.02
132,1780554361323170560,1780554362323170560,Effective Concurrency,requests,avg,12.69
132,1780554361323170560,1780554362323170560,Effective Concurrency,requests,min,12.00
132,1780554361323170560,1780554362323170560,Effective Concurrency,requests,max,14.00
132,1780554361323170560,1780554362323170560,Effective Concurrency,requests,p50,12.00
132,1780554361323170560,1780554362323170560,Effective Concurrency,requests,p90,14.00
132,1780554361323170560,1780554362323170560,Effective Concurrency,requests,p95,14.00
132,1780554361323170560,1780554362323170560,Effective Concurrency,requests,p99,14.00
132,1780554361323170560,1780554362323170560,Effective Concurrency,requests,std,0.84
132,1780554361323170560,1780554362323170560,Effective Decode Concurrency,requests,avg,12.00
132,1780554361323170560,1780554362323170560,Effective Decode Concurrency,requests,min,12.00
132,1780554361323170560,1780554362323170560,Effective Decode Concurrency,requests,max,12.00
132,1780554361323170560,1780554362323170560,Effective Decode Concurrency,requests,p50,12.00
132,1780554361323170560,1780554362323170560,Effective Decode Concurrency,requests,p90,12.00
132,1780554361323170560,1780554362323170560,Effective Decode Concurrency,requests,p95,12.00
132,1780554361323170560,1780554362323170560,Effective Decode Concurrency,requests,p99,12.00
132,1780554361323170560,1780554362323170560,Effective Decode Concurrency,requests,std,0.00
132,1780554361323170560,1780554362323170560,Effective Decode Throughput,tokens/sec,avg,75.19
132,1780554361323170560,1780554362323170560,Effective Decode Throughput,tokens/sec,min,58.83
132,1780554361323170560,1780554362323170560,Effective Decode Throughput,tokens/sec,max,91.56
132,1780554361323170560,1780554362323170560,Effective Decode Throughput,tokens/sec,p50,75.19
132,1780554361323170560,1780554362323170560,Effective Decode Throughput,tokens/sec,p90,75.20
132,1780554361323170560,1780554362323170560,Effective Decode Throughput,tokens/sec,p95,75.20
132,1780554361323170560,1780554362323170560,Effective Decode Throughput,tokens/sec,p99,75.20
132,1780554361323170560,1780554362323170560,Effective Decode Throughput,tokens/sec,std,0.04
132,1780554361323170560,1780554362323170560,Effective Decode Throughput Per User,tokens/sec/user,avg,6.27
132,1780554361323170560,1780554362323170560,Effective Decode Throughput Per User,tokens/sec/user,min,4.90
132,1780554361323170560,1780554362323170560,Effective Decode Throughput Per User,tokens/sec/user,max,7.63
132,1780554361323170560,1780554362323170560,Effective Decode Throughput Per User,tokens/sec/user,p50,6.27
132,1780554361323170560,1780554362323170560,Effective Decode Throughput Per User,tokens/sec/user,p90,6.27
132,1780554361323170560,1780554362323170560,Effective Decode Throughput Per User,tokens/sec/user,p95,6.27
132,1780554361323170560,1780554362323170560,Effective Decode Throughput Per User,tokens/sec/user,p99,6.27
132,1780554361323170560,1780554362323170560,Effective Decode Throughput Per User,tokens/sec/user,std,0.00
132,1780554361323170560,1780554362323170560,Effective Prefill Concurrency,requests,avg,0.69
132,1780554361323170560,1780554362323170560,Effective Prefill Concurrency,requests,min,0.00
132,1780554361323170560,1780554362323170560,Effective Prefill Concurrency,requests,max,2.00
132,1780554361323170560,1780554362323170560,Effective Prefill Concurrency,requests,p50,0.00
132,1780554361323170560,1780554362323170560,Effective Prefill Concurrency,requests,p90,2.00
132,1780554361323170560,1780554362323170560,Effective Prefill Concurrency,requests,p95,2.00
132,1780554361323170560,1780554362323170560,Effective Prefill Concurrency,requests,p99,2.00
132,1780554361323170560,1780554362323170560,Effective Prefill Concurrency,requests,std,0.84
132,1780554361323170560,1780554362323170560,Effective Prefill Throughput,tokens/sec,avg,10283.80
132,1780554361323170560,1780554362323170560,Effective Prefill Throughput,tokens/sec,min,0.00
132,1780554361323170560,1780554362323170560,Effective Prefill Throughput,tokens/sec,max,26341.61
132,1780554361323170560,1780554362323170560,Effective Prefill Throughput,tokens/sec,p50,0.00
132,1780554361323170560,1780554362323170560,Effective Prefill Throughput,tokens/sec,p90,26341.61
132,1780554361323170560,1780554362323170560,Effective Prefill Throughput,tokens/sec,p95,26341.61
132,1780554361323170560,1780554362323170560,Effective Prefill Throughput,tokens/sec,p99,26341.61
132,1780554361323170560,1780554362323170560,Effective Prefill Throughput,tokens/sec,std,11747.55
132,1780554361323170560,1780554362323170560,Effective Prefill Throughput Per User,tokens/sec/user,avg,6996.43
132,1780554361323170560,1780554362323170560,Effective Prefill Throughput Per User,tokens/sec/user,min,0.00
132,1780554361323170560,1780554362323170560,Effective Prefill Throughput Per User,tokens/sec/user,max,19026.99
132,1780554361323170560,1780554362323170560,Effective Prefill Throughput Per User,tokens/sec/user,p50,0.00
132,1780554361323170560,1780554362323170560,Effective Prefill Throughput Per User,tokens/sec/user,p90,19026.99
132,1780554361323170560,1780554362323170560,Effective Prefill Throughput Per User,tokens/sec/user,p95,19026.99
132,1780554361323170560,1780554362323170560,Effective Prefill Throughput Per User,tokens/sec/user,p99,19026.99
132,1780554361323170560,1780554362323170560,Effective Prefill Throughput Per User,tokens/sec/user,std,8057.27
132,1780554361323170560,1780554362323170560,Effective Total Throughput,tokens/sec,avg,10361.71
132,1780554361323170560,1780554362323170560,Effective Total Throughput,tokens/sec,min,77.91
132,1780554361323170560,1780554362323170560,Effective Total Throughput,tokens/sec,max,26419.52
132,1780554361323170560,1780554362323170560,Effective Total Throughput,tokens/sec,p50,77.91
132,1780554361323170560,1780554362323170560,Effective Total Throughput,tokens/sec,p90,26419.52
132,1780554361323170560,1780554362323170560,Effective Total Throughput,tokens/sec,p95,26419.52
132,1780554361323170560,1780554362323170560,Effective Total Throughput,tokens/sec,p99,26419.52
132,1780554361323170560,1780554362323170560,Effective Total Throughput,tokens/sec,std,11747.55
132,1780554361323170560,1780554362323170560,HTTP Blocked,ms,avg,0.00
132,1780554361323170560,1780554362323170560,HTTP Blocked,ms,min,0.00
132,1780554361323170560,1780554362323170560,HTTP Blocked,ms,max,0.00
132,1780554361323170560,1780554362323170560,HTTP Blocked,ms,sum,0.00
132,1780554361323170560,1780554362323170560,HTTP Blocked,ms,p1,0.00
132,1780554361323170560,1780554362323170560,HTTP Blocked,ms,p5,0.00
132,1780554361323170560,1780554362323170560,HTTP Blocked,ms,p10,0.00
132,1780554361323170560,1780554362323170560,HTTP Blocked,ms,p25,0.00
132,1780554361323170560,1780554362323170560,HTTP Blocked,ms,p50,0.00
132,1780554361323170560,1780554362323170560,HTTP Blocked,ms,p75,0.00
132,1780554361323170560,1780554362323170560,HTTP Blocked,ms,p90,0.00
132,1780554361323170560,1780554362323170560,HTTP Blocked,ms,p95,0.00
132,1780554361323170560,1780554362323170560,HTTP Blocked,ms,p99,0.00
132,1780554361323170560,1780554362323170560,HTTP Blocked,ms,std,0.00
132,1780554361323170560,1780554362323170560,HTTP Chunks Received,count,avg,359.50
132,1780554361323170560,1780554362323170560,HTTP Chunks Received,count,min,156.00
132,1780554361323170560,1780554362323170560,HTTP Chunks Received,count,max,563.00
132,1780554361323170560,1780554362323170560,HTTP Chunks Received,count,sum,719.00
132,1780554361323170560,1780554362323170560,HTTP Chunks Received,count,p1,160.07
132,1780554361323170560,1780554362323170560,HTTP Chunks Received,count,p5,176.35
132,1780554361323170560,1780554362323170560,HTTP Chunks Received,count,p10,196.70
132,1780554361323170560,1780554362323170560,HTTP Chunks Received,count,p25,257.75
132,1780554361323170560,1780554362323170560,HTTP Chunks Received,count,p50,359.50
132,1780554361323170560,1780554362323170560,HTTP Chunks Received,count,p75,461.25
132,1780554361323170560,1780554362323170560,HTTP Chunks Received,count,p90,522.30
132,1780554361323170560,1780554362323170560,HTTP Chunks Received,count,p95,542.65
132,1780554361323170560,1780554362323170560,HTTP Chunks Received,count,p99,558.93
132,1780554361323170560,1780554362323170560,HTTP Chunks Received,count,std,203.50
132,1780554361323170560,1780554362323170560,HTTP Chunks Sent,count,avg,1.00
132,1780554361323170560,1780554362323170560,HTTP Chunks Sent,count,min,1.00
132,1780554361323170560,1780554362323170560,HTTP Chunks Sent,count,max,1.00
132,1780554361323170560,1780554362323170560,HTTP Chunks Sent,count,sum,2.00
132,1780554361323170560,1780554362323170560,HTTP Chunks Sent,count,p1,1.00
132,1780554361323170560,1780554362323170560,HTTP Chunks Sent,count,p5,1.00
132,1780554361323170560,1780554362323170560,HTTP Chunks Sent,count,p10,1.00
132,1780554361323170560,1780554362323170560,HTTP Chunks Sent,count,p25,1.00
132,1780554361323170560,1780554362323170560,HTTP Chunks Sent,count,p50,1.00
132,1780554361323170560,1780554362323170560,HTTP Chunks Sent,count,p75,1.00
132,1780554361323170560,1780554362323170560,HTTP Chunks Sent,count,p90,1.00
132,1780554361323170560,1780554362323170560,HTTP Chunks Sent,count,p95,1.00
132,1780554361323170560,1780554362323170560,HTTP Chunks Sent,count,p99,1.00
132,1780554361323170560,1780554362323170560,HTTP Chunks Sent,count,std,0.00
132,1780554361323170560,1780554362323170560,HTTP Connecting,ms,avg,0.33
132,1780554361323170560,1780554362323170560,HTTP Connecting,ms,min,0.00
132,1780554361323170560,1780554362323170560,HTTP Connecting,ms,max,0.66
132,1780554361323170560,1780554362323170560,HTTP Connecting,ms,sum,0.66
132,1780554361323170560,1780554362323170560,HTTP Connecting,ms,p1,0.01
132,1780554361323170560,1780554362323170560,HTTP Connecting,ms,p5,0.03
132,1780554361323170560,1780554362323170560,HTTP Connecting,ms,p10,0.07
132,1780554361323170560,1780554362323170560,HTTP Connecting,ms,p25,0.17
132,1780554361323170560,1780554362323170560,HTTP Connecting,ms,p50,0.33
132,1780554361323170560,1780554362323170560,HTTP Connecting,ms,p75,0.50
132,1780554361323170560,1780554362323170560,HTTP Connecting,ms,p90,0.60
132,1780554361323170560,1780554362323170560,HTTP Connecting,ms,p95,0.63
132,1780554361323170560,1780554362323170560,HTTP Connecting,ms,p99,0.66
132,1780554361323170560,1780554362323170560,HTTP Connecting,ms,std,0.33
132,1780554361323170560,1780554362323170560,HTTP Connection Overhead,ms,avg,0.33
132,1780554361323170560,1780554362323170560,HTTP Connection Overhead,ms,min,0.00
132,1780554361323170560,1780554362323170560,HTTP Connection Overhead,ms,max,0.66
132,1780554361323170560,1780554362323170560,HTTP Connection Overhead,ms,sum,0.66
132,1780554361323170560,1780554362323170560,HTTP Connection Overhead,ms,p1,0.01
132,1780554361323170560,1780554362323170560,HTTP Connection Overhead,ms,p5,0.03
132,1780554361323170560,1780554362323170560,HTTP Connection Overhead,ms,p10,0.07
132,1780554361323170560,1780554362323170560,HTTP Connection Overhead,ms,p25,0.17
132,1780554361323170560,1780554362323170560,HTTP Connection Overhead,ms,p50,0.33
132,1780554361323170560,1780554362323170560,HTTP Connection Overhead,ms,p75,0.50
132,1780554361323170560,1780554362323170560,HTTP Connection Overhead,ms,p90,0.60
132,1780554361323170560,1780554362323170560,HTTP Connection Overhead,ms,p95,0.63
132,1780554361323170560,1780554362323170560,HTTP Connection Overhead,ms,p99,0.66
132,1780554361323170560,1780554362323170560,HTTP Connection Overhead,ms,std,0.33
132,1780554361323170560,1780554362323170560,HTTP Connection Reused,ratio,avg,0.50
132,1780554361323170560,1780554362323170560,HTTP Connection Reused,ratio,min,0.00
132,1780554361323170560,1780554362323170560,HTTP Connection Reused,ratio,max,1.00
132,1780554361323170560,1780554362323170560,HTTP Connection Reused,ratio,sum,1.00
132,1780554361323170560,1780554362323170560,HTTP Connection Reused,ratio,p1,0.01
132,1780554361323170560,1780554362323170560,HTTP Connection Reused,ratio,p5,0.05
132,1780554361323170560,1780554362323170560,HTTP Connection Reused,ratio,p10,0.10
132,1780554361323170560,1780554362323170560,HTTP Connection Reused,ratio,p25,0.25
132,1780554361323170560,1780554362323170560,HTTP Connection Reused,ratio,p50,0.50
132,1780554361323170560,1780554362323170560,HTTP Connection Reused,ratio,p75,0.75
132,1780554361323170560,1780554362323170560,HTTP Connection Reused,ratio,p90,0.90
132,1780554361323170560,1780554362323170560,HTTP Connection Reused,ratio,p95,0.95
132,1780554361323170560,1780554362323170560,HTTP Connection Reused,ratio,p99,0.99
132,1780554361323170560,1780554362323170560,HTTP Connection Reused,ratio,std,0.50
132,1780554361323170560,1780554362323170560,HTTP Data Received,KB,avg,89.79
132,1780554361323170560,1780554362323170560,HTTP Data Received,KB,min,39.41
132,1780554361323170560,1780554362323170560,HTTP Data Received,KB,max,140.17
132,1780554361323170560,1780554362323170560,HTTP Data Received,KB,sum,179.58
132,1780554361323170560,1780554362323170560,HTTP Data Received,KB,p1,40.42
132,1780554361323170560,1780554362323170560,HTTP Data Received,KB,p5,44.45
132,1780554361323170560,1780554362323170560,HTTP Data Received,KB,p10,49.49
132,1780554361323170560,1780554362323170560,HTTP Data Received,KB,p25,64.60
132,1780554361323170560,1780554362323170560,HTTP Data Received,KB,p50,89.79
132,1780554361323170560,1780554362323170560,HTTP Data Received,KB,p75,114.98
132,1780554361323170560,1780554362323170560,HTTP Data Received,KB,p90,130.09
132,1780554361323170560,1780554362323170560,HTTP Data Received,KB,p95,135.13
132,1780554361323170560,1780554362323170560,HTTP Data Received,KB,p99,139.16
132,1780554361323170560,1780554362323170560,HTTP Data Received,KB,std,50.38
132,1780554361323170560,1780554362323170560,HTTP Data Sent,KB,avg,252.24
132,1780554361323170560,1780554362323170560,HTTP Data Sent,KB,min,131.32
132,1780554361323170560,1780554362323170560,HTTP Data Sent,KB,max,373.17
132,1780554361323170560,1780554362323170560,HTTP Data Sent,KB,sum,504.49
132,1780554361323170560,1780554362323170560,HTTP Data Sent,KB,p1,133.74
132,1780554361323170560,1780554362323170560,HTTP Data Sent,KB,p5,143.42
132,1780554361323170560,1780554362323170560,HTTP Data Sent,KB,p10,155.51
132,1780554361323170560,1780554362323170560,HTTP Data Sent,KB,p25,191.78
132,1780554361323170560,1780554362323170560,HTTP Data Sent,KB,p50,252.24
132,1780554361323170560,1780554362323170560,HTTP Data Sent,KB,p75,312.70
132,1780554361323170560,1780554362323170560,HTTP Data Sent,KB,p90,348.98
132,1780554361323170560,1780554362323170560,HTTP Data Sent,KB,p95,361.07
132,1780554361323170560,1780554362323170560,HTTP Data Sent,KB,p99,370.75
132,1780554361323170560,1780554362323170560,HTTP Data Sent,KB,std,120.92
132,1780554361323170560,1780554362323170560,HTTP DNS Lookup,ms,avg,0.00
132,1780554361323170560,1780554362323170560,HTTP DNS Lookup,ms,min,0.00
132,1780554361323170560,1780554362323170560,HTTP DNS Lookup,ms,max,0.00
132,1780554361323170560,1780554362323170560,HTTP DNS Lookup,ms,sum,0.00
132,1780554361323170560,1780554362323170560,HTTP DNS Lookup,ms,p1,0.00
132,1780554361323170560,1780554362323170560,HTTP DNS Lookup,ms,p5,0.00
132,1780554361323170560,1780554362323170560,HTTP DNS Lookup,ms,p10,0.00
132,1780554361323170560,1780554362323170560,HTTP DNS Lookup,ms,p25,0.00
132,1780554361323170560,1780554362323170560,HTTP DNS Lookup,ms,p50,0.00
132,1780554361323170560,1780554362323170560,HTTP DNS Lookup,ms,p75,0.00
132,1780554361323170560,1780554362323170560,HTTP DNS Lookup,ms,p90,0.00
132,1780554361323170560,1780554362323170560,HTTP DNS Lookup,ms,p95,0.00
132,1780554361323170560,1780554362323170560,HTTP DNS Lookup,ms,p99,0.00
132,1780554361323170560,1780554362323170560,HTTP DNS Lookup,ms,std,0.00
132,1780554361323170560,1780554362323170560,HTTP Duration (excl. conn),ms,avg,66784.95
132,1780554361323170560,1780554362323170560,HTTP Duration (excl. conn),ms,min,53030.65
132,1780554361323170560,1780554362323170560,HTTP Duration (excl. conn),ms,max,80539.24
132,1780554361323170560,1780554362323170560,HTTP Duration (excl. conn),ms,sum,133569.90
132,1780554361323170560,1780554362323170560,HTTP Duration (excl. conn),ms,p1,53305.74
132,1780554361323170560,1780554362323170560,HTTP Duration (excl. conn),ms,p5,54406.08
132,1780554361323170560,1780554362323170560,HTTP Duration (excl. conn),ms,p10,55781.51
132,1780554361323170560,1780554362323170560,HTTP Duration (excl. conn),ms,p25,59907.80
132,1780554361323170560,1780554362323170560,HTTP Duration (excl. conn),ms,p50,66784.95
132,1780554361323170560,1780554362323170560,HTTP Duration (excl. conn),ms,p75,73662.10
132,1780554361323170560,1780554362323170560,HTTP Duration (excl. conn),ms,p90,77788.38
132,1780554361323170560,1780554362323170560,HTTP Duration (excl. conn),ms,p95,79163.81
132,1780554361323170560,1780554362323170560,HTTP Duration (excl. conn),ms,p99,80264.16
132,1780554361323170560,1780554362323170560,HTTP Duration (excl. conn),ms,std,13754.29
132,1780554361323170560,1780554362323170560,HTTP Receiving,ms,avg,59387.37
132,1780554361323170560,1780554362323170560,HTTP Receiving,ms,min,39996.72
132,1780554361323170560,1780554362323170560,HTTP Receiving,ms,max,78778.02
132,1780554361323170560,1780554362323170560,HTTP Receiving,ms,sum,118774.74
132,1780554361323170560,1780554362323170560,HTTP Receiving,ms,p1,40384.54
132,1780554361323170560,1780554362323170560,HTTP Receiving,ms,p5,41935.79
132,1780554361323170560,1780554362323170560,HTTP Receiving,ms,p10,43874.85
132,1780554361323170560,1780554362323170560,HTTP Receiving,ms,p25,49692.05
132,1780554361323170560,1780554362323170560,HTTP Receiving,ms,p50,59387.37
132,1780554361323170560,1780554362323170560,HTTP Receiving,ms,p75,69082.69
132,1780554361323170560,1780554362323170560,HTTP Receiving,ms,p90,74899.89
132,1780554361323170560,1780554362323170560,HTTP Receiving,ms,p95,76838.95
132,1780554361323170560,1780554362323170560,HTTP Receiving,ms,p99,78390.20
132,1780554361323170560,1780554362323170560,HTTP Receiving,ms,std,19390.65
132,1780554361323170560,1780554362323170560,HTTP Sending,ms,avg,0.58
132,1780554361323170560,1780554362323170560,HTTP Sending,ms,min,0.22
132,1780554361323170560,1780554362323170560,HTTP Sending,ms,max,0.94
132,1780554361323170560,1780554362323170560,HTTP Sending,ms,sum,1.17
132,1780554361323170560,1780554362323170560,HTTP Sending,ms,p1,0.23
132,1780554361323170560,1780554362323170560,HTTP Sending,ms,p5,0.26
132,1780554361323170560,1780554362323170560,HTTP Sending,ms,p10,0.30
132,1780554361323170560,1780554362323170560,HTTP Sending,ms,p25,0.40
132,1780554361323170560,1780554362323170560,HTTP Sending,ms,p50,0.58
132,1780554361323170560,1780554362323170560,HTTP Sending,ms,p75,0.76
132,1780554361323170560,1780554362323170560,HTTP Sending,ms,p90,0.87
132,1780554361323170560,1780554362323170560,HTTP Sending,ms,p95,0.91
132,1780554361323170560,1780554362323170560,HTTP Sending,ms,p99,0.93
132,1780554361323170560,1780554362323170560,HTTP Sending,ms,std,0.36
132,1780554361323170560,1780554362323170560,HTTP Total Time,ms,avg,66785.28
132,1780554361323170560,1780554362323170560,HTTP Total Time,ms,min,53030.65
132,1780554361323170560,1780554362323170560,HTTP Total Time,ms,max,80539.91
132,1780554361323170560,1780554362323170560,HTTP Total Time,ms,sum,133570.56
132,1780554361323170560,1780554362323170560,HTTP Total Time,ms,p1,53305.75
132,1780554361323170560,1780554362323170560,HTTP Total Time,ms,p5,54406.12
132,1780554361323170560,1780554362323170560,HTTP Total Time,ms,p10,55781.58
132,1780554361323170560,1780554362323170560,HTTP Total Time,ms,p25,59907.97
132,1780554361323170560,1780554362323170560,HTTP Total Time,ms,p50,66785.28
132,1780554361323170560,1780554362323170560,HTTP Total Time,ms,p75,73662.59
132,1780554361323170560,1780554362323170560,HTTP Total Time,ms,p90,77788.98
132,1780554361323170560,1780554362323170560,HTTP Total Time,ms,p95,79164.44
132,1780554361323170560,1780554362323170560,HTTP Total Time,ms,p99,80264.81
132,1780554361323170560,1780554362323170560,HTTP Total Time,ms,std,13754.63
132,1780554361323170560,1780554362323170560,HTTP Waiting (TTFB),ms,avg,7397.00
132,1780554361323170560,1780554362323170560,HTTP Waiting (TTFB),ms,min,1760.28
132,1780554361323170560,1780554362323170560,HTTP Waiting (TTFB),ms,max,13033.71
132,1780554361323170560,1780554362323170560,HTTP Waiting (TTFB),ms,sum,14793.99
132,1780554361323170560,1780554362323170560,HTTP Waiting (TTFB),ms,p1,1873.02
132,1780554361323170560,1780554362323170560,HTTP Waiting (TTFB),ms,p5,2323.96
132,1780554361323170560,1780554362323170560,HTTP Waiting (TTFB),ms,p10,2887.63
132,1780554361323170560,1780554362323170560,HTTP Waiting (TTFB),ms,p25,4578.64
132,1780554361323170560,1780554362323170560,HTTP Waiting (TTFB),ms,p50,7397.00
132,1780554361323170560,1780554362323170560,HTTP Waiting (TTFB),ms,p75,10215.35
132,1780554361323170560,1780554362323170560,HTTP Waiting (TTFB),ms,p90,11906.37
132,1780554361323170560,1780554362323170560,HTTP Waiting (TTFB),ms,p95,12470.04
132,1780554361323170560,1780554362323170560,HTTP Waiting (TTFB),ms,p99,12920.97
132,1780554361323170560,1780554362323170560,HTTP Waiting (TTFB),ms,std,5636.71
132,1780554361323170560,1780554362323170560,Input Sequence Length,tokens,avg,64426.00
132,1780554361323170560,1780554362323170560,Input Sequence Length,tokens,min,33513.00
132,1780554361323170560,1780554362323170560,Input Sequence Length,tokens,max,95339.00
132,1780554361323170560,1780554362323170560,Input Sequence Length,tokens,sum,128852.00
132,1780554361323170560,1780554362323170560,Input Sequence Length,tokens,p1,34131.26
132,1780554361323170560,1780554362323170560,Input Sequence Length,tokens,p5,36604.30
132,1780554361323170560,1780554362323170560,Input Sequence Length,tokens,p10,39695.60
132,1780554361323170560,1780554362323170560,Input Sequence Length,tokens,p25,48969.50
132,1780554361323170560,1780554362323170560,Input Sequence Length,tokens,p50,64426.00
132,1780554361323170560,1780554362323170560,Input Sequence Length,tokens,p75,79882.50
132,1780554361323170560,1780554362323170560,Input Sequence Length,tokens,p90,89156.40
132,1780554361323170560,1780554362323170560,Input Sequence Length,tokens,p95,92247.70
132,1780554361323170560,1780554362323170560,Input Sequence Length,tokens,p99,94720.74
132,1780554361323170560,1780554362323170560,Input Sequence Length,tokens,std,30913.00
132,1780554361323170560,1780554362323170560,Input Token Throughput,tokens/sec,avg,128852.00
132,1780554361323170560,1780554362323170560,Inter Chunk Latency,ms,avg,68.70
132,1780554361323170560,1780554362323170560,Inter Chunk Latency,ms,min,68.59
132,1780554361323170560,1780554362323170560,Inter Chunk Latency,ms,max,68.75
132,1780554361323170560,1780554362323170560,Inter Chunk Latency,ms,sum,49256.97
132,1780554361323170560,1780554362323170560,Inter Chunk Latency,ms,p1,68.59
132,1780554361323170560,1780554362323170560,Inter Chunk Latency,ms,p5,68.59
132,1780554361323170560,1780554362323170560,Inter Chunk Latency,ms,p10,68.59
132,1780554361323170560,1780554362323170560,Inter Chunk Latency,ms,p25,68.71
132,1780554361323170560,1780554362323170560,Inter Chunk Latency,ms,p50,68.72
132,1780554361323170560,1780554362323170560,Inter Chunk Latency,ms,p75,68.74
132,1780554361323170560,1780554362323170560,Inter Chunk Latency,ms,p90,68.74
132,1780554361323170560,1780554362323170560,Inter Chunk Latency,ms,p95,68.75
132,1780554361323170560,1780554362323170560,Inter Chunk Latency,ms,p99,68.75
132,1780554361323170560,1780554362323170560,Inter Chunk Latency,ms,std,0.06
132,1780554361323170560,1780554362323170560,Inter Token Latency,ms,avg,199.11
132,1780554361323170560,1780554362323170560,Inter Token Latency,ms,min,140.17
132,1780554361323170560,1780554362323170560,Inter Token Latency,ms,max,258.04
132,1780554361323170560,1780554362323170560,Inter Token Latency,ms,sum,398.22
132,1780554361323170560,1780554362323170560,Inter Token Latency,ms,p1,141.35
132,1780554361323170560,1780554362323170560,Inter Token Latency,ms,p5,146.07
132,1780554361323170560,1780554362323170560,Inter Token Latency,ms,p10,151.96
132,1780554361323170560,1780554362323170560,Inter Token Latency,ms,p25,169.64
132,1780554361323170560,1780554362323170560,Inter Token Latency,ms,p50,199.11
132,1780554361323170560,1780554362323170560,Inter Token Latency,ms,p75,228.58
132,1780554361323170560,1780554362323170560,Inter Token Latency,ms,p90,246.26
132,1780554361323170560,1780554362323170560,Inter Token Latency,ms,p95,252.15
132,1780554361323170560,1780554362323170560,Inter Token Latency,ms,p99,256.86
132,1780554361323170560,1780554362323170560,Inter Token Latency,ms,std,58.93
132,1780554361323170560,1780554362323170560,Maximum Response Timestamp,ns,avg,1780554442417991680.00
132,1780554361323170560,1780554362323170560,Minimum Request Timestamp,ns,avg,1780554361878638592.00
132,1780554361323170560,1780554362323170560,OSL Mismatch Count,requests,avg,0.00
132,1780554361323170560,1780554362323170560,OSL Mismatch Diff %,%,avg,0.00
132,1780554361323170560,1780554362323170560,OSL Mismatch Diff %,%,min,0.00
132,1780554361323170560,1780554362323170560,OSL Mismatch Diff %,%,max,0.00
132,1780554361323170560,1780554362323170560,OSL Mismatch Diff %,%,sum,0.00
132,1780554361323170560,1780554362323170560,OSL Mismatch Diff %,%,p1,0.00
132,1780554361323170560,1780554362323170560,OSL Mismatch Diff %,%,p5,0.00
132,1780554361323170560,1780554362323170560,OSL Mismatch Diff %,%,p10,0.00
132,1780554361323170560,1780554362323170560,OSL Mismatch Diff %,%,p25,0.00
132,1780554361323170560,1780554362323170560,OSL Mismatch Diff %,%,p50,0.00
132,1780554361323170560,1780554362323170560,OSL Mismatch Diff %,%,p75,0.00
132,1780554361323170560,1780554362323170560,OSL Mismatch Diff %,%,p90,0.00
132,1780554361323170560,1780554362323170560,OSL Mismatch Diff %,%,p95,0.00
132,1780554361323170560,1780554362323170560,OSL Mismatch Diff %,%,p99,0.00
132,1780554361323170560,1780554362323170560,OSL Mismatch Diff %,%,std,0.00
132,1780554361323170560,1780554362323170560,Output Sequence Length,tokens,avg,359.50
132,1780554361323170560,1780554362323170560,Output Sequence Length,tokens,min,156.00
132,1780554361323170560,1780554362323170560,Output Sequence Length,tokens,max,563.00
132,1780554361323170560,1780554362323170560,Output Sequence Length,tokens,sum,719.00
132,1780554361323170560,1780554362323170560,Output Sequence Length,tokens,p1,160.07
132,1780554361323170560,1780554362323170560,Output Sequence Length,tokens,p5,176.35
132,1780554361323170560,1780554362323170560,Output Sequence Length,tokens,p10,196.70
132,1780554361323170560,1780554362323170560,Output Sequence Length,tokens,p25,257.75
132,1780554361323170560,1780554362323170560,Output Sequence Length,tokens,p50,359.50
132,1780554361323170560,1780554362323170560,Output Sequence Length,tokens,p75,461.25
132,1780554361323170560,1780554362323170560,Output Sequence Length,tokens,p90,522.30
132,1780554361323170560,1780554362323170560,Output Sequence Length,tokens,p95,542.65
132,1780554361323170560,1780554362323170560,Output Sequence Length,tokens,p99,558.93
132,1780554361323170560,1780554362323170560,Output Sequence Length,tokens,std,203.50
132,1780554361323170560,1780554362323170560,Output Token Count,tokens,avg,359.50
132,1780554361323170560,1780554362323170560,Output Token Count,tokens,min,156.00
132,1780554361323170560,1780554362323170560,Output Token Count,tokens,max,563.00
132,1780554361323170560,1780554362323170560,Output Token Count,tokens,sum,719.00
132,1780554361323170560,1780554362323170560,Output Token Count,tokens,p1,160.07
132,1780554361323170560,1780554362323170560,Output Token Count,tokens,p5,176.35
132,1780554361323170560,1780554362323170560,Output Token Count,tokens,p10,196.70
132,1780554361323170560,1780554362323170560,Output Token Count,tokens,p25,257.75
132,1780554361323170560,1780554362323170560,Output Token Count,tokens,p50,359.50
132,1780554361323170560,1780554362323170560,Output Token Count,tokens,p75,461.25
132,1780554361323170560,1780554362323170560,Output Token Count,tokens,p90,522.30
132,1780554361323170560,1780554362323170560,Output Token Count,tokens,p95,542.65
132,1780554361323170560,1780554362323170560,Output Token Count,tokens,p99,558.93
132,1780554361323170560,1780554362323170560,Output Token Count,tokens,std,203.50
132,1780554361323170560,1780554362323170560,Output Token Throughput,tokens/sec,avg,719.00
132,1780554361323170560,1780554362323170560,Output Token Throughput Per User,tokens/sec/user,avg,5.50
132,1780554361323170560,1780554362323170560,Output Token Throughput Per User,tokens/sec/user,min,3.88
132,1780554361323170560,1780554362323170560,Output Token Throughput Per User,tokens/sec/user,max,7.13
132,1780554361323170560,1780554362323170560,Output Token Throughput Per User,tokens/sec/user,sum,11.01
132,1780554361323170560,1780554362323170560,Output Token Throughput Per User,tokens/sec/user,p1,3.91
132,1780554361323170560,1780554362323170560,Output Token Throughput Per User,tokens/sec/user,p5,4.04
132,1780554361323170560,1780554362323170560,Output Token Throughput Per User,tokens/sec/user,p10,4.20
132,1780554361323170560,1780554362323170560,Output Token Throughput Per User,tokens/sec/user,p25,4.69
132,1780554361323170560,1780554362323170560,Output Token Throughput Per User,tokens/sec/user,p50,5.50
132,1780554361323170560,1780554362323170560,Output Token Throughput Per User,tokens/sec/user,p75,6.32
132,1780554361323170560,1780554362323170560,Output Token Throughput Per User,tokens/sec/user,p90,6.81
132,1780554361323170560,1780554362323170560,Output Token Throughput Per User,tokens/sec/user,p95,6.97
132,1780554361323170560,1780554362323170560,Output Token Throughput Per User,tokens/sec/user,p99,7.10
132,1780554361323170560,1780554362323170560,Output Token Throughput Per User,tokens/sec/user,std,1.63
132,1780554361323170560,1780554362323170560,Prefill Throughput Per User,tokens/sec/user,avg,13170.81
132,1780554361323170560,1780554362323170560,Prefill Throughput Per User,tokens/sec/user,min,7314.62
132,1780554361323170560,1780554362323170560,Prefill Throughput Per User,tokens/sec/user,max,19026.99
132,1780554361323170560,1780554362323170560,Prefill Throughput Per User,tokens/sec/user,sum,26341.61
132,1780554361323170560,1780554362323170560,Prefill Throughput Per User,tokens/sec/user,p1,7431.74
132,1780554361323170560,1780554362323170560,Prefill Throughput Per User,tokens/sec/user,p5,7900.24
132,1780554361323170560,1780554362323170560,Prefill Throughput Per User,tokens/sec/user,p10,8485.86
132,1780554361323170560,1780554362323170560,Prefill Throughput Per User,tokens/sec/user,p25,10242.71
132,1780554361323170560,1780554362323170560,Prefill Throughput Per User,tokens/sec/user,p50,13170.81
132,1780554361323170560,1780554362323170560,Prefill Throughput Per User,tokens/sec/user,p75,16098.90
132,1780554361323170560,1780554362323170560,Prefill Throughput Per User,tokens/sec/user,p90,17855.76
132,1780554361323170560,1780554362323170560,Prefill Throughput Per User,tokens/sec/user,p95,18441.38
132,1780554361323170560,1780554362323170560,Prefill Throughput Per User,tokens/sec/user,p99,18909.87
132,1780554361323170560,1780554362323170560,Prefill Throughput Per User,tokens/sec/user,std,5856.19
132,1780554361323170560,1780554362323170560,Request Count,requests,avg,2.00
132,1780554361323170560,1780554362323170560,Request Latency,ms,avg,66785.05
132,1780554361323170560,1780554362323170560,Request Latency,ms,min,53030.75
132,1780554361323170560,1780554362323170560,Request Latency,ms,max,80539.35
132,1780554361323170560,1780554362323170560,Request Latency,ms,sum,133570.11
132,1780554361323170560,1780554362323170560,Request Latency,ms,p1,53305.84
132,1780554361323170560,1780554362323170560,Request Latency,ms,p5,54406.18
132,1780554361323170560,1780554362323170560,Request Latency,ms,p10,55781.61
132,1780554361323170560,1780554362323170560,Request Latency,ms,p25,59907.90
132,1780554361323170560,1780554362323170560,Request Latency,ms,p50,66785.05
132,1780554361323170560,1780554362323170560,Request Latency,ms,p75,73662.20
132,1780554361323170560,1780554362323170560,Request Latency,ms,p90,77788.49
132,1780554361323170560,1780554362323170560,Request Latency,ms,p95,79163.92
132,1780554361323170560,1780554362323170560,Request Latency,ms,p99,80264.27
132,1780554361323170560,1780554362323170560,Request Latency,ms,std,13754.30
132,1780554361323170560,1780554362323170560,Request Throughput,requests/sec,avg,2.00
132,1780554361323170560,1780554362323170560,Requested OSL,tokens,avg,359.50
132,1780554361323170560,1780554362323170560,Requested OSL,tokens,min,156.00
132,1780554361323170560,1780554362323170560,Requested OSL,tokens,max,563.00
132,1780554361323170560,1780554362323170560,Requested OSL,tokens,sum,719.00
132,1780554361323170560,1780554362323170560,Requested OSL,tokens,p1,160.07
132,1780554361323170560,1780554362323170560,Requested OSL,tokens,p5,176.35
132,1780554361323170560,1780554362323170560,Requested OSL,tokens,p10,196.70
132,1780554361323170560,1780554362323170560,Requested OSL,tokens,p25,257.75
132,1780554361323170560,1780554362323170560,Requested OSL,tokens,p50,359.50
132,1780554361323170560,1780554362323170560,Requested OSL,tokens,p75,461.25
132,1780554361323170560,1780554362323170560,Requested OSL,tokens,p90,522.30
132,1780554361323170560,1780554362323170560,Requested OSL,tokens,p95,542.65
132,1780554361323170560,1780554362323170560,Requested OSL,tokens,p99,558.93
132,1780554361323170560,1780554362323170560,Requested OSL,tokens,std,203.50
132,1780554361323170560,1780554362323170560,Time to First Output Token,ms,avg,7397.69
132,1780554361323170560,1780554362323170560,Time to First Output Token,ms,min,1761.34
132,1780554361323170560,1780554362323170560,Time to First Output Token,ms,max,13034.04
132,1780554361323170560,1780554362323170560,Time to First Output Token,ms,sum,14795.38
132,1780554361323170560,1780554362323170560,Time to First Output Token,ms,p1,1874.07
132,1780554361323170560,1780554362323170560,Time to First Output Token,ms,p5,2324.97
132,1780554361323170560,1780554362323170560,Time to First Output Token,ms,p10,2888.61
132,1780554361323170560,1780554362323170560,Time to First Output Token,ms,p25,4579.51
132,1780554361323170560,1780554362323170560,Time to First Output Token,ms,p50,7397.69
132,1780554361323170560,1780554362323170560,Time to First Output Token,ms,p75,10215.86
132,1780554361323170560,1780554362323170560,Time to First Output Token,ms,p90,11906.77
132,1780554361323170560,1780554362323170560,Time to First Output Token,ms,p95,12470.40
132,1780554361323170560,1780554362323170560,Time to First Output Token,ms,p99,12921.31
132,1780554361323170560,1780554362323170560,Time to First Output Token,ms,std,5636.35
132,1780554361323170560,1780554362323170560,Time to First Token,ms,avg,7397.69
132,1780554361323170560,1780554362323170560,Time to First Token,ms,min,1761.34
132,1780554361323170560,1780554362323170560,Time to First Token,ms,max,13034.04
132,1780554361323170560,1780554362323170560,Time to First Token,ms,sum,14795.38
132,1780554361323170560,1780554362323170560,Time to First Token,ms,p1,1874.07
132,1780554361323170560,1780554362323170560,Time to First Token,ms,p5,2324.97
132,1780554361323170560,1780554362323170560,Time to First Token,ms,p10,2888.61
132,1780554361323170560,1780554362323170560,Time to First Token,ms,p25,4579.51
132,1780554361323170560,1780554362323170560,Time to First Token,ms,p50,7397.69
132,1780554361323170560,1780554362323170560,Time to First Token,ms,p75,10215.86
132,1780554361323170560,1780554362323170560,Time to First Token,ms,p90,11906.77
132,1780554361323170560,1780554362323170560,Time to First Token,ms,p95,12470.40
132,1780554361323170560,1780554362323170560,Time to First Token,ms,p99,12921.31
132,1780554361323170560,1780554362323170560,Time to First Token,ms,std,5636.35
132,1780554361323170560,1780554362323170560,Time to Second Token,ms,avg,21.05
132,1780554361323170560,1780554362323170560,Time to Second Token,ms,min,0.63
132,1780554361323170560,1780554362323170560,Time to Second Token,ms,max,41.47
132,1780554361323170560,1780554362323170560,Time to Second Token,ms,sum,42.10
132,1780554361323170560,1780554362323170560,Time to Second Token,ms,p1,1.04
132,1780554361323170560,1780554362323170560,Time to Second Token,ms,p5,2.67
132,1780554361323170560,1780554362323170560,Time to Second Token,ms,p10,4.72
132,1780554361323170560,1780554362323170560,Time to Second Token,ms,p25,10.84
132,1780554361323170560,1780554362323170560,Time to Second Token,ms,p50,21.05
132,1780554361323170560,1780554362323170560,Time to Second Token,ms,p75,31.26
132,1780554361323170560,1780554362323170560,Time to Second Token,ms,p90,37.38
132,1780554361323170560,1780554362323170560,Time to Second Token,ms,p95,39.42
132,1780554361323170560,1780554362323170560,Time to Second Token,ms,p99,41.06
132,1780554361323170560,1780554362323170560,Time to Second Token,ms,std,20.42
132,1780554361323170560,1780554362323170560,Tokens In Flight,tokens,avg,1057743.69
132,1780554361323170560,1780554362323170560,Tokens In Flight,tokens,min,1019012.46
132,1780554361323170560,1780554362323170560,Tokens In Flight,tokens,max,1147938.81
132,1780554361323170560,1780554362323170560,Tokens In Flight,tokens,p50,1019050.64
132,1780554361323170560,1780554362323170560,Tokens In Flight,tokens,p90,1147932.64
132,1780554361323170560,1780554362323170560,Tokens In Flight,tokens,p95,1147935.77
132,1780554361323170560,1780554362323170560,Tokens In Flight,tokens,p99,1147938.81
132,1780554361323170560,1780554362323170560,Tokens In Flight,tokens,std,53550.74
132,1780554361323170560,1780554362323170560,Total Input Sequence Length,tokens,avg,128852.00
132,1780554361323170560,1780554362323170560,Total Output Sequence Length,tokens,avg,719.00
132,1780554361323170560,1780554362323170560,Total Output Tokens,tokens,avg,719.00
132,1780554361323170560,1780554362323170560,Total Token Throughput,tokens/sec,avg,129571.00
132,1780554361323170560,1780554362323170560,Total Usage Completion Tokens,tokens,avg,719.00
132,1780554361323170560,1780554362323170560,Total Usage Prompt Tokens,tokens,avg,128852.00
132,1780554361323170560,1780554362323170560,Total Usage Total Tokens,tokens,avg,129571.00
132,1780554361323170560,1780554362323170560,Usage Completion Tokens,tokens,avg,359.50
132,1780554361323170560,1780554362323170560,Usage Completion Tokens,tokens,min,156.00
132,1780554361323170560,1780554362323170560,Usage Completion Tokens,tokens,max,563.00
132,1780554361323170560,1780554362323170560,Usage Completion Tokens,tokens,sum,719.00
132,1780554361323170560,1780554362323170560,Usage Completion Tokens,tokens,p1,160.07
132,1780554361323170560,1780554362323170560,Usage Completion Tokens,tokens,p5,176.35
132,1780554361323170560,1780554362323170560,Usage Completion Tokens,tokens,p10,196.70
132,1780554361323170560,1780554362323170560,Usage Completion Tokens,tokens,p25,257.75
132,1780554361323170560,1780554362323170560,Usage Completion Tokens,tokens,p50,359.50
132,1780554361323170560,1780554362323170560,Usage Completion Tokens,tokens,p75,461.25
132,1780554361323170560,1780554362323170560,Usage Completion Tokens,tokens,p90,522.30
132,1780554361323170560,1780554362323170560,Usage Completion Tokens,tokens,p95,542.65
132,1780554361323170560,1780554362323170560,Usage Completion Tokens,tokens,p99,558.93
132,1780554361323170560,1780554362323170560,Usage Completion Tokens,tokens,std,203.50
132,1780554361323170560,1780554362323170560,Usage Prompt Tokens,tokens,avg,64426.00
132,1780554361323170560,1780554362323170560,Usage Prompt Tokens,tokens,min,33513.00
132,1780554361323170560,1780554362323170560,Usage Prompt Tokens,tokens,max,95339.00
132,1780554361323170560,1780554362323170560,Usage Prompt Tokens,tokens,sum,128852.00
132,1780554361323170560,1780554362323170560,Usage Prompt Tokens,tokens,p1,34131.26
132,1780554361323170560,1780554362323170560,Usage Prompt Tokens,tokens,p5,36604.30
132,1780554361323170560,1780554362323170560,Usage Prompt Tokens,tokens,p10,39695.60
132,1780554361323170560,1780554362323170560,Usage Prompt Tokens,tokens,p25,48969.50
132,1780554361323170560,1780554362323170560,Usage Prompt Tokens,tokens,p50,64426.00
132,1780554361323170560,1780554362323170560,Usage Prompt Tokens,tokens,p75,79882.50
132,1780554361323170560,1780554362323170560,Usage Prompt Tokens,tokens,p90,89156.40
132,1780554361323170560,1780554362323170560,Usage Prompt Tokens,tokens,p95,92247.70
132,1780554361323170560,1780554362323170560,Usage Prompt Tokens,tokens,p99,94720.74
132,1780554361323170560,1780554362323170560,Usage Prompt Tokens,tokens,std,30913.00
132,1780554361323170560,1780554362323170560,Usage Total Tokens,tokens,avg,64785.50
132,1780554361323170560,1780554362323170560,Usage Total Tokens,tokens,min,34076.00
132,1780554361323170560,1780554362323170560,Usage Total Tokens,tokens,max,95495.00
132,1780554361323170560,1780554362323170560,Usage Total Tokens,tokens,sum,129571.00
132,1780554361323170560,1780554362323170560,Usage Total Tokens,tokens,p1,34690.19
132,1780554361323170560,1780554362323170560,Usage Total Tokens,tokens,p5,37146.95
132,1780554361323170560,1780554362323170560,Usage Total Tokens,tokens,p10,40217.90
132,1780554361323170560,1780554362323170560,Usage Total Tokens,tokens,p25,49430.75
132,1780554361323170560,1780554362323170560,Usage Total Tokens,tokens,p50,64785.50
132,1780554361323170560,1780554362323170560,Usage Total Tokens,tokens,p75,80140.25
132,1780554361323170560,1780554362323170560,Usage Total Tokens,tokens,p90,89353.10
132,1780554361323170560,1780554362323170560,Usage Total Tokens,tokens,p95,92424.05
132,1780554361323170560,1780554362323170560,Usage Total Tokens,tokens,p99,94880.81
132,1780554361323170560,1780554362323170560,Usage Total Tokens,tokens,std,30709.50
133,1780554375323170560,1780554376323170560,Active Decode Throughput,tokens/sec,avg,85.05
133,1780554375323170560,1780554376323170560,Active Decode Throughput,tokens/sec,min,58.66
133,1780554375323170560,1780554376323170560,Active Decode Throughput,tokens/sec,max,106.06
133,1780554375323170560,1780554376323170560,Active Decode Throughput,tokens/sec,p50,89.69
133,1780554375323170560,1780554376323170560,Active Decode Throughput,tokens/sec,p90,89.69
133,1780554375323170560,1780554376323170560,Active Decode Throughput,tokens/sec,p95,89.69
133,1780554375323170560,1780554376323170560,Active Decode Throughput,tokens/sec,p99,89.69
133,1780554375323170560,1780554376323170560,Active Decode Throughput,tokens/sec,std,7.38
133,1780554375323170560,1780554376323170560,Active Decode Throughput Per User,tokens/sec/user,avg,6.98
133,1780554375323170560,1780554376323170560,Active Decode Throughput Per User,tokens/sec/user,min,4.89
133,1780554375323170560,1780554376323170560,Active Decode Throughput Per User,tokens/sec/user,max,8.84
133,1780554375323170560,1780554376323170560,Active Decode Throughput Per User,tokens/sec/user,p50,7.47
133,1780554375323170560,1780554376323170560,Active Decode Throughput Per User,tokens/sec/user,p90,7.47
133,1780554375323170560,1780554376323170560,Active Decode Throughput Per User,tokens/sec/user,p95,7.47
133,1780554375323170560,1780554376323170560,Active Decode Throughput Per User,tokens/sec/user,p99,7.47
133,1780554375323170560,1780554376323170560,Active Decode Throughput Per User,tokens/sec/user,std,0.59
133,1780554375323170560,1780554376323170560,Active Prefill Throughput,tokens/sec,avg,11858.30
133,1780554375323170560,1780554376323170560,Active Prefill Throughput,tokens/sec,min,11858.30
133,1780554375323170560,1780554376323170560,Active Prefill Throughput,tokens/sec,max,11858.30
133,1780554375323170560,1780554376323170560,Active Prefill Throughput,tokens/sec,p50,11858.30
133,1780554375323170560,1780554376323170560,Active Prefill Throughput,tokens/sec,p90,11858.30
133,1780554375323170560,1780554376323170560,Active Prefill Throughput,tokens/sec,p95,11858.30
133,1780554375323170560,1780554376323170560,Active Prefill Throughput,tokens/sec,p99,11858.30
133,1780554375323170560,1780554376323170560,Active Prefill Throughput,tokens/sec,std,0.00
133,1780554375323170560,1780554376323170560,Active Prefill Throughput Per User,tokens/sec/user,avg,11858.30
133,1780554375323170560,1780554376323170560,Active Prefill Throughput Per User,tokens/sec/user,min,11858.30
133,1780554375323170560,1780554376323170560,Active Prefill Throughput Per User,tokens/sec/user,max,11858.30
133,1780554375323170560,1780554376323170560,Active Prefill Throughput Per User,tokens/sec/user,p50,11858.30
133,1780554375323170560,1780554376323170560,Active Prefill Throughput Per User,tokens/sec/user,p90,11858.30
133,1780554375323170560,1780554376323170560,Active Prefill Throughput Per User,tokens/sec/user,p95,11858.30
133,1780554375323170560,1780554376323170560,Active Prefill Throughput Per User,tokens/sec/user,p99,11858.30
133,1780554375323170560,1780554376323170560,Active Prefill Throughput Per User,tokens/sec/user,std,0.00
133,1780554375323170560,1780554376323170560,Active Total Throughput,tokens/sec,avg,8382.46
133,1780554375323170560,1780554376323170560,Active Total Throughput,tokens/sec,min,80.21
133,1780554375323170560,1780554376323170560,Active Total Throughput,tokens/sec,max,11938.51
133,1780554375323170560,1780554376323170560,Active Total Throughput,tokens/sec,p50,11938.51
133,1780554375323170560,1780554376323170560,Active Total Throughput,tokens/sec,p90,11938.51
133,1780554375323170560,1780554376323170560,Active Total Throughput,tokens/sec,p95,11938.51
133,1780554375323170560,1780554376323170560,Active Total Throughput,tokens/sec,p99,11938.51
133,1780554375323170560,1780554376323170560,Active Total Throughput,tokens/sec,std,5432.71
133,1780554375323170560,1780554376323170560,Benchmark Duration,sec,avg,50.40
133,1780554375323170560,1780554376323170560,E2E Output Token Throughput,tokens/sec/user,avg,5.30
133,1780554375323170560,1780554376323170560,E2E Output Token Throughput,tokens/sec/user,min,5.30
133,1780554375323170560,1780554376323170560,E2E Output Token Throughput,tokens/sec/user,max,5.30
133,1780554375323170560,1780554376323170560,E2E Output Token Throughput,tokens/sec/user,sum,5.30
133,1780554375323170560,1780554376323170560,E2E Output Token Throughput,tokens/sec/user,p1,5.30
133,1780554375323170560,1780554376323170560,E2E Output Token Throughput,tokens/sec/user,p5,5.30
133,1780554375323170560,1780554376323170560,E2E Output Token Throughput,tokens/sec/user,p10,5.30
133,1780554375323170560,1780554376323170560,E2E Output Token Throughput,tokens/sec/user,p25,5.30
133,1780554375323170560,1780554376323170560,E2E Output Token Throughput,tokens/sec/user,p50,5.30
133,1780554375323170560,1780554376323170560,E2E Output Token Throughput,tokens/sec/user,p75,5.30
133,1780554375323170560,1780554376323170560,E2E Output Token Throughput,tokens/sec/user,p90,5.30
133,1780554375323170560,1780554376323170560,E2E Output Token Throughput,tokens/sec/user,p95,5.30
133,1780554375323170560,1780554376323170560,E2E Output Token Throughput,tokens/sec/user,p99,5.30
133,1780554375323170560,1780554376323170560,E2E Output Token Throughput,tokens/sec/user,std,0.00
133,1780554375323170560,1780554376323170560,Effective Concurrency,requests,avg,12.88
133,1780554375323170560,1780554376323170560,Effective Concurrency,requests,min,12.00
133,1780554375323170560,1780554376323170560,Effective Concurrency,requests,max,13.00
133,1780554375323170560,1780554376323170560,Effective Concurrency,requests,p50,13.00
133,1780554375323170560,1780554376323170560,Effective Concurrency,requests,p90,13.00
133,1780554375323170560,1780554376323170560,Effective Concurrency,requests,p95,13.00
133,1780554375323170560,1780554376323170560,Effective Concurrency,requests,p99,13.00
133,1780554375323170560,1780554376323170560,Effective Concurrency,requests,std,0.32
133,1780554375323170560,1780554376323170560,Effective Decode Concurrency,requests,avg,12.18
133,1780554375323170560,1780554376323170560,Effective Decode Concurrency,requests,min,12.00
133,1780554375323170560,1780554376323170560,Effective Decode Concurrency,requests,max,13.00
133,1780554375323170560,1780554376323170560,Effective Decode Concurrency,requests,p50,12.00
133,1780554375323170560,1780554376323170560,Effective Decode Concurrency,requests,p90,13.00
133,1780554375323170560,1780554376323170560,Effective Decode Concurrency,requests,p95,13.00
133,1780554375323170560,1780554376323170560,Effective Decode Concurrency,requests,p99,13.00
133,1780554375323170560,1780554376323170560,Effective Decode Concurrency,requests,std,0.39
133,1780554375323170560,1780554376323170560,Effective Decode Throughput,tokens/sec,avg,85.05
133,1780554375323170560,1780554376323170560,Effective Decode Throughput,tokens/sec,min,58.66
133,1780554375323170560,1780554376323170560,Effective Decode Throughput,tokens/sec,max,106.06
133,1780554375323170560,1780554376323170560,Effective Decode Throughput,tokens/sec,p50,89.69
133,1780554375323170560,1780554376323170560,Effective Decode Throughput,tokens/sec,p90,89.69
133,1780554375323170560,1780554376323170560,Effective Decode Throughput,tokens/sec,p95,89.69
133,1780554375323170560,1780554376323170560,Effective Decode Throughput,tokens/sec,p99,89.69
133,1780554375323170560,1780554376323170560,Effective Decode Throughput,tokens/sec,std,7.38
133,1780554375323170560,1780554376323170560,Effective Decode Throughput Per User,tokens/sec/user,avg,6.98
133,1780554375323170560,1780554376323170560,Effective Decode Throughput Per User,tokens/sec/user,min,4.89
133,1780554375323170560,1780554376323170560,Effective Decode Throughput Per User,tokens/sec/user,max,8.84
133,1780554375323170560,1780554376323170560,Effective Decode Throughput Per User,tokens/sec/user,p50,7.47
133,1780554375323170560,1780554376323170560,Effective Decode Throughput Per User,tokens/sec/user,p90,7.47
133,1780554375323170560,1780554376323170560,Effective Decode Throughput Per User,tokens/sec/user,p95,7.47
133,1780554375323170560,1780554376323170560,Effective Decode Throughput Per User,tokens/sec/user,p99,7.47
133,1780554375323170560,1780554376323170560,Effective Decode Throughput Per User,tokens/sec/user,std,0.59
133,1780554375323170560,1780554376323170560,Effective Prefill Concurrency,requests,avg,0.70
133,1780554375323170560,1780554376323170560,Effective Prefill Concurrency,requests,min,0.00
133,1780554375323170560,1780554376323170560,Effective Prefill Concurrency,requests,max,1.00
133,1780554375323170560,1780554376323170560,Effective Prefill Concurrency,requests,p50,1.00
133,1780554375323170560,1780554376323170560,Effective Prefill Concurrency,requests,p90,1.00
133,1780554375323170560,1780554376323170560,Effective Prefill Concurrency,requests,p95,1.00
133,1780554375323170560,1780554376323170560,Effective Prefill Concurrency,requests,p99,1.00
133,1780554375323170560,1780554376323170560,Effective Prefill Concurrency,requests,std,0.46
133,1780554375323170560,1780554376323170560,Effective Prefill Throughput,tokens/sec,avg,8301.50
133,1780554375323170560,1780554376323170560,Effective Prefill Throughput,tokens/sec,min,0.00
133,1780554375323170560,1780554376323170560,Effective Prefill Throughput,tokens/sec,max,11858.30
133,1780554375323170560,1780554376323170560,Effective Prefill Throughput,tokens/sec,p50,11858.30
133,1780554375323170560,1780554376323170560,Effective Prefill Throughput,tokens/sec,p90,11858.30
133,1780554375323170560,1780554376323170560,Effective Prefill Throughput,tokens/sec,p95,11858.30
133,1780554375323170560,1780554376323170560,Effective Prefill Throughput,tokens/sec,p99,11858.30
133,1780554375323170560,1780554376323170560,Effective Prefill Throughput,tokens/sec,std,5433.85
133,1780554375323170560,1780554376323170560,Effective Prefill Throughput Per User,tokens/sec/user,avg,8301.50
133,1780554375323170560,1780554376323170560,Effective Prefill Throughput Per User,tokens/sec/user,min,0.00
133,1780554375323170560,1780554376323170560,Effective Prefill Throughput Per User,tokens/sec/user,max,11858.30
133,1780554375323170560,1780554376323170560,Effective Prefill Throughput Per User,tokens/sec/user,p50,11858.30
133,1780554375323170560,1780554376323170560,Effective Prefill Throughput Per User,tokens/sec/user,p90,11858.30
133,1780554375323170560,1780554376323170560,Effective Prefill Throughput Per User,tokens/sec/user,p95,11858.30
133,1780554375323170560,1780554376323170560,Effective Prefill Throughput Per User,tokens/sec/user,p99,11858.30
133,1780554375323170560,1780554376323170560,Effective Prefill Throughput Per User,tokens/sec/user,std,5433.85
133,1780554375323170560,1780554376323170560,Effective Total Throughput,tokens/sec,avg,8382.46
133,1780554375323170560,1780554376323170560,Effective Total Throughput,tokens/sec,min,80.21
133,1780554375323170560,1780554376323170560,Effective Total Throughput,tokens/sec,max,11938.51
133,1780554375323170560,1780554376323170560,Effective Total Throughput,tokens/sec,p50,11938.51
133,1780554375323170560,1780554376323170560,Effective Total Throughput,tokens/sec,p90,11938.51
133,1780554375323170560,1780554376323170560,Effective Total Throughput,tokens/sec,p95,11938.51
133,1780554375323170560,1780554376323170560,Effective Total Throughput,tokens/sec,p99,11938.51
133,1780554375323170560,1780554376323170560,Effective Total Throughput,tokens/sec,std,5432.71
133,1780554375323170560,1780554376323170560,HTTP Blocked,ms,avg,0.00
133,1780554375323170560,1780554376323170560,HTTP Blocked,ms,min,0.00
133,1780554375323170560,1780554376323170560,HTTP Blocked,ms,max,0.00
133,1780554375323170560,1780554376323170560,HTTP Blocked,ms,sum,0.00
133,1780554375323170560,1780554376323170560,HTTP Blocked,ms,p1,0.00
133,1780554375323170560,1780554376323170560,HTTP Blocked,ms,p5,0.00
133,1780554375323170560,1780554376323170560,HTTP Blocked,ms,p10,0.00
133,1780554375323170560,1780554376323170560,HTTP Blocked,ms,p25,0.00
133,1780554375323170560,1780554376323170560,HTTP Blocked,ms,p50,0.00
133,1780554375323170560,1780554376323170560,HTTP Blocked,ms,p75,0.00
133,1780554375323170560,1780554376323170560,HTTP Blocked,ms,p90,0.00
133,1780554375323170560,1780554376323170560,HTTP Blocked,ms,p95,0.00
133,1780554375323170560,1780554376323170560,HTTP Blocked,ms,p99,0.00
133,1780554375323170560,1780554376323170560,HTTP Blocked,ms,std,0.00
133,1780554375323170560,1780554376323170560,HTTP Chunks Received,count,avg,267.00
133,1780554375323170560,1780554376323170560,HTTP Chunks Received,count,min,267.00
133,1780554375323170560,1780554376323170560,HTTP Chunks Received,count,max,267.00
133,1780554375323170560,1780554376323170560,HTTP Chunks Received,count,sum,267.00
133,1780554375323170560,1780554376323170560,HTTP Chunks Received,count,p1,267.00
133,1780554375323170560,1780554376323170560,HTTP Chunks Received,count,p5,267.00
133,1780554375323170560,1780554376323170560,HTTP Chunks Received,count,p10,267.00
133,1780554375323170560,1780554376323170560,HTTP Chunks Received,count,p25,267.00
133,1780554375323170560,1780554376323170560,HTTP Chunks Received,count,p50,267.00
133,1780554375323170560,1780554376323170560,HTTP Chunks Received,count,p75,267.00
133,1780554375323170560,1780554376323170560,HTTP Chunks Received,count,p90,267.00
133,1780554375323170560,1780554376323170560,HTTP Chunks Received,count,p95,267.00
133,1780554375323170560,1780554376323170560,HTTP Chunks Received,count,p99,267.00
133,1780554375323170560,1780554376323170560,HTTP Chunks Received,count,std,0.00
133,1780554375323170560,1780554376323170560,HTTP Chunks Sent,count,avg,1.00
133,1780554375323170560,1780554376323170560,HTTP Chunks Sent,count,min,1.00
133,1780554375323170560,1780554376323170560,HTTP Chunks Sent,count,max,1.00
133,1780554375323170560,1780554376323170560,HTTP Chunks Sent,count,sum,1.00
133,1780554375323170560,1780554376323170560,HTTP Chunks Sent,count,p1,1.00
133,1780554375323170560,1780554376323170560,HTTP Chunks Sent,count,p5,1.00
133,1780554375323170560,1780554376323170560,HTTP Chunks Sent,count,p10,1.00
133,1780554375323170560,1780554376323170560,HTTP Chunks Sent,count,p25,1.00
133,1780554375323170560,1780554376323170560,HTTP Chunks Sent,count,p50,1.00
133,1780554375323170560,1780554376323170560,HTTP Chunks Sent,count,p75,1.00
133,1780554375323170560,1780554376323170560,HTTP Chunks Sent,count,p90,1.00
133,1780554375323170560,1780554376323170560,HTTP Chunks Sent,count,p95,1.00
133,1780554375323170560,1780554376323170560,HTTP Chunks Sent,count,p99,1.00
133,1780554375323170560,1780554376323170560,HTTP Chunks Sent,count,std,0.00
133,1780554375323170560,1780554376323170560,HTTP Connecting,ms,avg,0.69
133,1780554375323170560,1780554376323170560,HTTP Connecting,ms,min,0.69
133,1780554375323170560,1780554376323170560,HTTP Connecting,ms,max,0.69
133,1780554375323170560,1780554376323170560,HTTP Connecting,ms,sum,0.69
133,1780554375323170560,1780554376323170560,HTTP Connecting,ms,p1,0.69
133,1780554375323170560,1780554376323170560,HTTP Connecting,ms,p5,0.69
133,1780554375323170560,1780554376323170560,HTTP Connecting,ms,p10,0.69
133,1780554375323170560,1780554376323170560,HTTP Connecting,ms,p25,0.69
133,1780554375323170560,1780554376323170560,HTTP Connecting,ms,p50,0.69
133,1780554375323170560,1780554376323170560,HTTP Connecting,ms,p75,0.69
133,1780554375323170560,1780554376323170560,HTTP Connecting,ms,p90,0.69
133,1780554375323170560,1780554376323170560,HTTP Connecting,ms,p95,0.69
133,1780554375323170560,1780554376323170560,HTTP Connecting,ms,p99,0.69
133,1780554375323170560,1780554376323170560,HTTP Connecting,ms,std,0.00
133,1780554375323170560,1780554376323170560,HTTP Connection Overhead,ms,avg,0.69
133,1780554375323170560,1780554376323170560,HTTP Connection Overhead,ms,min,0.69
133,1780554375323170560,1780554376323170560,HTTP Connection Overhead,ms,max,0.69
133,1780554375323170560,1780554376323170560,HTTP Connection Overhead,ms,sum,0.69
133,1780554375323170560,1780554376323170560,HTTP Connection Overhead,ms,p1,0.69
133,1780554375323170560,1780554376323170560,HTTP Connection Overhead,ms,p5,0.69
133,1780554375323170560,1780554376323170560,HTTP Connection Overhead,ms,p10,0.69
133,1780554375323170560,1780554376323170560,HTTP Connection Overhead,ms,p25,0.69
133,1780554375323170560,1780554376323170560,HTTP Connection Overhead,ms,p50,0.69
133,1780554375323170560,1780554376323170560,HTTP Connection Overhead,ms,p75,0.69
133,1780554375323170560,1780554376323170560,HTTP Connection Overhead,ms,p90,0.69
133,1780554375323170560,1780554376323170560,HTTP Connection Overhead,ms,p95,0.69
133,1780554375323170560,1780554376323170560,HTTP Connection Overhead,ms,p99,0.69
133,1780554375323170560,1780554376323170560,HTTP Connection Overhead,ms,std,0.00
133,1780554375323170560,1780554376323170560,HTTP Connection Reused,ratio,avg,0.00
133,1780554375323170560,1780554376323170560,HTTP Connection Reused,ratio,min,0.00
133,1780554375323170560,1780554376323170560,HTTP Connection Reused,ratio,max,0.00
133,1780554375323170560,1780554376323170560,HTTP Connection Reused,ratio,sum,0.00
133,1780554375323170560,1780554376323170560,HTTP Connection Reused,ratio,p1,0.00
133,1780554375323170560,1780554376323170560,HTTP Connection Reused,ratio,p5,0.00
133,1780554375323170560,1780554376323170560,HTTP Connection Reused,ratio,p10,0.00
133,1780554375323170560,1780554376323170560,HTTP Connection Reused,ratio,p25,0.00
133,1780554375323170560,1780554376323170560,HTTP Connection Reused,ratio,p50,0.00
133,1780554375323170560,1780554376323170560,HTTP Connection Reused,ratio,p75,0.00
133,1780554375323170560,1780554376323170560,HTTP Connection Reused,ratio,p90,0.00
133,1780554375323170560,1780554376323170560,HTTP Connection Reused,ratio,p95,0.00
133,1780554375323170560,1780554376323170560,HTTP Connection Reused,ratio,p99,0.00
133,1780554375323170560,1780554376323170560,HTTP Connection Reused,ratio,std,0.00
133,1780554375323170560,1780554376323170560,HTTP Data Received,KB,avg,67.05
133,1780554375323170560,1780554376323170560,HTTP Data Received,KB,min,67.05
133,1780554375323170560,1780554376323170560,HTTP Data Received,KB,max,67.05
133,1780554375323170560,1780554376323170560,HTTP Data Received,KB,sum,67.05
133,1780554375323170560,1780554376323170560,HTTP Data Received,KB,p1,67.05
133,1780554375323170560,1780554376323170560,HTTP Data Received,KB,p5,67.05
133,1780554375323170560,1780554376323170560,HTTP Data Received,KB,p10,67.05
133,1780554375323170560,1780554376323170560,HTTP Data Received,KB,p25,67.05
133,1780554375323170560,1780554376323170560,HTTP Data Received,KB,p50,67.05
133,1780554375323170560,1780554376323170560,HTTP Data Received,KB,p75,67.05
133,1780554375323170560,1780554376323170560,HTTP Data Received,KB,p90,67.05
133,1780554375323170560,1780554376323170560,HTTP Data Received,KB,p95,67.05
133,1780554375323170560,1780554376323170560,HTTP Data Received,KB,p99,67.05
133,1780554375323170560,1780554376323170560,HTTP Data Received,KB,std,0.00
133,1780554375323170560,1780554376323170560,HTTP Data Sent,KB,avg,331.07
133,1780554375323170560,1780554376323170560,HTTP Data Sent,KB,min,331.07
133,1780554375323170560,1780554376323170560,HTTP Data Sent,KB,max,331.07
133,1780554375323170560,1780554376323170560,HTTP Data Sent,KB,sum,331.07
133,1780554375323170560,1780554376323170560,HTTP Data Sent,KB,p1,331.07
133,1780554375323170560,1780554376323170560,HTTP Data Sent,KB,p5,331.07
133,1780554375323170560,1780554376323170560,HTTP Data Sent,KB,p10,331.07
133,1780554375323170560,1780554376323170560,HTTP Data Sent,KB,p25,331.07
133,1780554375323170560,1780554376323170560,HTTP Data Sent,KB,p50,331.07
133,1780554375323170560,1780554376323170560,HTTP Data Sent,KB,p75,331.07
133,1780554375323170560,1780554376323170560,HTTP Data Sent,KB,p90,331.07
133,1780554375323170560,1780554376323170560,HTTP Data Sent,KB,p95,331.07
133,1780554375323170560,1780554376323170560,HTTP Data Sent,KB,p99,331.07
133,1780554375323170560,1780554376323170560,HTTP Data Sent,KB,std,0.00
133,1780554375323170560,1780554376323170560,HTTP DNS Lookup,ms,avg,0.00
133,1780554375323170560,1780554376323170560,HTTP DNS Lookup,ms,min,0.00
133,1780554375323170560,1780554376323170560,HTTP DNS Lookup,ms,max,0.00
133,1780554375323170560,1780554376323170560,HTTP DNS Lookup,ms,sum,0.00
133,1780554375323170560,1780554376323170560,HTTP DNS Lookup,ms,p1,0.00
133,1780554375323170560,1780554376323170560,HTTP DNS Lookup,ms,p5,0.00
133,1780554375323170560,1780554376323170560,HTTP DNS Lookup,ms,p10,0.00
133,1780554375323170560,1780554376323170560,HTTP DNS Lookup,ms,p25,0.00
133,1780554375323170560,1780554376323170560,HTTP DNS Lookup,ms,p50,0.00
133,1780554375323170560,1780554376323170560,HTTP DNS Lookup,ms,p75,0.00
133,1780554375323170560,1780554376323170560,HTTP DNS Lookup,ms,p90,0.00
133,1780554375323170560,1780554376323170560,HTTP DNS Lookup,ms,p95,0.00
133,1780554375323170560,1780554376323170560,HTTP DNS Lookup,ms,p99,0.00
133,1780554375323170560,1780554376323170560,HTTP DNS Lookup,ms,std,0.00
133,1780554375323170560,1780554376323170560,HTTP Duration (excl. conn),ms,avg,50401.97
133,1780554375323170560,1780554376323170560,HTTP Duration (excl. conn),ms,min,50401.97
133,1780554375323170560,1780554376323170560,HTTP Duration (excl. conn),ms,max,50401.97
133,1780554375323170560,1780554376323170560,HTTP Duration (excl. conn),ms,sum,50401.97
133,1780554375323170560,1780554376323170560,HTTP Duration (excl. conn),ms,p1,50401.97
133,1780554375323170560,1780554376323170560,HTTP Duration (excl. conn),ms,p5,50401.97
133,1780554375323170560,1780554376323170560,HTTP Duration (excl. conn),ms,p10,50401.97
133,1780554375323170560,1780554376323170560,HTTP Duration (excl. conn),ms,p25,50401.97
133,1780554375323170560,1780554376323170560,HTTP Duration (excl. conn),ms,p50,50401.97
133,1780554375323170560,1780554376323170560,HTTP Duration (excl. conn),ms,p75,50401.97
133,1780554375323170560,1780554376323170560,HTTP Duration (excl. conn),ms,p90,50401.97
133,1780554375323170560,1780554376323170560,HTTP Duration (excl. conn),ms,p95,50401.97
133,1780554375323170560,1780554376323170560,HTTP Duration (excl. conn),ms,p99,50401.97
133,1780554375323170560,1780554376323170560,HTTP Duration (excl. conn),ms,std,0.00
133,1780554375323170560,1780554376323170560,HTTP Receiving,ms,avg,43285.63
133,1780554375323170560,1780554376323170560,HTTP Receiving,ms,min,43285.63
133,1780554375323170560,1780554376323170560,HTTP Receiving,ms,max,43285.63
133,1780554375323170560,1780554376323170560,HTTP Receiving,ms,sum,43285.63
133,1780554375323170560,1780554376323170560,HTTP Receiving,ms,p1,43285.63
133,1780554375323170560,1780554376323170560,HTTP Receiving,ms,p5,43285.63
133,1780554375323170560,1780554376323170560,HTTP Receiving,ms,p10,43285.63
133,1780554375323170560,1780554376323170560,HTTP Receiving,ms,p25,43285.63
133,1780554375323170560,1780554376323170560,HTTP Receiving,ms,p50,43285.63
133,1780554375323170560,1780554376323170560,HTTP Receiving,ms,p75,43285.63
133,1780554375323170560,1780554376323170560,HTTP Receiving,ms,p90,43285.63
133,1780554375323170560,1780554376323170560,HTTP Receiving,ms,p95,43285.63
133,1780554375323170560,1780554376323170560,HTTP Receiving,ms,p99,43285.63
133,1780554375323170560,1780554376323170560,HTTP Receiving,ms,std,0.00
133,1780554375323170560,1780554376323170560,HTTP Sending,ms,avg,0.97
133,1780554375323170560,1780554376323170560,HTTP Sending,ms,min,0.97
133,1780554375323170560,1780554376323170560,HTTP Sending,ms,max,0.97
133,1780554375323170560,1780554376323170560,HTTP Sending,ms,sum,0.97
133,1780554375323170560,1780554376323170560,HTTP Sending,ms,p1,0.97
133,1780554375323170560,1780554376323170560,HTTP Sending,ms,p5,0.97
133,1780554375323170560,1780554376323170560,HTTP Sending,ms,p10,0.97
133,1780554375323170560,1780554376323170560,HTTP Sending,ms,p25,0.97
133,1780554375323170560,1780554376323170560,HTTP Sending,ms,p50,0.97
133,1780554375323170560,1780554376323170560,HTTP Sending,ms,p75,0.97
133,1780554375323170560,1780554376323170560,HTTP Sending,ms,p90,0.97
133,1780554375323170560,1780554376323170560,HTTP Sending,ms,p95,0.97
133,1780554375323170560,1780554376323170560,HTTP Sending,ms,p99,0.97
133,1780554375323170560,1780554376323170560,HTTP Sending,ms,std,0.00
133,1780554375323170560,1780554376323170560,HTTP Total Time,ms,avg,50402.66
133,1780554375323170560,1780554376323170560,HTTP Total Time,ms,min,50402.66
133,1780554375323170560,1780554376323170560,HTTP Total Time,ms,max,50402.66
133,1780554375323170560,1780554376323170560,HTTP Total Time,ms,sum,50402.66
133,1780554375323170560,1780554376323170560,HTTP Total Time,ms,p1,50402.66
133,1780554375323170560,1780554376323170560,HTTP Total Time,ms,p5,50402.66
133,1780554375323170560,1780554376323170560,HTTP Total Time,ms,p10,50402.66
133,1780554375323170560,1780554376323170560,HTTP Total Time,ms,p25,50402.66
133,1780554375323170560,1780554376323170560,HTTP Total Time,ms,p50,50402.66
133,1780554375323170560,1780554376323170560,HTTP Total Time,ms,p75,50402.66
133,1780554375323170560,1780554376323170560,HTTP Total Time,ms,p90,50402.66
133,1780554375323170560,1780554376323170560,HTTP Total Time,ms,p95,50402.66
133,1780554375323170560,1780554376323170560,HTTP Total Time,ms,p99,50402.66
133,1780554375323170560,1780554376323170560,HTTP Total Time,ms,std,0.00
133,1780554375323170560,1780554376323170560,HTTP Waiting (TTFB),ms,avg,7115.37
133,1780554375323170560,1780554376323170560,HTTP Waiting (TTFB),ms,min,7115.37
133,1780554375323170560,1780554376323170560,HTTP Waiting (TTFB),ms,max,7115.37
133,1780554375323170560,1780554376323170560,HTTP Waiting (TTFB),ms,sum,7115.37
133,1780554375323170560,1780554376323170560,HTTP Waiting (TTFB),ms,p1,7115.37
133,1780554375323170560,1780554376323170560,HTTP Waiting (TTFB),ms,p5,7115.37
133,1780554375323170560,1780554376323170560,HTTP Waiting (TTFB),ms,p10,7115.37
133,1780554375323170560,1780554376323170560,HTTP Waiting (TTFB),ms,p25,7115.37
133,1780554375323170560,1780554376323170560,HTTP Waiting (TTFB),ms,p50,7115.37
133,1780554375323170560,1780554376323170560,HTTP Waiting (TTFB),ms,p75,7115.37
133,1780554375323170560,1780554376323170560,HTTP Waiting (TTFB),ms,p90,7115.37
133,1780554375323170560,1780554376323170560,HTTP Waiting (TTFB),ms,p95,7115.37
133,1780554375323170560,1780554376323170560,HTTP Waiting (TTFB),ms,p99,7115.37
133,1780554375323170560,1780554376323170560,HTTP Waiting (TTFB),ms,std,0.00
133,1780554375323170560,1780554376323170560,Input Sequence Length,tokens,avg,84389.00
133,1780554375323170560,1780554376323170560,Input Sequence Length,tokens,min,84389.00
133,1780554375323170560,1780554376323170560,Input Sequence Length,tokens,max,84389.00
133,1780554375323170560,1780554376323170560,Input Sequence Length,tokens,sum,84389.00
133,1780554375323170560,1780554376323170560,Input Sequence Length,tokens,p1,84389.00
133,1780554375323170560,1780554376323170560,Input Sequence Length,tokens,p5,84389.00
133,1780554375323170560,1780554376323170560,Input Sequence Length,tokens,p10,84389.00
133,1780554375323170560,1780554376323170560,Input Sequence Length,tokens,p25,84389.00
133,1780554375323170560,1780554376323170560,Input Sequence Length,tokens,p50,84389.00
133,1780554375323170560,1780554376323170560,Input Sequence Length,tokens,p75,84389.00
133,1780554375323170560,1780554376323170560,Input Sequence Length,tokens,p90,84389.00
133,1780554375323170560,1780554376323170560,Input Sequence Length,tokens,p95,84389.00
133,1780554375323170560,1780554376323170560,Input Sequence Length,tokens,p99,84389.00
133,1780554375323170560,1780554376323170560,Input Sequence Length,tokens,std,0.00
133,1780554375323170560,1780554376323170560,Input Token Throughput,tokens/sec,avg,84389.00
133,1780554375323170560,1780554376323170560,Inter Chunk Latency,ms,avg,68.69
133,1780554375323170560,1780554376323170560,Inter Chunk Latency,ms,min,68.68
133,1780554375323170560,1780554376323170560,Inter Chunk Latency,ms,max,68.70
133,1780554375323170560,1780554376323170560,Inter Chunk Latency,ms,sum,18271.99
133,1780554375323170560,1780554376323170560,Inter Chunk Latency,ms,p1,68.68
133,1780554375323170560,1780554376323170560,Inter Chunk Latency,ms,p5,68.68
133,1780554375323170560,1780554376323170560,Inter Chunk Latency,ms,p10,68.68
133,1780554375323170560,1780554376323170560,Inter Chunk Latency,ms,p25,68.69
133,1780554375323170560,1780554376323170560,Inter Chunk Latency,ms,p50,68.69
133,1780554375323170560,1780554376323170560,Inter Chunk Latency,ms,p75,68.70
133,1780554375323170560,1780554376323170560,Inter Chunk Latency,ms,p90,68.70
133,1780554375323170560,1780554376323170560,Inter Chunk Latency,ms,p95,68.70
133,1780554375323170560,1780554376323170560,Inter Chunk Latency,ms,p99,68.70
133,1780554375323170560,1780554376323170560,Inter Chunk Latency,ms,std,0.00
133,1780554375323170560,1780554376323170560,Inter Token Latency,ms,avg,162.73
133,1780554375323170560,1780554376323170560,Inter Token Latency,ms,min,162.73
133,1780554375323170560,1780554376323170560,Inter Token Latency,ms,max,162.73
133,1780554375323170560,1780554376323170560,Inter Token Latency,ms,sum,162.73
133,1780554375323170560,1780554376323170560,Inter Token Latency,ms,p1,162.73
133,1780554375323170560,1780554376323170560,Inter Token Latency,ms,p5,162.73
133,1780554375323170560,1780554376323170560,Inter Token Latency,ms,p10,162.73
133,1780554375323170560,1780554376323170560,Inter Token Latency,ms,p25,162.73
133,1780554375323170560,1780554376323170560,Inter Token Latency,ms,p50,162.73
133,1780554375323170560,1780554376323170560,Inter Token Latency,ms,p75,162.73
133,1780554375323170560,1780554376323170560,Inter Token Latency,ms,p90,162.73
133,1780554375323170560,1780554376323170560,Inter Token Latency,ms,p95,162.73
133,1780554375323170560,1780554376323170560,Inter Token Latency,ms,p99,162.73
133,1780554375323170560,1780554376323170560,Inter Token Latency,ms,std,0.00
133,1780554375323170560,1780554376323170560,Maximum Response Timestamp,ns,avg,1780554426025192704.00
133,1780554375323170560,1780554376323170560,Minimum Request Timestamp,ns,avg,1780554375623112448.00
133,1780554375323170560,1780554376323170560,OSL Mismatch Count,requests,avg,0.00
133,1780554375323170560,1780554376323170560,OSL Mismatch Diff %,%,avg,0.00
133,1780554375323170560,1780554376323170560,OSL Mismatch Diff %,%,min,0.00
133,1780554375323170560,1780554376323170560,OSL Mismatch Diff %,%,max,0.00
133,1780554375323170560,1780554376323170560,OSL Mismatch Diff %,%,sum,0.00
133,1780554375323170560,1780554376323170560,OSL Mismatch Diff %,%,p1,0.00
133,1780554375323170560,1780554376323170560,OSL Mismatch Diff %,%,p5,0.00
133,1780554375323170560,1780554376323170560,OSL Mismatch Diff %,%,p10,0.00
133,1780554375323170560,1780554376323170560,OSL Mismatch Diff %,%,p25,0.00
133,1780554375323170560,1780554376323170560,OSL Mismatch Diff %,%,p50,0.00
133,1780554375323170560,1780554376323170560,OSL Mismatch Diff %,%,p75,0.00
133,1780554375323170560,1780554376323170560,OSL Mismatch Diff %,%,p90,0.00
133,1780554375323170560,1780554376323170560,OSL Mismatch Diff %,%,p95,0.00
133,1780554375323170560,1780554376323170560,OSL Mismatch Diff %,%,p99,0.00
133,1780554375323170560,1780554376323170560,OSL Mismatch Diff %,%,std,0.00
133,1780554375323170560,1780554376323170560,Output Sequence Length,tokens,avg,267.00
133,1780554375323170560,1780554376323170560,Output Sequence Length,tokens,min,267.00
133,1780554375323170560,1780554376323170560,Output Sequence Length,tokens,max,267.00
133,1780554375323170560,1780554376323170560,Output Sequence Length,tokens,sum,267.00
133,1780554375323170560,1780554376323170560,Output Sequence Length,tokens,p1,267.00
133,1780554375323170560,1780554376323170560,Output Sequence Length,tokens,p5,267.00
133,1780554375323170560,1780554376323170560,Output Sequence Length,tokens,p10,267.00
133,1780554375323170560,1780554376323170560,Output Sequence Length,tokens,p25,267.00
133,1780554375323170560,1780554376323170560,Output Sequence Length,tokens,p50,267.00
133,1780554375323170560,1780554376323170560,Output Sequence Length,tokens,p75,267.00
133,1780554375323170560,1780554376323170560,Output Sequence Length,tokens,p90,267.00
133,1780554375323170560,1780554376323170560,Output Sequence Length,tokens,p95,267.00
133,1780554375323170560,1780554376323170560,Output Sequence Length,tokens,p99,267.00
133,1780554375323170560,1780554376323170560,Output Sequence Length,tokens,std,0.00
133,1780554375323170560,1780554376323170560,Output Token Count,tokens,avg,267.00
133,1780554375323170560,1780554376323170560,Output Token Count,tokens,min,267.00
133,1780554375323170560,1780554376323170560,Output Token Count,tokens,max,267.00
133,1780554375323170560,1780554376323170560,Output Token Count,tokens,sum,267.00
133,1780554375323170560,1780554376323170560,Output Token Count,tokens,p1,267.00
133,1780554375323170560,1780554376323170560,Output Token Count,tokens,p5,267.00
133,1780554375323170560,1780554376323170560,Output Token Count,tokens,p10,267.00
133,1780554375323170560,1780554376323170560,Output Token Count,tokens,p25,267.00
133,1780554375323170560,1780554376323170560,Output Token Count,tokens,p50,267.00
133,1780554375323170560,1780554376323170560,Output Token Count,tokens,p75,267.00
133,1780554375323170560,1780554376323170560,Output Token Count,tokens,p90,267.00
133,1780554375323170560,1780554376323170560,Output Token Count,tokens,p95,267.00
133,1780554375323170560,1780554376323170560,Output Token Count,tokens,p99,267.00
133,1780554375323170560,1780554376323170560,Output Token Count,tokens,std,0.00
133,1780554375323170560,1780554376323170560,Output Token Throughput,tokens/sec,avg,267.00
133,1780554375323170560,1780554376323170560,Output Token Throughput Per User,tokens/sec/user,avg,6.15
133,1780554375323170560,1780554376323170560,Output Token Throughput Per User,tokens/sec/user,min,6.15
133,1780554375323170560,1780554376323170560,Output Token Throughput Per User,tokens/sec/user,max,6.15
133,1780554375323170560,1780554376323170560,Output Token Throughput Per User,tokens/sec/user,sum,6.15
133,1780554375323170560,1780554376323170560,Output Token Throughput Per User,tokens/sec/user,p1,6.15
133,1780554375323170560,1780554376323170560,Output Token Throughput Per User,tokens/sec/user,p5,6.15
133,1780554375323170560,1780554376323170560,Output Token Throughput Per User,tokens/sec/user,p10,6.15
133,1780554375323170560,1780554376323170560,Output Token Throughput Per User,tokens/sec/user,p25,6.15
133,1780554375323170560,1780554376323170560,Output Token Throughput Per User,tokens/sec/user,p50,6.15
133,1780554375323170560,1780554376323170560,Output Token Throughput Per User,tokens/sec/user,p75,6.15
133,1780554375323170560,1780554376323170560,Output Token Throughput Per User,tokens/sec/user,p90,6.15
133,1780554375323170560,1780554376323170560,Output Token Throughput Per User,tokens/sec/user,p95,6.15
133,1780554375323170560,1780554376323170560,Output Token Throughput Per User,tokens/sec/user,p99,6.15
133,1780554375323170560,1780554376323170560,Output Token Throughput Per User,tokens/sec/user,std,0.00
133,1780554375323170560,1780554376323170560,Prefill Throughput Per User,tokens/sec/user,avg,11858.30
133,1780554375323170560,1780554376323170560,Prefill Throughput Per User,tokens/sec/user,min,11858.30
133,1780554375323170560,1780554376323170560,Prefill Throughput Per User,tokens/sec/user,max,11858.30
133,1780554375323170560,1780554376323170560,Prefill Throughput Per User,tokens/sec/user,sum,11858.30
133,1780554375323170560,1780554376323170560,Prefill Throughput Per User,tokens/sec/user,p1,11858.30
133,1780554375323170560,1780554376323170560,Prefill Throughput Per User,tokens/sec/user,p5,11858.30
133,1780554375323170560,1780554376323170560,Prefill Throughput Per User,tokens/sec/user,p10,11858.30
133,1780554375323170560,1780554376323170560,Prefill Throughput Per User,tokens/sec/user,p25,11858.30
133,1780554375323170560,1780554376323170560,Prefill Throughput Per User,tokens/sec/user,p50,11858.30
133,1780554375323170560,1780554376323170560,Prefill Throughput Per User,tokens/sec/user,p75,11858.30
133,1780554375323170560,1780554376323170560,Prefill Throughput Per User,tokens/sec/user,p90,11858.30
133,1780554375323170560,1780554376323170560,Prefill Throughput Per User,tokens/sec/user,p95,11858.30
133,1780554375323170560,1780554376323170560,Prefill Throughput Per User,tokens/sec/user,p99,11858.30
133,1780554375323170560,1780554376323170560,Prefill Throughput Per User,tokens/sec/user,std,0.00
133,1780554375323170560,1780554376323170560,Request Count,requests,avg,1.00
133,1780554375323170560,1780554376323170560,Request Latency,ms,avg,50402.08
133,1780554375323170560,1780554376323170560,Request Latency,ms,min,50402.08
133,1780554375323170560,1780554376323170560,Request Latency,ms,max,50402.08
133,1780554375323170560,1780554376323170560,Request Latency,ms,sum,50402.08
133,1780554375323170560,1780554376323170560,Request Latency,ms,p1,50402.08
133,1780554375323170560,1780554376323170560,Request Latency,ms,p5,50402.08
133,1780554375323170560,1780554376323170560,Request Latency,ms,p10,50402.08
133,1780554375323170560,1780554376323170560,Request Latency,ms,p25,50402.08
133,1780554375323170560,1780554376323170560,Request Latency,ms,p50,50402.08
133,1780554375323170560,1780554376323170560,Request Latency,ms,p75,50402.08
133,1780554375323170560,1780554376323170560,Request Latency,ms,p90,50402.08
133,1780554375323170560,1780554376323170560,Request Latency,ms,p95,50402.08
133,1780554375323170560,1780554376323170560,Request Latency,ms,p99,50402.08
133,1780554375323170560,1780554376323170560,Request Latency,ms,std,0.00
133,1780554375323170560,1780554376323170560,Request Throughput,requests/sec,avg,1.00
133,1780554375323170560,1780554376323170560,Requested OSL,tokens,avg,267.00
133,1780554375323170560,1780554376323170560,Requested OSL,tokens,min,267.00
133,1780554375323170560,1780554376323170560,Requested OSL,tokens,max,267.00
133,1780554375323170560,1780554376323170560,Requested OSL,tokens,sum,267.00
133,1780554375323170560,1780554376323170560,Requested OSL,tokens,p1,267.00
133,1780554375323170560,1780554376323170560,Requested OSL,tokens,p5,267.00
133,1780554375323170560,1780554376323170560,Requested OSL,tokens,p10,267.00
133,1780554375323170560,1780554376323170560,Requested OSL,tokens,p25,267.00
133,1780554375323170560,1780554376323170560,Requested OSL,tokens,p50,267.00
133,1780554375323170560,1780554376323170560,Requested OSL,tokens,p75,267.00
133,1780554375323170560,1780554376323170560,Requested OSL,tokens,p90,267.00
133,1780554375323170560,1780554376323170560,Requested OSL,tokens,p95,267.00
133,1780554375323170560,1780554376323170560,Requested OSL,tokens,p99,267.00
133,1780554375323170560,1780554376323170560,Requested OSL,tokens,std,0.00
133,1780554375323170560,1780554376323170560,Time to First Output Token,ms,avg,7116.45
133,1780554375323170560,1780554376323170560,Time to First Output Token,ms,min,7116.45
133,1780554375323170560,1780554376323170560,Time to First Output Token,ms,max,7116.45
133,1780554375323170560,1780554376323170560,Time to First Output Token,ms,sum,7116.45
133,1780554375323170560,1780554376323170560,Time to First Output Token,ms,p1,7116.45
133,1780554375323170560,1780554376323170560,Time to First Output Token,ms,p5,7116.45
133,1780554375323170560,1780554376323170560,Time to First Output Token,ms,p10,7116.45
133,1780554375323170560,1780554376323170560,Time to First Output Token,ms,p25,7116.45
133,1780554375323170560,1780554376323170560,Time to First Output Token,ms,p50,7116.45
133,1780554375323170560,1780554376323170560,Time to First Output Token,ms,p75,7116.45
133,1780554375323170560,1780554376323170560,Time to First Output Token,ms,p90,7116.45
133,1780554375323170560,1780554376323170560,Time to First Output Token,ms,p95,7116.45
133,1780554375323170560,1780554376323170560,Time to First Output Token,ms,p99,7116.45
133,1780554375323170560,1780554376323170560,Time to First Output Token,ms,std,0.00
133,1780554375323170560,1780554376323170560,Time to First Token,ms,avg,7116.45
133,1780554375323170560,1780554376323170560,Time to First Token,ms,min,7116.45
133,1780554375323170560,1780554376323170560,Time to First Token,ms,max,7116.45
133,1780554375323170560,1780554376323170560,Time to First Token,ms,sum,7116.45
133,1780554375323170560,1780554376323170560,Time to First Token,ms,p1,7116.45
133,1780554375323170560,1780554376323170560,Time to First Token,ms,p5,7116.45
133,1780554375323170560,1780554376323170560,Time to First Token,ms,p10,7116.45
133,1780554375323170560,1780554376323170560,Time to First Token,ms,p25,7116.45
133,1780554375323170560,1780554376323170560,Time to First Token,ms,p50,7116.45
133,1780554375323170560,1780554376323170560,Time to First Token,ms,p75,7116.45
133,1780554375323170560,1780554376323170560,Time to First Token,ms,p90,7116.45
133,1780554375323170560,1780554376323170560,Time to First Token,ms,p95,7116.45
133,1780554375323170560,1780554376323170560,Time to First Token,ms,p99,7116.45
133,1780554375323170560,1780554376323170560,Time to First Token,ms,std,0.00
133,1780554375323170560,1780554376323170560,Time to Second Token,ms,avg,191.37
133,1780554375323170560,1780554376323170560,Time to Second Token,ms,min,191.37
133,1780554375323170560,1780554376323170560,Time to Second Token,ms,max,191.37
133,1780554375323170560,1780554376323170560,Time to Second Token,ms,sum,191.37
133,1780554375323170560,1780554376323170560,Time to Second Token,ms,p1,191.37
133,1780554375323170560,1780554376323170560,Time to Second Token,ms,p5,191.37
133,1780554375323170560,1780554376323170560,Time to Second Token,ms,p10,191.37
133,1780554375323170560,1780554376323170560,Time to Second Token,ms,p25,191.37
133,1780554375323170560,1780554376323170560,Time to Second Token,ms,p50,191.37
133,1780554375323170560,1780554376323170560,Time to Second Token,ms,p75,191.37
133,1780554375323170560,1780554376323170560,Time to Second Token,ms,p90,191.37
133,1780554375323170560,1780554376323170560,Time to Second Token,ms,p95,191.37
133,1780554375323170560,1780554376323170560,Time to Second Token,ms,p99,191.37
133,1780554375323170560,1780554376323170560,Time to Second Token,ms,std,0.00
133,1780554375323170560,1780554376323170560,Tokens In Flight,tokens,avg,1042656.02
133,1780554375323170560,1780554376323170560,Tokens In Flight,tokens,min,973812.89
133,1780554375323170560,1780554376323170560,Tokens In Flight,tokens,max,1058271.38
133,1780554375323170560,1780554376323170560,Tokens In Flight,tokens,p50,1058231.60
133,1780554375323170560,1780554376323170560,Tokens In Flight,tokens,p90,1058265.34
133,1780554375323170560,1780554376323170560,Tokens In Flight,tokens,p95,1058266.34
133,1780554375323170560,1780554376323170560,Tokens In Flight,tokens,p99,1058271.38
133,1780554375323170560,1780554376323170560,Tokens In Flight,tokens,std,27775.82
133,1780554375323170560,1780554376323170560,Total Input Sequence Length,tokens,avg,84389.00
133,1780554375323170560,1780554376323170560,Total Output Sequence Length,tokens,avg,267.00
133,1780554375323170560,1780554376323170560,Total Output Tokens,tokens,avg,267.00
133,1780554375323170560,1780554376323170560,Total Token Throughput,tokens/sec,avg,84656.00
133,1780554375323170560,1780554376323170560,Total Usage Completion Tokens,tokens,avg,267.00
133,1780554375323170560,1780554376323170560,Total Usage Prompt Tokens,tokens,avg,84389.00
133,1780554375323170560,1780554376323170560,Total Usage Total Tokens,tokens,avg,84656.00
133,1780554375323170560,1780554376323170560,Usage Completion Tokens,tokens,avg,267.00
133,1780554375323170560,1780554376323170560,Usage Completion Tokens,tokens,min,267.00
133,1780554375323170560,1780554376323170560,Usage Completion Tokens,tokens,max,267.00
133,1780554375323170560,1780554376323170560,Usage Completion Tokens,tokens,sum,267.00
133,1780554375323170560,1780554376323170560,Usage Completion Tokens,tokens,p1,267.00
133,1780554375323170560,1780554376323170560,Usage Completion Tokens,tokens,p5,267.00
133,1780554375323170560,1780554376323170560,Usage Completion Tokens,tokens,p10,267.00
133,1780554375323170560,1780554376323170560,Usage Completion Tokens,tokens,p25,267.00
133,1780554375323170560,1780554376323170560,Usage Completion Tokens,tokens,p50,267.00
133,1780554375323170560,1780554376323170560,Usage Completion Tokens,tokens,p75,267.00
133,1780554375323170560,1780554376323170560,Usage Completion Tokens,tokens,p90,267.00
133,1780554375323170560,1780554376323170560,Usage Completion Tokens,tokens,p95,267.00
133,1780554375323170560,1780554376323170560,Usage Completion Tokens,tokens,p99,267.00
133,1780554375323170560,1780554376323170560,Usage Completion Tokens,tokens,std,0.00
133,1780554375323170560,1780554376323170560,Usage Prompt Tokens,tokens,avg,84389.00
133,1780554375323170560,1780554376323170560,Usage Prompt Tokens,tokens,min,84389.00
133,1780554375323170560,1780554376323170560,Usage Prompt Tokens,tokens,max,84389.00
133,1780554375323170560,1780554376323170560,Usage Prompt Tokens,tokens,sum,84389.00
133,1780554375323170560,1780554376323170560,Usage Prompt Tokens,tokens,p1,84389.00
133,1780554375323170560,1780554376323170560,Usage Prompt Tokens,tokens,p5,84389.00
133,1780554375323170560,1780554376323170560,Usage Prompt Tokens,tokens,p10,84389.00
133,1780554375323170560,1780554376323170560,Usage Prompt Tokens,tokens,p25,84389.00
133,1780554375323170560,1780554376323170560,Usage Prompt Tokens,tokens,p50,84389.00
133,1780554375323170560,1780554376323170560,Usage Prompt Tokens,tokens,p75,84389.00
133,1780554375323170560,1780554376323170560,Usage Prompt Tokens,tokens,p90,84389.00
133,1780554375323170560,1780554376323170560,Usage Prompt Tokens,tokens,p95,84389.00
133,1780554375323170560,1780554376323170560,Usage Prompt Tokens,tokens,p99,84389.00
133,1780554375323170560,1780554376323170560,Usage Prompt Tokens,tokens,std,0.00
133,1780554375323170560,1780554376323170560,Usage Total Tokens,tokens,avg,84656.00
133,1780554375323170560,1780554376323170560,Usage Total Tokens,tokens,min,84656.00
133,1780554375323170560,1780554376323170560,Usage Total Tokens,tokens,max,84656.00
133,1780554375323170560,1780554376323170560,Usage Total Tokens,tokens,sum,84656.00
133,1780554375323170560,1780554376323170560,Usage Total Tokens,tokens,p1,84656.00
133,1780554375323170560,1780554376323170560,Usage Total Tokens,tokens,p5,84656.00
133,1780554375323170560,1780554376323170560,Usage Total Tokens,tokens,p10,84656.00
133,1780554375323170560,1780554376323170560,Usage Total Tokens,tokens,p25,84656.00
133,1780554375323170560,1780554376323170560,Usage Total Tokens,tokens,p50,84656.00
133,1780554375323170560,1780554376323170560,Usage Total Tokens,tokens,p75,84656.00
133,1780554375323170560,1780554376323170560,Usage Total Tokens,tokens,p90,84656.00
133,1780554375323170560,1780554376323170560,Usage Total Tokens,tokens,p95,84656.00
133,1780554375323170560,1780554376323170560,Usage Total Tokens,tokens,p99,84656.00
133,1780554375323170560,1780554376323170560,Usage Total Tokens,tokens,std,0.00
134,1780554378323170560,1780554379323170560,Active Decode Throughput,tokens/sec,avg,73.33
134,1780554378323170560,1780554379323170560,Active Decode Throughput,tokens/sec,min,58.38
134,1780554378323170560,1780554379323170560,Active Decode Throughput,tokens/sec,max,88.27
134,1780554378323170560,1780554379323170560,Active Decode Throughput,tokens/sec,p50,73.33
134,1780554378323170560,1780554379323170560,Active Decode Throughput,tokens/sec,p90,73.33
134,1780554378323170560,1780554379323170560,Active Decode Throughput,tokens/sec,p95,73.33
134,1780554378323170560,1780554379323170560,Active Decode Throughput,tokens/sec,p99,73.33
134,1780554378323170560,1780554379323170560,Active Decode Throughput,tokens/sec,std,0.03
134,1780554378323170560,1780554379323170560,Active Decode Throughput Per User,tokens/sec/user,avg,6.11
134,1780554378323170560,1780554379323170560,Active Decode Throughput Per User,tokens/sec/user,min,4.87
134,1780554378323170560,1780554379323170560,Active Decode Throughput Per User,tokens/sec/user,max,7.36
134,1780554378323170560,1780554379323170560,Active Decode Throughput Per User,tokens/sec/user,p50,6.11
134,1780554378323170560,1780554379323170560,Active Decode Throughput Per User,tokens/sec/user,p90,6.11
134,1780554378323170560,1780554379323170560,Active Decode Throughput Per User,tokens/sec/user,p95,6.11
134,1780554378323170560,1780554379323170560,Active Decode Throughput Per User,tokens/sec/user,p99,6.11
134,1780554378323170560,1780554379323170560,Active Decode Throughput Per User,tokens/sec/user,std,0.00
134,1780554378323170560,1780554379323170560,Active Prefill Throughput,tokens/sec,avg,21680.71
134,1780554378323170560,1780554379323170560,Active Prefill Throughput,tokens/sec,min,11858.30
134,1780554378323170560,1780554379323170560,Active Prefill Throughput,tokens/sec,max,22666.26
134,1780554378323170560,1780554379323170560,Active Prefill Throughput,tokens/sec,p50,22666.26
134,1780554378323170560,1780554379323170560,Active Prefill Throughput,tokens/sec,p90,22666.26
134,1780554378323170560,1780554379323170560,Active Prefill Throughput,tokens/sec,p95,22666.26
134,1780554378323170560,1780554379323170560,Active Prefill Throughput,tokens/sec,p99,22666.26
134,1780554378323170560,1780554379323170560,Active Prefill Throughput,tokens/sec,std,3111.34
134,1780554378323170560,1780554379323170560,Active Prefill Throughput Per User,tokens/sec/user,avg,11381.02
134,1780554378323170560,1780554379323170560,Active Prefill Throughput Per User,tokens/sec/user,min,11333.13
134,1780554378323170560,1780554379323170560,Active Prefill Throughput Per User,tokens/sec/user,max,11858.30
134,1780554378323170560,1780554379323170560,Active Prefill Throughput Per User,tokens/sec/user,p50,11333.13
134,1780554378323170560,1780554379323170560,Active Prefill Throughput Per User,tokens/sec/user,p90,11333.13
134,1780554378323170560,1780554379323170560,Active Prefill Throughput Per User,tokens/sec/user,p95,11858.30
134,1780554378323170560,1780554379323170560,Active Prefill Throughput Per User,tokens/sec/user,p99,11858.30
134,1780554378323170560,1780554379323170560,Active Prefill Throughput Per User,tokens/sec/user,std,151.18
134,1780554378323170560,1780554379323170560,Active Total Throughput,tokens/sec,avg,21760.92
134,1780554378323170560,1780554379323170560,Active Total Throughput,tokens/sec,min,11938.51
134,1780554378323170560,1780554379323170560,Active Total Throughput,tokens/sec,max,22746.47
134,1780554378323170560,1780554379323170560,Active Total Throughput,tokens/sec,p50,22746.47
134,1780554378323170560,1780554379323170560,Active Total Throughput,tokens/sec,p90,22746.47
134,1780554378323170560,1780554379323170560,Active Total Throughput,tokens/sec,p95,22746.47
134,1780554378323170560,1780554379323170560,Active Total Throughput,tokens/sec,p99,22746.47
134,1780554378323170560,1780554379323170560,Active Total Throughput,tokens/sec,std,3111.34
134,1780554378323170560,1780554379323170560,Benchmark Duration,sec,avg,39.76
134,1780554378323170560,1780554379323170560,E2E Output Token Throughput,tokens/sec/user,avg,4.10
134,1780554378323170560,1780554379323170560,E2E Output Token Throughput,tokens/sec/user,min,4.10
134,1780554378323170560,1780554379323170560,E2E Output Token Throughput,tokens/sec/user,max,4.10
134,1780554378323170560,1780554379323170560,E2E Output Token Throughput,tokens/sec/user,sum,4.10
134,1780554378323170560,1780554379323170560,E2E Output Token Throughput,tokens/sec/user,p1,4.10
134,1780554378323170560,1780554379323170560,E2E Output Token Throughput,tokens/sec/user,p5,4.10
134,1780554378323170560,1780554379323170560,E2E Output Token Throughput,tokens/sec/user,p10,4.10
134,1780554378323170560,1780554379323170560,E2E Output Token Throughput,tokens/sec/user,p25,4.10
134,1780554378323170560,1780554379323170560,E2E Output Token Throughput,tokens/sec/user,p50,4.10
134,1780554378323170560,1780554379323170560,E2E Output Token Throughput,tokens/sec/user,p75,4.10
134,1780554378323170560,1780554379323170560,E2E Output Token Throughput,tokens/sec/user,p90,4.10
134,1780554378323170560,1780554379323170560,E2E Output Token Throughput,tokens/sec/user,p95,4.10
134,1780554378323170560,1780554379323170560,E2E Output Token Throughput,tokens/sec/user,p99,4.10
134,1780554378323170560,1780554379323170560,E2E Output Token Throughput,tokens/sec/user,std,0.00
134,1780554378323170560,1780554379323170560,Effective Concurrency,requests,avg,13.91
134,1780554378323170560,1780554379323170560,Effective Concurrency,requests,min,13.00
134,1780554378323170560,1780554379323170560,Effective Concurrency,requests,max,14.00
134,1780554378323170560,1780554379323170560,Effective Concurrency,requests,p50,14.00
134,1780554378323170560,1780554379323170560,Effective Concurrency,requests,p90,14.00
134,1780554378323170560,1780554379323170560,Effective Concurrency,requests,p95,14.00
134,1780554378323170560,1780554379323170560,Effective Concurrency,requests,p99,14.00
134,1780554378323170560,1780554379323170560,Effective Concurrency,requests,std,0.29
134,1780554378323170560,1780554379323170560,Effective Decode Concurrency,requests,avg,12.00
134,1780554378323170560,1780554379323170560,Effective Decode Concurrency,requests,min,12.00
134,1780554378323170560,1780554379323170560,Effective Decode Concurrency,requests,max,12.00
134,1780554378323170560,1780554379323170560,Effective Decode Concurrency,requests,p50,12.00
134,1780554378323170560,1780554379323170560,Effective Decode Concurrency,requests,p90,12.00
134,1780554378323170560,1780554379323170560,Effective Decode Concurrency,requests,p95,12.00
134,1780554378323170560,1780554379323170560,Effective Decode Concurrency,requests,p99,12.00
134,1780554378323170560,1780554379323170560,Effective Decode Concurrency,requests,std,0.00
134,1780554378323170560,1780554379323170560,Effective Decode Throughput,tokens/sec,avg,73.33
134,1780554378323170560,1780554379323170560,Effective Decode Throughput,tokens/sec,min,58.38
134,1780554378323170560,1780554379323170560,Effective Decode Throughput,tokens/sec,max,88.27
134,1780554378323170560,1780554379323170560,Effective Decode Throughput,tokens/sec,p50,73.33
134,1780554378323170560,1780554379323170560,Effective Decode Throughput,tokens/sec,p90,73.33
134,1780554378323170560,1780554379323170560,Effective Decode Throughput,tokens/sec,p95,73.33
134,1780554378323170560,1780554379323170560,Effective Decode Throughput,tokens/sec,p99,73.33
134,1780554378323170560,1780554379323170560,Effective Decode Throughput,tokens/sec,std,0.03
134,1780554378323170560,1780554379323170560,Effective Decode Throughput Per User,tokens/sec/user,avg,6.11
134,1780554378323170560,1780554379323170560,Effective Decode Throughput Per User,tokens/sec/user,min,4.87
134,1780554378323170560,1780554379323170560,Effective Decode Throughput Per User,tokens/sec/user,max,7.36
134,1780554378323170560,1780554379323170560,Effective Decode Throughput Per User,tokens/sec/user,p50,6.11
134,1780554378323170560,1780554379323170560,Effective Decode Throughput Per User,tokens/sec/user,p90,6.11
134,1780554378323170560,1780554379323170560,Effective Decode Throughput Per User,tokens/sec/user,p95,6.11
134,1780554378323170560,1780554379323170560,Effective Decode Throughput Per User,tokens/sec/user,p99,6.11
134,1780554378323170560,1780554379323170560,Effective Decode Throughput Per User,tokens/sec/user,std,0.00
134,1780554378323170560,1780554379323170560,Effective Prefill Concurrency,requests,avg,1.91
134,1780554378323170560,1780554379323170560,Effective Prefill Concurrency,requests,min,1.00
134,1780554378323170560,1780554379323170560,Effective Prefill Concurrency,requests,max,2.00
134,1780554378323170560,1780554379323170560,Effective Prefill Concurrency,requests,p50,2.00
134,1780554378323170560,1780554379323170560,Effective Prefill Concurrency,requests,p90,2.00
134,1780554378323170560,1780554379323170560,Effective Prefill Concurrency,requests,p95,2.00
134,1780554378323170560,1780554379323170560,Effective Prefill Concurrency,requests,p99,2.00
134,1780554378323170560,1780554379323170560,Effective Prefill Concurrency,requests,std,0.29
134,1780554378323170560,1780554379323170560,Effective Prefill Throughput,tokens/sec,avg,21680.71
134,1780554378323170560,1780554379323170560,Effective Prefill Throughput,tokens/sec,min,11858.30
134,1780554378323170560,1780554379323170560,Effective Prefill Throughput,tokens/sec,max,22666.26
134,1780554378323170560,1780554379323170560,Effective Prefill Throughput,tokens/sec,p50,22666.26
134,1780554378323170560,1780554379323170560,Effective Prefill Throughput,tokens/sec,p90,22666.26
134,1780554378323170560,1780554379323170560,Effective Prefill Throughput,tokens/sec,p95,22666.26
134,1780554378323170560,1780554379323170560,Effective Prefill Throughput,tokens/sec,p99,22666.26
134,1780554378323170560,1780554379323170560,Effective Prefill Throughput,tokens/sec,std,3111.34
134,1780554378323170560,1780554379323170560,Effective Prefill Throughput Per User,tokens/sec/user,avg,11381.02
134,1780554378323170560,1780554379323170560,Effective Prefill Throughput Per User,tokens/sec/user,min,11333.13
134,1780554378323170560,1780554379323170560,Effective Prefill Throughput Per User,tokens/sec/user,max,11858.30
134,1780554378323170560,1780554379323170560,Effective Prefill Throughput Per User,tokens/sec/user,p50,11333.13
134,1780554378323170560,1780554379323170560,Effective Prefill Throughput Per User,tokens/sec/user,p90,11333.13
134,1780554378323170560,1780554379323170560,Effective Prefill Throughput Per User,tokens/sec/user,p95,11858.30
134,1780554378323170560,1780554379323170560,Effective Prefill Throughput Per User,tokens/sec/user,p99,11858.30
134,1780554378323170560,1780554379323170560,Effective Prefill Throughput Per User,tokens/sec/user,std,151.18
134,1780554378323170560,1780554379323170560,Effective Total Throughput,tokens/sec,avg,21760.92
134,1780554378323170560,1780554379323170560,Effective Total Throughput,tokens/sec,min,11938.51
134,1780554378323170560,1780554379323170560,Effective Total Throughput,tokens/sec,max,22746.47
134,1780554378323170560,1780554379323170560,Effective Total Throughput,tokens/sec,p50,22746.47
134,1780554378323170560,1780554379323170560,Effective Total Throughput,tokens/sec,p90,22746.47
134,1780554378323170560,1780554379323170560,Effective Total Throughput,tokens/sec,p95,22746.47
134,1780554378323170560,1780554379323170560,Effective Total Throughput,tokens/sec,p99,22746.47
134,1780554378323170560,1780554379323170560,Effective Total Throughput,tokens/sec,std,3111.34
134,1780554378323170560,1780554379323170560,HTTP Blocked,ms,avg,0.00
134,1780554378323170560,1780554379323170560,HTTP Blocked,ms,min,0.00
134,1780554378323170560,1780554379323170560,HTTP Blocked,ms,max,0.00
134,1780554378323170560,1780554379323170560,HTTP Blocked,ms,sum,0.00
134,1780554378323170560,1780554379323170560,HTTP Blocked,ms,p1,0.00
134,1780554378323170560,1780554379323170560,HTTP Blocked,ms,p5,0.00
134,1780554378323170560,1780554379323170560,HTTP Blocked,ms,p10,0.00
134,1780554378323170560,1780554379323170560,HTTP Blocked,ms,p25,0.00
134,1780554378323170560,1780554379323170560,HTTP Blocked,ms,p50,0.00
134,1780554378323170560,1780554379323170560,HTTP Blocked,ms,p75,0.00
134,1780554378323170560,1780554379323170560,HTTP Blocked,ms,p90,0.00
134,1780554378323170560,1780554379323170560,HTTP Blocked,ms,p95,0.00
134,1780554378323170560,1780554379323170560,HTTP Blocked,ms,p99,0.00
134,1780554378323170560,1780554379323170560,HTTP Blocked,ms,std,0.00
134,1780554378323170560,1780554379323170560,HTTP Chunks Received,count,avg,163.00
134,1780554378323170560,1780554379323170560,HTTP Chunks Received,count,min,163.00
134,1780554378323170560,1780554379323170560,HTTP Chunks Received,count,max,163.00
134,1780554378323170560,1780554379323170560,HTTP Chunks Received,count,sum,163.00
134,1780554378323170560,1780554379323170560,HTTP Chunks Received,count,p1,163.00
134,1780554378323170560,1780554379323170560,HTTP Chunks Received,count,p5,163.00
134,1780554378323170560,1780554379323170560,HTTP Chunks Received,count,p10,163.00
134,1780554378323170560,1780554379323170560,HTTP Chunks Received,count,p25,163.00
134,1780554378323170560,1780554379323170560,HTTP Chunks Received,count,p50,163.00
134,1780554378323170560,1780554379323170560,HTTP Chunks Received,count,p75,163.00
134,1780554378323170560,1780554379323170560,HTTP Chunks Received,count,p90,163.00
134,1780554378323170560,1780554379323170560,HTTP Chunks Received,count,p95,163.00
134,1780554378323170560,1780554379323170560,HTTP Chunks Received,count,p99,163.00
134,1780554378323170560,1780554379323170560,HTTP Chunks Received,count,std,0.00
134,1780554378323170560,1780554379323170560,HTTP Chunks Sent,count,avg,1.00
134,1780554378323170560,1780554379323170560,HTTP Chunks Sent,count,min,1.00
134,1780554378323170560,1780554379323170560,HTTP Chunks Sent,count,max,1.00
134,1780554378323170560,1780554379323170560,HTTP Chunks Sent,count,sum,1.00
134,1780554378323170560,1780554379323170560,HTTP Chunks Sent,count,p1,1.00
134,1780554378323170560,1780554379323170560,HTTP Chunks Sent,count,p5,1.00
134,1780554378323170560,1780554379323170560,HTTP Chunks Sent,count,p10,1.00
134,1780554378323170560,1780554379323170560,HTTP Chunks Sent,count,p25,1.00
134,1780554378323170560,1780554379323170560,HTTP Chunks Sent,count,p50,1.00
134,1780554378323170560,1780554379323170560,HTTP Chunks Sent,count,p75,1.00
134,1780554378323170560,1780554379323170560,HTTP Chunks Sent,count,p90,1.00
134,1780554378323170560,1780554379323170560,HTTP Chunks Sent,count,p95,1.00
134,1780554378323170560,1780554379323170560,HTTP Chunks Sent,count,p99,1.00
134,1780554378323170560,1780554379323170560,HTTP Chunks Sent,count,std,0.00
134,1780554378323170560,1780554379323170560,HTTP Connecting,ms,avg,0.00
134,1780554378323170560,1780554379323170560,HTTP Connecting,ms,min,0.00
134,1780554378323170560,1780554379323170560,HTTP Connecting,ms,max,0.00
134,1780554378323170560,1780554379323170560,HTTP Connecting,ms,sum,0.00
134,1780554378323170560,1780554379323170560,HTTP Connecting,ms,p1,0.00
134,1780554378323170560,1780554379323170560,HTTP Connecting,ms,p5,0.00
134,1780554378323170560,1780554379323170560,HTTP Connecting,ms,p10,0.00
134,1780554378323170560,1780554379323170560,HTTP Connecting,ms,p25,0.00
134,1780554378323170560,1780554379323170560,HTTP Connecting,ms,p50,0.00
134,1780554378323170560,1780554379323170560,HTTP Connecting,ms,p75,0.00
134,1780554378323170560,1780554379323170560,HTTP Connecting,ms,p90,0.00
134,1780554378323170560,1780554379323170560,HTTP Connecting,ms,p95,0.00
134,1780554378323170560,1780554379323170560,HTTP Connecting,ms,p99,0.00
134,1780554378323170560,1780554379323170560,HTTP Connecting,ms,std,0.00
134,1780554378323170560,1780554379323170560,HTTP Connection Overhead,ms,avg,0.00
134,1780554378323170560,1780554379323170560,HTTP Connection Overhead,ms,min,0.00
134,1780554378323170560,1780554379323170560,HTTP Connection Overhead,ms,max,0.00
134,1780554378323170560,1780554379323170560,HTTP Connection Overhead,ms,sum,0.00
134,1780554378323170560,1780554379323170560,HTTP Connection Overhead,ms,p1,0.00
134,1780554378323170560,1780554379323170560,HTTP Connection Overhead,ms,p5,0.00
134,1780554378323170560,1780554379323170560,HTTP Connection Overhead,ms,p10,0.00
134,1780554378323170560,1780554379323170560,HTTP Connection Overhead,ms,p25,0.00
134,1780554378323170560,1780554379323170560,HTTP Connection Overhead,ms,p50,0.00
134,1780554378323170560,1780554379323170560,HTTP Connection Overhead,ms,p75,0.00
134,1780554378323170560,1780554379323170560,HTTP Connection Overhead,ms,p90,0.00
134,1780554378323170560,1780554379323170560,HTTP Connection Overhead,ms,p95,0.00
134,1780554378323170560,1780554379323170560,HTTP Connection Overhead,ms,p99,0.00
134,1780554378323170560,1780554379323170560,HTTP Connection Overhead,ms,std,0.00
134,1780554378323170560,1780554379323170560,HTTP Connection Reused,ratio,avg,1.00
134,1780554378323170560,1780554379323170560,HTTP Connection Reused,ratio,min,1.00
134,1780554378323170560,1780554379323170560,HTTP Connection Reused,ratio,max,1.00
134,1780554378323170560,1780554379323170560,HTTP Connection Reused,ratio,sum,1.00
134,1780554378323170560,1780554379323170560,HTTP Connection Reused,ratio,p1,1.00
134,1780554378323170560,1780554379323170560,HTTP Connection Reused,ratio,p5,1.00
134,1780554378323170560,1780554379323170560,HTTP Connection Reused,ratio,p10,1.00
134,1780554378323170560,1780554379323170560,HTTP Connection Reused,ratio,p25,1.00
134,1780554378323170560,1780554379323170560,HTTP Connection Reused,ratio,p50,1.00
134,1780554378323170560,1780554379323170560,HTTP Connection Reused,ratio,p75,1.00
134,1780554378323170560,1780554379323170560,HTTP Connection Reused,ratio,p90,1.00
134,1780554378323170560,1780554379323170560,HTTP Connection Reused,ratio,p95,1.00
134,1780554378323170560,1780554379323170560,HTTP Connection Reused,ratio,p99,1.00
134,1780554378323170560,1780554379323170560,HTTP Connection Reused,ratio,std,0.00
134,1780554378323170560,1780554379323170560,HTTP Data Received,KB,avg,41.27
134,1780554378323170560,1780554379323170560,HTTP Data Received,KB,min,41.27
134,1780554378323170560,1780554379323170560,HTTP Data Received,KB,max,41.27
134,1780554378323170560,1780554379323170560,HTTP Data Received,KB,sum,41.27
134,1780554378323170560,1780554379323170560,HTTP Data Received,KB,p1,41.27
134,1780554378323170560,1780554379323170560,HTTP Data Received,KB,p5,41.27
134,1780554378323170560,1780554379323170560,HTTP Data Received,KB,p10,41.27
134,1780554378323170560,1780554379323170560,HTTP Data Received,KB,p25,41.27
134,1780554378323170560,1780554379323170560,HTTP Data Received,KB,p50,41.27
134,1780554378323170560,1780554379323170560,HTTP Data Received,KB,p75,41.27
134,1780554378323170560,1780554379323170560,HTTP Data Received,KB,p90,41.27
134,1780554378323170560,1780554379323170560,HTTP Data Received,KB,p95,41.27
134,1780554378323170560,1780554379323170560,HTTP Data Received,KB,p99,41.27
134,1780554378323170560,1780554379323170560,HTTP Data Received,KB,std,0.00
134,1780554378323170560,1780554379323170560,HTTP Data Sent,KB,avg,208.19
134,1780554378323170560,1780554379323170560,HTTP Data Sent,KB,min,208.19
134,1780554378323170560,1780554379323170560,HTTP Data Sent,KB,max,208.19
134,1780554378323170560,1780554379323170560,HTTP Data Sent,KB,sum,208.19
134,1780554378323170560,1780554379323170560,HTTP Data Sent,KB,p1,208.19
134,1780554378323170560,1780554379323170560,HTTP Data Sent,KB,p5,208.19
134,1780554378323170560,1780554379323170560,HTTP Data Sent,KB,p10,208.19
134,1780554378323170560,1780554379323170560,HTTP Data Sent,KB,p25,208.19
134,1780554378323170560,1780554379323170560,HTTP Data Sent,KB,p50,208.19
134,1780554378323170560,1780554379323170560,HTTP Data Sent,KB,p75,208.19
134,1780554378323170560,1780554379323170560,HTTP Data Sent,KB,p90,208.19
134,1780554378323170560,1780554379323170560,HTTP Data Sent,KB,p95,208.19
134,1780554378323170560,1780554379323170560,HTTP Data Sent,KB,p99,208.19
134,1780554378323170560,1780554379323170560,HTTP Data Sent,KB,std,0.00
134,1780554378323170560,1780554379323170560,HTTP DNS Lookup,ms,avg,0.00
134,1780554378323170560,1780554379323170560,HTTP DNS Lookup,ms,min,0.00
134,1780554378323170560,1780554379323170560,HTTP DNS Lookup,ms,max,0.00
134,1780554378323170560,1780554379323170560,HTTP DNS Lookup,ms,sum,0.00
134,1780554378323170560,1780554379323170560,HTTP DNS Lookup,ms,p1,0.00
134,1780554378323170560,1780554379323170560,HTTP DNS Lookup,ms,p5,0.00
134,1780554378323170560,1780554379323170560,HTTP DNS Lookup,ms,p10,0.00
134,1780554378323170560,1780554379323170560,HTTP DNS Lookup,ms,p25,0.00
134,1780554378323170560,1780554379323170560,HTTP DNS Lookup,ms,p50,0.00
134,1780554378323170560,1780554379323170560,HTTP DNS Lookup,ms,p75,0.00
134,1780554378323170560,1780554379323170560,HTTP DNS Lookup,ms,p90,0.00
134,1780554378323170560,1780554379323170560,HTTP DNS Lookup,ms,p95,0.00
134,1780554378323170560,1780554379323170560,HTTP DNS Lookup,ms,p99,0.00
134,1780554378323170560,1780554379323170560,HTTP DNS Lookup,ms,std,0.00
134,1780554378323170560,1780554379323170560,HTTP Duration (excl. conn),ms,avg,39762.81
134,1780554378323170560,1780554379323170560,HTTP Duration (excl. conn),ms,min,39762.81
134,1780554378323170560,1780554379323170560,HTTP Duration (excl. conn),ms,max,39762.81
134,1780554378323170560,1780554379323170560,HTTP Duration (excl. conn),ms,sum,39762.81
134,1780554378323170560,1780554379323170560,HTTP Duration (excl. conn),ms,p1,39762.81
134,1780554378323170560,1780554379323170560,HTTP Duration (excl. conn),ms,p5,39762.81
134,1780554378323170560,1780554379323170560,HTTP Duration (excl. conn),ms,p10,39762.81
134,1780554378323170560,1780554379323170560,HTTP Duration (excl. conn),ms,p25,39762.81
134,1780554378323170560,1780554379323170560,HTTP Duration (excl. conn),ms,p50,39762.81
134,1780554378323170560,1780554379323170560,HTTP Duration (excl. conn),ms,p75,39762.81
134,1780554378323170560,1780554379323170560,HTTP Duration (excl. conn),ms,p90,39762.81
134,1780554378323170560,1780554379323170560,HTTP Duration (excl. conn),ms,p95,39762.81
134,1780554378323170560,1780554379323170560,HTTP Duration (excl. conn),ms,p99,39762.81
134,1780554378323170560,1780554379323170560,HTTP Duration (excl. conn),ms,std,0.00
134,1780554378323170560,1780554379323170560,HTTP Receiving,ms,avg,34823.81
134,1780554378323170560,1780554379323170560,HTTP Receiving,ms,min,34823.81
134,1780554378323170560,1780554379323170560,HTTP Receiving,ms,max,34823.81
134,1780554378323170560,1780554379323170560,HTTP Receiving,ms,sum,34823.81
134,1780554378323170560,1780554379323170560,HTTP Receiving,ms,p1,34823.81
134,1780554378323170560,1780554379323170560,HTTP Receiving,ms,p5,34823.81
134,1780554378323170560,1780554379323170560,HTTP Receiving,ms,p10,34823.81
134,1780554378323170560,1780554379323170560,HTTP Receiving,ms,p25,34823.81
134,1780554378323170560,1780554379323170560,HTTP Receiving,ms,p50,34823.81
134,1780554378323170560,1780554379323170560,HTTP Receiving,ms,p75,34823.81
134,1780554378323170560,1780554379323170560,HTTP Receiving,ms,p90,34823.81
134,1780554378323170560,1780554379323170560,HTTP Receiving,ms,p95,34823.81
134,1780554378323170560,1780554379323170560,HTTP Receiving,ms,p99,34823.81
134,1780554378323170560,1780554379323170560,HTTP Receiving,ms,std,0.00
134,1780554378323170560,1780554379323170560,HTTP Sending,ms,avg,0.26
134,1780554378323170560,1780554379323170560,HTTP Sending,ms,min,0.26
134,1780554378323170560,1780554379323170560,HTTP Sending,ms,max,0.26
134,1780554378323170560,1780554379323170560,HTTP Sending,ms,sum,0.26
134,1780554378323170560,1780554379323170560,HTTP Sending,ms,p1,0.26
134,1780554378323170560,1780554379323170560,HTTP Sending,ms,p5,0.26
134,1780554378323170560,1780554379323170560,HTTP Sending,ms,p10,0.26
134,1780554378323170560,1780554379323170560,HTTP Sending,ms,p25,0.26
134,1780554378323170560,1780554379323170560,HTTP Sending,ms,p50,0.26
134,1780554378323170560,1780554379323170560,HTTP Sending,ms,p75,0.26
134,1780554378323170560,1780554379323170560,HTTP Sending,ms,p90,0.26
134,1780554378323170560,1780554379323170560,HTTP Sending,ms,p95,0.26
134,1780554378323170560,1780554379323170560,HTTP Sending,ms,p99,0.26
134,1780554378323170560,1780554379323170560,HTTP Sending,ms,std,0.00
134,1780554378323170560,1780554379323170560,HTTP Total Time,ms,avg,39762.81
134,1780554378323170560,1780554379323170560,HTTP Total Time,ms,min,39762.81
134,1780554378323170560,1780554379323170560,HTTP Total Time,ms,max,39762.81
134,1780554378323170560,1780554379323170560,HTTP Total Time,ms,sum,39762.81
134,1780554378323170560,1780554379323170560,HTTP Total Time,ms,p1,39762.81
134,1780554378323170560,1780554379323170560,HTTP Total Time,ms,p5,39762.81
134,1780554378323170560,1780554379323170560,HTTP Total Time,ms,p10,39762.81
134,1780554378323170560,1780554379323170560,HTTP Total Time,ms,p25,39762.81
134,1780554378323170560,1780554379323170560,HTTP Total Time,ms,p50,39762.81
134,1780554378323170560,1780554379323170560,HTTP Total Time,ms,p75,39762.81
134,1780554378323170560,1780554379323170560,HTTP Total Time,ms,p90,39762.81
134,1780554378323170560,1780554379323170560,HTTP Total Time,ms,p95,39762.81
134,1780554378323170560,1780554379323170560,HTTP Total Time,ms,p99,39762.81
134,1780554378323170560,1780554379323170560,HTTP Total Time,ms,std,0.00
134,1780554378323170560,1780554379323170560,HTTP Waiting (TTFB),ms,avg,4938.75
134,1780554378323170560,1780554379323170560,HTTP Waiting (TTFB),ms,min,4938.75
134,1780554378323170560,1780554379323170560,HTTP Waiting (TTFB),ms,max,4938.75
134,1780554378323170560,1780554379323170560,HTTP Waiting (TTFB),ms,sum,4938.75
134,1780554378323170560,1780554379323170560,HTTP Waiting (TTFB),ms,p1,4938.75
134,1780554378323170560,1780554379323170560,HTTP Waiting (TTFB),ms,p5,4938.75
134,1780554378323170560,1780554379323170560,HTTP Waiting (TTFB),ms,p10,4938.75
134,1780554378323170560,1780554379323170560,HTTP Waiting (TTFB),ms,p25,4938.75
134,1780554378323170560,1780554379323170560,HTTP Waiting (TTFB),ms,p50,4938.75
134,1780554378323170560,1780554379323170560,HTTP Waiting (TTFB),ms,p75,4938.75
134,1780554378323170560,1780554379323170560,HTTP Waiting (TTFB),ms,p90,4938.75
134,1780554378323170560,1780554379323170560,HTTP Waiting (TTFB),ms,p95,4938.75
134,1780554378323170560,1780554379323170560,HTTP Waiting (TTFB),ms,p99,4938.75
134,1780554378323170560,1780554379323170560,HTTP Waiting (TTFB),ms,std,0.00
134,1780554378323170560,1780554379323170560,Input Sequence Length,tokens,avg,53382.00
134,1780554378323170560,1780554379323170560,Input Sequence Length,tokens,min,53382.00
134,1780554378323170560,1780554379323170560,Input Sequence Length,tokens,max,53382.00
134,1780554378323170560,1780554379323170560,Input Sequence Length,tokens,sum,53382.00
134,1780554378323170560,1780554379323170560,Input Sequence Length,tokens,p1,53382.00
134,1780554378323170560,1780554379323170560,Input Sequence Length,tokens,p5,53382.00
134,1780554378323170560,1780554379323170560,Input Sequence Length,tokens,p10,53382.00
134,1780554378323170560,1780554379323170560,Input Sequence Length,tokens,p25,53382.00
134,1780554378323170560,1780554379323170560,Input Sequence Length,tokens,p50,53382.00
134,1780554378323170560,1780554379323170560,Input Sequence Length,tokens,p75,53382.00
134,1780554378323170560,1780554379323170560,Input Sequence Length,tokens,p90,53382.00
134,1780554378323170560,1780554379323170560,Input Sequence Length,tokens,p95,53382.00
134,1780554378323170560,1780554379323170560,Input Sequence Length,tokens,p99,53382.00
134,1780554378323170560,1780554379323170560,Input Sequence Length,tokens,std,0.00
134,1780554378323170560,1780554379323170560,Input Token Throughput,tokens/sec,avg,53382.00
134,1780554378323170560,1780554379323170560,Inter Chunk Latency,ms,avg,68.62
134,1780554378323170560,1780554379323170560,Inter Chunk Latency,ms,min,68.62
134,1780554378323170560,1780554379323170560,Inter Chunk Latency,ms,max,68.63
134,1780554378323170560,1780554379323170560,Inter Chunk Latency,ms,sum,11116.54
134,1780554378323170560,1780554379323170560,Inter Chunk Latency,ms,p1,68.62
134,1780554378323170560,1780554379323170560,Inter Chunk Latency,ms,p5,68.62
134,1780554378323170560,1780554379323170560,Inter Chunk Latency,ms,p10,68.62
134,1780554378323170560,1780554379323170560,Inter Chunk Latency,ms,p25,68.62
134,1780554378323170560,1780554379323170560,Inter Chunk Latency,ms,p50,68.62
134,1780554378323170560,1780554379323170560,Inter Chunk Latency,ms,p75,68.62
134,1780554378323170560,1780554379323170560,Inter Chunk Latency,ms,p90,68.62
134,1780554378323170560,1780554379323170560,Inter Chunk Latency,ms,p95,68.62
134,1780554378323170560,1780554379323170560,Inter Chunk Latency,ms,p99,68.63
134,1780554378323170560,1780554379323170560,Inter Chunk Latency,ms,std,0.00
134,1780554378323170560,1780554379323170560,Inter Token Latency,ms,avg,214.96
134,1780554378323170560,1780554379323170560,Inter Token Latency,ms,min,214.96
134,1780554378323170560,1780554379323170560,Inter Token Latency,ms,max,214.96
134,1780554378323170560,1780554379323170560,Inter Token Latency,ms,sum,214.96
134,1780554378323170560,1780554379323170560,Inter Token Latency,ms,p1,214.96
134,1780554378323170560,1780554379323170560,Inter Token Latency,ms,p5,214.96
134,1780554378323170560,1780554379323170560,Inter Token Latency,ms,p10,214.96
134,1780554378323170560,1780554379323170560,Inter Token Latency,ms,p25,214.96
134,1780554378323170560,1780554379323170560,Inter Token Latency,ms,p50,214.96
134,1780554378323170560,1780554379323170560,Inter Token Latency,ms,p75,214.96
134,1780554378323170560,1780554379323170560,Inter Token Latency,ms,p90,214.96
134,1780554378323170560,1780554379323170560,Inter Token Latency,ms,p95,214.96
134,1780554378323170560,1780554379323170560,Inter Token Latency,ms,p99,214.96
134,1780554378323170560,1780554379323170560,Inter Token Latency,ms,std,0.00
134,1780554378323170560,1780554379323170560,Maximum Response Timestamp,ns,avg,1780554418177290240.00
134,1780554378323170560,1780554379323170560,Minimum Request Timestamp,ns,avg,1780554378414357504.00
134,1780554378323170560,1780554379323170560,OSL Mismatch Count,requests,avg,0.00
134,1780554378323170560,1780554379323170560,OSL Mismatch Diff %,%,avg,0.00
134,1780554378323170560,1780554379323170560,OSL Mismatch Diff %,%,min,0.00
134,1780554378323170560,1780554379323170560,OSL Mismatch Diff %,%,max,0.00
134,1780554378323170560,1780554379323170560,OSL Mismatch Diff %,%,sum,0.00
134,1780554378323170560,1780554379323170560,OSL Mismatch Diff %,%,p1,0.00
134,1780554378323170560,1780554379323170560,OSL Mismatch Diff %,%,p5,0.00
134,1780554378323170560,1780554379323170560,OSL Mismatch Diff %,%,p10,0.00
134,1780554378323170560,1780554379323170560,OSL Mismatch Diff %,%,p25,0.00
134,1780554378323170560,1780554379323170560,OSL Mismatch Diff %,%,p50,0.00
134,1780554378323170560,1780554379323170560,OSL Mismatch Diff %,%,p75,0.00
134,1780554378323170560,1780554379323170560,OSL Mismatch Diff %,%,p90,0.00
134,1780554378323170560,1780554379323170560,OSL Mismatch Diff %,%,p95,0.00
134,1780554378323170560,1780554379323170560,OSL Mismatch Diff %,%,p99,0.00
134,1780554378323170560,1780554379323170560,OSL Mismatch Diff %,%,std,0.00
134,1780554378323170560,1780554379323170560,Output Sequence Length,tokens,avg,163.00
134,1780554378323170560,1780554379323170560,Output Sequence Length,tokens,min,163.00
134,1780554378323170560,1780554379323170560,Output Sequence Length,tokens,max,163.00
134,1780554378323170560,1780554379323170560,Output Sequence Length,tokens,sum,163.00
134,1780554378323170560,1780554379323170560,Output Sequence Length,tokens,p1,163.00
134,1780554378323170560,1780554379323170560,Output Sequence Length,tokens,p5,163.00
134,1780554378323170560,1780554379323170560,Output Sequence Length,tokens,p10,163.00
134,1780554378323170560,1780554379323170560,Output Sequence Length,tokens,p25,163.00
134,1780554378323170560,1780554379323170560,Output Sequence Length,tokens,p50,163.00
134,1780554378323170560,1780554379323170560,Output Sequence Length,tokens,p75,163.00
134,1780554378323170560,1780554379323170560,Output Sequence Length,tokens,p90,163.00
134,1780554378323170560,1780554379323170560,Output Sequence Length,tokens,p95,163.00
134,1780554378323170560,1780554379323170560,Output Sequence Length,tokens,p99,163.00
134,1780554378323170560,1780554379323170560,Output Sequence Length,tokens,std,0.00
134,1780554378323170560,1780554379323170560,Output Token Count,tokens,avg,163.00
134,1780554378323170560,1780554379323170560,Output Token Count,tokens,min,163.00
134,1780554378323170560,1780554379323170560,Output Token Count,tokens,max,163.00
134,1780554378323170560,1780554379323170560,Output Token Count,tokens,sum,163.00
134,1780554378323170560,1780554379323170560,Output Token Count,tokens,p1,163.00
134,1780554378323170560,1780554379323170560,Output Token Count,tokens,p5,163.00
134,1780554378323170560,1780554379323170560,Output Token Count,tokens,p10,163.00
134,1780554378323170560,1780554379323170560,Output Token Count,tokens,p25,163.00
134,1780554378323170560,1780554379323170560,Output Token Count,tokens,p50,163.00
134,1780554378323170560,1780554379323170560,Output Token Count,tokens,p75,163.00
134,1780554378323170560,1780554379323170560,Output Token Count,tokens,p90,163.00
134,1780554378323170560,1780554379323170560,Output Token Count,tokens,p95,163.00
134,1780554378323170560,1780554379323170560,Output Token Count,tokens,p99,163.00
134,1780554378323170560,1780554379323170560,Output Token Count,tokens,std,0.00
134,1780554378323170560,1780554379323170560,Output Token Throughput,tokens/sec,avg,163.00
134,1780554378323170560,1780554379323170560,Output Token Throughput Per User,tokens/sec/user,avg,4.65
134,1780554378323170560,1780554379323170560,Output Token Throughput Per User,tokens/sec/user,min,4.65
134,1780554378323170560,1780554379323170560,Output Token Throughput Per User,tokens/sec/user,max,4.65
134,1780554378323170560,1780554379323170560,Output Token Throughput Per User,tokens/sec/user,sum,4.65
134,1780554378323170560,1780554379323170560,Output Token Throughput Per User,tokens/sec/user,p1,4.65
134,1780554378323170560,1780554379323170560,Output Token Throughput Per User,tokens/sec/user,p5,4.65
134,1780554378323170560,1780554379323170560,Output Token Throughput Per User,tokens/sec/user,p10,4.65
134,1780554378323170560,1780554379323170560,Output Token Throughput Per User,tokens/sec/user,p25,4.65
134,1780554378323170560,1780554379323170560,Output Token Throughput Per User,tokens/sec/user,p50,4.65
134,1780554378323170560,1780554379323170560,Output Token Throughput Per User,tokens/sec/user,p75,4.65
134,1780554378323170560,1780554379323170560,Output Token Throughput Per User,tokens/sec/user,p90,4.65
134,1780554378323170560,1780554379323170560,Output Token Throughput Per User,tokens/sec/user,p95,4.65
134,1780554378323170560,1780554379323170560,Output Token Throughput Per User,tokens/sec/user,p99,4.65
134,1780554378323170560,1780554379323170560,Output Token Throughput Per User,tokens/sec/user,std,0.00
134,1780554378323170560,1780554379323170560,Prefill Throughput Per User,tokens/sec/user,avg,10807.96
134,1780554378323170560,1780554379323170560,Prefill Throughput Per User,tokens/sec/user,min,10807.96
134,1780554378323170560,1780554379323170560,Prefill Throughput Per User,tokens/sec/user,max,10807.96
134,1780554378323170560,1780554379323170560,Prefill Throughput Per User,tokens/sec/user,sum,10807.96
134,1780554378323170560,1780554379323170560,Prefill Throughput Per User,tokens/sec/user,p1,10807.96
134,1780554378323170560,1780554379323170560,Prefill Throughput Per User,tokens/sec/user,p5,10807.96
134,1780554378323170560,1780554379323170560,Prefill Throughput Per User,tokens/sec/user,p10,10807.96
134,1780554378323170560,1780554379323170560,Prefill Throughput Per User,tokens/sec/user,p25,10807.96
134,1780554378323170560,1780554379323170560,Prefill Throughput Per User,tokens/sec/user,p50,10807.96
134,1780554378323170560,1780554379323170560,Prefill Throughput Per User,tokens/sec/user,p75,10807.96
134,1780554378323170560,1780554379323170560,Prefill Throughput Per User,tokens/sec/user,p90,10807.96
134,1780554378323170560,1780554379323170560,Prefill Throughput Per User,tokens/sec/user,p95,10807.96
134,1780554378323170560,1780554379323170560,Prefill Throughput Per User,tokens/sec/user,p99,10807.96
134,1780554378323170560,1780554379323170560,Prefill Throughput Per User,tokens/sec/user,std,0.00
134,1780554378323170560,1780554379323170560,Request Count,requests,avg,1.00
134,1780554378323170560,1780554379323170560,Request Latency,ms,avg,39762.93
134,1780554378323170560,1780554379323170560,Request Latency,ms,min,39762.93
134,1780554378323170560,1780554379323170560,Request Latency,ms,max,39762.93
134,1780554378323170560,1780554379323170560,Request Latency,ms,sum,39762.93
134,1780554378323170560,1780554379323170560,Request Latency,ms,p1,39762.93
134,1780554378323170560,1780554379323170560,Request Latency,ms,p5,39762.93
134,1780554378323170560,1780554379323170560,Request Latency,ms,p10,39762.93
134,1780554378323170560,1780554379323170560,Request Latency,ms,p25,39762.93
134,1780554378323170560,1780554379323170560,Request Latency,ms,p50,39762.93
134,1780554378323170560,1780554379323170560,Request Latency,ms,p75,39762.93
134,1780554378323170560,1780554379323170560,Request Latency,ms,p90,39762.93
134,1780554378323170560,1780554379323170560,Request Latency,ms,p95,39762.93
134,1780554378323170560,1780554379323170560,Request Latency,ms,p99,39762.93
134,1780554378323170560,1780554379323170560,Request Latency,ms,std,0.00
134,1780554378323170560,1780554379323170560,Request Throughput,requests/sec,avg,1.00
134,1780554378323170560,1780554379323170560,Requested OSL,tokens,avg,163.00
134,1780554378323170560,1780554379323170560,Requested OSL,tokens,min,163.00
134,1780554378323170560,1780554379323170560,Requested OSL,tokens,max,163.00
134,1780554378323170560,1780554379323170560,Requested OSL,tokens,sum,163.00
134,1780554378323170560,1780554379323170560,Requested OSL,tokens,p1,163.00
134,1780554378323170560,1780554379323170560,Requested OSL,tokens,p5,163.00
134,1780554378323170560,1780554379323170560,Requested OSL,tokens,p10,163.00
134,1780554378323170560,1780554379323170560,Requested OSL,tokens,p25,163.00
134,1780554378323170560,1780554379323170560,Requested OSL,tokens,p50,163.00
134,1780554378323170560,1780554379323170560,Requested OSL,tokens,p75,163.00
134,1780554378323170560,1780554379323170560,Requested OSL,tokens,p90,163.00
134,1780554378323170560,1780554379323170560,Requested OSL,tokens,p95,163.00
134,1780554378323170560,1780554379323170560,Requested OSL,tokens,p99,163.00
134,1780554378323170560,1780554379323170560,Requested OSL,tokens,std,0.00
134,1780554378323170560,1780554379323170560,Time to First Output Token,ms,avg,4939.14
134,1780554378323170560,1780554379323170560,Time to First Output Token,ms,min,4939.14
134,1780554378323170560,1780554379323170560,Time to First Output Token,ms,max,4939.14
134,1780554378323170560,1780554379323170560,Time to First Output Token,ms,sum,4939.14
134,1780554378323170560,1780554379323170560,Time to First Output Token,ms,p1,4939.14
134,1780554378323170560,1780554379323170560,Time to First Output Token,ms,p5,4939.14
134,1780554378323170560,1780554379323170560,Time to First Output Token,ms,p10,4939.14
134,1780554378323170560,1780554379323170560,Time to First Output Token,ms,p25,4939.14
134,1780554378323170560,1780554379323170560,Time to First Output Token,ms,p50,4939.14
134,1780554378323170560,1780554379323170560,Time to First Output Token,ms,p75,4939.14
134,1780554378323170560,1780554379323170560,Time to First Output Token,ms,p90,4939.14
134,1780554378323170560,1780554379323170560,Time to First Output Token,ms,p95,4939.14
134,1780554378323170560,1780554379323170560,Time to First Output Token,ms,p99,4939.14
134,1780554378323170560,1780554379323170560,Time to First Output Token,ms,std,0.00
134,1780554378323170560,1780554379323170560,Time to First Token,ms,avg,4939.14
134,1780554378323170560,1780554379323170560,Time to First Token,ms,min,4939.14
134,1780554378323170560,1780554379323170560,Time to First Token,ms,max,4939.14
134,1780554378323170560,1780554379323170560,Time to First Token,ms,sum,4939.14
134,1780554378323170560,1780554379323170560,Time to First Token,ms,p1,4939.14
134,1780554378323170560,1780554379323170560,Time to First Token,ms,p5,4939.14
134,1780554378323170560,1780554379323170560,Time to First Token,ms,p10,4939.14
134,1780554378323170560,1780554379323170560,Time to First Token,ms,p25,4939.14
134,1780554378323170560,1780554379323170560,Time to First Token,ms,p50,4939.14
134,1780554378323170560,1780554379323170560,Time to First Token,ms,p75,4939.14
134,1780554378323170560,1780554379323170560,Time to First Token,ms,p90,4939.14
134,1780554378323170560,1780554379323170560,Time to First Token,ms,p95,4939.14
134,1780554378323170560,1780554379323170560,Time to First Token,ms,p99,4939.14
134,1780554378323170560,1780554379323170560,Time to First Token,ms,std,0.00
134,1780554378323170560,1780554379323170560,Time to Second Token,ms,avg,24.05
134,1780554378323170560,1780554379323170560,Time to Second Token,ms,min,24.05
134,1780554378323170560,1780554379323170560,Time to Second Token,ms,max,24.05
134,1780554378323170560,1780554379323170560,Time to Second Token,ms,sum,24.05
134,1780554378323170560,1780554379323170560,Time to Second Token,ms,p1,24.05
134,1780554378323170560,1780554379323170560,Time to Second Token,ms,p5,24.05
134,1780554378323170560,1780554379323170560,Time to Second Token,ms,p10,24.05
134,1780554378323170560,1780554379323170560,Time to Second Token,ms,p25,24.05
134,1780554378323170560,1780554379323170560,Time to Second Token,ms,p50,24.05
134,1780554378323170560,1780554379323170560,Time to Second Token,ms,p75,24.05
134,1780554378323170560,1780554379323170560,Time to Second Token,ms,p90,24.05
134,1780554378323170560,1780554379323170560,Time to Second Token,ms,p95,24.05
134,1780554378323170560,1780554379323170560,Time to Second Token,ms,p99,24.05
134,1780554378323170560,1780554379323170560,Time to Second Token,ms,std,0.00
134,1780554378323170560,1780554379323170560,Tokens In Flight,tokens,avg,1106969.23
134,1780554378323170560,1780554379323170560,Tokens In Flight,tokens,min,1058417.55
134,1780554378323170560,1780554379323170560,Tokens In Flight,tokens,max,1111875.15
134,1780554378323170560,1780554379323170560,Tokens In Flight,tokens,p50,1111835.83
134,1780554378323170560,1780554379323170560,Tokens In Flight,tokens,p90,1111866.07
134,1780554378323170560,1780554379323170560,Tokens In Flight,tokens,p95,1111870.11
134,1780554378323170560,1780554379323170560,Tokens In Flight,tokens,p99,1111872.11
134,1780554378323170560,1780554379323170560,Tokens In Flight,tokens,std,15377.96
134,1780554378323170560,1780554379323170560,Total Input Sequence Length,tokens,avg,53382.00
134,1780554378323170560,1780554379323170560,Total Output Sequence Length,tokens,avg,163.00
134,1780554378323170560,1780554379323170560,Total Output Tokens,tokens,avg,163.00
134,1780554378323170560,1780554379323170560,Total Token Throughput,tokens/sec,avg,53545.00
134,1780554378323170560,1780554379323170560,Total Usage Completion Tokens,tokens,avg,163.00
134,1780554378323170560,1780554379323170560,Total Usage Prompt Tokens,tokens,avg,53382.00
134,1780554378323170560,1780554379323170560,Total Usage Total Tokens,tokens,avg,53545.00
134,1780554378323170560,1780554379323170560,Usage Completion Tokens,tokens,avg,163.00
134,1780554378323170560,1780554379323170560,Usage Completion Tokens,tokens,min,163.00
134,1780554378323170560,1780554379323170560,Usage Completion Tokens,tokens,max,163.00
134,1780554378323170560,1780554379323170560,Usage Completion Tokens,tokens,sum,163.00
134,1780554378323170560,1780554379323170560,Usage Completion Tokens,tokens,p1,163.00
134,1780554378323170560,1780554379323170560,Usage Completion Tokens,tokens,p5,163.00
134,1780554378323170560,1780554379323170560,Usage Completion Tokens,tokens,p10,163.00
134,1780554378323170560,1780554379323170560,Usage Completion Tokens,tokens,p25,163.00
134,1780554378323170560,1780554379323170560,Usage Completion Tokens,tokens,p50,163.00
134,1780554378323170560,1780554379323170560,Usage Completion Tokens,tokens,p75,163.00
134,1780554378323170560,1780554379323170560,Usage Completion Tokens,tokens,p90,163.00
134,1780554378323170560,1780554379323170560,Usage Completion Tokens,tokens,p95,163.00
134,1780554378323170560,1780554379323170560,Usage Completion Tokens,tokens,p99,163.00
134,1780554378323170560,1780554379323170560,Usage Completion Tokens,tokens,std,0.00
134,1780554378323170560,1780554379323170560,Usage Prompt Tokens,tokens,avg,53382.00
134,1780554378323170560,1780554379323170560,Usage Prompt Tokens,tokens,min,53382.00
134,1780554378323170560,1780554379323170560,Usage Prompt Tokens,tokens,max,53382.00
134,1780554378323170560,1780554379323170560,Usage Prompt Tokens,tokens,sum,53382.00
134,1780554378323170560,1780554379323170560,Usage Prompt Tokens,tokens,p1,53382.00
134,1780554378323170560,1780554379323170560,Usage Prompt Tokens,tokens,p5,53382.00
134,1780554378323170560,1780554379323170560,Usage Prompt Tokens,tokens,p10,53382.00
134,1780554378323170560,1780554379323170560,Usage Prompt Tokens,tokens,p25,53382.00
134,1780554378323170560,1780554379323170560,Usage Prompt Tokens,tokens,p50,53382.00
134,1780554378323170560,1780554379323170560,Usage Prompt Tokens,tokens,p75,53382.00
134,1780554378323170560,1780554379323170560,Usage Prompt Tokens,tokens,p90,53382.00
134,1780554378323170560,1780554379323170560,Usage Prompt Tokens,tokens,p95,53382.00
134,1780554378323170560,1780554379323170560,Usage Prompt Tokens,tokens,p99,53382.00
134,1780554378323170560,1780554379323170560,Usage Prompt Tokens,tokens,std,0.00
134,1780554378323170560,1780554379323170560,Usage Total Tokens,tokens,avg,53545.00
134,1780554378323170560,1780554379323170560,Usage Total Tokens,tokens,min,53545.00
134,1780554378323170560,1780554379323170560,Usage Total Tokens,tokens,max,53545.00
134,1780554378323170560,1780554379323170560,Usage Total Tokens,tokens,sum,53545.00
134,1780554378323170560,1780554379323170560,Usage Total Tokens,tokens,p1,53545.00
134,1780554378323170560,1780554379323170560,Usage Total Tokens,tokens,p5,53545.00
134,1780554378323170560,1780554379323170560,Usage Total Tokens,tokens,p10,53545.00
134,1780554378323170560,1780554379323170560,Usage Total Tokens,tokens,p25,53545.00
134,1780554378323170560,1780554379323170560,Usage Total Tokens,tokens,p50,53545.00
134,1780554378323170560,1780554379323170560,Usage Total Tokens,tokens,p75,53545.00
134,1780554378323170560,1780554379323170560,Usage Total Tokens,tokens,p90,53545.00
134,1780554378323170560,1780554379323170560,Usage Total Tokens,tokens,p95,53545.00
134,1780554378323170560,1780554379323170560,Usage Total Tokens,tokens,p99,53545.00
134,1780554378323170560,1780554379323170560,Usage Total Tokens,tokens,std,0.00
135,1780554379323170560,1780554380323170560,Active Decode Throughput,tokens/sec,avg,73.32
135,1780554379323170560,1780554380323170560,Active Decode Throughput,tokens/sec,min,58.38
135,1780554379323170560,1780554380323170560,Active Decode Throughput,tokens/sec,max,88.27
135,1780554379323170560,1780554380323170560,Active Decode Throughput,tokens/sec,p50,73.32
135,1780554379323170560,1780554380323170560,Active Decode Throughput,tokens/sec,p90,73.33
135,1780554379323170560,1780554380323170560,Active Decode Throughput,tokens/sec,p95,73.33
135,1780554379323170560,1780554380323170560,Active Decode Throughput,tokens/sec,p99,73.33
135,1780554379323170560,1780554380323170560,Active Decode Throughput,tokens/sec,std,0.03
135,1780554379323170560,1780554380323170560,Active Decode Throughput Per User,tokens/sec/user,avg,6.11
135,1780554379323170560,1780554380323170560,Active Decode Throughput Per User,tokens/sec/user,min,4.87
135,1780554379323170560,1780554380323170560,Active Decode Throughput Per User,tokens/sec/user,max,7.36
135,1780554379323170560,1780554380323170560,Active Decode Throughput Per User,tokens/sec/user,p50,6.11
135,1780554379323170560,1780554380323170560,Active Decode Throughput Per User,tokens/sec/user,p90,6.11
135,1780554379323170560,1780554380323170560,Active Decode Throughput Per User,tokens/sec/user,p95,6.11
135,1780554379323170560,1780554380323170560,Active Decode Throughput Per User,tokens/sec/user,p99,6.11
135,1780554379323170560,1780554380323170560,Active Decode Throughput Per User,tokens/sec/user,std,0.00
135,1780554379323170560,1780554380323170560,Active Prefill Throughput,tokens/sec,avg,24743.89
135,1780554379323170560,1780554380323170560,Active Prefill Throughput,tokens/sec,min,22666.26
135,1780554379323170560,1780554380323170560,Active Prefill Throughput,tokens/sec,max,29316.70
135,1780554379323170560,1780554380323170560,Active Prefill Throughput,tokens/sec,p50,22666.26
135,1780554379323170560,1780554380323170560,Active Prefill Throughput,tokens/sec,p90,29316.70
135,1780554379323170560,1780554380323170560,Active Prefill Throughput,tokens/sec,p95,29316.70
135,1780554379323170560,1780554380323170560,Active Prefill Throughput,tokens/sec,p99,29316.70
135,1780554379323170560,1780554380323170560,Active Prefill Throughput,tokens/sec,std,3082.31
135,1780554379323170560,1780554380323170560,Active Prefill Throughput Per User,tokens/sec/user,avg,10845.50
135,1780554379323170560,1780554380323170560,Active Prefill Throughput Per User,tokens/sec/user,min,9772.23
135,1780554379323170560,1780554380323170560,Active Prefill Throughput Per User,tokens/sec/user,max,11333.13
135,1780554379323170560,1780554380323170560,Active Prefill Throughput Per User,tokens/sec/user,p50,11333.13
135,1780554379323170560,1780554380323170560,Active Prefill Throughput Per User,tokens/sec/user,p90,11333.13
135,1780554379323170560,1780554380323170560,Active Prefill Throughput Per User,tokens/sec/user,p95,11333.13
135,1780554379323170560,1780554380323170560,Active Prefill Throughput Per User,tokens/sec/user,p99,11333.13
135,1780554379323170560,1780554380323170560,Active Prefill Throughput Per User,tokens/sec/user,std,723.43
135,1780554379323170560,1780554380323170560,Active Total Throughput,tokens/sec,avg,24824.10
135,1780554379323170560,1780554380323170560,Active Total Throughput,tokens/sec,min,22746.47
135,1780554379323170560,1780554380323170560,Active Total Throughput,tokens/sec,max,29396.91
135,1780554379323170560,1780554380323170560,Active Total Throughput,tokens/sec,p50,22746.47
135,1780554379323170560,1780554380323170560,Active Total Throughput,tokens/sec,p90,29396.91
135,1780554379323170560,1780554380323170560,Active Total Throughput,tokens/sec,p95,29396.91
135,1780554379323170560,1780554380323170560,Active Total Throughput,tokens/sec,p99,29396.91
135,1780554379323170560,1780554380323170560,Active Total Throughput,tokens/sec,std,3082.31
135,1780554379323170560,1780554380323170560,Benchmark Duration,sec,avg,113.52
135,1780554379323170560,1780554380323170560,E2E Output Token Throughput,tokens/sec/user,avg,7.91
135,1780554379323170560,1780554380323170560,E2E Output Token Throughput,tokens/sec/user,min,7.91
135,1780554379323170560,1780554380323170560,E2E Output Token Throughput,tokens/sec/user,max,7.91
135,1780554379323170560,1780554380323170560,E2E Output Token Throughput,tokens/sec/user,sum,7.91
135,1780554379323170560,1780554380323170560,E2E Output Token Throughput,tokens/sec/user,p1,7.91
135,1780554379323170560,1780554380323170560,E2E Output Token Throughput,tokens/sec/user,p5,7.91
135,1780554379323170560,1780554380323170560,E2E Output Token Throughput,tokens/sec/user,p10,7.91
135,1780554379323170560,1780554380323170560,E2E Output Token Throughput,tokens/sec/user,p25,7.91
135,1780554379323170560,1780554380323170560,E2E Output Token Throughput,tokens/sec/user,p50,7.91
135,1780554379323170560,1780554380323170560,E2E Output Token Throughput,tokens/sec/user,p75,7.91
135,1780554379323170560,1780554380323170560,E2E Output Token Throughput,tokens/sec/user,p90,7.91
135,1780554379323170560,1780554380323170560,E2E Output Token Throughput,tokens/sec/user,p95,7.91
135,1780554379323170560,1780554380323170560,E2E Output Token Throughput,tokens/sec/user,p99,7.91
135,1780554379323170560,1780554380323170560,E2E Output Token Throughput,tokens/sec/user,std,0.00
135,1780554379323170560,1780554380323170560,Effective Concurrency,requests,avg,14.31
135,1780554379323170560,1780554380323170560,Effective Concurrency,requests,min,14.00
135,1780554379323170560,1780554380323170560,Effective Concurrency,requests,max,15.00
135,1780554379323170560,1780554380323170560,Effective Concurrency,requests,p50,14.00
135,1780554379323170560,1780554380323170560,Effective Concurrency,requests,p90,15.00
135,1780554379323170560,1780554380323170560,Effective Concurrency,requests,p95,15.00
135,1780554379323170560,1780554380323170560,Effective Concurrency,requests,p99,15.00
135,1780554379323170560,1780554380323170560,Effective Concurrency,requests,std,0.46
135,1780554379323170560,1780554380323170560,Effective Decode Concurrency,requests,avg,12.00
135,1780554379323170560,1780554380323170560,Effective Decode Concurrency,requests,min,12.00
135,1780554379323170560,1780554380323170560,Effective Decode Concurrency,requests,max,12.00
135,1780554379323170560,1780554380323170560,Effective Decode Concurrency,requests,p50,12.00
135,1780554379323170560,1780554380323170560,Effective Decode Concurrency,requests,p90,12.00
135,1780554379323170560,1780554380323170560,Effective Decode Concurrency,requests,p95,12.00
135,1780554379323170560,1780554380323170560,Effective Decode Concurrency,requests,p99,12.00
135,1780554379323170560,1780554380323170560,Effective Decode Concurrency,requests,std,0.00
135,1780554379323170560,1780554380323170560,Effective Decode Throughput,tokens/sec,avg,73.32
135,1780554379323170560,1780554380323170560,Effective Decode Throughput,tokens/sec,min,58.38
135,1780554379323170560,1780554380323170560,Effective Decode Throughput,tokens/sec,max,88.27
135,1780554379323170560,1780554380323170560,Effective Decode Throughput,tokens/sec,p50,73.32
135,1780554379323170560,1780554380323170560,Effective Decode Throughput,tokens/sec,p90,73.33
135,1780554379323170560,1780554380323170560,Effective Decode Throughput,tokens/sec,p95,73.33
135,1780554379323170560,1780554380323170560,Effective Decode Throughput,tokens/sec,p99,73.33
135,1780554379323170560,1780554380323170560,Effective Decode Throughput,tokens/sec,std,0.03
135,1780554379323170560,1780554380323170560,Effective Decode Throughput Per User,tokens/sec/user,avg,6.11
135,1780554379323170560,1780554380323170560,Effective Decode Throughput Per User,tokens/sec/user,min,4.87
135,1780554379323170560,1780554380323170560,Effective Decode Throughput Per User,tokens/sec/user,max,7.36
135,1780554379323170560,1780554380323170560,Effective Decode Throughput Per User,tokens/sec/user,p50,6.11
135,1780554379323170560,1780554380323170560,Effective Decode Throughput Per User,tokens/sec/user,p90,6.11
135,1780554379323170560,1780554380323170560,Effective Decode Throughput Per User,tokens/sec/user,p95,6.11
135,1780554379323170560,1780554380323170560,Effective Decode Throughput Per User,tokens/sec/user,p99,6.11
135,1780554379323170560,1780554380323170560,Effective Decode Throughput Per User,tokens/sec/user,std,0.00
135,1780554379323170560,1780554380323170560,Effective Prefill Concurrency,requests,avg,2.31
135,1780554379323170560,1780554380323170560,Effective Prefill Concurrency,requests,min,2.00
135,1780554379323170560,1780554380323170560,Effective Prefill Concurrency,requests,max,3.00
135,1780554379323170560,1780554380323170560,Effective Prefill Concurrency,requests,p50,2.00
135,1780554379323170560,1780554380323170560,Effective Prefill Concurrency,requests,p90,3.00
135,1780554379323170560,1780554380323170560,Effective Prefill Concurrency,requests,p95,3.00
135,1780554379323170560,1780554380323170560,Effective Prefill Concurrency,requests,p99,3.00
135,1780554379323170560,1780554380323170560,Effective Prefill Concurrency,requests,std,0.46
135,1780554379323170560,1780554380323170560,Effective Prefill Throughput,tokens/sec,avg,24743.89
135,1780554379323170560,1780554380323170560,Effective Prefill Throughput,tokens/sec,min,22666.26
135,1780554379323170560,1780554380323170560,Effective Prefill Throughput,tokens/sec,max,29316.70
135,1780554379323170560,1780554380323170560,Effective Prefill Throughput,tokens/sec,p50,22666.26
135,1780554379323170560,1780554380323170560,Effective Prefill Throughput,tokens/sec,p90,29316.70
135,1780554379323170560,1780554380323170560,Effective Prefill Throughput,tokens/sec,p95,29316.70
135,1780554379323170560,1780554380323170560,Effective Prefill Throughput,tokens/sec,p99,29316.70
135,1780554379323170560,1780554380323170560,Effective Prefill Throughput,tokens/sec,std,3082.31
135,1780554379323170560,1780554380323170560,Effective Prefill Throughput Per User,tokens/sec/user,avg,10845.50
135,1780554379323170560,1780554380323170560,Effective Prefill Throughput Per User,tokens/sec/user,min,9772.23
135,1780554379323170560,1780554380323170560,Effective Prefill Throughput Per User,tokens/sec/user,max,11333.13
135,1780554379323170560,1780554380323170560,Effective Prefill Throughput Per User,tokens/sec/user,p50,11333.13
135,1780554379323170560,1780554380323170560,Effective Prefill Throughput Per User,tokens/sec/user,p90,11333.13
135,1780554379323170560,1780554380323170560,Effective Prefill Throughput Per User,tokens/sec/user,p95,11333.13
135,1780554379323170560,1780554380323170560,Effective Prefill Throughput Per User,tokens/sec/user,p99,11333.13
135,1780554379323170560,1780554380323170560,Effective Prefill Throughput Per User,tokens/sec/user,std,723.43
135,1780554379323170560,1780554380323170560,Effective Total Throughput,tokens/sec,avg,24824.10
135,1780554379323170560,1780554380323170560,Effective Total Throughput,tokens/sec,min,22746.47
135,1780554379323170560,1780554380323170560,Effective Total Throughput,tokens/sec,max,29396.91
135,1780554379323170560,1780554380323170560,Effective Total Throughput,tokens/sec,p50,22746.47
135,1780554379323170560,1780554380323170560,Effective Total Throughput,tokens/sec,p90,29396.91
135,1780554379323170560,1780554380323170560,Effective Total Throughput,tokens/sec,p95,29396.91
135,1780554379323170560,1780554380323170560,Effective Total Throughput,tokens/sec,p99,29396.91
135,1780554379323170560,1780554380323170560,Effective Total Throughput,tokens/sec,std,3082.31
135,1780554379323170560,1780554380323170560,HTTP Blocked,ms,avg,0.00
135,1780554379323170560,1780554380323170560,HTTP Blocked,ms,min,0.00
135,1780554379323170560,1780554380323170560,HTTP Blocked,ms,max,0.00
135,1780554379323170560,1780554380323170560,HTTP Blocked,ms,sum,0.00
135,1780554379323170560,1780554380323170560,HTTP Blocked,ms,p1,0.00
135,1780554379323170560,1780554380323170560,HTTP Blocked,ms,p5,0.00
135,1780554379323170560,1780554380323170560,HTTP Blocked,ms,p10,0.00
135,1780554379323170560,1780554380323170560,HTTP Blocked,ms,p25,0.00
135,1780554379323170560,1780554380323170560,HTTP Blocked,ms,p50,0.00
135,1780554379323170560,1780554380323170560,HTTP Blocked,ms,p75,0.00
135,1780554379323170560,1780554380323170560,HTTP Blocked,ms,p90,0.00
135,1780554379323170560,1780554380323170560,HTTP Blocked,ms,p95,0.00
135,1780554379323170560,1780554380323170560,HTTP Blocked,ms,p99,0.00
135,1780554379323170560,1780554380323170560,HTTP Blocked,ms,std,0.00
135,1780554379323170560,1780554380323170560,HTTP Chunks Received,count,avg,898.00
135,1780554379323170560,1780554380323170560,HTTP Chunks Received,count,min,898.00
135,1780554379323170560,1780554380323170560,HTTP Chunks Received,count,max,898.00
135,1780554379323170560,1780554380323170560,HTTP Chunks Received,count,sum,898.00
135,1780554379323170560,1780554380323170560,HTTP Chunks Received,count,p1,898.00
135,1780554379323170560,1780554380323170560,HTTP Chunks Received,count,p5,898.00
135,1780554379323170560,1780554380323170560,HTTP Chunks Received,count,p10,898.00
135,1780554379323170560,1780554380323170560,HTTP Chunks Received,count,p25,898.00
135,1780554379323170560,1780554380323170560,HTTP Chunks Received,count,p50,898.00
135,1780554379323170560,1780554380323170560,HTTP Chunks Received,count,p75,898.00
135,1780554379323170560,1780554380323170560,HTTP Chunks Received,count,p90,898.00
135,1780554379323170560,1780554380323170560,HTTP Chunks Received,count,p95,898.00
135,1780554379323170560,1780554380323170560,HTTP Chunks Received,count,p99,898.00
135,1780554379323170560,1780554380323170560,HTTP Chunks Received,count,std,0.00
135,1780554379323170560,1780554380323170560,HTTP Chunks Sent,count,avg,1.00
135,1780554379323170560,1780554380323170560,HTTP Chunks Sent,count,min,1.00
135,1780554379323170560,1780554380323170560,HTTP Chunks Sent,count,max,1.00
135,1780554379323170560,1780554380323170560,HTTP Chunks Sent,count,sum,1.00
135,1780554379323170560,1780554380323170560,HTTP Chunks Sent,count,p1,1.00
135,1780554379323170560,1780554380323170560,HTTP Chunks Sent,count,p5,1.00
135,1780554379323170560,1780554380323170560,HTTP Chunks Sent,count,p10,1.00
135,1780554379323170560,1780554380323170560,HTTP Chunks Sent,count,p25,1.00
135,1780554379323170560,1780554380323170560,HTTP Chunks Sent,count,p50,1.00
135,1780554379323170560,1780554380323170560,HTTP Chunks Sent,count,p75,1.00
135,1780554379323170560,1780554380323170560,HTTP Chunks Sent,count,p90,1.00
135,1780554379323170560,1780554380323170560,HTTP Chunks Sent,count,p95,1.00
135,1780554379323170560,1780554380323170560,HTTP Chunks Sent,count,p99,1.00
135,1780554379323170560,1780554380323170560,HTTP Chunks Sent,count,std,0.00
135,1780554379323170560,1780554380323170560,HTTP Connecting,ms,avg,0.67
135,1780554379323170560,1780554380323170560,HTTP Connecting,ms,min,0.67
135,1780554379323170560,1780554380323170560,HTTP Connecting,ms,max,0.67
135,1780554379323170560,1780554380323170560,HTTP Connecting,ms,sum,0.67
135,1780554379323170560,1780554380323170560,HTTP Connecting,ms,p1,0.67
135,1780554379323170560,1780554380323170560,HTTP Connecting,ms,p5,0.67
135,1780554379323170560,1780554380323170560,HTTP Connecting,ms,p10,0.67
135,1780554379323170560,1780554380323170560,HTTP Connecting,ms,p25,0.67
135,1780554379323170560,1780554380323170560,HTTP Connecting,ms,p50,0.67
135,1780554379323170560,1780554380323170560,HTTP Connecting,ms,p75,0.67
135,1780554379323170560,1780554380323170560,HTTP Connecting,ms,p90,0.67
135,1780554379323170560,1780554380323170560,HTTP Connecting,ms,p95,0.67
135,1780554379323170560,1780554380323170560,HTTP Connecting,ms,p99,0.67
135,1780554379323170560,1780554380323170560,HTTP Connecting,ms,std,0.00
135,1780554379323170560,1780554380323170560,HTTP Connection Overhead,ms,avg,0.67
135,1780554379323170560,1780554380323170560,HTTP Connection Overhead,ms,min,0.67
135,1780554379323170560,1780554380323170560,HTTP Connection Overhead,ms,max,0.67
135,1780554379323170560,1780554380323170560,HTTP Connection Overhead,ms,sum,0.67
135,1780554379323170560,1780554380323170560,HTTP Connection Overhead,ms,p1,0.67
135,1780554379323170560,1780554380323170560,HTTP Connection Overhead,ms,p5,0.67
135,1780554379323170560,1780554380323170560,HTTP Connection Overhead,ms,p10,0.67
135,1780554379323170560,1780554380323170560,HTTP Connection Overhead,ms,p25,0.67
135,1780554379323170560,1780554380323170560,HTTP Connection Overhead,ms,p50,0.67
135,1780554379323170560,1780554380323170560,HTTP Connection Overhead,ms,p75,0.67
135,1780554379323170560,1780554380323170560,HTTP Connection Overhead,ms,p90,0.67
135,1780554379323170560,1780554380323170560,HTTP Connection Overhead,ms,p95,0.67
135,1780554379323170560,1780554380323170560,HTTP Connection Overhead,ms,p99,0.67
135,1780554379323170560,1780554380323170560,HTTP Connection Overhead,ms,std,0.00
135,1780554379323170560,1780554380323170560,HTTP Connection Reused,ratio,avg,0.00
135,1780554379323170560,1780554380323170560,HTTP Connection Reused,ratio,min,0.00
135,1780554379323170560,1780554380323170560,HTTP Connection Reused,ratio,max,0.00
135,1780554379323170560,1780554380323170560,HTTP Connection Reused,ratio,sum,0.00
135,1780554379323170560,1780554380323170560,HTTP Connection Reused,ratio,p1,0.00
135,1780554379323170560,1780554380323170560,HTTP Connection Reused,ratio,p5,0.00
135,1780554379323170560,1780554380323170560,HTTP Connection Reused,ratio,p10,0.00
135,1780554379323170560,1780554380323170560,HTTP Connection Reused,ratio,p25,0.00
135,1780554379323170560,1780554380323170560,HTTP Connection Reused,ratio,p50,0.00
135,1780554379323170560,1780554380323170560,HTTP Connection Reused,ratio,p75,0.00
135,1780554379323170560,1780554380323170560,HTTP Connection Reused,ratio,p90,0.00
135,1780554379323170560,1780554380323170560,HTTP Connection Reused,ratio,p95,0.00
135,1780554379323170560,1780554380323170560,HTTP Connection Reused,ratio,p99,0.00
135,1780554379323170560,1780554380323170560,HTTP Connection Reused,ratio,std,0.00
135,1780554379323170560,1780554380323170560,HTTP Data Received,KB,avg,222.70
135,1780554379323170560,1780554380323170560,HTTP Data Received,KB,min,222.70
135,1780554379323170560,1780554380323170560,HTTP Data Received,KB,max,222.70
135,1780554379323170560,1780554380323170560,HTTP Data Received,KB,sum,222.70
135,1780554379323170560,1780554380323170560,HTTP Data Received,KB,p1,222.70
135,1780554379323170560,1780554380323170560,HTTP Data Received,KB,p5,222.70
135,1780554379323170560,1780554380323170560,HTTP Data Received,KB,p10,222.70
135,1780554379323170560,1780554380323170560,HTTP Data Received,KB,p25,222.70
135,1780554379323170560,1780554380323170560,HTTP Data Received,KB,p50,222.70
135,1780554379323170560,1780554380323170560,HTTP Data Received,KB,p75,222.70
135,1780554379323170560,1780554380323170560,HTTP Data Received,KB,p90,222.70
135,1780554379323170560,1780554380323170560,HTTP Data Received,KB,p95,222.70
135,1780554379323170560,1780554380323170560,HTTP Data Received,KB,p99,222.70
135,1780554379323170560,1780554380323170560,HTTP Data Received,KB,std,0.00
135,1780554379323170560,1780554380323170560,HTTP Data Sent,KB,avg,477.47
135,1780554379323170560,1780554380323170560,HTTP Data Sent,KB,min,477.47
135,1780554379323170560,1780554380323170560,HTTP Data Sent,KB,max,477.47
135,1780554379323170560,1780554380323170560,HTTP Data Sent,KB,sum,477.47
135,1780554379323170560,1780554380323170560,HTTP Data Sent,KB,p1,477.47
135,1780554379323170560,1780554380323170560,HTTP Data Sent,KB,p5,477.47
135,1780554379323170560,1780554380323170560,HTTP Data Sent,KB,p10,477.47
135,1780554379323170560,1780554380323170560,HTTP Data Sent,KB,p25,477.47
135,1780554379323170560,1780554380323170560,HTTP Data Sent,KB,p50,477.47
135,1780554379323170560,1780554380323170560,HTTP Data Sent,KB,p75,477.47
135,1780554379323170560,1780554380323170560,HTTP Data Sent,KB,p90,477.47
135,1780554379323170560,1780554380323170560,HTTP Data Sent,KB,p95,477.47
135,1780554379323170560,1780554380323170560,HTTP Data Sent,KB,p99,477.47
135,1780554379323170560,1780554380323170560,HTTP Data Sent,KB,std,0.00
135,1780554379323170560,1780554380323170560,HTTP DNS Lookup,ms,avg,0.00
135,1780554379323170560,1780554380323170560,HTTP DNS Lookup,ms,min,0.00
135,1780554379323170560,1780554380323170560,HTTP DNS Lookup,ms,max,0.00
135,1780554379323170560,1780554380323170560,HTTP DNS Lookup,ms,sum,0.00
135,1780554379323170560,1780554380323170560,HTTP DNS Lookup,ms,p1,0.00
135,1780554379323170560,1780554380323170560,HTTP DNS Lookup,ms,p5,0.00
135,1780554379323170560,1780554380323170560,HTTP DNS Lookup,ms,p10,0.00
135,1780554379323170560,1780554380323170560,HTTP DNS Lookup,ms,p25,0.00
135,1780554379323170560,1780554380323170560,HTTP DNS Lookup,ms,p50,0.00
135,1780554379323170560,1780554380323170560,HTTP DNS Lookup,ms,p75,0.00
135,1780554379323170560,1780554380323170560,HTTP DNS Lookup,ms,p90,0.00
135,1780554379323170560,1780554380323170560,HTTP DNS Lookup,ms,p95,0.00
135,1780554379323170560,1780554380323170560,HTTP DNS Lookup,ms,p99,0.00
135,1780554379323170560,1780554380323170560,HTTP DNS Lookup,ms,std,0.00
135,1780554379323170560,1780554380323170560,HTTP Duration (excl. conn),ms,avg,113516.07
135,1780554379323170560,1780554380323170560,HTTP Duration (excl. conn),ms,min,113516.07
135,1780554379323170560,1780554380323170560,HTTP Duration (excl. conn),ms,max,113516.07
135,1780554379323170560,1780554380323170560,HTTP Duration (excl. conn),ms,sum,113516.07
135,1780554379323170560,1780554380323170560,HTTP Duration (excl. conn),ms,p1,113516.07
135,1780554379323170560,1780554380323170560,HTTP Duration (excl. conn),ms,p5,113516.07
135,1780554379323170560,1780554380323170560,HTTP Duration (excl. conn),ms,p10,113516.07
135,1780554379323170560,1780554380323170560,HTTP Duration (excl. conn),ms,p25,113516.07
135,1780554379323170560,1780554380323170560,HTTP Duration (excl. conn),ms,p50,113516.07
135,1780554379323170560,1780554380323170560,HTTP Duration (excl. conn),ms,p75,113516.07
135,1780554379323170560,1780554380323170560,HTTP Duration (excl. conn),ms,p90,113516.07
135,1780554379323170560,1780554380323170560,HTTP Duration (excl. conn),ms,p95,113516.07
135,1780554379323170560,1780554380323170560,HTTP Duration (excl. conn),ms,p99,113516.07
135,1780554379323170560,1780554380323170560,HTTP Duration (excl. conn),ms,std,0.00
135,1780554379323170560,1780554380323170560,HTTP Receiving,ms,avg,95108.71
135,1780554379323170560,1780554380323170560,HTTP Receiving,ms,min,95108.71
135,1780554379323170560,1780554380323170560,HTTP Receiving,ms,max,95108.71
135,1780554379323170560,1780554380323170560,HTTP Receiving,ms,sum,95108.71
135,1780554379323170560,1780554380323170560,HTTP Receiving,ms,p1,95108.71
135,1780554379323170560,1780554380323170560,HTTP Receiving,ms,p5,95108.71
135,1780554379323170560,1780554380323170560,HTTP Receiving,ms,p10,95108.71
135,1780554379323170560,1780554380323170560,HTTP Receiving,ms,p25,95108.71
135,1780554379323170560,1780554380323170560,HTTP Receiving,ms,p50,95108.71
135,1780554379323170560,1780554380323170560,HTTP Receiving,ms,p75,95108.71
135,1780554379323170560,1780554380323170560,HTTP Receiving,ms,p90,95108.71
135,1780554379323170560,1780554380323170560,HTTP Receiving,ms,p95,95108.71
135,1780554379323170560,1780554380323170560,HTTP Receiving,ms,p99,95108.71
135,1780554379323170560,1780554380323170560,HTTP Receiving,ms,std,0.00
135,1780554379323170560,1780554380323170560,HTTP Sending,ms,avg,0.98
135,1780554379323170560,1780554380323170560,HTTP Sending,ms,min,0.98
135,1780554379323170560,1780554380323170560,HTTP Sending,ms,max,0.98
135,1780554379323170560,1780554380323170560,HTTP Sending,ms,sum,0.98
135,1780554379323170560,1780554380323170560,HTTP Sending,ms,p1,0.98
135,1780554379323170560,1780554380323170560,HTTP Sending,ms,p5,0.98
135,1780554379323170560,1780554380323170560,HTTP Sending,ms,p10,0.98
135,1780554379323170560,1780554380323170560,HTTP Sending,ms,p25,0.98
135,1780554379323170560,1780554380323170560,HTTP Sending,ms,p50,0.98
135,1780554379323170560,1780554380323170560,HTTP Sending,ms,p75,0.98
135,1780554379323170560,1780554380323170560,HTTP Sending,ms,p90,0.98
135,1780554379323170560,1780554380323170560,HTTP Sending,ms,p95,0.98
135,1780554379323170560,1780554380323170560,HTTP Sending,ms,p99,0.98
135,1780554379323170560,1780554380323170560,HTTP Sending,ms,std,0.00
135,1780554379323170560,1780554380323170560,HTTP Total Time,ms,avg,113516.74
135,1780554379323170560,1780554380323170560,HTTP Total Time,ms,min,113516.74
135,1780554379323170560,1780554380323170560,HTTP Total Time,ms,max,113516.74
135,1780554379323170560,1780554380323170560,HTTP Total Time,ms,sum,113516.74
135,1780554379323170560,1780554380323170560,HTTP Total Time,ms,p1,113516.74
135,1780554379323170560,1780554380323170560,HTTP Total Time,ms,p5,113516.74
135,1780554379323170560,1780554380323170560,HTTP Total Time,ms,p10,113516.74
135,1780554379323170560,1780554380323170560,HTTP Total Time,ms,p25,113516.74
135,1780554379323170560,1780554380323170560,HTTP Total Time,ms,p50,113516.74
135,1780554379323170560,1780554380323170560,HTTP Total Time,ms,p75,113516.74
135,1780554379323170560,1780554380323170560,HTTP Total Time,ms,p90,113516.74
135,1780554379323170560,1780554380323170560,HTTP Total Time,ms,p95,113516.74
135,1780554379323170560,1780554380323170560,HTTP Total Time,ms,p99,113516.74
135,1780554379323170560,1780554380323170560,HTTP Total Time,ms,std,0.00
135,1780554379323170560,1780554380323170560,HTTP Waiting (TTFB),ms,avg,18406.38
135,1780554379323170560,1780554380323170560,HTTP Waiting (TTFB),ms,min,18406.38
135,1780554379323170560,1780554380323170560,HTTP Waiting (TTFB),ms,max,18406.38
135,1780554379323170560,1780554380323170560,HTTP Waiting (TTFB),ms,sum,18406.38
135,1780554379323170560,1780554380323170560,HTTP Waiting (TTFB),ms,p1,18406.38
135,1780554379323170560,1780554380323170560,HTTP Waiting (TTFB),ms,p5,18406.38
135,1780554379323170560,1780554380323170560,HTTP Waiting (TTFB),ms,p10,18406.38
135,1780554379323170560,1780554380323170560,HTTP Waiting (TTFB),ms,p25,18406.38
135,1780554379323170560,1780554380323170560,HTTP Waiting (TTFB),ms,p50,18406.38
135,1780554379323170560,1780554380323170560,HTTP Waiting (TTFB),ms,p75,18406.38
135,1780554379323170560,1780554380323170560,HTTP Waiting (TTFB),ms,p90,18406.38
135,1780554379323170560,1780554380323170560,HTTP Waiting (TTFB),ms,p95,18406.38
135,1780554379323170560,1780554380323170560,HTTP Waiting (TTFB),ms,p99,18406.38
135,1780554379323170560,1780554380323170560,HTTP Waiting (TTFB),ms,std,0.00
135,1780554379323170560,1780554380323170560,Input Sequence Length,tokens,avg,122418.00
135,1780554379323170560,1780554380323170560,Input Sequence Length,tokens,min,122418.00
135,1780554379323170560,1780554380323170560,Input Sequence Length,tokens,max,122418.00
135,1780554379323170560,1780554380323170560,Input Sequence Length,tokens,sum,122418.00
135,1780554379323170560,1780554380323170560,Input Sequence Length,tokens,p1,122418.00
135,1780554379323170560,1780554380323170560,Input Sequence Length,tokens,p5,122418.00
135,1780554379323170560,1780554380323170560,Input Sequence Length,tokens,p10,122418.00
135,1780554379323170560,1780554380323170560,Input Sequence Length,tokens,p25,122418.00
135,1780554379323170560,1780554380323170560,Input Sequence Length,tokens,p50,122418.00
135,1780554379323170560,1780554380323170560,Input Sequence Length,tokens,p75,122418.00
135,1780554379323170560,1780554380323170560,Input Sequence Length,tokens,p90,122418.00
135,1780554379323170560,1780554380323170560,Input Sequence Length,tokens,p95,122418.00
135,1780554379323170560,1780554380323170560,Input Sequence Length,tokens,p99,122418.00
135,1780554379323170560,1780554380323170560,Input Sequence Length,tokens,std,0.00
135,1780554379323170560,1780554380323170560,Input Token Throughput,tokens/sec,avg,122418.00
135,1780554379323170560,1780554380323170560,Inter Chunk Latency,ms,avg,116.72
135,1780554379323170560,1780554380323170560,Inter Chunk Latency,ms,min,110.64
135,1780554379323170560,1780554380323170560,Inter Chunk Latency,ms,max,125.96
135,1780554379323170560,1780554380323170560,Inter Chunk Latency,ms,sum,81705.90
135,1780554379323170560,1780554380323170560,Inter Chunk Latency,ms,p1,111.03
135,1780554379323170560,1780554380323170560,Inter Chunk Latency,ms,p5,111.66
135,1780554379323170560,1780554380323170560,Inter Chunk Latency,ms,p10,112.48
135,1780554379323170560,1780554380323170560,Inter Chunk Latency,ms,p25,113.44
135,1780554379323170560,1780554380323170560,Inter Chunk Latency,ms,p50,115.05
135,1780554379323170560,1780554380323170560,Inter Chunk Latency,ms,p75,119.64
135,1780554379323170560,1780554380323170560,Inter Chunk Latency,ms,p90,123.92
135,1780554379323170560,1780554380323170560,Inter Chunk Latency,ms,p95,124.80
135,1780554379323170560,1780554380323170560,Inter Chunk Latency,ms,p99,125.82
135,1780554379323170560,1780554380323170560,Inter Chunk Latency,ms,std,4.28
135,1780554379323170560,1780554380323170560,Inter Token Latency,ms,avg,106.03
135,1780554379323170560,1780554380323170560,Inter Token Latency,ms,min,106.03
135,1780554379323170560,1780554380323170560,Inter Token Latency,ms,max,106.03
135,1780554379323170560,1780554380323170560,Inter Token Latency,ms,sum,106.03
135,1780554379323170560,1780554380323170560,Inter Token Latency,ms,p1,106.03
135,1780554379323170560,1780554380323170560,Inter Token Latency,ms,p5,106.03
135,1780554379323170560,1780554380323170560,Inter Token Latency,ms,p10,106.03
135,1780554379323170560,1780554380323170560,Inter Token Latency,ms,p25,106.03
135,1780554379323170560,1780554380323170560,Inter Token Latency,ms,p50,106.03
135,1780554379323170560,1780554380323170560,Inter Token Latency,ms,p75,106.03
135,1780554379323170560,1780554380323170560,Inter Token Latency,ms,p90,106.03
135,1780554379323170560,1780554380323170560,Inter Token Latency,ms,p95,106.03
135,1780554379323170560,1780554380323170560,Inter Token Latency,ms,p99,106.03
135,1780554379323170560,1780554380323170560,Inter Token Latency,ms,std,0.00
135,1780554379323170560,1780554380323170560,Maximum Response Timestamp,ns,avg,1780554493526960128.00
135,1780554379323170560,1780554380323170560,Minimum Request Timestamp,ns,avg,1780554380010765312.00
135,1780554379323170560,1780554380323170560,OSL Mismatch Count,requests,avg,0.00
135,1780554379323170560,1780554380323170560,OSL Mismatch Diff %,%,avg,0.00
135,1780554379323170560,1780554380323170560,OSL Mismatch Diff %,%,min,0.00
135,1780554379323170560,1780554380323170560,OSL Mismatch Diff %,%,max,0.00
135,1780554379323170560,1780554380323170560,OSL Mismatch Diff %,%,sum,0.00
135,1780554379323170560,1780554380323170560,OSL Mismatch Diff %,%,p1,0.00
135,1780554379323170560,1780554380323170560,OSL Mismatch Diff %,%,p5,0.00
135,1780554379323170560,1780554380323170560,OSL Mismatch Diff %,%,p10,0.00
135,1780554379323170560,1780554380323170560,OSL Mismatch Diff %,%,p25,0.00
135,1780554379323170560,1780554380323170560,OSL Mismatch Diff %,%,p50,0.00
135,1780554379323170560,1780554380323170560,OSL Mismatch Diff %,%,p75,0.00
135,1780554379323170560,1780554380323170560,OSL Mismatch Diff %,%,p90,0.00
135,1780554379323170560,1780554380323170560,OSL Mismatch Diff %,%,p95,0.00
135,1780554379323170560,1780554380323170560,OSL Mismatch Diff %,%,p99,0.00
135,1780554379323170560,1780554380323170560,OSL Mismatch Diff %,%,std,0.00
135,1780554379323170560,1780554380323170560,Output Sequence Length,tokens,avg,898.00
135,1780554379323170560,1780554380323170560,Output Sequence Length,tokens,min,898.00
135,1780554379323170560,1780554380323170560,Output Sequence Length,tokens,max,898.00
135,1780554379323170560,1780554380323170560,Output Sequence Length,tokens,sum,898.00
135,1780554379323170560,1780554380323170560,Output Sequence Length,tokens,p1,898.00
135,1780554379323170560,1780554380323170560,Output Sequence Length,tokens,p5,898.00
135,1780554379323170560,1780554380323170560,Output Sequence Length,tokens,p10,898.00
135,1780554379323170560,1780554380323170560,Output Sequence Length,tokens,p25,898.00
135,1780554379323170560,1780554380323170560,Output Sequence Length,tokens,p50,898.00
135,1780554379323170560,1780554380323170560,Output Sequence Length,tokens,p75,898.00
135,1780554379323170560,1780554380323170560,Output Sequence Length,tokens,p90,898.00
135,1780554379323170560,1780554380323170560,Output Sequence Length,tokens,p95,898.00
135,1780554379323170560,1780554380323170560,Output Sequence Length,tokens,p99,898.00
135,1780554379323170560,1780554380323170560,Output Sequence Length,tokens,std,0.00
135,1780554379323170560,1780554380323170560,Output Token Count,tokens,avg,898.00
135,1780554379323170560,1780554380323170560,Output Token Count,tokens,min,898.00
135,1780554379323170560,1780554380323170560,Output Token Count,tokens,max,898.00
135,1780554379323170560,1780554380323170560,Output Token Count,tokens,sum,898.00
135,1780554379323170560,1780554380323170560,Output Token Count,tokens,p1,898.00
135,1780554379323170560,1780554380323170560,Output Token Count,tokens,p5,898.00
135,1780554379323170560,1780554380323170560,Output Token Count,tokens,p10,898.00
135,1780554379323170560,1780554380323170560,Output Token Count,tokens,p25,898.00
135,1780554379323170560,1780554380323170560,Output Token Count,tokens,p50,898.00
135,1780554379323170560,1780554380323170560,Output Token Count,tokens,p75,898.00
135,1780554379323170560,1780554380323170560,Output Token Count,tokens,p90,898.00
135,1780554379323170560,1780554380323170560,Output Token Count,tokens,p95,898.00
135,1780554379323170560,1780554380323170560,Output Token Count,tokens,p99,898.00
135,1780554379323170560,1780554380323170560,Output Token Count,tokens,std,0.00
135,1780554379323170560,1780554380323170560,Output Token Throughput,tokens/sec,avg,898.00
135,1780554379323170560,1780554380323170560,Output Token Throughput Per User,tokens/sec/user,avg,9.43
135,1780554379323170560,1780554380323170560,Output Token Throughput Per User,tokens/sec/user,min,9.43
135,1780554379323170560,1780554380323170560,Output Token Throughput Per User,tokens/sec/user,max,9.43
135,1780554379323170560,1780554380323170560,Output Token Throughput Per User,tokens/sec/user,sum,9.43
135,1780554379323170560,1780554380323170560,Output Token Throughput Per User,tokens/sec/user,p1,9.43
135,1780554379323170560,1780554380323170560,Output Token Throughput Per User,tokens/sec/user,p5,9.43
135,1780554379323170560,1780554380323170560,Output Token Throughput Per User,tokens/sec/user,p10,9.43
135,1780554379323170560,1780554380323170560,Output Token Throughput Per User,tokens/sec/user,p25,9.43
135,1780554379323170560,1780554380323170560,Output Token Throughput Per User,tokens/sec/user,p50,9.43
135,1780554379323170560,1780554380323170560,Output Token Throughput Per User,tokens/sec/user,p75,9.43
135,1780554379323170560,1780554380323170560,Output Token Throughput Per User,tokens/sec/user,p90,9.43
135,1780554379323170560,1780554380323170560,Output Token Throughput Per User,tokens/sec/user,p95,9.43
135,1780554379323170560,1780554380323170560,Output Token Throughput Per User,tokens/sec/user,p99,9.43
135,1780554379323170560,1780554380323170560,Output Token Throughput Per User,tokens/sec/user,std,0.00
135,1780554379323170560,1780554380323170560,Prefill Throughput Per User,tokens/sec/user,avg,6650.44
135,1780554379323170560,1780554380323170560,Prefill Throughput Per User,tokens/sec/user,min,6650.44
135,1780554379323170560,1780554380323170560,Prefill Throughput Per User,tokens/sec/user,max,6650.44
135,1780554379323170560,1780554380323170560,Prefill Throughput Per User,tokens/sec/user,sum,6650.44
135,1780554379323170560,1780554380323170560,Prefill Throughput Per User,tokens/sec/user,p1,6650.44
135,1780554379323170560,1780554380323170560,Prefill Throughput Per User,tokens/sec/user,p5,6650.44
135,1780554379323170560,1780554380323170560,Prefill Throughput Per User,tokens/sec/user,p10,6650.44
135,1780554379323170560,1780554380323170560,Prefill Throughput Per User,tokens/sec/user,p25,6650.44
135,1780554379323170560,1780554380323170560,Prefill Throughput Per User,tokens/sec/user,p50,6650.44
135,1780554379323170560,1780554380323170560,Prefill Throughput Per User,tokens/sec/user,p75,6650.44
135,1780554379323170560,1780554380323170560,Prefill Throughput Per User,tokens/sec/user,p90,6650.44
135,1780554379323170560,1780554380323170560,Prefill Throughput Per User,tokens/sec/user,p95,6650.44
135,1780554379323170560,1780554380323170560,Prefill Throughput Per User,tokens/sec/user,p99,6650.44
135,1780554379323170560,1780554380323170560,Prefill Throughput Per User,tokens/sec/user,std,0.00
135,1780554379323170560,1780554380323170560,Request Count,requests,avg,1.00
135,1780554379323170560,1780554380323170560,Request Latency,ms,avg,113516.19
135,1780554379323170560,1780554380323170560,Request Latency,ms,min,113516.19
135,1780554379323170560,1780554380323170560,Request Latency,ms,max,113516.19
135,1780554379323170560,1780554380323170560,Request Latency,ms,sum,113516.19
135,1780554379323170560,1780554380323170560,Request Latency,ms,p1,113516.19
135,1780554379323170560,1780554380323170560,Request Latency,ms,p5,113516.19
135,1780554379323170560,1780554380323170560,Request Latency,ms,p10,113516.19
135,1780554379323170560,1780554380323170560,Request Latency,ms,p25,113516.19
135,1780554379323170560,1780554380323170560,Request Latency,ms,p50,113516.19
135,1780554379323170560,1780554380323170560,Request Latency,ms,p75,113516.19
135,1780554379323170560,1780554380323170560,Request Latency,ms,p90,113516.19
135,1780554379323170560,1780554380323170560,Request Latency,ms,p95,113516.19
135,1780554379323170560,1780554380323170560,Request Latency,ms,p99,113516.19
135,1780554379323170560,1780554380323170560,Request Latency,ms,std,0.00
135,1780554379323170560,1780554380323170560,Request Throughput,requests/sec,avg,1.00
135,1780554379323170560,1780554380323170560,Requested OSL,tokens,avg,898.00
135,1780554379323170560,1780554380323170560,Requested OSL,tokens,min,898.00
135,1780554379323170560,1780554380323170560,Requested OSL,tokens,max,898.00
135,1780554379323170560,1780554380323170560,Requested OSL,tokens,sum,898.00
135,1780554379323170560,1780554380323170560,Requested OSL,tokens,p1,898.00
135,1780554379323170560,1780554380323170560,Requested OSL,tokens,p5,898.00
135,1780554379323170560,1780554380323170560,Requested OSL,tokens,p10,898.00
135,1780554379323170560,1780554380323170560,Requested OSL,tokens,p25,898.00
135,1780554379323170560,1780554380323170560,Requested OSL,tokens,p50,898.00
135,1780554379323170560,1780554380323170560,Requested OSL,tokens,p75,898.00
135,1780554379323170560,1780554380323170560,Requested OSL,tokens,p90,898.00
135,1780554379323170560,1780554380323170560,Requested OSL,tokens,p95,898.00
135,1780554379323170560,1780554380323170560,Requested OSL,tokens,p99,898.00
135,1780554379323170560,1780554380323170560,Requested OSL,tokens,std,0.00
135,1780554379323170560,1780554380323170560,Time to First Output Token,ms,avg,18407.49
135,1780554379323170560,1780554380323170560,Time to First Output Token,ms,min,18407.49
135,1780554379323170560,1780554380323170560,Time to First Output Token,ms,max,18407.49
135,1780554379323170560,1780554380323170560,Time to First Output Token,ms,sum,18407.49
135,1780554379323170560,1780554380323170560,Time to First Output Token,ms,p1,18407.49
135,1780554379323170560,1780554380323170560,Time to First Output Token,ms,p5,18407.49
135,1780554379323170560,1780554380323170560,Time to First Output Token,ms,p10,18407.49
135,1780554379323170560,1780554380323170560,Time to First Output Token,ms,p25,18407.49
135,1780554379323170560,1780554380323170560,Time to First Output Token,ms,p50,18407.49
135,1780554379323170560,1780554380323170560,Time to First Output Token,ms,p75,18407.49
135,1780554379323170560,1780554380323170560,Time to First Output Token,ms,p90,18407.49
135,1780554379323170560,1780554380323170560,Time to First Output Token,ms,p95,18407.49
135,1780554379323170560,1780554380323170560,Time to First Output Token,ms,p99,18407.49
135,1780554379323170560,1780554380323170560,Time to First Output Token,ms,std,0.00
135,1780554379323170560,1780554380323170560,Time to First Token,ms,avg,18407.49
135,1780554379323170560,1780554380323170560,Time to First Token,ms,min,18407.49
135,1780554379323170560,1780554380323170560,Time to First Token,ms,max,18407.49
135,1780554379323170560,1780554380323170560,Time to First Token,ms,sum,18407.49
135,1780554379323170560,1780554380323170560,Time to First Token,ms,p1,18407.49
135,1780554379323170560,1780554380323170560,Time to First Token,ms,p5,18407.49
135,1780554379323170560,1780554380323170560,Time to First Token,ms,p10,18407.49
135,1780554379323170560,1780554380323170560,Time to First Token,ms,p25,18407.49
135,1780554379323170560,1780554380323170560,Time to First Token,ms,p50,18407.49
135,1780554379323170560,1780554380323170560,Time to First Token,ms,p75,18407.49
135,1780554379323170560,1780554380323170560,Time to First Token,ms,p90,18407.49
135,1780554379323170560,1780554380323170560,Time to First Token,ms,p95,18407.49
135,1780554379323170560,1780554380323170560,Time to First Token,ms,p99,18407.49
135,1780554379323170560,1780554380323170560,Time to First Token,ms,std,0.00
135,1780554379323170560,1780554380323170560,Time to Second Token,ms,avg,0.69
135,1780554379323170560,1780554380323170560,Time to Second Token,ms,min,0.69
135,1780554379323170560,1780554380323170560,Time to Second Token,ms,max,0.69
135,1780554379323170560,1780554380323170560,Time to Second Token,ms,sum,0.69
135,1780554379323170560,1780554380323170560,Time to Second Token,ms,p1,0.69
135,1780554379323170560,1780554380323170560,Time to Second Token,ms,p5,0.69
135,1780554379323170560,1780554380323170560,Time to Second Token,ms,p10,0.69
135,1780554379323170560,1780554380323170560,Time to Second Token,ms,p25,0.69
135,1780554379323170560,1780554380323170560,Time to Second Token,ms,p50,0.69
135,1780554379323170560,1780554380323170560,Time to Second Token,ms,p75,0.69
135,1780554379323170560,1780554380323170560,Time to Second Token,ms,p90,0.69
135,1780554379323170560,1780554380323170560,Time to Second Token,ms,p95,0.69
135,1780554379323170560,1780554380323170560,Time to Second Token,ms,p99,0.69
135,1780554379323170560,1780554380323170560,Time to Second Token,ms,std,0.00
135,1780554379323170560,1780554380323170560,Tokens In Flight,tokens,avg,1150154.34
135,1780554379323170560,1780554380323170560,Tokens In Flight,tokens,min,1111875.15
135,1780554379323170560,1780554380323170560,Tokens In Flight,tokens,max,1234364.71
135,1780554379323170560,1780554380323170560,Tokens In Flight,tokens,p50,1111910.43
135,1780554379323170560,1780554380323170560,Tokens In Flight,tokens,p90,1234358.67
135,1780554379323170560,1780554380323170560,Tokens In Flight,tokens,p95,1234360.67
135,1780554379323170560,1780554380323170560,Tokens In Flight,tokens,p99,1234363.71
135,1780554379323170560,1780554380323170560,Tokens In Flight,tokens,std,56754.57
135,1780554379323170560,1780554380323170560,Total Input Sequence Length,tokens,avg,122418.00
135,1780554379323170560,1780554380323170560,Total Output Sequence Length,tokens,avg,898.00
135,1780554379323170560,1780554380323170560,Total Output Tokens,tokens,avg,898.00
135,1780554379323170560,1780554380323170560,Total Token Throughput,tokens/sec,avg,123316.00
135,1780554379323170560,1780554380323170560,Total Usage Completion Tokens,tokens,avg,898.00
135,1780554379323170560,1780554380323170560,Total Usage Prompt Tokens,tokens,avg,122418.00
135,1780554379323170560,1780554380323170560,Total Usage Total Tokens,tokens,avg,123316.00
135,1780554379323170560,1780554380323170560,Usage Completion Tokens,tokens,avg,898.00
135,1780554379323170560,1780554380323170560,Usage Completion Tokens,tokens,min,898.00
135,1780554379323170560,1780554380323170560,Usage Completion Tokens,tokens,max,898.00
135,1780554379323170560,1780554380323170560,Usage Completion Tokens,tokens,sum,898.00
135,1780554379323170560,1780554380323170560,Usage Completion Tokens,tokens,p1,898.00
135,1780554379323170560,1780554380323170560,Usage Completion Tokens,tokens,p5,898.00
135,1780554379323170560,1780554380323170560,Usage Completion Tokens,tokens,p10,898.00
135,1780554379323170560,1780554380323170560,Usage Completion Tokens,tokens,p25,898.00
135,1780554379323170560,1780554380323170560,Usage Completion Tokens,tokens,p50,898.00
135,1780554379323170560,1780554380323170560,Usage Completion Tokens,tokens,p75,898.00
135,1780554379323170560,1780554380323170560,Usage Completion Tokens,tokens,p90,898.00
135,1780554379323170560,1780554380323170560,Usage Completion Tokens,tokens,p95,898.00
135,1780554379323170560,1780554380323170560,Usage Completion Tokens,tokens,p99,898.00
135,1780554379323170560,1780554380323170560,Usage Completion Tokens,tokens,std,0.00
135,1780554379323170560,1780554380323170560,Usage Prompt Tokens,tokens,avg,122418.00
135,1780554379323170560,1780554380323170560,Usage Prompt Tokens,tokens,min,122418.00
135,1780554379323170560,1780554380323170560,Usage Prompt Tokens,tokens,max,122418.00
135,1780554379323170560,1780554380323170560,Usage Prompt Tokens,tokens,sum,122418.00
135,1780554379323170560,1780554380323170560,Usage Prompt Tokens,tokens,p1,122418.00
135,1780554379323170560,1780554380323170560,Usage Prompt Tokens,tokens,p5,122418.00
135,1780554379323170560,1780554380323170560,Usage Prompt Tokens,tokens,p10,122418.00
135,1780554379323170560,1780554380323170560,Usage Prompt Tokens,tokens,p25,122418.00
135,1780554379323170560,1780554380323170560,Usage Prompt Tokens,tokens,p50,122418.00
135,1780554379323170560,1780554380323170560,Usage Prompt Tokens,tokens,p75,122418.00
135,1780554379323170560,1780554380323170560,Usage Prompt Tokens,tokens,p90,122418.00
135,1780554379323170560,1780554380323170560,Usage Prompt Tokens,tokens,p95,122418.00
135,1780554379323170560,1780554380323170560,Usage Prompt Tokens,tokens,p99,122418.00
135,1780554379323170560,1780554380323170560,Usage Prompt Tokens,tokens,std,0.00
135,1780554379323170560,1780554380323170560,Usage Total Tokens,tokens,avg,123316.00
135,1780554379323170560,1780554380323170560,Usage Total Tokens,tokens,min,123316.00
135,1780554379323170560,1780554380323170560,Usage Total Tokens,tokens,max,123316.00
135,1780554379323170560,1780554380323170560,Usage Total Tokens,tokens,sum,123316.00
135,1780554379323170560,1780554380323170560,Usage Total Tokens,tokens,p1,123316.00
135,1780554379323170560,1780554380323170560,Usage Total Tokens,tokens,p5,123316.00
135,1780554379323170560,1780554380323170560,Usage Total Tokens,tokens,p10,123316.00
135,1780554379323170560,1780554380323170560,Usage Total Tokens,tokens,p25,123316.00
135,1780554379323170560,1780554380323170560,Usage Total Tokens,tokens,p50,123316.00
135,1780554379323170560,1780554380323170560,Usage Total Tokens,tokens,p75,123316.00
135,1780554379323170560,1780554380323170560,Usage Total Tokens,tokens,p90,123316.00
135,1780554379323170560,1780554380323170560,Usage Total Tokens,tokens,p95,123316.00
135,1780554379323170560,1780554380323170560,Usage Total Tokens,tokens,p99,123316.00
135,1780554379323170560,1780554380323170560,Usage Total Tokens,tokens,std,0.00
136,1780554390323170560,1780554391323170560,Active Decode Throughput,tokens/sec,avg,58.26
136,1780554390323170560,1780554391323170560,Active Decode Throughput,tokens/sec,min,43.68
136,1780554390323170560,1780554391323170560,Active Decode Throughput,tokens/sec,max,72.84
136,1780554390323170560,1780554391323170560,Active Decode Throughput,tokens/sec,p50,58.26
136,1780554390323170560,1780554391323170560,Active Decode Throughput,tokens/sec,p90,58.26
136,1780554390323170560,1780554391323170560,Active Decode Throughput,tokens/sec,p95,58.26
136,1780554390323170560,1780554391323170560,Active Decode Throughput,tokens/sec,p99,58.26
136,1780554390323170560,1780554391323170560,Active Decode Throughput,tokens/sec,std,0.02
136,1780554390323170560,1780554391323170560,Active Decode Throughput Per User,tokens/sec/user,avg,4.85
136,1780554390323170560,1780554391323170560,Active Decode Throughput Per User,tokens/sec/user,min,3.64
136,1780554390323170560,1780554391323170560,Active Decode Throughput Per User,tokens/sec/user,max,6.07
136,1780554390323170560,1780554391323170560,Active Decode Throughput Per User,tokens/sec/user,p50,4.85
136,1780554390323170560,1780554391323170560,Active Decode Throughput Per User,tokens/sec/user,p90,4.85
136,1780554390323170560,1780554391323170560,Active Decode Throughput Per User,tokens/sec/user,p95,4.85
136,1780554390323170560,1780554391323170560,Active Decode Throughput Per User,tokens/sec/user,p99,4.85
136,1780554390323170560,1780554391323170560,Active Decode Throughput Per User,tokens/sec/user,std,0.00
136,1780554390323170560,1780554391323170560,Active Prefill Throughput,tokens/sec,avg,9352.32
136,1780554390323170560,1780554391323170560,Active Prefill Throughput,tokens/sec,min,6650.44
136,1780554390323170560,1780554391323170560,Active Prefill Throughput,tokens/sec,max,12876.30
136,1780554390323170560,1780554391323170560,Active Prefill Throughput,tokens/sec,p50,6650.44
136,1780554390323170560,1780554391323170560,Active Prefill Throughput,tokens/sec,p90,12876.30
136,1780554390323170560,1780554391323170560,Active Prefill Throughput,tokens/sec,p95,12876.30
136,1780554390323170560,1780554391323170560,Active Prefill Throughput,tokens/sec,p99,12876.30
136,1780554390323170560,1780554391323170560,Active Prefill Throughput,tokens/sec,std,3085.67
136,1780554390323170560,1780554391323170560,Active Prefill Throughput Per User,tokens/sec/user,avg,6558.31
136,1780554390323170560,1780554391323170560,Active Prefill Throughput Per User,tokens/sec/user,min,6438.15
136,1780554390323170560,1780554391323170560,Active Prefill Throughput Per User,tokens/sec/user,max,6650.44
136,1780554390323170560,1780554391323170560,Active Prefill Throughput Per User,tokens/sec/user,p50,6650.44
136,1780554390323170560,1780554391323170560,Active Prefill Throughput Per User,tokens/sec/user,p90,6650.44
136,1780554390323170560,1780554391323170560,Active Prefill Throughput Per User,tokens/sec/user,p95,6650.44
136,1780554390323170560,1780554391323170560,Active Prefill Throughput Per User,tokens/sec/user,p99,6650.44
136,1780554390323170560,1780554391323170560,Active Prefill Throughput Per User,tokens/sec/user,std,105.22
136,1780554390323170560,1780554391323170560,Active Total Throughput,tokens/sec,avg,9427.93
136,1780554390323170560,1780554391323170560,Active Total Throughput,tokens/sec,min,6726.05
136,1780554390323170560,1780554391323170560,Active Total Throughput,tokens/sec,max,12951.91
136,1780554390323170560,1780554391323170560,Active Total Throughput,tokens/sec,p50,6726.05
136,1780554390323170560,1780554391323170560,Active Total Throughput,tokens/sec,p90,12951.91
136,1780554390323170560,1780554391323170560,Active Total Throughput,tokens/sec,p95,12951.91
136,1780554390323170560,1780554391323170560,Active Total Throughput,tokens/sec,p99,12951.91
136,1780554390323170560,1780554391323170560,Active Total Throughput,tokens/sec,std,3085.67
136,1780554390323170560,1780554391323170560,Benchmark Duration,sec,avg,243.49
136,1780554390323170560,1780554391323170560,E2E Output Token Throughput,tokens/sec/user,avg,9.83
136,1780554390323170560,1780554391323170560,E2E Output Token Throughput,tokens/sec/user,min,9.83
136,1780554390323170560,1780554391323170560,E2E Output Token Throughput,tokens/sec/user,max,9.83
136,1780554390323170560,1780554391323170560,E2E Output Token Throughput,tokens/sec/user,sum,9.83
136,1780554390323170560,1780554391323170560,E2E Output Token Throughput,tokens/sec/user,p1,9.83
136,1780554390323170560,1780554391323170560,E2E Output Token Throughput,tokens/sec/user,p5,9.83
136,1780554390323170560,1780554391323170560,E2E Output Token Throughput,tokens/sec/user,p10,9.83
136,1780554390323170560,1780554391323170560,E2E Output Token Throughput,tokens/sec/user,p25,9.83
136,1780554390323170560,1780554391323170560,E2E Output Token Throughput,tokens/sec/user,p50,9.83
136,1780554390323170560,1780554391323170560,E2E Output Token Throughput,tokens/sec/user,p75,9.83
136,1780554390323170560,1780554391323170560,E2E Output Token Throughput,tokens/sec/user,p90,9.83
136,1780554390323170560,1780554391323170560,E2E Output Token Throughput,tokens/sec/user,p95,9.83
136,1780554390323170560,1780554391323170560,E2E Output Token Throughput,tokens/sec/user,p99,9.83
136,1780554390323170560,1780554391323170560,E2E Output Token Throughput,tokens/sec/user,std,0.00
136,1780554390323170560,1780554391323170560,Effective Concurrency,requests,avg,13.43
136,1780554390323170560,1780554391323170560,Effective Concurrency,requests,min,13.00
136,1780554390323170560,1780554391323170560,Effective Concurrency,requests,max,14.00
136,1780554390323170560,1780554391323170560,Effective Concurrency,requests,p50,13.00
136,1780554390323170560,1780554391323170560,Effective Concurrency,requests,p90,14.00
136,1780554390323170560,1780554391323170560,Effective Concurrency,requests,p95,14.00
136,1780554390323170560,1780554391323170560,Effective Concurrency,requests,p99,14.00
136,1780554390323170560,1780554391323170560,Effective Concurrency,requests,std,0.50
136,1780554390323170560,1780554391323170560,Effective Decode Concurrency,requests,avg,12.00
136,1780554390323170560,1780554391323170560,Effective Decode Concurrency,requests,min,12.00
136,1780554390323170560,1780554391323170560,Effective Decode Concurrency,requests,max,12.00
136,1780554390323170560,1780554391323170560,Effective Decode Concurrency,requests,p50,12.00
136,1780554390323170560,1780554391323170560,Effective Decode Concurrency,requests,p90,12.00
136,1780554390323170560,1780554391323170560,Effective Decode Concurrency,requests,p95,12.00
136,1780554390323170560,1780554391323170560,Effective Decode Concurrency,requests,p99,12.00
136,1780554390323170560,1780554391323170560,Effective Decode Concurrency,requests,std,0.00
136,1780554390323170560,1780554391323170560,Effective Decode Throughput,tokens/sec,avg,58.26
136,1780554390323170560,1780554391323170560,Effective Decode Throughput,tokens/sec,min,43.68
136,1780554390323170560,1780554391323170560,Effective Decode Throughput,tokens/sec,max,72.84
136,1780554390323170560,1780554391323170560,Effective Decode Throughput,tokens/sec,p50,58.26
136,1780554390323170560,1780554391323170560,Effective Decode Throughput,tokens/sec,p90,58.26
136,1780554390323170560,1780554391323170560,Effective Decode Throughput,tokens/sec,p95,58.26
136,1780554390323170560,1780554391323170560,Effective Decode Throughput,tokens/sec,p99,58.26
136,1780554390323170560,1780554391323170560,Effective Decode Throughput,tokens/sec,std,0.02
136,1780554390323170560,1780554391323170560,Effective Decode Throughput Per User,tokens/sec/user,avg,4.85
136,1780554390323170560,1780554391323170560,Effective Decode Throughput Per User,tokens/sec/user,min,3.64
136,1780554390323170560,1780554391323170560,Effective Decode Throughput Per User,tokens/sec/user,max,6.07
136,1780554390323170560,1780554391323170560,Effective Decode Throughput Per User,tokens/sec/user,p50,4.85
136,1780554390323170560,1780554391323170560,Effective Decode Throughput Per User,tokens/sec/user,p90,4.85
136,1780554390323170560,1780554391323170560,Effective Decode Throughput Per User,tokens/sec/user,p95,4.85
136,1780554390323170560,1780554391323170560,Effective Decode Throughput Per User,tokens/sec/user,p99,4.85
136,1780554390323170560,1780554391323170560,Effective Decode Throughput Per User,tokens/sec/user,std,0.00
136,1780554390323170560,1780554391323170560,Effective Prefill Concurrency,requests,avg,1.43
136,1780554390323170560,1780554391323170560,Effective Prefill Concurrency,requests,min,1.00
136,1780554390323170560,1780554391323170560,Effective Prefill Concurrency,requests,max,2.00
136,1780554390323170560,1780554391323170560,Effective Prefill Concurrency,requests,p50,1.00
136,1780554390323170560,1780554391323170560,Effective Prefill Concurrency,requests,p90,2.00
136,1780554390323170560,1780554391323170560,Effective Prefill Concurrency,requests,p95,2.00
136,1780554390323170560,1780554391323170560,Effective Prefill Concurrency,requests,p99,2.00
136,1780554390323170560,1780554391323170560,Effective Prefill Concurrency,requests,std,0.50
136,1780554390323170560,1780554391323170560,Effective Prefill Throughput,tokens/sec,avg,9352.32
136,1780554390323170560,1780554391323170560,Effective Prefill Throughput,tokens/sec,min,6650.44
136,1780554390323170560,1780554391323170560,Effective Prefill Throughput,tokens/sec,max,12876.30
136,1780554390323170560,1780554391323170560,Effective Prefill Throughput,tokens/sec,p50,6650.44
136,1780554390323170560,1780554391323170560,Effective Prefill Throughput,tokens/sec,p90,12876.30
136,1780554390323170560,1780554391323170560,Effective Prefill Throughput,tokens/sec,p95,12876.30
136,1780554390323170560,1780554391323170560,Effective Prefill Throughput,tokens/sec,p99,12876.30
136,1780554390323170560,1780554391323170560,Effective Prefill Throughput,tokens/sec,std,3085.67
136,1780554390323170560,1780554391323170560,Effective Prefill Throughput Per User,tokens/sec/user,avg,6558.31
136,1780554390323170560,1780554391323170560,Effective Prefill Throughput Per User,tokens/sec/user,min,6438.15
136,1780554390323170560,1780554391323170560,Effective Prefill Throughput Per User,tokens/sec/user,max,6650.44
136,1780554390323170560,1780554391323170560,Effective Prefill Throughput Per User,tokens/sec/user,p50,6650.44
136,1780554390323170560,1780554391323170560,Effective Prefill Throughput Per User,tokens/sec/user,p90,6650.44
136,1780554390323170560,1780554391323170560,Effective Prefill Throughput Per User,tokens/sec/user,p95,6650.44
136,1780554390323170560,1780554391323170560,Effective Prefill Throughput Per User,tokens/sec/user,p99,6650.44
136,1780554390323170560,1780554391323170560,Effective Prefill Throughput Per User,tokens/sec/user,std,105.22
136,1780554390323170560,1780554391323170560,Effective Total Throughput,tokens/sec,avg,9427.93
136,1780554390323170560,1780554391323170560,Effective Total Throughput,tokens/sec,min,6726.05
136,1780554390323170560,1780554391323170560,Effective Total Throughput,tokens/sec,max,12951.91
136,1780554390323170560,1780554391323170560,Effective Total Throughput,tokens/sec,p50,6726.05
136,1780554390323170560,1780554391323170560,Effective Total Throughput,tokens/sec,p90,12951.91
136,1780554390323170560,1780554391323170560,Effective Total Throughput,tokens/sec,p95,12951.91
136,1780554390323170560,1780554391323170560,Effective Total Throughput,tokens/sec,p99,12951.91
136,1780554390323170560,1780554391323170560,Effective Total Throughput,tokens/sec,std,3085.67
136,1780554390323170560,1780554391323170560,HTTP Blocked,ms,avg,0.00
136,1780554390323170560,1780554391323170560,HTTP Blocked,ms,min,0.00
136,1780554390323170560,1780554391323170560,HTTP Blocked,ms,max,0.00
136,1780554390323170560,1780554391323170560,HTTP Blocked,ms,sum,0.00
136,1780554390323170560,1780554391323170560,HTTP Blocked,ms,p1,0.00
136,1780554390323170560,1780554391323170560,HTTP Blocked,ms,p5,0.00
136,1780554390323170560,1780554391323170560,HTTP Blocked,ms,p10,0.00
136,1780554390323170560,1780554391323170560,HTTP Blocked,ms,p25,0.00
136,1780554390323170560,1780554391323170560,HTTP Blocked,ms,p50,0.00
136,1780554390323170560,1780554391323170560,HTTP Blocked,ms,p75,0.00
136,1780554390323170560,1780554391323170560,HTTP Blocked,ms,p90,0.00
136,1780554390323170560,1780554391323170560,HTTP Blocked,ms,p95,0.00
136,1780554390323170560,1780554391323170560,HTTP Blocked,ms,p99,0.00
136,1780554390323170560,1780554391323170560,HTTP Blocked,ms,std,0.00
136,1780554390323170560,1780554391323170560,HTTP Chunks Received,count,avg,2393.00
136,1780554390323170560,1780554391323170560,HTTP Chunks Received,count,min,2393.00
136,1780554390323170560,1780554391323170560,HTTP Chunks Received,count,max,2393.00
136,1780554390323170560,1780554391323170560,HTTP Chunks Received,count,sum,2393.00
136,1780554390323170560,1780554391323170560,HTTP Chunks Received,count,p1,2393.00
136,1780554390323170560,1780554391323170560,HTTP Chunks Received,count,p5,2393.00
136,1780554390323170560,1780554391323170560,HTTP Chunks Received,count,p10,2393.00
136,1780554390323170560,1780554391323170560,HTTP Chunks Received,count,p25,2393.00
136,1780554390323170560,1780554391323170560,HTTP Chunks Received,count,p50,2393.00
136,1780554390323170560,1780554391323170560,HTTP Chunks Received,count,p75,2393.00
136,1780554390323170560,1780554391323170560,HTTP Chunks Received,count,p90,2393.00
136,1780554390323170560,1780554391323170560,HTTP Chunks Received,count,p95,2393.00
136,1780554390323170560,1780554391323170560,HTTP Chunks Received,count,p99,2393.00
136,1780554390323170560,1780554391323170560,HTTP Chunks Received,count,std,0.00
136,1780554390323170560,1780554391323170560,HTTP Chunks Sent,count,avg,1.00
136,1780554390323170560,1780554391323170560,HTTP Chunks Sent,count,min,1.00
136,1780554390323170560,1780554391323170560,HTTP Chunks Sent,count,max,1.00
136,1780554390323170560,1780554391323170560,HTTP Chunks Sent,count,sum,1.00
136,1780554390323170560,1780554391323170560,HTTP Chunks Sent,count,p1,1.00
136,1780554390323170560,1780554391323170560,HTTP Chunks Sent,count,p5,1.00
136,1780554390323170560,1780554391323170560,HTTP Chunks Sent,count,p10,1.00
136,1780554390323170560,1780554391323170560,HTTP Chunks Sent,count,p25,1.00
136,1780554390323170560,1780554391323170560,HTTP Chunks Sent,count,p50,1.00
136,1780554390323170560,1780554391323170560,HTTP Chunks Sent,count,p75,1.00
136,1780554390323170560,1780554391323170560,HTTP Chunks Sent,count,p90,1.00
136,1780554390323170560,1780554391323170560,HTTP Chunks Sent,count,p95,1.00
136,1780554390323170560,1780554391323170560,HTTP Chunks Sent,count,p99,1.00
136,1780554390323170560,1780554391323170560,HTTP Chunks Sent,count,std,0.00
136,1780554390323170560,1780554391323170560,HTTP Connecting,ms,avg,0.60
136,1780554390323170560,1780554391323170560,HTTP Connecting,ms,min,0.60
136,1780554390323170560,1780554391323170560,HTTP Connecting,ms,max,0.60
136,1780554390323170560,1780554391323170560,HTTP Connecting,ms,sum,0.60
136,1780554390323170560,1780554391323170560,HTTP Connecting,ms,p1,0.60
136,1780554390323170560,1780554391323170560,HTTP Connecting,ms,p5,0.60
136,1780554390323170560,1780554391323170560,HTTP Connecting,ms,p10,0.60
136,1780554390323170560,1780554391323170560,HTTP Connecting,ms,p25,0.60
136,1780554390323170560,1780554391323170560,HTTP Connecting,ms,p50,0.60
136,1780554390323170560,1780554391323170560,HTTP Connecting,ms,p75,0.60
136,1780554390323170560,1780554391323170560,HTTP Connecting,ms,p90,0.60
136,1780554390323170560,1780554391323170560,HTTP Connecting,ms,p95,0.60
136,1780554390323170560,1780554391323170560,HTTP Connecting,ms,p99,0.60
136,1780554390323170560,1780554391323170560,HTTP Connecting,ms,std,0.00
136,1780554390323170560,1780554391323170560,HTTP Connection Overhead,ms,avg,0.60
136,1780554390323170560,1780554391323170560,HTTP Connection Overhead,ms,min,0.60
136,1780554390323170560,1780554391323170560,HTTP Connection Overhead,ms,max,0.60
136,1780554390323170560,1780554391323170560,HTTP Connection Overhead,ms,sum,0.60
136,1780554390323170560,1780554391323170560,HTTP Connection Overhead,ms,p1,0.60
136,1780554390323170560,1780554391323170560,HTTP Connection Overhead,ms,p5,0.60
136,1780554390323170560,1780554391323170560,HTTP Connection Overhead,ms,p10,0.60
136,1780554390323170560,1780554391323170560,HTTP Connection Overhead,ms,p25,0.60
136,1780554390323170560,1780554391323170560,HTTP Connection Overhead,ms,p50,0.60
136,1780554390323170560,1780554391323170560,HTTP Connection Overhead,ms,p75,0.60
136,1780554390323170560,1780554391323170560,HTTP Connection Overhead,ms,p90,0.60
136,1780554390323170560,1780554391323170560,HTTP Connection Overhead,ms,p95,0.60
136,1780554390323170560,1780554391323170560,HTTP Connection Overhead,ms,p99,0.60
136,1780554390323170560,1780554391323170560,HTTP Connection Overhead,ms,std,0.00
136,1780554390323170560,1780554391323170560,HTTP Connection Reused,ratio,avg,0.00
136,1780554390323170560,1780554391323170560,HTTP Connection Reused,ratio,min,0.00
136,1780554390323170560,1780554391323170560,HTTP Connection Reused,ratio,max,0.00
136,1780554390323170560,1780554391323170560,HTTP Connection Reused,ratio,sum,0.00
136,1780554390323170560,1780554391323170560,HTTP Connection Reused,ratio,p1,0.00
136,1780554390323170560,1780554391323170560,HTTP Connection Reused,ratio,p5,0.00
136,1780554390323170560,1780554391323170560,HTTP Connection Reused,ratio,p10,0.00
136,1780554390323170560,1780554391323170560,HTTP Connection Reused,ratio,p25,0.00
136,1780554390323170560,1780554391323170560,HTTP Connection Reused,ratio,p50,0.00
136,1780554390323170560,1780554391323170560,HTTP Connection Reused,ratio,p75,0.00
136,1780554390323170560,1780554391323170560,HTTP Connection Reused,ratio,p90,0.00
136,1780554390323170560,1780554391323170560,HTTP Connection Reused,ratio,p95,0.00
136,1780554390323170560,1780554391323170560,HTTP Connection Reused,ratio,p99,0.00
136,1780554390323170560,1780554391323170560,HTTP Connection Reused,ratio,std,0.00
136,1780554390323170560,1780554391323170560,HTTP Data Received,KB,avg,593.85
136,1780554390323170560,1780554391323170560,HTTP Data Received,KB,min,593.85
136,1780554390323170560,1780554391323170560,HTTP Data Received,KB,max,593.85
136,1780554390323170560,1780554391323170560,HTTP Data Received,KB,sum,593.85
136,1780554390323170560,1780554391323170560,HTTP Data Received,KB,p1,593.85
136,1780554390323170560,1780554391323170560,HTTP Data Received,KB,p5,593.85
136,1780554390323170560,1780554391323170560,HTTP Data Received,KB,p10,593.85
136,1780554390323170560,1780554391323170560,HTTP Data Received,KB,p25,593.85
136,1780554390323170560,1780554391323170560,HTTP Data Received,KB,p50,593.85
136,1780554390323170560,1780554391323170560,HTTP Data Received,KB,p75,593.85
136,1780554390323170560,1780554391323170560,HTTP Data Received,KB,p90,593.85
136,1780554390323170560,1780554391323170560,HTTP Data Received,KB,p95,593.85
136,1780554390323170560,1780554391323170560,HTTP Data Received,KB,p99,593.85
136,1780554390323170560,1780554391323170560,HTTP Data Received,KB,std,0.00
136,1780554390323170560,1780554391323170560,HTTP Data Sent,KB,avg,438.26
136,1780554390323170560,1780554391323170560,HTTP Data Sent,KB,min,438.26
136,1780554390323170560,1780554391323170560,HTTP Data Sent,KB,max,438.26
136,1780554390323170560,1780554391323170560,HTTP Data Sent,KB,sum,438.26
136,1780554390323170560,1780554391323170560,HTTP Data Sent,KB,p1,438.26
136,1780554390323170560,1780554391323170560,HTTP Data Sent,KB,p5,438.26
136,1780554390323170560,1780554391323170560,HTTP Data Sent,KB,p10,438.26
136,1780554390323170560,1780554391323170560,HTTP Data Sent,KB,p25,438.26
136,1780554390323170560,1780554391323170560,HTTP Data Sent,KB,p50,438.26
136,1780554390323170560,1780554391323170560,HTTP Data Sent,KB,p75,438.26
136,1780554390323170560,1780554391323170560,HTTP Data Sent,KB,p90,438.26
136,1780554390323170560,1780554391323170560,HTTP Data Sent,KB,p95,438.26
136,1780554390323170560,1780554391323170560,HTTP Data Sent,KB,p99,438.26
136,1780554390323170560,1780554391323170560,HTTP Data Sent,KB,std,0.00
136,1780554390323170560,1780554391323170560,HTTP DNS Lookup,ms,avg,0.00
136,1780554390323170560,1780554391323170560,HTTP DNS Lookup,ms,min,0.00
136,1780554390323170560,1780554391323170560,HTTP DNS Lookup,ms,max,0.00
136,1780554390323170560,1780554391323170560,HTTP DNS Lookup,ms,sum,0.00
136,1780554390323170560,1780554391323170560,HTTP DNS Lookup,ms,p1,0.00
136,1780554390323170560,1780554391323170560,HTTP DNS Lookup,ms,p5,0.00
136,1780554390323170560,1780554391323170560,HTTP DNS Lookup,ms,p10,0.00
136,1780554390323170560,1780554391323170560,HTTP DNS Lookup,ms,p25,0.00
136,1780554390323170560,1780554391323170560,HTTP DNS Lookup,ms,p50,0.00
136,1780554390323170560,1780554391323170560,HTTP DNS Lookup,ms,p75,0.00
136,1780554390323170560,1780554391323170560,HTTP DNS Lookup,ms,p90,0.00
136,1780554390323170560,1780554391323170560,HTTP DNS Lookup,ms,p95,0.00
136,1780554390323170560,1780554391323170560,HTTP DNS Lookup,ms,p99,0.00
136,1780554390323170560,1780554391323170560,HTTP DNS Lookup,ms,std,0.00
136,1780554390323170560,1780554391323170560,HTTP Duration (excl. conn),ms,avg,243491.73
136,1780554390323170560,1780554391323170560,HTTP Duration (excl. conn),ms,min,243491.73
136,1780554390323170560,1780554391323170560,HTTP Duration (excl. conn),ms,max,243491.73
136,1780554390323170560,1780554391323170560,HTTP Duration (excl. conn),ms,sum,243491.73
136,1780554390323170560,1780554391323170560,HTTP Duration (excl. conn),ms,p1,243491.73
136,1780554390323170560,1780554391323170560,HTTP Duration (excl. conn),ms,p5,243491.73
136,1780554390323170560,1780554391323170560,HTTP Duration (excl. conn),ms,p10,243491.73
136,1780554390323170560,1780554391323170560,HTTP Duration (excl. conn),ms,p25,243491.73
136,1780554390323170560,1780554391323170560,HTTP Duration (excl. conn),ms,p50,243491.73
136,1780554390323170560,1780554391323170560,HTTP Duration (excl. conn),ms,p75,243491.73
136,1780554390323170560,1780554391323170560,HTTP Duration (excl. conn),ms,p90,243491.73
136,1780554390323170560,1780554391323170560,HTTP Duration (excl. conn),ms,p95,243491.73
136,1780554390323170560,1780554391323170560,HTTP Duration (excl. conn),ms,p99,243491.73
136,1780554390323170560,1780554391323170560,HTTP Duration (excl. conn),ms,std,0.00
136,1780554390323170560,1780554391323170560,HTTP Receiving,ms,avg,225429.77
136,1780554390323170560,1780554391323170560,HTTP Receiving,ms,min,225429.77
136,1780554390323170560,1780554391323170560,HTTP Receiving,ms,max,225429.77
136,1780554390323170560,1780554391323170560,HTTP Receiving,ms,sum,225429.77
136,1780554390323170560,1780554391323170560,HTTP Receiving,ms,p1,225429.77
136,1780554390323170560,1780554391323170560,HTTP Receiving,ms,p5,225429.77
136,1780554390323170560,1780554391323170560,HTTP Receiving,ms,p10,225429.77
136,1780554390323170560,1780554391323170560,HTTP Receiving,ms,p25,225429.77
136,1780554390323170560,1780554391323170560,HTTP Receiving,ms,p50,225429.77
136,1780554390323170560,1780554391323170560,HTTP Receiving,ms,p75,225429.77
136,1780554390323170560,1780554391323170560,HTTP Receiving,ms,p90,225429.77
136,1780554390323170560,1780554391323170560,HTTP Receiving,ms,p95,225429.77
136,1780554390323170560,1780554391323170560,HTTP Receiving,ms,p99,225429.77
136,1780554390323170560,1780554391323170560,HTTP Receiving,ms,std,0.00
136,1780554390323170560,1780554391323170560,HTTP Sending,ms,avg,0.86
136,1780554390323170560,1780554391323170560,HTTP Sending,ms,min,0.86
136,1780554390323170560,1780554391323170560,HTTP Sending,ms,max,0.86
136,1780554390323170560,1780554391323170560,HTTP Sending,ms,sum,0.86
136,1780554390323170560,1780554391323170560,HTTP Sending,ms,p1,0.86
136,1780554390323170560,1780554391323170560,HTTP Sending,ms,p5,0.86
136,1780554390323170560,1780554391323170560,HTTP Sending,ms,p10,0.86
136,1780554390323170560,1780554391323170560,HTTP Sending,ms,p25,0.86
136,1780554390323170560,1780554391323170560,HTTP Sending,ms,p50,0.86
136,1780554390323170560,1780554391323170560,HTTP Sending,ms,p75,0.86
136,1780554390323170560,1780554391323170560,HTTP Sending,ms,p90,0.86
136,1780554390323170560,1780554391323170560,HTTP Sending,ms,p95,0.86
136,1780554390323170560,1780554391323170560,HTTP Sending,ms,p99,0.86
136,1780554390323170560,1780554391323170560,HTTP Sending,ms,std,0.00
136,1780554390323170560,1780554391323170560,HTTP Total Time,ms,avg,243492.33
136,1780554390323170560,1780554391323170560,HTTP Total Time,ms,min,243492.33
136,1780554390323170560,1780554391323170560,HTTP Total Time,ms,max,243492.33
136,1780554390323170560,1780554391323170560,HTTP Total Time,ms,sum,243492.33
136,1780554390323170560,1780554391323170560,HTTP Total Time,ms,p1,243492.33
136,1780554390323170560,1780554391323170560,HTTP Total Time,ms,p5,243492.33
136,1780554390323170560,1780554391323170560,HTTP Total Time,ms,p10,243492.33
136,1780554390323170560,1780554391323170560,HTTP Total Time,ms,p25,243492.33
136,1780554390323170560,1780554391323170560,HTTP Total Time,ms,p50,243492.33
136,1780554390323170560,1780554391323170560,HTTP Total Time,ms,p75,243492.33
136,1780554390323170560,1780554391323170560,HTTP Total Time,ms,p90,243492.33
136,1780554390323170560,1780554391323170560,HTTP Total Time,ms,p95,243492.33
136,1780554390323170560,1780554391323170560,HTTP Total Time,ms,p99,243492.33
136,1780554390323170560,1780554391323170560,HTTP Total Time,ms,std,0.00
136,1780554390323170560,1780554391323170560,HTTP Waiting (TTFB),ms,avg,18061.11
136,1780554390323170560,1780554391323170560,HTTP Waiting (TTFB),ms,min,18061.11
136,1780554390323170560,1780554391323170560,HTTP Waiting (TTFB),ms,max,18061.11
136,1780554390323170560,1780554391323170560,HTTP Waiting (TTFB),ms,sum,18061.11
136,1780554390323170560,1780554391323170560,HTTP Waiting (TTFB),ms,p1,18061.11
136,1780554390323170560,1780554391323170560,HTTP Waiting (TTFB),ms,p5,18061.11
136,1780554390323170560,1780554391323170560,HTTP Waiting (TTFB),ms,p10,18061.11
136,1780554390323170560,1780554391323170560,HTTP Waiting (TTFB),ms,p25,18061.11
136,1780554390323170560,1780554391323170560,HTTP Waiting (TTFB),ms,p50,18061.11
136,1780554390323170560,1780554391323170560,HTTP Waiting (TTFB),ms,p75,18061.11
136,1780554390323170560,1780554391323170560,HTTP Waiting (TTFB),ms,p90,18061.11
136,1780554390323170560,1780554391323170560,HTTP Waiting (TTFB),ms,p95,18061.11
136,1780554390323170560,1780554391323170560,HTTP Waiting (TTFB),ms,p99,18061.11
136,1780554390323170560,1780554391323170560,HTTP Waiting (TTFB),ms,std,0.00
136,1780554390323170560,1780554391323170560,Input Sequence Length,tokens,avg,112452.00
136,1780554390323170560,1780554391323170560,Input Sequence Length,tokens,min,112452.00
136,1780554390323170560,1780554391323170560,Input Sequence Length,tokens,max,112452.00
136,1780554390323170560,1780554391323170560,Input Sequence Length,tokens,sum,112452.00
136,1780554390323170560,1780554391323170560,Input Sequence Length,tokens,p1,112452.00
136,1780554390323170560,1780554391323170560,Input Sequence Length,tokens,p5,112452.00
136,1780554390323170560,1780554391323170560,Input Sequence Length,tokens,p10,112452.00
136,1780554390323170560,1780554391323170560,Input Sequence Length,tokens,p25,112452.00
136,1780554390323170560,1780554391323170560,Input Sequence Length,tokens,p50,112452.00
136,1780554390323170560,1780554391323170560,Input Sequence Length,tokens,p75,112452.00
136,1780554390323170560,1780554391323170560,Input Sequence Length,tokens,p90,112452.00
136,1780554390323170560,1780554391323170560,Input Sequence Length,tokens,p95,112452.00
136,1780554390323170560,1780554391323170560,Input Sequence Length,tokens,p99,112452.00
136,1780554390323170560,1780554391323170560,Input Sequence Length,tokens,std,0.00
136,1780554390323170560,1780554391323170560,Input Token Throughput,tokens/sec,avg,112452.00
136,1780554390323170560,1780554391323170560,Inter Chunk Latency,ms,avg,149.71
136,1780554390323170560,1780554391323170560,Inter Chunk Latency,ms,min,136.40
136,1780554390323170560,1780554391323170560,Inter Chunk Latency,ms,max,195.68
136,1780554390323170560,1780554391323170560,Inter Chunk Latency,ms,sum,315728.40
136,1780554390323170560,1780554391323170560,Inter Chunk Latency,ms,p1,136.41
136,1780554390323170560,1780554391323170560,Inter Chunk Latency,ms,p5,136.46
136,1780554390323170560,1780554391323170560,Inter Chunk Latency,ms,p10,136.53
136,1780554390323170560,1780554391323170560,Inter Chunk Latency,ms,p25,136.78
136,1780554390323170560,1780554391323170560,Inter Chunk Latency,ms,p50,137.49
136,1780554390323170560,1780554391323170560,Inter Chunk Latency,ms,p75,164.63
136,1780554390323170560,1780554391323170560,Inter Chunk Latency,ms,p90,184.24
136,1780554390323170560,1780554391323170560,Inter Chunk Latency,ms,p95,189.77
136,1780554390323170560,1780554391323170560,Inter Chunk Latency,ms,p99,195.59
136,1780554390323170560,1780554391323170560,Inter Chunk Latency,ms,std,19.22
136,1780554390323170560,1780554391323170560,Inter Token Latency,ms,avg,94.24
136,1780554390323170560,1780554391323170560,Inter Token Latency,ms,min,94.24
136,1780554390323170560,1780554391323170560,Inter Token Latency,ms,max,94.24
136,1780554390323170560,1780554391323170560,Inter Token Latency,ms,sum,94.24
136,1780554390323170560,1780554391323170560,Inter Token Latency,ms,p1,94.24
136,1780554390323170560,1780554391323170560,Inter Token Latency,ms,p5,94.24
136,1780554390323170560,1780554391323170560,Inter Token Latency,ms,p10,94.24
136,1780554390323170560,1780554391323170560,Inter Token Latency,ms,p25,94.24
136,1780554390323170560,1780554391323170560,Inter Token Latency,ms,p50,94.24
136,1780554390323170560,1780554391323170560,Inter Token Latency,ms,p75,94.24
136,1780554390323170560,1780554391323170560,Inter Token Latency,ms,p90,94.24
136,1780554390323170560,1780554391323170560,Inter Token Latency,ms,p95,94.24
136,1780554390323170560,1780554391323170560,Inter Token Latency,ms,p99,94.24
136,1780554390323170560,1780554391323170560,Inter Token Latency,ms,std,0.00
136,1780554390323170560,1780554391323170560,Maximum Response Timestamp,ns,avg,1780554634381039104.00
136,1780554390323170560,1780554391323170560,Minimum Request Timestamp,ns,avg,1780554390889193984.00
136,1780554390323170560,1780554391323170560,OSL Mismatch Count,requests,avg,0.00
136,1780554390323170560,1780554391323170560,OSL Mismatch Diff %,%,avg,0.00
136,1780554390323170560,1780554391323170560,OSL Mismatch Diff %,%,min,0.00
136,1780554390323170560,1780554391323170560,OSL Mismatch Diff %,%,max,0.00
136,1780554390323170560,1780554391323170560,OSL Mismatch Diff %,%,sum,0.00
136,1780554390323170560,1780554391323170560,OSL Mismatch Diff %,%,p1,0.00
136,1780554390323170560,1780554391323170560,OSL Mismatch Diff %,%,p5,0.00
136,1780554390323170560,1780554391323170560,OSL Mismatch Diff %,%,p10,0.00
136,1780554390323170560,1780554391323170560,OSL Mismatch Diff %,%,p25,0.00
136,1780554390323170560,1780554391323170560,OSL Mismatch Diff %,%,p50,0.00
136,1780554390323170560,1780554391323170560,OSL Mismatch Diff %,%,p75,0.00
136,1780554390323170560,1780554391323170560,OSL Mismatch Diff %,%,p90,0.00
136,1780554390323170560,1780554391323170560,OSL Mismatch Diff %,%,p95,0.00
136,1780554390323170560,1780554391323170560,OSL Mismatch Diff %,%,p99,0.00
136,1780554390323170560,1780554391323170560,OSL Mismatch Diff %,%,std,0.00
136,1780554390323170560,1780554391323170560,Output Sequence Length,tokens,avg,2393.00
136,1780554390323170560,1780554391323170560,Output Sequence Length,tokens,min,2393.00
136,1780554390323170560,1780554391323170560,Output Sequence Length,tokens,max,2393.00
136,1780554390323170560,1780554391323170560,Output Sequence Length,tokens,sum,2393.00
136,1780554390323170560,1780554391323170560,Output Sequence Length,tokens,p1,2393.00
136,1780554390323170560,1780554391323170560,Output Sequence Length,tokens,p5,2393.00
136,1780554390323170560,1780554391323170560,Output Sequence Length,tokens,p10,2393.00
136,1780554390323170560,1780554391323170560,Output Sequence Length,tokens,p25,2393.00
136,1780554390323170560,1780554391323170560,Output Sequence Length,tokens,p50,2393.00
136,1780554390323170560,1780554391323170560,Output Sequence Length,tokens,p75,2393.00
136,1780554390323170560,1780554391323170560,Output Sequence Length,tokens,p90,2393.00
136,1780554390323170560,1780554391323170560,Output Sequence Length,tokens,p95,2393.00
136,1780554390323170560,1780554391323170560,Output Sequence Length,tokens,p99,2393.00
136,1780554390323170560,1780554391323170560,Output Sequence Length,tokens,std,0.00
136,1780554390323170560,1780554391323170560,Output Token Count,tokens,avg,2393.00
136,1780554390323170560,1780554391323170560,Output Token Count,tokens,min,2393.00
136,1780554390323170560,1780554391323170560,Output Token Count,tokens,max,2393.00
136,1780554390323170560,1780554391323170560,Output Token Count,tokens,sum,2393.00
136,1780554390323170560,1780554391323170560,Output Token Count,tokens,p1,2393.00
136,1780554390323170560,1780554391323170560,Output Token Count,tokens,p5,2393.00
136,1780554390323170560,1780554391323170560,Output Token Count,tokens,p10,2393.00
136,1780554390323170560,1780554391323170560,Output Token Count,tokens,p25,2393.00
136,1780554390323170560,1780554391323170560,Output Token Count,tokens,p50,2393.00
136,1780554390323170560,1780554391323170560,Output Token Count,tokens,p75,2393.00
136,1780554390323170560,1780554391323170560,Output Token Count,tokens,p90,2393.00
136,1780554390323170560,1780554391323170560,Output Token Count,tokens,p95,2393.00
136,1780554390323170560,1780554391323170560,Output Token Count,tokens,p99,2393.00
136,1780554390323170560,1780554391323170560,Output Token Count,tokens,std,0.00
136,1780554390323170560,1780554391323170560,Output Token Throughput,tokens/sec,avg,2393.00
136,1780554390323170560,1780554391323170560,Output Token Throughput Per User,tokens/sec/user,avg,10.61
136,1780554390323170560,1780554391323170560,Output Token Throughput Per User,tokens/sec/user,min,10.61
136,1780554390323170560,1780554391323170560,Output Token Throughput Per User,tokens/sec/user,max,10.61
136,1780554390323170560,1780554391323170560,Output Token Throughput Per User,tokens/sec/user,sum,10.61
136,1780554390323170560,1780554391323170560,Output Token Throughput Per User,tokens/sec/user,p1,10.61
136,1780554390323170560,1780554391323170560,Output Token Throughput Per User,tokens/sec/user,p5,10.61
136,1780554390323170560,1780554391323170560,Output Token Throughput Per User,tokens/sec/user,p10,10.61
136,1780554390323170560,1780554391323170560,Output Token Throughput Per User,tokens/sec/user,p25,10.61
136,1780554390323170560,1780554391323170560,Output Token Throughput Per User,tokens/sec/user,p50,10.61
136,1780554390323170560,1780554391323170560,Output Token Throughput Per User,tokens/sec/user,p75,10.61
136,1780554390323170560,1780554391323170560,Output Token Throughput Per User,tokens/sec/user,p90,10.61
136,1780554390323170560,1780554391323170560,Output Token Throughput Per User,tokens/sec/user,p95,10.61
136,1780554390323170560,1780554391323170560,Output Token Throughput Per User,tokens/sec/user,p99,10.61
136,1780554390323170560,1780554391323170560,Output Token Throughput Per User,tokens/sec/user,std,0.00
136,1780554390323170560,1780554391323170560,Prefill Throughput Per User,tokens/sec/user,avg,6225.86
136,1780554390323170560,1780554391323170560,Prefill Throughput Per User,tokens/sec/user,min,6225.86
136,1780554390323170560,1780554391323170560,Prefill Throughput Per User,tokens/sec/user,max,6225.86
136,1780554390323170560,1780554391323170560,Prefill Throughput Per User,tokens/sec/user,sum,6225.86
136,1780554390323170560,1780554391323170560,Prefill Throughput Per User,tokens/sec/user,p1,6225.86
136,1780554390323170560,1780554391323170560,Prefill Throughput Per User,tokens/sec/user,p5,6225.86
136,1780554390323170560,1780554391323170560,Prefill Throughput Per User,tokens/sec/user,p10,6225.86
136,1780554390323170560,1780554391323170560,Prefill Throughput Per User,tokens/sec/user,p25,6225.86
136,1780554390323170560,1780554391323170560,Prefill Throughput Per User,tokens/sec/user,p50,6225.86
136,1780554390323170560,1780554391323170560,Prefill Throughput Per User,tokens/sec/user,p75,6225.86
136,1780554390323170560,1780554391323170560,Prefill Throughput Per User,tokens/sec/user,p90,6225.86
136,1780554390323170560,1780554391323170560,Prefill Throughput Per User,tokens/sec/user,p95,6225.86
136,1780554390323170560,1780554391323170560,Prefill Throughput Per User,tokens/sec/user,p99,6225.86
136,1780554390323170560,1780554391323170560,Prefill Throughput Per User,tokens/sec/user,std,0.00
136,1780554390323170560,1780554391323170560,Request Count,requests,avg,1.00
136,1780554390323170560,1780554391323170560,Request Latency,ms,avg,243491.85
136,1780554390323170560,1780554391323170560,Request Latency,ms,min,243491.85
136,1780554390323170560,1780554391323170560,Request Latency,ms,max,243491.85
136,1780554390323170560,1780554391323170560,Request Latency,ms,sum,243491.85
136,1780554390323170560,1780554391323170560,Request Latency,ms,p1,243491.85
136,1780554390323170560,1780554391323170560,Request Latency,ms,p5,243491.85
136,1780554390323170560,1780554391323170560,Request Latency,ms,p10,243491.85
136,1780554390323170560,1780554391323170560,Request Latency,ms,p25,243491.85
136,1780554390323170560,1780554391323170560,Request Latency,ms,p50,243491.85
136,1780554390323170560,1780554391323170560,Request Latency,ms,p75,243491.85
136,1780554390323170560,1780554391323170560,Request Latency,ms,p90,243491.85
136,1780554390323170560,1780554391323170560,Request Latency,ms,p95,243491.85
136,1780554390323170560,1780554391323170560,Request Latency,ms,p99,243491.85
136,1780554390323170560,1780554391323170560,Request Latency,ms,std,0.00
136,1780554390323170560,1780554391323170560,Request Throughput,requests/sec,avg,1.00
136,1780554390323170560,1780554391323170560,Requested OSL,tokens,avg,2393.00
136,1780554390323170560,1780554391323170560,Requested OSL,tokens,min,2393.00
136,1780554390323170560,1780554391323170560,Requested OSL,tokens,max,2393.00
136,1780554390323170560,1780554391323170560,Requested OSL,tokens,sum,2393.00
136,1780554390323170560,1780554391323170560,Requested OSL,tokens,p1,2393.00
136,1780554390323170560,1780554391323170560,Requested OSL,tokens,p5,2393.00
136,1780554390323170560,1780554391323170560,Requested OSL,tokens,p10,2393.00
136,1780554390323170560,1780554391323170560,Requested OSL,tokens,p25,2393.00
136,1780554390323170560,1780554391323170560,Requested OSL,tokens,p50,2393.00
136,1780554390323170560,1780554391323170560,Requested OSL,tokens,p75,2393.00
136,1780554390323170560,1780554391323170560,Requested OSL,tokens,p90,2393.00
136,1780554390323170560,1780554391323170560,Requested OSL,tokens,p95,2393.00
136,1780554390323170560,1780554391323170560,Requested OSL,tokens,p99,2393.00
136,1780554390323170560,1780554391323170560,Requested OSL,tokens,std,0.00
136,1780554390323170560,1780554391323170560,Time to First Output Token,ms,avg,18062.09
136,1780554390323170560,1780554391323170560,Time to First Output Token,ms,min,18062.09
136,1780554390323170560,1780554391323170560,Time to First Output Token,ms,max,18062.09
136,1780554390323170560,1780554391323170560,Time to First Output Token,ms,sum,18062.09
136,1780554390323170560,1780554391323170560,Time to First Output Token,ms,p1,18062.09
136,1780554390323170560,1780554391323170560,Time to First Output Token,ms,p5,18062.09
136,1780554390323170560,1780554391323170560,Time to First Output Token,ms,p10,18062.09
136,1780554390323170560,1780554391323170560,Time to First Output Token,ms,p25,18062.09
136,1780554390323170560,1780554391323170560,Time to First Output Token,ms,p50,18062.09
136,1780554390323170560,1780554391323170560,Time to First Output Token,ms,p75,18062.09
136,1780554390323170560,1780554391323170560,Time to First Output Token,ms,p90,18062.09
136,1780554390323170560,1780554391323170560,Time to First Output Token,ms,p95,18062.09
136,1780554390323170560,1780554391323170560,Time to First Output Token,ms,p99,18062.09
136,1780554390323170560,1780554391323170560,Time to First Output Token,ms,std,0.00
136,1780554390323170560,1780554391323170560,Time to First Token,ms,avg,18062.09
136,1780554390323170560,1780554391323170560,Time to First Token,ms,min,18062.09
136,1780554390323170560,1780554391323170560,Time to First Token,ms,max,18062.09
136,1780554390323170560,1780554391323170560,Time to First Token,ms,sum,18062.09
136,1780554390323170560,1780554391323170560,Time to First Token,ms,p1,18062.09
136,1780554390323170560,1780554391323170560,Time to First Token,ms,p5,18062.09
136,1780554390323170560,1780554391323170560,Time to First Token,ms,p10,18062.09
136,1780554390323170560,1780554391323170560,Time to First Token,ms,p25,18062.09
136,1780554390323170560,1780554391323170560,Time to First Token,ms,p50,18062.09
136,1780554390323170560,1780554391323170560,Time to First Token,ms,p75,18062.09
136,1780554390323170560,1780554391323170560,Time to First Token,ms,p90,18062.09
136,1780554390323170560,1780554391323170560,Time to First Token,ms,p95,18062.09
136,1780554390323170560,1780554391323170560,Time to First Token,ms,p99,18062.09
136,1780554390323170560,1780554391323170560,Time to First Token,ms,std,0.00
136,1780554390323170560,1780554391323170560,Time to Second Token,ms,avg,164.61
136,1780554390323170560,1780554391323170560,Time to Second Token,ms,min,164.61
136,1780554390323170560,1780554391323170560,Time to Second Token,ms,max,164.61
136,1780554390323170560,1780554391323170560,Time to Second Token,ms,sum,164.61
136,1780554390323170560,1780554391323170560,Time to Second Token,ms,p1,164.61
136,1780554390323170560,1780554391323170560,Time to Second Token,ms,p5,164.61
136,1780554390323170560,1780554391323170560,Time to Second Token,ms,p10,164.61
136,1780554390323170560,1780554391323170560,Time to Second Token,ms,p25,164.61
136,1780554390323170560,1780554391323170560,Time to Second Token,ms,p50,164.61
136,1780554390323170560,1780554391323170560,Time to Second Token,ms,p75,164.61
136,1780554390323170560,1780554391323170560,Time to Second Token,ms,p90,164.61
136,1780554390323170560,1780554391323170560,Time to Second Token,ms,p95,164.61
136,1780554390323170560,1780554391323170560,Time to Second Token,ms,p99,164.61
136,1780554390323170560,1780554391323170560,Time to Second Token,ms,std,0.00
136,1780554390323170560,1780554391323170560,Tokens In Flight,tokens,avg,1121879.56
136,1780554390323170560,1780554391323170560,Tokens In Flight,tokens,min,1073049.61
136,1780554390323170560,1780554391323170560,Tokens In Flight,tokens,max,1185558.65
136,1780554390323170560,1780554391323170560,Tokens In Flight,tokens,p50,1073077.63
136,1780554390323170560,1780554391323170560,Tokens In Flight,tokens,p90,1185553.65
136,1780554390323170560,1780554391323170560,Tokens In Flight,tokens,p95,1185556.65
136,1780554390323170560,1780554391323170560,Tokens In Flight,tokens,p99,1185557.65
136,1780554390323170560,1780554391323170560,Tokens In Flight,tokens,std,55748.08
136,1780554390323170560,1780554391323170560,Total Input Sequence Length,tokens,avg,112452.00
136,1780554390323170560,1780554391323170560,Total Output Sequence Length,tokens,avg,2393.00
136,1780554390323170560,1780554391323170560,Total Output Tokens,tokens,avg,2393.00
136,1780554390323170560,1780554391323170560,Total Token Throughput,tokens/sec,avg,114845.00
136,1780554390323170560,1780554391323170560,Total Usage Completion Tokens,tokens,avg,2393.00
136,1780554390323170560,1780554391323170560,Total Usage Prompt Tokens,tokens,avg,112452.00
136,1780554390323170560,1780554391323170560,Total Usage Total Tokens,tokens,avg,114845.00
136,1780554390323170560,1780554391323170560,Usage Completion Tokens,tokens,avg,2393.00
136,1780554390323170560,1780554391323170560,Usage Completion Tokens,tokens,min,2393.00
136,1780554390323170560,1780554391323170560,Usage Completion Tokens,tokens,max,2393.00
136,1780554390323170560,1780554391323170560,Usage Completion Tokens,tokens,sum,2393.00
136,1780554390323170560,1780554391323170560,Usage Completion Tokens,tokens,p1,2393.00
136,1780554390323170560,1780554391323170560,Usage Completion Tokens,tokens,p5,2393.00
136,1780554390323170560,1780554391323170560,Usage Completion Tokens,tokens,p10,2393.00
136,1780554390323170560,1780554391323170560,Usage Completion Tokens,tokens,p25,2393.00
136,1780554390323170560,1780554391323170560,Usage Completion Tokens,tokens,p50,2393.00
136,1780554390323170560,1780554391323170560,Usage Completion Tokens,tokens,p75,2393.00
136,1780554390323170560,1780554391323170560,Usage Completion Tokens,tokens,p90,2393.00
136,1780554390323170560,1780554391323170560,Usage Completion Tokens,tokens,p95,2393.00
136,1780554390323170560,1780554391323170560,Usage Completion Tokens,tokens,p99,2393.00
136,1780554390323170560,1780554391323170560,Usage Completion Tokens,tokens,std,0.00
136,1780554390323170560,1780554391323170560,Usage Prompt Tokens,tokens,avg,112452.00
136,1780554390323170560,1780554391323170560,Usage Prompt Tokens,tokens,min,112452.00
136,1780554390323170560,1780554391323170560,Usage Prompt Tokens,tokens,max,112452.00
136,1780554390323170560,1780554391323170560,Usage Prompt Tokens,tokens,sum,112452.00
136,1780554390323170560,1780554391323170560,Usage Prompt Tokens,tokens,p1,112452.00
136,1780554390323170560,1780554391323170560,Usage Prompt Tokens,tokens,p5,112452.00
136,1780554390323170560,1780554391323170560,Usage Prompt Tokens,tokens,p10,112452.00
136,1780554390323170560,1780554391323170560,Usage Prompt Tokens,tokens,p25,112452.00
136,1780554390323170560,1780554391323170560,Usage Prompt Tokens,tokens,p50,112452.00
136,1780554390323170560,1780554391323170560,Usage Prompt Tokens,tokens,p75,112452.00
136,1780554390323170560,1780554391323170560,Usage Prompt Tokens,tokens,p90,112452.00
136,1780554390323170560,1780554391323170560,Usage Prompt Tokens,tokens,p95,112452.00
136,1780554390323170560,1780554391323170560,Usage Prompt Tokens,tokens,p99,112452.00
136,1780554390323170560,1780554391323170560,Usage Prompt Tokens,tokens,std,0.00
136,1780554390323170560,1780554391323170560,Usage Total Tokens,tokens,avg,114845.00
136,1780554390323170560,1780554391323170560,Usage Total Tokens,tokens,min,114845.00
136,1780554390323170560,1780554391323170560,Usage Total Tokens,tokens,max,114845.00
136,1780554390323170560,1780554391323170560,Usage Total Tokens,tokens,sum,114845.00
136,1780554390323170560,1780554391323170560,Usage Total Tokens,tokens,p1,114845.00
136,1780554390323170560,1780554391323170560,Usage Total Tokens,tokens,p5,114845.00
136,1780554390323170560,1780554391323170560,Usage Total Tokens,tokens,p10,114845.00
136,1780554390323170560,1780554391323170560,Usage Total Tokens,tokens,p25,114845.00
136,1780554390323170560,1780554391323170560,Usage Total Tokens,tokens,p50,114845.00
136,1780554390323170560,1780554391323170560,Usage Total Tokens,tokens,p75,114845.00
136,1780554390323170560,1780554391323170560,Usage Total Tokens,tokens,p90,114845.00
136,1780554390323170560,1780554391323170560,Usage Total Tokens,tokens,p95,114845.00
136,1780554390323170560,1780554391323170560,Usage Total Tokens,tokens,p99,114845.00
136,1780554390323170560,1780554391323170560,Usage Total Tokens,tokens,std,0.00
137,1780554394323170560,1780554395323170560,Active Decode Throughput,tokens/sec,avg,45.82
137,1780554394323170560,1780554395323170560,Active Decode Throughput,tokens/sec,min,29.10
137,1780554394323170560,1780554395323170560,Active Decode Throughput,tokens/sec,max,58.26
137,1780554394323170560,1780554395323170560,Active Decode Throughput,tokens/sec,p50,43.68
137,1780554394323170560,1780554395323170560,Active Decode Throughput,tokens/sec,p90,58.26
137,1780554394323170560,1780554395323170560,Active Decode Throughput,tokens/sec,p95,58.26
137,1780554394323170560,1780554395323170560,Active Decode Throughput,tokens/sec,p99,58.26
137,1780554394323170560,1780554395323170560,Active Decode Throughput,tokens/sec,std,5.16
137,1780554394323170560,1780554395323170560,Active Decode Throughput Per User,tokens/sec/user,avg,3.82
137,1780554394323170560,1780554395323170560,Active Decode Throughput Per User,tokens/sec/user,min,2.43
137,1780554394323170560,1780554395323170560,Active Decode Throughput Per User,tokens/sec/user,max,4.86
137,1780554394323170560,1780554395323170560,Active Decode Throughput Per User,tokens/sec/user,p50,3.64
137,1780554394323170560,1780554395323170560,Active Decode Throughput Per User,tokens/sec/user,p90,4.85
137,1780554394323170560,1780554395323170560,Active Decode Throughput Per User,tokens/sec/user,p95,4.85
137,1780554394323170560,1780554395323170560,Active Decode Throughput Per User,tokens/sec/user,p99,4.85
137,1780554394323170560,1780554395323170560,Active Decode Throughput Per User,tokens/sec/user,std,0.43
137,1780554394323170560,1780554395323170560,Active Prefill Throughput,tokens/sec,avg,14869.46
137,1780554394323170560,1780554395323170560,Active Prefill Throughput,tokens/sec,min,12876.30
137,1780554394323170560,1780554395323170560,Active Prefill Throughput,tokens/sec,max,15731.10
137,1780554394323170560,1780554395323170560,Active Prefill Throughput,tokens/sec,p50,15731.10
137,1780554394323170560,1780554395323170560,Active Prefill Throughput,tokens/sec,p90,15731.10
137,1780554394323170560,1780554395323170560,Active Prefill Throughput,tokens/sec,p95,15731.10
137,1780554394323170560,1780554395323170560,Active Prefill Throughput,tokens/sec,p99,15731.10
137,1780554394323170560,1780554395323170560,Active Prefill Throughput,tokens/sec,std,1310.49
137,1780554394323170560,1780554395323170560,Active Prefill Throughput Per User,tokens/sec/user,avg,5604.21
137,1780554394323170560,1780554395323170560,Active Prefill Throughput Per User,tokens/sec/user,min,5243.70
137,1780554394323170560,1780554395323170560,Active Prefill Throughput Per User,tokens/sec/user,max,6438.15
137,1780554394323170560,1780554395323170560,Active Prefill Throughput Per User,tokens/sec/user,p50,5243.70
137,1780554394323170560,1780554395323170560,Active Prefill Throughput Per User,tokens/sec/user,p90,6438.15
137,1780554394323170560,1780554395323170560,Active Prefill Throughput Per User,tokens/sec/user,p95,6438.15
137,1780554394323170560,1780554395323170560,Active Prefill Throughput Per User,tokens/sec/user,p99,6438.15
137,1780554394323170560,1780554395323170560,Active Prefill Throughput Per User,tokens/sec/user,std,548.31
137,1780554394323170560,1780554395323170560,Active Total Throughput,tokens/sec,avg,14945.06
137,1780554394323170560,1780554395323170560,Active Total Throughput,tokens/sec,min,12951.91
137,1780554394323170560,1780554395323170560,Active Total Throughput,tokens/sec,max,15806.70
137,1780554394323170560,1780554395323170560,Active Total Throughput,tokens/sec,p50,15806.70
137,1780554394323170560,1780554395323170560,Active Total Throughput,tokens/sec,p90,15806.70
137,1780554394323170560,1780554395323170560,Active Total Throughput,tokens/sec,p95,15806.70
137,1780554394323170560,1780554395323170560,Active Total Throughput,tokens/sec,p99,15806.70
137,1780554394323170560,1780554395323170560,Active Total Throughput,tokens/sec,std,1310.49
137,1780554394323170560,1780554395323170560,Benchmark Duration,sec,avg,72.79
137,1780554394323170560,1780554395323170560,E2E Output Token Throughput,tokens/sec/user,avg,9.79
137,1780554394323170560,1780554395323170560,E2E Output Token Throughput,tokens/sec/user,min,9.79
137,1780554394323170560,1780554395323170560,E2E Output Token Throughput,tokens/sec/user,max,9.79
137,1780554394323170560,1780554395323170560,E2E Output Token Throughput,tokens/sec/user,sum,9.79
137,1780554394323170560,1780554395323170560,E2E Output Token Throughput,tokens/sec/user,p1,9.79
137,1780554394323170560,1780554395323170560,E2E Output Token Throughput,tokens/sec/user,p5,9.79
137,1780554394323170560,1780554395323170560,E2E Output Token Throughput,tokens/sec/user,p10,9.79
137,1780554394323170560,1780554395323170560,E2E Output Token Throughput,tokens/sec/user,p25,9.79
137,1780554394323170560,1780554395323170560,E2E Output Token Throughput,tokens/sec/user,p50,9.79
137,1780554394323170560,1780554395323170560,E2E Output Token Throughput,tokens/sec/user,p75,9.79
137,1780554394323170560,1780554395323170560,E2E Output Token Throughput,tokens/sec/user,p90,9.79
137,1780554394323170560,1780554395323170560,E2E Output Token Throughput,tokens/sec/user,p95,9.79
137,1780554394323170560,1780554395323170560,E2E Output Token Throughput,tokens/sec/user,p99,9.79
137,1780554394323170560,1780554395323170560,E2E Output Token Throughput,tokens/sec/user,std,0.00
137,1780554394323170560,1780554395323170560,Effective Concurrency,requests,avg,14.70
137,1780554394323170560,1780554395323170560,Effective Concurrency,requests,min,14.00
137,1780554394323170560,1780554395323170560,Effective Concurrency,requests,max,15.00
137,1780554394323170560,1780554395323170560,Effective Concurrency,requests,p50,15.00
137,1780554394323170560,1780554395323170560,Effective Concurrency,requests,p90,15.00
137,1780554394323170560,1780554395323170560,Effective Concurrency,requests,p95,15.00
137,1780554394323170560,1780554395323170560,Effective Concurrency,requests,p99,15.00
137,1780554394323170560,1780554395323170560,Effective Concurrency,requests,std,0.46
137,1780554394323170560,1780554395323170560,Effective Decode Concurrency,requests,avg,12.00
137,1780554394323170560,1780554395323170560,Effective Decode Concurrency,requests,min,12.00
137,1780554394323170560,1780554395323170560,Effective Decode Concurrency,requests,max,12.00
137,1780554394323170560,1780554395323170560,Effective Decode Concurrency,requests,p50,12.00
137,1780554394323170560,1780554395323170560,Effective Decode Concurrency,requests,p90,12.00
137,1780554394323170560,1780554395323170560,Effective Decode Concurrency,requests,p95,12.00
137,1780554394323170560,1780554395323170560,Effective Decode Concurrency,requests,p99,12.00
137,1780554394323170560,1780554395323170560,Effective Decode Concurrency,requests,std,0.00
137,1780554394323170560,1780554395323170560,Effective Decode Throughput,tokens/sec,avg,45.82
137,1780554394323170560,1780554395323170560,Effective Decode Throughput,tokens/sec,min,29.10
137,1780554394323170560,1780554395323170560,Effective Decode Throughput,tokens/sec,max,58.26
137,1780554394323170560,1780554395323170560,Effective Decode Throughput,tokens/sec,p50,43.68
137,1780554394323170560,1780554395323170560,Effective Decode Throughput,tokens/sec,p90,58.26
137,1780554394323170560,1780554395323170560,Effective Decode Throughput,tokens/sec,p95,58.26
137,1780554394323170560,1780554395323170560,Effective Decode Throughput,tokens/sec,p99,58.26
137,1780554394323170560,1780554395323170560,Effective Decode Throughput,tokens/sec,std,5.16
137,1780554394323170560,1780554395323170560,Effective Decode Throughput Per User,tokens/sec/user,avg,3.82
137,1780554394323170560,1780554395323170560,Effective Decode Throughput Per User,tokens/sec/user,min,2.43
137,1780554394323170560,1780554395323170560,Effective Decode Throughput Per User,tokens/sec/user,max,4.86
137,1780554394323170560,1780554395323170560,Effective Decode Throughput Per User,tokens/sec/user,p50,3.64
137,1780554394323170560,1780554395323170560,Effective Decode Throughput Per User,tokens/sec/user,p90,4.85
137,1780554394323170560,1780554395323170560,Effective Decode Throughput Per User,tokens/sec/user,p95,4.85
137,1780554394323170560,1780554395323170560,Effective Decode Throughput Per User,tokens/sec/user,p99,4.85
137,1780554394323170560,1780554395323170560,Effective Decode Throughput Per User,tokens/sec/user,std,0.43
137,1780554394323170560,1780554395323170560,Effective Prefill Concurrency,requests,avg,2.70
137,1780554394323170560,1780554395323170560,Effective Prefill Concurrency,requests,min,2.00
137,1780554394323170560,1780554395323170560,Effective Prefill Concurrency,requests,max,3.00
137,1780554394323170560,1780554395323170560,Effective Prefill Concurrency,requests,p50,3.00
137,1780554394323170560,1780554395323170560,Effective Prefill Concurrency,requests,p90,3.00
137,1780554394323170560,1780554395323170560,Effective Prefill Concurrency,requests,p95,3.00
137,1780554394323170560,1780554395323170560,Effective Prefill Concurrency,requests,p99,3.00
137,1780554394323170560,1780554395323170560,Effective Prefill Concurrency,requests,std,0.46
137,1780554394323170560,1780554395323170560,Effective Prefill Throughput,tokens/sec,avg,14869.46
137,1780554394323170560,1780554395323170560,Effective Prefill Throughput,tokens/sec,min,12876.30
137,1780554394323170560,1780554395323170560,Effective Prefill Throughput,tokens/sec,max,15731.10
137,1780554394323170560,1780554395323170560,Effective Prefill Throughput,tokens/sec,p50,15731.10
137,1780554394323170560,1780554395323170560,Effective Prefill Throughput,tokens/sec,p90,15731.10
137,1780554394323170560,1780554395323170560,Effective Prefill Throughput,tokens/sec,p95,15731.10
137,1780554394323170560,1780554395323170560,Effective Prefill Throughput,tokens/sec,p99,15731.10
137,1780554394323170560,1780554395323170560,Effective Prefill Throughput,tokens/sec,std,1310.49
137,1780554394323170560,1780554395323170560,Effective Prefill Throughput Per User,tokens/sec/user,avg,5604.21
137,1780554394323170560,1780554395323170560,Effective Prefill Throughput Per User,tokens/sec/user,min,5243.70
137,1780554394323170560,1780554395323170560,Effective Prefill Throughput Per User,tokens/sec/user,max,6438.15
137,1780554394323170560,1780554395323170560,Effective Prefill Throughput Per User,tokens/sec/user,p50,5243.70
137,1780554394323170560,1780554395323170560,Effective Prefill Throughput Per User,tokens/sec/user,p90,6438.15
137,1780554394323170560,1780554395323170560,Effective Prefill Throughput Per User,tokens/sec/user,p95,6438.15
137,1780554394323170560,1780554395323170560,Effective Prefill Throughput Per User,tokens/sec/user,p99,6438.15
137,1780554394323170560,1780554395323170560,Effective Prefill Throughput Per User,tokens/sec/user,std,548.31
137,1780554394323170560,1780554395323170560,Effective Total Throughput,tokens/sec,avg,14945.06
137,1780554394323170560,1780554395323170560,Effective Total Throughput,tokens/sec,min,12951.91
137,1780554394323170560,1780554395323170560,Effective Total Throughput,tokens/sec,max,15806.70
137,1780554394323170560,1780554395323170560,Effective Total Throughput,tokens/sec,p50,15806.70
137,1780554394323170560,1780554395323170560,Effective Total Throughput,tokens/sec,p90,15806.70
137,1780554394323170560,1780554395323170560,Effective Total Throughput,tokens/sec,p95,15806.70
137,1780554394323170560,1780554395323170560,Effective Total Throughput,tokens/sec,p99,15806.70
137,1780554394323170560,1780554395323170560,Effective Total Throughput,tokens/sec,std,1310.49
137,1780554394323170560,1780554395323170560,HTTP Blocked,ms,avg,0.00
137,1780554394323170560,1780554395323170560,HTTP Blocked,ms,min,0.00
137,1780554394323170560,1780554395323170560,HTTP Blocked,ms,max,0.00
137,1780554394323170560,1780554395323170560,HTTP Blocked,ms,sum,0.00
137,1780554394323170560,1780554395323170560,HTTP Blocked,ms,p1,0.00
137,1780554394323170560,1780554395323170560,HTTP Blocked,ms,p5,0.00
137,1780554394323170560,1780554395323170560,HTTP Blocked,ms,p10,0.00
137,1780554394323170560,1780554395323170560,HTTP Blocked,ms,p25,0.00
137,1780554394323170560,1780554395323170560,HTTP Blocked,ms,p50,0.00
137,1780554394323170560,1780554395323170560,HTTP Blocked,ms,p75,0.00
137,1780554394323170560,1780554395323170560,HTTP Blocked,ms,p90,0.00
137,1780554394323170560,1780554395323170560,HTTP Blocked,ms,p95,0.00
137,1780554394323170560,1780554395323170560,HTTP Blocked,ms,p99,0.00
137,1780554394323170560,1780554395323170560,HTTP Blocked,ms,std,0.00
137,1780554394323170560,1780554395323170560,HTTP Chunks Received,count,avg,713.00
137,1780554394323170560,1780554395323170560,HTTP Chunks Received,count,min,713.00
137,1780554394323170560,1780554395323170560,HTTP Chunks Received,count,max,713.00
137,1780554394323170560,1780554395323170560,HTTP Chunks Received,count,sum,713.00
137,1780554394323170560,1780554395323170560,HTTP Chunks Received,count,p1,713.00
137,1780554394323170560,1780554395323170560,HTTP Chunks Received,count,p5,713.00
137,1780554394323170560,1780554395323170560,HTTP Chunks Received,count,p10,713.00
137,1780554394323170560,1780554395323170560,HTTP Chunks Received,count,p25,713.00
137,1780554394323170560,1780554395323170560,HTTP Chunks Received,count,p50,713.00
137,1780554394323170560,1780554395323170560,HTTP Chunks Received,count,p75,713.00
137,1780554394323170560,1780554395323170560,HTTP Chunks Received,count,p90,713.00
137,1780554394323170560,1780554395323170560,HTTP Chunks Received,count,p95,713.00
137,1780554394323170560,1780554395323170560,HTTP Chunks Received,count,p99,713.00
137,1780554394323170560,1780554395323170560,HTTP Chunks Received,count,std,0.00
137,1780554394323170560,1780554395323170560,HTTP Chunks Sent,count,avg,1.00
137,1780554394323170560,1780554395323170560,HTTP Chunks Sent,count,min,1.00
137,1780554394323170560,1780554395323170560,HTTP Chunks Sent,count,max,1.00
137,1780554394323170560,1780554395323170560,HTTP Chunks Sent,count,sum,1.00
137,1780554394323170560,1780554395323170560,HTTP Chunks Sent,count,p1,1.00
137,1780554394323170560,1780554395323170560,HTTP Chunks Sent,count,p5,1.00
137,1780554394323170560,1780554395323170560,HTTP Chunks Sent,count,p10,1.00
137,1780554394323170560,1780554395323170560,HTTP Chunks Sent,count,p25,1.00
137,1780554394323170560,1780554395323170560,HTTP Chunks Sent,count,p50,1.00
137,1780554394323170560,1780554395323170560,HTTP Chunks Sent,count,p75,1.00
137,1780554394323170560,1780554395323170560,HTTP Chunks Sent,count,p90,1.00
137,1780554394323170560,1780554395323170560,HTTP Chunks Sent,count,p95,1.00
137,1780554394323170560,1780554395323170560,HTTP Chunks Sent,count,p99,1.00
137,1780554394323170560,1780554395323170560,HTTP Chunks Sent,count,std,0.00
137,1780554394323170560,1780554395323170560,HTTP Connecting,ms,avg,0.68
137,1780554394323170560,1780554395323170560,HTTP Connecting,ms,min,0.68
137,1780554394323170560,1780554395323170560,HTTP Connecting,ms,max,0.68
137,1780554394323170560,1780554395323170560,HTTP Connecting,ms,sum,0.68
137,1780554394323170560,1780554395323170560,HTTP Connecting,ms,p1,0.68
137,1780554394323170560,1780554395323170560,HTTP Connecting,ms,p5,0.68
137,1780554394323170560,1780554395323170560,HTTP Connecting,ms,p10,0.68
137,1780554394323170560,1780554395323170560,HTTP Connecting,ms,p25,0.68
137,1780554394323170560,1780554395323170560,HTTP Connecting,ms,p50,0.68
137,1780554394323170560,1780554395323170560,HTTP Connecting,ms,p75,0.68
137,1780554394323170560,1780554395323170560,HTTP Connecting,ms,p90,0.68
137,1780554394323170560,1780554395323170560,HTTP Connecting,ms,p95,0.68
137,1780554394323170560,1780554395323170560,HTTP Connecting,ms,p99,0.68
137,1780554394323170560,1780554395323170560,HTTP Connecting,ms,std,0.00
137,1780554394323170560,1780554395323170560,HTTP Connection Overhead,ms,avg,0.68
137,1780554394323170560,1780554395323170560,HTTP Connection Overhead,ms,min,0.68
137,1780554394323170560,1780554395323170560,HTTP Connection Overhead,ms,max,0.68
137,1780554394323170560,1780554395323170560,HTTP Connection Overhead,ms,sum,0.68
137,1780554394323170560,1780554395323170560,HTTP Connection Overhead,ms,p1,0.68
137,1780554394323170560,1780554395323170560,HTTP Connection Overhead,ms,p5,0.68
137,1780554394323170560,1780554395323170560,HTTP Connection Overhead,ms,p10,0.68
137,1780554394323170560,1780554395323170560,HTTP Connection Overhead,ms,p25,0.68
137,1780554394323170560,1780554395323170560,HTTP Connection Overhead,ms,p50,0.68
137,1780554394323170560,1780554395323170560,HTTP Connection Overhead,ms,p75,0.68
137,1780554394323170560,1780554395323170560,HTTP Connection Overhead,ms,p90,0.68
137,1780554394323170560,1780554395323170560,HTTP Connection Overhead,ms,p95,0.68
137,1780554394323170560,1780554395323170560,HTTP Connection Overhead,ms,p99,0.68
137,1780554394323170560,1780554395323170560,HTTP Connection Overhead,ms,std,0.00
137,1780554394323170560,1780554395323170560,HTTP Connection Reused,ratio,avg,0.00
137,1780554394323170560,1780554395323170560,HTTP Connection Reused,ratio,min,0.00
137,1780554394323170560,1780554395323170560,HTTP Connection Reused,ratio,max,0.00
137,1780554394323170560,1780554395323170560,HTTP Connection Reused,ratio,sum,0.00
137,1780554394323170560,1780554395323170560,HTTP Connection Reused,ratio,p1,0.00
137,1780554394323170560,1780554395323170560,HTTP Connection Reused,ratio,p5,0.00
137,1780554394323170560,1780554395323170560,HTTP Connection Reused,ratio,p10,0.00
137,1780554394323170560,1780554395323170560,HTTP Connection Reused,ratio,p25,0.00
137,1780554394323170560,1780554395323170560,HTTP Connection Reused,ratio,p50,0.00
137,1780554394323170560,1780554395323170560,HTTP Connection Reused,ratio,p75,0.00
137,1780554394323170560,1780554395323170560,HTTP Connection Reused,ratio,p90,0.00
137,1780554394323170560,1780554395323170560,HTTP Connection Reused,ratio,p95,0.00
137,1780554394323170560,1780554395323170560,HTTP Connection Reused,ratio,p99,0.00
137,1780554394323170560,1780554395323170560,HTTP Connection Reused,ratio,std,0.00
137,1780554394323170560,1780554395323170560,HTTP Data Received,KB,avg,177.98
137,1780554394323170560,1780554395323170560,HTTP Data Received,KB,min,177.98
137,1780554394323170560,1780554395323170560,HTTP Data Received,KB,max,177.98
137,1780554394323170560,1780554395323170560,HTTP Data Received,KB,sum,177.98
137,1780554394323170560,1780554395323170560,HTTP Data Received,KB,p1,177.98
137,1780554394323170560,1780554395323170560,HTTP Data Received,KB,p5,177.98
137,1780554394323170560,1780554395323170560,HTTP Data Received,KB,p10,177.98
137,1780554394323170560,1780554395323170560,HTTP Data Received,KB,p25,177.98
137,1780554394323170560,1780554395323170560,HTTP Data Received,KB,p50,177.98
137,1780554394323170560,1780554395323170560,HTTP Data Received,KB,p75,177.98
137,1780554394323170560,1780554395323170560,HTTP Data Received,KB,p90,177.98
137,1780554394323170560,1780554395323170560,HTTP Data Received,KB,p95,177.98
137,1780554394323170560,1780554395323170560,HTTP Data Received,KB,p99,177.98
137,1780554394323170560,1780554395323170560,HTTP Data Received,KB,std,0.00
137,1780554394323170560,1780554395323170560,HTTP Data Sent,KB,avg,189.45
137,1780554394323170560,1780554395323170560,HTTP Data Sent,KB,min,189.45
137,1780554394323170560,1780554395323170560,HTTP Data Sent,KB,max,189.45
137,1780554394323170560,1780554395323170560,HTTP Data Sent,KB,sum,189.45
137,1780554394323170560,1780554395323170560,HTTP Data Sent,KB,p1,189.45
137,1780554394323170560,1780554395323170560,HTTP Data Sent,KB,p5,189.45
137,1780554394323170560,1780554395323170560,HTTP Data Sent,KB,p10,189.45
137,1780554394323170560,1780554395323170560,HTTP Data Sent,KB,p25,189.45
137,1780554394323170560,1780554395323170560,HTTP Data Sent,KB,p50,189.45
137,1780554394323170560,1780554395323170560,HTTP Data Sent,KB,p75,189.45
137,1780554394323170560,1780554395323170560,HTTP Data Sent,KB,p90,189.45
137,1780554394323170560,1780554395323170560,HTTP Data Sent,KB,p95,189.45
137,1780554394323170560,1780554395323170560,HTTP Data Sent,KB,p99,189.45
137,1780554394323170560,1780554395323170560,HTTP Data Sent,KB,std,0.00
137,1780554394323170560,1780554395323170560,HTTP DNS Lookup,ms,avg,0.00
137,1780554394323170560,1780554395323170560,HTTP DNS Lookup,ms,min,0.00
137,1780554394323170560,1780554395323170560,HTTP DNS Lookup,ms,max,0.00
137,1780554394323170560,1780554395323170560,HTTP DNS Lookup,ms,sum,0.00
137,1780554394323170560,1780554395323170560,HTTP DNS Lookup,ms,p1,0.00
137,1780554394323170560,1780554395323170560,HTTP DNS Lookup,ms,p5,0.00
137,1780554394323170560,1780554395323170560,HTTP DNS Lookup,ms,p10,0.00
137,1780554394323170560,1780554395323170560,HTTP DNS Lookup,ms,p25,0.00
137,1780554394323170560,1780554395323170560,HTTP DNS Lookup,ms,p50,0.00
137,1780554394323170560,1780554395323170560,HTTP DNS Lookup,ms,p75,0.00
137,1780554394323170560,1780554395323170560,HTTP DNS Lookup,ms,p90,0.00
137,1780554394323170560,1780554395323170560,HTTP DNS Lookup,ms,p95,0.00
137,1780554394323170560,1780554395323170560,HTTP DNS Lookup,ms,p99,0.00
137,1780554394323170560,1780554395323170560,HTTP DNS Lookup,ms,std,0.00
137,1780554394323170560,1780554395323170560,HTTP Duration (excl. conn),ms,avg,72794.73
137,1780554394323170560,1780554395323170560,HTTP Duration (excl. conn),ms,min,72794.73
137,1780554394323170560,1780554395323170560,HTTP Duration (excl. conn),ms,max,72794.73
137,1780554394323170560,1780554395323170560,HTTP Duration (excl. conn),ms,sum,72794.73
137,1780554394323170560,1780554395323170560,HTTP Duration (excl. conn),ms,p1,72794.73
137,1780554394323170560,1780554395323170560,HTTP Duration (excl. conn),ms,p5,72794.73
137,1780554394323170560,1780554395323170560,HTTP Duration (excl. conn),ms,p10,72794.73
137,1780554394323170560,1780554395323170560,HTTP Duration (excl. conn),ms,p25,72794.73
137,1780554394323170560,1780554395323170560,HTTP Duration (excl. conn),ms,p50,72794.73
137,1780554394323170560,1780554395323170560,HTTP Duration (excl. conn),ms,p75,72794.73
137,1780554394323170560,1780554395323170560,HTTP Duration (excl. conn),ms,p90,72794.73
137,1780554394323170560,1780554395323170560,HTTP Duration (excl. conn),ms,p95,72794.73
137,1780554394323170560,1780554395323170560,HTTP Duration (excl. conn),ms,p99,72794.73
137,1780554394323170560,1780554395323170560,HTTP Duration (excl. conn),ms,std,0.00
137,1780554394323170560,1780554395323170560,HTTP Receiving,ms,avg,55857.71
137,1780554394323170560,1780554395323170560,HTTP Receiving,ms,min,55857.71
137,1780554394323170560,1780554395323170560,HTTP Receiving,ms,max,55857.71
137,1780554394323170560,1780554395323170560,HTTP Receiving,ms,sum,55857.71
137,1780554394323170560,1780554395323170560,HTTP Receiving,ms,p1,55857.71
137,1780554394323170560,1780554395323170560,HTTP Receiving,ms,p5,55857.71
137,1780554394323170560,1780554395323170560,HTTP Receiving,ms,p10,55857.71
137,1780554394323170560,1780554395323170560,HTTP Receiving,ms,p25,55857.71
137,1780554394323170560,1780554395323170560,HTTP Receiving,ms,p50,55857.71
137,1780554394323170560,1780554395323170560,HTTP Receiving,ms,p75,55857.71
137,1780554394323170560,1780554395323170560,HTTP Receiving,ms,p90,55857.71
137,1780554394323170560,1780554395323170560,HTTP Receiving,ms,p95,55857.71
137,1780554394323170560,1780554395323170560,HTTP Receiving,ms,p99,55857.71
137,1780554394323170560,1780554395323170560,HTTP Receiving,ms,std,0.00
137,1780554394323170560,1780554395323170560,HTTP Sending,ms,avg,0.94
137,1780554394323170560,1780554395323170560,HTTP Sending,ms,min,0.94
137,1780554394323170560,1780554395323170560,HTTP Sending,ms,max,0.94
137,1780554394323170560,1780554395323170560,HTTP Sending,ms,sum,0.94
137,1780554394323170560,1780554395323170560,HTTP Sending,ms,p1,0.94
137,1780554394323170560,1780554395323170560,HTTP Sending,ms,p5,0.94
137,1780554394323170560,1780554395323170560,HTTP Sending,ms,p10,0.94
137,1780554394323170560,1780554395323170560,HTTP Sending,ms,p25,0.94
137,1780554394323170560,1780554395323170560,HTTP Sending,ms,p50,0.94
137,1780554394323170560,1780554395323170560,HTTP Sending,ms,p75,0.94
137,1780554394323170560,1780554395323170560,HTTP Sending,ms,p90,0.94
137,1780554394323170560,1780554395323170560,HTTP Sending,ms,p95,0.94
137,1780554394323170560,1780554395323170560,HTTP Sending,ms,p99,0.94
137,1780554394323170560,1780554395323170560,HTTP Sending,ms,std,0.00
137,1780554394323170560,1780554395323170560,HTTP Total Time,ms,avg,72795.42
137,1780554394323170560,1780554395323170560,HTTP Total Time,ms,min,72795.42
137,1780554394323170560,1780554395323170560,HTTP Total Time,ms,max,72795.42
137,1780554394323170560,1780554395323170560,HTTP Total Time,ms,sum,72795.42
137,1780554394323170560,1780554395323170560,HTTP Total Time,ms,p1,72795.42
137,1780554394323170560,1780554395323170560,HTTP Total Time,ms,p5,72795.42
137,1780554394323170560,1780554395323170560,HTTP Total Time,ms,p10,72795.42
137,1780554394323170560,1780554395323170560,HTTP Total Time,ms,p25,72795.42
137,1780554394323170560,1780554395323170560,HTTP Total Time,ms,p50,72795.42
137,1780554394323170560,1780554395323170560,HTTP Total Time,ms,p75,72795.42
137,1780554394323170560,1780554395323170560,HTTP Total Time,ms,p90,72795.42
137,1780554394323170560,1780554395323170560,HTTP Total Time,ms,p95,72795.42
137,1780554394323170560,1780554395323170560,HTTP Total Time,ms,p99,72795.42
137,1780554394323170560,1780554395323170560,HTTP Total Time,ms,std,0.00
137,1780554394323170560,1780554395323170560,HTTP Waiting (TTFB),ms,avg,16936.09
137,1780554394323170560,1780554395323170560,HTTP Waiting (TTFB),ms,min,16936.09
137,1780554394323170560,1780554395323170560,HTTP Waiting (TTFB),ms,max,16936.09
137,1780554394323170560,1780554395323170560,HTTP Waiting (TTFB),ms,sum,16936.09
137,1780554394323170560,1780554395323170560,HTTP Waiting (TTFB),ms,p1,16936.09
137,1780554394323170560,1780554395323170560,HTTP Waiting (TTFB),ms,p5,16936.09
137,1780554394323170560,1780554395323170560,HTTP Waiting (TTFB),ms,p10,16936.09
137,1780554394323170560,1780554395323170560,HTTP Waiting (TTFB),ms,p25,16936.09
137,1780554394323170560,1780554395323170560,HTTP Waiting (TTFB),ms,p50,16936.09
137,1780554394323170560,1780554395323170560,HTTP Waiting (TTFB),ms,p75,16936.09
137,1780554394323170560,1780554395323170560,HTTP Waiting (TTFB),ms,p90,16936.09
137,1780554394323170560,1780554395323170560,HTTP Waiting (TTFB),ms,p95,16936.09
137,1780554394323170560,1780554395323170560,HTTP Waiting (TTFB),ms,p99,16936.09
137,1780554394323170560,1780554395323170560,HTTP Waiting (TTFB),ms,std,0.00
137,1780554394323170560,1780554395323170560,Input Sequence Length,tokens,avg,48352.00
137,1780554394323170560,1780554395323170560,Input Sequence Length,tokens,min,48352.00
137,1780554394323170560,1780554395323170560,Input Sequence Length,tokens,max,48352.00
137,1780554394323170560,1780554395323170560,Input Sequence Length,tokens,sum,48352.00
137,1780554394323170560,1780554395323170560,Input Sequence Length,tokens,p1,48352.00
137,1780554394323170560,1780554395323170560,Input Sequence Length,tokens,p5,48352.00
137,1780554394323170560,1780554395323170560,Input Sequence Length,tokens,p10,48352.00
137,1780554394323170560,1780554395323170560,Input Sequence Length,tokens,p25,48352.00
137,1780554394323170560,1780554395323170560,Input Sequence Length,tokens,p50,48352.00
137,1780554394323170560,1780554395323170560,Input Sequence Length,tokens,p75,48352.00
137,1780554394323170560,1780554395323170560,Input Sequence Length,tokens,p90,48352.00
137,1780554394323170560,1780554395323170560,Input Sequence Length,tokens,p95,48352.00
137,1780554394323170560,1780554395323170560,Input Sequence Length,tokens,p99,48352.00
137,1780554394323170560,1780554395323170560,Input Sequence Length,tokens,std,0.00
137,1780554394323170560,1780554395323170560,Input Token Throughput,tokens/sec,avg,48352.00
137,1780554394323170560,1780554395323170560,Inter Chunk Latency,ms,avg,69.16
137,1780554394323170560,1780554395323170560,Inter Chunk Latency,ms,min,69.09
137,1780554394323170560,1780554395323170560,Inter Chunk Latency,ms,max,69.23
137,1780554394323170560,1780554395323170560,Inter Chunk Latency,ms,sum,49169.62
137,1780554394323170560,1780554395323170560,Inter Chunk Latency,ms,p1,69.09
137,1780554394323170560,1780554395323170560,Inter Chunk Latency,ms,p5,69.10
137,1780554394323170560,1780554395323170560,Inter Chunk Latency,ms,p10,69.10
137,1780554394323170560,1780554395323170560,Inter Chunk Latency,ms,p25,69.12
137,1780554394323170560,1780554395323170560,Inter Chunk Latency,ms,p50,69.15
137,1780554394323170560,1780554395323170560,Inter Chunk Latency,ms,p75,69.19
137,1780554394323170560,1780554395323170560,Inter Chunk Latency,ms,p90,69.21
137,1780554394323170560,1780554395323170560,Inter Chunk Latency,ms,p95,69.22
137,1780554394323170560,1780554395323170560,Inter Chunk Latency,ms,p99,69.22
137,1780554394323170560,1780554395323170560,Inter Chunk Latency,ms,std,0.04
137,1780554394323170560,1780554395323170560,Inter Token Latency,ms,avg,78.45
137,1780554394323170560,1780554395323170560,Inter Token Latency,ms,min,78.45
137,1780554394323170560,1780554395323170560,Inter Token Latency,ms,max,78.45
137,1780554394323170560,1780554395323170560,Inter Token Latency,ms,sum,78.45
137,1780554394323170560,1780554395323170560,Inter Token Latency,ms,p1,78.45
137,1780554394323170560,1780554395323170560,Inter Token Latency,ms,p5,78.45
137,1780554394323170560,1780554395323170560,Inter Token Latency,ms,p10,78.45
137,1780554394323170560,1780554395323170560,Inter Token Latency,ms,p25,78.45
137,1780554394323170560,1780554395323170560,Inter Token Latency,ms,p50,78.45
137,1780554394323170560,1780554395323170560,Inter Token Latency,ms,p75,78.45
137,1780554394323170560,1780554395323170560,Inter Token Latency,ms,p90,78.45
137,1780554394323170560,1780554395323170560,Inter Token Latency,ms,p95,78.45
137,1780554394323170560,1780554395323170560,Inter Token Latency,ms,p99,78.45
137,1780554394323170560,1780554395323170560,Inter Token Latency,ms,std,0.00
137,1780554394323170560,1780554395323170560,Maximum Response Timestamp,ns,avg,1780554467419831552.00
137,1780554394323170560,1780554395323170560,Minimum Request Timestamp,ns,avg,1780554394624993280.00
137,1780554394323170560,1780554395323170560,OSL Mismatch Count,requests,avg,0.00
137,1780554394323170560,1780554395323170560,OSL Mismatch Diff %,%,avg,0.00
137,1780554394323170560,1780554395323170560,OSL Mismatch Diff %,%,min,0.00
137,1780554394323170560,1780554395323170560,OSL Mismatch Diff %,%,max,0.00
137,1780554394323170560,1780554395323170560,OSL Mismatch Diff %,%,sum,0.00
137,1780554394323170560,1780554395323170560,OSL Mismatch Diff %,%,p1,0.00
137,1780554394323170560,1780554395323170560,OSL Mismatch Diff %,%,p5,0.00
137,1780554394323170560,1780554395323170560,OSL Mismatch Diff %,%,p10,0.00
137,1780554394323170560,1780554395323170560,OSL Mismatch Diff %,%,p25,0.00
137,1780554394323170560,1780554395323170560,OSL Mismatch Diff %,%,p50,0.00
137,1780554394323170560,1780554395323170560,OSL Mismatch Diff %,%,p75,0.00
137,1780554394323170560,1780554395323170560,OSL Mismatch Diff %,%,p90,0.00
137,1780554394323170560,1780554395323170560,OSL Mismatch Diff %,%,p95,0.00
137,1780554394323170560,1780554395323170560,OSL Mismatch Diff %,%,p99,0.00
137,1780554394323170560,1780554395323170560,OSL Mismatch Diff %,%,std,0.00
137,1780554394323170560,1780554395323170560,Output Sequence Length,tokens,avg,713.00
137,1780554394323170560,1780554395323170560,Output Sequence Length,tokens,min,713.00
137,1780554394323170560,1780554395323170560,Output Sequence Length,tokens,max,713.00
137,1780554394323170560,1780554395323170560,Output Sequence Length,tokens,sum,713.00
137,1780554394323170560,1780554395323170560,Output Sequence Length,tokens,p1,713.00
137,1780554394323170560,1780554395323170560,Output Sequence Length,tokens,p5,713.00
137,1780554394323170560,1780554395323170560,Output Sequence Length,tokens,p10,713.00
137,1780554394323170560,1780554395323170560,Output Sequence Length,tokens,p25,713.00
137,1780554394323170560,1780554395323170560,Output Sequence Length,tokens,p50,713.00
137,1780554394323170560,1780554395323170560,Output Sequence Length,tokens,p75,713.00
137,1780554394323170560,1780554395323170560,Output Sequence Length,tokens,p90,713.00
137,1780554394323170560,1780554395323170560,Output Sequence Length,tokens,p95,713.00
137,1780554394323170560,1780554395323170560,Output Sequence Length,tokens,p99,713.00
137,1780554394323170560,1780554395323170560,Output Sequence Length,tokens,std,0.00
137,1780554394323170560,1780554395323170560,Output Token Count,tokens,avg,713.00
137,1780554394323170560,1780554395323170560,Output Token Count,tokens,min,713.00
137,1780554394323170560,1780554395323170560,Output Token Count,tokens,max,713.00
137,1780554394323170560,1780554395323170560,Output Token Count,tokens,sum,713.00
137,1780554394323170560,1780554395323170560,Output Token Count,tokens,p1,713.00
137,1780554394323170560,1780554395323170560,Output Token Count,tokens,p5,713.00
137,1780554394323170560,1780554395323170560,Output Token Count,tokens,p10,713.00
137,1780554394323170560,1780554395323170560,Output Token Count,tokens,p25,713.00
137,1780554394323170560,1780554395323170560,Output Token Count,tokens,p50,713.00
137,1780554394323170560,1780554395323170560,Output Token Count,tokens,p75,713.00
137,1780554394323170560,1780554395323170560,Output Token Count,tokens,p90,713.00
137,1780554394323170560,1780554395323170560,Output Token Count,tokens,p95,713.00
137,1780554394323170560,1780554395323170560,Output Token Count,tokens,p99,713.00
137,1780554394323170560,1780554395323170560,Output Token Count,tokens,std,0.00
137,1780554394323170560,1780554395323170560,Output Token Throughput,tokens/sec,avg,713.00
137,1780554394323170560,1780554395323170560,Output Token Throughput Per User,tokens/sec/user,avg,12.75
137,1780554394323170560,1780554395323170560,Output Token Throughput Per User,tokens/sec/user,min,12.75
137,1780554394323170560,1780554395323170560,Output Token Throughput Per User,tokens/sec/user,max,12.75
137,1780554394323170560,1780554395323170560,Output Token Throughput Per User,tokens/sec/user,sum,12.75
137,1780554394323170560,1780554395323170560,Output Token Throughput Per User,tokens/sec/user,p1,12.75
137,1780554394323170560,1780554395323170560,Output Token Throughput Per User,tokens/sec/user,p5,12.75
137,1780554394323170560,1780554395323170560,Output Token Throughput Per User,tokens/sec/user,p10,12.75
137,1780554394323170560,1780554395323170560,Output Token Throughput Per User,tokens/sec/user,p25,12.75
137,1780554394323170560,1780554395323170560,Output Token Throughput Per User,tokens/sec/user,p50,12.75
137,1780554394323170560,1780554395323170560,Output Token Throughput Per User,tokens/sec/user,p75,12.75
137,1780554394323170560,1780554395323170560,Output Token Throughput Per User,tokens/sec/user,p90,12.75
137,1780554394323170560,1780554395323170560,Output Token Throughput Per User,tokens/sec/user,p95,12.75
137,1780554394323170560,1780554395323170560,Output Token Throughput Per User,tokens/sec/user,p99,12.75
137,1780554394323170560,1780554395323170560,Output Token Throughput Per User,tokens/sec/user,std,0.00
137,1780554394323170560,1780554395323170560,Prefill Throughput Per User,tokens/sec/user,avg,2854.79
137,1780554394323170560,1780554395323170560,Prefill Throughput Per User,tokens/sec/user,min,2854.79
137,1780554394323170560,1780554395323170560,Prefill Throughput Per User,tokens/sec/user,max,2854.79
137,1780554394323170560,1780554395323170560,Prefill Throughput Per User,tokens/sec/user,sum,2854.79
137,1780554394323170560,1780554395323170560,Prefill Throughput Per User,tokens/sec/user,p1,2854.79
137,1780554394323170560,1780554395323170560,Prefill Throughput Per User,tokens/sec/user,p5,2854.79
137,1780554394323170560,1780554395323170560,Prefill Throughput Per User,tokens/sec/user,p10,2854.79
137,1780554394323170560,1780554395323170560,Prefill Throughput Per User,tokens/sec/user,p25,2854.79
137,1780554394323170560,1780554395323170560,Prefill Throughput Per User,tokens/sec/user,p50,2854.79
137,1780554394323170560,1780554395323170560,Prefill Throughput Per User,tokens/sec/user,p75,2854.79
137,1780554394323170560,1780554395323170560,Prefill Throughput Per User,tokens/sec/user,p90,2854.79
137,1780554394323170560,1780554395323170560,Prefill Throughput Per User,tokens/sec/user,p95,2854.79
137,1780554394323170560,1780554395323170560,Prefill Throughput Per User,tokens/sec/user,p99,2854.79
137,1780554394323170560,1780554395323170560,Prefill Throughput Per User,tokens/sec/user,std,0.00
137,1780554394323170560,1780554395323170560,Request Count,requests,avg,1.00
137,1780554394323170560,1780554395323170560,Request Latency,ms,avg,72794.84
137,1780554394323170560,1780554395323170560,Request Latency,ms,min,72794.84
137,1780554394323170560,1780554395323170560,Request Latency,ms,max,72794.84
137,1780554394323170560,1780554395323170560,Request Latency,ms,sum,72794.84
137,1780554394323170560,1780554395323170560,Request Latency,ms,p1,72794.84
137,1780554394323170560,1780554395323170560,Request Latency,ms,p5,72794.84
137,1780554394323170560,1780554395323170560,Request Latency,ms,p10,72794.84
137,1780554394323170560,1780554395323170560,Request Latency,ms,p25,72794.84
137,1780554394323170560,1780554395323170560,Request Latency,ms,p50,72794.84
137,1780554394323170560,1780554395323170560,Request Latency,ms,p75,72794.84
137,1780554394323170560,1780554395323170560,Request Latency,ms,p90,72794.84
137,1780554394323170560,1780554395323170560,Request Latency,ms,p95,72794.84
137,1780554394323170560,1780554395323170560,Request Latency,ms,p99,72794.84
137,1780554394323170560,1780554395323170560,Request Latency,ms,std,0.00
137,1780554394323170560,1780554395323170560,Request Throughput,requests/sec,avg,1.00
137,1780554394323170560,1780554395323170560,Requested OSL,tokens,avg,713.00
137,1780554394323170560,1780554395323170560,Requested OSL,tokens,min,713.00
137,1780554394323170560,1780554395323170560,Requested OSL,tokens,max,713.00
137,1780554394323170560,1780554395323170560,Requested OSL,tokens,sum,713.00
137,1780554394323170560,1780554395323170560,Requested OSL,tokens,p1,713.00
137,1780554394323170560,1780554395323170560,Requested OSL,tokens,p5,713.00
137,1780554394323170560,1780554395323170560,Requested OSL,tokens,p10,713.00
137,1780554394323170560,1780554395323170560,Requested OSL,tokens,p25,713.00
137,1780554394323170560,1780554395323170560,Requested OSL,tokens,p50,713.00
137,1780554394323170560,1780554395323170560,Requested OSL,tokens,p75,713.00
137,1780554394323170560,1780554395323170560,Requested OSL,tokens,p90,713.00
137,1780554394323170560,1780554395323170560,Requested OSL,tokens,p95,713.00
137,1780554394323170560,1780554395323170560,Requested OSL,tokens,p99,713.00
137,1780554394323170560,1780554395323170560,Requested OSL,tokens,std,0.00
137,1780554394323170560,1780554395323170560,Time to First Output Token,ms,avg,16937.13
137,1780554394323170560,1780554395323170560,Time to First Output Token,ms,min,16937.13
137,1780554394323170560,1780554395323170560,Time to First Output Token,ms,max,16937.13
137,1780554394323170560,1780554395323170560,Time to First Output Token,ms,sum,16937.13
137,1780554394323170560,1780554395323170560,Time to First Output Token,ms,p1,16937.13
137,1780554394323170560,1780554395323170560,Time to First Output Token,ms,p5,16937.13
137,1780554394323170560,1780554395323170560,Time to First Output Token,ms,p10,16937.13
137,1780554394323170560,1780554395323170560,Time to First Output Token,ms,p25,16937.13
137,1780554394323170560,1780554395323170560,Time to First Output Token,ms,p50,16937.13
137,1780554394323170560,1780554395323170560,Time to First Output Token,ms,p75,16937.13
137,1780554394323170560,1780554395323170560,Time to First Output Token,ms,p90,16937.13
137,1780554394323170560,1780554395323170560,Time to First Output Token,ms,p95,16937.13
137,1780554394323170560,1780554395323170560,Time to First Output Token,ms,p99,16937.13
137,1780554394323170560,1780554395323170560,Time to First Output Token,ms,std,0.00
137,1780554394323170560,1780554395323170560,Time to First Token,ms,avg,16937.13
137,1780554394323170560,1780554395323170560,Time to First Token,ms,min,16937.13
137,1780554394323170560,1780554395323170560,Time to First Token,ms,max,16937.13
137,1780554394323170560,1780554395323170560,Time to First Token,ms,sum,16937.13
137,1780554394323170560,1780554395323170560,Time to First Token,ms,p1,16937.13
137,1780554394323170560,1780554395323170560,Time to First Token,ms,p5,16937.13
137,1780554394323170560,1780554395323170560,Time to First Token,ms,p10,16937.13
137,1780554394323170560,1780554395323170560,Time to First Token,ms,p25,16937.13
137,1780554394323170560,1780554395323170560,Time to First Token,ms,p50,16937.13
137,1780554394323170560,1780554395323170560,Time to First Token,ms,p75,16937.13
137,1780554394323170560,1780554395323170560,Time to First Token,ms,p90,16937.13
137,1780554394323170560,1780554395323170560,Time to First Token,ms,p95,16937.13
137,1780554394323170560,1780554395323170560,Time to First Token,ms,p99,16937.13
137,1780554394323170560,1780554395323170560,Time to First Token,ms,std,0.00
137,1780554394323170560,1780554395323170560,Time to Second Token,ms,avg,23.74
137,1780554394323170560,1780554395323170560,Time to Second Token,ms,min,23.74
137,1780554394323170560,1780554395323170560,Time to Second Token,ms,max,23.74
137,1780554394323170560,1780554395323170560,Time to Second Token,ms,sum,23.74
137,1780554394323170560,1780554395323170560,Time to Second Token,ms,p1,23.74
137,1780554394323170560,1780554395323170560,Time to Second Token,ms,p5,23.74
137,1780554394323170560,1780554395323170560,Time to Second Token,ms,p10,23.74
137,1780554394323170560,1780554395323170560,Time to Second Token,ms,p25,23.74
137,1780554394323170560,1780554395323170560,Time to Second Token,ms,p50,23.74
137,1780554394323170560,1780554395323170560,Time to Second Token,ms,p75,23.74
137,1780554394323170560,1780554395323170560,Time to Second Token,ms,p90,23.74
137,1780554394323170560,1780554395323170560,Time to Second Token,ms,p95,23.74
137,1780554394323170560,1780554395323170560,Time to Second Token,ms,p99,23.74
137,1780554394323170560,1780554395323170560,Time to Second Token,ms,std,0.00
137,1780554394323170560,1780554395323170560,Tokens In Flight,tokens,avg,1219516.44
137,1780554394323170560,1780554395323170560,Tokens In Flight,tokens,min,1185733.78
137,1780554394323170560,1780554395323170560,Tokens In Flight,tokens,max,1234132.82
137,1780554394323170560,1780554395323170560,Tokens In Flight,tokens,p50,1234109.80
137,1780554394323170560,1780554395323170560,Tokens In Flight,tokens,p90,1234127.82
137,1780554394323170560,1780554395323170560,Tokens In Flight,tokens,p95,1234129.82
137,1780554394323170560,1780554395323170560,Tokens In Flight,tokens,p99,1234131.82
137,1780554394323170560,1780554395323170560,Tokens In Flight,tokens,std,22206.32
137,1780554394323170560,1780554395323170560,Total Input Sequence Length,tokens,avg,48352.00
137,1780554394323170560,1780554395323170560,Total Output Sequence Length,tokens,avg,713.00
137,1780554394323170560,1780554395323170560,Total Output Tokens,tokens,avg,713.00
137,1780554394323170560,1780554395323170560,Total Token Throughput,tokens/sec,avg,49065.00
137,1780554394323170560,1780554395323170560,Total Usage Completion Tokens,tokens,avg,713.00
137,1780554394323170560,1780554395323170560,Total Usage Prompt Tokens,tokens,avg,48352.00
137,1780554394323170560,1780554395323170560,Total Usage Total Tokens,tokens,avg,49065.00
137,1780554394323170560,1780554395323170560,Usage Completion Tokens,tokens,avg,713.00
137,1780554394323170560,1780554395323170560,Usage Completion Tokens,tokens,min,713.00
137,1780554394323170560,1780554395323170560,Usage Completion Tokens,tokens,max,713.00
137,1780554394323170560,1780554395323170560,Usage Completion Tokens,tokens,sum,713.00
137,1780554394323170560,1780554395323170560,Usage Completion Tokens,tokens,p1,713.00
137,1780554394323170560,1780554395323170560,Usage Completion Tokens,tokens,p5,713.00
137,1780554394323170560,1780554395323170560,Usage Completion Tokens,tokens,p10,713.00
137,1780554394323170560,1780554395323170560,Usage Completion Tokens,tokens,p25,713.00
137,1780554394323170560,1780554395323170560,Usage Completion Tokens,tokens,p50,713.00
137,1780554394323170560,1780554395323170560,Usage Completion Tokens,tokens,p75,713.00
137,1780554394323170560,1780554395323170560,Usage Completion Tokens,tokens,p90,713.00
137,1780554394323170560,1780554395323170560,Usage Completion Tokens,tokens,p95,713.00
137,1780554394323170560,1780554395323170560,Usage Completion Tokens,tokens,p99,713.00
137,1780554394323170560,1780554395323170560,Usage Completion Tokens,tokens,std,0.00
137,1780554394323170560,1780554395323170560,Usage Prompt Tokens,tokens,avg,48352.00
137,1780554394323170560,1780554395323170560,Usage Prompt Tokens,tokens,min,48352.00
137,1780554394323170560,1780554395323170560,Usage Prompt Tokens,tokens,max,48352.00
137,1780554394323170560,1780554395323170560,Usage Prompt Tokens,tokens,sum,48352.00
137,1780554394323170560,1780554395323170560,Usage Prompt Tokens,tokens,p1,48352.00
137,1780554394323170560,1780554395323170560,Usage Prompt Tokens,tokens,p5,48352.00
137,1780554394323170560,1780554395323170560,Usage Prompt Tokens,tokens,p10,48352.00
137,1780554394323170560,1780554395323170560,Usage Prompt Tokens,tokens,p25,48352.00
137,1780554394323170560,1780554395323170560,Usage Prompt Tokens,tokens,p50,48352.00
137,1780554394323170560,1780554395323170560,Usage Prompt Tokens,tokens,p75,48352.00
137,1780554394323170560,1780554395323170560,Usage Prompt Tokens,tokens,p90,48352.00
137,1780554394323170560,1780554395323170560,Usage Prompt Tokens,tokens,p95,48352.00
137,1780554394323170560,1780554395323170560,Usage Prompt Tokens,tokens,p99,48352.00
137,1780554394323170560,1780554395323170560,Usage Prompt Tokens,tokens,std,0.00
137,1780554394323170560,1780554395323170560,Usage Total Tokens,tokens,avg,49065.00
137,1780554394323170560,1780554395323170560,Usage Total Tokens,tokens,min,49065.00
137,1780554394323170560,1780554395323170560,Usage Total Tokens,tokens,max,49065.00
137,1780554394323170560,1780554395323170560,Usage Total Tokens,tokens,sum,49065.00
137,1780554394323170560,1780554395323170560,Usage Total Tokens,tokens,p1,49065.00
137,1780554394323170560,1780554395323170560,Usage Total Tokens,tokens,p5,49065.00
137,1780554394323170560,1780554395323170560,Usage Total Tokens,tokens,p10,49065.00
137,1780554394323170560,1780554395323170560,Usage Total Tokens,tokens,p25,49065.00
137,1780554394323170560,1780554395323170560,Usage Total Tokens,tokens,p50,49065.00
137,1780554394323170560,1780554395323170560,Usage Total Tokens,tokens,p75,49065.00
137,1780554394323170560,1780554395323170560,Usage Total Tokens,tokens,p90,49065.00
137,1780554394323170560,1780554395323170560,Usage Total Tokens,tokens,p95,49065.00
137,1780554394323170560,1780554395323170560,Usage Total Tokens,tokens,p99,49065.00
137,1780554394323170560,1780554395323170560,Usage Total Tokens,tokens,std,0.00
138,1780554398323170560,1780554399323170560,Active Decode Throughput,tokens/sec,avg,54.14
138,1780554398323170560,1780554399323170560,Active Decode Throughput,tokens/sec,min,29.12
138,1780554398323170560,1780554399323170560,Active Decode Throughput,tokens/sec,max,69.84
138,1780554398323170560,1780554399323170560,Active Decode Throughput,tokens/sec,p50,55.22
138,1780554398323170560,1780554399323170560,Active Decode Throughput,tokens/sec,p90,55.26
138,1780554398323170560,1780554399323170560,Active Decode Throughput,tokens/sec,p95,55.26
138,1780554398323170560,1780554399323170560,Active Decode Throughput,tokens/sec,p99,55.26
138,1780554398323170560,1780554399323170560,Active Decode Throughput,tokens/sec,std,3.39
138,1780554398323170560,1780554399323170560,Active Decode Throughput Per User,tokens/sec/user,avg,4.30
138,1780554398323170560,1780554399323170560,Active Decode Throughput Per User,tokens/sec/user,min,2.43
138,1780554398323170560,1780554399323170560,Active Decode Throughput Per User,tokens/sec/user,max,5.82
138,1780554398323170560,1780554399323170560,Active Decode Throughput Per User,tokens/sec/user,p50,4.25
138,1780554398323170560,1780554399323170560,Active Decode Throughput Per User,tokens/sec/user,p90,4.60
138,1780554398323170560,1780554399323170560,Active Decode Throughput Per User,tokens/sec/user,p95,4.60
138,1780554398323170560,1780554399323170560,Active Decode Throughput Per User,tokens/sec/user,p99,4.60
138,1780554398323170560,1780554399323170560,Active Decode Throughput Per User,tokens/sec/user,std,0.27
138,1780554398323170560,1780554399323170560,Active Prefill Throughput,tokens/sec,avg,9725.01
138,1780554398323170560,1780554399323170560,Active Prefill Throughput,tokens/sec,min,9080.65
138,1780554398323170560,1780554399323170560,Active Prefill Throughput,tokens/sec,max,15731.10
138,1780554398323170560,1780554399323170560,Active Prefill Throughput,tokens/sec,p50,9080.65
138,1780554398323170560,1780554399323170560,Active Prefill Throughput,tokens/sec,p90,9120.28
138,1780554398323170560,1780554399323170560,Active Prefill Throughput,tokens/sec,p95,15731.10
138,1780554398323170560,1780554399323170560,Active Prefill Throughput,tokens/sec,p99,15731.10
138,1780554398323170560,1780554399323170560,Active Prefill Throughput,tokens/sec,std,1946.98
138,1780554398323170560,1780554399323170560,Active Prefill Throughput Per User,tokens/sec/user,avg,4153.00
138,1780554398323170560,1780554399323170560,Active Prefill Throughput Per User,tokens/sec/user,min,3040.09
138,1780554398323170560,1780554399323170560,Active Prefill Throughput Per User,tokens/sec/user,max,5243.70
138,1780554398323170560,1780554399323170560,Active Prefill Throughput Per User,tokens/sec/user,p50,4540.33
138,1780554398323170560,1780554399323170560,Active Prefill Throughput Per User,tokens/sec/user,p90,4540.33
138,1780554398323170560,1780554399323170560,Active Prefill Throughput Per User,tokens/sec/user,p95,5243.70
138,1780554398323170560,1780554399323170560,Active Prefill Throughput Per User,tokens/sec/user,p99,5243.70
138,1780554398323170560,1780554399323170560,Active Prefill Throughput Per User,tokens/sec/user,std,760.55
138,1780554398323170560,1780554399323170560,Active Total Throughput,tokens/sec,avg,9807.07
138,1780554398323170560,1780554399323170560,Active Total Throughput,tokens/sec,min,9159.10
138,1780554398323170560,1780554399323170560,Active Total Throughput,tokens/sec,max,15806.70
138,1780554398323170560,1780554399323170560,Active Total Throughput,tokens/sec,p50,9165.69
138,1780554398323170560,1780554399323170560,Active Total Throughput,tokens/sec,p90,9198.73
138,1780554398323170560,1780554399323170560,Active Total Throughput,tokens/sec,p95,15806.70
138,1780554398323170560,1780554399323170560,Active Total Throughput,tokens/sec,p99,15806.70
138,1780554398323170560,1780554399323170560,Active Total Throughput,tokens/sec,std,1944.87
138,1780554398323170560,1780554399323170560,Benchmark Duration,sec,avg,13.69
138,1780554398323170560,1780554399323170560,Credit Drop Latency,ms,avg,5.42
138,1780554398323170560,1780554399323170560,Credit Drop Latency,ms,min,5.42
138,1780554398323170560,1780554399323170560,Credit Drop Latency,ms,max,5.42
138,1780554398323170560,1780554399323170560,Credit Drop Latency,ms,sum,5.42
138,1780554398323170560,1780554399323170560,Credit Drop Latency,ms,p1,5.42
138,1780554398323170560,1780554399323170560,Credit Drop Latency,ms,p5,5.42
138,1780554398323170560,1780554399323170560,Credit Drop Latency,ms,p10,5.42
138,1780554398323170560,1780554399323170560,Credit Drop Latency,ms,p25,5.42
138,1780554398323170560,1780554399323170560,Credit Drop Latency,ms,p50,5.42
138,1780554398323170560,1780554399323170560,Credit Drop Latency,ms,p75,5.42
138,1780554398323170560,1780554399323170560,Credit Drop Latency,ms,p90,5.42
138,1780554398323170560,1780554399323170560,Credit Drop Latency,ms,p95,5.42
138,1780554398323170560,1780554399323170560,Credit Drop Latency,ms,p99,5.42
138,1780554398323170560,1780554399323170560,Credit Drop Latency,ms,std,0.00
138,1780554398323170560,1780554399323170560,E2E Output Token Throughput,tokens/sec/user,avg,1.39
138,1780554398323170560,1780554399323170560,E2E Output Token Throughput,tokens/sec/user,min,1.39
138,1780554398323170560,1780554399323170560,E2E Output Token Throughput,tokens/sec/user,max,1.39
138,1780554398323170560,1780554399323170560,E2E Output Token Throughput,tokens/sec/user,sum,1.39
138,1780554398323170560,1780554399323170560,E2E Output Token Throughput,tokens/sec/user,p1,1.39
138,1780554398323170560,1780554399323170560,E2E Output Token Throughput,tokens/sec/user,p5,1.39
138,1780554398323170560,1780554399323170560,E2E Output Token Throughput,tokens/sec/user,p10,1.39
138,1780554398323170560,1780554399323170560,E2E Output Token Throughput,tokens/sec/user,p25,1.39
138,1780554398323170560,1780554399323170560,E2E Output Token Throughput,tokens/sec/user,p50,1.39
138,1780554398323170560,1780554399323170560,E2E Output Token Throughput,tokens/sec/user,p75,1.39
138,1780554398323170560,1780554399323170560,E2E Output Token Throughput,tokens/sec/user,p90,1.39
138,1780554398323170560,1780554399323170560,E2E Output Token Throughput,tokens/sec/user,p95,1.39
138,1780554398323170560,1780554399323170560,E2E Output Token Throughput,tokens/sec/user,p99,1.39
138,1780554398323170560,1780554399323170560,E2E Output Token Throughput,tokens/sec/user,std,0.00
138,1780554398323170560,1780554399323170560,Effective Concurrency,requests,avg,14.99
138,1780554398323170560,1780554399323170560,Effective Concurrency,requests,min,14.00
138,1780554398323170560,1780554399323170560,Effective Concurrency,requests,max,15.00
138,1780554398323170560,1780554399323170560,Effective Concurrency,requests,p50,15.00
138,1780554398323170560,1780554399323170560,Effective Concurrency,requests,p90,15.00
138,1780554398323170560,1780554399323170560,Effective Concurrency,requests,p95,15.00
138,1780554398323170560,1780554399323170560,Effective Concurrency,requests,p99,15.00
138,1780554398323170560,1780554399323170560,Effective Concurrency,requests,std,0.11
138,1780554398323170560,1780554399323170560,Effective Decode Concurrency,requests,avg,12.59
138,1780554398323170560,1780554399323170560,Effective Decode Concurrency,requests,min,12.00
138,1780554398323170560,1780554399323170560,Effective Decode Concurrency,requests,max,13.00
138,1780554398323170560,1780554399323170560,Effective Decode Concurrency,requests,p50,13.00
138,1780554398323170560,1780554399323170560,Effective Decode Concurrency,requests,p90,13.00
138,1780554398323170560,1780554399323170560,Effective Decode Concurrency,requests,p95,13.00
138,1780554398323170560,1780554399323170560,Effective Decode Concurrency,requests,p99,13.00
138,1780554398323170560,1780554399323170560,Effective Decode Concurrency,requests,std,0.49
138,1780554398323170560,1780554399323170560,Effective Decode Throughput,tokens/sec,avg,54.14
138,1780554398323170560,1780554399323170560,Effective Decode Throughput,tokens/sec,min,29.12
138,1780554398323170560,1780554399323170560,Effective Decode Throughput,tokens/sec,max,69.84
138,1780554398323170560,1780554399323170560,Effective Decode Throughput,tokens/sec,p50,55.22
138,1780554398323170560,1780554399323170560,Effective Decode Throughput,tokens/sec,p90,55.26
138,1780554398323170560,1780554399323170560,Effective Decode Throughput,tokens/sec,p95,55.26
138,1780554398323170560,1780554399323170560,Effective Decode Throughput,tokens/sec,p99,55.26
138,1780554398323170560,1780554399323170560,Effective Decode Throughput,tokens/sec,std,3.39
138,1780554398323170560,1780554399323170560,Effective Decode Throughput Per User,tokens/sec/user,avg,4.30
138,1780554398323170560,1780554399323170560,Effective Decode Throughput Per User,tokens/sec/user,min,2.43
138,1780554398323170560,1780554399323170560,Effective Decode Throughput Per User,tokens/sec/user,max,5.82
138,1780554398323170560,1780554399323170560,Effective Decode Throughput Per User,tokens/sec/user,p50,4.25
138,1780554398323170560,1780554399323170560,Effective Decode Throughput Per User,tokens/sec/user,p90,4.60
138,1780554398323170560,1780554399323170560,Effective Decode Throughput Per User,tokens/sec/user,p95,4.60
138,1780554398323170560,1780554399323170560,Effective Decode Throughput Per User,tokens/sec/user,p99,4.60
138,1780554398323170560,1780554399323170560,Effective Decode Throughput Per User,tokens/sec/user,std,0.27
138,1780554398323170560,1780554399323170560,Effective Prefill Concurrency,requests,avg,2.40
138,1780554398323170560,1780554399323170560,Effective Prefill Concurrency,requests,min,2.00
138,1780554398323170560,1780554399323170560,Effective Prefill Concurrency,requests,max,3.00
138,1780554398323170560,1780554399323170560,Effective Prefill Concurrency,requests,p50,2.00
138,1780554398323170560,1780554399323170560,Effective Prefill Concurrency,requests,p90,3.00
138,1780554398323170560,1780554399323170560,Effective Prefill Concurrency,requests,p95,3.00
138,1780554398323170560,1780554399323170560,Effective Prefill Concurrency,requests,p99,3.00
138,1780554398323170560,1780554399323170560,Effective Prefill Concurrency,requests,std,0.49
138,1780554398323170560,1780554399323170560,Effective Prefill Throughput,tokens/sec,avg,9725.01
138,1780554398323170560,1780554399323170560,Effective Prefill Throughput,tokens/sec,min,9080.65
138,1780554398323170560,1780554399323170560,Effective Prefill Throughput,tokens/sec,max,15731.10
138,1780554398323170560,1780554399323170560,Effective Prefill Throughput,tokens/sec,p50,9080.65
138,1780554398323170560,1780554399323170560,Effective Prefill Throughput,tokens/sec,p90,9120.28
138,1780554398323170560,1780554399323170560,Effective Prefill Throughput,tokens/sec,p95,15731.10
138,1780554398323170560,1780554399323170560,Effective Prefill Throughput,tokens/sec,p99,15731.10
138,1780554398323170560,1780554399323170560,Effective Prefill Throughput,tokens/sec,std,1946.98
138,1780554398323170560,1780554399323170560,Effective Prefill Throughput Per User,tokens/sec/user,avg,4153.00
138,1780554398323170560,1780554399323170560,Effective Prefill Throughput Per User,tokens/sec/user,min,3040.09
138,1780554398323170560,1780554399323170560,Effective Prefill Throughput Per User,tokens/sec/user,max,5243.70
138,1780554398323170560,1780554399323170560,Effective Prefill Throughput Per User,tokens/sec/user,p50,4540.33
138,1780554398323170560,1780554399323170560,Effective Prefill Throughput Per User,tokens/sec/user,p90,4540.33
138,1780554398323170560,1780554399323170560,Effective Prefill Throughput Per User,tokens/sec/user,p95,5243.70
138,1780554398323170560,1780554399323170560,Effective Prefill Throughput Per User,tokens/sec/user,p99,5243.70
138,1780554398323170560,1780554399323170560,Effective Prefill Throughput Per User,tokens/sec/user,std,760.55
138,1780554398323170560,1780554399323170560,Effective Total Throughput,tokens/sec,avg,9807.07
138,1780554398323170560,1780554399323170560,Effective Total Throughput,tokens/sec,min,9159.10
138,1780554398323170560,1780554399323170560,Effective Total Throughput,tokens/sec,max,15806.70
138,1780554398323170560,1780554399323170560,Effective Total Throughput,tokens/sec,p50,9165.69
138,1780554398323170560,1780554399323170560,Effective Total Throughput,tokens/sec,p90,9198.73
138,1780554398323170560,1780554399323170560,Effective Total Throughput,tokens/sec,p95,15806.70
138,1780554398323170560,1780554399323170560,Effective Total Throughput,tokens/sec,p99,15806.70
138,1780554398323170560,1780554399323170560,Effective Total Throughput,tokens/sec,std,1944.87
138,1780554398323170560,1780554399323170560,HTTP Blocked,ms,avg,0.00
138,1780554398323170560,1780554399323170560,HTTP Blocked,ms,min,0.00
138,1780554398323170560,1780554399323170560,HTTP Blocked,ms,max,0.00
138,1780554398323170560,1780554399323170560,HTTP Blocked,ms,sum,0.00
138,1780554398323170560,1780554399323170560,HTTP Blocked,ms,p1,0.00
138,1780554398323170560,1780554399323170560,HTTP Blocked,ms,p5,0.00
138,1780554398323170560,1780554399323170560,HTTP Blocked,ms,p10,0.00
138,1780554398323170560,1780554399323170560,HTTP Blocked,ms,p25,0.00
138,1780554398323170560,1780554399323170560,HTTP Blocked,ms,p50,0.00
138,1780554398323170560,1780554399323170560,HTTP Blocked,ms,p75,0.00
138,1780554398323170560,1780554399323170560,HTTP Blocked,ms,p90,0.00
138,1780554398323170560,1780554399323170560,HTTP Blocked,ms,p95,0.00
138,1780554398323170560,1780554399323170560,HTTP Blocked,ms,p99,0.00
138,1780554398323170560,1780554399323170560,HTTP Blocked,ms,std,0.00
138,1780554398323170560,1780554399323170560,HTTP Chunks Received,count,avg,19.00
138,1780554398323170560,1780554399323170560,HTTP Chunks Received,count,min,19.00
138,1780554398323170560,1780554399323170560,HTTP Chunks Received,count,max,19.00
138,1780554398323170560,1780554399323170560,HTTP Chunks Received,count,sum,19.00
138,1780554398323170560,1780554399323170560,HTTP Chunks Received,count,p1,19.00
138,1780554398323170560,1780554399323170560,HTTP Chunks Received,count,p5,19.00
138,1780554398323170560,1780554399323170560,HTTP Chunks Received,count,p10,19.00
138,1780554398323170560,1780554399323170560,HTTP Chunks Received,count,p25,19.00
138,1780554398323170560,1780554399323170560,HTTP Chunks Received,count,p50,19.00
138,1780554398323170560,1780554399323170560,HTTP Chunks Received,count,p75,19.00
138,1780554398323170560,1780554399323170560,HTTP Chunks Received,count,p90,19.00
138,1780554398323170560,1780554399323170560,HTTP Chunks Received,count,p95,19.00
138,1780554398323170560,1780554399323170560,HTTP Chunks Received,count,p99,19.00
138,1780554398323170560,1780554399323170560,HTTP Chunks Received,count,std,0.00
138,1780554398323170560,1780554399323170560,HTTP Chunks Sent,count,avg,1.00
138,1780554398323170560,1780554399323170560,HTTP Chunks Sent,count,min,1.00
138,1780554398323170560,1780554399323170560,HTTP Chunks Sent,count,max,1.00
138,1780554398323170560,1780554399323170560,HTTP Chunks Sent,count,sum,1.00
138,1780554398323170560,1780554399323170560,HTTP Chunks Sent,count,p1,1.00
138,1780554398323170560,1780554399323170560,HTTP Chunks Sent,count,p5,1.00
138,1780554398323170560,1780554399323170560,HTTP Chunks Sent,count,p10,1.00
138,1780554398323170560,1780554399323170560,HTTP Chunks Sent,count,p25,1.00
138,1780554398323170560,1780554399323170560,HTTP Chunks Sent,count,p50,1.00
138,1780554398323170560,1780554399323170560,HTTP Chunks Sent,count,p75,1.00
138,1780554398323170560,1780554399323170560,HTTP Chunks Sent,count,p90,1.00
138,1780554398323170560,1780554399323170560,HTTP Chunks Sent,count,p95,1.00
138,1780554398323170560,1780554399323170560,HTTP Chunks Sent,count,p99,1.00
138,1780554398323170560,1780554399323170560,HTTP Chunks Sent,count,std,0.00
138,1780554398323170560,1780554399323170560,HTTP Connecting,ms,avg,0.00
138,1780554398323170560,1780554399323170560,HTTP Connecting,ms,min,0.00
138,1780554398323170560,1780554399323170560,HTTP Connecting,ms,max,0.00
138,1780554398323170560,1780554399323170560,HTTP Connecting,ms,sum,0.00
138,1780554398323170560,1780554399323170560,HTTP Connecting,ms,p1,0.00
138,1780554398323170560,1780554399323170560,HTTP Connecting,ms,p5,0.00
138,1780554398323170560,1780554399323170560,HTTP Connecting,ms,p10,0.00
138,1780554398323170560,1780554399323170560,HTTP Connecting,ms,p25,0.00
138,1780554398323170560,1780554399323170560,HTTP Connecting,ms,p50,0.00
138,1780554398323170560,1780554399323170560,HTTP Connecting,ms,p75,0.00
138,1780554398323170560,1780554399323170560,HTTP Connecting,ms,p90,0.00
138,1780554398323170560,1780554399323170560,HTTP Connecting,ms,p95,0.00
138,1780554398323170560,1780554399323170560,HTTP Connecting,ms,p99,0.00
138,1780554398323170560,1780554399323170560,HTTP Connecting,ms,std,0.00
138,1780554398323170560,1780554399323170560,HTTP Connection Overhead,ms,avg,0.00
138,1780554398323170560,1780554399323170560,HTTP Connection Overhead,ms,min,0.00
138,1780554398323170560,1780554399323170560,HTTP Connection Overhead,ms,max,0.00
138,1780554398323170560,1780554399323170560,HTTP Connection Overhead,ms,sum,0.00
138,1780554398323170560,1780554399323170560,HTTP Connection Overhead,ms,p1,0.00
138,1780554398323170560,1780554399323170560,HTTP Connection Overhead,ms,p5,0.00
138,1780554398323170560,1780554399323170560,HTTP Connection Overhead,ms,p10,0.00
138,1780554398323170560,1780554399323170560,HTTP Connection Overhead,ms,p25,0.00
138,1780554398323170560,1780554399323170560,HTTP Connection Overhead,ms,p50,0.00
138,1780554398323170560,1780554399323170560,HTTP Connection Overhead,ms,p75,0.00
138,1780554398323170560,1780554399323170560,HTTP Connection Overhead,ms,p90,0.00
138,1780554398323170560,1780554399323170560,HTTP Connection Overhead,ms,p95,0.00
138,1780554398323170560,1780554399323170560,HTTP Connection Overhead,ms,p99,0.00
138,1780554398323170560,1780554399323170560,HTTP Connection Overhead,ms,std,0.00
138,1780554398323170560,1780554399323170560,HTTP Connection Reused,ratio,avg,1.00
138,1780554398323170560,1780554399323170560,HTTP Connection Reused,ratio,min,1.00
138,1780554398323170560,1780554399323170560,HTTP Connection Reused,ratio,max,1.00
138,1780554398323170560,1780554399323170560,HTTP Connection Reused,ratio,sum,1.00
138,1780554398323170560,1780554399323170560,HTTP Connection Reused,ratio,p1,1.00
138,1780554398323170560,1780554399323170560,HTTP Connection Reused,ratio,p5,1.00
138,1780554398323170560,1780554399323170560,HTTP Connection Reused,ratio,p10,1.00
138,1780554398323170560,1780554399323170560,HTTP Connection Reused,ratio,p25,1.00
138,1780554398323170560,1780554399323170560,HTTP Connection Reused,ratio,p50,1.00
138,1780554398323170560,1780554399323170560,HTTP Connection Reused,ratio,p75,1.00
138,1780554398323170560,1780554399323170560,HTTP Connection Reused,ratio,p90,1.00
138,1780554398323170560,1780554399323170560,HTTP Connection Reused,ratio,p95,1.00
138,1780554398323170560,1780554399323170560,HTTP Connection Reused,ratio,p99,1.00
138,1780554398323170560,1780554399323170560,HTTP Connection Reused,ratio,std,0.00
138,1780554398323170560,1780554399323170560,HTTP Data Received,KB,avg,5.33
138,1780554398323170560,1780554399323170560,HTTP Data Received,KB,min,5.33
138,1780554398323170560,1780554399323170560,HTTP Data Received,KB,max,5.33
138,1780554398323170560,1780554399323170560,HTTP Data Received,KB,sum,5.33
138,1780554398323170560,1780554399323170560,HTTP Data Received,KB,p1,5.33
138,1780554398323170560,1780554399323170560,HTTP Data Received,KB,p5,5.33
138,1780554398323170560,1780554399323170560,HTTP Data Received,KB,p10,5.33
138,1780554398323170560,1780554399323170560,HTTP Data Received,KB,p25,5.33
138,1780554398323170560,1780554399323170560,HTTP Data Received,KB,p50,5.33
138,1780554398323170560,1780554399323170560,HTTP Data Received,KB,p75,5.33
138,1780554398323170560,1780554399323170560,HTTP Data Received,KB,p90,5.33
138,1780554398323170560,1780554399323170560,HTTP Data Received,KB,p95,5.33
138,1780554398323170560,1780554399323170560,HTTP Data Received,KB,p99,5.33
138,1780554398323170560,1780554399323170560,HTTP Data Received,KB,std,0.00
138,1780554398323170560,1780554399323170560,HTTP Data Sent,KB,avg,1.94
138,1780554398323170560,1780554399323170560,HTTP Data Sent,KB,min,1.94
138,1780554398323170560,1780554399323170560,HTTP Data Sent,KB,max,1.94
138,1780554398323170560,1780554399323170560,HTTP Data Sent,KB,sum,1.94
138,1780554398323170560,1780554399323170560,HTTP Data Sent,KB,p1,1.94
138,1780554398323170560,1780554399323170560,HTTP Data Sent,KB,p5,1.94
138,1780554398323170560,1780554399323170560,HTTP Data Sent,KB,p10,1.94
138,1780554398323170560,1780554399323170560,HTTP Data Sent,KB,p25,1.94
138,1780554398323170560,1780554399323170560,HTTP Data Sent,KB,p50,1.94
138,1780554398323170560,1780554399323170560,HTTP Data Sent,KB,p75,1.94
138,1780554398323170560,1780554399323170560,HTTP Data Sent,KB,p90,1.94
138,1780554398323170560,1780554399323170560,HTTP Data Sent,KB,p95,1.94
138,1780554398323170560,1780554399323170560,HTTP Data Sent,KB,p99,1.94
138,1780554398323170560,1780554399323170560,HTTP Data Sent,KB,std,0.00
138,1780554398323170560,1780554399323170560,HTTP DNS Lookup,ms,avg,0.00
138,1780554398323170560,1780554399323170560,HTTP DNS Lookup,ms,min,0.00
138,1780554398323170560,1780554399323170560,HTTP DNS Lookup,ms,max,0.00
138,1780554398323170560,1780554399323170560,HTTP DNS Lookup,ms,sum,0.00
138,1780554398323170560,1780554399323170560,HTTP DNS Lookup,ms,p1,0.00
138,1780554398323170560,1780554399323170560,HTTP DNS Lookup,ms,p5,0.00
138,1780554398323170560,1780554399323170560,HTTP DNS Lookup,ms,p10,0.00
138,1780554398323170560,1780554399323170560,HTTP DNS Lookup,ms,p25,0.00
138,1780554398323170560,1780554399323170560,HTTP DNS Lookup,ms,p50,0.00
138,1780554398323170560,1780554399323170560,HTTP DNS Lookup,ms,p75,0.00
138,1780554398323170560,1780554399323170560,HTTP DNS Lookup,ms,p90,0.00
138,1780554398323170560,1780554399323170560,HTTP DNS Lookup,ms,p95,0.00
138,1780554398323170560,1780554399323170560,HTTP DNS Lookup,ms,p99,0.00
138,1780554398323170560,1780554399323170560,HTTP DNS Lookup,ms,std,0.00
138,1780554398323170560,1780554399323170560,HTTP Duration (excl. conn),ms,avg,13691.79
138,1780554398323170560,1780554399323170560,HTTP Duration (excl. conn),ms,min,13691.79
138,1780554398323170560,1780554399323170560,HTTP Duration (excl. conn),ms,max,13691.79
138,1780554398323170560,1780554399323170560,HTTP Duration (excl. conn),ms,sum,13691.79
138,1780554398323170560,1780554399323170560,HTTP Duration (excl. conn),ms,p1,13691.79
138,1780554398323170560,1780554399323170560,HTTP Duration (excl. conn),ms,p5,13691.79
138,1780554398323170560,1780554399323170560,HTTP Duration (excl. conn),ms,p10,13691.79
138,1780554398323170560,1780554399323170560,HTTP Duration (excl. conn),ms,p25,13691.79
138,1780554398323170560,1780554399323170560,HTTP Duration (excl. conn),ms,p50,13691.79
138,1780554398323170560,1780554399323170560,HTTP Duration (excl. conn),ms,p75,13691.79
138,1780554398323170560,1780554399323170560,HTTP Duration (excl. conn),ms,p90,13691.79
138,1780554398323170560,1780554399323170560,HTTP Duration (excl. conn),ms,p95,13691.79
138,1780554398323170560,1780554399323170560,HTTP Duration (excl. conn),ms,p99,13691.79
138,1780554398323170560,1780554399323170560,HTTP Duration (excl. conn),ms,std,0.00
138,1780554398323170560,1780554399323170560,HTTP Receiving,ms,avg,1150.25
138,1780554398323170560,1780554399323170560,HTTP Receiving,ms,min,1150.25
138,1780554398323170560,1780554399323170560,HTTP Receiving,ms,max,1150.25
138,1780554398323170560,1780554399323170560,HTTP Receiving,ms,sum,1150.25
138,1780554398323170560,1780554399323170560,HTTP Receiving,ms,p1,1150.25
138,1780554398323170560,1780554399323170560,HTTP Receiving,ms,p5,1150.25
138,1780554398323170560,1780554399323170560,HTTP Receiving,ms,p10,1150.25
138,1780554398323170560,1780554399323170560,HTTP Receiving,ms,p25,1150.25
138,1780554398323170560,1780554399323170560,HTTP Receiving,ms,p50,1150.25
138,1780554398323170560,1780554399323170560,HTTP Receiving,ms,p75,1150.25
138,1780554398323170560,1780554399323170560,HTTP Receiving,ms,p90,1150.25
138,1780554398323170560,1780554399323170560,HTTP Receiving,ms,p95,1150.25
138,1780554398323170560,1780554399323170560,HTTP Receiving,ms,p99,1150.25
138,1780554398323170560,1780554399323170560,HTTP Receiving,ms,std,0.00
138,1780554398323170560,1780554399323170560,HTTP Sending,ms,avg,0.25
138,1780554398323170560,1780554399323170560,HTTP Sending,ms,min,0.25
138,1780554398323170560,1780554399323170560,HTTP Sending,ms,max,0.25
138,1780554398323170560,1780554399323170560,HTTP Sending,ms,sum,0.25
138,1780554398323170560,1780554399323170560,HTTP Sending,ms,p1,0.25
138,1780554398323170560,1780554399323170560,HTTP Sending,ms,p5,0.25
138,1780554398323170560,1780554399323170560,HTTP Sending,ms,p10,0.25
138,1780554398323170560,1780554399323170560,HTTP Sending,ms,p25,0.25
138,1780554398323170560,1780554399323170560,HTTP Sending,ms,p50,0.25
138,1780554398323170560,1780554399323170560,HTTP Sending,ms,p75,0.25
138,1780554398323170560,1780554399323170560,HTTP Sending,ms,p90,0.25
138,1780554398323170560,1780554399323170560,HTTP Sending,ms,p95,0.25
138,1780554398323170560,1780554399323170560,HTTP Sending,ms,p99,0.25
138,1780554398323170560,1780554399323170560,HTTP Sending,ms,std,0.00
138,1780554398323170560,1780554399323170560,HTTP Total Time,ms,avg,13691.79
138,1780554398323170560,1780554399323170560,HTTP Total Time,ms,min,13691.79
138,1780554398323170560,1780554399323170560,HTTP Total Time,ms,max,13691.79
138,1780554398323170560,1780554399323170560,HTTP Total Time,ms,sum,13691.79
138,1780554398323170560,1780554399323170560,HTTP Total Time,ms,p1,13691.79
138,1780554398323170560,1780554399323170560,HTTP Total Time,ms,p5,13691.79
138,1780554398323170560,1780554399323170560,HTTP Total Time,ms,p10,13691.79
138,1780554398323170560,1780554399323170560,HTTP Total Time,ms,p25,13691.79
138,1780554398323170560,1780554399323170560,HTTP Total Time,ms,p50,13691.79
138,1780554398323170560,1780554399323170560,HTTP Total Time,ms,p75,13691.79
138,1780554398323170560,1780554399323170560,HTTP Total Time,ms,p90,13691.79
138,1780554398323170560,1780554399323170560,HTTP Total Time,ms,p95,13691.79
138,1780554398323170560,1780554399323170560,HTTP Total Time,ms,p99,13691.79
138,1780554398323170560,1780554399323170560,HTTP Total Time,ms,std,0.00
138,1780554398323170560,1780554399323170560,HTTP Waiting (TTFB),ms,avg,12541.29
138,1780554398323170560,1780554399323170560,HTTP Waiting (TTFB),ms,min,12541.29
138,1780554398323170560,1780554399323170560,HTTP Waiting (TTFB),ms,max,12541.29
138,1780554398323170560,1780554399323170560,HTTP Waiting (TTFB),ms,sum,12541.29
138,1780554398323170560,1780554399323170560,HTTP Waiting (TTFB),ms,p1,12541.29
138,1780554398323170560,1780554399323170560,HTTP Waiting (TTFB),ms,p5,12541.29
138,1780554398323170560,1780554399323170560,HTTP Waiting (TTFB),ms,p10,12541.29
138,1780554398323170560,1780554399323170560,HTTP Waiting (TTFB),ms,p25,12541.29
138,1780554398323170560,1780554399323170560,HTTP Waiting (TTFB),ms,p50,12541.29
138,1780554398323170560,1780554399323170560,HTTP Waiting (TTFB),ms,p75,12541.29
138,1780554398323170560,1780554399323170560,HTTP Waiting (TTFB),ms,p90,12541.29
138,1780554398323170560,1780554399323170560,HTTP Waiting (TTFB),ms,p95,12541.29
138,1780554398323170560,1780554399323170560,HTTP Waiting (TTFB),ms,p99,12541.29
138,1780554398323170560,1780554399323170560,HTTP Waiting (TTFB),ms,std,0.00
138,1780554398323170560,1780554399323170560,Input Sequence Length,tokens,avg,497.00
138,1780554398323170560,1780554399323170560,Input Sequence Length,tokens,min,497.00
138,1780554398323170560,1780554399323170560,Input Sequence Length,tokens,max,497.00
138,1780554398323170560,1780554399323170560,Input Sequence Length,tokens,sum,497.00
138,1780554398323170560,1780554399323170560,Input Sequence Length,tokens,p1,497.00
138,1780554398323170560,1780554399323170560,Input Sequence Length,tokens,p5,497.00
138,1780554398323170560,1780554399323170560,Input Sequence Length,tokens,p10,497.00
138,1780554398323170560,1780554399323170560,Input Sequence Length,tokens,p25,497.00
138,1780554398323170560,1780554399323170560,Input Sequence Length,tokens,p50,497.00
138,1780554398323170560,1780554399323170560,Input Sequence Length,tokens,p75,497.00
138,1780554398323170560,1780554399323170560,Input Sequence Length,tokens,p90,497.00
138,1780554398323170560,1780554399323170560,Input Sequence Length,tokens,p95,497.00
138,1780554398323170560,1780554399323170560,Input Sequence Length,tokens,p99,497.00
138,1780554398323170560,1780554399323170560,Input Sequence Length,tokens,std,0.00
138,1780554398323170560,1780554399323170560,Input Token Throughput,tokens/sec,avg,497.00
138,1780554398323170560,1780554399323170560,Inter Chunk Latency,ms,avg,68.59
138,1780554398323170560,1780554399323170560,Inter Chunk Latency,ms,min,68.59
138,1780554398323170560,1780554399323170560,Inter Chunk Latency,ms,max,68.59
138,1780554398323170560,1780554399323170560,Inter Chunk Latency,ms,sum,1234.54
138,1780554398323170560,1780554399323170560,Inter Chunk Latency,ms,p1,68.59
138,1780554398323170560,1780554399323170560,Inter Chunk Latency,ms,p5,68.59
138,1780554398323170560,1780554399323170560,Inter Chunk Latency,ms,p10,68.59
138,1780554398323170560,1780554399323170560,Inter Chunk Latency,ms,p25,68.59
138,1780554398323170560,1780554399323170560,Inter Chunk Latency,ms,p50,68.59
138,1780554398323170560,1780554399323170560,Inter Chunk Latency,ms,p75,68.59
138,1780554398323170560,1780554399323170560,Inter Chunk Latency,ms,p90,68.59
138,1780554398323170560,1780554399323170560,Inter Chunk Latency,ms,p95,68.59
138,1780554398323170560,1780554399323170560,Inter Chunk Latency,ms,p99,68.59
138,1780554398323170560,1780554399323170560,Inter Chunk Latency,ms,std,0.00
138,1780554398323170560,1780554399323170560,Inter Token Latency,ms,avg,63.90
138,1780554398323170560,1780554399323170560,Inter Token Latency,ms,min,63.90
138,1780554398323170560,1780554399323170560,Inter Token Latency,ms,max,63.90
138,1780554398323170560,1780554399323170560,Inter Token Latency,ms,sum,63.90
138,1780554398323170560,1780554399323170560,Inter Token Latency,ms,p1,63.90
138,1780554398323170560,1780554399323170560,Inter Token Latency,ms,p5,63.90
138,1780554398323170560,1780554399323170560,Inter Token Latency,ms,p10,63.90
138,1780554398323170560,1780554399323170560,Inter Token Latency,ms,p25,63.90
138,1780554398323170560,1780554399323170560,Inter Token Latency,ms,p50,63.90
138,1780554398323170560,1780554399323170560,Inter Token Latency,ms,p75,63.90
138,1780554398323170560,1780554399323170560,Inter Token Latency,ms,p90,63.90
138,1780554398323170560,1780554399323170560,Inter Token Latency,ms,p95,63.90
138,1780554398323170560,1780554399323170560,Inter Token Latency,ms,p99,63.90
138,1780554398323170560,1780554399323170560,Inter Token Latency,ms,std,0.00
138,1780554398323170560,1780554399323170560,Maximum Response Timestamp,ns,avg,1780554412712312576.00
138,1780554398323170560,1780554399323170560,Minimum Request Timestamp,ns,avg,1780554399020411136.00
138,1780554398323170560,1780554399323170560,OSL Mismatch Count,requests,avg,0.00
138,1780554398323170560,1780554399323170560,OSL Mismatch Diff %,%,avg,0.00
138,1780554398323170560,1780554399323170560,OSL Mismatch Diff %,%,min,0.00
138,1780554398323170560,1780554399323170560,OSL Mismatch Diff %,%,max,0.00
138,1780554398323170560,1780554399323170560,OSL Mismatch Diff %,%,sum,0.00
138,1780554398323170560,1780554399323170560,OSL Mismatch Diff %,%,p1,0.00
138,1780554398323170560,1780554399323170560,OSL Mismatch Diff %,%,p5,0.00
138,1780554398323170560,1780554399323170560,OSL Mismatch Diff %,%,p10,0.00
138,1780554398323170560,1780554399323170560,OSL Mismatch Diff %,%,p25,0.00
138,1780554398323170560,1780554399323170560,OSL Mismatch Diff %,%,p50,0.00
138,1780554398323170560,1780554399323170560,OSL Mismatch Diff %,%,p75,0.00
138,1780554398323170560,1780554399323170560,OSL Mismatch Diff %,%,p90,0.00
138,1780554398323170560,1780554399323170560,OSL Mismatch Diff %,%,p95,0.00
138,1780554398323170560,1780554399323170560,OSL Mismatch Diff %,%,p99,0.00
138,1780554398323170560,1780554399323170560,OSL Mismatch Diff %,%,std,0.00
138,1780554398323170560,1780554399323170560,Output Sequence Length,tokens,avg,19.00
138,1780554398323170560,1780554399323170560,Output Sequence Length,tokens,min,19.00
138,1780554398323170560,1780554399323170560,Output Sequence Length,tokens,max,19.00
138,1780554398323170560,1780554399323170560,Output Sequence Length,tokens,sum,19.00
138,1780554398323170560,1780554399323170560,Output Sequence Length,tokens,p1,19.00
138,1780554398323170560,1780554399323170560,Output Sequence Length,tokens,p5,19.00
138,1780554398323170560,1780554399323170560,Output Sequence Length,tokens,p10,19.00
138,1780554398323170560,1780554399323170560,Output Sequence Length,tokens,p25,19.00
138,1780554398323170560,1780554399323170560,Output Sequence Length,tokens,p50,19.00
138,1780554398323170560,1780554399323170560,Output Sequence Length,tokens,p75,19.00
138,1780554398323170560,1780554399323170560,Output Sequence Length,tokens,p90,19.00
138,1780554398323170560,1780554399323170560,Output Sequence Length,tokens,p95,19.00
138,1780554398323170560,1780554399323170560,Output Sequence Length,tokens,p99,19.00
138,1780554398323170560,1780554399323170560,Output Sequence Length,tokens,std,0.00
138,1780554398323170560,1780554399323170560,Output Token Count,tokens,avg,19.00
138,1780554398323170560,1780554399323170560,Output Token Count,tokens,min,19.00
138,1780554398323170560,1780554399323170560,Output Token Count,tokens,max,19.00
138,1780554398323170560,1780554399323170560,Output Token Count,tokens,sum,19.00
138,1780554398323170560,1780554399323170560,Output Token Count,tokens,p1,19.00
138,1780554398323170560,1780554399323170560,Output Token Count,tokens,p5,19.00
138,1780554398323170560,1780554399323170560,Output Token Count,tokens,p10,19.00
138,1780554398323170560,1780554399323170560,Output Token Count,tokens,p25,19.00
138,1780554398323170560,1780554399323170560,Output Token Count,tokens,p50,19.00
138,1780554398323170560,1780554399323170560,Output Token Count,tokens,p75,19.00
138,1780554398323170560,1780554399323170560,Output Token Count,tokens,p90,19.00
138,1780554398323170560,1780554399323170560,Output Token Count,tokens,p95,19.00
138,1780554398323170560,1780554399323170560,Output Token Count,tokens,p99,19.00
138,1780554398323170560,1780554399323170560,Output Token Count,tokens,std,0.00
138,1780554398323170560,1780554399323170560,Output Token Throughput,tokens/sec,avg,19.00
138,1780554398323170560,1780554399323170560,Output Token Throughput Per User,tokens/sec/user,avg,15.65
138,1780554398323170560,1780554399323170560,Output Token Throughput Per User,tokens/sec/user,min,15.65
138,1780554398323170560,1780554399323170560,Output Token Throughput Per User,tokens/sec/user,max,15.65
138,1780554398323170560,1780554399323170560,Output Token Throughput Per User,tokens/sec/user,sum,15.65
138,1780554398323170560,1780554399323170560,Output Token Throughput Per User,tokens/sec/user,p1,15.65
138,1780554398323170560,1780554399323170560,Output Token Throughput Per User,tokens/sec/user,p5,15.65
138,1780554398323170560,1780554399323170560,Output Token Throughput Per User,tokens/sec/user,p10,15.65
138,1780554398323170560,1780554399323170560,Output Token Throughput Per User,tokens/sec/user,p25,15.65
138,1780554398323170560,1780554399323170560,Output Token Throughput Per User,tokens/sec/user,p50,15.65
138,1780554398323170560,1780554399323170560,Output Token Throughput Per User,tokens/sec/user,p75,15.65
138,1780554398323170560,1780554399323170560,Output Token Throughput Per User,tokens/sec/user,p90,15.65
138,1780554398323170560,1780554399323170560,Output Token Throughput Per User,tokens/sec/user,p95,15.65
138,1780554398323170560,1780554399323170560,Output Token Throughput Per User,tokens/sec/user,p99,15.65
138,1780554398323170560,1780554399323170560,Output Token Throughput Per User,tokens/sec/user,std,0.00
138,1780554398323170560,1780554399323170560,Prefill Throughput Per User,tokens/sec/user,avg,39.63
138,1780554398323170560,1780554399323170560,Prefill Throughput Per User,tokens/sec/user,min,39.63
138,1780554398323170560,1780554399323170560,Prefill Throughput Per User,tokens/sec/user,max,39.63
138,1780554398323170560,1780554399323170560,Prefill Throughput Per User,tokens/sec/user,sum,39.63
138,1780554398323170560,1780554399323170560,Prefill Throughput Per User,tokens/sec/user,p1,39.63
138,1780554398323170560,1780554399323170560,Prefill Throughput Per User,tokens/sec/user,p5,39.63
138,1780554398323170560,1780554399323170560,Prefill Throughput Per User,tokens/sec/user,p10,39.63
138,1780554398323170560,1780554399323170560,Prefill Throughput Per User,tokens/sec/user,p25,39.63
138,1780554398323170560,1780554399323170560,Prefill Throughput Per User,tokens/sec/user,p50,39.63
138,1780554398323170560,1780554399323170560,Prefill Throughput Per User,tokens/sec/user,p75,39.63
138,1780554398323170560,1780554399323170560,Prefill Throughput Per User,tokens/sec/user,p90,39.63
138,1780554398323170560,1780554399323170560,Prefill Throughput Per User,tokens/sec/user,p95,39.63
138,1780554398323170560,1780554399323170560,Prefill Throughput Per User,tokens/sec/user,p99,39.63
138,1780554398323170560,1780554399323170560,Prefill Throughput Per User,tokens/sec/user,std,0.00
138,1780554398323170560,1780554399323170560,Request Count,requests,avg,1.00
138,1780554398323170560,1780554399323170560,Request Latency,ms,avg,13691.90
138,1780554398323170560,1780554399323170560,Request Latency,ms,min,13691.90
138,1780554398323170560,1780554399323170560,Request Latency,ms,max,13691.90
138,1780554398323170560,1780554399323170560,Request Latency,ms,sum,13691.90
138,1780554398323170560,1780554399323170560,Request Latency,ms,p1,13691.90
138,1780554398323170560,1780554399323170560,Request Latency,ms,p5,13691.90
138,1780554398323170560,1780554399323170560,Request Latency,ms,p10,13691.90
138,1780554398323170560,1780554399323170560,Request Latency,ms,p25,13691.90
138,1780554398323170560,1780554399323170560,Request Latency,ms,p50,13691.90
138,1780554398323170560,1780554399323170560,Request Latency,ms,p75,13691.90
138,1780554398323170560,1780554399323170560,Request Latency,ms,p90,13691.90
138,1780554398323170560,1780554399323170560,Request Latency,ms,p95,13691.90
138,1780554398323170560,1780554399323170560,Request Latency,ms,p99,13691.90
138,1780554398323170560,1780554399323170560,Request Latency,ms,std,0.00
138,1780554398323170560,1780554399323170560,Request Throughput,requests/sec,avg,1.00
138,1780554398323170560,1780554399323170560,Requested OSL,tokens,avg,19.00
138,1780554398323170560,1780554399323170560,Requested OSL,tokens,min,19.00
138,1780554398323170560,1780554399323170560,Requested OSL,tokens,max,19.00
138,1780554398323170560,1780554399323170560,Requested OSL,tokens,sum,19.00
138,1780554398323170560,1780554399323170560,Requested OSL,tokens,p1,19.00
138,1780554398323170560,1780554399323170560,Requested OSL,tokens,p5,19.00
138,1780554398323170560,1780554399323170560,Requested OSL,tokens,p10,19.00
138,1780554398323170560,1780554399323170560,Requested OSL,tokens,p25,19.00
138,1780554398323170560,1780554399323170560,Requested OSL,tokens,p50,19.00
138,1780554398323170560,1780554399323170560,Requested OSL,tokens,p75,19.00
138,1780554398323170560,1780554399323170560,Requested OSL,tokens,p90,19.00
138,1780554398323170560,1780554399323170560,Requested OSL,tokens,p95,19.00
138,1780554398323170560,1780554399323170560,Requested OSL,tokens,p99,19.00
138,1780554398323170560,1780554399323170560,Requested OSL,tokens,std,0.00
138,1780554398323170560,1780554399323170560,Time to First Output Token,ms,avg,12541.65
138,1780554398323170560,1780554399323170560,Time to First Output Token,ms,min,12541.65
138,1780554398323170560,1780554399323170560,Time to First Output Token,ms,max,12541.65
138,1780554398323170560,1780554399323170560,Time to First Output Token,ms,sum,12541.65
138,1780554398323170560,1780554399323170560,Time to First Output Token,ms,p1,12541.65
138,1780554398323170560,1780554399323170560,Time to First Output Token,ms,p5,12541.65
138,1780554398323170560,1780554399323170560,Time to First Output Token,ms,p10,12541.65
138,1780554398323170560,1780554399323170560,Time to First Output Token,ms,p25,12541.65
138,1780554398323170560,1780554399323170560,Time to First Output Token,ms,p50,12541.65
138,1780554398323170560,1780554399323170560,Time to First Output Token,ms,p75,12541.65
138,1780554398323170560,1780554399323170560,Time to First Output Token,ms,p90,12541.65
138,1780554398323170560,1780554399323170560,Time to First Output Token,ms,p95,12541.65
138,1780554398323170560,1780554399323170560,Time to First Output Token,ms,p99,12541.65
138,1780554398323170560,1780554399323170560,Time to First Output Token,ms,std,0.00
138,1780554398323170560,1780554399323170560,Time to First Token,ms,avg,12541.65
138,1780554398323170560,1780554399323170560,Time to First Token,ms,min,12541.65
138,1780554398323170560,1780554399323170560,Time to First Token,ms,max,12541.65
138,1780554398323170560,1780554399323170560,Time to First Token,ms,sum,12541.65
138,1780554398323170560,1780554399323170560,Time to First Token,ms,p1,12541.65
138,1780554398323170560,1780554399323170560,Time to First Token,ms,p5,12541.65
138,1780554398323170560,1780554399323170560,Time to First Token,ms,p10,12541.65
138,1780554398323170560,1780554399323170560,Time to First Token,ms,p25,12541.65
138,1780554398323170560,1780554399323170560,Time to First Token,ms,p50,12541.65
138,1780554398323170560,1780554399323170560,Time to First Token,ms,p75,12541.65
138,1780554398323170560,1780554399323170560,Time to First Token,ms,p90,12541.65
138,1780554398323170560,1780554399323170560,Time to First Token,ms,p95,12541.65
138,1780554398323170560,1780554399323170560,Time to First Token,ms,p99,12541.65
138,1780554398323170560,1780554399323170560,Time to First Token,ms,std,0.00
138,1780554398323170560,1780554399323170560,Time to Second Token,ms,avg,23.72
138,1780554398323170560,1780554399323170560,Time to Second Token,ms,min,23.72
138,1780554398323170560,1780554399323170560,Time to Second Token,ms,max,23.72
138,1780554398323170560,1780554399323170560,Time to Second Token,ms,sum,23.72
138,1780554398323170560,1780554399323170560,Time to Second Token,ms,p1,23.72
138,1780554398323170560,1780554399323170560,Time to Second Token,ms,p5,23.72
138,1780554398323170560,1780554399323170560,Time to Second Token,ms,p10,23.72
138,1780554398323170560,1780554399323170560,Time to Second Token,ms,p25,23.72
138,1780554398323170560,1780554399323170560,Time to Second Token,ms,p50,23.72
138,1780554398323170560,1780554399323170560,Time to Second Token,ms,p75,23.72
138,1780554398323170560,1780554399323170560,Time to Second Token,ms,p90,23.72
138,1780554398323170560,1780554399323170560,Time to Second Token,ms,p95,23.72
138,1780554398323170560,1780554399323170560,Time to Second Token,ms,p99,23.72
138,1780554398323170560,1780554399323170560,Time to Second Token,ms,std,0.00
138,1780554398323170560,1780554399323170560,Tokens In Flight,tokens,avg,1189536.53
138,1780554398323170560,1780554399323170560,Tokens In Flight,tokens,min,1091790.39
138,1780554398323170560,1780554399323170560,Tokens In Flight,tokens,max,1234300.39
138,1780554398323170560,1780554399323170560,Tokens In Flight,tokens,p50,1234272.96
138,1780554398323170560,1780554399323170560,Tokens In Flight,tokens,p90,1234295.10
138,1780554398323170560,1780554399323170560,Tokens In Flight,tokens,p95,1234297.11
138,1780554398323170560,1780554399323170560,Tokens In Flight,tokens,p99,1234300.39
138,1780554398323170560,1780554399323170560,Tokens In Flight,tokens,std,65968.92
138,1780554398323170560,1780554399323170560,Total Input Sequence Length,tokens,avg,497.00
138,1780554398323170560,1780554399323170560,Total Output Sequence Length,tokens,avg,19.00
138,1780554398323170560,1780554399323170560,Total Output Tokens,tokens,avg,19.00
138,1780554398323170560,1780554399323170560,Total Token Throughput,tokens/sec,avg,516.00
138,1780554398323170560,1780554399323170560,Total Usage Completion Tokens,tokens,avg,19.00
138,1780554398323170560,1780554399323170560,Total Usage Prompt Tokens,tokens,avg,497.00
138,1780554398323170560,1780554399323170560,Total Usage Total Tokens,tokens,avg,516.00
138,1780554398323170560,1780554399323170560,Usage Completion Tokens,tokens,avg,19.00
138,1780554398323170560,1780554399323170560,Usage Completion Tokens,tokens,min,19.00
138,1780554398323170560,1780554399323170560,Usage Completion Tokens,tokens,max,19.00
138,1780554398323170560,1780554399323170560,Usage Completion Tokens,tokens,sum,19.00
138,1780554398323170560,1780554399323170560,Usage Completion Tokens,tokens,p1,19.00
138,1780554398323170560,1780554399323170560,Usage Completion Tokens,tokens,p5,19.00
138,1780554398323170560,1780554399323170560,Usage Completion Tokens,tokens,p10,19.00
138,1780554398323170560,1780554399323170560,Usage Completion Tokens,tokens,p25,19.00
138,1780554398323170560,1780554399323170560,Usage Completion Tokens,tokens,p50,19.00
138,1780554398323170560,1780554399323170560,Usage Completion Tokens,tokens,p75,19.00
138,1780554398323170560,1780554399323170560,Usage Completion Tokens,tokens,p90,19.00
138,1780554398323170560,1780554399323170560,Usage Completion Tokens,tokens,p95,19.00
138,1780554398323170560,1780554399323170560,Usage Completion Tokens,tokens,p99,19.00
138,1780554398323170560,1780554399323170560,Usage Completion Tokens,tokens,std,0.00
138,1780554398323170560,1780554399323170560,Usage Prompt Tokens,tokens,avg,497.00
138,1780554398323170560,1780554399323170560,Usage Prompt Tokens,tokens,min,497.00
138,1780554398323170560,1780554399323170560,Usage Prompt Tokens,tokens,max,497.00
138,1780554398323170560,1780554399323170560,Usage Prompt Tokens,tokens,sum,497.00
138,1780554398323170560,1780554399323170560,Usage Prompt Tokens,tokens,p1,497.00
138,1780554398323170560,1780554399323170560,Usage Prompt Tokens,tokens,p5,497.00
138,1780554398323170560,1780554399323170560,Usage Prompt Tokens,tokens,p10,497.00
138,1780554398323170560,1780554399323170560,Usage Prompt Tokens,tokens,p25,497.00
138,1780554398323170560,1780554399323170560,Usage Prompt Tokens,tokens,p50,497.00
138,1780554398323170560,1780554399323170560,Usage Prompt Tokens,tokens,p75,497.00
138,1780554398323170560,1780554399323170560,Usage Prompt Tokens,tokens,p90,497.00
138,1780554398323170560,1780554399323170560,Usage Prompt Tokens,tokens,p95,497.00
138,1780554398323170560,1780554399323170560,Usage Prompt Tokens,tokens,p99,497.00
138,1780554398323170560,1780554399323170560,Usage Prompt Tokens,tokens,std,0.00
138,1780554398323170560,1780554399323170560,Usage Total Tokens,tokens,avg,516.00
138,1780554398323170560,1780554399323170560,Usage Total Tokens,tokens,min,516.00
138,1780554398323170560,1780554399323170560,Usage Total Tokens,tokens,max,516.00
138,1780554398323170560,1780554399323170560,Usage Total Tokens,tokens,sum,516.00
138,1780554398323170560,1780554399323170560,Usage Total Tokens,tokens,p1,516.00
138,1780554398323170560,1780554399323170560,Usage Total Tokens,tokens,p5,516.00
138,1780554398323170560,1780554399323170560,Usage Total Tokens,tokens,p10,516.00
138,1780554398323170560,1780554399323170560,Usage Total Tokens,tokens,p25,516.00
138,1780554398323170560,1780554399323170560,Usage Total Tokens,tokens,p50,516.00
138,1780554398323170560,1780554399323170560,Usage Total Tokens,tokens,p75,516.00
138,1780554398323170560,1780554399323170560,Usage Total Tokens,tokens,p90,516.00
138,1780554398323170560,1780554399323170560,Usage Total Tokens,tokens,p95,516.00
138,1780554398323170560,1780554399323170560,Usage Total Tokens,tokens,p99,516.00
138,1780554398323170560,1780554399323170560,Usage Total Tokens,tokens,std,0.00
139,1780554414323170560,1780554415323170560,Active Decode Throughput,tokens/sec,avg,34.14
139,1780554414323170560,1780554415323170560,Active Decode Throughput,tokens/sec,min,19.65
139,1780554414323170560,1780554415323170560,Active Decode Throughput,tokens/sec,max,48.63
139,1780554414323170560,1780554415323170560,Active Decode Throughput,tokens/sec,p50,34.14
139,1780554414323170560,1780554415323170560,Active Decode Throughput,tokens/sec,p90,34.14
139,1780554414323170560,1780554415323170560,Active Decode Throughput,tokens/sec,p95,34.14
139,1780554414323170560,1780554415323170560,Active Decode Throughput,tokens/sec,p99,34.14
139,1780554414323170560,1780554415323170560,Active Decode Throughput,tokens/sec,std,0.02
139,1780554414323170560,1780554415323170560,Active Decode Throughput Per User,tokens/sec/user,avg,2.67
139,1780554414323170560,1780554415323170560,Active Decode Throughput Per User,tokens/sec/user,min,1.51
139,1780554414323170560,1780554415323170560,Active Decode Throughput Per User,tokens/sec/user,max,3.74
139,1780554414323170560,1780554415323170560,Active Decode Throughput Per User,tokens/sec/user,p50,2.63
139,1780554414323170560,1780554415323170560,Active Decode Throughput Per User,tokens/sec/user,p90,2.84
139,1780554414323170560,1780554415323170560,Active Decode Throughput Per User,tokens/sec/user,p95,2.84
139,1780554414323170560,1780554415323170560,Active Decode Throughput Per User,tokens/sec/user,p99,2.84
139,1780554414323170560,1780554415323170560,Active Decode Throughput Per User,tokens/sec/user,std,0.09
139,1780554414323170560,1780554415323170560,Active Prefill Throughput,tokens/sec,avg,20577.03
139,1780554414323170560,1780554415323170560,Active Prefill Throughput,tokens/sec,min,20577.03
139,1780554414323170560,1780554415323170560,Active Prefill Throughput,tokens/sec,max,20577.03
139,1780554414323170560,1780554415323170560,Active Prefill Throughput,tokens/sec,p50,20577.03
139,1780554414323170560,1780554415323170560,Active Prefill Throughput,tokens/sec,p90,20577.03
139,1780554414323170560,1780554415323170560,Active Prefill Throughput,tokens/sec,p95,20577.03
139,1780554414323170560,1780554415323170560,Active Prefill Throughput,tokens/sec,p99,20577.03
139,1780554414323170560,1780554415323170560,Active Prefill Throughput,tokens/sec,std,0.00
139,1780554414323170560,1780554415323170560,Active Prefill Throughput Per User,tokens/sec/user,avg,20577.03
139,1780554414323170560,1780554415323170560,Active Prefill Throughput Per User,tokens/sec/user,min,20577.03
139,1780554414323170560,1780554415323170560,Active Prefill Throughput Per User,tokens/sec/user,max,20577.03
139,1780554414323170560,1780554415323170560,Active Prefill Throughput Per User,tokens/sec/user,p50,20577.03
139,1780554414323170560,1780554415323170560,Active Prefill Throughput Per User,tokens/sec/user,p90,20577.03
139,1780554414323170560,1780554415323170560,Active Prefill Throughput Per User,tokens/sec/user,p95,20577.03
139,1780554414323170560,1780554415323170560,Active Prefill Throughput Per User,tokens/sec/user,p99,20577.03
139,1780554414323170560,1780554415323170560,Active Prefill Throughput Per User,tokens/sec/user,std,0.00
139,1780554414323170560,1780554415323170560,Active Total Throughput,tokens/sec,avg,13811.02
139,1780554414323170560,1780554415323170560,Active Total Throughput,tokens/sec,min,94.77
139,1780554414323170560,1780554415323170560,Active Total Throughput,tokens/sec,max,20671.80
139,1780554414323170560,1780554415323170560,Active Total Throughput,tokens/sec,p50,20667.92
139,1780554414323170560,1780554415323170560,Active Total Throughput,tokens/sec,p90,20671.80
139,1780554414323170560,1780554415323170560,Active Total Throughput,tokens/sec,p95,20671.80
139,1780554414323170560,1780554415323170560,Active Total Throughput,tokens/sec,p99,20671.80
139,1780554414323170560,1780554415323170560,Active Total Throughput,tokens/sec,std,9699.83
139,1780554414323170560,1780554415323170560,Benchmark Duration,sec,avg,50.10
139,1780554414323170560,1780554415323170560,E2E Output Token Throughput,tokens/sec/user,avg,12.36
139,1780554414323170560,1780554415323170560,E2E Output Token Throughput,tokens/sec/user,min,12.36
139,1780554414323170560,1780554415323170560,E2E Output Token Throughput,tokens/sec/user,max,12.36
139,1780554414323170560,1780554415323170560,E2E Output Token Throughput,tokens/sec/user,sum,12.36
139,1780554414323170560,1780554415323170560,E2E Output Token Throughput,tokens/sec/user,p1,12.36
139,1780554414323170560,1780554415323170560,E2E Output Token Throughput,tokens/sec/user,p5,12.36
139,1780554414323170560,1780554415323170560,E2E Output Token Throughput,tokens/sec/user,p10,12.36
139,1780554414323170560,1780554415323170560,E2E Output Token Throughput,tokens/sec/user,p25,12.36
139,1780554414323170560,1780554415323170560,E2E Output Token Throughput,tokens/sec/user,p50,12.36
139,1780554414323170560,1780554415323170560,E2E Output Token Throughput,tokens/sec/user,p75,12.36
139,1780554414323170560,1780554415323170560,E2E Output Token Throughput,tokens/sec/user,p90,12.36
139,1780554414323170560,1780554415323170560,E2E Output Token Throughput,tokens/sec/user,p95,12.36
139,1780554414323170560,1780554415323170560,E2E Output Token Throughput,tokens/sec/user,p99,12.36
139,1780554414323170560,1780554415323170560,E2E Output Token Throughput,tokens/sec/user,std,0.00
139,1780554414323170560,1780554415323170560,Effective Concurrency,requests,avg,13.45
139,1780554414323170560,1780554415323170560,Effective Concurrency,requests,min,13.00
139,1780554414323170560,1780554415323170560,Effective Concurrency,requests,max,14.00
139,1780554414323170560,1780554415323170560,Effective Concurrency,requests,p50,13.00
139,1780554414323170560,1780554415323170560,Effective Concurrency,requests,p90,14.00
139,1780554414323170560,1780554415323170560,Effective Concurrency,requests,p95,14.00
139,1780554414323170560,1780554415323170560,Effective Concurrency,requests,p99,14.00
139,1780554414323170560,1780554415323170560,Effective Concurrency,requests,std,0.50
139,1780554414323170560,1780554415323170560,Effective Decode Concurrency,requests,avg,12.78
139,1780554414323170560,1780554415323170560,Effective Decode Concurrency,requests,min,12.00
139,1780554414323170560,1780554415323170560,Effective Decode Concurrency,requests,max,13.00
139,1780554414323170560,1780554415323170560,Effective Decode Concurrency,requests,p50,13.00
139,1780554414323170560,1780554415323170560,Effective Decode Concurrency,requests,p90,13.00
139,1780554414323170560,1780554415323170560,Effective Decode Concurrency,requests,p95,13.00
139,1780554414323170560,1780554415323170560,Effective Decode Concurrency,requests,p99,13.00
139,1780554414323170560,1780554415323170560,Effective Decode Concurrency,requests,std,0.41
139,1780554414323170560,1780554415323170560,Effective Decode Throughput,tokens/sec,avg,34.14
139,1780554414323170560,1780554415323170560,Effective Decode Throughput,tokens/sec,min,19.65
139,1780554414323170560,1780554415323170560,Effective Decode Throughput,tokens/sec,max,48.63
139,1780554414323170560,1780554415323170560,Effective Decode Throughput,tokens/sec,p50,34.14
139,1780554414323170560,1780554415323170560,Effective Decode Throughput,tokens/sec,p90,34.14
139,1780554414323170560,1780554415323170560,Effective Decode Throughput,tokens/sec,p95,34.14
139,1780554414323170560,1780554415323170560,Effective Decode Throughput,tokens/sec,p99,34.14
139,1780554414323170560,1780554415323170560,Effective Decode Throughput,tokens/sec,std,0.02
139,1780554414323170560,1780554415323170560,Effective Decode Throughput Per User,tokens/sec/user,avg,2.67
139,1780554414323170560,1780554415323170560,Effective Decode Throughput Per User,tokens/sec/user,min,1.51
139,1780554414323170560,1780554415323170560,Effective Decode Throughput Per User,tokens/sec/user,max,3.74
139,1780554414323170560,1780554415323170560,Effective Decode Throughput Per User,tokens/sec/user,p50,2.63
139,1780554414323170560,1780554415323170560,Effective Decode Throughput Per User,tokens/sec/user,p90,2.84
139,1780554414323170560,1780554415323170560,Effective Decode Throughput Per User,tokens/sec/user,p95,2.84
139,1780554414323170560,1780554415323170560,Effective Decode Throughput Per User,tokens/sec/user,p99,2.84
139,1780554414323170560,1780554415323170560,Effective Decode Throughput Per User,tokens/sec/user,std,0.09
139,1780554414323170560,1780554415323170560,Effective Prefill Concurrency,requests,avg,0.67
139,1780554414323170560,1780554415323170560,Effective Prefill Concurrency,requests,min,0.00
139,1780554414323170560,1780554415323170560,Effective Prefill Concurrency,requests,max,1.00
139,1780554414323170560,1780554415323170560,Effective Prefill Concurrency,requests,p50,1.00
139,1780554414323170560,1780554415323170560,Effective Prefill Concurrency,requests,p90,1.00
139,1780554414323170560,1780554415323170560,Effective Prefill Concurrency,requests,p95,1.00
139,1780554414323170560,1780554415323170560,Effective Prefill Concurrency,requests,p99,1.00
139,1780554414323170560,1780554415323170560,Effective Prefill Concurrency,requests,std,0.47
139,1780554414323170560,1780554415323170560,Effective Prefill Throughput,tokens/sec,avg,13717.10
139,1780554414323170560,1780554415323170560,Effective Prefill Throughput,tokens/sec,min,0.00
139,1780554414323170560,1780554415323170560,Effective Prefill Throughput,tokens/sec,max,20577.03
139,1780554414323170560,1780554415323170560,Effective Prefill Throughput,tokens/sec,p50,20577.03
139,1780554414323170560,1780554415323170560,Effective Prefill Throughput,tokens/sec,p90,20577.03
139,1780554414323170560,1780554415323170560,Effective Prefill Throughput,tokens/sec,p95,20577.03
139,1780554414323170560,1780554415323170560,Effective Prefill Throughput,tokens/sec,p99,20577.03
139,1780554414323170560,1780554415323170560,Effective Prefill Throughput,tokens/sec,std,9700.43
139,1780554414323170560,1780554415323170560,Effective Prefill Throughput Per User,tokens/sec/user,avg,13717.10
139,1780554414323170560,1780554415323170560,Effective Prefill Throughput Per User,tokens/sec/user,min,0.00
139,1780554414323170560,1780554415323170560,Effective Prefill Throughput Per User,tokens/sec/user,max,20577.03
139,1780554414323170560,1780554415323170560,Effective Prefill Throughput Per User,tokens/sec/user,p50,20577.03
139,1780554414323170560,1780554415323170560,Effective Prefill Throughput Per User,tokens/sec/user,p90,20577.03
139,1780554414323170560,1780554415323170560,Effective Prefill Throughput Per User,tokens/sec/user,p95,20577.03
139,1780554414323170560,1780554415323170560,Effective Prefill Throughput Per User,tokens/sec/user,p99,20577.03
139,1780554414323170560,1780554415323170560,Effective Prefill Throughput Per User,tokens/sec/user,std,9700.43
139,1780554414323170560,1780554415323170560,Effective Total Throughput,tokens/sec,avg,13811.02
139,1780554414323170560,1780554415323170560,Effective Total Throughput,tokens/sec,min,94.77
139,1780554414323170560,1780554415323170560,Effective Total Throughput,tokens/sec,max,20671.80
139,1780554414323170560,1780554415323170560,Effective Total Throughput,tokens/sec,p50,20667.92
139,1780554414323170560,1780554415323170560,Effective Total Throughput,tokens/sec,p90,20671.80
139,1780554414323170560,1780554415323170560,Effective Total Throughput,tokens/sec,p95,20671.80
139,1780554414323170560,1780554415323170560,Effective Total Throughput,tokens/sec,p99,20671.80
139,1780554414323170560,1780554415323170560,Effective Total Throughput,tokens/sec,std,9699.83
139,1780554414323170560,1780554415323170560,HTTP Blocked,ms,avg,0.00
139,1780554414323170560,1780554415323170560,HTTP Blocked,ms,min,0.00
139,1780554414323170560,1780554415323170560,HTTP Blocked,ms,max,0.00
139,1780554414323170560,1780554415323170560,HTTP Blocked,ms,sum,0.00
139,1780554414323170560,1780554415323170560,HTTP Blocked,ms,p1,0.00
139,1780554414323170560,1780554415323170560,HTTP Blocked,ms,p5,0.00
139,1780554414323170560,1780554415323170560,HTTP Blocked,ms,p10,0.00
139,1780554414323170560,1780554415323170560,HTTP Blocked,ms,p25,0.00
139,1780554414323170560,1780554415323170560,HTTP Blocked,ms,p50,0.00
139,1780554414323170560,1780554415323170560,HTTP Blocked,ms,p75,0.00
139,1780554414323170560,1780554415323170560,HTTP Blocked,ms,p90,0.00
139,1780554414323170560,1780554415323170560,HTTP Blocked,ms,p95,0.00
139,1780554414323170560,1780554415323170560,HTTP Blocked,ms,p99,0.00
139,1780554414323170560,1780554415323170560,HTTP Blocked,ms,std,0.00
139,1780554414323170560,1780554415323170560,HTTP Chunks Received,count,avg,619.00
139,1780554414323170560,1780554415323170560,HTTP Chunks Received,count,min,619.00
139,1780554414323170560,1780554415323170560,HTTP Chunks Received,count,max,619.00
139,1780554414323170560,1780554415323170560,HTTP Chunks Received,count,sum,619.00
139,1780554414323170560,1780554415323170560,HTTP Chunks Received,count,p1,619.00
139,1780554414323170560,1780554415323170560,HTTP Chunks Received,count,p5,619.00
139,1780554414323170560,1780554415323170560,HTTP Chunks Received,count,p10,619.00
139,1780554414323170560,1780554415323170560,HTTP Chunks Received,count,p25,619.00
139,1780554414323170560,1780554415323170560,HTTP Chunks Received,count,p50,619.00
139,1780554414323170560,1780554415323170560,HTTP Chunks Received,count,p75,619.00
139,1780554414323170560,1780554415323170560,HTTP Chunks Received,count,p90,619.00
139,1780554414323170560,1780554415323170560,HTTP Chunks Received,count,p95,619.00
139,1780554414323170560,1780554415323170560,HTTP Chunks Received,count,p99,619.00
139,1780554414323170560,1780554415323170560,HTTP Chunks Received,count,std,0.00
139,1780554414323170560,1780554415323170560,HTTP Chunks Sent,count,avg,1.00
139,1780554414323170560,1780554415323170560,HTTP Chunks Sent,count,min,1.00
139,1780554414323170560,1780554415323170560,HTTP Chunks Sent,count,max,1.00
139,1780554414323170560,1780554415323170560,HTTP Chunks Sent,count,sum,1.00
139,1780554414323170560,1780554415323170560,HTTP Chunks Sent,count,p1,1.00
139,1780554414323170560,1780554415323170560,HTTP Chunks Sent,count,p5,1.00
139,1780554414323170560,1780554415323170560,HTTP Chunks Sent,count,p10,1.00
139,1780554414323170560,1780554415323170560,HTTP Chunks Sent,count,p25,1.00
139,1780554414323170560,1780554415323170560,HTTP Chunks Sent,count,p50,1.00
139,1780554414323170560,1780554415323170560,HTTP Chunks Sent,count,p75,1.00
139,1780554414323170560,1780554415323170560,HTTP Chunks Sent,count,p90,1.00
139,1780554414323170560,1780554415323170560,HTTP Chunks Sent,count,p95,1.00
139,1780554414323170560,1780554415323170560,HTTP Chunks Sent,count,p99,1.00
139,1780554414323170560,1780554415323170560,HTTP Chunks Sent,count,std,0.00
139,1780554414323170560,1780554415323170560,HTTP Connecting,ms,avg,0.00
139,1780554414323170560,1780554415323170560,HTTP Connecting,ms,min,0.00
139,1780554414323170560,1780554415323170560,HTTP Connecting,ms,max,0.00
139,1780554414323170560,1780554415323170560,HTTP Connecting,ms,sum,0.00
139,1780554414323170560,1780554415323170560,HTTP Connecting,ms,p1,0.00
139,1780554414323170560,1780554415323170560,HTTP Connecting,ms,p5,0.00
139,1780554414323170560,1780554415323170560,HTTP Connecting,ms,p10,0.00
139,1780554414323170560,1780554415323170560,HTTP Connecting,ms,p25,0.00
139,1780554414323170560,1780554415323170560,HTTP Connecting,ms,p50,0.00
139,1780554414323170560,1780554415323170560,HTTP Connecting,ms,p75,0.00
139,1780554414323170560,1780554415323170560,HTTP Connecting,ms,p90,0.00
139,1780554414323170560,1780554415323170560,HTTP Connecting,ms,p95,0.00
139,1780554414323170560,1780554415323170560,HTTP Connecting,ms,p99,0.00
139,1780554414323170560,1780554415323170560,HTTP Connecting,ms,std,0.00
139,1780554414323170560,1780554415323170560,HTTP Connection Overhead,ms,avg,0.00
139,1780554414323170560,1780554415323170560,HTTP Connection Overhead,ms,min,0.00
139,1780554414323170560,1780554415323170560,HTTP Connection Overhead,ms,max,0.00
139,1780554414323170560,1780554415323170560,HTTP Connection Overhead,ms,sum,0.00
139,1780554414323170560,1780554415323170560,HTTP Connection Overhead,ms,p1,0.00
139,1780554414323170560,1780554415323170560,HTTP Connection Overhead,ms,p5,0.00
139,1780554414323170560,1780554415323170560,HTTP Connection Overhead,ms,p10,0.00
139,1780554414323170560,1780554415323170560,HTTP Connection Overhead,ms,p25,0.00
139,1780554414323170560,1780554415323170560,HTTP Connection Overhead,ms,p50,0.00
139,1780554414323170560,1780554415323170560,HTTP Connection Overhead,ms,p75,0.00
139,1780554414323170560,1780554415323170560,HTTP Connection Overhead,ms,p90,0.00
139,1780554414323170560,1780554415323170560,HTTP Connection Overhead,ms,p95,0.00
139,1780554414323170560,1780554415323170560,HTTP Connection Overhead,ms,p99,0.00
139,1780554414323170560,1780554415323170560,HTTP Connection Overhead,ms,std,0.00
139,1780554414323170560,1780554415323170560,HTTP Connection Reused,ratio,avg,1.00
139,1780554414323170560,1780554415323170560,HTTP Connection Reused,ratio,min,1.00
139,1780554414323170560,1780554415323170560,HTTP Connection Reused,ratio,max,1.00
139,1780554414323170560,1780554415323170560,HTTP Connection Reused,ratio,sum,1.00
139,1780554414323170560,1780554415323170560,HTTP Connection Reused,ratio,p1,1.00
139,1780554414323170560,1780554415323170560,HTTP Connection Reused,ratio,p5,1.00
139,1780554414323170560,1780554415323170560,HTTP Connection Reused,ratio,p10,1.00
139,1780554414323170560,1780554415323170560,HTTP Connection Reused,ratio,p25,1.00
139,1780554414323170560,1780554415323170560,HTTP Connection Reused,ratio,p50,1.00
139,1780554414323170560,1780554415323170560,HTTP Connection Reused,ratio,p75,1.00
139,1780554414323170560,1780554415323170560,HTTP Connection Reused,ratio,p90,1.00
139,1780554414323170560,1780554415323170560,HTTP Connection Reused,ratio,p95,1.00
139,1780554414323170560,1780554415323170560,HTTP Connection Reused,ratio,p99,1.00
139,1780554414323170560,1780554415323170560,HTTP Connection Reused,ratio,std,0.00
139,1780554414323170560,1780554415323170560,HTTP Data Received,KB,avg,154.30
139,1780554414323170560,1780554415323170560,HTTP Data Received,KB,min,154.30
139,1780554414323170560,1780554415323170560,HTTP Data Received,KB,max,154.30
139,1780554414323170560,1780554415323170560,HTTP Data Received,KB,sum,154.30
139,1780554414323170560,1780554415323170560,HTTP Data Received,KB,p1,154.30
139,1780554414323170560,1780554415323170560,HTTP Data Received,KB,p5,154.30
139,1780554414323170560,1780554415323170560,HTTP Data Received,KB,p10,154.30
139,1780554414323170560,1780554415323170560,HTTP Data Received,KB,p25,154.30
139,1780554414323170560,1780554415323170560,HTTP Data Received,KB,p50,154.30
139,1780554414323170560,1780554415323170560,HTTP Data Received,KB,p75,154.30
139,1780554414323170560,1780554415323170560,HTTP Data Received,KB,p90,154.30
139,1780554414323170560,1780554415323170560,HTTP Data Received,KB,p95,154.30
139,1780554414323170560,1780554415323170560,HTTP Data Received,KB,p99,154.30
139,1780554414323170560,1780554415323170560,HTTP Data Received,KB,std,0.00
139,1780554414323170560,1780554415323170560,HTTP Data Sent,KB,avg,123.44
139,1780554414323170560,1780554415323170560,HTTP Data Sent,KB,min,123.44
139,1780554414323170560,1780554415323170560,HTTP Data Sent,KB,max,123.44
139,1780554414323170560,1780554415323170560,HTTP Data Sent,KB,sum,123.44
139,1780554414323170560,1780554415323170560,HTTP Data Sent,KB,p1,123.44
139,1780554414323170560,1780554415323170560,HTTP Data Sent,KB,p5,123.44
139,1780554414323170560,1780554415323170560,HTTP Data Sent,KB,p10,123.44
139,1780554414323170560,1780554415323170560,HTTP Data Sent,KB,p25,123.44
139,1780554414323170560,1780554415323170560,HTTP Data Sent,KB,p50,123.44
139,1780554414323170560,1780554415323170560,HTTP Data Sent,KB,p75,123.44
139,1780554414323170560,1780554415323170560,HTTP Data Sent,KB,p90,123.44
139,1780554414323170560,1780554415323170560,HTTP Data Sent,KB,p95,123.44
139,1780554414323170560,1780554415323170560,HTTP Data Sent,KB,p99,123.44
139,1780554414323170560,1780554415323170560,HTTP Data Sent,KB,std,0.00
139,1780554414323170560,1780554415323170560,HTTP DNS Lookup,ms,avg,0.00
139,1780554414323170560,1780554415323170560,HTTP DNS Lookup,ms,min,0.00
139,1780554414323170560,1780554415323170560,HTTP DNS Lookup,ms,max,0.00
139,1780554414323170560,1780554415323170560,HTTP DNS Lookup,ms,sum,0.00
139,1780554414323170560,1780554415323170560,HTTP DNS Lookup,ms,p1,0.00
139,1780554414323170560,1780554415323170560,HTTP DNS Lookup,ms,p5,0.00
139,1780554414323170560,1780554415323170560,HTTP DNS Lookup,ms,p10,0.00
139,1780554414323170560,1780554415323170560,HTTP DNS Lookup,ms,p25,0.00
139,1780554414323170560,1780554415323170560,HTTP DNS Lookup,ms,p50,0.00
139,1780554414323170560,1780554415323170560,HTTP DNS Lookup,ms,p75,0.00
139,1780554414323170560,1780554415323170560,HTTP DNS Lookup,ms,p90,0.00
139,1780554414323170560,1780554415323170560,HTTP DNS Lookup,ms,p95,0.00
139,1780554414323170560,1780554415323170560,HTTP DNS Lookup,ms,p99,0.00
139,1780554414323170560,1780554415323170560,HTTP DNS Lookup,ms,std,0.00
139,1780554414323170560,1780554415323170560,HTTP Duration (excl. conn),ms,avg,50098.95
139,1780554414323170560,1780554415323170560,HTTP Duration (excl. conn),ms,min,50098.95
139,1780554414323170560,1780554415323170560,HTTP Duration (excl. conn),ms,max,50098.95
139,1780554414323170560,1780554415323170560,HTTP Duration (excl. conn),ms,sum,50098.95
139,1780554414323170560,1780554415323170560,HTTP Duration (excl. conn),ms,p1,50098.95
139,1780554414323170560,1780554415323170560,HTTP Duration (excl. conn),ms,p5,50098.95
139,1780554414323170560,1780554415323170560,HTTP Duration (excl. conn),ms,p10,50098.95
139,1780554414323170560,1780554415323170560,HTTP Duration (excl. conn),ms,p25,50098.95
139,1780554414323170560,1780554415323170560,HTTP Duration (excl. conn),ms,p50,50098.95
139,1780554414323170560,1780554415323170560,HTTP Duration (excl. conn),ms,p75,50098.95
139,1780554414323170560,1780554415323170560,HTTP Duration (excl. conn),ms,p90,50098.95
139,1780554414323170560,1780554415323170560,HTTP Duration (excl. conn),ms,p95,50098.95
139,1780554414323170560,1780554415323170560,HTTP Duration (excl. conn),ms,p99,50098.95
139,1780554414323170560,1780554415323170560,HTTP Duration (excl. conn),ms,std,0.00
139,1780554414323170560,1780554415323170560,HTTP Receiving,ms,avg,48520.50
139,1780554414323170560,1780554415323170560,HTTP Receiving,ms,min,48520.50
139,1780554414323170560,1780554415323170560,HTTP Receiving,ms,max,48520.50
139,1780554414323170560,1780554415323170560,HTTP Receiving,ms,sum,48520.50
139,1780554414323170560,1780554415323170560,HTTP Receiving,ms,p1,48520.50
139,1780554414323170560,1780554415323170560,HTTP Receiving,ms,p5,48520.50
139,1780554414323170560,1780554415323170560,HTTP Receiving,ms,p10,48520.50
139,1780554414323170560,1780554415323170560,HTTP Receiving,ms,p25,48520.50
139,1780554414323170560,1780554415323170560,HTTP Receiving,ms,p50,48520.50
139,1780554414323170560,1780554415323170560,HTTP Receiving,ms,p75,48520.50
139,1780554414323170560,1780554415323170560,HTTP Receiving,ms,p90,48520.50
139,1780554414323170560,1780554415323170560,HTTP Receiving,ms,p95,48520.50
139,1780554414323170560,1780554415323170560,HTTP Receiving,ms,p99,48520.50
139,1780554414323170560,1780554415323170560,HTTP Receiving,ms,std,0.00
139,1780554414323170560,1780554415323170560,HTTP Sending,ms,avg,0.23
139,1780554414323170560,1780554415323170560,HTTP Sending,ms,min,0.23
139,1780554414323170560,1780554415323170560,HTTP Sending,ms,max,0.23
139,1780554414323170560,1780554415323170560,HTTP Sending,ms,sum,0.23
139,1780554414323170560,1780554415323170560,HTTP Sending,ms,p1,0.23
139,1780554414323170560,1780554415323170560,HTTP Sending,ms,p5,0.23
139,1780554414323170560,1780554415323170560,HTTP Sending,ms,p10,0.23
139,1780554414323170560,1780554415323170560,HTTP Sending,ms,p25,0.23
139,1780554414323170560,1780554415323170560,HTTP Sending,ms,p50,0.23
139,1780554414323170560,1780554415323170560,HTTP Sending,ms,p75,0.23
139,1780554414323170560,1780554415323170560,HTTP Sending,ms,p90,0.23
139,1780554414323170560,1780554415323170560,HTTP Sending,ms,p95,0.23
139,1780554414323170560,1780554415323170560,HTTP Sending,ms,p99,0.23
139,1780554414323170560,1780554415323170560,HTTP Sending,ms,std,0.00
139,1780554414323170560,1780554415323170560,HTTP Total Time,ms,avg,50098.95
139,1780554414323170560,1780554415323170560,HTTP Total Time,ms,min,50098.95
139,1780554414323170560,1780554415323170560,HTTP Total Time,ms,max,50098.95
139,1780554414323170560,1780554415323170560,HTTP Total Time,ms,sum,50098.95
139,1780554414323170560,1780554415323170560,HTTP Total Time,ms,p1,50098.95
139,1780554414323170560,1780554415323170560,HTTP Total Time,ms,p5,50098.95
139,1780554414323170560,1780554415323170560,HTTP Total Time,ms,p10,50098.95
139,1780554414323170560,1780554415323170560,HTTP Total Time,ms,p25,50098.95
139,1780554414323170560,1780554415323170560,HTTP Total Time,ms,p50,50098.95
139,1780554414323170560,1780554415323170560,HTTP Total Time,ms,p75,50098.95
139,1780554414323170560,1780554415323170560,HTTP Total Time,ms,p90,50098.95
139,1780554414323170560,1780554415323170560,HTTP Total Time,ms,p95,50098.95
139,1780554414323170560,1780554415323170560,HTTP Total Time,ms,p99,50098.95
139,1780554414323170560,1780554415323170560,HTTP Total Time,ms,std,0.00
139,1780554414323170560,1780554415323170560,HTTP Waiting (TTFB),ms,avg,1578.22
139,1780554414323170560,1780554415323170560,HTTP Waiting (TTFB),ms,min,1578.22
139,1780554414323170560,1780554415323170560,HTTP Waiting (TTFB),ms,max,1578.22
139,1780554414323170560,1780554415323170560,HTTP Waiting (TTFB),ms,sum,1578.22
139,1780554414323170560,1780554415323170560,HTTP Waiting (TTFB),ms,p1,1578.22
139,1780554414323170560,1780554415323170560,HTTP Waiting (TTFB),ms,p5,1578.22
139,1780554414323170560,1780554415323170560,HTTP Waiting (TTFB),ms,p10,1578.22
139,1780554414323170560,1780554415323170560,HTTP Waiting (TTFB),ms,p25,1578.22
139,1780554414323170560,1780554415323170560,HTTP Waiting (TTFB),ms,p50,1578.22
139,1780554414323170560,1780554415323170560,HTTP Waiting (TTFB),ms,p75,1578.22
139,1780554414323170560,1780554415323170560,HTTP Waiting (TTFB),ms,p90,1578.22
139,1780554414323170560,1780554415323170560,HTTP Waiting (TTFB),ms,p95,1578.22
139,1780554414323170560,1780554415323170560,HTTP Waiting (TTFB),ms,p99,1578.22
139,1780554414323170560,1780554415323170560,HTTP Waiting (TTFB),ms,std,0.00
139,1780554414323170560,1780554415323170560,Input Sequence Length,tokens,avg,32482.00
139,1780554414323170560,1780554415323170560,Input Sequence Length,tokens,min,32482.00
139,1780554414323170560,1780554415323170560,Input Sequence Length,tokens,max,32482.00
139,1780554414323170560,1780554415323170560,Input Sequence Length,tokens,sum,32482.00
139,1780554414323170560,1780554415323170560,Input Sequence Length,tokens,p1,32482.00
139,1780554414323170560,1780554415323170560,Input Sequence Length,tokens,p5,32482.00
139,1780554414323170560,1780554415323170560,Input Sequence Length,tokens,p10,32482.00
139,1780554414323170560,1780554415323170560,Input Sequence Length,tokens,p25,32482.00
139,1780554414323170560,1780554415323170560,Input Sequence Length,tokens,p50,32482.00
139,1780554414323170560,1780554415323170560,Input Sequence Length,tokens,p75,32482.00
139,1780554414323170560,1780554415323170560,Input Sequence Length,tokens,p90,32482.00
139,1780554414323170560,1780554415323170560,Input Sequence Length,tokens,p95,32482.00
139,1780554414323170560,1780554415323170560,Input Sequence Length,tokens,p99,32482.00
139,1780554414323170560,1780554415323170560,Input Sequence Length,tokens,std,0.00
139,1780554414323170560,1780554415323170560,Input Token Throughput,tokens/sec,avg,32482.00
139,1780554414323170560,1780554415323170560,Inter Chunk Latency,ms,avg,69.04
139,1780554414323170560,1780554415323170560,Inter Chunk Latency,ms,min,68.99
139,1780554414323170560,1780554415323170560,Inter Chunk Latency,ms,max,69.09
139,1780554414323170560,1780554415323170560,Inter Chunk Latency,ms,sum,42664.06
139,1780554414323170560,1780554415323170560,Inter Chunk Latency,ms,p1,68.99
139,1780554414323170560,1780554415323170560,Inter Chunk Latency,ms,p5,69.00
139,1780554414323170560,1780554415323170560,Inter Chunk Latency,ms,p10,69.00
139,1780554414323170560,1780554415323170560,Inter Chunk Latency,ms,p25,69.01
139,1780554414323170560,1780554415323170560,Inter Chunk Latency,ms,p50,69.03
139,1780554414323170560,1780554415323170560,Inter Chunk Latency,ms,p75,69.06
139,1780554414323170560,1780554415323170560,Inter Chunk Latency,ms,p90,69.08
139,1780554414323170560,1780554415323170560,Inter Chunk Latency,ms,p95,69.08
139,1780554414323170560,1780554415323170560,Inter Chunk Latency,ms,p99,69.09
139,1780554414323170560,1780554415323170560,Inter Chunk Latency,ms,std,0.03
139,1780554414323170560,1780554415323170560,Inter Token Latency,ms,avg,78.51
139,1780554414323170560,1780554415323170560,Inter Token Latency,ms,min,78.51
139,1780554414323170560,1780554415323170560,Inter Token Latency,ms,max,78.51
139,1780554414323170560,1780554415323170560,Inter Token Latency,ms,sum,78.51
139,1780554414323170560,1780554415323170560,Inter Token Latency,ms,p1,78.51
139,1780554414323170560,1780554415323170560,Inter Token Latency,ms,p5,78.51
139,1780554414323170560,1780554415323170560,Inter Token Latency,ms,p10,78.51
139,1780554414323170560,1780554415323170560,Inter Token Latency,ms,p25,78.51
139,1780554414323170560,1780554415323170560,Inter Token Latency,ms,p50,78.51
139,1780554414323170560,1780554415323170560,Inter Token Latency,ms,p75,78.51
139,1780554414323170560,1780554415323170560,Inter Token Latency,ms,p90,78.51
139,1780554414323170560,1780554415323170560,Inter Token Latency,ms,p95,78.51
139,1780554414323170560,1780554415323170560,Inter Token Latency,ms,p99,78.51
139,1780554414323170560,1780554415323170560,Inter Token Latency,ms,std,0.00
139,1780554414323170560,1780554415323170560,Maximum Response Timestamp,ns,avg,1780554464755591936.00
139,1780554414323170560,1780554415323170560,Minimum Request Timestamp,ns,avg,1780554414656548352.00
139,1780554414323170560,1780554415323170560,OSL Mismatch Count,requests,avg,0.00
139,1780554414323170560,1780554415323170560,OSL Mismatch Diff %,%,avg,0.00
139,1780554414323170560,1780554415323170560,OSL Mismatch Diff %,%,min,0.00
139,1780554414323170560,1780554415323170560,OSL Mismatch Diff %,%,max,0.00
139,1780554414323170560,1780554415323170560,OSL Mismatch Diff %,%,sum,0.00
139,1780554414323170560,1780554415323170560,OSL Mismatch Diff %,%,p1,0.00
139,1780554414323170560,1780554415323170560,OSL Mismatch Diff %,%,p5,0.00
139,1780554414323170560,1780554415323170560,OSL Mismatch Diff %,%,p10,0.00
139,1780554414323170560,1780554415323170560,OSL Mismatch Diff %,%,p25,0.00
139,1780554414323170560,1780554415323170560,OSL Mismatch Diff %,%,p50,0.00
139,1780554414323170560,1780554415323170560,OSL Mismatch Diff %,%,p75,0.00
139,1780554414323170560,1780554415323170560,OSL Mismatch Diff %,%,p90,0.00
139,1780554414323170560,1780554415323170560,OSL Mismatch Diff %,%,p95,0.00
139,1780554414323170560,1780554415323170560,OSL Mismatch Diff %,%,p99,0.00
139,1780554414323170560,1780554415323170560,OSL Mismatch Diff %,%,std,0.00
139,1780554414323170560,1780554415323170560,Output Sequence Length,tokens,avg,619.00
139,1780554414323170560,1780554415323170560,Output Sequence Length,tokens,min,619.00
139,1780554414323170560,1780554415323170560,Output Sequence Length,tokens,max,619.00
139,1780554414323170560,1780554415323170560,Output Sequence Length,tokens,sum,619.00
139,1780554414323170560,1780554415323170560,Output Sequence Length,tokens,p1,619.00
139,1780554414323170560,1780554415323170560,Output Sequence Length,tokens,p5,619.00
139,1780554414323170560,1780554415323170560,Output Sequence Length,tokens,p10,619.00
139,1780554414323170560,1780554415323170560,Output Sequence Length,tokens,p25,619.00
139,1780554414323170560,1780554415323170560,Output Sequence Length,tokens,p50,619.00
139,1780554414323170560,1780554415323170560,Output Sequence Length,tokens,p75,619.00
139,1780554414323170560,1780554415323170560,Output Sequence Length,tokens,p90,619.00
139,1780554414323170560,1780554415323170560,Output Sequence Length,tokens,p95,619.00
139,1780554414323170560,1780554415323170560,Output Sequence Length,tokens,p99,619.00
139,1780554414323170560,1780554415323170560,Output Sequence Length,tokens,std,0.00
139,1780554414323170560,1780554415323170560,Output Token Count,tokens,avg,619.00
139,1780554414323170560,1780554415323170560,Output Token Count,tokens,min,619.00
139,1780554414323170560,1780554415323170560,Output Token Count,tokens,max,619.00
139,1780554414323170560,1780554415323170560,Output Token Count,tokens,sum,619.00
139,1780554414323170560,1780554415323170560,Output Token Count,tokens,p1,619.00
139,1780554414323170560,1780554415323170560,Output Token Count,tokens,p5,619.00
139,1780554414323170560,1780554415323170560,Output Token Count,tokens,p10,619.00
139,1780554414323170560,1780554415323170560,Output Token Count,tokens,p25,619.00
139,1780554414323170560,1780554415323170560,Output Token Count,tokens,p50,619.00
139,1780554414323170560,1780554415323170560,Output Token Count,tokens,p75,619.00
139,1780554414323170560,1780554415323170560,Output Token Count,tokens,p90,619.00
139,1780554414323170560,1780554415323170560,Output Token Count,tokens,p95,619.00
139,1780554414323170560,1780554415323170560,Output Token Count,tokens,p99,619.00
139,1780554414323170560,1780554415323170560,Output Token Count,tokens,std,0.00
139,1780554414323170560,1780554415323170560,Output Token Throughput,tokens/sec,avg,619.00
139,1780554414323170560,1780554415323170560,Output Token Throughput Per User,tokens/sec/user,avg,12.74
139,1780554414323170560,1780554415323170560,Output Token Throughput Per User,tokens/sec/user,min,12.74
139,1780554414323170560,1780554415323170560,Output Token Throughput Per User,tokens/sec/user,max,12.74
139,1780554414323170560,1780554415323170560,Output Token Throughput Per User,tokens/sec/user,sum,12.74
139,1780554414323170560,1780554415323170560,Output Token Throughput Per User,tokens/sec/user,p1,12.74
139,1780554414323170560,1780554415323170560,Output Token Throughput Per User,tokens/sec/user,p5,12.74
139,1780554414323170560,1780554415323170560,Output Token Throughput Per User,tokens/sec/user,p10,12.74
139,1780554414323170560,1780554415323170560,Output Token Throughput Per User,tokens/sec/user,p25,12.74
139,1780554414323170560,1780554415323170560,Output Token Throughput Per User,tokens/sec/user,p50,12.74
139,1780554414323170560,1780554415323170560,Output Token Throughput Per User,tokens/sec/user,p75,12.74
139,1780554414323170560,1780554415323170560,Output Token Throughput Per User,tokens/sec/user,p90,12.74
139,1780554414323170560,1780554415323170560,Output Token Throughput Per User,tokens/sec/user,p95,12.74
139,1780554414323170560,1780554415323170560,Output Token Throughput Per User,tokens/sec/user,p99,12.74
139,1780554414323170560,1780554415323170560,Output Token Throughput Per User,tokens/sec/user,std,0.00
139,1780554414323170560,1780554415323170560,Prefill Throughput Per User,tokens/sec/user,avg,20577.03
139,1780554414323170560,1780554415323170560,Prefill Throughput Per User,tokens/sec/user,min,20577.03
139,1780554414323170560,1780554415323170560,Prefill Throughput Per User,tokens/sec/user,max,20577.03
139,1780554414323170560,1780554415323170560,Prefill Throughput Per User,tokens/sec/user,sum,20577.03
139,1780554414323170560,1780554415323170560,Prefill Throughput Per User,tokens/sec/user,p1,20577.03
139,1780554414323170560,1780554415323170560,Prefill Throughput Per User,tokens/sec/user,p5,20577.03
139,1780554414323170560,1780554415323170560,Prefill Throughput Per User,tokens/sec/user,p10,20577.03
139,1780554414323170560,1780554415323170560,Prefill Throughput Per User,tokens/sec/user,p25,20577.03
139,1780554414323170560,1780554415323170560,Prefill Throughput Per User,tokens/sec/user,p50,20577.03
139,1780554414323170560,1780554415323170560,Prefill Throughput Per User,tokens/sec/user,p75,20577.03
139,1780554414323170560,1780554415323170560,Prefill Throughput Per User,tokens/sec/user,p90,20577.03
139,1780554414323170560,1780554415323170560,Prefill Throughput Per User,tokens/sec/user,p95,20577.03
139,1780554414323170560,1780554415323170560,Prefill Throughput Per User,tokens/sec/user,p99,20577.03
139,1780554414323170560,1780554415323170560,Prefill Throughput Per User,tokens/sec/user,std,0.00
139,1780554414323170560,1780554415323170560,Request Count,requests,avg,1.00
139,1780554414323170560,1780554415323170560,Request Latency,ms,avg,50099.04
139,1780554414323170560,1780554415323170560,Request Latency,ms,min,50099.04
139,1780554414323170560,1780554415323170560,Request Latency,ms,max,50099.04
139,1780554414323170560,1780554415323170560,Request Latency,ms,sum,50099.04
139,1780554414323170560,1780554415323170560,Request Latency,ms,p1,50099.04
139,1780554414323170560,1780554415323170560,Request Latency,ms,p5,50099.04
139,1780554414323170560,1780554415323170560,Request Latency,ms,p10,50099.04
139,1780554414323170560,1780554415323170560,Request Latency,ms,p25,50099.04
139,1780554414323170560,1780554415323170560,Request Latency,ms,p50,50099.04
139,1780554414323170560,1780554415323170560,Request Latency,ms,p75,50099.04
139,1780554414323170560,1780554415323170560,Request Latency,ms,p90,50099.04
139,1780554414323170560,1780554415323170560,Request Latency,ms,p95,50099.04
139,1780554414323170560,1780554415323170560,Request Latency,ms,p99,50099.04
139,1780554414323170560,1780554415323170560,Request Latency,ms,std,0.00
139,1780554414323170560,1780554415323170560,Request Throughput,requests/sec,avg,1.00
139,1780554414323170560,1780554415323170560,Requested OSL,tokens,avg,619.00
139,1780554414323170560,1780554415323170560,Requested OSL,tokens,min,619.00
139,1780554414323170560,1780554415323170560,Requested OSL,tokens,max,619.00
139,1780554414323170560,1780554415323170560,Requested OSL,tokens,sum,619.00
139,1780554414323170560,1780554415323170560,Requested OSL,tokens,p1,619.00
139,1780554414323170560,1780554415323170560,Requested OSL,tokens,p5,619.00
139,1780554414323170560,1780554415323170560,Requested OSL,tokens,p10,619.00
139,1780554414323170560,1780554415323170560,Requested OSL,tokens,p25,619.00
139,1780554414323170560,1780554415323170560,Requested OSL,tokens,p50,619.00
139,1780554414323170560,1780554415323170560,Requested OSL,tokens,p75,619.00
139,1780554414323170560,1780554415323170560,Requested OSL,tokens,p90,619.00
139,1780554414323170560,1780554415323170560,Requested OSL,tokens,p95,619.00
139,1780554414323170560,1780554415323170560,Requested OSL,tokens,p99,619.00
139,1780554414323170560,1780554415323170560,Requested OSL,tokens,std,0.00
139,1780554414323170560,1780554415323170560,Time to First Output Token,ms,avg,1578.56
139,1780554414323170560,1780554415323170560,Time to First Output Token,ms,min,1578.56
139,1780554414323170560,1780554415323170560,Time to First Output Token,ms,max,1578.56
139,1780554414323170560,1780554415323170560,Time to First Output Token,ms,sum,1578.56
139,1780554414323170560,1780554415323170560,Time to First Output Token,ms,p1,1578.56
139,1780554414323170560,1780554415323170560,Time to First Output Token,ms,p5,1578.56
139,1780554414323170560,1780554415323170560,Time to First Output Token,ms,p10,1578.56
139,1780554414323170560,1780554415323170560,Time to First Output Token,ms,p25,1578.56
139,1780554414323170560,1780554415323170560,Time to First Output Token,ms,p50,1578.56
139,1780554414323170560,1780554415323170560,Time to First Output Token,ms,p75,1578.56
139,1780554414323170560,1780554415323170560,Time to First Output Token,ms,p90,1578.56
139,1780554414323170560,1780554415323170560,Time to First Output Token,ms,p95,1578.56
139,1780554414323170560,1780554415323170560,Time to First Output Token,ms,p99,1578.56
139,1780554414323170560,1780554415323170560,Time to First Output Token,ms,std,0.00
139,1780554414323170560,1780554415323170560,Time to First Token,ms,avg,1578.56
139,1780554414323170560,1780554415323170560,Time to First Token,ms,min,1578.56
139,1780554414323170560,1780554415323170560,Time to First Token,ms,max,1578.56
139,1780554414323170560,1780554415323170560,Time to First Token,ms,sum,1578.56
139,1780554414323170560,1780554415323170560,Time to First Token,ms,p1,1578.56
139,1780554414323170560,1780554415323170560,Time to First Token,ms,p5,1578.56
139,1780554414323170560,1780554415323170560,Time to First Token,ms,p10,1578.56
139,1780554414323170560,1780554415323170560,Time to First Token,ms,p25,1578.56
139,1780554414323170560,1780554415323170560,Time to First Token,ms,p50,1578.56
139,1780554414323170560,1780554415323170560,Time to First Token,ms,p75,1578.56
139,1780554414323170560,1780554415323170560,Time to First Token,ms,p90,1578.56
139,1780554414323170560,1780554415323170560,Time to First Token,ms,p95,1578.56
139,1780554414323170560,1780554415323170560,Time to First Token,ms,p99,1578.56
139,1780554414323170560,1780554415323170560,Time to First Token,ms,std,0.00
139,1780554414323170560,1780554415323170560,Time to Second Token,ms,avg,36.80
139,1780554414323170560,1780554415323170560,Time to Second Token,ms,min,36.80
139,1780554414323170560,1780554415323170560,Time to Second Token,ms,max,36.80
139,1780554414323170560,1780554415323170560,Time to Second Token,ms,sum,36.80
139,1780554414323170560,1780554415323170560,Time to Second Token,ms,p1,36.80
139,1780554414323170560,1780554415323170560,Time to Second Token,ms,p5,36.80
139,1780554414323170560,1780554415323170560,Time to Second Token,ms,p10,36.80
139,1780554414323170560,1780554415323170560,Time to Second Token,ms,p25,36.80
139,1780554414323170560,1780554415323170560,Time to Second Token,ms,p50,36.80
139,1780554414323170560,1780554415323170560,Time to Second Token,ms,p75,36.80
139,1780554414323170560,1780554415323170560,Time to Second Token,ms,p90,36.80
139,1780554414323170560,1780554415323170560,Time to Second Token,ms,p95,36.80
139,1780554414323170560,1780554415323170560,Time to Second Token,ms,p99,36.80
139,1780554414323170560,1780554415323170560,Time to Second Token,ms,std,0.00
139,1780554414323170560,1780554415323170560,Tokens In Flight,tokens,avg,976461.68
139,1780554414323170560,1780554415323170560,Tokens In Flight,tokens,min,912703.76
139,1780554414323170560,1780554415323170560,Tokens In Flight,tokens,max,1008198.76
139,1780554414323170560,1780554415323170560,Tokens In Flight,tokens,p50,975700.09
139,1780554414323170560,1780554415323170560,Tokens In Flight,tokens,p90,1008194.34
139,1780554414323170560,1780554415323170560,Tokens In Flight,tokens,p95,1008196.63
139,1780554414323170560,1780554415323170560,Tokens In Flight,tokens,p99,1008198.76
139,1780554414323170560,1780554415323170560,Tokens In Flight,tokens,std,36612.87
139,1780554414323170560,1780554415323170560,Total Input Sequence Length,tokens,avg,32482.00
139,1780554414323170560,1780554415323170560,Total Output Sequence Length,tokens,avg,619.00
139,1780554414323170560,1780554415323170560,Total Output Tokens,tokens,avg,619.00
139,1780554414323170560,1780554415323170560,Total Token Throughput,tokens/sec,avg,33101.00
139,1780554414323170560,1780554415323170560,Total Usage Completion Tokens,tokens,avg,619.00
139,1780554414323170560,1780554415323170560,Total Usage Prompt Tokens,tokens,avg,32482.00
139,1780554414323170560,1780554415323170560,Total Usage Total Tokens,tokens,avg,33101.00
139,1780554414323170560,1780554415323170560,Usage Completion Tokens,tokens,avg,619.00
139,1780554414323170560,1780554415323170560,Usage Completion Tokens,tokens,min,619.00
139,1780554414323170560,1780554415323170560,Usage Completion Tokens,tokens,max,619.00
139,1780554414323170560,1780554415323170560,Usage Completion Tokens,tokens,sum,619.00
139,1780554414323170560,1780554415323170560,Usage Completion Tokens,tokens,p1,619.00
139,1780554414323170560,1780554415323170560,Usage Completion Tokens,tokens,p5,619.00
139,1780554414323170560,1780554415323170560,Usage Completion Tokens,tokens,p10,619.00
139,1780554414323170560,1780554415323170560,Usage Completion Tokens,tokens,p25,619.00
139,1780554414323170560,1780554415323170560,Usage Completion Tokens,tokens,p50,619.00
139,1780554414323170560,1780554415323170560,Usage Completion Tokens,tokens,p75,619.00
139,1780554414323170560,1780554415323170560,Usage Completion Tokens,tokens,p90,619.00
139,1780554414323170560,1780554415323170560,Usage Completion Tokens,tokens,p95,619.00
139,1780554414323170560,1780554415323170560,Usage Completion Tokens,tokens,p99,619.00
139,1780554414323170560,1780554415323170560,Usage Completion Tokens,tokens,std,0.00
139,1780554414323170560,1780554415323170560,Usage Prompt Tokens,tokens,avg,32482.00
139,1780554414323170560,1780554415323170560,Usage Prompt Tokens,tokens,min,32482.00
139,1780554414323170560,1780554415323170560,Usage Prompt Tokens,tokens,max,32482.00
139,1780554414323170560,1780554415323170560,Usage Prompt Tokens,tokens,sum,32482.00
139,1780554414323170560,1780554415323170560,Usage Prompt Tokens,tokens,p1,32482.00
139,1780554414323170560,1780554415323170560,Usage Prompt Tokens,tokens,p5,32482.00
139,1780554414323170560,1780554415323170560,Usage Prompt Tokens,tokens,p10,32482.00
139,1780554414323170560,1780554415323170560,Usage Prompt Tokens,tokens,p25,32482.00
139,1780554414323170560,1780554415323170560,Usage Prompt Tokens,tokens,p50,32482.00
139,1780554414323170560,1780554415323170560,Usage Prompt Tokens,tokens,p75,32482.00
139,1780554414323170560,1780554415323170560,Usage Prompt Tokens,tokens,p90,32482.00
139,1780554414323170560,1780554415323170560,Usage Prompt Tokens,tokens,p95,32482.00
139,1780554414323170560,1780554415323170560,Usage Prompt Tokens,tokens,p99,32482.00
139,1780554414323170560,1780554415323170560,Usage Prompt Tokens,tokens,std,0.00
139,1780554414323170560,1780554415323170560,Usage Total Tokens,tokens,avg,33101.00
139,1780554414323170560,1780554415323170560,Usage Total Tokens,tokens,min,33101.00
139,1780554414323170560,1780554415323170560,Usage Total Tokens,tokens,max,33101.00
139,1780554414323170560,1780554415323170560,Usage Total Tokens,tokens,sum,33101.00
139,1780554414323170560,1780554415323170560,Usage Total Tokens,tokens,p1,33101.00
139,1780554414323170560,1780554415323170560,Usage Total Tokens,tokens,p5,33101.00
139,1780554414323170560,1780554415323170560,Usage Total Tokens,tokens,p10,33101.00
139,1780554414323170560,1780554415323170560,Usage Total Tokens,tokens,p25,33101.00
139,1780554414323170560,1780554415323170560,Usage Total Tokens,tokens,p50,33101.00
139,1780554414323170560,1780554415323170560,Usage Total Tokens,tokens,p75,33101.00
139,1780554414323170560,1780554415323170560,Usage Total Tokens,tokens,p90,33101.00
139,1780554414323170560,1780554415323170560,Usage Total Tokens,tokens,p95,33101.00
139,1780554414323170560,1780554415323170560,Usage Total Tokens,tokens,p99,33101.00
139,1780554414323170560,1780554415323170560,Usage Total Tokens,tokens,std,0.00
140,1780554419323170560,1780554420323170560,Active Decode Throughput,tokens/sec,avg,48.56
140,1780554419323170560,1780554420323170560,Active Decode Throughput,tokens/sec,min,34.07
140,1780554419323170560,1780554420323170560,Active Decode Throughput,tokens/sec,max,63.06
140,1780554419323170560,1780554420323170560,Active Decode Throughput,tokens/sec,p50,48.56
140,1780554419323170560,1780554420323170560,Active Decode Throughput,tokens/sec,p90,48.57
140,1780554419323170560,1780554420323170560,Active Decode Throughput,tokens/sec,p95,48.57
140,1780554419323170560,1780554420323170560,Active Decode Throughput,tokens/sec,p99,48.58
140,1780554419323170560,1780554420323170560,Active Decode Throughput,tokens/sec,std,0.02
140,1780554419323170560,1780554420323170560,Active Decode Throughput Per User,tokens/sec/user,avg,4.53
140,1780554419323170560,1780554420323170560,Active Decode Throughput Per User,tokens/sec/user,min,3.10
140,1780554419323170560,1780554420323170560,Active Decode Throughput Per User,tokens/sec/user,max,6.30
140,1780554419323170560,1780554420323170560,Active Decode Throughput Per User,tokens/sec/user,p50,4.41
140,1780554419323170560,1780554420323170560,Active Decode Throughput Per User,tokens/sec/user,p90,4.86
140,1780554419323170560,1780554420323170560,Active Decode Throughput Per User,tokens/sec/user,p95,4.86
140,1780554419323170560,1780554420323170560,Active Decode Throughput Per User,tokens/sec/user,p99,4.86
140,1780554419323170560,1780554420323170560,Active Decode Throughput Per User,tokens/sec/user,std,0.19
140,1780554419323170560,1780554420323170560,Active Prefill Throughput,tokens/sec,avg,93205.78
140,1780554419323170560,1780554420323170560,Active Prefill Throughput,tokens/sec,min,93205.78
140,1780554419323170560,1780554420323170560,Active Prefill Throughput,tokens/sec,max,93205.78
140,1780554419323170560,1780554420323170560,Active Prefill Throughput,tokens/sec,p50,93205.78
140,1780554419323170560,1780554420323170560,Active Prefill Throughput,tokens/sec,p90,93205.78
140,1780554419323170560,1780554420323170560,Active Prefill Throughput,tokens/sec,p95,93205.78
140,1780554419323170560,1780554420323170560,Active Prefill Throughput,tokens/sec,p99,93205.78
140,1780554419323170560,1780554420323170560,Active Prefill Throughput,tokens/sec,std,0.00
140,1780554419323170560,1780554420323170560,Active Prefill Throughput Per User,tokens/sec/user,avg,93205.78
140,1780554419323170560,1780554420323170560,Active Prefill Throughput Per User,tokens/sec/user,min,93205.78
140,1780554419323170560,1780554420323170560,Active Prefill Throughput Per User,tokens/sec/user,max,93205.78
140,1780554419323170560,1780554420323170560,Active Prefill Throughput Per User,tokens/sec/user,p50,93205.78
140,1780554419323170560,1780554420323170560,Active Prefill Throughput Per User,tokens/sec/user,p90,93205.78
140,1780554419323170560,1780554420323170560,Active Prefill Throughput Per User,tokens/sec/user,p95,93205.78
140,1780554419323170560,1780554420323170560,Active Prefill Throughput Per User,tokens/sec/user,p99,93205.78
140,1780554419323170560,1780554420323170560,Active Prefill Throughput Per User,tokens/sec/user,std,0.00
140,1780554419323170560,1780554420323170560,Active Total Throughput,tokens/sec,avg,9359.59
140,1780554419323170560,1780554420323170560,Active Total Throughput,tokens/sec,min,87.76
140,1780554419323170560,1780554420323170560,Active Total Throughput,tokens/sec,max,93293.54
140,1780554419323170560,1780554420323170560,Active Total Throughput,tokens/sec,p50,93.65
140,1780554419323170560,1780554420323170560,Active Total Throughput,tokens/sec,p90,93.65
140,1780554419323170560,1780554420323170560,Active Total Throughput,tokens/sec,p95,93293.54
140,1780554419323170560,1780554420323170560,Active Total Throughput,tokens/sec,p99,93293.54
140,1780554419323170560,1780554420323170560,Active Total Throughput,tokens/sec,std,27889.40
140,1780554419323170560,1780554420323170560,Benchmark Duration,sec,avg,125.98
140,1780554419323170560,1780554420323170560,E2E Output Token Throughput,tokens/sec/user,avg,11.29
140,1780554419323170560,1780554420323170560,E2E Output Token Throughput,tokens/sec/user,min,11.29
140,1780554419323170560,1780554420323170560,E2E Output Token Throughput,tokens/sec/user,max,11.29
140,1780554419323170560,1780554420323170560,E2E Output Token Throughput,tokens/sec/user,sum,11.29
140,1780554419323170560,1780554420323170560,E2E Output Token Throughput,tokens/sec/user,p1,11.29
140,1780554419323170560,1780554420323170560,E2E Output Token Throughput,tokens/sec/user,p5,11.29
140,1780554419323170560,1780554420323170560,E2E Output Token Throughput,tokens/sec/user,p10,11.29
140,1780554419323170560,1780554420323170560,E2E Output Token Throughput,tokens/sec/user,p25,11.29
140,1780554419323170560,1780554420323170560,E2E Output Token Throughput,tokens/sec/user,p50,11.29
140,1780554419323170560,1780554420323170560,E2E Output Token Throughput,tokens/sec/user,p75,11.29
140,1780554419323170560,1780554420323170560,E2E Output Token Throughput,tokens/sec/user,p90,11.29
140,1780554419323170560,1780554420323170560,E2E Output Token Throughput,tokens/sec/user,p95,11.29
140,1780554419323170560,1780554420323170560,E2E Output Token Throughput,tokens/sec/user,p99,11.29
140,1780554419323170560,1780554420323170560,E2E Output Token Throughput,tokens/sec/user,std,0.00
140,1780554419323170560,1780554420323170560,Effective Concurrency,requests,avg,10.83
140,1780554419323170560,1780554420323170560,Effective Concurrency,requests,min,10.00
140,1780554419323170560,1780554420323170560,Effective Concurrency,requests,max,11.00
140,1780554419323170560,1780554420323170560,Effective Concurrency,requests,p50,11.00
140,1780554419323170560,1780554420323170560,Effective Concurrency,requests,p90,11.00
140,1780554419323170560,1780554420323170560,Effective Concurrency,requests,p95,11.00
140,1780554419323170560,1780554420323170560,Effective Concurrency,requests,p99,11.00
140,1780554419323170560,1780554420323170560,Effective Concurrency,requests,std,0.37
140,1780554419323170560,1780554420323170560,Effective Decode Concurrency,requests,avg,10.73
140,1780554419323170560,1780554420323170560,Effective Decode Concurrency,requests,min,10.00
140,1780554419323170560,1780554420323170560,Effective Decode Concurrency,requests,max,11.00
140,1780554419323170560,1780554420323170560,Effective Decode Concurrency,requests,p50,11.00
140,1780554419323170560,1780554420323170560,Effective Decode Concurrency,requests,p90,11.00
140,1780554419323170560,1780554420323170560,Effective Decode Concurrency,requests,p95,11.00
140,1780554419323170560,1780554420323170560,Effective Decode Concurrency,requests,p99,11.00
140,1780554419323170560,1780554420323170560,Effective Decode Concurrency,requests,std,0.44
140,1780554419323170560,1780554420323170560,Effective Decode Throughput,tokens/sec,avg,48.56
140,1780554419323170560,1780554420323170560,Effective Decode Throughput,tokens/sec,min,34.07
140,1780554419323170560,1780554420323170560,Effective Decode Throughput,tokens/sec,max,63.06
140,1780554419323170560,1780554420323170560,Effective Decode Throughput,tokens/sec,p50,48.56
140,1780554419323170560,1780554420323170560,Effective Decode Throughput,tokens/sec,p90,48.57
140,1780554419323170560,1780554420323170560,Effective Decode Throughput,tokens/sec,p95,48.57
140,1780554419323170560,1780554420323170560,Effective Decode Throughput,tokens/sec,p99,48.58
140,1780554419323170560,1780554420323170560,Effective Decode Throughput,tokens/sec,std,0.02
140,1780554419323170560,1780554420323170560,Effective Decode Throughput Per User,tokens/sec/user,avg,4.53
140,1780554419323170560,1780554420323170560,Effective Decode Throughput Per User,tokens/sec/user,min,3.10
140,1780554419323170560,1780554420323170560,Effective Decode Throughput Per User,tokens/sec/user,max,6.30
140,1780554419323170560,1780554420323170560,Effective Decode Throughput Per User,tokens/sec/user,p50,4.41
140,1780554419323170560,1780554420323170560,Effective Decode Throughput Per User,tokens/sec/user,p90,4.86
140,1780554419323170560,1780554420323170560,Effective Decode Throughput Per User,tokens/sec/user,p95,4.86
140,1780554419323170560,1780554420323170560,Effective Decode Throughput Per User,tokens/sec/user,p99,4.86
140,1780554419323170560,1780554420323170560,Effective Decode Throughput Per User,tokens/sec/user,std,0.19
140,1780554419323170560,1780554420323170560,Effective Prefill Concurrency,requests,avg,0.10
140,1780554419323170560,1780554420323170560,Effective Prefill Concurrency,requests,min,0.00
140,1780554419323170560,1780554420323170560,Effective Prefill Concurrency,requests,max,1.00
140,1780554419323170560,1780554420323170560,Effective Prefill Concurrency,requests,p50,0.00
140,1780554419323170560,1780554420323170560,Effective Prefill Concurrency,requests,p90,0.00
140,1780554419323170560,1780554420323170560,Effective Prefill Concurrency,requests,p95,1.00
140,1780554419323170560,1780554420323170560,Effective Prefill Concurrency,requests,p99,1.00
140,1780554419323170560,1780554420323170560,Effective Prefill Concurrency,requests,std,0.30
140,1780554419323170560,1780554420323170560,Effective Prefill Throughput,tokens/sec,avg,9267.51
140,1780554419323170560,1780554420323170560,Effective Prefill Throughput,tokens/sec,min,0.00
140,1780554419323170560,1780554420323170560,Effective Prefill Throughput,tokens/sec,max,93205.78
140,1780554419323170560,1780554420323170560,Effective Prefill Throughput,tokens/sec,p50,0.00
140,1780554419323170560,1780554420323170560,Effective Prefill Throughput,tokens/sec,p90,0.00
140,1780554419323170560,1780554420323170560,Effective Prefill Throughput,tokens/sec,p95,93205.78
140,1780554419323170560,1780554420323170560,Effective Prefill Throughput,tokens/sec,p99,93205.78
140,1780554419323170560,1780554420323170560,Effective Prefill Throughput,tokens/sec,std,27890.84
140,1780554419323170560,1780554420323170560,Effective Prefill Throughput Per User,tokens/sec/user,avg,9267.51
140,1780554419323170560,1780554420323170560,Effective Prefill Throughput Per User,tokens/sec/user,min,0.00
140,1780554419323170560,1780554420323170560,Effective Prefill Throughput Per User,tokens/sec/user,max,93205.78
140,1780554419323170560,1780554420323170560,Effective Prefill Throughput Per User,tokens/sec/user,p50,0.00
140,1780554419323170560,1780554420323170560,Effective Prefill Throughput Per User,tokens/sec/user,p90,0.00
140,1780554419323170560,1780554420323170560,Effective Prefill Throughput Per User,tokens/sec/user,p95,93205.78
140,1780554419323170560,1780554420323170560,Effective Prefill Throughput Per User,tokens/sec/user,p99,93205.78
140,1780554419323170560,1780554420323170560,Effective Prefill Throughput Per User,tokens/sec/user,std,27890.84
140,1780554419323170560,1780554420323170560,Effective Total Throughput,tokens/sec,avg,9359.59
140,1780554419323170560,1780554420323170560,Effective Total Throughput,tokens/sec,min,87.76
140,1780554419323170560,1780554420323170560,Effective Total Throughput,tokens/sec,max,93293.54
140,1780554419323170560,1780554420323170560,Effective Total Throughput,tokens/sec,p50,93.65
140,1780554419323170560,1780554420323170560,Effective Total Throughput,tokens/sec,p90,93.65
140,1780554419323170560,1780554420323170560,Effective Total Throughput,tokens/sec,p95,93293.54
140,1780554419323170560,1780554420323170560,Effective Total Throughput,tokens/sec,p99,93293.54
140,1780554419323170560,1780554420323170560,Effective Total Throughput,tokens/sec,std,27889.40
140,1780554419323170560,1780554420323170560,HTTP Blocked,ms,avg,0.00
140,1780554419323170560,1780554420323170560,HTTP Blocked,ms,min,0.00
140,1780554419323170560,1780554420323170560,HTTP Blocked,ms,max,0.00
140,1780554419323170560,1780554420323170560,HTTP Blocked,ms,sum,0.00
140,1780554419323170560,1780554420323170560,HTTP Blocked,ms,p1,0.00
140,1780554419323170560,1780554420323170560,HTTP Blocked,ms,p5,0.00
140,1780554419323170560,1780554420323170560,HTTP Blocked,ms,p10,0.00
140,1780554419323170560,1780554420323170560,HTTP Blocked,ms,p25,0.00
140,1780554419323170560,1780554420323170560,HTTP Blocked,ms,p50,0.00
140,1780554419323170560,1780554420323170560,HTTP Blocked,ms,p75,0.00
140,1780554419323170560,1780554420323170560,HTTP Blocked,ms,p90,0.00
140,1780554419323170560,1780554420323170560,HTTP Blocked,ms,p95,0.00
140,1780554419323170560,1780554420323170560,HTTP Blocked,ms,p99,0.00
140,1780554419323170560,1780554420323170560,HTTP Blocked,ms,std,0.00
140,1780554419323170560,1780554420323170560,HTTP Chunks Received,count,avg,1422.00
140,1780554419323170560,1780554420323170560,HTTP Chunks Received,count,min,1422.00
140,1780554419323170560,1780554420323170560,HTTP Chunks Received,count,max,1422.00
140,1780554419323170560,1780554420323170560,HTTP Chunks Received,count,sum,1422.00
140,1780554419323170560,1780554420323170560,HTTP Chunks Received,count,p1,1422.00
140,1780554419323170560,1780554420323170560,HTTP Chunks Received,count,p5,1422.00
140,1780554419323170560,1780554420323170560,HTTP Chunks Received,count,p10,1422.00
140,1780554419323170560,1780554420323170560,HTTP Chunks Received,count,p25,1422.00
140,1780554419323170560,1780554420323170560,HTTP Chunks Received,count,p50,1422.00
140,1780554419323170560,1780554420323170560,HTTP Chunks Received,count,p75,1422.00
140,1780554419323170560,1780554420323170560,HTTP Chunks Received,count,p90,1422.00
140,1780554419323170560,1780554420323170560,HTTP Chunks Received,count,p95,1422.00
140,1780554419323170560,1780554420323170560,HTTP Chunks Received,count,p99,1422.00
140,1780554419323170560,1780554420323170560,HTTP Chunks Received,count,std,0.00
140,1780554419323170560,1780554420323170560,HTTP Chunks Sent,count,avg,1.00
140,1780554419323170560,1780554420323170560,HTTP Chunks Sent,count,min,1.00
140,1780554419323170560,1780554420323170560,HTTP Chunks Sent,count,max,1.00
140,1780554419323170560,1780554420323170560,HTTP Chunks Sent,count,sum,1.00
140,1780554419323170560,1780554420323170560,HTTP Chunks Sent,count,p1,1.00
140,1780554419323170560,1780554420323170560,HTTP Chunks Sent,count,p5,1.00
140,1780554419323170560,1780554420323170560,HTTP Chunks Sent,count,p10,1.00
140,1780554419323170560,1780554420323170560,HTTP Chunks Sent,count,p25,1.00
140,1780554419323170560,1780554420323170560,HTTP Chunks Sent,count,p50,1.00
140,1780554419323170560,1780554420323170560,HTTP Chunks Sent,count,p75,1.00
140,1780554419323170560,1780554420323170560,HTTP Chunks Sent,count,p90,1.00
140,1780554419323170560,1780554420323170560,HTTP Chunks Sent,count,p95,1.00
140,1780554419323170560,1780554420323170560,HTTP Chunks Sent,count,p99,1.00
140,1780554419323170560,1780554420323170560,HTTP Chunks Sent,count,std,0.00
140,1780554419323170560,1780554420323170560,HTTP Connecting,ms,avg,0.00
140,1780554419323170560,1780554420323170560,HTTP Connecting,ms,min,0.00
140,1780554419323170560,1780554420323170560,HTTP Connecting,ms,max,0.00
140,1780554419323170560,1780554420323170560,HTTP Connecting,ms,sum,0.00
140,1780554419323170560,1780554420323170560,HTTP Connecting,ms,p1,0.00
140,1780554419323170560,1780554420323170560,HTTP Connecting,ms,p5,0.00
140,1780554419323170560,1780554420323170560,HTTP Connecting,ms,p10,0.00
140,1780554419323170560,1780554420323170560,HTTP Connecting,ms,p25,0.00
140,1780554419323170560,1780554420323170560,HTTP Connecting,ms,p50,0.00
140,1780554419323170560,1780554420323170560,HTTP Connecting,ms,p75,0.00
140,1780554419323170560,1780554420323170560,HTTP Connecting,ms,p90,0.00
140,1780554419323170560,1780554420323170560,HTTP Connecting,ms,p95,0.00
140,1780554419323170560,1780554420323170560,HTTP Connecting,ms,p99,0.00
140,1780554419323170560,1780554420323170560,HTTP Connecting,ms,std,0.00
140,1780554419323170560,1780554420323170560,HTTP Connection Overhead,ms,avg,0.00
140,1780554419323170560,1780554420323170560,HTTP Connection Overhead,ms,min,0.00
140,1780554419323170560,1780554420323170560,HTTP Connection Overhead,ms,max,0.00
140,1780554419323170560,1780554420323170560,HTTP Connection Overhead,ms,sum,0.00
140,1780554419323170560,1780554420323170560,HTTP Connection Overhead,ms,p1,0.00
140,1780554419323170560,1780554420323170560,HTTP Connection Overhead,ms,p5,0.00
140,1780554419323170560,1780554420323170560,HTTP Connection Overhead,ms,p10,0.00
140,1780554419323170560,1780554420323170560,HTTP Connection Overhead,ms,p25,0.00
140,1780554419323170560,1780554420323170560,HTTP Connection Overhead,ms,p50,0.00
140,1780554419323170560,1780554420323170560,HTTP Connection Overhead,ms,p75,0.00
140,1780554419323170560,1780554420323170560,HTTP Connection Overhead,ms,p90,0.00
140,1780554419323170560,1780554420323170560,HTTP Connection Overhead,ms,p95,0.00
140,1780554419323170560,1780554420323170560,HTTP Connection Overhead,ms,p99,0.00
140,1780554419323170560,1780554420323170560,HTTP Connection Overhead,ms,std,0.00
140,1780554419323170560,1780554420323170560,HTTP Connection Reused,ratio,avg,1.00
140,1780554419323170560,1780554420323170560,HTTP Connection Reused,ratio,min,1.00
140,1780554419323170560,1780554420323170560,HTTP Connection Reused,ratio,max,1.00
140,1780554419323170560,1780554420323170560,HTTP Connection Reused,ratio,sum,1.00
140,1780554419323170560,1780554420323170560,HTTP Connection Reused,ratio,p1,1.00
140,1780554419323170560,1780554420323170560,HTTP Connection Reused,ratio,p5,1.00
140,1780554419323170560,1780554420323170560,HTTP Connection Reused,ratio,p10,1.00
140,1780554419323170560,1780554420323170560,HTTP Connection Reused,ratio,p25,1.00
140,1780554419323170560,1780554420323170560,HTTP Connection Reused,ratio,p50,1.00
140,1780554419323170560,1780554420323170560,HTTP Connection Reused,ratio,p75,1.00
140,1780554419323170560,1780554420323170560,HTTP Connection Reused,ratio,p90,1.00
140,1780554419323170560,1780554420323170560,HTTP Connection Reused,ratio,p95,1.00
140,1780554419323170560,1780554420323170560,HTTP Connection Reused,ratio,p99,1.00
140,1780554419323170560,1780554420323170560,HTTP Connection Reused,ratio,std,0.00
140,1780554419323170560,1780554420323170560,HTTP Data Received,KB,avg,353.81
140,1780554419323170560,1780554420323170560,HTTP Data Received,KB,min,353.81
140,1780554419323170560,1780554420323170560,HTTP Data Received,KB,max,353.81
140,1780554419323170560,1780554420323170560,HTTP Data Received,KB,sum,353.81
140,1780554419323170560,1780554420323170560,HTTP Data Received,KB,p1,353.81
140,1780554419323170560,1780554420323170560,HTTP Data Received,KB,p5,353.81
140,1780554419323170560,1780554420323170560,HTTP Data Received,KB,p10,353.81
140,1780554419323170560,1780554420323170560,HTTP Data Received,KB,p25,353.81
140,1780554419323170560,1780554420323170560,HTTP Data Received,KB,p50,353.81
140,1780554419323170560,1780554420323170560,HTTP Data Received,KB,p75,353.81
140,1780554419323170560,1780554420323170560,HTTP Data Received,KB,p90,353.81
140,1780554419323170560,1780554420323170560,HTTP Data Received,KB,p95,353.81
140,1780554419323170560,1780554420323170560,HTTP Data Received,KB,p99,353.81
140,1780554419323170560,1780554420323170560,HTTP Data Received,KB,std,0.00
140,1780554419323170560,1780554420323170560,HTTP Data Sent,KB,avg,212.29
140,1780554419323170560,1780554420323170560,HTTP Data Sent,KB,min,212.29
140,1780554419323170560,1780554420323170560,HTTP Data Sent,KB,max,212.29
140,1780554419323170560,1780554420323170560,HTTP Data Sent,KB,sum,212.29
140,1780554419323170560,1780554420323170560,HTTP Data Sent,KB,p1,212.29
140,1780554419323170560,1780554420323170560,HTTP Data Sent,KB,p5,212.29
140,1780554419323170560,1780554420323170560,HTTP Data Sent,KB,p10,212.29
140,1780554419323170560,1780554420323170560,HTTP Data Sent,KB,p25,212.29
140,1780554419323170560,1780554420323170560,HTTP Data Sent,KB,p50,212.29
140,1780554419323170560,1780554420323170560,HTTP Data Sent,KB,p75,212.29
140,1780554419323170560,1780554420323170560,HTTP Data Sent,KB,p90,212.29
140,1780554419323170560,1780554420323170560,HTTP Data Sent,KB,p95,212.29
140,1780554419323170560,1780554420323170560,HTTP Data Sent,KB,p99,212.29
140,1780554419323170560,1780554420323170560,HTTP Data Sent,KB,std,0.00
140,1780554419323170560,1780554420323170560,HTTP DNS Lookup,ms,avg,0.00
140,1780554419323170560,1780554420323170560,HTTP DNS Lookup,ms,min,0.00
140,1780554419323170560,1780554420323170560,HTTP DNS Lookup,ms,max,0.00
140,1780554419323170560,1780554420323170560,HTTP DNS Lookup,ms,sum,0.00
140,1780554419323170560,1780554420323170560,HTTP DNS Lookup,ms,p1,0.00
140,1780554419323170560,1780554420323170560,HTTP DNS Lookup,ms,p5,0.00
140,1780554419323170560,1780554420323170560,HTTP DNS Lookup,ms,p10,0.00
140,1780554419323170560,1780554420323170560,HTTP DNS Lookup,ms,p25,0.00
140,1780554419323170560,1780554420323170560,HTTP DNS Lookup,ms,p50,0.00
140,1780554419323170560,1780554420323170560,HTTP DNS Lookup,ms,p75,0.00
140,1780554419323170560,1780554420323170560,HTTP DNS Lookup,ms,p90,0.00
140,1780554419323170560,1780554420323170560,HTTP DNS Lookup,ms,p95,0.00
140,1780554419323170560,1780554420323170560,HTTP DNS Lookup,ms,p99,0.00
140,1780554419323170560,1780554420323170560,HTTP DNS Lookup,ms,std,0.00
140,1780554419323170560,1780554420323170560,HTTP Duration (excl. conn),ms,avg,125981.25
140,1780554419323170560,1780554420323170560,HTTP Duration (excl. conn),ms,min,125981.25
140,1780554419323170560,1780554420323170560,HTTP Duration (excl. conn),ms,max,125981.25
140,1780554419323170560,1780554420323170560,HTTP Duration (excl. conn),ms,sum,125981.25
140,1780554419323170560,1780554420323170560,HTTP Duration (excl. conn),ms,p1,125981.25
140,1780554419323170560,1780554420323170560,HTTP Duration (excl. conn),ms,p5,125981.25
140,1780554419323170560,1780554420323170560,HTTP Duration (excl. conn),ms,p10,125981.25
140,1780554419323170560,1780554420323170560,HTTP Duration (excl. conn),ms,p25,125981.25
140,1780554419323170560,1780554420323170560,HTTP Duration (excl. conn),ms,p50,125981.25
140,1780554419323170560,1780554420323170560,HTTP Duration (excl. conn),ms,p75,125981.25
140,1780554419323170560,1780554420323170560,HTTP Duration (excl. conn),ms,p90,125981.25
140,1780554419323170560,1780554420323170560,HTTP Duration (excl. conn),ms,p95,125981.25
140,1780554419323170560,1780554420323170560,HTTP Duration (excl. conn),ms,p99,125981.25
140,1780554419323170560,1780554420323170560,HTTP Duration (excl. conn),ms,std,0.00
140,1780554419323170560,1780554420323170560,HTTP Receiving,ms,avg,125397.55
140,1780554419323170560,1780554420323170560,HTTP Receiving,ms,min,125397.55
140,1780554419323170560,1780554420323170560,HTTP Receiving,ms,max,125397.55
140,1780554419323170560,1780554420323170560,HTTP Receiving,ms,sum,125397.55
140,1780554419323170560,1780554420323170560,HTTP Receiving,ms,p1,125397.55
140,1780554419323170560,1780554420323170560,HTTP Receiving,ms,p5,125397.55
140,1780554419323170560,1780554420323170560,HTTP Receiving,ms,p10,125397.55
140,1780554419323170560,1780554420323170560,HTTP Receiving,ms,p25,125397.55
140,1780554419323170560,1780554420323170560,HTTP Receiving,ms,p50,125397.55
140,1780554419323170560,1780554420323170560,HTTP Receiving,ms,p75,125397.55
140,1780554419323170560,1780554420323170560,HTTP Receiving,ms,p90,125397.55
140,1780554419323170560,1780554420323170560,HTTP Receiving,ms,p95,125397.55
140,1780554419323170560,1780554420323170560,HTTP Receiving,ms,p99,125397.55
140,1780554419323170560,1780554420323170560,HTTP Receiving,ms,std,0.00
140,1780554419323170560,1780554420323170560,HTTP Sending,ms,avg,0.24
140,1780554419323170560,1780554420323170560,HTTP Sending,ms,min,0.24
140,1780554419323170560,1780554420323170560,HTTP Sending,ms,max,0.24
140,1780554419323170560,1780554420323170560,HTTP Sending,ms,sum,0.24
140,1780554419323170560,1780554420323170560,HTTP Sending,ms,p1,0.24
140,1780554419323170560,1780554420323170560,HTTP Sending,ms,p5,0.24
140,1780554419323170560,1780554420323170560,HTTP Sending,ms,p10,0.24
140,1780554419323170560,1780554420323170560,HTTP Sending,ms,p25,0.24
140,1780554419323170560,1780554420323170560,HTTP Sending,ms,p50,0.24
140,1780554419323170560,1780554420323170560,HTTP Sending,ms,p75,0.24
140,1780554419323170560,1780554420323170560,HTTP Sending,ms,p90,0.24
140,1780554419323170560,1780554420323170560,HTTP Sending,ms,p95,0.24
140,1780554419323170560,1780554420323170560,HTTP Sending,ms,p99,0.24
140,1780554419323170560,1780554420323170560,HTTP Sending,ms,std,0.00
140,1780554419323170560,1780554420323170560,HTTP Total Time,ms,avg,125981.25
140,1780554419323170560,1780554420323170560,HTTP Total Time,ms,min,125981.25
140,1780554419323170560,1780554420323170560,HTTP Total Time,ms,max,125981.25
140,1780554419323170560,1780554420323170560,HTTP Total Time,ms,sum,125981.25
140,1780554419323170560,1780554420323170560,HTTP Total Time,ms,p1,125981.25
140,1780554419323170560,1780554420323170560,HTTP Total Time,ms,p5,125981.25
140,1780554419323170560,1780554420323170560,HTTP Total Time,ms,p10,125981.25
140,1780554419323170560,1780554420323170560,HTTP Total Time,ms,p25,125981.25
140,1780554419323170560,1780554420323170560,HTTP Total Time,ms,p50,125981.25
140,1780554419323170560,1780554420323170560,HTTP Total Time,ms,p75,125981.25
140,1780554419323170560,1780554420323170560,HTTP Total Time,ms,p90,125981.25
140,1780554419323170560,1780554420323170560,HTTP Total Time,ms,p95,125981.25
140,1780554419323170560,1780554420323170560,HTTP Total Time,ms,p99,125981.25
140,1780554419323170560,1780554420323170560,HTTP Total Time,ms,std,0.00
140,1780554419323170560,1780554420323170560,HTTP Waiting (TTFB),ms,avg,583.46
140,1780554419323170560,1780554420323170560,HTTP Waiting (TTFB),ms,min,583.46
140,1780554419323170560,1780554420323170560,HTTP Waiting (TTFB),ms,max,583.46
140,1780554419323170560,1780554420323170560,HTTP Waiting (TTFB),ms,sum,583.46
140,1780554419323170560,1780554420323170560,HTTP Waiting (TTFB),ms,p1,583.46
140,1780554419323170560,1780554420323170560,HTTP Waiting (TTFB),ms,p5,583.46
140,1780554419323170560,1780554420323170560,HTTP Waiting (TTFB),ms,p10,583.46
140,1780554419323170560,1780554420323170560,HTTP Waiting (TTFB),ms,p25,583.46
140,1780554419323170560,1780554420323170560,HTTP Waiting (TTFB),ms,p50,583.46
140,1780554419323170560,1780554420323170560,HTTP Waiting (TTFB),ms,p75,583.46
140,1780554419323170560,1780554420323170560,HTTP Waiting (TTFB),ms,p90,583.46
140,1780554419323170560,1780554420323170560,HTTP Waiting (TTFB),ms,p95,583.46
140,1780554419323170560,1780554420323170560,HTTP Waiting (TTFB),ms,p99,583.46
140,1780554419323170560,1780554420323170560,HTTP Waiting (TTFB),ms,std,0.00
140,1780554419323170560,1780554420323170560,Input Sequence Length,tokens,avg,54417.00
140,1780554419323170560,1780554420323170560,Input Sequence Length,tokens,min,54417.00
140,1780554419323170560,1780554420323170560,Input Sequence Length,tokens,max,54417.00
140,1780554419323170560,1780554420323170560,Input Sequence Length,tokens,sum,54417.00
140,1780554419323170560,1780554420323170560,Input Sequence Length,tokens,p1,54417.00
140,1780554419323170560,1780554420323170560,Input Sequence Length,tokens,p5,54417.00
140,1780554419323170560,1780554420323170560,Input Sequence Length,tokens,p10,54417.00
140,1780554419323170560,1780554420323170560,Input Sequence Length,tokens,p25,54417.00
140,1780554419323170560,1780554420323170560,Input Sequence Length,tokens,p50,54417.00
140,1780554419323170560,1780554420323170560,Input Sequence Length,tokens,p75,54417.00
140,1780554419323170560,1780554420323170560,Input Sequence Length,tokens,p90,54417.00
140,1780554419323170560,1780554420323170560,Input Sequence Length,tokens,p95,54417.00
140,1780554419323170560,1780554420323170560,Input Sequence Length,tokens,p99,54417.00
140,1780554419323170560,1780554420323170560,Input Sequence Length,tokens,std,0.00
140,1780554419323170560,1780554420323170560,Input Token Throughput,tokens/sec,avg,54417.00
140,1780554419323170560,1780554420323170560,Inter Chunk Latency,ms,avg,133.89
140,1780554419323170560,1780554420323170560,Inter Chunk Latency,ms,min,133.26
140,1780554419323170560,1780554420323170560,Inter Chunk Latency,ms,max,134.40
140,1780554419323170560,1780554420323170560,Inter Chunk Latency,ms,sum,190263.40
140,1780554419323170560,1780554420323170560,Inter Chunk Latency,ms,p1,133.27
140,1780554419323170560,1780554420323170560,Inter Chunk Latency,ms,p5,133.33
140,1780554419323170560,1780554420323170560,Inter Chunk Latency,ms,p10,133.41
140,1780554419323170560,1780554420323170560,Inter Chunk Latency,ms,p25,133.63
140,1780554419323170560,1780554420323170560,Inter Chunk Latency,ms,p50,133.94
140,1780554419323170560,1780554420323170560,Inter Chunk Latency,ms,p75,134.18
140,1780554419323170560,1780554420323170560,Inter Chunk Latency,ms,p90,134.31
140,1780554419323170560,1780554420323170560,Inter Chunk Latency,ms,p95,134.35
140,1780554419323170560,1780554420323170560,Inter Chunk Latency,ms,p99,134.39
140,1780554419323170560,1780554420323170560,Inter Chunk Latency,ms,std,0.32
140,1780554419323170560,1780554420323170560,Inter Token Latency,ms,avg,88.25
140,1780554419323170560,1780554420323170560,Inter Token Latency,ms,min,88.25
140,1780554419323170560,1780554420323170560,Inter Token Latency,ms,max,88.25
140,1780554419323170560,1780554420323170560,Inter Token Latency,ms,sum,88.25
140,1780554419323170560,1780554420323170560,Inter Token Latency,ms,p1,88.25
140,1780554419323170560,1780554420323170560,Inter Token Latency,ms,p5,88.25
140,1780554419323170560,1780554420323170560,Inter Token Latency,ms,p10,88.25
140,1780554419323170560,1780554420323170560,Inter Token Latency,ms,p25,88.25
140,1780554419323170560,1780554420323170560,Inter Token Latency,ms,p50,88.25
140,1780554419323170560,1780554420323170560,Inter Token Latency,ms,p75,88.25
140,1780554419323170560,1780554420323170560,Inter Token Latency,ms,p90,88.25
140,1780554419323170560,1780554420323170560,Inter Token Latency,ms,p95,88.25
140,1780554419323170560,1780554420323170560,Inter Token Latency,ms,p99,88.25
140,1780554419323170560,1780554420323170560,Inter Token Latency,ms,std,0.00
140,1780554419323170560,1780554420323170560,Maximum Response Timestamp,ns,avg,1780554546205103616.00
140,1780554419323170560,1780554420323170560,Minimum Request Timestamp,ns,avg,1780554420223739904.00
140,1780554419323170560,1780554420323170560,OSL Mismatch Count,requests,avg,0.00
140,1780554419323170560,1780554420323170560,OSL Mismatch Diff %,%,avg,0.00
140,1780554419323170560,1780554420323170560,OSL Mismatch Diff %,%,min,0.00
140,1780554419323170560,1780554420323170560,OSL Mismatch Diff %,%,max,0.00
140,1780554419323170560,1780554420323170560,OSL Mismatch Diff %,%,sum,0.00
140,1780554419323170560,1780554420323170560,OSL Mismatch Diff %,%,p1,0.00
140,1780554419323170560,1780554420323170560,OSL Mismatch Diff %,%,p5,0.00
140,1780554419323170560,1780554420323170560,OSL Mismatch Diff %,%,p10,0.00
140,1780554419323170560,1780554420323170560,OSL Mismatch Diff %,%,p25,0.00
140,1780554419323170560,1780554420323170560,OSL Mismatch Diff %,%,p50,0.00
140,1780554419323170560,1780554420323170560,OSL Mismatch Diff %,%,p75,0.00
140,1780554419323170560,1780554420323170560,OSL Mismatch Diff %,%,p90,0.00
140,1780554419323170560,1780554420323170560,OSL Mismatch Diff %,%,p95,0.00
140,1780554419323170560,1780554420323170560,OSL Mismatch Diff %,%,p99,0.00
140,1780554419323170560,1780554420323170560,OSL Mismatch Diff %,%,std,0.00
140,1780554419323170560,1780554420323170560,Output Sequence Length,tokens,avg,1422.00
140,1780554419323170560,1780554420323170560,Output Sequence Length,tokens,min,1422.00
140,1780554419323170560,1780554420323170560,Output Sequence Length,tokens,max,1422.00
140,1780554419323170560,1780554420323170560,Output Sequence Length,tokens,sum,1422.00
140,1780554419323170560,1780554420323170560,Output Sequence Length,tokens,p1,1422.00
140,1780554419323170560,1780554420323170560,Output Sequence Length,tokens,p5,1422.00
140,1780554419323170560,1780554420323170560,Output Sequence Length,tokens,p10,1422.00
140,1780554419323170560,1780554420323170560,Output Sequence Length,tokens,p25,1422.00
140,1780554419323170560,1780554420323170560,Output Sequence Length,tokens,p50,1422.00
140,1780554419323170560,1780554420323170560,Output Sequence Length,tokens,p75,1422.00
140,1780554419323170560,1780554420323170560,Output Sequence Length,tokens,p90,1422.00
140,1780554419323170560,1780554420323170560,Output Sequence Length,tokens,p95,1422.00
140,1780554419323170560,1780554420323170560,Output Sequence Length,tokens,p99,1422.00
140,1780554419323170560,1780554420323170560,Output Sequence Length,tokens,std,0.00
140,1780554419323170560,1780554420323170560,Output Token Count,tokens,avg,1422.00
140,1780554419323170560,1780554420323170560,Output Token Count,tokens,min,1422.00
140,1780554419323170560,1780554420323170560,Output Token Count,tokens,max,1422.00
140,1780554419323170560,1780554420323170560,Output Token Count,tokens,sum,1422.00
140,1780554419323170560,1780554420323170560,Output Token Count,tokens,p1,1422.00
140,1780554419323170560,1780554420323170560,Output Token Count,tokens,p5,1422.00
140,1780554419323170560,1780554420323170560,Output Token Count,tokens,p10,1422.00
140,1780554419323170560,1780554420323170560,Output Token Count,tokens,p25,1422.00
140,1780554419323170560,1780554420323170560,Output Token Count,tokens,p50,1422.00
140,1780554419323170560,1780554420323170560,Output Token Count,tokens,p75,1422.00
140,1780554419323170560,1780554420323170560,Output Token Count,tokens,p90,1422.00
140,1780554419323170560,1780554420323170560,Output Token Count,tokens,p95,1422.00
140,1780554419323170560,1780554420323170560,Output Token Count,tokens,p99,1422.00
140,1780554419323170560,1780554420323170560,Output Token Count,tokens,std,0.00
140,1780554419323170560,1780554420323170560,Output Token Throughput,tokens/sec,avg,1422.00
140,1780554419323170560,1780554420323170560,Output Token Throughput Per User,tokens/sec/user,avg,11.33
140,1780554419323170560,1780554420323170560,Output Token Throughput Per User,tokens/sec/user,min,11.33
140,1780554419323170560,1780554420323170560,Output Token Throughput Per User,tokens/sec/user,max,11.33
140,1780554419323170560,1780554420323170560,Output Token Throughput Per User,tokens/sec/user,sum,11.33
140,1780554419323170560,1780554420323170560,Output Token Throughput Per User,tokens/sec/user,p1,11.33
140,1780554419323170560,1780554420323170560,Output Token Throughput Per User,tokens/sec/user,p5,11.33
140,1780554419323170560,1780554420323170560,Output Token Throughput Per User,tokens/sec/user,p10,11.33
140,1780554419323170560,1780554420323170560,Output Token Throughput Per User,tokens/sec/user,p25,11.33
140,1780554419323170560,1780554420323170560,Output Token Throughput Per User,tokens/sec/user,p50,11.33
140,1780554419323170560,1780554420323170560,Output Token Throughput Per User,tokens/sec/user,p75,11.33
140,1780554419323170560,1780554420323170560,Output Token Throughput Per User,tokens/sec/user,p90,11.33
140,1780554419323170560,1780554420323170560,Output Token Throughput Per User,tokens/sec/user,p95,11.33
140,1780554419323170560,1780554420323170560,Output Token Throughput Per User,tokens/sec/user,p99,11.33
140,1780554419323170560,1780554420323170560,Output Token Throughput Per User,tokens/sec/user,std,0.00
140,1780554419323170560,1780554420323170560,Prefill Throughput Per User,tokens/sec/user,avg,93205.80
140,1780554419323170560,1780554420323170560,Prefill Throughput Per User,tokens/sec/user,min,93205.80
140,1780554419323170560,1780554420323170560,Prefill Throughput Per User,tokens/sec/user,max,93205.80
140,1780554419323170560,1780554420323170560,Prefill Throughput Per User,tokens/sec/user,sum,93205.80
140,1780554419323170560,1780554420323170560,Prefill Throughput Per User,tokens/sec/user,p1,93205.80
140,1780554419323170560,1780554420323170560,Prefill Throughput Per User,tokens/sec/user,p5,93205.80
140,1780554419323170560,1780554420323170560,Prefill Throughput Per User,tokens/sec/user,p10,93205.80
140,1780554419323170560,1780554420323170560,Prefill Throughput Per User,tokens/sec/user,p25,93205.80
140,1780554419323170560,1780554420323170560,Prefill Throughput Per User,tokens/sec/user,p50,93205.80
140,1780554419323170560,1780554420323170560,Prefill Throughput Per User,tokens/sec/user,p75,93205.80
140,1780554419323170560,1780554420323170560,Prefill Throughput Per User,tokens/sec/user,p90,93205.80
140,1780554419323170560,1780554420323170560,Prefill Throughput Per User,tokens/sec/user,p95,93205.80
140,1780554419323170560,1780554420323170560,Prefill Throughput Per User,tokens/sec/user,p99,93205.80
140,1780554419323170560,1780554420323170560,Prefill Throughput Per User,tokens/sec/user,std,0.00
140,1780554419323170560,1780554420323170560,Request Count,requests,avg,1.00
140,1780554419323170560,1780554420323170560,Request Latency,ms,avg,125981.36
140,1780554419323170560,1780554420323170560,Request Latency,ms,min,125981.36
140,1780554419323170560,1780554420323170560,Request Latency,ms,max,125981.36
140,1780554419323170560,1780554420323170560,Request Latency,ms,sum,125981.36
140,1780554419323170560,1780554420323170560,Request Latency,ms,p1,125981.36
140,1780554419323170560,1780554420323170560,Request Latency,ms,p5,125981.36
140,1780554419323170560,1780554420323170560,Request Latency,ms,p10,125981.36
140,1780554419323170560,1780554420323170560,Request Latency,ms,p25,125981.36
140,1780554419323170560,1780554420323170560,Request Latency,ms,p50,125981.36
140,1780554419323170560,1780554420323170560,Request Latency,ms,p75,125981.36
140,1780554419323170560,1780554420323170560,Request Latency,ms,p90,125981.36
140,1780554419323170560,1780554420323170560,Request Latency,ms,p95,125981.36
140,1780554419323170560,1780554420323170560,Request Latency,ms,p99,125981.36
140,1780554419323170560,1780554420323170560,Request Latency,ms,std,0.00
140,1780554419323170560,1780554420323170560,Request Throughput,requests/sec,avg,1.00
140,1780554419323170560,1780554420323170560,Requested OSL,tokens,avg,1422.00
140,1780554419323170560,1780554420323170560,Requested OSL,tokens,min,1422.00
140,1780554419323170560,1780554420323170560,Requested OSL,tokens,max,1422.00
140,1780554419323170560,1780554420323170560,Requested OSL,tokens,sum,1422.00
140,1780554419323170560,1780554420323170560,Requested OSL,tokens,p1,1422.00
140,1780554419323170560,1780554420323170560,Requested OSL,tokens,p5,1422.00
140,1780554419323170560,1780554420323170560,Requested OSL,tokens,p10,1422.00
140,1780554419323170560,1780554420323170560,Requested OSL,tokens,p25,1422.00
140,1780554419323170560,1780554420323170560,Requested OSL,tokens,p50,1422.00
140,1780554419323170560,1780554420323170560,Requested OSL,tokens,p75,1422.00
140,1780554419323170560,1780554420323170560,Requested OSL,tokens,p90,1422.00
140,1780554419323170560,1780554420323170560,Requested OSL,tokens,p95,1422.00
140,1780554419323170560,1780554420323170560,Requested OSL,tokens,p99,1422.00
140,1780554419323170560,1780554420323170560,Requested OSL,tokens,std,0.00
140,1780554419323170560,1780554420323170560,Time to First Output Token,ms,avg,583.84
140,1780554419323170560,1780554420323170560,Time to First Output Token,ms,min,583.84
140,1780554419323170560,1780554420323170560,Time to First Output Token,ms,max,583.84
140,1780554419323170560,1780554420323170560,Time to First Output Token,ms,sum,583.84
140,1780554419323170560,1780554420323170560,Time to First Output Token,ms,p1,583.84
140,1780554419323170560,1780554420323170560,Time to First Output Token,ms,p5,583.84
140,1780554419323170560,1780554420323170560,Time to First Output Token,ms,p10,583.84
140,1780554419323170560,1780554420323170560,Time to First Output Token,ms,p25,583.84
140,1780554419323170560,1780554420323170560,Time to First Output Token,ms,p50,583.84
140,1780554419323170560,1780554420323170560,Time to First Output Token,ms,p75,583.84
140,1780554419323170560,1780554420323170560,Time to First Output Token,ms,p90,583.84
140,1780554419323170560,1780554420323170560,Time to First Output Token,ms,p95,583.84
140,1780554419323170560,1780554420323170560,Time to First Output Token,ms,p99,583.84
140,1780554419323170560,1780554420323170560,Time to First Output Token,ms,std,0.00
140,1780554419323170560,1780554420323170560,Time to First Token,ms,avg,583.84
140,1780554419323170560,1780554420323170560,Time to First Token,ms,min,583.84
140,1780554419323170560,1780554420323170560,Time to First Token,ms,max,583.84
140,1780554419323170560,1780554420323170560,Time to First Token,ms,sum,583.84
140,1780554419323170560,1780554420323170560,Time to First Token,ms,p1,583.84
140,1780554419323170560,1780554420323170560,Time to First Token,ms,p5,583.84
140,1780554419323170560,1780554420323170560,Time to First Token,ms,p10,583.84
140,1780554419323170560,1780554420323170560,Time to First Token,ms,p25,583.84
140,1780554419323170560,1780554420323170560,Time to First Token,ms,p50,583.84
140,1780554419323170560,1780554420323170560,Time to First Token,ms,p75,583.84
140,1780554419323170560,1780554420323170560,Time to First Token,ms,p90,583.84
140,1780554419323170560,1780554420323170560,Time to First Token,ms,p95,583.84
140,1780554419323170560,1780554420323170560,Time to First Token,ms,p99,583.84
140,1780554419323170560,1780554420323170560,Time to First Token,ms,std,0.00
140,1780554419323170560,1780554420323170560,Time to Second Token,ms,avg,17.26
140,1780554419323170560,1780554420323170560,Time to Second Token,ms,min,17.26
140,1780554419323170560,1780554420323170560,Time to Second Token,ms,max,17.26
140,1780554419323170560,1780554420323170560,Time to Second Token,ms,sum,17.26
140,1780554419323170560,1780554420323170560,Time to Second Token,ms,p1,17.26
140,1780554419323170560,1780554420323170560,Time to Second Token,ms,p5,17.26
140,1780554419323170560,1780554420323170560,Time to Second Token,ms,p10,17.26
140,1780554419323170560,1780554420323170560,Time to Second Token,ms,p25,17.26
140,1780554419323170560,1780554420323170560,Time to Second Token,ms,p50,17.26
140,1780554419323170560,1780554420323170560,Time to Second Token,ms,p75,17.26
140,1780554419323170560,1780554420323170560,Time to Second Token,ms,p90,17.26
140,1780554419323170560,1780554420323170560,Time to Second Token,ms,p95,17.26
140,1780554419323170560,1780554420323170560,Time to Second Token,ms,p99,17.26
140,1780554419323170560,1780554420323170560,Time to Second Token,ms,std,0.00
140,1780554419323170560,1780554420323170560,Tokens In Flight,tokens,avg,782949.72
140,1780554419323170560,1780554420323170560,Tokens In Flight,tokens,min,684009.08
140,1780554419323170560,1780554420323170560,Tokens In Flight,tokens,max,811516.08
140,1780554419323170560,1780554420323170560,Tokens In Flight,tokens,p50,811491.12
140,1780554419323170560,1780554420323170560,Tokens In Flight,tokens,p90,811510.66
140,1780554419323170560,1780554420323170560,Tokens In Flight,tokens,p95,811513.79
140,1780554419323170560,1780554420323170560,Tokens In Flight,tokens,p99,811516.08
140,1780554419323170560,1780554420323170560,Tokens In Flight,tokens,std,49286.25
140,1780554419323170560,1780554420323170560,Total Input Sequence Length,tokens,avg,54417.00
140,1780554419323170560,1780554420323170560,Total Output Sequence Length,tokens,avg,1422.00
140,1780554419323170560,1780554420323170560,Total Output Tokens,tokens,avg,1422.00
140,1780554419323170560,1780554420323170560,Total Token Throughput,tokens/sec,avg,55839.00
140,1780554419323170560,1780554420323170560,Total Usage Completion Tokens,tokens,avg,1422.00
140,1780554419323170560,1780554420323170560,Total Usage Prompt Tokens,tokens,avg,54417.00
140,1780554419323170560,1780554420323170560,Total Usage Total Tokens,tokens,avg,55839.00
140,1780554419323170560,1780554420323170560,Usage Completion Tokens,tokens,avg,1422.00
140,1780554419323170560,1780554420323170560,Usage Completion Tokens,tokens,min,1422.00
140,1780554419323170560,1780554420323170560,Usage Completion Tokens,tokens,max,1422.00
140,1780554419323170560,1780554420323170560,Usage Completion Tokens,tokens,sum,1422.00
140,1780554419323170560,1780554420323170560,Usage Completion Tokens,tokens,p1,1422.00
140,1780554419323170560,1780554420323170560,Usage Completion Tokens,tokens,p5,1422.00
140,1780554419323170560,1780554420323170560,Usage Completion Tokens,tokens,p10,1422.00
140,1780554419323170560,1780554420323170560,Usage Completion Tokens,tokens,p25,1422.00
140,1780554419323170560,1780554420323170560,Usage Completion Tokens,tokens,p50,1422.00
140,1780554419323170560,1780554420323170560,Usage Completion Tokens,tokens,p75,1422.00
140,1780554419323170560,1780554420323170560,Usage Completion Tokens,tokens,p90,1422.00
140,1780554419323170560,1780554420323170560,Usage Completion Tokens,tokens,p95,1422.00
140,1780554419323170560,1780554420323170560,Usage Completion Tokens,tokens,p99,1422.00
140,1780554419323170560,1780554420323170560,Usage Completion Tokens,tokens,std,0.00
140,1780554419323170560,1780554420323170560,Usage Prompt Tokens,tokens,avg,54417.00
140,1780554419323170560,1780554420323170560,Usage Prompt Tokens,tokens,min,54417.00
140,1780554419323170560,1780554420323170560,Usage Prompt Tokens,tokens,max,54417.00
140,1780554419323170560,1780554420323170560,Usage Prompt Tokens,tokens,sum,54417.00
140,1780554419323170560,1780554420323170560,Usage Prompt Tokens,tokens,p1,54417.00
140,1780554419323170560,1780554420323170560,Usage Prompt Tokens,tokens,p5,54417.00
140,1780554419323170560,1780554420323170560,Usage Prompt Tokens,tokens,p10,54417.00
140,1780554419323170560,1780554420323170560,Usage Prompt Tokens,tokens,p25,54417.00
140,1780554419323170560,1780554420323170560,Usage Prompt Tokens,tokens,p50,54417.00
140,1780554419323170560,1780554420323170560,Usage Prompt Tokens,tokens,p75,54417.00
140,1780554419323170560,1780554420323170560,Usage Prompt Tokens,tokens,p90,54417.00
140,1780554419323170560,1780554420323170560,Usage Prompt Tokens,tokens,p95,54417.00
140,1780554419323170560,1780554420323170560,Usage Prompt Tokens,tokens,p99,54417.00
140,1780554419323170560,1780554420323170560,Usage Prompt Tokens,tokens,std,0.00
140,1780554419323170560,1780554420323170560,Usage Total Tokens,tokens,avg,55839.00
140,1780554419323170560,1780554420323170560,Usage Total Tokens,tokens,min,55839.00
140,1780554419323170560,1780554420323170560,Usage Total Tokens,tokens,max,55839.00
140,1780554419323170560,1780554420323170560,Usage Total Tokens,tokens,sum,55839.00
140,1780554419323170560,1780554420323170560,Usage Total Tokens,tokens,p1,55839.00
140,1780554419323170560,1780554420323170560,Usage Total Tokens,tokens,p5,55839.00
140,1780554419323170560,1780554420323170560,Usage Total Tokens,tokens,p10,55839.00
140,1780554419323170560,1780554420323170560,Usage Total Tokens,tokens,p25,55839.00
140,1780554419323170560,1780554420323170560,Usage Total Tokens,tokens,p50,55839.00
140,1780554419323170560,1780554420323170560,Usage Total Tokens,tokens,p75,55839.00
140,1780554419323170560,1780554420323170560,Usage Total Tokens,tokens,p90,55839.00
140,1780554419323170560,1780554420323170560,Usage Total Tokens,tokens,p95,55839.00
140,1780554419323170560,1780554420323170560,Usage Total Tokens,tokens,p99,55839.00
140,1780554419323170560,1780554420323170560,Usage Total Tokens,tokens,std,0.00
141,1780554422323170560,1780554423323170560,Active Decode Throughput,tokens/sec,avg,61.04
141,1780554422323170560,1780554423323170560,Active Decode Throughput,tokens/sec,min,41.55
141,1780554422323170560,1780554423323170560,Active Decode Throughput,tokens/sec,max,85.09
141,1780554422323170560,1780554423323170560,Active Decode Throughput,tokens/sec,p50,56.05
141,1780554422323170560,1780554423323170560,Active Decode Throughput,tokens/sec,p90,70.60
141,1780554422323170560,1780554423323170560,Active Decode Throughput,tokens/sec,p95,70.60
141,1780554422323170560,1780554423323170560,Active Decode Throughput,tokens/sec,p99,70.60
141,1780554422323170560,1780554423323170560,Active Decode Throughput,tokens/sec,std,6.91
141,1780554422323170560,1780554423323170560,Active Decode Throughput Per User,tokens/sec/user,avg,5.37
141,1780554422323170560,1780554423323170560,Active Decode Throughput Per User,tokens/sec/user,min,3.78
141,1780554422323170560,1780554423323170560,Active Decode Throughput Per User,tokens/sec/user,max,7.09
141,1780554422323170560,1780554423323170560,Active Decode Throughput Per User,tokens/sec/user,p50,5.10
141,1780554422323170560,1780554423323170560,Active Decode Throughput Per User,tokens/sec/user,p90,5.88
141,1780554422323170560,1780554423323170560,Active Decode Throughput Per User,tokens/sec/user,p95,5.88
141,1780554422323170560,1780554423323170560,Active Decode Throughput Per User,tokens/sec/user,p99,5.88
141,1780554422323170560,1780554423323170560,Active Decode Throughput Per User,tokens/sec/user,std,0.37
141,1780554422323170560,1780554423323170560,Active Prefill Throughput,tokens/sec,avg,88659.91
141,1780554422323170560,1780554423323170560,Active Prefill Throughput,tokens/sec,min,88659.91
141,1780554422323170560,1780554423323170560,Active Prefill Throughput,tokens/sec,max,88659.91
141,1780554422323170560,1780554423323170560,Active Prefill Throughput,tokens/sec,p50,88659.91
141,1780554422323170560,1780554423323170560,Active Prefill Throughput,tokens/sec,p90,88659.91
141,1780554422323170560,1780554423323170560,Active Prefill Throughput,tokens/sec,p95,88659.91
141,1780554422323170560,1780554423323170560,Active Prefill Throughput,tokens/sec,p99,88659.91
141,1780554422323170560,1780554423323170560,Active Prefill Throughput,tokens/sec,std,0.00
141,1780554422323170560,1780554423323170560,Active Prefill Throughput Per User,tokens/sec/user,avg,88659.91
141,1780554422323170560,1780554423323170560,Active Prefill Throughput Per User,tokens/sec/user,min,88659.91
141,1780554422323170560,1780554423323170560,Active Prefill Throughput Per User,tokens/sec/user,max,88659.91
141,1780554422323170560,1780554423323170560,Active Prefill Throughput Per User,tokens/sec/user,p50,88659.91
141,1780554422323170560,1780554423323170560,Active Prefill Throughput Per User,tokens/sec/user,p90,88659.91
141,1780554422323170560,1780554423323170560,Active Prefill Throughput Per User,tokens/sec/user,p95,88659.91
141,1780554422323170560,1780554423323170560,Active Prefill Throughput Per User,tokens/sec/user,p99,88659.91
141,1780554422323170560,1780554423323170560,Active Prefill Throughput Per User,tokens/sec/user,std,0.00
141,1780554422323170560,1780554423323170560,Active Total Throughput,tokens/sec,avg,48634.60
141,1780554422323170560,1780554423323170560,Active Total Throughput,tokens/sec,min,99.09
141,1780554422323170560,1780554423323170560,Active Total Throughput,tokens/sec,max,88759.00
141,1780554422323170560,1780554423323170560,Active Total Throughput,tokens/sec,p50,88759.00
141,1780554422323170560,1780554423323170560,Active Total Throughput,tokens/sec,p90,88759.00
141,1780554422323170560,1780554423323170560,Active Total Throughput,tokens/sec,p95,88759.00
141,1780554422323170560,1780554423323170560,Active Total Throughput,tokens/sec,p99,88759.00
141,1780554422323170560,1780554423323170560,Active Total Throughput,tokens/sec,std,44126.50
141,1780554422323170560,1780554423323170560,Benchmark Duration,sec,avg,14.46
141,1780554422323170560,1780554423323170560,E2E Output Token Throughput,tokens/sec/user,avg,9.89
141,1780554422323170560,1780554423323170560,E2E Output Token Throughput,tokens/sec/user,min,9.89
141,1780554422323170560,1780554423323170560,E2E Output Token Throughput,tokens/sec/user,max,9.89
141,1780554422323170560,1780554423323170560,E2E Output Token Throughput,tokens/sec/user,sum,9.89
141,1780554422323170560,1780554423323170560,E2E Output Token Throughput,tokens/sec/user,p1,9.89
141,1780554422323170560,1780554423323170560,E2E Output Token Throughput,tokens/sec/user,p5,9.89
141,1780554422323170560,1780554423323170560,E2E Output Token Throughput,tokens/sec/user,p10,9.89
141,1780554422323170560,1780554423323170560,E2E Output Token Throughput,tokens/sec/user,p25,9.89
141,1780554422323170560,1780554423323170560,E2E Output Token Throughput,tokens/sec/user,p50,9.89
141,1780554422323170560,1780554423323170560,E2E Output Token Throughput,tokens/sec/user,p75,9.89
141,1780554422323170560,1780554423323170560,E2E Output Token Throughput,tokens/sec/user,p90,9.89
141,1780554422323170560,1780554423323170560,E2E Output Token Throughput,tokens/sec/user,p95,9.89
141,1780554422323170560,1780554423323170560,E2E Output Token Throughput,tokens/sec/user,p99,9.89
141,1780554422323170560,1780554423323170560,E2E Output Token Throughput,tokens/sec/user,std,0.00
141,1780554422323170560,1780554423323170560,Effective Concurrency,requests,avg,11.89
141,1780554422323170560,1780554423323170560,Effective Concurrency,requests,min,11.00
141,1780554422323170560,1780554423323170560,Effective Concurrency,requests,max,12.00
141,1780554422323170560,1780554423323170560,Effective Concurrency,requests,p50,12.00
141,1780554422323170560,1780554423323170560,Effective Concurrency,requests,p90,12.00
141,1780554422323170560,1780554423323170560,Effective Concurrency,requests,p95,12.00
141,1780554422323170560,1780554423323170560,Effective Concurrency,requests,p99,12.00
141,1780554422323170560,1780554423323170560,Effective Concurrency,requests,std,0.31
141,1780554422323170560,1780554423323170560,Effective Decode Concurrency,requests,avg,11.34
141,1780554422323170560,1780554423323170560,Effective Decode Concurrency,requests,min,11.00
141,1780554422323170560,1780554423323170560,Effective Decode Concurrency,requests,max,12.00
141,1780554422323170560,1780554423323170560,Effective Decode Concurrency,requests,p50,11.00
141,1780554422323170560,1780554423323170560,Effective Decode Concurrency,requests,p90,12.00
141,1780554422323170560,1780554423323170560,Effective Decode Concurrency,requests,p95,12.00
141,1780554422323170560,1780554423323170560,Effective Decode Concurrency,requests,p99,12.00
141,1780554422323170560,1780554423323170560,Effective Decode Concurrency,requests,std,0.47
141,1780554422323170560,1780554423323170560,Effective Decode Throughput,tokens/sec,avg,61.04
141,1780554422323170560,1780554423323170560,Effective Decode Throughput,tokens/sec,min,41.55
141,1780554422323170560,1780554423323170560,Effective Decode Throughput,tokens/sec,max,85.09
141,1780554422323170560,1780554423323170560,Effective Decode Throughput,tokens/sec,p50,56.05
141,1780554422323170560,1780554423323170560,Effective Decode Throughput,tokens/sec,p90,70.60
141,1780554422323170560,1780554423323170560,Effective Decode Throughput,tokens/sec,p95,70.60
141,1780554422323170560,1780554423323170560,Effective Decode Throughput,tokens/sec,p99,70.60
141,1780554422323170560,1780554423323170560,Effective Decode Throughput,tokens/sec,std,6.91
141,1780554422323170560,1780554423323170560,Effective Decode Throughput Per User,tokens/sec/user,avg,5.37
141,1780554422323170560,1780554423323170560,Effective Decode Throughput Per User,tokens/sec/user,min,3.78
141,1780554422323170560,1780554423323170560,Effective Decode Throughput Per User,tokens/sec/user,max,7.09
141,1780554422323170560,1780554423323170560,Effective Decode Throughput Per User,tokens/sec/user,p50,5.10
141,1780554422323170560,1780554423323170560,Effective Decode Throughput Per User,tokens/sec/user,p90,5.88
141,1780554422323170560,1780554423323170560,Effective Decode Throughput Per User,tokens/sec/user,p95,5.88
141,1780554422323170560,1780554423323170560,Effective Decode Throughput Per User,tokens/sec/user,p99,5.88
141,1780554422323170560,1780554423323170560,Effective Decode Throughput Per User,tokens/sec/user,std,0.37
141,1780554422323170560,1780554423323170560,Effective Prefill Concurrency,requests,avg,0.55
141,1780554422323170560,1780554423323170560,Effective Prefill Concurrency,requests,min,0.00
141,1780554422323170560,1780554423323170560,Effective Prefill Concurrency,requests,max,1.00
141,1780554422323170560,1780554423323170560,Effective Prefill Concurrency,requests,p50,1.00
141,1780554422323170560,1780554423323170560,Effective Prefill Concurrency,requests,p90,1.00
141,1780554422323170560,1780554423323170560,Effective Prefill Concurrency,requests,p95,1.00
141,1780554422323170560,1780554423323170560,Effective Prefill Concurrency,requests,p99,1.00
141,1780554422323170560,1780554423323170560,Effective Prefill Concurrency,requests,std,0.50
141,1780554422323170560,1780554423323170560,Effective Prefill Throughput,tokens/sec,avg,48532.00
141,1780554422323170560,1780554423323170560,Effective Prefill Throughput,tokens/sec,min,0.00
141,1780554422323170560,1780554423323170560,Effective Prefill Throughput,tokens/sec,max,88659.91
141,1780554422323170560,1780554423323170560,Effective Prefill Throughput,tokens/sec,p50,88659.91
141,1780554422323170560,1780554423323170560,Effective Prefill Throughput,tokens/sec,p90,88659.91
141,1780554422323170560,1780554423323170560,Effective Prefill Throughput,tokens/sec,p95,88659.91
141,1780554422323170560,1780554423323170560,Effective Prefill Throughput,tokens/sec,p99,88659.91
141,1780554422323170560,1780554423323170560,Effective Prefill Throughput,tokens/sec,std,44130.35
141,1780554422323170560,1780554423323170560,Effective Prefill Throughput Per User,tokens/sec/user,avg,48532.00
141,1780554422323170560,1780554423323170560,Effective Prefill Throughput Per User,tokens/sec/user,min,0.00
141,1780554422323170560,1780554423323170560,Effective Prefill Throughput Per User,tokens/sec/user,max,88659.91
141,1780554422323170560,1780554423323170560,Effective Prefill Throughput Per User,tokens/sec/user,p50,88659.91
141,1780554422323170560,1780554423323170560,Effective Prefill Throughput Per User,tokens/sec/user,p90,88659.91
141,1780554422323170560,1780554423323170560,Effective Prefill Throughput Per User,tokens/sec/user,p95,88659.91
141,1780554422323170560,1780554423323170560,Effective Prefill Throughput Per User,tokens/sec/user,p99,88659.91
141,1780554422323170560,1780554423323170560,Effective Prefill Throughput Per User,tokens/sec/user,std,44130.35
141,1780554422323170560,1780554423323170560,Effective Total Throughput,tokens/sec,avg,48634.60
141,1780554422323170560,1780554423323170560,Effective Total Throughput,tokens/sec,min,99.09
141,1780554422323170560,1780554423323170560,Effective Total Throughput,tokens/sec,max,88759.00
141,1780554422323170560,1780554423323170560,Effective Total Throughput,tokens/sec,p50,88759.00
141,1780554422323170560,1780554423323170560,Effective Total Throughput,tokens/sec,p90,88759.00
141,1780554422323170560,1780554423323170560,Effective Total Throughput,tokens/sec,p95,88759.00
141,1780554422323170560,1780554423323170560,Effective Total Throughput,tokens/sec,p99,88759.00
141,1780554422323170560,1780554423323170560,Effective Total Throughput,tokens/sec,std,44126.50
141,1780554422323170560,1780554423323170560,HTTP Blocked,ms,avg,0.00
141,1780554422323170560,1780554423323170560,HTTP Blocked,ms,min,0.00
141,1780554422323170560,1780554423323170560,HTTP Blocked,ms,max,0.00
141,1780554422323170560,1780554423323170560,HTTP Blocked,ms,sum,0.00
141,1780554422323170560,1780554423323170560,HTTP Blocked,ms,p1,0.00
141,1780554422323170560,1780554423323170560,HTTP Blocked,ms,p5,0.00
141,1780554422323170560,1780554423323170560,HTTP Blocked,ms,p10,0.00
141,1780554422323170560,1780554423323170560,HTTP Blocked,ms,p25,0.00
141,1780554422323170560,1780554423323170560,HTTP Blocked,ms,p50,0.00
141,1780554422323170560,1780554423323170560,HTTP Blocked,ms,p75,0.00
141,1780554422323170560,1780554423323170560,HTTP Blocked,ms,p90,0.00
141,1780554422323170560,1780554423323170560,HTTP Blocked,ms,p95,0.00
141,1780554422323170560,1780554423323170560,HTTP Blocked,ms,p99,0.00
141,1780554422323170560,1780554423323170560,HTTP Blocked,ms,std,0.00
141,1780554422323170560,1780554423323170560,HTTP Chunks Received,count,avg,143.00
141,1780554422323170560,1780554423323170560,HTTP Chunks Received,count,min,143.00
141,1780554422323170560,1780554423323170560,HTTP Chunks Received,count,max,143.00
141,1780554422323170560,1780554423323170560,HTTP Chunks Received,count,sum,143.00
141,1780554422323170560,1780554423323170560,HTTP Chunks Received,count,p1,143.00
141,1780554422323170560,1780554423323170560,HTTP Chunks Received,count,p5,143.00
141,1780554422323170560,1780554423323170560,HTTP Chunks Received,count,p10,143.00
141,1780554422323170560,1780554423323170560,HTTP Chunks Received,count,p25,143.00
141,1780554422323170560,1780554423323170560,HTTP Chunks Received,count,p50,143.00
141,1780554422323170560,1780554423323170560,HTTP Chunks Received,count,p75,143.00
141,1780554422323170560,1780554423323170560,HTTP Chunks Received,count,p90,143.00
141,1780554422323170560,1780554423323170560,HTTP Chunks Received,count,p95,143.00
141,1780554422323170560,1780554423323170560,HTTP Chunks Received,count,p99,143.00
141,1780554422323170560,1780554423323170560,HTTP Chunks Received,count,std,0.00
141,1780554422323170560,1780554423323170560,HTTP Chunks Sent,count,avg,1.00
141,1780554422323170560,1780554423323170560,HTTP Chunks Sent,count,min,1.00
141,1780554422323170560,1780554423323170560,HTTP Chunks Sent,count,max,1.00
141,1780554422323170560,1780554423323170560,HTTP Chunks Sent,count,sum,1.00
141,1780554422323170560,1780554423323170560,HTTP Chunks Sent,count,p1,1.00
141,1780554422323170560,1780554423323170560,HTTP Chunks Sent,count,p5,1.00
141,1780554422323170560,1780554423323170560,HTTP Chunks Sent,count,p10,1.00
141,1780554422323170560,1780554423323170560,HTTP Chunks Sent,count,p25,1.00
141,1780554422323170560,1780554423323170560,HTTP Chunks Sent,count,p50,1.00
141,1780554422323170560,1780554423323170560,HTTP Chunks Sent,count,p75,1.00
141,1780554422323170560,1780554423323170560,HTTP Chunks Sent,count,p90,1.00
141,1780554422323170560,1780554423323170560,HTTP Chunks Sent,count,p95,1.00
141,1780554422323170560,1780554423323170560,HTTP Chunks Sent,count,p99,1.00
141,1780554422323170560,1780554423323170560,HTTP Chunks Sent,count,std,0.00
141,1780554422323170560,1780554423323170560,HTTP Connecting,ms,avg,0.00
141,1780554422323170560,1780554423323170560,HTTP Connecting,ms,min,0.00
141,1780554422323170560,1780554423323170560,HTTP Connecting,ms,max,0.00
141,1780554422323170560,1780554423323170560,HTTP Connecting,ms,sum,0.00
141,1780554422323170560,1780554423323170560,HTTP Connecting,ms,p1,0.00
141,1780554422323170560,1780554423323170560,HTTP Connecting,ms,p5,0.00
141,1780554422323170560,1780554423323170560,HTTP Connecting,ms,p10,0.00
141,1780554422323170560,1780554423323170560,HTTP Connecting,ms,p25,0.00
141,1780554422323170560,1780554423323170560,HTTP Connecting,ms,p50,0.00
141,1780554422323170560,1780554423323170560,HTTP Connecting,ms,p75,0.00
141,1780554422323170560,1780554423323170560,HTTP Connecting,ms,p90,0.00
141,1780554422323170560,1780554423323170560,HTTP Connecting,ms,p95,0.00
141,1780554422323170560,1780554423323170560,HTTP Connecting,ms,p99,0.00
141,1780554422323170560,1780554423323170560,HTTP Connecting,ms,std,0.00
141,1780554422323170560,1780554423323170560,HTTP Connection Overhead,ms,avg,0.00
141,1780554422323170560,1780554423323170560,HTTP Connection Overhead,ms,min,0.00
141,1780554422323170560,1780554423323170560,HTTP Connection Overhead,ms,max,0.00
141,1780554422323170560,1780554423323170560,HTTP Connection Overhead,ms,sum,0.00
141,1780554422323170560,1780554423323170560,HTTP Connection Overhead,ms,p1,0.00
141,1780554422323170560,1780554423323170560,HTTP Connection Overhead,ms,p5,0.00
141,1780554422323170560,1780554423323170560,HTTP Connection Overhead,ms,p10,0.00
141,1780554422323170560,1780554423323170560,HTTP Connection Overhead,ms,p25,0.00
141,1780554422323170560,1780554423323170560,HTTP Connection Overhead,ms,p50,0.00
141,1780554422323170560,1780554423323170560,HTTP Connection Overhead,ms,p75,0.00
141,1780554422323170560,1780554423323170560,HTTP Connection Overhead,ms,p90,0.00
141,1780554422323170560,1780554423323170560,HTTP Connection Overhead,ms,p95,0.00
141,1780554422323170560,1780554423323170560,HTTP Connection Overhead,ms,p99,0.00
141,1780554422323170560,1780554423323170560,HTTP Connection Overhead,ms,std,0.00
141,1780554422323170560,1780554423323170560,HTTP Connection Reused,ratio,avg,1.00
141,1780554422323170560,1780554423323170560,HTTP Connection Reused,ratio,min,1.00
141,1780554422323170560,1780554423323170560,HTTP Connection Reused,ratio,max,1.00
141,1780554422323170560,1780554423323170560,HTTP Connection Reused,ratio,sum,1.00
141,1780554422323170560,1780554423323170560,HTTP Connection Reused,ratio,p1,1.00
141,1780554422323170560,1780554423323170560,HTTP Connection Reused,ratio,p5,1.00
141,1780554422323170560,1780554423323170560,HTTP Connection Reused,ratio,p10,1.00
141,1780554422323170560,1780554423323170560,HTTP Connection Reused,ratio,p25,1.00
141,1780554422323170560,1780554423323170560,HTTP Connection Reused,ratio,p50,1.00
141,1780554422323170560,1780554423323170560,HTTP Connection Reused,ratio,p75,1.00
141,1780554422323170560,1780554423323170560,HTTP Connection Reused,ratio,p90,1.00
141,1780554422323170560,1780554423323170560,HTTP Connection Reused,ratio,p95,1.00
141,1780554422323170560,1780554423323170560,HTTP Connection Reused,ratio,p99,1.00
141,1780554422323170560,1780554423323170560,HTTP Connection Reused,ratio,std,0.00
141,1780554422323170560,1780554423323170560,HTTP Data Received,KB,avg,36.25
141,1780554422323170560,1780554423323170560,HTTP Data Received,KB,min,36.25
141,1780554422323170560,1780554423323170560,HTTP Data Received,KB,max,36.25
141,1780554422323170560,1780554423323170560,HTTP Data Received,KB,sum,36.25
141,1780554422323170560,1780554423323170560,HTTP Data Received,KB,p1,36.25
141,1780554422323170560,1780554423323170560,HTTP Data Received,KB,p5,36.25
141,1780554422323170560,1780554423323170560,HTTP Data Received,KB,p10,36.25
141,1780554422323170560,1780554423323170560,HTTP Data Received,KB,p25,36.25
141,1780554422323170560,1780554423323170560,HTTP Data Received,KB,p50,36.25
141,1780554422323170560,1780554423323170560,HTTP Data Received,KB,p75,36.25
141,1780554422323170560,1780554423323170560,HTTP Data Received,KB,p90,36.25
141,1780554422323170560,1780554423323170560,HTTP Data Received,KB,p95,36.25
141,1780554422323170560,1780554423323170560,HTTP Data Received,KB,p99,36.25
141,1780554422323170560,1780554423323170560,HTTP Data Received,KB,std,0.00
141,1780554422323170560,1780554423323170560,HTTP Data Sent,KB,avg,187.83
141,1780554422323170560,1780554423323170560,HTTP Data Sent,KB,min,187.83
141,1780554422323170560,1780554423323170560,HTTP Data Sent,KB,max,187.83
141,1780554422323170560,1780554423323170560,HTTP Data Sent,KB,sum,187.83
141,1780554422323170560,1780554423323170560,HTTP Data Sent,KB,p1,187.83
141,1780554422323170560,1780554423323170560,HTTP Data Sent,KB,p5,187.83
141,1780554422323170560,1780554423323170560,HTTP Data Sent,KB,p10,187.83
141,1780554422323170560,1780554423323170560,HTTP Data Sent,KB,p25,187.83
141,1780554422323170560,1780554423323170560,HTTP Data Sent,KB,p50,187.83
141,1780554422323170560,1780554423323170560,HTTP Data Sent,KB,p75,187.83
141,1780554422323170560,1780554423323170560,HTTP Data Sent,KB,p90,187.83
141,1780554422323170560,1780554423323170560,HTTP Data Sent,KB,p95,187.83
141,1780554422323170560,1780554423323170560,HTTP Data Sent,KB,p99,187.83
141,1780554422323170560,1780554423323170560,HTTP Data Sent,KB,std,0.00
141,1780554422323170560,1780554423323170560,HTTP DNS Lookup,ms,avg,0.00
141,1780554422323170560,1780554423323170560,HTTP DNS Lookup,ms,min,0.00
141,1780554422323170560,1780554423323170560,HTTP DNS Lookup,ms,max,0.00
141,1780554422323170560,1780554423323170560,HTTP DNS Lookup,ms,sum,0.00
141,1780554422323170560,1780554423323170560,HTTP DNS Lookup,ms,p1,0.00
141,1780554422323170560,1780554423323170560,HTTP DNS Lookup,ms,p5,0.00
141,1780554422323170560,1780554423323170560,HTTP DNS Lookup,ms,p10,0.00
141,1780554422323170560,1780554423323170560,HTTP DNS Lookup,ms,p25,0.00
141,1780554422323170560,1780554423323170560,HTTP DNS Lookup,ms,p50,0.00
141,1780554422323170560,1780554423323170560,HTTP DNS Lookup,ms,p75,0.00
141,1780554422323170560,1780554423323170560,HTTP DNS Lookup,ms,p90,0.00
141,1780554422323170560,1780554423323170560,HTTP DNS Lookup,ms,p95,0.00
141,1780554422323170560,1780554423323170560,HTTP DNS Lookup,ms,p99,0.00
141,1780554422323170560,1780554423323170560,HTTP DNS Lookup,ms,std,0.00
141,1780554422323170560,1780554423323170560,HTTP Duration (excl. conn),ms,avg,14461.01
141,1780554422323170560,1780554423323170560,HTTP Duration (excl. conn),ms,min,14461.01
141,1780554422323170560,1780554423323170560,HTTP Duration (excl. conn),ms,max,14461.01
141,1780554422323170560,1780554423323170560,HTTP Duration (excl. conn),ms,sum,14461.01
141,1780554422323170560,1780554423323170560,HTTP Duration (excl. conn),ms,p1,14461.01
141,1780554422323170560,1780554423323170560,HTTP Duration (excl. conn),ms,p5,14461.01
141,1780554422323170560,1780554423323170560,HTTP Duration (excl. conn),ms,p10,14461.01
141,1780554422323170560,1780554423323170560,HTTP Duration (excl. conn),ms,p25,14461.01
141,1780554422323170560,1780554423323170560,HTTP Duration (excl. conn),ms,p50,14461.01
141,1780554422323170560,1780554423323170560,HTTP Duration (excl. conn),ms,p75,14461.01
141,1780554422323170560,1780554423323170560,HTTP Duration (excl. conn),ms,p90,14461.01
141,1780554422323170560,1780554423323170560,HTTP Duration (excl. conn),ms,p95,14461.01
141,1780554422323170560,1780554423323170560,HTTP Duration (excl. conn),ms,p99,14461.01
141,1780554422323170560,1780554423323170560,HTTP Duration (excl. conn),ms,std,0.00
141,1780554422323170560,1780554423323170560,HTTP Receiving,ms,avg,13913.74
141,1780554422323170560,1780554423323170560,HTTP Receiving,ms,min,13913.74
141,1780554422323170560,1780554423323170560,HTTP Receiving,ms,max,13913.74
141,1780554422323170560,1780554423323170560,HTTP Receiving,ms,sum,13913.74
141,1780554422323170560,1780554423323170560,HTTP Receiving,ms,p1,13913.74
141,1780554422323170560,1780554423323170560,HTTP Receiving,ms,p5,13913.74
141,1780554422323170560,1780554423323170560,HTTP Receiving,ms,p10,13913.74
141,1780554422323170560,1780554423323170560,HTTP Receiving,ms,p25,13913.74
141,1780554422323170560,1780554423323170560,HTTP Receiving,ms,p50,13913.74
141,1780554422323170560,1780554423323170560,HTTP Receiving,ms,p75,13913.74
141,1780554422323170560,1780554423323170560,HTTP Receiving,ms,p90,13913.74
141,1780554422323170560,1780554423323170560,HTTP Receiving,ms,p95,13913.74
141,1780554422323170560,1780554423323170560,HTTP Receiving,ms,p99,13913.74
141,1780554422323170560,1780554423323170560,HTTP Receiving,ms,std,0.00
141,1780554422323170560,1780554423323170560,HTTP Sending,ms,avg,0.26
141,1780554422323170560,1780554423323170560,HTTP Sending,ms,min,0.26
141,1780554422323170560,1780554423323170560,HTTP Sending,ms,max,0.26
141,1780554422323170560,1780554423323170560,HTTP Sending,ms,sum,0.26
141,1780554422323170560,1780554423323170560,HTTP Sending,ms,p1,0.26
141,1780554422323170560,1780554423323170560,HTTP Sending,ms,p5,0.26
141,1780554422323170560,1780554423323170560,HTTP Sending,ms,p10,0.26
141,1780554422323170560,1780554423323170560,HTTP Sending,ms,p25,0.26
141,1780554422323170560,1780554423323170560,HTTP Sending,ms,p50,0.26
141,1780554422323170560,1780554423323170560,HTTP Sending,ms,p75,0.26
141,1780554422323170560,1780554423323170560,HTTP Sending,ms,p90,0.26
141,1780554422323170560,1780554423323170560,HTTP Sending,ms,p95,0.26
141,1780554422323170560,1780554423323170560,HTTP Sending,ms,p99,0.26
141,1780554422323170560,1780554423323170560,HTTP Sending,ms,std,0.00
141,1780554422323170560,1780554423323170560,HTTP Total Time,ms,avg,14461.01
141,1780554422323170560,1780554423323170560,HTTP Total Time,ms,min,14461.01
141,1780554422323170560,1780554423323170560,HTTP Total Time,ms,max,14461.01
141,1780554422323170560,1780554423323170560,HTTP Total Time,ms,sum,14461.01
141,1780554422323170560,1780554423323170560,HTTP Total Time,ms,p1,14461.01
141,1780554422323170560,1780554423323170560,HTTP Total Time,ms,p5,14461.01
141,1780554422323170560,1780554423323170560,HTTP Total Time,ms,p10,14461.01
141,1780554422323170560,1780554423323170560,HTTP Total Time,ms,p25,14461.01
141,1780554422323170560,1780554423323170560,HTTP Total Time,ms,p50,14461.01
141,1780554422323170560,1780554423323170560,HTTP Total Time,ms,p75,14461.01
141,1780554422323170560,1780554423323170560,HTTP Total Time,ms,p90,14461.01
141,1780554422323170560,1780554423323170560,HTTP Total Time,ms,p95,14461.01
141,1780554422323170560,1780554423323170560,HTTP Total Time,ms,p99,14461.01
141,1780554422323170560,1780554423323170560,HTTP Total Time,ms,std,0.00
141,1780554422323170560,1780554423323170560,HTTP Waiting (TTFB),ms,avg,547.01
141,1780554422323170560,1780554423323170560,HTTP Waiting (TTFB),ms,min,547.01
141,1780554422323170560,1780554423323170560,HTTP Waiting (TTFB),ms,max,547.01
141,1780554422323170560,1780554423323170560,HTTP Waiting (TTFB),ms,sum,547.01
141,1780554422323170560,1780554423323170560,HTTP Waiting (TTFB),ms,p1,547.01
141,1780554422323170560,1780554423323170560,HTTP Waiting (TTFB),ms,p5,547.01
141,1780554422323170560,1780554423323170560,HTTP Waiting (TTFB),ms,p10,547.01
141,1780554422323170560,1780554423323170560,HTTP Waiting (TTFB),ms,p25,547.01
141,1780554422323170560,1780554423323170560,HTTP Waiting (TTFB),ms,p50,547.01
141,1780554422323170560,1780554423323170560,HTTP Waiting (TTFB),ms,p75,547.01
141,1780554422323170560,1780554423323170560,HTTP Waiting (TTFB),ms,p90,547.01
141,1780554422323170560,1780554423323170560,HTTP Waiting (TTFB),ms,p95,547.01
141,1780554422323170560,1780554423323170560,HTTP Waiting (TTFB),ms,p99,547.01
141,1780554422323170560,1780554423323170560,HTTP Waiting (TTFB),ms,std,0.00
141,1780554422323170560,1780554423323170560,Input Sequence Length,tokens,avg,48532.00
141,1780554422323170560,1780554423323170560,Input Sequence Length,tokens,min,48532.00
141,1780554422323170560,1780554423323170560,Input Sequence Length,tokens,max,48532.00
141,1780554422323170560,1780554423323170560,Input Sequence Length,tokens,sum,48532.00
141,1780554422323170560,1780554423323170560,Input Sequence Length,tokens,p1,48532.00
141,1780554422323170560,1780554423323170560,Input Sequence Length,tokens,p5,48532.00
141,1780554422323170560,1780554423323170560,Input Sequence Length,tokens,p10,48532.00
141,1780554422323170560,1780554423323170560,Input Sequence Length,tokens,p25,48532.00
141,1780554422323170560,1780554423323170560,Input Sequence Length,tokens,p50,48532.00
141,1780554422323170560,1780554423323170560,Input Sequence Length,tokens,p75,48532.00
141,1780554422323170560,1780554423323170560,Input Sequence Length,tokens,p90,48532.00
141,1780554422323170560,1780554423323170560,Input Sequence Length,tokens,p95,48532.00
141,1780554422323170560,1780554423323170560,Input Sequence Length,tokens,p99,48532.00
141,1780554422323170560,1780554423323170560,Input Sequence Length,tokens,std,0.00
141,1780554422323170560,1780554423323170560,Input Token Throughput,tokens/sec,avg,48532.00
141,1780554422323170560,1780554423323170560,Inter Chunk Latency,ms,avg,68.70
141,1780554422323170560,1780554423323170560,Inter Chunk Latency,ms,min,68.70
141,1780554422323170560,1780554423323170560,Inter Chunk Latency,ms,max,68.71
141,1780554422323170560,1780554423323170560,Inter Chunk Latency,ms,sum,9756.08
141,1780554422323170560,1780554423323170560,Inter Chunk Latency,ms,p1,68.70
141,1780554422323170560,1780554423323170560,Inter Chunk Latency,ms,p5,68.70
141,1780554422323170560,1780554423323170560,Inter Chunk Latency,ms,p10,68.70
141,1780554422323170560,1780554423323170560,Inter Chunk Latency,ms,p25,68.70
141,1780554422323170560,1780554423323170560,Inter Chunk Latency,ms,p50,68.71
141,1780554422323170560,1780554423323170560,Inter Chunk Latency,ms,p75,68.71
141,1780554422323170560,1780554423323170560,Inter Chunk Latency,ms,p90,68.71
141,1780554422323170560,1780554423323170560,Inter Chunk Latency,ms,p95,68.71
141,1780554422323170560,1780554423323170560,Inter Chunk Latency,ms,p99,68.71
141,1780554422323170560,1780554423323170560,Inter Chunk Latency,ms,std,0.00
141,1780554422323170560,1780554423323170560,Inter Token Latency,ms,avg,97.98
141,1780554422323170560,1780554423323170560,Inter Token Latency,ms,min,97.98
141,1780554422323170560,1780554423323170560,Inter Token Latency,ms,max,97.98
141,1780554422323170560,1780554423323170560,Inter Token Latency,ms,sum,97.98
141,1780554422323170560,1780554423323170560,Inter Token Latency,ms,p1,97.98
141,1780554422323170560,1780554423323170560,Inter Token Latency,ms,p5,97.98
141,1780554422323170560,1780554423323170560,Inter Token Latency,ms,p10,97.98
141,1780554422323170560,1780554423323170560,Inter Token Latency,ms,p25,97.98
141,1780554422323170560,1780554423323170560,Inter Token Latency,ms,p50,97.98
141,1780554422323170560,1780554423323170560,Inter Token Latency,ms,p75,97.98
141,1780554422323170560,1780554423323170560,Inter Token Latency,ms,p90,97.98
141,1780554422323170560,1780554423323170560,Inter Token Latency,ms,p95,97.98
141,1780554422323170560,1780554423323170560,Inter Token Latency,ms,p99,97.98
141,1780554422323170560,1780554423323170560,Inter Token Latency,ms,std,0.00
141,1780554422323170560,1780554423323170560,Maximum Response Timestamp,ns,avg,1780554436893368064.00
141,1780554422323170560,1780554423323170560,Minimum Request Timestamp,ns,avg,1780554422432239104.00
141,1780554422323170560,1780554423323170560,OSL Mismatch Count,requests,avg,0.00
141,1780554422323170560,1780554423323170560,OSL Mismatch Diff %,%,avg,0.00
141,1780554422323170560,1780554423323170560,OSL Mismatch Diff %,%,min,0.00
141,1780554422323170560,1780554423323170560,OSL Mismatch Diff %,%,max,0.00
141,1780554422323170560,1780554423323170560,OSL Mismatch Diff %,%,sum,0.00
141,1780554422323170560,1780554423323170560,OSL Mismatch Diff %,%,p1,0.00
141,1780554422323170560,1780554423323170560,OSL Mismatch Diff %,%,p5,0.00
141,1780554422323170560,1780554423323170560,OSL Mismatch Diff %,%,p10,0.00
141,1780554422323170560,1780554423323170560,OSL Mismatch Diff %,%,p25,0.00
141,1780554422323170560,1780554423323170560,OSL Mismatch Diff %,%,p50,0.00
141,1780554422323170560,1780554423323170560,OSL Mismatch Diff %,%,p75,0.00
141,1780554422323170560,1780554423323170560,OSL Mismatch Diff %,%,p90,0.00
141,1780554422323170560,1780554423323170560,OSL Mismatch Diff %,%,p95,0.00
141,1780554422323170560,1780554423323170560,OSL Mismatch Diff %,%,p99,0.00
141,1780554422323170560,1780554423323170560,OSL Mismatch Diff %,%,std,0.00
141,1780554422323170560,1780554423323170560,Output Sequence Length,tokens,avg,143.00
141,1780554422323170560,1780554423323170560,Output Sequence Length,tokens,min,143.00
141,1780554422323170560,1780554423323170560,Output Sequence Length,tokens,max,143.00
141,1780554422323170560,1780554423323170560,Output Sequence Length,tokens,sum,143.00
141,1780554422323170560,1780554423323170560,Output Sequence Length,tokens,p1,143.00
141,1780554422323170560,1780554423323170560,Output Sequence Length,tokens,p5,143.00
141,1780554422323170560,1780554423323170560,Output Sequence Length,tokens,p10,143.00
141,1780554422323170560,1780554423323170560,Output Sequence Length,tokens,p25,143.00
141,1780554422323170560,1780554423323170560,Output Sequence Length,tokens,p50,143.00
141,1780554422323170560,1780554423323170560,Output Sequence Length,tokens,p75,143.00
141,1780554422323170560,1780554423323170560,Output Sequence Length,tokens,p90,143.00
141,1780554422323170560,1780554423323170560,Output Sequence Length,tokens,p95,143.00
141,1780554422323170560,1780554423323170560,Output Sequence Length,tokens,p99,143.00
141,1780554422323170560,1780554423323170560,Output Sequence Length,tokens,std,0.00
141,1780554422323170560,1780554423323170560,Output Token Count,tokens,avg,143.00
141,1780554422323170560,1780554423323170560,Output Token Count,tokens,min,143.00
141,1780554422323170560,1780554423323170560,Output Token Count,tokens,max,143.00
141,1780554422323170560,1780554423323170560,Output Token Count,tokens,sum,143.00
141,1780554422323170560,1780554423323170560,Output Token Count,tokens,p1,143.00
141,1780554422323170560,1780554423323170560,Output Token Count,tokens,p5,143.00
141,1780554422323170560,1780554423323170560,Output Token Count,tokens,p10,143.00
141,1780554422323170560,1780554423323170560,Output Token Count,tokens,p25,143.00
141,1780554422323170560,1780554423323170560,Output Token Count,tokens,p50,143.00
141,1780554422323170560,1780554423323170560,Output Token Count,tokens,p75,143.00
141,1780554422323170560,1780554423323170560,Output Token Count,tokens,p90,143.00
141,1780554422323170560,1780554423323170560,Output Token Count,tokens,p95,143.00
141,1780554422323170560,1780554423323170560,Output Token Count,tokens,p99,143.00
141,1780554422323170560,1780554423323170560,Output Token Count,tokens,std,0.00
141,1780554422323170560,1780554423323170560,Output Token Throughput,tokens/sec,avg,143.00
141,1780554422323170560,1780554423323170560,Output Token Throughput Per User,tokens/sec/user,avg,10.21
141,1780554422323170560,1780554423323170560,Output Token Throughput Per User,tokens/sec/user,min,10.21
141,1780554422323170560,1780554423323170560,Output Token Throughput Per User,tokens/sec/user,max,10.21
141,1780554422323170560,1780554423323170560,Output Token Throughput Per User,tokens/sec/user,sum,10.21
141,1780554422323170560,1780554423323170560,Output Token Throughput Per User,tokens/sec/user,p1,10.21
141,1780554422323170560,1780554423323170560,Output Token Throughput Per User,tokens/sec/user,p5,10.21
141,1780554422323170560,1780554423323170560,Output Token Throughput Per User,tokens/sec/user,p10,10.21
141,1780554422323170560,1780554423323170560,Output Token Throughput Per User,tokens/sec/user,p25,10.21
141,1780554422323170560,1780554423323170560,Output Token Throughput Per User,tokens/sec/user,p50,10.21
141,1780554422323170560,1780554423323170560,Output Token Throughput Per User,tokens/sec/user,p75,10.21
141,1780554422323170560,1780554423323170560,Output Token Throughput Per User,tokens/sec/user,p90,10.21
141,1780554422323170560,1780554423323170560,Output Token Throughput Per User,tokens/sec/user,p95,10.21
141,1780554422323170560,1780554423323170560,Output Token Throughput Per User,tokens/sec/user,p99,10.21
141,1780554422323170560,1780554423323170560,Output Token Throughput Per User,tokens/sec/user,std,0.00
141,1780554422323170560,1780554423323170560,Prefill Throughput Per User,tokens/sec/user,avg,88659.90
141,1780554422323170560,1780554423323170560,Prefill Throughput Per User,tokens/sec/user,min,88659.90
141,1780554422323170560,1780554423323170560,Prefill Throughput Per User,tokens/sec/user,max,88659.90
141,1780554422323170560,1780554423323170560,Prefill Throughput Per User,tokens/sec/user,sum,88659.90
141,1780554422323170560,1780554423323170560,Prefill Throughput Per User,tokens/sec/user,p1,88659.90
141,1780554422323170560,1780554423323170560,Prefill Throughput Per User,tokens/sec/user,p5,88659.90
141,1780554422323170560,1780554423323170560,Prefill Throughput Per User,tokens/sec/user,p10,88659.90
141,1780554422323170560,1780554423323170560,Prefill Throughput Per User,tokens/sec/user,p25,88659.90
141,1780554422323170560,1780554423323170560,Prefill Throughput Per User,tokens/sec/user,p50,88659.90
141,1780554422323170560,1780554423323170560,Prefill Throughput Per User,tokens/sec/user,p75,88659.90
141,1780554422323170560,1780554423323170560,Prefill Throughput Per User,tokens/sec/user,p90,88659.90
141,1780554422323170560,1780554423323170560,Prefill Throughput Per User,tokens/sec/user,p95,88659.90
141,1780554422323170560,1780554423323170560,Prefill Throughput Per User,tokens/sec/user,p99,88659.90
141,1780554422323170560,1780554423323170560,Prefill Throughput Per User,tokens/sec/user,std,0.00
141,1780554422323170560,1780554423323170560,Request Count,requests,avg,1.00
141,1780554422323170560,1780554423323170560,Request Latency,ms,avg,14461.13
141,1780554422323170560,1780554423323170560,Request Latency,ms,min,14461.13
141,1780554422323170560,1780554423323170560,Request Latency,ms,max,14461.13
141,1780554422323170560,1780554423323170560,Request Latency,ms,sum,14461.13
141,1780554422323170560,1780554423323170560,Request Latency,ms,p1,14461.13
141,1780554422323170560,1780554423323170560,Request Latency,ms,p5,14461.13
141,1780554422323170560,1780554423323170560,Request Latency,ms,p10,14461.13
141,1780554422323170560,1780554423323170560,Request Latency,ms,p25,14461.13
141,1780554422323170560,1780554423323170560,Request Latency,ms,p50,14461.13
141,1780554422323170560,1780554423323170560,Request Latency,ms,p75,14461.13
141,1780554422323170560,1780554423323170560,Request Latency,ms,p90,14461.13
141,1780554422323170560,1780554423323170560,Request Latency,ms,p95,14461.13
141,1780554422323170560,1780554423323170560,Request Latency,ms,p99,14461.13
141,1780554422323170560,1780554423323170560,Request Latency,ms,std,0.00
141,1780554422323170560,1780554423323170560,Request Throughput,requests/sec,avg,1.00
141,1780554422323170560,1780554423323170560,Requested OSL,tokens,avg,143.00
141,1780554422323170560,1780554423323170560,Requested OSL,tokens,min,143.00
141,1780554422323170560,1780554423323170560,Requested OSL,tokens,max,143.00
141,1780554422323170560,1780554423323170560,Requested OSL,tokens,sum,143.00
141,1780554422323170560,1780554423323170560,Requested OSL,tokens,p1,143.00
141,1780554422323170560,1780554423323170560,Requested OSL,tokens,p5,143.00
141,1780554422323170560,1780554423323170560,Requested OSL,tokens,p10,143.00
141,1780554422323170560,1780554423323170560,Requested OSL,tokens,p25,143.00
141,1780554422323170560,1780554423323170560,Requested OSL,tokens,p50,143.00
141,1780554422323170560,1780554423323170560,Requested OSL,tokens,p75,143.00
141,1780554422323170560,1780554423323170560,Requested OSL,tokens,p90,143.00
141,1780554422323170560,1780554423323170560,Requested OSL,tokens,p95,143.00
141,1780554422323170560,1780554423323170560,Requested OSL,tokens,p99,143.00
141,1780554422323170560,1780554423323170560,Requested OSL,tokens,std,0.00
141,1780554422323170560,1780554423323170560,Time to First Output Token,ms,avg,547.40
141,1780554422323170560,1780554423323170560,Time to First Output Token,ms,min,547.40
141,1780554422323170560,1780554423323170560,Time to First Output Token,ms,max,547.40
141,1780554422323170560,1780554423323170560,Time to First Output Token,ms,sum,547.40
141,1780554422323170560,1780554423323170560,Time to First Output Token,ms,p1,547.40
141,1780554422323170560,1780554423323170560,Time to First Output Token,ms,p5,547.40
141,1780554422323170560,1780554423323170560,Time to First Output Token,ms,p10,547.40
141,1780554422323170560,1780554423323170560,Time to First Output Token,ms,p25,547.40
141,1780554422323170560,1780554423323170560,Time to First Output Token,ms,p50,547.40
141,1780554422323170560,1780554423323170560,Time to First Output Token,ms,p75,547.40
141,1780554422323170560,1780554423323170560,Time to First Output Token,ms,p90,547.40
141,1780554422323170560,1780554423323170560,Time to First Output Token,ms,p95,547.40
141,1780554422323170560,1780554423323170560,Time to First Output Token,ms,p99,547.40
141,1780554422323170560,1780554423323170560,Time to First Output Token,ms,std,0.00
141,1780554422323170560,1780554423323170560,Time to First Token,ms,avg,547.40
141,1780554422323170560,1780554423323170560,Time to First Token,ms,min,547.40
141,1780554422323170560,1780554423323170560,Time to First Token,ms,max,547.40
141,1780554422323170560,1780554423323170560,Time to First Token,ms,sum,547.40
141,1780554422323170560,1780554423323170560,Time to First Token,ms,p1,547.40
141,1780554422323170560,1780554423323170560,Time to First Token,ms,p5,547.40
141,1780554422323170560,1780554423323170560,Time to First Token,ms,p10,547.40
141,1780554422323170560,1780554423323170560,Time to First Token,ms,p25,547.40
141,1780554422323170560,1780554423323170560,Time to First Token,ms,p50,547.40
141,1780554422323170560,1780554423323170560,Time to First Token,ms,p75,547.40
141,1780554422323170560,1780554423323170560,Time to First Token,ms,p90,547.40
141,1780554422323170560,1780554423323170560,Time to First Token,ms,p95,547.40
141,1780554422323170560,1780554423323170560,Time to First Token,ms,p99,547.40
141,1780554422323170560,1780554423323170560,Time to First Token,ms,std,0.00
141,1780554422323170560,1780554423323170560,Time to Second Token,ms,avg,22.49
141,1780554422323170560,1780554423323170560,Time to Second Token,ms,min,22.49
141,1780554422323170560,1780554423323170560,Time to Second Token,ms,max,22.49
141,1780554422323170560,1780554423323170560,Time to Second Token,ms,sum,22.49
141,1780554422323170560,1780554423323170560,Time to Second Token,ms,p1,22.49
141,1780554422323170560,1780554423323170560,Time to Second Token,ms,p5,22.49
141,1780554422323170560,1780554423323170560,Time to Second Token,ms,p10,22.49
141,1780554422323170560,1780554423323170560,Time to Second Token,ms,p25,22.49
141,1780554422323170560,1780554423323170560,Time to Second Token,ms,p50,22.49
141,1780554422323170560,1780554423323170560,Time to Second Token,ms,p75,22.49
141,1780554422323170560,1780554423323170560,Time to Second Token,ms,p90,22.49
141,1780554422323170560,1780554423323170560,Time to Second Token,ms,p95,22.49
141,1780554422323170560,1780554423323170560,Time to Second Token,ms,p99,22.49
141,1780554422323170560,1780554423323170560,Time to Second Token,ms,std,0.00
141,1780554422323170560,1780554423323170560,Tokens In Flight,tokens,avg,781815.71
141,1780554422323170560,1780554423323170560,Tokens In Flight,tokens,min,738549.03
141,1780554422323170560,1780554423323170560,Tokens In Flight,tokens,max,787142.52
141,1780554422323170560,1780554423323170560,Tokens In Flight,tokens,p50,787107.57
141,1780554422323170560,1780554423323170560,Tokens In Flight,tokens,p90,787135.11
141,1780554422323170560,1780554423323170560,Tokens In Flight,tokens,p95,787138.11
141,1780554422323170560,1780554423323170560,Tokens In Flight,tokens,p99,787140.24
141,1780554422323170560,1780554423323170560,Tokens In Flight,tokens,std,15137.74
141,1780554422323170560,1780554423323170560,Total Input Sequence Length,tokens,avg,48532.00
141,1780554422323170560,1780554423323170560,Total Output Sequence Length,tokens,avg,143.00
141,1780554422323170560,1780554423323170560,Total Output Tokens,tokens,avg,143.00
141,1780554422323170560,1780554423323170560,Total Token Throughput,tokens/sec,avg,48675.00
141,1780554422323170560,1780554423323170560,Total Usage Completion Tokens,tokens,avg,143.00
141,1780554422323170560,1780554423323170560,Total Usage Prompt Tokens,tokens,avg,48532.00
141,1780554422323170560,1780554423323170560,Total Usage Total Tokens,tokens,avg,48675.00
141,1780554422323170560,1780554423323170560,Usage Completion Tokens,tokens,avg,143.00
141,1780554422323170560,1780554423323170560,Usage Completion Tokens,tokens,min,143.00
141,1780554422323170560,1780554423323170560,Usage Completion Tokens,tokens,max,143.00
141,1780554422323170560,1780554423323170560,Usage Completion Tokens,tokens,sum,143.00
141,1780554422323170560,1780554423323170560,Usage Completion Tokens,tokens,p1,143.00
141,1780554422323170560,1780554423323170560,Usage Completion Tokens,tokens,p5,143.00
141,1780554422323170560,1780554423323170560,Usage Completion Tokens,tokens,p10,143.00
141,1780554422323170560,1780554423323170560,Usage Completion Tokens,tokens,p25,143.00
141,1780554422323170560,1780554423323170560,Usage Completion Tokens,tokens,p50,143.00
141,1780554422323170560,1780554423323170560,Usage Completion Tokens,tokens,p75,143.00
141,1780554422323170560,1780554423323170560,Usage Completion Tokens,tokens,p90,143.00
141,1780554422323170560,1780554423323170560,Usage Completion Tokens,tokens,p95,143.00
141,1780554422323170560,1780554423323170560,Usage Completion Tokens,tokens,p99,143.00
141,1780554422323170560,1780554423323170560,Usage Completion Tokens,tokens,std,0.00
141,1780554422323170560,1780554423323170560,Usage Prompt Tokens,tokens,avg,48532.00
141,1780554422323170560,1780554423323170560,Usage Prompt Tokens,tokens,min,48532.00
141,1780554422323170560,1780554423323170560,Usage Prompt Tokens,tokens,max,48532.00
141,1780554422323170560,1780554423323170560,Usage Prompt Tokens,tokens,sum,48532.00
141,1780554422323170560,1780554423323170560,Usage Prompt Tokens,tokens,p1,48532.00
141,1780554422323170560,1780554423323170560,Usage Prompt Tokens,tokens,p5,48532.00
141,1780554422323170560,1780554423323170560,Usage Prompt Tokens,tokens,p10,48532.00
141,1780554422323170560,1780554423323170560,Usage Prompt Tokens,tokens,p25,48532.00
141,1780554422323170560,1780554423323170560,Usage Prompt Tokens,tokens,p50,48532.00
141,1780554422323170560,1780554423323170560,Usage Prompt Tokens,tokens,p75,48532.00
141,1780554422323170560,1780554423323170560,Usage Prompt Tokens,tokens,p90,48532.00
141,1780554422323170560,1780554423323170560,Usage Prompt Tokens,tokens,p95,48532.00
141,1780554422323170560,1780554423323170560,Usage Prompt Tokens,tokens,p99,48532.00
141,1780554422323170560,1780554423323170560,Usage Prompt Tokens,tokens,std,0.00
141,1780554422323170560,1780554423323170560,Usage Total Tokens,tokens,avg,48675.00
141,1780554422323170560,1780554423323170560,Usage Total Tokens,tokens,min,48675.00
141,1780554422323170560,1780554423323170560,Usage Total Tokens,tokens,max,48675.00
141,1780554422323170560,1780554423323170560,Usage Total Tokens,tokens,sum,48675.00
141,1780554422323170560,1780554423323170560,Usage Total Tokens,tokens,p1,48675.00
141,1780554422323170560,1780554423323170560,Usage Total Tokens,tokens,p5,48675.00
141,1780554422323170560,1780554423323170560,Usage Total Tokens,tokens,p10,48675.00
141,1780554422323170560,1780554423323170560,Usage Total Tokens,tokens,p25,48675.00
141,1780554422323170560,1780554423323170560,Usage Total Tokens,tokens,p50,48675.00
141,1780554422323170560,1780554423323170560,Usage Total Tokens,tokens,p75,48675.00
141,1780554422323170560,1780554423323170560,Usage Total Tokens,tokens,p90,48675.00
141,1780554422323170560,1780554423323170560,Usage Total Tokens,tokens,p95,48675.00
141,1780554422323170560,1780554423323170560,Usage Total Tokens,tokens,p99,48675.00
141,1780554422323170560,1780554423323170560,Usage Total Tokens,tokens,std,0.00
142,1780554425323170560,1780554426323170560,Active Decode Throughput,tokens/sec,avg,70.58
142,1780554425323170560,1780554426323170560,Active Decode Throughput,tokens/sec,min,56.02
142,1780554425323170560,1780554426323170560,Active Decode Throughput,tokens/sec,max,85.13
142,1780554425323170560,1780554426323170560,Active Decode Throughput,tokens/sec,p50,70.58
142,1780554425323170560,1780554426323170560,Active Decode Throughput,tokens/sec,p90,70.58
142,1780554425323170560,1780554426323170560,Active Decode Throughput,tokens/sec,p95,70.58
142,1780554425323170560,1780554426323170560,Active Decode Throughput,tokens/sec,p99,70.58
142,1780554425323170560,1780554426323170560,Active Decode Throughput,tokens/sec,std,0.03
142,1780554425323170560,1780554426323170560,Active Decode Throughput Per User,tokens/sec/user,avg,6.04
142,1780554425323170560,1780554426323170560,Active Decode Throughput Per User,tokens/sec/user,min,4.67
142,1780554425323170560,1780554426323170560,Active Decode Throughput Per User,tokens/sec/user,max,7.74
142,1780554425323170560,1780554426323170560,Active Decode Throughput Per User,tokens/sec/user,p50,5.88
142,1780554425323170560,1780554426323170560,Active Decode Throughput Per User,tokens/sec/user,p90,6.42
142,1780554425323170560,1780554426323170560,Active Decode Throughput Per User,tokens/sec/user,p95,6.42
142,1780554425323170560,1780554426323170560,Active Decode Throughput Per User,tokens/sec/user,p99,6.42
142,1780554425323170560,1780554426323170560,Active Decode Throughput Per User,tokens/sec/user,std,0.24
142,1780554425323170560,1780554426323170560,Active Prefill Throughput,tokens/sec,avg,128239.12
142,1780554425323170560,1780554426323170560,Active Prefill Throughput,tokens/sec,min,128239.12
142,1780554425323170560,1780554426323170560,Active Prefill Throughput,tokens/sec,max,128239.12
142,1780554425323170560,1780554426323170560,Active Prefill Throughput,tokens/sec,p50,128239.12
142,1780554425323170560,1780554426323170560,Active Prefill Throughput,tokens/sec,p90,128239.12
142,1780554425323170560,1780554426323170560,Active Prefill Throughput,tokens/sec,p95,128239.12
142,1780554425323170560,1780554426323170560,Active Prefill Throughput,tokens/sec,p99,128239.12
142,1780554425323170560,1780554426323170560,Active Prefill Throughput,tokens/sec,std,0.00
142,1780554425323170560,1780554426323170560,Active Prefill Throughput Per User,tokens/sec/user,avg,128239.12
142,1780554425323170560,1780554426323170560,Active Prefill Throughput Per User,tokens/sec/user,min,128239.12
142,1780554425323170560,1780554426323170560,Active Prefill Throughput Per User,tokens/sec/user,max,128239.12
142,1780554425323170560,1780554426323170560,Active Prefill Throughput Per User,tokens/sec/user,p50,128239.12
142,1780554425323170560,1780554426323170560,Active Prefill Throughput Per User,tokens/sec/user,p90,128239.12
142,1780554425323170560,1780554426323170560,Active Prefill Throughput Per User,tokens/sec/user,p95,128239.12
142,1780554425323170560,1780554426323170560,Active Prefill Throughput Per User,tokens/sec/user,p99,128239.12
142,1780554425323170560,1780554426323170560,Active Prefill Throughput Per User,tokens/sec/user,std,0.00
142,1780554425323170560,1780554426323170560,Active Total Throughput,tokens/sec,avg,35650.67
142,1780554425323170560,1780554426323170560,Active Total Throughput,tokens/sec,min,103.15
142,1780554425323170560,1780554426323170560,Active Total Throughput,tokens/sec,max,128342.27
142,1780554425323170560,1780554426323170560,Active Total Throughput,tokens/sec,p50,109.30
142,1780554425323170560,1780554426323170560,Active Total Throughput,tokens/sec,p90,128342.27
142,1780554425323170560,1780554426323170560,Active Total Throughput,tokens/sec,p95,128342.27
142,1780554425323170560,1780554426323170560,Active Total Throughput,tokens/sec,p99,128342.27
142,1780554425323170560,1780554426323170560,Active Total Throughput,tokens/sec,std,57396.89
142,1780554425323170560,1780554426323170560,Benchmark Duration,sec,avg,17.64
142,1780554425323170560,1780554426323170560,E2E Output Token Throughput,tokens/sec/user,avg,10.66
142,1780554425323170560,1780554426323170560,E2E Output Token Throughput,tokens/sec/user,min,10.66
142,1780554425323170560,1780554426323170560,E2E Output Token Throughput,tokens/sec/user,max,10.66
142,1780554425323170560,1780554426323170560,E2E Output Token Throughput,tokens/sec/user,sum,10.66
142,1780554425323170560,1780554426323170560,E2E Output Token Throughput,tokens/sec/user,p1,10.66
142,1780554425323170560,1780554426323170560,E2E Output Token Throughput,tokens/sec/user,p5,10.66
142,1780554425323170560,1780554426323170560,E2E Output Token Throughput,tokens/sec/user,p10,10.66
142,1780554425323170560,1780554426323170560,E2E Output Token Throughput,tokens/sec/user,p25,10.66
142,1780554425323170560,1780554426323170560,E2E Output Token Throughput,tokens/sec/user,p50,10.66
142,1780554425323170560,1780554426323170560,E2E Output Token Throughput,tokens/sec/user,p75,10.66
142,1780554425323170560,1780554426323170560,E2E Output Token Throughput,tokens/sec/user,p90,10.66
142,1780554425323170560,1780554426323170560,E2E Output Token Throughput,tokens/sec/user,p95,10.66
142,1780554425323170560,1780554426323170560,E2E Output Token Throughput,tokens/sec/user,p99,10.66
142,1780554425323170560,1780554426323170560,E2E Output Token Throughput,tokens/sec/user,std,0.00
142,1780554425323170560,1780554426323170560,Effective Concurrency,requests,avg,11.98
142,1780554425323170560,1780554426323170560,Effective Concurrency,requests,min,11.00
142,1780554425323170560,1780554426323170560,Effective Concurrency,requests,max,12.00
142,1780554425323170560,1780554426323170560,Effective Concurrency,requests,p50,12.00
142,1780554425323170560,1780554426323170560,Effective Concurrency,requests,p90,12.00
142,1780554425323170560,1780554426323170560,Effective Concurrency,requests,p95,12.00
142,1780554425323170560,1780554426323170560,Effective Concurrency,requests,p99,12.00
142,1780554425323170560,1780554426323170560,Effective Concurrency,requests,std,0.14
142,1780554425323170560,1780554426323170560,Effective Decode Concurrency,requests,avg,11.70
142,1780554425323170560,1780554426323170560,Effective Decode Concurrency,requests,min,11.00
142,1780554425323170560,1780554426323170560,Effective Decode Concurrency,requests,max,12.00
142,1780554425323170560,1780554426323170560,Effective Decode Concurrency,requests,p50,12.00
142,1780554425323170560,1780554426323170560,Effective Decode Concurrency,requests,p90,12.00
142,1780554425323170560,1780554426323170560,Effective Decode Concurrency,requests,p95,12.00
142,1780554425323170560,1780554426323170560,Effective Decode Concurrency,requests,p99,12.00
142,1780554425323170560,1780554426323170560,Effective Decode Concurrency,requests,std,0.46
142,1780554425323170560,1780554426323170560,Effective Decode Throughput,tokens/sec,avg,70.58
142,1780554425323170560,1780554426323170560,Effective Decode Throughput,tokens/sec,min,56.02
142,1780554425323170560,1780554426323170560,Effective Decode Throughput,tokens/sec,max,85.13
142,1780554425323170560,1780554426323170560,Effective Decode Throughput,tokens/sec,p50,70.58
142,1780554425323170560,1780554426323170560,Effective Decode Throughput,tokens/sec,p90,70.58
142,1780554425323170560,1780554426323170560,Effective Decode Throughput,tokens/sec,p95,70.58
142,1780554425323170560,1780554426323170560,Effective Decode Throughput,tokens/sec,p99,70.58
142,1780554425323170560,1780554426323170560,Effective Decode Throughput,tokens/sec,std,0.03
142,1780554425323170560,1780554426323170560,Effective Decode Throughput Per User,tokens/sec/user,avg,6.04
142,1780554425323170560,1780554426323170560,Effective Decode Throughput Per User,tokens/sec/user,min,4.67
142,1780554425323170560,1780554426323170560,Effective Decode Throughput Per User,tokens/sec/user,max,7.74
142,1780554425323170560,1780554426323170560,Effective Decode Throughput Per User,tokens/sec/user,p50,5.88
142,1780554425323170560,1780554426323170560,Effective Decode Throughput Per User,tokens/sec/user,p90,6.42
142,1780554425323170560,1780554426323170560,Effective Decode Throughput Per User,tokens/sec/user,p95,6.42
142,1780554425323170560,1780554426323170560,Effective Decode Throughput Per User,tokens/sec/user,p99,6.42
142,1780554425323170560,1780554426323170560,Effective Decode Throughput Per User,tokens/sec/user,std,0.24
142,1780554425323170560,1780554426323170560,Effective Prefill Concurrency,requests,avg,0.28
142,1780554425323170560,1780554426323170560,Effective Prefill Concurrency,requests,min,0.00
142,1780554425323170560,1780554426323170560,Effective Prefill Concurrency,requests,max,1.00
142,1780554425323170560,1780554426323170560,Effective Prefill Concurrency,requests,p50,0.00
142,1780554425323170560,1780554426323170560,Effective Prefill Concurrency,requests,p90,1.00
142,1780554425323170560,1780554426323170560,Effective Prefill Concurrency,requests,p95,1.00
142,1780554425323170560,1780554426323170560,Effective Prefill Concurrency,requests,p99,1.00
142,1780554425323170560,1780554426323170560,Effective Prefill Concurrency,requests,std,0.45
142,1780554425323170560,1780554426323170560,Effective Prefill Throughput,tokens/sec,avg,35543.21
142,1780554425323170560,1780554426323170560,Effective Prefill Throughput,tokens/sec,min,0.00
142,1780554425323170560,1780554426323170560,Effective Prefill Throughput,tokens/sec,max,128239.12
142,1780554425323170560,1780554426323170560,Effective Prefill Throughput,tokens/sec,p50,0.00
142,1780554425323170560,1780554426323170560,Effective Prefill Throughput,tokens/sec,p90,128239.12
142,1780554425323170560,1780554426323170560,Effective Prefill Throughput,tokens/sec,p95,128239.12
142,1780554425323170560,1780554426323170560,Effective Prefill Throughput,tokens/sec,p99,128239.12
142,1780554425323170560,1780554426323170560,Effective Prefill Throughput,tokens/sec,std,57399.56
142,1780554425323170560,1780554426323170560,Effective Prefill Throughput Per User,tokens/sec/user,avg,35543.21
142,1780554425323170560,1780554426323170560,Effective Prefill Throughput Per User,tokens/sec/user,min,0.00
142,1780554425323170560,1780554426323170560,Effective Prefill Throughput Per User,tokens/sec/user,max,128239.12
142,1780554425323170560,1780554426323170560,Effective Prefill Throughput Per User,tokens/sec/user,p50,0.00
142,1780554425323170560,1780554426323170560,Effective Prefill Throughput Per User,tokens/sec/user,p90,128239.12
142,1780554425323170560,1780554426323170560,Effective Prefill Throughput Per User,tokens/sec/user,p95,128239.12
142,1780554425323170560,1780554426323170560,Effective Prefill Throughput Per User,tokens/sec/user,p99,128239.12
142,1780554425323170560,1780554426323170560,Effective Prefill Throughput Per User,tokens/sec/user,std,57399.56
142,1780554425323170560,1780554426323170560,Effective Total Throughput,tokens/sec,avg,35650.67
142,1780554425323170560,1780554426323170560,Effective Total Throughput,tokens/sec,min,103.15
142,1780554425323170560,1780554426323170560,Effective Total Throughput,tokens/sec,max,128342.27
142,1780554425323170560,1780554426323170560,Effective Total Throughput,tokens/sec,p50,109.30
142,1780554425323170560,1780554426323170560,Effective Total Throughput,tokens/sec,p90,128342.27
142,1780554425323170560,1780554426323170560,Effective Total Throughput,tokens/sec,p95,128342.27
142,1780554425323170560,1780554426323170560,Effective Total Throughput,tokens/sec,p99,128342.27
142,1780554425323170560,1780554426323170560,Effective Total Throughput,tokens/sec,std,57396.89
142,1780554425323170560,1780554426323170560,HTTP Blocked,ms,avg,0.00
142,1780554425323170560,1780554426323170560,HTTP Blocked,ms,min,0.00
142,1780554425323170560,1780554426323170560,HTTP Blocked,ms,max,0.00
142,1780554425323170560,1780554426323170560,HTTP Blocked,ms,sum,0.00
142,1780554425323170560,1780554426323170560,HTTP Blocked,ms,p1,0.00
142,1780554425323170560,1780554426323170560,HTTP Blocked,ms,p5,0.00
142,1780554425323170560,1780554426323170560,HTTP Blocked,ms,p10,0.00
142,1780554425323170560,1780554426323170560,HTTP Blocked,ms,p25,0.00
142,1780554425323170560,1780554426323170560,HTTP Blocked,ms,p50,0.00
142,1780554425323170560,1780554426323170560,HTTP Blocked,ms,p75,0.00
142,1780554425323170560,1780554426323170560,HTTP Blocked,ms,p90,0.00
142,1780554425323170560,1780554426323170560,HTTP Blocked,ms,p95,0.00
142,1780554425323170560,1780554426323170560,HTTP Blocked,ms,p99,0.00
142,1780554425323170560,1780554426323170560,HTTP Blocked,ms,std,0.00
142,1780554425323170560,1780554426323170560,HTTP Chunks Received,count,avg,188.00
142,1780554425323170560,1780554426323170560,HTTP Chunks Received,count,min,188.00
142,1780554425323170560,1780554426323170560,HTTP Chunks Received,count,max,188.00
142,1780554425323170560,1780554426323170560,HTTP Chunks Received,count,sum,188.00
142,1780554425323170560,1780554426323170560,HTTP Chunks Received,count,p1,188.00
142,1780554425323170560,1780554426323170560,HTTP Chunks Received,count,p5,188.00
142,1780554425323170560,1780554426323170560,HTTP Chunks Received,count,p10,188.00
142,1780554425323170560,1780554426323170560,HTTP Chunks Received,count,p25,188.00
142,1780554425323170560,1780554426323170560,HTTP Chunks Received,count,p50,188.00
142,1780554425323170560,1780554426323170560,HTTP Chunks Received,count,p75,188.00
142,1780554425323170560,1780554426323170560,HTTP Chunks Received,count,p90,188.00
142,1780554425323170560,1780554426323170560,HTTP Chunks Received,count,p95,188.00
142,1780554425323170560,1780554426323170560,HTTP Chunks Received,count,p99,188.00
142,1780554425323170560,1780554426323170560,HTTP Chunks Received,count,std,0.00
142,1780554425323170560,1780554426323170560,HTTP Chunks Sent,count,avg,1.00
142,1780554425323170560,1780554426323170560,HTTP Chunks Sent,count,min,1.00
142,1780554425323170560,1780554426323170560,HTTP Chunks Sent,count,max,1.00
142,1780554425323170560,1780554426323170560,HTTP Chunks Sent,count,sum,1.00
142,1780554425323170560,1780554426323170560,HTTP Chunks Sent,count,p1,1.00
142,1780554425323170560,1780554426323170560,HTTP Chunks Sent,count,p5,1.00
142,1780554425323170560,1780554426323170560,HTTP Chunks Sent,count,p10,1.00
142,1780554425323170560,1780554426323170560,HTTP Chunks Sent,count,p25,1.00
142,1780554425323170560,1780554426323170560,HTTP Chunks Sent,count,p50,1.00
142,1780554425323170560,1780554426323170560,HTTP Chunks Sent,count,p75,1.00
142,1780554425323170560,1780554426323170560,HTTP Chunks Sent,count,p90,1.00
142,1780554425323170560,1780554426323170560,HTTP Chunks Sent,count,p95,1.00
142,1780554425323170560,1780554426323170560,HTTP Chunks Sent,count,p99,1.00
142,1780554425323170560,1780554426323170560,HTTP Chunks Sent,count,std,0.00
142,1780554425323170560,1780554426323170560,HTTP Connecting,ms,avg,0.79
142,1780554425323170560,1780554426323170560,HTTP Connecting,ms,min,0.79
142,1780554425323170560,1780554426323170560,HTTP Connecting,ms,max,0.79
142,1780554425323170560,1780554426323170560,HTTP Connecting,ms,sum,0.79
142,1780554425323170560,1780554426323170560,HTTP Connecting,ms,p1,0.79
142,1780554425323170560,1780554426323170560,HTTP Connecting,ms,p5,0.79
142,1780554425323170560,1780554426323170560,HTTP Connecting,ms,p10,0.79
142,1780554425323170560,1780554426323170560,HTTP Connecting,ms,p25,0.79
142,1780554425323170560,1780554426323170560,HTTP Connecting,ms,p50,0.79
142,1780554425323170560,1780554426323170560,HTTP Connecting,ms,p75,0.79
142,1780554425323170560,1780554426323170560,HTTP Connecting,ms,p90,0.79
142,1780554425323170560,1780554426323170560,HTTP Connecting,ms,p95,0.79
142,1780554425323170560,1780554426323170560,HTTP Connecting,ms,p99,0.79
142,1780554425323170560,1780554426323170560,HTTP Connecting,ms,std,0.00
142,1780554425323170560,1780554426323170560,HTTP Connection Overhead,ms,avg,0.79
142,1780554425323170560,1780554426323170560,HTTP Connection Overhead,ms,min,0.79
142,1780554425323170560,1780554426323170560,HTTP Connection Overhead,ms,max,0.79
142,1780554425323170560,1780554426323170560,HTTP Connection Overhead,ms,sum,0.79
142,1780554425323170560,1780554426323170560,HTTP Connection Overhead,ms,p1,0.79
142,1780554425323170560,1780554426323170560,HTTP Connection Overhead,ms,p5,0.79
142,1780554425323170560,1780554426323170560,HTTP Connection Overhead,ms,p10,0.79
142,1780554425323170560,1780554426323170560,HTTP Connection Overhead,ms,p25,0.79
142,1780554425323170560,1780554426323170560,HTTP Connection Overhead,ms,p50,0.79
142,1780554425323170560,1780554426323170560,HTTP Connection Overhead,ms,p75,0.79
142,1780554425323170560,1780554426323170560,HTTP Connection Overhead,ms,p90,0.79
142,1780554425323170560,1780554426323170560,HTTP Connection Overhead,ms,p95,0.79
142,1780554425323170560,1780554426323170560,HTTP Connection Overhead,ms,p99,0.79
142,1780554425323170560,1780554426323170560,HTTP Connection Overhead,ms,std,0.00
142,1780554425323170560,1780554426323170560,HTTP Connection Reused,ratio,avg,0.00
142,1780554425323170560,1780554426323170560,HTTP Connection Reused,ratio,min,0.00
142,1780554425323170560,1780554426323170560,HTTP Connection Reused,ratio,max,0.00
142,1780554425323170560,1780554426323170560,HTTP Connection Reused,ratio,sum,0.00
142,1780554425323170560,1780554426323170560,HTTP Connection Reused,ratio,p1,0.00
142,1780554425323170560,1780554426323170560,HTTP Connection Reused,ratio,p5,0.00
142,1780554425323170560,1780554426323170560,HTTP Connection Reused,ratio,p10,0.00
142,1780554425323170560,1780554426323170560,HTTP Connection Reused,ratio,p25,0.00
142,1780554425323170560,1780554426323170560,HTTP Connection Reused,ratio,p50,0.00
142,1780554425323170560,1780554426323170560,HTTP Connection Reused,ratio,p75,0.00
142,1780554425323170560,1780554426323170560,HTTP Connection Reused,ratio,p90,0.00
142,1780554425323170560,1780554426323170560,HTTP Connection Reused,ratio,p95,0.00
142,1780554425323170560,1780554426323170560,HTTP Connection Reused,ratio,p99,0.00
142,1780554425323170560,1780554426323170560,HTTP Connection Reused,ratio,std,0.00
142,1780554425323170560,1780554426323170560,HTTP Data Received,KB,avg,47.41
142,1780554425323170560,1780554426323170560,HTTP Data Received,KB,min,47.41
142,1780554425323170560,1780554426323170560,HTTP Data Received,KB,max,47.41
142,1780554425323170560,1780554426323170560,HTTP Data Received,KB,sum,47.41
142,1780554425323170560,1780554426323170560,HTTP Data Received,KB,p1,47.41
142,1780554425323170560,1780554426323170560,HTTP Data Received,KB,p5,47.41
142,1780554425323170560,1780554426323170560,HTTP Data Received,KB,p10,47.41
142,1780554425323170560,1780554426323170560,HTTP Data Received,KB,p25,47.41
142,1780554425323170560,1780554426323170560,HTTP Data Received,KB,p50,47.41
142,1780554425323170560,1780554426323170560,HTTP Data Received,KB,p75,47.41
142,1780554425323170560,1780554426323170560,HTTP Data Received,KB,p90,47.41
142,1780554425323170560,1780554426323170560,HTTP Data Received,KB,p95,47.41
142,1780554425323170560,1780554426323170560,HTTP Data Received,KB,p99,47.41
142,1780554425323170560,1780554426323170560,HTTP Data Received,KB,std,0.00
142,1780554425323170560,1780554426323170560,HTTP Data Sent,KB,avg,499.94
142,1780554425323170560,1780554426323170560,HTTP Data Sent,KB,min,499.94
142,1780554425323170560,1780554426323170560,HTTP Data Sent,KB,max,499.94
142,1780554425323170560,1780554426323170560,HTTP Data Sent,KB,sum,499.94
142,1780554425323170560,1780554426323170560,HTTP Data Sent,KB,p1,499.94
142,1780554425323170560,1780554426323170560,HTTP Data Sent,KB,p5,499.94
142,1780554425323170560,1780554426323170560,HTTP Data Sent,KB,p10,499.94
142,1780554425323170560,1780554426323170560,HTTP Data Sent,KB,p25,499.94
142,1780554425323170560,1780554426323170560,HTTP Data Sent,KB,p50,499.94
142,1780554425323170560,1780554426323170560,HTTP Data Sent,KB,p75,499.94
142,1780554425323170560,1780554426323170560,HTTP Data Sent,KB,p90,499.94
142,1780554425323170560,1780554426323170560,HTTP Data Sent,KB,p95,499.94
142,1780554425323170560,1780554426323170560,HTTP Data Sent,KB,p99,499.94
142,1780554425323170560,1780554426323170560,HTTP Data Sent,KB,std,0.00
142,1780554425323170560,1780554426323170560,HTTP DNS Lookup,ms,avg,0.00
142,1780554425323170560,1780554426323170560,HTTP DNS Lookup,ms,min,0.00
142,1780554425323170560,1780554426323170560,HTTP DNS Lookup,ms,max,0.00
142,1780554425323170560,1780554426323170560,HTTP DNS Lookup,ms,sum,0.00
142,1780554425323170560,1780554426323170560,HTTP DNS Lookup,ms,p1,0.00
142,1780554425323170560,1780554426323170560,HTTP DNS Lookup,ms,p5,0.00
142,1780554425323170560,1780554426323170560,HTTP DNS Lookup,ms,p10,0.00
142,1780554425323170560,1780554426323170560,HTTP DNS Lookup,ms,p25,0.00
142,1780554425323170560,1780554426323170560,HTTP DNS Lookup,ms,p50,0.00
142,1780554425323170560,1780554426323170560,HTTP DNS Lookup,ms,p75,0.00
142,1780554425323170560,1780554426323170560,HTTP DNS Lookup,ms,p90,0.00
142,1780554425323170560,1780554426323170560,HTTP DNS Lookup,ms,p95,0.00
142,1780554425323170560,1780554426323170560,HTTP DNS Lookup,ms,p99,0.00
142,1780554425323170560,1780554426323170560,HTTP DNS Lookup,ms,std,0.00
142,1780554425323170560,1780554426323170560,HTTP Duration (excl. conn),ms,avg,17635.38
142,1780554425323170560,1780554426323170560,HTTP Duration (excl. conn),ms,min,17635.38
142,1780554425323170560,1780554426323170560,HTTP Duration (excl. conn),ms,max,17635.38
142,1780554425323170560,1780554426323170560,HTTP Duration (excl. conn),ms,sum,17635.38
142,1780554425323170560,1780554426323170560,HTTP Duration (excl. conn),ms,p1,17635.38
142,1780554425323170560,1780554426323170560,HTTP Duration (excl. conn),ms,p5,17635.38
142,1780554425323170560,1780554426323170560,HTTP Duration (excl. conn),ms,p10,17635.38
142,1780554425323170560,1780554426323170560,HTTP Duration (excl. conn),ms,p25,17635.38
142,1780554425323170560,1780554426323170560,HTTP Duration (excl. conn),ms,p50,17635.38
142,1780554425323170560,1780554426323170560,HTTP Duration (excl. conn),ms,p75,17635.38
142,1780554425323170560,1780554426323170560,HTTP Duration (excl. conn),ms,p90,17635.38
142,1780554425323170560,1780554426323170560,HTTP Duration (excl. conn),ms,p95,17635.38
142,1780554425323170560,1780554426323170560,HTTP Duration (excl. conn),ms,p99,17635.38
142,1780554425323170560,1780554426323170560,HTTP Duration (excl. conn),ms,std,0.00
142,1780554425323170560,1780554426323170560,HTTP Receiving,ms,avg,16638.12
142,1780554425323170560,1780554426323170560,HTTP Receiving,ms,min,16638.12
142,1780554425323170560,1780554426323170560,HTTP Receiving,ms,max,16638.12
142,1780554425323170560,1780554426323170560,HTTP Receiving,ms,sum,16638.12
142,1780554425323170560,1780554426323170560,HTTP Receiving,ms,p1,16638.12
142,1780554425323170560,1780554426323170560,HTTP Receiving,ms,p5,16638.12
142,1780554425323170560,1780554426323170560,HTTP Receiving,ms,p10,16638.12
142,1780554425323170560,1780554426323170560,HTTP Receiving,ms,p25,16638.12
142,1780554425323170560,1780554426323170560,HTTP Receiving,ms,p50,16638.12
142,1780554425323170560,1780554426323170560,HTTP Receiving,ms,p75,16638.12
142,1780554425323170560,1780554426323170560,HTTP Receiving,ms,p90,16638.12
142,1780554425323170560,1780554426323170560,HTTP Receiving,ms,p95,16638.12
142,1780554425323170560,1780554426323170560,HTTP Receiving,ms,p99,16638.12
142,1780554425323170560,1780554426323170560,HTTP Receiving,ms,std,0.00
142,1780554425323170560,1780554426323170560,HTTP Sending,ms,avg,1.15
142,1780554425323170560,1780554426323170560,HTTP Sending,ms,min,1.15
142,1780554425323170560,1780554426323170560,HTTP Sending,ms,max,1.15
142,1780554425323170560,1780554426323170560,HTTP Sending,ms,sum,1.15
142,1780554425323170560,1780554426323170560,HTTP Sending,ms,p1,1.15
142,1780554425323170560,1780554426323170560,HTTP Sending,ms,p5,1.15
142,1780554425323170560,1780554426323170560,HTTP Sending,ms,p10,1.15
142,1780554425323170560,1780554426323170560,HTTP Sending,ms,p25,1.15
142,1780554425323170560,1780554426323170560,HTTP Sending,ms,p50,1.15
142,1780554425323170560,1780554426323170560,HTTP Sending,ms,p75,1.15
142,1780554425323170560,1780554426323170560,HTTP Sending,ms,p90,1.15
142,1780554425323170560,1780554426323170560,HTTP Sending,ms,p95,1.15
142,1780554425323170560,1780554426323170560,HTTP Sending,ms,p99,1.15
142,1780554425323170560,1780554426323170560,HTTP Sending,ms,std,0.00
142,1780554425323170560,1780554426323170560,HTTP Total Time,ms,avg,17636.18
142,1780554425323170560,1780554426323170560,HTTP Total Time,ms,min,17636.18
142,1780554425323170560,1780554426323170560,HTTP Total Time,ms,max,17636.18
142,1780554425323170560,1780554426323170560,HTTP Total Time,ms,sum,17636.18
142,1780554425323170560,1780554426323170560,HTTP Total Time,ms,p1,17636.18
142,1780554425323170560,1780554426323170560,HTTP Total Time,ms,p5,17636.18
142,1780554425323170560,1780554426323170560,HTTP Total Time,ms,p10,17636.18
142,1780554425323170560,1780554426323170560,HTTP Total Time,ms,p25,17636.18
142,1780554425323170560,1780554426323170560,HTTP Total Time,ms,p50,17636.18
142,1780554425323170560,1780554426323170560,HTTP Total Time,ms,p75,17636.18
142,1780554425323170560,1780554426323170560,HTTP Total Time,ms,p90,17636.18
142,1780554425323170560,1780554426323170560,HTTP Total Time,ms,p95,17636.18
142,1780554425323170560,1780554426323170560,HTTP Total Time,ms,p99,17636.18
142,1780554425323170560,1780554426323170560,HTTP Total Time,ms,std,0.00
142,1780554425323170560,1780554426323170560,HTTP Waiting (TTFB),ms,avg,996.11
142,1780554425323170560,1780554426323170560,HTTP Waiting (TTFB),ms,min,996.11
142,1780554425323170560,1780554426323170560,HTTP Waiting (TTFB),ms,max,996.11
142,1780554425323170560,1780554426323170560,HTTP Waiting (TTFB),ms,sum,996.11
142,1780554425323170560,1780554426323170560,HTTP Waiting (TTFB),ms,p1,996.11
142,1780554425323170560,1780554426323170560,HTTP Waiting (TTFB),ms,p5,996.11
142,1780554425323170560,1780554426323170560,HTTP Waiting (TTFB),ms,p10,996.11
142,1780554425323170560,1780554426323170560,HTTP Waiting (TTFB),ms,p25,996.11
142,1780554425323170560,1780554426323170560,HTTP Waiting (TTFB),ms,p50,996.11
142,1780554425323170560,1780554426323170560,HTTP Waiting (TTFB),ms,p75,996.11
142,1780554425323170560,1780554426323170560,HTTP Waiting (TTFB),ms,p90,996.11
142,1780554425323170560,1780554426323170560,HTTP Waiting (TTFB),ms,p95,996.11
142,1780554425323170560,1780554426323170560,HTTP Waiting (TTFB),ms,p99,996.11
142,1780554425323170560,1780554426323170560,HTTP Waiting (TTFB),ms,std,0.00
142,1780554425323170560,1780554426323170560,Input Sequence Length,tokens,avg,127906.00
142,1780554425323170560,1780554426323170560,Input Sequence Length,tokens,min,127906.00
142,1780554425323170560,1780554426323170560,Input Sequence Length,tokens,max,127906.00
142,1780554425323170560,1780554426323170560,Input Sequence Length,tokens,sum,127906.00
142,1780554425323170560,1780554426323170560,Input Sequence Length,tokens,p1,127906.00
142,1780554425323170560,1780554426323170560,Input Sequence Length,tokens,p5,127906.00
142,1780554425323170560,1780554426323170560,Input Sequence Length,tokens,p10,127906.00
142,1780554425323170560,1780554426323170560,Input Sequence Length,tokens,p25,127906.00
142,1780554425323170560,1780554426323170560,Input Sequence Length,tokens,p50,127906.00
142,1780554425323170560,1780554426323170560,Input Sequence Length,tokens,p75,127906.00
142,1780554425323170560,1780554426323170560,Input Sequence Length,tokens,p90,127906.00
142,1780554425323170560,1780554426323170560,Input Sequence Length,tokens,p95,127906.00
142,1780554425323170560,1780554426323170560,Input Sequence Length,tokens,p99,127906.00
142,1780554425323170560,1780554426323170560,Input Sequence Length,tokens,std,0.00
142,1780554425323170560,1780554426323170560,Input Token Throughput,tokens/sec,avg,127906.00
142,1780554425323170560,1780554426323170560,Inter Chunk Latency,ms,avg,68.81
142,1780554425323170560,1780554426323170560,Inter Chunk Latency,ms,min,68.80
142,1780554425323170560,1780554426323170560,Inter Chunk Latency,ms,max,68.81
142,1780554425323170560,1780554426323170560,Inter Chunk Latency,ms,sum,12866.90
142,1780554425323170560,1780554426323170560,Inter Chunk Latency,ms,p1,68.80
142,1780554425323170560,1780554426323170560,Inter Chunk Latency,ms,p5,68.80
142,1780554425323170560,1780554426323170560,Inter Chunk Latency,ms,p10,68.80
142,1780554425323170560,1780554426323170560,Inter Chunk Latency,ms,p25,68.80
142,1780554425323170560,1780554426323170560,Inter Chunk Latency,ms,p50,68.81
142,1780554425323170560,1780554426323170560,Inter Chunk Latency,ms,p75,68.81
142,1780554425323170560,1780554426323170560,Inter Chunk Latency,ms,p90,68.81
142,1780554425323170560,1780554426323170560,Inter Chunk Latency,ms,p95,68.81
142,1780554425323170560,1780554426323170560,Inter Chunk Latency,ms,p99,68.81
142,1780554425323170560,1780554426323170560,Inter Chunk Latency,ms,std,0.00
142,1780554425323170560,1780554426323170560,Inter Token Latency,ms,avg,88.97
142,1780554425323170560,1780554426323170560,Inter Token Latency,ms,min,88.97
142,1780554425323170560,1780554426323170560,Inter Token Latency,ms,max,88.97
142,1780554425323170560,1780554426323170560,Inter Token Latency,ms,sum,88.97
142,1780554425323170560,1780554426323170560,Inter Token Latency,ms,p1,88.97
142,1780554425323170560,1780554426323170560,Inter Token Latency,ms,p5,88.97
142,1780554425323170560,1780554426323170560,Inter Token Latency,ms,p10,88.97
142,1780554425323170560,1780554426323170560,Inter Token Latency,ms,p25,88.97
142,1780554425323170560,1780554426323170560,Inter Token Latency,ms,p50,88.97
142,1780554425323170560,1780554426323170560,Inter Token Latency,ms,p75,88.97
142,1780554425323170560,1780554426323170560,Inter Token Latency,ms,p90,88.97
142,1780554425323170560,1780554426323170560,Inter Token Latency,ms,p95,88.97
142,1780554425323170560,1780554426323170560,Inter Token Latency,ms,p99,88.97
142,1780554425323170560,1780554426323170560,Inter Token Latency,ms,std,0.00
142,1780554425323170560,1780554426323170560,Maximum Response Timestamp,ns,avg,1780554443681513216.00
142,1780554425323170560,1780554426323170560,Minimum Request Timestamp,ns,avg,1780554426046007040.00
142,1780554425323170560,1780554426323170560,OSL Mismatch Count,requests,avg,0.00
142,1780554425323170560,1780554426323170560,OSL Mismatch Diff %,%,avg,0.00
142,1780554425323170560,1780554426323170560,OSL Mismatch Diff %,%,min,0.00
142,1780554425323170560,1780554426323170560,OSL Mismatch Diff %,%,max,0.00
142,1780554425323170560,1780554426323170560,OSL Mismatch Diff %,%,sum,0.00
142,1780554425323170560,1780554426323170560,OSL Mismatch Diff %,%,p1,0.00
142,1780554425323170560,1780554426323170560,OSL Mismatch Diff %,%,p5,0.00
142,1780554425323170560,1780554426323170560,OSL Mismatch Diff %,%,p10,0.00
142,1780554425323170560,1780554426323170560,OSL Mismatch Diff %,%,p25,0.00
142,1780554425323170560,1780554426323170560,OSL Mismatch Diff %,%,p50,0.00
142,1780554425323170560,1780554426323170560,OSL Mismatch Diff %,%,p75,0.00
142,1780554425323170560,1780554426323170560,OSL Mismatch Diff %,%,p90,0.00
142,1780554425323170560,1780554426323170560,OSL Mismatch Diff %,%,p95,0.00
142,1780554425323170560,1780554426323170560,OSL Mismatch Diff %,%,p99,0.00
142,1780554425323170560,1780554426323170560,OSL Mismatch Diff %,%,std,0.00
142,1780554425323170560,1780554426323170560,Output Sequence Length,tokens,avg,188.00
142,1780554425323170560,1780554426323170560,Output Sequence Length,tokens,min,188.00
142,1780554425323170560,1780554426323170560,Output Sequence Length,tokens,max,188.00
142,1780554425323170560,1780554426323170560,Output Sequence Length,tokens,sum,188.00
142,1780554425323170560,1780554426323170560,Output Sequence Length,tokens,p1,188.00
142,1780554425323170560,1780554426323170560,Output Sequence Length,tokens,p5,188.00
142,1780554425323170560,1780554426323170560,Output Sequence Length,tokens,p10,188.00
142,1780554425323170560,1780554426323170560,Output Sequence Length,tokens,p25,188.00
142,1780554425323170560,1780554426323170560,Output Sequence Length,tokens,p50,188.00
142,1780554425323170560,1780554426323170560,Output Sequence Length,tokens,p75,188.00
142,1780554425323170560,1780554426323170560,Output Sequence Length,tokens,p90,188.00
142,1780554425323170560,1780554426323170560,Output Sequence Length,tokens,p95,188.00
142,1780554425323170560,1780554426323170560,Output Sequence Length,tokens,p99,188.00
142,1780554425323170560,1780554426323170560,Output Sequence Length,tokens,std,0.00
142,1780554425323170560,1780554426323170560,Output Token Count,tokens,avg,188.00
142,1780554425323170560,1780554426323170560,Output Token Count,tokens,min,188.00
142,1780554425323170560,1780554426323170560,Output Token Count,tokens,max,188.00
142,1780554425323170560,1780554426323170560,Output Token Count,tokens,sum,188.00
142,1780554425323170560,1780554426323170560,Output Token Count,tokens,p1,188.00
142,1780554425323170560,1780554426323170560,Output Token Count,tokens,p5,188.00
142,1780554425323170560,1780554426323170560,Output Token Count,tokens,p10,188.00
142,1780554425323170560,1780554426323170560,Output Token Count,tokens,p25,188.00
142,1780554425323170560,1780554426323170560,Output Token Count,tokens,p50,188.00
142,1780554425323170560,1780554426323170560,Output Token Count,tokens,p75,188.00
142,1780554425323170560,1780554426323170560,Output Token Count,tokens,p90,188.00
142,1780554425323170560,1780554426323170560,Output Token Count,tokens,p95,188.00
142,1780554425323170560,1780554426323170560,Output Token Count,tokens,p99,188.00
142,1780554425323170560,1780554426323170560,Output Token Count,tokens,std,0.00
142,1780554425323170560,1780554426323170560,Output Token Throughput,tokens/sec,avg,188.00
142,1780554425323170560,1780554426323170560,Output Token Throughput Per User,tokens/sec/user,avg,11.24
142,1780554425323170560,1780554426323170560,Output Token Throughput Per User,tokens/sec/user,min,11.24
142,1780554425323170560,1780554426323170560,Output Token Throughput Per User,tokens/sec/user,max,11.24
142,1780554425323170560,1780554426323170560,Output Token Throughput Per User,tokens/sec/user,sum,11.24
142,1780554425323170560,1780554426323170560,Output Token Throughput Per User,tokens/sec/user,p1,11.24
142,1780554425323170560,1780554426323170560,Output Token Throughput Per User,tokens/sec/user,p5,11.24
142,1780554425323170560,1780554426323170560,Output Token Throughput Per User,tokens/sec/user,p10,11.24
142,1780554425323170560,1780554426323170560,Output Token Throughput Per User,tokens/sec/user,p25,11.24
142,1780554425323170560,1780554426323170560,Output Token Throughput Per User,tokens/sec/user,p50,11.24
142,1780554425323170560,1780554426323170560,Output Token Throughput Per User,tokens/sec/user,p75,11.24
142,1780554425323170560,1780554426323170560,Output Token Throughput Per User,tokens/sec/user,p90,11.24
142,1780554425323170560,1780554426323170560,Output Token Throughput Per User,tokens/sec/user,p95,11.24
142,1780554425323170560,1780554426323170560,Output Token Throughput Per User,tokens/sec/user,p99,11.24
142,1780554425323170560,1780554426323170560,Output Token Throughput Per User,tokens/sec/user,std,0.00
142,1780554425323170560,1780554426323170560,Prefill Throughput Per User,tokens/sec/user,avg,128239.14
142,1780554425323170560,1780554426323170560,Prefill Throughput Per User,tokens/sec/user,min,128239.14
142,1780554425323170560,1780554426323170560,Prefill Throughput Per User,tokens/sec/user,max,128239.14
142,1780554425323170560,1780554426323170560,Prefill Throughput Per User,tokens/sec/user,sum,128239.14
142,1780554425323170560,1780554426323170560,Prefill Throughput Per User,tokens/sec/user,p1,128239.14
142,1780554425323170560,1780554426323170560,Prefill Throughput Per User,tokens/sec/user,p5,128239.14
142,1780554425323170560,1780554426323170560,Prefill Throughput Per User,tokens/sec/user,p10,128239.14
142,1780554425323170560,1780554426323170560,Prefill Throughput Per User,tokens/sec/user,p25,128239.14
142,1780554425323170560,1780554426323170560,Prefill Throughput Per User,tokens/sec/user,p50,128239.14
142,1780554425323170560,1780554426323170560,Prefill Throughput Per User,tokens/sec/user,p75,128239.14
142,1780554425323170560,1780554426323170560,Prefill Throughput Per User,tokens/sec/user,p90,128239.14
142,1780554425323170560,1780554426323170560,Prefill Throughput Per User,tokens/sec/user,p95,128239.14
142,1780554425323170560,1780554426323170560,Prefill Throughput Per User,tokens/sec/user,p99,128239.14
142,1780554425323170560,1780554426323170560,Prefill Throughput Per User,tokens/sec/user,std,0.00
142,1780554425323170560,1780554426323170560,Request Count,requests,avg,1.00
142,1780554425323170560,1780554426323170560,Request Latency,ms,avg,17635.51
142,1780554425323170560,1780554426323170560,Request Latency,ms,min,17635.51
142,1780554425323170560,1780554426323170560,Request Latency,ms,max,17635.51
142,1780554425323170560,1780554426323170560,Request Latency,ms,sum,17635.51
142,1780554425323170560,1780554426323170560,Request Latency,ms,p1,17635.51
142,1780554425323170560,1780554426323170560,Request Latency,ms,p5,17635.51
142,1780554425323170560,1780554426323170560,Request Latency,ms,p10,17635.51
142,1780554425323170560,1780554426323170560,Request Latency,ms,p25,17635.51
142,1780554425323170560,1780554426323170560,Request Latency,ms,p50,17635.51
142,1780554425323170560,1780554426323170560,Request Latency,ms,p75,17635.51
142,1780554425323170560,1780554426323170560,Request Latency,ms,p90,17635.51
142,1780554425323170560,1780554426323170560,Request Latency,ms,p95,17635.51
142,1780554425323170560,1780554426323170560,Request Latency,ms,p99,17635.51
142,1780554425323170560,1780554426323170560,Request Latency,ms,std,0.00
142,1780554425323170560,1780554426323170560,Request Throughput,requests/sec,avg,1.00
142,1780554425323170560,1780554426323170560,Requested OSL,tokens,avg,188.00
142,1780554425323170560,1780554426323170560,Requested OSL,tokens,min,188.00
142,1780554425323170560,1780554426323170560,Requested OSL,tokens,max,188.00
142,1780554425323170560,1780554426323170560,Requested OSL,tokens,sum,188.00
142,1780554425323170560,1780554426323170560,Requested OSL,tokens,p1,188.00
142,1780554425323170560,1780554426323170560,Requested OSL,tokens,p5,188.00
142,1780554425323170560,1780554426323170560,Requested OSL,tokens,p10,188.00
142,1780554425323170560,1780554426323170560,Requested OSL,tokens,p25,188.00
142,1780554425323170560,1780554426323170560,Requested OSL,tokens,p50,188.00
142,1780554425323170560,1780554426323170560,Requested OSL,tokens,p75,188.00
142,1780554425323170560,1780554426323170560,Requested OSL,tokens,p90,188.00
142,1780554425323170560,1780554426323170560,Requested OSL,tokens,p95,188.00
142,1780554425323170560,1780554426323170560,Requested OSL,tokens,p99,188.00
142,1780554425323170560,1780554426323170560,Requested OSL,tokens,std,0.00
142,1780554425323170560,1780554426323170560,Time to First Output Token,ms,avg,997.40
142,1780554425323170560,1780554426323170560,Time to First Output Token,ms,min,997.40
142,1780554425323170560,1780554426323170560,Time to First Output Token,ms,max,997.40
142,1780554425323170560,1780554426323170560,Time to First Output Token,ms,sum,997.40
142,1780554425323170560,1780554426323170560,Time to First Output Token,ms,p1,997.40
142,1780554425323170560,1780554426323170560,Time to First Output Token,ms,p5,997.40
142,1780554425323170560,1780554426323170560,Time to First Output Token,ms,p10,997.40
142,1780554425323170560,1780554426323170560,Time to First Output Token,ms,p25,997.40
142,1780554425323170560,1780554426323170560,Time to First Output Token,ms,p50,997.40
142,1780554425323170560,1780554426323170560,Time to First Output Token,ms,p75,997.40
142,1780554425323170560,1780554426323170560,Time to First Output Token,ms,p90,997.40
142,1780554425323170560,1780554426323170560,Time to First Output Token,ms,p95,997.40
142,1780554425323170560,1780554426323170560,Time to First Output Token,ms,p99,997.40
142,1780554425323170560,1780554426323170560,Time to First Output Token,ms,std,0.00
142,1780554425323170560,1780554426323170560,Time to First Token,ms,avg,997.40
142,1780554425323170560,1780554426323170560,Time to First Token,ms,min,997.40
142,1780554425323170560,1780554426323170560,Time to First Token,ms,max,997.40
142,1780554425323170560,1780554426323170560,Time to First Token,ms,sum,997.40
142,1780554425323170560,1780554426323170560,Time to First Token,ms,p1,997.40
142,1780554425323170560,1780554426323170560,Time to First Token,ms,p5,997.40
142,1780554425323170560,1780554426323170560,Time to First Token,ms,p10,997.40
142,1780554425323170560,1780554426323170560,Time to First Token,ms,p25,997.40
142,1780554425323170560,1780554426323170560,Time to First Token,ms,p50,997.40
142,1780554425323170560,1780554426323170560,Time to First Token,ms,p75,997.40
142,1780554425323170560,1780554426323170560,Time to First Token,ms,p90,997.40
142,1780554425323170560,1780554426323170560,Time to First Token,ms,p95,997.40
142,1780554425323170560,1780554426323170560,Time to First Token,ms,p99,997.40
142,1780554425323170560,1780554426323170560,Time to First Token,ms,std,0.00
142,1780554425323170560,1780554426323170560,Time to Second Token,ms,avg,0.32
142,1780554425323170560,1780554426323170560,Time to Second Token,ms,min,0.32
142,1780554425323170560,1780554426323170560,Time to Second Token,ms,max,0.32
142,1780554425323170560,1780554426323170560,Time to Second Token,ms,sum,0.32
142,1780554425323170560,1780554426323170560,Time to Second Token,ms,p1,0.32
142,1780554425323170560,1780554426323170560,Time to Second Token,ms,p5,0.32
142,1780554425323170560,1780554426323170560,Time to Second Token,ms,p10,0.32
142,1780554425323170560,1780554426323170560,Time to Second Token,ms,p25,0.32
142,1780554425323170560,1780554426323170560,Time to Second Token,ms,p50,0.32
142,1780554425323170560,1780554426323170560,Time to Second Token,ms,p75,0.32
142,1780554425323170560,1780554426323170560,Time to Second Token,ms,p90,0.32
142,1780554425323170560,1780554426323170560,Time to Second Token,ms,p95,0.32
142,1780554425323170560,1780554426323170560,Time to Second Token,ms,p99,0.32
142,1780554425323170560,1780554426323170560,Time to Second Token,ms,std,0.00
142,1780554425323170560,1780554426323170560,Tokens In Flight,tokens,avg,797543.28
142,1780554425323170560,1780554426323170560,Tokens In Flight,tokens,min,702676.74
142,1780554425323170560,1780554426323170560,Tokens In Flight,tokens,max,830603.85
142,1780554425323170560,1780554426323170560,Tokens In Flight,tokens,p50,787316.90
142,1780554425323170560,1780554426323170560,Tokens In Flight,tokens,p90,830596.44
142,1780554425323170560,1780554426323170560,Tokens In Flight,tokens,p95,830598.44
142,1780554425323170560,1780554426323170560,Tokens In Flight,tokens,p99,830603.85
142,1780554425323170560,1780554426323170560,Tokens In Flight,tokens,std,23740.74
142,1780554425323170560,1780554426323170560,Total Input Sequence Length,tokens,avg,127906.00
142,1780554425323170560,1780554426323170560,Total Output Sequence Length,tokens,avg,188.00
142,1780554425323170560,1780554426323170560,Total Output Tokens,tokens,avg,188.00
142,1780554425323170560,1780554426323170560,Total Token Throughput,tokens/sec,avg,128094.00
142,1780554425323170560,1780554426323170560,Total Usage Completion Tokens,tokens,avg,188.00
142,1780554425323170560,1780554426323170560,Total Usage Prompt Tokens,tokens,avg,127906.00
142,1780554425323170560,1780554426323170560,Total Usage Total Tokens,tokens,avg,128094.00
142,1780554425323170560,1780554426323170560,Usage Completion Tokens,tokens,avg,188.00
142,1780554425323170560,1780554426323170560,Usage Completion Tokens,tokens,min,188.00
142,1780554425323170560,1780554426323170560,Usage Completion Tokens,tokens,max,188.00
142,1780554425323170560,1780554426323170560,Usage Completion Tokens,tokens,sum,188.00
142,1780554425323170560,1780554426323170560,Usage Completion Tokens,tokens,p1,188.00
142,1780554425323170560,1780554426323170560,Usage Completion Tokens,tokens,p5,188.00
142,1780554425323170560,1780554426323170560,Usage Completion Tokens,tokens,p10,188.00
142,1780554425323170560,1780554426323170560,Usage Completion Tokens,tokens,p25,188.00
142,1780554425323170560,1780554426323170560,Usage Completion Tokens,tokens,p50,188.00
142,1780554425323170560,1780554426323170560,Usage Completion Tokens,tokens,p75,188.00
142,1780554425323170560,1780554426323170560,Usage Completion Tokens,tokens,p90,188.00
142,1780554425323170560,1780554426323170560,Usage Completion Tokens,tokens,p95,188.00
142,1780554425323170560,1780554426323170560,Usage Completion Tokens,tokens,p99,188.00
142,1780554425323170560,1780554426323170560,Usage Completion Tokens,tokens,std,0.00
142,1780554425323170560,1780554426323170560,Usage Prompt Tokens,tokens,avg,127906.00
142,1780554425323170560,1780554426323170560,Usage Prompt Tokens,tokens,min,127906.00
142,1780554425323170560,1780554426323170560,Usage Prompt Tokens,tokens,max,127906.00
142,1780554425323170560,1780554426323170560,Usage Prompt Tokens,tokens,sum,127906.00
142,1780554425323170560,1780554426323170560,Usage Prompt Tokens,tokens,p1,127906.00
142,1780554425323170560,1780554426323170560,Usage Prompt Tokens,tokens,p5,127906.00
142,1780554425323170560,1780554426323170560,Usage Prompt Tokens,tokens,p10,127906.00
142,1780554425323170560,1780554426323170560,Usage Prompt Tokens,tokens,p25,127906.00
142,1780554425323170560,1780554426323170560,Usage Prompt Tokens,tokens,p50,127906.00
142,1780554425323170560,1780554426323170560,Usage Prompt Tokens,tokens,p75,127906.00
142,1780554425323170560,1780554426323170560,Usage Prompt Tokens,tokens,p90,127906.00
142,1780554425323170560,1780554426323170560,Usage Prompt Tokens,tokens,p95,127906.00
142,1780554425323170560,1780554426323170560,Usage Prompt Tokens,tokens,p99,127906.00
142,1780554425323170560,1780554426323170560,Usage Prompt Tokens,tokens,std,0.00
142,1780554425323170560,1780554426323170560,Usage Total Tokens,tokens,avg,128094.00
142,1780554425323170560,1780554426323170560,Usage Total Tokens,tokens,min,128094.00
142,1780554425323170560,1780554426323170560,Usage Total Tokens,tokens,max,128094.00
142,1780554425323170560,1780554426323170560,Usage Total Tokens,tokens,sum,128094.00
142,1780554425323170560,1780554426323170560,Usage Total Tokens,tokens,p1,128094.00
142,1780554425323170560,1780554426323170560,Usage Total Tokens,tokens,p5,128094.00
142,1780554425323170560,1780554426323170560,Usage Total Tokens,tokens,p10,128094.00
142,1780554425323170560,1780554426323170560,Usage Total Tokens,tokens,p25,128094.00
142,1780554425323170560,1780554426323170560,Usage Total Tokens,tokens,p50,128094.00
142,1780554425323170560,1780554426323170560,Usage Total Tokens,tokens,p75,128094.00
142,1780554425323170560,1780554426323170560,Usage Total Tokens,tokens,p90,128094.00
142,1780554425323170560,1780554426323170560,Usage Total Tokens,tokens,p95,128094.00
142,1780554425323170560,1780554426323170560,Usage Total Tokens,tokens,p99,128094.00
142,1780554425323170560,1780554426323170560,Usage Total Tokens,tokens,std,0.00
143,1780554428323170560,1780554429323170560,Active Decode Throughput,tokens/sec,avg,85.07
143,1780554428323170560,1780554429323170560,Active Decode Throughput,tokens/sec,min,70.52
143,1780554428323170560,1780554429323170560,Active Decode Throughput,tokens/sec,max,99.63
143,1780554428323170560,1780554429323170560,Active Decode Throughput,tokens/sec,p50,85.07
143,1780554428323170560,1780554429323170560,Active Decode Throughput,tokens/sec,p90,85.08
143,1780554428323170560,1780554429323170560,Active Decode Throughput,tokens/sec,p95,85.08
143,1780554428323170560,1780554429323170560,Active Decode Throughput,tokens/sec,p99,85.08
143,1780554428323170560,1780554429323170560,Active Decode Throughput,tokens/sec,std,0.03
143,1780554428323170560,1780554429323170560,Active Decode Throughput Per User,tokens/sec/user,avg,7.09
143,1780554428323170560,1780554429323170560,Active Decode Throughput Per User,tokens/sec/user,min,5.88
143,1780554428323170560,1780554429323170560,Active Decode Throughput Per User,tokens/sec/user,max,8.30
143,1780554428323170560,1780554429323170560,Active Decode Throughput Per User,tokens/sec/user,p50,7.09
143,1780554428323170560,1780554429323170560,Active Decode Throughput Per User,tokens/sec/user,p90,7.09
143,1780554428323170560,1780554429323170560,Active Decode Throughput Per User,tokens/sec/user,p95,7.09
143,1780554428323170560,1780554429323170560,Active Decode Throughput Per User,tokens/sec/user,p99,7.09
143,1780554428323170560,1780554429323170560,Active Decode Throughput Per User,tokens/sec/user,std,0.00
143,1780554428323170560,1780554429323170560,Active Prefill Throughput,tokens/sec,avg,23783.33
143,1780554428323170560,1780554429323170560,Active Prefill Throughput,tokens/sec,min,23783.33
143,1780554428323170560,1780554429323170560,Active Prefill Throughput,tokens/sec,max,23783.33
143,1780554428323170560,1780554429323170560,Active Prefill Throughput,tokens/sec,p50,23783.33
143,1780554428323170560,1780554429323170560,Active Prefill Throughput,tokens/sec,p90,23783.33
143,1780554428323170560,1780554429323170560,Active Prefill Throughput,tokens/sec,p95,23783.33
143,1780554428323170560,1780554429323170560,Active Prefill Throughput,tokens/sec,p99,23783.33
143,1780554428323170560,1780554429323170560,Active Prefill Throughput,tokens/sec,std,0.00
143,1780554428323170560,1780554429323170560,Active Prefill Throughput Per User,tokens/sec/user,avg,23783.33
143,1780554428323170560,1780554429323170560,Active Prefill Throughput Per User,tokens/sec/user,min,23783.33
143,1780554428323170560,1780554429323170560,Active Prefill Throughput Per User,tokens/sec/user,max,23783.33
143,1780554428323170560,1780554429323170560,Active Prefill Throughput Per User,tokens/sec/user,p50,23783.33
143,1780554428323170560,1780554429323170560,Active Prefill Throughput Per User,tokens/sec/user,p90,23783.33
143,1780554428323170560,1780554429323170560,Active Prefill Throughput Per User,tokens/sec/user,p95,23783.33
143,1780554428323170560,1780554429323170560,Active Prefill Throughput Per User,tokens/sec/user,p99,23783.33
143,1780554428323170560,1780554429323170560,Active Prefill Throughput Per User,tokens/sec/user,std,0.00
143,1780554428323170560,1780554429323170560,Active Total Throughput,tokens/sec,avg,5815.30
143,1780554428323170560,1780554429323170560,Active Total Throughput,tokens/sec,min,114.39
143,1780554428323170560,1780554429323170560,Active Total Throughput,tokens/sec,max,23897.72
143,1780554428323170560,1780554429323170560,Active Total Throughput,tokens/sec,p50,114.39
143,1780554428323170560,1780554429323170560,Active Total Throughput,tokens/sec,p90,23897.72
143,1780554428323170560,1780554429323170560,Active Total Throughput,tokens/sec,p95,23897.72
143,1780554428323170560,1780554429323170560,Active Total Throughput,tokens/sec,p99,23897.72
143,1780554428323170560,1780554429323170560,Active Total Throughput,tokens/sec,std,10153.14
143,1780554428323170560,1780554429323170560,Benchmark Duration,sec,avg,241.04
143,1780554428323170560,1780554429323170560,E2E Output Token Throughput,tokens/sec/user,avg,10.31
143,1780554428323170560,1780554429323170560,E2E Output Token Throughput,tokens/sec/user,min,10.31
143,1780554428323170560,1780554429323170560,E2E Output Token Throughput,tokens/sec/user,max,10.31
143,1780554428323170560,1780554429323170560,E2E Output Token Throughput,tokens/sec/user,sum,10.31
143,1780554428323170560,1780554429323170560,E2E Output Token Throughput,tokens/sec/user,p1,10.31
143,1780554428323170560,1780554429323170560,E2E Output Token Throughput,tokens/sec/user,p5,10.31
143,1780554428323170560,1780554429323170560,E2E Output Token Throughput,tokens/sec/user,p10,10.31
143,1780554428323170560,1780554429323170560,E2E Output Token Throughput,tokens/sec/user,p25,10.31
143,1780554428323170560,1780554429323170560,E2E Output Token Throughput,tokens/sec/user,p50,10.31
143,1780554428323170560,1780554429323170560,E2E Output Token Throughput,tokens/sec/user,p75,10.31
143,1780554428323170560,1780554429323170560,E2E Output Token Throughput,tokens/sec/user,p90,10.31
143,1780554428323170560,1780554429323170560,E2E Output Token Throughput,tokens/sec/user,p95,10.31
143,1780554428323170560,1780554429323170560,E2E Output Token Throughput,tokens/sec/user,p99,10.31
143,1780554428323170560,1780554429323170560,E2E Output Token Throughput,tokens/sec/user,std,0.00
143,1780554428323170560,1780554429323170560,Effective Concurrency,requests,avg,12.24
143,1780554428323170560,1780554429323170560,Effective Concurrency,requests,min,12.00
143,1780554428323170560,1780554429323170560,Effective Concurrency,requests,max,13.00
143,1780554428323170560,1780554429323170560,Effective Concurrency,requests,p50,12.00
143,1780554428323170560,1780554429323170560,Effective Concurrency,requests,p90,13.00
143,1780554428323170560,1780554429323170560,Effective Concurrency,requests,p95,13.00
143,1780554428323170560,1780554429323170560,Effective Concurrency,requests,p99,13.00
143,1780554428323170560,1780554429323170560,Effective Concurrency,requests,std,0.43
143,1780554428323170560,1780554429323170560,Effective Decode Concurrency,requests,avg,12.00
143,1780554428323170560,1780554429323170560,Effective Decode Concurrency,requests,min,12.00
143,1780554428323170560,1780554429323170560,Effective Decode Concurrency,requests,max,12.00
143,1780554428323170560,1780554429323170560,Effective Decode Concurrency,requests,p50,12.00
143,1780554428323170560,1780554429323170560,Effective Decode Concurrency,requests,p90,12.00
143,1780554428323170560,1780554429323170560,Effective Decode Concurrency,requests,p95,12.00
143,1780554428323170560,1780554429323170560,Effective Decode Concurrency,requests,p99,12.00
143,1780554428323170560,1780554429323170560,Effective Decode Concurrency,requests,std,0.00
143,1780554428323170560,1780554429323170560,Effective Decode Throughput,tokens/sec,avg,85.07
143,1780554428323170560,1780554429323170560,Effective Decode Throughput,tokens/sec,min,70.52
143,1780554428323170560,1780554429323170560,Effective Decode Throughput,tokens/sec,max,99.63
143,1780554428323170560,1780554429323170560,Effective Decode Throughput,tokens/sec,p50,85.07
143,1780554428323170560,1780554429323170560,Effective Decode Throughput,tokens/sec,p90,85.08
143,1780554428323170560,1780554429323170560,Effective Decode Throughput,tokens/sec,p95,85.08
143,1780554428323170560,1780554429323170560,Effective Decode Throughput,tokens/sec,p99,85.08
143,1780554428323170560,1780554429323170560,Effective Decode Throughput,tokens/sec,std,0.03
143,1780554428323170560,1780554429323170560,Effective Decode Throughput Per User,tokens/sec/user,avg,7.09
143,1780554428323170560,1780554429323170560,Effective Decode Throughput Per User,tokens/sec/user,min,5.88
143,1780554428323170560,1780554429323170560,Effective Decode Throughput Per User,tokens/sec/user,max,8.30
143,1780554428323170560,1780554429323170560,Effective Decode Throughput Per User,tokens/sec/user,p50,7.09
143,1780554428323170560,1780554429323170560,Effective Decode Throughput Per User,tokens/sec/user,p90,7.09
143,1780554428323170560,1780554429323170560,Effective Decode Throughput Per User,tokens/sec/user,p95,7.09
143,1780554428323170560,1780554429323170560,Effective Decode Throughput Per User,tokens/sec/user,p99,7.09
143,1780554428323170560,1780554429323170560,Effective Decode Throughput Per User,tokens/sec/user,std,0.00
143,1780554428323170560,1780554429323170560,Effective Prefill Concurrency,requests,avg,0.24
143,1780554428323170560,1780554429323170560,Effective Prefill Concurrency,requests,min,0.00
143,1780554428323170560,1780554429323170560,Effective Prefill Concurrency,requests,max,1.00
143,1780554428323170560,1780554429323170560,Effective Prefill Concurrency,requests,p50,0.00
143,1780554428323170560,1780554429323170560,Effective Prefill Concurrency,requests,p90,1.00
143,1780554428323170560,1780554429323170560,Effective Prefill Concurrency,requests,p95,1.00
143,1780554428323170560,1780554429323170560,Effective Prefill Concurrency,requests,p99,1.00
143,1780554428323170560,1780554429323170560,Effective Prefill Concurrency,requests,std,0.43
143,1780554428323170560,1780554429323170560,Effective Prefill Throughput,tokens/sec,avg,5700.91
143,1780554428323170560,1780554429323170560,Effective Prefill Throughput,tokens/sec,min,0.00
143,1780554428323170560,1780554429323170560,Effective Prefill Throughput,tokens/sec,max,23783.33
143,1780554428323170560,1780554429323170560,Effective Prefill Throughput,tokens/sec,p50,0.00
143,1780554428323170560,1780554429323170560,Effective Prefill Throughput,tokens/sec,p90,23783.33
143,1780554428323170560,1780554429323170560,Effective Prefill Throughput,tokens/sec,p95,23783.33
143,1780554428323170560,1780554429323170560,Effective Prefill Throughput,tokens/sec,p99,23783.33
143,1780554428323170560,1780554429323170560,Effective Prefill Throughput,tokens/sec,std,10153.14
143,1780554428323170560,1780554429323170560,Effective Prefill Throughput Per User,tokens/sec/user,avg,5700.91
143,1780554428323170560,1780554429323170560,Effective Prefill Throughput Per User,tokens/sec/user,min,0.00
143,1780554428323170560,1780554429323170560,Effective Prefill Throughput Per User,tokens/sec/user,max,23783.33
143,1780554428323170560,1780554429323170560,Effective Prefill Throughput Per User,tokens/sec/user,p50,0.00
143,1780554428323170560,1780554429323170560,Effective Prefill Throughput Per User,tokens/sec/user,p90,23783.33
143,1780554428323170560,1780554429323170560,Effective Prefill Throughput Per User,tokens/sec/user,p95,23783.33
143,1780554428323170560,1780554429323170560,Effective Prefill Throughput Per User,tokens/sec/user,p99,23783.33
143,1780554428323170560,1780554429323170560,Effective Prefill Throughput Per User,tokens/sec/user,std,10153.14
143,1780554428323170560,1780554429323170560,Effective Total Throughput,tokens/sec,avg,5815.30
143,1780554428323170560,1780554429323170560,Effective Total Throughput,tokens/sec,min,114.39
143,1780554428323170560,1780554429323170560,Effective Total Throughput,tokens/sec,max,23897.72
143,1780554428323170560,1780554429323170560,Effective Total Throughput,tokens/sec,p50,114.39
143,1780554428323170560,1780554429323170560,Effective Total Throughput,tokens/sec,p90,23897.72
143,1780554428323170560,1780554429323170560,Effective Total Throughput,tokens/sec,p95,23897.72
143,1780554428323170560,1780554429323170560,Effective Total Throughput,tokens/sec,p99,23897.72
143,1780554428323170560,1780554429323170560,Effective Total Throughput,tokens/sec,std,10153.14
143,1780554428323170560,1780554429323170560,HTTP Blocked,ms,avg,0.00
143,1780554428323170560,1780554429323170560,HTTP Blocked,ms,min,0.00
143,1780554428323170560,1780554429323170560,HTTP Blocked,ms,max,0.00
143,1780554428323170560,1780554429323170560,HTTP Blocked,ms,sum,0.00
143,1780554428323170560,1780554429323170560,HTTP Blocked,ms,p1,0.00
143,1780554428323170560,1780554429323170560,HTTP Blocked,ms,p5,0.00
143,1780554428323170560,1780554429323170560,HTTP Blocked,ms,p10,0.00
143,1780554428323170560,1780554429323170560,HTTP Blocked,ms,p25,0.00
143,1780554428323170560,1780554429323170560,HTTP Blocked,ms,p50,0.00
143,1780554428323170560,1780554429323170560,HTTP Blocked,ms,p75,0.00
143,1780554428323170560,1780554429323170560,HTTP Blocked,ms,p90,0.00
143,1780554428323170560,1780554429323170560,HTTP Blocked,ms,p95,0.00
143,1780554428323170560,1780554429323170560,HTTP Blocked,ms,p99,0.00
143,1780554428323170560,1780554429323170560,HTTP Blocked,ms,std,0.00
143,1780554428323170560,1780554429323170560,HTTP Chunks Received,count,avg,2486.00
143,1780554428323170560,1780554429323170560,HTTP Chunks Received,count,min,2486.00
143,1780554428323170560,1780554429323170560,HTTP Chunks Received,count,max,2486.00
143,1780554428323170560,1780554429323170560,HTTP Chunks Received,count,sum,2486.00
143,1780554428323170560,1780554429323170560,HTTP Chunks Received,count,p1,2486.00
143,1780554428323170560,1780554429323170560,HTTP Chunks Received,count,p5,2486.00
143,1780554428323170560,1780554429323170560,HTTP Chunks Received,count,p10,2486.00
143,1780554428323170560,1780554429323170560,HTTP Chunks Received,count,p25,2486.00
143,1780554428323170560,1780554429323170560,HTTP Chunks Received,count,p50,2486.00
143,1780554428323170560,1780554429323170560,HTTP Chunks Received,count,p75,2486.00
143,1780554428323170560,1780554429323170560,HTTP Chunks Received,count,p90,2486.00
143,1780554428323170560,1780554429323170560,HTTP Chunks Received,count,p95,2486.00
143,1780554428323170560,1780554429323170560,HTTP Chunks Received,count,p99,2486.00
143,1780554428323170560,1780554429323170560,HTTP Chunks Received,count,std,0.00
143,1780554428323170560,1780554429323170560,HTTP Chunks Sent,count,avg,1.00
143,1780554428323170560,1780554429323170560,HTTP Chunks Sent,count,min,1.00
143,1780554428323170560,1780554429323170560,HTTP Chunks Sent,count,max,1.00
143,1780554428323170560,1780554429323170560,HTTP Chunks Sent,count,sum,1.00
143,1780554428323170560,1780554429323170560,HTTP Chunks Sent,count,p1,1.00
143,1780554428323170560,1780554429323170560,HTTP Chunks Sent,count,p5,1.00
143,1780554428323170560,1780554429323170560,HTTP Chunks Sent,count,p10,1.00
143,1780554428323170560,1780554429323170560,HTTP Chunks Sent,count,p25,1.00
143,1780554428323170560,1780554429323170560,HTTP Chunks Sent,count,p50,1.00
143,1780554428323170560,1780554429323170560,HTTP Chunks Sent,count,p75,1.00
143,1780554428323170560,1780554429323170560,HTTP Chunks Sent,count,p90,1.00
143,1780554428323170560,1780554429323170560,HTTP Chunks Sent,count,p95,1.00
143,1780554428323170560,1780554429323170560,HTTP Chunks Sent,count,p99,1.00
143,1780554428323170560,1780554429323170560,HTTP Chunks Sent,count,std,0.00
143,1780554428323170560,1780554429323170560,HTTP Connecting,ms,avg,0.00
143,1780554428323170560,1780554429323170560,HTTP Connecting,ms,min,0.00
143,1780554428323170560,1780554429323170560,HTTP Connecting,ms,max,0.00
143,1780554428323170560,1780554429323170560,HTTP Connecting,ms,sum,0.00
143,1780554428323170560,1780554429323170560,HTTP Connecting,ms,p1,0.00
143,1780554428323170560,1780554429323170560,HTTP Connecting,ms,p5,0.00
143,1780554428323170560,1780554429323170560,HTTP Connecting,ms,p10,0.00
143,1780554428323170560,1780554429323170560,HTTP Connecting,ms,p25,0.00
143,1780554428323170560,1780554429323170560,HTTP Connecting,ms,p50,0.00
143,1780554428323170560,1780554429323170560,HTTP Connecting,ms,p75,0.00
143,1780554428323170560,1780554429323170560,HTTP Connecting,ms,p90,0.00
143,1780554428323170560,1780554429323170560,HTTP Connecting,ms,p95,0.00
143,1780554428323170560,1780554429323170560,HTTP Connecting,ms,p99,0.00
143,1780554428323170560,1780554429323170560,HTTP Connecting,ms,std,0.00
143,1780554428323170560,1780554429323170560,HTTP Connection Overhead,ms,avg,0.00
143,1780554428323170560,1780554429323170560,HTTP Connection Overhead,ms,min,0.00
143,1780554428323170560,1780554429323170560,HTTP Connection Overhead,ms,max,0.00
143,1780554428323170560,1780554429323170560,HTTP Connection Overhead,ms,sum,0.00
143,1780554428323170560,1780554429323170560,HTTP Connection Overhead,ms,p1,0.00
143,1780554428323170560,1780554429323170560,HTTP Connection Overhead,ms,p5,0.00
143,1780554428323170560,1780554429323170560,HTTP Connection Overhead,ms,p10,0.00
143,1780554428323170560,1780554429323170560,HTTP Connection Overhead,ms,p25,0.00
143,1780554428323170560,1780554429323170560,HTTP Connection Overhead,ms,p50,0.00
143,1780554428323170560,1780554429323170560,HTTP Connection Overhead,ms,p75,0.00
143,1780554428323170560,1780554429323170560,HTTP Connection Overhead,ms,p90,0.00
143,1780554428323170560,1780554429323170560,HTTP Connection Overhead,ms,p95,0.00
143,1780554428323170560,1780554429323170560,HTTP Connection Overhead,ms,p99,0.00
143,1780554428323170560,1780554429323170560,HTTP Connection Overhead,ms,std,0.00
143,1780554428323170560,1780554429323170560,HTTP Connection Reused,ratio,avg,1.00
143,1780554428323170560,1780554429323170560,HTTP Connection Reused,ratio,min,1.00
143,1780554428323170560,1780554429323170560,HTTP Connection Reused,ratio,max,1.00
143,1780554428323170560,1780554429323170560,HTTP Connection Reused,ratio,sum,1.00
143,1780554428323170560,1780554429323170560,HTTP Connection Reused,ratio,p1,1.00
143,1780554428323170560,1780554429323170560,HTTP Connection Reused,ratio,p5,1.00
143,1780554428323170560,1780554429323170560,HTTP Connection Reused,ratio,p10,1.00
143,1780554428323170560,1780554429323170560,HTTP Connection Reused,ratio,p25,1.00
143,1780554428323170560,1780554429323170560,HTTP Connection Reused,ratio,p50,1.00
143,1780554428323170560,1780554429323170560,HTTP Connection Reused,ratio,p75,1.00
143,1780554428323170560,1780554429323170560,HTTP Connection Reused,ratio,p90,1.00
143,1780554428323170560,1780554429323170560,HTTP Connection Reused,ratio,p95,1.00
143,1780554428323170560,1780554429323170560,HTTP Connection Reused,ratio,p99,1.00
143,1780554428323170560,1780554429323170560,HTTP Connection Reused,ratio,std,0.00
143,1780554428323170560,1780554429323170560,HTTP Data Received,KB,avg,617.38
143,1780554428323170560,1780554429323170560,HTTP Data Received,KB,min,617.38
143,1780554428323170560,1780554429323170560,HTTP Data Received,KB,max,617.38
143,1780554428323170560,1780554429323170560,HTTP Data Received,KB,sum,617.38
143,1780554428323170560,1780554429323170560,HTTP Data Received,KB,p1,617.38
143,1780554428323170560,1780554429323170560,HTTP Data Received,KB,p5,617.38
143,1780554428323170560,1780554429323170560,HTTP Data Received,KB,p10,617.38
143,1780554428323170560,1780554429323170560,HTTP Data Received,KB,p25,617.38
143,1780554428323170560,1780554429323170560,HTTP Data Received,KB,p50,617.38
143,1780554428323170560,1780554429323170560,HTTP Data Received,KB,p75,617.38
143,1780554428323170560,1780554429323170560,HTTP Data Received,KB,p90,617.38
143,1780554428323170560,1780554429323170560,HTTP Data Received,KB,p95,617.38
143,1780554428323170560,1780554429323170560,HTTP Data Received,KB,p99,617.38
143,1780554428323170560,1780554429323170560,HTTP Data Received,KB,std,0.00
143,1780554428323170560,1780554429323170560,HTTP Data Sent,KB,avg,437.08
143,1780554428323170560,1780554429323170560,HTTP Data Sent,KB,min,437.08
143,1780554428323170560,1780554429323170560,HTTP Data Sent,KB,max,437.08
143,1780554428323170560,1780554429323170560,HTTP Data Sent,KB,sum,437.08
143,1780554428323170560,1780554429323170560,HTTP Data Sent,KB,p1,437.08
143,1780554428323170560,1780554429323170560,HTTP Data Sent,KB,p5,437.08
143,1780554428323170560,1780554429323170560,HTTP Data Sent,KB,p10,437.08
143,1780554428323170560,1780554429323170560,HTTP Data Sent,KB,p25,437.08
143,1780554428323170560,1780554429323170560,HTTP Data Sent,KB,p50,437.08
143,1780554428323170560,1780554429323170560,HTTP Data Sent,KB,p75,437.08
143,1780554428323170560,1780554429323170560,HTTP Data Sent,KB,p90,437.08
143,1780554428323170560,1780554429323170560,HTTP Data Sent,KB,p95,437.08
143,1780554428323170560,1780554429323170560,HTTP Data Sent,KB,p99,437.08
143,1780554428323170560,1780554429323170560,HTTP Data Sent,KB,std,0.00
143,1780554428323170560,1780554429323170560,HTTP DNS Lookup,ms,avg,0.00
143,1780554428323170560,1780554429323170560,HTTP DNS Lookup,ms,min,0.00
143,1780554428323170560,1780554429323170560,HTTP DNS Lookup,ms,max,0.00
143,1780554428323170560,1780554429323170560,HTTP DNS Lookup,ms,sum,0.00
143,1780554428323170560,1780554429323170560,HTTP DNS Lookup,ms,p1,0.00
143,1780554428323170560,1780554429323170560,HTTP DNS Lookup,ms,p5,0.00
143,1780554428323170560,1780554429323170560,HTTP DNS Lookup,ms,p10,0.00
143,1780554428323170560,1780554429323170560,HTTP DNS Lookup,ms,p25,0.00
143,1780554428323170560,1780554429323170560,HTTP DNS Lookup,ms,p50,0.00
143,1780554428323170560,1780554429323170560,HTTP DNS Lookup,ms,p75,0.00
143,1780554428323170560,1780554429323170560,HTTP DNS Lookup,ms,p90,0.00
143,1780554428323170560,1780554429323170560,HTTP DNS Lookup,ms,p95,0.00
143,1780554428323170560,1780554429323170560,HTTP DNS Lookup,ms,p99,0.00
143,1780554428323170560,1780554429323170560,HTTP DNS Lookup,ms,std,0.00
143,1780554428323170560,1780554429323170560,HTTP Duration (excl. conn),ms,avg,241038.05
143,1780554428323170560,1780554429323170560,HTTP Duration (excl. conn),ms,min,241038.05
143,1780554428323170560,1780554429323170560,HTTP Duration (excl. conn),ms,max,241038.05
143,1780554428323170560,1780554429323170560,HTTP Duration (excl. conn),ms,sum,241038.05
143,1780554428323170560,1780554429323170560,HTTP Duration (excl. conn),ms,p1,241038.05
143,1780554428323170560,1780554429323170560,HTTP Duration (excl. conn),ms,p5,241038.05
143,1780554428323170560,1780554429323170560,HTTP Duration (excl. conn),ms,p10,241038.05
143,1780554428323170560,1780554429323170560,HTTP Duration (excl. conn),ms,p25,241038.05
143,1780554428323170560,1780554429323170560,HTTP Duration (excl. conn),ms,p50,241038.05
143,1780554428323170560,1780554429323170560,HTTP Duration (excl. conn),ms,p75,241038.05
143,1780554428323170560,1780554429323170560,HTTP Duration (excl. conn),ms,p90,241038.05
143,1780554428323170560,1780554429323170560,HTTP Duration (excl. conn),ms,p95,241038.05
143,1780554428323170560,1780554429323170560,HTTP Duration (excl. conn),ms,p99,241038.05
143,1780554428323170560,1780554429323170560,HTTP Duration (excl. conn),ms,std,0.00
143,1780554428323170560,1780554429323170560,HTTP Receiving,ms,avg,236359.66
143,1780554428323170560,1780554429323170560,HTTP Receiving,ms,min,236359.66
143,1780554428323170560,1780554429323170560,HTTP Receiving,ms,max,236359.66
143,1780554428323170560,1780554429323170560,HTTP Receiving,ms,sum,236359.66
143,1780554428323170560,1780554429323170560,HTTP Receiving,ms,p1,236359.66
143,1780554428323170560,1780554429323170560,HTTP Receiving,ms,p5,236359.66
143,1780554428323170560,1780554429323170560,HTTP Receiving,ms,p10,236359.66
143,1780554428323170560,1780554429323170560,HTTP Receiving,ms,p25,236359.66
143,1780554428323170560,1780554429323170560,HTTP Receiving,ms,p50,236359.66
143,1780554428323170560,1780554429323170560,HTTP Receiving,ms,p75,236359.66
143,1780554428323170560,1780554429323170560,HTTP Receiving,ms,p90,236359.66
143,1780554428323170560,1780554429323170560,HTTP Receiving,ms,p95,236359.66
143,1780554428323170560,1780554429323170560,HTTP Receiving,ms,p99,236359.66
143,1780554428323170560,1780554429323170560,HTTP Receiving,ms,std,0.00
143,1780554428323170560,1780554429323170560,HTTP Sending,ms,avg,0.27
143,1780554428323170560,1780554429323170560,HTTP Sending,ms,min,0.27
143,1780554428323170560,1780554429323170560,HTTP Sending,ms,max,0.27
143,1780554428323170560,1780554429323170560,HTTP Sending,ms,sum,0.27
143,1780554428323170560,1780554429323170560,HTTP Sending,ms,p1,0.27
143,1780554428323170560,1780554429323170560,HTTP Sending,ms,p5,0.27
143,1780554428323170560,1780554429323170560,HTTP Sending,ms,p10,0.27
143,1780554428323170560,1780554429323170560,HTTP Sending,ms,p25,0.27
143,1780554428323170560,1780554429323170560,HTTP Sending,ms,p50,0.27
143,1780554428323170560,1780554429323170560,HTTP Sending,ms,p75,0.27
143,1780554428323170560,1780554429323170560,HTTP Sending,ms,p90,0.27
143,1780554428323170560,1780554429323170560,HTTP Sending,ms,p95,0.27
143,1780554428323170560,1780554429323170560,HTTP Sending,ms,p99,0.27
143,1780554428323170560,1780554429323170560,HTTP Sending,ms,std,0.00
143,1780554428323170560,1780554429323170560,HTTP Total Time,ms,avg,241038.05
143,1780554428323170560,1780554429323170560,HTTP Total Time,ms,min,241038.05
143,1780554428323170560,1780554429323170560,HTTP Total Time,ms,max,241038.05
143,1780554428323170560,1780554429323170560,HTTP Total Time,ms,sum,241038.05
143,1780554428323170560,1780554429323170560,HTTP Total Time,ms,p1,241038.05
143,1780554428323170560,1780554429323170560,HTTP Total Time,ms,p5,241038.05
143,1780554428323170560,1780554429323170560,HTTP Total Time,ms,p10,241038.05
143,1780554428323170560,1780554429323170560,HTTP Total Time,ms,p25,241038.05
143,1780554428323170560,1780554429323170560,HTTP Total Time,ms,p50,241038.05
143,1780554428323170560,1780554429323170560,HTTP Total Time,ms,p75,241038.05
143,1780554428323170560,1780554429323170560,HTTP Total Time,ms,p90,241038.05
143,1780554428323170560,1780554429323170560,HTTP Total Time,ms,p95,241038.05
143,1780554428323170560,1780554429323170560,HTTP Total Time,ms,p99,241038.05
143,1780554428323170560,1780554429323170560,HTTP Total Time,ms,std,0.00
143,1780554428323170560,1780554429323170560,HTTP Waiting (TTFB),ms,avg,4678.12
143,1780554428323170560,1780554429323170560,HTTP Waiting (TTFB),ms,min,4678.12
143,1780554428323170560,1780554429323170560,HTTP Waiting (TTFB),ms,max,4678.12
143,1780554428323170560,1780554429323170560,HTTP Waiting (TTFB),ms,sum,4678.12
143,1780554428323170560,1780554429323170560,HTTP Waiting (TTFB),ms,p1,4678.12
143,1780554428323170560,1780554429323170560,HTTP Waiting (TTFB),ms,p5,4678.12
143,1780554428323170560,1780554429323170560,HTTP Waiting (TTFB),ms,p10,4678.12
143,1780554428323170560,1780554429323170560,HTTP Waiting (TTFB),ms,p25,4678.12
143,1780554428323170560,1780554429323170560,HTTP Waiting (TTFB),ms,p50,4678.12
143,1780554428323170560,1780554429323170560,HTTP Waiting (TTFB),ms,p75,4678.12
143,1780554428323170560,1780554429323170560,HTTP Waiting (TTFB),ms,p90,4678.12
143,1780554428323170560,1780554429323170560,HTTP Waiting (TTFB),ms,p95,4678.12
143,1780554428323170560,1780554429323170560,HTTP Waiting (TTFB),ms,p99,4678.12
143,1780554428323170560,1780554429323170560,HTTP Waiting (TTFB),ms,std,0.00
143,1780554428323170560,1780554429323170560,Input Sequence Length,tokens,avg,111271.00
143,1780554428323170560,1780554429323170560,Input Sequence Length,tokens,min,111271.00
143,1780554428323170560,1780554429323170560,Input Sequence Length,tokens,max,111271.00
143,1780554428323170560,1780554429323170560,Input Sequence Length,tokens,sum,111271.00
143,1780554428323170560,1780554429323170560,Input Sequence Length,tokens,p1,111271.00
143,1780554428323170560,1780554429323170560,Input Sequence Length,tokens,p5,111271.00
143,1780554428323170560,1780554429323170560,Input Sequence Length,tokens,p10,111271.00
143,1780554428323170560,1780554429323170560,Input Sequence Length,tokens,p25,111271.00
143,1780554428323170560,1780554429323170560,Input Sequence Length,tokens,p50,111271.00
143,1780554428323170560,1780554429323170560,Input Sequence Length,tokens,p75,111271.00
143,1780554428323170560,1780554429323170560,Input Sequence Length,tokens,p90,111271.00
143,1780554428323170560,1780554429323170560,Input Sequence Length,tokens,p95,111271.00
143,1780554428323170560,1780554429323170560,Input Sequence Length,tokens,p99,111271.00
143,1780554428323170560,1780554429323170560,Input Sequence Length,tokens,std,0.00
143,1780554428323170560,1780554429323170560,Input Token Throughput,tokens/sec,avg,111271.00
143,1780554428323170560,1780554429323170560,Inter Chunk Latency,ms,avg,730.67
143,1780554428323170560,1780554429323170560,Inter Chunk Latency,ms,min,620.12
143,1780554428323170560,1780554429323170560,Inter Chunk Latency,ms,max,844.06
143,1780554428323170560,1780554429323170560,Inter Chunk Latency,ms,sum,1815702.63
143,1780554428323170560,1780554429323170560,Inter Chunk Latency,ms,p1,621.01
143,1780554428323170560,1780554429323170560,Inter Chunk Latency,ms,p5,636.91
143,1780554428323170560,1780554429323170560,Inter Chunk Latency,ms,p10,662.63
143,1780554428323170560,1780554429323170560,Inter Chunk Latency,ms,p25,687.50
143,1780554428323170560,1780554429323170560,Inter Chunk Latency,ms,p50,732.69
143,1780554428323170560,1780554429323170560,Inter Chunk Latency,ms,p75,768.56
143,1780554428323170560,1780554429323170560,Inter Chunk Latency,ms,p90,813.24
143,1780554428323170560,1780554429323170560,Inter Chunk Latency,ms,p95,833.07
143,1780554428323170560,1780554429323170560,Inter Chunk Latency,ms,p99,841.14
143,1780554428323170560,1780554429323170560,Inter Chunk Latency,ms,std,57.24
143,1780554428323170560,1780554429323170560,Inter Token Latency,ms,avg,95.11
143,1780554428323170560,1780554429323170560,Inter Token Latency,ms,min,95.11
143,1780554428323170560,1780554429323170560,Inter Token Latency,ms,max,95.11
143,1780554428323170560,1780554429323170560,Inter Token Latency,ms,sum,95.11
143,1780554428323170560,1780554429323170560,Inter Token Latency,ms,p1,95.11
143,1780554428323170560,1780554429323170560,Inter Token Latency,ms,p5,95.11
143,1780554428323170560,1780554429323170560,Inter Token Latency,ms,p10,95.11
143,1780554428323170560,1780554429323170560,Inter Token Latency,ms,p25,95.11
143,1780554428323170560,1780554429323170560,Inter Token Latency,ms,p50,95.11
143,1780554428323170560,1780554429323170560,Inter Token Latency,ms,p75,95.11
143,1780554428323170560,1780554429323170560,Inter Token Latency,ms,p90,95.11
143,1780554428323170560,1780554429323170560,Inter Token Latency,ms,p95,95.11
143,1780554428323170560,1780554429323170560,Inter Token Latency,ms,p99,95.11
143,1780554428323170560,1780554429323170560,Inter Token Latency,ms,std,0.00
143,1780554428323170560,1780554429323170560,Maximum Response Timestamp,ns,avg,1780554670121639936.00
143,1780554428323170560,1780554429323170560,Minimum Request Timestamp,ns,avg,1780554429083468544.00
143,1780554428323170560,1780554429323170560,OSL Mismatch Count,requests,avg,0.00
143,1780554428323170560,1780554429323170560,OSL Mismatch Diff %,%,avg,0.00
143,1780554428323170560,1780554429323170560,OSL Mismatch Diff %,%,min,0.00
143,1780554428323170560,1780554429323170560,OSL Mismatch Diff %,%,max,0.00
143,1780554428323170560,1780554429323170560,OSL Mismatch Diff %,%,sum,0.00
143,1780554428323170560,1780554429323170560,OSL Mismatch Diff %,%,p1,0.00
143,1780554428323170560,1780554429323170560,OSL Mismatch Diff %,%,p5,0.00
143,1780554428323170560,1780554429323170560,OSL Mismatch Diff %,%,p10,0.00
143,1780554428323170560,1780554429323170560,OSL Mismatch Diff %,%,p25,0.00
143,1780554428323170560,1780554429323170560,OSL Mismatch Diff %,%,p50,0.00
143,1780554428323170560,1780554429323170560,OSL Mismatch Diff %,%,p75,0.00
143,1780554428323170560,1780554429323170560,OSL Mismatch Diff %,%,p90,0.00
143,1780554428323170560,1780554429323170560,OSL Mismatch Diff %,%,p95,0.00
143,1780554428323170560,1780554429323170560,OSL Mismatch Diff %,%,p99,0.00
143,1780554428323170560,1780554429323170560,OSL Mismatch Diff %,%,std,0.00
143,1780554428323170560,1780554429323170560,Output Sequence Length,tokens,avg,2486.00
143,1780554428323170560,1780554429323170560,Output Sequence Length,tokens,min,2486.00
143,1780554428323170560,1780554429323170560,Output Sequence Length,tokens,max,2486.00
143,1780554428323170560,1780554429323170560,Output Sequence Length,tokens,sum,2486.00
143,1780554428323170560,1780554429323170560,Output Sequence Length,tokens,p1,2486.00
143,1780554428323170560,1780554429323170560,Output Sequence Length,tokens,p5,2486.00
143,1780554428323170560,1780554429323170560,Output Sequence Length,tokens,p10,2486.00
143,1780554428323170560,1780554429323170560,Output Sequence Length,tokens,p25,2486.00
143,1780554428323170560,1780554429323170560,Output Sequence Length,tokens,p50,2486.00
143,1780554428323170560,1780554429323170560,Output Sequence Length,tokens,p75,2486.00
143,1780554428323170560,1780554429323170560,Output Sequence Length,tokens,p90,2486.00
143,1780554428323170560,1780554429323170560,Output Sequence Length,tokens,p95,2486.00
143,1780554428323170560,1780554429323170560,Output Sequence Length,tokens,p99,2486.00
143,1780554428323170560,1780554429323170560,Output Sequence Length,tokens,std,0.00
143,1780554428323170560,1780554429323170560,Output Token Count,tokens,avg,2486.00
143,1780554428323170560,1780554429323170560,Output Token Count,tokens,min,2486.00
143,1780554428323170560,1780554429323170560,Output Token Count,tokens,max,2486.00
143,1780554428323170560,1780554429323170560,Output Token Count,tokens,sum,2486.00
143,1780554428323170560,1780554429323170560,Output Token Count,tokens,p1,2486.00
143,1780554428323170560,1780554429323170560,Output Token Count,tokens,p5,2486.00
143,1780554428323170560,1780554429323170560,Output Token Count,tokens,p10,2486.00
143,1780554428323170560,1780554429323170560,Output Token Count,tokens,p25,2486.00
143,1780554428323170560,1780554429323170560,Output Token Count,tokens,p50,2486.00
143,1780554428323170560,1780554429323170560,Output Token Count,tokens,p75,2486.00
143,1780554428323170560,1780554429323170560,Output Token Count,tokens,p90,2486.00
143,1780554428323170560,1780554429323170560,Output Token Count,tokens,p95,2486.00
143,1780554428323170560,1780554429323170560,Output Token Count,tokens,p99,2486.00
143,1780554428323170560,1780554429323170560,Output Token Count,tokens,std,0.00
143,1780554428323170560,1780554429323170560,Output Token Throughput,tokens/sec,avg,2486.00
143,1780554428323170560,1780554429323170560,Output Token Throughput Per User,tokens/sec/user,avg,10.51
143,1780554428323170560,1780554429323170560,Output Token Throughput Per User,tokens/sec/user,min,10.51
143,1780554428323170560,1780554429323170560,Output Token Throughput Per User,tokens/sec/user,max,10.51
143,1780554428323170560,1780554429323170560,Output Token Throughput Per User,tokens/sec/user,sum,10.51
143,1780554428323170560,1780554429323170560,Output Token Throughput Per User,tokens/sec/user,p1,10.51
143,1780554428323170560,1780554429323170560,Output Token Throughput Per User,tokens/sec/user,p5,10.51
143,1780554428323170560,1780554429323170560,Output Token Throughput Per User,tokens/sec/user,p10,10.51
143,1780554428323170560,1780554429323170560,Output Token Throughput Per User,tokens/sec/user,p25,10.51
143,1780554428323170560,1780554429323170560,Output Token Throughput Per User,tokens/sec/user,p50,10.51
143,1780554428323170560,1780554429323170560,Output Token Throughput Per User,tokens/sec/user,p75,10.51
143,1780554428323170560,1780554429323170560,Output Token Throughput Per User,tokens/sec/user,p90,10.51
143,1780554428323170560,1780554429323170560,Output Token Throughput Per User,tokens/sec/user,p95,10.51
143,1780554428323170560,1780554429323170560,Output Token Throughput Per User,tokens/sec/user,p99,10.51
143,1780554428323170560,1780554429323170560,Output Token Throughput Per User,tokens/sec/user,std,0.00
143,1780554428323170560,1780554429323170560,Prefill Throughput Per User,tokens/sec/user,avg,23783.33
143,1780554428323170560,1780554429323170560,Prefill Throughput Per User,tokens/sec/user,min,23783.33
143,1780554428323170560,1780554429323170560,Prefill Throughput Per User,tokens/sec/user,max,23783.33
143,1780554428323170560,1780554429323170560,Prefill Throughput Per User,tokens/sec/user,sum,23783.33
143,1780554428323170560,1780554429323170560,Prefill Throughput Per User,tokens/sec/user,p1,23783.33
143,1780554428323170560,1780554429323170560,Prefill Throughput Per User,tokens/sec/user,p5,23783.33
143,1780554428323170560,1780554429323170560,Prefill Throughput Per User,tokens/sec/user,p10,23783.33
143,1780554428323170560,1780554429323170560,Prefill Throughput Per User,tokens/sec/user,p25,23783.33
143,1780554428323170560,1780554429323170560,Prefill Throughput Per User,tokens/sec/user,p50,23783.33
143,1780554428323170560,1780554429323170560,Prefill Throughput Per User,tokens/sec/user,p75,23783.33
143,1780554428323170560,1780554429323170560,Prefill Throughput Per User,tokens/sec/user,p90,23783.33
143,1780554428323170560,1780554429323170560,Prefill Throughput Per User,tokens/sec/user,p95,23783.33
143,1780554428323170560,1780554429323170560,Prefill Throughput Per User,tokens/sec/user,p99,23783.33
143,1780554428323170560,1780554429323170560,Prefill Throughput Per User,tokens/sec/user,std,0.00
143,1780554428323170560,1780554429323170560,Request Count,requests,avg,1.00
143,1780554428323170560,1780554429323170560,Request Latency,ms,avg,241038.17
143,1780554428323170560,1780554429323170560,Request Latency,ms,min,241038.17
143,1780554428323170560,1780554429323170560,Request Latency,ms,max,241038.17
143,1780554428323170560,1780554429323170560,Request Latency,ms,sum,241038.17
143,1780554428323170560,1780554429323170560,Request Latency,ms,p1,241038.17
143,1780554428323170560,1780554429323170560,Request Latency,ms,p5,241038.17
143,1780554428323170560,1780554429323170560,Request Latency,ms,p10,241038.17
143,1780554428323170560,1780554429323170560,Request Latency,ms,p25,241038.17
143,1780554428323170560,1780554429323170560,Request Latency,ms,p50,241038.17
143,1780554428323170560,1780554429323170560,Request Latency,ms,p75,241038.17
143,1780554428323170560,1780554429323170560,Request Latency,ms,p90,241038.17
143,1780554428323170560,1780554429323170560,Request Latency,ms,p95,241038.17
143,1780554428323170560,1780554429323170560,Request Latency,ms,p99,241038.17
143,1780554428323170560,1780554429323170560,Request Latency,ms,std,0.00
143,1780554428323170560,1780554429323170560,Request Throughput,requests/sec,avg,1.00
143,1780554428323170560,1780554429323170560,Requested OSL,tokens,avg,2486.00
143,1780554428323170560,1780554429323170560,Requested OSL,tokens,min,2486.00
143,1780554428323170560,1780554429323170560,Requested OSL,tokens,max,2486.00
143,1780554428323170560,1780554429323170560,Requested OSL,tokens,sum,2486.00
143,1780554428323170560,1780554429323170560,Requested OSL,tokens,p1,2486.00
143,1780554428323170560,1780554429323170560,Requested OSL,tokens,p5,2486.00
143,1780554428323170560,1780554429323170560,Requested OSL,tokens,p10,2486.00
143,1780554428323170560,1780554429323170560,Requested OSL,tokens,p25,2486.00
143,1780554428323170560,1780554429323170560,Requested OSL,tokens,p50,2486.00
143,1780554428323170560,1780554429323170560,Requested OSL,tokens,p75,2486.00
143,1780554428323170560,1780554429323170560,Requested OSL,tokens,p90,2486.00
143,1780554428323170560,1780554429323170560,Requested OSL,tokens,p95,2486.00
143,1780554428323170560,1780554429323170560,Requested OSL,tokens,p99,2486.00
143,1780554428323170560,1780554429323170560,Requested OSL,tokens,std,0.00
143,1780554428323170560,1780554429323170560,Time to First Output Token,ms,avg,4678.53
143,1780554428323170560,1780554429323170560,Time to First Output Token,ms,min,4678.53
143,1780554428323170560,1780554429323170560,Time to First Output Token,ms,max,4678.53
143,1780554428323170560,1780554429323170560,Time to First Output Token,ms,sum,4678.53
143,1780554428323170560,1780554429323170560,Time to First Output Token,ms,p1,4678.53
143,1780554428323170560,1780554429323170560,Time to First Output Token,ms,p5,4678.53
143,1780554428323170560,1780554429323170560,Time to First Output Token,ms,p10,4678.53
143,1780554428323170560,1780554429323170560,Time to First Output Token,ms,p25,4678.53
143,1780554428323170560,1780554429323170560,Time to First Output Token,ms,p50,4678.53
143,1780554428323170560,1780554429323170560,Time to First Output Token,ms,p75,4678.53
143,1780554428323170560,1780554429323170560,Time to First Output Token,ms,p90,4678.53
143,1780554428323170560,1780554429323170560,Time to First Output Token,ms,p95,4678.53
143,1780554428323170560,1780554429323170560,Time to First Output Token,ms,p99,4678.53
143,1780554428323170560,1780554429323170560,Time to First Output Token,ms,std,0.00
143,1780554428323170560,1780554429323170560,Time to First Token,ms,avg,4678.53
143,1780554428323170560,1780554429323170560,Time to First Token,ms,min,4678.53
143,1780554428323170560,1780554429323170560,Time to First Token,ms,max,4678.53
143,1780554428323170560,1780554429323170560,Time to First Token,ms,sum,4678.53
143,1780554428323170560,1780554429323170560,Time to First Token,ms,p1,4678.53
143,1780554428323170560,1780554429323170560,Time to First Token,ms,p5,4678.53
143,1780554428323170560,1780554429323170560,Time to First Token,ms,p10,4678.53
143,1780554428323170560,1780554429323170560,Time to First Token,ms,p25,4678.53
143,1780554428323170560,1780554429323170560,Time to First Token,ms,p50,4678.53
143,1780554428323170560,1780554429323170560,Time to First Token,ms,p75,4678.53
143,1780554428323170560,1780554429323170560,Time to First Token,ms,p90,4678.53
143,1780554428323170560,1780554429323170560,Time to First Token,ms,p95,4678.53
143,1780554428323170560,1780554429323170560,Time to First Token,ms,p99,4678.53
143,1780554428323170560,1780554429323170560,Time to First Token,ms,std,0.00
143,1780554428323170560,1780554429323170560,Time to Second Token,ms,avg,0.66
143,1780554428323170560,1780554429323170560,Time to Second Token,ms,min,0.66
143,1780554428323170560,1780554429323170560,Time to Second Token,ms,max,0.66
143,1780554428323170560,1780554429323170560,Time to Second Token,ms,sum,0.66
143,1780554428323170560,1780554429323170560,Time to Second Token,ms,p1,0.66
143,1780554428323170560,1780554429323170560,Time to Second Token,ms,p5,0.66
143,1780554428323170560,1780554429323170560,Time to Second Token,ms,p10,0.66
143,1780554428323170560,1780554429323170560,Time to Second Token,ms,p25,0.66
143,1780554428323170560,1780554429323170560,Time to Second Token,ms,p50,0.66
143,1780554428323170560,1780554429323170560,Time to Second Token,ms,p75,0.66
143,1780554428323170560,1780554429323170560,Time to Second Token,ms,p90,0.66
143,1780554428323170560,1780554429323170560,Time to Second Token,ms,p95,0.66
143,1780554428323170560,1780554429323170560,Time to Second Token,ms,p99,0.66
143,1780554428323170560,1780554429323170560,Time to Second Token,ms,std,0.00
143,1780554428323170560,1780554429323170560,Tokens In Flight,tokens,avg,857477.92
143,1780554428323170560,1780554429323170560,Tokens In Flight,tokens,min,830762.56
143,1780554428323170560,1780554429323170560,Tokens In Flight,tokens,max,942119.18
143,1780554428323170560,1780554429323170560,Tokens In Flight,tokens,p50,830806.51
143,1780554428323170560,1780554429323170560,Tokens In Flight,tokens,p90,942110.77
143,1780554428323170560,1780554429323170560,Tokens In Flight,tokens,p95,942115.05
143,1780554428323170560,1780554429323170560,Tokens In Flight,tokens,p99,942118.18
143,1780554428323170560,1780554429323170560,Tokens In Flight,tokens,std,47519.90
143,1780554428323170560,1780554429323170560,Total Input Sequence Length,tokens,avg,111271.00
143,1780554428323170560,1780554429323170560,Total Output Sequence Length,tokens,avg,2486.00
143,1780554428323170560,1780554429323170560,Total Output Tokens,tokens,avg,2486.00
143,1780554428323170560,1780554429323170560,Total Token Throughput,tokens/sec,avg,113757.00
143,1780554428323170560,1780554429323170560,Total Usage Completion Tokens,tokens,avg,2486.00
143,1780554428323170560,1780554429323170560,Total Usage Prompt Tokens,tokens,avg,111271.00
143,1780554428323170560,1780554429323170560,Total Usage Total Tokens,tokens,avg,113757.00
143,1780554428323170560,1780554429323170560,Usage Completion Tokens,tokens,avg,2486.00
143,1780554428323170560,1780554429323170560,Usage Completion Tokens,tokens,min,2486.00
143,1780554428323170560,1780554429323170560,Usage Completion Tokens,tokens,max,2486.00
143,1780554428323170560,1780554429323170560,Usage Completion Tokens,tokens,sum,2486.00
143,1780554428323170560,1780554429323170560,Usage Completion Tokens,tokens,p1,2486.00
143,1780554428323170560,1780554429323170560,Usage Completion Tokens,tokens,p5,2486.00
143,1780554428323170560,1780554429323170560,Usage Completion Tokens,tokens,p10,2486.00
143,1780554428323170560,1780554429323170560,Usage Completion Tokens,tokens,p25,2486.00
143,1780554428323170560,1780554429323170560,Usage Completion Tokens,tokens,p50,2486.00
143,1780554428323170560,1780554429323170560,Usage Completion Tokens,tokens,p75,2486.00
143,1780554428323170560,1780554429323170560,Usage Completion Tokens,tokens,p90,2486.00
143,1780554428323170560,1780554429323170560,Usage Completion Tokens,tokens,p95,2486.00
143,1780554428323170560,1780554429323170560,Usage Completion Tokens,tokens,p99,2486.00
143,1780554428323170560,1780554429323170560,Usage Completion Tokens,tokens,std,0.00
143,1780554428323170560,1780554429323170560,Usage Prompt Tokens,tokens,avg,111271.00
143,1780554428323170560,1780554429323170560,Usage Prompt Tokens,tokens,min,111271.00
143,1780554428323170560,1780554429323170560,Usage Prompt Tokens,tokens,max,111271.00
143,1780554428323170560,1780554429323170560,Usage Prompt Tokens,tokens,sum,111271.00
143,1780554428323170560,1780554429323170560,Usage Prompt Tokens,tokens,p1,111271.00
143,1780554428323170560,1780554429323170560,Usage Prompt Tokens,tokens,p5,111271.00
143,1780554428323170560,1780554429323170560,Usage Prompt Tokens,tokens,p10,111271.00
143,1780554428323170560,1780554429323170560,Usage Prompt Tokens,tokens,p25,111271.00
143,1780554428323170560,1780554429323170560,Usage Prompt Tokens,tokens,p50,111271.00
143,1780554428323170560,1780554429323170560,Usage Prompt Tokens,tokens,p75,111271.00
143,1780554428323170560,1780554429323170560,Usage Prompt Tokens,tokens,p90,111271.00
143,1780554428323170560,1780554429323170560,Usage Prompt Tokens,tokens,p95,111271.00
143,1780554428323170560,1780554429323170560,Usage Prompt Tokens,tokens,p99,111271.00
143,1780554428323170560,1780554429323170560,Usage Prompt Tokens,tokens,std,0.00
143,1780554428323170560,1780554429323170560,Usage Total Tokens,tokens,avg,113757.00
143,1780554428323170560,1780554429323170560,Usage Total Tokens,tokens,min,113757.00
143,1780554428323170560,1780554429323170560,Usage Total Tokens,tokens,max,113757.00
143,1780554428323170560,1780554429323170560,Usage Total Tokens,tokens,sum,113757.00
143,1780554428323170560,1780554429323170560,Usage Total Tokens,tokens,p1,113757.00
143,1780554428323170560,1780554429323170560,Usage Total Tokens,tokens,p5,113757.00
143,1780554428323170560,1780554429323170560,Usage Total Tokens,tokens,p10,113757.00
143,1780554428323170560,1780554429323170560,Usage Total Tokens,tokens,p25,113757.00
143,1780554428323170560,1780554429323170560,Usage Total Tokens,tokens,p50,113757.00
143,1780554428323170560,1780554429323170560,Usage Total Tokens,tokens,p75,113757.00
143,1780554428323170560,1780554429323170560,Usage Total Tokens,tokens,p90,113757.00
143,1780554428323170560,1780554429323170560,Usage Total Tokens,tokens,p95,113757.00
143,1780554428323170560,1780554429323170560,Usage Total Tokens,tokens,p99,113757.00
143,1780554428323170560,1780554429323170560,Usage Total Tokens,tokens,std,0.00
144,1780554439323170560,1780554440323170560,Active Decode Throughput,tokens/sec,avg,66.05
144,1780554439323170560,1780554440323170560,Active Decode Throughput,tokens/sec,min,43.03
144,1780554439323170560,1780554440323170560,Active Decode Throughput,tokens/sec,max,86.58
144,1780554439323170560,1780554440323170560,Active Decode Throughput,tokens/sec,p50,72.04
144,1780554439323170560,1780554440323170560,Active Decode Throughput,tokens/sec,p90,72.05
144,1780554439323170560,1780554440323170560,Active Decode Throughput,tokens/sec,p95,72.05
144,1780554439323170560,1780554440323170560,Active Decode Throughput,tokens/sec,p99,72.05
144,1780554439323170560,1780554440323170560,Active Decode Throughput,tokens/sec,std,7.16
144,1780554439323170560,1780554440323170560,Active Decode Throughput Per User,tokens/sec/user,avg,5.50
144,1780554439323170560,1780554440323170560,Active Decode Throughput Per User,tokens/sec/user,min,3.59
144,1780554439323170560,1780554440323170560,Active Decode Throughput Per User,tokens/sec/user,max,7.21
144,1780554439323170560,1780554440323170560,Active Decode Throughput Per User,tokens/sec/user,p50,6.00
144,1780554439323170560,1780554440323170560,Active Decode Throughput Per User,tokens/sec/user,p90,6.00
144,1780554439323170560,1780554440323170560,Active Decode Throughput Per User,tokens/sec/user,p95,6.00
144,1780554439323170560,1780554440323170560,Active Decode Throughput Per User,tokens/sec/user,p99,6.00
144,1780554439323170560,1780554440323170560,Active Decode Throughput Per User,tokens/sec/user,std,0.60
144,1780554439323170560,1780554440323170560,Active Prefill Throughput,tokens/sec,avg,82540.93
144,1780554439323170560,1780554440323170560,Active Prefill Throughput,tokens/sec,min,82540.93
144,1780554439323170560,1780554440323170560,Active Prefill Throughput,tokens/sec,max,82540.93
144,1780554439323170560,1780554440323170560,Active Prefill Throughput,tokens/sec,p50,82540.93
144,1780554439323170560,1780554440323170560,Active Prefill Throughput,tokens/sec,p90,82540.93
144,1780554439323170560,1780554440323170560,Active Prefill Throughput,tokens/sec,p95,82540.93
144,1780554439323170560,1780554440323170560,Active Prefill Throughput,tokens/sec,p99,82540.93
144,1780554439323170560,1780554440323170560,Active Prefill Throughput,tokens/sec,std,0.00
144,1780554439323170560,1780554440323170560,Active Prefill Throughput Per User,tokens/sec/user,avg,82540.93
144,1780554439323170560,1780554440323170560,Active Prefill Throughput Per User,tokens/sec/user,min,82540.93
144,1780554439323170560,1780554440323170560,Active Prefill Throughput Per User,tokens/sec/user,max,82540.93
144,1780554439323170560,1780554440323170560,Active Prefill Throughput Per User,tokens/sec/user,p50,82540.93
144,1780554439323170560,1780554440323170560,Active Prefill Throughput Per User,tokens/sec/user,p90,82540.93
144,1780554439323170560,1780554440323170560,Active Prefill Throughput Per User,tokens/sec/user,p95,82540.93
144,1780554439323170560,1780554440323170560,Active Prefill Throughput Per User,tokens/sec/user,p99,82540.93
144,1780554439323170560,1780554440323170560,Active Prefill Throughput Per User,tokens/sec/user,std,0.00
144,1780554439323170560,1780554440323170560,Active Total Throughput,tokens/sec,avg,28707.22
144,1780554439323170560,1780554440323170560,Active Total Throughput,tokens/sec,min,114.70
144,1780554439323170560,1780554440323170560,Active Total Throughput,tokens/sec,max,82655.63
144,1780554439323170560,1780554440323170560,Active Total Throughput,tokens/sec,p50,114.70
144,1780554439323170560,1780554440323170560,Active Total Throughput,tokens/sec,p90,82655.63
144,1780554439323170560,1780554440323170560,Active Total Throughput,tokens/sec,p95,82655.63
144,1780554439323170560,1780554440323170560,Active Total Throughput,tokens/sec,p99,82655.63
144,1780554439323170560,1780554440323170560,Active Total Throughput,tokens/sec,std,39274.94
144,1780554439323170560,1780554440323170560,Benchmark Duration,sec,avg,11.03
144,1780554439323170560,1780554440323170560,E2E Output Token Throughput,tokens/sec/user,avg,13.51
144,1780554439323170560,1780554440323170560,E2E Output Token Throughput,tokens/sec/user,min,13.51
144,1780554439323170560,1780554440323170560,E2E Output Token Throughput,tokens/sec/user,max,13.51
144,1780554439323170560,1780554440323170560,E2E Output Token Throughput,tokens/sec/user,sum,13.51
144,1780554439323170560,1780554440323170560,E2E Output Token Throughput,tokens/sec/user,p1,13.51
144,1780554439323170560,1780554440323170560,E2E Output Token Throughput,tokens/sec/user,p5,13.51
144,1780554439323170560,1780554440323170560,E2E Output Token Throughput,tokens/sec/user,p10,13.51
144,1780554439323170560,1780554440323170560,E2E Output Token Throughput,tokens/sec/user,p25,13.51
144,1780554439323170560,1780554440323170560,E2E Output Token Throughput,tokens/sec/user,p50,13.51
144,1780554439323170560,1780554440323170560,E2E Output Token Throughput,tokens/sec/user,p75,13.51
144,1780554439323170560,1780554440323170560,E2E Output Token Throughput,tokens/sec/user,p90,13.51
144,1780554439323170560,1780554440323170560,E2E Output Token Throughput,tokens/sec/user,p95,13.51
144,1780554439323170560,1780554440323170560,E2E Output Token Throughput,tokens/sec/user,p99,13.51
144,1780554439323170560,1780554440323170560,E2E Output Token Throughput,tokens/sec/user,std,0.00
144,1780554439323170560,1780554440323170560,Effective Concurrency,requests,avg,12.35
144,1780554439323170560,1780554440323170560,Effective Concurrency,requests,min,12.00
144,1780554439323170560,1780554440323170560,Effective Concurrency,requests,max,13.00
144,1780554439323170560,1780554440323170560,Effective Concurrency,requests,p50,12.00
144,1780554439323170560,1780554440323170560,Effective Concurrency,requests,p90,13.00
144,1780554439323170560,1780554440323170560,Effective Concurrency,requests,p95,13.00
144,1780554439323170560,1780554440323170560,Effective Concurrency,requests,p99,13.00
144,1780554439323170560,1780554440323170560,Effective Concurrency,requests,std,0.48
144,1780554439323170560,1780554440323170560,Effective Decode Concurrency,requests,avg,12.00
144,1780554439323170560,1780554440323170560,Effective Decode Concurrency,requests,min,12.00
144,1780554439323170560,1780554440323170560,Effective Decode Concurrency,requests,max,12.00
144,1780554439323170560,1780554440323170560,Effective Decode Concurrency,requests,p50,12.00
144,1780554439323170560,1780554440323170560,Effective Decode Concurrency,requests,p90,12.00
144,1780554439323170560,1780554440323170560,Effective Decode Concurrency,requests,p95,12.00
144,1780554439323170560,1780554440323170560,Effective Decode Concurrency,requests,p99,12.00
144,1780554439323170560,1780554440323170560,Effective Decode Concurrency,requests,std,0.00
144,1780554439323170560,1780554440323170560,Effective Decode Throughput,tokens/sec,avg,66.05
144,1780554439323170560,1780554440323170560,Effective Decode Throughput,tokens/sec,min,43.03
144,1780554439323170560,1780554440323170560,Effective Decode Throughput,tokens/sec,max,86.58
144,1780554439323170560,1780554440323170560,Effective Decode Throughput,tokens/sec,p50,72.04
144,1780554439323170560,1780554440323170560,Effective Decode Throughput,tokens/sec,p90,72.05
144,1780554439323170560,1780554440323170560,Effective Decode Throughput,tokens/sec,p95,72.05
144,1780554439323170560,1780554440323170560,Effective Decode Throughput,tokens/sec,p99,72.05
144,1780554439323170560,1780554440323170560,Effective Decode Throughput,tokens/sec,std,7.16
144,1780554439323170560,1780554440323170560,Effective Decode Throughput Per User,tokens/sec/user,avg,5.50
144,1780554439323170560,1780554440323170560,Effective Decode Throughput Per User,tokens/sec/user,min,3.59
144,1780554439323170560,1780554440323170560,Effective Decode Throughput Per User,tokens/sec/user,max,7.21
144,1780554439323170560,1780554440323170560,Effective Decode Throughput Per User,tokens/sec/user,p50,6.00
144,1780554439323170560,1780554440323170560,Effective Decode Throughput Per User,tokens/sec/user,p90,6.00
144,1780554439323170560,1780554440323170560,Effective Decode Throughput Per User,tokens/sec/user,p95,6.00
144,1780554439323170560,1780554440323170560,Effective Decode Throughput Per User,tokens/sec/user,p99,6.00
144,1780554439323170560,1780554440323170560,Effective Decode Throughput Per User,tokens/sec/user,std,0.60
144,1780554439323170560,1780554440323170560,Effective Prefill Concurrency,requests,avg,0.35
144,1780554439323170560,1780554440323170560,Effective Prefill Concurrency,requests,min,0.00
144,1780554439323170560,1780554440323170560,Effective Prefill Concurrency,requests,max,1.00
144,1780554439323170560,1780554440323170560,Effective Prefill Concurrency,requests,p50,0.00
144,1780554439323170560,1780554440323170560,Effective Prefill Concurrency,requests,p90,1.00
144,1780554439323170560,1780554440323170560,Effective Prefill Concurrency,requests,p95,1.00
144,1780554439323170560,1780554440323170560,Effective Prefill Concurrency,requests,p99,1.00
144,1780554439323170560,1780554440323170560,Effective Prefill Concurrency,requests,std,0.48
144,1780554439323170560,1780554440323170560,Effective Prefill Throughput,tokens/sec,avg,28592.52
144,1780554439323170560,1780554440323170560,Effective Prefill Throughput,tokens/sec,min,0.00
144,1780554439323170560,1780554440323170560,Effective Prefill Throughput,tokens/sec,max,82540.93
144,1780554439323170560,1780554440323170560,Effective Prefill Throughput,tokens/sec,p50,0.00
144,1780554439323170560,1780554440323170560,Effective Prefill Throughput,tokens/sec,p90,82540.93
144,1780554439323170560,1780554440323170560,Effective Prefill Throughput,tokens/sec,p95,82540.93
144,1780554439323170560,1780554440323170560,Effective Prefill Throughput,tokens/sec,p99,82540.93
144,1780554439323170560,1780554440323170560,Effective Prefill Throughput,tokens/sec,std,39274.94
144,1780554439323170560,1780554440323170560,Effective Prefill Throughput Per User,tokens/sec/user,avg,28592.52
144,1780554439323170560,1780554440323170560,Effective Prefill Throughput Per User,tokens/sec/user,min,0.00
144,1780554439323170560,1780554440323170560,Effective Prefill Throughput Per User,tokens/sec/user,max,82540.93
144,1780554439323170560,1780554440323170560,Effective Prefill Throughput Per User,tokens/sec/user,p50,0.00
144,1780554439323170560,1780554440323170560,Effective Prefill Throughput Per User,tokens/sec/user,p90,82540.93
144,1780554439323170560,1780554440323170560,Effective Prefill Throughput Per User,tokens/sec/user,p95,82540.93
144,1780554439323170560,1780554440323170560,Effective Prefill Throughput Per User,tokens/sec/user,p99,82540.93
144,1780554439323170560,1780554440323170560,Effective Prefill Throughput Per User,tokens/sec/user,std,39274.94
144,1780554439323170560,1780554440323170560,Effective Total Throughput,tokens/sec,avg,28707.22
144,1780554439323170560,1780554440323170560,Effective Total Throughput,tokens/sec,min,114.70
144,1780554439323170560,1780554440323170560,Effective Total Throughput,tokens/sec,max,82655.63
144,1780554439323170560,1780554440323170560,Effective Total Throughput,tokens/sec,p50,114.70
144,1780554439323170560,1780554440323170560,Effective Total Throughput,tokens/sec,p90,82655.63
144,1780554439323170560,1780554440323170560,Effective Total Throughput,tokens/sec,p95,82655.63
144,1780554439323170560,1780554440323170560,Effective Total Throughput,tokens/sec,p99,82655.63
144,1780554439323170560,1780554440323170560,Effective Total Throughput,tokens/sec,std,39274.94
144,1780554439323170560,1780554440323170560,HTTP Blocked,ms,avg,0.00
144,1780554439323170560,1780554440323170560,HTTP Blocked,ms,min,0.00
144,1780554439323170560,1780554440323170560,HTTP Blocked,ms,max,0.00
144,1780554439323170560,1780554440323170560,HTTP Blocked,ms,sum,0.00
144,1780554439323170560,1780554440323170560,HTTP Blocked,ms,p1,0.00
144,1780554439323170560,1780554440323170560,HTTP Blocked,ms,p5,0.00
144,1780554439323170560,1780554440323170560,HTTP Blocked,ms,p10,0.00
144,1780554439323170560,1780554440323170560,HTTP Blocked,ms,p25,0.00
144,1780554439323170560,1780554440323170560,HTTP Blocked,ms,p50,0.00
144,1780554439323170560,1780554440323170560,HTTP Blocked,ms,p75,0.00
144,1780554439323170560,1780554440323170560,HTTP Blocked,ms,p90,0.00
144,1780554439323170560,1780554440323170560,HTTP Blocked,ms,p95,0.00
144,1780554439323170560,1780554440323170560,HTTP Blocked,ms,p99,0.00
144,1780554439323170560,1780554440323170560,HTTP Blocked,ms,std,0.00
144,1780554439323170560,1780554440323170560,HTTP Chunks Received,count,avg,149.00
144,1780554439323170560,1780554440323170560,HTTP Chunks Received,count,min,149.00
144,1780554439323170560,1780554440323170560,HTTP Chunks Received,count,max,149.00
144,1780554439323170560,1780554440323170560,HTTP Chunks Received,count,sum,149.00
144,1780554439323170560,1780554440323170560,HTTP Chunks Received,count,p1,149.00
144,1780554439323170560,1780554440323170560,HTTP Chunks Received,count,p5,149.00
144,1780554439323170560,1780554440323170560,HTTP Chunks Received,count,p10,149.00
144,1780554439323170560,1780554440323170560,HTTP Chunks Received,count,p25,149.00
144,1780554439323170560,1780554440323170560,HTTP Chunks Received,count,p50,149.00
144,1780554439323170560,1780554440323170560,HTTP Chunks Received,count,p75,149.00
144,1780554439323170560,1780554440323170560,HTTP Chunks Received,count,p90,149.00
144,1780554439323170560,1780554440323170560,HTTP Chunks Received,count,p95,149.00
144,1780554439323170560,1780554440323170560,HTTP Chunks Received,count,p99,149.00
144,1780554439323170560,1780554440323170560,HTTP Chunks Received,count,std,0.00
144,1780554439323170560,1780554440323170560,HTTP Chunks Sent,count,avg,1.00
144,1780554439323170560,1780554440323170560,HTTP Chunks Sent,count,min,1.00
144,1780554439323170560,1780554440323170560,HTTP Chunks Sent,count,max,1.00
144,1780554439323170560,1780554440323170560,HTTP Chunks Sent,count,sum,1.00
144,1780554439323170560,1780554440323170560,HTTP Chunks Sent,count,p1,1.00
144,1780554439323170560,1780554440323170560,HTTP Chunks Sent,count,p5,1.00
144,1780554439323170560,1780554440323170560,HTTP Chunks Sent,count,p10,1.00
144,1780554439323170560,1780554440323170560,HTTP Chunks Sent,count,p25,1.00
144,1780554439323170560,1780554440323170560,HTTP Chunks Sent,count,p50,1.00
144,1780554439323170560,1780554440323170560,HTTP Chunks Sent,count,p75,1.00
144,1780554439323170560,1780554440323170560,HTTP Chunks Sent,count,p90,1.00
144,1780554439323170560,1780554440323170560,HTTP Chunks Sent,count,p95,1.00
144,1780554439323170560,1780554440323170560,HTTP Chunks Sent,count,p99,1.00
144,1780554439323170560,1780554440323170560,HTTP Chunks Sent,count,std,0.00
144,1780554439323170560,1780554440323170560,HTTP Connecting,ms,avg,0.00
144,1780554439323170560,1780554440323170560,HTTP Connecting,ms,min,0.00
144,1780554439323170560,1780554440323170560,HTTP Connecting,ms,max,0.00
144,1780554439323170560,1780554440323170560,HTTP Connecting,ms,sum,0.00
144,1780554439323170560,1780554440323170560,HTTP Connecting,ms,p1,0.00
144,1780554439323170560,1780554440323170560,HTTP Connecting,ms,p5,0.00
144,1780554439323170560,1780554440323170560,HTTP Connecting,ms,p10,0.00
144,1780554439323170560,1780554440323170560,HTTP Connecting,ms,p25,0.00
144,1780554439323170560,1780554440323170560,HTTP Connecting,ms,p50,0.00
144,1780554439323170560,1780554440323170560,HTTP Connecting,ms,p75,0.00
144,1780554439323170560,1780554440323170560,HTTP Connecting,ms,p90,0.00
144,1780554439323170560,1780554440323170560,HTTP Connecting,ms,p95,0.00
144,1780554439323170560,1780554440323170560,HTTP Connecting,ms,p99,0.00
144,1780554439323170560,1780554440323170560,HTTP Connecting,ms,std,0.00
144,1780554439323170560,1780554440323170560,HTTP Connection Overhead,ms,avg,0.00
144,1780554439323170560,1780554440323170560,HTTP Connection Overhead,ms,min,0.00
144,1780554439323170560,1780554440323170560,HTTP Connection Overhead,ms,max,0.00
144,1780554439323170560,1780554440323170560,HTTP Connection Overhead,ms,sum,0.00
144,1780554439323170560,1780554440323170560,HTTP Connection Overhead,ms,p1,0.00
144,1780554439323170560,1780554440323170560,HTTP Connection Overhead,ms,p5,0.00
144,1780554439323170560,1780554440323170560,HTTP Connection Overhead,ms,p10,0.00
144,1780554439323170560,1780554440323170560,HTTP Connection Overhead,ms,p25,0.00
144,1780554439323170560,1780554440323170560,HTTP Connection Overhead,ms,p50,0.00
144,1780554439323170560,1780554440323170560,HTTP Connection Overhead,ms,p75,0.00
144,1780554439323170560,1780554440323170560,HTTP Connection Overhead,ms,p90,0.00
144,1780554439323170560,1780554440323170560,HTTP Connection Overhead,ms,p95,0.00
144,1780554439323170560,1780554440323170560,HTTP Connection Overhead,ms,p99,0.00
144,1780554439323170560,1780554440323170560,HTTP Connection Overhead,ms,std,0.00
144,1780554439323170560,1780554440323170560,HTTP Connection Reused,ratio,avg,1.00
144,1780554439323170560,1780554440323170560,HTTP Connection Reused,ratio,min,1.00
144,1780554439323170560,1780554440323170560,HTTP Connection Reused,ratio,max,1.00
144,1780554439323170560,1780554440323170560,HTTP Connection Reused,ratio,sum,1.00
144,1780554439323170560,1780554440323170560,HTTP Connection Reused,ratio,p1,1.00
144,1780554439323170560,1780554440323170560,HTTP Connection Reused,ratio,p5,1.00
144,1780554439323170560,1780554440323170560,HTTP Connection Reused,ratio,p10,1.00
144,1780554439323170560,1780554440323170560,HTTP Connection Reused,ratio,p25,1.00
144,1780554439323170560,1780554440323170560,HTTP Connection Reused,ratio,p50,1.00
144,1780554439323170560,1780554440323170560,HTTP Connection Reused,ratio,p75,1.00
144,1780554439323170560,1780554440323170560,HTTP Connection Reused,ratio,p90,1.00
144,1780554439323170560,1780554440323170560,HTTP Connection Reused,ratio,p95,1.00
144,1780554439323170560,1780554440323170560,HTTP Connection Reused,ratio,p99,1.00
144,1780554439323170560,1780554440323170560,HTTP Connection Reused,ratio,std,0.00
144,1780554439323170560,1780554440323170560,HTTP Data Received,KB,avg,37.62
144,1780554439323170560,1780554440323170560,HTTP Data Received,KB,min,37.62
144,1780554439323170560,1780554440323170560,HTTP Data Received,KB,max,37.62
144,1780554439323170560,1780554440323170560,HTTP Data Received,KB,sum,37.62
144,1780554439323170560,1780554440323170560,HTTP Data Received,KB,p1,37.62
144,1780554439323170560,1780554440323170560,HTTP Data Received,KB,p5,37.62
144,1780554439323170560,1780554440323170560,HTTP Data Received,KB,p10,37.62
144,1780554439323170560,1780554440323170560,HTTP Data Received,KB,p25,37.62
144,1780554439323170560,1780554440323170560,HTTP Data Received,KB,p50,37.62
144,1780554439323170560,1780554440323170560,HTTP Data Received,KB,p75,37.62
144,1780554439323170560,1780554440323170560,HTTP Data Received,KB,p90,37.62
144,1780554439323170560,1780554440323170560,HTTP Data Received,KB,p95,37.62
144,1780554439323170560,1780554440323170560,HTTP Data Received,KB,p99,37.62
144,1780554439323170560,1780554440323170560,HTTP Data Received,KB,std,0.00
144,1780554439323170560,1780554440323170560,HTTP Data Sent,KB,avg,191.82
144,1780554439323170560,1780554440323170560,HTTP Data Sent,KB,min,191.82
144,1780554439323170560,1780554440323170560,HTTP Data Sent,KB,max,191.82
144,1780554439323170560,1780554440323170560,HTTP Data Sent,KB,sum,191.82
144,1780554439323170560,1780554440323170560,HTTP Data Sent,KB,p1,191.82
144,1780554439323170560,1780554440323170560,HTTP Data Sent,KB,p5,191.82
144,1780554439323170560,1780554440323170560,HTTP Data Sent,KB,p10,191.82
144,1780554439323170560,1780554440323170560,HTTP Data Sent,KB,p25,191.82
144,1780554439323170560,1780554440323170560,HTTP Data Sent,KB,p50,191.82
144,1780554439323170560,1780554440323170560,HTTP Data Sent,KB,p75,191.82
144,1780554439323170560,1780554440323170560,HTTP Data Sent,KB,p90,191.82
144,1780554439323170560,1780554440323170560,HTTP Data Sent,KB,p95,191.82
144,1780554439323170560,1780554440323170560,HTTP Data Sent,KB,p99,191.82
144,1780554439323170560,1780554440323170560,HTTP Data Sent,KB,std,0.00
144,1780554439323170560,1780554440323170560,HTTP DNS Lookup,ms,avg,0.00
144,1780554439323170560,1780554440323170560,HTTP DNS Lookup,ms,min,0.00
144,1780554439323170560,1780554440323170560,HTTP DNS Lookup,ms,max,0.00
144,1780554439323170560,1780554440323170560,HTTP DNS Lookup,ms,sum,0.00
144,1780554439323170560,1780554440323170560,HTTP DNS Lookup,ms,p1,0.00
144,1780554439323170560,1780554440323170560,HTTP DNS Lookup,ms,p5,0.00
144,1780554439323170560,1780554440323170560,HTTP DNS Lookup,ms,p10,0.00
144,1780554439323170560,1780554440323170560,HTTP DNS Lookup,ms,p25,0.00
144,1780554439323170560,1780554440323170560,HTTP DNS Lookup,ms,p50,0.00
144,1780554439323170560,1780554440323170560,HTTP DNS Lookup,ms,p75,0.00
144,1780554439323170560,1780554440323170560,HTTP DNS Lookup,ms,p90,0.00
144,1780554439323170560,1780554440323170560,HTTP DNS Lookup,ms,p95,0.00
144,1780554439323170560,1780554440323170560,HTTP DNS Lookup,ms,p99,0.00
144,1780554439323170560,1780554440323170560,HTTP DNS Lookup,ms,std,0.00
144,1780554439323170560,1780554440323170560,HTTP Duration (excl. conn),ms,avg,11025.69
144,1780554439323170560,1780554440323170560,HTTP Duration (excl. conn),ms,min,11025.69
144,1780554439323170560,1780554440323170560,HTTP Duration (excl. conn),ms,max,11025.69
144,1780554439323170560,1780554440323170560,HTTP Duration (excl. conn),ms,sum,11025.69
144,1780554439323170560,1780554440323170560,HTTP Duration (excl. conn),ms,p1,11025.69
144,1780554439323170560,1780554440323170560,HTTP Duration (excl. conn),ms,p5,11025.69
144,1780554439323170560,1780554440323170560,HTTP Duration (excl. conn),ms,p10,11025.69
144,1780554439323170560,1780554440323170560,HTTP Duration (excl. conn),ms,p25,11025.69
144,1780554439323170560,1780554440323170560,HTTP Duration (excl. conn),ms,p50,11025.69
144,1780554439323170560,1780554440323170560,HTTP Duration (excl. conn),ms,p75,11025.69
144,1780554439323170560,1780554440323170560,HTTP Duration (excl. conn),ms,p90,11025.69
144,1780554439323170560,1780554440323170560,HTTP Duration (excl. conn),ms,p95,11025.69
144,1780554439323170560,1780554440323170560,HTTP Duration (excl. conn),ms,p99,11025.69
144,1780554439323170560,1780554440323170560,HTTP Duration (excl. conn),ms,std,0.00
144,1780554439323170560,1780554440323170560,HTTP Receiving,ms,avg,10426.12
144,1780554439323170560,1780554440323170560,HTTP Receiving,ms,min,10426.12
144,1780554439323170560,1780554440323170560,HTTP Receiving,ms,max,10426.12
144,1780554439323170560,1780554440323170560,HTTP Receiving,ms,sum,10426.12
144,1780554439323170560,1780554440323170560,HTTP Receiving,ms,p1,10426.12
144,1780554439323170560,1780554440323170560,HTTP Receiving,ms,p5,10426.12
144,1780554439323170560,1780554440323170560,HTTP Receiving,ms,p10,10426.12
144,1780554439323170560,1780554440323170560,HTTP Receiving,ms,p25,10426.12
144,1780554439323170560,1780554440323170560,HTTP Receiving,ms,p50,10426.12
144,1780554439323170560,1780554440323170560,HTTP Receiving,ms,p75,10426.12
144,1780554439323170560,1780554440323170560,HTTP Receiving,ms,p90,10426.12
144,1780554439323170560,1780554440323170560,HTTP Receiving,ms,p95,10426.12
144,1780554439323170560,1780554440323170560,HTTP Receiving,ms,p99,10426.12
144,1780554439323170560,1780554440323170560,HTTP Receiving,ms,std,0.00
144,1780554439323170560,1780554440323170560,HTTP Sending,ms,avg,0.22
144,1780554439323170560,1780554440323170560,HTTP Sending,ms,min,0.22
144,1780554439323170560,1780554440323170560,HTTP Sending,ms,max,0.22
144,1780554439323170560,1780554440323170560,HTTP Sending,ms,sum,0.22
144,1780554439323170560,1780554440323170560,HTTP Sending,ms,p1,0.22
144,1780554439323170560,1780554440323170560,HTTP Sending,ms,p5,0.22
144,1780554439323170560,1780554440323170560,HTTP Sending,ms,p10,0.22
144,1780554439323170560,1780554440323170560,HTTP Sending,ms,p25,0.22
144,1780554439323170560,1780554440323170560,HTTP Sending,ms,p50,0.22
144,1780554439323170560,1780554440323170560,HTTP Sending,ms,p75,0.22
144,1780554439323170560,1780554440323170560,HTTP Sending,ms,p90,0.22
144,1780554439323170560,1780554440323170560,HTTP Sending,ms,p95,0.22
144,1780554439323170560,1780554440323170560,HTTP Sending,ms,p99,0.22
144,1780554439323170560,1780554440323170560,HTTP Sending,ms,std,0.00
144,1780554439323170560,1780554440323170560,HTTP Total Time,ms,avg,11025.69
144,1780554439323170560,1780554440323170560,HTTP Total Time,ms,min,11025.69
144,1780554439323170560,1780554440323170560,HTTP Total Time,ms,max,11025.69
144,1780554439323170560,1780554440323170560,HTTP Total Time,ms,sum,11025.69
144,1780554439323170560,1780554440323170560,HTTP Total Time,ms,p1,11025.69
144,1780554439323170560,1780554440323170560,HTTP Total Time,ms,p5,11025.69
144,1780554439323170560,1780554440323170560,HTTP Total Time,ms,p10,11025.69
144,1780554439323170560,1780554440323170560,HTTP Total Time,ms,p25,11025.69
144,1780554439323170560,1780554440323170560,HTTP Total Time,ms,p50,11025.69
144,1780554439323170560,1780554440323170560,HTTP Total Time,ms,p75,11025.69
144,1780554439323170560,1780554440323170560,HTTP Total Time,ms,p90,11025.69
144,1780554439323170560,1780554440323170560,HTTP Total Time,ms,p95,11025.69
144,1780554439323170560,1780554440323170560,HTTP Total Time,ms,p99,11025.69
144,1780554439323170560,1780554440323170560,HTTP Total Time,ms,std,0.00
144,1780554439323170560,1780554440323170560,HTTP Waiting (TTFB),ms,avg,599.34
144,1780554439323170560,1780554440323170560,HTTP Waiting (TTFB),ms,min,599.34
144,1780554439323170560,1780554440323170560,HTTP Waiting (TTFB),ms,max,599.34
144,1780554439323170560,1780554440323170560,HTTP Waiting (TTFB),ms,sum,599.34
144,1780554439323170560,1780554440323170560,HTTP Waiting (TTFB),ms,p1,599.34
144,1780554439323170560,1780554440323170560,HTTP Waiting (TTFB),ms,p5,599.34
144,1780554439323170560,1780554440323170560,HTTP Waiting (TTFB),ms,p10,599.34
144,1780554439323170560,1780554440323170560,HTTP Waiting (TTFB),ms,p25,599.34
144,1780554439323170560,1780554440323170560,HTTP Waiting (TTFB),ms,p50,599.34
144,1780554439323170560,1780554440323170560,HTTP Waiting (TTFB),ms,p75,599.34
144,1780554439323170560,1780554440323170560,HTTP Waiting (TTFB),ms,p90,599.34
144,1780554439323170560,1780554440323170560,HTTP Waiting (TTFB),ms,p95,599.34
144,1780554439323170560,1780554440323170560,HTTP Waiting (TTFB),ms,p99,599.34
144,1780554439323170560,1780554440323170560,HTTP Waiting (TTFB),ms,std,0.00
144,1780554439323170560,1780554440323170560,Input Sequence Length,tokens,avg,49501.00
144,1780554439323170560,1780554440323170560,Input Sequence Length,tokens,min,49501.00
144,1780554439323170560,1780554440323170560,Input Sequence Length,tokens,max,49501.00
144,1780554439323170560,1780554440323170560,Input Sequence Length,tokens,sum,49501.00
144,1780554439323170560,1780554440323170560,Input Sequence Length,tokens,p1,49501.00
144,1780554439323170560,1780554440323170560,Input Sequence Length,tokens,p5,49501.00
144,1780554439323170560,1780554440323170560,Input Sequence Length,tokens,p10,49501.00
144,1780554439323170560,1780554440323170560,Input Sequence Length,tokens,p25,49501.00
144,1780554439323170560,1780554440323170560,Input Sequence Length,tokens,p50,49501.00
144,1780554439323170560,1780554440323170560,Input Sequence Length,tokens,p75,49501.00
144,1780554439323170560,1780554440323170560,Input Sequence Length,tokens,p90,49501.00
144,1780554439323170560,1780554440323170560,Input Sequence Length,tokens,p95,49501.00
144,1780554439323170560,1780554440323170560,Input Sequence Length,tokens,p99,49501.00
144,1780554439323170560,1780554440323170560,Input Sequence Length,tokens,std,0.00
144,1780554439323170560,1780554440323170560,Input Token Throughput,tokens/sec,avg,49501.00
144,1780554439323170560,1780554440323170560,Inter Chunk Latency,ms,avg,68.98
144,1780554439323170560,1780554440323170560,Inter Chunk Latency,ms,min,68.98
144,1780554439323170560,1780554440323170560,Inter Chunk Latency,ms,max,68.99
144,1780554439323170560,1780554440323170560,Inter Chunk Latency,ms,sum,10209.77
144,1780554439323170560,1780554440323170560,Inter Chunk Latency,ms,p1,68.98
144,1780554439323170560,1780554440323170560,Inter Chunk Latency,ms,p5,68.98
144,1780554439323170560,1780554440323170560,Inter Chunk Latency,ms,p10,68.98
144,1780554439323170560,1780554440323170560,Inter Chunk Latency,ms,p25,68.98
144,1780554439323170560,1780554440323170560,Inter Chunk Latency,ms,p50,68.98
144,1780554439323170560,1780554440323170560,Inter Chunk Latency,ms,p75,68.99
144,1780554439323170560,1780554440323170560,Inter Chunk Latency,ms,p90,68.99
144,1780554439323170560,1780554440323170560,Inter Chunk Latency,ms,p95,68.99
144,1780554439323170560,1780554440323170560,Inter Chunk Latency,ms,p99,68.99
144,1780554439323170560,1780554440323170560,Inter Chunk Latency,ms,std,0.00
144,1780554439323170560,1780554440323170560,Inter Token Latency,ms,avg,70.45
144,1780554439323170560,1780554440323170560,Inter Token Latency,ms,min,70.45
144,1780554439323170560,1780554440323170560,Inter Token Latency,ms,max,70.45
144,1780554439323170560,1780554440323170560,Inter Token Latency,ms,sum,70.45
144,1780554439323170560,1780554440323170560,Inter Token Latency,ms,p1,70.45
144,1780554439323170560,1780554440323170560,Inter Token Latency,ms,p5,70.45
144,1780554439323170560,1780554440323170560,Inter Token Latency,ms,p10,70.45
144,1780554439323170560,1780554440323170560,Inter Token Latency,ms,p25,70.45
144,1780554439323170560,1780554440323170560,Inter Token Latency,ms,p50,70.45
144,1780554439323170560,1780554440323170560,Inter Token Latency,ms,p75,70.45
144,1780554439323170560,1780554440323170560,Inter Token Latency,ms,p90,70.45
144,1780554439323170560,1780554440323170560,Inter Token Latency,ms,p95,70.45
144,1780554439323170560,1780554440323170560,Inter Token Latency,ms,p99,70.45
144,1780554439323170560,1780554440323170560,Inter Token Latency,ms,std,0.00
144,1780554439323170560,1780554440323170560,Maximum Response Timestamp,ns,avg,1780554451002559488.00
144,1780554439323170560,1780554440323170560,Minimum Request Timestamp,ns,avg,1780554439976766464.00
144,1780554439323170560,1780554440323170560,OSL Mismatch Count,requests,avg,0.00
144,1780554439323170560,1780554440323170560,OSL Mismatch Diff %,%,avg,0.00
144,1780554439323170560,1780554440323170560,OSL Mismatch Diff %,%,min,0.00
144,1780554439323170560,1780554440323170560,OSL Mismatch Diff %,%,max,0.00
144,1780554439323170560,1780554440323170560,OSL Mismatch Diff %,%,sum,0.00
144,1780554439323170560,1780554440323170560,OSL Mismatch Diff %,%,p1,0.00
144,1780554439323170560,1780554440323170560,OSL Mismatch Diff %,%,p5,0.00
144,1780554439323170560,1780554440323170560,OSL Mismatch Diff %,%,p10,0.00
144,1780554439323170560,1780554440323170560,OSL Mismatch Diff %,%,p25,0.00
144,1780554439323170560,1780554440323170560,OSL Mismatch Diff %,%,p50,0.00
144,1780554439323170560,1780554440323170560,OSL Mismatch Diff %,%,p75,0.00
144,1780554439323170560,1780554440323170560,OSL Mismatch Diff %,%,p90,0.00
144,1780554439323170560,1780554440323170560,OSL Mismatch Diff %,%,p95,0.00
144,1780554439323170560,1780554440323170560,OSL Mismatch Diff %,%,p99,0.00
144,1780554439323170560,1780554440323170560,OSL Mismatch Diff %,%,std,0.00
144,1780554439323170560,1780554440323170560,Output Sequence Length,tokens,avg,149.00
144,1780554439323170560,1780554440323170560,Output Sequence Length,tokens,min,149.00
144,1780554439323170560,1780554440323170560,Output Sequence Length,tokens,max,149.00
144,1780554439323170560,1780554440323170560,Output Sequence Length,tokens,sum,149.00
144,1780554439323170560,1780554440323170560,Output Sequence Length,tokens,p1,149.00
144,1780554439323170560,1780554440323170560,Output Sequence Length,tokens,p5,149.00
144,1780554439323170560,1780554440323170560,Output Sequence Length,tokens,p10,149.00
144,1780554439323170560,1780554440323170560,Output Sequence Length,tokens,p25,149.00
144,1780554439323170560,1780554440323170560,Output Sequence Length,tokens,p50,149.00
144,1780554439323170560,1780554440323170560,Output Sequence Length,tokens,p75,149.00
144,1780554439323170560,1780554440323170560,Output Sequence Length,tokens,p90,149.00
144,1780554439323170560,1780554440323170560,Output Sequence Length,tokens,p95,149.00
144,1780554439323170560,1780554440323170560,Output Sequence Length,tokens,p99,149.00
144,1780554439323170560,1780554440323170560,Output Sequence Length,tokens,std,0.00
144,1780554439323170560,1780554440323170560,Output Token Count,tokens,avg,149.00
144,1780554439323170560,1780554440323170560,Output Token Count,tokens,min,149.00
144,1780554439323170560,1780554440323170560,Output Token Count,tokens,max,149.00
144,1780554439323170560,1780554440323170560,Output Token Count,tokens,sum,149.00
144,1780554439323170560,1780554440323170560,Output Token Count,tokens,p1,149.00
144,1780554439323170560,1780554440323170560,Output Token Count,tokens,p5,149.00
144,1780554439323170560,1780554440323170560,Output Token Count,tokens,p10,149.00
144,1780554439323170560,1780554440323170560,Output Token Count,tokens,p25,149.00
144,1780554439323170560,1780554440323170560,Output Token Count,tokens,p50,149.00
144,1780554439323170560,1780554440323170560,Output Token Count,tokens,p75,149.00
144,1780554439323170560,1780554440323170560,Output Token Count,tokens,p90,149.00
144,1780554439323170560,1780554440323170560,Output Token Count,tokens,p95,149.00
144,1780554439323170560,1780554440323170560,Output Token Count,tokens,p99,149.00
144,1780554439323170560,1780554440323170560,Output Token Count,tokens,std,0.00
144,1780554439323170560,1780554440323170560,Output Token Throughput,tokens/sec,avg,149.00
144,1780554439323170560,1780554440323170560,Output Token Throughput Per User,tokens/sec/user,avg,14.20
144,1780554439323170560,1780554440323170560,Output Token Throughput Per User,tokens/sec/user,min,14.20
144,1780554439323170560,1780554440323170560,Output Token Throughput Per User,tokens/sec/user,max,14.20
144,1780554439323170560,1780554440323170560,Output Token Throughput Per User,tokens/sec/user,sum,14.20
144,1780554439323170560,1780554440323170560,Output Token Throughput Per User,tokens/sec/user,p1,14.20
144,1780554439323170560,1780554440323170560,Output Token Throughput Per User,tokens/sec/user,p5,14.20
144,1780554439323170560,1780554440323170560,Output Token Throughput Per User,tokens/sec/user,p10,14.20
144,1780554439323170560,1780554440323170560,Output Token Throughput Per User,tokens/sec/user,p25,14.20
144,1780554439323170560,1780554440323170560,Output Token Throughput Per User,tokens/sec/user,p50,14.20
144,1780554439323170560,1780554440323170560,Output Token Throughput Per User,tokens/sec/user,p75,14.20
144,1780554439323170560,1780554440323170560,Output Token Throughput Per User,tokens/sec/user,p90,14.20
144,1780554439323170560,1780554440323170560,Output Token Throughput Per User,tokens/sec/user,p95,14.20
144,1780554439323170560,1780554440323170560,Output Token Throughput Per User,tokens/sec/user,p99,14.20
144,1780554439323170560,1780554440323170560,Output Token Throughput Per User,tokens/sec/user,std,0.00
144,1780554439323170560,1780554440323170560,Prefill Throughput Per User,tokens/sec/user,avg,82540.92
144,1780554439323170560,1780554440323170560,Prefill Throughput Per User,tokens/sec/user,min,82540.92
144,1780554439323170560,1780554440323170560,Prefill Throughput Per User,tokens/sec/user,max,82540.92
144,1780554439323170560,1780554440323170560,Prefill Throughput Per User,tokens/sec/user,sum,82540.92
144,1780554439323170560,1780554440323170560,Prefill Throughput Per User,tokens/sec/user,p1,82540.92
144,1780554439323170560,1780554440323170560,Prefill Throughput Per User,tokens/sec/user,p5,82540.92
144,1780554439323170560,1780554440323170560,Prefill Throughput Per User,tokens/sec/user,p10,82540.92
144,1780554439323170560,1780554440323170560,Prefill Throughput Per User,tokens/sec/user,p25,82540.92
144,1780554439323170560,1780554440323170560,Prefill Throughput Per User,tokens/sec/user,p50,82540.92
144,1780554439323170560,1780554440323170560,Prefill Throughput Per User,tokens/sec/user,p75,82540.92
144,1780554439323170560,1780554440323170560,Prefill Throughput Per User,tokens/sec/user,p90,82540.92
144,1780554439323170560,1780554440323170560,Prefill Throughput Per User,tokens/sec/user,p95,82540.92
144,1780554439323170560,1780554440323170560,Prefill Throughput Per User,tokens/sec/user,p99,82540.92
144,1780554439323170560,1780554440323170560,Prefill Throughput Per User,tokens/sec/user,std,0.00
144,1780554439323170560,1780554440323170560,Request Count,requests,avg,1.00
144,1780554439323170560,1780554440323170560,Request Latency,ms,avg,11025.79
144,1780554439323170560,1780554440323170560,Request Latency,ms,min,11025.79
144,1780554439323170560,1780554440323170560,Request Latency,ms,max,11025.79
144,1780554439323170560,1780554440323170560,Request Latency,ms,sum,11025.79
144,1780554439323170560,1780554440323170560,Request Latency,ms,p1,11025.79
144,1780554439323170560,1780554440323170560,Request Latency,ms,p5,11025.79
144,1780554439323170560,1780554440323170560,Request Latency,ms,p10,11025.79
144,1780554439323170560,1780554440323170560,Request Latency,ms,p25,11025.79
144,1780554439323170560,1780554440323170560,Request Latency,ms,p50,11025.79
144,1780554439323170560,1780554440323170560,Request Latency,ms,p75,11025.79
144,1780554439323170560,1780554440323170560,Request Latency,ms,p90,11025.79
144,1780554439323170560,1780554440323170560,Request Latency,ms,p95,11025.79
144,1780554439323170560,1780554440323170560,Request Latency,ms,p99,11025.79
144,1780554439323170560,1780554440323170560,Request Latency,ms,std,0.00
144,1780554439323170560,1780554440323170560,Request Throughput,requests/sec,avg,1.00
144,1780554439323170560,1780554440323170560,Requested OSL,tokens,avg,149.00
144,1780554439323170560,1780554440323170560,Requested OSL,tokens,min,149.00
144,1780554439323170560,1780554440323170560,Requested OSL,tokens,max,149.00
144,1780554439323170560,1780554440323170560,Requested OSL,tokens,sum,149.00
144,1780554439323170560,1780554440323170560,Requested OSL,tokens,p1,149.00
144,1780554439323170560,1780554440323170560,Requested OSL,tokens,p5,149.00
144,1780554439323170560,1780554440323170560,Requested OSL,tokens,p10,149.00
144,1780554439323170560,1780554440323170560,Requested OSL,tokens,p25,149.00
144,1780554439323170560,1780554440323170560,Requested OSL,tokens,p50,149.00
144,1780554439323170560,1780554440323170560,Requested OSL,tokens,p75,149.00
144,1780554439323170560,1780554440323170560,Requested OSL,tokens,p90,149.00
144,1780554439323170560,1780554440323170560,Requested OSL,tokens,p95,149.00
144,1780554439323170560,1780554440323170560,Requested OSL,tokens,p99,149.00
144,1780554439323170560,1780554440323170560,Requested OSL,tokens,std,0.00
144,1780554439323170560,1780554440323170560,Time to First Output Token,ms,avg,599.71
144,1780554439323170560,1780554440323170560,Time to First Output Token,ms,min,599.71
144,1780554439323170560,1780554440323170560,Time to First Output Token,ms,max,599.71
144,1780554439323170560,1780554440323170560,Time to First Output Token,ms,sum,599.71
144,1780554439323170560,1780554440323170560,Time to First Output Token,ms,p1,599.71
144,1780554439323170560,1780554440323170560,Time to First Output Token,ms,p5,599.71
144,1780554439323170560,1780554440323170560,Time to First Output Token,ms,p10,599.71
144,1780554439323170560,1780554440323170560,Time to First Output Token,ms,p25,599.71
144,1780554439323170560,1780554440323170560,Time to First Output Token,ms,p50,599.71
144,1780554439323170560,1780554440323170560,Time to First Output Token,ms,p75,599.71
144,1780554439323170560,1780554440323170560,Time to First Output Token,ms,p90,599.71
144,1780554439323170560,1780554440323170560,Time to First Output Token,ms,p95,599.71
144,1780554439323170560,1780554440323170560,Time to First Output Token,ms,p99,599.71
144,1780554439323170560,1780554440323170560,Time to First Output Token,ms,std,0.00
144,1780554439323170560,1780554440323170560,Time to First Token,ms,avg,599.71
144,1780554439323170560,1780554440323170560,Time to First Token,ms,min,599.71
144,1780554439323170560,1780554440323170560,Time to First Token,ms,max,599.71
144,1780554439323170560,1780554440323170560,Time to First Token,ms,sum,599.71
144,1780554439323170560,1780554440323170560,Time to First Token,ms,p1,599.71
144,1780554439323170560,1780554440323170560,Time to First Token,ms,p5,599.71
144,1780554439323170560,1780554440323170560,Time to First Token,ms,p10,599.71
144,1780554439323170560,1780554440323170560,Time to First Token,ms,p25,599.71
144,1780554439323170560,1780554440323170560,Time to First Token,ms,p50,599.71
144,1780554439323170560,1780554440323170560,Time to First Token,ms,p75,599.71
144,1780554439323170560,1780554440323170560,Time to First Token,ms,p90,599.71
144,1780554439323170560,1780554440323170560,Time to First Token,ms,p95,599.71
144,1780554439323170560,1780554440323170560,Time to First Token,ms,p99,599.71
144,1780554439323170560,1780554440323170560,Time to First Token,ms,std,0.00
144,1780554439323170560,1780554440323170560,Time to Second Token,ms,avg,23.63
144,1780554439323170560,1780554440323170560,Time to Second Token,ms,min,23.63
144,1780554439323170560,1780554440323170560,Time to Second Token,ms,max,23.63
144,1780554439323170560,1780554440323170560,Time to Second Token,ms,sum,23.63
144,1780554439323170560,1780554440323170560,Time to Second Token,ms,p1,23.63
144,1780554439323170560,1780554440323170560,Time to Second Token,ms,p5,23.63
144,1780554439323170560,1780554440323170560,Time to Second Token,ms,p10,23.63
144,1780554439323170560,1780554440323170560,Time to Second Token,ms,p25,23.63
144,1780554439323170560,1780554440323170560,Time to Second Token,ms,p50,23.63
144,1780554439323170560,1780554440323170560,Time to Second Token,ms,p75,23.63
144,1780554439323170560,1780554440323170560,Time to Second Token,ms,p90,23.63
144,1780554439323170560,1780554440323170560,Time to Second Token,ms,p95,23.63
144,1780554439323170560,1780554440323170560,Time to Second Token,ms,p99,23.63
144,1780554439323170560,1780554440323170560,Time to Second Token,ms,std,0.00
144,1780554439323170560,1780554440323170560,Tokens In Flight,tokens,avg,911391.24
144,1780554439323170560,1780554440323170560,Tokens In Flight,tokens,min,894207.67
144,1780554439323170560,1780554440323170560,Tokens In Flight,tokens,max,943777.16
144,1780554439323170560,1780554440323170560,Tokens In Flight,tokens,p50,894243.34
144,1780554439323170560,1780554440323170560,Tokens In Flight,tokens,p90,943770.88
144,1780554439323170560,1780554440323170560,Tokens In Flight,tokens,p95,943772.88
144,1780554439323170560,1780554440323170560,Tokens In Flight,tokens,p99,943775.16
144,1780554439323170560,1780554440323170560,Tokens In Flight,tokens,std,23569.58
144,1780554439323170560,1780554440323170560,Total Input Sequence Length,tokens,avg,49501.00
144,1780554439323170560,1780554440323170560,Total Output Sequence Length,tokens,avg,149.00
144,1780554439323170560,1780554440323170560,Total Output Tokens,tokens,avg,149.00
144,1780554439323170560,1780554440323170560,Total Token Throughput,tokens/sec,avg,49650.00
144,1780554439323170560,1780554440323170560,Total Usage Completion Tokens,tokens,avg,149.00
144,1780554439323170560,1780554440323170560,Total Usage Prompt Tokens,tokens,avg,49501.00
144,1780554439323170560,1780554440323170560,Total Usage Total Tokens,tokens,avg,49650.00
144,1780554439323170560,1780554440323170560,Usage Completion Tokens,tokens,avg,149.00
144,1780554439323170560,1780554440323170560,Usage Completion Tokens,tokens,min,149.00
144,1780554439323170560,1780554440323170560,Usage Completion Tokens,tokens,max,149.00
144,1780554439323170560,1780554440323170560,Usage Completion Tokens,tokens,sum,149.00
144,1780554439323170560,1780554440323170560,Usage Completion Tokens,tokens,p1,149.00
144,1780554439323170560,1780554440323170560,Usage Completion Tokens,tokens,p5,149.00
144,1780554439323170560,1780554440323170560,Usage Completion Tokens,tokens,p10,149.00
144,1780554439323170560,1780554440323170560,Usage Completion Tokens,tokens,p25,149.00
144,1780554439323170560,1780554440323170560,Usage Completion Tokens,tokens,p50,149.00
144,1780554439323170560,1780554440323170560,Usage Completion Tokens,tokens,p75,149.00
144,1780554439323170560,1780554440323170560,Usage Completion Tokens,tokens,p90,149.00
144,1780554439323170560,1780554440323170560,Usage Completion Tokens,tokens,p95,149.00
144,1780554439323170560,1780554440323170560,Usage Completion Tokens,tokens,p99,149.00
144,1780554439323170560,1780554440323170560,Usage Completion Tokens,tokens,std,0.00
144,1780554439323170560,1780554440323170560,Usage Prompt Tokens,tokens,avg,49501.00
144,1780554439323170560,1780554440323170560,Usage Prompt Tokens,tokens,min,49501.00
144,1780554439323170560,1780554440323170560,Usage Prompt Tokens,tokens,max,49501.00
144,1780554439323170560,1780554440323170560,Usage Prompt Tokens,tokens,sum,49501.00
144,1780554439323170560,1780554440323170560,Usage Prompt Tokens,tokens,p1,49501.00
144,1780554439323170560,1780554440323170560,Usage Prompt Tokens,tokens,p5,49501.00
144,1780554439323170560,1780554440323170560,Usage Prompt Tokens,tokens,p10,49501.00
144,1780554439323170560,1780554440323170560,Usage Prompt Tokens,tokens,p25,49501.00
144,1780554439323170560,1780554440323170560,Usage Prompt Tokens,tokens,p50,49501.00
144,1780554439323170560,1780554440323170560,Usage Prompt Tokens,tokens,p75,49501.00
144,1780554439323170560,1780554440323170560,Usage Prompt Tokens,tokens,p90,49501.00
144,1780554439323170560,1780554440323170560,Usage Prompt Tokens,tokens,p95,49501.00
144,1780554439323170560,1780554440323170560,Usage Prompt Tokens,tokens,p99,49501.00
144,1780554439323170560,1780554440323170560,Usage Prompt Tokens,tokens,std,0.00
144,1780554439323170560,1780554440323170560,Usage Total Tokens,tokens,avg,49650.00
144,1780554439323170560,1780554440323170560,Usage Total Tokens,tokens,min,49650.00
144,1780554439323170560,1780554440323170560,Usage Total Tokens,tokens,max,49650.00
144,1780554439323170560,1780554440323170560,Usage Total Tokens,tokens,sum,49650.00
144,1780554439323170560,1780554440323170560,Usage Total Tokens,tokens,p1,49650.00
144,1780554439323170560,1780554440323170560,Usage Total Tokens,tokens,p5,49650.00
144,1780554439323170560,1780554440323170560,Usage Total Tokens,tokens,p10,49650.00
144,1780554439323170560,1780554440323170560,Usage Total Tokens,tokens,p25,49650.00
144,1780554439323170560,1780554440323170560,Usage Total Tokens,tokens,p50,49650.00
144,1780554439323170560,1780554440323170560,Usage Total Tokens,tokens,p75,49650.00
144,1780554439323170560,1780554440323170560,Usage Total Tokens,tokens,p90,49650.00
144,1780554439323170560,1780554440323170560,Usage Total Tokens,tokens,p95,49650.00
144,1780554439323170560,1780554440323170560,Usage Total Tokens,tokens,p99,49650.00
144,1780554439323170560,1780554440323170560,Usage Total Tokens,tokens,std,0.00
145,1780554446323170560,1780554447323170560,Active Decode Throughput,tokens/sec,avg,72.66
145,1780554446323170560,1780554447323170560,Active Decode Throughput,tokens/sec,min,57.39
145,1780554446323170560,1780554447323170560,Active Decode Throughput,tokens/sec,max,86.39
145,1780554446323170560,1780554447323170560,Active Decode Throughput,tokens/sec,p50,71.90
145,1780554446323170560,1780554447323170560,Active Decode Throughput,tokens/sec,p90,79.28
145,1780554446323170560,1780554447323170560,Active Decode Throughput,tokens/sec,p95,79.28
145,1780554446323170560,1780554447323170560,Active Decode Throughput,tokens/sec,p99,79.28
145,1780554446323170560,1780554447323170560,Active Decode Throughput,tokens/sec,std,2.25
145,1780554446323170560,1780554447323170560,Active Decode Throughput Per User,tokens/sec/user,avg,7.19
145,1780554446323170560,1780554447323170560,Active Decode Throughput Per User,tokens/sec/user,min,5.74
145,1780554446323170560,1780554447323170560,Active Decode Throughput Per User,tokens/sec/user,max,8.64
145,1780554446323170560,1780554447323170560,Active Decode Throughput Per User,tokens/sec/user,p50,7.19
145,1780554446323170560,1780554447323170560,Active Decode Throughput Per User,tokens/sec/user,p90,7.21
145,1780554446323170560,1780554447323170560,Active Decode Throughput Per User,tokens/sec/user,p95,7.21
145,1780554446323170560,1780554447323170560,Active Decode Throughput Per User,tokens/sec/user,p99,7.21
145,1780554446323170560,1780554447323170560,Active Decode Throughput Per User,tokens/sec/user,std,0.01
145,1780554446323170560,1780554447323170560,Active Prefill Throughput,tokens/sec,avg,155410.01
145,1780554446323170560,1780554447323170560,Active Prefill Throughput,tokens/sec,min,155410.01
145,1780554446323170560,1780554447323170560,Active Prefill Throughput,tokens/sec,max,155410.01
145,1780554446323170560,1780554447323170560,Active Prefill Throughput,tokens/sec,p50,155410.01
145,1780554446323170560,1780554447323170560,Active Prefill Throughput,tokens/sec,p90,155410.01
145,1780554446323170560,1780554447323170560,Active Prefill Throughput,tokens/sec,p95,155410.01
145,1780554446323170560,1780554447323170560,Active Prefill Throughput,tokens/sec,p99,155410.01
145,1780554446323170560,1780554447323170560,Active Prefill Throughput,tokens/sec,std,0.00
145,1780554446323170560,1780554447323170560,Active Prefill Throughput Per User,tokens/sec/user,avg,155410.01
145,1780554446323170560,1780554447323170560,Active Prefill Throughput Per User,tokens/sec/user,min,155410.01
145,1780554446323170560,1780554447323170560,Active Prefill Throughput Per User,tokens/sec/user,max,155410.01
145,1780554446323170560,1780554447323170560,Active Prefill Throughput Per User,tokens/sec/user,p50,155410.01
145,1780554446323170560,1780554447323170560,Active Prefill Throughput Per User,tokens/sec/user,p90,155410.01
145,1780554446323170560,1780554447323170560,Active Prefill Throughput Per User,tokens/sec/user,p95,155410.01
145,1780554446323170560,1780554447323170560,Active Prefill Throughput Per User,tokens/sec/user,p99,155410.01
145,1780554446323170560,1780554447323170560,Active Prefill Throughput Per User,tokens/sec/user,std,0.00
145,1780554446323170560,1780554447323170560,Active Total Throughput,tokens/sec,avg,128851.08
145,1780554446323170560,1780554447323170560,Active Total Throughput,tokens/sec,min,103.00
145,1780554446323170560,1780554447323170560,Active Total Throughput,tokens/sec,max,155513.01
145,1780554446323170560,1780554447323170560,Active Total Throughput,tokens/sec,p50,155513.01
145,1780554446323170560,1780554447323170560,Active Total Throughput,tokens/sec,p90,155513.01
145,1780554446323170560,1780554447323170560,Active Total Throughput,tokens/sec,p95,155513.01
145,1780554446323170560,1780554447323170560,Active Total Throughput,tokens/sec,p99,155513.01
145,1780554446323170560,1780554447323170560,Active Total Throughput,tokens/sec,std,58587.57
145,1780554446323170560,1780554447323170560,Benchmark Duration,sec,avg,130.92
145,1780554446323170560,1780554447323170560,E2E Output Token Throughput,tokens/sec/user,avg,10.37
145,1780554446323170560,1780554447323170560,E2E Output Token Throughput,tokens/sec/user,min,10.37
145,1780554446323170560,1780554447323170560,E2E Output Token Throughput,tokens/sec/user,max,10.37
145,1780554446323170560,1780554447323170560,E2E Output Token Throughput,tokens/sec/user,sum,10.37
145,1780554446323170560,1780554447323170560,E2E Output Token Throughput,tokens/sec/user,p1,10.37
145,1780554446323170560,1780554447323170560,E2E Output Token Throughput,tokens/sec/user,p5,10.37
145,1780554446323170560,1780554447323170560,E2E Output Token Throughput,tokens/sec/user,p10,10.37
145,1780554446323170560,1780554447323170560,E2E Output Token Throughput,tokens/sec/user,p25,10.37
145,1780554446323170560,1780554447323170560,E2E Output Token Throughput,tokens/sec/user,p50,10.37
145,1780554446323170560,1780554447323170560,E2E Output Token Throughput,tokens/sec/user,p75,10.37
145,1780554446323170560,1780554447323170560,E2E Output Token Throughput,tokens/sec/user,p90,10.37
145,1780554446323170560,1780554447323170560,E2E Output Token Throughput,tokens/sec/user,p95,10.37
145,1780554446323170560,1780554447323170560,E2E Output Token Throughput,tokens/sec/user,p99,10.37
145,1780554446323170560,1780554447323170560,E2E Output Token Throughput,tokens/sec/user,std,0.00
145,1780554446323170560,1780554447323170560,Effective Concurrency,requests,avg,10.93
145,1780554446323170560,1780554447323170560,Effective Concurrency,requests,min,10.00
145,1780554446323170560,1780554447323170560,Effective Concurrency,requests,max,11.00
145,1780554446323170560,1780554447323170560,Effective Concurrency,requests,p50,11.00
145,1780554446323170560,1780554447323170560,Effective Concurrency,requests,p90,11.00
145,1780554446323170560,1780554447323170560,Effective Concurrency,requests,p95,11.00
145,1780554446323170560,1780554447323170560,Effective Concurrency,requests,p99,11.00
145,1780554446323170560,1780554447323170560,Effective Concurrency,requests,std,0.25
145,1780554446323170560,1780554447323170560,Effective Decode Concurrency,requests,avg,10.10
145,1780554446323170560,1780554447323170560,Effective Decode Concurrency,requests,min,10.00
145,1780554446323170560,1780554447323170560,Effective Decode Concurrency,requests,max,11.00
145,1780554446323170560,1780554447323170560,Effective Decode Concurrency,requests,p50,10.00
145,1780554446323170560,1780554447323170560,Effective Decode Concurrency,requests,p90,11.00
145,1780554446323170560,1780554447323170560,Effective Decode Concurrency,requests,p95,11.00
145,1780554446323170560,1780554447323170560,Effective Decode Concurrency,requests,p99,11.00
145,1780554446323170560,1780554447323170560,Effective Decode Concurrency,requests,std,0.30
145,1780554446323170560,1780554447323170560,Effective Decode Throughput,tokens/sec,avg,72.66
145,1780554446323170560,1780554447323170560,Effective Decode Throughput,tokens/sec,min,57.39
145,1780554446323170560,1780554447323170560,Effective Decode Throughput,tokens/sec,max,86.39
145,1780554446323170560,1780554447323170560,Effective Decode Throughput,tokens/sec,p50,71.90
145,1780554446323170560,1780554447323170560,Effective Decode Throughput,tokens/sec,p90,79.28
145,1780554446323170560,1780554447323170560,Effective Decode Throughput,tokens/sec,p95,79.28
145,1780554446323170560,1780554447323170560,Effective Decode Throughput,tokens/sec,p99,79.28
145,1780554446323170560,1780554447323170560,Effective Decode Throughput,tokens/sec,std,2.25
145,1780554446323170560,1780554447323170560,Effective Decode Throughput Per User,tokens/sec/user,avg,7.19
145,1780554446323170560,1780554447323170560,Effective Decode Throughput Per User,tokens/sec/user,min,5.74
145,1780554446323170560,1780554447323170560,Effective Decode Throughput Per User,tokens/sec/user,max,8.64
145,1780554446323170560,1780554447323170560,Effective Decode Throughput Per User,tokens/sec/user,p50,7.19
145,1780554446323170560,1780554447323170560,Effective Decode Throughput Per User,tokens/sec/user,p90,7.21
145,1780554446323170560,1780554447323170560,Effective Decode Throughput Per User,tokens/sec/user,p95,7.21
145,1780554446323170560,1780554447323170560,Effective Decode Throughput Per User,tokens/sec/user,p99,7.21
145,1780554446323170560,1780554447323170560,Effective Decode Throughput Per User,tokens/sec/user,std,0.01
145,1780554446323170560,1780554447323170560,Effective Prefill Concurrency,requests,avg,0.83
145,1780554446323170560,1780554447323170560,Effective Prefill Concurrency,requests,min,0.00
145,1780554446323170560,1780554447323170560,Effective Prefill Concurrency,requests,max,1.00
145,1780554446323170560,1780554447323170560,Effective Prefill Concurrency,requests,p50,1.00
145,1780554446323170560,1780554447323170560,Effective Prefill Concurrency,requests,p90,1.00
145,1780554446323170560,1780554447323170560,Effective Prefill Concurrency,requests,p95,1.00
145,1780554446323170560,1780554447323170560,Effective Prefill Concurrency,requests,p99,1.00
145,1780554446323170560,1780554447323170560,Effective Prefill Concurrency,requests,std,0.38
145,1780554446323170560,1780554447323170560,Effective Prefill Throughput,tokens/sec,avg,128747.00
145,1780554446323170560,1780554447323170560,Effective Prefill Throughput,tokens/sec,min,0.00
145,1780554446323170560,1780554447323170560,Effective Prefill Throughput,tokens/sec,max,155410.01
145,1780554446323170560,1780554447323170560,Effective Prefill Throughput,tokens/sec,p50,155410.01
145,1780554446323170560,1780554447323170560,Effective Prefill Throughput,tokens/sec,p90,155410.01
145,1780554446323170560,1780554447323170560,Effective Prefill Throughput,tokens/sec,p95,155410.01
145,1780554446323170560,1780554447323170560,Effective Prefill Throughput,tokens/sec,p99,155410.01
145,1780554446323170560,1780554447323170560,Effective Prefill Throughput,tokens/sec,std,58589.95
145,1780554446323170560,1780554447323170560,Effective Prefill Throughput Per User,tokens/sec/user,avg,128747.00
145,1780554446323170560,1780554447323170560,Effective Prefill Throughput Per User,tokens/sec/user,min,0.00
145,1780554446323170560,1780554447323170560,Effective Prefill Throughput Per User,tokens/sec/user,max,155410.01
145,1780554446323170560,1780554447323170560,Effective Prefill Throughput Per User,tokens/sec/user,p50,155410.01
145,1780554446323170560,1780554447323170560,Effective Prefill Throughput Per User,tokens/sec/user,p90,155410.01
145,1780554446323170560,1780554447323170560,Effective Prefill Throughput Per User,tokens/sec/user,p95,155410.01
145,1780554446323170560,1780554447323170560,Effective Prefill Throughput Per User,tokens/sec/user,p99,155410.01
145,1780554446323170560,1780554447323170560,Effective Prefill Throughput Per User,tokens/sec/user,std,58589.95
145,1780554446323170560,1780554447323170560,Effective Total Throughput,tokens/sec,avg,128851.08
145,1780554446323170560,1780554447323170560,Effective Total Throughput,tokens/sec,min,103.00
145,1780554446323170560,1780554447323170560,Effective Total Throughput,tokens/sec,max,155513.01
145,1780554446323170560,1780554447323170560,Effective Total Throughput,tokens/sec,p50,155513.01
145,1780554446323170560,1780554447323170560,Effective Total Throughput,tokens/sec,p90,155513.01
145,1780554446323170560,1780554447323170560,Effective Total Throughput,tokens/sec,p95,155513.01
145,1780554446323170560,1780554447323170560,Effective Total Throughput,tokens/sec,p99,155513.01
145,1780554446323170560,1780554447323170560,Effective Total Throughput,tokens/sec,std,58587.57
145,1780554446323170560,1780554447323170560,HTTP Blocked,ms,avg,0.00
145,1780554446323170560,1780554447323170560,HTTP Blocked,ms,min,0.00
145,1780554446323170560,1780554447323170560,HTTP Blocked,ms,max,0.00
145,1780554446323170560,1780554447323170560,HTTP Blocked,ms,sum,0.00
145,1780554446323170560,1780554447323170560,HTTP Blocked,ms,p1,0.00
145,1780554446323170560,1780554447323170560,HTTP Blocked,ms,p5,0.00
145,1780554446323170560,1780554447323170560,HTTP Blocked,ms,p10,0.00
145,1780554446323170560,1780554447323170560,HTTP Blocked,ms,p25,0.00
145,1780554446323170560,1780554447323170560,HTTP Blocked,ms,p50,0.00
145,1780554446323170560,1780554447323170560,HTTP Blocked,ms,p75,0.00
145,1780554446323170560,1780554447323170560,HTTP Blocked,ms,p90,0.00
145,1780554446323170560,1780554447323170560,HTTP Blocked,ms,p95,0.00
145,1780554446323170560,1780554447323170560,HTTP Blocked,ms,p99,0.00
145,1780554446323170560,1780554447323170560,HTTP Blocked,ms,std,0.00
145,1780554446323170560,1780554447323170560,HTTP Chunks Received,count,avg,1358.00
145,1780554446323170560,1780554447323170560,HTTP Chunks Received,count,min,1358.00
145,1780554446323170560,1780554447323170560,HTTP Chunks Received,count,max,1358.00
145,1780554446323170560,1780554447323170560,HTTP Chunks Received,count,sum,1358.00
145,1780554446323170560,1780554447323170560,HTTP Chunks Received,count,p1,1358.00
145,1780554446323170560,1780554447323170560,HTTP Chunks Received,count,p5,1358.00
145,1780554446323170560,1780554447323170560,HTTP Chunks Received,count,p10,1358.00
145,1780554446323170560,1780554447323170560,HTTP Chunks Received,count,p25,1358.00
145,1780554446323170560,1780554447323170560,HTTP Chunks Received,count,p50,1358.00
145,1780554446323170560,1780554447323170560,HTTP Chunks Received,count,p75,1358.00
145,1780554446323170560,1780554447323170560,HTTP Chunks Received,count,p90,1358.00
145,1780554446323170560,1780554447323170560,HTTP Chunks Received,count,p95,1358.00
145,1780554446323170560,1780554447323170560,HTTP Chunks Received,count,p99,1358.00
145,1780554446323170560,1780554447323170560,HTTP Chunks Received,count,std,0.00
145,1780554446323170560,1780554447323170560,HTTP Chunks Sent,count,avg,1.00
145,1780554446323170560,1780554447323170560,HTTP Chunks Sent,count,min,1.00
145,1780554446323170560,1780554447323170560,HTTP Chunks Sent,count,max,1.00
145,1780554446323170560,1780554447323170560,HTTP Chunks Sent,count,sum,1.00
145,1780554446323170560,1780554447323170560,HTTP Chunks Sent,count,p1,1.00
145,1780554446323170560,1780554447323170560,HTTP Chunks Sent,count,p5,1.00
145,1780554446323170560,1780554447323170560,HTTP Chunks Sent,count,p10,1.00
145,1780554446323170560,1780554447323170560,HTTP Chunks Sent,count,p25,1.00
145,1780554446323170560,1780554447323170560,HTTP Chunks Sent,count,p50,1.00
145,1780554446323170560,1780554447323170560,HTTP Chunks Sent,count,p75,1.00
145,1780554446323170560,1780554447323170560,HTTP Chunks Sent,count,p90,1.00
145,1780554446323170560,1780554447323170560,HTTP Chunks Sent,count,p95,1.00
145,1780554446323170560,1780554447323170560,HTTP Chunks Sent,count,p99,1.00
145,1780554446323170560,1780554447323170560,HTTP Chunks Sent,count,std,0.00
145,1780554446323170560,1780554447323170560,HTTP Connecting,ms,avg,0.00
145,1780554446323170560,1780554447323170560,HTTP Connecting,ms,min,0.00
145,1780554446323170560,1780554447323170560,HTTP Connecting,ms,max,0.00
145,1780554446323170560,1780554447323170560,HTTP Connecting,ms,sum,0.00
145,1780554446323170560,1780554447323170560,HTTP Connecting,ms,p1,0.00
145,1780554446323170560,1780554447323170560,HTTP Connecting,ms,p5,0.00
145,1780554446323170560,1780554447323170560,HTTP Connecting,ms,p10,0.00
145,1780554446323170560,1780554447323170560,HTTP Connecting,ms,p25,0.00
145,1780554446323170560,1780554447323170560,HTTP Connecting,ms,p50,0.00
145,1780554446323170560,1780554447323170560,HTTP Connecting,ms,p75,0.00
145,1780554446323170560,1780554447323170560,HTTP Connecting,ms,p90,0.00
145,1780554446323170560,1780554447323170560,HTTP Connecting,ms,p95,0.00
145,1780554446323170560,1780554447323170560,HTTP Connecting,ms,p99,0.00
145,1780554446323170560,1780554447323170560,HTTP Connecting,ms,std,0.00
145,1780554446323170560,1780554447323170560,HTTP Connection Overhead,ms,avg,0.00
145,1780554446323170560,1780554447323170560,HTTP Connection Overhead,ms,min,0.00
145,1780554446323170560,1780554447323170560,HTTP Connection Overhead,ms,max,0.00
145,1780554446323170560,1780554447323170560,HTTP Connection Overhead,ms,sum,0.00
145,1780554446323170560,1780554447323170560,HTTP Connection Overhead,ms,p1,0.00
145,1780554446323170560,1780554447323170560,HTTP Connection Overhead,ms,p5,0.00
145,1780554446323170560,1780554447323170560,HTTP Connection Overhead,ms,p10,0.00
145,1780554446323170560,1780554447323170560,HTTP Connection Overhead,ms,p25,0.00
145,1780554446323170560,1780554447323170560,HTTP Connection Overhead,ms,p50,0.00
145,1780554446323170560,1780554447323170560,HTTP Connection Overhead,ms,p75,0.00
145,1780554446323170560,1780554447323170560,HTTP Connection Overhead,ms,p90,0.00
145,1780554446323170560,1780554447323170560,HTTP Connection Overhead,ms,p95,0.00
145,1780554446323170560,1780554447323170560,HTTP Connection Overhead,ms,p99,0.00
145,1780554446323170560,1780554447323170560,HTTP Connection Overhead,ms,std,0.00
145,1780554446323170560,1780554447323170560,HTTP Connection Reused,ratio,avg,1.00
145,1780554446323170560,1780554447323170560,HTTP Connection Reused,ratio,min,1.00
145,1780554446323170560,1780554447323170560,HTTP Connection Reused,ratio,max,1.00
145,1780554446323170560,1780554447323170560,HTTP Connection Reused,ratio,sum,1.00
145,1780554446323170560,1780554447323170560,HTTP Connection Reused,ratio,p1,1.00
145,1780554446323170560,1780554447323170560,HTTP Connection Reused,ratio,p5,1.00
145,1780554446323170560,1780554447323170560,HTTP Connection Reused,ratio,p10,1.00
145,1780554446323170560,1780554447323170560,HTTP Connection Reused,ratio,p25,1.00
145,1780554446323170560,1780554447323170560,HTTP Connection Reused,ratio,p50,1.00
145,1780554446323170560,1780554447323170560,HTTP Connection Reused,ratio,p75,1.00
145,1780554446323170560,1780554447323170560,HTTP Connection Reused,ratio,p90,1.00
145,1780554446323170560,1780554447323170560,HTTP Connection Reused,ratio,p95,1.00
145,1780554446323170560,1780554447323170560,HTTP Connection Reused,ratio,p99,1.00
145,1780554446323170560,1780554447323170560,HTTP Connection Reused,ratio,std,0.00
145,1780554446323170560,1780554447323170560,HTTP Data Received,KB,avg,338.00
145,1780554446323170560,1780554447323170560,HTTP Data Received,KB,min,338.00
145,1780554446323170560,1780554447323170560,HTTP Data Received,KB,max,338.00
145,1780554446323170560,1780554447323170560,HTTP Data Received,KB,sum,338.00
145,1780554446323170560,1780554447323170560,HTTP Data Received,KB,p1,338.00
145,1780554446323170560,1780554447323170560,HTTP Data Received,KB,p5,338.00
145,1780554446323170560,1780554447323170560,HTTP Data Received,KB,p10,338.00
145,1780554446323170560,1780554447323170560,HTTP Data Received,KB,p25,338.00
145,1780554446323170560,1780554447323170560,HTTP Data Received,KB,p50,338.00
145,1780554446323170560,1780554447323170560,HTTP Data Received,KB,p75,338.00
145,1780554446323170560,1780554447323170560,HTTP Data Received,KB,p90,338.00
145,1780554446323170560,1780554447323170560,HTTP Data Received,KB,p95,338.00
145,1780554446323170560,1780554447323170560,HTTP Data Received,KB,p99,338.00
145,1780554446323170560,1780554447323170560,HTTP Data Received,KB,std,0.00
145,1780554446323170560,1780554447323170560,HTTP Data Sent,KB,avg,503.45
145,1780554446323170560,1780554447323170560,HTTP Data Sent,KB,min,503.45
145,1780554446323170560,1780554447323170560,HTTP Data Sent,KB,max,503.45
145,1780554446323170560,1780554447323170560,HTTP Data Sent,KB,sum,503.45
145,1780554446323170560,1780554447323170560,HTTP Data Sent,KB,p1,503.45
145,1780554446323170560,1780554447323170560,HTTP Data Sent,KB,p5,503.45
145,1780554446323170560,1780554447323170560,HTTP Data Sent,KB,p10,503.45
145,1780554446323170560,1780554447323170560,HTTP Data Sent,KB,p25,503.45
145,1780554446323170560,1780554447323170560,HTTP Data Sent,KB,p50,503.45
145,1780554446323170560,1780554447323170560,HTTP Data Sent,KB,p75,503.45
145,1780554446323170560,1780554447323170560,HTTP Data Sent,KB,p90,503.45
145,1780554446323170560,1780554447323170560,HTTP Data Sent,KB,p95,503.45
145,1780554446323170560,1780554447323170560,HTTP Data Sent,KB,p99,503.45
145,1780554446323170560,1780554447323170560,HTTP Data Sent,KB,std,0.00
145,1780554446323170560,1780554447323170560,HTTP DNS Lookup,ms,avg,0.00
145,1780554446323170560,1780554447323170560,HTTP DNS Lookup,ms,min,0.00
145,1780554446323170560,1780554447323170560,HTTP DNS Lookup,ms,max,0.00
145,1780554446323170560,1780554447323170560,HTTP DNS Lookup,ms,sum,0.00
145,1780554446323170560,1780554447323170560,HTTP DNS Lookup,ms,p1,0.00
145,1780554446323170560,1780554447323170560,HTTP DNS Lookup,ms,p5,0.00
145,1780554446323170560,1780554447323170560,HTTP DNS Lookup,ms,p10,0.00
145,1780554446323170560,1780554447323170560,HTTP DNS Lookup,ms,p25,0.00
145,1780554446323170560,1780554447323170560,HTTP DNS Lookup,ms,p50,0.00
145,1780554446323170560,1780554447323170560,HTTP DNS Lookup,ms,p75,0.00
145,1780554446323170560,1780554447323170560,HTTP DNS Lookup,ms,p90,0.00
145,1780554446323170560,1780554447323170560,HTTP DNS Lookup,ms,p95,0.00
145,1780554446323170560,1780554447323170560,HTTP DNS Lookup,ms,p99,0.00
145,1780554446323170560,1780554447323170560,HTTP DNS Lookup,ms,std,0.00
145,1780554446323170560,1780554447323170560,HTTP Duration (excl. conn),ms,avg,130919.32
145,1780554446323170560,1780554447323170560,HTTP Duration (excl. conn),ms,min,130919.32
145,1780554446323170560,1780554447323170560,HTTP Duration (excl. conn),ms,max,130919.32
145,1780554446323170560,1780554447323170560,HTTP Duration (excl. conn),ms,sum,130919.32
145,1780554446323170560,1780554447323170560,HTTP Duration (excl. conn),ms,p1,130919.32
145,1780554446323170560,1780554447323170560,HTTP Duration (excl. conn),ms,p5,130919.32
145,1780554446323170560,1780554447323170560,HTTP Duration (excl. conn),ms,p10,130919.32
145,1780554446323170560,1780554447323170560,HTTP Duration (excl. conn),ms,p25,130919.32
145,1780554446323170560,1780554447323170560,HTTP Duration (excl. conn),ms,p50,130919.32
145,1780554446323170560,1780554447323170560,HTTP Duration (excl. conn),ms,p75,130919.32
145,1780554446323170560,1780554447323170560,HTTP Duration (excl. conn),ms,p90,130919.32
145,1780554446323170560,1780554447323170560,HTTP Duration (excl. conn),ms,p95,130919.32
145,1780554446323170560,1780554447323170560,HTTP Duration (excl. conn),ms,p99,130919.32
145,1780554446323170560,1780554447323170560,HTTP Duration (excl. conn),ms,std,0.00
145,1780554446323170560,1780554447323170560,HTTP Receiving,ms,avg,130091.00
145,1780554446323170560,1780554447323170560,HTTP Receiving,ms,min,130091.00
145,1780554446323170560,1780554447323170560,HTTP Receiving,ms,max,130091.00
145,1780554446323170560,1780554447323170560,HTTP Receiving,ms,sum,130091.00
145,1780554446323170560,1780554447323170560,HTTP Receiving,ms,p1,130091.00
145,1780554446323170560,1780554447323170560,HTTP Receiving,ms,p5,130091.00
145,1780554446323170560,1780554447323170560,HTTP Receiving,ms,p10,130091.00
145,1780554446323170560,1780554447323170560,HTTP Receiving,ms,p25,130091.00
145,1780554446323170560,1780554447323170560,HTTP Receiving,ms,p50,130091.00
145,1780554446323170560,1780554447323170560,HTTP Receiving,ms,p75,130091.00
145,1780554446323170560,1780554447323170560,HTTP Receiving,ms,p90,130091.00
145,1780554446323170560,1780554447323170560,HTTP Receiving,ms,p95,130091.00
145,1780554446323170560,1780554447323170560,HTTP Receiving,ms,p99,130091.00
145,1780554446323170560,1780554447323170560,HTTP Receiving,ms,std,0.00
145,1780554446323170560,1780554447323170560,HTTP Sending,ms,avg,0.27
145,1780554446323170560,1780554447323170560,HTTP Sending,ms,min,0.27
145,1780554446323170560,1780554447323170560,HTTP Sending,ms,max,0.27
145,1780554446323170560,1780554447323170560,HTTP Sending,ms,sum,0.27
145,1780554446323170560,1780554447323170560,HTTP Sending,ms,p1,0.27
145,1780554446323170560,1780554447323170560,HTTP Sending,ms,p5,0.27
145,1780554446323170560,1780554447323170560,HTTP Sending,ms,p10,0.27
145,1780554446323170560,1780554447323170560,HTTP Sending,ms,p25,0.27
145,1780554446323170560,1780554447323170560,HTTP Sending,ms,p50,0.27
145,1780554446323170560,1780554447323170560,HTTP Sending,ms,p75,0.27
145,1780554446323170560,1780554447323170560,HTTP Sending,ms,p90,0.27
145,1780554446323170560,1780554447323170560,HTTP Sending,ms,p95,0.27
145,1780554446323170560,1780554447323170560,HTTP Sending,ms,p99,0.27
145,1780554446323170560,1780554447323170560,HTTP Sending,ms,std,0.00
145,1780554446323170560,1780554447323170560,HTTP Total Time,ms,avg,130919.32
145,1780554446323170560,1780554447323170560,HTTP Total Time,ms,min,130919.32
145,1780554446323170560,1780554447323170560,HTTP Total Time,ms,max,130919.32
145,1780554446323170560,1780554447323170560,HTTP Total Time,ms,sum,130919.32
145,1780554446323170560,1780554447323170560,HTTP Total Time,ms,p1,130919.32
145,1780554446323170560,1780554447323170560,HTTP Total Time,ms,p5,130919.32
145,1780554446323170560,1780554447323170560,HTTP Total Time,ms,p10,130919.32
145,1780554446323170560,1780554447323170560,HTTP Total Time,ms,p25,130919.32
145,1780554446323170560,1780554447323170560,HTTP Total Time,ms,p50,130919.32
145,1780554446323170560,1780554447323170560,HTTP Total Time,ms,p75,130919.32
145,1780554446323170560,1780554447323170560,HTTP Total Time,ms,p90,130919.32
145,1780554446323170560,1780554447323170560,HTTP Total Time,ms,p95,130919.32
145,1780554446323170560,1780554447323170560,HTTP Total Time,ms,p99,130919.32
145,1780554446323170560,1780554447323170560,HTTP Total Time,ms,std,0.00
145,1780554446323170560,1780554447323170560,HTTP Waiting (TTFB),ms,avg,828.05
145,1780554446323170560,1780554447323170560,HTTP Waiting (TTFB),ms,min,828.05
145,1780554446323170560,1780554447323170560,HTTP Waiting (TTFB),ms,max,828.05
145,1780554446323170560,1780554447323170560,HTTP Waiting (TTFB),ms,sum,828.05
145,1780554446323170560,1780554447323170560,HTTP Waiting (TTFB),ms,p1,828.05
145,1780554446323170560,1780554447323170560,HTTP Waiting (TTFB),ms,p5,828.05
145,1780554446323170560,1780554447323170560,HTTP Waiting (TTFB),ms,p10,828.05
145,1780554446323170560,1780554447323170560,HTTP Waiting (TTFB),ms,p25,828.05
145,1780554446323170560,1780554447323170560,HTTP Waiting (TTFB),ms,p50,828.05
145,1780554446323170560,1780554447323170560,HTTP Waiting (TTFB),ms,p75,828.05
145,1780554446323170560,1780554447323170560,HTTP Waiting (TTFB),ms,p90,828.05
145,1780554446323170560,1780554447323170560,HTTP Waiting (TTFB),ms,p95,828.05
145,1780554446323170560,1780554447323170560,HTTP Waiting (TTFB),ms,p99,828.05
145,1780554446323170560,1780554447323170560,HTTP Waiting (TTFB),ms,std,0.00
145,1780554446323170560,1780554447323170560,Input Sequence Length,tokens,avg,128747.00
145,1780554446323170560,1780554447323170560,Input Sequence Length,tokens,min,128747.00
145,1780554446323170560,1780554447323170560,Input Sequence Length,tokens,max,128747.00
145,1780554446323170560,1780554447323170560,Input Sequence Length,tokens,sum,128747.00
145,1780554446323170560,1780554447323170560,Input Sequence Length,tokens,p1,128747.00
145,1780554446323170560,1780554447323170560,Input Sequence Length,tokens,p5,128747.00
145,1780554446323170560,1780554447323170560,Input Sequence Length,tokens,p10,128747.00
145,1780554446323170560,1780554447323170560,Input Sequence Length,tokens,p25,128747.00
145,1780554446323170560,1780554447323170560,Input Sequence Length,tokens,p50,128747.00
145,1780554446323170560,1780554447323170560,Input Sequence Length,tokens,p75,128747.00
145,1780554446323170560,1780554447323170560,Input Sequence Length,tokens,p90,128747.00
145,1780554446323170560,1780554447323170560,Input Sequence Length,tokens,p95,128747.00
145,1780554446323170560,1780554447323170560,Input Sequence Length,tokens,p99,128747.00
145,1780554446323170560,1780554447323170560,Input Sequence Length,tokens,std,0.00
145,1780554446323170560,1780554447323170560,Input Token Throughput,tokens/sec,avg,128747.00
145,1780554446323170560,1780554447323170560,Inter Chunk Latency,ms,avg,135.64
145,1780554446323170560,1780554447323170560,Inter Chunk Latency,ms,min,135.23
145,1780554446323170560,1780554447323170560,Inter Chunk Latency,ms,max,136.03
145,1780554446323170560,1780554447323170560,Inter Chunk Latency,ms,sum,184068.40
145,1780554446323170560,1780554447323170560,Inter Chunk Latency,ms,p1,135.24
145,1780554446323170560,1780554447323170560,Inter Chunk Latency,ms,p5,135.28
145,1780554446323170560,1780554447323170560,Inter Chunk Latency,ms,p10,135.32
145,1780554446323170560,1780554447323170560,Inter Chunk Latency,ms,p25,135.44
145,1780554446323170560,1780554447323170560,Inter Chunk Latency,ms,p50,135.65
145,1780554446323170560,1780554447323170560,Inter Chunk Latency,ms,p75,135.85
145,1780554446323170560,1780554447323170560,Inter Chunk Latency,ms,p90,135.96
145,1780554446323170560,1780554447323170560,Inter Chunk Latency,ms,p95,135.99
145,1780554446323170560,1780554447323170560,Inter Chunk Latency,ms,p99,136.02
145,1780554446323170560,1780554447323170560,Inter Chunk Latency,ms,std,0.23
145,1780554446323170560,1780554447323170560,Inter Token Latency,ms,avg,95.87
145,1780554446323170560,1780554447323170560,Inter Token Latency,ms,min,95.87
145,1780554446323170560,1780554447323170560,Inter Token Latency,ms,max,95.87
145,1780554446323170560,1780554447323170560,Inter Token Latency,ms,sum,95.87
145,1780554446323170560,1780554447323170560,Inter Token Latency,ms,p1,95.87
145,1780554446323170560,1780554447323170560,Inter Token Latency,ms,p5,95.87
145,1780554446323170560,1780554447323170560,Inter Token Latency,ms,p10,95.87
145,1780554446323170560,1780554447323170560,Inter Token Latency,ms,p25,95.87
145,1780554446323170560,1780554447323170560,Inter Token Latency,ms,p50,95.87
145,1780554446323170560,1780554447323170560,Inter Token Latency,ms,p75,95.87
145,1780554446323170560,1780554447323170560,Inter Token Latency,ms,p90,95.87
145,1780554446323170560,1780554447323170560,Inter Token Latency,ms,p95,95.87
145,1780554446323170560,1780554447323170560,Inter Token Latency,ms,p99,95.87
145,1780554446323170560,1780554447323170560,Inter Token Latency,ms,std,0.00
145,1780554446323170560,1780554447323170560,Maximum Response Timestamp,ns,avg,1780554577310603264.00
145,1780554446323170560,1780554447323170560,Minimum Request Timestamp,ns,avg,1780554446391185408.00
145,1780554446323170560,1780554447323170560,OSL Mismatch Count,requests,avg,0.00
145,1780554446323170560,1780554447323170560,OSL Mismatch Diff %,%,avg,0.00
145,1780554446323170560,1780554447323170560,OSL Mismatch Diff %,%,min,0.00
145,1780554446323170560,1780554447323170560,OSL Mismatch Diff %,%,max,0.00
145,1780554446323170560,1780554447323170560,OSL Mismatch Diff %,%,sum,0.00
145,1780554446323170560,1780554447323170560,OSL Mismatch Diff %,%,p1,0.00
145,1780554446323170560,1780554447323170560,OSL Mismatch Diff %,%,p5,0.00
145,1780554446323170560,1780554447323170560,OSL Mismatch Diff %,%,p10,0.00
145,1780554446323170560,1780554447323170560,OSL Mismatch Diff %,%,p25,0.00
145,1780554446323170560,1780554447323170560,OSL Mismatch Diff %,%,p50,0.00
145,1780554446323170560,1780554447323170560,OSL Mismatch Diff %,%,p75,0.00
145,1780554446323170560,1780554447323170560,OSL Mismatch Diff %,%,p90,0.00
145,1780554446323170560,1780554447323170560,OSL Mismatch Diff %,%,p95,0.00
145,1780554446323170560,1780554447323170560,OSL Mismatch Diff %,%,p99,0.00
145,1780554446323170560,1780554447323170560,OSL Mismatch Diff %,%,std,0.00
145,1780554446323170560,1780554447323170560,Output Sequence Length,tokens,avg,1358.00
145,1780554446323170560,1780554447323170560,Output Sequence Length,tokens,min,1358.00
145,1780554446323170560,1780554447323170560,Output Sequence Length,tokens,max,1358.00
145,1780554446323170560,1780554447323170560,Output Sequence Length,tokens,sum,1358.00
145,1780554446323170560,1780554447323170560,Output Sequence Length,tokens,p1,1358.00
145,1780554446323170560,1780554447323170560,Output Sequence Length,tokens,p5,1358.00
145,1780554446323170560,1780554447323170560,Output Sequence Length,tokens,p10,1358.00
145,1780554446323170560,1780554447323170560,Output Sequence Length,tokens,p25,1358.00
145,1780554446323170560,1780554447323170560,Output Sequence Length,tokens,p50,1358.00
145,1780554446323170560,1780554447323170560,Output Sequence Length,tokens,p75,1358.00
145,1780554446323170560,1780554447323170560,Output Sequence Length,tokens,p90,1358.00
145,1780554446323170560,1780554447323170560,Output Sequence Length,tokens,p95,1358.00
145,1780554446323170560,1780554447323170560,Output Sequence Length,tokens,p99,1358.00
145,1780554446323170560,1780554447323170560,Output Sequence Length,tokens,std,0.00
145,1780554446323170560,1780554447323170560,Output Token Count,tokens,avg,1358.00
145,1780554446323170560,1780554447323170560,Output Token Count,tokens,min,1358.00
145,1780554446323170560,1780554447323170560,Output Token Count,tokens,max,1358.00
145,1780554446323170560,1780554447323170560,Output Token Count,tokens,sum,1358.00
145,1780554446323170560,1780554447323170560,Output Token Count,tokens,p1,1358.00
145,1780554446323170560,1780554447323170560,Output Token Count,tokens,p5,1358.00
145,1780554446323170560,1780554447323170560,Output Token Count,tokens,p10,1358.00
145,1780554446323170560,1780554447323170560,Output Token Count,tokens,p25,1358.00
145,1780554446323170560,1780554447323170560,Output Token Count,tokens,p50,1358.00
145,1780554446323170560,1780554447323170560,Output Token Count,tokens,p75,1358.00
145,1780554446323170560,1780554447323170560,Output Token Count,tokens,p90,1358.00
145,1780554446323170560,1780554447323170560,Output Token Count,tokens,p95,1358.00
145,1780554446323170560,1780554447323170560,Output Token Count,tokens,p99,1358.00
145,1780554446323170560,1780554447323170560,Output Token Count,tokens,std,0.00
145,1780554446323170560,1780554447323170560,Output Token Throughput,tokens/sec,avg,1358.00
145,1780554446323170560,1780554447323170560,Output Token Throughput Per User,tokens/sec/user,avg,10.43
145,1780554446323170560,1780554447323170560,Output Token Throughput Per User,tokens/sec/user,min,10.43
145,1780554446323170560,1780554447323170560,Output Token Throughput Per User,tokens/sec/user,max,10.43
145,1780554446323170560,1780554447323170560,Output Token Throughput Per User,tokens/sec/user,sum,10.43
145,1780554446323170560,1780554447323170560,Output Token Throughput Per User,tokens/sec/user,p1,10.43
145,1780554446323170560,1780554447323170560,Output Token Throughput Per User,tokens/sec/user,p5,10.43
145,1780554446323170560,1780554447323170560,Output Token Throughput Per User,tokens/sec/user,p10,10.43
145,1780554446323170560,1780554447323170560,Output Token Throughput Per User,tokens/sec/user,p25,10.43
145,1780554446323170560,1780554447323170560,Output Token Throughput Per User,tokens/sec/user,p50,10.43
145,1780554446323170560,1780554447323170560,Output Token Throughput Per User,tokens/sec/user,p75,10.43
145,1780554446323170560,1780554447323170560,Output Token Throughput Per User,tokens/sec/user,p90,10.43
145,1780554446323170560,1780554447323170560,Output Token Throughput Per User,tokens/sec/user,p95,10.43
145,1780554446323170560,1780554447323170560,Output Token Throughput Per User,tokens/sec/user,p99,10.43
145,1780554446323170560,1780554447323170560,Output Token Throughput Per User,tokens/sec/user,std,0.00
145,1780554446323170560,1780554447323170560,Prefill Throughput Per User,tokens/sec/user,avg,155409.98
145,1780554446323170560,1780554447323170560,Prefill Throughput Per User,tokens/sec/user,min,155409.98
145,1780554446323170560,1780554447323170560,Prefill Throughput Per User,tokens/sec/user,max,155409.98
145,1780554446323170560,1780554447323170560,Prefill Throughput Per User,tokens/sec/user,sum,155409.98
145,1780554446323170560,1780554447323170560,Prefill Throughput Per User,tokens/sec/user,p1,155409.98
145,1780554446323170560,1780554447323170560,Prefill Throughput Per User,tokens/sec/user,p5,155409.98
145,1780554446323170560,1780554447323170560,Prefill Throughput Per User,tokens/sec/user,p10,155409.98
145,1780554446323170560,1780554447323170560,Prefill Throughput Per User,tokens/sec/user,p25,155409.98
145,1780554446323170560,1780554447323170560,Prefill Throughput Per User,tokens/sec/user,p50,155409.98
145,1780554446323170560,1780554447323170560,Prefill Throughput Per User,tokens/sec/user,p75,155409.98
145,1780554446323170560,1780554447323170560,Prefill Throughput Per User,tokens/sec/user,p90,155409.98
145,1780554446323170560,1780554447323170560,Prefill Throughput Per User,tokens/sec/user,p95,155409.98
145,1780554446323170560,1780554447323170560,Prefill Throughput Per User,tokens/sec/user,p99,155409.98
145,1780554446323170560,1780554447323170560,Prefill Throughput Per User,tokens/sec/user,std,0.00
145,1780554446323170560,1780554447323170560,Request Count,requests,avg,1.00
145,1780554446323170560,1780554447323170560,Request Latency,ms,avg,130919.42
145,1780554446323170560,1780554447323170560,Request Latency,ms,min,130919.42
145,1780554446323170560,1780554447323170560,Request Latency,ms,max,130919.42
145,1780554446323170560,1780554447323170560,Request Latency,ms,sum,130919.42
145,1780554446323170560,1780554447323170560,Request Latency,ms,p1,130919.42
145,1780554446323170560,1780554447323170560,Request Latency,ms,p5,130919.42
145,1780554446323170560,1780554447323170560,Request Latency,ms,p10,130919.42
145,1780554446323170560,1780554447323170560,Request Latency,ms,p25,130919.42
145,1780554446323170560,1780554447323170560,Request Latency,ms,p50,130919.42
145,1780554446323170560,1780554447323170560,Request Latency,ms,p75,130919.42
145,1780554446323170560,1780554447323170560,Request Latency,ms,p90,130919.42
145,1780554446323170560,1780554447323170560,Request Latency,ms,p95,130919.42
145,1780554446323170560,1780554447323170560,Request Latency,ms,p99,130919.42
145,1780554446323170560,1780554447323170560,Request Latency,ms,std,0.00
145,1780554446323170560,1780554447323170560,Request Throughput,requests/sec,avg,1.00
145,1780554446323170560,1780554447323170560,Requested OSL,tokens,avg,1358.00
145,1780554446323170560,1780554447323170560,Requested OSL,tokens,min,1358.00
145,1780554446323170560,1780554447323170560,Requested OSL,tokens,max,1358.00
145,1780554446323170560,1780554447323170560,Requested OSL,tokens,sum,1358.00
145,1780554446323170560,1780554447323170560,Requested OSL,tokens,p1,1358.00
145,1780554446323170560,1780554447323170560,Requested OSL,tokens,p5,1358.00
145,1780554446323170560,1780554447323170560,Requested OSL,tokens,p10,1358.00
145,1780554446323170560,1780554447323170560,Requested OSL,tokens,p25,1358.00
145,1780554446323170560,1780554447323170560,Requested OSL,tokens,p50,1358.00
145,1780554446323170560,1780554447323170560,Requested OSL,tokens,p75,1358.00
145,1780554446323170560,1780554447323170560,Requested OSL,tokens,p90,1358.00
145,1780554446323170560,1780554447323170560,Requested OSL,tokens,p95,1358.00
145,1780554446323170560,1780554447323170560,Requested OSL,tokens,p99,1358.00
145,1780554446323170560,1780554447323170560,Requested OSL,tokens,std,0.00
145,1780554446323170560,1780554447323170560,Time to First Output Token,ms,avg,828.43
145,1780554446323170560,1780554447323170560,Time to First Output Token,ms,min,828.43
145,1780554446323170560,1780554447323170560,Time to First Output Token,ms,max,828.43
145,1780554446323170560,1780554447323170560,Time to First Output Token,ms,sum,828.43
145,1780554446323170560,1780554447323170560,Time to First Output Token,ms,p1,828.43
145,1780554446323170560,1780554447323170560,Time to First Output Token,ms,p5,828.43
145,1780554446323170560,1780554447323170560,Time to First Output Token,ms,p10,828.43
145,1780554446323170560,1780554447323170560,Time to First Output Token,ms,p25,828.43
145,1780554446323170560,1780554447323170560,Time to First Output Token,ms,p50,828.43
145,1780554446323170560,1780554447323170560,Time to First Output Token,ms,p75,828.43
145,1780554446323170560,1780554447323170560,Time to First Output Token,ms,p90,828.43
145,1780554446323170560,1780554447323170560,Time to First Output Token,ms,p95,828.43
145,1780554446323170560,1780554447323170560,Time to First Output Token,ms,p99,828.43
145,1780554446323170560,1780554447323170560,Time to First Output Token,ms,std,0.00
145,1780554446323170560,1780554447323170560,Time to First Token,ms,avg,828.43
145,1780554446323170560,1780554447323170560,Time to First Token,ms,min,828.43
145,1780554446323170560,1780554447323170560,Time to First Token,ms,max,828.43
145,1780554446323170560,1780554447323170560,Time to First Token,ms,sum,828.43
145,1780554446323170560,1780554447323170560,Time to First Token,ms,p1,828.43
145,1780554446323170560,1780554447323170560,Time to First Token,ms,p5,828.43
145,1780554446323170560,1780554447323170560,Time to First Token,ms,p10,828.43
145,1780554446323170560,1780554447323170560,Time to First Token,ms,p25,828.43
145,1780554446323170560,1780554447323170560,Time to First Token,ms,p50,828.43
145,1780554446323170560,1780554447323170560,Time to First Token,ms,p75,828.43
145,1780554446323170560,1780554447323170560,Time to First Token,ms,p90,828.43
145,1780554446323170560,1780554447323170560,Time to First Token,ms,p95,828.43
145,1780554446323170560,1780554447323170560,Time to First Token,ms,p99,828.43
145,1780554446323170560,1780554447323170560,Time to First Token,ms,std,0.00
145,1780554446323170560,1780554447323170560,Time to Second Token,ms,avg,2.07
145,1780554446323170560,1780554447323170560,Time to Second Token,ms,min,2.07
145,1780554446323170560,1780554447323170560,Time to Second Token,ms,max,2.07
145,1780554446323170560,1780554447323170560,Time to Second Token,ms,sum,2.07
145,1780554446323170560,1780554447323170560,Time to Second Token,ms,p1,2.07
145,1780554446323170560,1780554447323170560,Time to Second Token,ms,p5,2.07
145,1780554446323170560,1780554447323170560,Time to Second Token,ms,p10,2.07
145,1780554446323170560,1780554447323170560,Time to Second Token,ms,p25,2.07
145,1780554446323170560,1780554447323170560,Time to Second Token,ms,p50,2.07
145,1780554446323170560,1780554447323170560,Time to Second Token,ms,p75,2.07
145,1780554446323170560,1780554447323170560,Time to Second Token,ms,p90,2.07
145,1780554446323170560,1780554447323170560,Time to Second Token,ms,p95,2.07
145,1780554446323170560,1780554447323170560,Time to Second Token,ms,p99,2.07
145,1780554446323170560,1780554447323170560,Time to Second Token,ms,std,0.00
145,1780554446323170560,1780554447323170560,Tokens In Flight,tokens,avg,813774.34
145,1780554446323170560,1780554447323170560,Tokens In Flight,tokens,min,693747.82
145,1780554446323170560,1780554447323170560,Tokens In Flight,tokens,max,822567.17
145,1780554446323170560,1780554447323170560,Tokens In Flight,tokens,p50,822532.49
145,1780554446323170560,1780554447323170560,Tokens In Flight,tokens,p90,822561.03
145,1780554446323170560,1780554447323170560,Tokens In Flight,tokens,p95,822564.03
145,1780554446323170560,1780554447323170560,Tokens In Flight,tokens,p99,822567.17
145,1780554446323170560,1780554447323170560,Tokens In Flight,tokens,std,32423.86
145,1780554446323170560,1780554447323170560,Total Input Sequence Length,tokens,avg,128747.00
145,1780554446323170560,1780554447323170560,Total Output Sequence Length,tokens,avg,1358.00
145,1780554446323170560,1780554447323170560,Total Output Tokens,tokens,avg,1358.00
145,1780554446323170560,1780554447323170560,Total Token Throughput,tokens/sec,avg,130105.00
145,1780554446323170560,1780554447323170560,Total Usage Completion Tokens,tokens,avg,1358.00
145,1780554446323170560,1780554447323170560,Total Usage Prompt Tokens,tokens,avg,128747.00
145,1780554446323170560,1780554447323170560,Total Usage Total Tokens,tokens,avg,130105.00
145,1780554446323170560,1780554447323170560,Usage Completion Tokens,tokens,avg,1358.00
145,1780554446323170560,1780554447323170560,Usage Completion Tokens,tokens,min,1358.00
145,1780554446323170560,1780554447323170560,Usage Completion Tokens,tokens,max,1358.00
145,1780554446323170560,1780554447323170560,Usage Completion Tokens,tokens,sum,1358.00
145,1780554446323170560,1780554447323170560,Usage Completion Tokens,tokens,p1,1358.00
145,1780554446323170560,1780554447323170560,Usage Completion Tokens,tokens,p5,1358.00
145,1780554446323170560,1780554447323170560,Usage Completion Tokens,tokens,p10,1358.00
145,1780554446323170560,1780554447323170560,Usage Completion Tokens,tokens,p25,1358.00
145,1780554446323170560,1780554447323170560,Usage Completion Tokens,tokens,p50,1358.00
145,1780554446323170560,1780554447323170560,Usage Completion Tokens,tokens,p75,1358.00
145,1780554446323170560,1780554447323170560,Usage Completion Tokens,tokens,p90,1358.00
145,1780554446323170560,1780554447323170560,Usage Completion Tokens,tokens,p95,1358.00
145,1780554446323170560,1780554447323170560,Usage Completion Tokens,tokens,p99,1358.00
145,1780554446323170560,1780554447323170560,Usage Completion Tokens,tokens,std,0.00
145,1780554446323170560,1780554447323170560,Usage Prompt Tokens,tokens,avg,128747.00
145,1780554446323170560,1780554447323170560,Usage Prompt Tokens,tokens,min,128747.00
145,1780554446323170560,1780554447323170560,Usage Prompt Tokens,tokens,max,128747.00
145,1780554446323170560,1780554447323170560,Usage Prompt Tokens,tokens,sum,128747.00
145,1780554446323170560,1780554447323170560,Usage Prompt Tokens,tokens,p1,128747.00
145,1780554446323170560,1780554447323170560,Usage Prompt Tokens,tokens,p5,128747.00
145,1780554446323170560,1780554447323170560,Usage Prompt Tokens,tokens,p10,128747.00
145,1780554446323170560,1780554447323170560,Usage Prompt Tokens,tokens,p25,128747.00
145,1780554446323170560,1780554447323170560,Usage Prompt Tokens,tokens,p50,128747.00
145,1780554446323170560,1780554447323170560,Usage Prompt Tokens,tokens,p75,128747.00
145,1780554446323170560,1780554447323170560,Usage Prompt Tokens,tokens,p90,128747.00
145,1780554446323170560,1780554447323170560,Usage Prompt Tokens,tokens,p95,128747.00
145,1780554446323170560,1780554447323170560,Usage Prompt Tokens,tokens,p99,128747.00
145,1780554446323170560,1780554447323170560,Usage Prompt Tokens,tokens,std,0.00
145,1780554446323170560,1780554447323170560,Usage Total Tokens,tokens,avg,130105.00
145,1780554446323170560,1780554447323170560,Usage Total Tokens,tokens,min,130105.00
145,1780554446323170560,1780554447323170560,Usage Total Tokens,tokens,max,130105.00
145,1780554446323170560,1780554447323170560,Usage Total Tokens,tokens,sum,130105.00
145,1780554446323170560,1780554447323170560,Usage Total Tokens,tokens,p1,130105.00
145,1780554446323170560,1780554447323170560,Usage Total Tokens,tokens,p5,130105.00
145,1780554446323170560,1780554447323170560,Usage Total Tokens,tokens,p10,130105.00
145,1780554446323170560,1780554447323170560,Usage Total Tokens,tokens,p25,130105.00
145,1780554446323170560,1780554447323170560,Usage Total Tokens,tokens,p50,130105.00
145,1780554446323170560,1780554447323170560,Usage Total Tokens,tokens,p75,130105.00
145,1780554446323170560,1780554447323170560,Usage Total Tokens,tokens,p90,130105.00
145,1780554446323170560,1780554447323170560,Usage Total Tokens,tokens,p95,130105.00
145,1780554446323170560,1780554447323170560,Usage Total Tokens,tokens,p99,130105.00
145,1780554446323170560,1780554447323170560,Usage Total Tokens,tokens,std,0.00
146,1780554447323170560,1780554448323170560,Active Decode Throughput,tokens/sec,avg,82.67
146,1780554447323170560,1780554448323170560,Active Decode Throughput,tokens/sec,min,64.78
146,1780554447323170560,1780554448323170560,Active Decode Throughput,tokens/sec,max,108.24
146,1780554447323170560,1780554448323170560,Active Decode Throughput,tokens/sec,p50,79.27
146,1780554447323170560,1780554448323170560,Active Decode Throughput,tokens/sec,p90,93.74
146,1780554447323170560,1780554448323170560,Active Decode Throughput,tokens/sec,p95,93.75
146,1780554447323170560,1780554448323170560,Active Decode Throughput,tokens/sec,p99,93.75
146,1780554447323170560,1780554448323170560,Active Decode Throughput,tokens/sec,std,6.15
146,1780554447323170560,1780554448323170560,Active Decode Throughput Per User,tokens/sec/user,avg,7.35
146,1780554447323170560,1780554448323170560,Active Decode Throughput Per User,tokens/sec/user,min,5.89
146,1780554447323170560,1780554448323170560,Active Decode Throughput Per User,tokens/sec/user,max,9.02
146,1780554447323170560,1780554448323170560,Active Decode Throughput Per User,tokens/sec/user,p50,7.21
146,1780554447323170560,1780554448323170560,Active Decode Throughput Per User,tokens/sec/user,p90,7.81
146,1780554447323170560,1780554448323170560,Active Decode Throughput Per User,tokens/sec/user,p95,7.81
146,1780554447323170560,1780554448323170560,Active Decode Throughput Per User,tokens/sec/user,p99,7.81
146,1780554447323170560,1780554448323170560,Active Decode Throughput Per User,tokens/sec/user,std,0.26
146,1780554447323170560,1780554448323170560,Active Prefill Throughput,tokens/sec,avg,135228.04
146,1780554447323170560,1780554448323170560,Active Prefill Throughput,tokens/sec,min,135228.04
146,1780554447323170560,1780554448323170560,Active Prefill Throughput,tokens/sec,max,135228.04
146,1780554447323170560,1780554448323170560,Active Prefill Throughput,tokens/sec,p50,135228.04
146,1780554447323170560,1780554448323170560,Active Prefill Throughput,tokens/sec,p90,135228.04
146,1780554447323170560,1780554448323170560,Active Prefill Throughput,tokens/sec,p95,135228.04
146,1780554447323170560,1780554448323170560,Active Prefill Throughput,tokens/sec,p99,135228.04
146,1780554447323170560,1780554448323170560,Active Prefill Throughput,tokens/sec,std,0.00
146,1780554447323170560,1780554448323170560,Active Prefill Throughput Per User,tokens/sec/user,avg,135228.04
146,1780554447323170560,1780554448323170560,Active Prefill Throughput Per User,tokens/sec/user,min,135228.04
146,1780554447323170560,1780554448323170560,Active Prefill Throughput Per User,tokens/sec/user,max,135228.04
146,1780554447323170560,1780554448323170560,Active Prefill Throughput Per User,tokens/sec/user,p50,135228.04
146,1780554447323170560,1780554448323170560,Active Prefill Throughput Per User,tokens/sec/user,p90,135228.04
146,1780554447323170560,1780554448323170560,Active Prefill Throughput Per User,tokens/sec/user,p95,135228.04
146,1780554447323170560,1780554448323170560,Active Prefill Throughput Per User,tokens/sec/user,p99,135228.04
146,1780554447323170560,1780554448323170560,Active Prefill Throughput Per User,tokens/sec/user,std,0.00
146,1780554447323170560,1780554448323170560,Active Total Throughput,tokens/sec,avg,88508.32
146,1780554447323170560,1780554448323170560,Active Total Throughput,tokens/sec,min,113.43
146,1780554447323170560,1780554448323170560,Active Total Throughput,tokens/sec,max,135341.47
146,1780554447323170560,1780554448323170560,Active Total Throughput,tokens/sec,p50,135341.47
146,1780554447323170560,1780554448323170560,Active Total Throughput,tokens/sec,p90,135341.47
146,1780554447323170560,1780554448323170560,Active Total Throughput,tokens/sec,p95,135341.47
146,1780554447323170560,1780554448323170560,Active Total Throughput,tokens/sec,p99,135341.47
146,1780554447323170560,1780554448323170560,Active Total Throughput,tokens/sec,std,64337.27
146,1780554447323170560,1780554448323170560,Benchmark Duration,sec,avg,1.32
146,1780554447323170560,1780554448323170560,E2E Output Token Throughput,tokens/sec/user,avg,9.09
146,1780554447323170560,1780554448323170560,E2E Output Token Throughput,tokens/sec/user,min,9.09
146,1780554447323170560,1780554448323170560,E2E Output Token Throughput,tokens/sec/user,max,9.09
146,1780554447323170560,1780554448323170560,E2E Output Token Throughput,tokens/sec/user,sum,9.09
146,1780554447323170560,1780554448323170560,E2E Output Token Throughput,tokens/sec/user,p1,9.09
146,1780554447323170560,1780554448323170560,E2E Output Token Throughput,tokens/sec/user,p5,9.09
146,1780554447323170560,1780554448323170560,E2E Output Token Throughput,tokens/sec/user,p10,9.09
146,1780554447323170560,1780554448323170560,E2E Output Token Throughput,tokens/sec/user,p25,9.09
146,1780554447323170560,1780554448323170560,E2E Output Token Throughput,tokens/sec/user,p50,9.09
146,1780554447323170560,1780554448323170560,E2E Output Token Throughput,tokens/sec/user,p75,9.09
146,1780554447323170560,1780554448323170560,E2E Output Token Throughput,tokens/sec/user,p90,9.09
146,1780554447323170560,1780554448323170560,E2E Output Token Throughput,tokens/sec/user,p95,9.09
146,1780554447323170560,1780554448323170560,E2E Output Token Throughput,tokens/sec/user,p99,9.09
146,1780554447323170560,1780554448323170560,E2E Output Token Throughput,tokens/sec/user,std,0.00
146,1780554447323170560,1780554448323170560,Effective Concurrency,requests,avg,11.89
146,1780554447323170560,1780554448323170560,Effective Concurrency,requests,min,11.00
146,1780554447323170560,1780554448323170560,Effective Concurrency,requests,max,12.00
146,1780554447323170560,1780554448323170560,Effective Concurrency,requests,p50,12.00
146,1780554447323170560,1780554448323170560,Effective Concurrency,requests,p90,12.00
146,1780554447323170560,1780554448323170560,Effective Concurrency,requests,p95,12.00
146,1780554447323170560,1780554448323170560,Effective Concurrency,requests,p99,12.00
146,1780554447323170560,1780554448323170560,Effective Concurrency,requests,std,0.31
146,1780554447323170560,1780554448323170560,Effective Decode Concurrency,requests,avg,11.24
146,1780554447323170560,1780554448323170560,Effective Decode Concurrency,requests,min,11.00
146,1780554447323170560,1780554448323170560,Effective Decode Concurrency,requests,max,12.00
146,1780554447323170560,1780554448323170560,Effective Decode Concurrency,requests,p50,11.00
146,1780554447323170560,1780554448323170560,Effective Decode Concurrency,requests,p90,12.00
146,1780554447323170560,1780554448323170560,Effective Decode Concurrency,requests,p95,12.00
146,1780554447323170560,1780554448323170560,Effective Decode Concurrency,requests,p99,12.00
146,1780554447323170560,1780554448323170560,Effective Decode Concurrency,requests,std,0.42
146,1780554447323170560,1780554448323170560,Effective Decode Throughput,tokens/sec,avg,82.67
146,1780554447323170560,1780554448323170560,Effective Decode Throughput,tokens/sec,min,64.78
146,1780554447323170560,1780554448323170560,Effective Decode Throughput,tokens/sec,max,108.24
146,1780554447323170560,1780554448323170560,Effective Decode Throughput,tokens/sec,p50,79.27
146,1780554447323170560,1780554448323170560,Effective Decode Throughput,tokens/sec,p90,93.74
146,1780554447323170560,1780554448323170560,Effective Decode Throughput,tokens/sec,p95,93.75
146,1780554447323170560,1780554448323170560,Effective Decode Throughput,tokens/sec,p99,93.75
146,1780554447323170560,1780554448323170560,Effective Decode Throughput,tokens/sec,std,6.15
146,1780554447323170560,1780554448323170560,Effective Decode Throughput Per User,tokens/sec/user,avg,7.35
146,1780554447323170560,1780554448323170560,Effective Decode Throughput Per User,tokens/sec/user,min,5.89
146,1780554447323170560,1780554448323170560,Effective Decode Throughput Per User,tokens/sec/user,max,9.02
146,1780554447323170560,1780554448323170560,Effective Decode Throughput Per User,tokens/sec/user,p50,7.21
146,1780554447323170560,1780554448323170560,Effective Decode Throughput Per User,tokens/sec/user,p90,7.81
146,1780554447323170560,1780554448323170560,Effective Decode Throughput Per User,tokens/sec/user,p95,7.81
146,1780554447323170560,1780554448323170560,Effective Decode Throughput Per User,tokens/sec/user,p99,7.81
146,1780554447323170560,1780554448323170560,Effective Decode Throughput Per User,tokens/sec/user,std,0.26
146,1780554447323170560,1780554448323170560,Effective Prefill Concurrency,requests,avg,0.65
146,1780554447323170560,1780554448323170560,Effective Prefill Concurrency,requests,min,0.00
146,1780554447323170560,1780554448323170560,Effective Prefill Concurrency,requests,max,1.00
146,1780554447323170560,1780554448323170560,Effective Prefill Concurrency,requests,p50,1.00
146,1780554447323170560,1780554448323170560,Effective Prefill Concurrency,requests,p90,1.00
146,1780554447323170560,1780554448323170560,Effective Prefill Concurrency,requests,p95,1.00
146,1780554447323170560,1780554448323170560,Effective Prefill Concurrency,requests,p99,1.00
146,1780554447323170560,1780554448323170560,Effective Prefill Concurrency,requests,std,0.48
146,1780554447323170560,1780554448323170560,Effective Prefill Throughput,tokens/sec,avg,88391.00
146,1780554447323170560,1780554448323170560,Effective Prefill Throughput,tokens/sec,min,0.00
146,1780554447323170560,1780554448323170560,Effective Prefill Throughput,tokens/sec,max,135228.04
146,1780554447323170560,1780554448323170560,Effective Prefill Throughput,tokens/sec,p50,135228.04
146,1780554447323170560,1780554448323170560,Effective Prefill Throughput,tokens/sec,p90,135228.04
146,1780554447323170560,1780554448323170560,Effective Prefill Throughput,tokens/sec,p95,135228.04
146,1780554447323170560,1780554448323170560,Effective Prefill Throughput,tokens/sec,p99,135228.04
146,1780554447323170560,1780554448323170560,Effective Prefill Throughput,tokens/sec,std,64342.62
146,1780554447323170560,1780554448323170560,Effective Prefill Throughput Per User,tokens/sec/user,avg,88391.00
146,1780554447323170560,1780554448323170560,Effective Prefill Throughput Per User,tokens/sec/user,min,0.00
146,1780554447323170560,1780554448323170560,Effective Prefill Throughput Per User,tokens/sec/user,max,135228.04
146,1780554447323170560,1780554448323170560,Effective Prefill Throughput Per User,tokens/sec/user,p50,135228.04
146,1780554447323170560,1780554448323170560,Effective Prefill Throughput Per User,tokens/sec/user,p90,135228.04
146,1780554447323170560,1780554448323170560,Effective Prefill Throughput Per User,tokens/sec/user,p95,135228.04
146,1780554447323170560,1780554448323170560,Effective Prefill Throughput Per User,tokens/sec/user,p99,135228.04
146,1780554447323170560,1780554448323170560,Effective Prefill Throughput Per User,tokens/sec/user,std,64342.62
146,1780554447323170560,1780554448323170560,Effective Total Throughput,tokens/sec,avg,88508.32
146,1780554447323170560,1780554448323170560,Effective Total Throughput,tokens/sec,min,113.43
146,1780554447323170560,1780554448323170560,Effective Total Throughput,tokens/sec,max,135341.47
146,1780554447323170560,1780554448323170560,Effective Total Throughput,tokens/sec,p50,135341.47
146,1780554447323170560,1780554448323170560,Effective Total Throughput,tokens/sec,p90,135341.47
146,1780554447323170560,1780554448323170560,Effective Total Throughput,tokens/sec,p95,135341.47
146,1780554447323170560,1780554448323170560,Effective Total Throughput,tokens/sec,p99,135341.47
146,1780554447323170560,1780554448323170560,Effective Total Throughput,tokens/sec,std,64337.27
146,1780554447323170560,1780554448323170560,HTTP Blocked,ms,avg,0.00
146,1780554447323170560,1780554448323170560,HTTP Blocked,ms,min,0.00
146,1780554447323170560,1780554448323170560,HTTP Blocked,ms,max,0.00
146,1780554447323170560,1780554448323170560,HTTP Blocked,ms,sum,0.00
146,1780554447323170560,1780554448323170560,HTTP Blocked,ms,p1,0.00
146,1780554447323170560,1780554448323170560,HTTP Blocked,ms,p5,0.00
146,1780554447323170560,1780554448323170560,HTTP Blocked,ms,p10,0.00
146,1780554447323170560,1780554448323170560,HTTP Blocked,ms,p25,0.00
146,1780554447323170560,1780554448323170560,HTTP Blocked,ms,p50,0.00
146,1780554447323170560,1780554448323170560,HTTP Blocked,ms,p75,0.00
146,1780554447323170560,1780554448323170560,HTTP Blocked,ms,p90,0.00
146,1780554447323170560,1780554448323170560,HTTP Blocked,ms,p95,0.00
146,1780554447323170560,1780554448323170560,HTTP Blocked,ms,p99,0.00
146,1780554447323170560,1780554448323170560,HTTP Blocked,ms,std,0.00
146,1780554447323170560,1780554448323170560,HTTP Chunks Received,count,avg,12.00
146,1780554447323170560,1780554448323170560,HTTP Chunks Received,count,min,12.00
146,1780554447323170560,1780554448323170560,HTTP Chunks Received,count,max,12.00
146,1780554447323170560,1780554448323170560,HTTP Chunks Received,count,sum,12.00
146,1780554447323170560,1780554448323170560,HTTP Chunks Received,count,p1,12.00
146,1780554447323170560,1780554448323170560,HTTP Chunks Received,count,p5,12.00
146,1780554447323170560,1780554448323170560,HTTP Chunks Received,count,p10,12.00
146,1780554447323170560,1780554448323170560,HTTP Chunks Received,count,p25,12.00
146,1780554447323170560,1780554448323170560,HTTP Chunks Received,count,p50,12.00
146,1780554447323170560,1780554448323170560,HTTP Chunks Received,count,p75,12.00
146,1780554447323170560,1780554448323170560,HTTP Chunks Received,count,p90,12.00
146,1780554447323170560,1780554448323170560,HTTP Chunks Received,count,p95,12.00
146,1780554447323170560,1780554448323170560,HTTP Chunks Received,count,p99,12.00
146,1780554447323170560,1780554448323170560,HTTP Chunks Received,count,std,0.00
146,1780554447323170560,1780554448323170560,HTTP Chunks Sent,count,avg,1.00
146,1780554447323170560,1780554448323170560,HTTP Chunks Sent,count,min,1.00
146,1780554447323170560,1780554448323170560,HTTP Chunks Sent,count,max,1.00
146,1780554447323170560,1780554448323170560,HTTP Chunks Sent,count,sum,1.00
146,1780554447323170560,1780554448323170560,HTTP Chunks Sent,count,p1,1.00
146,1780554447323170560,1780554448323170560,HTTP Chunks Sent,count,p5,1.00
146,1780554447323170560,1780554448323170560,HTTP Chunks Sent,count,p10,1.00
146,1780554447323170560,1780554448323170560,HTTP Chunks Sent,count,p25,1.00
146,1780554447323170560,1780554448323170560,HTTP Chunks Sent,count,p50,1.00
146,1780554447323170560,1780554448323170560,HTTP Chunks Sent,count,p75,1.00
146,1780554447323170560,1780554448323170560,HTTP Chunks Sent,count,p90,1.00
146,1780554447323170560,1780554448323170560,HTTP Chunks Sent,count,p95,1.00
146,1780554447323170560,1780554448323170560,HTTP Chunks Sent,count,p99,1.00
146,1780554447323170560,1780554448323170560,HTTP Chunks Sent,count,std,0.00
146,1780554447323170560,1780554448323170560,HTTP Connecting,ms,avg,0.00
146,1780554447323170560,1780554448323170560,HTTP Connecting,ms,min,0.00
146,1780554447323170560,1780554448323170560,HTTP Connecting,ms,max,0.00
146,1780554447323170560,1780554448323170560,HTTP Connecting,ms,sum,0.00
146,1780554447323170560,1780554448323170560,HTTP Connecting,ms,p1,0.00
146,1780554447323170560,1780554448323170560,HTTP Connecting,ms,p5,0.00
146,1780554447323170560,1780554448323170560,HTTP Connecting,ms,p10,0.00
146,1780554447323170560,1780554448323170560,HTTP Connecting,ms,p25,0.00
146,1780554447323170560,1780554448323170560,HTTP Connecting,ms,p50,0.00
146,1780554447323170560,1780554448323170560,HTTP Connecting,ms,p75,0.00
146,1780554447323170560,1780554448323170560,HTTP Connecting,ms,p90,0.00
146,1780554447323170560,1780554448323170560,HTTP Connecting,ms,p95,0.00
146,1780554447323170560,1780554448323170560,HTTP Connecting,ms,p99,0.00
146,1780554447323170560,1780554448323170560,HTTP Connecting,ms,std,0.00
146,1780554447323170560,1780554448323170560,HTTP Connection Overhead,ms,avg,0.00
146,1780554447323170560,1780554448323170560,HTTP Connection Overhead,ms,min,0.00
146,1780554447323170560,1780554448323170560,HTTP Connection Overhead,ms,max,0.00
146,1780554447323170560,1780554448323170560,HTTP Connection Overhead,ms,sum,0.00
146,1780554447323170560,1780554448323170560,HTTP Connection Overhead,ms,p1,0.00
146,1780554447323170560,1780554448323170560,HTTP Connection Overhead,ms,p5,0.00
146,1780554447323170560,1780554448323170560,HTTP Connection Overhead,ms,p10,0.00
146,1780554447323170560,1780554448323170560,HTTP Connection Overhead,ms,p25,0.00
146,1780554447323170560,1780554448323170560,HTTP Connection Overhead,ms,p50,0.00
146,1780554447323170560,1780554448323170560,HTTP Connection Overhead,ms,p75,0.00
146,1780554447323170560,1780554448323170560,HTTP Connection Overhead,ms,p90,0.00
146,1780554447323170560,1780554448323170560,HTTP Connection Overhead,ms,p95,0.00
146,1780554447323170560,1780554448323170560,HTTP Connection Overhead,ms,p99,0.00
146,1780554447323170560,1780554448323170560,HTTP Connection Overhead,ms,std,0.00
146,1780554447323170560,1780554448323170560,HTTP Connection Reused,ratio,avg,1.00
146,1780554447323170560,1780554448323170560,HTTP Connection Reused,ratio,min,1.00
146,1780554447323170560,1780554448323170560,HTTP Connection Reused,ratio,max,1.00
146,1780554447323170560,1780554448323170560,HTTP Connection Reused,ratio,sum,1.00
146,1780554447323170560,1780554448323170560,HTTP Connection Reused,ratio,p1,1.00
146,1780554447323170560,1780554448323170560,HTTP Connection Reused,ratio,p5,1.00
146,1780554447323170560,1780554448323170560,HTTP Connection Reused,ratio,p10,1.00
146,1780554447323170560,1780554448323170560,HTTP Connection Reused,ratio,p25,1.00
146,1780554447323170560,1780554448323170560,HTTP Connection Reused,ratio,p50,1.00
146,1780554447323170560,1780554448323170560,HTTP Connection Reused,ratio,p75,1.00
146,1780554447323170560,1780554448323170560,HTTP Connection Reused,ratio,p90,1.00
146,1780554447323170560,1780554448323170560,HTTP Connection Reused,ratio,p95,1.00
146,1780554447323170560,1780554448323170560,HTTP Connection Reused,ratio,p99,1.00
146,1780554447323170560,1780554448323170560,HTTP Connection Reused,ratio,std,0.00
146,1780554447323170560,1780554448323170560,HTTP Data Received,KB,avg,3.58
146,1780554447323170560,1780554448323170560,HTTP Data Received,KB,min,3.58
146,1780554447323170560,1780554448323170560,HTTP Data Received,KB,max,3.58
146,1780554447323170560,1780554448323170560,HTTP Data Received,KB,sum,3.58
146,1780554447323170560,1780554448323170560,HTTP Data Received,KB,p1,3.58
146,1780554447323170560,1780554448323170560,HTTP Data Received,KB,p5,3.58
146,1780554447323170560,1780554448323170560,HTTP Data Received,KB,p10,3.58
146,1780554447323170560,1780554448323170560,HTTP Data Received,KB,p25,3.58
146,1780554447323170560,1780554448323170560,HTTP Data Received,KB,p50,3.58
146,1780554447323170560,1780554448323170560,HTTP Data Received,KB,p75,3.58
146,1780554447323170560,1780554448323170560,HTTP Data Received,KB,p90,3.58
146,1780554447323170560,1780554448323170560,HTTP Data Received,KB,p95,3.58
146,1780554447323170560,1780554448323170560,HTTP Data Received,KB,p99,3.58
146,1780554447323170560,1780554448323170560,HTTP Data Received,KB,std,0.00
146,1780554447323170560,1780554448323170560,HTTP Data Sent,KB,avg,342.62
146,1780554447323170560,1780554448323170560,HTTP Data Sent,KB,min,342.62
146,1780554447323170560,1780554448323170560,HTTP Data Sent,KB,max,342.62
146,1780554447323170560,1780554448323170560,HTTP Data Sent,KB,sum,342.62
146,1780554447323170560,1780554448323170560,HTTP Data Sent,KB,p1,342.62
146,1780554447323170560,1780554448323170560,HTTP Data Sent,KB,p5,342.62
146,1780554447323170560,1780554448323170560,HTTP Data Sent,KB,p10,342.62
146,1780554447323170560,1780554448323170560,HTTP Data Sent,KB,p25,342.62
146,1780554447323170560,1780554448323170560,HTTP Data Sent,KB,p50,342.62
146,1780554447323170560,1780554448323170560,HTTP Data Sent,KB,p75,342.62
146,1780554447323170560,1780554448323170560,HTTP Data Sent,KB,p90,342.62
146,1780554447323170560,1780554448323170560,HTTP Data Sent,KB,p95,342.62
146,1780554447323170560,1780554448323170560,HTTP Data Sent,KB,p99,342.62
146,1780554447323170560,1780554448323170560,HTTP Data Sent,KB,std,0.00
146,1780554447323170560,1780554448323170560,HTTP DNS Lookup,ms,avg,0.00
146,1780554447323170560,1780554448323170560,HTTP DNS Lookup,ms,min,0.00
146,1780554447323170560,1780554448323170560,HTTP DNS Lookup,ms,max,0.00
146,1780554447323170560,1780554448323170560,HTTP DNS Lookup,ms,sum,0.00
146,1780554447323170560,1780554448323170560,HTTP DNS Lookup,ms,p1,0.00
146,1780554447323170560,1780554448323170560,HTTP DNS Lookup,ms,p5,0.00
146,1780554447323170560,1780554448323170560,HTTP DNS Lookup,ms,p10,0.00
146,1780554447323170560,1780554448323170560,HTTP DNS Lookup,ms,p25,0.00
146,1780554447323170560,1780554448323170560,HTTP DNS Lookup,ms,p50,0.00
146,1780554447323170560,1780554448323170560,HTTP DNS Lookup,ms,p75,0.00
146,1780554447323170560,1780554448323170560,HTTP DNS Lookup,ms,p90,0.00
146,1780554447323170560,1780554448323170560,HTTP DNS Lookup,ms,p95,0.00
146,1780554447323170560,1780554448323170560,HTTP DNS Lookup,ms,p99,0.00
146,1780554447323170560,1780554448323170560,HTTP DNS Lookup,ms,std,0.00
146,1780554447323170560,1780554448323170560,HTTP Duration (excl. conn),ms,avg,1320.40
146,1780554447323170560,1780554448323170560,HTTP Duration (excl. conn),ms,min,1320.40
146,1780554447323170560,1780554448323170560,HTTP Duration (excl. conn),ms,max,1320.40
146,1780554447323170560,1780554448323170560,HTTP Duration (excl. conn),ms,sum,1320.40
146,1780554447323170560,1780554448323170560,HTTP Duration (excl. conn),ms,p1,1320.40
146,1780554447323170560,1780554448323170560,HTTP Duration (excl. conn),ms,p5,1320.40
146,1780554447323170560,1780554448323170560,HTTP Duration (excl. conn),ms,p10,1320.40
146,1780554447323170560,1780554448323170560,HTTP Duration (excl. conn),ms,p25,1320.40
146,1780554447323170560,1780554448323170560,HTTP Duration (excl. conn),ms,p50,1320.40
146,1780554447323170560,1780554448323170560,HTTP Duration (excl. conn),ms,p75,1320.40
146,1780554447323170560,1780554448323170560,HTTP Duration (excl. conn),ms,p90,1320.40
146,1780554447323170560,1780554448323170560,HTTP Duration (excl. conn),ms,p95,1320.40
146,1780554447323170560,1780554448323170560,HTTP Duration (excl. conn),ms,p99,1320.40
146,1780554447323170560,1780554448323170560,HTTP Duration (excl. conn),ms,std,0.00
146,1780554447323170560,1780554448323170560,HTTP Receiving,ms,avg,666.86
146,1780554447323170560,1780554448323170560,HTTP Receiving,ms,min,666.86
146,1780554447323170560,1780554448323170560,HTTP Receiving,ms,max,666.86
146,1780554447323170560,1780554448323170560,HTTP Receiving,ms,sum,666.86
146,1780554447323170560,1780554448323170560,HTTP Receiving,ms,p1,666.86
146,1780554447323170560,1780554448323170560,HTTP Receiving,ms,p5,666.86
146,1780554447323170560,1780554448323170560,HTTP Receiving,ms,p10,666.86
146,1780554447323170560,1780554448323170560,HTTP Receiving,ms,p25,666.86
146,1780554447323170560,1780554448323170560,HTTP Receiving,ms,p50,666.86
146,1780554447323170560,1780554448323170560,HTTP Receiving,ms,p75,666.86
146,1780554447323170560,1780554448323170560,HTTP Receiving,ms,p90,666.86
146,1780554447323170560,1780554448323170560,HTTP Receiving,ms,p95,666.86
146,1780554447323170560,1780554448323170560,HTTP Receiving,ms,p99,666.86
146,1780554447323170560,1780554448323170560,HTTP Receiving,ms,std,0.00
146,1780554447323170560,1780554448323170560,HTTP Sending,ms,avg,0.22
146,1780554447323170560,1780554448323170560,HTTP Sending,ms,min,0.22
146,1780554447323170560,1780554448323170560,HTTP Sending,ms,max,0.22
146,1780554447323170560,1780554448323170560,HTTP Sending,ms,sum,0.22
146,1780554447323170560,1780554448323170560,HTTP Sending,ms,p1,0.22
146,1780554447323170560,1780554448323170560,HTTP Sending,ms,p5,0.22
146,1780554447323170560,1780554448323170560,HTTP Sending,ms,p10,0.22
146,1780554447323170560,1780554448323170560,HTTP Sending,ms,p25,0.22
146,1780554447323170560,1780554448323170560,HTTP Sending,ms,p50,0.22
146,1780554447323170560,1780554448323170560,HTTP Sending,ms,p75,0.22
146,1780554447323170560,1780554448323170560,HTTP Sending,ms,p90,0.22
146,1780554447323170560,1780554448323170560,HTTP Sending,ms,p95,0.22
146,1780554447323170560,1780554448323170560,HTTP Sending,ms,p99,0.22
146,1780554447323170560,1780554448323170560,HTTP Sending,ms,std,0.00
146,1780554447323170560,1780554448323170560,HTTP Total Time,ms,avg,1320.40
146,1780554447323170560,1780554448323170560,HTTP Total Time,ms,min,1320.40
146,1780554447323170560,1780554448323170560,HTTP Total Time,ms,max,1320.40
146,1780554447323170560,1780554448323170560,HTTP Total Time,ms,sum,1320.40
146,1780554447323170560,1780554448323170560,HTTP Total Time,ms,p1,1320.40
146,1780554447323170560,1780554448323170560,HTTP Total Time,ms,p5,1320.40
146,1780554447323170560,1780554448323170560,HTTP Total Time,ms,p10,1320.40
146,1780554447323170560,1780554448323170560,HTTP Total Time,ms,p25,1320.40
146,1780554447323170560,1780554448323170560,HTTP Total Time,ms,p50,1320.40
146,1780554447323170560,1780554448323170560,HTTP Total Time,ms,p75,1320.40
146,1780554447323170560,1780554448323170560,HTTP Total Time,ms,p90,1320.40
146,1780554447323170560,1780554448323170560,HTTP Total Time,ms,p95,1320.40
146,1780554447323170560,1780554448323170560,HTTP Total Time,ms,p99,1320.40
146,1780554447323170560,1780554448323170560,HTTP Total Time,ms,std,0.00
146,1780554447323170560,1780554448323170560,HTTP Waiting (TTFB),ms,avg,653.32
146,1780554447323170560,1780554448323170560,HTTP Waiting (TTFB),ms,min,653.32
146,1780554447323170560,1780554448323170560,HTTP Waiting (TTFB),ms,max,653.32
146,1780554447323170560,1780554448323170560,HTTP Waiting (TTFB),ms,sum,653.32
146,1780554447323170560,1780554448323170560,HTTP Waiting (TTFB),ms,p1,653.32
146,1780554447323170560,1780554448323170560,HTTP Waiting (TTFB),ms,p5,653.32
146,1780554447323170560,1780554448323170560,HTTP Waiting (TTFB),ms,p10,653.32
146,1780554447323170560,1780554448323170560,HTTP Waiting (TTFB),ms,p25,653.32
146,1780554447323170560,1780554448323170560,HTTP Waiting (TTFB),ms,p50,653.32
146,1780554447323170560,1780554448323170560,HTTP Waiting (TTFB),ms,p75,653.32
146,1780554447323170560,1780554448323170560,HTTP Waiting (TTFB),ms,p90,653.32
146,1780554447323170560,1780554448323170560,HTTP Waiting (TTFB),ms,p95,653.32
146,1780554447323170560,1780554448323170560,HTTP Waiting (TTFB),ms,p99,653.32
146,1780554447323170560,1780554448323170560,HTTP Waiting (TTFB),ms,std,0.00
146,1780554447323170560,1780554448323170560,Input Sequence Length,tokens,avg,88391.00
146,1780554447323170560,1780554448323170560,Input Sequence Length,tokens,min,88391.00
146,1780554447323170560,1780554448323170560,Input Sequence Length,tokens,max,88391.00
146,1780554447323170560,1780554448323170560,Input Sequence Length,tokens,sum,88391.00
146,1780554447323170560,1780554448323170560,Input Sequence Length,tokens,p1,88391.00
146,1780554447323170560,1780554448323170560,Input Sequence Length,tokens,p5,88391.00
146,1780554447323170560,1780554448323170560,Input Sequence Length,tokens,p10,88391.00
146,1780554447323170560,1780554448323170560,Input Sequence Length,tokens,p25,88391.00
146,1780554447323170560,1780554448323170560,Input Sequence Length,tokens,p50,88391.00
146,1780554447323170560,1780554448323170560,Input Sequence Length,tokens,p75,88391.00
146,1780554447323170560,1780554448323170560,Input Sequence Length,tokens,p90,88391.00
146,1780554447323170560,1780554448323170560,Input Sequence Length,tokens,p95,88391.00
146,1780554447323170560,1780554448323170560,Input Sequence Length,tokens,p99,88391.00
146,1780554447323170560,1780554448323170560,Input Sequence Length,tokens,std,0.00
146,1780554447323170560,1780554448323170560,Input Token Throughput,tokens/sec,avg,88391.00
146,1780554447323170560,1780554448323170560,Inter Chunk Latency,ms,avg,68.81
146,1780554447323170560,1780554448323170560,Inter Chunk Latency,ms,min,68.81
146,1780554447323170560,1780554448323170560,Inter Chunk Latency,ms,max,68.82
146,1780554447323170560,1780554448323170560,Inter Chunk Latency,ms,sum,756.96
146,1780554447323170560,1780554448323170560,Inter Chunk Latency,ms,p1,68.81
146,1780554447323170560,1780554448323170560,Inter Chunk Latency,ms,p5,68.81
146,1780554447323170560,1780554448323170560,Inter Chunk Latency,ms,p10,68.81
146,1780554447323170560,1780554448323170560,Inter Chunk Latency,ms,p25,68.81
146,1780554447323170560,1780554448323170560,Inter Chunk Latency,ms,p50,68.81
146,1780554447323170560,1780554448323170560,Inter Chunk Latency,ms,p75,68.81
146,1780554447323170560,1780554448323170560,Inter Chunk Latency,ms,p90,68.81
146,1780554447323170560,1780554448323170560,Inter Chunk Latency,ms,p95,68.81
146,1780554447323170560,1780554448323170560,Inter Chunk Latency,ms,p99,68.82
146,1780554447323170560,1780554448323170560,Inter Chunk Latency,ms,std,0.00
146,1780554447323170560,1780554448323170560,Inter Token Latency,ms,avg,60.62
146,1780554447323170560,1780554448323170560,Inter Token Latency,ms,min,60.62
146,1780554447323170560,1780554448323170560,Inter Token Latency,ms,max,60.62
146,1780554447323170560,1780554448323170560,Inter Token Latency,ms,sum,60.62
146,1780554447323170560,1780554448323170560,Inter Token Latency,ms,p1,60.62
146,1780554447323170560,1780554448323170560,Inter Token Latency,ms,p5,60.62
146,1780554447323170560,1780554448323170560,Inter Token Latency,ms,p10,60.62
146,1780554447323170560,1780554448323170560,Inter Token Latency,ms,p25,60.62
146,1780554447323170560,1780554448323170560,Inter Token Latency,ms,p50,60.62
146,1780554447323170560,1780554448323170560,Inter Token Latency,ms,p75,60.62
146,1780554447323170560,1780554448323170560,Inter Token Latency,ms,p90,60.62
146,1780554447323170560,1780554448323170560,Inter Token Latency,ms,p95,60.62
146,1780554447323170560,1780554448323170560,Inter Token Latency,ms,p99,60.62
146,1780554447323170560,1780554448323170560,Inter Token Latency,ms,std,0.00
146,1780554447323170560,1780554448323170560,Maximum Response Timestamp,ns,avg,1780554448754036992.00
146,1780554447323170560,1780554448323170560,Minimum Request Timestamp,ns,avg,1780554447433539584.00
146,1780554447323170560,1780554448323170560,OSL Mismatch Count,requests,avg,0.00
146,1780554447323170560,1780554448323170560,OSL Mismatch Diff %,%,avg,0.00
146,1780554447323170560,1780554448323170560,OSL Mismatch Diff %,%,min,0.00
146,1780554447323170560,1780554448323170560,OSL Mismatch Diff %,%,max,0.00
146,1780554447323170560,1780554448323170560,OSL Mismatch Diff %,%,sum,0.00
146,1780554447323170560,1780554448323170560,OSL Mismatch Diff %,%,p1,0.00
146,1780554447323170560,1780554448323170560,OSL Mismatch Diff %,%,p5,0.00
146,1780554447323170560,1780554448323170560,OSL Mismatch Diff %,%,p10,0.00
146,1780554447323170560,1780554448323170560,OSL Mismatch Diff %,%,p25,0.00
146,1780554447323170560,1780554448323170560,OSL Mismatch Diff %,%,p50,0.00
146,1780554447323170560,1780554448323170560,OSL Mismatch Diff %,%,p75,0.00
146,1780554447323170560,1780554448323170560,OSL Mismatch Diff %,%,p90,0.00
146,1780554447323170560,1780554448323170560,OSL Mismatch Diff %,%,p95,0.00
146,1780554447323170560,1780554448323170560,OSL Mismatch Diff %,%,p99,0.00
146,1780554447323170560,1780554448323170560,OSL Mismatch Diff %,%,std,0.00
146,1780554447323170560,1780554448323170560,Output Sequence Length,tokens,avg,12.00
146,1780554447323170560,1780554448323170560,Output Sequence Length,tokens,min,12.00
146,1780554447323170560,1780554448323170560,Output Sequence Length,tokens,max,12.00
146,1780554447323170560,1780554448323170560,Output Sequence Length,tokens,sum,12.00
146,1780554447323170560,1780554448323170560,Output Sequence Length,tokens,p1,12.00
146,1780554447323170560,1780554448323170560,Output Sequence Length,tokens,p5,12.00
146,1780554447323170560,1780554448323170560,Output Sequence Length,tokens,p10,12.00
146,1780554447323170560,1780554448323170560,Output Sequence Length,tokens,p25,12.00
146,1780554447323170560,1780554448323170560,Output Sequence Length,tokens,p50,12.00
146,1780554447323170560,1780554448323170560,Output Sequence Length,tokens,p75,12.00
146,1780554447323170560,1780554448323170560,Output Sequence Length,tokens,p90,12.00
146,1780554447323170560,1780554448323170560,Output Sequence Length,tokens,p95,12.00
146,1780554447323170560,1780554448323170560,Output Sequence Length,tokens,p99,12.00
146,1780554447323170560,1780554448323170560,Output Sequence Length,tokens,std,0.00
146,1780554447323170560,1780554448323170560,Output Token Count,tokens,avg,12.00
146,1780554447323170560,1780554448323170560,Output Token Count,tokens,min,12.00
146,1780554447323170560,1780554448323170560,Output Token Count,tokens,max,12.00
146,1780554447323170560,1780554448323170560,Output Token Count,tokens,sum,12.00
146,1780554447323170560,1780554448323170560,Output Token Count,tokens,p1,12.00
146,1780554447323170560,1780554448323170560,Output Token Count,tokens,p5,12.00
146,1780554447323170560,1780554448323170560,Output Token Count,tokens,p10,12.00
146,1780554447323170560,1780554448323170560,Output Token Count,tokens,p25,12.00
146,1780554447323170560,1780554448323170560,Output Token Count,tokens,p50,12.00
146,1780554447323170560,1780554448323170560,Output Token Count,tokens,p75,12.00
146,1780554447323170560,1780554448323170560,Output Token Count,tokens,p90,12.00
146,1780554447323170560,1780554448323170560,Output Token Count,tokens,p95,12.00
146,1780554447323170560,1780554448323170560,Output Token Count,tokens,p99,12.00
146,1780554447323170560,1780554448323170560,Output Token Count,tokens,std,0.00
146,1780554447323170560,1780554448323170560,Output Token Throughput,tokens/sec,avg,12.00
146,1780554447323170560,1780554448323170560,Output Token Throughput Per User,tokens/sec/user,avg,16.50
146,1780554447323170560,1780554448323170560,Output Token Throughput Per User,tokens/sec/user,min,16.50
146,1780554447323170560,1780554448323170560,Output Token Throughput Per User,tokens/sec/user,max,16.50
146,1780554447323170560,1780554448323170560,Output Token Throughput Per User,tokens/sec/user,sum,16.50
146,1780554447323170560,1780554448323170560,Output Token Throughput Per User,tokens/sec/user,p1,16.50
146,1780554447323170560,1780554448323170560,Output Token Throughput Per User,tokens/sec/user,p5,16.50
146,1780554447323170560,1780554448323170560,Output Token Throughput Per User,tokens/sec/user,p10,16.50
146,1780554447323170560,1780554448323170560,Output Token Throughput Per User,tokens/sec/user,p25,16.50
146,1780554447323170560,1780554448323170560,Output Token Throughput Per User,tokens/sec/user,p50,16.50
146,1780554447323170560,1780554448323170560,Output Token Throughput Per User,tokens/sec/user,p75,16.50
146,1780554447323170560,1780554448323170560,Output Token Throughput Per User,tokens/sec/user,p90,16.50
146,1780554447323170560,1780554448323170560,Output Token Throughput Per User,tokens/sec/user,p95,16.50
146,1780554447323170560,1780554448323170560,Output Token Throughput Per User,tokens/sec/user,p99,16.50
146,1780554447323170560,1780554448323170560,Output Token Throughput Per User,tokens/sec/user,std,0.00
146,1780554447323170560,1780554448323170560,Prefill Throughput Per User,tokens/sec/user,avg,135228.03
146,1780554447323170560,1780554448323170560,Prefill Throughput Per User,tokens/sec/user,min,135228.03
146,1780554447323170560,1780554448323170560,Prefill Throughput Per User,tokens/sec/user,max,135228.03
146,1780554447323170560,1780554448323170560,Prefill Throughput Per User,tokens/sec/user,sum,135228.03
146,1780554447323170560,1780554448323170560,Prefill Throughput Per User,tokens/sec/user,p1,135228.03
146,1780554447323170560,1780554448323170560,Prefill Throughput Per User,tokens/sec/user,p5,135228.03
146,1780554447323170560,1780554448323170560,Prefill Throughput Per User,tokens/sec/user,p10,135228.03
146,1780554447323170560,1780554448323170560,Prefill Throughput Per User,tokens/sec/user,p25,135228.03
146,1780554447323170560,1780554448323170560,Prefill Throughput Per User,tokens/sec/user,p50,135228.03
146,1780554447323170560,1780554448323170560,Prefill Throughput Per User,tokens/sec/user,p75,135228.03
146,1780554447323170560,1780554448323170560,Prefill Throughput Per User,tokens/sec/user,p90,135228.03
146,1780554447323170560,1780554448323170560,Prefill Throughput Per User,tokens/sec/user,p95,135228.03
146,1780554447323170560,1780554448323170560,Prefill Throughput Per User,tokens/sec/user,p99,135228.03
146,1780554447323170560,1780554448323170560,Prefill Throughput Per User,tokens/sec/user,std,0.00
146,1780554447323170560,1780554448323170560,Request Count,requests,avg,1.00
146,1780554447323170560,1780554448323170560,Request Latency,ms,avg,1320.50
146,1780554447323170560,1780554448323170560,Request Latency,ms,min,1320.50
146,1780554447323170560,1780554448323170560,Request Latency,ms,max,1320.50
146,1780554447323170560,1780554448323170560,Request Latency,ms,sum,1320.50
146,1780554447323170560,1780554448323170560,Request Latency,ms,p1,1320.50
146,1780554447323170560,1780554448323170560,Request Latency,ms,p5,1320.50
146,1780554447323170560,1780554448323170560,Request Latency,ms,p10,1320.50
146,1780554447323170560,1780554448323170560,Request Latency,ms,p25,1320.50
146,1780554447323170560,1780554448323170560,Request Latency,ms,p50,1320.50
146,1780554447323170560,1780554448323170560,Request Latency,ms,p75,1320.50
146,1780554447323170560,1780554448323170560,Request Latency,ms,p90,1320.50
146,1780554447323170560,1780554448323170560,Request Latency,ms,p95,1320.50
146,1780554447323170560,1780554448323170560,Request Latency,ms,p99,1320.50
146,1780554447323170560,1780554448323170560,Request Latency,ms,std,0.00
146,1780554447323170560,1780554448323170560,Request Throughput,requests/sec,avg,1.00
146,1780554447323170560,1780554448323170560,Requested OSL,tokens,avg,12.00
146,1780554447323170560,1780554448323170560,Requested OSL,tokens,min,12.00
146,1780554447323170560,1780554448323170560,Requested OSL,tokens,max,12.00
146,1780554447323170560,1780554448323170560,Requested OSL,tokens,sum,12.00
146,1780554447323170560,1780554448323170560,Requested OSL,tokens,p1,12.00
146,1780554447323170560,1780554448323170560,Requested OSL,tokens,p5,12.00
146,1780554447323170560,1780554448323170560,Requested OSL,tokens,p10,12.00
146,1780554447323170560,1780554448323170560,Requested OSL,tokens,p25,12.00
146,1780554447323170560,1780554448323170560,Requested OSL,tokens,p50,12.00
146,1780554447323170560,1780554448323170560,Requested OSL,tokens,p75,12.00
146,1780554447323170560,1780554448323170560,Requested OSL,tokens,p90,12.00
146,1780554447323170560,1780554448323170560,Requested OSL,tokens,p95,12.00
146,1780554447323170560,1780554448323170560,Requested OSL,tokens,p99,12.00
146,1780554447323170560,1780554448323170560,Requested OSL,tokens,std,0.00
146,1780554447323170560,1780554448323170560,Time to First Output Token,ms,avg,653.64
146,1780554447323170560,1780554448323170560,Time to First Output Token,ms,min,653.64
146,1780554447323170560,1780554448323170560,Time to First Output Token,ms,max,653.64
146,1780554447323170560,1780554448323170560,Time to First Output Token,ms,sum,653.64
146,1780554447323170560,1780554448323170560,Time to First Output Token,ms,p1,653.64
146,1780554447323170560,1780554448323170560,Time to First Output Token,ms,p5,653.64
146,1780554447323170560,1780554448323170560,Time to First Output Token,ms,p10,653.64
146,1780554447323170560,1780554448323170560,Time to First Output Token,ms,p25,653.64
146,1780554447323170560,1780554448323170560,Time to First Output Token,ms,p50,653.64
146,1780554447323170560,1780554448323170560,Time to First Output Token,ms,p75,653.64
146,1780554447323170560,1780554448323170560,Time to First Output Token,ms,p90,653.64
146,1780554447323170560,1780554448323170560,Time to First Output Token,ms,p95,653.64
146,1780554447323170560,1780554448323170560,Time to First Output Token,ms,p99,653.64
146,1780554447323170560,1780554448323170560,Time to First Output Token,ms,std,0.00
146,1780554447323170560,1780554448323170560,Time to First Token,ms,avg,653.64
146,1780554447323170560,1780554448323170560,Time to First Token,ms,min,653.64
146,1780554447323170560,1780554448323170560,Time to First Token,ms,max,653.64
146,1780554447323170560,1780554448323170560,Time to First Token,ms,sum,653.64
146,1780554447323170560,1780554448323170560,Time to First Token,ms,p1,653.64
146,1780554447323170560,1780554448323170560,Time to First Token,ms,p5,653.64
146,1780554447323170560,1780554448323170560,Time to First Token,ms,p10,653.64
146,1780554447323170560,1780554448323170560,Time to First Token,ms,p25,653.64
146,1780554447323170560,1780554448323170560,Time to First Token,ms,p50,653.64
146,1780554447323170560,1780554448323170560,Time to First Token,ms,p75,653.64
146,1780554447323170560,1780554448323170560,Time to First Token,ms,p90,653.64
146,1780554447323170560,1780554448323170560,Time to First Token,ms,p95,653.64
146,1780554447323170560,1780554448323170560,Time to First Token,ms,p99,653.64
146,1780554447323170560,1780554448323170560,Time to First Token,ms,std,0.00
146,1780554447323170560,1780554448323170560,Time to Second Token,ms,avg,0.73
146,1780554447323170560,1780554448323170560,Time to Second Token,ms,min,0.73
146,1780554447323170560,1780554448323170560,Time to Second Token,ms,max,0.73
146,1780554447323170560,1780554448323170560,Time to Second Token,ms,sum,0.73
146,1780554447323170560,1780554448323170560,Time to Second Token,ms,p1,0.73
146,1780554447323170560,1780554448323170560,Time to Second Token,ms,p5,0.73
146,1780554447323170560,1780554448323170560,Time to Second Token,ms,p10,0.73
146,1780554447323170560,1780554448323170560,Time to Second Token,ms,p25,0.73
146,1780554447323170560,1780554448323170560,Time to Second Token,ms,p50,0.73
146,1780554447323170560,1780554448323170560,Time to Second Token,ms,p75,0.73
146,1780554447323170560,1780554448323170560,Time to Second Token,ms,p90,0.73
146,1780554447323170560,1780554448323170560,Time to Second Token,ms,p95,0.73
146,1780554447323170560,1780554448323170560,Time to Second Token,ms,p99,0.73
146,1780554447323170560,1780554448323170560,Time to Second Token,ms,std,0.00
146,1780554447323170560,1780554448323170560,Tokens In Flight,tokens,avg,901243.78
146,1780554447323170560,1780554448323170560,Tokens In Flight,tokens,min,822567.17
146,1780554447323170560,1780554448323170560,Tokens In Flight,tokens,max,911042.66
146,1780554447323170560,1780554448323170560,Tokens In Flight,tokens,p50,910998.99
146,1780554447323170560,1780554448323170560,Tokens In Flight,tokens,p90,911032.24
146,1780554447323170560,1780554448323170560,Tokens In Flight,tokens,p95,911037.66
146,1780554447323170560,1780554448323170560,Tokens In Flight,tokens,p99,911042.66
146,1780554447323170560,1780554448323170560,Tokens In Flight,tokens,std,27709.96
146,1780554447323170560,1780554448323170560,Total Input Sequence Length,tokens,avg,88391.00
146,1780554447323170560,1780554448323170560,Total Output Sequence Length,tokens,avg,12.00
146,1780554447323170560,1780554448323170560,Total Output Tokens,tokens,avg,12.00
146,1780554447323170560,1780554448323170560,Total Token Throughput,tokens/sec,avg,88403.00
146,1780554447323170560,1780554448323170560,Total Usage Completion Tokens,tokens,avg,12.00
146,1780554447323170560,1780554448323170560,Total Usage Prompt Tokens,tokens,avg,88391.00
146,1780554447323170560,1780554448323170560,Total Usage Total Tokens,tokens,avg,88403.00
146,1780554447323170560,1780554448323170560,Usage Completion Tokens,tokens,avg,12.00
146,1780554447323170560,1780554448323170560,Usage Completion Tokens,tokens,min,12.00
146,1780554447323170560,1780554448323170560,Usage Completion Tokens,tokens,max,12.00
146,1780554447323170560,1780554448323170560,Usage Completion Tokens,tokens,sum,12.00
146,1780554447323170560,1780554448323170560,Usage Completion Tokens,tokens,p1,12.00
146,1780554447323170560,1780554448323170560,Usage Completion Tokens,tokens,p5,12.00
146,1780554447323170560,1780554448323170560,Usage Completion Tokens,tokens,p10,12.00
146,1780554447323170560,1780554448323170560,Usage Completion Tokens,tokens,p25,12.00
146,1780554447323170560,1780554448323170560,Usage Completion Tokens,tokens,p50,12.00
146,1780554447323170560,1780554448323170560,Usage Completion Tokens,tokens,p75,12.00
146,1780554447323170560,1780554448323170560,Usage Completion Tokens,tokens,p90,12.00
146,1780554447323170560,1780554448323170560,Usage Completion Tokens,tokens,p95,12.00
146,1780554447323170560,1780554448323170560,Usage Completion Tokens,tokens,p99,12.00
146,1780554447323170560,1780554448323170560,Usage Completion Tokens,tokens,std,0.00
146,1780554447323170560,1780554448323170560,Usage Prompt Tokens,tokens,avg,88391.00
146,1780554447323170560,1780554448323170560,Usage Prompt Tokens,tokens,min,88391.00
146,1780554447323170560,1780554448323170560,Usage Prompt Tokens,tokens,max,88391.00
146,1780554447323170560,1780554448323170560,Usage Prompt Tokens,tokens,sum,88391.00
146,1780554447323170560,1780554448323170560,Usage Prompt Tokens,tokens,p1,88391.00
146,1780554447323170560,1780554448323170560,Usage Prompt Tokens,tokens,p5,88391.00
146,1780554447323170560,1780554448323170560,Usage Prompt Tokens,tokens,p10,88391.00
146,1780554447323170560,1780554448323170560,Usage Prompt Tokens,tokens,p25,88391.00
146,1780554447323170560,1780554448323170560,Usage Prompt Tokens,tokens,p50,88391.00
146,1780554447323170560,1780554448323170560,Usage Prompt Tokens,tokens,p75,88391.00
146,1780554447323170560,1780554448323170560,Usage Prompt Tokens,tokens,p90,88391.00
146,1780554447323170560,1780554448323170560,Usage Prompt Tokens,tokens,p95,88391.00
146,1780554447323170560,1780554448323170560,Usage Prompt Tokens,tokens,p99,88391.00
146,1780554447323170560,1780554448323170560,Usage Prompt Tokens,tokens,std,0.00
146,1780554447323170560,1780554448323170560,Usage Total Tokens,tokens,avg,88403.00
146,1780554447323170560,1780554448323170560,Usage Total Tokens,tokens,min,88403.00
146,1780554447323170560,1780554448323170560,Usage Total Tokens,tokens,max,88403.00
146,1780554447323170560,1780554448323170560,Usage Total Tokens,tokens,sum,88403.00
146,1780554447323170560,1780554448323170560,Usage Total Tokens,tokens,p1,88403.00
146,1780554447323170560,1780554448323170560,Usage Total Tokens,tokens,p5,88403.00
146,1780554447323170560,1780554448323170560,Usage Total Tokens,tokens,p10,88403.00
146,1780554447323170560,1780554448323170560,Usage Total Tokens,tokens,p25,88403.00
146,1780554447323170560,1780554448323170560,Usage Total Tokens,tokens,p50,88403.00
146,1780554447323170560,1780554448323170560,Usage Total Tokens,tokens,p75,88403.00
146,1780554447323170560,1780554448323170560,Usage Total Tokens,tokens,p90,88403.00
146,1780554447323170560,1780554448323170560,Usage Total Tokens,tokens,p95,88403.00
146,1780554447323170560,1780554448323170560,Usage Total Tokens,tokens,p99,88403.00
146,1780554447323170560,1780554448323170560,Usage Total Tokens,tokens,std,0.00
147,1780554451323170560,1780554452323170560,Active Decode Throughput,tokens/sec,avg,64.67
147,1780554451323170560,1780554452323170560,Active Decode Throughput,tokens/sec,min,50.19
147,1780554451323170560,1780554452323170560,Active Decode Throughput,tokens/sec,max,79.15
147,1780554451323170560,1780554452323170560,Active Decode Throughput,tokens/sec,p50,64.67
147,1780554451323170560,1780554452323170560,Active Decode Throughput,tokens/sec,p90,64.67
147,1780554451323170560,1780554452323170560,Active Decode Throughput,tokens/sec,p95,64.67
147,1780554451323170560,1780554452323170560,Active Decode Throughput,tokens/sec,p99,64.67
147,1780554451323170560,1780554452323170560,Active Decode Throughput,tokens/sec,std,0.02
147,1780554451323170560,1780554452323170560,Active Decode Throughput Per User,tokens/sec/user,avg,8.08
147,1780554451323170560,1780554452323170560,Active Decode Throughput Per User,tokens/sec/user,min,6.27
147,1780554451323170560,1780554452323170560,Active Decode Throughput Per User,tokens/sec/user,max,9.89
147,1780554451323170560,1780554452323170560,Active Decode Throughput Per User,tokens/sec/user,p50,8.08
147,1780554451323170560,1780554452323170560,Active Decode Throughput Per User,tokens/sec/user,p90,8.08
147,1780554451323170560,1780554452323170560,Active Decode Throughput Per User,tokens/sec/user,p95,8.08
147,1780554451323170560,1780554452323170560,Active Decode Throughput Per User,tokens/sec/user,p99,8.08
147,1780554451323170560,1780554452323170560,Active Decode Throughput Per User,tokens/sec/user,std,0.00
147,1780554451323170560,1780554452323170560,Active Prefill Throughput,tokens/sec,avg,67176.16
147,1780554451323170560,1780554452323170560,Active Prefill Throughput,tokens/sec,min,67176.16
147,1780554451323170560,1780554452323170560,Active Prefill Throughput,tokens/sec,max,67176.16
147,1780554451323170560,1780554452323170560,Active Prefill Throughput,tokens/sec,p50,67176.16
147,1780554451323170560,1780554452323170560,Active Prefill Throughput,tokens/sec,p90,67176.16
147,1780554451323170560,1780554452323170560,Active Prefill Throughput,tokens/sec,p95,67176.16
147,1780554451323170560,1780554452323170560,Active Prefill Throughput,tokens/sec,p99,67176.16
147,1780554451323170560,1780554452323170560,Active Prefill Throughput,tokens/sec,std,0.00
147,1780554451323170560,1780554452323170560,Active Prefill Throughput Per User,tokens/sec/user,avg,67176.16
147,1780554451323170560,1780554452323170560,Active Prefill Throughput Per User,tokens/sec/user,min,67176.16
147,1780554451323170560,1780554452323170560,Active Prefill Throughput Per User,tokens/sec/user,max,67176.16
147,1780554451323170560,1780554452323170560,Active Prefill Throughput Per User,tokens/sec/user,p50,67176.16
147,1780554451323170560,1780554452323170560,Active Prefill Throughput Per User,tokens/sec/user,p90,67176.16
147,1780554451323170560,1780554452323170560,Active Prefill Throughput Per User,tokens/sec/user,p95,67176.16
147,1780554451323170560,1780554452323170560,Active Prefill Throughput Per User,tokens/sec/user,p99,67176.16
147,1780554451323170560,1780554452323170560,Active Prefill Throughput Per User,tokens/sec/user,std,0.00
147,1780554451323170560,1780554452323170560,Active Total Throughput,tokens/sec,avg,13965.55
147,1780554451323170560,1780554452323170560,Active Total Throughput,tokens/sec,min,85.42
147,1780554451323170560,1780554452323170560,Active Total Throughput,tokens/sec,max,67261.58
147,1780554451323170560,1780554452323170560,Active Total Throughput,tokens/sec,p50,85.42
147,1780554451323170560,1780554452323170560,Active Total Throughput,tokens/sec,p90,67261.58
147,1780554451323170560,1780554452323170560,Active Total Throughput,tokens/sec,p95,67261.58
147,1780554451323170560,1780554452323170560,Active Total Throughput,tokens/sec,p99,67261.58
147,1780554451323170560,1780554452323170560,Active Total Throughput,tokens/sec,std,27198.46
147,1780554451323170560,1780554452323170560,Benchmark Duration,sec,avg,39.41
147,1780554451323170560,1780554452323170560,E2E Output Token Throughput,tokens/sec/user,avg,8.63
147,1780554451323170560,1780554452323170560,E2E Output Token Throughput,tokens/sec/user,min,8.63
147,1780554451323170560,1780554452323170560,E2E Output Token Throughput,tokens/sec/user,max,8.63
147,1780554451323170560,1780554452323170560,E2E Output Token Throughput,tokens/sec/user,sum,8.63
147,1780554451323170560,1780554452323170560,E2E Output Token Throughput,tokens/sec/user,p1,8.63
147,1780554451323170560,1780554452323170560,E2E Output Token Throughput,tokens/sec/user,p5,8.63
147,1780554451323170560,1780554452323170560,E2E Output Token Throughput,tokens/sec/user,p10,8.63
147,1780554451323170560,1780554452323170560,E2E Output Token Throughput,tokens/sec/user,p25,8.63
147,1780554451323170560,1780554452323170560,E2E Output Token Throughput,tokens/sec/user,p50,8.63
147,1780554451323170560,1780554452323170560,E2E Output Token Throughput,tokens/sec/user,p75,8.63
147,1780554451323170560,1780554452323170560,E2E Output Token Throughput,tokens/sec/user,p90,8.63
147,1780554451323170560,1780554452323170560,E2E Output Token Throughput,tokens/sec/user,p95,8.63
147,1780554451323170560,1780554452323170560,E2E Output Token Throughput,tokens/sec/user,p99,8.63
147,1780554451323170560,1780554452323170560,E2E Output Token Throughput,tokens/sec/user,std,0.00
147,1780554451323170560,1780554452323170560,Effective Concurrency,requests,avg,8.21
147,1780554451323170560,1780554452323170560,Effective Concurrency,requests,min,8.00
147,1780554451323170560,1780554452323170560,Effective Concurrency,requests,max,9.00
147,1780554451323170560,1780554452323170560,Effective Concurrency,requests,p50,8.00
147,1780554451323170560,1780554452323170560,Effective Concurrency,requests,p90,9.00
147,1780554451323170560,1780554452323170560,Effective Concurrency,requests,p95,9.00
147,1780554451323170560,1780554452323170560,Effective Concurrency,requests,p99,9.00
147,1780554451323170560,1780554452323170560,Effective Concurrency,requests,std,0.40
147,1780554451323170560,1780554452323170560,Effective Decode Concurrency,requests,avg,8.00
147,1780554451323170560,1780554452323170560,Effective Decode Concurrency,requests,min,8.00
147,1780554451323170560,1780554452323170560,Effective Decode Concurrency,requests,max,8.00
147,1780554451323170560,1780554452323170560,Effective Decode Concurrency,requests,p50,8.00
147,1780554451323170560,1780554452323170560,Effective Decode Concurrency,requests,p90,8.00
147,1780554451323170560,1780554452323170560,Effective Decode Concurrency,requests,p95,8.00
147,1780554451323170560,1780554452323170560,Effective Decode Concurrency,requests,p99,8.00
147,1780554451323170560,1780554452323170560,Effective Decode Concurrency,requests,std,0.00
147,1780554451323170560,1780554452323170560,Effective Decode Throughput,tokens/sec,avg,64.67
147,1780554451323170560,1780554452323170560,Effective Decode Throughput,tokens/sec,min,50.19
147,1780554451323170560,1780554452323170560,Effective Decode Throughput,tokens/sec,max,79.15
147,1780554451323170560,1780554452323170560,Effective Decode Throughput,tokens/sec,p50,64.67
147,1780554451323170560,1780554452323170560,Effective Decode Throughput,tokens/sec,p90,64.67
147,1780554451323170560,1780554452323170560,Effective Decode Throughput,tokens/sec,p95,64.67
147,1780554451323170560,1780554452323170560,Effective Decode Throughput,tokens/sec,p99,64.67
147,1780554451323170560,1780554452323170560,Effective Decode Throughput,tokens/sec,std,0.02
147,1780554451323170560,1780554452323170560,Effective Decode Throughput Per User,tokens/sec/user,avg,8.08
147,1780554451323170560,1780554452323170560,Effective Decode Throughput Per User,tokens/sec/user,min,6.27
147,1780554451323170560,1780554452323170560,Effective Decode Throughput Per User,tokens/sec/user,max,9.89
147,1780554451323170560,1780554452323170560,Effective Decode Throughput Per User,tokens/sec/user,p50,8.08
147,1780554451323170560,1780554452323170560,Effective Decode Throughput Per User,tokens/sec/user,p90,8.08
147,1780554451323170560,1780554452323170560,Effective Decode Throughput Per User,tokens/sec/user,p95,8.08
147,1780554451323170560,1780554452323170560,Effective Decode Throughput Per User,tokens/sec/user,p99,8.08
147,1780554451323170560,1780554452323170560,Effective Decode Throughput Per User,tokens/sec/user,std,0.00
147,1780554451323170560,1780554452323170560,Effective Prefill Concurrency,requests,avg,0.21
147,1780554451323170560,1780554452323170560,Effective Prefill Concurrency,requests,min,0.00
147,1780554451323170560,1780554452323170560,Effective Prefill Concurrency,requests,max,1.00
147,1780554451323170560,1780554452323170560,Effective Prefill Concurrency,requests,p50,0.00
147,1780554451323170560,1780554452323170560,Effective Prefill Concurrency,requests,p90,1.00
147,1780554451323170560,1780554452323170560,Effective Prefill Concurrency,requests,p95,1.00
147,1780554451323170560,1780554452323170560,Effective Prefill Concurrency,requests,p99,1.00
147,1780554451323170560,1780554452323170560,Effective Prefill Concurrency,requests,std,0.40
147,1780554451323170560,1780554452323170560,Effective Prefill Throughput,tokens/sec,avg,13880.14
147,1780554451323170560,1780554452323170560,Effective Prefill Throughput,tokens/sec,min,0.00
147,1780554451323170560,1780554452323170560,Effective Prefill Throughput,tokens/sec,max,67176.16
147,1780554451323170560,1780554452323170560,Effective Prefill Throughput,tokens/sec,p50,0.00
147,1780554451323170560,1780554452323170560,Effective Prefill Throughput,tokens/sec,p90,67176.16
147,1780554451323170560,1780554452323170560,Effective Prefill Throughput,tokens/sec,p95,67176.16
147,1780554451323170560,1780554452323170560,Effective Prefill Throughput,tokens/sec,p99,67176.16
147,1780554451323170560,1780554452323170560,Effective Prefill Throughput,tokens/sec,std,27198.46
147,1780554451323170560,1780554452323170560,Effective Prefill Throughput Per User,tokens/sec/user,avg,13880.14
147,1780554451323170560,1780554452323170560,Effective Prefill Throughput Per User,tokens/sec/user,min,0.00
147,1780554451323170560,1780554452323170560,Effective Prefill Throughput Per User,tokens/sec/user,max,67176.16
147,1780554451323170560,1780554452323170560,Effective Prefill Throughput Per User,tokens/sec/user,p50,0.00
147,1780554451323170560,1780554452323170560,Effective Prefill Throughput Per User,tokens/sec/user,p90,67176.16
147,1780554451323170560,1780554452323170560,Effective Prefill Throughput Per User,tokens/sec/user,p95,67176.16
147,1780554451323170560,1780554452323170560,Effective Prefill Throughput Per User,tokens/sec/user,p99,67176.16
147,1780554451323170560,1780554452323170560,Effective Prefill Throughput Per User,tokens/sec/user,std,27198.46
147,1780554451323170560,1780554452323170560,Effective Total Throughput,tokens/sec,avg,13965.55
147,1780554451323170560,1780554452323170560,Effective Total Throughput,tokens/sec,min,85.42
147,1780554451323170560,1780554452323170560,Effective Total Throughput,tokens/sec,max,67261.58
147,1780554451323170560,1780554452323170560,Effective Total Throughput,tokens/sec,p50,85.42
147,1780554451323170560,1780554452323170560,Effective Total Throughput,tokens/sec,p90,67261.58
147,1780554451323170560,1780554452323170560,Effective Total Throughput,tokens/sec,p95,67261.58
147,1780554451323170560,1780554452323170560,Effective Total Throughput,tokens/sec,p99,67261.58
147,1780554451323170560,1780554452323170560,Effective Total Throughput,tokens/sec,std,27198.46
147,1780554451323170560,1780554452323170560,HTTP Blocked,ms,avg,0.00
147,1780554451323170560,1780554452323170560,HTTP Blocked,ms,min,0.00
147,1780554451323170560,1780554452323170560,HTTP Blocked,ms,max,0.00
147,1780554451323170560,1780554452323170560,HTTP Blocked,ms,sum,0.00
147,1780554451323170560,1780554452323170560,HTTP Blocked,ms,p1,0.00
147,1780554451323170560,1780554452323170560,HTTP Blocked,ms,p5,0.00
147,1780554451323170560,1780554452323170560,HTTP Blocked,ms,p10,0.00
147,1780554451323170560,1780554452323170560,HTTP Blocked,ms,p25,0.00
147,1780554451323170560,1780554452323170560,HTTP Blocked,ms,p50,0.00
147,1780554451323170560,1780554452323170560,HTTP Blocked,ms,p75,0.00
147,1780554451323170560,1780554452323170560,HTTP Blocked,ms,p90,0.00
147,1780554451323170560,1780554452323170560,HTTP Blocked,ms,p95,0.00
147,1780554451323170560,1780554452323170560,HTTP Blocked,ms,p99,0.00
147,1780554451323170560,1780554452323170560,HTTP Blocked,ms,std,0.00
147,1780554451323170560,1780554452323170560,HTTP Chunks Received,count,avg,340.00
147,1780554451323170560,1780554452323170560,HTTP Chunks Received,count,min,340.00
147,1780554451323170560,1780554452323170560,HTTP Chunks Received,count,max,340.00
147,1780554451323170560,1780554452323170560,HTTP Chunks Received,count,sum,340.00
147,1780554451323170560,1780554452323170560,HTTP Chunks Received,count,p1,340.00
147,1780554451323170560,1780554452323170560,HTTP Chunks Received,count,p5,340.00
147,1780554451323170560,1780554452323170560,HTTP Chunks Received,count,p10,340.00
147,1780554451323170560,1780554452323170560,HTTP Chunks Received,count,p25,340.00
147,1780554451323170560,1780554452323170560,HTTP Chunks Received,count,p50,340.00
147,1780554451323170560,1780554452323170560,HTTP Chunks Received,count,p75,340.00
147,1780554451323170560,1780554452323170560,HTTP Chunks Received,count,p90,340.00
147,1780554451323170560,1780554452323170560,HTTP Chunks Received,count,p95,340.00
147,1780554451323170560,1780554452323170560,HTTP Chunks Received,count,p99,340.00
147,1780554451323170560,1780554452323170560,HTTP Chunks Received,count,std,0.00
147,1780554451323170560,1780554452323170560,HTTP Chunks Sent,count,avg,1.00
147,1780554451323170560,1780554452323170560,HTTP Chunks Sent,count,min,1.00
147,1780554451323170560,1780554452323170560,HTTP Chunks Sent,count,max,1.00
147,1780554451323170560,1780554452323170560,HTTP Chunks Sent,count,sum,1.00
147,1780554451323170560,1780554452323170560,HTTP Chunks Sent,count,p1,1.00
147,1780554451323170560,1780554452323170560,HTTP Chunks Sent,count,p5,1.00
147,1780554451323170560,1780554452323170560,HTTP Chunks Sent,count,p10,1.00
147,1780554451323170560,1780554452323170560,HTTP Chunks Sent,count,p25,1.00
147,1780554451323170560,1780554452323170560,HTTP Chunks Sent,count,p50,1.00
147,1780554451323170560,1780554452323170560,HTTP Chunks Sent,count,p75,1.00
147,1780554451323170560,1780554452323170560,HTTP Chunks Sent,count,p90,1.00
147,1780554451323170560,1780554452323170560,HTTP Chunks Sent,count,p95,1.00
147,1780554451323170560,1780554452323170560,HTTP Chunks Sent,count,p99,1.00
147,1780554451323170560,1780554452323170560,HTTP Chunks Sent,count,std,0.00
147,1780554451323170560,1780554452323170560,HTTP Connecting,ms,avg,0.59
147,1780554451323170560,1780554452323170560,HTTP Connecting,ms,min,0.59
147,1780554451323170560,1780554452323170560,HTTP Connecting,ms,max,0.59
147,1780554451323170560,1780554452323170560,HTTP Connecting,ms,sum,0.59
147,1780554451323170560,1780554452323170560,HTTP Connecting,ms,p1,0.59
147,1780554451323170560,1780554452323170560,HTTP Connecting,ms,p5,0.59
147,1780554451323170560,1780554452323170560,HTTP Connecting,ms,p10,0.59
147,1780554451323170560,1780554452323170560,HTTP Connecting,ms,p25,0.59
147,1780554451323170560,1780554452323170560,HTTP Connecting,ms,p50,0.59
147,1780554451323170560,1780554452323170560,HTTP Connecting,ms,p75,0.59
147,1780554451323170560,1780554452323170560,HTTP Connecting,ms,p90,0.59
147,1780554451323170560,1780554452323170560,HTTP Connecting,ms,p95,0.59
147,1780554451323170560,1780554452323170560,HTTP Connecting,ms,p99,0.59
147,1780554451323170560,1780554452323170560,HTTP Connecting,ms,std,0.00
147,1780554451323170560,1780554452323170560,HTTP Connection Overhead,ms,avg,0.59
147,1780554451323170560,1780554452323170560,HTTP Connection Overhead,ms,min,0.59
147,1780554451323170560,1780554452323170560,HTTP Connection Overhead,ms,max,0.59
147,1780554451323170560,1780554452323170560,HTTP Connection Overhead,ms,sum,0.59
147,1780554451323170560,1780554452323170560,HTTP Connection Overhead,ms,p1,0.59
147,1780554451323170560,1780554452323170560,HTTP Connection Overhead,ms,p5,0.59
147,1780554451323170560,1780554452323170560,HTTP Connection Overhead,ms,p10,0.59
147,1780554451323170560,1780554452323170560,HTTP Connection Overhead,ms,p25,0.59
147,1780554451323170560,1780554452323170560,HTTP Connection Overhead,ms,p50,0.59
147,1780554451323170560,1780554452323170560,HTTP Connection Overhead,ms,p75,0.59
147,1780554451323170560,1780554452323170560,HTTP Connection Overhead,ms,p90,0.59
147,1780554451323170560,1780554452323170560,HTTP Connection Overhead,ms,p95,0.59
147,1780554451323170560,1780554452323170560,HTTP Connection Overhead,ms,p99,0.59
147,1780554451323170560,1780554452323170560,HTTP Connection Overhead,ms,std,0.00
147,1780554451323170560,1780554452323170560,HTTP Connection Reused,ratio,avg,0.00
147,1780554451323170560,1780554452323170560,HTTP Connection Reused,ratio,min,0.00
147,1780554451323170560,1780554452323170560,HTTP Connection Reused,ratio,max,0.00
147,1780554451323170560,1780554452323170560,HTTP Connection Reused,ratio,sum,0.00
147,1780554451323170560,1780554452323170560,HTTP Connection Reused,ratio,p1,0.00
147,1780554451323170560,1780554452323170560,HTTP Connection Reused,ratio,p5,0.00
147,1780554451323170560,1780554452323170560,HTTP Connection Reused,ratio,p10,0.00
147,1780554451323170560,1780554452323170560,HTTP Connection Reused,ratio,p25,0.00
147,1780554451323170560,1780554452323170560,HTTP Connection Reused,ratio,p50,0.00
147,1780554451323170560,1780554452323170560,HTTP Connection Reused,ratio,p75,0.00
147,1780554451323170560,1780554452323170560,HTTP Connection Reused,ratio,p90,0.00
147,1780554451323170560,1780554452323170560,HTTP Connection Reused,ratio,p95,0.00
147,1780554451323170560,1780554452323170560,HTTP Connection Reused,ratio,p99,0.00
147,1780554451323170560,1780554452323170560,HTTP Connection Reused,ratio,std,0.00
147,1780554451323170560,1780554452323170560,HTTP Data Received,KB,avg,85.22
147,1780554451323170560,1780554452323170560,HTTP Data Received,KB,min,85.22
147,1780554451323170560,1780554452323170560,HTTP Data Received,KB,max,85.22
147,1780554451323170560,1780554452323170560,HTTP Data Received,KB,sum,85.22
147,1780554451323170560,1780554452323170560,HTTP Data Received,KB,p1,85.22
147,1780554451323170560,1780554452323170560,HTTP Data Received,KB,p5,85.22
147,1780554451323170560,1780554452323170560,HTTP Data Received,KB,p10,85.22
147,1780554451323170560,1780554452323170560,HTTP Data Received,KB,p25,85.22
147,1780554451323170560,1780554452323170560,HTTP Data Received,KB,p50,85.22
147,1780554451323170560,1780554452323170560,HTTP Data Received,KB,p75,85.22
147,1780554451323170560,1780554452323170560,HTTP Data Received,KB,p90,85.22
147,1780554451323170560,1780554452323170560,HTTP Data Received,KB,p95,85.22
147,1780554451323170560,1780554452323170560,HTTP Data Received,KB,p99,85.22
147,1780554451323170560,1780554452323170560,HTTP Data Received,KB,std,0.00
147,1780554451323170560,1780554452323170560,HTTP Data Sent,KB,avg,135.94
147,1780554451323170560,1780554452323170560,HTTP Data Sent,KB,min,135.94
147,1780554451323170560,1780554452323170560,HTTP Data Sent,KB,max,135.94
147,1780554451323170560,1780554452323170560,HTTP Data Sent,KB,sum,135.94
147,1780554451323170560,1780554452323170560,HTTP Data Sent,KB,p1,135.94
147,1780554451323170560,1780554452323170560,HTTP Data Sent,KB,p5,135.94
147,1780554451323170560,1780554452323170560,HTTP Data Sent,KB,p10,135.94
147,1780554451323170560,1780554452323170560,HTTP Data Sent,KB,p25,135.94
147,1780554451323170560,1780554452323170560,HTTP Data Sent,KB,p50,135.94
147,1780554451323170560,1780554452323170560,HTTP Data Sent,KB,p75,135.94
147,1780554451323170560,1780554452323170560,HTTP Data Sent,KB,p90,135.94
147,1780554451323170560,1780554452323170560,HTTP Data Sent,KB,p95,135.94
147,1780554451323170560,1780554452323170560,HTTP Data Sent,KB,p99,135.94
147,1780554451323170560,1780554452323170560,HTTP Data Sent,KB,std,0.00
147,1780554451323170560,1780554452323170560,HTTP DNS Lookup,ms,avg,0.00
147,1780554451323170560,1780554452323170560,HTTP DNS Lookup,ms,min,0.00
147,1780554451323170560,1780554452323170560,HTTP DNS Lookup,ms,max,0.00
147,1780554451323170560,1780554452323170560,HTTP DNS Lookup,ms,sum,0.00
147,1780554451323170560,1780554452323170560,HTTP DNS Lookup,ms,p1,0.00
147,1780554451323170560,1780554452323170560,HTTP DNS Lookup,ms,p5,0.00
147,1780554451323170560,1780554452323170560,HTTP DNS Lookup,ms,p10,0.00
147,1780554451323170560,1780554452323170560,HTTP DNS Lookup,ms,p25,0.00
147,1780554451323170560,1780554452323170560,HTTP DNS Lookup,ms,p50,0.00
147,1780554451323170560,1780554452323170560,HTTP DNS Lookup,ms,p75,0.00
147,1780554451323170560,1780554452323170560,HTTP DNS Lookup,ms,p90,0.00
147,1780554451323170560,1780554452323170560,HTTP DNS Lookup,ms,p95,0.00
147,1780554451323170560,1780554452323170560,HTTP DNS Lookup,ms,p99,0.00
147,1780554451323170560,1780554452323170560,HTTP DNS Lookup,ms,std,0.00
147,1780554451323170560,1780554452323170560,HTTP Duration (excl. conn),ms,avg,39412.38
147,1780554451323170560,1780554452323170560,HTTP Duration (excl. conn),ms,min,39412.38
147,1780554451323170560,1780554452323170560,HTTP Duration (excl. conn),ms,max,39412.38
147,1780554451323170560,1780554452323170560,HTTP Duration (excl. conn),ms,sum,39412.38
147,1780554451323170560,1780554452323170560,HTTP Duration (excl. conn),ms,p1,39412.38
147,1780554451323170560,1780554452323170560,HTTP Duration (excl. conn),ms,p5,39412.38
147,1780554451323170560,1780554452323170560,HTTP Duration (excl. conn),ms,p10,39412.38
147,1780554451323170560,1780554452323170560,HTTP Duration (excl. conn),ms,p25,39412.38
147,1780554451323170560,1780554452323170560,HTTP Duration (excl. conn),ms,p50,39412.38
147,1780554451323170560,1780554452323170560,HTTP Duration (excl. conn),ms,p75,39412.38
147,1780554451323170560,1780554452323170560,HTTP Duration (excl. conn),ms,p90,39412.38
147,1780554451323170560,1780554452323170560,HTTP Duration (excl. conn),ms,p95,39412.38
147,1780554451323170560,1780554452323170560,HTTP Duration (excl. conn),ms,p99,39412.38
147,1780554451323170560,1780554452323170560,HTTP Duration (excl. conn),ms,std,0.00
147,1780554451323170560,1780554452323170560,HTTP Receiving,ms,avg,38895.38
147,1780554451323170560,1780554452323170560,HTTP Receiving,ms,min,38895.38
147,1780554451323170560,1780554452323170560,HTTP Receiving,ms,max,38895.38
147,1780554451323170560,1780554452323170560,HTTP Receiving,ms,sum,38895.38
147,1780554451323170560,1780554452323170560,HTTP Receiving,ms,p1,38895.38
147,1780554451323170560,1780554452323170560,HTTP Receiving,ms,p5,38895.38
147,1780554451323170560,1780554452323170560,HTTP Receiving,ms,p10,38895.38
147,1780554451323170560,1780554452323170560,HTTP Receiving,ms,p25,38895.38
147,1780554451323170560,1780554452323170560,HTTP Receiving,ms,p50,38895.38
147,1780554451323170560,1780554452323170560,HTTP Receiving,ms,p75,38895.38
147,1780554451323170560,1780554452323170560,HTTP Receiving,ms,p90,38895.38
147,1780554451323170560,1780554452323170560,HTTP Receiving,ms,p95,38895.38
147,1780554451323170560,1780554452323170560,HTTP Receiving,ms,p99,38895.38
147,1780554451323170560,1780554452323170560,HTTP Receiving,ms,std,0.00
147,1780554451323170560,1780554452323170560,HTTP Sending,ms,avg,0.84
147,1780554451323170560,1780554452323170560,HTTP Sending,ms,min,0.84
147,1780554451323170560,1780554452323170560,HTTP Sending,ms,max,0.84
147,1780554451323170560,1780554452323170560,HTTP Sending,ms,sum,0.84
147,1780554451323170560,1780554452323170560,HTTP Sending,ms,p1,0.84
147,1780554451323170560,1780554452323170560,HTTP Sending,ms,p5,0.84
147,1780554451323170560,1780554452323170560,HTTP Sending,ms,p10,0.84
147,1780554451323170560,1780554452323170560,HTTP Sending,ms,p25,0.84
147,1780554451323170560,1780554452323170560,HTTP Sending,ms,p50,0.84
147,1780554451323170560,1780554452323170560,HTTP Sending,ms,p75,0.84
147,1780554451323170560,1780554452323170560,HTTP Sending,ms,p90,0.84
147,1780554451323170560,1780554452323170560,HTTP Sending,ms,p95,0.84
147,1780554451323170560,1780554452323170560,HTTP Sending,ms,p99,0.84
147,1780554451323170560,1780554452323170560,HTTP Sending,ms,std,0.00
147,1780554451323170560,1780554452323170560,HTTP Total Time,ms,avg,39412.97
147,1780554451323170560,1780554452323170560,HTTP Total Time,ms,min,39412.97
147,1780554451323170560,1780554452323170560,HTTP Total Time,ms,max,39412.97
147,1780554451323170560,1780554452323170560,HTTP Total Time,ms,sum,39412.97
147,1780554451323170560,1780554452323170560,HTTP Total Time,ms,p1,39412.97
147,1780554451323170560,1780554452323170560,HTTP Total Time,ms,p5,39412.97
147,1780554451323170560,1780554452323170560,HTTP Total Time,ms,p10,39412.97
147,1780554451323170560,1780554452323170560,HTTP Total Time,ms,p25,39412.97
147,1780554451323170560,1780554452323170560,HTTP Total Time,ms,p50,39412.97
147,1780554451323170560,1780554452323170560,HTTP Total Time,ms,p75,39412.97
147,1780554451323170560,1780554452323170560,HTTP Total Time,ms,p90,39412.97
147,1780554451323170560,1780554452323170560,HTTP Total Time,ms,p95,39412.97
147,1780554451323170560,1780554452323170560,HTTP Total Time,ms,p99,39412.97
147,1780554451323170560,1780554452323170560,HTTP Total Time,ms,std,0.00
147,1780554451323170560,1780554452323170560,HTTP Waiting (TTFB),ms,avg,516.16
147,1780554451323170560,1780554452323170560,HTTP Waiting (TTFB),ms,min,516.16
147,1780554451323170560,1780554452323170560,HTTP Waiting (TTFB),ms,max,516.16
147,1780554451323170560,1780554452323170560,HTTP Waiting (TTFB),ms,sum,516.16
147,1780554451323170560,1780554452323170560,HTTP Waiting (TTFB),ms,p1,516.16
147,1780554451323170560,1780554452323170560,HTTP Waiting (TTFB),ms,p5,516.16
147,1780554451323170560,1780554452323170560,HTTP Waiting (TTFB),ms,p10,516.16
147,1780554451323170560,1780554452323170560,HTTP Waiting (TTFB),ms,p25,516.16
147,1780554451323170560,1780554452323170560,HTTP Waiting (TTFB),ms,p50,516.16
147,1780554451323170560,1780554452323170560,HTTP Waiting (TTFB),ms,p75,516.16
147,1780554451323170560,1780554452323170560,HTTP Waiting (TTFB),ms,p90,516.16
147,1780554451323170560,1780554452323170560,HTTP Waiting (TTFB),ms,p95,516.16
147,1780554451323170560,1780554452323170560,HTTP Waiting (TTFB),ms,p99,516.16
147,1780554451323170560,1780554452323170560,HTTP Waiting (TTFB),ms,std,0.00
147,1780554451323170560,1780554452323170560,Input Sequence Length,tokens,avg,34738.00
147,1780554451323170560,1780554452323170560,Input Sequence Length,tokens,min,34738.00
147,1780554451323170560,1780554452323170560,Input Sequence Length,tokens,max,34738.00
147,1780554451323170560,1780554452323170560,Input Sequence Length,tokens,sum,34738.00
147,1780554451323170560,1780554452323170560,Input Sequence Length,tokens,p1,34738.00
147,1780554451323170560,1780554452323170560,Input Sequence Length,tokens,p5,34738.00
147,1780554451323170560,1780554452323170560,Input Sequence Length,tokens,p10,34738.00
147,1780554451323170560,1780554452323170560,Input Sequence Length,tokens,p25,34738.00
147,1780554451323170560,1780554452323170560,Input Sequence Length,tokens,p50,34738.00
147,1780554451323170560,1780554452323170560,Input Sequence Length,tokens,p75,34738.00
147,1780554451323170560,1780554452323170560,Input Sequence Length,tokens,p90,34738.00
147,1780554451323170560,1780554452323170560,Input Sequence Length,tokens,p95,34738.00
147,1780554451323170560,1780554452323170560,Input Sequence Length,tokens,p99,34738.00
147,1780554451323170560,1780554452323170560,Input Sequence Length,tokens,std,0.00
147,1780554451323170560,1780554452323170560,Input Token Throughput,tokens/sec,avg,34738.00
147,1780554451323170560,1780554452323170560,Inter Chunk Latency,ms,avg,75.81
147,1780554451323170560,1780554452323170560,Inter Chunk Latency,ms,min,73.48
147,1780554451323170560,1780554452323170560,Inter Chunk Latency,ms,max,83.75
147,1780554451323170560,1780554452323170560,Inter Chunk Latency,ms,sum,25699.98
147,1780554451323170560,1780554452323170560,Inter Chunk Latency,ms,p1,73.49
147,1780554451323170560,1780554452323170560,Inter Chunk Latency,ms,p5,73.57
147,1780554451323170560,1780554452323170560,Inter Chunk Latency,ms,p10,73.67
147,1780554451323170560,1780554452323170560,Inter Chunk Latency,ms,p25,74.11
147,1780554451323170560,1780554452323170560,Inter Chunk Latency,ms,p50,74.82
147,1780554451323170560,1780554452323170560,Inter Chunk Latency,ms,p75,75.92
147,1780554451323170560,1780554452323170560,Inter Chunk Latency,ms,p90,82.01
147,1780554451323170560,1780554452323170560,Inter Chunk Latency,ms,p95,83.44
147,1780554451323170560,1780554452323170560,Inter Chunk Latency,ms,p99,83.72
147,1780554451323170560,1780554452323170560,Inter Chunk Latency,ms,std,2.84
147,1780554451323170560,1780554452323170560,Inter Token Latency,ms,avg,114.74
147,1780554451323170560,1780554452323170560,Inter Token Latency,ms,min,114.74
147,1780554451323170560,1780554452323170560,Inter Token Latency,ms,max,114.74
147,1780554451323170560,1780554452323170560,Inter Token Latency,ms,sum,114.74
147,1780554451323170560,1780554452323170560,Inter Token Latency,ms,p1,114.74
147,1780554451323170560,1780554452323170560,Inter Token Latency,ms,p5,114.74
147,1780554451323170560,1780554452323170560,Inter Token Latency,ms,p10,114.74
147,1780554451323170560,1780554452323170560,Inter Token Latency,ms,p25,114.74
147,1780554451323170560,1780554452323170560,Inter Token Latency,ms,p50,114.74
147,1780554451323170560,1780554452323170560,Inter Token Latency,ms,p75,114.74
147,1780554451323170560,1780554452323170560,Inter Token Latency,ms,p90,114.74
147,1780554451323170560,1780554452323170560,Inter Token Latency,ms,p95,114.74
147,1780554451323170560,1780554452323170560,Inter Token Latency,ms,p99,114.74
147,1780554451323170560,1780554452323170560,Inter Token Latency,ms,std,0.00
147,1780554451323170560,1780554452323170560,Maximum Response Timestamp,ns,avg,1780554491529035520.00
147,1780554451323170560,1780554452323170560,Minimum Request Timestamp,ns,avg,1780554452116547584.00
147,1780554451323170560,1780554452323170560,OSL Mismatch Count,requests,avg,0.00
147,1780554451323170560,1780554452323170560,OSL Mismatch Diff %,%,avg,0.00
147,1780554451323170560,1780554452323170560,OSL Mismatch Diff %,%,min,0.00
147,1780554451323170560,1780554452323170560,OSL Mismatch Diff %,%,max,0.00
147,1780554451323170560,1780554452323170560,OSL Mismatch Diff %,%,sum,0.00
147,1780554451323170560,1780554452323170560,OSL Mismatch Diff %,%,p1,0.00
147,1780554451323170560,1780554452323170560,OSL Mismatch Diff %,%,p5,0.00
147,1780554451323170560,1780554452323170560,OSL Mismatch Diff %,%,p10,0.00
147,1780554451323170560,1780554452323170560,OSL Mismatch Diff %,%,p25,0.00
147,1780554451323170560,1780554452323170560,OSL Mismatch Diff %,%,p50,0.00
147,1780554451323170560,1780554452323170560,OSL Mismatch Diff %,%,p75,0.00
147,1780554451323170560,1780554452323170560,OSL Mismatch Diff %,%,p90,0.00
147,1780554451323170560,1780554452323170560,OSL Mismatch Diff %,%,p95,0.00
147,1780554451323170560,1780554452323170560,OSL Mismatch Diff %,%,p99,0.00
147,1780554451323170560,1780554452323170560,OSL Mismatch Diff %,%,std,0.00
147,1780554451323170560,1780554452323170560,Output Sequence Length,tokens,avg,340.00
147,1780554451323170560,1780554452323170560,Output Sequence Length,tokens,min,340.00
147,1780554451323170560,1780554452323170560,Output Sequence Length,tokens,max,340.00
147,1780554451323170560,1780554452323170560,Output Sequence Length,tokens,sum,340.00
147,1780554451323170560,1780554452323170560,Output Sequence Length,tokens,p1,340.00
147,1780554451323170560,1780554452323170560,Output Sequence Length,tokens,p5,340.00
147,1780554451323170560,1780554452323170560,Output Sequence Length,tokens,p10,340.00
147,1780554451323170560,1780554452323170560,Output Sequence Length,tokens,p25,340.00
147,1780554451323170560,1780554452323170560,Output Sequence Length,tokens,p50,340.00
147,1780554451323170560,1780554452323170560,Output Sequence Length,tokens,p75,340.00
147,1780554451323170560,1780554452323170560,Output Sequence Length,tokens,p90,340.00
147,1780554451323170560,1780554452323170560,Output Sequence Length,tokens,p95,340.00
147,1780554451323170560,1780554452323170560,Output Sequence Length,tokens,p99,340.00
147,1780554451323170560,1780554452323170560,Output Sequence Length,tokens,std,0.00
147,1780554451323170560,1780554452323170560,Output Token Count,tokens,avg,340.00
147,1780554451323170560,1780554452323170560,Output Token Count,tokens,min,340.00
147,1780554451323170560,1780554452323170560,Output Token Count,tokens,max,340.00
147,1780554451323170560,1780554452323170560,Output Token Count,tokens,sum,340.00
147,1780554451323170560,1780554452323170560,Output Token Count,tokens,p1,340.00
147,1780554451323170560,1780554452323170560,Output Token Count,tokens,p5,340.00
147,1780554451323170560,1780554452323170560,Output Token Count,tokens,p10,340.00
147,1780554451323170560,1780554452323170560,Output Token Count,tokens,p25,340.00
147,1780554451323170560,1780554452323170560,Output Token Count,tokens,p50,340.00
147,1780554451323170560,1780554452323170560,Output Token Count,tokens,p75,340.00
147,1780554451323170560,1780554452323170560,Output Token Count,tokens,p90,340.00
147,1780554451323170560,1780554452323170560,Output Token Count,tokens,p95,340.00
147,1780554451323170560,1780554452323170560,Output Token Count,tokens,p99,340.00
147,1780554451323170560,1780554452323170560,Output Token Count,tokens,std,0.00
147,1780554451323170560,1780554452323170560,Output Token Throughput,tokens/sec,avg,340.00
147,1780554451323170560,1780554452323170560,Output Token Throughput Per User,tokens/sec/user,avg,8.72
147,1780554451323170560,1780554452323170560,Output Token Throughput Per User,tokens/sec/user,min,8.72
147,1780554451323170560,1780554452323170560,Output Token Throughput Per User,tokens/sec/user,max,8.72
147,1780554451323170560,1780554452323170560,Output Token Throughput Per User,tokens/sec/user,sum,8.72
147,1780554451323170560,1780554452323170560,Output Token Throughput Per User,tokens/sec/user,p1,8.72
147,1780554451323170560,1780554452323170560,Output Token Throughput Per User,tokens/sec/user,p5,8.72
147,1780554451323170560,1780554452323170560,Output Token Throughput Per User,tokens/sec/user,p10,8.72
147,1780554451323170560,1780554452323170560,Output Token Throughput Per User,tokens/sec/user,p25,8.72
147,1780554451323170560,1780554452323170560,Output Token Throughput Per User,tokens/sec/user,p50,8.72
147,1780554451323170560,1780554452323170560,Output Token Throughput Per User,tokens/sec/user,p75,8.72
147,1780554451323170560,1780554452323170560,Output Token Throughput Per User,tokens/sec/user,p90,8.72
147,1780554451323170560,1780554452323170560,Output Token Throughput Per User,tokens/sec/user,p95,8.72
147,1780554451323170560,1780554452323170560,Output Token Throughput Per User,tokens/sec/user,p99,8.72
147,1780554451323170560,1780554452323170560,Output Token Throughput Per User,tokens/sec/user,std,0.00
147,1780554451323170560,1780554452323170560,Prefill Throughput Per User,tokens/sec/user,avg,67176.16
147,1780554451323170560,1780554452323170560,Prefill Throughput Per User,tokens/sec/user,min,67176.16
147,1780554451323170560,1780554452323170560,Prefill Throughput Per User,tokens/sec/user,max,67176.16
147,1780554451323170560,1780554452323170560,Prefill Throughput Per User,tokens/sec/user,sum,67176.16
147,1780554451323170560,1780554452323170560,Prefill Throughput Per User,tokens/sec/user,p1,67176.16
147,1780554451323170560,1780554452323170560,Prefill Throughput Per User,tokens/sec/user,p5,67176.16
147,1780554451323170560,1780554452323170560,Prefill Throughput Per User,tokens/sec/user,p10,67176.16
147,1780554451323170560,1780554452323170560,Prefill Throughput Per User,tokens/sec/user,p25,67176.16
147,1780554451323170560,1780554452323170560,Prefill Throughput Per User,tokens/sec/user,p50,67176.16
147,1780554451323170560,1780554452323170560,Prefill Throughput Per User,tokens/sec/user,p75,67176.16
147,1780554451323170560,1780554452323170560,Prefill Throughput Per User,tokens/sec/user,p90,67176.16
147,1780554451323170560,1780554452323170560,Prefill Throughput Per User,tokens/sec/user,p95,67176.16
147,1780554451323170560,1780554452323170560,Prefill Throughput Per User,tokens/sec/user,p99,67176.16
147,1780554451323170560,1780554452323170560,Prefill Throughput Per User,tokens/sec/user,std,0.00
147,1780554451323170560,1780554452323170560,Request Count,requests,avg,1.00
147,1780554451323170560,1780554452323170560,Request Latency,ms,avg,39412.49
147,1780554451323170560,1780554452323170560,Request Latency,ms,min,39412.49
147,1780554451323170560,1780554452323170560,Request Latency,ms,max,39412.49
147,1780554451323170560,1780554452323170560,Request Latency,ms,sum,39412.49
147,1780554451323170560,1780554452323170560,Request Latency,ms,p1,39412.49
147,1780554451323170560,1780554452323170560,Request Latency,ms,p5,39412.49
147,1780554451323170560,1780554452323170560,Request Latency,ms,p10,39412.49
147,1780554451323170560,1780554452323170560,Request Latency,ms,p25,39412.49
147,1780554451323170560,1780554452323170560,Request Latency,ms,p50,39412.49
147,1780554451323170560,1780554452323170560,Request Latency,ms,p75,39412.49
147,1780554451323170560,1780554452323170560,Request Latency,ms,p90,39412.49
147,1780554451323170560,1780554452323170560,Request Latency,ms,p95,39412.49
147,1780554451323170560,1780554452323170560,Request Latency,ms,p99,39412.49
147,1780554451323170560,1780554452323170560,Request Latency,ms,std,0.00
147,1780554451323170560,1780554452323170560,Request Throughput,requests/sec,avg,1.00
147,1780554451323170560,1780554452323170560,Requested OSL,tokens,avg,340.00
147,1780554451323170560,1780554452323170560,Requested OSL,tokens,min,340.00
147,1780554451323170560,1780554452323170560,Requested OSL,tokens,max,340.00
147,1780554451323170560,1780554452323170560,Requested OSL,tokens,sum,340.00
147,1780554451323170560,1780554452323170560,Requested OSL,tokens,p1,340.00
147,1780554451323170560,1780554452323170560,Requested OSL,tokens,p5,340.00
147,1780554451323170560,1780554452323170560,Requested OSL,tokens,p10,340.00
147,1780554451323170560,1780554452323170560,Requested OSL,tokens,p25,340.00
147,1780554451323170560,1780554452323170560,Requested OSL,tokens,p50,340.00
147,1780554451323170560,1780554452323170560,Requested OSL,tokens,p75,340.00
147,1780554451323170560,1780554452323170560,Requested OSL,tokens,p90,340.00
147,1780554451323170560,1780554452323170560,Requested OSL,tokens,p95,340.00
147,1780554451323170560,1780554452323170560,Requested OSL,tokens,p99,340.00
147,1780554451323170560,1780554452323170560,Requested OSL,tokens,std,0.00
147,1780554451323170560,1780554452323170560,Time to First Output Token,ms,avg,517.12
147,1780554451323170560,1780554452323170560,Time to First Output Token,ms,min,517.12
147,1780554451323170560,1780554452323170560,Time to First Output Token,ms,max,517.12
147,1780554451323170560,1780554452323170560,Time to First Output Token,ms,sum,517.12
147,1780554451323170560,1780554452323170560,Time to First Output Token,ms,p1,517.12
147,1780554451323170560,1780554452323170560,Time to First Output Token,ms,p5,517.12
147,1780554451323170560,1780554452323170560,Time to First Output Token,ms,p10,517.12
147,1780554451323170560,1780554452323170560,Time to First Output Token,ms,p25,517.12
147,1780554451323170560,1780554452323170560,Time to First Output Token,ms,p50,517.12
147,1780554451323170560,1780554452323170560,Time to First Output Token,ms,p75,517.12
147,1780554451323170560,1780554452323170560,Time to First Output Token,ms,p90,517.12
147,1780554451323170560,1780554452323170560,Time to First Output Token,ms,p95,517.12
147,1780554451323170560,1780554452323170560,Time to First Output Token,ms,p99,517.12
147,1780554451323170560,1780554452323170560,Time to First Output Token,ms,std,0.00
147,1780554451323170560,1780554452323170560,Time to First Token,ms,avg,517.12
147,1780554451323170560,1780554452323170560,Time to First Token,ms,min,517.12
147,1780554451323170560,1780554452323170560,Time to First Token,ms,max,517.12
147,1780554451323170560,1780554452323170560,Time to First Token,ms,sum,517.12
147,1780554451323170560,1780554452323170560,Time to First Token,ms,p1,517.12
147,1780554451323170560,1780554452323170560,Time to First Token,ms,p5,517.12
147,1780554451323170560,1780554452323170560,Time to First Token,ms,p10,517.12
147,1780554451323170560,1780554452323170560,Time to First Token,ms,p25,517.12
147,1780554451323170560,1780554452323170560,Time to First Token,ms,p50,517.12
147,1780554451323170560,1780554452323170560,Time to First Token,ms,p75,517.12
147,1780554451323170560,1780554452323170560,Time to First Token,ms,p90,517.12
147,1780554451323170560,1780554452323170560,Time to First Token,ms,p95,517.12
147,1780554451323170560,1780554452323170560,Time to First Token,ms,p99,517.12
147,1780554451323170560,1780554452323170560,Time to First Token,ms,std,0.00
147,1780554451323170560,1780554452323170560,Time to Second Token,ms,avg,34.56
147,1780554451323170560,1780554452323170560,Time to Second Token,ms,min,34.56
147,1780554451323170560,1780554452323170560,Time to Second Token,ms,max,34.56
147,1780554451323170560,1780554452323170560,Time to Second Token,ms,sum,34.56
147,1780554451323170560,1780554452323170560,Time to Second Token,ms,p1,34.56
147,1780554451323170560,1780554452323170560,Time to Second Token,ms,p5,34.56
147,1780554451323170560,1780554452323170560,Time to Second Token,ms,p10,34.56
147,1780554451323170560,1780554452323170560,Time to Second Token,ms,p25,34.56
147,1780554451323170560,1780554452323170560,Time to Second Token,ms,p50,34.56
147,1780554451323170560,1780554452323170560,Time to Second Token,ms,p75,34.56
147,1780554451323170560,1780554452323170560,Time to Second Token,ms,p90,34.56
147,1780554451323170560,1780554452323170560,Time to Second Token,ms,p95,34.56
147,1780554451323170560,1780554452323170560,Time to Second Token,ms,p99,34.56
147,1780554451323170560,1780554452323170560,Time to Second Token,ms,std,0.00
147,1780554451323170560,1780554452323170560,Tokens In Flight,tokens,avg,675952.69
147,1780554451323170560,1780554452323170560,Tokens In Flight,tokens,min,668743.99
147,1780554451323170560,1780554452323170560,Tokens In Flight,tokens,max,703544.20
147,1780554451323170560,1780554452323170560,Tokens In Flight,tokens,p50,668776.66
147,1780554451323170560,1780554452323170560,Tokens In Flight,tokens,p90,703538.92
147,1780554451323170560,1780554452323170560,Tokens In Flight,tokens,p95,703542.20
147,1780554451323170560,1780554452323170560,Tokens In Flight,tokens,p99,703544.20
147,1780554451323170560,1780554452323170560,Tokens In Flight,tokens,std,14077.83
147,1780554451323170560,1780554452323170560,Total Input Sequence Length,tokens,avg,34738.00
147,1780554451323170560,1780554452323170560,Total Output Sequence Length,tokens,avg,340.00
147,1780554451323170560,1780554452323170560,Total Output Tokens,tokens,avg,340.00
147,1780554451323170560,1780554452323170560,Total Token Throughput,tokens/sec,avg,35078.00
147,1780554451323170560,1780554452323170560,Total Usage Completion Tokens,tokens,avg,340.00
147,1780554451323170560,1780554452323170560,Total Usage Prompt Tokens,tokens,avg,34738.00
147,1780554451323170560,1780554452323170560,Total Usage Total Tokens,tokens,avg,35078.00
147,1780554451323170560,1780554452323170560,Usage Completion Tokens,tokens,avg,340.00
147,1780554451323170560,1780554452323170560,Usage Completion Tokens,tokens,min,340.00
147,1780554451323170560,1780554452323170560,Usage Completion Tokens,tokens,max,340.00
147,1780554451323170560,1780554452323170560,Usage Completion Tokens,tokens,sum,340.00
147,1780554451323170560,1780554452323170560,Usage Completion Tokens,tokens,p1,340.00
147,1780554451323170560,1780554452323170560,Usage Completion Tokens,tokens,p5,340.00
147,1780554451323170560,1780554452323170560,Usage Completion Tokens,tokens,p10,340.00
147,1780554451323170560,1780554452323170560,Usage Completion Tokens,tokens,p25,340.00
147,1780554451323170560,1780554452323170560,Usage Completion Tokens,tokens,p50,340.00
147,1780554451323170560,1780554452323170560,Usage Completion Tokens,tokens,p75,340.00
147,1780554451323170560,1780554452323170560,Usage Completion Tokens,tokens,p90,340.00
147,1780554451323170560,1780554452323170560,Usage Completion Tokens,tokens,p95,340.00
147,1780554451323170560,1780554452323170560,Usage Completion Tokens,tokens,p99,340.00
147,1780554451323170560,1780554452323170560,Usage Completion Tokens,tokens,std,0.00
147,1780554451323170560,1780554452323170560,Usage Prompt Tokens,tokens,avg,34738.00
147,1780554451323170560,1780554452323170560,Usage Prompt Tokens,tokens,min,34738.00
147,1780554451323170560,1780554452323170560,Usage Prompt Tokens,tokens,max,34738.00
147,1780554451323170560,1780554452323170560,Usage Prompt Tokens,tokens,sum,34738.00
147,1780554451323170560,1780554452323170560,Usage Prompt Tokens,tokens,p1,34738.00
147,1780554451323170560,1780554452323170560,Usage Prompt Tokens,tokens,p5,34738.00
147,1780554451323170560,1780554452323170560,Usage Prompt Tokens,tokens,p10,34738.00
147,1780554451323170560,1780554452323170560,Usage Prompt Tokens,tokens,p25,34738.00
147,1780554451323170560,1780554452323170560,Usage Prompt Tokens,tokens,p50,34738.00
147,1780554451323170560,1780554452323170560,Usage Prompt Tokens,tokens,p75,34738.00
147,1780554451323170560,1780554452323170560,Usage Prompt Tokens,tokens,p90,34738.00
147,1780554451323170560,1780554452323170560,Usage Prompt Tokens,tokens,p95,34738.00
147,1780554451323170560,1780554452323170560,Usage Prompt Tokens,tokens,p99,34738.00
147,1780554451323170560,1780554452323170560,Usage Prompt Tokens,tokens,std,0.00
147,1780554451323170560,1780554452323170560,Usage Total Tokens,tokens,avg,35078.00
147,1780554451323170560,1780554452323170560,Usage Total Tokens,tokens,min,35078.00
147,1780554451323170560,1780554452323170560,Usage Total Tokens,tokens,max,35078.00
147,1780554451323170560,1780554452323170560,Usage Total Tokens,tokens,sum,35078.00
147,1780554451323170560,1780554452323170560,Usage Total Tokens,tokens,p1,35078.00
147,1780554451323170560,1780554452323170560,Usage Total Tokens,tokens,p5,35078.00
147,1780554451323170560,1780554452323170560,Usage Total Tokens,tokens,p10,35078.00
147,1780554451323170560,1780554452323170560,Usage Total Tokens,tokens,p25,35078.00
147,1780554451323170560,1780554452323170560,Usage Total Tokens,tokens,p50,35078.00
147,1780554451323170560,1780554452323170560,Usage Total Tokens,tokens,p75,35078.00
147,1780554451323170560,1780554452323170560,Usage Total Tokens,tokens,p90,35078.00
147,1780554451323170560,1780554452323170560,Usage Total Tokens,tokens,p95,35078.00
147,1780554451323170560,1780554452323170560,Usage Total Tokens,tokens,p99,35078.00
147,1780554451323170560,1780554452323170560,Usage Total Tokens,tokens,std,0.00
148,1780554453323170560,1780554454323170560,Active Decode Throughput,tokens/sec,avg,78.16
148,1780554453323170560,1780554454323170560,Active Decode Throughput,tokens/sec,min,63.67
148,1780554453323170560,1780554454323170560,Active Decode Throughput,tokens/sec,max,92.64
148,1780554453323170560,1780554454323170560,Active Decode Throughput,tokens/sec,p50,78.15
148,1780554453323170560,1780554454323170560,Active Decode Throughput,tokens/sec,p90,78.19
148,1780554453323170560,1780554454323170560,Active Decode Throughput,tokens/sec,p95,78.19
148,1780554453323170560,1780554454323170560,Active Decode Throughput,tokens/sec,p99,78.19
148,1780554453323170560,1780554454323170560,Active Decode Throughput,tokens/sec,std,0.03
148,1780554453323170560,1780554454323170560,Active Decode Throughput Per User,tokens/sec/user,avg,8.68
148,1780554453323170560,1780554454323170560,Active Decode Throughput Per User,tokens/sec/user,min,7.07
148,1780554453323170560,1780554454323170560,Active Decode Throughput Per User,tokens/sec/user,max,10.29
148,1780554453323170560,1780554454323170560,Active Decode Throughput Per User,tokens/sec/user,p50,8.68
148,1780554453323170560,1780554454323170560,Active Decode Throughput Per User,tokens/sec/user,p90,8.69
148,1780554453323170560,1780554454323170560,Active Decode Throughput Per User,tokens/sec/user,p95,8.69
148,1780554453323170560,1780554454323170560,Active Decode Throughput Per User,tokens/sec/user,p99,8.69
148,1780554453323170560,1780554454323170560,Active Decode Throughput Per User,tokens/sec/user,std,0.00
148,1780554453323170560,1780554454323170560,Active Prefill Throughput,tokens/sec,avg,60916.98
148,1780554453323170560,1780554454323170560,Active Prefill Throughput,tokens/sec,min,60916.98
148,1780554453323170560,1780554454323170560,Active Prefill Throughput,tokens/sec,max,60916.98
148,1780554453323170560,1780554454323170560,Active Prefill Throughput,tokens/sec,p50,60916.98
148,1780554453323170560,1780554454323170560,Active Prefill Throughput,tokens/sec,p90,60916.98
148,1780554453323170560,1780554454323170560,Active Prefill Throughput,tokens/sec,p95,60916.98
148,1780554453323170560,1780554454323170560,Active Prefill Throughput,tokens/sec,p99,60916.98
148,1780554453323170560,1780554454323170560,Active Prefill Throughput,tokens/sec,std,0.00
148,1780554453323170560,1780554454323170560,Active Prefill Throughput Per User,tokens/sec/user,avg,60916.98
148,1780554453323170560,1780554454323170560,Active Prefill Throughput Per User,tokens/sec/user,min,60916.98
148,1780554453323170560,1780554454323170560,Active Prefill Throughput Per User,tokens/sec/user,max,60916.98
148,1780554453323170560,1780554454323170560,Active Prefill Throughput Per User,tokens/sec/user,p50,60916.98
148,1780554453323170560,1780554454323170560,Active Prefill Throughput Per User,tokens/sec/user,p90,60916.98
148,1780554453323170560,1780554454323170560,Active Prefill Throughput Per User,tokens/sec/user,p95,60916.98
148,1780554453323170560,1780554454323170560,Active Prefill Throughput Per User,tokens/sec/user,p99,60916.98
148,1780554453323170560,1780554454323170560,Active Prefill Throughput Per User,tokens/sec/user,std,0.00
148,1780554453323170560,1780554454323170560,Active Total Throughput,tokens/sec,avg,22672.52
148,1780554453323170560,1780554454323170560,Active Total Throughput,tokens/sec,min,94.13
148,1780554453323170560,1780554454323170560,Active Total Throughput,tokens/sec,max,61011.11
148,1780554453323170560,1780554454323170560,Active Total Throughput,tokens/sec,p50,94.13
148,1780554453323170560,1780554454323170560,Active Total Throughput,tokens/sec,p90,61011.11
148,1780554453323170560,1780554454323170560,Active Total Throughput,tokens/sec,p95,61011.11
148,1780554453323170560,1780554454323170560,Active Total Throughput,tokens/sec,p99,61011.11
148,1780554453323170560,1780554454323170560,Active Total Throughput,tokens/sec,std,29421.48
148,1780554453323170560,1780554454323170560,Benchmark Duration,sec,avg,38.31
148,1780554453323170560,1780554454323170560,E2E Output Token Throughput,tokens/sec/user,avg,8.51
148,1780554453323170560,1780554454323170560,E2E Output Token Throughput,tokens/sec/user,min,8.51
148,1780554453323170560,1780554454323170560,E2E Output Token Throughput,tokens/sec/user,max,8.51
148,1780554453323170560,1780554454323170560,E2E Output Token Throughput,tokens/sec/user,sum,8.51
148,1780554453323170560,1780554454323170560,E2E Output Token Throughput,tokens/sec/user,p1,8.51
148,1780554453323170560,1780554454323170560,E2E Output Token Throughput,tokens/sec/user,p5,8.51
148,1780554453323170560,1780554454323170560,E2E Output Token Throughput,tokens/sec/user,p10,8.51
148,1780554453323170560,1780554454323170560,E2E Output Token Throughput,tokens/sec/user,p25,8.51
148,1780554453323170560,1780554454323170560,E2E Output Token Throughput,tokens/sec/user,p50,8.51
148,1780554453323170560,1780554454323170560,E2E Output Token Throughput,tokens/sec/user,p75,8.51
148,1780554453323170560,1780554454323170560,E2E Output Token Throughput,tokens/sec/user,p90,8.51
148,1780554453323170560,1780554454323170560,E2E Output Token Throughput,tokens/sec/user,p95,8.51
148,1780554453323170560,1780554454323170560,E2E Output Token Throughput,tokens/sec/user,p99,8.51
148,1780554453323170560,1780554454323170560,E2E Output Token Throughput,tokens/sec/user,std,0.00
148,1780554453323170560,1780554454323170560,Effective Concurrency,requests,avg,9.37
148,1780554453323170560,1780554454323170560,Effective Concurrency,requests,min,9.00
148,1780554453323170560,1780554454323170560,Effective Concurrency,requests,max,10.00
148,1780554453323170560,1780554454323170560,Effective Concurrency,requests,p50,9.00
148,1780554453323170560,1780554454323170560,Effective Concurrency,requests,p90,10.00
148,1780554453323170560,1780554454323170560,Effective Concurrency,requests,p95,10.00
148,1780554453323170560,1780554454323170560,Effective Concurrency,requests,p99,10.00
148,1780554453323170560,1780554454323170560,Effective Concurrency,requests,std,0.48
148,1780554453323170560,1780554454323170560,Effective Decode Concurrency,requests,avg,9.00
148,1780554453323170560,1780554454323170560,Effective Decode Concurrency,requests,min,9.00
148,1780554453323170560,1780554454323170560,Effective Decode Concurrency,requests,max,9.00
148,1780554453323170560,1780554454323170560,Effective Decode Concurrency,requests,p50,9.00
148,1780554453323170560,1780554454323170560,Effective Decode Concurrency,requests,p90,9.00
148,1780554453323170560,1780554454323170560,Effective Decode Concurrency,requests,p95,9.00
148,1780554453323170560,1780554454323170560,Effective Decode Concurrency,requests,p99,9.00
148,1780554453323170560,1780554454323170560,Effective Decode Concurrency,requests,std,0.00
148,1780554453323170560,1780554454323170560,Effective Decode Throughput,tokens/sec,avg,78.16
148,1780554453323170560,1780554454323170560,Effective Decode Throughput,tokens/sec,min,63.67
148,1780554453323170560,1780554454323170560,Effective Decode Throughput,tokens/sec,max,92.64
148,1780554453323170560,1780554454323170560,Effective Decode Throughput,tokens/sec,p50,78.15
148,1780554453323170560,1780554454323170560,Effective Decode Throughput,tokens/sec,p90,78.19
148,1780554453323170560,1780554454323170560,Effective Decode Throughput,tokens/sec,p95,78.19
148,1780554453323170560,1780554454323170560,Effective Decode Throughput,tokens/sec,p99,78.19
148,1780554453323170560,1780554454323170560,Effective Decode Throughput,tokens/sec,std,0.03
148,1780554453323170560,1780554454323170560,Effective Decode Throughput Per User,tokens/sec/user,avg,8.68
148,1780554453323170560,1780554454323170560,Effective Decode Throughput Per User,tokens/sec/user,min,7.07
148,1780554453323170560,1780554454323170560,Effective Decode Throughput Per User,tokens/sec/user,max,10.29
148,1780554453323170560,1780554454323170560,Effective Decode Throughput Per User,tokens/sec/user,p50,8.68
148,1780554453323170560,1780554454323170560,Effective Decode Throughput Per User,tokens/sec/user,p90,8.69
148,1780554453323170560,1780554454323170560,Effective Decode Throughput Per User,tokens/sec/user,p95,8.69
148,1780554453323170560,1780554454323170560,Effective Decode Throughput Per User,tokens/sec/user,p99,8.69
148,1780554453323170560,1780554454323170560,Effective Decode Throughput Per User,tokens/sec/user,std,0.00
148,1780554453323170560,1780554454323170560,Effective Prefill Concurrency,requests,avg,0.37
148,1780554453323170560,1780554454323170560,Effective Prefill Concurrency,requests,min,0.00
148,1780554453323170560,1780554454323170560,Effective Prefill Concurrency,requests,max,1.00
148,1780554453323170560,1780554454323170560,Effective Prefill Concurrency,requests,p50,0.00
148,1780554453323170560,1780554454323170560,Effective Prefill Concurrency,requests,p90,1.00
148,1780554453323170560,1780554454323170560,Effective Prefill Concurrency,requests,p95,1.00
148,1780554453323170560,1780554454323170560,Effective Prefill Concurrency,requests,p99,1.00
148,1780554453323170560,1780554454323170560,Effective Prefill Concurrency,requests,std,0.48
148,1780554453323170560,1780554454323170560,Effective Prefill Throughput,tokens/sec,avg,22578.39
148,1780554453323170560,1780554454323170560,Effective Prefill Throughput,tokens/sec,min,0.00
148,1780554453323170560,1780554454323170560,Effective Prefill Throughput,tokens/sec,max,60916.98
148,1780554453323170560,1780554454323170560,Effective Prefill Throughput,tokens/sec,p50,0.00
148,1780554453323170560,1780554454323170560,Effective Prefill Throughput,tokens/sec,p90,60916.98
148,1780554453323170560,1780554454323170560,Effective Prefill Throughput,tokens/sec,p95,60916.98
148,1780554453323170560,1780554454323170560,Effective Prefill Throughput,tokens/sec,p99,60916.98
148,1780554453323170560,1780554454323170560,Effective Prefill Throughput,tokens/sec,std,29421.48
148,1780554453323170560,1780554454323170560,Effective Prefill Throughput Per User,tokens/sec/user,avg,22578.39
148,1780554453323170560,1780554454323170560,Effective Prefill Throughput Per User,tokens/sec/user,min,0.00
148,1780554453323170560,1780554454323170560,Effective Prefill Throughput Per User,tokens/sec/user,max,60916.98
148,1780554453323170560,1780554454323170560,Effective Prefill Throughput Per User,tokens/sec/user,p50,0.00
148,1780554453323170560,1780554454323170560,Effective Prefill Throughput Per User,tokens/sec/user,p90,60916.98
148,1780554453323170560,1780554454323170560,Effective Prefill Throughput Per User,tokens/sec/user,p95,60916.98
148,1780554453323170560,1780554454323170560,Effective Prefill Throughput Per User,tokens/sec/user,p99,60916.98
148,1780554453323170560,1780554454323170560,Effective Prefill Throughput Per User,tokens/sec/user,std,29421.48
148,1780554453323170560,1780554454323170560,Effective Total Throughput,tokens/sec,avg,22672.52
148,1780554453323170560,1780554454323170560,Effective Total Throughput,tokens/sec,min,94.13
148,1780554453323170560,1780554454323170560,Effective Total Throughput,tokens/sec,max,61011.11
148,1780554453323170560,1780554454323170560,Effective Total Throughput,tokens/sec,p50,94.13
148,1780554453323170560,1780554454323170560,Effective Total Throughput,tokens/sec,p90,61011.11
148,1780554453323170560,1780554454323170560,Effective Total Throughput,tokens/sec,p95,61011.11
148,1780554453323170560,1780554454323170560,Effective Total Throughput,tokens/sec,p99,61011.11
148,1780554453323170560,1780554454323170560,Effective Total Throughput,tokens/sec,std,29421.48
148,1780554453323170560,1780554454323170560,HTTP Blocked,ms,avg,0.00
148,1780554453323170560,1780554454323170560,HTTP Blocked,ms,min,0.00
148,1780554453323170560,1780554454323170560,HTTP Blocked,ms,max,0.00
148,1780554453323170560,1780554454323170560,HTTP Blocked,ms,sum,0.00
148,1780554453323170560,1780554454323170560,HTTP Blocked,ms,p1,0.00
148,1780554453323170560,1780554454323170560,HTTP Blocked,ms,p5,0.00
148,1780554453323170560,1780554454323170560,HTTP Blocked,ms,p10,0.00
148,1780554453323170560,1780554454323170560,HTTP Blocked,ms,p25,0.00
148,1780554453323170560,1780554454323170560,HTTP Blocked,ms,p50,0.00
148,1780554453323170560,1780554454323170560,HTTP Blocked,ms,p75,0.00
148,1780554453323170560,1780554454323170560,HTTP Blocked,ms,p90,0.00
148,1780554453323170560,1780554454323170560,HTTP Blocked,ms,p95,0.00
148,1780554453323170560,1780554454323170560,HTTP Blocked,ms,p99,0.00
148,1780554453323170560,1780554454323170560,HTTP Blocked,ms,std,0.00
148,1780554453323170560,1780554454323170560,HTTP Chunks Received,count,avg,326.00
148,1780554453323170560,1780554454323170560,HTTP Chunks Received,count,min,326.00
148,1780554453323170560,1780554454323170560,HTTP Chunks Received,count,max,326.00
148,1780554453323170560,1780554454323170560,HTTP Chunks Received,count,sum,326.00
148,1780554453323170560,1780554454323170560,HTTP Chunks Received,count,p1,326.00
148,1780554453323170560,1780554454323170560,HTTP Chunks Received,count,p5,326.00
148,1780554453323170560,1780554454323170560,HTTP Chunks Received,count,p10,326.00
148,1780554453323170560,1780554454323170560,HTTP Chunks Received,count,p25,326.00
148,1780554453323170560,1780554454323170560,HTTP Chunks Received,count,p50,326.00
148,1780554453323170560,1780554454323170560,HTTP Chunks Received,count,p75,326.00
148,1780554453323170560,1780554454323170560,HTTP Chunks Received,count,p90,326.00
148,1780554453323170560,1780554454323170560,HTTP Chunks Received,count,p95,326.00
148,1780554453323170560,1780554454323170560,HTTP Chunks Received,count,p99,326.00
148,1780554453323170560,1780554454323170560,HTTP Chunks Received,count,std,0.00
148,1780554453323170560,1780554454323170560,HTTP Chunks Sent,count,avg,1.00
148,1780554453323170560,1780554454323170560,HTTP Chunks Sent,count,min,1.00
148,1780554453323170560,1780554454323170560,HTTP Chunks Sent,count,max,1.00
148,1780554453323170560,1780554454323170560,HTTP Chunks Sent,count,sum,1.00
148,1780554453323170560,1780554454323170560,HTTP Chunks Sent,count,p1,1.00
148,1780554453323170560,1780554454323170560,HTTP Chunks Sent,count,p5,1.00
148,1780554453323170560,1780554454323170560,HTTP Chunks Sent,count,p10,1.00
148,1780554453323170560,1780554454323170560,HTTP Chunks Sent,count,p25,1.00
148,1780554453323170560,1780554454323170560,HTTP Chunks Sent,count,p50,1.00
148,1780554453323170560,1780554454323170560,HTTP Chunks Sent,count,p75,1.00
148,1780554453323170560,1780554454323170560,HTTP Chunks Sent,count,p90,1.00
148,1780554453323170560,1780554454323170560,HTTP Chunks Sent,count,p95,1.00
148,1780554453323170560,1780554454323170560,HTTP Chunks Sent,count,p99,1.00
148,1780554453323170560,1780554454323170560,HTTP Chunks Sent,count,std,0.00
148,1780554453323170560,1780554454323170560,HTTP Connecting,ms,avg,0.00
148,1780554453323170560,1780554454323170560,HTTP Connecting,ms,min,0.00
148,1780554453323170560,1780554454323170560,HTTP Connecting,ms,max,0.00
148,1780554453323170560,1780554454323170560,HTTP Connecting,ms,sum,0.00
148,1780554453323170560,1780554454323170560,HTTP Connecting,ms,p1,0.00
148,1780554453323170560,1780554454323170560,HTTP Connecting,ms,p5,0.00
148,1780554453323170560,1780554454323170560,HTTP Connecting,ms,p10,0.00
148,1780554453323170560,1780554454323170560,HTTP Connecting,ms,p25,0.00
148,1780554453323170560,1780554454323170560,HTTP Connecting,ms,p50,0.00
148,1780554453323170560,1780554454323170560,HTTP Connecting,ms,p75,0.00
148,1780554453323170560,1780554454323170560,HTTP Connecting,ms,p90,0.00
148,1780554453323170560,1780554454323170560,HTTP Connecting,ms,p95,0.00
148,1780554453323170560,1780554454323170560,HTTP Connecting,ms,p99,0.00
148,1780554453323170560,1780554454323170560,HTTP Connecting,ms,std,0.00
148,1780554453323170560,1780554454323170560,HTTP Connection Overhead,ms,avg,0.00
148,1780554453323170560,1780554454323170560,HTTP Connection Overhead,ms,min,0.00
148,1780554453323170560,1780554454323170560,HTTP Connection Overhead,ms,max,0.00
148,1780554453323170560,1780554454323170560,HTTP Connection Overhead,ms,sum,0.00
148,1780554453323170560,1780554454323170560,HTTP Connection Overhead,ms,p1,0.00
148,1780554453323170560,1780554454323170560,HTTP Connection Overhead,ms,p5,0.00
148,1780554453323170560,1780554454323170560,HTTP Connection Overhead,ms,p10,0.00
148,1780554453323170560,1780554454323170560,HTTP Connection Overhead,ms,p25,0.00
148,1780554453323170560,1780554454323170560,HTTP Connection Overhead,ms,p50,0.00
148,1780554453323170560,1780554454323170560,HTTP Connection Overhead,ms,p75,0.00
148,1780554453323170560,1780554454323170560,HTTP Connection Overhead,ms,p90,0.00
148,1780554453323170560,1780554454323170560,HTTP Connection Overhead,ms,p95,0.00
148,1780554453323170560,1780554454323170560,HTTP Connection Overhead,ms,p99,0.00
148,1780554453323170560,1780554454323170560,HTTP Connection Overhead,ms,std,0.00
148,1780554453323170560,1780554454323170560,HTTP Connection Reused,ratio,avg,1.00
148,1780554453323170560,1780554454323170560,HTTP Connection Reused,ratio,min,1.00
148,1780554453323170560,1780554454323170560,HTTP Connection Reused,ratio,max,1.00
148,1780554453323170560,1780554454323170560,HTTP Connection Reused,ratio,sum,1.00
148,1780554453323170560,1780554454323170560,HTTP Connection Reused,ratio,p1,1.00
148,1780554453323170560,1780554454323170560,HTTP Connection Reused,ratio,p5,1.00
148,1780554453323170560,1780554454323170560,HTTP Connection Reused,ratio,p10,1.00
148,1780554453323170560,1780554454323170560,HTTP Connection Reused,ratio,p25,1.00
148,1780554453323170560,1780554454323170560,HTTP Connection Reused,ratio,p50,1.00
148,1780554453323170560,1780554454323170560,HTTP Connection Reused,ratio,p75,1.00
148,1780554453323170560,1780554454323170560,HTTP Connection Reused,ratio,p90,1.00
148,1780554453323170560,1780554454323170560,HTTP Connection Reused,ratio,p95,1.00
148,1780554453323170560,1780554454323170560,HTTP Connection Reused,ratio,p99,1.00
148,1780554453323170560,1780554454323170560,HTTP Connection Reused,ratio,std,0.00
148,1780554453323170560,1780554454323170560,HTTP Data Received,KB,avg,81.59
148,1780554453323170560,1780554454323170560,HTTP Data Received,KB,min,81.59
148,1780554453323170560,1780554454323170560,HTTP Data Received,KB,max,81.59
148,1780554453323170560,1780554454323170560,HTTP Data Received,KB,sum,81.59
148,1780554453323170560,1780554454323170560,HTTP Data Received,KB,p1,81.59
148,1780554453323170560,1780554454323170560,HTTP Data Received,KB,p5,81.59
148,1780554453323170560,1780554454323170560,HTTP Data Received,KB,p10,81.59
148,1780554453323170560,1780554454323170560,HTTP Data Received,KB,p25,81.59
148,1780554453323170560,1780554454323170560,HTTP Data Received,KB,p50,81.59
148,1780554453323170560,1780554454323170560,HTTP Data Received,KB,p75,81.59
148,1780554453323170560,1780554454323170560,HTTP Data Received,KB,p90,81.59
148,1780554453323170560,1780554454323170560,HTTP Data Received,KB,p95,81.59
148,1780554453323170560,1780554454323170560,HTTP Data Received,KB,p99,81.59
148,1780554453323170560,1780554454323170560,HTTP Data Received,KB,std,0.00
148,1780554453323170560,1780554454323170560,HTTP Data Sent,KB,avg,210.03
148,1780554453323170560,1780554454323170560,HTTP Data Sent,KB,min,210.03
148,1780554453323170560,1780554454323170560,HTTP Data Sent,KB,max,210.03
148,1780554453323170560,1780554454323170560,HTTP Data Sent,KB,sum,210.03
148,1780554453323170560,1780554454323170560,HTTP Data Sent,KB,p1,210.03
148,1780554453323170560,1780554454323170560,HTTP Data Sent,KB,p5,210.03
148,1780554453323170560,1780554454323170560,HTTP Data Sent,KB,p10,210.03
148,1780554453323170560,1780554454323170560,HTTP Data Sent,KB,p25,210.03
148,1780554453323170560,1780554454323170560,HTTP Data Sent,KB,p50,210.03
148,1780554453323170560,1780554454323170560,HTTP Data Sent,KB,p75,210.03
148,1780554453323170560,1780554454323170560,HTTP Data Sent,KB,p90,210.03
148,1780554453323170560,1780554454323170560,HTTP Data Sent,KB,p95,210.03
148,1780554453323170560,1780554454323170560,HTTP Data Sent,KB,p99,210.03
148,1780554453323170560,1780554454323170560,HTTP Data Sent,KB,std,0.00
148,1780554453323170560,1780554454323170560,HTTP DNS Lookup,ms,avg,0.00
148,1780554453323170560,1780554454323170560,HTTP DNS Lookup,ms,min,0.00
148,1780554453323170560,1780554454323170560,HTTP DNS Lookup,ms,max,0.00
148,1780554453323170560,1780554454323170560,HTTP DNS Lookup,ms,sum,0.00
148,1780554453323170560,1780554454323170560,HTTP DNS Lookup,ms,p1,0.00
148,1780554453323170560,1780554454323170560,HTTP DNS Lookup,ms,p5,0.00
148,1780554453323170560,1780554454323170560,HTTP DNS Lookup,ms,p10,0.00
148,1780554453323170560,1780554454323170560,HTTP DNS Lookup,ms,p25,0.00
148,1780554453323170560,1780554454323170560,HTTP DNS Lookup,ms,p50,0.00
148,1780554453323170560,1780554454323170560,HTTP DNS Lookup,ms,p75,0.00
148,1780554453323170560,1780554454323170560,HTTP DNS Lookup,ms,p90,0.00
148,1780554453323170560,1780554454323170560,HTTP DNS Lookup,ms,p95,0.00
148,1780554453323170560,1780554454323170560,HTTP DNS Lookup,ms,p99,0.00
148,1780554453323170560,1780554454323170560,HTTP DNS Lookup,ms,std,0.00
148,1780554453323170560,1780554454323170560,HTTP Duration (excl. conn),ms,avg,38309.26
148,1780554453323170560,1780554454323170560,HTTP Duration (excl. conn),ms,min,38309.26
148,1780554453323170560,1780554454323170560,HTTP Duration (excl. conn),ms,max,38309.26
148,1780554453323170560,1780554454323170560,HTTP Duration (excl. conn),ms,sum,38309.26
148,1780554453323170560,1780554454323170560,HTTP Duration (excl. conn),ms,p1,38309.26
148,1780554453323170560,1780554454323170560,HTTP Duration (excl. conn),ms,p5,38309.26
148,1780554453323170560,1780554454323170560,HTTP Duration (excl. conn),ms,p10,38309.26
148,1780554453323170560,1780554454323170560,HTTP Duration (excl. conn),ms,p25,38309.26
148,1780554453323170560,1780554454323170560,HTTP Duration (excl. conn),ms,p50,38309.26
148,1780554453323170560,1780554454323170560,HTTP Duration (excl. conn),ms,p75,38309.26
148,1780554453323170560,1780554454323170560,HTTP Duration (excl. conn),ms,p90,38309.26
148,1780554453323170560,1780554454323170560,HTTP Duration (excl. conn),ms,p95,38309.26
148,1780554453323170560,1780554454323170560,HTTP Duration (excl. conn),ms,p99,38309.26
148,1780554453323170560,1780554454323170560,HTTP Duration (excl. conn),ms,std,0.00
148,1780554453323170560,1780554454323170560,HTTP Receiving,ms,avg,37419.99
148,1780554453323170560,1780554454323170560,HTTP Receiving,ms,min,37419.99
148,1780554453323170560,1780554454323170560,HTTP Receiving,ms,max,37419.99
148,1780554453323170560,1780554454323170560,HTTP Receiving,ms,sum,37419.99
148,1780554453323170560,1780554454323170560,HTTP Receiving,ms,p1,37419.99
148,1780554453323170560,1780554454323170560,HTTP Receiving,ms,p5,37419.99
148,1780554453323170560,1780554454323170560,HTTP Receiving,ms,p10,37419.99
148,1780554453323170560,1780554454323170560,HTTP Receiving,ms,p25,37419.99
148,1780554453323170560,1780554454323170560,HTTP Receiving,ms,p50,37419.99
148,1780554453323170560,1780554454323170560,HTTP Receiving,ms,p75,37419.99
148,1780554453323170560,1780554454323170560,HTTP Receiving,ms,p90,37419.99
148,1780554453323170560,1780554454323170560,HTTP Receiving,ms,p95,37419.99
148,1780554453323170560,1780554454323170560,HTTP Receiving,ms,p99,37419.99
148,1780554453323170560,1780554454323170560,HTTP Receiving,ms,std,0.00
148,1780554453323170560,1780554454323170560,HTTP Sending,ms,avg,0.25
148,1780554453323170560,1780554454323170560,HTTP Sending,ms,min,0.25
148,1780554453323170560,1780554454323170560,HTTP Sending,ms,max,0.25
148,1780554453323170560,1780554454323170560,HTTP Sending,ms,sum,0.25
148,1780554453323170560,1780554454323170560,HTTP Sending,ms,p1,0.25
148,1780554453323170560,1780554454323170560,HTTP Sending,ms,p5,0.25
148,1780554453323170560,1780554454323170560,HTTP Sending,ms,p10,0.25
148,1780554453323170560,1780554454323170560,HTTP Sending,ms,p25,0.25
148,1780554453323170560,1780554454323170560,HTTP Sending,ms,p50,0.25
148,1780554453323170560,1780554454323170560,HTTP Sending,ms,p75,0.25
148,1780554453323170560,1780554454323170560,HTTP Sending,ms,p90,0.25
148,1780554453323170560,1780554454323170560,HTTP Sending,ms,p95,0.25
148,1780554453323170560,1780554454323170560,HTTP Sending,ms,p99,0.25
148,1780554453323170560,1780554454323170560,HTTP Sending,ms,std,0.00
148,1780554453323170560,1780554454323170560,HTTP Total Time,ms,avg,38309.26
148,1780554453323170560,1780554454323170560,HTTP Total Time,ms,min,38309.26
148,1780554453323170560,1780554454323170560,HTTP Total Time,ms,max,38309.26
148,1780554453323170560,1780554454323170560,HTTP Total Time,ms,sum,38309.26
148,1780554453323170560,1780554454323170560,HTTP Total Time,ms,p1,38309.26
148,1780554453323170560,1780554454323170560,HTTP Total Time,ms,p5,38309.26
148,1780554453323170560,1780554454323170560,HTTP Total Time,ms,p10,38309.26
148,1780554453323170560,1780554454323170560,HTTP Total Time,ms,p25,38309.26
148,1780554453323170560,1780554454323170560,HTTP Total Time,ms,p50,38309.26
148,1780554453323170560,1780554454323170560,HTTP Total Time,ms,p75,38309.26
148,1780554453323170560,1780554454323170560,HTTP Total Time,ms,p90,38309.26
148,1780554453323170560,1780554454323170560,HTTP Total Time,ms,p95,38309.26
148,1780554453323170560,1780554454323170560,HTTP Total Time,ms,p99,38309.26
148,1780554453323170560,1780554454323170560,HTTP Total Time,ms,std,0.00
148,1780554453323170560,1780554454323170560,HTTP Waiting (TTFB),ms,avg,889.03
148,1780554453323170560,1780554454323170560,HTTP Waiting (TTFB),ms,min,889.03
148,1780554453323170560,1780554454323170560,HTTP Waiting (TTFB),ms,max,889.03
148,1780554453323170560,1780554454323170560,HTTP Waiting (TTFB),ms,sum,889.03
148,1780554453323170560,1780554454323170560,HTTP Waiting (TTFB),ms,p1,889.03
148,1780554453323170560,1780554454323170560,HTTP Waiting (TTFB),ms,p5,889.03
148,1780554453323170560,1780554454323170560,HTTP Waiting (TTFB),ms,p10,889.03
148,1780554453323170560,1780554454323170560,HTTP Waiting (TTFB),ms,p25,889.03
148,1780554453323170560,1780554454323170560,HTTP Waiting (TTFB),ms,p50,889.03
148,1780554453323170560,1780554454323170560,HTTP Waiting (TTFB),ms,p75,889.03
148,1780554453323170560,1780554454323170560,HTTP Waiting (TTFB),ms,p90,889.03
148,1780554453323170560,1780554454323170560,HTTP Waiting (TTFB),ms,p95,889.03
148,1780554453323170560,1780554454323170560,HTTP Waiting (TTFB),ms,p99,889.03
148,1780554453323170560,1780554454323170560,HTTP Waiting (TTFB),ms,std,0.00
148,1780554453323170560,1780554454323170560,Input Sequence Length,tokens,avg,54180.00
148,1780554453323170560,1780554454323170560,Input Sequence Length,tokens,min,54180.00
148,1780554453323170560,1780554454323170560,Input Sequence Length,tokens,max,54180.00
148,1780554453323170560,1780554454323170560,Input Sequence Length,tokens,sum,54180.00
148,1780554453323170560,1780554454323170560,Input Sequence Length,tokens,p1,54180.00
148,1780554453323170560,1780554454323170560,Input Sequence Length,tokens,p5,54180.00
148,1780554453323170560,1780554454323170560,Input Sequence Length,tokens,p10,54180.00
148,1780554453323170560,1780554454323170560,Input Sequence Length,tokens,p25,54180.00
148,1780554453323170560,1780554454323170560,Input Sequence Length,tokens,p50,54180.00
148,1780554453323170560,1780554454323170560,Input Sequence Length,tokens,p75,54180.00
148,1780554453323170560,1780554454323170560,Input Sequence Length,tokens,p90,54180.00
148,1780554453323170560,1780554454323170560,Input Sequence Length,tokens,p95,54180.00
148,1780554453323170560,1780554454323170560,Input Sequence Length,tokens,p99,54180.00
148,1780554453323170560,1780554454323170560,Input Sequence Length,tokens,std,0.00
148,1780554453323170560,1780554454323170560,Input Token Throughput,tokens/sec,avg,54180.00
148,1780554453323170560,1780554454323170560,Inter Chunk Latency,ms,avg,102.77
148,1780554453323170560,1780554454323170560,Inter Chunk Latency,ms,min,83.75
148,1780554453323170560,1780554454323170560,Inter Chunk Latency,ms,max,110.53
148,1780554453323170560,1780554454323170560,Inter Chunk Latency,ms,sum,33400.82
148,1780554453323170560,1780554454323170560,Inter Chunk Latency,ms,p1,84.86
148,1780554453323170560,1780554454323170560,Inter Chunk Latency,ms,p5,86.06
148,1780554453323170560,1780554454323170560,Inter Chunk Latency,ms,p10,87.43
148,1780554453323170560,1780554454323170560,Inter Chunk Latency,ms,p25,96.58
148,1780554453323170560,1780554454323170560,Inter Chunk Latency,ms,p50,107.26
148,1780554453323170560,1780554454323170560,Inter Chunk Latency,ms,p75,108.47
148,1780554453323170560,1780554454323170560,Inter Chunk Latency,ms,p90,109.34
148,1780554453323170560,1780554454323170560,Inter Chunk Latency,ms,p95,109.54
148,1780554453323170560,1780554454323170560,Inter Chunk Latency,ms,p99,110.18
148,1780554453323170560,1780554454323170560,Inter Chunk Latency,ms,std,8.19
148,1780554453323170560,1780554454323170560,Inter Token Latency,ms,avg,115.14
148,1780554453323170560,1780554454323170560,Inter Token Latency,ms,min,115.14
148,1780554453323170560,1780554454323170560,Inter Token Latency,ms,max,115.14
148,1780554453323170560,1780554454323170560,Inter Token Latency,ms,sum,115.14
148,1780554453323170560,1780554454323170560,Inter Token Latency,ms,p1,115.14
148,1780554453323170560,1780554454323170560,Inter Token Latency,ms,p5,115.14
148,1780554453323170560,1780554454323170560,Inter Token Latency,ms,p10,115.14
148,1780554453323170560,1780554454323170560,Inter Token Latency,ms,p25,115.14
148,1780554453323170560,1780554454323170560,Inter Token Latency,ms,p50,115.14
148,1780554453323170560,1780554454323170560,Inter Token Latency,ms,p75,115.14
148,1780554453323170560,1780554454323170560,Inter Token Latency,ms,p90,115.14
148,1780554453323170560,1780554454323170560,Inter Token Latency,ms,p95,115.14
148,1780554453323170560,1780554454323170560,Inter Token Latency,ms,p99,115.14
148,1780554453323170560,1780554454323170560,Inter Token Latency,ms,std,0.00
148,1780554453323170560,1780554454323170560,Maximum Response Timestamp,ns,avg,1780554492261901056.00
148,1780554453323170560,1780554454323170560,Minimum Request Timestamp,ns,avg,1780554453952528640.00
148,1780554453323170560,1780554454323170560,OSL Mismatch Count,requests,avg,0.00
148,1780554453323170560,1780554454323170560,OSL Mismatch Diff %,%,avg,0.00
148,1780554453323170560,1780554454323170560,OSL Mismatch Diff %,%,min,0.00
148,1780554453323170560,1780554454323170560,OSL Mismatch Diff %,%,max,0.00
148,1780554453323170560,1780554454323170560,OSL Mismatch Diff %,%,sum,0.00
148,1780554453323170560,1780554454323170560,OSL Mismatch Diff %,%,p1,0.00
148,1780554453323170560,1780554454323170560,OSL Mismatch Diff %,%,p5,0.00
148,1780554453323170560,1780554454323170560,OSL Mismatch Diff %,%,p10,0.00
148,1780554453323170560,1780554454323170560,OSL Mismatch Diff %,%,p25,0.00
148,1780554453323170560,1780554454323170560,OSL Mismatch Diff %,%,p50,0.00
148,1780554453323170560,1780554454323170560,OSL Mismatch Diff %,%,p75,0.00
148,1780554453323170560,1780554454323170560,OSL Mismatch Diff %,%,p90,0.00
148,1780554453323170560,1780554454323170560,OSL Mismatch Diff %,%,p95,0.00
148,1780554453323170560,1780554454323170560,OSL Mismatch Diff %,%,p99,0.00
148,1780554453323170560,1780554454323170560,OSL Mismatch Diff %,%,std,0.00
148,1780554453323170560,1780554454323170560,Output Sequence Length,tokens,avg,326.00
148,1780554453323170560,1780554454323170560,Output Sequence Length,tokens,min,326.00
148,1780554453323170560,1780554454323170560,Output Sequence Length,tokens,max,326.00
148,1780554453323170560,1780554454323170560,Output Sequence Length,tokens,sum,326.00
148,1780554453323170560,1780554454323170560,Output Sequence Length,tokens,p1,326.00
148,1780554453323170560,1780554454323170560,Output Sequence Length,tokens,p5,326.00
148,1780554453323170560,1780554454323170560,Output Sequence Length,tokens,p10,326.00
148,1780554453323170560,1780554454323170560,Output Sequence Length,tokens,p25,326.00
148,1780554453323170560,1780554454323170560,Output Sequence Length,tokens,p50,326.00
148,1780554453323170560,1780554454323170560,Output Sequence Length,tokens,p75,326.00
148,1780554453323170560,1780554454323170560,Output Sequence Length,tokens,p90,326.00
148,1780554453323170560,1780554454323170560,Output Sequence Length,tokens,p95,326.00
148,1780554453323170560,1780554454323170560,Output Sequence Length,tokens,p99,326.00
148,1780554453323170560,1780554454323170560,Output Sequence Length,tokens,std,0.00
148,1780554453323170560,1780554454323170560,Output Token Count,tokens,avg,326.00
148,1780554453323170560,1780554454323170560,Output Token Count,tokens,min,326.00
148,1780554453323170560,1780554454323170560,Output Token Count,tokens,max,326.00
148,1780554453323170560,1780554454323170560,Output Token Count,tokens,sum,326.00
148,1780554453323170560,1780554454323170560,Output Token Count,tokens,p1,326.00
148,1780554453323170560,1780554454323170560,Output Token Count,tokens,p5,326.00
148,1780554453323170560,1780554454323170560,Output Token Count,tokens,p10,326.00
148,1780554453323170560,1780554454323170560,Output Token Count,tokens,p25,326.00
148,1780554453323170560,1780554454323170560,Output Token Count,tokens,p50,326.00
148,1780554453323170560,1780554454323170560,Output Token Count,tokens,p75,326.00
148,1780554453323170560,1780554454323170560,Output Token Count,tokens,p90,326.00
148,1780554453323170560,1780554454323170560,Output Token Count,tokens,p95,326.00
148,1780554453323170560,1780554454323170560,Output Token Count,tokens,p99,326.00
148,1780554453323170560,1780554454323170560,Output Token Count,tokens,std,0.00
148,1780554453323170560,1780554454323170560,Output Token Throughput,tokens/sec,avg,326.00
148,1780554453323170560,1780554454323170560,Output Token Throughput Per User,tokens/sec/user,avg,8.69
148,1780554453323170560,1780554454323170560,Output Token Throughput Per User,tokens/sec/user,min,8.69
148,1780554453323170560,1780554454323170560,Output Token Throughput Per User,tokens/sec/user,max,8.69
148,1780554453323170560,1780554454323170560,Output Token Throughput Per User,tokens/sec/user,sum,8.69
148,1780554453323170560,1780554454323170560,Output Token Throughput Per User,tokens/sec/user,p1,8.69
148,1780554453323170560,1780554454323170560,Output Token Throughput Per User,tokens/sec/user,p5,8.69
148,1780554453323170560,1780554454323170560,Output Token Throughput Per User,tokens/sec/user,p10,8.69
148,1780554453323170560,1780554454323170560,Output Token Throughput Per User,tokens/sec/user,p25,8.69
148,1780554453323170560,1780554454323170560,Output Token Throughput Per User,tokens/sec/user,p50,8.69
148,1780554453323170560,1780554454323170560,Output Token Throughput Per User,tokens/sec/user,p75,8.69
148,1780554453323170560,1780554454323170560,Output Token Throughput Per User,tokens/sec/user,p90,8.69
148,1780554453323170560,1780554454323170560,Output Token Throughput Per User,tokens/sec/user,p95,8.69
148,1780554453323170560,1780554454323170560,Output Token Throughput Per User,tokens/sec/user,p99,8.69
148,1780554453323170560,1780554454323170560,Output Token Throughput Per User,tokens/sec/user,std,0.00
148,1780554453323170560,1780554454323170560,Prefill Throughput Per User,tokens/sec/user,avg,60916.97
148,1780554453323170560,1780554454323170560,Prefill Throughput Per User,tokens/sec/user,min,60916.97
148,1780554453323170560,1780554454323170560,Prefill Throughput Per User,tokens/sec/user,max,60916.97
148,1780554453323170560,1780554454323170560,Prefill Throughput Per User,tokens/sec/user,sum,60916.97
148,1780554453323170560,1780554454323170560,Prefill Throughput Per User,tokens/sec/user,p1,60916.97
148,1780554453323170560,1780554454323170560,Prefill Throughput Per User,tokens/sec/user,p5,60916.97
148,1780554453323170560,1780554454323170560,Prefill Throughput Per User,tokens/sec/user,p10,60916.97
148,1780554453323170560,1780554454323170560,Prefill Throughput Per User,tokens/sec/user,p25,60916.97
148,1780554453323170560,1780554454323170560,Prefill Throughput Per User,tokens/sec/user,p50,60916.97
148,1780554453323170560,1780554454323170560,Prefill Throughput Per User,tokens/sec/user,p75,60916.97
148,1780554453323170560,1780554454323170560,Prefill Throughput Per User,tokens/sec/user,p90,60916.97
148,1780554453323170560,1780554454323170560,Prefill Throughput Per User,tokens/sec/user,p95,60916.97
148,1780554453323170560,1780554454323170560,Prefill Throughput Per User,tokens/sec/user,p99,60916.97
148,1780554453323170560,1780554454323170560,Prefill Throughput Per User,tokens/sec/user,std,0.00
148,1780554453323170560,1780554454323170560,Request Count,requests,avg,1.00
148,1780554453323170560,1780554454323170560,Request Latency,ms,avg,38309.37
148,1780554453323170560,1780554454323170560,Request Latency,ms,min,38309.37
148,1780554453323170560,1780554454323170560,Request Latency,ms,max,38309.37
148,1780554453323170560,1780554454323170560,Request Latency,ms,sum,38309.37
148,1780554453323170560,1780554454323170560,Request Latency,ms,p1,38309.37
148,1780554453323170560,1780554454323170560,Request Latency,ms,p5,38309.37
148,1780554453323170560,1780554454323170560,Request Latency,ms,p10,38309.37
148,1780554453323170560,1780554454323170560,Request Latency,ms,p25,38309.37
148,1780554453323170560,1780554454323170560,Request Latency,ms,p50,38309.37
148,1780554453323170560,1780554454323170560,Request Latency,ms,p75,38309.37
148,1780554453323170560,1780554454323170560,Request Latency,ms,p90,38309.37
148,1780554453323170560,1780554454323170560,Request Latency,ms,p95,38309.37
148,1780554453323170560,1780554454323170560,Request Latency,ms,p99,38309.37
148,1780554453323170560,1780554454323170560,Request Latency,ms,std,0.00
148,1780554453323170560,1780554454323170560,Request Throughput,requests/sec,avg,1.00
148,1780554453323170560,1780554454323170560,Requested OSL,tokens,avg,326.00
148,1780554453323170560,1780554454323170560,Requested OSL,tokens,min,326.00
148,1780554453323170560,1780554454323170560,Requested OSL,tokens,max,326.00
148,1780554453323170560,1780554454323170560,Requested OSL,tokens,sum,326.00
148,1780554453323170560,1780554454323170560,Requested OSL,tokens,p1,326.00
148,1780554453323170560,1780554454323170560,Requested OSL,tokens,p5,326.00
148,1780554453323170560,1780554454323170560,Requested OSL,tokens,p10,326.00
148,1780554453323170560,1780554454323170560,Requested OSL,tokens,p25,326.00
148,1780554453323170560,1780554454323170560,Requested OSL,tokens,p50,326.00
148,1780554453323170560,1780554454323170560,Requested OSL,tokens,p75,326.00
148,1780554453323170560,1780554454323170560,Requested OSL,tokens,p90,326.00
148,1780554453323170560,1780554454323170560,Requested OSL,tokens,p95,326.00
148,1780554453323170560,1780554454323170560,Requested OSL,tokens,p99,326.00
148,1780554453323170560,1780554454323170560,Requested OSL,tokens,std,0.00
148,1780554453323170560,1780554454323170560,Time to First Output Token,ms,avg,889.41
148,1780554453323170560,1780554454323170560,Time to First Output Token,ms,min,889.41
148,1780554453323170560,1780554454323170560,Time to First Output Token,ms,max,889.41
148,1780554453323170560,1780554454323170560,Time to First Output Token,ms,sum,889.41
148,1780554453323170560,1780554454323170560,Time to First Output Token,ms,p1,889.41
148,1780554453323170560,1780554454323170560,Time to First Output Token,ms,p5,889.41
148,1780554453323170560,1780554454323170560,Time to First Output Token,ms,p10,889.41
148,1780554453323170560,1780554454323170560,Time to First Output Token,ms,p25,889.41
148,1780554453323170560,1780554454323170560,Time to First Output Token,ms,p50,889.41
148,1780554453323170560,1780554454323170560,Time to First Output Token,ms,p75,889.41
148,1780554453323170560,1780554454323170560,Time to First Output Token,ms,p90,889.41
148,1780554453323170560,1780554454323170560,Time to First Output Token,ms,p95,889.41
148,1780554453323170560,1780554454323170560,Time to First Output Token,ms,p99,889.41
148,1780554453323170560,1780554454323170560,Time to First Output Token,ms,std,0.00
148,1780554453323170560,1780554454323170560,Time to First Token,ms,avg,889.41
148,1780554453323170560,1780554454323170560,Time to First Token,ms,min,889.41
148,1780554453323170560,1780554454323170560,Time to First Token,ms,max,889.41
148,1780554453323170560,1780554454323170560,Time to First Token,ms,sum,889.41
148,1780554453323170560,1780554454323170560,Time to First Token,ms,p1,889.41
148,1780554453323170560,1780554454323170560,Time to First Token,ms,p5,889.41
148,1780554453323170560,1780554454323170560,Time to First Token,ms,p10,889.41
148,1780554453323170560,1780554454323170560,Time to First Token,ms,p25,889.41
148,1780554453323170560,1780554454323170560,Time to First Token,ms,p50,889.41
148,1780554453323170560,1780554454323170560,Time to First Token,ms,p75,889.41
148,1780554453323170560,1780554454323170560,Time to First Token,ms,p90,889.41
148,1780554453323170560,1780554454323170560,Time to First Token,ms,p95,889.41
148,1780554453323170560,1780554454323170560,Time to First Token,ms,p99,889.41
148,1780554453323170560,1780554454323170560,Time to First Token,ms,std,0.00
148,1780554453323170560,1780554454323170560,Time to Second Token,ms,avg,17.28
148,1780554453323170560,1780554454323170560,Time to Second Token,ms,min,17.28
148,1780554453323170560,1780554454323170560,Time to Second Token,ms,max,17.28
148,1780554453323170560,1780554454323170560,Time to Second Token,ms,sum,17.28
148,1780554453323170560,1780554454323170560,Time to Second Token,ms,p1,17.28
148,1780554453323170560,1780554454323170560,Time to Second Token,ms,p5,17.28
148,1780554453323170560,1780554454323170560,Time to Second Token,ms,p10,17.28
148,1780554453323170560,1780554454323170560,Time to Second Token,ms,p25,17.28
148,1780554453323170560,1780554454323170560,Time to Second Token,ms,p50,17.28
148,1780554453323170560,1780554454323170560,Time to Second Token,ms,p75,17.28
148,1780554453323170560,1780554454323170560,Time to Second Token,ms,p90,17.28
148,1780554453323170560,1780554454323170560,Time to Second Token,ms,p95,17.28
148,1780554453323170560,1780554454323170560,Time to Second Token,ms,p99,17.28
148,1780554453323170560,1780554454323170560,Time to Second Token,ms,std,0.00
148,1780554453323170560,1780554454323170560,Tokens In Flight,tokens,avg,723740.32
148,1780554453323170560,1780554454323170560,Tokens In Flight,tokens,min,703620.83
148,1780554453323170560,1780554454323170560,Tokens In Flight,tokens,max,757878.04
148,1780554453323170560,1780554454323170560,Tokens In Flight,tokens,p50,703659.37
148,1780554453323170560,1780554454323170560,Tokens In Flight,tokens,p90,757868.62
148,1780554453323170560,1780554454323170560,Tokens In Flight,tokens,p95,757876.04
148,1780554453323170560,1780554454323170560,Tokens In Flight,tokens,p99,757878.04
148,1780554453323170560,1780554454323170560,Tokens In Flight,tokens,std,26186.49
148,1780554453323170560,1780554454323170560,Total Input Sequence Length,tokens,avg,54180.00
148,1780554453323170560,1780554454323170560,Total Output Sequence Length,tokens,avg,326.00
148,1780554453323170560,1780554454323170560,Total Output Tokens,tokens,avg,326.00
148,1780554453323170560,1780554454323170560,Total Token Throughput,tokens/sec,avg,54506.00
148,1780554453323170560,1780554454323170560,Total Usage Completion Tokens,tokens,avg,326.00
148,1780554453323170560,1780554454323170560,Total Usage Prompt Tokens,tokens,avg,54180.00
148,1780554453323170560,1780554454323170560,Total Usage Total Tokens,tokens,avg,54506.00
148,1780554453323170560,1780554454323170560,Usage Completion Tokens,tokens,avg,326.00
148,1780554453323170560,1780554454323170560,Usage Completion Tokens,tokens,min,326.00
148,1780554453323170560,1780554454323170560,Usage Completion Tokens,tokens,max,326.00
148,1780554453323170560,1780554454323170560,Usage Completion Tokens,tokens,sum,326.00
148,1780554453323170560,1780554454323170560,Usage Completion Tokens,tokens,p1,326.00
148,1780554453323170560,1780554454323170560,Usage Completion Tokens,tokens,p5,326.00
148,1780554453323170560,1780554454323170560,Usage Completion Tokens,tokens,p10,326.00
148,1780554453323170560,1780554454323170560,Usage Completion Tokens,tokens,p25,326.00
148,1780554453323170560,1780554454323170560,Usage Completion Tokens,tokens,p50,326.00
148,1780554453323170560,1780554454323170560,Usage Completion Tokens,tokens,p75,326.00
148,1780554453323170560,1780554454323170560,Usage Completion Tokens,tokens,p90,326.00
148,1780554453323170560,1780554454323170560,Usage Completion Tokens,tokens,p95,326.00
148,1780554453323170560,1780554454323170560,Usage Completion Tokens,tokens,p99,326.00
148,1780554453323170560,1780554454323170560,Usage Completion Tokens,tokens,std,0.00
148,1780554453323170560,1780554454323170560,Usage Prompt Tokens,tokens,avg,54180.00
148,1780554453323170560,1780554454323170560,Usage Prompt Tokens,tokens,min,54180.00
148,1780554453323170560,1780554454323170560,Usage Prompt Tokens,tokens,max,54180.00
148,1780554453323170560,1780554454323170560,Usage Prompt Tokens,tokens,sum,54180.00
148,1780554453323170560,1780554454323170560,Usage Prompt Tokens,tokens,p1,54180.00
148,1780554453323170560,1780554454323170560,Usage Prompt Tokens,tokens,p5,54180.00
148,1780554453323170560,1780554454323170560,Usage Prompt Tokens,tokens,p10,54180.00
148,1780554453323170560,1780554454323170560,Usage Prompt Tokens,tokens,p25,54180.00
148,1780554453323170560,1780554454323170560,Usage Prompt Tokens,tokens,p50,54180.00
148,1780554453323170560,1780554454323170560,Usage Prompt Tokens,tokens,p75,54180.00
148,1780554453323170560,1780554454323170560,Usage Prompt Tokens,tokens,p90,54180.00
148,1780554453323170560,1780554454323170560,Usage Prompt Tokens,tokens,p95,54180.00
148,1780554453323170560,1780554454323170560,Usage Prompt Tokens,tokens,p99,54180.00
148,1780554453323170560,1780554454323170560,Usage Prompt Tokens,tokens,std,0.00
148,1780554453323170560,1780554454323170560,Usage Total Tokens,tokens,avg,54506.00
148,1780554453323170560,1780554454323170560,Usage Total Tokens,tokens,min,54506.00
148,1780554453323170560,1780554454323170560,Usage Total Tokens,tokens,max,54506.00
148,1780554453323170560,1780554454323170560,Usage Total Tokens,tokens,sum,54506.00
148,1780554453323170560,1780554454323170560,Usage Total Tokens,tokens,p1,54506.00
148,1780554453323170560,1780554454323170560,Usage Total Tokens,tokens,p5,54506.00
148,1780554453323170560,1780554454323170560,Usage Total Tokens,tokens,p10,54506.00
148,1780554453323170560,1780554454323170560,Usage Total Tokens,tokens,p25,54506.00
148,1780554453323170560,1780554454323170560,Usage Total Tokens,tokens,p50,54506.00
148,1780554453323170560,1780554454323170560,Usage Total Tokens,tokens,p75,54506.00
148,1780554453323170560,1780554454323170560,Usage Total Tokens,tokens,p90,54506.00
148,1780554453323170560,1780554454323170560,Usage Total Tokens,tokens,p95,54506.00
148,1780554453323170560,1780554454323170560,Usage Total Tokens,tokens,p99,54506.00
148,1780554453323170560,1780554454323170560,Usage Total Tokens,tokens,std,0.00
149,1780554457323170560,1780554458323170560,Active Decode Throughput,tokens/sec,avg,90.05
149,1780554457323170560,1780554458323170560,Active Decode Throughput,tokens/sec,min,74.57
149,1780554457323170560,1780554458323170560,Active Decode Throughput,tokens/sec,max,103.88
149,1780554457323170560,1780554458323170560,Active Decode Throughput,tokens/sec,p50,89.44
149,1780554457323170560,1780554458323170560,Active Decode Throughput,tokens/sec,p90,89.46
149,1780554457323170560,1780554458323170560,Active Decode Throughput,tokens/sec,p95,102.90
149,1780554457323170560,1780554458323170560,Active Decode Throughput,tokens/sec,p99,102.90
149,1780554457323170560,1780554458323170560,Active Decode Throughput,tokens/sec,std,2.98
149,1780554457323170560,1780554458323170560,Active Decode Throughput Per User,tokens/sec/user,avg,8.96
149,1780554457323170560,1780554458323170560,Active Decode Throughput Per User,tokens/sec/user,min,7.46
149,1780554457323170560,1780554458323170560,Active Decode Throughput Per User,tokens/sec/user,max,10.39
149,1780554457323170560,1780554458323170560,Active Decode Throughput Per User,tokens/sec/user,p50,8.94
149,1780554457323170560,1780554458323170560,Active Decode Throughput Per User,tokens/sec/user,p90,8.95
149,1780554457323170560,1780554458323170560,Active Decode Throughput Per User,tokens/sec/user,p95,9.35
149,1780554457323170560,1780554458323170560,Active Decode Throughput Per User,tokens/sec/user,p99,9.35
149,1780554457323170560,1780554458323170560,Active Decode Throughput Per User,tokens/sec/user,std,0.09
149,1780554457323170560,1780554458323170560,Active Prefill Throughput,tokens/sec,avg,130288.03
149,1780554457323170560,1780554458323170560,Active Prefill Throughput,tokens/sec,min,130288.03
149,1780554457323170560,1780554458323170560,Active Prefill Throughput,tokens/sec,max,130288.03
149,1780554457323170560,1780554458323170560,Active Prefill Throughput,tokens/sec,p50,130288.03
149,1780554457323170560,1780554458323170560,Active Prefill Throughput,tokens/sec,p90,130288.03
149,1780554457323170560,1780554458323170560,Active Prefill Throughput,tokens/sec,p95,130288.03
149,1780554457323170560,1780554458323170560,Active Prefill Throughput,tokens/sec,p99,130288.03
149,1780554457323170560,1780554458323170560,Active Prefill Throughput,tokens/sec,std,0.00
149,1780554457323170560,1780554458323170560,Active Prefill Throughput Per User,tokens/sec/user,avg,130288.03
149,1780554457323170560,1780554458323170560,Active Prefill Throughput Per User,tokens/sec/user,min,130288.03
149,1780554457323170560,1780554458323170560,Active Prefill Throughput Per User,tokens/sec/user,max,130288.03
149,1780554457323170560,1780554458323170560,Active Prefill Throughput Per User,tokens/sec/user,p50,130288.03
149,1780554457323170560,1780554458323170560,Active Prefill Throughput Per User,tokens/sec/user,p90,130288.03
149,1780554457323170560,1780554458323170560,Active Prefill Throughput Per User,tokens/sec/user,p95,130288.03
149,1780554457323170560,1780554458323170560,Active Prefill Throughput Per User,tokens/sec/user,p99,130288.03
149,1780554457323170560,1780554458323170560,Active Prefill Throughput Per User,tokens/sec/user,std,0.00
149,1780554457323170560,1780554458323170560,Active Total Throughput,tokens/sec,avg,88110.27
149,1780554457323170560,1780554458323170560,Active Total Throughput,tokens/sec,min,102.82
149,1780554457323170560,1780554458323170560,Active Total Throughput,tokens/sec,max,130390.85
149,1780554457323170560,1780554458323170560,Active Total Throughput,tokens/sec,p50,130390.85
149,1780554457323170560,1780554458323170560,Active Total Throughput,tokens/sec,p90,130390.85
149,1780554457323170560,1780554458323170560,Active Total Throughput,tokens/sec,p95,130390.85
149,1780554457323170560,1780554458323170560,Active Total Throughput,tokens/sec,p99,130390.85
149,1780554457323170560,1780554458323170560,Active Total Throughput,tokens/sec,std,60999.57
149,1780554457323170560,1780554458323170560,Benchmark Duration,sec,avg,28.53
149,1780554457323170560,1780554458323170560,E2E Output Token Throughput,tokens/sec/user,avg,8.66
149,1780554457323170560,1780554458323170560,E2E Output Token Throughput,tokens/sec/user,min,8.66
149,1780554457323170560,1780554458323170560,E2E Output Token Throughput,tokens/sec/user,max,8.66
149,1780554457323170560,1780554458323170560,E2E Output Token Throughput,tokens/sec/user,sum,8.66
149,1780554457323170560,1780554458323170560,E2E Output Token Throughput,tokens/sec/user,p1,8.66
149,1780554457323170560,1780554458323170560,E2E Output Token Throughput,tokens/sec/user,p5,8.66
149,1780554457323170560,1780554458323170560,E2E Output Token Throughput,tokens/sec/user,p10,8.66
149,1780554457323170560,1780554458323170560,E2E Output Token Throughput,tokens/sec/user,p25,8.66
149,1780554457323170560,1780554458323170560,E2E Output Token Throughput,tokens/sec/user,p50,8.66
149,1780554457323170560,1780554458323170560,E2E Output Token Throughput,tokens/sec/user,p75,8.66
149,1780554457323170560,1780554458323170560,E2E Output Token Throughput,tokens/sec/user,p90,8.66
149,1780554457323170560,1780554458323170560,E2E Output Token Throughput,tokens/sec/user,p95,8.66
149,1780554457323170560,1780554458323170560,E2E Output Token Throughput,tokens/sec/user,p99,8.66
149,1780554457323170560,1780554458323170560,E2E Output Token Throughput,tokens/sec/user,std,0.00
149,1780554457323170560,1780554458323170560,Effective Concurrency,requests,avg,10.73
149,1780554457323170560,1780554458323170560,Effective Concurrency,requests,min,10.00
149,1780554457323170560,1780554458323170560,Effective Concurrency,requests,max,11.00
149,1780554457323170560,1780554458323170560,Effective Concurrency,requests,p50,11.00
149,1780554457323170560,1780554458323170560,Effective Concurrency,requests,p90,11.00
149,1780554457323170560,1780554458323170560,Effective Concurrency,requests,p95,11.00
149,1780554457323170560,1780554458323170560,Effective Concurrency,requests,p99,11.00
149,1780554457323170560,1780554458323170560,Effective Concurrency,requests,std,0.45
149,1780554457323170560,1780554458323170560,Effective Decode Concurrency,requests,avg,10.05
149,1780554457323170560,1780554458323170560,Effective Decode Concurrency,requests,min,10.00
149,1780554457323170560,1780554458323170560,Effective Decode Concurrency,requests,max,11.00
149,1780554457323170560,1780554458323170560,Effective Decode Concurrency,requests,p50,10.00
149,1780554457323170560,1780554458323170560,Effective Decode Concurrency,requests,p90,10.00
149,1780554457323170560,1780554458323170560,Effective Decode Concurrency,requests,p95,11.00
149,1780554457323170560,1780554458323170560,Effective Decode Concurrency,requests,p99,11.00
149,1780554457323170560,1780554458323170560,Effective Decode Concurrency,requests,std,0.22
149,1780554457323170560,1780554458323170560,Effective Decode Throughput,tokens/sec,avg,90.05
149,1780554457323170560,1780554458323170560,Effective Decode Throughput,tokens/sec,min,74.57
149,1780554457323170560,1780554458323170560,Effective Decode Throughput,tokens/sec,max,103.88
149,1780554457323170560,1780554458323170560,Effective Decode Throughput,tokens/sec,p50,89.44
149,1780554457323170560,1780554458323170560,Effective Decode Throughput,tokens/sec,p90,89.46
149,1780554457323170560,1780554458323170560,Effective Decode Throughput,tokens/sec,p95,102.90
149,1780554457323170560,1780554458323170560,Effective Decode Throughput,tokens/sec,p99,102.90
149,1780554457323170560,1780554458323170560,Effective Decode Throughput,tokens/sec,std,2.98
149,1780554457323170560,1780554458323170560,Effective Decode Throughput Per User,tokens/sec/user,avg,8.96
149,1780554457323170560,1780554458323170560,Effective Decode Throughput Per User,tokens/sec/user,min,7.46
149,1780554457323170560,1780554458323170560,Effective Decode Throughput Per User,tokens/sec/user,max,10.39
149,1780554457323170560,1780554458323170560,Effective Decode Throughput Per User,tokens/sec/user,p50,8.94
149,1780554457323170560,1780554458323170560,Effective Decode Throughput Per User,tokens/sec/user,p90,8.95
149,1780554457323170560,1780554458323170560,Effective Decode Throughput Per User,tokens/sec/user,p95,9.35
149,1780554457323170560,1780554458323170560,Effective Decode Throughput Per User,tokens/sec/user,p99,9.35
149,1780554457323170560,1780554458323170560,Effective Decode Throughput Per User,tokens/sec/user,std,0.09
149,1780554457323170560,1780554458323170560,Effective Prefill Concurrency,requests,avg,0.68
149,1780554457323170560,1780554458323170560,Effective Prefill Concurrency,requests,min,0.00
149,1780554457323170560,1780554458323170560,Effective Prefill Concurrency,requests,max,1.00
149,1780554457323170560,1780554458323170560,Effective Prefill Concurrency,requests,p50,1.00
149,1780554457323170560,1780554458323170560,Effective Prefill Concurrency,requests,p90,1.00
149,1780554457323170560,1780554458323170560,Effective Prefill Concurrency,requests,p95,1.00
149,1780554457323170560,1780554458323170560,Effective Prefill Concurrency,requests,p99,1.00
149,1780554457323170560,1780554458323170560,Effective Prefill Concurrency,requests,std,0.47
149,1780554457323170560,1780554458323170560,Effective Prefill Throughput,tokens/sec,avg,88007.00
149,1780554457323170560,1780554458323170560,Effective Prefill Throughput,tokens/sec,min,0.00
149,1780554457323170560,1780554458323170560,Effective Prefill Throughput,tokens/sec,max,130288.03
149,1780554457323170560,1780554458323170560,Effective Prefill Throughput,tokens/sec,p50,130288.03
149,1780554457323170560,1780554458323170560,Effective Prefill Throughput,tokens/sec,p90,130288.03
149,1780554457323170560,1780554458323170560,Effective Prefill Throughput,tokens/sec,p95,130288.03
149,1780554457323170560,1780554458323170560,Effective Prefill Throughput,tokens/sec,p99,130288.03
149,1780554457323170560,1780554458323170560,Effective Prefill Throughput,tokens/sec,std,61000.22
149,1780554457323170560,1780554458323170560,Effective Prefill Throughput Per User,tokens/sec/user,avg,88007.00
149,1780554457323170560,1780554458323170560,Effective Prefill Throughput Per User,tokens/sec/user,min,0.00
149,1780554457323170560,1780554458323170560,Effective Prefill Throughput Per User,tokens/sec/user,max,130288.03
149,1780554457323170560,1780554458323170560,Effective Prefill Throughput Per User,tokens/sec/user,p50,130288.03
149,1780554457323170560,1780554458323170560,Effective Prefill Throughput Per User,tokens/sec/user,p90,130288.03
149,1780554457323170560,1780554458323170560,Effective Prefill Throughput Per User,tokens/sec/user,p95,130288.03
149,1780554457323170560,1780554458323170560,Effective Prefill Throughput Per User,tokens/sec/user,p99,130288.03
149,1780554457323170560,1780554458323170560,Effective Prefill Throughput Per User,tokens/sec/user,std,61000.22
149,1780554457323170560,1780554458323170560,Effective Total Throughput,tokens/sec,avg,88110.27
149,1780554457323170560,1780554458323170560,Effective Total Throughput,tokens/sec,min,102.82
149,1780554457323170560,1780554458323170560,Effective Total Throughput,tokens/sec,max,130390.85
149,1780554457323170560,1780554458323170560,Effective Total Throughput,tokens/sec,p50,130390.85
149,1780554457323170560,1780554458323170560,Effective Total Throughput,tokens/sec,p90,130390.85
149,1780554457323170560,1780554458323170560,Effective Total Throughput,tokens/sec,p95,130390.85
149,1780554457323170560,1780554458323170560,Effective Total Throughput,tokens/sec,p99,130390.85
149,1780554457323170560,1780554458323170560,Effective Total Throughput,tokens/sec,std,60999.57
149,1780554457323170560,1780554458323170560,HTTP Blocked,ms,avg,0.00
149,1780554457323170560,1780554458323170560,HTTP Blocked,ms,min,0.00
149,1780554457323170560,1780554458323170560,HTTP Blocked,ms,max,0.00
149,1780554457323170560,1780554458323170560,HTTP Blocked,ms,sum,0.00
149,1780554457323170560,1780554458323170560,HTTP Blocked,ms,p1,0.00
149,1780554457323170560,1780554458323170560,HTTP Blocked,ms,p5,0.00
149,1780554457323170560,1780554458323170560,HTTP Blocked,ms,p10,0.00
149,1780554457323170560,1780554458323170560,HTTP Blocked,ms,p25,0.00
149,1780554457323170560,1780554458323170560,HTTP Blocked,ms,p50,0.00
149,1780554457323170560,1780554458323170560,HTTP Blocked,ms,p75,0.00
149,1780554457323170560,1780554458323170560,HTTP Blocked,ms,p90,0.00
149,1780554457323170560,1780554458323170560,HTTP Blocked,ms,p95,0.00
149,1780554457323170560,1780554458323170560,HTTP Blocked,ms,p99,0.00
149,1780554457323170560,1780554458323170560,HTTP Blocked,ms,std,0.00
149,1780554457323170560,1780554458323170560,HTTP Chunks Received,count,avg,247.00
149,1780554457323170560,1780554458323170560,HTTP Chunks Received,count,min,247.00
149,1780554457323170560,1780554458323170560,HTTP Chunks Received,count,max,247.00
149,1780554457323170560,1780554458323170560,HTTP Chunks Received,count,sum,247.00
149,1780554457323170560,1780554458323170560,HTTP Chunks Received,count,p1,247.00
149,1780554457323170560,1780554458323170560,HTTP Chunks Received,count,p5,247.00
149,1780554457323170560,1780554458323170560,HTTP Chunks Received,count,p10,247.00
149,1780554457323170560,1780554458323170560,HTTP Chunks Received,count,p25,247.00
149,1780554457323170560,1780554458323170560,HTTP Chunks Received,count,p50,247.00
149,1780554457323170560,1780554458323170560,HTTP Chunks Received,count,p75,247.00
149,1780554457323170560,1780554458323170560,HTTP Chunks Received,count,p90,247.00
149,1780554457323170560,1780554458323170560,HTTP Chunks Received,count,p95,247.00
149,1780554457323170560,1780554458323170560,HTTP Chunks Received,count,p99,247.00
149,1780554457323170560,1780554458323170560,HTTP Chunks Received,count,std,0.00
149,1780554457323170560,1780554458323170560,HTTP Chunks Sent,count,avg,1.00
149,1780554457323170560,1780554458323170560,HTTP Chunks Sent,count,min,1.00
149,1780554457323170560,1780554458323170560,HTTP Chunks Sent,count,max,1.00
149,1780554457323170560,1780554458323170560,HTTP Chunks Sent,count,sum,1.00
149,1780554457323170560,1780554458323170560,HTTP Chunks Sent,count,p1,1.00
149,1780554457323170560,1780554458323170560,HTTP Chunks Sent,count,p5,1.00
149,1780554457323170560,1780554458323170560,HTTP Chunks Sent,count,p10,1.00
149,1780554457323170560,1780554458323170560,HTTP Chunks Sent,count,p25,1.00
149,1780554457323170560,1780554458323170560,HTTP Chunks Sent,count,p50,1.00
149,1780554457323170560,1780554458323170560,HTTP Chunks Sent,count,p75,1.00
149,1780554457323170560,1780554458323170560,HTTP Chunks Sent,count,p90,1.00
149,1780554457323170560,1780554458323170560,HTTP Chunks Sent,count,p95,1.00
149,1780554457323170560,1780554458323170560,HTTP Chunks Sent,count,p99,1.00
149,1780554457323170560,1780554458323170560,HTTP Chunks Sent,count,std,0.00
149,1780554457323170560,1780554458323170560,HTTP Connecting,ms,avg,1.01
149,1780554457323170560,1780554458323170560,HTTP Connecting,ms,min,1.01
149,1780554457323170560,1780554458323170560,HTTP Connecting,ms,max,1.01
149,1780554457323170560,1780554458323170560,HTTP Connecting,ms,sum,1.01
149,1780554457323170560,1780554458323170560,HTTP Connecting,ms,p1,1.01
149,1780554457323170560,1780554458323170560,HTTP Connecting,ms,p5,1.01
149,1780554457323170560,1780554458323170560,HTTP Connecting,ms,p10,1.01
149,1780554457323170560,1780554458323170560,HTTP Connecting,ms,p25,1.01
149,1780554457323170560,1780554458323170560,HTTP Connecting,ms,p50,1.01
149,1780554457323170560,1780554458323170560,HTTP Connecting,ms,p75,1.01
149,1780554457323170560,1780554458323170560,HTTP Connecting,ms,p90,1.01
149,1780554457323170560,1780554458323170560,HTTP Connecting,ms,p95,1.01
149,1780554457323170560,1780554458323170560,HTTP Connecting,ms,p99,1.01
149,1780554457323170560,1780554458323170560,HTTP Connecting,ms,std,0.00
149,1780554457323170560,1780554458323170560,HTTP Connection Overhead,ms,avg,1.43
149,1780554457323170560,1780554458323170560,HTTP Connection Overhead,ms,min,1.43
149,1780554457323170560,1780554458323170560,HTTP Connection Overhead,ms,max,1.43
149,1780554457323170560,1780554458323170560,HTTP Connection Overhead,ms,sum,1.43
149,1780554457323170560,1780554458323170560,HTTP Connection Overhead,ms,p1,1.43
149,1780554457323170560,1780554458323170560,HTTP Connection Overhead,ms,p5,1.43
149,1780554457323170560,1780554458323170560,HTTP Connection Overhead,ms,p10,1.43
149,1780554457323170560,1780554458323170560,HTTP Connection Overhead,ms,p25,1.43
149,1780554457323170560,1780554458323170560,HTTP Connection Overhead,ms,p50,1.43
149,1780554457323170560,1780554458323170560,HTTP Connection Overhead,ms,p75,1.43
149,1780554457323170560,1780554458323170560,HTTP Connection Overhead,ms,p90,1.43
149,1780554457323170560,1780554458323170560,HTTP Connection Overhead,ms,p95,1.43
149,1780554457323170560,1780554458323170560,HTTP Connection Overhead,ms,p99,1.43
149,1780554457323170560,1780554458323170560,HTTP Connection Overhead,ms,std,0.00
149,1780554457323170560,1780554458323170560,HTTP Connection Reused,ratio,avg,0.00
149,1780554457323170560,1780554458323170560,HTTP Connection Reused,ratio,min,0.00
149,1780554457323170560,1780554458323170560,HTTP Connection Reused,ratio,max,0.00
149,1780554457323170560,1780554458323170560,HTTP Connection Reused,ratio,sum,0.00
149,1780554457323170560,1780554458323170560,HTTP Connection Reused,ratio,p1,0.00
149,1780554457323170560,1780554458323170560,HTTP Connection Reused,ratio,p5,0.00
149,1780554457323170560,1780554458323170560,HTTP Connection Reused,ratio,p10,0.00
149,1780554457323170560,1780554458323170560,HTTP Connection Reused,ratio,p25,0.00
149,1780554457323170560,1780554458323170560,HTTP Connection Reused,ratio,p50,0.00
149,1780554457323170560,1780554458323170560,HTTP Connection Reused,ratio,p75,0.00
149,1780554457323170560,1780554458323170560,HTTP Connection Reused,ratio,p90,0.00
149,1780554457323170560,1780554458323170560,HTTP Connection Reused,ratio,p95,0.00
149,1780554457323170560,1780554458323170560,HTTP Connection Reused,ratio,p99,0.00
149,1780554457323170560,1780554458323170560,HTTP Connection Reused,ratio,std,0.00
149,1780554457323170560,1780554458323170560,HTTP Data Received,KB,avg,62.18
149,1780554457323170560,1780554458323170560,HTTP Data Received,KB,min,62.18
149,1780554457323170560,1780554458323170560,HTTP Data Received,KB,max,62.18
149,1780554457323170560,1780554458323170560,HTTP Data Received,KB,sum,62.18
149,1780554457323170560,1780554458323170560,HTTP Data Received,KB,p1,62.18
149,1780554457323170560,1780554458323170560,HTTP Data Received,KB,p5,62.18
149,1780554457323170560,1780554458323170560,HTTP Data Received,KB,p10,62.18
149,1780554457323170560,1780554458323170560,HTTP Data Received,KB,p25,62.18
149,1780554457323170560,1780554458323170560,HTTP Data Received,KB,p50,62.18
149,1780554457323170560,1780554458323170560,HTTP Data Received,KB,p75,62.18
149,1780554457323170560,1780554458323170560,HTTP Data Received,KB,p90,62.18
149,1780554457323170560,1780554458323170560,HTTP Data Received,KB,p95,62.18
149,1780554457323170560,1780554458323170560,HTTP Data Received,KB,p99,62.18
149,1780554457323170560,1780554458323170560,HTTP Data Received,KB,std,0.00
149,1780554457323170560,1780554458323170560,HTTP Data Sent,KB,avg,341.04
149,1780554457323170560,1780554458323170560,HTTP Data Sent,KB,min,341.04
149,1780554457323170560,1780554458323170560,HTTP Data Sent,KB,max,341.04
149,1780554457323170560,1780554458323170560,HTTP Data Sent,KB,sum,341.04
149,1780554457323170560,1780554458323170560,HTTP Data Sent,KB,p1,341.04
149,1780554457323170560,1780554458323170560,HTTP Data Sent,KB,p5,341.04
149,1780554457323170560,1780554458323170560,HTTP Data Sent,KB,p10,341.04
149,1780554457323170560,1780554458323170560,HTTP Data Sent,KB,p25,341.04
149,1780554457323170560,1780554458323170560,HTTP Data Sent,KB,p50,341.04
149,1780554457323170560,1780554458323170560,HTTP Data Sent,KB,p75,341.04
149,1780554457323170560,1780554458323170560,HTTP Data Sent,KB,p90,341.04
149,1780554457323170560,1780554458323170560,HTTP Data Sent,KB,p95,341.04
149,1780554457323170560,1780554458323170560,HTTP Data Sent,KB,p99,341.04
149,1780554457323170560,1780554458323170560,HTTP Data Sent,KB,std,0.00
149,1780554457323170560,1780554458323170560,HTTP DNS Lookup,ms,avg,0.42
149,1780554457323170560,1780554458323170560,HTTP DNS Lookup,ms,min,0.42
149,1780554457323170560,1780554458323170560,HTTP DNS Lookup,ms,max,0.42
149,1780554457323170560,1780554458323170560,HTTP DNS Lookup,ms,sum,0.42
149,1780554457323170560,1780554458323170560,HTTP DNS Lookup,ms,p1,0.42
149,1780554457323170560,1780554458323170560,HTTP DNS Lookup,ms,p5,0.42
149,1780554457323170560,1780554458323170560,HTTP DNS Lookup,ms,p10,0.42
149,1780554457323170560,1780554458323170560,HTTP DNS Lookup,ms,p25,0.42
149,1780554457323170560,1780554458323170560,HTTP DNS Lookup,ms,p50,0.42
149,1780554457323170560,1780554458323170560,HTTP DNS Lookup,ms,p75,0.42
149,1780554457323170560,1780554458323170560,HTTP DNS Lookup,ms,p90,0.42
149,1780554457323170560,1780554458323170560,HTTP DNS Lookup,ms,p95,0.42
149,1780554457323170560,1780554458323170560,HTTP DNS Lookup,ms,p99,0.42
149,1780554457323170560,1780554458323170560,HTTP DNS Lookup,ms,std,0.00
149,1780554457323170560,1780554458323170560,HTTP Duration (excl. conn),ms,avg,28528.36
149,1780554457323170560,1780554458323170560,HTTP Duration (excl. conn),ms,min,28528.36
149,1780554457323170560,1780554458323170560,HTTP Duration (excl. conn),ms,max,28528.36
149,1780554457323170560,1780554458323170560,HTTP Duration (excl. conn),ms,sum,28528.36
149,1780554457323170560,1780554458323170560,HTTP Duration (excl. conn),ms,p1,28528.36
149,1780554457323170560,1780554458323170560,HTTP Duration (excl. conn),ms,p5,28528.36
149,1780554457323170560,1780554458323170560,HTTP Duration (excl. conn),ms,p10,28528.36
149,1780554457323170560,1780554458323170560,HTTP Duration (excl. conn),ms,p25,28528.36
149,1780554457323170560,1780554458323170560,HTTP Duration (excl. conn),ms,p50,28528.36
149,1780554457323170560,1780554458323170560,HTTP Duration (excl. conn),ms,p75,28528.36
149,1780554457323170560,1780554458323170560,HTTP Duration (excl. conn),ms,p90,28528.36
149,1780554457323170560,1780554458323170560,HTTP Duration (excl. conn),ms,p95,28528.36
149,1780554457323170560,1780554458323170560,HTTP Duration (excl. conn),ms,p99,28528.36
149,1780554457323170560,1780554458323170560,HTTP Duration (excl. conn),ms,std,0.00
149,1780554457323170560,1780554458323170560,HTTP Receiving,ms,avg,27852.99
149,1780554457323170560,1780554458323170560,HTTP Receiving,ms,min,27852.99
149,1780554457323170560,1780554458323170560,HTTP Receiving,ms,max,27852.99
149,1780554457323170560,1780554458323170560,HTTP Receiving,ms,sum,27852.99
149,1780554457323170560,1780554458323170560,HTTP Receiving,ms,p1,27852.99
149,1780554457323170560,1780554458323170560,HTTP Receiving,ms,p5,27852.99
149,1780554457323170560,1780554458323170560,HTTP Receiving,ms,p10,27852.99
149,1780554457323170560,1780554458323170560,HTTP Receiving,ms,p25,27852.99
149,1780554457323170560,1780554458323170560,HTTP Receiving,ms,p50,27852.99
149,1780554457323170560,1780554458323170560,HTTP Receiving,ms,p75,27852.99
149,1780554457323170560,1780554458323170560,HTTP Receiving,ms,p90,27852.99
149,1780554457323170560,1780554458323170560,HTTP Receiving,ms,p95,27852.99
149,1780554457323170560,1780554458323170560,HTTP Receiving,ms,p99,27852.99
149,1780554457323170560,1780554458323170560,HTTP Receiving,ms,std,0.00
149,1780554457323170560,1780554458323170560,HTTP Sending,ms,avg,1.28
149,1780554457323170560,1780554458323170560,HTTP Sending,ms,min,1.28
149,1780554457323170560,1780554458323170560,HTTP Sending,ms,max,1.28
149,1780554457323170560,1780554458323170560,HTTP Sending,ms,sum,1.28
149,1780554457323170560,1780554458323170560,HTTP Sending,ms,p1,1.28
149,1780554457323170560,1780554458323170560,HTTP Sending,ms,p5,1.28
149,1780554457323170560,1780554458323170560,HTTP Sending,ms,p10,1.28
149,1780554457323170560,1780554458323170560,HTTP Sending,ms,p25,1.28
149,1780554457323170560,1780554458323170560,HTTP Sending,ms,p50,1.28
149,1780554457323170560,1780554458323170560,HTTP Sending,ms,p75,1.28
149,1780554457323170560,1780554458323170560,HTTP Sending,ms,p90,1.28
149,1780554457323170560,1780554458323170560,HTTP Sending,ms,p95,1.28
149,1780554457323170560,1780554458323170560,HTTP Sending,ms,p99,1.28
149,1780554457323170560,1780554458323170560,HTTP Sending,ms,std,0.00
149,1780554457323170560,1780554458323170560,HTTP Total Time,ms,avg,28529.79
149,1780554457323170560,1780554458323170560,HTTP Total Time,ms,min,28529.79
149,1780554457323170560,1780554458323170560,HTTP Total Time,ms,max,28529.79
149,1780554457323170560,1780554458323170560,HTTP Total Time,ms,sum,28529.79
149,1780554457323170560,1780554458323170560,HTTP Total Time,ms,p1,28529.79
149,1780554457323170560,1780554458323170560,HTTP Total Time,ms,p5,28529.79
149,1780554457323170560,1780554458323170560,HTTP Total Time,ms,p10,28529.79
149,1780554457323170560,1780554458323170560,HTTP Total Time,ms,p25,28529.79
149,1780554457323170560,1780554458323170560,HTTP Total Time,ms,p50,28529.79
149,1780554457323170560,1780554458323170560,HTTP Total Time,ms,p75,28529.79
149,1780554457323170560,1780554458323170560,HTTP Total Time,ms,p90,28529.79
149,1780554457323170560,1780554458323170560,HTTP Total Time,ms,p95,28529.79
149,1780554457323170560,1780554458323170560,HTTP Total Time,ms,p99,28529.79
149,1780554457323170560,1780554458323170560,HTTP Total Time,ms,std,0.00
149,1780554457323170560,1780554458323170560,HTTP Waiting (TTFB),ms,avg,674.09
149,1780554457323170560,1780554458323170560,HTTP Waiting (TTFB),ms,min,674.09
149,1780554457323170560,1780554458323170560,HTTP Waiting (TTFB),ms,max,674.09
149,1780554457323170560,1780554458323170560,HTTP Waiting (TTFB),ms,sum,674.09
149,1780554457323170560,1780554458323170560,HTTP Waiting (TTFB),ms,p1,674.09
149,1780554457323170560,1780554458323170560,HTTP Waiting (TTFB),ms,p5,674.09
149,1780554457323170560,1780554458323170560,HTTP Waiting (TTFB),ms,p10,674.09
149,1780554457323170560,1780554458323170560,HTTP Waiting (TTFB),ms,p25,674.09
149,1780554457323170560,1780554458323170560,HTTP Waiting (TTFB),ms,p50,674.09
149,1780554457323170560,1780554458323170560,HTTP Waiting (TTFB),ms,p75,674.09
149,1780554457323170560,1780554458323170560,HTTP Waiting (TTFB),ms,p90,674.09
149,1780554457323170560,1780554458323170560,HTTP Waiting (TTFB),ms,p95,674.09
149,1780554457323170560,1780554458323170560,HTTP Waiting (TTFB),ms,p99,674.09
149,1780554457323170560,1780554458323170560,HTTP Waiting (TTFB),ms,std,0.00
149,1780554457323170560,1780554458323170560,Input Sequence Length,tokens,avg,88007.00
149,1780554457323170560,1780554458323170560,Input Sequence Length,tokens,min,88007.00
149,1780554457323170560,1780554458323170560,Input Sequence Length,tokens,max,88007.00
149,1780554457323170560,1780554458323170560,Input Sequence Length,tokens,sum,88007.00
149,1780554457323170560,1780554458323170560,Input Sequence Length,tokens,p1,88007.00
149,1780554457323170560,1780554458323170560,Input Sequence Length,tokens,p5,88007.00
149,1780554457323170560,1780554458323170560,Input Sequence Length,tokens,p10,88007.00
149,1780554457323170560,1780554458323170560,Input Sequence Length,tokens,p25,88007.00
149,1780554457323170560,1780554458323170560,Input Sequence Length,tokens,p50,88007.00
149,1780554457323170560,1780554458323170560,Input Sequence Length,tokens,p75,88007.00
149,1780554457323170560,1780554458323170560,Input Sequence Length,tokens,p90,88007.00
149,1780554457323170560,1780554458323170560,Input Sequence Length,tokens,p95,88007.00
149,1780554457323170560,1780554458323170560,Input Sequence Length,tokens,p99,88007.00
149,1780554457323170560,1780554458323170560,Input Sequence Length,tokens,std,0.00
149,1780554457323170560,1780554458323170560,Input Token Throughput,tokens/sec,avg,88007.00
149,1780554457323170560,1780554458323170560,Inter Chunk Latency,ms,avg,73.10
149,1780554457323170560,1780554458323170560,Inter Chunk Latency,ms,min,72.73
149,1780554457323170560,1780554458323170560,Inter Chunk Latency,ms,max,73.48
149,1780554457323170560,1780554458323170560,Inter Chunk Latency,ms,sum,17837.45
149,1780554457323170560,1780554458323170560,Inter Chunk Latency,ms,p1,72.73
149,1780554457323170560,1780554458323170560,Inter Chunk Latency,ms,p5,72.75
149,1780554457323170560,1780554458323170560,Inter Chunk Latency,ms,p10,72.77
149,1780554457323170560,1780554458323170560,Inter Chunk Latency,ms,p25,72.92
149,1780554457323170560,1780554458323170560,Inter Chunk Latency,ms,p50,73.10
149,1780554457323170560,1780554458323170560,Inter Chunk Latency,ms,p75,73.33
149,1780554457323170560,1780554458323170560,Inter Chunk Latency,ms,p90,73.43
149,1780554457323170560,1780554458323170560,Inter Chunk Latency,ms,p95,73.45
149,1780554457323170560,1780554458323170560,Inter Chunk Latency,ms,p99,73.47
149,1780554457323170560,1780554458323170560,Inter Chunk Latency,ms,std,0.24
149,1780554457323170560,1780554458323170560,Inter Token Latency,ms,avg,113.22
149,1780554457323170560,1780554458323170560,Inter Token Latency,ms,min,113.22
149,1780554457323170560,1780554458323170560,Inter Token Latency,ms,max,113.22
149,1780554457323170560,1780554458323170560,Inter Token Latency,ms,sum,113.22
149,1780554457323170560,1780554458323170560,Inter Token Latency,ms,p1,113.22
149,1780554457323170560,1780554458323170560,Inter Token Latency,ms,p5,113.22
149,1780554457323170560,1780554458323170560,Inter Token Latency,ms,p10,113.22
149,1780554457323170560,1780554458323170560,Inter Token Latency,ms,p25,113.22
149,1780554457323170560,1780554458323170560,Inter Token Latency,ms,p50,113.22
149,1780554457323170560,1780554458323170560,Inter Token Latency,ms,p75,113.22
149,1780554457323170560,1780554458323170560,Inter Token Latency,ms,p90,113.22
149,1780554457323170560,1780554458323170560,Inter Token Latency,ms,p95,113.22
149,1780554457323170560,1780554458323170560,Inter Token Latency,ms,p99,113.22
149,1780554457323170560,1780554458323170560,Inter Token Latency,ms,std,0.00
149,1780554457323170560,1780554458323170560,Maximum Response Timestamp,ns,avg,1780554486125195776.00
149,1780554457323170560,1780554458323170560,Minimum Request Timestamp,ns,avg,1780554457596724992.00
149,1780554457323170560,1780554458323170560,OSL Mismatch Count,requests,avg,0.00
149,1780554457323170560,1780554458323170560,OSL Mismatch Diff %,%,avg,0.00
149,1780554457323170560,1780554458323170560,OSL Mismatch Diff %,%,min,0.00
149,1780554457323170560,1780554458323170560,OSL Mismatch Diff %,%,max,0.00
149,1780554457323170560,1780554458323170560,OSL Mismatch Diff %,%,sum,0.00
149,1780554457323170560,1780554458323170560,OSL Mismatch Diff %,%,p1,0.00
149,1780554457323170560,1780554458323170560,OSL Mismatch Diff %,%,p5,0.00
149,1780554457323170560,1780554458323170560,OSL Mismatch Diff %,%,p10,0.00
149,1780554457323170560,1780554458323170560,OSL Mismatch Diff %,%,p25,0.00
149,1780554457323170560,1780554458323170560,OSL Mismatch Diff %,%,p50,0.00
149,1780554457323170560,1780554458323170560,OSL Mismatch Diff %,%,p75,0.00
149,1780554457323170560,1780554458323170560,OSL Mismatch Diff %,%,p90,0.00
149,1780554457323170560,1780554458323170560,OSL Mismatch Diff %,%,p95,0.00
149,1780554457323170560,1780554458323170560,OSL Mismatch Diff %,%,p99,0.00
149,1780554457323170560,1780554458323170560,OSL Mismatch Diff %,%,std,0.00
149,1780554457323170560,1780554458323170560,Output Sequence Length,tokens,avg,247.00
149,1780554457323170560,1780554458323170560,Output Sequence Length,tokens,min,247.00
149,1780554457323170560,1780554458323170560,Output Sequence Length,tokens,max,247.00
149,1780554457323170560,1780554458323170560,Output Sequence Length,tokens,sum,247.00
149,1780554457323170560,1780554458323170560,Output Sequence Length,tokens,p1,247.00
149,1780554457323170560,1780554458323170560,Output Sequence Length,tokens,p5,247.00
149,1780554457323170560,1780554458323170560,Output Sequence Length,tokens,p10,247.00
149,1780554457323170560,1780554458323170560,Output Sequence Length,tokens,p25,247.00
149,1780554457323170560,1780554458323170560,Output Sequence Length,tokens,p50,247.00
149,1780554457323170560,1780554458323170560,Output Sequence Length,tokens,p75,247.00
149,1780554457323170560,1780554458323170560,Output Sequence Length,tokens,p90,247.00
149,1780554457323170560,1780554458323170560,Output Sequence Length,tokens,p95,247.00
149,1780554457323170560,1780554458323170560,Output Sequence Length,tokens,p99,247.00
149,1780554457323170560,1780554458323170560,Output Sequence Length,tokens,std,0.00
149,1780554457323170560,1780554458323170560,Output Token Count,tokens,avg,247.00
149,1780554457323170560,1780554458323170560,Output Token Count,tokens,min,247.00
149,1780554457323170560,1780554458323170560,Output Token Count,tokens,max,247.00
149,1780554457323170560,1780554458323170560,Output Token Count,tokens,sum,247.00
149,1780554457323170560,1780554458323170560,Output Token Count,tokens,p1,247.00
149,1780554457323170560,1780554458323170560,Output Token Count,tokens,p5,247.00
149,1780554457323170560,1780554458323170560,Output Token Count,tokens,p10,247.00
149,1780554457323170560,1780554458323170560,Output Token Count,tokens,p25,247.00
149,1780554457323170560,1780554458323170560,Output Token Count,tokens,p50,247.00
149,1780554457323170560,1780554458323170560,Output Token Count,tokens,p75,247.00
149,1780554457323170560,1780554458323170560,Output Token Count,tokens,p90,247.00
149,1780554457323170560,1780554458323170560,Output Token Count,tokens,p95,247.00
149,1780554457323170560,1780554458323170560,Output Token Count,tokens,p99,247.00
149,1780554457323170560,1780554458323170560,Output Token Count,tokens,std,0.00
149,1780554457323170560,1780554458323170560,Output Token Throughput,tokens/sec,avg,247.00
149,1780554457323170560,1780554458323170560,Output Token Throughput Per User,tokens/sec/user,avg,8.83
149,1780554457323170560,1780554458323170560,Output Token Throughput Per User,tokens/sec/user,min,8.83
149,1780554457323170560,1780554458323170560,Output Token Throughput Per User,tokens/sec/user,max,8.83
149,1780554457323170560,1780554458323170560,Output Token Throughput Per User,tokens/sec/user,sum,8.83
149,1780554457323170560,1780554458323170560,Output Token Throughput Per User,tokens/sec/user,p1,8.83
149,1780554457323170560,1780554458323170560,Output Token Throughput Per User,tokens/sec/user,p5,8.83
149,1780554457323170560,1780554458323170560,Output Token Throughput Per User,tokens/sec/user,p10,8.83
149,1780554457323170560,1780554458323170560,Output Token Throughput Per User,tokens/sec/user,p25,8.83
149,1780554457323170560,1780554458323170560,Output Token Throughput Per User,tokens/sec/user,p50,8.83
149,1780554457323170560,1780554458323170560,Output Token Throughput Per User,tokens/sec/user,p75,8.83
149,1780554457323170560,1780554458323170560,Output Token Throughput Per User,tokens/sec/user,p90,8.83
149,1780554457323170560,1780554458323170560,Output Token Throughput Per User,tokens/sec/user,p95,8.83
149,1780554457323170560,1780554458323170560,Output Token Throughput Per User,tokens/sec/user,p99,8.83
149,1780554457323170560,1780554458323170560,Output Token Throughput Per User,tokens/sec/user,std,0.00
149,1780554457323170560,1780554458323170560,Prefill Throughput Per User,tokens/sec/user,avg,130288.02
149,1780554457323170560,1780554458323170560,Prefill Throughput Per User,tokens/sec/user,min,130288.02
149,1780554457323170560,1780554458323170560,Prefill Throughput Per User,tokens/sec/user,max,130288.02
149,1780554457323170560,1780554458323170560,Prefill Throughput Per User,tokens/sec/user,sum,130288.02
149,1780554457323170560,1780554458323170560,Prefill Throughput Per User,tokens/sec/user,p1,130288.02
149,1780554457323170560,1780554458323170560,Prefill Throughput Per User,tokens/sec/user,p5,130288.02
149,1780554457323170560,1780554458323170560,Prefill Throughput Per User,tokens/sec/user,p10,130288.02
149,1780554457323170560,1780554458323170560,Prefill Throughput Per User,tokens/sec/user,p25,130288.02
149,1780554457323170560,1780554458323170560,Prefill Throughput Per User,tokens/sec/user,p50,130288.02
149,1780554457323170560,1780554458323170560,Prefill Throughput Per User,tokens/sec/user,p75,130288.02
149,1780554457323170560,1780554458323170560,Prefill Throughput Per User,tokens/sec/user,p90,130288.02
149,1780554457323170560,1780554458323170560,Prefill Throughput Per User,tokens/sec/user,p95,130288.02
149,1780554457323170560,1780554458323170560,Prefill Throughput Per User,tokens/sec/user,p99,130288.02
149,1780554457323170560,1780554458323170560,Prefill Throughput Per User,tokens/sec/user,std,0.00
149,1780554457323170560,1780554458323170560,Request Count,requests,avg,1.00
149,1780554457323170560,1780554458323170560,Request Latency,ms,avg,28528.47
149,1780554457323170560,1780554458323170560,Request Latency,ms,min,28528.47
149,1780554457323170560,1780554458323170560,Request Latency,ms,max,28528.47
149,1780554457323170560,1780554458323170560,Request Latency,ms,sum,28528.47
149,1780554457323170560,1780554458323170560,Request Latency,ms,p1,28528.47
149,1780554457323170560,1780554458323170560,Request Latency,ms,p5,28528.47
149,1780554457323170560,1780554458323170560,Request Latency,ms,p10,28528.47
149,1780554457323170560,1780554458323170560,Request Latency,ms,p25,28528.47
149,1780554457323170560,1780554458323170560,Request Latency,ms,p50,28528.47
149,1780554457323170560,1780554458323170560,Request Latency,ms,p75,28528.47
149,1780554457323170560,1780554458323170560,Request Latency,ms,p90,28528.47
149,1780554457323170560,1780554458323170560,Request Latency,ms,p95,28528.47
149,1780554457323170560,1780554458323170560,Request Latency,ms,p99,28528.47
149,1780554457323170560,1780554458323170560,Request Latency,ms,std,0.00
149,1780554457323170560,1780554458323170560,Request Throughput,requests/sec,avg,1.00
149,1780554457323170560,1780554458323170560,Requested OSL,tokens,avg,247.00
149,1780554457323170560,1780554458323170560,Requested OSL,tokens,min,247.00
149,1780554457323170560,1780554458323170560,Requested OSL,tokens,max,247.00
149,1780554457323170560,1780554458323170560,Requested OSL,tokens,sum,247.00
149,1780554457323170560,1780554458323170560,Requested OSL,tokens,p1,247.00
149,1780554457323170560,1780554458323170560,Requested OSL,tokens,p5,247.00
149,1780554457323170560,1780554458323170560,Requested OSL,tokens,p10,247.00
149,1780554457323170560,1780554458323170560,Requested OSL,tokens,p25,247.00
149,1780554457323170560,1780554458323170560,Requested OSL,tokens,p50,247.00
149,1780554457323170560,1780554458323170560,Requested OSL,tokens,p75,247.00
149,1780554457323170560,1780554458323170560,Requested OSL,tokens,p90,247.00
149,1780554457323170560,1780554458323170560,Requested OSL,tokens,p95,247.00
149,1780554457323170560,1780554458323170560,Requested OSL,tokens,p99,247.00
149,1780554457323170560,1780554458323170560,Requested OSL,tokens,std,0.00
149,1780554457323170560,1780554458323170560,Time to First Output Token,ms,avg,675.48
149,1780554457323170560,1780554458323170560,Time to First Output Token,ms,min,675.48
149,1780554457323170560,1780554458323170560,Time to First Output Token,ms,max,675.48
149,1780554457323170560,1780554458323170560,Time to First Output Token,ms,sum,675.48
149,1780554457323170560,1780554458323170560,Time to First Output Token,ms,p1,675.48
149,1780554457323170560,1780554458323170560,Time to First Output Token,ms,p5,675.48
149,1780554457323170560,1780554458323170560,Time to First Output Token,ms,p10,675.48
149,1780554457323170560,1780554458323170560,Time to First Output Token,ms,p25,675.48
149,1780554457323170560,1780554458323170560,Time to First Output Token,ms,p50,675.48
149,1780554457323170560,1780554458323170560,Time to First Output Token,ms,p75,675.48
149,1780554457323170560,1780554458323170560,Time to First Output Token,ms,p90,675.48
149,1780554457323170560,1780554458323170560,Time to First Output Token,ms,p95,675.48
149,1780554457323170560,1780554458323170560,Time to First Output Token,ms,p99,675.48
149,1780554457323170560,1780554458323170560,Time to First Output Token,ms,std,0.00
149,1780554457323170560,1780554458323170560,Time to First Token,ms,avg,675.48
149,1780554457323170560,1780554458323170560,Time to First Token,ms,min,675.48
149,1780554457323170560,1780554458323170560,Time to First Token,ms,max,675.48
149,1780554457323170560,1780554458323170560,Time to First Token,ms,sum,675.48
149,1780554457323170560,1780554458323170560,Time to First Token,ms,p1,675.48
149,1780554457323170560,1780554458323170560,Time to First Token,ms,p5,675.48
149,1780554457323170560,1780554458323170560,Time to First Token,ms,p10,675.48
149,1780554457323170560,1780554458323170560,Time to First Token,ms,p25,675.48
149,1780554457323170560,1780554458323170560,Time to First Token,ms,p50,675.48
149,1780554457323170560,1780554458323170560,Time to First Token,ms,p75,675.48
149,1780554457323170560,1780554458323170560,Time to First Token,ms,p90,675.48
149,1780554457323170560,1780554458323170560,Time to First Token,ms,p95,675.48
149,1780554457323170560,1780554458323170560,Time to First Token,ms,p99,675.48
149,1780554457323170560,1780554458323170560,Time to First Token,ms,std,0.00
149,1780554457323170560,1780554458323170560,Time to Second Token,ms,avg,0.60
149,1780554457323170560,1780554458323170560,Time to Second Token,ms,min,0.60
149,1780554457323170560,1780554458323170560,Time to Second Token,ms,max,0.60
149,1780554457323170560,1780554458323170560,Time to Second Token,ms,sum,0.60
149,1780554457323170560,1780554458323170560,Time to Second Token,ms,p1,0.60
149,1780554457323170560,1780554458323170560,Time to Second Token,ms,p5,0.60
149,1780554457323170560,1780554458323170560,Time to Second Token,ms,p10,0.60
149,1780554457323170560,1780554458323170560,Time to Second Token,ms,p25,0.60
149,1780554457323170560,1780554458323170560,Time to Second Token,ms,p50,0.60
149,1780554457323170560,1780554458323170560,Time to Second Token,ms,p75,0.60
149,1780554457323170560,1780554458323170560,Time to Second Token,ms,p90,0.60
149,1780554457323170560,1780554458323170560,Time to Second Token,ms,p95,0.60
149,1780554457323170560,1780554458323170560,Time to Second Token,ms,p99,0.60
149,1780554457323170560,1780554458323170560,Time to Second Token,ms,std,0.00
149,1780554457323170560,1780554458323170560,Tokens In Flight,tokens,avg,822118.83
149,1780554457323170560,1780554458323170560,Tokens In Flight,tokens,min,758140.09
149,1780554457323170560,1780554458323170560,Tokens In Flight,tokens,max,846240.58
149,1780554457323170560,1780554458323170560,Tokens In Flight,tokens,p50,846191.62
149,1780554457323170560,1780554458323170560,Tokens In Flight,tokens,p90,846229.16
149,1780554457323170560,1780554458323170560,Tokens In Flight,tokens,p95,846233.30
149,1780554457323170560,1780554458323170560,Tokens In Flight,tokens,p99,846240.58
149,1780554457323170560,1780554458323170560,Tokens In Flight,tokens,std,39251.89
149,1780554457323170560,1780554458323170560,Total Input Sequence Length,tokens,avg,88007.00
149,1780554457323170560,1780554458323170560,Total Output Sequence Length,tokens,avg,247.00
149,1780554457323170560,1780554458323170560,Total Output Tokens,tokens,avg,247.00
149,1780554457323170560,1780554458323170560,Total Token Throughput,tokens/sec,avg,88254.00
149,1780554457323170560,1780554458323170560,Total Usage Completion Tokens,tokens,avg,247.00
149,1780554457323170560,1780554458323170560,Total Usage Prompt Tokens,tokens,avg,88007.00
149,1780554457323170560,1780554458323170560,Total Usage Total Tokens,tokens,avg,88254.00
149,1780554457323170560,1780554458323170560,Usage Completion Tokens,tokens,avg,247.00
149,1780554457323170560,1780554458323170560,Usage Completion Tokens,tokens,min,247.00
149,1780554457323170560,1780554458323170560,Usage Completion Tokens,tokens,max,247.00
149,1780554457323170560,1780554458323170560,Usage Completion Tokens,tokens,sum,247.00
149,1780554457323170560,1780554458323170560,Usage Completion Tokens,tokens,p1,247.00
149,1780554457323170560,1780554458323170560,Usage Completion Tokens,tokens,p5,247.00
149,1780554457323170560,1780554458323170560,Usage Completion Tokens,tokens,p10,247.00
149,1780554457323170560,1780554458323170560,Usage Completion Tokens,tokens,p25,247.00
149,1780554457323170560,1780554458323170560,Usage Completion Tokens,tokens,p50,247.00
149,1780554457323170560,1780554458323170560,Usage Completion Tokens,tokens,p75,247.00
149,1780554457323170560,1780554458323170560,Usage Completion Tokens,tokens,p90,247.00
149,1780554457323170560,1780554458323170560,Usage Completion Tokens,tokens,p95,247.00
149,1780554457323170560,1780554458323170560,Usage Completion Tokens,tokens,p99,247.00
149,1780554457323170560,1780554458323170560,Usage Completion Tokens,tokens,std,0.00
149,1780554457323170560,1780554458323170560,Usage Prompt Tokens,tokens,avg,88007.00
149,1780554457323170560,1780554458323170560,Usage Prompt Tokens,tokens,min,88007.00
149,1780554457323170560,1780554458323170560,Usage Prompt Tokens,tokens,max,88007.00
149,1780554457323170560,1780554458323170560,Usage Prompt Tokens,tokens,sum,88007.00
149,1780554457323170560,1780554458323170560,Usage Prompt Tokens,tokens,p1,88007.00
149,1780554457323170560,1780554458323170560,Usage Prompt Tokens,tokens,p5,88007.00
149,1780554457323170560,1780554458323170560,Usage Prompt Tokens,tokens,p10,88007.00
149,1780554457323170560,1780554458323170560,Usage Prompt Tokens,tokens,p25,88007.00
149,1780554457323170560,1780554458323170560,Usage Prompt Tokens,tokens,p50,88007.00
149,1780554457323170560,1780554458323170560,Usage Prompt Tokens,tokens,p75,88007.00
149,1780554457323170560,1780554458323170560,Usage Prompt Tokens,tokens,p90,88007.00
149,1780554457323170560,1780554458323170560,Usage Prompt Tokens,tokens,p95,88007.00
149,1780554457323170560,1780554458323170560,Usage Prompt Tokens,tokens,p99,88007.00
149,1780554457323170560,1780554458323170560,Usage Prompt Tokens,tokens,std,0.00
149,1780554457323170560,1780554458323170560,Usage Total Tokens,tokens,avg,88254.00
149,1780554457323170560,1780554458323170560,Usage Total Tokens,tokens,min,88254.00
149,1780554457323170560,1780554458323170560,Usage Total Tokens,tokens,max,88254.00
149,1780554457323170560,1780554458323170560,Usage Total Tokens,tokens,sum,88254.00
149,1780554457323170560,1780554458323170560,Usage Total Tokens,tokens,p1,88254.00
149,1780554457323170560,1780554458323170560,Usage Total Tokens,tokens,p5,88254.00
149,1780554457323170560,1780554458323170560,Usage Total Tokens,tokens,p10,88254.00
149,1780554457323170560,1780554458323170560,Usage Total Tokens,tokens,p25,88254.00
149,1780554457323170560,1780554458323170560,Usage Total Tokens,tokens,p50,88254.00
149,1780554457323170560,1780554458323170560,Usage Total Tokens,tokens,p75,88254.00
149,1780554457323170560,1780554458323170560,Usage Total Tokens,tokens,p90,88254.00
149,1780554457323170560,1780554458323170560,Usage Total Tokens,tokens,p95,88254.00
149,1780554457323170560,1780554458323170560,Usage Total Tokens,tokens,p99,88254.00
149,1780554457323170560,1780554458323170560,Usage Total Tokens,tokens,std,0.00
150,1780554470323170560,1780554471323170560,Active Decode Throughput,tokens/sec,avg,71.40
150,1780554470323170560,1780554471323170560,Active Decode Throughput,tokens/sec,min,57.66
150,1780554470323170560,1780554471323170560,Active Decode Throughput,tokens/sec,max,84.60
150,1780554470323170560,1780554471323170560,Active Decode Throughput,tokens/sec,p50,71.40
150,1780554470323170560,1780554471323170560,Active Decode Throughput,tokens/sec,p90,71.42
150,1780554470323170560,1780554471323170560,Active Decode Throughput,tokens/sec,p95,71.43
150,1780554470323170560,1780554471323170560,Active Decode Throughput,tokens/sec,p99,71.43
150,1780554470323170560,1780554471323170560,Active Decode Throughput,tokens/sec,std,0.03
150,1780554470323170560,1780554471323170560,Active Decode Throughput Per User,tokens/sec/user,avg,7.93
150,1780554470323170560,1780554471323170560,Active Decode Throughput Per User,tokens/sec/user,min,6.41
150,1780554470323170560,1780554471323170560,Active Decode Throughput Per User,tokens/sec/user,max,9.40
150,1780554470323170560,1780554471323170560,Active Decode Throughput Per User,tokens/sec/user,p50,7.93
150,1780554470323170560,1780554471323170560,Active Decode Throughput Per User,tokens/sec/user,p90,7.94
150,1780554470323170560,1780554471323170560,Active Decode Throughput Per User,tokens/sec/user,p95,7.94
150,1780554470323170560,1780554471323170560,Active Decode Throughput Per User,tokens/sec/user,p99,7.94
150,1780554470323170560,1780554471323170560,Active Decode Throughput Per User,tokens/sec/user,std,0.00
150,1780554470323170560,1780554471323170560,Active Prefill Throughput,tokens/sec,avg,63445.47
150,1780554470323170560,1780554471323170560,Active Prefill Throughput,tokens/sec,min,63445.47
150,1780554470323170560,1780554471323170560,Active Prefill Throughput,tokens/sec,max,63445.47
150,1780554470323170560,1780554471323170560,Active Prefill Throughput,tokens/sec,p50,63445.47
150,1780554470323170560,1780554471323170560,Active Prefill Throughput,tokens/sec,p90,63445.47
150,1780554470323170560,1780554471323170560,Active Prefill Throughput,tokens/sec,p95,63445.47
150,1780554470323170560,1780554471323170560,Active Prefill Throughput,tokens/sec,p99,63445.47
150,1780554470323170560,1780554471323170560,Active Prefill Throughput,tokens/sec,std,0.00
150,1780554470323170560,1780554471323170560,Active Prefill Throughput Per User,tokens/sec/user,avg,63445.47
150,1780554470323170560,1780554471323170560,Active Prefill Throughput Per User,tokens/sec/user,min,63445.47
150,1780554470323170560,1780554471323170560,Active Prefill Throughput Per User,tokens/sec/user,max,63445.47
150,1780554470323170560,1780554471323170560,Active Prefill Throughput Per User,tokens/sec/user,p50,63445.47
150,1780554470323170560,1780554471323170560,Active Prefill Throughput Per User,tokens/sec/user,p90,63445.47
150,1780554470323170560,1780554471323170560,Active Prefill Throughput Per User,tokens/sec/user,p95,63445.47
150,1780554470323170560,1780554471323170560,Active Prefill Throughput Per User,tokens/sec/user,p99,63445.47
150,1780554470323170560,1780554471323170560,Active Prefill Throughput Per User,tokens/sec/user,std,0.00
150,1780554470323170560,1780554471323170560,Active Total Throughput,tokens/sec,avg,2041.51
150,1780554470323170560,1780554471323170560,Active Total Throughput,tokens/sec,min,86.16
150,1780554470323170560,1780554471323170560,Active Total Throughput,tokens/sec,max,63531.63
150,1780554470323170560,1780554471323170560,Active Total Throughput,tokens/sec,p50,86.16
150,1780554470323170560,1780554471323170560,Active Total Throughput,tokens/sec,p90,86.16
150,1780554470323170560,1780554471323170560,Active Total Throughput,tokens/sec,p95,86.16
150,1780554470323170560,1780554471323170560,Active Total Throughput,tokens/sec,p99,63531.63
150,1780554470323170560,1780554471323170560,Active Total Throughput,tokens/sec,std,10965.15
150,1780554470323170560,1780554471323170560,Benchmark Duration,sec,avg,69.98
150,1780554470323170560,1780554471323170560,E2E Output Token Throughput,tokens/sec/user,avg,10.10
150,1780554470323170560,1780554471323170560,E2E Output Token Throughput,tokens/sec/user,min,10.10
150,1780554470323170560,1780554471323170560,E2E Output Token Throughput,tokens/sec/user,max,10.10
150,1780554470323170560,1780554471323170560,E2E Output Token Throughput,tokens/sec/user,sum,10.10
150,1780554470323170560,1780554471323170560,E2E Output Token Throughput,tokens/sec/user,p1,10.10
150,1780554470323170560,1780554471323170560,E2E Output Token Throughput,tokens/sec/user,p5,10.10
150,1780554470323170560,1780554471323170560,E2E Output Token Throughput,tokens/sec/user,p10,10.10
150,1780554470323170560,1780554471323170560,E2E Output Token Throughput,tokens/sec/user,p25,10.10
150,1780554470323170560,1780554471323170560,E2E Output Token Throughput,tokens/sec/user,p50,10.10
150,1780554470323170560,1780554471323170560,E2E Output Token Throughput,tokens/sec/user,p75,10.10
150,1780554470323170560,1780554471323170560,E2E Output Token Throughput,tokens/sec/user,p90,10.10
150,1780554470323170560,1780554471323170560,E2E Output Token Throughput,tokens/sec/user,p95,10.10
150,1780554470323170560,1780554471323170560,E2E Output Token Throughput,tokens/sec/user,p99,10.10
150,1780554470323170560,1780554471323170560,E2E Output Token Throughput,tokens/sec/user,std,0.00
150,1780554470323170560,1780554471323170560,Effective Concurrency,requests,avg,9.03
150,1780554470323170560,1780554471323170560,Effective Concurrency,requests,min,9.00
150,1780554470323170560,1780554471323170560,Effective Concurrency,requests,max,10.00
150,1780554470323170560,1780554471323170560,Effective Concurrency,requests,p50,9.00
150,1780554470323170560,1780554471323170560,Effective Concurrency,requests,p90,9.00
150,1780554470323170560,1780554471323170560,Effective Concurrency,requests,p95,9.00
150,1780554470323170560,1780554471323170560,Effective Concurrency,requests,p99,10.00
150,1780554470323170560,1780554471323170560,Effective Concurrency,requests,std,0.17
150,1780554470323170560,1780554471323170560,Effective Decode Concurrency,requests,avg,9.00
150,1780554470323170560,1780554471323170560,Effective Decode Concurrency,requests,min,9.00
150,1780554470323170560,1780554471323170560,Effective Decode Concurrency,requests,max,9.00
150,1780554470323170560,1780554471323170560,Effective Decode Concurrency,requests,p50,9.00
150,1780554470323170560,1780554471323170560,Effective Decode Concurrency,requests,p90,9.00
150,1780554470323170560,1780554471323170560,Effective Decode Concurrency,requests,p95,9.00
150,1780554470323170560,1780554471323170560,Effective Decode Concurrency,requests,p99,9.00
150,1780554470323170560,1780554471323170560,Effective Decode Concurrency,requests,std,0.00
150,1780554470323170560,1780554471323170560,Effective Decode Throughput,tokens/sec,avg,71.40
150,1780554470323170560,1780554471323170560,Effective Decode Throughput,tokens/sec,min,57.66
150,1780554470323170560,1780554471323170560,Effective Decode Throughput,tokens/sec,max,84.60
150,1780554470323170560,1780554471323170560,Effective Decode Throughput,tokens/sec,p50,71.40
150,1780554470323170560,1780554471323170560,Effective Decode Throughput,tokens/sec,p90,71.42
150,1780554470323170560,1780554471323170560,Effective Decode Throughput,tokens/sec,p95,71.43
150,1780554470323170560,1780554471323170560,Effective Decode Throughput,tokens/sec,p99,71.43
150,1780554470323170560,1780554471323170560,Effective Decode Throughput,tokens/sec,std,0.03
150,1780554470323170560,1780554471323170560,Effective Decode Throughput Per User,tokens/sec/user,avg,7.93
150,1780554470323170560,1780554471323170560,Effective Decode Throughput Per User,tokens/sec/user,min,6.41
150,1780554470323170560,1780554471323170560,Effective Decode Throughput Per User,tokens/sec/user,max,9.40
150,1780554470323170560,1780554471323170560,Effective Decode Throughput Per User,tokens/sec/user,p50,7.93
150,1780554470323170560,1780554471323170560,Effective Decode Throughput Per User,tokens/sec/user,p90,7.94
150,1780554470323170560,1780554471323170560,Effective Decode Throughput Per User,tokens/sec/user,p95,7.94
150,1780554470323170560,1780554471323170560,Effective Decode Throughput Per User,tokens/sec/user,p99,7.94
150,1780554470323170560,1780554471323170560,Effective Decode Throughput Per User,tokens/sec/user,std,0.00
150,1780554470323170560,1780554471323170560,Effective Prefill Concurrency,requests,avg,0.03
150,1780554470323170560,1780554471323170560,Effective Prefill Concurrency,requests,min,0.00
150,1780554470323170560,1780554471323170560,Effective Prefill Concurrency,requests,max,1.00
150,1780554470323170560,1780554471323170560,Effective Prefill Concurrency,requests,p50,0.00
150,1780554470323170560,1780554471323170560,Effective Prefill Concurrency,requests,p90,0.00
150,1780554470323170560,1780554471323170560,Effective Prefill Concurrency,requests,p95,0.00
150,1780554470323170560,1780554471323170560,Effective Prefill Concurrency,requests,p99,1.00
150,1780554470323170560,1780554471323170560,Effective Prefill Concurrency,requests,std,0.17
150,1780554470323170560,1780554471323170560,Effective Prefill Throughput,tokens/sec,avg,1955.35
150,1780554470323170560,1780554471323170560,Effective Prefill Throughput,tokens/sec,min,0.00
150,1780554470323170560,1780554471323170560,Effective Prefill Throughput,tokens/sec,max,63445.47
150,1780554470323170560,1780554471323170560,Effective Prefill Throughput,tokens/sec,p50,0.00
150,1780554470323170560,1780554471323170560,Effective Prefill Throughput,tokens/sec,p90,0.00
150,1780554470323170560,1780554471323170560,Effective Prefill Throughput,tokens/sec,p95,0.00
150,1780554470323170560,1780554471323170560,Effective Prefill Throughput,tokens/sec,p99,63445.47
150,1780554470323170560,1780554471323170560,Effective Prefill Throughput,tokens/sec,std,10965.15
150,1780554470323170560,1780554471323170560,Effective Prefill Throughput Per User,tokens/sec/user,avg,1955.35
150,1780554470323170560,1780554471323170560,Effective Prefill Throughput Per User,tokens/sec/user,min,0.00
150,1780554470323170560,1780554471323170560,Effective Prefill Throughput Per User,tokens/sec/user,max,63445.47
150,1780554470323170560,1780554471323170560,Effective Prefill Throughput Per User,tokens/sec/user,p50,0.00
150,1780554470323170560,1780554471323170560,Effective Prefill Throughput Per User,tokens/sec/user,p90,0.00
150,1780554470323170560,1780554471323170560,Effective Prefill Throughput Per User,tokens/sec/user,p95,0.00
150,1780554470323170560,1780554471323170560,Effective Prefill Throughput Per User,tokens/sec/user,p99,63445.47
150,1780554470323170560,1780554471323170560,Effective Prefill Throughput Per User,tokens/sec/user,std,10965.15
150,1780554470323170560,1780554471323170560,Effective Total Throughput,tokens/sec,avg,2041.51
150,1780554470323170560,1780554471323170560,Effective Total Throughput,tokens/sec,min,86.16
150,1780554470323170560,1780554471323170560,Effective Total Throughput,tokens/sec,max,63531.63
150,1780554470323170560,1780554471323170560,Effective Total Throughput,tokens/sec,p50,86.16
150,1780554470323170560,1780554471323170560,Effective Total Throughput,tokens/sec,p90,86.16
150,1780554470323170560,1780554471323170560,Effective Total Throughput,tokens/sec,p95,86.16
150,1780554470323170560,1780554471323170560,Effective Total Throughput,tokens/sec,p99,63531.63
150,1780554470323170560,1780554471323170560,Effective Total Throughput,tokens/sec,std,10965.15
150,1780554470323170560,1780554471323170560,HTTP Blocked,ms,avg,0.00
150,1780554470323170560,1780554471323170560,HTTP Blocked,ms,min,0.00
150,1780554470323170560,1780554471323170560,HTTP Blocked,ms,max,0.00
150,1780554470323170560,1780554471323170560,HTTP Blocked,ms,sum,0.00
150,1780554470323170560,1780554471323170560,HTTP Blocked,ms,p1,0.00
150,1780554470323170560,1780554471323170560,HTTP Blocked,ms,p5,0.00
150,1780554470323170560,1780554471323170560,HTTP Blocked,ms,p10,0.00
150,1780554470323170560,1780554471323170560,HTTP Blocked,ms,p25,0.00
150,1780554470323170560,1780554471323170560,HTTP Blocked,ms,p50,0.00
150,1780554470323170560,1780554471323170560,HTTP Blocked,ms,p75,0.00
150,1780554470323170560,1780554471323170560,HTTP Blocked,ms,p90,0.00
150,1780554470323170560,1780554471323170560,HTTP Blocked,ms,p95,0.00
150,1780554470323170560,1780554471323170560,HTTP Blocked,ms,p99,0.00
150,1780554470323170560,1780554471323170560,HTTP Blocked,ms,std,0.00
150,1780554470323170560,1780554471323170560,HTTP Chunks Received,count,avg,707.00
150,1780554470323170560,1780554471323170560,HTTP Chunks Received,count,min,707.00
150,1780554470323170560,1780554471323170560,HTTP Chunks Received,count,max,707.00
150,1780554470323170560,1780554471323170560,HTTP Chunks Received,count,sum,707.00
150,1780554470323170560,1780554471323170560,HTTP Chunks Received,count,p1,707.00
150,1780554470323170560,1780554471323170560,HTTP Chunks Received,count,p5,707.00
150,1780554470323170560,1780554471323170560,HTTP Chunks Received,count,p10,707.00
150,1780554470323170560,1780554471323170560,HTTP Chunks Received,count,p25,707.00
150,1780554470323170560,1780554471323170560,HTTP Chunks Received,count,p50,707.00
150,1780554470323170560,1780554471323170560,HTTP Chunks Received,count,p75,707.00
150,1780554470323170560,1780554471323170560,HTTP Chunks Received,count,p90,707.00
150,1780554470323170560,1780554471323170560,HTTP Chunks Received,count,p95,707.00
150,1780554470323170560,1780554471323170560,HTTP Chunks Received,count,p99,707.00
150,1780554470323170560,1780554471323170560,HTTP Chunks Received,count,std,0.00
150,1780554470323170560,1780554471323170560,HTTP Chunks Sent,count,avg,1.00
150,1780554470323170560,1780554471323170560,HTTP Chunks Sent,count,min,1.00
150,1780554470323170560,1780554471323170560,HTTP Chunks Sent,count,max,1.00
150,1780554470323170560,1780554471323170560,HTTP Chunks Sent,count,sum,1.00
150,1780554470323170560,1780554471323170560,HTTP Chunks Sent,count,p1,1.00
150,1780554470323170560,1780554471323170560,HTTP Chunks Sent,count,p5,1.00
150,1780554470323170560,1780554471323170560,HTTP Chunks Sent,count,p10,1.00
150,1780554470323170560,1780554471323170560,HTTP Chunks Sent,count,p25,1.00
150,1780554470323170560,1780554471323170560,HTTP Chunks Sent,count,p50,1.00
150,1780554470323170560,1780554471323170560,HTTP Chunks Sent,count,p75,1.00
150,1780554470323170560,1780554471323170560,HTTP Chunks Sent,count,p90,1.00
150,1780554470323170560,1780554471323170560,HTTP Chunks Sent,count,p95,1.00
150,1780554470323170560,1780554471323170560,HTTP Chunks Sent,count,p99,1.00
150,1780554470323170560,1780554471323170560,HTTP Chunks Sent,count,std,0.00
150,1780554470323170560,1780554471323170560,HTTP Connecting,ms,avg,1.27
150,1780554470323170560,1780554471323170560,HTTP Connecting,ms,min,1.27
150,1780554470323170560,1780554471323170560,HTTP Connecting,ms,max,1.27
150,1780554470323170560,1780554471323170560,HTTP Connecting,ms,sum,1.27
150,1780554470323170560,1780554471323170560,HTTP Connecting,ms,p1,1.27
150,1780554470323170560,1780554471323170560,HTTP Connecting,ms,p5,1.27
150,1780554470323170560,1780554471323170560,HTTP Connecting,ms,p10,1.27
150,1780554470323170560,1780554471323170560,HTTP Connecting,ms,p25,1.27
150,1780554470323170560,1780554471323170560,HTTP Connecting,ms,p50,1.27
150,1780554470323170560,1780554471323170560,HTTP Connecting,ms,p75,1.27
150,1780554470323170560,1780554471323170560,HTTP Connecting,ms,p90,1.27
150,1780554470323170560,1780554471323170560,HTTP Connecting,ms,p95,1.27
150,1780554470323170560,1780554471323170560,HTTP Connecting,ms,p99,1.27
150,1780554470323170560,1780554471323170560,HTTP Connecting,ms,std,0.00
150,1780554470323170560,1780554471323170560,HTTP Connection Overhead,ms,avg,1.89
150,1780554470323170560,1780554471323170560,HTTP Connection Overhead,ms,min,1.89
150,1780554470323170560,1780554471323170560,HTTP Connection Overhead,ms,max,1.89
150,1780554470323170560,1780554471323170560,HTTP Connection Overhead,ms,sum,1.89
150,1780554470323170560,1780554471323170560,HTTP Connection Overhead,ms,p1,1.89
150,1780554470323170560,1780554471323170560,HTTP Connection Overhead,ms,p5,1.89
150,1780554470323170560,1780554471323170560,HTTP Connection Overhead,ms,p10,1.89
150,1780554470323170560,1780554471323170560,HTTP Connection Overhead,ms,p25,1.89
150,1780554470323170560,1780554471323170560,HTTP Connection Overhead,ms,p50,1.89
150,1780554470323170560,1780554471323170560,HTTP Connection Overhead,ms,p75,1.89
150,1780554470323170560,1780554471323170560,HTTP Connection Overhead,ms,p90,1.89
150,1780554470323170560,1780554471323170560,HTTP Connection Overhead,ms,p95,1.89
150,1780554470323170560,1780554471323170560,HTTP Connection Overhead,ms,p99,1.89
150,1780554470323170560,1780554471323170560,HTTP Connection Overhead,ms,std,0.00
150,1780554470323170560,1780554471323170560,HTTP Connection Reused,ratio,avg,0.00
150,1780554470323170560,1780554471323170560,HTTP Connection Reused,ratio,min,0.00
150,1780554470323170560,1780554471323170560,HTTP Connection Reused,ratio,max,0.00
150,1780554470323170560,1780554471323170560,HTTP Connection Reused,ratio,sum,0.00
150,1780554470323170560,1780554471323170560,HTTP Connection Reused,ratio,p1,0.00
150,1780554470323170560,1780554471323170560,HTTP Connection Reused,ratio,p5,0.00
150,1780554470323170560,1780554471323170560,HTTP Connection Reused,ratio,p10,0.00
150,1780554470323170560,1780554471323170560,HTTP Connection Reused,ratio,p25,0.00
150,1780554470323170560,1780554471323170560,HTTP Connection Reused,ratio,p50,0.00
150,1780554470323170560,1780554471323170560,HTTP Connection Reused,ratio,p75,0.00
150,1780554470323170560,1780554471323170560,HTTP Connection Reused,ratio,p90,0.00
150,1780554470323170560,1780554471323170560,HTTP Connection Reused,ratio,p95,0.00
150,1780554470323170560,1780554471323170560,HTTP Connection Reused,ratio,p99,0.00
150,1780554470323170560,1780554471323170560,HTTP Connection Reused,ratio,std,0.00
150,1780554470323170560,1780554471323170560,HTTP Data Received,KB,avg,176.58
150,1780554470323170560,1780554471323170560,HTTP Data Received,KB,min,176.58
150,1780554470323170560,1780554471323170560,HTTP Data Received,KB,max,176.58
150,1780554470323170560,1780554471323170560,HTTP Data Received,KB,sum,176.58
150,1780554470323170560,1780554471323170560,HTTP Data Received,KB,p1,176.58
150,1780554470323170560,1780554471323170560,HTTP Data Received,KB,p5,176.58
150,1780554470323170560,1780554471323170560,HTTP Data Received,KB,p10,176.58
150,1780554470323170560,1780554471323170560,HTTP Data Received,KB,p25,176.58
150,1780554470323170560,1780554471323170560,HTTP Data Received,KB,p50,176.58
150,1780554470323170560,1780554471323170560,HTTP Data Received,KB,p75,176.58
150,1780554470323170560,1780554471323170560,HTTP Data Received,KB,p90,176.58
150,1780554470323170560,1780554471323170560,HTTP Data Received,KB,p95,176.58
150,1780554470323170560,1780554471323170560,HTTP Data Received,KB,p99,176.58
150,1780554470323170560,1780554471323170560,HTTP Data Received,KB,std,0.00
150,1780554470323170560,1780554471323170560,HTTP Data Sent,KB,avg,155.55
150,1780554470323170560,1780554471323170560,HTTP Data Sent,KB,min,155.55
150,1780554470323170560,1780554471323170560,HTTP Data Sent,KB,max,155.55
150,1780554470323170560,1780554471323170560,HTTP Data Sent,KB,sum,155.55
150,1780554470323170560,1780554471323170560,HTTP Data Sent,KB,p1,155.55
150,1780554470323170560,1780554471323170560,HTTP Data Sent,KB,p5,155.55
150,1780554470323170560,1780554471323170560,HTTP Data Sent,KB,p10,155.55
150,1780554470323170560,1780554471323170560,HTTP Data Sent,KB,p25,155.55
150,1780554470323170560,1780554471323170560,HTTP Data Sent,KB,p50,155.55
150,1780554470323170560,1780554471323170560,HTTP Data Sent,KB,p75,155.55
150,1780554470323170560,1780554471323170560,HTTP Data Sent,KB,p90,155.55
150,1780554470323170560,1780554471323170560,HTTP Data Sent,KB,p95,155.55
150,1780554470323170560,1780554471323170560,HTTP Data Sent,KB,p99,155.55
150,1780554470323170560,1780554471323170560,HTTP Data Sent,KB,std,0.00
150,1780554470323170560,1780554471323170560,HTTP DNS Lookup,ms,avg,0.62
150,1780554470323170560,1780554471323170560,HTTP DNS Lookup,ms,min,0.62
150,1780554470323170560,1780554471323170560,HTTP DNS Lookup,ms,max,0.62
150,1780554470323170560,1780554471323170560,HTTP DNS Lookup,ms,sum,0.62
150,1780554470323170560,1780554471323170560,HTTP DNS Lookup,ms,p1,0.62
150,1780554470323170560,1780554471323170560,HTTP DNS Lookup,ms,p5,0.62
150,1780554470323170560,1780554471323170560,HTTP DNS Lookup,ms,p10,0.62
150,1780554470323170560,1780554471323170560,HTTP DNS Lookup,ms,p25,0.62
150,1780554470323170560,1780554471323170560,HTTP DNS Lookup,ms,p50,0.62
150,1780554470323170560,1780554471323170560,HTTP DNS Lookup,ms,p75,0.62
150,1780554470323170560,1780554471323170560,HTTP DNS Lookup,ms,p90,0.62
150,1780554470323170560,1780554471323170560,HTTP DNS Lookup,ms,p95,0.62
150,1780554470323170560,1780554471323170560,HTTP DNS Lookup,ms,p99,0.62
150,1780554470323170560,1780554471323170560,HTTP DNS Lookup,ms,std,0.00
150,1780554470323170560,1780554471323170560,HTTP Duration (excl. conn),ms,avg,69984.42
150,1780554470323170560,1780554471323170560,HTTP Duration (excl. conn),ms,min,69984.42
150,1780554470323170560,1780554471323170560,HTTP Duration (excl. conn),ms,max,69984.42
150,1780554470323170560,1780554471323170560,HTTP Duration (excl. conn),ms,sum,69984.42
150,1780554470323170560,1780554471323170560,HTTP Duration (excl. conn),ms,p1,69984.42
150,1780554470323170560,1780554471323170560,HTTP Duration (excl. conn),ms,p5,69984.42
150,1780554470323170560,1780554471323170560,HTTP Duration (excl. conn),ms,p10,69984.42
150,1780554470323170560,1780554471323170560,HTTP Duration (excl. conn),ms,p25,69984.42
150,1780554470323170560,1780554471323170560,HTTP Duration (excl. conn),ms,p50,69984.42
150,1780554470323170560,1780554471323170560,HTTP Duration (excl. conn),ms,p75,69984.42
150,1780554470323170560,1780554471323170560,HTTP Duration (excl. conn),ms,p90,69984.42
150,1780554470323170560,1780554471323170560,HTTP Duration (excl. conn),ms,p95,69984.42
150,1780554470323170560,1780554471323170560,HTTP Duration (excl. conn),ms,p99,69984.42
150,1780554470323170560,1780554471323170560,HTTP Duration (excl. conn),ms,std,0.00
150,1780554470323170560,1780554471323170560,HTTP Receiving,ms,avg,69351.91
150,1780554470323170560,1780554471323170560,HTTP Receiving,ms,min,69351.91
150,1780554470323170560,1780554471323170560,HTTP Receiving,ms,max,69351.91
150,1780554470323170560,1780554471323170560,HTTP Receiving,ms,sum,69351.91
150,1780554470323170560,1780554471323170560,HTTP Receiving,ms,p1,69351.91
150,1780554470323170560,1780554471323170560,HTTP Receiving,ms,p5,69351.91
150,1780554470323170560,1780554471323170560,HTTP Receiving,ms,p10,69351.91
150,1780554470323170560,1780554471323170560,HTTP Receiving,ms,p25,69351.91
150,1780554470323170560,1780554471323170560,HTTP Receiving,ms,p50,69351.91
150,1780554470323170560,1780554471323170560,HTTP Receiving,ms,p75,69351.91
150,1780554470323170560,1780554471323170560,HTTP Receiving,ms,p90,69351.91
150,1780554470323170560,1780554471323170560,HTTP Receiving,ms,p95,69351.91
150,1780554470323170560,1780554471323170560,HTTP Receiving,ms,p99,69351.91
150,1780554470323170560,1780554471323170560,HTTP Receiving,ms,std,0.00
150,1780554470323170560,1780554471323170560,HTTP Sending,ms,avg,1.58
150,1780554470323170560,1780554471323170560,HTTP Sending,ms,min,1.58
150,1780554470323170560,1780554471323170560,HTTP Sending,ms,max,1.58
150,1780554470323170560,1780554471323170560,HTTP Sending,ms,sum,1.58
150,1780554470323170560,1780554471323170560,HTTP Sending,ms,p1,1.58
150,1780554470323170560,1780554471323170560,HTTP Sending,ms,p5,1.58
150,1780554470323170560,1780554471323170560,HTTP Sending,ms,p10,1.58
150,1780554470323170560,1780554471323170560,HTTP Sending,ms,p25,1.58
150,1780554470323170560,1780554471323170560,HTTP Sending,ms,p50,1.58
150,1780554470323170560,1780554471323170560,HTTP Sending,ms,p75,1.58
150,1780554470323170560,1780554471323170560,HTTP Sending,ms,p90,1.58
150,1780554470323170560,1780554471323170560,HTTP Sending,ms,p95,1.58
150,1780554470323170560,1780554471323170560,HTTP Sending,ms,p99,1.58
150,1780554470323170560,1780554471323170560,HTTP Sending,ms,std,0.00
150,1780554470323170560,1780554471323170560,HTTP Total Time,ms,avg,69986.31
150,1780554470323170560,1780554471323170560,HTTP Total Time,ms,min,69986.31
150,1780554470323170560,1780554471323170560,HTTP Total Time,ms,max,69986.31
150,1780554470323170560,1780554471323170560,HTTP Total Time,ms,sum,69986.31
150,1780554470323170560,1780554471323170560,HTTP Total Time,ms,p1,69986.31
150,1780554470323170560,1780554471323170560,HTTP Total Time,ms,p5,69986.31
150,1780554470323170560,1780554471323170560,HTTP Total Time,ms,p10,69986.31
150,1780554470323170560,1780554471323170560,HTTP Total Time,ms,p25,69986.31
150,1780554470323170560,1780554471323170560,HTTP Total Time,ms,p50,69986.31
150,1780554470323170560,1780554471323170560,HTTP Total Time,ms,p75,69986.31
150,1780554470323170560,1780554471323170560,HTTP Total Time,ms,p90,69986.31
150,1780554470323170560,1780554471323170560,HTTP Total Time,ms,p95,69986.31
150,1780554470323170560,1780554471323170560,HTTP Total Time,ms,p99,69986.31
150,1780554470323170560,1780554471323170560,HTTP Total Time,ms,std,0.00
150,1780554470323170560,1780554471323170560,HTTP Waiting (TTFB),ms,avg,630.93
150,1780554470323170560,1780554471323170560,HTTP Waiting (TTFB),ms,min,630.93
150,1780554470323170560,1780554471323170560,HTTP Waiting (TTFB),ms,max,630.93
150,1780554470323170560,1780554471323170560,HTTP Waiting (TTFB),ms,sum,630.93
150,1780554470323170560,1780554471323170560,HTTP Waiting (TTFB),ms,p1,630.93
150,1780554470323170560,1780554471323170560,HTTP Waiting (TTFB),ms,p5,630.93
150,1780554470323170560,1780554471323170560,HTTP Waiting (TTFB),ms,p10,630.93
150,1780554470323170560,1780554471323170560,HTTP Waiting (TTFB),ms,p25,630.93
150,1780554470323170560,1780554471323170560,HTTP Waiting (TTFB),ms,p50,630.93
150,1780554470323170560,1780554471323170560,HTTP Waiting (TTFB),ms,p75,630.93
150,1780554470323170560,1780554471323170560,HTTP Waiting (TTFB),ms,p90,630.93
150,1780554470323170560,1780554471323170560,HTTP Waiting (TTFB),ms,p95,630.93
150,1780554470323170560,1780554471323170560,HTTP Waiting (TTFB),ms,p99,630.93
150,1780554470323170560,1780554471323170560,HTTP Waiting (TTFB),ms,std,0.00
150,1780554470323170560,1780554471323170560,Input Sequence Length,tokens,avg,40139.00
150,1780554470323170560,1780554471323170560,Input Sequence Length,tokens,min,40139.00
150,1780554470323170560,1780554471323170560,Input Sequence Length,tokens,max,40139.00
150,1780554470323170560,1780554471323170560,Input Sequence Length,tokens,sum,40139.00
150,1780554470323170560,1780554471323170560,Input Sequence Length,tokens,p1,40139.00
150,1780554470323170560,1780554471323170560,Input Sequence Length,tokens,p5,40139.00
150,1780554470323170560,1780554471323170560,Input Sequence Length,tokens,p10,40139.00
150,1780554470323170560,1780554471323170560,Input Sequence Length,tokens,p25,40139.00
150,1780554470323170560,1780554471323170560,Input Sequence Length,tokens,p50,40139.00
150,1780554470323170560,1780554471323170560,Input Sequence Length,tokens,p75,40139.00
150,1780554470323170560,1780554471323170560,Input Sequence Length,tokens,p90,40139.00
150,1780554470323170560,1780554471323170560,Input Sequence Length,tokens,p95,40139.00
150,1780554470323170560,1780554471323170560,Input Sequence Length,tokens,p99,40139.00
150,1780554470323170560,1780554471323170560,Input Sequence Length,tokens,std,0.00
150,1780554470323170560,1780554471323170560,Input Token Throughput,tokens/sec,avg,40139.00
150,1780554470323170560,1780554471323170560,Inter Chunk Latency,ms,avg,131.17
150,1780554470323170560,1780554471323170560,Inter Chunk Latency,ms,min,129.55
150,1780554470323170560,1780554471323170560,Inter Chunk Latency,ms,max,131.99
150,1780554470323170560,1780554471323170560,Inter Chunk Latency,ms,sum,92605.56
150,1780554470323170560,1780554471323170560,Inter Chunk Latency,ms,p1,129.57
150,1780554470323170560,1780554471323170560,Inter Chunk Latency,ms,p5,129.70
150,1780554470323170560,1780554471323170560,Inter Chunk Latency,ms,p10,129.83
150,1780554470323170560,1780554471323170560,Inter Chunk Latency,ms,p25,130.63
150,1780554470323170560,1780554471323170560,Inter Chunk Latency,ms,p50,131.46
150,1780554470323170560,1780554471323170560,Inter Chunk Latency,ms,p75,131.83
150,1780554470323170560,1780554471323170560,Inter Chunk Latency,ms,p90,131.93
150,1780554470323170560,1780554471323170560,Inter Chunk Latency,ms,p95,131.96
150,1780554470323170560,1780554471323170560,Inter Chunk Latency,ms,p99,131.99
150,1780554470323170560,1780554471323170560,Inter Chunk Latency,ms,std,0.77
150,1780554470323170560,1780554471323170560,Inter Token Latency,ms,avg,98.23
150,1780554470323170560,1780554471323170560,Inter Token Latency,ms,min,98.23
150,1780554470323170560,1780554471323170560,Inter Token Latency,ms,max,98.23
150,1780554470323170560,1780554471323170560,Inter Token Latency,ms,sum,98.23
150,1780554470323170560,1780554471323170560,Inter Token Latency,ms,p1,98.23
150,1780554470323170560,1780554471323170560,Inter Token Latency,ms,p5,98.23
150,1780554470323170560,1780554471323170560,Inter Token Latency,ms,p10,98.23
150,1780554470323170560,1780554471323170560,Inter Token Latency,ms,p25,98.23
150,1780554470323170560,1780554471323170560,Inter Token Latency,ms,p50,98.23
150,1780554470323170560,1780554471323170560,Inter Token Latency,ms,p75,98.23
150,1780554470323170560,1780554471323170560,Inter Token Latency,ms,p90,98.23
150,1780554470323170560,1780554471323170560,Inter Token Latency,ms,p95,98.23
150,1780554470323170560,1780554471323170560,Inter Token Latency,ms,p99,98.23
150,1780554470323170560,1780554471323170560,Inter Token Latency,ms,std,0.00
150,1780554470323170560,1780554471323170560,Maximum Response Timestamp,ns,avg,1780554541276900864.00
150,1780554470323170560,1780554471323170560,Minimum Request Timestamp,ns,avg,1780554471292351232.00
150,1780554470323170560,1780554471323170560,OSL Mismatch Count,requests,avg,0.00
150,1780554470323170560,1780554471323170560,OSL Mismatch Diff %,%,avg,0.00
150,1780554470323170560,1780554471323170560,OSL Mismatch Diff %,%,min,0.00
150,1780554470323170560,1780554471323170560,OSL Mismatch Diff %,%,max,0.00
150,1780554470323170560,1780554471323170560,OSL Mismatch Diff %,%,sum,0.00
150,1780554470323170560,1780554471323170560,OSL Mismatch Diff %,%,p1,0.00
150,1780554470323170560,1780554471323170560,OSL Mismatch Diff %,%,p5,0.00
150,1780554470323170560,1780554471323170560,OSL Mismatch Diff %,%,p10,0.00
150,1780554470323170560,1780554471323170560,OSL Mismatch Diff %,%,p25,0.00
150,1780554470323170560,1780554471323170560,OSL Mismatch Diff %,%,p50,0.00
150,1780554470323170560,1780554471323170560,OSL Mismatch Diff %,%,p75,0.00
150,1780554470323170560,1780554471323170560,OSL Mismatch Diff %,%,p90,0.00
150,1780554470323170560,1780554471323170560,OSL Mismatch Diff %,%,p95,0.00
150,1780554470323170560,1780554471323170560,OSL Mismatch Diff %,%,p99,0.00
150,1780554470323170560,1780554471323170560,OSL Mismatch Diff %,%,std,0.00
150,1780554470323170560,1780554471323170560,Output Sequence Length,tokens,avg,707.00
150,1780554470323170560,1780554471323170560,Output Sequence Length,tokens,min,707.00
150,1780554470323170560,1780554471323170560,Output Sequence Length,tokens,max,707.00
150,1780554470323170560,1780554471323170560,Output Sequence Length,tokens,sum,707.00
150,1780554470323170560,1780554471323170560,Output Sequence Length,tokens,p1,707.00
150,1780554470323170560,1780554471323170560,Output Sequence Length,tokens,p5,707.00
150,1780554470323170560,1780554471323170560,Output Sequence Length,tokens,p10,707.00
150,1780554470323170560,1780554471323170560,Output Sequence Length,tokens,p25,707.00
150,1780554470323170560,1780554471323170560,Output Sequence Length,tokens,p50,707.00
150,1780554470323170560,1780554471323170560,Output Sequence Length,tokens,p75,707.00
150,1780554470323170560,1780554471323170560,Output Sequence Length,tokens,p90,707.00
150,1780554470323170560,1780554471323170560,Output Sequence Length,tokens,p95,707.00
150,1780554470323170560,1780554471323170560,Output Sequence Length,tokens,p99,707.00
150,1780554470323170560,1780554471323170560,Output Sequence Length,tokens,std,0.00
150,1780554470323170560,1780554471323170560,Output Token Count,tokens,avg,707.00
150,1780554470323170560,1780554471323170560,Output Token Count,tokens,min,707.00
150,1780554470323170560,1780554471323170560,Output Token Count,tokens,max,707.00
150,1780554470323170560,1780554471323170560,Output Token Count,tokens,sum,707.00
150,1780554470323170560,1780554471323170560,Output Token Count,tokens,p1,707.00
150,1780554470323170560,1780554471323170560,Output Token Count,tokens,p5,707.00
150,1780554470323170560,1780554471323170560,Output Token Count,tokens,p10,707.00
150,1780554470323170560,1780554471323170560,Output Token Count,tokens,p25,707.00
150,1780554470323170560,1780554471323170560,Output Token Count,tokens,p50,707.00
150,1780554470323170560,1780554471323170560,Output Token Count,tokens,p75,707.00
150,1780554470323170560,1780554471323170560,Output Token Count,tokens,p90,707.00
150,1780554470323170560,1780554471323170560,Output Token Count,tokens,p95,707.00
150,1780554470323170560,1780554471323170560,Output Token Count,tokens,p99,707.00
150,1780554470323170560,1780554471323170560,Output Token Count,tokens,std,0.00
150,1780554470323170560,1780554471323170560,Output Token Throughput,tokens/sec,avg,707.00
150,1780554470323170560,1780554471323170560,Output Token Throughput Per User,tokens/sec/user,avg,10.18
150,1780554470323170560,1780554471323170560,Output Token Throughput Per User,tokens/sec/user,min,10.18
150,1780554470323170560,1780554471323170560,Output Token Throughput Per User,tokens/sec/user,max,10.18
150,1780554470323170560,1780554471323170560,Output Token Throughput Per User,tokens/sec/user,sum,10.18
150,1780554470323170560,1780554471323170560,Output Token Throughput Per User,tokens/sec/user,p1,10.18
150,1780554470323170560,1780554471323170560,Output Token Throughput Per User,tokens/sec/user,p5,10.18
150,1780554470323170560,1780554471323170560,Output Token Throughput Per User,tokens/sec/user,p10,10.18
150,1780554470323170560,1780554471323170560,Output Token Throughput Per User,tokens/sec/user,p25,10.18
150,1780554470323170560,1780554471323170560,Output Token Throughput Per User,tokens/sec/user,p50,10.18
150,1780554470323170560,1780554471323170560,Output Token Throughput Per User,tokens/sec/user,p75,10.18
150,1780554470323170560,1780554471323170560,Output Token Throughput Per User,tokens/sec/user,p90,10.18
150,1780554470323170560,1780554471323170560,Output Token Throughput Per User,tokens/sec/user,p95,10.18
150,1780554470323170560,1780554471323170560,Output Token Throughput Per User,tokens/sec/user,p99,10.18
150,1780554470323170560,1780554471323170560,Output Token Throughput Per User,tokens/sec/user,std,0.00
150,1780554470323170560,1780554471323170560,Prefill Throughput Per User,tokens/sec/user,avg,63445.47
150,1780554470323170560,1780554471323170560,Prefill Throughput Per User,tokens/sec/user,min,63445.47
150,1780554470323170560,1780554471323170560,Prefill Throughput Per User,tokens/sec/user,max,63445.47
150,1780554470323170560,1780554471323170560,Prefill Throughput Per User,tokens/sec/user,sum,63445.47
150,1780554470323170560,1780554471323170560,Prefill Throughput Per User,tokens/sec/user,p1,63445.47
150,1780554470323170560,1780554471323170560,Prefill Throughput Per User,tokens/sec/user,p5,63445.47
150,1780554470323170560,1780554471323170560,Prefill Throughput Per User,tokens/sec/user,p10,63445.47
150,1780554470323170560,1780554471323170560,Prefill Throughput Per User,tokens/sec/user,p25,63445.47
150,1780554470323170560,1780554471323170560,Prefill Throughput Per User,tokens/sec/user,p50,63445.47
150,1780554470323170560,1780554471323170560,Prefill Throughput Per User,tokens/sec/user,p75,63445.47
150,1780554470323170560,1780554471323170560,Prefill Throughput Per User,tokens/sec/user,p90,63445.47
150,1780554470323170560,1780554471323170560,Prefill Throughput Per User,tokens/sec/user,p95,63445.47
150,1780554470323170560,1780554471323170560,Prefill Throughput Per User,tokens/sec/user,p99,63445.47
150,1780554470323170560,1780554471323170560,Prefill Throughput Per User,tokens/sec/user,std,0.00
150,1780554470323170560,1780554471323170560,Request Count,requests,avg,1.00
150,1780554470323170560,1780554471323170560,Request Latency,ms,avg,69984.55
150,1780554470323170560,1780554471323170560,Request Latency,ms,min,69984.55
150,1780554470323170560,1780554471323170560,Request Latency,ms,max,69984.55
150,1780554470323170560,1780554471323170560,Request Latency,ms,sum,69984.55
150,1780554470323170560,1780554471323170560,Request Latency,ms,p1,69984.55
150,1780554470323170560,1780554471323170560,Request Latency,ms,p5,69984.55
150,1780554470323170560,1780554471323170560,Request Latency,ms,p10,69984.55
150,1780554470323170560,1780554471323170560,Request Latency,ms,p25,69984.55
150,1780554470323170560,1780554471323170560,Request Latency,ms,p50,69984.55
150,1780554470323170560,1780554471323170560,Request Latency,ms,p75,69984.55
150,1780554470323170560,1780554471323170560,Request Latency,ms,p90,69984.55
150,1780554470323170560,1780554471323170560,Request Latency,ms,p95,69984.55
150,1780554470323170560,1780554471323170560,Request Latency,ms,p99,69984.55
150,1780554470323170560,1780554471323170560,Request Latency,ms,std,0.00
150,1780554470323170560,1780554471323170560,Request Throughput,requests/sec,avg,1.00
150,1780554470323170560,1780554471323170560,Requested OSL,tokens,avg,707.00
150,1780554470323170560,1780554471323170560,Requested OSL,tokens,min,707.00
150,1780554470323170560,1780554471323170560,Requested OSL,tokens,max,707.00
150,1780554470323170560,1780554471323170560,Requested OSL,tokens,sum,707.00
150,1780554470323170560,1780554471323170560,Requested OSL,tokens,p1,707.00
150,1780554470323170560,1780554471323170560,Requested OSL,tokens,p5,707.00
150,1780554470323170560,1780554471323170560,Requested OSL,tokens,p10,707.00
150,1780554470323170560,1780554471323170560,Requested OSL,tokens,p25,707.00
150,1780554470323170560,1780554471323170560,Requested OSL,tokens,p50,707.00
150,1780554470323170560,1780554471323170560,Requested OSL,tokens,p75,707.00
150,1780554470323170560,1780554471323170560,Requested OSL,tokens,p90,707.00
150,1780554470323170560,1780554471323170560,Requested OSL,tokens,p95,707.00
150,1780554470323170560,1780554471323170560,Requested OSL,tokens,p99,707.00
150,1780554470323170560,1780554471323170560,Requested OSL,tokens,std,0.00
150,1780554470323170560,1780554471323170560,Time to First Output Token,ms,avg,632.65
150,1780554470323170560,1780554471323170560,Time to First Output Token,ms,min,632.65
150,1780554470323170560,1780554471323170560,Time to First Output Token,ms,max,632.65
150,1780554470323170560,1780554471323170560,Time to First Output Token,ms,sum,632.65
150,1780554470323170560,1780554471323170560,Time to First Output Token,ms,p1,632.65
150,1780554470323170560,1780554471323170560,Time to First Output Token,ms,p5,632.65
150,1780554470323170560,1780554471323170560,Time to First Output Token,ms,p10,632.65
150,1780554470323170560,1780554471323170560,Time to First Output Token,ms,p25,632.65
150,1780554470323170560,1780554471323170560,Time to First Output Token,ms,p50,632.65
150,1780554470323170560,1780554471323170560,Time to First Output Token,ms,p75,632.65
150,1780554470323170560,1780554471323170560,Time to First Output Token,ms,p90,632.65
150,1780554470323170560,1780554471323170560,Time to First Output Token,ms,p95,632.65
150,1780554470323170560,1780554471323170560,Time to First Output Token,ms,p99,632.65
150,1780554470323170560,1780554471323170560,Time to First Output Token,ms,std,0.00
150,1780554470323170560,1780554471323170560,Time to First Token,ms,avg,632.65
150,1780554470323170560,1780554471323170560,Time to First Token,ms,min,632.65
150,1780554470323170560,1780554471323170560,Time to First Token,ms,max,632.65
150,1780554470323170560,1780554471323170560,Time to First Token,ms,sum,632.65
150,1780554470323170560,1780554471323170560,Time to First Token,ms,p1,632.65
150,1780554470323170560,1780554471323170560,Time to First Token,ms,p5,632.65
150,1780554470323170560,1780554471323170560,Time to First Token,ms,p10,632.65
150,1780554470323170560,1780554471323170560,Time to First Token,ms,p25,632.65
150,1780554470323170560,1780554471323170560,Time to First Token,ms,p50,632.65
150,1780554470323170560,1780554471323170560,Time to First Token,ms,p75,632.65
150,1780554470323170560,1780554471323170560,Time to First Token,ms,p90,632.65
150,1780554470323170560,1780554471323170560,Time to First Token,ms,p95,632.65
150,1780554470323170560,1780554471323170560,Time to First Token,ms,p99,632.65
150,1780554470323170560,1780554471323170560,Time to First Token,ms,std,0.00
150,1780554470323170560,1780554471323170560,Time to Second Token,ms,avg,31.07
150,1780554470323170560,1780554471323170560,Time to Second Token,ms,min,31.07
150,1780554470323170560,1780554471323170560,Time to Second Token,ms,max,31.07
150,1780554470323170560,1780554471323170560,Time to Second Token,ms,sum,31.07
150,1780554470323170560,1780554471323170560,Time to Second Token,ms,p1,31.07
150,1780554470323170560,1780554471323170560,Time to Second Token,ms,p5,31.07
150,1780554470323170560,1780554471323170560,Time to Second Token,ms,p10,31.07
150,1780554470323170560,1780554471323170560,Time to Second Token,ms,p25,31.07
150,1780554470323170560,1780554471323170560,Time to Second Token,ms,p50,31.07
150,1780554470323170560,1780554471323170560,Time to Second Token,ms,p75,31.07
150,1780554470323170560,1780554471323170560,Time to Second Token,ms,p90,31.07
150,1780554470323170560,1780554471323170560,Time to Second Token,ms,p95,31.07
150,1780554470323170560,1780554471323170560,Time to Second Token,ms,p99,31.07
150,1780554470323170560,1780554471323170560,Time to Second Token,ms,std,0.00
150,1780554470323170560,1780554471323170560,Tokens In Flight,tokens,avg,766259.45
150,1780554470323170560,1780554471323170560,Tokens In Flight,tokens,min,764986.37
150,1780554470323170560,1780554471323170560,Tokens In Flight,tokens,max,805196.67
150,1780554470323170560,1780554471323170560,Tokens In Flight,tokens,p50,765022.08
150,1780554470323170560,1780554471323170560,Tokens In Flight,tokens,p90,765051.38
150,1780554470323170560,1780554471323170560,Tokens In Flight,tokens,p95,765055.67
150,1780554470323170560,1780554471323170560,Tokens In Flight,tokens,p99,805196.67
150,1780554470323170560,1780554471323170560,Tokens In Flight,tokens,std,6943.39
150,1780554470323170560,1780554471323170560,Total Input Sequence Length,tokens,avg,40139.00
150,1780554470323170560,1780554471323170560,Total Output Sequence Length,tokens,avg,707.00
150,1780554470323170560,1780554471323170560,Total Output Tokens,tokens,avg,707.00
150,1780554470323170560,1780554471323170560,Total Token Throughput,tokens/sec,avg,40846.00
150,1780554470323170560,1780554471323170560,Total Usage Completion Tokens,tokens,avg,707.00
150,1780554470323170560,1780554471323170560,Total Usage Prompt Tokens,tokens,avg,40139.00
150,1780554470323170560,1780554471323170560,Total Usage Total Tokens,tokens,avg,40846.00
150,1780554470323170560,1780554471323170560,Usage Completion Tokens,tokens,avg,707.00
150,1780554470323170560,1780554471323170560,Usage Completion Tokens,tokens,min,707.00
150,1780554470323170560,1780554471323170560,Usage Completion Tokens,tokens,max,707.00
150,1780554470323170560,1780554471323170560,Usage Completion Tokens,tokens,sum,707.00
150,1780554470323170560,1780554471323170560,Usage Completion Tokens,tokens,p1,707.00
150,1780554470323170560,1780554471323170560,Usage Completion Tokens,tokens,p5,707.00
150,1780554470323170560,1780554471323170560,Usage Completion Tokens,tokens,p10,707.00
150,1780554470323170560,1780554471323170560,Usage Completion Tokens,tokens,p25,707.00
150,1780554470323170560,1780554471323170560,Usage Completion Tokens,tokens,p50,707.00
150,1780554470323170560,1780554471323170560,Usage Completion Tokens,tokens,p75,707.00
150,1780554470323170560,1780554471323170560,Usage Completion Tokens,tokens,p90,707.00
150,1780554470323170560,1780554471323170560,Usage Completion Tokens,tokens,p95,707.00
150,1780554470323170560,1780554471323170560,Usage Completion Tokens,tokens,p99,707.00
150,1780554470323170560,1780554471323170560,Usage Completion Tokens,tokens,std,0.00
150,1780554470323170560,1780554471323170560,Usage Prompt Tokens,tokens,avg,40139.00
150,1780554470323170560,1780554471323170560,Usage Prompt Tokens,tokens,min,40139.00
150,1780554470323170560,1780554471323170560,Usage Prompt Tokens,tokens,max,40139.00
150,1780554470323170560,1780554471323170560,Usage Prompt Tokens,tokens,sum,40139.00
150,1780554470323170560,1780554471323170560,Usage Prompt Tokens,tokens,p1,40139.00
150,1780554470323170560,1780554471323170560,Usage Prompt Tokens,tokens,p5,40139.00
150,1780554470323170560,1780554471323170560,Usage Prompt Tokens,tokens,p10,40139.00
150,1780554470323170560,1780554471323170560,Usage Prompt Tokens,tokens,p25,40139.00
150,1780554470323170560,1780554471323170560,Usage Prompt Tokens,tokens,p50,40139.00
150,1780554470323170560,1780554471323170560,Usage Prompt Tokens,tokens,p75,40139.00
150,1780554470323170560,1780554471323170560,Usage Prompt Tokens,tokens,p90,40139.00
150,1780554470323170560,1780554471323170560,Usage Prompt Tokens,tokens,p95,40139.00
150,1780554470323170560,1780554471323170560,Usage Prompt Tokens,tokens,p99,40139.00
150,1780554470323170560,1780554471323170560,Usage Prompt Tokens,tokens,std,0.00
150,1780554470323170560,1780554471323170560,Usage Total Tokens,tokens,avg,40846.00
150,1780554470323170560,1780554471323170560,Usage Total Tokens,tokens,min,40846.00
150,1780554470323170560,1780554471323170560,Usage Total Tokens,tokens,max,40846.00
150,1780554470323170560,1780554471323170560,Usage Total Tokens,tokens,sum,40846.00
150,1780554470323170560,1780554471323170560,Usage Total Tokens,tokens,p1,40846.00
150,1780554470323170560,1780554471323170560,Usage Total Tokens,tokens,p5,40846.00
150,1780554470323170560,1780554471323170560,Usage Total Tokens,tokens,p10,40846.00
150,1780554470323170560,1780554471323170560,Usage Total Tokens,tokens,p25,40846.00
150,1780554470323170560,1780554471323170560,Usage Total Tokens,tokens,p50,40846.00
150,1780554470323170560,1780554471323170560,Usage Total Tokens,tokens,p75,40846.00
150,1780554470323170560,1780554471323170560,Usage Total Tokens,tokens,p90,40846.00
150,1780554470323170560,1780554471323170560,Usage Total Tokens,tokens,p95,40846.00
150,1780554470323170560,1780554471323170560,Usage Total Tokens,tokens,p99,40846.00
150,1780554470323170560,1780554471323170560,Usage Total Tokens,tokens,std,0.00
151,1780554471323170560,1780554472323170560,Active Decode Throughput,tokens/sec,avg,74.38
151,1780554471323170560,1780554472323170560,Active Decode Throughput,tokens/sec,min,58.14
151,1780554471323170560,1780554472323170560,Active Decode Throughput,tokens/sec,max,92.75
151,1780554471323170560,1780554472323170560,Active Decode Throughput,tokens/sec,p50,71.34
151,1780554471323170560,1780554472323170560,Active Decode Throughput,tokens/sec,p90,79.01
151,1780554471323170560,1780554472323170560,Active Decode Throughput,tokens/sec,p95,79.02
151,1780554471323170560,1780554472323170560,Active Decode Throughput,tokens/sec,p99,79.03
151,1780554471323170560,1780554472323170560,Active Decode Throughput,tokens/sec,std,3.76
151,1780554471323170560,1780554472323170560,Active Decode Throughput Per User,tokens/sec/user,avg,7.92
151,1780554471323170560,1780554472323170560,Active Decode Throughput Per User,tokens/sec/user,min,6.46
151,1780554471323170560,1780554472323170560,Active Decode Throughput Per User,tokens/sec/user,max,9.39
151,1780554471323170560,1780554472323170560,Active Decode Throughput Per User,tokens/sec/user,p50,7.92
151,1780554471323170560,1780554472323170560,Active Decode Throughput Per User,tokens/sec/user,p90,7.93
151,1780554471323170560,1780554472323170560,Active Decode Throughput Per User,tokens/sec/user,p95,7.93
151,1780554471323170560,1780554472323170560,Active Decode Throughput Per User,tokens/sec/user,p99,7.93
151,1780554471323170560,1780554472323170560,Active Decode Throughput Per User,tokens/sec/user,std,0.01
151,1780554471323170560,1780554472323170560,Active Prefill Throughput,tokens/sec,avg,42841.45
151,1780554471323170560,1780554472323170560,Active Prefill Throughput,tokens/sec,min,11546.60
151,1780554471323170560,1780554472323170560,Active Prefill Throughput,tokens/sec,max,63445.47
151,1780554471323170560,1780554472323170560,Active Prefill Throughput,tokens/sec,p50,63445.47
151,1780554471323170560,1780554472323170560,Active Prefill Throughput,tokens/sec,p90,63445.47
151,1780554471323170560,1780554472323170560,Active Prefill Throughput,tokens/sec,p95,63445.47
151,1780554471323170560,1780554472323170560,Active Prefill Throughput,tokens/sec,p99,63445.47
151,1780554471323170560,1780554472323170560,Active Prefill Throughput,tokens/sec,std,25392.90
151,1780554471323170560,1780554472323170560,Active Prefill Throughput Per User,tokens/sec/user,avg,42841.45
151,1780554471323170560,1780554472323170560,Active Prefill Throughput Per User,tokens/sec/user,min,11546.60
151,1780554471323170560,1780554472323170560,Active Prefill Throughput Per User,tokens/sec/user,max,63445.47
151,1780554471323170560,1780554472323170560,Active Prefill Throughput Per User,tokens/sec/user,p50,63445.47
151,1780554471323170560,1780554472323170560,Active Prefill Throughput Per User,tokens/sec/user,p90,63445.47
151,1780554471323170560,1780554472323170560,Active Prefill Throughput Per User,tokens/sec/user,p95,63445.47
151,1780554471323170560,1780554472323170560,Active Prefill Throughput Per User,tokens/sec/user,p99,63445.47
151,1780554471323170560,1780554472323170560,Active Prefill Throughput Per User,tokens/sec/user,std,25392.90
151,1780554471323170560,1780554472323170560,Active Total Throughput,tokens/sec,avg,42849.07
151,1780554471323170560,1780554472323170560,Active Total Throughput,tokens/sec,min,96.34
151,1780554471323170560,1780554472323170560,Active Total Throughput,tokens/sec,max,63531.63
151,1780554471323170560,1780554472323170560,Active Total Throughput,tokens/sec,p50,63531.63
151,1780554471323170560,1780554472323170560,Active Total Throughput,tokens/sec,p90,63531.63
151,1780554471323170560,1780554472323170560,Active Total Throughput,tokens/sec,p95,63531.63
151,1780554471323170560,1780554472323170560,Active Total Throughput,tokens/sec,p99,63531.63
151,1780554471323170560,1780554472323170560,Active Total Throughput,tokens/sec,std,25432.95
151,1780554471323170560,1780554472323170560,Benchmark Duration,sec,avg,277.63
151,1780554471323170560,1780554472323170560,E2E Output Token Throughput,tokens/sec/user,avg,8.82
151,1780554471323170560,1780554472323170560,E2E Output Token Throughput,tokens/sec/user,min,8.82
151,1780554471323170560,1780554472323170560,E2E Output Token Throughput,tokens/sec/user,max,8.82
151,1780554471323170560,1780554472323170560,E2E Output Token Throughput,tokens/sec/user,sum,8.82
151,1780554471323170560,1780554472323170560,E2E Output Token Throughput,tokens/sec/user,p1,8.82
151,1780554471323170560,1780554472323170560,E2E Output Token Throughput,tokens/sec/user,p5,8.82
151,1780554471323170560,1780554472323170560,E2E Output Token Throughput,tokens/sec/user,p10,8.82
151,1780554471323170560,1780554472323170560,E2E Output Token Throughput,tokens/sec/user,p25,8.82
151,1780554471323170560,1780554472323170560,E2E Output Token Throughput,tokens/sec/user,p50,8.82
151,1780554471323170560,1780554472323170560,E2E Output Token Throughput,tokens/sec/user,p75,8.82
151,1780554471323170560,1780554472323170560,E2E Output Token Throughput,tokens/sec/user,p90,8.82
151,1780554471323170560,1780554472323170560,E2E Output Token Throughput,tokens/sec/user,p95,8.82
151,1780554471323170560,1780554472323170560,E2E Output Token Throughput,tokens/sec/user,p99,8.82
151,1780554471323170560,1780554472323170560,E2E Output Token Throughput,tokens/sec/user,std,0.00
151,1780554471323170560,1780554472323170560,Effective Concurrency,requests,avg,10.40
151,1780554471323170560,1780554472323170560,Effective Concurrency,requests,min,10.00
151,1780554471323170560,1780554472323170560,Effective Concurrency,requests,max,11.00
151,1780554471323170560,1780554472323170560,Effective Concurrency,requests,p50,10.00
151,1780554471323170560,1780554472323170560,Effective Concurrency,requests,p90,11.00
151,1780554471323170560,1780554472323170560,Effective Concurrency,requests,p95,11.00
151,1780554471323170560,1780554472323170560,Effective Concurrency,requests,p99,11.00
151,1780554471323170560,1780554472323170560,Effective Concurrency,requests,std,0.49
151,1780554471323170560,1780554472323170560,Effective Decode Concurrency,requests,avg,9.40
151,1780554471323170560,1780554472323170560,Effective Decode Concurrency,requests,min,9.00
151,1780554471323170560,1780554472323170560,Effective Decode Concurrency,requests,max,10.00
151,1780554471323170560,1780554472323170560,Effective Decode Concurrency,requests,p50,9.00
151,1780554471323170560,1780554472323170560,Effective Decode Concurrency,requests,p90,10.00
151,1780554471323170560,1780554472323170560,Effective Decode Concurrency,requests,p95,10.00
151,1780554471323170560,1780554472323170560,Effective Decode Concurrency,requests,p99,10.00
151,1780554471323170560,1780554472323170560,Effective Decode Concurrency,requests,std,0.49
151,1780554471323170560,1780554472323170560,Effective Decode Throughput,tokens/sec,avg,74.38
151,1780554471323170560,1780554472323170560,Effective Decode Throughput,tokens/sec,min,58.14
151,1780554471323170560,1780554472323170560,Effective Decode Throughput,tokens/sec,max,92.75
151,1780554471323170560,1780554472323170560,Effective Decode Throughput,tokens/sec,p50,71.34
151,1780554471323170560,1780554472323170560,Effective Decode Throughput,tokens/sec,p90,79.01
151,1780554471323170560,1780554472323170560,Effective Decode Throughput,tokens/sec,p95,79.02
151,1780554471323170560,1780554472323170560,Effective Decode Throughput,tokens/sec,p99,79.03
151,1780554471323170560,1780554472323170560,Effective Decode Throughput,tokens/sec,std,3.76
151,1780554471323170560,1780554472323170560,Effective Decode Throughput Per User,tokens/sec/user,avg,7.92
151,1780554471323170560,1780554472323170560,Effective Decode Throughput Per User,tokens/sec/user,min,6.46
151,1780554471323170560,1780554472323170560,Effective Decode Throughput Per User,tokens/sec/user,max,9.39
151,1780554471323170560,1780554472323170560,Effective Decode Throughput Per User,tokens/sec/user,p50,7.92
151,1780554471323170560,1780554472323170560,Effective Decode Throughput Per User,tokens/sec/user,p90,7.93
151,1780554471323170560,1780554472323170560,Effective Decode Throughput Per User,tokens/sec/user,p95,7.93
151,1780554471323170560,1780554472323170560,Effective Decode Throughput Per User,tokens/sec/user,p99,7.93
151,1780554471323170560,1780554472323170560,Effective Decode Throughput Per User,tokens/sec/user,std,0.01
151,1780554471323170560,1780554472323170560,Effective Prefill Concurrency,requests,avg,1.00
151,1780554471323170560,1780554472323170560,Effective Prefill Concurrency,requests,min,0.00
151,1780554471323170560,1780554472323170560,Effective Prefill Concurrency,requests,max,1.00
151,1780554471323170560,1780554472323170560,Effective Prefill Concurrency,requests,p50,1.00
151,1780554471323170560,1780554472323170560,Effective Prefill Concurrency,requests,p90,1.00
151,1780554471323170560,1780554472323170560,Effective Prefill Concurrency,requests,p95,1.00
151,1780554471323170560,1780554472323170560,Effective Prefill Concurrency,requests,p99,1.00
151,1780554471323170560,1780554472323170560,Effective Prefill Concurrency,requests,std,0.04
151,1780554471323170560,1780554472323170560,Effective Prefill Throughput,tokens/sec,avg,42758.85
151,1780554471323170560,1780554472323170560,Effective Prefill Throughput,tokens/sec,min,0.00
151,1780554471323170560,1780554472323170560,Effective Prefill Throughput,tokens/sec,max,63445.47
151,1780554471323170560,1780554472323170560,Effective Prefill Throughput,tokens/sec,p50,63445.47
151,1780554471323170560,1780554472323170560,Effective Prefill Throughput,tokens/sec,p90,63445.47
151,1780554471323170560,1780554472323170560,Effective Prefill Throughput,tokens/sec,p95,63445.47
151,1780554471323170560,1780554472323170560,Effective Prefill Throughput,tokens/sec,p99,63445.47
151,1780554471323170560,1780554472323170560,Effective Prefill Throughput,tokens/sec,std,25437.93
151,1780554471323170560,1780554472323170560,Effective Prefill Throughput Per User,tokens/sec/user,avg,42758.85
151,1780554471323170560,1780554472323170560,Effective Prefill Throughput Per User,tokens/sec/user,min,0.00
151,1780554471323170560,1780554472323170560,Effective Prefill Throughput Per User,tokens/sec/user,max,63445.47
151,1780554471323170560,1780554472323170560,Effective Prefill Throughput Per User,tokens/sec/user,p50,63445.47
151,1780554471323170560,1780554472323170560,Effective Prefill Throughput Per User,tokens/sec/user,p90,63445.47
151,1780554471323170560,1780554472323170560,Effective Prefill Throughput Per User,tokens/sec/user,p95,63445.47
151,1780554471323170560,1780554472323170560,Effective Prefill Throughput Per User,tokens/sec/user,p99,63445.47
151,1780554471323170560,1780554472323170560,Effective Prefill Throughput Per User,tokens/sec/user,std,25437.93
151,1780554471323170560,1780554472323170560,Effective Total Throughput,tokens/sec,avg,42849.07
151,1780554471323170560,1780554472323170560,Effective Total Throughput,tokens/sec,min,96.34
151,1780554471323170560,1780554472323170560,Effective Total Throughput,tokens/sec,max,63531.63
151,1780554471323170560,1780554472323170560,Effective Total Throughput,tokens/sec,p50,63531.63
151,1780554471323170560,1780554472323170560,Effective Total Throughput,tokens/sec,p90,63531.63
151,1780554471323170560,1780554472323170560,Effective Total Throughput,tokens/sec,p95,63531.63
151,1780554471323170560,1780554472323170560,Effective Total Throughput,tokens/sec,p99,63531.63
151,1780554471323170560,1780554472323170560,Effective Total Throughput,tokens/sec,std,25432.95
151,1780554471323170560,1780554472323170560,HTTP Blocked,ms,avg,0.00
151,1780554471323170560,1780554472323170560,HTTP Blocked,ms,min,0.00
151,1780554471323170560,1780554472323170560,HTTP Blocked,ms,max,0.00
151,1780554471323170560,1780554472323170560,HTTP Blocked,ms,sum,0.00
151,1780554471323170560,1780554472323170560,HTTP Blocked,ms,p1,0.00
151,1780554471323170560,1780554472323170560,HTTP Blocked,ms,p5,0.00
151,1780554471323170560,1780554472323170560,HTTP Blocked,ms,p10,0.00
151,1780554471323170560,1780554472323170560,HTTP Blocked,ms,p25,0.00
151,1780554471323170560,1780554472323170560,HTTP Blocked,ms,p50,0.00
151,1780554471323170560,1780554472323170560,HTTP Blocked,ms,p75,0.00
151,1780554471323170560,1780554472323170560,HTTP Blocked,ms,p90,0.00
151,1780554471323170560,1780554472323170560,HTTP Blocked,ms,p95,0.00
151,1780554471323170560,1780554472323170560,HTTP Blocked,ms,p99,0.00
151,1780554471323170560,1780554472323170560,HTTP Blocked,ms,std,0.00
151,1780554471323170560,1780554472323170560,HTTP Chunks Received,count,avg,2448.00
151,1780554471323170560,1780554472323170560,HTTP Chunks Received,count,min,2448.00
151,1780554471323170560,1780554472323170560,HTTP Chunks Received,count,max,2448.00
151,1780554471323170560,1780554472323170560,HTTP Chunks Received,count,sum,2448.00
151,1780554471323170560,1780554472323170560,HTTP Chunks Received,count,p1,2448.00
151,1780554471323170560,1780554472323170560,HTTP Chunks Received,count,p5,2448.00
151,1780554471323170560,1780554472323170560,HTTP Chunks Received,count,p10,2448.00
151,1780554471323170560,1780554472323170560,HTTP Chunks Received,count,p25,2448.00
151,1780554471323170560,1780554472323170560,HTTP Chunks Received,count,p50,2448.00
151,1780554471323170560,1780554472323170560,HTTP Chunks Received,count,p75,2448.00
151,1780554471323170560,1780554472323170560,HTTP Chunks Received,count,p90,2448.00
151,1780554471323170560,1780554472323170560,HTTP Chunks Received,count,p95,2448.00
151,1780554471323170560,1780554472323170560,HTTP Chunks Received,count,p99,2448.00
151,1780554471323170560,1780554472323170560,HTTP Chunks Received,count,std,0.00
151,1780554471323170560,1780554472323170560,HTTP Chunks Sent,count,avg,1.00
151,1780554471323170560,1780554472323170560,HTTP Chunks Sent,count,min,1.00
151,1780554471323170560,1780554472323170560,HTTP Chunks Sent,count,max,1.00
151,1780554471323170560,1780554472323170560,HTTP Chunks Sent,count,sum,1.00
151,1780554471323170560,1780554472323170560,HTTP Chunks Sent,count,p1,1.00
151,1780554471323170560,1780554472323170560,HTTP Chunks Sent,count,p5,1.00
151,1780554471323170560,1780554472323170560,HTTP Chunks Sent,count,p10,1.00
151,1780554471323170560,1780554472323170560,HTTP Chunks Sent,count,p25,1.00
151,1780554471323170560,1780554472323170560,HTTP Chunks Sent,count,p50,1.00
151,1780554471323170560,1780554472323170560,HTTP Chunks Sent,count,p75,1.00
151,1780554471323170560,1780554472323170560,HTTP Chunks Sent,count,p90,1.00
151,1780554471323170560,1780554472323170560,HTTP Chunks Sent,count,p95,1.00
151,1780554471323170560,1780554472323170560,HTTP Chunks Sent,count,p99,1.00
151,1780554471323170560,1780554472323170560,HTTP Chunks Sent,count,std,0.00
151,1780554471323170560,1780554472323170560,HTTP Connecting,ms,avg,1.17
151,1780554471323170560,1780554472323170560,HTTP Connecting,ms,min,1.17
151,1780554471323170560,1780554472323170560,HTTP Connecting,ms,max,1.17
151,1780554471323170560,1780554472323170560,HTTP Connecting,ms,sum,1.17
151,1780554471323170560,1780554472323170560,HTTP Connecting,ms,p1,1.17
151,1780554471323170560,1780554472323170560,HTTP Connecting,ms,p5,1.17
151,1780554471323170560,1780554472323170560,HTTP Connecting,ms,p10,1.17
151,1780554471323170560,1780554472323170560,HTTP Connecting,ms,p25,1.17
151,1780554471323170560,1780554472323170560,HTTP Connecting,ms,p50,1.17
151,1780554471323170560,1780554472323170560,HTTP Connecting,ms,p75,1.17
151,1780554471323170560,1780554472323170560,HTTP Connecting,ms,p90,1.17
151,1780554471323170560,1780554472323170560,HTTP Connecting,ms,p95,1.17
151,1780554471323170560,1780554472323170560,HTTP Connecting,ms,p99,1.17
151,1780554471323170560,1780554472323170560,HTTP Connecting,ms,std,0.00
151,1780554471323170560,1780554472323170560,HTTP Connection Overhead,ms,avg,1.67
151,1780554471323170560,1780554472323170560,HTTP Connection Overhead,ms,min,1.67
151,1780554471323170560,1780554472323170560,HTTP Connection Overhead,ms,max,1.67
151,1780554471323170560,1780554472323170560,HTTP Connection Overhead,ms,sum,1.67
151,1780554471323170560,1780554472323170560,HTTP Connection Overhead,ms,p1,1.67
151,1780554471323170560,1780554472323170560,HTTP Connection Overhead,ms,p5,1.67
151,1780554471323170560,1780554472323170560,HTTP Connection Overhead,ms,p10,1.67
151,1780554471323170560,1780554472323170560,HTTP Connection Overhead,ms,p25,1.67
151,1780554471323170560,1780554472323170560,HTTP Connection Overhead,ms,p50,1.67
151,1780554471323170560,1780554472323170560,HTTP Connection Overhead,ms,p75,1.67
151,1780554471323170560,1780554472323170560,HTTP Connection Overhead,ms,p90,1.67
151,1780554471323170560,1780554472323170560,HTTP Connection Overhead,ms,p95,1.67
151,1780554471323170560,1780554472323170560,HTTP Connection Overhead,ms,p99,1.67
151,1780554471323170560,1780554472323170560,HTTP Connection Overhead,ms,std,0.00
151,1780554471323170560,1780554472323170560,HTTP Connection Reused,ratio,avg,0.00
151,1780554471323170560,1780554472323170560,HTTP Connection Reused,ratio,min,0.00
151,1780554471323170560,1780554472323170560,HTTP Connection Reused,ratio,max,0.00
151,1780554471323170560,1780554472323170560,HTTP Connection Reused,ratio,sum,0.00
151,1780554471323170560,1780554472323170560,HTTP Connection Reused,ratio,p1,0.00
151,1780554471323170560,1780554472323170560,HTTP Connection Reused,ratio,p5,0.00
151,1780554471323170560,1780554472323170560,HTTP Connection Reused,ratio,p10,0.00
151,1780554471323170560,1780554472323170560,HTTP Connection Reused,ratio,p25,0.00
151,1780554471323170560,1780554472323170560,HTTP Connection Reused,ratio,p50,0.00
151,1780554471323170560,1780554472323170560,HTTP Connection Reused,ratio,p75,0.00
151,1780554471323170560,1780554472323170560,HTTP Connection Reused,ratio,p90,0.00
151,1780554471323170560,1780554472323170560,HTTP Connection Reused,ratio,p95,0.00
151,1780554471323170560,1780554472323170560,HTTP Connection Reused,ratio,p99,0.00
151,1780554471323170560,1780554472323170560,HTTP Connection Reused,ratio,std,0.00
151,1780554471323170560,1780554472323170560,HTTP Data Received,KB,avg,606.47
151,1780554471323170560,1780554472323170560,HTTP Data Received,KB,min,606.47
151,1780554471323170560,1780554472323170560,HTTP Data Received,KB,max,606.47
151,1780554471323170560,1780554472323170560,HTTP Data Received,KB,sum,606.47
151,1780554471323170560,1780554472323170560,HTTP Data Received,KB,p1,606.47
151,1780554471323170560,1780554472323170560,HTTP Data Received,KB,p5,606.47
151,1780554471323170560,1780554472323170560,HTTP Data Received,KB,p10,606.47
151,1780554471323170560,1780554472323170560,HTTP Data Received,KB,p25,606.47
151,1780554471323170560,1780554472323170560,HTTP Data Received,KB,p50,606.47
151,1780554471323170560,1780554472323170560,HTTP Data Received,KB,p75,606.47
151,1780554471323170560,1780554472323170560,HTTP Data Received,KB,p90,606.47
151,1780554471323170560,1780554472323170560,HTTP Data Received,KB,p95,606.47
151,1780554471323170560,1780554472323170560,HTTP Data Received,KB,p99,606.47
151,1780554471323170560,1780554472323170560,HTTP Data Received,KB,std,0.00
151,1780554471323170560,1780554472323170560,HTTP Data Sent,KB,avg,440.30
151,1780554471323170560,1780554472323170560,HTTP Data Sent,KB,min,440.30
151,1780554471323170560,1780554472323170560,HTTP Data Sent,KB,max,440.30
151,1780554471323170560,1780554472323170560,HTTP Data Sent,KB,sum,440.30
151,1780554471323170560,1780554472323170560,HTTP Data Sent,KB,p1,440.30
151,1780554471323170560,1780554472323170560,HTTP Data Sent,KB,p5,440.30
151,1780554471323170560,1780554472323170560,HTTP Data Sent,KB,p10,440.30
151,1780554471323170560,1780554472323170560,HTTP Data Sent,KB,p25,440.30
151,1780554471323170560,1780554472323170560,HTTP Data Sent,KB,p50,440.30
151,1780554471323170560,1780554472323170560,HTTP Data Sent,KB,p75,440.30
151,1780554471323170560,1780554472323170560,HTTP Data Sent,KB,p90,440.30
151,1780554471323170560,1780554472323170560,HTTP Data Sent,KB,p95,440.30
151,1780554471323170560,1780554472323170560,HTTP Data Sent,KB,p99,440.30
151,1780554471323170560,1780554472323170560,HTTP Data Sent,KB,std,0.00
151,1780554471323170560,1780554472323170560,HTTP DNS Lookup,ms,avg,0.50
151,1780554471323170560,1780554472323170560,HTTP DNS Lookup,ms,min,0.50
151,1780554471323170560,1780554472323170560,HTTP DNS Lookup,ms,max,0.50
151,1780554471323170560,1780554472323170560,HTTP DNS Lookup,ms,sum,0.50
151,1780554471323170560,1780554472323170560,HTTP DNS Lookup,ms,p1,0.50
151,1780554471323170560,1780554472323170560,HTTP DNS Lookup,ms,p5,0.50
151,1780554471323170560,1780554472323170560,HTTP DNS Lookup,ms,p10,0.50
151,1780554471323170560,1780554472323170560,HTTP DNS Lookup,ms,p25,0.50
151,1780554471323170560,1780554472323170560,HTTP DNS Lookup,ms,p50,0.50
151,1780554471323170560,1780554472323170560,HTTP DNS Lookup,ms,p75,0.50
151,1780554471323170560,1780554472323170560,HTTP DNS Lookup,ms,p90,0.50
151,1780554471323170560,1780554472323170560,HTTP DNS Lookup,ms,p95,0.50
151,1780554471323170560,1780554472323170560,HTTP DNS Lookup,ms,p99,0.50
151,1780554471323170560,1780554472323170560,HTTP DNS Lookup,ms,std,0.00
151,1780554471323170560,1780554472323170560,HTTP Duration (excl. conn),ms,avg,277704.84
151,1780554471323170560,1780554472323170560,HTTP Duration (excl. conn),ms,min,277704.84
151,1780554471323170560,1780554472323170560,HTTP Duration (excl. conn),ms,max,277704.84
151,1780554471323170560,1780554472323170560,HTTP Duration (excl. conn),ms,sum,277704.84
151,1780554471323170560,1780554472323170560,HTTP Duration (excl. conn),ms,p1,277704.84
151,1780554471323170560,1780554472323170560,HTTP Duration (excl. conn),ms,p5,277704.84
151,1780554471323170560,1780554472323170560,HTTP Duration (excl. conn),ms,p10,277704.84
151,1780554471323170560,1780554472323170560,HTTP Duration (excl. conn),ms,p25,277704.84
151,1780554471323170560,1780554472323170560,HTTP Duration (excl. conn),ms,p50,277704.84
151,1780554471323170560,1780554472323170560,HTTP Duration (excl. conn),ms,p75,277704.84
151,1780554471323170560,1780554472323170560,HTTP Duration (excl. conn),ms,p90,277704.84
151,1780554471323170560,1780554472323170560,HTTP Duration (excl. conn),ms,p95,277704.84
151,1780554471323170560,1780554472323170560,HTTP Duration (excl. conn),ms,p99,277704.84
151,1780554471323170560,1780554472323170560,HTTP Duration (excl. conn),ms,std,0.00
151,1780554471323170560,1780554472323170560,HTTP Receiving,ms,avg,267842.85
151,1780554471323170560,1780554472323170560,HTTP Receiving,ms,min,267842.85
151,1780554471323170560,1780554472323170560,HTTP Receiving,ms,max,267842.85
151,1780554471323170560,1780554472323170560,HTTP Receiving,ms,sum,267842.85
151,1780554471323170560,1780554472323170560,HTTP Receiving,ms,p1,267842.85
151,1780554471323170560,1780554472323170560,HTTP Receiving,ms,p5,267842.85
151,1780554471323170560,1780554472323170560,HTTP Receiving,ms,p10,267842.85
151,1780554471323170560,1780554472323170560,HTTP Receiving,ms,p25,267842.85
151,1780554471323170560,1780554472323170560,HTTP Receiving,ms,p50,267842.85
151,1780554471323170560,1780554472323170560,HTTP Receiving,ms,p75,267842.85
151,1780554471323170560,1780554472323170560,HTTP Receiving,ms,p90,267842.85
151,1780554471323170560,1780554472323170560,HTTP Receiving,ms,p95,267842.85
151,1780554471323170560,1780554472323170560,HTTP Receiving,ms,p99,267842.85
151,1780554471323170560,1780554472323170560,HTTP Receiving,ms,std,0.00
151,1780554471323170560,1780554472323170560,HTTP Sending,ms,avg,1.50
151,1780554471323170560,1780554472323170560,HTTP Sending,ms,min,1.50
151,1780554471323170560,1780554472323170560,HTTP Sending,ms,max,1.50
151,1780554471323170560,1780554472323170560,HTTP Sending,ms,sum,1.50
151,1780554471323170560,1780554472323170560,HTTP Sending,ms,p1,1.50
151,1780554471323170560,1780554472323170560,HTTP Sending,ms,p5,1.50
151,1780554471323170560,1780554472323170560,HTTP Sending,ms,p10,1.50
151,1780554471323170560,1780554472323170560,HTTP Sending,ms,p25,1.50
151,1780554471323170560,1780554472323170560,HTTP Sending,ms,p50,1.50
151,1780554471323170560,1780554472323170560,HTTP Sending,ms,p75,1.50
151,1780554471323170560,1780554472323170560,HTTP Sending,ms,p90,1.50
151,1780554471323170560,1780554472323170560,HTTP Sending,ms,p95,1.50
151,1780554471323170560,1780554472323170560,HTTP Sending,ms,p99,1.50
151,1780554471323170560,1780554472323170560,HTTP Sending,ms,std,0.00
151,1780554471323170560,1780554472323170560,HTTP Total Time,ms,avg,277706.51
151,1780554471323170560,1780554472323170560,HTTP Total Time,ms,min,277706.51
151,1780554471323170560,1780554472323170560,HTTP Total Time,ms,max,277706.51
151,1780554471323170560,1780554472323170560,HTTP Total Time,ms,sum,277706.51
151,1780554471323170560,1780554472323170560,HTTP Total Time,ms,p1,277706.51
151,1780554471323170560,1780554472323170560,HTTP Total Time,ms,p5,277706.51
151,1780554471323170560,1780554472323170560,HTTP Total Time,ms,p10,277706.51
151,1780554471323170560,1780554472323170560,HTTP Total Time,ms,p25,277706.51
151,1780554471323170560,1780554472323170560,HTTP Total Time,ms,p50,277706.51
151,1780554471323170560,1780554472323170560,HTTP Total Time,ms,p75,277706.51
151,1780554471323170560,1780554472323170560,HTTP Total Time,ms,p90,277706.51
151,1780554471323170560,1780554472323170560,HTTP Total Time,ms,p95,277706.51
151,1780554471323170560,1780554472323170560,HTTP Total Time,ms,p99,277706.51
151,1780554471323170560,1780554472323170560,HTTP Total Time,ms,std,0.00
151,1780554471323170560,1780554472323170560,HTTP Waiting (TTFB),ms,avg,9860.49
151,1780554471323170560,1780554472323170560,HTTP Waiting (TTFB),ms,min,9860.49
151,1780554471323170560,1780554472323170560,HTTP Waiting (TTFB),ms,max,9860.49
151,1780554471323170560,1780554472323170560,HTTP Waiting (TTFB),ms,sum,9860.49
151,1780554471323170560,1780554472323170560,HTTP Waiting (TTFB),ms,p1,9860.49
151,1780554471323170560,1780554472323170560,HTTP Waiting (TTFB),ms,p5,9860.49
151,1780554471323170560,1780554472323170560,HTTP Waiting (TTFB),ms,p10,9860.49
151,1780554471323170560,1780554472323170560,HTTP Waiting (TTFB),ms,p25,9860.49
151,1780554471323170560,1780554472323170560,HTTP Waiting (TTFB),ms,p50,9860.49
151,1780554471323170560,1780554472323170560,HTTP Waiting (TTFB),ms,p75,9860.49
151,1780554471323170560,1780554472323170560,HTTP Waiting (TTFB),ms,p90,9860.49
151,1780554471323170560,1780554472323170560,HTTP Waiting (TTFB),ms,p95,9860.49
151,1780554471323170560,1780554472323170560,HTTP Waiting (TTFB),ms,p99,9860.49
151,1780554471323170560,1780554472323170560,HTTP Waiting (TTFB),ms,std,0.00
151,1780554471323170560,1780554472323170560,Input Sequence Length,tokens,avg,113874.00
151,1780554471323170560,1780554472323170560,Input Sequence Length,tokens,min,113874.00
151,1780554471323170560,1780554472323170560,Input Sequence Length,tokens,max,113874.00
151,1780554471323170560,1780554472323170560,Input Sequence Length,tokens,sum,113874.00
151,1780554471323170560,1780554472323170560,Input Sequence Length,tokens,p1,113874.00
151,1780554471323170560,1780554472323170560,Input Sequence Length,tokens,p5,113874.00
151,1780554471323170560,1780554472323170560,Input Sequence Length,tokens,p10,113874.00
151,1780554471323170560,1780554472323170560,Input Sequence Length,tokens,p25,113874.00
151,1780554471323170560,1780554472323170560,Input Sequence Length,tokens,p50,113874.00
151,1780554471323170560,1780554472323170560,Input Sequence Length,tokens,p75,113874.00
151,1780554471323170560,1780554472323170560,Input Sequence Length,tokens,p90,113874.00
151,1780554471323170560,1780554472323170560,Input Sequence Length,tokens,p95,113874.00
151,1780554471323170560,1780554472323170560,Input Sequence Length,tokens,p99,113874.00
151,1780554471323170560,1780554472323170560,Input Sequence Length,tokens,std,0.00
151,1780554471323170560,1780554472323170560,Input Token Throughput,tokens/sec,avg,113874.00
151,1780554471323170560,1780554472323170560,Inter Chunk Latency,ms,avg,1366.64
151,1780554471323170560,1780554472323170560,Inter Chunk Latency,ms,min,1178.26
151,1780554471323170560,1780554472323170560,Inter Chunk Latency,ms,max,1714.79
151,1780554471323170560,1780554472323170560,Inter Chunk Latency,ms,sum,2462684.60
151,1780554471323170560,1780554472323170560,Inter Chunk Latency,ms,p1,1183.12
151,1780554471323170560,1780554472323170560,Inter Chunk Latency,ms,p5,1192.71
151,1780554471323170560,1780554472323170560,Inter Chunk Latency,ms,p10,1195.87
151,1780554471323170560,1780554472323170560,Inter Chunk Latency,ms,p25,1236.56
151,1780554471323170560,1780554472323170560,Inter Chunk Latency,ms,p50,1365.42
151,1780554471323170560,1780554472323170560,Inter Chunk Latency,ms,p75,1465.58
151,1780554471323170560,1780554472323170560,Inter Chunk Latency,ms,p90,1587.51
151,1780554471323170560,1780554472323170560,Inter Chunk Latency,ms,p95,1625.94
151,1780554471323170560,1780554472323170560,Inter Chunk Latency,ms,p99,1679.87
151,1780554471323170560,1780554472323170560,Inter Chunk Latency,ms,std,143.36
151,1780554471323170560,1780554472323170560,Inter Token Latency,ms,avg,109.43
151,1780554471323170560,1780554472323170560,Inter Token Latency,ms,min,109.43
151,1780554471323170560,1780554472323170560,Inter Token Latency,ms,max,109.43
151,1780554471323170560,1780554472323170560,Inter Token Latency,ms,sum,109.43
151,1780554471323170560,1780554472323170560,Inter Token Latency,ms,p1,109.43
151,1780554471323170560,1780554472323170560,Inter Token Latency,ms,p5,109.43
151,1780554471323170560,1780554472323170560,Inter Token Latency,ms,p10,109.43
151,1780554471323170560,1780554472323170560,Inter Token Latency,ms,p25,109.43
151,1780554471323170560,1780554472323170560,Inter Token Latency,ms,p50,109.43
151,1780554471323170560,1780554472323170560,Inter Token Latency,ms,p75,109.43
151,1780554471323170560,1780554472323170560,Inter Token Latency,ms,p90,109.43
151,1780554471323170560,1780554472323170560,Inter Token Latency,ms,p95,109.43
151,1780554471323170560,1780554472323170560,Inter Token Latency,ms,p99,109.43
151,1780554471323170560,1780554472323170560,Inter Token Latency,ms,std,0.00
151,1780554471323170560,1780554472323170560,Maximum Response Timestamp,ns,avg,1780554749556315136.00
151,1780554471323170560,1780554472323170560,Minimum Request Timestamp,ns,avg,1780554471926932736.00
151,1780554471323170560,1780554472323170560,OSL Mismatch Count,requests,avg,0.00
151,1780554471323170560,1780554472323170560,OSL Mismatch Diff %,%,avg,0.00
151,1780554471323170560,1780554472323170560,OSL Mismatch Diff %,%,min,0.00
151,1780554471323170560,1780554472323170560,OSL Mismatch Diff %,%,max,0.00
151,1780554471323170560,1780554472323170560,OSL Mismatch Diff %,%,sum,0.00
151,1780554471323170560,1780554472323170560,OSL Mismatch Diff %,%,p1,0.00
151,1780554471323170560,1780554472323170560,OSL Mismatch Diff %,%,p5,0.00
151,1780554471323170560,1780554472323170560,OSL Mismatch Diff %,%,p10,0.00
151,1780554471323170560,1780554472323170560,OSL Mismatch Diff %,%,p25,0.00
151,1780554471323170560,1780554472323170560,OSL Mismatch Diff %,%,p50,0.00
151,1780554471323170560,1780554472323170560,OSL Mismatch Diff %,%,p75,0.00
151,1780554471323170560,1780554472323170560,OSL Mismatch Diff %,%,p90,0.00
151,1780554471323170560,1780554472323170560,OSL Mismatch Diff %,%,p95,0.00
151,1780554471323170560,1780554472323170560,OSL Mismatch Diff %,%,p99,0.00
151,1780554471323170560,1780554472323170560,OSL Mismatch Diff %,%,std,0.00
151,1780554471323170560,1780554472323170560,Output Sequence Length,tokens,avg,2448.00
151,1780554471323170560,1780554472323170560,Output Sequence Length,tokens,min,2448.00
151,1780554471323170560,1780554472323170560,Output Sequence Length,tokens,max,2448.00
151,1780554471323170560,1780554472323170560,Output Sequence Length,tokens,sum,2448.00
151,1780554471323170560,1780554472323170560,Output Sequence Length,tokens,p1,2448.00
151,1780554471323170560,1780554472323170560,Output Sequence Length,tokens,p5,2448.00
151,1780554471323170560,1780554472323170560,Output Sequence Length,tokens,p10,2448.00
151,1780554471323170560,1780554472323170560,Output Sequence Length,tokens,p25,2448.00
151,1780554471323170560,1780554472323170560,Output Sequence Length,tokens,p50,2448.00
151,1780554471323170560,1780554472323170560,Output Sequence Length,tokens,p75,2448.00
151,1780554471323170560,1780554472323170560,Output Sequence Length,tokens,p90,2448.00
151,1780554471323170560,1780554472323170560,Output Sequence Length,tokens,p95,2448.00
151,1780554471323170560,1780554472323170560,Output Sequence Length,tokens,p99,2448.00
151,1780554471323170560,1780554472323170560,Output Sequence Length,tokens,std,0.00
151,1780554471323170560,1780554472323170560,Output Token Count,tokens,avg,2448.00
151,1780554471323170560,1780554472323170560,Output Token Count,tokens,min,2448.00
151,1780554471323170560,1780554472323170560,Output Token Count,tokens,max,2448.00
151,1780554471323170560,1780554472323170560,Output Token Count,tokens,sum,2448.00
151,1780554471323170560,1780554472323170560,Output Token Count,tokens,p1,2448.00
151,1780554471323170560,1780554472323170560,Output Token Count,tokens,p5,2448.00
151,1780554471323170560,1780554472323170560,Output Token Count,tokens,p10,2448.00
151,1780554471323170560,1780554472323170560,Output Token Count,tokens,p25,2448.00
151,1780554471323170560,1780554472323170560,Output Token Count,tokens,p50,2448.00
151,1780554471323170560,1780554472323170560,Output Token Count,tokens,p75,2448.00
151,1780554471323170560,1780554472323170560,Output Token Count,tokens,p90,2448.00
151,1780554471323170560,1780554472323170560,Output Token Count,tokens,p95,2448.00
151,1780554471323170560,1780554472323170560,Output Token Count,tokens,p99,2448.00
151,1780554471323170560,1780554472323170560,Output Token Count,tokens,std,0.00
151,1780554471323170560,1780554472323170560,Output Token Throughput,tokens/sec,avg,2448.00
151,1780554471323170560,1780554472323170560,Output Token Throughput Per User,tokens/sec/user,avg,9.14
151,1780554471323170560,1780554472323170560,Output Token Throughput Per User,tokens/sec/user,min,9.14
151,1780554471323170560,1780554472323170560,Output Token Throughput Per User,tokens/sec/user,max,9.14
151,1780554471323170560,1780554472323170560,Output Token Throughput Per User,tokens/sec/user,sum,9.14
151,1780554471323170560,1780554472323170560,Output Token Throughput Per User,tokens/sec/user,p1,9.14
151,1780554471323170560,1780554472323170560,Output Token Throughput Per User,tokens/sec/user,p5,9.14
151,1780554471323170560,1780554472323170560,Output Token Throughput Per User,tokens/sec/user,p10,9.14
151,1780554471323170560,1780554472323170560,Output Token Throughput Per User,tokens/sec/user,p25,9.14
151,1780554471323170560,1780554472323170560,Output Token Throughput Per User,tokens/sec/user,p50,9.14
151,1780554471323170560,1780554472323170560,Output Token Throughput Per User,tokens/sec/user,p75,9.14
151,1780554471323170560,1780554472323170560,Output Token Throughput Per User,tokens/sec/user,p90,9.14
151,1780554471323170560,1780554472323170560,Output Token Throughput Per User,tokens/sec/user,p95,9.14
151,1780554471323170560,1780554472323170560,Output Token Throughput Per User,tokens/sec/user,p99,9.14
151,1780554471323170560,1780554472323170560,Output Token Throughput Per User,tokens/sec/user,std,0.00
151,1780554471323170560,1780554472323170560,Prefill Throughput Per User,tokens/sec/user,avg,11546.60
151,1780554471323170560,1780554472323170560,Prefill Throughput Per User,tokens/sec/user,min,11546.60
151,1780554471323170560,1780554472323170560,Prefill Throughput Per User,tokens/sec/user,max,11546.60
151,1780554471323170560,1780554472323170560,Prefill Throughput Per User,tokens/sec/user,sum,11546.60
151,1780554471323170560,1780554472323170560,Prefill Throughput Per User,tokens/sec/user,p1,11546.60
151,1780554471323170560,1780554472323170560,Prefill Throughput Per User,tokens/sec/user,p5,11546.60
151,1780554471323170560,1780554472323170560,Prefill Throughput Per User,tokens/sec/user,p10,11546.60
151,1780554471323170560,1780554472323170560,Prefill Throughput Per User,tokens/sec/user,p25,11546.60
151,1780554471323170560,1780554472323170560,Prefill Throughput Per User,tokens/sec/user,p50,11546.60
151,1780554471323170560,1780554472323170560,Prefill Throughput Per User,tokens/sec/user,p75,11546.60
151,1780554471323170560,1780554472323170560,Prefill Throughput Per User,tokens/sec/user,p90,11546.60
151,1780554471323170560,1780554472323170560,Prefill Throughput Per User,tokens/sec/user,p95,11546.60
151,1780554471323170560,1780554472323170560,Prefill Throughput Per User,tokens/sec/user,p99,11546.60
151,1780554471323170560,1780554472323170560,Prefill Throughput Per User,tokens/sec/user,std,0.00
151,1780554471323170560,1780554472323170560,Request Count,requests,avg,1.00
151,1780554471323170560,1780554472323170560,Request Latency,ms,avg,277629.38
151,1780554471323170560,1780554472323170560,Request Latency,ms,min,277629.38
151,1780554471323170560,1780554472323170560,Request Latency,ms,max,277629.38
151,1780554471323170560,1780554472323170560,Request Latency,ms,sum,277629.38
151,1780554471323170560,1780554472323170560,Request Latency,ms,p1,277629.38
151,1780554471323170560,1780554472323170560,Request Latency,ms,p5,277629.38
151,1780554471323170560,1780554472323170560,Request Latency,ms,p10,277629.38
151,1780554471323170560,1780554472323170560,Request Latency,ms,p25,277629.38
151,1780554471323170560,1780554472323170560,Request Latency,ms,p50,277629.38
151,1780554471323170560,1780554472323170560,Request Latency,ms,p75,277629.38
151,1780554471323170560,1780554472323170560,Request Latency,ms,p90,277629.38
151,1780554471323170560,1780554472323170560,Request Latency,ms,p95,277629.38
151,1780554471323170560,1780554472323170560,Request Latency,ms,p99,277629.38
151,1780554471323170560,1780554472323170560,Request Latency,ms,std,0.00
151,1780554471323170560,1780554472323170560,Request Throughput,requests/sec,avg,1.00
151,1780554471323170560,1780554472323170560,Requested OSL,tokens,avg,2448.00
151,1780554471323170560,1780554472323170560,Requested OSL,tokens,min,2448.00
151,1780554471323170560,1780554472323170560,Requested OSL,tokens,max,2448.00
151,1780554471323170560,1780554472323170560,Requested OSL,tokens,sum,2448.00
151,1780554471323170560,1780554472323170560,Requested OSL,tokens,p1,2448.00
151,1780554471323170560,1780554472323170560,Requested OSL,tokens,p5,2448.00
151,1780554471323170560,1780554472323170560,Requested OSL,tokens,p10,2448.00
151,1780554471323170560,1780554472323170560,Requested OSL,tokens,p25,2448.00
151,1780554471323170560,1780554472323170560,Requested OSL,tokens,p50,2448.00
151,1780554471323170560,1780554472323170560,Requested OSL,tokens,p75,2448.00
151,1780554471323170560,1780554472323170560,Requested OSL,tokens,p90,2448.00
151,1780554471323170560,1780554472323170560,Requested OSL,tokens,p95,2448.00
151,1780554471323170560,1780554472323170560,Requested OSL,tokens,p99,2448.00
151,1780554471323170560,1780554472323170560,Requested OSL,tokens,std,0.00
151,1780554471323170560,1780554472323170560,Time to First Output Token,ms,avg,9862.13
151,1780554471323170560,1780554472323170560,Time to First Output Token,ms,min,9862.13
151,1780554471323170560,1780554472323170560,Time to First Output Token,ms,max,9862.13
151,1780554471323170560,1780554472323170560,Time to First Output Token,ms,sum,9862.13
151,1780554471323170560,1780554472323170560,Time to First Output Token,ms,p1,9862.13
151,1780554471323170560,1780554472323170560,Time to First Output Token,ms,p5,9862.13
151,1780554471323170560,1780554472323170560,Time to First Output Token,ms,p10,9862.13
151,1780554471323170560,1780554472323170560,Time to First Output Token,ms,p25,9862.13
151,1780554471323170560,1780554472323170560,Time to First Output Token,ms,p50,9862.13
151,1780554471323170560,1780554472323170560,Time to First Output Token,ms,p75,9862.13
151,1780554471323170560,1780554472323170560,Time to First Output Token,ms,p90,9862.13
151,1780554471323170560,1780554472323170560,Time to First Output Token,ms,p95,9862.13
151,1780554471323170560,1780554472323170560,Time to First Output Token,ms,p99,9862.13
151,1780554471323170560,1780554472323170560,Time to First Output Token,ms,std,0.00
151,1780554471323170560,1780554472323170560,Time to First Token,ms,avg,9862.13
151,1780554471323170560,1780554472323170560,Time to First Token,ms,min,9862.13
151,1780554471323170560,1780554472323170560,Time to First Token,ms,max,9862.13
151,1780554471323170560,1780554472323170560,Time to First Token,ms,sum,9862.13
151,1780554471323170560,1780554472323170560,Time to First Token,ms,p1,9862.13
151,1780554471323170560,1780554472323170560,Time to First Token,ms,p5,9862.13
151,1780554471323170560,1780554472323170560,Time to First Token,ms,p10,9862.13
151,1780554471323170560,1780554472323170560,Time to First Token,ms,p25,9862.13
151,1780554471323170560,1780554472323170560,Time to First Token,ms,p50,9862.13
151,1780554471323170560,1780554472323170560,Time to First Token,ms,p75,9862.13
151,1780554471323170560,1780554472323170560,Time to First Token,ms,p90,9862.13
151,1780554471323170560,1780554472323170560,Time to First Token,ms,p95,9862.13
151,1780554471323170560,1780554472323170560,Time to First Token,ms,p99,9862.13
151,1780554471323170560,1780554472323170560,Time to First Token,ms,std,0.00
151,1780554471323170560,1780554472323170560,Time to Second Token,ms,avg,0.65
151,1780554471323170560,1780554472323170560,Time to Second Token,ms,min,0.65
151,1780554471323170560,1780554472323170560,Time to Second Token,ms,max,0.65
151,1780554471323170560,1780554472323170560,Time to Second Token,ms,sum,0.65
151,1780554471323170560,1780554472323170560,Time to Second Token,ms,p1,0.65
151,1780554471323170560,1780554472323170560,Time to Second Token,ms,p5,0.65
151,1780554471323170560,1780554472323170560,Time to Second Token,ms,p10,0.65
151,1780554471323170560,1780554472323170560,Time to Second Token,ms,p25,0.65
151,1780554471323170560,1780554472323170560,Time to Second Token,ms,p50,0.65
151,1780554471323170560,1780554472323170560,Time to Second Token,ms,p75,0.65
151,1780554471323170560,1780554472323170560,Time to Second Token,ms,p90,0.65
151,1780554471323170560,1780554472323170560,Time to Second Token,ms,p95,0.65
151,1780554471323170560,1780554472323170560,Time to Second Token,ms,p99,0.65
151,1780554471323170560,1780554472323170560,Time to Second Token,ms,std,0.00
151,1780554471323170560,1780554472323170560,Tokens In Flight,tokens,avg,850354.62
151,1780554471323170560,1780554472323170560,Tokens In Flight,tokens,min,805196.67
151,1780554471323170560,1780554472323170560,Tokens In Flight,tokens,max,919147.11
151,1780554471323170560,1780554472323170560,Tokens In Flight,tokens,p50,805232.39
151,1780554471323170560,1780554472323170560,Tokens In Flight,tokens,p90,919137.68
151,1780554471323170560,1780554472323170560,Tokens In Flight,tokens,p95,919141.96
151,1780554471323170560,1780554472323170560,Tokens In Flight,tokens,p99,919145.11
151,1780554471323170560,1780554472323170560,Tokens In Flight,tokens,std,55715.87
151,1780554471323170560,1780554472323170560,Total Input Sequence Length,tokens,avg,113874.00
151,1780554471323170560,1780554472323170560,Total Output Sequence Length,tokens,avg,2448.00
151,1780554471323170560,1780554472323170560,Total Output Tokens,tokens,avg,2448.00
151,1780554471323170560,1780554472323170560,Total Token Throughput,tokens/sec,avg,116322.00
151,1780554471323170560,1780554472323170560,Total Usage Completion Tokens,tokens,avg,2448.00
151,1780554471323170560,1780554472323170560,Total Usage Prompt Tokens,tokens,avg,113874.00
151,1780554471323170560,1780554472323170560,Total Usage Total Tokens,tokens,avg,116322.00
151,1780554471323170560,1780554472323170560,Usage Completion Tokens,tokens,avg,2448.00
151,1780554471323170560,1780554472323170560,Usage Completion Tokens,tokens,min,2448.00
151,1780554471323170560,1780554472323170560,Usage Completion Tokens,tokens,max,2448.00
151,1780554471323170560,1780554472323170560,Usage Completion Tokens,tokens,sum,2448.00
151,1780554471323170560,1780554472323170560,Usage Completion Tokens,tokens,p1,2448.00
151,1780554471323170560,1780554472323170560,Usage Completion Tokens,tokens,p5,2448.00
151,1780554471323170560,1780554472323170560,Usage Completion Tokens,tokens,p10,2448.00
151,1780554471323170560,1780554472323170560,Usage Completion Tokens,tokens,p25,2448.00
151,1780554471323170560,1780554472323170560,Usage Completion Tokens,tokens,p50,2448.00
151,1780554471323170560,1780554472323170560,Usage Completion Tokens,tokens,p75,2448.00
151,1780554471323170560,1780554472323170560,Usage Completion Tokens,tokens,p90,2448.00
151,1780554471323170560,1780554472323170560,Usage Completion Tokens,tokens,p95,2448.00
151,1780554471323170560,1780554472323170560,Usage Completion Tokens,tokens,p99,2448.00
151,1780554471323170560,1780554472323170560,Usage Completion Tokens,tokens,std,0.00
151,1780554471323170560,1780554472323170560,Usage Prompt Tokens,tokens,avg,113874.00
151,1780554471323170560,1780554472323170560,Usage Prompt Tokens,tokens,min,113874.00
151,1780554471323170560,1780554472323170560,Usage Prompt Tokens,tokens,max,113874.00
151,1780554471323170560,1780554472323170560,Usage Prompt Tokens,tokens,sum,113874.00
151,1780554471323170560,1780554472323170560,Usage Prompt Tokens,tokens,p1,113874.00
151,1780554471323170560,1780554472323170560,Usage Prompt Tokens,tokens,p5,113874.00
151,1780554471323170560,1780554472323170560,Usage Prompt Tokens,tokens,p10,113874.00
151,1780554471323170560,1780554472323170560,Usage Prompt Tokens,tokens,p25,113874.00
151,1780554471323170560,1780554472323170560,Usage Prompt Tokens,tokens,p50,113874.00
151,1780554471323170560,1780554472323170560,Usage Prompt Tokens,tokens,p75,113874.00
151,1780554471323170560,1780554472323170560,Usage Prompt Tokens,tokens,p90,113874.00
151,1780554471323170560,1780554472323170560,Usage Prompt Tokens,tokens,p95,113874.00
151,1780554471323170560,1780554472323170560,Usage Prompt Tokens,tokens,p99,113874.00
151,1780554471323170560,1780554472323170560,Usage Prompt Tokens,tokens,std,0.00
151,1780554471323170560,1780554472323170560,Usage Total Tokens,tokens,avg,116322.00
151,1780554471323170560,1780554472323170560,Usage Total Tokens,tokens,min,116322.00
151,1780554471323170560,1780554472323170560,Usage Total Tokens,tokens,max,116322.00
151,1780554471323170560,1780554472323170560,Usage Total Tokens,tokens,sum,116322.00
151,1780554471323170560,1780554472323170560,Usage Total Tokens,tokens,p1,116322.00
151,1780554471323170560,1780554472323170560,Usage Total Tokens,tokens,p5,116322.00
151,1780554471323170560,1780554472323170560,Usage Total Tokens,tokens,p10,116322.00
151,1780554471323170560,1780554472323170560,Usage Total Tokens,tokens,p25,116322.00
151,1780554471323170560,1780554472323170560,Usage Total Tokens,tokens,p50,116322.00
151,1780554471323170560,1780554472323170560,Usage Total Tokens,tokens,p75,116322.00
151,1780554471323170560,1780554472323170560,Usage Total Tokens,tokens,p90,116322.00
151,1780554471323170560,1780554472323170560,Usage Total Tokens,tokens,p95,116322.00
151,1780554471323170560,1780554472323170560,Usage Total Tokens,tokens,p99,116322.00
151,1780554471323170560,1780554472323170560,Usage Total Tokens,tokens,std,0.00
152,1780554475323170560,1780554476323170560,Active Decode Throughput,tokens/sec,avg,74.91
152,1780554475323170560,1780554476323170560,Active Decode Throughput,tokens/sec,min,54.74
152,1780554475323170560,1780554476323170560,Active Decode Throughput,tokens/sec,max,91.65
152,1780554475323170560,1780554476323170560,Active Decode Throughput,tokens/sec,p50,77.90
152,1780554475323170560,1780554476323170560,Active Decode Throughput,tokens/sec,p90,77.92
152,1780554475323170560,1780554476323170560,Active Decode Throughput,tokens/sec,p95,77.92
152,1780554475323170560,1780554476323170560,Active Decode Throughput,tokens/sec,p99,78.26
152,1780554475323170560,1780554476323170560,Active Decode Throughput,tokens/sec,std,5.69
152,1780554475323170560,1780554476323170560,Active Decode Throughput Per User,tokens/sec/user,avg,7.49
152,1780554475323170560,1780554476323170560,Active Decode Throughput Per User,tokens/sec/user,min,5.47
152,1780554475323170560,1780554476323170560,Active Decode Throughput Per User,tokens/sec/user,max,9.16
152,1780554475323170560,1780554476323170560,Active Decode Throughput Per User,tokens/sec/user,p50,7.79
152,1780554475323170560,1780554476323170560,Active Decode Throughput Per User,tokens/sec/user,p90,7.79
152,1780554475323170560,1780554476323170560,Active Decode Throughput Per User,tokens/sec/user,p95,7.79
152,1780554475323170560,1780554476323170560,Active Decode Throughput Per User,tokens/sec/user,p99,7.83
152,1780554475323170560,1780554476323170560,Active Decode Throughput Per User,tokens/sec/user,std,0.57
152,1780554475323170560,1780554476323170560,Active Prefill Throughput,tokens/sec,avg,13789.48
152,1780554475323170560,1780554476323170560,Active Prefill Throughput,tokens/sec,min,11546.60
152,1780554475323170560,1780554476323170560,Active Prefill Throughput,tokens/sec,max,17478.59
152,1780554475323170560,1780554476323170560,Active Prefill Throughput,tokens/sec,p50,11546.60
152,1780554475323170560,1780554476323170560,Active Prefill Throughput,tokens/sec,p90,17478.59
152,1780554475323170560,1780554476323170560,Active Prefill Throughput,tokens/sec,p95,17478.59
152,1780554475323170560,1780554476323170560,Active Prefill Throughput,tokens/sec,p99,17478.59
152,1780554475323170560,1780554476323170560,Active Prefill Throughput,tokens/sec,std,2876.50
152,1780554475323170560,1780554476323170560,Active Prefill Throughput Per User,tokens/sec/user,avg,10485.16
152,1780554475323170560,1780554476323170560,Active Prefill Throughput Per User,tokens/sec/user,min,8739.30
152,1780554475323170560,1780554476323170560,Active Prefill Throughput Per User,tokens/sec/user,max,11546.60
152,1780554475323170560,1780554476323170560,Active Prefill Throughput Per User,tokens/sec/user,p50,11546.60
152,1780554475323170560,1780554476323170560,Active Prefill Throughput Per User,tokens/sec/user,p90,11546.60
152,1780554475323170560,1780554476323170560,Active Prefill Throughput Per User,tokens/sec/user,p95,11546.60
152,1780554475323170560,1780554476323170560,Active Prefill Throughput Per User,tokens/sec/user,p99,11546.60
152,1780554475323170560,1780554476323170560,Active Prefill Throughput Per User,tokens/sec/user,std,1361.30
152,1780554475323170560,1780554476323170560,Active Total Throughput,tokens/sec,avg,13885.83
152,1780554475323170560,1780554476323170560,Active Total Throughput,tokens/sec,min,11642.94
152,1780554475323170560,1780554476323170560,Active Total Throughput,tokens/sec,max,17574.94
152,1780554475323170560,1780554476323170560,Active Total Throughput,tokens/sec,p50,11642.94
152,1780554475323170560,1780554476323170560,Active Total Throughput,tokens/sec,p90,17574.94
152,1780554475323170560,1780554476323170560,Active Total Throughput,tokens/sec,p95,17574.94
152,1780554475323170560,1780554476323170560,Active Total Throughput,tokens/sec,p99,17574.94
152,1780554475323170560,1780554476323170560,Active Total Throughput,tokens/sec,std,2876.50
152,1780554475323170560,1780554476323170560,Benchmark Duration,sec,avg,56.34
152,1780554475323170560,1780554476323170560,E2E Output Token Throughput,tokens/sec/user,avg,10.60
152,1780554475323170560,1780554476323170560,E2E Output Token Throughput,tokens/sec/user,min,10.60
152,1780554475323170560,1780554476323170560,E2E Output Token Throughput,tokens/sec/user,max,10.60
152,1780554475323170560,1780554476323170560,E2E Output Token Throughput,tokens/sec/user,sum,10.60
152,1780554475323170560,1780554476323170560,E2E Output Token Throughput,tokens/sec/user,p1,10.60
152,1780554475323170560,1780554476323170560,E2E Output Token Throughput,tokens/sec/user,p5,10.60
152,1780554475323170560,1780554476323170560,E2E Output Token Throughput,tokens/sec/user,p10,10.60
152,1780554475323170560,1780554476323170560,E2E Output Token Throughput,tokens/sec/user,p25,10.60
152,1780554475323170560,1780554476323170560,E2E Output Token Throughput,tokens/sec/user,p50,10.60
152,1780554475323170560,1780554476323170560,E2E Output Token Throughput,tokens/sec/user,p75,10.60
152,1780554475323170560,1780554476323170560,E2E Output Token Throughput,tokens/sec/user,p90,10.60
152,1780554475323170560,1780554476323170560,E2E Output Token Throughput,tokens/sec/user,p95,10.60
152,1780554475323170560,1780554476323170560,E2E Output Token Throughput,tokens/sec/user,p99,10.60
152,1780554475323170560,1780554476323170560,E2E Output Token Throughput,tokens/sec/user,std,0.00
152,1780554475323170560,1780554476323170560,Effective Concurrency,requests,avg,11.38
152,1780554475323170560,1780554476323170560,Effective Concurrency,requests,min,11.00
152,1780554475323170560,1780554476323170560,Effective Concurrency,requests,max,12.00
152,1780554475323170560,1780554476323170560,Effective Concurrency,requests,p50,11.00
152,1780554475323170560,1780554476323170560,Effective Concurrency,requests,p90,12.00
152,1780554475323170560,1780554476323170560,Effective Concurrency,requests,p95,12.00
152,1780554475323170560,1780554476323170560,Effective Concurrency,requests,p99,12.00
152,1780554475323170560,1780554476323170560,Effective Concurrency,requests,std,0.48
152,1780554475323170560,1780554476323170560,Effective Decode Concurrency,requests,avg,10.00
152,1780554475323170560,1780554476323170560,Effective Decode Concurrency,requests,min,10.00
152,1780554475323170560,1780554476323170560,Effective Decode Concurrency,requests,max,10.00
152,1780554475323170560,1780554476323170560,Effective Decode Concurrency,requests,p50,10.00
152,1780554475323170560,1780554476323170560,Effective Decode Concurrency,requests,p90,10.00
152,1780554475323170560,1780554476323170560,Effective Decode Concurrency,requests,p95,10.00
152,1780554475323170560,1780554476323170560,Effective Decode Concurrency,requests,p99,10.00
152,1780554475323170560,1780554476323170560,Effective Decode Concurrency,requests,std,0.00
152,1780554475323170560,1780554476323170560,Effective Decode Throughput,tokens/sec,avg,74.91
152,1780554475323170560,1780554476323170560,Effective Decode Throughput,tokens/sec,min,54.74
152,1780554475323170560,1780554476323170560,Effective Decode Throughput,tokens/sec,max,91.65
152,1780554475323170560,1780554476323170560,Effective Decode Throughput,tokens/sec,p50,77.90
152,1780554475323170560,1780554476323170560,Effective Decode Throughput,tokens/sec,p90,77.92
152,1780554475323170560,1780554476323170560,Effective Decode Throughput,tokens/sec,p95,77.92
152,1780554475323170560,1780554476323170560,Effective Decode Throughput,tokens/sec,p99,78.26
152,1780554475323170560,1780554476323170560,Effective Decode Throughput,tokens/sec,std,5.69
152,1780554475323170560,1780554476323170560,Effective Decode Throughput Per User,tokens/sec/user,avg,7.49
152,1780554475323170560,1780554476323170560,Effective Decode Throughput Per User,tokens/sec/user,min,5.47
152,1780554475323170560,1780554476323170560,Effective Decode Throughput Per User,tokens/sec/user,max,9.16
152,1780554475323170560,1780554476323170560,Effective Decode Throughput Per User,tokens/sec/user,p50,7.79
152,1780554475323170560,1780554476323170560,Effective Decode Throughput Per User,tokens/sec/user,p90,7.79
152,1780554475323170560,1780554476323170560,Effective Decode Throughput Per User,tokens/sec/user,p95,7.79
152,1780554475323170560,1780554476323170560,Effective Decode Throughput Per User,tokens/sec/user,p99,7.83
152,1780554475323170560,1780554476323170560,Effective Decode Throughput Per User,tokens/sec/user,std,0.57
152,1780554475323170560,1780554476323170560,Effective Prefill Concurrency,requests,avg,1.38
152,1780554475323170560,1780554476323170560,Effective Prefill Concurrency,requests,min,1.00
152,1780554475323170560,1780554476323170560,Effective Prefill Concurrency,requests,max,2.00
152,1780554475323170560,1780554476323170560,Effective Prefill Concurrency,requests,p50,1.00
152,1780554475323170560,1780554476323170560,Effective Prefill Concurrency,requests,p90,2.00
152,1780554475323170560,1780554476323170560,Effective Prefill Concurrency,requests,p95,2.00
152,1780554475323170560,1780554476323170560,Effective Prefill Concurrency,requests,p99,2.00
152,1780554475323170560,1780554476323170560,Effective Prefill Concurrency,requests,std,0.48
152,1780554475323170560,1780554476323170560,Effective Prefill Throughput,tokens/sec,avg,13789.48
152,1780554475323170560,1780554476323170560,Effective Prefill Throughput,tokens/sec,min,11546.60
152,1780554475323170560,1780554476323170560,Effective Prefill Throughput,tokens/sec,max,17478.59
152,1780554475323170560,1780554476323170560,Effective Prefill Throughput,tokens/sec,p50,11546.60
152,1780554475323170560,1780554476323170560,Effective Prefill Throughput,tokens/sec,p90,17478.59
152,1780554475323170560,1780554476323170560,Effective Prefill Throughput,tokens/sec,p95,17478.59
152,1780554475323170560,1780554476323170560,Effective Prefill Throughput,tokens/sec,p99,17478.59
152,1780554475323170560,1780554476323170560,Effective Prefill Throughput,tokens/sec,std,2876.50
152,1780554475323170560,1780554476323170560,Effective Prefill Throughput Per User,tokens/sec/user,avg,10485.16
152,1780554475323170560,1780554476323170560,Effective Prefill Throughput Per User,tokens/sec/user,min,8739.30
152,1780554475323170560,1780554476323170560,Effective Prefill Throughput Per User,tokens/sec/user,max,11546.60
152,1780554475323170560,1780554476323170560,Effective Prefill Throughput Per User,tokens/sec/user,p50,11546.60
152,1780554475323170560,1780554476323170560,Effective Prefill Throughput Per User,tokens/sec/user,p90,11546.60
152,1780554475323170560,1780554476323170560,Effective Prefill Throughput Per User,tokens/sec/user,p95,11546.60
152,1780554475323170560,1780554476323170560,Effective Prefill Throughput Per User,tokens/sec/user,p99,11546.60
152,1780554475323170560,1780554476323170560,Effective Prefill Throughput Per User,tokens/sec/user,std,1361.30
152,1780554475323170560,1780554476323170560,Effective Total Throughput,tokens/sec,avg,13885.83
152,1780554475323170560,1780554476323170560,Effective Total Throughput,tokens/sec,min,11642.94
152,1780554475323170560,1780554476323170560,Effective Total Throughput,tokens/sec,max,17574.94
152,1780554475323170560,1780554476323170560,Effective Total Throughput,tokens/sec,p50,11642.94
152,1780554475323170560,1780554476323170560,Effective Total Throughput,tokens/sec,p90,17574.94
152,1780554475323170560,1780554476323170560,Effective Total Throughput,tokens/sec,p95,17574.94
152,1780554475323170560,1780554476323170560,Effective Total Throughput,tokens/sec,p99,17574.94
152,1780554475323170560,1780554476323170560,Effective Total Throughput,tokens/sec,std,2876.50
152,1780554475323170560,1780554476323170560,HTTP Blocked,ms,avg,0.00
152,1780554475323170560,1780554476323170560,HTTP Blocked,ms,min,0.00
152,1780554475323170560,1780554476323170560,HTTP Blocked,ms,max,0.00
152,1780554475323170560,1780554476323170560,HTTP Blocked,ms,sum,0.00
152,1780554475323170560,1780554476323170560,HTTP Blocked,ms,p1,0.00
152,1780554475323170560,1780554476323170560,HTTP Blocked,ms,p5,0.00
152,1780554475323170560,1780554476323170560,HTTP Blocked,ms,p10,0.00
152,1780554475323170560,1780554476323170560,HTTP Blocked,ms,p25,0.00
152,1780554475323170560,1780554476323170560,HTTP Blocked,ms,p50,0.00
152,1780554475323170560,1780554476323170560,HTTP Blocked,ms,p75,0.00
152,1780554475323170560,1780554476323170560,HTTP Blocked,ms,p90,0.00
152,1780554475323170560,1780554476323170560,HTTP Blocked,ms,p95,0.00
152,1780554475323170560,1780554476323170560,HTTP Blocked,ms,p99,0.00
152,1780554475323170560,1780554476323170560,HTTP Blocked,ms,std,0.00
152,1780554475323170560,1780554476323170560,HTTP Chunks Received,count,avg,597.00
152,1780554475323170560,1780554476323170560,HTTP Chunks Received,count,min,597.00
152,1780554475323170560,1780554476323170560,HTTP Chunks Received,count,max,597.00
152,1780554475323170560,1780554476323170560,HTTP Chunks Received,count,sum,597.00
152,1780554475323170560,1780554476323170560,HTTP Chunks Received,count,p1,597.00
152,1780554475323170560,1780554476323170560,HTTP Chunks Received,count,p5,597.00
152,1780554475323170560,1780554476323170560,HTTP Chunks Received,count,p10,597.00
152,1780554475323170560,1780554476323170560,HTTP Chunks Received,count,p25,597.00
152,1780554475323170560,1780554476323170560,HTTP Chunks Received,count,p50,597.00
152,1780554475323170560,1780554476323170560,HTTP Chunks Received,count,p75,597.00
152,1780554475323170560,1780554476323170560,HTTP Chunks Received,count,p90,597.00
152,1780554475323170560,1780554476323170560,HTTP Chunks Received,count,p95,597.00
152,1780554475323170560,1780554476323170560,HTTP Chunks Received,count,p99,597.00
152,1780554475323170560,1780554476323170560,HTTP Chunks Received,count,std,0.00
152,1780554475323170560,1780554476323170560,HTTP Chunks Sent,count,avg,1.00
152,1780554475323170560,1780554476323170560,HTTP Chunks Sent,count,min,1.00
152,1780554475323170560,1780554476323170560,HTTP Chunks Sent,count,max,1.00
152,1780554475323170560,1780554476323170560,HTTP Chunks Sent,count,sum,1.00
152,1780554475323170560,1780554476323170560,HTTP Chunks Sent,count,p1,1.00
152,1780554475323170560,1780554476323170560,HTTP Chunks Sent,count,p5,1.00
152,1780554475323170560,1780554476323170560,HTTP Chunks Sent,count,p10,1.00
152,1780554475323170560,1780554476323170560,HTTP Chunks Sent,count,p25,1.00
152,1780554475323170560,1780554476323170560,HTTP Chunks Sent,count,p50,1.00
152,1780554475323170560,1780554476323170560,HTTP Chunks Sent,count,p75,1.00
152,1780554475323170560,1780554476323170560,HTTP Chunks Sent,count,p90,1.00
152,1780554475323170560,1780554476323170560,HTTP Chunks Sent,count,p95,1.00
152,1780554475323170560,1780554476323170560,HTTP Chunks Sent,count,p99,1.00
152,1780554475323170560,1780554476323170560,HTTP Chunks Sent,count,std,0.00
152,1780554475323170560,1780554476323170560,HTTP Connecting,ms,avg,1.18
152,1780554475323170560,1780554476323170560,HTTP Connecting,ms,min,1.18
152,1780554475323170560,1780554476323170560,HTTP Connecting,ms,max,1.18
152,1780554475323170560,1780554476323170560,HTTP Connecting,ms,sum,1.18
152,1780554475323170560,1780554476323170560,HTTP Connecting,ms,p1,1.18
152,1780554475323170560,1780554476323170560,HTTP Connecting,ms,p5,1.18
152,1780554475323170560,1780554476323170560,HTTP Connecting,ms,p10,1.18
152,1780554475323170560,1780554476323170560,HTTP Connecting,ms,p25,1.18
152,1780554475323170560,1780554476323170560,HTTP Connecting,ms,p50,1.18
152,1780554475323170560,1780554476323170560,HTTP Connecting,ms,p75,1.18
152,1780554475323170560,1780554476323170560,HTTP Connecting,ms,p90,1.18
152,1780554475323170560,1780554476323170560,HTTP Connecting,ms,p95,1.18
152,1780554475323170560,1780554476323170560,HTTP Connecting,ms,p99,1.18
152,1780554475323170560,1780554476323170560,HTTP Connecting,ms,std,0.00
152,1780554475323170560,1780554476323170560,HTTP Connection Overhead,ms,avg,1.71
152,1780554475323170560,1780554476323170560,HTTP Connection Overhead,ms,min,1.71
152,1780554475323170560,1780554476323170560,HTTP Connection Overhead,ms,max,1.71
152,1780554475323170560,1780554476323170560,HTTP Connection Overhead,ms,sum,1.71
152,1780554475323170560,1780554476323170560,HTTP Connection Overhead,ms,p1,1.71
152,1780554475323170560,1780554476323170560,HTTP Connection Overhead,ms,p5,1.71
152,1780554475323170560,1780554476323170560,HTTP Connection Overhead,ms,p10,1.71
152,1780554475323170560,1780554476323170560,HTTP Connection Overhead,ms,p25,1.71
152,1780554475323170560,1780554476323170560,HTTP Connection Overhead,ms,p50,1.71
152,1780554475323170560,1780554476323170560,HTTP Connection Overhead,ms,p75,1.71
152,1780554475323170560,1780554476323170560,HTTP Connection Overhead,ms,p90,1.71
152,1780554475323170560,1780554476323170560,HTTP Connection Overhead,ms,p95,1.71
152,1780554475323170560,1780554476323170560,HTTP Connection Overhead,ms,p99,1.71
152,1780554475323170560,1780554476323170560,HTTP Connection Overhead,ms,std,0.00
152,1780554475323170560,1780554476323170560,HTTP Connection Reused,ratio,avg,0.00
152,1780554475323170560,1780554476323170560,HTTP Connection Reused,ratio,min,0.00
152,1780554475323170560,1780554476323170560,HTTP Connection Reused,ratio,max,0.00
152,1780554475323170560,1780554476323170560,HTTP Connection Reused,ratio,sum,0.00
152,1780554475323170560,1780554476323170560,HTTP Connection Reused,ratio,p1,0.00
152,1780554475323170560,1780554476323170560,HTTP Connection Reused,ratio,p5,0.00
152,1780554475323170560,1780554476323170560,HTTP Connection Reused,ratio,p10,0.00
152,1780554475323170560,1780554476323170560,HTTP Connection Reused,ratio,p25,0.00
152,1780554475323170560,1780554476323170560,HTTP Connection Reused,ratio,p50,0.00
152,1780554475323170560,1780554476323170560,HTTP Connection Reused,ratio,p75,0.00
152,1780554475323170560,1780554476323170560,HTTP Connection Reused,ratio,p90,0.00
152,1780554475323170560,1780554476323170560,HTTP Connection Reused,ratio,p95,0.00
152,1780554475323170560,1780554476323170560,HTTP Connection Reused,ratio,p99,0.00
152,1780554475323170560,1780554476323170560,HTTP Connection Reused,ratio,std,0.00
152,1780554475323170560,1780554476323170560,HTTP Data Received,KB,avg,149.30
152,1780554475323170560,1780554476323170560,HTTP Data Received,KB,min,149.30
152,1780554475323170560,1780554476323170560,HTTP Data Received,KB,max,149.30
152,1780554475323170560,1780554476323170560,HTTP Data Received,KB,sum,149.30
152,1780554475323170560,1780554476323170560,HTTP Data Received,KB,p1,149.30
152,1780554475323170560,1780554476323170560,HTTP Data Received,KB,p5,149.30
152,1780554475323170560,1780554476323170560,HTTP Data Received,KB,p10,149.30
152,1780554475323170560,1780554476323170560,HTTP Data Received,KB,p25,149.30
152,1780554475323170560,1780554476323170560,HTTP Data Received,KB,p50,149.30
152,1780554475323170560,1780554476323170560,HTTP Data Received,KB,p75,149.30
152,1780554475323170560,1780554476323170560,HTTP Data Received,KB,p90,149.30
152,1780554475323170560,1780554476323170560,HTTP Data Received,KB,p95,149.30
152,1780554475323170560,1780554476323170560,HTTP Data Received,KB,p99,149.30
152,1780554475323170560,1780554476323170560,HTTP Data Received,KB,std,0.00
152,1780554475323170560,1780554476323170560,HTTP Data Sent,KB,avg,132.14
152,1780554475323170560,1780554476323170560,HTTP Data Sent,KB,min,132.14
152,1780554475323170560,1780554476323170560,HTTP Data Sent,KB,max,132.14
152,1780554475323170560,1780554476323170560,HTTP Data Sent,KB,sum,132.14
152,1780554475323170560,1780554476323170560,HTTP Data Sent,KB,p1,132.14
152,1780554475323170560,1780554476323170560,HTTP Data Sent,KB,p5,132.14
152,1780554475323170560,1780554476323170560,HTTP Data Sent,KB,p10,132.14
152,1780554475323170560,1780554476323170560,HTTP Data Sent,KB,p25,132.14
152,1780554475323170560,1780554476323170560,HTTP Data Sent,KB,p50,132.14
152,1780554475323170560,1780554476323170560,HTTP Data Sent,KB,p75,132.14
152,1780554475323170560,1780554476323170560,HTTP Data Sent,KB,p90,132.14
152,1780554475323170560,1780554476323170560,HTTP Data Sent,KB,p95,132.14
152,1780554475323170560,1780554476323170560,HTTP Data Sent,KB,p99,132.14
152,1780554475323170560,1780554476323170560,HTTP Data Sent,KB,std,0.00
152,1780554475323170560,1780554476323170560,HTTP DNS Lookup,ms,avg,0.52
152,1780554475323170560,1780554476323170560,HTTP DNS Lookup,ms,min,0.52
152,1780554475323170560,1780554476323170560,HTTP DNS Lookup,ms,max,0.52
152,1780554475323170560,1780554476323170560,HTTP DNS Lookup,ms,sum,0.52
152,1780554475323170560,1780554476323170560,HTTP DNS Lookup,ms,p1,0.52
152,1780554475323170560,1780554476323170560,HTTP DNS Lookup,ms,p5,0.52
152,1780554475323170560,1780554476323170560,HTTP DNS Lookup,ms,p10,0.52
152,1780554475323170560,1780554476323170560,HTTP DNS Lookup,ms,p25,0.52
152,1780554475323170560,1780554476323170560,HTTP DNS Lookup,ms,p50,0.52
152,1780554475323170560,1780554476323170560,HTTP DNS Lookup,ms,p75,0.52
152,1780554475323170560,1780554476323170560,HTTP DNS Lookup,ms,p90,0.52
152,1780554475323170560,1780554476323170560,HTTP DNS Lookup,ms,p95,0.52
152,1780554475323170560,1780554476323170560,HTTP DNS Lookup,ms,p99,0.52
152,1780554475323170560,1780554476323170560,HTTP DNS Lookup,ms,std,0.00
152,1780554475323170560,1780554476323170560,HTTP Duration (excl. conn),ms,avg,56337.05
152,1780554475323170560,1780554476323170560,HTTP Duration (excl. conn),ms,min,56337.05
152,1780554475323170560,1780554476323170560,HTTP Duration (excl. conn),ms,max,56337.05
152,1780554475323170560,1780554476323170560,HTTP Duration (excl. conn),ms,sum,56337.05
152,1780554475323170560,1780554476323170560,HTTP Duration (excl. conn),ms,p1,56337.05
152,1780554475323170560,1780554476323170560,HTTP Duration (excl. conn),ms,p5,56337.05
152,1780554475323170560,1780554476323170560,HTTP Duration (excl. conn),ms,p10,56337.05
152,1780554475323170560,1780554476323170560,HTTP Duration (excl. conn),ms,p25,56337.05
152,1780554475323170560,1780554476323170560,HTTP Duration (excl. conn),ms,p50,56337.05
152,1780554475323170560,1780554476323170560,HTTP Duration (excl. conn),ms,p75,56337.05
152,1780554475323170560,1780554476323170560,HTTP Duration (excl. conn),ms,p90,56337.05
152,1780554475323170560,1780554476323170560,HTTP Duration (excl. conn),ms,p95,56337.05
152,1780554475323170560,1780554476323170560,HTTP Duration (excl. conn),ms,p99,56337.05
152,1780554475323170560,1780554476323170560,HTTP Duration (excl. conn),ms,std,0.00
152,1780554475323170560,1780554476323170560,HTTP Receiving,ms,avg,50493.27
152,1780554475323170560,1780554476323170560,HTTP Receiving,ms,min,50493.27
152,1780554475323170560,1780554476323170560,HTTP Receiving,ms,max,50493.27
152,1780554475323170560,1780554476323170560,HTTP Receiving,ms,sum,50493.27
152,1780554475323170560,1780554476323170560,HTTP Receiving,ms,p1,50493.27
152,1780554475323170560,1780554476323170560,HTTP Receiving,ms,p5,50493.27
152,1780554475323170560,1780554476323170560,HTTP Receiving,ms,p10,50493.27
152,1780554475323170560,1780554476323170560,HTTP Receiving,ms,p25,50493.27
152,1780554475323170560,1780554476323170560,HTTP Receiving,ms,p50,50493.27
152,1780554475323170560,1780554476323170560,HTTP Receiving,ms,p75,50493.27
152,1780554475323170560,1780554476323170560,HTTP Receiving,ms,p90,50493.27
152,1780554475323170560,1780554476323170560,HTTP Receiving,ms,p95,50493.27
152,1780554475323170560,1780554476323170560,HTTP Receiving,ms,p99,50493.27
152,1780554475323170560,1780554476323170560,HTTP Receiving,ms,std,0.00
152,1780554475323170560,1780554476323170560,HTTP Sending,ms,avg,1.45
152,1780554475323170560,1780554476323170560,HTTP Sending,ms,min,1.45
152,1780554475323170560,1780554476323170560,HTTP Sending,ms,max,1.45
152,1780554475323170560,1780554476323170560,HTTP Sending,ms,sum,1.45
152,1780554475323170560,1780554476323170560,HTTP Sending,ms,p1,1.45
152,1780554475323170560,1780554476323170560,HTTP Sending,ms,p5,1.45
152,1780554475323170560,1780554476323170560,HTTP Sending,ms,p10,1.45
152,1780554475323170560,1780554476323170560,HTTP Sending,ms,p25,1.45
152,1780554475323170560,1780554476323170560,HTTP Sending,ms,p50,1.45
152,1780554475323170560,1780554476323170560,HTTP Sending,ms,p75,1.45
152,1780554475323170560,1780554476323170560,HTTP Sending,ms,p90,1.45
152,1780554475323170560,1780554476323170560,HTTP Sending,ms,p95,1.45
152,1780554475323170560,1780554476323170560,HTTP Sending,ms,p99,1.45
152,1780554475323170560,1780554476323170560,HTTP Sending,ms,std,0.00
152,1780554475323170560,1780554476323170560,HTTP Total Time,ms,avg,56338.76
152,1780554475323170560,1780554476323170560,HTTP Total Time,ms,min,56338.76
152,1780554475323170560,1780554476323170560,HTTP Total Time,ms,max,56338.76
152,1780554475323170560,1780554476323170560,HTTP Total Time,ms,sum,56338.76
152,1780554475323170560,1780554476323170560,HTTP Total Time,ms,p1,56338.76
152,1780554475323170560,1780554476323170560,HTTP Total Time,ms,p5,56338.76
152,1780554475323170560,1780554476323170560,HTTP Total Time,ms,p10,56338.76
152,1780554475323170560,1780554476323170560,HTTP Total Time,ms,p25,56338.76
152,1780554475323170560,1780554476323170560,HTTP Total Time,ms,p50,56338.76
152,1780554475323170560,1780554476323170560,HTTP Total Time,ms,p75,56338.76
152,1780554475323170560,1780554476323170560,HTTP Total Time,ms,p90,56338.76
152,1780554475323170560,1780554476323170560,HTTP Total Time,ms,p95,56338.76
152,1780554475323170560,1780554476323170560,HTTP Total Time,ms,p99,56338.76
152,1780554475323170560,1780554476323170560,HTTP Total Time,ms,std,0.00
152,1780554475323170560,1780554476323170560,HTTP Waiting (TTFB),ms,avg,5842.33
152,1780554475323170560,1780554476323170560,HTTP Waiting (TTFB),ms,min,5842.33
152,1780554475323170560,1780554476323170560,HTTP Waiting (TTFB),ms,max,5842.33
152,1780554475323170560,1780554476323170560,HTTP Waiting (TTFB),ms,sum,5842.33
152,1780554475323170560,1780554476323170560,HTTP Waiting (TTFB),ms,p1,5842.33
152,1780554475323170560,1780554476323170560,HTTP Waiting (TTFB),ms,p5,5842.33
152,1780554475323170560,1780554476323170560,HTTP Waiting (TTFB),ms,p10,5842.33
152,1780554475323170560,1780554476323170560,HTTP Waiting (TTFB),ms,p25,5842.33
152,1780554475323170560,1780554476323170560,HTTP Waiting (TTFB),ms,p50,5842.33
152,1780554475323170560,1780554476323170560,HTTP Waiting (TTFB),ms,p75,5842.33
152,1780554475323170560,1780554476323170560,HTTP Waiting (TTFB),ms,p90,5842.33
152,1780554475323170560,1780554476323170560,HTTP Waiting (TTFB),ms,p95,5842.33
152,1780554475323170560,1780554476323170560,HTTP Waiting (TTFB),ms,p99,5842.33
152,1780554475323170560,1780554476323170560,HTTP Waiting (TTFB),ms,std,0.00
152,1780554475323170560,1780554476323170560,Input Sequence Length,tokens,avg,34666.00
152,1780554475323170560,1780554476323170560,Input Sequence Length,tokens,min,34666.00
152,1780554475323170560,1780554476323170560,Input Sequence Length,tokens,max,34666.00
152,1780554475323170560,1780554476323170560,Input Sequence Length,tokens,sum,34666.00
152,1780554475323170560,1780554476323170560,Input Sequence Length,tokens,p1,34666.00
152,1780554475323170560,1780554476323170560,Input Sequence Length,tokens,p5,34666.00
152,1780554475323170560,1780554476323170560,Input Sequence Length,tokens,p10,34666.00
152,1780554475323170560,1780554476323170560,Input Sequence Length,tokens,p25,34666.00
152,1780554475323170560,1780554476323170560,Input Sequence Length,tokens,p50,34666.00
152,1780554475323170560,1780554476323170560,Input Sequence Length,tokens,p75,34666.00
152,1780554475323170560,1780554476323170560,Input Sequence Length,tokens,p90,34666.00
152,1780554475323170560,1780554476323170560,Input Sequence Length,tokens,p95,34666.00
152,1780554475323170560,1780554476323170560,Input Sequence Length,tokens,p99,34666.00
152,1780554475323170560,1780554476323170560,Input Sequence Length,tokens,std,0.00
152,1780554475323170560,1780554476323170560,Input Token Throughput,tokens/sec,avg,34666.00
152,1780554475323170560,1780554476323170560,Inter Chunk Latency,ms,avg,128.31
152,1780554475323170560,1780554476323170560,Inter Chunk Latency,ms,min,127.50
152,1780554475323170560,1780554476323170560,Inter Chunk Latency,ms,max,129.54
152,1780554475323170560,1780554476323170560,Inter Chunk Latency,ms,sum,75702.18
152,1780554475323170560,1780554476323170560,Inter Chunk Latency,ms,p1,127.51
152,1780554475323170560,1780554476323170560,Inter Chunk Latency,ms,p5,127.57
152,1780554475323170560,1780554476323170560,Inter Chunk Latency,ms,p10,127.62
152,1780554475323170560,1780554476323170560,Inter Chunk Latency,ms,p25,127.80
152,1780554475323170560,1780554476323170560,Inter Chunk Latency,ms,p50,128.14
152,1780554475323170560,1780554476323170560,Inter Chunk Latency,ms,p75,128.81
152,1780554475323170560,1780554476323170560,Inter Chunk Latency,ms,p90,129.25
152,1780554475323170560,1780554476323170560,Inter Chunk Latency,ms,p95,129.39
152,1780554475323170560,1780554476323170560,Inter Chunk Latency,ms,p99,129.48
152,1780554475323170560,1780554476323170560,Inter Chunk Latency,ms,std,0.60
152,1780554475323170560,1780554476323170560,Inter Token Latency,ms,avg,84.72
152,1780554475323170560,1780554476323170560,Inter Token Latency,ms,min,84.72
152,1780554475323170560,1780554476323170560,Inter Token Latency,ms,max,84.72
152,1780554475323170560,1780554476323170560,Inter Token Latency,ms,sum,84.72
152,1780554475323170560,1780554476323170560,Inter Token Latency,ms,p1,84.72
152,1780554475323170560,1780554476323170560,Inter Token Latency,ms,p5,84.72
152,1780554475323170560,1780554476323170560,Inter Token Latency,ms,p10,84.72
152,1780554475323170560,1780554476323170560,Inter Token Latency,ms,p25,84.72
152,1780554475323170560,1780554476323170560,Inter Token Latency,ms,p50,84.72
152,1780554475323170560,1780554476323170560,Inter Token Latency,ms,p75,84.72
152,1780554475323170560,1780554476323170560,Inter Token Latency,ms,p90,84.72
152,1780554475323170560,1780554476323170560,Inter Token Latency,ms,p95,84.72
152,1780554475323170560,1780554476323170560,Inter Token Latency,ms,p99,84.72
152,1780554475323170560,1780554476323170560,Inter Token Latency,ms,std,0.00
152,1780554475323170560,1780554476323170560,Maximum Response Timestamp,ns,avg,1780554532282232320.00
152,1780554475323170560,1780554476323170560,Minimum Request Timestamp,ns,avg,1780554475945070592.00
152,1780554475323170560,1780554476323170560,OSL Mismatch Count,requests,avg,0.00
152,1780554475323170560,1780554476323170560,OSL Mismatch Diff %,%,avg,0.00
152,1780554475323170560,1780554476323170560,OSL Mismatch Diff %,%,min,0.00
152,1780554475323170560,1780554476323170560,OSL Mismatch Diff %,%,max,0.00
152,1780554475323170560,1780554476323170560,OSL Mismatch Diff %,%,sum,0.00
152,1780554475323170560,1780554476323170560,OSL Mismatch Diff %,%,p1,0.00
152,1780554475323170560,1780554476323170560,OSL Mismatch Diff %,%,p5,0.00
152,1780554475323170560,1780554476323170560,OSL Mismatch Diff %,%,p10,0.00
152,1780554475323170560,1780554476323170560,OSL Mismatch Diff %,%,p25,0.00
152,1780554475323170560,1780554476323170560,OSL Mismatch Diff %,%,p50,0.00
152,1780554475323170560,1780554476323170560,OSL Mismatch Diff %,%,p75,0.00
152,1780554475323170560,1780554476323170560,OSL Mismatch Diff %,%,p90,0.00
152,1780554475323170560,1780554476323170560,OSL Mismatch Diff %,%,p95,0.00
152,1780554475323170560,1780554476323170560,OSL Mismatch Diff %,%,p99,0.00
152,1780554475323170560,1780554476323170560,OSL Mismatch Diff %,%,std,0.00
152,1780554475323170560,1780554476323170560,Output Sequence Length,tokens,avg,597.00
152,1780554475323170560,1780554476323170560,Output Sequence Length,tokens,min,597.00
152,1780554475323170560,1780554476323170560,Output Sequence Length,tokens,max,597.00
152,1780554475323170560,1780554476323170560,Output Sequence Length,tokens,sum,597.00
152,1780554475323170560,1780554476323170560,Output Sequence Length,tokens,p1,597.00
152,1780554475323170560,1780554476323170560,Output Sequence Length,tokens,p5,597.00
152,1780554475323170560,1780554476323170560,Output Sequence Length,tokens,p10,597.00
152,1780554475323170560,1780554476323170560,Output Sequence Length,tokens,p25,597.00
152,1780554475323170560,1780554476323170560,Output Sequence Length,tokens,p50,597.00
152,1780554475323170560,1780554476323170560,Output Sequence Length,tokens,p75,597.00
152,1780554475323170560,1780554476323170560,Output Sequence Length,tokens,p90,597.00
152,1780554475323170560,1780554476323170560,Output Sequence Length,tokens,p95,597.00
152,1780554475323170560,1780554476323170560,Output Sequence Length,tokens,p99,597.00
152,1780554475323170560,1780554476323170560,Output Sequence Length,tokens,std,0.00
152,1780554475323170560,1780554476323170560,Output Token Count,tokens,avg,597.00
152,1780554475323170560,1780554476323170560,Output Token Count,tokens,min,597.00
152,1780554475323170560,1780554476323170560,Output Token Count,tokens,max,597.00
152,1780554475323170560,1780554476323170560,Output Token Count,tokens,sum,597.00
152,1780554475323170560,1780554476323170560,Output Token Count,tokens,p1,597.00
152,1780554475323170560,1780554476323170560,Output Token Count,tokens,p5,597.00
152,1780554475323170560,1780554476323170560,Output Token Count,tokens,p10,597.00
152,1780554475323170560,1780554476323170560,Output Token Count,tokens,p25,597.00
152,1780554475323170560,1780554476323170560,Output Token Count,tokens,p50,597.00
152,1780554475323170560,1780554476323170560,Output Token Count,tokens,p75,597.00
152,1780554475323170560,1780554476323170560,Output Token Count,tokens,p90,597.00
152,1780554475323170560,1780554476323170560,Output Token Count,tokens,p95,597.00
152,1780554475323170560,1780554476323170560,Output Token Count,tokens,p99,597.00
152,1780554475323170560,1780554476323170560,Output Token Count,tokens,std,0.00
152,1780554475323170560,1780554476323170560,Output Token Throughput,tokens/sec,avg,597.00
152,1780554475323170560,1780554476323170560,Output Token Throughput Per User,tokens/sec/user,avg,11.80
152,1780554475323170560,1780554476323170560,Output Token Throughput Per User,tokens/sec/user,min,11.80
152,1780554475323170560,1780554476323170560,Output Token Throughput Per User,tokens/sec/user,max,11.80
152,1780554475323170560,1780554476323170560,Output Token Throughput Per User,tokens/sec/user,sum,11.80
152,1780554475323170560,1780554476323170560,Output Token Throughput Per User,tokens/sec/user,p1,11.80
152,1780554475323170560,1780554476323170560,Output Token Throughput Per User,tokens/sec/user,p5,11.80
152,1780554475323170560,1780554476323170560,Output Token Throughput Per User,tokens/sec/user,p10,11.80
152,1780554475323170560,1780554476323170560,Output Token Throughput Per User,tokens/sec/user,p25,11.80
152,1780554475323170560,1780554476323170560,Output Token Throughput Per User,tokens/sec/user,p50,11.80
152,1780554475323170560,1780554476323170560,Output Token Throughput Per User,tokens/sec/user,p75,11.80
152,1780554475323170560,1780554476323170560,Output Token Throughput Per User,tokens/sec/user,p90,11.80
152,1780554475323170560,1780554476323170560,Output Token Throughput Per User,tokens/sec/user,p95,11.80
152,1780554475323170560,1780554476323170560,Output Token Throughput Per User,tokens/sec/user,p99,11.80
152,1780554475323170560,1780554476323170560,Output Token Throughput Per User,tokens/sec/user,std,0.00
152,1780554475323170560,1780554476323170560,Prefill Throughput Per User,tokens/sec/user,avg,5931.99
152,1780554475323170560,1780554476323170560,Prefill Throughput Per User,tokens/sec/user,min,5931.99
152,1780554475323170560,1780554476323170560,Prefill Throughput Per User,tokens/sec/user,max,5931.99
152,1780554475323170560,1780554476323170560,Prefill Throughput Per User,tokens/sec/user,sum,5931.99
152,1780554475323170560,1780554476323170560,Prefill Throughput Per User,tokens/sec/user,p1,5931.99
152,1780554475323170560,1780554476323170560,Prefill Throughput Per User,tokens/sec/user,p5,5931.99
152,1780554475323170560,1780554476323170560,Prefill Throughput Per User,tokens/sec/user,p10,5931.99
152,1780554475323170560,1780554476323170560,Prefill Throughput Per User,tokens/sec/user,p25,5931.99
152,1780554475323170560,1780554476323170560,Prefill Throughput Per User,tokens/sec/user,p50,5931.99
152,1780554475323170560,1780554476323170560,Prefill Throughput Per User,tokens/sec/user,p75,5931.99
152,1780554475323170560,1780554476323170560,Prefill Throughput Per User,tokens/sec/user,p90,5931.99
152,1780554475323170560,1780554476323170560,Prefill Throughput Per User,tokens/sec/user,p95,5931.99
152,1780554475323170560,1780554476323170560,Prefill Throughput Per User,tokens/sec/user,p99,5931.99
152,1780554475323170560,1780554476323170560,Prefill Throughput Per User,tokens/sec/user,std,0.00
152,1780554475323170560,1780554476323170560,Request Count,requests,avg,1.00
152,1780554475323170560,1780554476323170560,Request Latency,ms,avg,56337.16
152,1780554475323170560,1780554476323170560,Request Latency,ms,min,56337.16
152,1780554475323170560,1780554476323170560,Request Latency,ms,max,56337.16
152,1780554475323170560,1780554476323170560,Request Latency,ms,sum,56337.16
152,1780554475323170560,1780554476323170560,Request Latency,ms,p1,56337.16
152,1780554475323170560,1780554476323170560,Request Latency,ms,p5,56337.16
152,1780554475323170560,1780554476323170560,Request Latency,ms,p10,56337.16
152,1780554475323170560,1780554476323170560,Request Latency,ms,p25,56337.16
152,1780554475323170560,1780554476323170560,Request Latency,ms,p50,56337.16
152,1780554475323170560,1780554476323170560,Request Latency,ms,p75,56337.16
152,1780554475323170560,1780554476323170560,Request Latency,ms,p90,56337.16
152,1780554475323170560,1780554476323170560,Request Latency,ms,p95,56337.16
152,1780554475323170560,1780554476323170560,Request Latency,ms,p99,56337.16
152,1780554475323170560,1780554476323170560,Request Latency,ms,std,0.00
152,1780554475323170560,1780554476323170560,Request Throughput,requests/sec,avg,1.00
152,1780554475323170560,1780554476323170560,Requested OSL,tokens,avg,597.00
152,1780554475323170560,1780554476323170560,Requested OSL,tokens,min,597.00
152,1780554475323170560,1780554476323170560,Requested OSL,tokens,max,597.00
152,1780554475323170560,1780554476323170560,Requested OSL,tokens,sum,597.00
152,1780554475323170560,1780554476323170560,Requested OSL,tokens,p1,597.00
152,1780554475323170560,1780554476323170560,Requested OSL,tokens,p5,597.00
152,1780554475323170560,1780554476323170560,Requested OSL,tokens,p10,597.00
152,1780554475323170560,1780554476323170560,Requested OSL,tokens,p25,597.00
152,1780554475323170560,1780554476323170560,Requested OSL,tokens,p50,597.00
152,1780554475323170560,1780554476323170560,Requested OSL,tokens,p75,597.00
152,1780554475323170560,1780554476323170560,Requested OSL,tokens,p90,597.00
152,1780554475323170560,1780554476323170560,Requested OSL,tokens,p95,597.00
152,1780554475323170560,1780554476323170560,Requested OSL,tokens,p99,597.00
152,1780554475323170560,1780554476323170560,Requested OSL,tokens,std,0.00
152,1780554475323170560,1780554476323170560,Time to First Output Token,ms,avg,5843.90
152,1780554475323170560,1780554476323170560,Time to First Output Token,ms,min,5843.90
152,1780554475323170560,1780554476323170560,Time to First Output Token,ms,max,5843.90
152,1780554475323170560,1780554476323170560,Time to First Output Token,ms,sum,5843.90
152,1780554475323170560,1780554476323170560,Time to First Output Token,ms,p1,5843.90
152,1780554475323170560,1780554476323170560,Time to First Output Token,ms,p5,5843.90
152,1780554475323170560,1780554476323170560,Time to First Output Token,ms,p10,5843.90
152,1780554475323170560,1780554476323170560,Time to First Output Token,ms,p25,5843.90
152,1780554475323170560,1780554476323170560,Time to First Output Token,ms,p50,5843.90
152,1780554475323170560,1780554476323170560,Time to First Output Token,ms,p75,5843.90
152,1780554475323170560,1780554476323170560,Time to First Output Token,ms,p90,5843.90
152,1780554475323170560,1780554476323170560,Time to First Output Token,ms,p95,5843.90
152,1780554475323170560,1780554476323170560,Time to First Output Token,ms,p99,5843.90
152,1780554475323170560,1780554476323170560,Time to First Output Token,ms,std,0.00
152,1780554475323170560,1780554476323170560,Time to First Token,ms,avg,5843.90
152,1780554475323170560,1780554476323170560,Time to First Token,ms,min,5843.90
152,1780554475323170560,1780554476323170560,Time to First Token,ms,max,5843.90
152,1780554475323170560,1780554476323170560,Time to First Token,ms,sum,5843.90
152,1780554475323170560,1780554476323170560,Time to First Token,ms,p1,5843.90
152,1780554475323170560,1780554476323170560,Time to First Token,ms,p5,5843.90
152,1780554475323170560,1780554476323170560,Time to First Token,ms,p10,5843.90
152,1780554475323170560,1780554476323170560,Time to First Token,ms,p25,5843.90
152,1780554475323170560,1780554476323170560,Time to First Token,ms,p50,5843.90
152,1780554475323170560,1780554476323170560,Time to First Token,ms,p75,5843.90
152,1780554475323170560,1780554476323170560,Time to First Token,ms,p90,5843.90
152,1780554475323170560,1780554476323170560,Time to First Token,ms,p95,5843.90
152,1780554475323170560,1780554476323170560,Time to First Token,ms,p99,5843.90
152,1780554475323170560,1780554476323170560,Time to First Token,ms,std,0.00
152,1780554475323170560,1780554476323170560,Time to Second Token,ms,avg,0.69
152,1780554475323170560,1780554476323170560,Time to Second Token,ms,min,0.69
152,1780554475323170560,1780554476323170560,Time to Second Token,ms,max,0.69
152,1780554475323170560,1780554476323170560,Time to Second Token,ms,sum,0.69
152,1780554475323170560,1780554476323170560,Time to Second Token,ms,p1,0.69
152,1780554475323170560,1780554476323170560,Time to Second Token,ms,p5,0.69
152,1780554475323170560,1780554476323170560,Time to Second Token,ms,p10,0.69
152,1780554475323170560,1780554476323170560,Time to Second Token,ms,p25,0.69
152,1780554475323170560,1780554476323170560,Time to Second Token,ms,p50,0.69
152,1780554475323170560,1780554476323170560,Time to Second Token,ms,p75,0.69
152,1780554475323170560,1780554476323170560,Time to Second Token,ms,p90,0.69
152,1780554475323170560,1780554476323170560,Time to Second Token,ms,p95,0.69
152,1780554475323170560,1780554476323170560,Time to Second Token,ms,p99,0.69
152,1780554475323170560,1780554476323170560,Time to Second Token,ms,std,0.00
152,1780554475323170560,1780554476323170560,Tokens In Flight,tokens,avg,932528.00
152,1780554475323170560,1780554476323170560,Tokens In Flight,tokens,min,919382.15
152,1780554475323170560,1780554476323170560,Tokens In Flight,tokens,max,954122.43
152,1780554475323170560,1780554476323170560,Tokens In Flight,tokens,p50,919420.73
152,1780554475323170560,1780554476323170560,Tokens In Flight,tokens,p90,954117.01
152,1780554475323170560,1780554476323170560,Tokens In Flight,tokens,p95,954120.30
152,1780554475323170560,1780554476323170560,Tokens In Flight,tokens,p99,954122.43
152,1780554475323170560,1780554476323170560,Tokens In Flight,tokens,std,16828.63
152,1780554475323170560,1780554476323170560,Total Input Sequence Length,tokens,avg,34666.00
152,1780554475323170560,1780554476323170560,Total Output Sequence Length,tokens,avg,597.00
152,1780554475323170560,1780554476323170560,Total Output Tokens,tokens,avg,597.00
152,1780554475323170560,1780554476323170560,Total Token Throughput,tokens/sec,avg,35263.00
152,1780554475323170560,1780554476323170560,Total Usage Completion Tokens,tokens,avg,597.00
152,1780554475323170560,1780554476323170560,Total Usage Prompt Tokens,tokens,avg,34666.00
152,1780554475323170560,1780554476323170560,Total Usage Total Tokens,tokens,avg,35263.00
152,1780554475323170560,1780554476323170560,Usage Completion Tokens,tokens,avg,597.00
152,1780554475323170560,1780554476323170560,Usage Completion Tokens,tokens,min,597.00
152,1780554475323170560,1780554476323170560,Usage Completion Tokens,tokens,max,597.00
152,1780554475323170560,1780554476323170560,Usage Completion Tokens,tokens,sum,597.00
152,1780554475323170560,1780554476323170560,Usage Completion Tokens,tokens,p1,597.00
152,1780554475323170560,1780554476323170560,Usage Completion Tokens,tokens,p5,597.00
152,1780554475323170560,1780554476323170560,Usage Completion Tokens,tokens,p10,597.00
152,1780554475323170560,1780554476323170560,Usage Completion Tokens,tokens,p25,597.00
152,1780554475323170560,1780554476323170560,Usage Completion Tokens,tokens,p50,597.00
152,1780554475323170560,1780554476323170560,Usage Completion Tokens,tokens,p75,597.00
152,1780554475323170560,1780554476323170560,Usage Completion Tokens,tokens,p90,597.00
152,1780554475323170560,1780554476323170560,Usage Completion Tokens,tokens,p95,597.00
152,1780554475323170560,1780554476323170560,Usage Completion Tokens,tokens,p99,597.00
152,1780554475323170560,1780554476323170560,Usage Completion Tokens,tokens,std,0.00
152,1780554475323170560,1780554476323170560,Usage Prompt Tokens,tokens,avg,34666.00
152,1780554475323170560,1780554476323170560,Usage Prompt Tokens,tokens,min,34666.00
152,1780554475323170560,1780554476323170560,Usage Prompt Tokens,tokens,max,34666.00
152,1780554475323170560,1780554476323170560,Usage Prompt Tokens,tokens,sum,34666.00
152,1780554475323170560,1780554476323170560,Usage Prompt Tokens,tokens,p1,34666.00
152,1780554475323170560,1780554476323170560,Usage Prompt Tokens,tokens,p5,34666.00
152,1780554475323170560,1780554476323170560,Usage Prompt Tokens,tokens,p10,34666.00
152,1780554475323170560,1780554476323170560,Usage Prompt Tokens,tokens,p25,34666.00
152,1780554475323170560,1780554476323170560,Usage Prompt Tokens,tokens,p50,34666.00
152,1780554475323170560,1780554476323170560,Usage Prompt Tokens,tokens,p75,34666.00
152,1780554475323170560,1780554476323170560,Usage Prompt Tokens,tokens,p90,34666.00
152,1780554475323170560,1780554476323170560,Usage Prompt Tokens,tokens,p95,34666.00
152,1780554475323170560,1780554476323170560,Usage Prompt Tokens,tokens,p99,34666.00
152,1780554475323170560,1780554476323170560,Usage Prompt Tokens,tokens,std,0.00
152,1780554475323170560,1780554476323170560,Usage Total Tokens,tokens,avg,35263.00
152,1780554475323170560,1780554476323170560,Usage Total Tokens,tokens,min,35263.00
152,1780554475323170560,1780554476323170560,Usage Total Tokens,tokens,max,35263.00
152,1780554475323170560,1780554476323170560,Usage Total Tokens,tokens,sum,35263.00
152,1780554475323170560,1780554476323170560,Usage Total Tokens,tokens,p1,35263.00
152,1780554475323170560,1780554476323170560,Usage Total Tokens,tokens,p5,35263.00
152,1780554475323170560,1780554476323170560,Usage Total Tokens,tokens,p10,35263.00
152,1780554475323170560,1780554476323170560,Usage Total Tokens,tokens,p25,35263.00
152,1780554475323170560,1780554476323170560,Usage Total Tokens,tokens,p50,35263.00
152,1780554475323170560,1780554476323170560,Usage Total Tokens,tokens,p75,35263.00
152,1780554475323170560,1780554476323170560,Usage Total Tokens,tokens,p90,35263.00
152,1780554475323170560,1780554476323170560,Usage Total Tokens,tokens,p95,35263.00
152,1780554475323170560,1780554476323170560,Usage Total Tokens,tokens,p99,35263.00
152,1780554475323170560,1780554476323170560,Usage Total Tokens,tokens,std,0.00
153,1780554479323170560,1780554480323170560,Active Decode Throughput,tokens/sec,avg,49.82
153,1780554479323170560,1780554480323170560,Active Decode Throughput,tokens/sec,min,32.46
153,1780554479323170560,1780554480323170560,Active Decode Throughput,tokens/sec,max,62.04
153,1780554479323170560,1780554480323170560,Active Decode Throughput,tokens/sec,p50,51.85
153,1780554479323170560,1780554480323170560,Active Decode Throughput,tokens/sec,p90,51.86
153,1780554479323170560,1780554480323170560,Active Decode Throughput,tokens/sec,p95,51.86
153,1780554479323170560,1780554480323170560,Active Decode Throughput,tokens/sec,p99,51.86
153,1780554479323170560,1780554480323170560,Active Decode Throughput,tokens/sec,std,4.07
153,1780554479323170560,1780554480323170560,Active Decode Throughput Per User,tokens/sec/user,avg,4.98
153,1780554479323170560,1780554480323170560,Active Decode Throughput Per User,tokens/sec/user,min,3.25
153,1780554479323170560,1780554480323170560,Active Decode Throughput Per User,tokens/sec/user,max,6.20
153,1780554479323170560,1780554480323170560,Active Decode Throughput Per User,tokens/sec/user,p50,5.18
153,1780554479323170560,1780554480323170560,Active Decode Throughput Per User,tokens/sec/user,p90,5.19
153,1780554479323170560,1780554480323170560,Active Decode Throughput Per User,tokens/sec/user,p95,5.19
153,1780554479323170560,1780554480323170560,Active Decode Throughput Per User,tokens/sec/user,p99,5.19
153,1780554479323170560,1780554480323170560,Active Decode Throughput Per User,tokens/sec/user,std,0.41
153,1780554479323170560,1780554480323170560,Active Prefill Throughput,tokens/sec,avg,24887.77
153,1780554479323170560,1780554480323170560,Active Prefill Throughput,tokens/sec,min,17478.59
153,1780554479323170560,1780554480323170560,Active Prefill Throughput,tokens/sec,max,29724.96
153,1780554479323170560,1780554480323170560,Active Prefill Throughput,tokens/sec,p50,25206.31
153,1780554479323170560,1780554480323170560,Active Prefill Throughput,tokens/sec,p90,29724.96
153,1780554479323170560,1780554480323170560,Active Prefill Throughput,tokens/sec,p95,29724.96
153,1780554479323170560,1780554480323170560,Active Prefill Throughput,tokens/sec,p99,29724.96
153,1780554479323170560,1780554480323170560,Active Prefill Throughput,tokens/sec,std,3642.78
153,1780554479323170560,1780554480323170560,Active Prefill Throughput Per User,tokens/sec/user,avg,8263.47
153,1780554479323170560,1780554480323170560,Active Prefill Throughput Per User,tokens/sec/user,min,7431.24
153,1780554479323170560,1780554480323170560,Active Prefill Throughput Per User,tokens/sec/user,max,8739.30
153,1780554479323170560,1780554480323170560,Active Prefill Throughput Per User,tokens/sec/user,p50,8402.10
153,1780554479323170560,1780554480323170560,Active Prefill Throughput Per User,tokens/sec/user,p90,8739.30
153,1780554479323170560,1780554480323170560,Active Prefill Throughput Per User,tokens/sec/user,p95,8739.30
153,1780554479323170560,1780554480323170560,Active Prefill Throughput Per User,tokens/sec/user,p99,8739.30
153,1780554479323170560,1780554480323170560,Active Prefill Throughput Per User,tokens/sec/user,std,429.42
153,1780554479323170560,1780554480323170560,Active Total Throughput,tokens/sec,avg,24984.11
153,1780554479323170560,1780554480323170560,Active Total Throughput,tokens/sec,min,17574.94
153,1780554479323170560,1780554480323170560,Active Total Throughput,tokens/sec,max,29821.30
153,1780554479323170560,1780554480323170560,Active Total Throughput,tokens/sec,p50,25302.66
153,1780554479323170560,1780554480323170560,Active Total Throughput,tokens/sec,p90,29821.30
153,1780554479323170560,1780554480323170560,Active Total Throughput,tokens/sec,p95,29821.30
153,1780554479323170560,1780554480323170560,Active Total Throughput,tokens/sec,p99,29821.30
153,1780554479323170560,1780554480323170560,Active Total Throughput,tokens/sec,std,3642.78
153,1780554479323170560,1780554480323170560,Benchmark Duration,sec,avg,80.89
153,1780554479323170560,1780554480323170560,E2E Output Token Throughput,tokens/sec/user,avg,10.24
153,1780554479323170560,1780554480323170560,E2E Output Token Throughput,tokens/sec/user,min,9.94
153,1780554479323170560,1780554480323170560,E2E Output Token Throughput,tokens/sec/user,max,10.54
153,1780554479323170560,1780554480323170560,E2E Output Token Throughput,tokens/sec/user,sum,20.48
153,1780554479323170560,1780554480323170560,E2E Output Token Throughput,tokens/sec/user,p1,9.95
153,1780554479323170560,1780554480323170560,E2E Output Token Throughput,tokens/sec/user,p5,9.97
153,1780554479323170560,1780554480323170560,E2E Output Token Throughput,tokens/sec/user,p10,10.00
153,1780554479323170560,1780554480323170560,E2E Output Token Throughput,tokens/sec/user,p25,10.09
153,1780554479323170560,1780554480323170560,E2E Output Token Throughput,tokens/sec/user,p50,10.24
153,1780554479323170560,1780554480323170560,E2E Output Token Throughput,tokens/sec/user,p75,10.39
153,1780554479323170560,1780554480323170560,E2E Output Token Throughput,tokens/sec/user,p90,10.48
153,1780554479323170560,1780554480323170560,E2E Output Token Throughput,tokens/sec/user,p95,10.51
153,1780554479323170560,1780554480323170560,E2E Output Token Throughput,tokens/sec/user,p99,10.53
153,1780554479323170560,1780554480323170560,E2E Output Token Throughput,tokens/sec/user,std,0.30
153,1780554479323170560,1780554480323170560,Effective Concurrency,requests,avg,13.04
153,1780554479323170560,1780554480323170560,Effective Concurrency,requests,min,12.00
153,1780554479323170560,1780554480323170560,Effective Concurrency,requests,max,14.00
153,1780554479323170560,1780554480323170560,Effective Concurrency,requests,p50,13.00
153,1780554479323170560,1780554480323170560,Effective Concurrency,requests,p90,14.00
153,1780554479323170560,1780554480323170560,Effective Concurrency,requests,p95,14.00
153,1780554479323170560,1780554480323170560,Effective Concurrency,requests,p99,14.00
153,1780554479323170560,1780554480323170560,Effective Concurrency,requests,std,0.59
153,1780554479323170560,1780554480323170560,Effective Decode Concurrency,requests,avg,10.00
153,1780554479323170560,1780554480323170560,Effective Decode Concurrency,requests,min,10.00
153,1780554479323170560,1780554480323170560,Effective Decode Concurrency,requests,max,10.00
153,1780554479323170560,1780554480323170560,Effective Decode Concurrency,requests,p50,10.00
153,1780554479323170560,1780554480323170560,Effective Decode Concurrency,requests,p90,10.00
153,1780554479323170560,1780554480323170560,Effective Decode Concurrency,requests,p95,10.00
153,1780554479323170560,1780554480323170560,Effective Decode Concurrency,requests,p99,10.00
153,1780554479323170560,1780554480323170560,Effective Decode Concurrency,requests,std,0.00
153,1780554479323170560,1780554480323170560,Effective Decode Throughput,tokens/sec,avg,49.82
153,1780554479323170560,1780554480323170560,Effective Decode Throughput,tokens/sec,min,32.46
153,1780554479323170560,1780554480323170560,Effective Decode Throughput,tokens/sec,max,62.04
153,1780554479323170560,1780554480323170560,Effective Decode Throughput,tokens/sec,p50,51.85
153,1780554479323170560,1780554480323170560,Effective Decode Throughput,tokens/sec,p90,51.86
153,1780554479323170560,1780554480323170560,Effective Decode Throughput,tokens/sec,p95,51.86
153,1780554479323170560,1780554480323170560,Effective Decode Throughput,tokens/sec,p99,51.86
153,1780554479323170560,1780554480323170560,Effective Decode Throughput,tokens/sec,std,4.07
153,1780554479323170560,1780554480323170560,Effective Decode Throughput Per User,tokens/sec/user,avg,4.98
153,1780554479323170560,1780554480323170560,Effective Decode Throughput Per User,tokens/sec/user,min,3.25
153,1780554479323170560,1780554480323170560,Effective Decode Throughput Per User,tokens/sec/user,max,6.20
153,1780554479323170560,1780554480323170560,Effective Decode Throughput Per User,tokens/sec/user,p50,5.18
153,1780554479323170560,1780554480323170560,Effective Decode Throughput Per User,tokens/sec/user,p90,5.19
153,1780554479323170560,1780554480323170560,Effective Decode Throughput Per User,tokens/sec/user,p95,5.19
153,1780554479323170560,1780554480323170560,Effective Decode Throughput Per User,tokens/sec/user,p99,5.19
153,1780554479323170560,1780554480323170560,Effective Decode Throughput Per User,tokens/sec/user,std,0.41
153,1780554479323170560,1780554480323170560,Effective Prefill Concurrency,requests,avg,3.04
153,1780554479323170560,1780554480323170560,Effective Prefill Concurrency,requests,min,2.00
153,1780554479323170560,1780554480323170560,Effective Prefill Concurrency,requests,max,4.00
153,1780554479323170560,1780554480323170560,Effective Prefill Concurrency,requests,p50,3.00
153,1780554479323170560,1780554480323170560,Effective Prefill Concurrency,requests,p90,4.00
153,1780554479323170560,1780554480323170560,Effective Prefill Concurrency,requests,p95,4.00
153,1780554479323170560,1780554480323170560,Effective Prefill Concurrency,requests,p99,4.00
153,1780554479323170560,1780554480323170560,Effective Prefill Concurrency,requests,std,0.59
153,1780554479323170560,1780554480323170560,Effective Prefill Throughput,tokens/sec,avg,24887.77
153,1780554479323170560,1780554480323170560,Effective Prefill Throughput,tokens/sec,min,17478.59
153,1780554479323170560,1780554480323170560,Effective Prefill Throughput,tokens/sec,max,29724.96
153,1780554479323170560,1780554480323170560,Effective Prefill Throughput,tokens/sec,p50,25206.31
153,1780554479323170560,1780554480323170560,Effective Prefill Throughput,tokens/sec,p90,29724.96
153,1780554479323170560,1780554480323170560,Effective Prefill Throughput,tokens/sec,p95,29724.96
153,1780554479323170560,1780554480323170560,Effective Prefill Throughput,tokens/sec,p99,29724.96
153,1780554479323170560,1780554480323170560,Effective Prefill Throughput,tokens/sec,std,3642.78
153,1780554479323170560,1780554480323170560,Effective Prefill Throughput Per User,tokens/sec/user,avg,8263.47
153,1780554479323170560,1780554480323170560,Effective Prefill Throughput Per User,tokens/sec/user,min,7431.24
153,1780554479323170560,1780554480323170560,Effective Prefill Throughput Per User,tokens/sec/user,max,8739.30
153,1780554479323170560,1780554480323170560,Effective Prefill Throughput Per User,tokens/sec/user,p50,8402.10
153,1780554479323170560,1780554480323170560,Effective Prefill Throughput Per User,tokens/sec/user,p90,8739.30
153,1780554479323170560,1780554480323170560,Effective Prefill Throughput Per User,tokens/sec/user,p95,8739.30
153,1780554479323170560,1780554480323170560,Effective Prefill Throughput Per User,tokens/sec/user,p99,8739.30
153,1780554479323170560,1780554480323170560,Effective Prefill Throughput Per User,tokens/sec/user,std,429.42
153,1780554479323170560,1780554480323170560,Effective Total Throughput,tokens/sec,avg,24984.11
153,1780554479323170560,1780554480323170560,Effective Total Throughput,tokens/sec,min,17574.94
153,1780554479323170560,1780554480323170560,Effective Total Throughput,tokens/sec,max,29821.30
153,1780554479323170560,1780554480323170560,Effective Total Throughput,tokens/sec,p50,25302.66
153,1780554479323170560,1780554480323170560,Effective Total Throughput,tokens/sec,p90,29821.30
153,1780554479323170560,1780554480323170560,Effective Total Throughput,tokens/sec,p95,29821.30
153,1780554479323170560,1780554480323170560,Effective Total Throughput,tokens/sec,p99,29821.30
153,1780554479323170560,1780554480323170560,Effective Total Throughput,tokens/sec,std,3642.78
153,1780554479323170560,1780554480323170560,HTTP Blocked,ms,avg,0.00
153,1780554479323170560,1780554480323170560,HTTP Blocked,ms,min,0.00
153,1780554479323170560,1780554480323170560,HTTP Blocked,ms,max,0.00
153,1780554479323170560,1780554480323170560,HTTP Blocked,ms,sum,0.00
153,1780554479323170560,1780554480323170560,HTTP Blocked,ms,p1,0.00
153,1780554479323170560,1780554480323170560,HTTP Blocked,ms,p5,0.00
153,1780554479323170560,1780554480323170560,HTTP Blocked,ms,p10,0.00
153,1780554479323170560,1780554480323170560,HTTP Blocked,ms,p25,0.00
153,1780554479323170560,1780554480323170560,HTTP Blocked,ms,p50,0.00
153,1780554479323170560,1780554480323170560,HTTP Blocked,ms,p75,0.00
153,1780554479323170560,1780554480323170560,HTTP Blocked,ms,p90,0.00
153,1780554479323170560,1780554480323170560,HTTP Blocked,ms,p95,0.00
153,1780554479323170560,1780554480323170560,HTTP Blocked,ms,p99,0.00
153,1780554479323170560,1780554480323170560,HTTP Blocked,ms,std,0.00
153,1780554479323170560,1780554480323170560,HTTP Chunks Received,count,avg,743.50
153,1780554479323170560,1780554480323170560,HTTP Chunks Received,count,min,683.00
153,1780554479323170560,1780554480323170560,HTTP Chunks Received,count,max,804.00
153,1780554479323170560,1780554480323170560,HTTP Chunks Received,count,sum,1487.00
153,1780554479323170560,1780554480323170560,HTTP Chunks Received,count,p1,684.21
153,1780554479323170560,1780554480323170560,HTTP Chunks Received,count,p5,689.05
153,1780554479323170560,1780554480323170560,HTTP Chunks Received,count,p10,695.10
153,1780554479323170560,1780554480323170560,HTTP Chunks Received,count,p25,713.25
153,1780554479323170560,1780554480323170560,HTTP Chunks Received,count,p50,743.50
153,1780554479323170560,1780554480323170560,HTTP Chunks Received,count,p75,773.75
153,1780554479323170560,1780554480323170560,HTTP Chunks Received,count,p90,791.90
153,1780554479323170560,1780554480323170560,HTTP Chunks Received,count,p95,797.95
153,1780554479323170560,1780554480323170560,HTTP Chunks Received,count,p99,802.79
153,1780554479323170560,1780554480323170560,HTTP Chunks Received,count,std,60.50
153,1780554479323170560,1780554480323170560,HTTP Chunks Sent,count,avg,1.00
153,1780554479323170560,1780554480323170560,HTTP Chunks Sent,count,min,1.00
153,1780554479323170560,1780554480323170560,HTTP Chunks Sent,count,max,1.00
153,1780554479323170560,1780554480323170560,HTTP Chunks Sent,count,sum,2.00
153,1780554479323170560,1780554480323170560,HTTP Chunks Sent,count,p1,1.00
153,1780554479323170560,1780554480323170560,HTTP Chunks Sent,count,p5,1.00
153,1780554479323170560,1780554480323170560,HTTP Chunks Sent,count,p10,1.00
153,1780554479323170560,1780554480323170560,HTTP Chunks Sent,count,p25,1.00
153,1780554479323170560,1780554480323170560,HTTP Chunks Sent,count,p50,1.00
153,1780554479323170560,1780554480323170560,HTTP Chunks Sent,count,p75,1.00
153,1780554479323170560,1780554480323170560,HTTP Chunks Sent,count,p90,1.00
153,1780554479323170560,1780554480323170560,HTTP Chunks Sent,count,p95,1.00
153,1780554479323170560,1780554480323170560,HTTP Chunks Sent,count,p99,1.00
153,1780554479323170560,1780554480323170560,HTTP Chunks Sent,count,std,0.00
153,1780554479323170560,1780554480323170560,HTTP Connecting,ms,avg,0.82
153,1780554479323170560,1780554480323170560,HTTP Connecting,ms,min,0.67
153,1780554479323170560,1780554480323170560,HTTP Connecting,ms,max,0.97
153,1780554479323170560,1780554480323170560,HTTP Connecting,ms,sum,1.64
153,1780554479323170560,1780554480323170560,HTTP Connecting,ms,p1,0.68
153,1780554479323170560,1780554480323170560,HTTP Connecting,ms,p5,0.69
153,1780554479323170560,1780554480323170560,HTTP Connecting,ms,p10,0.70
153,1780554479323170560,1780554480323170560,HTTP Connecting,ms,p25,0.75
153,1780554479323170560,1780554480323170560,HTTP Connecting,ms,p50,0.82
153,1780554479323170560,1780554480323170560,HTTP Connecting,ms,p75,0.90
153,1780554479323170560,1780554480323170560,HTTP Connecting,ms,p90,0.94
153,1780554479323170560,1780554480323170560,HTTP Connecting,ms,p95,0.96
153,1780554479323170560,1780554480323170560,HTTP Connecting,ms,p99,0.97
153,1780554479323170560,1780554480323170560,HTTP Connecting,ms,std,0.15
153,1780554479323170560,1780554480323170560,HTTP Connection Overhead,ms,avg,1.01
153,1780554479323170560,1780554480323170560,HTTP Connection Overhead,ms,min,0.67
153,1780554479323170560,1780554480323170560,HTTP Connection Overhead,ms,max,1.35
153,1780554479323170560,1780554480323170560,HTTP Connection Overhead,ms,sum,2.03
153,1780554479323170560,1780554480323170560,HTTP Connection Overhead,ms,p1,0.68
153,1780554479323170560,1780554480323170560,HTTP Connection Overhead,ms,p5,0.71
153,1780554479323170560,1780554480323170560,HTTP Connection Overhead,ms,p10,0.74
153,1780554479323170560,1780554480323170560,HTTP Connection Overhead,ms,p25,0.84
153,1780554479323170560,1780554480323170560,HTTP Connection Overhead,ms,p50,1.01
153,1780554479323170560,1780554480323170560,HTTP Connection Overhead,ms,p75,1.18
153,1780554479323170560,1780554480323170560,HTTP Connection Overhead,ms,p90,1.28
153,1780554479323170560,1780554480323170560,HTTP Connection Overhead,ms,p95,1.32
153,1780554479323170560,1780554480323170560,HTTP Connection Overhead,ms,p99,1.35
153,1780554479323170560,1780554480323170560,HTTP Connection Overhead,ms,std,0.34
153,1780554479323170560,1780554480323170560,HTTP Connection Reused,ratio,avg,0.00
153,1780554479323170560,1780554480323170560,HTTP Connection Reused,ratio,min,0.00
153,1780554479323170560,1780554480323170560,HTTP Connection Reused,ratio,max,0.00
153,1780554479323170560,1780554480323170560,HTTP Connection Reused,ratio,sum,0.00
153,1780554479323170560,1780554480323170560,HTTP Connection Reused,ratio,p1,0.00
153,1780554479323170560,1780554480323170560,HTTP Connection Reused,ratio,p5,0.00
153,1780554479323170560,1780554480323170560,HTTP Connection Reused,ratio,p10,0.00
153,1780554479323170560,1780554480323170560,HTTP Connection Reused,ratio,p25,0.00
153,1780554479323170560,1780554480323170560,HTTP Connection Reused,ratio,p50,0.00
153,1780554479323170560,1780554480323170560,HTTP Connection Reused,ratio,p75,0.00
153,1780554479323170560,1780554480323170560,HTTP Connection Reused,ratio,p90,0.00
153,1780554479323170560,1780554480323170560,HTTP Connection Reused,ratio,p95,0.00
153,1780554479323170560,1780554480323170560,HTTP Connection Reused,ratio,p99,0.00
153,1780554479323170560,1780554480323170560,HTTP Connection Reused,ratio,std,0.00
153,1780554479323170560,1780554480323170560,HTTP Data Received,KB,avg,185.76
153,1780554479323170560,1780554480323170560,HTTP Data Received,KB,min,170.67
153,1780554479323170560,1780554480323170560,HTTP Data Received,KB,max,200.85
153,1780554479323170560,1780554480323170560,HTTP Data Received,KB,sum,371.52
153,1780554479323170560,1780554480323170560,HTTP Data Received,KB,p1,170.97
153,1780554479323170560,1780554480323170560,HTTP Data Received,KB,p5,172.18
153,1780554479323170560,1780554480323170560,HTTP Data Received,KB,p10,173.69
153,1780554479323170560,1780554480323170560,HTTP Data Received,KB,p25,178.22
153,1780554479323170560,1780554480323170560,HTTP Data Received,KB,p50,185.76
153,1780554479323170560,1780554480323170560,HTTP Data Received,KB,p75,193.31
153,1780554479323170560,1780554480323170560,HTTP Data Received,KB,p90,197.83
153,1780554479323170560,1780554480323170560,HTTP Data Received,KB,p95,199.34
153,1780554479323170560,1780554480323170560,HTTP Data Received,KB,p99,200.55
153,1780554479323170560,1780554480323170560,HTTP Data Received,KB,std,15.09
153,1780554479323170560,1780554480323170560,HTTP Data Sent,KB,avg,229.05
153,1780554479323170560,1780554480323170560,HTTP Data Sent,KB,min,189.45
153,1780554479323170560,1780554480323170560,HTTP Data Sent,KB,max,268.64
153,1780554479323170560,1780554480323170560,HTTP Data Sent,KB,sum,458.09
153,1780554479323170560,1780554480323170560,HTTP Data Sent,KB,p1,190.24
153,1780554479323170560,1780554480323170560,HTTP Data Sent,KB,p5,193.41
153,1780554479323170560,1780554480323170560,HTTP Data Sent,KB,p10,197.37
153,1780554479323170560,1780554480323170560,HTTP Data Sent,KB,p25,209.25
153,1780554479323170560,1780554480323170560,HTTP Data Sent,KB,p50,229.05
153,1780554479323170560,1780554480323170560,HTTP Data Sent,KB,p75,248.84
153,1780554479323170560,1780554480323170560,HTTP Data Sent,KB,p90,260.72
153,1780554479323170560,1780554480323170560,HTTP Data Sent,KB,p95,264.68
153,1780554479323170560,1780554480323170560,HTTP Data Sent,KB,p99,267.85
153,1780554479323170560,1780554480323170560,HTTP Data Sent,KB,std,39.60
153,1780554479323170560,1780554480323170560,HTTP DNS Lookup,ms,avg,0.19
153,1780554479323170560,1780554480323170560,HTTP DNS Lookup,ms,min,0.00
153,1780554479323170560,1780554480323170560,HTTP DNS Lookup,ms,max,0.38
153,1780554479323170560,1780554480323170560,HTTP DNS Lookup,ms,sum,0.38
153,1780554479323170560,1780554480323170560,HTTP DNS Lookup,ms,p1,0.00
153,1780554479323170560,1780554480323170560,HTTP DNS Lookup,ms,p5,0.02
153,1780554479323170560,1780554480323170560,HTTP DNS Lookup,ms,p10,0.04
153,1780554479323170560,1780554480323170560,HTTP DNS Lookup,ms,p25,0.10
153,1780554479323170560,1780554480323170560,HTTP DNS Lookup,ms,p50,0.19
153,1780554479323170560,1780554480323170560,HTTP DNS Lookup,ms,p75,0.29
153,1780554479323170560,1780554480323170560,HTTP DNS Lookup,ms,p90,0.34
153,1780554479323170560,1780554480323170560,HTTP DNS Lookup,ms,p95,0.36
153,1780554479323170560,1780554480323170560,HTTP DNS Lookup,ms,p99,0.38
153,1780554479323170560,1780554480323170560,HTTP DNS Lookup,ms,std,0.19
153,1780554479323170560,1780554480323170560,HTTP Duration (excl. conn),ms,avg,72847.44
153,1780554479323170560,1780554480323170560,HTTP Duration (excl. conn),ms,min,64806.70
153,1780554479323170560,1780554480323170560,HTTP Duration (excl. conn),ms,max,80888.17
153,1780554479323170560,1780554480323170560,HTTP Duration (excl. conn),ms,sum,145694.88
153,1780554479323170560,1780554480323170560,HTTP Duration (excl. conn),ms,p1,64967.52
153,1780554479323170560,1780554480323170560,HTTP Duration (excl. conn),ms,p5,65610.78
153,1780554479323170560,1780554480323170560,HTTP Duration (excl. conn),ms,p10,66414.85
153,1780554479323170560,1780554480323170560,HTTP Duration (excl. conn),ms,p25,68827.07
153,1780554479323170560,1780554480323170560,HTTP Duration (excl. conn),ms,p50,72847.44
153,1780554479323170560,1780554480323170560,HTTP Duration (excl. conn),ms,p75,76867.80
153,1780554479323170560,1780554480323170560,HTTP Duration (excl. conn),ms,p90,79280.02
153,1780554479323170560,1780554480323170560,HTTP Duration (excl. conn),ms,p95,80084.10
153,1780554479323170560,1780554480323170560,HTTP Duration (excl. conn),ms,p99,80727.36
153,1780554479323170560,1780554480323170560,HTTP Duration (excl. conn),ms,std,8040.73
153,1780554479323170560,1780554480323170560,HTTP Receiving,ms,avg,63081.74
153,1780554479323170560,1780554480323170560,HTTP Receiving,ms,min,54106.28
153,1780554479323170560,1780554480323170560,HTTP Receiving,ms,max,72057.20
153,1780554479323170560,1780554480323170560,HTTP Receiving,ms,sum,126163.49
153,1780554479323170560,1780554480323170560,HTTP Receiving,ms,p1,54285.79
153,1780554479323170560,1780554480323170560,HTTP Receiving,ms,p5,55003.83
153,1780554479323170560,1780554480323170560,HTTP Receiving,ms,p10,55901.38
153,1780554479323170560,1780554480323170560,HTTP Receiving,ms,p25,58594.01
153,1780554479323170560,1780554480323170560,HTTP Receiving,ms,p50,63081.74
153,1780554479323170560,1780554480323170560,HTTP Receiving,ms,p75,67569.47
153,1780554479323170560,1780554480323170560,HTTP Receiving,ms,p90,70262.11
153,1780554479323170560,1780554480323170560,HTTP Receiving,ms,p95,71159.66
153,1780554479323170560,1780554480323170560,HTTP Receiving,ms,p99,71877.69
153,1780554479323170560,1780554480323170560,HTTP Receiving,ms,std,8975.46
153,1780554479323170560,1780554480323170560,HTTP Sending,ms,avg,1.08
153,1780554479323170560,1780554480323170560,HTTP Sending,ms,min,0.96
153,1780554479323170560,1780554480323170560,HTTP Sending,ms,max,1.20
153,1780554479323170560,1780554480323170560,HTTP Sending,ms,sum,2.16
153,1780554479323170560,1780554480323170560,HTTP Sending,ms,p1,0.96
153,1780554479323170560,1780554480323170560,HTTP Sending,ms,p5,0.97
153,1780554479323170560,1780554480323170560,HTTP Sending,ms,p10,0.98
153,1780554479323170560,1780554480323170560,HTTP Sending,ms,p25,1.02
153,1780554479323170560,1780554480323170560,HTTP Sending,ms,p50,1.08
153,1780554479323170560,1780554480323170560,HTTP Sending,ms,p75,1.14
153,1780554479323170560,1780554480323170560,HTTP Sending,ms,p90,1.17
153,1780554479323170560,1780554480323170560,HTTP Sending,ms,p95,1.19
153,1780554479323170560,1780554480323170560,HTTP Sending,ms,p99,1.20
153,1780554479323170560,1780554480323170560,HTTP Sending,ms,std,0.12
153,1780554479323170560,1780554480323170560,HTTP Total Time,ms,avg,72848.45
153,1780554479323170560,1780554480323170560,HTTP Total Time,ms,min,64807.38
153,1780554479323170560,1780554480323170560,HTTP Total Time,ms,max,80889.52
153,1780554479323170560,1780554480323170560,HTTP Total Time,ms,sum,145696.90
153,1780554479323170560,1780554480323170560,HTTP Total Time,ms,p1,64968.20
153,1780554479323170560,1780554480323170560,HTTP Total Time,ms,p5,65611.49
153,1780554479323170560,1780554480323170560,HTTP Total Time,ms,p10,66415.59
153,1780554479323170560,1780554480323170560,HTTP Total Time,ms,p25,68827.92
153,1780554479323170560,1780554480323170560,HTTP Total Time,ms,p50,72848.45
153,1780554479323170560,1780554480323170560,HTTP Total Time,ms,p75,76868.99
153,1780554479323170560,1780554480323170560,HTTP Total Time,ms,p90,79281.31
153,1780554479323170560,1780554480323170560,HTTP Total Time,ms,p95,80085.42
153,1780554479323170560,1780554480323170560,HTTP Total Time,ms,p99,80728.70
153,1780554479323170560,1780554480323170560,HTTP Total Time,ms,std,8041.07
153,1780554479323170560,1780554480323170560,HTTP Waiting (TTFB),ms,avg,9764.62
153,1780554479323170560,1780554480323170560,HTTP Waiting (TTFB),ms,min,8829.77
153,1780554479323170560,1780554480323170560,HTTP Waiting (TTFB),ms,max,10699.46
153,1780554479323170560,1780554480323170560,HTTP Waiting (TTFB),ms,sum,19529.23
153,1780554479323170560,1780554480323170560,HTTP Waiting (TTFB),ms,p1,8848.47
153,1780554479323170560,1780554480323170560,HTTP Waiting (TTFB),ms,p5,8923.26
153,1780554479323170560,1780554480323170560,HTTP Waiting (TTFB),ms,p10,9016.74
153,1780554479323170560,1780554480323170560,HTTP Waiting (TTFB),ms,p25,9297.19
153,1780554479323170560,1780554480323170560,HTTP Waiting (TTFB),ms,p50,9764.62
153,1780554479323170560,1780554480323170560,HTTP Waiting (TTFB),ms,p75,10232.04
153,1780554479323170560,1780554480323170560,HTTP Waiting (TTFB),ms,p90,10512.49
153,1780554479323170560,1780554480323170560,HTTP Waiting (TTFB),ms,p95,10605.98
153,1780554479323170560,1780554480323170560,HTTP Waiting (TTFB),ms,p99,10680.76
153,1780554479323170560,1780554480323170560,HTTP Waiting (TTFB),ms,std,934.84
153,1780554479323170560,1780554480323170560,Input Sequence Length,tokens,avg,58298.00
153,1780554479323170560,1780554480323170560,Input Sequence Length,tokens,min,48352.00
153,1780554479323170560,1780554480323170560,Input Sequence Length,tokens,max,68244.00
153,1780554479323170560,1780554480323170560,Input Sequence Length,tokens,sum,116596.00
153,1780554479323170560,1780554480323170560,Input Sequence Length,tokens,p1,48550.92
153,1780554479323170560,1780554480323170560,Input Sequence Length,tokens,p5,49346.60
153,1780554479323170560,1780554480323170560,Input Sequence Length,tokens,p10,50341.20
153,1780554479323170560,1780554480323170560,Input Sequence Length,tokens,p25,53325.00
153,1780554479323170560,1780554480323170560,Input Sequence Length,tokens,p50,58298.00
153,1780554479323170560,1780554480323170560,Input Sequence Length,tokens,p75,63271.00
153,1780554479323170560,1780554480323170560,Input Sequence Length,tokens,p90,66254.80
153,1780554479323170560,1780554480323170560,Input Sequence Length,tokens,p95,67249.40
153,1780554479323170560,1780554480323170560,Input Sequence Length,tokens,p99,68045.08
153,1780554479323170560,1780554480323170560,Input Sequence Length,tokens,std,9946.00
153,1780554479323170560,1780554480323170560,Input Token Throughput,tokens/sec,avg,116596.00
153,1780554479323170560,1780554480323170560,Inter Chunk Latency,ms,avg,133.55
153,1780554479323170560,1780554480323170560,Inter Chunk Latency,ms,min,131.99
153,1780554479323170560,1780554480323170560,Inter Chunk Latency,ms,max,134.88
153,1780554479323170560,1780554480323170560,Inter Chunk Latency,ms,sum,196725.46
153,1780554479323170560,1780554480323170560,Inter Chunk Latency,ms,p1,132.00
153,1780554479323170560,1780554480323170560,Inter Chunk Latency,ms,p5,132.05
153,1780554479323170560,1780554480323170560,Inter Chunk Latency,ms,p10,132.12
153,1780554479323170560,1780554480323170560,Inter Chunk Latency,ms,p25,132.31
153,1780554479323170560,1780554480323170560,Inter Chunk Latency,ms,p50,134.44
153,1780554479323170560,1780554480323170560,Inter Chunk Latency,ms,p75,134.64
153,1780554479323170560,1780554480323170560,Inter Chunk Latency,ms,p90,134.77
153,1780554479323170560,1780554480323170560,Inter Chunk Latency,ms,p95,134.82
153,1780554479323170560,1780554480323170560,Inter Chunk Latency,ms,p99,134.87
153,1780554479323170560,1780554480323170560,Inter Chunk Latency,ms,std,1.17
153,1780554479323170560,1780554480323170560,Inter Token Latency,ms,avg,84.53
153,1780554479323170560,1780554480323170560,Inter Token Latency,ms,min,79.33
153,1780554479323170560,1780554480323170560,Inter Token Latency,ms,max,89.73
153,1780554479323170560,1780554480323170560,Inter Token Latency,ms,sum,169.07
153,1780554479323170560,1780554480323170560,Inter Token Latency,ms,p1,79.44
153,1780554479323170560,1780554480323170560,Inter Token Latency,ms,p5,79.85
153,1780554479323170560,1780554480323170560,Inter Token Latency,ms,p10,80.37
153,1780554479323170560,1780554480323170560,Inter Token Latency,ms,p25,81.93
153,1780554479323170560,1780554480323170560,Inter Token Latency,ms,p50,84.53
153,1780554479323170560,1780554480323170560,Inter Token Latency,ms,p75,87.13
153,1780554479323170560,1780554480323170560,Inter Token Latency,ms,p90,88.69
153,1780554479323170560,1780554480323170560,Inter Token Latency,ms,p95,89.21
153,1780554479323170560,1780554480323170560,Inter Token Latency,ms,p99,89.63
153,1780554479323170560,1780554480323170560,Inter Token Latency,ms,std,5.20
153,1780554479323170560,1780554480323170560,Maximum Response Timestamp,ns,avg,1780554560367929600.00
153,1780554479323170560,1780554480323170560,Minimum Request Timestamp,ns,avg,1780554479479671296.00
153,1780554479323170560,1780554480323170560,OSL Mismatch Count,requests,avg,0.00
153,1780554479323170560,1780554480323170560,OSL Mismatch Diff %,%,avg,0.00
153,1780554479323170560,1780554480323170560,OSL Mismatch Diff %,%,min,0.00
153,1780554479323170560,1780554480323170560,OSL Mismatch Diff %,%,max,0.00
153,1780554479323170560,1780554480323170560,OSL Mismatch Diff %,%,sum,0.00
153,1780554479323170560,1780554480323170560,OSL Mismatch Diff %,%,p1,0.00
153,1780554479323170560,1780554480323170560,OSL Mismatch Diff %,%,p5,0.00
153,1780554479323170560,1780554480323170560,OSL Mismatch Diff %,%,p10,0.00
153,1780554479323170560,1780554480323170560,OSL Mismatch Diff %,%,p25,0.00
153,1780554479323170560,1780554480323170560,OSL Mismatch Diff %,%,p50,0.00
153,1780554479323170560,1780554480323170560,OSL Mismatch Diff %,%,p75,0.00
153,1780554479323170560,1780554480323170560,OSL Mismatch Diff %,%,p90,0.00
153,1780554479323170560,1780554480323170560,OSL Mismatch Diff %,%,p95,0.00
153,1780554479323170560,1780554480323170560,OSL Mismatch Diff %,%,p99,0.00
153,1780554479323170560,1780554480323170560,OSL Mismatch Diff %,%,std,0.00
153,1780554479323170560,1780554480323170560,Output Sequence Length,tokens,avg,743.50
153,1780554479323170560,1780554480323170560,Output Sequence Length,tokens,min,683.00
153,1780554479323170560,1780554480323170560,Output Sequence Length,tokens,max,804.00
153,1780554479323170560,1780554480323170560,Output Sequence Length,tokens,sum,1487.00
153,1780554479323170560,1780554480323170560,Output Sequence Length,tokens,p1,684.21
153,1780554479323170560,1780554480323170560,Output Sequence Length,tokens,p5,689.05
153,1780554479323170560,1780554480323170560,Output Sequence Length,tokens,p10,695.10
153,1780554479323170560,1780554480323170560,Output Sequence Length,tokens,p25,713.25
153,1780554479323170560,1780554480323170560,Output Sequence Length,tokens,p50,743.50
153,1780554479323170560,1780554480323170560,Output Sequence Length,tokens,p75,773.75
153,1780554479323170560,1780554480323170560,Output Sequence Length,tokens,p90,791.90
153,1780554479323170560,1780554480323170560,Output Sequence Length,tokens,p95,797.95
153,1780554479323170560,1780554480323170560,Output Sequence Length,tokens,p99,802.79
153,1780554479323170560,1780554480323170560,Output Sequence Length,tokens,std,60.50
153,1780554479323170560,1780554480323170560,Output Token Count,tokens,avg,743.50
153,1780554479323170560,1780554480323170560,Output Token Count,tokens,min,683.00
153,1780554479323170560,1780554480323170560,Output Token Count,tokens,max,804.00
153,1780554479323170560,1780554480323170560,Output Token Count,tokens,sum,1487.00
153,1780554479323170560,1780554480323170560,Output Token Count,tokens,p1,684.21
153,1780554479323170560,1780554480323170560,Output Token Count,tokens,p5,689.05
153,1780554479323170560,1780554480323170560,Output Token Count,tokens,p10,695.10
153,1780554479323170560,1780554480323170560,Output Token Count,tokens,p25,713.25
153,1780554479323170560,1780554480323170560,Output Token Count,tokens,p50,743.50
153,1780554479323170560,1780554480323170560,Output Token Count,tokens,p75,773.75
153,1780554479323170560,1780554480323170560,Output Token Count,tokens,p90,791.90
153,1780554479323170560,1780554480323170560,Output Token Count,tokens,p95,797.95
153,1780554479323170560,1780554480323170560,Output Token Count,tokens,p99,802.79
153,1780554479323170560,1780554480323170560,Output Token Count,tokens,std,60.50
153,1780554479323170560,1780554480323170560,Output Token Throughput,tokens/sec,avg,1487.00
153,1780554479323170560,1780554480323170560,Output Token Throughput Per User,tokens/sec/user,avg,11.87
153,1780554479323170560,1780554480323170560,Output Token Throughput Per User,tokens/sec/user,min,11.14
153,1780554479323170560,1780554480323170560,Output Token Throughput Per User,tokens/sec/user,max,12.60
153,1780554479323170560,1780554480323170560,Output Token Throughput Per User,tokens/sec/user,sum,23.75
153,1780554479323170560,1780554480323170560,Output Token Throughput Per User,tokens/sec/user,p1,11.16
153,1780554479323170560,1780554480323170560,Output Token Throughput Per User,tokens/sec/user,p5,11.22
153,1780554479323170560,1780554480323170560,Output Token Throughput Per User,tokens/sec/user,p10,11.29
153,1780554479323170560,1780554480323170560,Output Token Throughput Per User,tokens/sec/user,p25,11.51
153,1780554479323170560,1780554480323170560,Output Token Throughput Per User,tokens/sec/user,p50,11.87
153,1780554479323170560,1780554480323170560,Output Token Throughput Per User,tokens/sec/user,p75,12.24
153,1780554479323170560,1780554480323170560,Output Token Throughput Per User,tokens/sec/user,p90,12.46
153,1780554479323170560,1780554480323170560,Output Token Throughput Per User,tokens/sec/user,p95,12.53
153,1780554479323170560,1780554480323170560,Output Token Throughput Per User,tokens/sec/user,p99,12.59
153,1780554479323170560,1780554480323170560,Output Token Throughput Per User,tokens/sec/user,std,0.73
153,1780554479323170560,1780554480323170560,Prefill Throughput Per User,tokens/sec/user,avg,6123.18
153,1780554479323170560,1780554480323170560,Prefill Throughput Per User,tokens/sec/user,min,4518.65
153,1780554479323170560,1780554480323170560,Prefill Throughput Per User,tokens/sec/user,max,7727.72
153,1780554479323170560,1780554480323170560,Prefill Throughput Per User,tokens/sec/user,sum,12246.37
153,1780554479323170560,1780554480323170560,Prefill Throughput Per User,tokens/sec/user,p1,4550.74
153,1780554479323170560,1780554480323170560,Prefill Throughput Per User,tokens/sec/user,p5,4679.10
153,1780554479323170560,1780554480323170560,Prefill Throughput Per User,tokens/sec/user,p10,4839.56
153,1780554479323170560,1780554480323170560,Prefill Throughput Per User,tokens/sec/user,p25,5320.92
153,1780554479323170560,1780554480323170560,Prefill Throughput Per User,tokens/sec/user,p50,6123.18
153,1780554479323170560,1780554480323170560,Prefill Throughput Per User,tokens/sec/user,p75,6925.45
153,1780554479323170560,1780554480323170560,Prefill Throughput Per User,tokens/sec/user,p90,7406.81
153,1780554479323170560,1780554480323170560,Prefill Throughput Per User,tokens/sec/user,p95,7567.27
153,1780554479323170560,1780554480323170560,Prefill Throughput Per User,tokens/sec/user,p99,7695.63
153,1780554479323170560,1780554480323170560,Prefill Throughput Per User,tokens/sec/user,std,1604.54
153,1780554479323170560,1780554480323170560,Request Count,requests,avg,2.00
153,1780554479323170560,1780554480323170560,Request Latency,ms,avg,72847.53
153,1780554479323170560,1780554480323170560,Request Latency,ms,min,64806.81
153,1780554479323170560,1780554480323170560,Request Latency,ms,max,80888.26
153,1780554479323170560,1780554480323170560,Request Latency,ms,sum,145695.07
153,1780554479323170560,1780554480323170560,Request Latency,ms,p1,64967.63
153,1780554479323170560,1780554480323170560,Request Latency,ms,p5,65610.88
153,1780554479323170560,1780554480323170560,Request Latency,ms,p10,66414.96
153,1780554479323170560,1780554480323170560,Request Latency,ms,p25,68827.17
153,1780554479323170560,1780554480323170560,Request Latency,ms,p50,72847.53
153,1780554479323170560,1780554480323170560,Request Latency,ms,p75,76867.90
153,1780554479323170560,1780554480323170560,Request Latency,ms,p90,79280.11
153,1780554479323170560,1780554480323170560,Request Latency,ms,p95,80084.19
153,1780554479323170560,1780554480323170560,Request Latency,ms,p99,80727.44
153,1780554479323170560,1780554480323170560,Request Latency,ms,std,8040.72
153,1780554479323170560,1780554480323170560,Request Throughput,requests/sec,avg,2.00
153,1780554479323170560,1780554480323170560,Requested OSL,tokens,avg,743.50
153,1780554479323170560,1780554480323170560,Requested OSL,tokens,min,683.00
153,1780554479323170560,1780554480323170560,Requested OSL,tokens,max,804.00
153,1780554479323170560,1780554480323170560,Requested OSL,tokens,sum,1487.00
153,1780554479323170560,1780554480323170560,Requested OSL,tokens,p1,684.21
153,1780554479323170560,1780554480323170560,Requested OSL,tokens,p5,689.05
153,1780554479323170560,1780554480323170560,Requested OSL,tokens,p10,695.10
153,1780554479323170560,1780554480323170560,Requested OSL,tokens,p25,713.25
153,1780554479323170560,1780554480323170560,Requested OSL,tokens,p50,743.50
153,1780554479323170560,1780554480323170560,Requested OSL,tokens,p75,773.75
153,1780554479323170560,1780554480323170560,Requested OSL,tokens,p90,791.90
153,1780554479323170560,1780554480323170560,Requested OSL,tokens,p95,797.95
153,1780554479323170560,1780554480323170560,Requested OSL,tokens,p99,802.79
153,1780554479323170560,1780554480323170560,Requested OSL,tokens,std,60.50
153,1780554479323170560,1780554480323170560,Time to First Output Token,ms,avg,9765.80
153,1780554479323170560,1780554480323170560,Time to First Output Token,ms,min,8831.07
153,1780554479323170560,1780554480323170560,Time to First Output Token,ms,max,10700.54
153,1780554479323170560,1780554480323170560,Time to First Output Token,ms,sum,19531.61
153,1780554479323170560,1780554480323170560,Time to First Output Token,ms,p1,8849.76
153,1780554479323170560,1780554480323170560,Time to First Output Token,ms,p5,8924.54
153,1780554479323170560,1780554480323170560,Time to First Output Token,ms,p10,9018.01
153,1780554479323170560,1780554480323170560,Time to First Output Token,ms,p25,9298.43
153,1780554479323170560,1780554480323170560,Time to First Output Token,ms,p50,9765.80
153,1780554479323170560,1780554480323170560,Time to First Output Token,ms,p75,10233.17
153,1780554479323170560,1780554480323170560,Time to First Output Token,ms,p90,10513.60
153,1780554479323170560,1780554480323170560,Time to First Output Token,ms,p95,10607.07
153,1780554479323170560,1780554480323170560,Time to First Output Token,ms,p99,10681.85
153,1780554479323170560,1780554480323170560,Time to First Output Token,ms,std,934.74
153,1780554479323170560,1780554480323170560,Time to First Token,ms,avg,9765.80
153,1780554479323170560,1780554480323170560,Time to First Token,ms,min,8831.07
153,1780554479323170560,1780554480323170560,Time to First Token,ms,max,10700.54
153,1780554479323170560,1780554480323170560,Time to First Token,ms,sum,19531.61
153,1780554479323170560,1780554480323170560,Time to First Token,ms,p1,8849.76
153,1780554479323170560,1780554480323170560,Time to First Token,ms,p5,8924.54
153,1780554479323170560,1780554480323170560,Time to First Token,ms,p10,9018.01
153,1780554479323170560,1780554480323170560,Time to First Token,ms,p25,9298.43
153,1780554479323170560,1780554480323170560,Time to First Token,ms,p50,9765.80
153,1780554479323170560,1780554480323170560,Time to First Token,ms,p75,10233.17
153,1780554479323170560,1780554480323170560,Time to First Token,ms,p90,10513.60
153,1780554479323170560,1780554480323170560,Time to First Token,ms,p95,10607.07
153,1780554479323170560,1780554480323170560,Time to First Token,ms,p99,10681.85
153,1780554479323170560,1780554480323170560,Time to First Token,ms,std,934.74
153,1780554479323170560,1780554480323170560,Time to Second Token,ms,avg,119.72
153,1780554479323170560,1780554480323170560,Time to Second Token,ms,min,30.23
153,1780554479323170560,1780554480323170560,Time to Second Token,ms,max,209.21
153,1780554479323170560,1780554480323170560,Time to Second Token,ms,sum,239.44
153,1780554479323170560,1780554480323170560,Time to Second Token,ms,p1,32.02
153,1780554479323170560,1780554480323170560,Time to Second Token,ms,p5,39.18
153,1780554479323170560,1780554480323170560,Time to Second Token,ms,p10,48.13
153,1780554479323170560,1780554480323170560,Time to Second Token,ms,p25,74.97
153,1780554479323170560,1780554480323170560,Time to Second Token,ms,p50,119.72
153,1780554479323170560,1780554480323170560,Time to Second Token,ms,p75,164.47
153,1780554479323170560,1780554480323170560,Time to Second Token,ms,p90,191.31
153,1780554479323170560,1780554480323170560,Time to Second Token,ms,p95,200.26
153,1780554479323170560,1780554480323170560,Time to Second Token,ms,p99,207.42
153,1780554479323170560,1780554480323170560,Time to Second Token,ms,std,89.49
153,1780554479323170560,1780554480323170560,Tokens In Flight,tokens,avg,1021425.98
153,1780554479323170560,1780554480323170560,Tokens In Flight,tokens,min,954305.14
153,1780554479323170560,1780554480323170560,Tokens In Flight,tokens,max,1070949.05
153,1780554479323170560,1780554480323170560,Tokens In Flight,tokens,p50,1022572.66
153,1780554479323170560,1780554480323170560,Tokens In Flight,tokens,p90,1070944.91
153,1780554479323170560,1780554480323170560,Tokens In Flight,tokens,p95,1070949.05
153,1780554479323170560,1780554480323170560,Tokens In Flight,tokens,p99,1070949.05
153,1780554479323170560,1780554480323170560,Tokens In Flight,tokens,std,34486.46
153,1780554479323170560,1780554480323170560,Total Input Sequence Length,tokens,avg,116596.00
153,1780554479323170560,1780554480323170560,Total Output Sequence Length,tokens,avg,1487.00
153,1780554479323170560,1780554480323170560,Total Output Tokens,tokens,avg,1487.00
153,1780554479323170560,1780554480323170560,Total Token Throughput,tokens/sec,avg,118083.00
153,1780554479323170560,1780554480323170560,Total Usage Completion Tokens,tokens,avg,1487.00
153,1780554479323170560,1780554480323170560,Total Usage Prompt Tokens,tokens,avg,116596.00
153,1780554479323170560,1780554480323170560,Total Usage Total Tokens,tokens,avg,118083.00
153,1780554479323170560,1780554480323170560,Usage Completion Tokens,tokens,avg,743.50
153,1780554479323170560,1780554480323170560,Usage Completion Tokens,tokens,min,683.00
153,1780554479323170560,1780554480323170560,Usage Completion Tokens,tokens,max,804.00
153,1780554479323170560,1780554480323170560,Usage Completion Tokens,tokens,sum,1487.00
153,1780554479323170560,1780554480323170560,Usage Completion Tokens,tokens,p1,684.21
153,1780554479323170560,1780554480323170560,Usage Completion Tokens,tokens,p5,689.05
153,1780554479323170560,1780554480323170560,Usage Completion Tokens,tokens,p10,695.10
153,1780554479323170560,1780554480323170560,Usage Completion Tokens,tokens,p25,713.25
153,1780554479323170560,1780554480323170560,Usage Completion Tokens,tokens,p50,743.50
153,1780554479323170560,1780554480323170560,Usage Completion Tokens,tokens,p75,773.75
153,1780554479323170560,1780554480323170560,Usage Completion Tokens,tokens,p90,791.90
153,1780554479323170560,1780554480323170560,Usage Completion Tokens,tokens,p95,797.95
153,1780554479323170560,1780554480323170560,Usage Completion Tokens,tokens,p99,802.79
153,1780554479323170560,1780554480323170560,Usage Completion Tokens,tokens,std,60.50
153,1780554479323170560,1780554480323170560,Usage Prompt Tokens,tokens,avg,58298.00
153,1780554479323170560,1780554480323170560,Usage Prompt Tokens,tokens,min,48352.00
153,1780554479323170560,1780554480323170560,Usage Prompt Tokens,tokens,max,68244.00
153,1780554479323170560,1780554480323170560,Usage Prompt Tokens,tokens,sum,116596.00
153,1780554479323170560,1780554480323170560,Usage Prompt Tokens,tokens,p1,48550.92
153,1780554479323170560,1780554480323170560,Usage Prompt Tokens,tokens,p5,49346.60
153,1780554479323170560,1780554480323170560,Usage Prompt Tokens,tokens,p10,50341.20
153,1780554479323170560,1780554480323170560,Usage Prompt Tokens,tokens,p25,53325.00
153,1780554479323170560,1780554480323170560,Usage Prompt Tokens,tokens,p50,58298.00
153,1780554479323170560,1780554480323170560,Usage Prompt Tokens,tokens,p75,63271.00
153,1780554479323170560,1780554480323170560,Usage Prompt Tokens,tokens,p90,66254.80
153,1780554479323170560,1780554480323170560,Usage Prompt Tokens,tokens,p95,67249.40
153,1780554479323170560,1780554480323170560,Usage Prompt Tokens,tokens,p99,68045.08
153,1780554479323170560,1780554480323170560,Usage Prompt Tokens,tokens,std,9946.00
153,1780554479323170560,1780554480323170560,Usage Total Tokens,tokens,avg,59041.50
153,1780554479323170560,1780554480323170560,Usage Total Tokens,tokens,min,49035.00
153,1780554479323170560,1780554480323170560,Usage Total Tokens,tokens,max,69048.00
153,1780554479323170560,1780554480323170560,Usage Total Tokens,tokens,sum,118083.00
153,1780554479323170560,1780554480323170560,Usage Total Tokens,tokens,p1,49235.13
153,1780554479323170560,1780554480323170560,Usage Total Tokens,tokens,p5,50035.65
153,1780554479323170560,1780554480323170560,Usage Total Tokens,tokens,p10,51036.30
153,1780554479323170560,1780554480323170560,Usage Total Tokens,tokens,p25,54038.25
153,1780554479323170560,1780554480323170560,Usage Total Tokens,tokens,p50,59041.50
153,1780554479323170560,1780554480323170560,Usage Total Tokens,tokens,p75,64044.75
153,1780554479323170560,1780554480323170560,Usage Total Tokens,tokens,p90,67046.70
153,1780554479323170560,1780554480323170560,Usage Total Tokens,tokens,p95,68047.35
153,1780554479323170560,1780554480323170560,Usage Total Tokens,tokens,p99,68847.87
153,1780554479323170560,1780554480323170560,Usage Total Tokens,tokens,std,10006.50
154,1780554497323170560,1780554498323170560,Active Decode Throughput,tokens/sec,avg,56.56
154,1780554497323170560,1780554498323170560,Active Decode Throughput,tokens/sec,min,48.27
154,1780554497323170560,1780554498323170560,Active Decode Throughput,tokens/sec,max,64.85
154,1780554497323170560,1780554498323170560,Active Decode Throughput,tokens/sec,p50,56.56
154,1780554497323170560,1780554498323170560,Active Decode Throughput,tokens/sec,p90,56.56
154,1780554497323170560,1780554498323170560,Active Decode Throughput,tokens/sec,p95,56.56
154,1780554497323170560,1780554498323170560,Active Decode Throughput,tokens/sec,p99,56.56
154,1780554497323170560,1780554498323170560,Active Decode Throughput,tokens/sec,std,0.01
154,1780554497323170560,1780554498323170560,Active Decode Throughput Per User,tokens/sec/user,avg,6.28
154,1780554497323170560,1780554498323170560,Active Decode Throughput Per User,tokens/sec/user,min,5.36
154,1780554497323170560,1780554498323170560,Active Decode Throughput Per User,tokens/sec/user,max,7.21
154,1780554497323170560,1780554498323170560,Active Decode Throughput Per User,tokens/sec/user,p50,6.28
154,1780554497323170560,1780554498323170560,Active Decode Throughput Per User,tokens/sec/user,p90,6.28
154,1780554497323170560,1780554498323170560,Active Decode Throughput Per User,tokens/sec/user,p95,6.28
154,1780554497323170560,1780554498323170560,Active Decode Throughput Per User,tokens/sec/user,p99,6.28
154,1780554497323170560,1780554498323170560,Active Decode Throughput Per User,tokens/sec/user,std,0.00
154,1780554497323170560,1780554498323170560,Active Prefill Throughput,tokens/sec,avg,47478.56
154,1780554497323170560,1780554498323170560,Active Prefill Throughput,tokens/sec,min,47478.56
154,1780554497323170560,1780554498323170560,Active Prefill Throughput,tokens/sec,max,47478.56
154,1780554497323170560,1780554498323170560,Active Prefill Throughput,tokens/sec,p50,47478.56
154,1780554497323170560,1780554498323170560,Active Prefill Throughput,tokens/sec,p90,47478.56
154,1780554497323170560,1780554498323170560,Active Prefill Throughput,tokens/sec,p95,47478.56
154,1780554497323170560,1780554498323170560,Active Prefill Throughput,tokens/sec,p99,47478.56
154,1780554497323170560,1780554498323170560,Active Prefill Throughput,tokens/sec,std,0.00
154,1780554497323170560,1780554498323170560,Active Prefill Throughput Per User,tokens/sec/user,avg,47478.56
154,1780554497323170560,1780554498323170560,Active Prefill Throughput Per User,tokens/sec/user,min,47478.56
154,1780554497323170560,1780554498323170560,Active Prefill Throughput Per User,tokens/sec/user,max,47478.56
154,1780554497323170560,1780554498323170560,Active Prefill Throughput Per User,tokens/sec/user,p50,47478.56
154,1780554497323170560,1780554498323170560,Active Prefill Throughput Per User,tokens/sec/user,p90,47478.56
154,1780554497323170560,1780554498323170560,Active Prefill Throughput Per User,tokens/sec/user,p95,47478.56
154,1780554497323170560,1780554498323170560,Active Prefill Throughput Per User,tokens/sec/user,p99,47478.56
154,1780554497323170560,1780554498323170560,Active Prefill Throughput Per User,tokens/sec/user,std,0.00
154,1780554497323170560,1780554498323170560,Active Total Throughput,tokens/sec,avg,23651.75
154,1780554497323170560,1780554498323170560,Active Total Throughput,tokens/sec,min,97.76
154,1780554497323170560,1780554498323170560,Active Total Throughput,tokens/sec,max,47576.32
154,1780554497323170560,1780554498323170560,Active Total Throughput,tokens/sec,p50,97.76
154,1780554497323170560,1780554498323170560,Active Total Throughput,tokens/sec,p90,47576.32
154,1780554497323170560,1780554498323170560,Active Total Throughput,tokens/sec,p95,47576.32
154,1780554497323170560,1780554498323170560,Active Total Throughput,tokens/sec,p99,47576.32
154,1780554497323170560,1780554498323170560,Active Total Throughput,tokens/sec,std,23738.56
154,1780554497323170560,1780554498323170560,Benchmark Duration,sec,avg,48.04
154,1780554497323170560,1780554498323170560,E2E Output Token Throughput,tokens/sec/user,avg,12.20
154,1780554497323170560,1780554498323170560,E2E Output Token Throughput,tokens/sec/user,min,12.20
154,1780554497323170560,1780554498323170560,E2E Output Token Throughput,tokens/sec/user,max,12.20
154,1780554497323170560,1780554498323170560,E2E Output Token Throughput,tokens/sec/user,sum,12.20
154,1780554497323170560,1780554498323170560,E2E Output Token Throughput,tokens/sec/user,p1,12.20
154,1780554497323170560,1780554498323170560,E2E Output Token Throughput,tokens/sec/user,p5,12.20
154,1780554497323170560,1780554498323170560,E2E Output Token Throughput,tokens/sec/user,p10,12.20
154,1780554497323170560,1780554498323170560,E2E Output Token Throughput,tokens/sec/user,p25,12.20
154,1780554497323170560,1780554498323170560,E2E Output Token Throughput,tokens/sec/user,p50,12.20
154,1780554497323170560,1780554498323170560,E2E Output Token Throughput,tokens/sec/user,p75,12.20
154,1780554497323170560,1780554498323170560,E2E Output Token Throughput,tokens/sec/user,p90,12.20
154,1780554497323170560,1780554498323170560,E2E Output Token Throughput,tokens/sec/user,p95,12.20
154,1780554497323170560,1780554498323170560,E2E Output Token Throughput,tokens/sec/user,p99,12.20
154,1780554497323170560,1780554498323170560,E2E Output Token Throughput,tokens/sec/user,std,0.00
154,1780554497323170560,1780554498323170560,Effective Concurrency,requests,avg,9.50
154,1780554497323170560,1780554498323170560,Effective Concurrency,requests,min,9.00
154,1780554497323170560,1780554498323170560,Effective Concurrency,requests,max,10.00
154,1780554497323170560,1780554498323170560,Effective Concurrency,requests,p50,9.00
154,1780554497323170560,1780554498323170560,Effective Concurrency,requests,p90,10.00
154,1780554497323170560,1780554498323170560,Effective Concurrency,requests,p95,10.00
154,1780554497323170560,1780554498323170560,Effective Concurrency,requests,p99,10.00
154,1780554497323170560,1780554498323170560,Effective Concurrency,requests,std,0.50
154,1780554497323170560,1780554498323170560,Effective Decode Concurrency,requests,avg,9.00
154,1780554497323170560,1780554498323170560,Effective Decode Concurrency,requests,min,9.00
154,1780554497323170560,1780554498323170560,Effective Decode Concurrency,requests,max,9.00
154,1780554497323170560,1780554498323170560,Effective Decode Concurrency,requests,p50,9.00
154,1780554497323170560,1780554498323170560,Effective Decode Concurrency,requests,p90,9.00
154,1780554497323170560,1780554498323170560,Effective Decode Concurrency,requests,p95,9.00
154,1780554497323170560,1780554498323170560,Effective Decode Concurrency,requests,p99,9.00
154,1780554497323170560,1780554498323170560,Effective Decode Concurrency,requests,std,0.00
154,1780554497323170560,1780554498323170560,Effective Decode Throughput,tokens/sec,avg,56.56
154,1780554497323170560,1780554498323170560,Effective Decode Throughput,tokens/sec,min,48.27
154,1780554497323170560,1780554498323170560,Effective Decode Throughput,tokens/sec,max,64.85
154,1780554497323170560,1780554498323170560,Effective Decode Throughput,tokens/sec,p50,56.56
154,1780554497323170560,1780554498323170560,Effective Decode Throughput,tokens/sec,p90,56.56
154,1780554497323170560,1780554498323170560,Effective Decode Throughput,tokens/sec,p95,56.56
154,1780554497323170560,1780554498323170560,Effective Decode Throughput,tokens/sec,p99,56.56
154,1780554497323170560,1780554498323170560,Effective Decode Throughput,tokens/sec,std,0.01
154,1780554497323170560,1780554498323170560,Effective Decode Throughput Per User,tokens/sec/user,avg,6.28
154,1780554497323170560,1780554498323170560,Effective Decode Throughput Per User,tokens/sec/user,min,5.36
154,1780554497323170560,1780554498323170560,Effective Decode Throughput Per User,tokens/sec/user,max,7.21
154,1780554497323170560,1780554498323170560,Effective Decode Throughput Per User,tokens/sec/user,p50,6.28
154,1780554497323170560,1780554498323170560,Effective Decode Throughput Per User,tokens/sec/user,p90,6.28
154,1780554497323170560,1780554498323170560,Effective Decode Throughput Per User,tokens/sec/user,p95,6.28
154,1780554497323170560,1780554498323170560,Effective Decode Throughput Per User,tokens/sec/user,p99,6.28
154,1780554497323170560,1780554498323170560,Effective Decode Throughput Per User,tokens/sec/user,std,0.00
154,1780554497323170560,1780554498323170560,Effective Prefill Concurrency,requests,avg,0.50
154,1780554497323170560,1780554498323170560,Effective Prefill Concurrency,requests,min,0.00
154,1780554497323170560,1780554498323170560,Effective Prefill Concurrency,requests,max,1.00
154,1780554497323170560,1780554498323170560,Effective Prefill Concurrency,requests,p50,0.00
154,1780554497323170560,1780554498323170560,Effective Prefill Concurrency,requests,p90,1.00
154,1780554497323170560,1780554498323170560,Effective Prefill Concurrency,requests,p95,1.00
154,1780554497323170560,1780554498323170560,Effective Prefill Concurrency,requests,p99,1.00
154,1780554497323170560,1780554498323170560,Effective Prefill Concurrency,requests,std,0.50
154,1780554497323170560,1780554498323170560,Effective Prefill Throughput,tokens/sec,avg,23554.00
154,1780554497323170560,1780554498323170560,Effective Prefill Throughput,tokens/sec,min,0.00
154,1780554497323170560,1780554498323170560,Effective Prefill Throughput,tokens/sec,max,47478.56
154,1780554497323170560,1780554498323170560,Effective Prefill Throughput,tokens/sec,p50,0.00
154,1780554497323170560,1780554498323170560,Effective Prefill Throughput,tokens/sec,p90,47478.56
154,1780554497323170560,1780554498323170560,Effective Prefill Throughput,tokens/sec,p95,47478.56
154,1780554497323170560,1780554498323170560,Effective Prefill Throughput,tokens/sec,p99,47478.56
154,1780554497323170560,1780554498323170560,Effective Prefill Throughput,tokens/sec,std,23738.56
154,1780554497323170560,1780554498323170560,Effective Prefill Throughput Per User,tokens/sec/user,avg,23554.00
154,1780554497323170560,1780554498323170560,Effective Prefill Throughput Per User,tokens/sec/user,min,0.00
154,1780554497323170560,1780554498323170560,Effective Prefill Throughput Per User,tokens/sec/user,max,47478.56
154,1780554497323170560,1780554498323170560,Effective Prefill Throughput Per User,tokens/sec/user,p50,0.00
154,1780554497323170560,1780554498323170560,Effective Prefill Throughput Per User,tokens/sec/user,p90,47478.56
154,1780554497323170560,1780554498323170560,Effective Prefill Throughput Per User,tokens/sec/user,p95,47478.56
154,1780554497323170560,1780554498323170560,Effective Prefill Throughput Per User,tokens/sec/user,p99,47478.56
154,1780554497323170560,1780554498323170560,Effective Prefill Throughput Per User,tokens/sec/user,std,23738.56
154,1780554497323170560,1780554498323170560,Effective Total Throughput,tokens/sec,avg,23651.75
154,1780554497323170560,1780554498323170560,Effective Total Throughput,tokens/sec,min,97.76
154,1780554497323170560,1780554498323170560,Effective Total Throughput,tokens/sec,max,47576.32
154,1780554497323170560,1780554498323170560,Effective Total Throughput,tokens/sec,p50,97.76
154,1780554497323170560,1780554498323170560,Effective Total Throughput,tokens/sec,p90,47576.32
154,1780554497323170560,1780554498323170560,Effective Total Throughput,tokens/sec,p95,47576.32
154,1780554497323170560,1780554498323170560,Effective Total Throughput,tokens/sec,p99,47576.32
154,1780554497323170560,1780554498323170560,Effective Total Throughput,tokens/sec,std,23738.56
154,1780554497323170560,1780554498323170560,HTTP Blocked,ms,avg,0.00
154,1780554497323170560,1780554498323170560,HTTP Blocked,ms,min,0.00
154,1780554497323170560,1780554498323170560,HTTP Blocked,ms,max,0.00
154,1780554497323170560,1780554498323170560,HTTP Blocked,ms,sum,0.00
154,1780554497323170560,1780554498323170560,HTTP Blocked,ms,p1,0.00
154,1780554497323170560,1780554498323170560,HTTP Blocked,ms,p5,0.00
154,1780554497323170560,1780554498323170560,HTTP Blocked,ms,p10,0.00
154,1780554497323170560,1780554498323170560,HTTP Blocked,ms,p25,0.00
154,1780554497323170560,1780554498323170560,HTTP Blocked,ms,p50,0.00
154,1780554497323170560,1780554498323170560,HTTP Blocked,ms,p75,0.00
154,1780554497323170560,1780554498323170560,HTTP Blocked,ms,p90,0.00
154,1780554497323170560,1780554498323170560,HTTP Blocked,ms,p95,0.00
154,1780554497323170560,1780554498323170560,HTTP Blocked,ms,p99,0.00
154,1780554497323170560,1780554498323170560,HTTP Blocked,ms,std,0.00
154,1780554497323170560,1780554498323170560,HTTP Chunks Received,count,avg,586.00
154,1780554497323170560,1780554498323170560,HTTP Chunks Received,count,min,586.00
154,1780554497323170560,1780554498323170560,HTTP Chunks Received,count,max,586.00
154,1780554497323170560,1780554498323170560,HTTP Chunks Received,count,sum,586.00
154,1780554497323170560,1780554498323170560,HTTP Chunks Received,count,p1,586.00
154,1780554497323170560,1780554498323170560,HTTP Chunks Received,count,p5,586.00
154,1780554497323170560,1780554498323170560,HTTP Chunks Received,count,p10,586.00
154,1780554497323170560,1780554498323170560,HTTP Chunks Received,count,p25,586.00
154,1780554497323170560,1780554498323170560,HTTP Chunks Received,count,p50,586.00
154,1780554497323170560,1780554498323170560,HTTP Chunks Received,count,p75,586.00
154,1780554497323170560,1780554498323170560,HTTP Chunks Received,count,p90,586.00
154,1780554497323170560,1780554498323170560,HTTP Chunks Received,count,p95,586.00
154,1780554497323170560,1780554498323170560,HTTP Chunks Received,count,p99,586.00
154,1780554497323170560,1780554498323170560,HTTP Chunks Received,count,std,0.00
154,1780554497323170560,1780554498323170560,HTTP Chunks Sent,count,avg,1.00
154,1780554497323170560,1780554498323170560,HTTP Chunks Sent,count,min,1.00
154,1780554497323170560,1780554498323170560,HTTP Chunks Sent,count,max,1.00
154,1780554497323170560,1780554498323170560,HTTP Chunks Sent,count,sum,1.00
154,1780554497323170560,1780554498323170560,HTTP Chunks Sent,count,p1,1.00
154,1780554497323170560,1780554498323170560,HTTP Chunks Sent,count,p5,1.00
154,1780554497323170560,1780554498323170560,HTTP Chunks Sent,count,p10,1.00
154,1780554497323170560,1780554498323170560,HTTP Chunks Sent,count,p25,1.00
154,1780554497323170560,1780554498323170560,HTTP Chunks Sent,count,p50,1.00
154,1780554497323170560,1780554498323170560,HTTP Chunks Sent,count,p75,1.00
154,1780554497323170560,1780554498323170560,HTTP Chunks Sent,count,p90,1.00
154,1780554497323170560,1780554498323170560,HTTP Chunks Sent,count,p95,1.00
154,1780554497323170560,1780554498323170560,HTTP Chunks Sent,count,p99,1.00
154,1780554497323170560,1780554498323170560,HTTP Chunks Sent,count,std,0.00
154,1780554497323170560,1780554498323170560,HTTP Connecting,ms,avg,0.62
154,1780554497323170560,1780554498323170560,HTTP Connecting,ms,min,0.62
154,1780554497323170560,1780554498323170560,HTTP Connecting,ms,max,0.62
154,1780554497323170560,1780554498323170560,HTTP Connecting,ms,sum,0.62
154,1780554497323170560,1780554498323170560,HTTP Connecting,ms,p1,0.62
154,1780554497323170560,1780554498323170560,HTTP Connecting,ms,p5,0.62
154,1780554497323170560,1780554498323170560,HTTP Connecting,ms,p10,0.62
154,1780554497323170560,1780554498323170560,HTTP Connecting,ms,p25,0.62
154,1780554497323170560,1780554498323170560,HTTP Connecting,ms,p50,0.62
154,1780554497323170560,1780554498323170560,HTTP Connecting,ms,p75,0.62
154,1780554497323170560,1780554498323170560,HTTP Connecting,ms,p90,0.62
154,1780554497323170560,1780554498323170560,HTTP Connecting,ms,p95,0.62
154,1780554497323170560,1780554498323170560,HTTP Connecting,ms,p99,0.62
154,1780554497323170560,1780554498323170560,HTTP Connecting,ms,std,0.00
154,1780554497323170560,1780554498323170560,HTTP Connection Overhead,ms,avg,0.62
154,1780554497323170560,1780554498323170560,HTTP Connection Overhead,ms,min,0.62
154,1780554497323170560,1780554498323170560,HTTP Connection Overhead,ms,max,0.62
154,1780554497323170560,1780554498323170560,HTTP Connection Overhead,ms,sum,0.62
154,1780554497323170560,1780554498323170560,HTTP Connection Overhead,ms,p1,0.62
154,1780554497323170560,1780554498323170560,HTTP Connection Overhead,ms,p5,0.62
154,1780554497323170560,1780554498323170560,HTTP Connection Overhead,ms,p10,0.62
154,1780554497323170560,1780554498323170560,HTTP Connection Overhead,ms,p25,0.62
154,1780554497323170560,1780554498323170560,HTTP Connection Overhead,ms,p50,0.62
154,1780554497323170560,1780554498323170560,HTTP Connection Overhead,ms,p75,0.62
154,1780554497323170560,1780554498323170560,HTTP Connection Overhead,ms,p90,0.62
154,1780554497323170560,1780554498323170560,HTTP Connection Overhead,ms,p95,0.62
154,1780554497323170560,1780554498323170560,HTTP Connection Overhead,ms,p99,0.62
154,1780554497323170560,1780554498323170560,HTTP Connection Overhead,ms,std,0.00
154,1780554497323170560,1780554498323170560,HTTP Connection Reused,ratio,avg,0.00
154,1780554497323170560,1780554498323170560,HTTP Connection Reused,ratio,min,0.00
154,1780554497323170560,1780554498323170560,HTTP Connection Reused,ratio,max,0.00
154,1780554497323170560,1780554498323170560,HTTP Connection Reused,ratio,sum,0.00
154,1780554497323170560,1780554498323170560,HTTP Connection Reused,ratio,p1,0.00
154,1780554497323170560,1780554498323170560,HTTP Connection Reused,ratio,p5,0.00
154,1780554497323170560,1780554498323170560,HTTP Connection Reused,ratio,p10,0.00
154,1780554497323170560,1780554498323170560,HTTP Connection Reused,ratio,p25,0.00
154,1780554497323170560,1780554498323170560,HTTP Connection Reused,ratio,p50,0.00
154,1780554497323170560,1780554498323170560,HTTP Connection Reused,ratio,p75,0.00
154,1780554497323170560,1780554498323170560,HTTP Connection Reused,ratio,p90,0.00
154,1780554497323170560,1780554498323170560,HTTP Connection Reused,ratio,p95,0.00
154,1780554497323170560,1780554498323170560,HTTP Connection Reused,ratio,p99,0.00
154,1780554497323170560,1780554498323170560,HTTP Connection Reused,ratio,std,0.00
154,1780554497323170560,1780554498323170560,HTTP Data Received,KB,avg,146.29
154,1780554497323170560,1780554498323170560,HTTP Data Received,KB,min,146.29
154,1780554497323170560,1780554498323170560,HTTP Data Received,KB,max,146.29
154,1780554497323170560,1780554498323170560,HTTP Data Received,KB,sum,146.29
154,1780554497323170560,1780554498323170560,HTTP Data Received,KB,p1,146.29
154,1780554497323170560,1780554498323170560,HTTP Data Received,KB,p5,146.29
154,1780554497323170560,1780554498323170560,HTTP Data Received,KB,p10,146.29
154,1780554497323170560,1780554498323170560,HTTP Data Received,KB,p25,146.29
154,1780554497323170560,1780554498323170560,HTTP Data Received,KB,p50,146.29
154,1780554497323170560,1780554498323170560,HTTP Data Received,KB,p75,146.29
154,1780554497323170560,1780554498323170560,HTTP Data Received,KB,p90,146.29
154,1780554497323170560,1780554498323170560,HTTP Data Received,KB,p95,146.29
154,1780554497323170560,1780554498323170560,HTTP Data Received,KB,p99,146.29
154,1780554497323170560,1780554498323170560,HTTP Data Received,KB,std,0.00
154,1780554497323170560,1780554498323170560,HTTP Data Sent,KB,avg,159.78
154,1780554497323170560,1780554498323170560,HTTP Data Sent,KB,min,159.78
154,1780554497323170560,1780554498323170560,HTTP Data Sent,KB,max,159.78
154,1780554497323170560,1780554498323170560,HTTP Data Sent,KB,sum,159.78
154,1780554497323170560,1780554498323170560,HTTP Data Sent,KB,p1,159.78
154,1780554497323170560,1780554498323170560,HTTP Data Sent,KB,p5,159.78
154,1780554497323170560,1780554498323170560,HTTP Data Sent,KB,p10,159.78
154,1780554497323170560,1780554498323170560,HTTP Data Sent,KB,p25,159.78
154,1780554497323170560,1780554498323170560,HTTP Data Sent,KB,p50,159.78
154,1780554497323170560,1780554498323170560,HTTP Data Sent,KB,p75,159.78
154,1780554497323170560,1780554498323170560,HTTP Data Sent,KB,p90,159.78
154,1780554497323170560,1780554498323170560,HTTP Data Sent,KB,p95,159.78
154,1780554497323170560,1780554498323170560,HTTP Data Sent,KB,p99,159.78
154,1780554497323170560,1780554498323170560,HTTP Data Sent,KB,std,0.00
154,1780554497323170560,1780554498323170560,HTTP DNS Lookup,ms,avg,0.00
154,1780554497323170560,1780554498323170560,HTTP DNS Lookup,ms,min,0.00
154,1780554497323170560,1780554498323170560,HTTP DNS Lookup,ms,max,0.00
154,1780554497323170560,1780554498323170560,HTTP DNS Lookup,ms,sum,0.00
154,1780554497323170560,1780554498323170560,HTTP DNS Lookup,ms,p1,0.00
154,1780554497323170560,1780554498323170560,HTTP DNS Lookup,ms,p5,0.00
154,1780554497323170560,1780554498323170560,HTTP DNS Lookup,ms,p10,0.00
154,1780554497323170560,1780554498323170560,HTTP DNS Lookup,ms,p25,0.00
154,1780554497323170560,1780554498323170560,HTTP DNS Lookup,ms,p50,0.00
154,1780554497323170560,1780554498323170560,HTTP DNS Lookup,ms,p75,0.00
154,1780554497323170560,1780554498323170560,HTTP DNS Lookup,ms,p90,0.00
154,1780554497323170560,1780554498323170560,HTTP DNS Lookup,ms,p95,0.00
154,1780554497323170560,1780554498323170560,HTTP DNS Lookup,ms,p99,0.00
154,1780554497323170560,1780554498323170560,HTTP DNS Lookup,ms,std,0.00
154,1780554497323170560,1780554498323170560,HTTP Duration (excl. conn),ms,avg,48043.50
154,1780554497323170560,1780554498323170560,HTTP Duration (excl. conn),ms,min,48043.50
154,1780554497323170560,1780554498323170560,HTTP Duration (excl. conn),ms,max,48043.50
154,1780554497323170560,1780554498323170560,HTTP Duration (excl. conn),ms,sum,48043.50
154,1780554497323170560,1780554498323170560,HTTP Duration (excl. conn),ms,p1,48043.50
154,1780554497323170560,1780554498323170560,HTTP Duration (excl. conn),ms,p5,48043.50
154,1780554497323170560,1780554498323170560,HTTP Duration (excl. conn),ms,p10,48043.50
154,1780554497323170560,1780554498323170560,HTTP Duration (excl. conn),ms,p25,48043.50
154,1780554497323170560,1780554498323170560,HTTP Duration (excl. conn),ms,p50,48043.50
154,1780554497323170560,1780554498323170560,HTTP Duration (excl. conn),ms,p75,48043.50
154,1780554497323170560,1780554498323170560,HTTP Duration (excl. conn),ms,p90,48043.50
154,1780554497323170560,1780554498323170560,HTTP Duration (excl. conn),ms,p95,48043.50
154,1780554497323170560,1780554498323170560,HTTP Duration (excl. conn),ms,p99,48043.50
154,1780554497323170560,1780554498323170560,HTTP Duration (excl. conn),ms,std,0.00
154,1780554497323170560,1780554498323170560,HTTP Receiving,ms,avg,47185.12
154,1780554497323170560,1780554498323170560,HTTP Receiving,ms,min,47185.12
154,1780554497323170560,1780554498323170560,HTTP Receiving,ms,max,47185.12
154,1780554497323170560,1780554498323170560,HTTP Receiving,ms,sum,47185.12
154,1780554497323170560,1780554498323170560,HTTP Receiving,ms,p1,47185.12
154,1780554497323170560,1780554498323170560,HTTP Receiving,ms,p5,47185.12
154,1780554497323170560,1780554498323170560,HTTP Receiving,ms,p10,47185.12
154,1780554497323170560,1780554498323170560,HTTP Receiving,ms,p25,47185.12
154,1780554497323170560,1780554498323170560,HTTP Receiving,ms,p50,47185.12
154,1780554497323170560,1780554498323170560,HTTP Receiving,ms,p75,47185.12
154,1780554497323170560,1780554498323170560,HTTP Receiving,ms,p90,47185.12
154,1780554497323170560,1780554498323170560,HTTP Receiving,ms,p95,47185.12
154,1780554497323170560,1780554498323170560,HTTP Receiving,ms,p99,47185.12
154,1780554497323170560,1780554498323170560,HTTP Receiving,ms,std,0.00
154,1780554497323170560,1780554498323170560,HTTP Sending,ms,avg,0.88
154,1780554497323170560,1780554498323170560,HTTP Sending,ms,min,0.88
154,1780554497323170560,1780554498323170560,HTTP Sending,ms,max,0.88
154,1780554497323170560,1780554498323170560,HTTP Sending,ms,sum,0.88
154,1780554497323170560,1780554498323170560,HTTP Sending,ms,p1,0.88
154,1780554497323170560,1780554498323170560,HTTP Sending,ms,p5,0.88
154,1780554497323170560,1780554498323170560,HTTP Sending,ms,p10,0.88
154,1780554497323170560,1780554498323170560,HTTP Sending,ms,p25,0.88
154,1780554497323170560,1780554498323170560,HTTP Sending,ms,p50,0.88
154,1780554497323170560,1780554498323170560,HTTP Sending,ms,p75,0.88
154,1780554497323170560,1780554498323170560,HTTP Sending,ms,p90,0.88
154,1780554497323170560,1780554498323170560,HTTP Sending,ms,p95,0.88
154,1780554497323170560,1780554498323170560,HTTP Sending,ms,p99,0.88
154,1780554497323170560,1780554498323170560,HTTP Sending,ms,std,0.00
154,1780554497323170560,1780554498323170560,HTTP Total Time,ms,avg,48044.13
154,1780554497323170560,1780554498323170560,HTTP Total Time,ms,min,48044.13
154,1780554497323170560,1780554498323170560,HTTP Total Time,ms,max,48044.13
154,1780554497323170560,1780554498323170560,HTTP Total Time,ms,sum,48044.13
154,1780554497323170560,1780554498323170560,HTTP Total Time,ms,p1,48044.13
154,1780554497323170560,1780554498323170560,HTTP Total Time,ms,p5,48044.13
154,1780554497323170560,1780554498323170560,HTTP Total Time,ms,p10,48044.13
154,1780554497323170560,1780554498323170560,HTTP Total Time,ms,p25,48044.13
154,1780554497323170560,1780554498323170560,HTTP Total Time,ms,p50,48044.13
154,1780554497323170560,1780554498323170560,HTTP Total Time,ms,p75,48044.13
154,1780554497323170560,1780554498323170560,HTTP Total Time,ms,p90,48044.13
154,1780554497323170560,1780554498323170560,HTTP Total Time,ms,p95,48044.13
154,1780554497323170560,1780554498323170560,HTTP Total Time,ms,p99,48044.13
154,1780554497323170560,1780554498323170560,HTTP Total Time,ms,std,0.00
154,1780554497323170560,1780554498323170560,HTTP Waiting (TTFB),ms,avg,857.50
154,1780554497323170560,1780554498323170560,HTTP Waiting (TTFB),ms,min,857.50
154,1780554497323170560,1780554498323170560,HTTP Waiting (TTFB),ms,max,857.50
154,1780554497323170560,1780554498323170560,HTTP Waiting (TTFB),ms,sum,857.50
154,1780554497323170560,1780554498323170560,HTTP Waiting (TTFB),ms,p1,857.50
154,1780554497323170560,1780554498323170560,HTTP Waiting (TTFB),ms,p5,857.50
154,1780554497323170560,1780554498323170560,HTTP Waiting (TTFB),ms,p10,857.50
154,1780554497323170560,1780554498323170560,HTTP Waiting (TTFB),ms,p25,857.50
154,1780554497323170560,1780554498323170560,HTTP Waiting (TTFB),ms,p50,857.50
154,1780554497323170560,1780554498323170560,HTTP Waiting (TTFB),ms,p75,857.50
154,1780554497323170560,1780554498323170560,HTTP Waiting (TTFB),ms,p90,857.50
154,1780554497323170560,1780554498323170560,HTTP Waiting (TTFB),ms,p95,857.50
154,1780554497323170560,1780554498323170560,HTTP Waiting (TTFB),ms,p99,857.50
154,1780554497323170560,1780554498323170560,HTTP Waiting (TTFB),ms,std,0.00
154,1780554497323170560,1780554498323170560,Input Sequence Length,tokens,avg,40760.00
154,1780554497323170560,1780554498323170560,Input Sequence Length,tokens,min,40760.00
154,1780554497323170560,1780554498323170560,Input Sequence Length,tokens,max,40760.00
154,1780554497323170560,1780554498323170560,Input Sequence Length,tokens,sum,40760.00
154,1780554497323170560,1780554498323170560,Input Sequence Length,tokens,p1,40760.00
154,1780554497323170560,1780554498323170560,Input Sequence Length,tokens,p5,40760.00
154,1780554497323170560,1780554498323170560,Input Sequence Length,tokens,p10,40760.00
154,1780554497323170560,1780554498323170560,Input Sequence Length,tokens,p25,40760.00
154,1780554497323170560,1780554498323170560,Input Sequence Length,tokens,p50,40760.00
154,1780554497323170560,1780554498323170560,Input Sequence Length,tokens,p75,40760.00
154,1780554497323170560,1780554498323170560,Input Sequence Length,tokens,p90,40760.00
154,1780554497323170560,1780554498323170560,Input Sequence Length,tokens,p95,40760.00
154,1780554497323170560,1780554498323170560,Input Sequence Length,tokens,p99,40760.00
154,1780554497323170560,1780554498323170560,Input Sequence Length,tokens,std,0.00
154,1780554497323170560,1780554498323170560,Input Token Throughput,tokens/sec,avg,40760.00
154,1780554497323170560,1780554498323170560,Inter Chunk Latency,ms,avg,132.92
154,1780554497323170560,1780554498323170560,Inter Chunk Latency,ms,min,132.62
154,1780554497323170560,1780554498323170560,Inter Chunk Latency,ms,max,133.26
154,1780554497323170560,1780554498323170560,Inter Chunk Latency,ms,sum,77757.85
154,1780554497323170560,1780554498323170560,Inter Chunk Latency,ms,p1,132.62
154,1780554497323170560,1780554498323170560,Inter Chunk Latency,ms,p5,132.64
154,1780554497323170560,1780554498323170560,Inter Chunk Latency,ms,p10,132.67
154,1780554497323170560,1780554498323170560,Inter Chunk Latency,ms,p25,132.77
154,1780554497323170560,1780554498323170560,Inter Chunk Latency,ms,p50,132.92
154,1780554497323170560,1780554498323170560,Inter Chunk Latency,ms,p75,133.06
154,1780554497323170560,1780554498323170560,Inter Chunk Latency,ms,p90,133.18
154,1780554497323170560,1780554498323170560,Inter Chunk Latency,ms,p95,133.22
154,1780554497323170560,1780554498323170560,Inter Chunk Latency,ms,p99,133.25
154,1780554497323170560,1780554498323170560,Inter Chunk Latency,ms,std,0.18
154,1780554497323170560,1780554498323170560,Inter Token Latency,ms,avg,80.66
154,1780554497323170560,1780554498323170560,Inter Token Latency,ms,min,80.66
154,1780554497323170560,1780554498323170560,Inter Token Latency,ms,max,80.66
154,1780554497323170560,1780554498323170560,Inter Token Latency,ms,sum,80.66
154,1780554497323170560,1780554498323170560,Inter Token Latency,ms,p1,80.66
154,1780554497323170560,1780554498323170560,Inter Token Latency,ms,p5,80.66
154,1780554497323170560,1780554498323170560,Inter Token Latency,ms,p10,80.66
154,1780554497323170560,1780554498323170560,Inter Token Latency,ms,p25,80.66
154,1780554497323170560,1780554498323170560,Inter Token Latency,ms,p50,80.66
154,1780554497323170560,1780554498323170560,Inter Token Latency,ms,p75,80.66
154,1780554497323170560,1780554498323170560,Inter Token Latency,ms,p90,80.66
154,1780554497323170560,1780554498323170560,Inter Token Latency,ms,p95,80.66
154,1780554497323170560,1780554498323170560,Inter Token Latency,ms,p99,80.66
154,1780554497323170560,1780554498323170560,Inter Token Latency,ms,std,0.00
154,1780554497323170560,1780554498323170560,Maximum Response Timestamp,ns,avg,1780554545870689024.00
154,1780554497323170560,1780554498323170560,Minimum Request Timestamp,ns,avg,1780554497827073024.00
154,1780554497323170560,1780554498323170560,OSL Mismatch Count,requests,avg,0.00
154,1780554497323170560,1780554498323170560,OSL Mismatch Diff %,%,avg,0.00
154,1780554497323170560,1780554498323170560,OSL Mismatch Diff %,%,min,0.00
154,1780554497323170560,1780554498323170560,OSL Mismatch Diff %,%,max,0.00
154,1780554497323170560,1780554498323170560,OSL Mismatch Diff %,%,sum,0.00
154,1780554497323170560,1780554498323170560,OSL Mismatch Diff %,%,p1,0.00
154,1780554497323170560,1780554498323170560,OSL Mismatch Diff %,%,p5,0.00
154,1780554497323170560,1780554498323170560,OSL Mismatch Diff %,%,p10,0.00
154,1780554497323170560,1780554498323170560,OSL Mismatch Diff %,%,p25,0.00
154,1780554497323170560,1780554498323170560,OSL Mismatch Diff %,%,p50,0.00
154,1780554497323170560,1780554498323170560,OSL Mismatch Diff %,%,p75,0.00
154,1780554497323170560,1780554498323170560,OSL Mismatch Diff %,%,p90,0.00
154,1780554497323170560,1780554498323170560,OSL Mismatch Diff %,%,p95,0.00
154,1780554497323170560,1780554498323170560,OSL Mismatch Diff %,%,p99,0.00
154,1780554497323170560,1780554498323170560,OSL Mismatch Diff %,%,std,0.00
154,1780554497323170560,1780554498323170560,Output Sequence Length,tokens,avg,586.00
154,1780554497323170560,1780554498323170560,Output Sequence Length,tokens,min,586.00
154,1780554497323170560,1780554498323170560,Output Sequence Length,tokens,max,586.00
154,1780554497323170560,1780554498323170560,Output Sequence Length,tokens,sum,586.00
154,1780554497323170560,1780554498323170560,Output Sequence Length,tokens,p1,586.00
154,1780554497323170560,1780554498323170560,Output Sequence Length,tokens,p5,586.00
154,1780554497323170560,1780554498323170560,Output Sequence Length,tokens,p10,586.00
154,1780554497323170560,1780554498323170560,Output Sequence Length,tokens,p25,586.00
154,1780554497323170560,1780554498323170560,Output Sequence Length,tokens,p50,586.00
154,1780554497323170560,1780554498323170560,Output Sequence Length,tokens,p75,586.00
154,1780554497323170560,1780554498323170560,Output Sequence Length,tokens,p90,586.00
154,1780554497323170560,1780554498323170560,Output Sequence Length,tokens,p95,586.00
154,1780554497323170560,1780554498323170560,Output Sequence Length,tokens,p99,586.00
154,1780554497323170560,1780554498323170560,Output Sequence Length,tokens,std,0.00
154,1780554497323170560,1780554498323170560,Output Token Count,tokens,avg,586.00
154,1780554497323170560,1780554498323170560,Output Token Count,tokens,min,586.00
154,1780554497323170560,1780554498323170560,Output Token Count,tokens,max,586.00
154,1780554497323170560,1780554498323170560,Output Token Count,tokens,sum,586.00
154,1780554497323170560,1780554498323170560,Output Token Count,tokens,p1,586.00
154,1780554497323170560,1780554498323170560,Output Token Count,tokens,p5,586.00
154,1780554497323170560,1780554498323170560,Output Token Count,tokens,p10,586.00
154,1780554497323170560,1780554498323170560,Output Token Count,tokens,p25,586.00
154,1780554497323170560,1780554498323170560,Output Token Count,tokens,p50,586.00
154,1780554497323170560,1780554498323170560,Output Token Count,tokens,p75,586.00
154,1780554497323170560,1780554498323170560,Output Token Count,tokens,p90,586.00
154,1780554497323170560,1780554498323170560,Output Token Count,tokens,p95,586.00
154,1780554497323170560,1780554498323170560,Output Token Count,tokens,p99,586.00
154,1780554497323170560,1780554498323170560,Output Token Count,tokens,std,0.00
154,1780554497323170560,1780554498323170560,Output Token Throughput,tokens/sec,avg,586.00
154,1780554497323170560,1780554498323170560,Output Token Throughput Per User,tokens/sec/user,avg,12.40
154,1780554497323170560,1780554498323170560,Output Token Throughput Per User,tokens/sec/user,min,12.40
154,1780554497323170560,1780554498323170560,Output Token Throughput Per User,tokens/sec/user,max,12.40
154,1780554497323170560,1780554498323170560,Output Token Throughput Per User,tokens/sec/user,sum,12.40
154,1780554497323170560,1780554498323170560,Output Token Throughput Per User,tokens/sec/user,p1,12.40
154,1780554497323170560,1780554498323170560,Output Token Throughput Per User,tokens/sec/user,p5,12.40
154,1780554497323170560,1780554498323170560,Output Token Throughput Per User,tokens/sec/user,p10,12.40
154,1780554497323170560,1780554498323170560,Output Token Throughput Per User,tokens/sec/user,p25,12.40
154,1780554497323170560,1780554498323170560,Output Token Throughput Per User,tokens/sec/user,p50,12.40
154,1780554497323170560,1780554498323170560,Output Token Throughput Per User,tokens/sec/user,p75,12.40
154,1780554497323170560,1780554498323170560,Output Token Throughput Per User,tokens/sec/user,p90,12.40
154,1780554497323170560,1780554498323170560,Output Token Throughput Per User,tokens/sec/user,p95,12.40
154,1780554497323170560,1780554498323170560,Output Token Throughput Per User,tokens/sec/user,p99,12.40
154,1780554497323170560,1780554498323170560,Output Token Throughput Per User,tokens/sec/user,std,0.00
154,1780554497323170560,1780554498323170560,Prefill Throughput Per User,tokens/sec/user,avg,47478.56
154,1780554497323170560,1780554498323170560,Prefill Throughput Per User,tokens/sec/user,min,47478.56
154,1780554497323170560,1780554498323170560,Prefill Throughput Per User,tokens/sec/user,max,47478.56
154,1780554497323170560,1780554498323170560,Prefill Throughput Per User,tokens/sec/user,sum,47478.56
154,1780554497323170560,1780554498323170560,Prefill Throughput Per User,tokens/sec/user,p1,47478.56
154,1780554497323170560,1780554498323170560,Prefill Throughput Per User,tokens/sec/user,p5,47478.56
154,1780554497323170560,1780554498323170560,Prefill Throughput Per User,tokens/sec/user,p10,47478.56
154,1780554497323170560,1780554498323170560,Prefill Throughput Per User,tokens/sec/user,p25,47478.56
154,1780554497323170560,1780554498323170560,Prefill Throughput Per User,tokens/sec/user,p50,47478.56
154,1780554497323170560,1780554498323170560,Prefill Throughput Per User,tokens/sec/user,p75,47478.56
154,1780554497323170560,1780554498323170560,Prefill Throughput Per User,tokens/sec/user,p90,47478.56
154,1780554497323170560,1780554498323170560,Prefill Throughput Per User,tokens/sec/user,p95,47478.56
154,1780554497323170560,1780554498323170560,Prefill Throughput Per User,tokens/sec/user,p99,47478.56
154,1780554497323170560,1780554498323170560,Prefill Throughput Per User,tokens/sec/user,std,0.00
154,1780554497323170560,1780554498323170560,Request Count,requests,avg,1.00
154,1780554497323170560,1780554498323170560,Request Latency,ms,avg,48043.62
154,1780554497323170560,1780554498323170560,Request Latency,ms,min,48043.62
154,1780554497323170560,1780554498323170560,Request Latency,ms,max,48043.62
154,1780554497323170560,1780554498323170560,Request Latency,ms,sum,48043.62
154,1780554497323170560,1780554498323170560,Request Latency,ms,p1,48043.62
154,1780554497323170560,1780554498323170560,Request Latency,ms,p5,48043.62
154,1780554497323170560,1780554498323170560,Request Latency,ms,p10,48043.62
154,1780554497323170560,1780554498323170560,Request Latency,ms,p25,48043.62
154,1780554497323170560,1780554498323170560,Request Latency,ms,p50,48043.62
154,1780554497323170560,1780554498323170560,Request Latency,ms,p75,48043.62
154,1780554497323170560,1780554498323170560,Request Latency,ms,p90,48043.62
154,1780554497323170560,1780554498323170560,Request Latency,ms,p95,48043.62
154,1780554497323170560,1780554498323170560,Request Latency,ms,p99,48043.62
154,1780554497323170560,1780554498323170560,Request Latency,ms,std,0.00
154,1780554497323170560,1780554498323170560,Request Throughput,requests/sec,avg,1.00
154,1780554497323170560,1780554498323170560,Requested OSL,tokens,avg,586.00
154,1780554497323170560,1780554498323170560,Requested OSL,tokens,min,586.00
154,1780554497323170560,1780554498323170560,Requested OSL,tokens,max,586.00
154,1780554497323170560,1780554498323170560,Requested OSL,tokens,sum,586.00
154,1780554497323170560,1780554498323170560,Requested OSL,tokens,p1,586.00
154,1780554497323170560,1780554498323170560,Requested OSL,tokens,p5,586.00
154,1780554497323170560,1780554498323170560,Requested OSL,tokens,p10,586.00
154,1780554497323170560,1780554498323170560,Requested OSL,tokens,p25,586.00
154,1780554497323170560,1780554498323170560,Requested OSL,tokens,p50,586.00
154,1780554497323170560,1780554498323170560,Requested OSL,tokens,p75,586.00
154,1780554497323170560,1780554498323170560,Requested OSL,tokens,p90,586.00
154,1780554497323170560,1780554498323170560,Requested OSL,tokens,p95,586.00
154,1780554497323170560,1780554498323170560,Requested OSL,tokens,p99,586.00
154,1780554497323170560,1780554498323170560,Requested OSL,tokens,std,0.00
154,1780554497323170560,1780554498323170560,Time to First Output Token,ms,avg,858.49
154,1780554497323170560,1780554498323170560,Time to First Output Token,ms,min,858.49
154,1780554497323170560,1780554498323170560,Time to First Output Token,ms,max,858.49
154,1780554497323170560,1780554498323170560,Time to First Output Token,ms,sum,858.49
154,1780554497323170560,1780554498323170560,Time to First Output Token,ms,p1,858.49
154,1780554497323170560,1780554498323170560,Time to First Output Token,ms,p5,858.49
154,1780554497323170560,1780554498323170560,Time to First Output Token,ms,p10,858.49
154,1780554497323170560,1780554498323170560,Time to First Output Token,ms,p25,858.49
154,1780554497323170560,1780554498323170560,Time to First Output Token,ms,p50,858.49
154,1780554497323170560,1780554498323170560,Time to First Output Token,ms,p75,858.49
154,1780554497323170560,1780554498323170560,Time to First Output Token,ms,p90,858.49
154,1780554497323170560,1780554498323170560,Time to First Output Token,ms,p95,858.49
154,1780554497323170560,1780554498323170560,Time to First Output Token,ms,p99,858.49
154,1780554497323170560,1780554498323170560,Time to First Output Token,ms,std,0.00
154,1780554497323170560,1780554498323170560,Time to First Token,ms,avg,858.49
154,1780554497323170560,1780554498323170560,Time to First Token,ms,min,858.49
154,1780554497323170560,1780554498323170560,Time to First Token,ms,max,858.49
154,1780554497323170560,1780554498323170560,Time to First Token,ms,sum,858.49
154,1780554497323170560,1780554498323170560,Time to First Token,ms,p1,858.49
154,1780554497323170560,1780554498323170560,Time to First Token,ms,p5,858.49
154,1780554497323170560,1780554498323170560,Time to First Token,ms,p10,858.49
154,1780554497323170560,1780554498323170560,Time to First Token,ms,p25,858.49
154,1780554497323170560,1780554498323170560,Time to First Token,ms,p50,858.49
154,1780554497323170560,1780554498323170560,Time to First Token,ms,p75,858.49
154,1780554497323170560,1780554498323170560,Time to First Token,ms,p90,858.49
154,1780554497323170560,1780554498323170560,Time to First Token,ms,p95,858.49
154,1780554497323170560,1780554498323170560,Time to First Token,ms,p99,858.49
154,1780554497323170560,1780554498323170560,Time to First Token,ms,std,0.00
154,1780554497323170560,1780554498323170560,Time to Second Token,ms,avg,29.69
154,1780554497323170560,1780554498323170560,Time to Second Token,ms,min,29.69
154,1780554497323170560,1780554498323170560,Time to Second Token,ms,max,29.69
154,1780554497323170560,1780554498323170560,Time to Second Token,ms,sum,29.69
154,1780554497323170560,1780554498323170560,Time to Second Token,ms,p1,29.69
154,1780554497323170560,1780554498323170560,Time to Second Token,ms,p5,29.69
154,1780554497323170560,1780554498323170560,Time to Second Token,ms,p10,29.69
154,1780554497323170560,1780554498323170560,Time to Second Token,ms,p25,29.69
154,1780554497323170560,1780554498323170560,Time to Second Token,ms,p50,29.69
154,1780554497323170560,1780554498323170560,Time to Second Token,ms,p75,29.69
154,1780554497323170560,1780554498323170560,Time to Second Token,ms,p90,29.69
154,1780554497323170560,1780554498323170560,Time to Second Token,ms,p95,29.69
154,1780554497323170560,1780554498323170560,Time to Second Token,ms,p99,29.69
154,1780554497323170560,1780554498323170560,Time to Second Token,ms,std,0.00
154,1780554497323170560,1780554498323170560,Tokens In Flight,tokens,avg,734647.45
154,1780554497323170560,1780554498323170560,Tokens In Flight,tokens,min,714398.54
154,1780554497323170560,1780554498323170560,Tokens In Flight,tokens,max,755215.17
154,1780554497323170560,1780554498323170560,Tokens In Flight,tokens,p50,714426.17
154,1780554497323170560,1780554498323170560,Tokens In Flight,tokens,p90,755208.65
154,1780554497323170560,1780554498323170560,Tokens In Flight,tokens,p95,755212.68
154,1780554497323170560,1780554498323170560,Tokens In Flight,tokens,p99,755213.81
154,1780554497323170560,1780554498323170560,Tokens In Flight,tokens,std,20393.22
154,1780554497323170560,1780554498323170560,Total Input Sequence Length,tokens,avg,40760.00
154,1780554497323170560,1780554498323170560,Total Output Sequence Length,tokens,avg,586.00
154,1780554497323170560,1780554498323170560,Total Output Tokens,tokens,avg,586.00
154,1780554497323170560,1780554498323170560,Total Token Throughput,tokens/sec,avg,41346.00
154,1780554497323170560,1780554498323170560,Total Usage Completion Tokens,tokens,avg,586.00
154,1780554497323170560,1780554498323170560,Total Usage Prompt Tokens,tokens,avg,40760.00
154,1780554497323170560,1780554498323170560,Total Usage Total Tokens,tokens,avg,41346.00
154,1780554497323170560,1780554498323170560,Usage Completion Tokens,tokens,avg,586.00
154,1780554497323170560,1780554498323170560,Usage Completion Tokens,tokens,min,586.00
154,1780554497323170560,1780554498323170560,Usage Completion Tokens,tokens,max,586.00
154,1780554497323170560,1780554498323170560,Usage Completion Tokens,tokens,sum,586.00
154,1780554497323170560,1780554498323170560,Usage Completion Tokens,tokens,p1,586.00
154,1780554497323170560,1780554498323170560,Usage Completion Tokens,tokens,p5,586.00
154,1780554497323170560,1780554498323170560,Usage Completion Tokens,tokens,p10,586.00
154,1780554497323170560,1780554498323170560,Usage Completion Tokens,tokens,p25,586.00
154,1780554497323170560,1780554498323170560,Usage Completion Tokens,tokens,p50,586.00
154,1780554497323170560,1780554498323170560,Usage Completion Tokens,tokens,p75,586.00
154,1780554497323170560,1780554498323170560,Usage Completion Tokens,tokens,p90,586.00
154,1780554497323170560,1780554498323170560,Usage Completion Tokens,tokens,p95,586.00
154,1780554497323170560,1780554498323170560,Usage Completion Tokens,tokens,p99,586.00
154,1780554497323170560,1780554498323170560,Usage Completion Tokens,tokens,std,0.00
154,1780554497323170560,1780554498323170560,Usage Prompt Tokens,tokens,avg,40760.00
154,1780554497323170560,1780554498323170560,Usage Prompt Tokens,tokens,min,40760.00
154,1780554497323170560,1780554498323170560,Usage Prompt Tokens,tokens,max,40760.00
154,1780554497323170560,1780554498323170560,Usage Prompt Tokens,tokens,sum,40760.00
154,1780554497323170560,1780554498323170560,Usage Prompt Tokens,tokens,p1,40760.00
154,1780554497323170560,1780554498323170560,Usage Prompt Tokens,tokens,p5,40760.00
154,1780554497323170560,1780554498323170560,Usage Prompt Tokens,tokens,p10,40760.00
154,1780554497323170560,1780554498323170560,Usage Prompt Tokens,tokens,p25,40760.00
154,1780554497323170560,1780554498323170560,Usage Prompt Tokens,tokens,p50,40760.00
154,1780554497323170560,1780554498323170560,Usage Prompt Tokens,tokens,p75,40760.00
154,1780554497323170560,1780554498323170560,Usage Prompt Tokens,tokens,p90,40760.00
154,1780554497323170560,1780554498323170560,Usage Prompt Tokens,tokens,p95,40760.00
154,1780554497323170560,1780554498323170560,Usage Prompt Tokens,tokens,p99,40760.00
154,1780554497323170560,1780554498323170560,Usage Prompt Tokens,tokens,std,0.00
154,1780554497323170560,1780554498323170560,Usage Total Tokens,tokens,avg,41346.00
154,1780554497323170560,1780554498323170560,Usage Total Tokens,tokens,min,41346.00
154,1780554497323170560,1780554498323170560,Usage Total Tokens,tokens,max,41346.00
154,1780554497323170560,1780554498323170560,Usage Total Tokens,tokens,sum,41346.00
154,1780554497323170560,1780554498323170560,Usage Total Tokens,tokens,p1,41346.00
154,1780554497323170560,1780554498323170560,Usage Total Tokens,tokens,p5,41346.00
154,1780554497323170560,1780554498323170560,Usage Total Tokens,tokens,p10,41346.00
154,1780554497323170560,1780554498323170560,Usage Total Tokens,tokens,p25,41346.00
154,1780554497323170560,1780554498323170560,Usage Total Tokens,tokens,p50,41346.00
154,1780554497323170560,1780554498323170560,Usage Total Tokens,tokens,p75,41346.00
154,1780554497323170560,1780554498323170560,Usage Total Tokens,tokens,p90,41346.00
154,1780554497323170560,1780554498323170560,Usage Total Tokens,tokens,p95,41346.00
154,1780554497323170560,1780554498323170560,Usage Total Tokens,tokens,p99,41346.00
154,1780554497323170560,1780554498323170560,Usage Total Tokens,tokens,std,0.00
155,1780554498323170560,1780554499323170560,Active Decode Throughput,tokens/sec,avg,61.43
155,1780554498323170560,1780554499323170560,Active Decode Throughput,tokens/sec,min,48.27
155,1780554498323170560,1780554499323170560,Active Decode Throughput,tokens/sec,max,72.38
155,1780554498323170560,1780554499323170560,Active Decode Throughput,tokens/sec,p50,64.09
155,1780554498323170560,1780554499323170560,Active Decode Throughput,tokens/sec,p90,64.10
155,1780554498323170560,1780554499323170560,Active Decode Throughput,tokens/sec,p95,64.10
155,1780554498323170560,1780554499323170560,Active Decode Throughput,tokens/sec,p99,64.10
155,1780554498323170560,1780554499323170560,Active Decode Throughput,tokens/sec,std,3.74
155,1780554498323170560,1780554499323170560,Active Decode Throughput Per User,tokens/sec/user,avg,6.37
155,1780554498323170560,1780554499323170560,Active Decode Throughput Per User,tokens/sec/user,min,5.36
155,1780554498323170560,1780554499323170560,Active Decode Throughput Per User,tokens/sec/user,max,7.24
155,1780554498323170560,1780554499323170560,Active Decode Throughput Per User,tokens/sec/user,p50,6.41
155,1780554498323170560,1780554499323170560,Active Decode Throughput Per User,tokens/sec/user,p90,6.41
155,1780554498323170560,1780554499323170560,Active Decode Throughput Per User,tokens/sec/user,p95,6.41
155,1780554498323170560,1780554499323170560,Active Decode Throughput Per User,tokens/sec/user,p99,6.41
155,1780554498323170560,1780554499323170560,Active Decode Throughput Per User,tokens/sec/user,std,0.06
155,1780554498323170560,1780554499323170560,Active Prefill Throughput,tokens/sec,avg,80329.22
155,1780554498323170560,1780554499323170560,Active Prefill Throughput,tokens/sec,min,47478.56
155,1780554498323170560,1780554499323170560,Active Prefill Throughput,tokens/sec,max,214297.78
155,1780554498323170560,1780554499323170560,Active Prefill Throughput,tokens/sec,p50,95133.02
155,1780554498323170560,1780554499323170560,Active Prefill Throughput,tokens/sec,p90,95133.02
155,1780554498323170560,1780554499323170560,Active Prefill Throughput,tokens/sec,p95,95133.02
155,1780554498323170560,1780554499323170560,Active Prefill Throughput,tokens/sec,p99,214297.78
155,1780554498323170560,1780554499323170560,Active Prefill Throughput,tokens/sec,std,32369.95
155,1780554498323170560,1780554499323170560,Active Prefill Throughput Per User,tokens/sec/user,avg,77379.71
155,1780554498323170560,1780554499323170560,Active Prefill Throughput Per User,tokens/sec/user,min,47478.56
155,1780554498323170560,1780554499323170560,Active Prefill Throughput Per User,tokens/sec/user,max,119164.76
155,1780554498323170560,1780554499323170560,Active Prefill Throughput Per User,tokens/sec/user,p50,95133.02
155,1780554498323170560,1780554499323170560,Active Prefill Throughput Per User,tokens/sec/user,p90,95133.02
155,1780554498323170560,1780554499323170560,Active Prefill Throughput Per User,tokens/sec/user,p95,95133.02
155,1780554498323170560,1780554499323170560,Active Prefill Throughput Per User,tokens/sec/user,p99,107148.89
155,1780554498323170560,1780554499323170560,Active Prefill Throughput Per User,tokens/sec/user,std,23766.93
155,1780554498323170560,1780554499323170560,Active Total Throughput,tokens/sec,avg,75981.59
155,1780554498323170560,1780554499323170560,Active Total Throughput,tokens/sec,min,110.15
155,1780554498323170560,1780554499323170560,Active Total Throughput,tokens/sec,max,214407.93
155,1780554498323170560,1780554499323170560,Active Total Throughput,tokens/sec,p50,95243.17
155,1780554498323170560,1780554499323170560,Active Total Throughput,tokens/sec,p90,95243.17
155,1780554498323170560,1780554499323170560,Active Total Throughput,tokens/sec,p95,95243.17
155,1780554498323170560,1780554499323170560,Active Total Throughput,tokens/sec,p99,214407.93
155,1780554498323170560,1780554499323170560,Active Total Throughput,tokens/sec,std,36440.28
155,1780554498323170560,1780554499323170560,Benchmark Duration,sec,avg,151.89
155,1780554498323170560,1780554499323170560,E2E Output Token Throughput,tokens/sec/user,avg,12.08
155,1780554498323170560,1780554499323170560,E2E Output Token Throughput,tokens/sec/user,min,10.11
155,1780554498323170560,1780554499323170560,E2E Output Token Throughput,tokens/sec/user,max,14.06
155,1780554498323170560,1780554499323170560,E2E Output Token Throughput,tokens/sec/user,sum,24.17
155,1780554498323170560,1780554499323170560,E2E Output Token Throughput,tokens/sec/user,p1,10.15
155,1780554498323170560,1780554499323170560,E2E Output Token Throughput,tokens/sec/user,p5,10.31
155,1780554498323170560,1780554499323170560,E2E Output Token Throughput,tokens/sec/user,p10,10.50
155,1780554498323170560,1780554499323170560,E2E Output Token Throughput,tokens/sec/user,p25,11.10
155,1780554498323170560,1780554499323170560,E2E Output Token Throughput,tokens/sec/user,p50,12.08
155,1780554498323170560,1780554499323170560,E2E Output Token Throughput,tokens/sec/user,p75,13.07
155,1780554498323170560,1780554499323170560,E2E Output Token Throughput,tokens/sec/user,p90,13.66
155,1780554498323170560,1780554499323170560,E2E Output Token Throughput,tokens/sec/user,p95,13.86
155,1780554498323170560,1780554499323170560,E2E Output Token Throughput,tokens/sec/user,p99,14.02
155,1780554498323170560,1780554499323170560,E2E Output Token Throughput,tokens/sec/user,std,1.97
155,1780554498323170560,1780554499323170560,Effective Concurrency,requests,avg,10.62
155,1780554498323170560,1780554499323170560,Effective Concurrency,requests,min,10.00
155,1780554498323170560,1780554499323170560,Effective Concurrency,requests,max,12.00
155,1780554498323170560,1780554499323170560,Effective Concurrency,requests,p50,11.00
155,1780554498323170560,1780554499323170560,Effective Concurrency,requests,p90,11.00
155,1780554498323170560,1780554499323170560,Effective Concurrency,requests,p95,11.00
155,1780554498323170560,1780554499323170560,Effective Concurrency,requests,p99,12.00
155,1780554498323170560,1780554499323170560,Effective Concurrency,requests,std,0.55
155,1780554498323170560,1780554499323170560,Effective Decode Concurrency,requests,avg,9.65
155,1780554498323170560,1780554499323170560,Effective Decode Concurrency,requests,min,9.00
155,1780554498323170560,1780554499323170560,Effective Decode Concurrency,requests,max,11.00
155,1780554498323170560,1780554499323170560,Effective Decode Concurrency,requests,p50,10.00
155,1780554498323170560,1780554499323170560,Effective Decode Concurrency,requests,p90,10.00
155,1780554498323170560,1780554499323170560,Effective Decode Concurrency,requests,p95,10.00
155,1780554498323170560,1780554499323170560,Effective Decode Concurrency,requests,p99,10.00
155,1780554498323170560,1780554499323170560,Effective Decode Concurrency,requests,std,0.49
155,1780554498323170560,1780554499323170560,Effective Decode Throughput,tokens/sec,avg,61.43
155,1780554498323170560,1780554499323170560,Effective Decode Throughput,tokens/sec,min,48.27
155,1780554498323170560,1780554499323170560,Effective Decode Throughput,tokens/sec,max,72.38
155,1780554498323170560,1780554499323170560,Effective Decode Throughput,tokens/sec,p50,64.09
155,1780554498323170560,1780554499323170560,Effective Decode Throughput,tokens/sec,p90,64.10
155,1780554498323170560,1780554499323170560,Effective Decode Throughput,tokens/sec,p95,64.10
155,1780554498323170560,1780554499323170560,Effective Decode Throughput,tokens/sec,p99,64.10
155,1780554498323170560,1780554499323170560,Effective Decode Throughput,tokens/sec,std,3.74
155,1780554498323170560,1780554499323170560,Effective Decode Throughput Per User,tokens/sec/user,avg,6.37
155,1780554498323170560,1780554499323170560,Effective Decode Throughput Per User,tokens/sec/user,min,5.36
155,1780554498323170560,1780554499323170560,Effective Decode Throughput Per User,tokens/sec/user,max,7.24
155,1780554498323170560,1780554499323170560,Effective Decode Throughput Per User,tokens/sec/user,p50,6.41
155,1780554498323170560,1780554499323170560,Effective Decode Throughput Per User,tokens/sec/user,p90,6.41
155,1780554498323170560,1780554499323170560,Effective Decode Throughput Per User,tokens/sec/user,p95,6.41
155,1780554498323170560,1780554499323170560,Effective Decode Throughput Per User,tokens/sec/user,p99,6.41
155,1780554498323170560,1780554499323170560,Effective Decode Throughput Per User,tokens/sec/user,std,0.06
155,1780554498323170560,1780554499323170560,Effective Prefill Concurrency,requests,avg,0.97
155,1780554498323170560,1780554499323170560,Effective Prefill Concurrency,requests,min,0.00
155,1780554498323170560,1780554499323170560,Effective Prefill Concurrency,requests,max,2.00
155,1780554498323170560,1780554499323170560,Effective Prefill Concurrency,requests,p50,1.00
155,1780554498323170560,1780554499323170560,Effective Prefill Concurrency,requests,p90,1.00
155,1780554498323170560,1780554499323170560,Effective Prefill Concurrency,requests,p95,1.00
155,1780554498323170560,1780554499323170560,Effective Prefill Concurrency,requests,p99,2.00
155,1780554498323170560,1780554499323170560,Effective Prefill Concurrency,requests,std,0.28
155,1780554498323170560,1780554499323170560,Effective Prefill Throughput,tokens/sec,avg,75875.82
155,1780554498323170560,1780554499323170560,Effective Prefill Throughput,tokens/sec,min,0.00
155,1780554498323170560,1780554499323170560,Effective Prefill Throughput,tokens/sec,max,214297.78
155,1780554498323170560,1780554499323170560,Effective Prefill Throughput,tokens/sec,p50,95133.02
155,1780554498323170560,1780554499323170560,Effective Prefill Throughput,tokens/sec,p90,95133.02
155,1780554498323170560,1780554499323170560,Effective Prefill Throughput,tokens/sec,p95,95133.02
155,1780554498323170560,1780554499323170560,Effective Prefill Throughput,tokens/sec,p99,214297.78
155,1780554498323170560,1780554499323170560,Effective Prefill Throughput,tokens/sec,std,36436.64
155,1780554498323170560,1780554499323170560,Effective Prefill Throughput Per User,tokens/sec/user,avg,73089.82
155,1780554498323170560,1780554499323170560,Effective Prefill Throughput Per User,tokens/sec/user,min,0.00
155,1780554498323170560,1780554499323170560,Effective Prefill Throughput Per User,tokens/sec/user,max,119164.76
155,1780554498323170560,1780554499323170560,Effective Prefill Throughput Per User,tokens/sec/user,p50,95133.02
155,1780554498323170560,1780554499323170560,Effective Prefill Throughput Per User,tokens/sec/user,p90,95133.02
155,1780554498323170560,1780554499323170560,Effective Prefill Throughput Per User,tokens/sec/user,p95,95133.02
155,1780554498323170560,1780554499323170560,Effective Prefill Throughput Per User,tokens/sec/user,p99,107148.89
155,1780554498323170560,1780554499323170560,Effective Prefill Throughput Per User,tokens/sec/user,std,29104.95
155,1780554498323170560,1780554499323170560,Effective Total Throughput,tokens/sec,avg,75981.59
155,1780554498323170560,1780554499323170560,Effective Total Throughput,tokens/sec,min,110.15
155,1780554498323170560,1780554499323170560,Effective Total Throughput,tokens/sec,max,214407.93
155,1780554498323170560,1780554499323170560,Effective Total Throughput,tokens/sec,p50,95243.17
155,1780554498323170560,1780554499323170560,Effective Total Throughput,tokens/sec,p90,95243.17
155,1780554498323170560,1780554499323170560,Effective Total Throughput,tokens/sec,p95,95243.17
155,1780554498323170560,1780554499323170560,Effective Total Throughput,tokens/sec,p99,214407.93
155,1780554498323170560,1780554499323170560,Effective Total Throughput,tokens/sec,std,36440.28
155,1780554498323170560,1780554499323170560,HTTP Blocked,ms,avg,0.00
155,1780554498323170560,1780554499323170560,HTTP Blocked,ms,min,0.00
155,1780554498323170560,1780554499323170560,HTTP Blocked,ms,max,0.00
155,1780554498323170560,1780554499323170560,HTTP Blocked,ms,sum,0.00
155,1780554498323170560,1780554499323170560,HTTP Blocked,ms,p1,0.00
155,1780554498323170560,1780554499323170560,HTTP Blocked,ms,p5,0.00
155,1780554498323170560,1780554499323170560,HTTP Blocked,ms,p10,0.00
155,1780554498323170560,1780554499323170560,HTTP Blocked,ms,p25,0.00
155,1780554498323170560,1780554499323170560,HTTP Blocked,ms,p50,0.00
155,1780554498323170560,1780554499323170560,HTTP Blocked,ms,p75,0.00
155,1780554498323170560,1780554499323170560,HTTP Blocked,ms,p90,0.00
155,1780554498323170560,1780554499323170560,HTTP Blocked,ms,p95,0.00
155,1780554498323170560,1780554499323170560,HTTP Blocked,ms,p99,0.00
155,1780554498323170560,1780554499323170560,HTTP Blocked,ms,std,0.00
155,1780554498323170560,1780554499323170560,HTTP Chunks Received,count,avg,888.50
155,1780554498323170560,1780554499323170560,HTTP Chunks Received,count,min,247.00
155,1780554498323170560,1780554499323170560,HTTP Chunks Received,count,max,1530.00
155,1780554498323170560,1780554499323170560,HTTP Chunks Received,count,sum,1777.00
155,1780554498323170560,1780554499323170560,HTTP Chunks Received,count,p1,259.83
155,1780554498323170560,1780554499323170560,HTTP Chunks Received,count,p5,311.15
155,1780554498323170560,1780554499323170560,HTTP Chunks Received,count,p10,375.30
155,1780554498323170560,1780554499323170560,HTTP Chunks Received,count,p25,567.75
155,1780554498323170560,1780554499323170560,HTTP Chunks Received,count,p50,888.50
155,1780554498323170560,1780554499323170560,HTTP Chunks Received,count,p75,1209.25
155,1780554498323170560,1780554499323170560,HTTP Chunks Received,count,p90,1401.70
155,1780554498323170560,1780554499323170560,HTTP Chunks Received,count,p95,1465.85
155,1780554498323170560,1780554499323170560,HTTP Chunks Received,count,p99,1517.17
155,1780554498323170560,1780554499323170560,HTTP Chunks Received,count,std,641.50
155,1780554498323170560,1780554499323170560,HTTP Chunks Sent,count,avg,1.00
155,1780554498323170560,1780554499323170560,HTTP Chunks Sent,count,min,1.00
155,1780554498323170560,1780554499323170560,HTTP Chunks Sent,count,max,1.00
155,1780554498323170560,1780554499323170560,HTTP Chunks Sent,count,sum,2.00
155,1780554498323170560,1780554499323170560,HTTP Chunks Sent,count,p1,1.00
155,1780554498323170560,1780554499323170560,HTTP Chunks Sent,count,p5,1.00
155,1780554498323170560,1780554499323170560,HTTP Chunks Sent,count,p10,1.00
155,1780554498323170560,1780554499323170560,HTTP Chunks Sent,count,p25,1.00
155,1780554498323170560,1780554499323170560,HTTP Chunks Sent,count,p50,1.00
155,1780554498323170560,1780554499323170560,HTTP Chunks Sent,count,p75,1.00
155,1780554498323170560,1780554499323170560,HTTP Chunks Sent,count,p90,1.00
155,1780554498323170560,1780554499323170560,HTTP Chunks Sent,count,p95,1.00
155,1780554498323170560,1780554499323170560,HTTP Chunks Sent,count,p99,1.00
155,1780554498323170560,1780554499323170560,HTTP Chunks Sent,count,std,0.00
155,1780554498323170560,1780554499323170560,HTTP Connecting,ms,avg,0.87
155,1780554498323170560,1780554499323170560,HTTP Connecting,ms,min,0.67
155,1780554498323170560,1780554499323170560,HTTP Connecting,ms,max,1.07
155,1780554498323170560,1780554499323170560,HTTP Connecting,ms,sum,1.74
155,1780554498323170560,1780554499323170560,HTTP Connecting,ms,p1,0.67
155,1780554498323170560,1780554499323170560,HTTP Connecting,ms,p5,0.69
155,1780554498323170560,1780554499323170560,HTTP Connecting,ms,p10,0.71
155,1780554498323170560,1780554499323170560,HTTP Connecting,ms,p25,0.77
155,1780554498323170560,1780554499323170560,HTTP Connecting,ms,p50,0.87
155,1780554498323170560,1780554499323170560,HTTP Connecting,ms,p75,0.97
155,1780554498323170560,1780554499323170560,HTTP Connecting,ms,p90,1.03
155,1780554498323170560,1780554499323170560,HTTP Connecting,ms,p95,1.05
155,1780554498323170560,1780554499323170560,HTTP Connecting,ms,p99,1.07
155,1780554498323170560,1780554499323170560,HTTP Connecting,ms,std,0.20
155,1780554498323170560,1780554499323170560,HTTP Connection Overhead,ms,avg,1.11
155,1780554498323170560,1780554499323170560,HTTP Connection Overhead,ms,min,0.67
155,1780554498323170560,1780554499323170560,HTTP Connection Overhead,ms,max,1.56
155,1780554498323170560,1780554499323170560,HTTP Connection Overhead,ms,sum,2.23
155,1780554498323170560,1780554499323170560,HTTP Connection Overhead,ms,p1,0.68
155,1780554498323170560,1780554499323170560,HTTP Connection Overhead,ms,p5,0.71
155,1780554498323170560,1780554499323170560,HTTP Connection Overhead,ms,p10,0.76
155,1780554498323170560,1780554499323170560,HTTP Connection Overhead,ms,p25,0.89
155,1780554498323170560,1780554499323170560,HTTP Connection Overhead,ms,p50,1.11
155,1780554498323170560,1780554499323170560,HTTP Connection Overhead,ms,p75,1.34
155,1780554498323170560,1780554499323170560,HTTP Connection Overhead,ms,p90,1.47
155,1780554498323170560,1780554499323170560,HTTP Connection Overhead,ms,p95,1.51
155,1780554498323170560,1780554499323170560,HTTP Connection Overhead,ms,p99,1.55
155,1780554498323170560,1780554499323170560,HTTP Connection Overhead,ms,std,0.44
155,1780554498323170560,1780554499323170560,HTTP Connection Reused,ratio,avg,0.00
155,1780554498323170560,1780554499323170560,HTTP Connection Reused,ratio,min,0.00
155,1780554498323170560,1780554499323170560,HTTP Connection Reused,ratio,max,0.00
155,1780554498323170560,1780554499323170560,HTTP Connection Reused,ratio,sum,0.00
155,1780554498323170560,1780554499323170560,HTTP Connection Reused,ratio,p1,0.00
155,1780554498323170560,1780554499323170560,HTTP Connection Reused,ratio,p5,0.00
155,1780554498323170560,1780554499323170560,HTTP Connection Reused,ratio,p10,0.00
155,1780554498323170560,1780554499323170560,HTTP Connection Reused,ratio,p25,0.00
155,1780554498323170560,1780554499323170560,HTTP Connection Reused,ratio,p50,0.00
155,1780554498323170560,1780554499323170560,HTTP Connection Reused,ratio,p75,0.00
155,1780554498323170560,1780554499323170560,HTTP Connection Reused,ratio,p90,0.00
155,1780554498323170560,1780554499323170560,HTTP Connection Reused,ratio,p95,0.00
155,1780554498323170560,1780554499323170560,HTTP Connection Reused,ratio,p99,0.00
155,1780554498323170560,1780554499323170560,HTTP Connection Reused,ratio,std,0.00
155,1780554498323170560,1780554499323170560,HTTP Data Received,KB,avg,220.12
155,1780554498323170560,1780554499323170560,HTTP Data Received,KB,min,61.95
155,1780554498323170560,1780554499323170560,HTTP Data Received,KB,max,378.29
155,1780554498323170560,1780554499323170560,HTTP Data Received,KB,sum,440.24
155,1780554498323170560,1780554499323170560,HTTP Data Received,KB,p1,65.11
155,1780554498323170560,1780554499323170560,HTTP Data Received,KB,p5,77.76
155,1780554498323170560,1780554499323170560,HTTP Data Received,KB,p10,93.58
155,1780554498323170560,1780554499323170560,HTTP Data Received,KB,p25,141.03
155,1780554498323170560,1780554499323170560,HTTP Data Received,KB,p50,220.12
155,1780554498323170560,1780554499323170560,HTTP Data Received,KB,p75,299.21
155,1780554498323170560,1780554499323170560,HTTP Data Received,KB,p90,346.66
155,1780554498323170560,1780554499323170560,HTTP Data Received,KB,p95,362.48
155,1780554498323170560,1780554499323170560,HTTP Data Received,KB,p99,375.13
155,1780554498323170560,1780554499323170560,HTTP Data Received,KB,std,158.17
155,1780554498323170560,1780554499323170560,HTTP Data Sent,KB,avg,347.23
155,1780554498323170560,1780554499323170560,HTTP Data Sent,KB,min,211.60
155,1780554498323170560,1780554499323170560,HTTP Data Sent,KB,max,482.86
155,1780554498323170560,1780554499323170560,HTTP Data Sent,KB,sum,694.46
155,1780554498323170560,1780554499323170560,HTTP Data Sent,KB,p1,214.31
155,1780554498323170560,1780554499323170560,HTTP Data Sent,KB,p5,225.16
155,1780554498323170560,1780554499323170560,HTTP Data Sent,KB,p10,238.73
155,1780554498323170560,1780554499323170560,HTTP Data Sent,KB,p25,279.42
155,1780554498323170560,1780554499323170560,HTTP Data Sent,KB,p50,347.23
155,1780554498323170560,1780554499323170560,HTTP Data Sent,KB,p75,415.04
155,1780554498323170560,1780554499323170560,HTTP Data Sent,KB,p90,455.73
155,1780554498323170560,1780554499323170560,HTTP Data Sent,KB,p95,469.30
155,1780554498323170560,1780554499323170560,HTTP Data Sent,KB,p99,480.15
155,1780554498323170560,1780554499323170560,HTTP Data Sent,KB,std,135.63
155,1780554498323170560,1780554499323170560,HTTP DNS Lookup,ms,avg,0.24
155,1780554498323170560,1780554499323170560,HTTP DNS Lookup,ms,min,0.00
155,1780554498323170560,1780554499323170560,HTTP DNS Lookup,ms,max,0.48
155,1780554498323170560,1780554499323170560,HTTP DNS Lookup,ms,sum,0.48
155,1780554498323170560,1780554499323170560,HTTP DNS Lookup,ms,p1,0.00
155,1780554498323170560,1780554499323170560,HTTP DNS Lookup,ms,p5,0.02
155,1780554498323170560,1780554499323170560,HTTP DNS Lookup,ms,p10,0.05
155,1780554498323170560,1780554499323170560,HTTP DNS Lookup,ms,p25,0.12
155,1780554498323170560,1780554499323170560,HTTP DNS Lookup,ms,p50,0.24
155,1780554498323170560,1780554499323170560,HTTP DNS Lookup,ms,p75,0.36
155,1780554498323170560,1780554499323170560,HTTP DNS Lookup,ms,p90,0.44
155,1780554498323170560,1780554499323170560,HTTP DNS Lookup,ms,p95,0.46
155,1780554498323170560,1780554499323170560,HTTP DNS Lookup,ms,p99,0.48
155,1780554498323170560,1780554499323170560,HTTP DNS Lookup,ms,std,0.24
155,1780554498323170560,1780554499323170560,HTTP Duration (excl. conn),ms,avg,84490.53
155,1780554498323170560,1780554499323170560,HTTP Duration (excl. conn),ms,min,17569.31
155,1780554498323170560,1780554499323170560,HTTP Duration (excl. conn),ms,max,151411.76
155,1780554498323170560,1780554499323170560,HTTP Duration (excl. conn),ms,sum,168981.06
155,1780554498323170560,1780554499323170560,HTTP Duration (excl. conn),ms,p1,18907.73
155,1780554498323170560,1780554499323170560,HTTP Duration (excl. conn),ms,p5,24261.43
155,1780554498323170560,1780554499323170560,HTTP Duration (excl. conn),ms,p10,30953.55
155,1780554498323170560,1780554499323170560,HTTP Duration (excl. conn),ms,p25,51029.92
155,1780554498323170560,1780554499323170560,HTTP Duration (excl. conn),ms,p50,84490.53
155,1780554498323170560,1780554499323170560,HTTP Duration (excl. conn),ms,p75,117951.14
155,1780554498323170560,1780554499323170560,HTTP Duration (excl. conn),ms,p90,138027.51
155,1780554498323170560,1780554499323170560,HTTP Duration (excl. conn),ms,p95,144719.63
155,1780554498323170560,1780554499323170560,HTTP Duration (excl. conn),ms,p99,150073.33
155,1780554498323170560,1780554499323170560,HTTP Duration (excl. conn),ms,std,66921.22
155,1780554498323170560,1780554499323170560,HTTP Receiving,ms,avg,83684.43
155,1780554498323170560,1780554499323170560,HTTP Receiving,ms,min,16995.08
155,1780554498323170560,1780554499323170560,HTTP Receiving,ms,max,150373.77
155,1780554498323170560,1780554499323170560,HTTP Receiving,ms,sum,167368.86
155,1780554498323170560,1780554499323170560,HTTP Receiving,ms,p1,18328.87
155,1780554498323170560,1780554499323170560,HTTP Receiving,ms,p5,23664.02
155,1780554498323170560,1780554499323170560,HTTP Receiving,ms,p10,30332.95
155,1780554498323170560,1780554499323170560,HTTP Receiving,ms,p25,50339.76
155,1780554498323170560,1780554499323170560,HTTP Receiving,ms,p50,83684.43
155,1780554498323170560,1780554499323170560,HTTP Receiving,ms,p75,117029.10
155,1780554498323170560,1780554499323170560,HTTP Receiving,ms,p90,137035.91
155,1780554498323170560,1780554499323170560,HTTP Receiving,ms,p95,143704.84
155,1780554498323170560,1780554499323170560,HTTP Receiving,ms,p99,149039.99
155,1780554498323170560,1780554499323170560,HTTP Receiving,ms,std,66689.34
155,1780554498323170560,1780554499323170560,HTTP Sending,ms,avg,1.14
155,1780554498323170560,1780554499323170560,HTTP Sending,ms,min,0.95
155,1780554498323170560,1780554499323170560,HTTP Sending,ms,max,1.32
155,1780554498323170560,1780554499323170560,HTTP Sending,ms,sum,2.27
155,1780554498323170560,1780554499323170560,HTTP Sending,ms,p1,0.96
155,1780554498323170560,1780554499323170560,HTTP Sending,ms,p5,0.97
155,1780554498323170560,1780554499323170560,HTTP Sending,ms,p10,0.99
155,1780554498323170560,1780554499323170560,HTTP Sending,ms,p25,1.04
155,1780554498323170560,1780554499323170560,HTTP Sending,ms,p50,1.14
155,1780554498323170560,1780554499323170560,HTTP Sending,ms,p75,1.23
155,1780554498323170560,1780554499323170560,HTTP Sending,ms,p90,1.28
155,1780554498323170560,1780554499323170560,HTTP Sending,ms,p95,1.30
155,1780554498323170560,1780554499323170560,HTTP Sending,ms,p99,1.31
155,1780554498323170560,1780554499323170560,HTTP Sending,ms,std,0.18
155,1780554498323170560,1780554499323170560,HTTP Total Time,ms,avg,84491.65
155,1780554498323170560,1780554499323170560,HTTP Total Time,ms,min,17570.87
155,1780554498323170560,1780554499323170560,HTTP Total Time,ms,max,151412.43
155,1780554498323170560,1780554499323170560,HTTP Total Time,ms,sum,168983.29
155,1780554498323170560,1780554499323170560,HTTP Total Time,ms,p1,18909.28
155,1780554498323170560,1780554499323170560,HTTP Total Time,ms,p5,24262.94
155,1780554498323170560,1780554499323170560,HTTP Total Time,ms,p10,30955.02
155,1780554498323170560,1780554499323170560,HTTP Total Time,ms,p25,51031.26
155,1780554498323170560,1780554499323170560,HTTP Total Time,ms,p50,84491.65
155,1780554498323170560,1780554499323170560,HTTP Total Time,ms,p75,117952.04
155,1780554498323170560,1780554499323170560,HTTP Total Time,ms,p90,138028.27
155,1780554498323170560,1780554499323170560,HTTP Total Time,ms,p95,144720.35
155,1780554498323170560,1780554499323170560,HTTP Total Time,ms,p99,150074.01
155,1780554498323170560,1780554499323170560,HTTP Total Time,ms,std,66920.78
155,1780554498323170560,1780554499323170560,HTTP Waiting (TTFB),ms,avg,804.97
155,1780554498323170560,1780554499323170560,HTTP Waiting (TTFB),ms,min,572.91
155,1780554498323170560,1780554499323170560,HTTP Waiting (TTFB),ms,max,1037.03
155,1780554498323170560,1780554499323170560,HTTP Waiting (TTFB),ms,sum,1609.94
155,1780554498323170560,1780554499323170560,HTTP Waiting (TTFB),ms,p1,577.55
155,1780554498323170560,1780554499323170560,HTTP Waiting (TTFB),ms,p5,596.11
155,1780554498323170560,1780554499323170560,HTTP Waiting (TTFB),ms,p10,619.32
155,1780554498323170560,1780554499323170560,HTTP Waiting (TTFB),ms,p25,688.94
155,1780554498323170560,1780554499323170560,HTTP Waiting (TTFB),ms,p50,804.97
155,1780554498323170560,1780554499323170560,HTTP Waiting (TTFB),ms,p75,921.00
155,1780554498323170560,1780554499323170560,HTTP Waiting (TTFB),ms,p90,990.62
155,1780554498323170560,1780554499323170560,HTTP Waiting (TTFB),ms,p95,1013.82
155,1780554498323170560,1780554499323170560,HTTP Waiting (TTFB),ms,p99,1032.39
155,1780554498323170560,1780554499323170560,HTTP Waiting (TTFB),ms,std,232.06
155,1780554498323170560,1780554499323170560,Input Sequence Length,tokens,avg,89172.00
155,1780554498323170560,1780554499323170560,Input Sequence Length,tokens,min,54638.00
155,1780554498323170560,1780554499323170560,Input Sequence Length,tokens,max,123706.00
155,1780554498323170560,1780554499323170560,Input Sequence Length,tokens,sum,178344.00
155,1780554498323170560,1780554499323170560,Input Sequence Length,tokens,p1,55328.68
155,1780554498323170560,1780554499323170560,Input Sequence Length,tokens,p5,58091.40
155,1780554498323170560,1780554499323170560,Input Sequence Length,tokens,p10,61544.80
155,1780554498323170560,1780554499323170560,Input Sequence Length,tokens,p25,71905.00
155,1780554498323170560,1780554499323170560,Input Sequence Length,tokens,p50,89172.00
155,1780554498323170560,1780554499323170560,Input Sequence Length,tokens,p75,106439.00
155,1780554498323170560,1780554499323170560,Input Sequence Length,tokens,p90,116799.20
155,1780554498323170560,1780554499323170560,Input Sequence Length,tokens,p95,120252.60
155,1780554498323170560,1780554499323170560,Input Sequence Length,tokens,p99,123015.32
155,1780554498323170560,1780554499323170560,Input Sequence Length,tokens,std,34534.00
155,1780554498323170560,1780554499323170560,Input Token Throughput,tokens/sec,avg,178344.00
155,1780554498323170560,1780554499323170560,Inter Chunk Latency,ms,avg,277.56
155,1780554498323170560,1780554499323170560,Inter Chunk Latency,ms,min,125.96
155,1780554498323170560,1780554499323170560,Inter Chunk Latency,ms,max,364.11
155,1780554498323170560,1780554499323170560,Inter Chunk Latency,ms,sum,338344.38
155,1780554498323170560,1780554499323170560,Inter Chunk Latency,ms,p1,126.21
155,1780554498323170560,1780554499323170560,Inter Chunk Latency,ms,p5,126.83
155,1780554498323170560,1780554499323170560,Inter Chunk Latency,ms,p10,127.16
155,1780554498323170560,1780554499323170560,Inter Chunk Latency,ms,p25,292.71
155,1780554498323170560,1780554499323170560,Inter Chunk Latency,ms,p50,299.27
155,1780554498323170560,1780554499323170560,Inter Chunk Latency,ms,p75,320.54
155,1780554498323170560,1780554499323170560,Inter Chunk Latency,ms,p90,354.74
155,1780554498323170560,1780554499323170560,Inter Chunk Latency,ms,p95,361.23
155,1780554498323170560,1780554499323170560,Inter Chunk Latency,ms,p99,363.86
155,1780554498323170560,1780554499323170560,Inter Chunk Latency,ms,std,78.51
155,1780554498323170560,1780554499323170560,Inter Token Latency,ms,avg,83.69
155,1780554498323170560,1780554499323170560,Inter Token Latency,ms,min,69.09
155,1780554498323170560,1780554499323170560,Inter Token Latency,ms,max,98.30
155,1780554498323170560,1780554499323170560,Inter Token Latency,ms,sum,167.39
155,1780554498323170560,1780554499323170560,Inter Token Latency,ms,p1,69.38
155,1780554498323170560,1780554499323170560,Inter Token Latency,ms,p5,70.55
155,1780554498323170560,1780554499323170560,Inter Token Latency,ms,p10,72.01
155,1780554498323170560,1780554499323170560,Inter Token Latency,ms,p25,76.39
155,1780554498323170560,1780554499323170560,Inter Token Latency,ms,p50,83.69
155,1780554498323170560,1780554499323170560,Inter Token Latency,ms,p75,91.00
155,1780554498323170560,1780554499323170560,Inter Token Latency,ms,p90,95.38
155,1780554498323170560,1780554499323170560,Inter Token Latency,ms,p95,96.84
155,1780554498323170560,1780554499323170560,Inter Token Latency,ms,p99,98.01
155,1780554498323170560,1780554499323170560,Inter Token Latency,ms,std,14.61
155,1780554498323170560,1780554499323170560,Maximum Response Timestamp,ns,avg,1780554650630604544.00
155,1780554498323170560,1780554499323170560,Minimum Request Timestamp,ns,avg,1780554498741005056.00
155,1780554498323170560,1780554499323170560,OSL Mismatch Count,requests,avg,0.00
155,1780554498323170560,1780554499323170560,OSL Mismatch Diff %,%,avg,0.00
155,1780554498323170560,1780554499323170560,OSL Mismatch Diff %,%,min,0.00
155,1780554498323170560,1780554499323170560,OSL Mismatch Diff %,%,max,0.00
155,1780554498323170560,1780554499323170560,OSL Mismatch Diff %,%,sum,0.00
155,1780554498323170560,1780554499323170560,OSL Mismatch Diff %,%,p1,0.00
155,1780554498323170560,1780554499323170560,OSL Mismatch Diff %,%,p5,0.00
155,1780554498323170560,1780554499323170560,OSL Mismatch Diff %,%,p10,0.00
155,1780554498323170560,1780554499323170560,OSL Mismatch Diff %,%,p25,0.00
155,1780554498323170560,1780554499323170560,OSL Mismatch Diff %,%,p50,0.00
155,1780554498323170560,1780554499323170560,OSL Mismatch Diff %,%,p75,0.00
155,1780554498323170560,1780554499323170560,OSL Mismatch Diff %,%,p90,0.00
155,1780554498323170560,1780554499323170560,OSL Mismatch Diff %,%,p95,0.00
155,1780554498323170560,1780554499323170560,OSL Mismatch Diff %,%,p99,0.00
155,1780554498323170560,1780554499323170560,OSL Mismatch Diff %,%,std,0.00
155,1780554498323170560,1780554499323170560,Output Sequence Length,tokens,avg,888.50
155,1780554498323170560,1780554499323170560,Output Sequence Length,tokens,min,247.00
155,1780554498323170560,1780554499323170560,Output Sequence Length,tokens,max,1530.00
155,1780554498323170560,1780554499323170560,Output Sequence Length,tokens,sum,1777.00
155,1780554498323170560,1780554499323170560,Output Sequence Length,tokens,p1,259.83
155,1780554498323170560,1780554499323170560,Output Sequence Length,tokens,p5,311.15
155,1780554498323170560,1780554499323170560,Output Sequence Length,tokens,p10,375.30
155,1780554498323170560,1780554499323170560,Output Sequence Length,tokens,p25,567.75
155,1780554498323170560,1780554499323170560,Output Sequence Length,tokens,p50,888.50
155,1780554498323170560,1780554499323170560,Output Sequence Length,tokens,p75,1209.25
155,1780554498323170560,1780554499323170560,Output Sequence Length,tokens,p90,1401.70
155,1780554498323170560,1780554499323170560,Output Sequence Length,tokens,p95,1465.85
155,1780554498323170560,1780554499323170560,Output Sequence Length,tokens,p99,1517.17
155,1780554498323170560,1780554499323170560,Output Sequence Length,tokens,std,641.50
155,1780554498323170560,1780554499323170560,Output Token Count,tokens,avg,888.50
155,1780554498323170560,1780554499323170560,Output Token Count,tokens,min,247.00
155,1780554498323170560,1780554499323170560,Output Token Count,tokens,max,1530.00
155,1780554498323170560,1780554499323170560,Output Token Count,tokens,sum,1777.00
155,1780554498323170560,1780554499323170560,Output Token Count,tokens,p1,259.83
155,1780554498323170560,1780554499323170560,Output Token Count,tokens,p5,311.15
155,1780554498323170560,1780554499323170560,Output Token Count,tokens,p10,375.30
155,1780554498323170560,1780554499323170560,Output Token Count,tokens,p25,567.75
155,1780554498323170560,1780554499323170560,Output Token Count,tokens,p50,888.50
155,1780554498323170560,1780554499323170560,Output Token Count,tokens,p75,1209.25
155,1780554498323170560,1780554499323170560,Output Token Count,tokens,p90,1401.70
155,1780554498323170560,1780554499323170560,Output Token Count,tokens,p95,1465.85
155,1780554498323170560,1780554499323170560,Output Token Count,tokens,p99,1517.17
155,1780554498323170560,1780554499323170560,Output Token Count,tokens,std,641.50
155,1780554498323170560,1780554499323170560,Output Token Throughput,tokens/sec,avg,1777.00
155,1780554498323170560,1780554499323170560,Output Token Throughput Per User,tokens/sec/user,avg,12.32
155,1780554498323170560,1780554499323170560,Output Token Throughput Per User,tokens/sec/user,min,10.17
155,1780554498323170560,1780554499323170560,Output Token Throughput Per User,tokens/sec/user,max,14.47
155,1780554498323170560,1780554499323170560,Output Token Throughput Per User,tokens/sec/user,sum,24.65
155,1780554498323170560,1780554499323170560,Output Token Throughput Per User,tokens/sec/user,p1,10.22
155,1780554498323170560,1780554499323170560,Output Token Throughput Per User,tokens/sec/user,p5,10.39
155,1780554498323170560,1780554499323170560,Output Token Throughput Per User,tokens/sec/user,p10,10.60
155,1780554498323170560,1780554499323170560,Output Token Throughput Per User,tokens/sec/user,p25,11.25
155,1780554498323170560,1780554499323170560,Output Token Throughput Per User,tokens/sec/user,p50,12.32
155,1780554498323170560,1780554499323170560,Output Token Throughput Per User,tokens/sec/user,p75,13.40
155,1780554498323170560,1780554499323170560,Output Token Throughput Per User,tokens/sec/user,p90,14.04
155,1780554498323170560,1780554499323170560,Output Token Throughput Per User,tokens/sec/user,p95,14.26
155,1780554498323170560,1780554499323170560,Output Token Throughput Per User,tokens/sec/user,p99,14.43
155,1780554498323170560,1780554499323170560,Output Token Throughput Per User,tokens/sec/user,std,2.15
155,1780554498323170560,1780554499323170560,Prefill Throughput Per User,tokens/sec/user,avg,107148.89
155,1780554498323170560,1780554499323170560,Prefill Throughput Per User,tokens/sec/user,min,95133.03
155,1780554498323170560,1780554499323170560,Prefill Throughput Per User,tokens/sec/user,max,119164.75
155,1780554498323170560,1780554499323170560,Prefill Throughput Per User,tokens/sec/user,sum,214297.78
155,1780554498323170560,1780554499323170560,Prefill Throughput Per User,tokens/sec/user,p1,95373.35
155,1780554498323170560,1780554499323170560,Prefill Throughput Per User,tokens/sec/user,p5,96334.61
155,1780554498323170560,1780554499323170560,Prefill Throughput Per User,tokens/sec/user,p10,97536.20
155,1780554498323170560,1780554499323170560,Prefill Throughput Per User,tokens/sec/user,p25,101140.96
155,1780554498323170560,1780554499323170560,Prefill Throughput Per User,tokens/sec/user,p50,107148.89
155,1780554498323170560,1780554499323170560,Prefill Throughput Per User,tokens/sec/user,p75,113156.82
155,1780554498323170560,1780554499323170560,Prefill Throughput Per User,tokens/sec/user,p90,116761.58
155,1780554498323170560,1780554499323170560,Prefill Throughput Per User,tokens/sec/user,p95,117963.17
155,1780554498323170560,1780554499323170560,Prefill Throughput Per User,tokens/sec/user,p99,118924.44
155,1780554498323170560,1780554499323170560,Prefill Throughput Per User,tokens/sec/user,std,12015.86
155,1780554498323170560,1780554499323170560,Request Count,requests,avg,2.00
155,1780554498323170560,1780554499323170560,Request Latency,ms,avg,84455.34
155,1780554498323170560,1780554499323170560,Request Latency,ms,min,17569.42
155,1780554498323170560,1780554499323170560,Request Latency,ms,max,151341.27
155,1780554498323170560,1780554499323170560,Request Latency,ms,sum,168910.68
155,1780554498323170560,1780554499323170560,Request Latency,ms,p1,18907.13
155,1780554498323170560,1780554499323170560,Request Latency,ms,p5,24258.01
155,1780554498323170560,1780554499323170560,Request Latency,ms,p10,30946.60
155,1780554498323170560,1780554499323170560,Request Latency,ms,p25,51012.38
155,1780554498323170560,1780554499323170560,Request Latency,ms,p50,84455.34
155,1780554498323170560,1780554499323170560,Request Latency,ms,p75,117898.31
155,1780554498323170560,1780554499323170560,Request Latency,ms,p90,137964.08
155,1780554498323170560,1780554499323170560,Request Latency,ms,p95,144652.68
155,1780554498323170560,1780554499323170560,Request Latency,ms,p99,150003.55
155,1780554498323170560,1780554499323170560,Request Latency,ms,std,66885.93
155,1780554498323170560,1780554499323170560,Request Throughput,requests/sec,avg,2.00
155,1780554498323170560,1780554499323170560,Requested OSL,tokens,avg,888.50
155,1780554498323170560,1780554499323170560,Requested OSL,tokens,min,247.00
155,1780554498323170560,1780554499323170560,Requested OSL,tokens,max,1530.00
155,1780554498323170560,1780554499323170560,Requested OSL,tokens,sum,1777.00
155,1780554498323170560,1780554499323170560,Requested OSL,tokens,p1,259.83
155,1780554498323170560,1780554499323170560,Requested OSL,tokens,p5,311.15
155,1780554498323170560,1780554499323170560,Requested OSL,tokens,p10,375.30
155,1780554498323170560,1780554499323170560,Requested OSL,tokens,p25,567.75
155,1780554498323170560,1780554499323170560,Requested OSL,tokens,p50,888.50
155,1780554498323170560,1780554499323170560,Requested OSL,tokens,p75,1209.25
155,1780554498323170560,1780554499323170560,Requested OSL,tokens,p90,1401.70
155,1780554498323170560,1780554499323170560,Requested OSL,tokens,p95,1465.85
155,1780554498323170560,1780554499323170560,Requested OSL,tokens,p99,1517.17
155,1780554498323170560,1780554499323170560,Requested OSL,tokens,std,641.50
155,1780554498323170560,1780554499323170560,Time to First Output Token,ms,avg,806.22
155,1780554498323170560,1780554499323170560,Time to First Output Token,ms,min,574.33
155,1780554498323170560,1780554499323170560,Time to First Output Token,ms,max,1038.11
155,1780554498323170560,1780554499323170560,Time to First Output Token,ms,sum,1612.44
155,1780554498323170560,1780554499323170560,Time to First Output Token,ms,p1,578.97
155,1780554498323170560,1780554499323170560,Time to First Output Token,ms,p5,597.52
155,1780554498323170560,1780554499323170560,Time to First Output Token,ms,p10,620.71
155,1780554498323170560,1780554499323170560,Time to First Output Token,ms,p25,690.28
155,1780554498323170560,1780554499323170560,Time to First Output Token,ms,p50,806.22
155,1780554498323170560,1780554499323170560,Time to First Output Token,ms,p75,922.16
155,1780554498323170560,1780554499323170560,Time to First Output Token,ms,p90,991.73
155,1780554498323170560,1780554499323170560,Time to First Output Token,ms,p95,1014.92
155,1780554498323170560,1780554499323170560,Time to First Output Token,ms,p99,1033.47
155,1780554498323170560,1780554499323170560,Time to First Output Token,ms,std,231.89
155,1780554498323170560,1780554499323170560,Time to First Token,ms,avg,806.22
155,1780554498323170560,1780554499323170560,Time to First Token,ms,min,574.33
155,1780554498323170560,1780554499323170560,Time to First Token,ms,max,1038.11
155,1780554498323170560,1780554499323170560,Time to First Token,ms,sum,1612.44
155,1780554498323170560,1780554499323170560,Time to First Token,ms,p1,578.97
155,1780554498323170560,1780554499323170560,Time to First Token,ms,p5,597.52
155,1780554498323170560,1780554499323170560,Time to First Token,ms,p10,620.71
155,1780554498323170560,1780554499323170560,Time to First Token,ms,p25,690.28
155,1780554498323170560,1780554499323170560,Time to First Token,ms,p50,806.22
155,1780554498323170560,1780554499323170560,Time to First Token,ms,p75,922.16
155,1780554498323170560,1780554499323170560,Time to First Token,ms,p90,991.73
155,1780554498323170560,1780554499323170560,Time to First Token,ms,p95,1014.92
155,1780554498323170560,1780554499323170560,Time to First Token,ms,p99,1033.47
155,1780554498323170560,1780554499323170560,Time to First Token,ms,std,231.89
155,1780554498323170560,1780554499323170560,Time to Second Token,ms,avg,8.16
155,1780554498323170560,1780554499323170560,Time to Second Token,ms,min,1.44
155,1780554498323170560,1780554499323170560,Time to Second Token,ms,max,14.88
155,1780554498323170560,1780554499323170560,Time to Second Token,ms,sum,16.32
155,1780554498323170560,1780554499323170560,Time to Second Token,ms,p1,1.58
155,1780554498323170560,1780554499323170560,Time to Second Token,ms,p5,2.11
155,1780554498323170560,1780554499323170560,Time to Second Token,ms,p10,2.79
155,1780554498323170560,1780554499323170560,Time to Second Token,ms,p25,4.80
155,1780554498323170560,1780554499323170560,Time to Second Token,ms,p50,8.16
155,1780554498323170560,1780554499323170560,Time to Second Token,ms,p75,11.52
155,1780554498323170560,1780554499323170560,Time to Second Token,ms,p90,13.54
155,1780554498323170560,1780554499323170560,Time to Second Token,ms,p95,14.21
155,1780554498323170560,1780554499323170560,Time to Second Token,ms,p99,14.75
155,1780554498323170560,1780554499323170560,Time to Second Token,ms,std,6.72
155,1780554498323170560,1780554499323170560,Tokens In Flight,tokens,avg,791238.85
155,1780554498323170560,1780554499323170560,Tokens In Flight,tokens,min,755215.17
155,1780554498323170560,1780554499323170560,Tokens In Flight,tokens,max,933620.30
155,1780554498323170560,1780554499323170560,Tokens In Flight,tokens,p50,809883.67
155,1780554498323170560,1780554499323170560,Tokens In Flight,tokens,p90,809908.15
155,1780554498323170560,1780554499323170560,Tokens In Flight,tokens,p95,809911.29
155,1780554498323170560,1780554499323170560,Tokens In Flight,tokens,p99,933619.30
155,1780554498323170560,1780554499323170560,Tokens In Flight,tokens,std,37664.32
155,1780554498323170560,1780554499323170560,Total Input Sequence Length,tokens,avg,178344.00
155,1780554498323170560,1780554499323170560,Total Output Sequence Length,tokens,avg,1777.00
155,1780554498323170560,1780554499323170560,Total Output Tokens,tokens,avg,1777.00
155,1780554498323170560,1780554499323170560,Total Token Throughput,tokens/sec,avg,180121.00
155,1780554498323170560,1780554499323170560,Total Usage Completion Tokens,tokens,avg,1777.00
155,1780554498323170560,1780554499323170560,Total Usage Prompt Tokens,tokens,avg,178344.00
155,1780554498323170560,1780554499323170560,Total Usage Total Tokens,tokens,avg,180121.00
155,1780554498323170560,1780554499323170560,Usage Completion Tokens,tokens,avg,888.50
155,1780554498323170560,1780554499323170560,Usage Completion Tokens,tokens,min,247.00
155,1780554498323170560,1780554499323170560,Usage Completion Tokens,tokens,max,1530.00
155,1780554498323170560,1780554499323170560,Usage Completion Tokens,tokens,sum,1777.00
155,1780554498323170560,1780554499323170560,Usage Completion Tokens,tokens,p1,259.83
155,1780554498323170560,1780554499323170560,Usage Completion Tokens,tokens,p5,311.15
155,1780554498323170560,1780554499323170560,Usage Completion Tokens,tokens,p10,375.30
155,1780554498323170560,1780554499323170560,Usage Completion Tokens,tokens,p25,567.75
155,1780554498323170560,1780554499323170560,Usage Completion Tokens,tokens,p50,888.50
155,1780554498323170560,1780554499323170560,Usage Completion Tokens,tokens,p75,1209.25
155,1780554498323170560,1780554499323170560,Usage Completion Tokens,tokens,p90,1401.70
155,1780554498323170560,1780554499323170560,Usage Completion Tokens,tokens,p95,1465.85
155,1780554498323170560,1780554499323170560,Usage Completion Tokens,tokens,p99,1517.17
155,1780554498323170560,1780554499323170560,Usage Completion Tokens,tokens,std,641.50
155,1780554498323170560,1780554499323170560,Usage Prompt Tokens,tokens,avg,89172.00
155,1780554498323170560,1780554499323170560,Usage Prompt Tokens,tokens,min,54638.00
155,1780554498323170560,1780554499323170560,Usage Prompt Tokens,tokens,max,123706.00
155,1780554498323170560,1780554499323170560,Usage Prompt Tokens,tokens,sum,178344.00
155,1780554498323170560,1780554499323170560,Usage Prompt Tokens,tokens,p1,55328.68
155,1780554498323170560,1780554499323170560,Usage Prompt Tokens,tokens,p5,58091.40
155,1780554498323170560,1780554499323170560,Usage Prompt Tokens,tokens,p10,61544.80
155,1780554498323170560,1780554499323170560,Usage Prompt Tokens,tokens,p25,71905.00
155,1780554498323170560,1780554499323170560,Usage Prompt Tokens,tokens,p50,89172.00
155,1780554498323170560,1780554499323170560,Usage Prompt Tokens,tokens,p75,106439.00
155,1780554498323170560,1780554499323170560,Usage Prompt Tokens,tokens,p90,116799.20
155,1780554498323170560,1780554499323170560,Usage Prompt Tokens,tokens,p95,120252.60
155,1780554498323170560,1780554499323170560,Usage Prompt Tokens,tokens,p99,123015.32
155,1780554498323170560,1780554499323170560,Usage Prompt Tokens,tokens,std,34534.00
155,1780554498323170560,1780554499323170560,Usage Total Tokens,tokens,avg,90060.50
155,1780554498323170560,1780554499323170560,Usage Total Tokens,tokens,min,54885.00
155,1780554498323170560,1780554499323170560,Usage Total Tokens,tokens,max,125236.00
155,1780554498323170560,1780554499323170560,Usage Total Tokens,tokens,sum,180121.00
155,1780554498323170560,1780554499323170560,Usage Total Tokens,tokens,p1,55588.51
155,1780554498323170560,1780554499323170560,Usage Total Tokens,tokens,p5,58402.55
155,1780554498323170560,1780554499323170560,Usage Total Tokens,tokens,p10,61920.10
155,1780554498323170560,1780554499323170560,Usage Total Tokens,tokens,p25,72472.75
155,1780554498323170560,1780554499323170560,Usage Total Tokens,tokens,p50,90060.50
155,1780554498323170560,1780554499323170560,Usage Total Tokens,tokens,p75,107648.25
155,1780554498323170560,1780554499323170560,Usage Total Tokens,tokens,p90,118200.90
155,1780554498323170560,1780554499323170560,Usage Total Tokens,tokens,p95,121718.45
155,1780554498323170560,1780554499323170560,Usage Total Tokens,tokens,p99,124532.49
155,1780554498323170560,1780554499323170560,Usage Total Tokens,tokens,std,35175.50
156,1780554516323170560,1780554517323170560,Active Decode Throughput,tokens/sec,avg,77.20
156,1780554516323170560,1780554517323170560,Active Decode Throughput,tokens/sec,min,69.32
156,1780554516323170560,1780554517323170560,Active Decode Throughput,tokens/sec,max,85.47
156,1780554516323170560,1780554517323170560,Active Decode Throughput,tokens/sec,p50,77.20
156,1780554516323170560,1780554517323170560,Active Decode Throughput,tokens/sec,p90,77.21
156,1780554516323170560,1780554517323170560,Active Decode Throughput,tokens/sec,p95,77.21
156,1780554516323170560,1780554517323170560,Active Decode Throughput,tokens/sec,p99,77.21
156,1780554516323170560,1780554517323170560,Active Decode Throughput,tokens/sec,std,0.02
156,1780554516323170560,1780554517323170560,Active Decode Throughput Per User,tokens/sec/user,avg,7.02
156,1780554516323170560,1780554517323170560,Active Decode Throughput Per User,tokens/sec/user,min,6.30
156,1780554516323170560,1780554517323170560,Active Decode Throughput Per User,tokens/sec/user,max,7.77
156,1780554516323170560,1780554517323170560,Active Decode Throughput Per User,tokens/sec/user,p50,7.02
156,1780554516323170560,1780554517323170560,Active Decode Throughput Per User,tokens/sec/user,p90,7.02
156,1780554516323170560,1780554517323170560,Active Decode Throughput Per User,tokens/sec/user,p95,7.02
156,1780554516323170560,1780554517323170560,Active Decode Throughput Per User,tokens/sec/user,p99,7.02
156,1780554516323170560,1780554517323170560,Active Decode Throughput Per User,tokens/sec/user,std,0.00
156,1780554516323170560,1780554517323170560,Active Prefill Throughput,tokens/sec,avg,23723.85
156,1780554516323170560,1780554517323170560,Active Prefill Throughput,tokens/sec,min,23723.85
156,1780554516323170560,1780554517323170560,Active Prefill Throughput,tokens/sec,max,23723.85
156,1780554516323170560,1780554517323170560,Active Prefill Throughput,tokens/sec,p50,23723.85
156,1780554516323170560,1780554517323170560,Active Prefill Throughput,tokens/sec,p90,23723.85
156,1780554516323170560,1780554517323170560,Active Prefill Throughput,tokens/sec,p95,23723.85
156,1780554516323170560,1780554517323170560,Active Prefill Throughput,tokens/sec,p99,23723.85
156,1780554516323170560,1780554517323170560,Active Prefill Throughput,tokens/sec,std,0.00
156,1780554516323170560,1780554517323170560,Active Prefill Throughput Per User,tokens/sec/user,avg,23723.85
156,1780554516323170560,1780554517323170560,Active Prefill Throughput Per User,tokens/sec/user,min,23723.85
156,1780554516323170560,1780554517323170560,Active Prefill Throughput Per User,tokens/sec/user,max,23723.85
156,1780554516323170560,1780554517323170560,Active Prefill Throughput Per User,tokens/sec/user,p50,23723.85
156,1780554516323170560,1780554517323170560,Active Prefill Throughput Per User,tokens/sec/user,p90,23723.85
156,1780554516323170560,1780554517323170560,Active Prefill Throughput Per User,tokens/sec/user,p95,23723.85
156,1780554516323170560,1780554517323170560,Active Prefill Throughput Per User,tokens/sec/user,p99,23723.85
156,1780554516323170560,1780554517323170560,Active Prefill Throughput Per User,tokens/sec/user,std,0.00
156,1780554516323170560,1780554517323170560,Active Total Throughput,tokens/sec,avg,15519.83
156,1780554516323170560,1780554517323170560,Active Total Throughput,tokens/sec,min,120.32
156,1780554516323170560,1780554517323170560,Active Total Throughput,tokens/sec,max,23844.17
156,1780554516323170560,1780554517323170560,Active Total Throughput,tokens/sec,p50,23844.17
156,1780554516323170560,1780554517323170560,Active Total Throughput,tokens/sec,p90,23844.17
156,1780554516323170560,1780554517323170560,Active Total Throughput,tokens/sec,p95,23844.17
156,1780554516323170560,1780554517323170560,Active Total Throughput,tokens/sec,p99,23844.17
156,1780554516323170560,1780554517323170560,Active Total Throughput,tokens/sec,std,11322.14
156,1780554516323170560,1780554517323170560,Benchmark Duration,sec,avg,54.65
156,1780554516323170560,1780554517323170560,E2E Output Token Throughput,tokens/sec/user,avg,9.46
156,1780554516323170560,1780554517323170560,E2E Output Token Throughput,tokens/sec/user,min,9.46
156,1780554516323170560,1780554517323170560,E2E Output Token Throughput,tokens/sec/user,max,9.46
156,1780554516323170560,1780554517323170560,E2E Output Token Throughput,tokens/sec/user,sum,9.46
156,1780554516323170560,1780554517323170560,E2E Output Token Throughput,tokens/sec/user,p1,9.46
156,1780554516323170560,1780554517323170560,E2E Output Token Throughput,tokens/sec/user,p5,9.46
156,1780554516323170560,1780554517323170560,E2E Output Token Throughput,tokens/sec/user,p10,9.46
156,1780554516323170560,1780554517323170560,E2E Output Token Throughput,tokens/sec/user,p25,9.46
156,1780554516323170560,1780554517323170560,E2E Output Token Throughput,tokens/sec/user,p50,9.46
156,1780554516323170560,1780554517323170560,E2E Output Token Throughput,tokens/sec/user,p75,9.46
156,1780554516323170560,1780554517323170560,E2E Output Token Throughput,tokens/sec/user,p90,9.46
156,1780554516323170560,1780554517323170560,E2E Output Token Throughput,tokens/sec/user,p95,9.46
156,1780554516323170560,1780554517323170560,E2E Output Token Throughput,tokens/sec/user,p99,9.46
156,1780554516323170560,1780554517323170560,E2E Output Token Throughput,tokens/sec/user,std,0.00
156,1780554516323170560,1780554517323170560,Effective Concurrency,requests,avg,11.65
156,1780554516323170560,1780554517323170560,Effective Concurrency,requests,min,11.00
156,1780554516323170560,1780554517323170560,Effective Concurrency,requests,max,12.00
156,1780554516323170560,1780554517323170560,Effective Concurrency,requests,p50,12.00
156,1780554516323170560,1780554517323170560,Effective Concurrency,requests,p90,12.00
156,1780554516323170560,1780554517323170560,Effective Concurrency,requests,p95,12.00
156,1780554516323170560,1780554517323170560,Effective Concurrency,requests,p99,12.00
156,1780554516323170560,1780554517323170560,Effective Concurrency,requests,std,0.48
156,1780554516323170560,1780554517323170560,Effective Decode Concurrency,requests,avg,11.00
156,1780554516323170560,1780554517323170560,Effective Decode Concurrency,requests,min,11.00
156,1780554516323170560,1780554517323170560,Effective Decode Concurrency,requests,max,11.00
156,1780554516323170560,1780554517323170560,Effective Decode Concurrency,requests,p50,11.00
156,1780554516323170560,1780554517323170560,Effective Decode Concurrency,requests,p90,11.00
156,1780554516323170560,1780554517323170560,Effective Decode Concurrency,requests,p95,11.00
156,1780554516323170560,1780554517323170560,Effective Decode Concurrency,requests,p99,11.00
156,1780554516323170560,1780554517323170560,Effective Decode Concurrency,requests,std,0.00
156,1780554516323170560,1780554517323170560,Effective Decode Throughput,tokens/sec,avg,77.20
156,1780554516323170560,1780554517323170560,Effective Decode Throughput,tokens/sec,min,69.32
156,1780554516323170560,1780554517323170560,Effective Decode Throughput,tokens/sec,max,85.47
156,1780554516323170560,1780554517323170560,Effective Decode Throughput,tokens/sec,p50,77.20
156,1780554516323170560,1780554517323170560,Effective Decode Throughput,tokens/sec,p90,77.21
156,1780554516323170560,1780554517323170560,Effective Decode Throughput,tokens/sec,p95,77.21
156,1780554516323170560,1780554517323170560,Effective Decode Throughput,tokens/sec,p99,77.21
156,1780554516323170560,1780554517323170560,Effective Decode Throughput,tokens/sec,std,0.02
156,1780554516323170560,1780554517323170560,Effective Decode Throughput Per User,tokens/sec/user,avg,7.02
156,1780554516323170560,1780554517323170560,Effective Decode Throughput Per User,tokens/sec/user,min,6.30
156,1780554516323170560,1780554517323170560,Effective Decode Throughput Per User,tokens/sec/user,max,7.77
156,1780554516323170560,1780554517323170560,Effective Decode Throughput Per User,tokens/sec/user,p50,7.02
156,1780554516323170560,1780554517323170560,Effective Decode Throughput Per User,tokens/sec/user,p90,7.02
156,1780554516323170560,1780554517323170560,Effective Decode Throughput Per User,tokens/sec/user,p95,7.02
156,1780554516323170560,1780554517323170560,Effective Decode Throughput Per User,tokens/sec/user,p99,7.02
156,1780554516323170560,1780554517323170560,Effective Decode Throughput Per User,tokens/sec/user,std,0.00
156,1780554516323170560,1780554517323170560,Effective Prefill Concurrency,requests,avg,0.65
156,1780554516323170560,1780554517323170560,Effective Prefill Concurrency,requests,min,0.00
156,1780554516323170560,1780554517323170560,Effective Prefill Concurrency,requests,max,1.00
156,1780554516323170560,1780554517323170560,Effective Prefill Concurrency,requests,p50,1.00
156,1780554516323170560,1780554517323170560,Effective Prefill Concurrency,requests,p90,1.00
156,1780554516323170560,1780554517323170560,Effective Prefill Concurrency,requests,p95,1.00
156,1780554516323170560,1780554517323170560,Effective Prefill Concurrency,requests,p99,1.00
156,1780554516323170560,1780554517323170560,Effective Prefill Concurrency,requests,std,0.48
156,1780554516323170560,1780554517323170560,Effective Prefill Throughput,tokens/sec,avg,15399.51
156,1780554516323170560,1780554517323170560,Effective Prefill Throughput,tokens/sec,min,0.00
156,1780554516323170560,1780554517323170560,Effective Prefill Throughput,tokens/sec,max,23723.85
156,1780554516323170560,1780554517323170560,Effective Prefill Throughput,tokens/sec,p50,23723.85
156,1780554516323170560,1780554517323170560,Effective Prefill Throughput,tokens/sec,p90,23723.85
156,1780554516323170560,1780554517323170560,Effective Prefill Throughput,tokens/sec,p95,23723.85
156,1780554516323170560,1780554517323170560,Effective Prefill Throughput,tokens/sec,p99,23723.85
156,1780554516323170560,1780554517323170560,Effective Prefill Throughput,tokens/sec,std,11322.14
156,1780554516323170560,1780554517323170560,Effective Prefill Throughput Per User,tokens/sec/user,avg,15399.51
156,1780554516323170560,1780554517323170560,Effective Prefill Throughput Per User,tokens/sec/user,min,0.00
156,1780554516323170560,1780554517323170560,Effective Prefill Throughput Per User,tokens/sec/user,max,23723.85
156,1780554516323170560,1780554517323170560,Effective Prefill Throughput Per User,tokens/sec/user,p50,23723.85
156,1780554516323170560,1780554517323170560,Effective Prefill Throughput Per User,tokens/sec/user,p90,23723.85
156,1780554516323170560,1780554517323170560,Effective Prefill Throughput Per User,tokens/sec/user,p95,23723.85
156,1780554516323170560,1780554517323170560,Effective Prefill Throughput Per User,tokens/sec/user,p99,23723.85
156,1780554516323170560,1780554517323170560,Effective Prefill Throughput Per User,tokens/sec/user,std,11322.14
156,1780554516323170560,1780554517323170560,Effective Total Throughput,tokens/sec,avg,15519.83
156,1780554516323170560,1780554517323170560,Effective Total Throughput,tokens/sec,min,120.32
156,1780554516323170560,1780554517323170560,Effective Total Throughput,tokens/sec,max,23844.17
156,1780554516323170560,1780554517323170560,Effective Total Throughput,tokens/sec,p50,23844.17
156,1780554516323170560,1780554517323170560,Effective Total Throughput,tokens/sec,p90,23844.17
156,1780554516323170560,1780554517323170560,Effective Total Throughput,tokens/sec,p95,23844.17
156,1780554516323170560,1780554517323170560,Effective Total Throughput,tokens/sec,p99,23844.17
156,1780554516323170560,1780554517323170560,Effective Total Throughput,tokens/sec,std,11322.14
156,1780554516323170560,1780554517323170560,HTTP Blocked,ms,avg,0.00
156,1780554516323170560,1780554517323170560,HTTP Blocked,ms,min,0.00
156,1780554516323170560,1780554517323170560,HTTP Blocked,ms,max,0.00
156,1780554516323170560,1780554517323170560,HTTP Blocked,ms,sum,0.00
156,1780554516323170560,1780554517323170560,HTTP Blocked,ms,p1,0.00
156,1780554516323170560,1780554517323170560,HTTP Blocked,ms,p5,0.00
156,1780554516323170560,1780554517323170560,HTTP Blocked,ms,p10,0.00
156,1780554516323170560,1780554517323170560,HTTP Blocked,ms,p25,0.00
156,1780554516323170560,1780554517323170560,HTTP Blocked,ms,p50,0.00
156,1780554516323170560,1780554517323170560,HTTP Blocked,ms,p75,0.00
156,1780554516323170560,1780554517323170560,HTTP Blocked,ms,p90,0.00
156,1780554516323170560,1780554517323170560,HTTP Blocked,ms,p95,0.00
156,1780554516323170560,1780554517323170560,HTTP Blocked,ms,p99,0.00
156,1780554516323170560,1780554517323170560,HTTP Blocked,ms,std,0.00
156,1780554516323170560,1780554517323170560,HTTP Chunks Received,count,avg,517.00
156,1780554516323170560,1780554517323170560,HTTP Chunks Received,count,min,517.00
156,1780554516323170560,1780554517323170560,HTTP Chunks Received,count,max,517.00
156,1780554516323170560,1780554517323170560,HTTP Chunks Received,count,sum,517.00
156,1780554516323170560,1780554517323170560,HTTP Chunks Received,count,p1,517.00
156,1780554516323170560,1780554517323170560,HTTP Chunks Received,count,p5,517.00
156,1780554516323170560,1780554517323170560,HTTP Chunks Received,count,p10,517.00
156,1780554516323170560,1780554517323170560,HTTP Chunks Received,count,p25,517.00
156,1780554516323170560,1780554517323170560,HTTP Chunks Received,count,p50,517.00
156,1780554516323170560,1780554517323170560,HTTP Chunks Received,count,p75,517.00
156,1780554516323170560,1780554517323170560,HTTP Chunks Received,count,p90,517.00
156,1780554516323170560,1780554517323170560,HTTP Chunks Received,count,p95,517.00
156,1780554516323170560,1780554517323170560,HTTP Chunks Received,count,p99,517.00
156,1780554516323170560,1780554517323170560,HTTP Chunks Received,count,std,0.00
156,1780554516323170560,1780554517323170560,HTTP Chunks Sent,count,avg,1.00
156,1780554516323170560,1780554517323170560,HTTP Chunks Sent,count,min,1.00
156,1780554516323170560,1780554517323170560,HTTP Chunks Sent,count,max,1.00
156,1780554516323170560,1780554517323170560,HTTP Chunks Sent,count,sum,1.00
156,1780554516323170560,1780554517323170560,HTTP Chunks Sent,count,p1,1.00
156,1780554516323170560,1780554517323170560,HTTP Chunks Sent,count,p5,1.00
156,1780554516323170560,1780554517323170560,HTTP Chunks Sent,count,p10,1.00
156,1780554516323170560,1780554517323170560,HTTP Chunks Sent,count,p25,1.00
156,1780554516323170560,1780554517323170560,HTTP Chunks Sent,count,p50,1.00
156,1780554516323170560,1780554517323170560,HTTP Chunks Sent,count,p75,1.00
156,1780554516323170560,1780554517323170560,HTTP Chunks Sent,count,p90,1.00
156,1780554516323170560,1780554517323170560,HTTP Chunks Sent,count,p95,1.00
156,1780554516323170560,1780554517323170560,HTTP Chunks Sent,count,p99,1.00
156,1780554516323170560,1780554517323170560,HTTP Chunks Sent,count,std,0.00
156,1780554516323170560,1780554517323170560,HTTP Connecting,ms,avg,0.71
156,1780554516323170560,1780554517323170560,HTTP Connecting,ms,min,0.71
156,1780554516323170560,1780554517323170560,HTTP Connecting,ms,max,0.71
156,1780554516323170560,1780554517323170560,HTTP Connecting,ms,sum,0.71
156,1780554516323170560,1780554517323170560,HTTP Connecting,ms,p1,0.71
156,1780554516323170560,1780554517323170560,HTTP Connecting,ms,p5,0.71
156,1780554516323170560,1780554517323170560,HTTP Connecting,ms,p10,0.71
156,1780554516323170560,1780554517323170560,HTTP Connecting,ms,p25,0.71
156,1780554516323170560,1780554517323170560,HTTP Connecting,ms,p50,0.71
156,1780554516323170560,1780554517323170560,HTTP Connecting,ms,p75,0.71
156,1780554516323170560,1780554517323170560,HTTP Connecting,ms,p90,0.71
156,1780554516323170560,1780554517323170560,HTTP Connecting,ms,p95,0.71
156,1780554516323170560,1780554517323170560,HTTP Connecting,ms,p99,0.71
156,1780554516323170560,1780554517323170560,HTTP Connecting,ms,std,0.00
156,1780554516323170560,1780554517323170560,HTTP Connection Overhead,ms,avg,0.71
156,1780554516323170560,1780554517323170560,HTTP Connection Overhead,ms,min,0.71
156,1780554516323170560,1780554517323170560,HTTP Connection Overhead,ms,max,0.71
156,1780554516323170560,1780554517323170560,HTTP Connection Overhead,ms,sum,0.71
156,1780554516323170560,1780554517323170560,HTTP Connection Overhead,ms,p1,0.71
156,1780554516323170560,1780554517323170560,HTTP Connection Overhead,ms,p5,0.71
156,1780554516323170560,1780554517323170560,HTTP Connection Overhead,ms,p10,0.71
156,1780554516323170560,1780554517323170560,HTTP Connection Overhead,ms,p25,0.71
156,1780554516323170560,1780554517323170560,HTTP Connection Overhead,ms,p50,0.71
156,1780554516323170560,1780554517323170560,HTTP Connection Overhead,ms,p75,0.71
156,1780554516323170560,1780554517323170560,HTTP Connection Overhead,ms,p90,0.71
156,1780554516323170560,1780554517323170560,HTTP Connection Overhead,ms,p95,0.71
156,1780554516323170560,1780554517323170560,HTTP Connection Overhead,ms,p99,0.71
156,1780554516323170560,1780554517323170560,HTTP Connection Overhead,ms,std,0.00
156,1780554516323170560,1780554517323170560,HTTP Connection Reused,ratio,avg,0.00
156,1780554516323170560,1780554517323170560,HTTP Connection Reused,ratio,min,0.00
156,1780554516323170560,1780554517323170560,HTTP Connection Reused,ratio,max,0.00
156,1780554516323170560,1780554517323170560,HTTP Connection Reused,ratio,sum,0.00
156,1780554516323170560,1780554517323170560,HTTP Connection Reused,ratio,p1,0.00
156,1780554516323170560,1780554517323170560,HTTP Connection Reused,ratio,p5,0.00
156,1780554516323170560,1780554517323170560,HTTP Connection Reused,ratio,p10,0.00
156,1780554516323170560,1780554517323170560,HTTP Connection Reused,ratio,p25,0.00
156,1780554516323170560,1780554517323170560,HTTP Connection Reused,ratio,p50,0.00
156,1780554516323170560,1780554517323170560,HTTP Connection Reused,ratio,p75,0.00
156,1780554516323170560,1780554517323170560,HTTP Connection Reused,ratio,p90,0.00
156,1780554516323170560,1780554517323170560,HTTP Connection Reused,ratio,p95,0.00
156,1780554516323170560,1780554517323170560,HTTP Connection Reused,ratio,p99,0.00
156,1780554516323170560,1780554517323170560,HTTP Connection Reused,ratio,std,0.00
156,1780554516323170560,1780554517323170560,HTTP Data Received,KB,avg,128.72
156,1780554516323170560,1780554517323170560,HTTP Data Received,KB,min,128.72
156,1780554516323170560,1780554517323170560,HTTP Data Received,KB,max,128.72
156,1780554516323170560,1780554517323170560,HTTP Data Received,KB,sum,128.72
156,1780554516323170560,1780554517323170560,HTTP Data Received,KB,p1,128.72
156,1780554516323170560,1780554517323170560,HTTP Data Received,KB,p5,128.72
156,1780554516323170560,1780554517323170560,HTTP Data Received,KB,p10,128.72
156,1780554516323170560,1780554517323170560,HTTP Data Received,KB,p25,128.72
156,1780554516323170560,1780554517323170560,HTTP Data Received,KB,p50,128.72
156,1780554516323170560,1780554517323170560,HTTP Data Received,KB,p75,128.72
156,1780554516323170560,1780554517323170560,HTTP Data Received,KB,p90,128.72
156,1780554516323170560,1780554517323170560,HTTP Data Received,KB,p95,128.72
156,1780554516323170560,1780554517323170560,HTTP Data Received,KB,p99,128.72
156,1780554516323170560,1780554517323170560,HTTP Data Received,KB,std,0.00
156,1780554516323170560,1780554517323170560,HTTP Data Sent,KB,avg,341.33
156,1780554516323170560,1780554517323170560,HTTP Data Sent,KB,min,341.33
156,1780554516323170560,1780554517323170560,HTTP Data Sent,KB,max,341.33
156,1780554516323170560,1780554517323170560,HTTP Data Sent,KB,sum,341.33
156,1780554516323170560,1780554517323170560,HTTP Data Sent,KB,p1,341.33
156,1780554516323170560,1780554517323170560,HTTP Data Sent,KB,p5,341.33
156,1780554516323170560,1780554517323170560,HTTP Data Sent,KB,p10,341.33
156,1780554516323170560,1780554517323170560,HTTP Data Sent,KB,p25,341.33
156,1780554516323170560,1780554517323170560,HTTP Data Sent,KB,p50,341.33
156,1780554516323170560,1780554517323170560,HTTP Data Sent,KB,p75,341.33
156,1780554516323170560,1780554517323170560,HTTP Data Sent,KB,p90,341.33
156,1780554516323170560,1780554517323170560,HTTP Data Sent,KB,p95,341.33
156,1780554516323170560,1780554517323170560,HTTP Data Sent,KB,p99,341.33
156,1780554516323170560,1780554517323170560,HTTP Data Sent,KB,std,0.00
156,1780554516323170560,1780554517323170560,HTTP DNS Lookup,ms,avg,0.00
156,1780554516323170560,1780554517323170560,HTTP DNS Lookup,ms,min,0.00
156,1780554516323170560,1780554517323170560,HTTP DNS Lookup,ms,max,0.00
156,1780554516323170560,1780554517323170560,HTTP DNS Lookup,ms,sum,0.00
156,1780554516323170560,1780554517323170560,HTTP DNS Lookup,ms,p1,0.00
156,1780554516323170560,1780554517323170560,HTTP DNS Lookup,ms,p5,0.00
156,1780554516323170560,1780554517323170560,HTTP DNS Lookup,ms,p10,0.00
156,1780554516323170560,1780554517323170560,HTTP DNS Lookup,ms,p25,0.00
156,1780554516323170560,1780554517323170560,HTTP DNS Lookup,ms,p50,0.00
156,1780554516323170560,1780554517323170560,HTTP DNS Lookup,ms,p75,0.00
156,1780554516323170560,1780554517323170560,HTTP DNS Lookup,ms,p90,0.00
156,1780554516323170560,1780554517323170560,HTTP DNS Lookup,ms,p95,0.00
156,1780554516323170560,1780554517323170560,HTTP DNS Lookup,ms,p99,0.00
156,1780554516323170560,1780554517323170560,HTTP DNS Lookup,ms,std,0.00
156,1780554516323170560,1780554517323170560,HTTP Duration (excl. conn),ms,avg,54653.24
156,1780554516323170560,1780554517323170560,HTTP Duration (excl. conn),ms,min,54653.24
156,1780554516323170560,1780554517323170560,HTTP Duration (excl. conn),ms,max,54653.24
156,1780554516323170560,1780554517323170560,HTTP Duration (excl. conn),ms,sum,54653.24
156,1780554516323170560,1780554517323170560,HTTP Duration (excl. conn),ms,p1,54653.24
156,1780554516323170560,1780554517323170560,HTTP Duration (excl. conn),ms,p5,54653.24
156,1780554516323170560,1780554517323170560,HTTP Duration (excl. conn),ms,p10,54653.24
156,1780554516323170560,1780554517323170560,HTTP Duration (excl. conn),ms,p25,54653.24
156,1780554516323170560,1780554517323170560,HTTP Duration (excl. conn),ms,p50,54653.24
156,1780554516323170560,1780554517323170560,HTTP Duration (excl. conn),ms,p75,54653.24
156,1780554516323170560,1780554517323170560,HTTP Duration (excl. conn),ms,p90,54653.24
156,1780554516323170560,1780554517323170560,HTTP Duration (excl. conn),ms,p95,54653.24
156,1780554516323170560,1780554517323170560,HTTP Duration (excl. conn),ms,p99,54653.24
156,1780554516323170560,1780554517323170560,HTTP Duration (excl. conn),ms,std,0.00
156,1780554516323170560,1780554517323170560,HTTP Receiving,ms,avg,50940.82
156,1780554516323170560,1780554517323170560,HTTP Receiving,ms,min,50940.82
156,1780554516323170560,1780554517323170560,HTTP Receiving,ms,max,50940.82
156,1780554516323170560,1780554517323170560,HTTP Receiving,ms,sum,50940.82
156,1780554516323170560,1780554517323170560,HTTP Receiving,ms,p1,50940.82
156,1780554516323170560,1780554517323170560,HTTP Receiving,ms,p5,50940.82
156,1780554516323170560,1780554517323170560,HTTP Receiving,ms,p10,50940.82
156,1780554516323170560,1780554517323170560,HTTP Receiving,ms,p25,50940.82
156,1780554516323170560,1780554517323170560,HTTP Receiving,ms,p50,50940.82
156,1780554516323170560,1780554517323170560,HTTP Receiving,ms,p75,50940.82
156,1780554516323170560,1780554517323170560,HTTP Receiving,ms,p90,50940.82
156,1780554516323170560,1780554517323170560,HTTP Receiving,ms,p95,50940.82
156,1780554516323170560,1780554517323170560,HTTP Receiving,ms,p99,50940.82
156,1780554516323170560,1780554517323170560,HTTP Receiving,ms,std,0.00
156,1780554516323170560,1780554517323170560,HTTP Sending,ms,avg,1.01
156,1780554516323170560,1780554517323170560,HTTP Sending,ms,min,1.01
156,1780554516323170560,1780554517323170560,HTTP Sending,ms,max,1.01
156,1780554516323170560,1780554517323170560,HTTP Sending,ms,sum,1.01
156,1780554516323170560,1780554517323170560,HTTP Sending,ms,p1,1.01
156,1780554516323170560,1780554517323170560,HTTP Sending,ms,p5,1.01
156,1780554516323170560,1780554517323170560,HTTP Sending,ms,p10,1.01
156,1780554516323170560,1780554517323170560,HTTP Sending,ms,p25,1.01
156,1780554516323170560,1780554517323170560,HTTP Sending,ms,p50,1.01
156,1780554516323170560,1780554517323170560,HTTP Sending,ms,p75,1.01
156,1780554516323170560,1780554517323170560,HTTP Sending,ms,p90,1.01
156,1780554516323170560,1780554517323170560,HTTP Sending,ms,p95,1.01
156,1780554516323170560,1780554517323170560,HTTP Sending,ms,p99,1.01
156,1780554516323170560,1780554517323170560,HTTP Sending,ms,std,0.00
156,1780554516323170560,1780554517323170560,HTTP Total Time,ms,avg,54653.96
156,1780554516323170560,1780554517323170560,HTTP Total Time,ms,min,54653.96
156,1780554516323170560,1780554517323170560,HTTP Total Time,ms,max,54653.96
156,1780554516323170560,1780554517323170560,HTTP Total Time,ms,sum,54653.96
156,1780554516323170560,1780554517323170560,HTTP Total Time,ms,p1,54653.96
156,1780554516323170560,1780554517323170560,HTTP Total Time,ms,p5,54653.96
156,1780554516323170560,1780554517323170560,HTTP Total Time,ms,p10,54653.96
156,1780554516323170560,1780554517323170560,HTTP Total Time,ms,p25,54653.96
156,1780554516323170560,1780554517323170560,HTTP Total Time,ms,p50,54653.96
156,1780554516323170560,1780554517323170560,HTTP Total Time,ms,p75,54653.96
156,1780554516323170560,1780554517323170560,HTTP Total Time,ms,p90,54653.96
156,1780554516323170560,1780554517323170560,HTTP Total Time,ms,p95,54653.96
156,1780554516323170560,1780554517323170560,HTTP Total Time,ms,p99,54653.96
156,1780554516323170560,1780554517323170560,HTTP Total Time,ms,std,0.00
156,1780554516323170560,1780554517323170560,HTTP Waiting (TTFB),ms,avg,3711.41
156,1780554516323170560,1780554517323170560,HTTP Waiting (TTFB),ms,min,3711.41
156,1780554516323170560,1780554517323170560,HTTP Waiting (TTFB),ms,max,3711.41
156,1780554516323170560,1780554517323170560,HTTP Waiting (TTFB),ms,sum,3711.41
156,1780554516323170560,1780554517323170560,HTTP Waiting (TTFB),ms,p1,3711.41
156,1780554516323170560,1780554517323170560,HTTP Waiting (TTFB),ms,p5,3711.41
156,1780554516323170560,1780554517323170560,HTTP Waiting (TTFB),ms,p10,3711.41
156,1780554516323170560,1780554517323170560,HTTP Waiting (TTFB),ms,p25,3711.41
156,1780554516323170560,1780554517323170560,HTTP Waiting (TTFB),ms,p50,3711.41
156,1780554516323170560,1780554517323170560,HTTP Waiting (TTFB),ms,p75,3711.41
156,1780554516323170560,1780554517323170560,HTTP Waiting (TTFB),ms,p90,3711.41
156,1780554516323170560,1780554517323170560,HTTP Waiting (TTFB),ms,p95,3711.41
156,1780554516323170560,1780554517323170560,HTTP Waiting (TTFB),ms,p99,3711.41
156,1780554516323170560,1780554517323170560,HTTP Waiting (TTFB),ms,std,0.00
156,1780554516323170560,1780554517323170560,Input Sequence Length,tokens,avg,88076.00
156,1780554516323170560,1780554517323170560,Input Sequence Length,tokens,min,88076.00
156,1780554516323170560,1780554517323170560,Input Sequence Length,tokens,max,88076.00
156,1780554516323170560,1780554517323170560,Input Sequence Length,tokens,sum,88076.00
156,1780554516323170560,1780554517323170560,Input Sequence Length,tokens,p1,88076.00
156,1780554516323170560,1780554517323170560,Input Sequence Length,tokens,p5,88076.00
156,1780554516323170560,1780554517323170560,Input Sequence Length,tokens,p10,88076.00
156,1780554516323170560,1780554517323170560,Input Sequence Length,tokens,p25,88076.00
156,1780554516323170560,1780554517323170560,Input Sequence Length,tokens,p50,88076.00
156,1780554516323170560,1780554517323170560,Input Sequence Length,tokens,p75,88076.00
156,1780554516323170560,1780554517323170560,Input Sequence Length,tokens,p90,88076.00
156,1780554516323170560,1780554517323170560,Input Sequence Length,tokens,p95,88076.00
156,1780554516323170560,1780554517323170560,Input Sequence Length,tokens,p99,88076.00
156,1780554516323170560,1780554517323170560,Input Sequence Length,tokens,std,0.00
156,1780554516323170560,1780554517323170560,Input Token Throughput,tokens/sec,avg,88076.00
156,1780554516323170560,1780554517323170560,Inter Chunk Latency,ms,avg,135.05
156,1780554516323170560,1780554517323170560,Inter Chunk Latency,ms,min,134.88
156,1780554516323170560,1780554517323170560,Inter Chunk Latency,ms,max,135.23
156,1780554516323170560,1780554517323170560,Inter Chunk Latency,ms,sum,69684.75
156,1780554516323170560,1780554517323170560,Inter Chunk Latency,ms,p1,134.88
156,1780554516323170560,1780554517323170560,Inter Chunk Latency,ms,p5,134.89
156,1780554516323170560,1780554517323170560,Inter Chunk Latency,ms,p10,134.91
156,1780554516323170560,1780554517323170560,Inter Chunk Latency,ms,p25,134.95
156,1780554516323170560,1780554517323170560,Inter Chunk Latency,ms,p50,135.05
156,1780554516323170560,1780554517323170560,Inter Chunk Latency,ms,p75,135.13
156,1780554516323170560,1780554517323170560,Inter Chunk Latency,ms,p90,135.18
156,1780554516323170560,1780554517323170560,Inter Chunk Latency,ms,p95,135.21
156,1780554516323170560,1780554517323170560,Inter Chunk Latency,ms,p99,135.22
156,1780554516323170560,1780554517323170560,Inter Chunk Latency,ms,std,0.10
156,1780554516323170560,1780554517323170560,Inter Token Latency,ms,avg,98.72
156,1780554516323170560,1780554517323170560,Inter Token Latency,ms,min,98.72
156,1780554516323170560,1780554517323170560,Inter Token Latency,ms,max,98.72
156,1780554516323170560,1780554517323170560,Inter Token Latency,ms,sum,98.72
156,1780554516323170560,1780554517323170560,Inter Token Latency,ms,p1,98.72
156,1780554516323170560,1780554517323170560,Inter Token Latency,ms,p5,98.72
156,1780554516323170560,1780554517323170560,Inter Token Latency,ms,p10,98.72
156,1780554516323170560,1780554517323170560,Inter Token Latency,ms,p25,98.72
156,1780554516323170560,1780554517323170560,Inter Token Latency,ms,p50,98.72
156,1780554516323170560,1780554517323170560,Inter Token Latency,ms,p75,98.72
156,1780554516323170560,1780554517323170560,Inter Token Latency,ms,p90,98.72
156,1780554516323170560,1780554517323170560,Inter Token Latency,ms,p95,98.72
156,1780554516323170560,1780554517323170560,Inter Token Latency,ms,p99,98.72
156,1780554516323170560,1780554517323170560,Inter Token Latency,ms,std,0.00
156,1780554516323170560,1780554517323170560,Maximum Response Timestamp,ns,avg,1780554571327421184.00
156,1780554516323170560,1780554517323170560,Minimum Request Timestamp,ns,avg,1780554516674055424.00
156,1780554516323170560,1780554517323170560,OSL Mismatch Count,requests,avg,0.00
156,1780554516323170560,1780554517323170560,OSL Mismatch Diff %,%,avg,0.00
156,1780554516323170560,1780554517323170560,OSL Mismatch Diff %,%,min,0.00
156,1780554516323170560,1780554517323170560,OSL Mismatch Diff %,%,max,0.00
156,1780554516323170560,1780554517323170560,OSL Mismatch Diff %,%,sum,0.00
156,1780554516323170560,1780554517323170560,OSL Mismatch Diff %,%,p1,0.00
156,1780554516323170560,1780554517323170560,OSL Mismatch Diff %,%,p5,0.00
156,1780554516323170560,1780554517323170560,OSL Mismatch Diff %,%,p10,0.00
156,1780554516323170560,1780554517323170560,OSL Mismatch Diff %,%,p25,0.00
156,1780554516323170560,1780554517323170560,OSL Mismatch Diff %,%,p50,0.00
156,1780554516323170560,1780554517323170560,OSL Mismatch Diff %,%,p75,0.00
156,1780554516323170560,1780554517323170560,OSL Mismatch Diff %,%,p90,0.00
156,1780554516323170560,1780554517323170560,OSL Mismatch Diff %,%,p95,0.00
156,1780554516323170560,1780554517323170560,OSL Mismatch Diff %,%,p99,0.00
156,1780554516323170560,1780554517323170560,OSL Mismatch Diff %,%,std,0.00
156,1780554516323170560,1780554517323170560,Output Sequence Length,tokens,avg,517.00
156,1780554516323170560,1780554517323170560,Output Sequence Length,tokens,min,517.00
156,1780554516323170560,1780554517323170560,Output Sequence Length,tokens,max,517.00
156,1780554516323170560,1780554517323170560,Output Sequence Length,tokens,sum,517.00
156,1780554516323170560,1780554517323170560,Output Sequence Length,tokens,p1,517.00
156,1780554516323170560,1780554517323170560,Output Sequence Length,tokens,p5,517.00
156,1780554516323170560,1780554517323170560,Output Sequence Length,tokens,p10,517.00
156,1780554516323170560,1780554517323170560,Output Sequence Length,tokens,p25,517.00
156,1780554516323170560,1780554517323170560,Output Sequence Length,tokens,p50,517.00
156,1780554516323170560,1780554517323170560,Output Sequence Length,tokens,p75,517.00
156,1780554516323170560,1780554517323170560,Output Sequence Length,tokens,p90,517.00
156,1780554516323170560,1780554517323170560,Output Sequence Length,tokens,p95,517.00
156,1780554516323170560,1780554517323170560,Output Sequence Length,tokens,p99,517.00
156,1780554516323170560,1780554517323170560,Output Sequence Length,tokens,std,0.00
156,1780554516323170560,1780554517323170560,Output Token Count,tokens,avg,517.00
156,1780554516323170560,1780554517323170560,Output Token Count,tokens,min,517.00
156,1780554516323170560,1780554517323170560,Output Token Count,tokens,max,517.00
156,1780554516323170560,1780554517323170560,Output Token Count,tokens,sum,517.00
156,1780554516323170560,1780554517323170560,Output Token Count,tokens,p1,517.00
156,1780554516323170560,1780554517323170560,Output Token Count,tokens,p5,517.00
156,1780554516323170560,1780554517323170560,Output Token Count,tokens,p10,517.00
156,1780554516323170560,1780554517323170560,Output Token Count,tokens,p25,517.00
156,1780554516323170560,1780554517323170560,Output Token Count,tokens,p50,517.00
156,1780554516323170560,1780554517323170560,Output Token Count,tokens,p75,517.00
156,1780554516323170560,1780554517323170560,Output Token Count,tokens,p90,517.00
156,1780554516323170560,1780554517323170560,Output Token Count,tokens,p95,517.00
156,1780554516323170560,1780554517323170560,Output Token Count,tokens,p99,517.00
156,1780554516323170560,1780554517323170560,Output Token Count,tokens,std,0.00
156,1780554516323170560,1780554517323170560,Output Token Throughput,tokens/sec,avg,517.00
156,1780554516323170560,1780554517323170560,Output Token Throughput Per User,tokens/sec/user,avg,10.13
156,1780554516323170560,1780554517323170560,Output Token Throughput Per User,tokens/sec/user,min,10.13
156,1780554516323170560,1780554517323170560,Output Token Throughput Per User,tokens/sec/user,max,10.13
156,1780554516323170560,1780554517323170560,Output Token Throughput Per User,tokens/sec/user,sum,10.13
156,1780554516323170560,1780554517323170560,Output Token Throughput Per User,tokens/sec/user,p1,10.13
156,1780554516323170560,1780554517323170560,Output Token Throughput Per User,tokens/sec/user,p5,10.13
156,1780554516323170560,1780554517323170560,Output Token Throughput Per User,tokens/sec/user,p10,10.13
156,1780554516323170560,1780554517323170560,Output Token Throughput Per User,tokens/sec/user,p25,10.13
156,1780554516323170560,1780554517323170560,Output Token Throughput Per User,tokens/sec/user,p50,10.13
156,1780554516323170560,1780554517323170560,Output Token Throughput Per User,tokens/sec/user,p75,10.13
156,1780554516323170560,1780554517323170560,Output Token Throughput Per User,tokens/sec/user,p90,10.13
156,1780554516323170560,1780554517323170560,Output Token Throughput Per User,tokens/sec/user,p95,10.13
156,1780554516323170560,1780554517323170560,Output Token Throughput Per User,tokens/sec/user,p99,10.13
156,1780554516323170560,1780554517323170560,Output Token Throughput Per User,tokens/sec/user,std,0.00
156,1780554516323170560,1780554517323170560,Prefill Throughput Per User,tokens/sec/user,avg,23723.85
156,1780554516323170560,1780554517323170560,Prefill Throughput Per User,tokens/sec/user,min,23723.85
156,1780554516323170560,1780554517323170560,Prefill Throughput Per User,tokens/sec/user,max,23723.85
156,1780554516323170560,1780554517323170560,Prefill Throughput Per User,tokens/sec/user,sum,23723.85
156,1780554516323170560,1780554517323170560,Prefill Throughput Per User,tokens/sec/user,p1,23723.85
156,1780554516323170560,1780554517323170560,Prefill Throughput Per User,tokens/sec/user,p5,23723.85
156,1780554516323170560,1780554517323170560,Prefill Throughput Per User,tokens/sec/user,p10,23723.85
156,1780554516323170560,1780554517323170560,Prefill Throughput Per User,tokens/sec/user,p25,23723.85
156,1780554516323170560,1780554517323170560,Prefill Throughput Per User,tokens/sec/user,p50,23723.85
156,1780554516323170560,1780554517323170560,Prefill Throughput Per User,tokens/sec/user,p75,23723.85
156,1780554516323170560,1780554517323170560,Prefill Throughput Per User,tokens/sec/user,p90,23723.85
156,1780554516323170560,1780554517323170560,Prefill Throughput Per User,tokens/sec/user,p95,23723.85
156,1780554516323170560,1780554517323170560,Prefill Throughput Per User,tokens/sec/user,p99,23723.85
156,1780554516323170560,1780554517323170560,Prefill Throughput Per User,tokens/sec/user,std,0.00
156,1780554516323170560,1780554517323170560,Request Count,requests,avg,1.00
156,1780554516323170560,1780554517323170560,Request Latency,ms,avg,54653.37
156,1780554516323170560,1780554517323170560,Request Latency,ms,min,54653.37
156,1780554516323170560,1780554517323170560,Request Latency,ms,max,54653.37
156,1780554516323170560,1780554517323170560,Request Latency,ms,sum,54653.37
156,1780554516323170560,1780554517323170560,Request Latency,ms,p1,54653.37
156,1780554516323170560,1780554517323170560,Request Latency,ms,p5,54653.37
156,1780554516323170560,1780554517323170560,Request Latency,ms,p10,54653.37
156,1780554516323170560,1780554517323170560,Request Latency,ms,p25,54653.37
156,1780554516323170560,1780554517323170560,Request Latency,ms,p50,54653.37
156,1780554516323170560,1780554517323170560,Request Latency,ms,p75,54653.37
156,1780554516323170560,1780554517323170560,Request Latency,ms,p90,54653.37
156,1780554516323170560,1780554517323170560,Request Latency,ms,p95,54653.37
156,1780554516323170560,1780554517323170560,Request Latency,ms,p99,54653.37
156,1780554516323170560,1780554517323170560,Request Latency,ms,std,0.00
156,1780554516323170560,1780554517323170560,Request Throughput,requests/sec,avg,1.00
156,1780554516323170560,1780554517323170560,Requested OSL,tokens,avg,517.00
156,1780554516323170560,1780554517323170560,Requested OSL,tokens,min,517.00
156,1780554516323170560,1780554517323170560,Requested OSL,tokens,max,517.00
156,1780554516323170560,1780554517323170560,Requested OSL,tokens,sum,517.00
156,1780554516323170560,1780554517323170560,Requested OSL,tokens,p1,517.00
156,1780554516323170560,1780554517323170560,Requested OSL,tokens,p5,517.00
156,1780554516323170560,1780554517323170560,Requested OSL,tokens,p10,517.00
156,1780554516323170560,1780554517323170560,Requested OSL,tokens,p25,517.00
156,1780554516323170560,1780554517323170560,Requested OSL,tokens,p50,517.00
156,1780554516323170560,1780554517323170560,Requested OSL,tokens,p75,517.00
156,1780554516323170560,1780554517323170560,Requested OSL,tokens,p90,517.00
156,1780554516323170560,1780554517323170560,Requested OSL,tokens,p95,517.00
156,1780554516323170560,1780554517323170560,Requested OSL,tokens,p99,517.00
156,1780554516323170560,1780554517323170560,Requested OSL,tokens,std,0.00
156,1780554516323170560,1780554517323170560,Time to First Output Token,ms,avg,3712.55
156,1780554516323170560,1780554517323170560,Time to First Output Token,ms,min,3712.55
156,1780554516323170560,1780554517323170560,Time to First Output Token,ms,max,3712.55
156,1780554516323170560,1780554517323170560,Time to First Output Token,ms,sum,3712.55
156,1780554516323170560,1780554517323170560,Time to First Output Token,ms,p1,3712.55
156,1780554516323170560,1780554517323170560,Time to First Output Token,ms,p5,3712.55
156,1780554516323170560,1780554517323170560,Time to First Output Token,ms,p10,3712.55
156,1780554516323170560,1780554517323170560,Time to First Output Token,ms,p25,3712.55
156,1780554516323170560,1780554517323170560,Time to First Output Token,ms,p50,3712.55
156,1780554516323170560,1780554517323170560,Time to First Output Token,ms,p75,3712.55
156,1780554516323170560,1780554517323170560,Time to First Output Token,ms,p90,3712.55
156,1780554516323170560,1780554517323170560,Time to First Output Token,ms,p95,3712.55
156,1780554516323170560,1780554517323170560,Time to First Output Token,ms,p99,3712.55
156,1780554516323170560,1780554517323170560,Time to First Output Token,ms,std,0.00
156,1780554516323170560,1780554517323170560,Time to First Token,ms,avg,3712.55
156,1780554516323170560,1780554517323170560,Time to First Token,ms,min,3712.55
156,1780554516323170560,1780554517323170560,Time to First Token,ms,max,3712.55
156,1780554516323170560,1780554517323170560,Time to First Token,ms,sum,3712.55
156,1780554516323170560,1780554517323170560,Time to First Token,ms,p1,3712.55
156,1780554516323170560,1780554517323170560,Time to First Token,ms,p5,3712.55
156,1780554516323170560,1780554517323170560,Time to First Token,ms,p10,3712.55
156,1780554516323170560,1780554517323170560,Time to First Token,ms,p25,3712.55
156,1780554516323170560,1780554517323170560,Time to First Token,ms,p50,3712.55
156,1780554516323170560,1780554517323170560,Time to First Token,ms,p75,3712.55
156,1780554516323170560,1780554517323170560,Time to First Token,ms,p90,3712.55
156,1780554516323170560,1780554517323170560,Time to First Token,ms,p95,3712.55
156,1780554516323170560,1780554517323170560,Time to First Token,ms,p99,3712.55
156,1780554516323170560,1780554517323170560,Time to First Token,ms,std,0.00
156,1780554516323170560,1780554517323170560,Time to Second Token,ms,avg,0.87
156,1780554516323170560,1780554517323170560,Time to Second Token,ms,min,0.87
156,1780554516323170560,1780554517323170560,Time to Second Token,ms,max,0.87
156,1780554516323170560,1780554517323170560,Time to Second Token,ms,sum,0.87
156,1780554516323170560,1780554517323170560,Time to Second Token,ms,p1,0.87
156,1780554516323170560,1780554517323170560,Time to Second Token,ms,p5,0.87
156,1780554516323170560,1780554517323170560,Time to Second Token,ms,p10,0.87
156,1780554516323170560,1780554517323170560,Time to Second Token,ms,p25,0.87
156,1780554516323170560,1780554517323170560,Time to Second Token,ms,p50,0.87
156,1780554516323170560,1780554517323170560,Time to Second Token,ms,p75,0.87
156,1780554516323170560,1780554517323170560,Time to Second Token,ms,p90,0.87
156,1780554516323170560,1780554517323170560,Time to Second Token,ms,p95,0.87
156,1780554516323170560,1780554517323170560,Time to Second Token,ms,p99,0.87
156,1780554516323170560,1780554517323170560,Time to Second Token,ms,std,0.00
156,1780554516323170560,1780554517323170560,Tokens In Flight,tokens,avg,937363.39
156,1780554516323170560,1780554517323170560,Tokens In Flight,tokens,min,880157.53
156,1780554516323170560,1780554517323170560,Tokens In Flight,tokens,max,968303.30
156,1780554516323170560,1780554517323170560,Tokens In Flight,tokens,p50,968268.31
156,1780554516323170560,1780554517323170560,Tokens In Flight,tokens,p90,968296.36
156,1780554516323170560,1780554517323170560,Tokens In Flight,tokens,p95,968299.72
156,1780554516323170560,1780554517323170560,Tokens In Flight,tokens,p99,968302.29
156,1780554516323170560,1780554517323170560,Tokens In Flight,tokens,std,42050.39
156,1780554516323170560,1780554517323170560,Total Input Sequence Length,tokens,avg,88076.00
156,1780554516323170560,1780554517323170560,Total Output Sequence Length,tokens,avg,517.00
156,1780554516323170560,1780554517323170560,Total Output Tokens,tokens,avg,517.00
156,1780554516323170560,1780554517323170560,Total Token Throughput,tokens/sec,avg,88593.00
156,1780554516323170560,1780554517323170560,Total Usage Completion Tokens,tokens,avg,517.00
156,1780554516323170560,1780554517323170560,Total Usage Prompt Tokens,tokens,avg,88076.00
156,1780554516323170560,1780554517323170560,Total Usage Total Tokens,tokens,avg,88593.00
156,1780554516323170560,1780554517323170560,Usage Completion Tokens,tokens,avg,517.00
156,1780554516323170560,1780554517323170560,Usage Completion Tokens,tokens,min,517.00
156,1780554516323170560,1780554517323170560,Usage Completion Tokens,tokens,max,517.00
156,1780554516323170560,1780554517323170560,Usage Completion Tokens,tokens,sum,517.00
156,1780554516323170560,1780554517323170560,Usage Completion Tokens,tokens,p1,517.00
156,1780554516323170560,1780554517323170560,Usage Completion Tokens,tokens,p5,517.00
156,1780554516323170560,1780554517323170560,Usage Completion Tokens,tokens,p10,517.00
156,1780554516323170560,1780554517323170560,Usage Completion Tokens,tokens,p25,517.00
156,1780554516323170560,1780554517323170560,Usage Completion Tokens,tokens,p50,517.00
156,1780554516323170560,1780554517323170560,Usage Completion Tokens,tokens,p75,517.00
156,1780554516323170560,1780554517323170560,Usage Completion Tokens,tokens,p90,517.00
156,1780554516323170560,1780554517323170560,Usage Completion Tokens,tokens,p95,517.00
156,1780554516323170560,1780554517323170560,Usage Completion Tokens,tokens,p99,517.00
156,1780554516323170560,1780554517323170560,Usage Completion Tokens,tokens,std,0.00
156,1780554516323170560,1780554517323170560,Usage Prompt Tokens,tokens,avg,88076.00
156,1780554516323170560,1780554517323170560,Usage Prompt Tokens,tokens,min,88076.00
156,1780554516323170560,1780554517323170560,Usage Prompt Tokens,tokens,max,88076.00
156,1780554516323170560,1780554517323170560,Usage Prompt Tokens,tokens,sum,88076.00
156,1780554516323170560,1780554517323170560,Usage Prompt Tokens,tokens,p1,88076.00
156,1780554516323170560,1780554517323170560,Usage Prompt Tokens,tokens,p5,88076.00
156,1780554516323170560,1780554517323170560,Usage Prompt Tokens,tokens,p10,88076.00
156,1780554516323170560,1780554517323170560,Usage Prompt Tokens,tokens,p25,88076.00
156,1780554516323170560,1780554517323170560,Usage Prompt Tokens,tokens,p50,88076.00
156,1780554516323170560,1780554517323170560,Usage Prompt Tokens,tokens,p75,88076.00
156,1780554516323170560,1780554517323170560,Usage Prompt Tokens,tokens,p90,88076.00
156,1780554516323170560,1780554517323170560,Usage Prompt Tokens,tokens,p95,88076.00
156,1780554516323170560,1780554517323170560,Usage Prompt Tokens,tokens,p99,88076.00
156,1780554516323170560,1780554517323170560,Usage Prompt Tokens,tokens,std,0.00
156,1780554516323170560,1780554517323170560,Usage Total Tokens,tokens,avg,88593.00
156,1780554516323170560,1780554517323170560,Usage Total Tokens,tokens,min,88593.00
156,1780554516323170560,1780554517323170560,Usage Total Tokens,tokens,max,88593.00
156,1780554516323170560,1780554517323170560,Usage Total Tokens,tokens,sum,88593.00
156,1780554516323170560,1780554517323170560,Usage Total Tokens,tokens,p1,88593.00
156,1780554516323170560,1780554517323170560,Usage Total Tokens,tokens,p5,88593.00
156,1780554516323170560,1780554517323170560,Usage Total Tokens,tokens,p10,88593.00
156,1780554516323170560,1780554517323170560,Usage Total Tokens,tokens,p25,88593.00
156,1780554516323170560,1780554517323170560,Usage Total Tokens,tokens,p50,88593.00
156,1780554516323170560,1780554517323170560,Usage Total Tokens,tokens,p75,88593.00
156,1780554516323170560,1780554517323170560,Usage Total Tokens,tokens,p90,88593.00
156,1780554516323170560,1780554517323170560,Usage Total Tokens,tokens,p95,88593.00
156,1780554516323170560,1780554517323170560,Usage Total Tokens,tokens,p99,88593.00
156,1780554516323170560,1780554517323170560,Usage Total Tokens,tokens,std,0.00
157,1780554518323170560,1780554519323170560,Active Decode Throughput,tokens/sec,avg,77.19
157,1780554518323170560,1780554519323170560,Active Decode Throughput,tokens/sec,min,69.31
157,1780554518323170560,1780554519323170560,Active Decode Throughput,tokens/sec,max,85.46
157,1780554518323170560,1780554519323170560,Active Decode Throughput,tokens/sec,p50,77.19
157,1780554518323170560,1780554519323170560,Active Decode Throughput,tokens/sec,p90,77.19
157,1780554518323170560,1780554519323170560,Active Decode Throughput,tokens/sec,p95,77.19
157,1780554518323170560,1780554519323170560,Active Decode Throughput,tokens/sec,p99,77.19
157,1780554518323170560,1780554519323170560,Active Decode Throughput,tokens/sec,std,0.02
157,1780554518323170560,1780554519323170560,Active Decode Throughput Per User,tokens/sec/user,avg,7.02
157,1780554518323170560,1780554519323170560,Active Decode Throughput Per User,tokens/sec/user,min,6.30
157,1780554518323170560,1780554519323170560,Active Decode Throughput Per User,tokens/sec/user,max,7.77
157,1780554518323170560,1780554519323170560,Active Decode Throughput Per User,tokens/sec/user,p50,7.02
157,1780554518323170560,1780554519323170560,Active Decode Throughput Per User,tokens/sec/user,p90,7.02
157,1780554518323170560,1780554519323170560,Active Decode Throughput Per User,tokens/sec/user,p95,7.02
157,1780554518323170560,1780554519323170560,Active Decode Throughput Per User,tokens/sec/user,p99,7.02
157,1780554518323170560,1780554519323170560,Active Decode Throughput Per User,tokens/sec/user,std,0.00
157,1780554518323170560,1780554519323170560,Active Prefill Throughput,tokens/sec,avg,26479.09
157,1780554518323170560,1780554519323170560,Active Prefill Throughput,tokens/sec,min,23723.85
157,1780554518323170560,1780554519323170560,Active Prefill Throughput,tokens/sec,max,27433.40
157,1780554518323170560,1780554519323170560,Active Prefill Throughput,tokens/sec,p50,27433.40
157,1780554518323170560,1780554519323170560,Active Prefill Throughput,tokens/sec,p90,27433.40
157,1780554518323170560,1780554519323170560,Active Prefill Throughput,tokens/sec,p95,27433.40
157,1780554518323170560,1780554519323170560,Active Prefill Throughput,tokens/sec,p99,27433.40
157,1780554518323170560,1780554519323170560,Active Prefill Throughput,tokens/sec,std,1621.53
157,1780554518323170560,1780554519323170560,Active Prefill Throughput Per User,tokens/sec/user,avg,16291.13
157,1780554518323170560,1780554519323170560,Active Prefill Throughput Per User,tokens/sec/user,min,13716.70
157,1780554518323170560,1780554519323170560,Active Prefill Throughput Per User,tokens/sec/user,max,23723.85
157,1780554518323170560,1780554519323170560,Active Prefill Throughput Per User,tokens/sec/user,p50,13716.70
157,1780554518323170560,1780554519323170560,Active Prefill Throughput Per User,tokens/sec/user,p90,23723.85
157,1780554518323170560,1780554519323170560,Active Prefill Throughput Per User,tokens/sec/user,p95,23723.85
157,1780554518323170560,1780554519323170560,Active Prefill Throughput Per User,tokens/sec/user,p99,23723.85
157,1780554518323170560,1780554519323170560,Active Prefill Throughput Per User,tokens/sec/user,std,4374.36
157,1780554518323170560,1780554519323170560,Active Total Throughput,tokens/sec,avg,26599.41
157,1780554518323170560,1780554519323170560,Active Total Throughput,tokens/sec,min,23844.17
157,1780554518323170560,1780554519323170560,Active Total Throughput,tokens/sec,max,27553.73
157,1780554518323170560,1780554519323170560,Active Total Throughput,tokens/sec,p50,27553.73
157,1780554518323170560,1780554519323170560,Active Total Throughput,tokens/sec,p90,27553.73
157,1780554518323170560,1780554519323170560,Active Total Throughput,tokens/sec,p95,27553.73
157,1780554518323170560,1780554519323170560,Active Total Throughput,tokens/sec,p99,27553.73
157,1780554518323170560,1780554519323170560,Active Total Throughput,tokens/sec,std,1621.53
157,1780554518323170560,1780554519323170560,Benchmark Duration,sec,avg,85.16
157,1780554518323170560,1780554519323170560,E2E Output Token Throughput,tokens/sec/user,avg,7.10
157,1780554518323170560,1780554519323170560,E2E Output Token Throughput,tokens/sec/user,min,7.10
157,1780554518323170560,1780554519323170560,E2E Output Token Throughput,tokens/sec/user,max,7.10
157,1780554518323170560,1780554519323170560,E2E Output Token Throughput,tokens/sec/user,sum,7.10
157,1780554518323170560,1780554519323170560,E2E Output Token Throughput,tokens/sec/user,p1,7.10
157,1780554518323170560,1780554519323170560,E2E Output Token Throughput,tokens/sec/user,p5,7.10
157,1780554518323170560,1780554519323170560,E2E Output Token Throughput,tokens/sec/user,p10,7.10
157,1780554518323170560,1780554519323170560,E2E Output Token Throughput,tokens/sec/user,p25,7.10
157,1780554518323170560,1780554519323170560,E2E Output Token Throughput,tokens/sec/user,p50,7.10
157,1780554518323170560,1780554519323170560,E2E Output Token Throughput,tokens/sec/user,p75,7.10
157,1780554518323170560,1780554519323170560,E2E Output Token Throughput,tokens/sec/user,p90,7.10
157,1780554518323170560,1780554519323170560,E2E Output Token Throughput,tokens/sec/user,p95,7.10
157,1780554518323170560,1780554519323170560,E2E Output Token Throughput,tokens/sec/user,p99,7.10
157,1780554518323170560,1780554519323170560,E2E Output Token Throughput,tokens/sec/user,std,0.00
157,1780554518323170560,1780554519323170560,Effective Concurrency,requests,avg,12.74
157,1780554518323170560,1780554519323170560,Effective Concurrency,requests,min,12.00
157,1780554518323170560,1780554519323170560,Effective Concurrency,requests,max,13.00
157,1780554518323170560,1780554519323170560,Effective Concurrency,requests,p50,13.00
157,1780554518323170560,1780554519323170560,Effective Concurrency,requests,p90,13.00
157,1780554518323170560,1780554519323170560,Effective Concurrency,requests,p95,13.00
157,1780554518323170560,1780554519323170560,Effective Concurrency,requests,p99,13.00
157,1780554518323170560,1780554519323170560,Effective Concurrency,requests,std,0.44
157,1780554518323170560,1780554519323170560,Effective Decode Concurrency,requests,avg,11.00
157,1780554518323170560,1780554519323170560,Effective Decode Concurrency,requests,min,11.00
157,1780554518323170560,1780554519323170560,Effective Decode Concurrency,requests,max,11.00
157,1780554518323170560,1780554519323170560,Effective Decode Concurrency,requests,p50,11.00
157,1780554518323170560,1780554519323170560,Effective Decode Concurrency,requests,p90,11.00
157,1780554518323170560,1780554519323170560,Effective Decode Concurrency,requests,p95,11.00
157,1780554518323170560,1780554519323170560,Effective Decode Concurrency,requests,p99,11.00
157,1780554518323170560,1780554519323170560,Effective Decode Concurrency,requests,std,0.00
157,1780554518323170560,1780554519323170560,Effective Decode Throughput,tokens/sec,avg,77.19
157,1780554518323170560,1780554519323170560,Effective Decode Throughput,tokens/sec,min,69.31
157,1780554518323170560,1780554519323170560,Effective Decode Throughput,tokens/sec,max,85.46
157,1780554518323170560,1780554519323170560,Effective Decode Throughput,tokens/sec,p50,77.19
157,1780554518323170560,1780554519323170560,Effective Decode Throughput,tokens/sec,p90,77.19
157,1780554518323170560,1780554519323170560,Effective Decode Throughput,tokens/sec,p95,77.19
157,1780554518323170560,1780554519323170560,Effective Decode Throughput,tokens/sec,p99,77.19
157,1780554518323170560,1780554519323170560,Effective Decode Throughput,tokens/sec,std,0.02
157,1780554518323170560,1780554519323170560,Effective Decode Throughput Per User,tokens/sec/user,avg,7.02
157,1780554518323170560,1780554519323170560,Effective Decode Throughput Per User,tokens/sec/user,min,6.30
157,1780554518323170560,1780554519323170560,Effective Decode Throughput Per User,tokens/sec/user,max,7.77
157,1780554518323170560,1780554519323170560,Effective Decode Throughput Per User,tokens/sec/user,p50,7.02
157,1780554518323170560,1780554519323170560,Effective Decode Throughput Per User,tokens/sec/user,p90,7.02
157,1780554518323170560,1780554519323170560,Effective Decode Throughput Per User,tokens/sec/user,p95,7.02
157,1780554518323170560,1780554519323170560,Effective Decode Throughput Per User,tokens/sec/user,p99,7.02
157,1780554518323170560,1780554519323170560,Effective Decode Throughput Per User,tokens/sec/user,std,0.00
157,1780554518323170560,1780554519323170560,Effective Prefill Concurrency,requests,avg,1.74
157,1780554518323170560,1780554519323170560,Effective Prefill Concurrency,requests,min,1.00
157,1780554518323170560,1780554519323170560,Effective Prefill Concurrency,requests,max,2.00
157,1780554518323170560,1780554519323170560,Effective Prefill Concurrency,requests,p50,2.00
157,1780554518323170560,1780554519323170560,Effective Prefill Concurrency,requests,p90,2.00
157,1780554518323170560,1780554519323170560,Effective Prefill Concurrency,requests,p95,2.00
157,1780554518323170560,1780554519323170560,Effective Prefill Concurrency,requests,p99,2.00
157,1780554518323170560,1780554519323170560,Effective Prefill Concurrency,requests,std,0.44
157,1780554518323170560,1780554519323170560,Effective Prefill Throughput,tokens/sec,avg,26479.09
157,1780554518323170560,1780554519323170560,Effective Prefill Throughput,tokens/sec,min,23723.85
157,1780554518323170560,1780554519323170560,Effective Prefill Throughput,tokens/sec,max,27433.40
157,1780554518323170560,1780554519323170560,Effective Prefill Throughput,tokens/sec,p50,27433.40
157,1780554518323170560,1780554519323170560,Effective Prefill Throughput,tokens/sec,p90,27433.40
157,1780554518323170560,1780554519323170560,Effective Prefill Throughput,tokens/sec,p95,27433.40
157,1780554518323170560,1780554519323170560,Effective Prefill Throughput,tokens/sec,p99,27433.40
157,1780554518323170560,1780554519323170560,Effective Prefill Throughput,tokens/sec,std,1621.53
157,1780554518323170560,1780554519323170560,Effective Prefill Throughput Per User,tokens/sec/user,avg,16291.13
157,1780554518323170560,1780554519323170560,Effective Prefill Throughput Per User,tokens/sec/user,min,13716.70
157,1780554518323170560,1780554519323170560,Effective Prefill Throughput Per User,tokens/sec/user,max,23723.85
157,1780554518323170560,1780554519323170560,Effective Prefill Throughput Per User,tokens/sec/user,p50,13716.70
157,1780554518323170560,1780554519323170560,Effective Prefill Throughput Per User,tokens/sec/user,p90,23723.85
157,1780554518323170560,1780554519323170560,Effective Prefill Throughput Per User,tokens/sec/user,p95,23723.85
157,1780554518323170560,1780554519323170560,Effective Prefill Throughput Per User,tokens/sec/user,p99,23723.85
157,1780554518323170560,1780554519323170560,Effective Prefill Throughput Per User,tokens/sec/user,std,4374.36
157,1780554518323170560,1780554519323170560,Effective Total Throughput,tokens/sec,avg,26599.41
157,1780554518323170560,1780554519323170560,Effective Total Throughput,tokens/sec,min,23844.17
157,1780554518323170560,1780554519323170560,Effective Total Throughput,tokens/sec,max,27553.73
157,1780554518323170560,1780554519323170560,Effective Total Throughput,tokens/sec,p50,27553.73
157,1780554518323170560,1780554519323170560,Effective Total Throughput,tokens/sec,p90,27553.73
157,1780554518323170560,1780554519323170560,Effective Total Throughput,tokens/sec,p95,27553.73
157,1780554518323170560,1780554519323170560,Effective Total Throughput,tokens/sec,p99,27553.73
157,1780554518323170560,1780554519323170560,Effective Total Throughput,tokens/sec,std,1621.53
157,1780554518323170560,1780554519323170560,HTTP Blocked,ms,avg,0.00
157,1780554518323170560,1780554519323170560,HTTP Blocked,ms,min,0.00
157,1780554518323170560,1780554519323170560,HTTP Blocked,ms,max,0.00
157,1780554518323170560,1780554519323170560,HTTP Blocked,ms,sum,0.00
157,1780554518323170560,1780554519323170560,HTTP Blocked,ms,p1,0.00
157,1780554518323170560,1780554519323170560,HTTP Blocked,ms,p5,0.00
157,1780554518323170560,1780554519323170560,HTTP Blocked,ms,p10,0.00
157,1780554518323170560,1780554519323170560,HTTP Blocked,ms,p25,0.00
157,1780554518323170560,1780554519323170560,HTTP Blocked,ms,p50,0.00
157,1780554518323170560,1780554519323170560,HTTP Blocked,ms,p75,0.00
157,1780554518323170560,1780554519323170560,HTTP Blocked,ms,p90,0.00
157,1780554518323170560,1780554519323170560,HTTP Blocked,ms,p95,0.00
157,1780554518323170560,1780554519323170560,HTTP Blocked,ms,p99,0.00
157,1780554518323170560,1780554519323170560,HTTP Blocked,ms,std,0.00
157,1780554518323170560,1780554519323170560,HTTP Chunks Received,count,avg,605.00
157,1780554518323170560,1780554519323170560,HTTP Chunks Received,count,min,605.00
157,1780554518323170560,1780554519323170560,HTTP Chunks Received,count,max,605.00
157,1780554518323170560,1780554519323170560,HTTP Chunks Received,count,sum,605.00
157,1780554518323170560,1780554519323170560,HTTP Chunks Received,count,p1,605.00
157,1780554518323170560,1780554519323170560,HTTP Chunks Received,count,p5,605.00
157,1780554518323170560,1780554519323170560,HTTP Chunks Received,count,p10,605.00
157,1780554518323170560,1780554519323170560,HTTP Chunks Received,count,p25,605.00
157,1780554518323170560,1780554519323170560,HTTP Chunks Received,count,p50,605.00
157,1780554518323170560,1780554519323170560,HTTP Chunks Received,count,p75,605.00
157,1780554518323170560,1780554519323170560,HTTP Chunks Received,count,p90,605.00
157,1780554518323170560,1780554519323170560,HTTP Chunks Received,count,p95,605.00
157,1780554518323170560,1780554519323170560,HTTP Chunks Received,count,p99,605.00
157,1780554518323170560,1780554519323170560,HTTP Chunks Received,count,std,0.00
157,1780554518323170560,1780554519323170560,HTTP Chunks Sent,count,avg,1.00
157,1780554518323170560,1780554519323170560,HTTP Chunks Sent,count,min,1.00
157,1780554518323170560,1780554519323170560,HTTP Chunks Sent,count,max,1.00
157,1780554518323170560,1780554519323170560,HTTP Chunks Sent,count,sum,1.00
157,1780554518323170560,1780554519323170560,HTTP Chunks Sent,count,p1,1.00
157,1780554518323170560,1780554519323170560,HTTP Chunks Sent,count,p5,1.00
157,1780554518323170560,1780554519323170560,HTTP Chunks Sent,count,p10,1.00
157,1780554518323170560,1780554519323170560,HTTP Chunks Sent,count,p25,1.00
157,1780554518323170560,1780554519323170560,HTTP Chunks Sent,count,p50,1.00
157,1780554518323170560,1780554519323170560,HTTP Chunks Sent,count,p75,1.00
157,1780554518323170560,1780554519323170560,HTTP Chunks Sent,count,p90,1.00
157,1780554518323170560,1780554519323170560,HTTP Chunks Sent,count,p95,1.00
157,1780554518323170560,1780554519323170560,HTTP Chunks Sent,count,p99,1.00
157,1780554518323170560,1780554519323170560,HTTP Chunks Sent,count,std,0.00
157,1780554518323170560,1780554519323170560,HTTP Connecting,ms,avg,0.00
157,1780554518323170560,1780554519323170560,HTTP Connecting,ms,min,0.00
157,1780554518323170560,1780554519323170560,HTTP Connecting,ms,max,0.00
157,1780554518323170560,1780554519323170560,HTTP Connecting,ms,sum,0.00
157,1780554518323170560,1780554519323170560,HTTP Connecting,ms,p1,0.00
157,1780554518323170560,1780554519323170560,HTTP Connecting,ms,p5,0.00
157,1780554518323170560,1780554519323170560,HTTP Connecting,ms,p10,0.00
157,1780554518323170560,1780554519323170560,HTTP Connecting,ms,p25,0.00
157,1780554518323170560,1780554519323170560,HTTP Connecting,ms,p50,0.00
157,1780554518323170560,1780554519323170560,HTTP Connecting,ms,p75,0.00
157,1780554518323170560,1780554519323170560,HTTP Connecting,ms,p90,0.00
157,1780554518323170560,1780554519323170560,HTTP Connecting,ms,p95,0.00
157,1780554518323170560,1780554519323170560,HTTP Connecting,ms,p99,0.00
157,1780554518323170560,1780554519323170560,HTTP Connecting,ms,std,0.00
157,1780554518323170560,1780554519323170560,HTTP Connection Overhead,ms,avg,0.00
157,1780554518323170560,1780554519323170560,HTTP Connection Overhead,ms,min,0.00
157,1780554518323170560,1780554519323170560,HTTP Connection Overhead,ms,max,0.00
157,1780554518323170560,1780554519323170560,HTTP Connection Overhead,ms,sum,0.00
157,1780554518323170560,1780554519323170560,HTTP Connection Overhead,ms,p1,0.00
157,1780554518323170560,1780554519323170560,HTTP Connection Overhead,ms,p5,0.00
157,1780554518323170560,1780554519323170560,HTTP Connection Overhead,ms,p10,0.00
157,1780554518323170560,1780554519323170560,HTTP Connection Overhead,ms,p25,0.00
157,1780554518323170560,1780554519323170560,HTTP Connection Overhead,ms,p50,0.00
157,1780554518323170560,1780554519323170560,HTTP Connection Overhead,ms,p75,0.00
157,1780554518323170560,1780554519323170560,HTTP Connection Overhead,ms,p90,0.00
157,1780554518323170560,1780554519323170560,HTTP Connection Overhead,ms,p95,0.00
157,1780554518323170560,1780554519323170560,HTTP Connection Overhead,ms,p99,0.00
157,1780554518323170560,1780554519323170560,HTTP Connection Overhead,ms,std,0.00
157,1780554518323170560,1780554519323170560,HTTP Connection Reused,ratio,avg,1.00
157,1780554518323170560,1780554519323170560,HTTP Connection Reused,ratio,min,1.00
157,1780554518323170560,1780554519323170560,HTTP Connection Reused,ratio,max,1.00
157,1780554518323170560,1780554519323170560,HTTP Connection Reused,ratio,sum,1.00
157,1780554518323170560,1780554519323170560,HTTP Connection Reused,ratio,p1,1.00
157,1780554518323170560,1780554519323170560,HTTP Connection Reused,ratio,p5,1.00
157,1780554518323170560,1780554519323170560,HTTP Connection Reused,ratio,p10,1.00
157,1780554518323170560,1780554519323170560,HTTP Connection Reused,ratio,p25,1.00
157,1780554518323170560,1780554519323170560,HTTP Connection Reused,ratio,p50,1.00
157,1780554518323170560,1780554519323170560,HTTP Connection Reused,ratio,p75,1.00
157,1780554518323170560,1780554519323170560,HTTP Connection Reused,ratio,p90,1.00
157,1780554518323170560,1780554519323170560,HTTP Connection Reused,ratio,p95,1.00
157,1780554518323170560,1780554519323170560,HTTP Connection Reused,ratio,p99,1.00
157,1780554518323170560,1780554519323170560,HTTP Connection Reused,ratio,std,0.00
157,1780554518323170560,1780554519323170560,HTTP Data Received,KB,avg,151.10
157,1780554518323170560,1780554519323170560,HTTP Data Received,KB,min,151.10
157,1780554518323170560,1780554519323170560,HTTP Data Received,KB,max,151.10
157,1780554518323170560,1780554519323170560,HTTP Data Received,KB,sum,151.10
157,1780554518323170560,1780554519323170560,HTTP Data Received,KB,p1,151.10
157,1780554518323170560,1780554519323170560,HTTP Data Received,KB,p5,151.10
157,1780554518323170560,1780554519323170560,HTTP Data Received,KB,p10,151.10
157,1780554518323170560,1780554519323170560,HTTP Data Received,KB,p25,151.10
157,1780554518323170560,1780554519323170560,HTTP Data Received,KB,p50,151.10
157,1780554518323170560,1780554519323170560,HTTP Data Received,KB,p75,151.10
157,1780554518323170560,1780554519323170560,HTTP Data Received,KB,p90,151.10
157,1780554518323170560,1780554519323170560,HTTP Data Received,KB,p95,151.10
157,1780554518323170560,1780554519323170560,HTTP Data Received,KB,p99,151.10
157,1780554518323170560,1780554519323170560,HTTP Data Received,KB,std,0.00
157,1780554518323170560,1780554519323170560,HTTP Data Sent,KB,avg,238.74
157,1780554518323170560,1780554519323170560,HTTP Data Sent,KB,min,238.74
157,1780554518323170560,1780554519323170560,HTTP Data Sent,KB,max,238.74
157,1780554518323170560,1780554519323170560,HTTP Data Sent,KB,sum,238.74
157,1780554518323170560,1780554519323170560,HTTP Data Sent,KB,p1,238.74
157,1780554518323170560,1780554519323170560,HTTP Data Sent,KB,p5,238.74
157,1780554518323170560,1780554519323170560,HTTP Data Sent,KB,p10,238.74
157,1780554518323170560,1780554519323170560,HTTP Data Sent,KB,p25,238.74
157,1780554518323170560,1780554519323170560,HTTP Data Sent,KB,p50,238.74
157,1780554518323170560,1780554519323170560,HTTP Data Sent,KB,p75,238.74
157,1780554518323170560,1780554519323170560,HTTP Data Sent,KB,p90,238.74
157,1780554518323170560,1780554519323170560,HTTP Data Sent,KB,p95,238.74
157,1780554518323170560,1780554519323170560,HTTP Data Sent,KB,p99,238.74
157,1780554518323170560,1780554519323170560,HTTP Data Sent,KB,std,0.00
157,1780554518323170560,1780554519323170560,HTTP DNS Lookup,ms,avg,0.00
157,1780554518323170560,1780554519323170560,HTTP DNS Lookup,ms,min,0.00
157,1780554518323170560,1780554519323170560,HTTP DNS Lookup,ms,max,0.00
157,1780554518323170560,1780554519323170560,HTTP DNS Lookup,ms,sum,0.00
157,1780554518323170560,1780554519323170560,HTTP DNS Lookup,ms,p1,0.00
157,1780554518323170560,1780554519323170560,HTTP DNS Lookup,ms,p5,0.00
157,1780554518323170560,1780554519323170560,HTTP DNS Lookup,ms,p10,0.00
157,1780554518323170560,1780554519323170560,HTTP DNS Lookup,ms,p25,0.00
157,1780554518323170560,1780554519323170560,HTTP DNS Lookup,ms,p50,0.00
157,1780554518323170560,1780554519323170560,HTTP DNS Lookup,ms,p75,0.00
157,1780554518323170560,1780554519323170560,HTTP DNS Lookup,ms,p90,0.00
157,1780554518323170560,1780554519323170560,HTTP DNS Lookup,ms,p95,0.00
157,1780554518323170560,1780554519323170560,HTTP DNS Lookup,ms,p99,0.00
157,1780554518323170560,1780554519323170560,HTTP DNS Lookup,ms,std,0.00
157,1780554518323170560,1780554519323170560,HTTP Duration (excl. conn),ms,avg,85161.00
157,1780554518323170560,1780554519323170560,HTTP Duration (excl. conn),ms,min,85161.00
157,1780554518323170560,1780554519323170560,HTTP Duration (excl. conn),ms,max,85161.00
157,1780554518323170560,1780554519323170560,HTTP Duration (excl. conn),ms,sum,85161.00
157,1780554518323170560,1780554519323170560,HTTP Duration (excl. conn),ms,p1,85161.00
157,1780554518323170560,1780554519323170560,HTTP Duration (excl. conn),ms,p5,85161.00
157,1780554518323170560,1780554519323170560,HTTP Duration (excl. conn),ms,p10,85161.00
157,1780554518323170560,1780554519323170560,HTTP Duration (excl. conn),ms,p25,85161.00
157,1780554518323170560,1780554519323170560,HTTP Duration (excl. conn),ms,p50,85161.00
157,1780554518323170560,1780554519323170560,HTTP Duration (excl. conn),ms,p75,85161.00
157,1780554518323170560,1780554519323170560,HTTP Duration (excl. conn),ms,p90,85161.00
157,1780554518323170560,1780554519323170560,HTTP Duration (excl. conn),ms,p95,85161.00
157,1780554518323170560,1780554519323170560,HTTP Duration (excl. conn),ms,p99,85161.00
157,1780554518323170560,1780554519323170560,HTTP Duration (excl. conn),ms,std,0.00
157,1780554518323170560,1780554519323170560,HTTP Receiving,ms,avg,68533.55
157,1780554518323170560,1780554519323170560,HTTP Receiving,ms,min,68533.55
157,1780554518323170560,1780554519323170560,HTTP Receiving,ms,max,68533.55
157,1780554518323170560,1780554519323170560,HTTP Receiving,ms,sum,68533.55
157,1780554518323170560,1780554519323170560,HTTP Receiving,ms,p1,68533.55
157,1780554518323170560,1780554519323170560,HTTP Receiving,ms,p5,68533.55
157,1780554518323170560,1780554519323170560,HTTP Receiving,ms,p10,68533.55
157,1780554518323170560,1780554519323170560,HTTP Receiving,ms,p25,68533.55
157,1780554518323170560,1780554519323170560,HTTP Receiving,ms,p50,68533.55
157,1780554518323170560,1780554519323170560,HTTP Receiving,ms,p75,68533.55
157,1780554518323170560,1780554519323170560,HTTP Receiving,ms,p90,68533.55
157,1780554518323170560,1780554519323170560,HTTP Receiving,ms,p95,68533.55
157,1780554518323170560,1780554519323170560,HTTP Receiving,ms,p99,68533.55
157,1780554518323170560,1780554519323170560,HTTP Receiving,ms,std,0.00
157,1780554518323170560,1780554519323170560,HTTP Sending,ms,avg,0.28
157,1780554518323170560,1780554519323170560,HTTP Sending,ms,min,0.28
157,1780554518323170560,1780554519323170560,HTTP Sending,ms,max,0.28
157,1780554518323170560,1780554519323170560,HTTP Sending,ms,sum,0.28
157,1780554518323170560,1780554519323170560,HTTP Sending,ms,p1,0.28
157,1780554518323170560,1780554519323170560,HTTP Sending,ms,p5,0.28
157,1780554518323170560,1780554519323170560,HTTP Sending,ms,p10,0.28
157,1780554518323170560,1780554519323170560,HTTP Sending,ms,p25,0.28
157,1780554518323170560,1780554519323170560,HTTP Sending,ms,p50,0.28
157,1780554518323170560,1780554519323170560,HTTP Sending,ms,p75,0.28
157,1780554518323170560,1780554519323170560,HTTP Sending,ms,p90,0.28
157,1780554518323170560,1780554519323170560,HTTP Sending,ms,p95,0.28
157,1780554518323170560,1780554519323170560,HTTP Sending,ms,p99,0.28
157,1780554518323170560,1780554519323170560,HTTP Sending,ms,std,0.00
157,1780554518323170560,1780554519323170560,HTTP Total Time,ms,avg,85161.00
157,1780554518323170560,1780554519323170560,HTTP Total Time,ms,min,85161.00
157,1780554518323170560,1780554519323170560,HTTP Total Time,ms,max,85161.00
157,1780554518323170560,1780554519323170560,HTTP Total Time,ms,sum,85161.00
157,1780554518323170560,1780554519323170560,HTTP Total Time,ms,p1,85161.00
157,1780554518323170560,1780554519323170560,HTTP Total Time,ms,p5,85161.00
157,1780554518323170560,1780554519323170560,HTTP Total Time,ms,p10,85161.00
157,1780554518323170560,1780554519323170560,HTTP Total Time,ms,p25,85161.00
157,1780554518323170560,1780554519323170560,HTTP Total Time,ms,p50,85161.00
157,1780554518323170560,1780554519323170560,HTTP Total Time,ms,p75,85161.00
157,1780554518323170560,1780554519323170560,HTTP Total Time,ms,p90,85161.00
157,1780554518323170560,1780554519323170560,HTTP Total Time,ms,p95,85161.00
157,1780554518323170560,1780554519323170560,HTTP Total Time,ms,p99,85161.00
157,1780554518323170560,1780554519323170560,HTTP Total Time,ms,std,0.00
157,1780554518323170560,1780554519323170560,HTTP Waiting (TTFB),ms,avg,16627.18
157,1780554518323170560,1780554519323170560,HTTP Waiting (TTFB),ms,min,16627.18
157,1780554518323170560,1780554519323170560,HTTP Waiting (TTFB),ms,max,16627.18
157,1780554518323170560,1780554519323170560,HTTP Waiting (TTFB),ms,sum,16627.18
157,1780554518323170560,1780554519323170560,HTTP Waiting (TTFB),ms,p1,16627.18
157,1780554518323170560,1780554519323170560,HTTP Waiting (TTFB),ms,p5,16627.18
157,1780554518323170560,1780554519323170560,HTTP Waiting (TTFB),ms,p10,16627.18
157,1780554518323170560,1780554519323170560,HTTP Waiting (TTFB),ms,p25,16627.18
157,1780554518323170560,1780554519323170560,HTTP Waiting (TTFB),ms,p50,16627.18
157,1780554518323170560,1780554519323170560,HTTP Waiting (TTFB),ms,p75,16627.18
157,1780554518323170560,1780554519323170560,HTTP Waiting (TTFB),ms,p90,16627.18
157,1780554518323170560,1780554519323170560,HTTP Waiting (TTFB),ms,p95,16627.18
157,1780554518323170560,1780554519323170560,HTTP Waiting (TTFB),ms,p99,16627.18
157,1780554518323170560,1780554519323170560,HTTP Waiting (TTFB),ms,std,0.00
157,1780554518323170560,1780554519323170560,Input Sequence Length,tokens,avg,61681.00
157,1780554518323170560,1780554519323170560,Input Sequence Length,tokens,min,61681.00
157,1780554518323170560,1780554519323170560,Input Sequence Length,tokens,max,61681.00
157,1780554518323170560,1780554519323170560,Input Sequence Length,tokens,sum,61681.00
157,1780554518323170560,1780554519323170560,Input Sequence Length,tokens,p1,61681.00
157,1780554518323170560,1780554519323170560,Input Sequence Length,tokens,p5,61681.00
157,1780554518323170560,1780554519323170560,Input Sequence Length,tokens,p10,61681.00
157,1780554518323170560,1780554519323170560,Input Sequence Length,tokens,p25,61681.00
157,1780554518323170560,1780554519323170560,Input Sequence Length,tokens,p50,61681.00
157,1780554518323170560,1780554519323170560,Input Sequence Length,tokens,p75,61681.00
157,1780554518323170560,1780554519323170560,Input Sequence Length,tokens,p90,61681.00
157,1780554518323170560,1780554519323170560,Input Sequence Length,tokens,p95,61681.00
157,1780554518323170560,1780554519323170560,Input Sequence Length,tokens,p99,61681.00
157,1780554518323170560,1780554519323170560,Input Sequence Length,tokens,std,0.00
157,1780554518323170560,1780554519323170560,Input Token Throughput,tokens/sec,avg,61681.00
157,1780554518323170560,1780554519323170560,Inter Chunk Latency,ms,avg,136.22
157,1780554518323170560,1780554519323170560,Inter Chunk Latency,ms,min,136.04
157,1780554518323170560,1780554519323170560,Inter Chunk Latency,ms,max,136.40
157,1780554518323170560,1780554519323170560,Inter Chunk Latency,ms,sum,81729.15
157,1780554518323170560,1780554519323170560,Inter Chunk Latency,ms,p1,136.04
157,1780554518323170560,1780554519323170560,Inter Chunk Latency,ms,p5,136.06
157,1780554518323170560,1780554519323170560,Inter Chunk Latency,ms,p10,136.08
157,1780554518323170560,1780554519323170560,Inter Chunk Latency,ms,p25,136.13
157,1780554518323170560,1780554519323170560,Inter Chunk Latency,ms,p50,136.21
157,1780554518323170560,1780554519323170560,Inter Chunk Latency,ms,p75,136.30
157,1780554518323170560,1780554519323170560,Inter Chunk Latency,ms,p90,136.35
157,1780554518323170560,1780554519323170560,Inter Chunk Latency,ms,p95,136.38
157,1780554518323170560,1780554519323170560,Inter Chunk Latency,ms,p99,136.39
157,1780554518323170560,1780554519323170560,Inter Chunk Latency,ms,std,0.10
157,1780554518323170560,1780554519323170560,Inter Token Latency,ms,avg,113.47
157,1780554518323170560,1780554519323170560,Inter Token Latency,ms,min,113.47
157,1780554518323170560,1780554519323170560,Inter Token Latency,ms,max,113.47
157,1780554518323170560,1780554519323170560,Inter Token Latency,ms,sum,113.47
157,1780554518323170560,1780554519323170560,Inter Token Latency,ms,p1,113.47
157,1780554518323170560,1780554519323170560,Inter Token Latency,ms,p5,113.47
157,1780554518323170560,1780554519323170560,Inter Token Latency,ms,p10,113.47
157,1780554518323170560,1780554519323170560,Inter Token Latency,ms,p25,113.47
157,1780554518323170560,1780554519323170560,Inter Token Latency,ms,p50,113.47
157,1780554518323170560,1780554519323170560,Inter Token Latency,ms,p75,113.47
157,1780554518323170560,1780554519323170560,Inter Token Latency,ms,p90,113.47
157,1780554518323170560,1780554519323170560,Inter Token Latency,ms,p95,113.47
157,1780554518323170560,1780554519323170560,Inter Token Latency,ms,p99,113.47
157,1780554518323170560,1780554519323170560,Inter Token Latency,ms,std,0.00
157,1780554518323170560,1780554519323170560,Maximum Response Timestamp,ns,avg,1780554603741565696.00
157,1780554518323170560,1780554519323170560,Minimum Request Timestamp,ns,avg,1780554518580429056.00
157,1780554518323170560,1780554519323170560,OSL Mismatch Count,requests,avg,0.00
157,1780554518323170560,1780554519323170560,OSL Mismatch Diff %,%,avg,0.00
157,1780554518323170560,1780554519323170560,OSL Mismatch Diff %,%,min,0.00
157,1780554518323170560,1780554519323170560,OSL Mismatch Diff %,%,max,0.00
157,1780554518323170560,1780554519323170560,OSL Mismatch Diff %,%,sum,0.00
157,1780554518323170560,1780554519323170560,OSL Mismatch Diff %,%,p1,0.00
157,1780554518323170560,1780554519323170560,OSL Mismatch Diff %,%,p5,0.00
157,1780554518323170560,1780554519323170560,OSL Mismatch Diff %,%,p10,0.00
157,1780554518323170560,1780554519323170560,OSL Mismatch Diff %,%,p25,0.00
157,1780554518323170560,1780554519323170560,OSL Mismatch Diff %,%,p50,0.00
157,1780554518323170560,1780554519323170560,OSL Mismatch Diff %,%,p75,0.00
157,1780554518323170560,1780554519323170560,OSL Mismatch Diff %,%,p90,0.00
157,1780554518323170560,1780554519323170560,OSL Mismatch Diff %,%,p95,0.00
157,1780554518323170560,1780554519323170560,OSL Mismatch Diff %,%,p99,0.00
157,1780554518323170560,1780554519323170560,OSL Mismatch Diff %,%,std,0.00
157,1780554518323170560,1780554519323170560,Output Sequence Length,tokens,avg,605.00
157,1780554518323170560,1780554519323170560,Output Sequence Length,tokens,min,605.00
157,1780554518323170560,1780554519323170560,Output Sequence Length,tokens,max,605.00
157,1780554518323170560,1780554519323170560,Output Sequence Length,tokens,sum,605.00
157,1780554518323170560,1780554519323170560,Output Sequence Length,tokens,p1,605.00
157,1780554518323170560,1780554519323170560,Output Sequence Length,tokens,p5,605.00
157,1780554518323170560,1780554519323170560,Output Sequence Length,tokens,p10,605.00
157,1780554518323170560,1780554519323170560,Output Sequence Length,tokens,p25,605.00
157,1780554518323170560,1780554519323170560,Output Sequence Length,tokens,p50,605.00
157,1780554518323170560,1780554519323170560,Output Sequence Length,tokens,p75,605.00
157,1780554518323170560,1780554519323170560,Output Sequence Length,tokens,p90,605.00
157,1780554518323170560,1780554519323170560,Output Sequence Length,tokens,p95,605.00
157,1780554518323170560,1780554519323170560,Output Sequence Length,tokens,p99,605.00
157,1780554518323170560,1780554519323170560,Output Sequence Length,tokens,std,0.00
157,1780554518323170560,1780554519323170560,Output Token Count,tokens,avg,605.00
157,1780554518323170560,1780554519323170560,Output Token Count,tokens,min,605.00
157,1780554518323170560,1780554519323170560,Output Token Count,tokens,max,605.00
157,1780554518323170560,1780554519323170560,Output Token Count,tokens,sum,605.00
157,1780554518323170560,1780554519323170560,Output Token Count,tokens,p1,605.00
157,1780554518323170560,1780554519323170560,Output Token Count,tokens,p5,605.00
157,1780554518323170560,1780554519323170560,Output Token Count,tokens,p10,605.00
157,1780554518323170560,1780554519323170560,Output Token Count,tokens,p25,605.00
157,1780554518323170560,1780554519323170560,Output Token Count,tokens,p50,605.00
157,1780554518323170560,1780554519323170560,Output Token Count,tokens,p75,605.00
157,1780554518323170560,1780554519323170560,Output Token Count,tokens,p90,605.00
157,1780554518323170560,1780554519323170560,Output Token Count,tokens,p95,605.00
157,1780554518323170560,1780554519323170560,Output Token Count,tokens,p99,605.00
157,1780554518323170560,1780554519323170560,Output Token Count,tokens,std,0.00
157,1780554518323170560,1780554519323170560,Output Token Throughput,tokens/sec,avg,605.00
157,1780554518323170560,1780554519323170560,Output Token Throughput Per User,tokens/sec/user,avg,8.81
157,1780554518323170560,1780554519323170560,Output Token Throughput Per User,tokens/sec/user,min,8.81
157,1780554518323170560,1780554519323170560,Output Token Throughput Per User,tokens/sec/user,max,8.81
157,1780554518323170560,1780554519323170560,Output Token Throughput Per User,tokens/sec/user,sum,8.81
157,1780554518323170560,1780554519323170560,Output Token Throughput Per User,tokens/sec/user,p1,8.81
157,1780554518323170560,1780554519323170560,Output Token Throughput Per User,tokens/sec/user,p5,8.81
157,1780554518323170560,1780554519323170560,Output Token Throughput Per User,tokens/sec/user,p10,8.81
157,1780554518323170560,1780554519323170560,Output Token Throughput Per User,tokens/sec/user,p25,8.81
157,1780554518323170560,1780554519323170560,Output Token Throughput Per User,tokens/sec/user,p50,8.81
157,1780554518323170560,1780554519323170560,Output Token Throughput Per User,tokens/sec/user,p75,8.81
157,1780554518323170560,1780554519323170560,Output Token Throughput Per User,tokens/sec/user,p90,8.81
157,1780554518323170560,1780554519323170560,Output Token Throughput Per User,tokens/sec/user,p95,8.81
157,1780554518323170560,1780554519323170560,Output Token Throughput Per User,tokens/sec/user,p99,8.81
157,1780554518323170560,1780554519323170560,Output Token Throughput Per User,tokens/sec/user,std,0.00
157,1780554518323170560,1780554519323170560,Prefill Throughput Per User,tokens/sec/user,avg,3709.55
157,1780554518323170560,1780554519323170560,Prefill Throughput Per User,tokens/sec/user,min,3709.55
157,1780554518323170560,1780554519323170560,Prefill Throughput Per User,tokens/sec/user,max,3709.55
157,1780554518323170560,1780554519323170560,Prefill Throughput Per User,tokens/sec/user,sum,3709.55
157,1780554518323170560,1780554519323170560,Prefill Throughput Per User,tokens/sec/user,p1,3709.55
157,1780554518323170560,1780554519323170560,Prefill Throughput Per User,tokens/sec/user,p5,3709.55
157,1780554518323170560,1780554519323170560,Prefill Throughput Per User,tokens/sec/user,p10,3709.55
157,1780554518323170560,1780554519323170560,Prefill Throughput Per User,tokens/sec/user,p25,3709.55
157,1780554518323170560,1780554519323170560,Prefill Throughput Per User,tokens/sec/user,p50,3709.55
157,1780554518323170560,1780554519323170560,Prefill Throughput Per User,tokens/sec/user,p75,3709.55
157,1780554518323170560,1780554519323170560,Prefill Throughput Per User,tokens/sec/user,p90,3709.55
157,1780554518323170560,1780554519323170560,Prefill Throughput Per User,tokens/sec/user,p95,3709.55
157,1780554518323170560,1780554519323170560,Prefill Throughput Per User,tokens/sec/user,p99,3709.55
157,1780554518323170560,1780554519323170560,Prefill Throughput Per User,tokens/sec/user,std,0.00
157,1780554518323170560,1780554519323170560,Request Count,requests,avg,1.00
157,1780554518323170560,1780554519323170560,Request Latency,ms,avg,85161.14
157,1780554518323170560,1780554519323170560,Request Latency,ms,min,85161.14
157,1780554518323170560,1780554519323170560,Request Latency,ms,max,85161.14
157,1780554518323170560,1780554519323170560,Request Latency,ms,sum,85161.14
157,1780554518323170560,1780554519323170560,Request Latency,ms,p1,85161.14
157,1780554518323170560,1780554519323170560,Request Latency,ms,p5,85161.14
157,1780554518323170560,1780554519323170560,Request Latency,ms,p10,85161.14
157,1780554518323170560,1780554519323170560,Request Latency,ms,p25,85161.14
157,1780554518323170560,1780554519323170560,Request Latency,ms,p50,85161.14
157,1780554518323170560,1780554519323170560,Request Latency,ms,p75,85161.14
157,1780554518323170560,1780554519323170560,Request Latency,ms,p90,85161.14
157,1780554518323170560,1780554519323170560,Request Latency,ms,p95,85161.14
157,1780554518323170560,1780554519323170560,Request Latency,ms,p99,85161.14
157,1780554518323170560,1780554519323170560,Request Latency,ms,std,0.00
157,1780554518323170560,1780554519323170560,Request Throughput,requests/sec,avg,1.00
157,1780554518323170560,1780554519323170560,Requested OSL,tokens,avg,605.00
157,1780554518323170560,1780554519323170560,Requested OSL,tokens,min,605.00
157,1780554518323170560,1780554519323170560,Requested OSL,tokens,max,605.00
157,1780554518323170560,1780554519323170560,Requested OSL,tokens,sum,605.00
157,1780554518323170560,1780554519323170560,Requested OSL,tokens,p1,605.00
157,1780554518323170560,1780554519323170560,Requested OSL,tokens,p5,605.00
157,1780554518323170560,1780554519323170560,Requested OSL,tokens,p10,605.00
157,1780554518323170560,1780554519323170560,Requested OSL,tokens,p25,605.00
157,1780554518323170560,1780554519323170560,Requested OSL,tokens,p50,605.00
157,1780554518323170560,1780554519323170560,Requested OSL,tokens,p75,605.00
157,1780554518323170560,1780554519323170560,Requested OSL,tokens,p90,605.00
157,1780554518323170560,1780554519323170560,Requested OSL,tokens,p95,605.00
157,1780554518323170560,1780554519323170560,Requested OSL,tokens,p99,605.00
157,1780554518323170560,1780554519323170560,Requested OSL,tokens,std,0.00
157,1780554518323170560,1780554519323170560,Time to First Output Token,ms,avg,16627.61
157,1780554518323170560,1780554519323170560,Time to First Output Token,ms,min,16627.61
157,1780554518323170560,1780554519323170560,Time to First Output Token,ms,max,16627.61
157,1780554518323170560,1780554519323170560,Time to First Output Token,ms,sum,16627.61
157,1780554518323170560,1780554519323170560,Time to First Output Token,ms,p1,16627.61
157,1780554518323170560,1780554519323170560,Time to First Output Token,ms,p5,16627.61
157,1780554518323170560,1780554519323170560,Time to First Output Token,ms,p10,16627.61
157,1780554518323170560,1780554519323170560,Time to First Output Token,ms,p25,16627.61
157,1780554518323170560,1780554519323170560,Time to First Output Token,ms,p50,16627.61
157,1780554518323170560,1780554519323170560,Time to First Output Token,ms,p75,16627.61
157,1780554518323170560,1780554519323170560,Time to First Output Token,ms,p90,16627.61
157,1780554518323170560,1780554519323170560,Time to First Output Token,ms,p95,16627.61
157,1780554518323170560,1780554519323170560,Time to First Output Token,ms,p99,16627.61
157,1780554518323170560,1780554519323170560,Time to First Output Token,ms,std,0.00
157,1780554518323170560,1780554519323170560,Time to First Token,ms,avg,16627.61
157,1780554518323170560,1780554519323170560,Time to First Token,ms,min,16627.61
157,1780554518323170560,1780554519323170560,Time to First Token,ms,max,16627.61
157,1780554518323170560,1780554519323170560,Time to First Token,ms,sum,16627.61
157,1780554518323170560,1780554519323170560,Time to First Token,ms,p1,16627.61
157,1780554518323170560,1780554519323170560,Time to First Token,ms,p5,16627.61
157,1780554518323170560,1780554519323170560,Time to First Token,ms,p10,16627.61
157,1780554518323170560,1780554519323170560,Time to First Token,ms,p25,16627.61
157,1780554518323170560,1780554519323170560,Time to First Token,ms,p50,16627.61
157,1780554518323170560,1780554519323170560,Time to First Token,ms,p75,16627.61
157,1780554518323170560,1780554519323170560,Time to First Token,ms,p90,16627.61
157,1780554518323170560,1780554519323170560,Time to First Token,ms,p95,16627.61
157,1780554518323170560,1780554519323170560,Time to First Token,ms,p99,16627.61
157,1780554518323170560,1780554519323170560,Time to First Token,ms,std,0.00
157,1780554518323170560,1780554519323170560,Time to Second Token,ms,avg,14.36
157,1780554518323170560,1780554519323170560,Time to Second Token,ms,min,14.36
157,1780554518323170560,1780554519323170560,Time to Second Token,ms,max,14.36
157,1780554518323170560,1780554519323170560,Time to Second Token,ms,sum,14.36
157,1780554518323170560,1780554519323170560,Time to Second Token,ms,p1,14.36
157,1780554518323170560,1780554519323170560,Time to Second Token,ms,p5,14.36
157,1780554518323170560,1780554519323170560,Time to Second Token,ms,p10,14.36
157,1780554518323170560,1780554519323170560,Time to Second Token,ms,p25,14.36
157,1780554518323170560,1780554519323170560,Time to Second Token,ms,p50,14.36
157,1780554518323170560,1780554519323170560,Time to Second Token,ms,p75,14.36
157,1780554518323170560,1780554519323170560,Time to Second Token,ms,p90,14.36
157,1780554518323170560,1780554519323170560,Time to Second Token,ms,p95,14.36
157,1780554518323170560,1780554519323170560,Time to Second Token,ms,p99,14.36
157,1780554518323170560,1780554519323170560,Time to Second Token,ms,std,0.00
157,1780554518323170560,1780554519323170560,Tokens In Flight,tokens,avg,1014219.86
157,1780554518323170560,1780554519323170560,Tokens In Flight,tokens,min,968372.29
157,1780554518323170560,1780554519323170560,Tokens In Flight,tokens,max,1030121.49
157,1780554518323170560,1780554519323170560,Tokens In Flight,tokens,p50,1030086.28
157,1780554518323170560,1780554519323170560,Tokens In Flight,tokens,p90,1030113.33
157,1780554518323170560,1780554519323170560,Tokens In Flight,tokens,p95,1030119.49
157,1780554518323170560,1780554519323170560,Tokens In Flight,tokens,p99,1030120.49
157,1780554518323170560,1780554519323170560,Tokens In Flight,tokens,std,26977.27
157,1780554518323170560,1780554519323170560,Total Input Sequence Length,tokens,avg,61681.00
157,1780554518323170560,1780554519323170560,Total Output Sequence Length,tokens,avg,605.00
157,1780554518323170560,1780554519323170560,Total Output Tokens,tokens,avg,605.00
157,1780554518323170560,1780554519323170560,Total Token Throughput,tokens/sec,avg,62286.00
157,1780554518323170560,1780554519323170560,Total Usage Completion Tokens,tokens,avg,605.00
157,1780554518323170560,1780554519323170560,Total Usage Prompt Tokens,tokens,avg,61681.00
157,1780554518323170560,1780554519323170560,Total Usage Total Tokens,tokens,avg,62286.00
157,1780554518323170560,1780554519323170560,Usage Completion Tokens,tokens,avg,605.00
157,1780554518323170560,1780554519323170560,Usage Completion Tokens,tokens,min,605.00
157,1780554518323170560,1780554519323170560,Usage Completion Tokens,tokens,max,605.00
157,1780554518323170560,1780554519323170560,Usage Completion Tokens,tokens,sum,605.00
157,1780554518323170560,1780554519323170560,Usage Completion Tokens,tokens,p1,605.00
157,1780554518323170560,1780554519323170560,Usage Completion Tokens,tokens,p5,605.00
157,1780554518323170560,1780554519323170560,Usage Completion Tokens,tokens,p10,605.00
157,1780554518323170560,1780554519323170560,Usage Completion Tokens,tokens,p25,605.00
157,1780554518323170560,1780554519323170560,Usage Completion Tokens,tokens,p50,605.00
157,1780554518323170560,1780554519323170560,Usage Completion Tokens,tokens,p75,605.00
157,1780554518323170560,1780554519323170560,Usage Completion Tokens,tokens,p90,605.00
157,1780554518323170560,1780554519323170560,Usage Completion Tokens,tokens,p95,605.00
157,1780554518323170560,1780554519323170560,Usage Completion Tokens,tokens,p99,605.00
157,1780554518323170560,1780554519323170560,Usage Completion Tokens,tokens,std,0.00
157,1780554518323170560,1780554519323170560,Usage Prompt Tokens,tokens,avg,61681.00
157,1780554518323170560,1780554519323170560,Usage Prompt Tokens,tokens,min,61681.00
157,1780554518323170560,1780554519323170560,Usage Prompt Tokens,tokens,max,61681.00
157,1780554518323170560,1780554519323170560,Usage Prompt Tokens,tokens,sum,61681.00
157,1780554518323170560,1780554519323170560,Usage Prompt Tokens,tokens,p1,61681.00
157,1780554518323170560,1780554519323170560,Usage Prompt Tokens,tokens,p5,61681.00
157,1780554518323170560,1780554519323170560,Usage Prompt Tokens,tokens,p10,61681.00
157,1780554518323170560,1780554519323170560,Usage Prompt Tokens,tokens,p25,61681.00
157,1780554518323170560,1780554519323170560,Usage Prompt Tokens,tokens,p50,61681.00
157,1780554518323170560,1780554519323170560,Usage Prompt Tokens,tokens,p75,61681.00
157,1780554518323170560,1780554519323170560,Usage Prompt Tokens,tokens,p90,61681.00
157,1780554518323170560,1780554519323170560,Usage Prompt Tokens,tokens,p95,61681.00
157,1780554518323170560,1780554519323170560,Usage Prompt Tokens,tokens,p99,61681.00
157,1780554518323170560,1780554519323170560,Usage Prompt Tokens,tokens,std,0.00
157,1780554518323170560,1780554519323170560,Usage Total Tokens,tokens,avg,62286.00
157,1780554518323170560,1780554519323170560,Usage Total Tokens,tokens,min,62286.00
157,1780554518323170560,1780554519323170560,Usage Total Tokens,tokens,max,62286.00
157,1780554518323170560,1780554519323170560,Usage Total Tokens,tokens,sum,62286.00
157,1780554518323170560,1780554519323170560,Usage Total Tokens,tokens,p1,62286.00
157,1780554518323170560,1780554519323170560,Usage Total Tokens,tokens,p5,62286.00
157,1780554518323170560,1780554519323170560,Usage Total Tokens,tokens,p10,62286.00
157,1780554518323170560,1780554519323170560,Usage Total Tokens,tokens,p25,62286.00
157,1780554518323170560,1780554519323170560,Usage Total Tokens,tokens,p50,62286.00
157,1780554518323170560,1780554519323170560,Usage Total Tokens,tokens,p75,62286.00
157,1780554518323170560,1780554519323170560,Usage Total Tokens,tokens,p90,62286.00
157,1780554518323170560,1780554519323170560,Usage Total Tokens,tokens,p95,62286.00
157,1780554518323170560,1780554519323170560,Usage Total Tokens,tokens,p99,62286.00
157,1780554518323170560,1780554519323170560,Usage Total Tokens,tokens,std,0.00
158,1780554543323170560,1780554544323170560,Active Decode Throughput,tokens/sec,avg,83.94
158,1780554543323170560,1780554544323170560,Active Decode Throughput,tokens/sec,min,75.68
158,1780554543323170560,1780554544323170560,Active Decode Throughput,tokens/sec,max,92.20
158,1780554543323170560,1780554544323170560,Active Decode Throughput,tokens/sec,p50,83.94
158,1780554543323170560,1780554544323170560,Active Decode Throughput,tokens/sec,p90,83.94
158,1780554543323170560,1780554544323170560,Active Decode Throughput,tokens/sec,p95,83.94
158,1780554543323170560,1780554544323170560,Active Decode Throughput,tokens/sec,p99,83.94
158,1780554543323170560,1780554544323170560,Active Decode Throughput,tokens/sec,std,0.02
158,1780554543323170560,1780554544323170560,Active Decode Throughput Per User,tokens/sec/user,avg,7.63
158,1780554543323170560,1780554544323170560,Active Decode Throughput Per User,tokens/sec/user,min,6.88
158,1780554543323170560,1780554544323170560,Active Decode Throughput Per User,tokens/sec/user,max,8.38
158,1780554543323170560,1780554544323170560,Active Decode Throughput Per User,tokens/sec/user,p50,7.63
158,1780554543323170560,1780554544323170560,Active Decode Throughput Per User,tokens/sec/user,p90,7.63
158,1780554543323170560,1780554544323170560,Active Decode Throughput Per User,tokens/sec/user,p95,7.63
158,1780554543323170560,1780554544323170560,Active Decode Throughput Per User,tokens/sec/user,p99,7.63
158,1780554543323170560,1780554544323170560,Active Decode Throughput Per User,tokens/sec/user,std,0.00
158,1780554543323170560,1780554544323170560,Active Prefill Throughput,tokens/sec,avg,8489.20
158,1780554543323170560,1780554544323170560,Active Prefill Throughput,tokens/sec,min,8489.20
158,1780554543323170560,1780554544323170560,Active Prefill Throughput,tokens/sec,max,8489.20
158,1780554543323170560,1780554544323170560,Active Prefill Throughput,tokens/sec,p50,8489.20
158,1780554543323170560,1780554544323170560,Active Prefill Throughput,tokens/sec,p90,8489.20
158,1780554543323170560,1780554544323170560,Active Prefill Throughput,tokens/sec,p95,8489.20
158,1780554543323170560,1780554544323170560,Active Prefill Throughput,tokens/sec,p99,8489.20
158,1780554543323170560,1780554544323170560,Active Prefill Throughput,tokens/sec,std,0.00
158,1780554543323170560,1780554544323170560,Active Prefill Throughput Per User,tokens/sec/user,avg,8489.20
158,1780554543323170560,1780554544323170560,Active Prefill Throughput Per User,tokens/sec/user,min,8489.20
158,1780554543323170560,1780554544323170560,Active Prefill Throughput Per User,tokens/sec/user,max,8489.20
158,1780554543323170560,1780554544323170560,Active Prefill Throughput Per User,tokens/sec/user,p50,8489.20
158,1780554543323170560,1780554544323170560,Active Prefill Throughput Per User,tokens/sec/user,p90,8489.20
158,1780554543323170560,1780554544323170560,Active Prefill Throughput Per User,tokens/sec/user,p95,8489.20
158,1780554543323170560,1780554544323170560,Active Prefill Throughput Per User,tokens/sec/user,p99,8489.20
158,1780554543323170560,1780554544323170560,Active Prefill Throughput Per User,tokens/sec/user,std,0.00
158,1780554543323170560,1780554544323170560,Active Total Throughput,tokens/sec,avg,8080.32
158,1780554543323170560,1780554544323170560,Active Total Throughput,tokens/sec,min,117.28
158,1780554543323170560,1780554544323170560,Active Total Throughput,tokens/sec,max,8606.48
158,1780554543323170560,1780554544323170560,Active Total Throughput,tokens/sec,p50,8606.48
158,1780554543323170560,1780554544323170560,Active Total Throughput,tokens/sec,p90,8606.48
158,1780554543323170560,1780554544323170560,Active Total Throughput,tokens/sec,p95,8606.48
158,1780554543323170560,1780554544323170560,Active Total Throughput,tokens/sec,p99,8606.48
158,1780554543323170560,1780554544323170560,Active Total Throughput,tokens/sec,std,2046.91
158,1780554543323170560,1780554544323170560,Benchmark Duration,sec,avg,124.28
158,1780554543323170560,1780554544323170560,E2E Output Token Throughput,tokens/sec/user,avg,9.20
158,1780554543323170560,1780554544323170560,E2E Output Token Throughput,tokens/sec/user,min,9.20
158,1780554543323170560,1780554544323170560,E2E Output Token Throughput,tokens/sec/user,max,9.20
158,1780554543323170560,1780554544323170560,E2E Output Token Throughput,tokens/sec/user,sum,9.20
158,1780554543323170560,1780554544323170560,E2E Output Token Throughput,tokens/sec/user,p1,9.20
158,1780554543323170560,1780554544323170560,E2E Output Token Throughput,tokens/sec/user,p5,9.20
158,1780554543323170560,1780554544323170560,E2E Output Token Throughput,tokens/sec/user,p10,9.20
158,1780554543323170560,1780554544323170560,E2E Output Token Throughput,tokens/sec/user,p25,9.20
158,1780554543323170560,1780554544323170560,E2E Output Token Throughput,tokens/sec/user,p50,9.20
158,1780554543323170560,1780554544323170560,E2E Output Token Throughput,tokens/sec/user,p75,9.20
158,1780554543323170560,1780554544323170560,E2E Output Token Throughput,tokens/sec/user,p90,9.20
158,1780554543323170560,1780554544323170560,E2E Output Token Throughput,tokens/sec/user,p95,9.20
158,1780554543323170560,1780554544323170560,E2E Output Token Throughput,tokens/sec/user,p99,9.20
158,1780554543323170560,1780554544323170560,E2E Output Token Throughput,tokens/sec/user,std,0.00
158,1780554543323170560,1780554544323170560,Effective Concurrency,requests,avg,11.94
158,1780554543323170560,1780554544323170560,Effective Concurrency,requests,min,11.00
158,1780554543323170560,1780554544323170560,Effective Concurrency,requests,max,12.00
158,1780554543323170560,1780554544323170560,Effective Concurrency,requests,p50,12.00
158,1780554543323170560,1780554544323170560,Effective Concurrency,requests,p90,12.00
158,1780554543323170560,1780554544323170560,Effective Concurrency,requests,p95,12.00
158,1780554543323170560,1780554544323170560,Effective Concurrency,requests,p99,12.00
158,1780554543323170560,1780554544323170560,Effective Concurrency,requests,std,0.24
158,1780554543323170560,1780554544323170560,Effective Decode Concurrency,requests,avg,11.00
158,1780554543323170560,1780554544323170560,Effective Decode Concurrency,requests,min,11.00
158,1780554543323170560,1780554544323170560,Effective Decode Concurrency,requests,max,11.00
158,1780554543323170560,1780554544323170560,Effective Decode Concurrency,requests,p50,11.00
158,1780554543323170560,1780554544323170560,Effective Decode Concurrency,requests,p90,11.00
158,1780554543323170560,1780554544323170560,Effective Decode Concurrency,requests,p95,11.00
158,1780554543323170560,1780554544323170560,Effective Decode Concurrency,requests,p99,11.00
158,1780554543323170560,1780554544323170560,Effective Decode Concurrency,requests,std,0.00
158,1780554543323170560,1780554544323170560,Effective Decode Throughput,tokens/sec,avg,83.94
158,1780554543323170560,1780554544323170560,Effective Decode Throughput,tokens/sec,min,75.68
158,1780554543323170560,1780554544323170560,Effective Decode Throughput,tokens/sec,max,92.20
158,1780554543323170560,1780554544323170560,Effective Decode Throughput,tokens/sec,p50,83.94
158,1780554543323170560,1780554544323170560,Effective Decode Throughput,tokens/sec,p90,83.94
158,1780554543323170560,1780554544323170560,Effective Decode Throughput,tokens/sec,p95,83.94
158,1780554543323170560,1780554544323170560,Effective Decode Throughput,tokens/sec,p99,83.94
158,1780554543323170560,1780554544323170560,Effective Decode Throughput,tokens/sec,std,0.02
158,1780554543323170560,1780554544323170560,Effective Decode Throughput Per User,tokens/sec/user,avg,7.63
158,1780554543323170560,1780554544323170560,Effective Decode Throughput Per User,tokens/sec/user,min,6.88
158,1780554543323170560,1780554544323170560,Effective Decode Throughput Per User,tokens/sec/user,max,8.38
158,1780554543323170560,1780554544323170560,Effective Decode Throughput Per User,tokens/sec/user,p50,7.63
158,1780554543323170560,1780554544323170560,Effective Decode Throughput Per User,tokens/sec/user,p90,7.63
158,1780554543323170560,1780554544323170560,Effective Decode Throughput Per User,tokens/sec/user,p95,7.63
158,1780554543323170560,1780554544323170560,Effective Decode Throughput Per User,tokens/sec/user,p99,7.63
158,1780554543323170560,1780554544323170560,Effective Decode Throughput Per User,tokens/sec/user,std,0.00
158,1780554543323170560,1780554544323170560,Effective Prefill Concurrency,requests,avg,0.94
158,1780554543323170560,1780554544323170560,Effective Prefill Concurrency,requests,min,0.00
158,1780554543323170560,1780554544323170560,Effective Prefill Concurrency,requests,max,1.00
158,1780554543323170560,1780554544323170560,Effective Prefill Concurrency,requests,p50,1.00
158,1780554543323170560,1780554544323170560,Effective Prefill Concurrency,requests,p90,1.00
158,1780554543323170560,1780554544323170560,Effective Prefill Concurrency,requests,p95,1.00
158,1780554543323170560,1780554544323170560,Effective Prefill Concurrency,requests,p99,1.00
158,1780554543323170560,1780554544323170560,Effective Prefill Concurrency,requests,std,0.24
158,1780554543323170560,1780554544323170560,Effective Prefill Throughput,tokens/sec,avg,7963.04
158,1780554543323170560,1780554544323170560,Effective Prefill Throughput,tokens/sec,min,0.00
158,1780554543323170560,1780554544323170560,Effective Prefill Throughput,tokens/sec,max,8489.20
158,1780554543323170560,1780554544323170560,Effective Prefill Throughput,tokens/sec,p50,8489.20
158,1780554543323170560,1780554544323170560,Effective Prefill Throughput,tokens/sec,p90,8489.20
158,1780554543323170560,1780554544323170560,Effective Prefill Throughput,tokens/sec,p95,8489.20
158,1780554543323170560,1780554544323170560,Effective Prefill Throughput,tokens/sec,p99,8489.20
158,1780554543323170560,1780554544323170560,Effective Prefill Throughput,tokens/sec,std,2046.91
158,1780554543323170560,1780554544323170560,Effective Prefill Throughput Per User,tokens/sec/user,avg,7963.04
158,1780554543323170560,1780554544323170560,Effective Prefill Throughput Per User,tokens/sec/user,min,0.00
158,1780554543323170560,1780554544323170560,Effective Prefill Throughput Per User,tokens/sec/user,max,8489.20
158,1780554543323170560,1780554544323170560,Effective Prefill Throughput Per User,tokens/sec/user,p50,8489.20
158,1780554543323170560,1780554544323170560,Effective Prefill Throughput Per User,tokens/sec/user,p90,8489.20
158,1780554543323170560,1780554544323170560,Effective Prefill Throughput Per User,tokens/sec/user,p95,8489.20
158,1780554543323170560,1780554544323170560,Effective Prefill Throughput Per User,tokens/sec/user,p99,8489.20
158,1780554543323170560,1780554544323170560,Effective Prefill Throughput Per User,tokens/sec/user,std,2046.91
158,1780554543323170560,1780554544323170560,Effective Total Throughput,tokens/sec,avg,8080.32
158,1780554543323170560,1780554544323170560,Effective Total Throughput,tokens/sec,min,117.28
158,1780554543323170560,1780554544323170560,Effective Total Throughput,tokens/sec,max,8606.48
158,1780554543323170560,1780554544323170560,Effective Total Throughput,tokens/sec,p50,8606.48
158,1780554543323170560,1780554544323170560,Effective Total Throughput,tokens/sec,p90,8606.48
158,1780554543323170560,1780554544323170560,Effective Total Throughput,tokens/sec,p95,8606.48
158,1780554543323170560,1780554544323170560,Effective Total Throughput,tokens/sec,p99,8606.48
158,1780554543323170560,1780554544323170560,Effective Total Throughput,tokens/sec,std,2046.91
158,1780554543323170560,1780554544323170560,HTTP Blocked,ms,avg,0.00
158,1780554543323170560,1780554544323170560,HTTP Blocked,ms,min,0.00
158,1780554543323170560,1780554544323170560,HTTP Blocked,ms,max,0.00
158,1780554543323170560,1780554544323170560,HTTP Blocked,ms,sum,0.00
158,1780554543323170560,1780554544323170560,HTTP Blocked,ms,p1,0.00
158,1780554543323170560,1780554544323170560,HTTP Blocked,ms,p5,0.00
158,1780554543323170560,1780554544323170560,HTTP Blocked,ms,p10,0.00
158,1780554543323170560,1780554544323170560,HTTP Blocked,ms,p25,0.00
158,1780554543323170560,1780554544323170560,HTTP Blocked,ms,p50,0.00
158,1780554543323170560,1780554544323170560,HTTP Blocked,ms,p75,0.00
158,1780554543323170560,1780554544323170560,HTTP Blocked,ms,p90,0.00
158,1780554543323170560,1780554544323170560,HTTP Blocked,ms,p95,0.00
158,1780554543323170560,1780554544323170560,HTTP Blocked,ms,p99,0.00
158,1780554543323170560,1780554544323170560,HTTP Blocked,ms,std,0.00
158,1780554543323170560,1780554544323170560,HTTP Chunks Received,count,avg,1143.00
158,1780554543323170560,1780554544323170560,HTTP Chunks Received,count,min,1143.00
158,1780554543323170560,1780554544323170560,HTTP Chunks Received,count,max,1143.00
158,1780554543323170560,1780554544323170560,HTTP Chunks Received,count,sum,1143.00
158,1780554543323170560,1780554544323170560,HTTP Chunks Received,count,p1,1143.00
158,1780554543323170560,1780554544323170560,HTTP Chunks Received,count,p5,1143.00
158,1780554543323170560,1780554544323170560,HTTP Chunks Received,count,p10,1143.00
158,1780554543323170560,1780554544323170560,HTTP Chunks Received,count,p25,1143.00
158,1780554543323170560,1780554544323170560,HTTP Chunks Received,count,p50,1143.00
158,1780554543323170560,1780554544323170560,HTTP Chunks Received,count,p75,1143.00
158,1780554543323170560,1780554544323170560,HTTP Chunks Received,count,p90,1143.00
158,1780554543323170560,1780554544323170560,HTTP Chunks Received,count,p95,1143.00
158,1780554543323170560,1780554544323170560,HTTP Chunks Received,count,p99,1143.00
158,1780554543323170560,1780554544323170560,HTTP Chunks Received,count,std,0.00
158,1780554543323170560,1780554544323170560,HTTP Chunks Sent,count,avg,1.00
158,1780554543323170560,1780554544323170560,HTTP Chunks Sent,count,min,1.00
158,1780554543323170560,1780554544323170560,HTTP Chunks Sent,count,max,1.00
158,1780554543323170560,1780554544323170560,HTTP Chunks Sent,count,sum,1.00
158,1780554543323170560,1780554544323170560,HTTP Chunks Sent,count,p1,1.00
158,1780554543323170560,1780554544323170560,HTTP Chunks Sent,count,p5,1.00
158,1780554543323170560,1780554544323170560,HTTP Chunks Sent,count,p10,1.00
158,1780554543323170560,1780554544323170560,HTTP Chunks Sent,count,p25,1.00
158,1780554543323170560,1780554544323170560,HTTP Chunks Sent,count,p50,1.00
158,1780554543323170560,1780554544323170560,HTTP Chunks Sent,count,p75,1.00
158,1780554543323170560,1780554544323170560,HTTP Chunks Sent,count,p90,1.00
158,1780554543323170560,1780554544323170560,HTTP Chunks Sent,count,p95,1.00
158,1780554543323170560,1780554544323170560,HTTP Chunks Sent,count,p99,1.00
158,1780554543323170560,1780554544323170560,HTTP Chunks Sent,count,std,0.00
158,1780554543323170560,1780554544323170560,HTTP Connecting,ms,avg,1.04
158,1780554543323170560,1780554544323170560,HTTP Connecting,ms,min,1.04
158,1780554543323170560,1780554544323170560,HTTP Connecting,ms,max,1.04
158,1780554543323170560,1780554544323170560,HTTP Connecting,ms,sum,1.04
158,1780554543323170560,1780554544323170560,HTTP Connecting,ms,p1,1.04
158,1780554543323170560,1780554544323170560,HTTP Connecting,ms,p5,1.04
158,1780554543323170560,1780554544323170560,HTTP Connecting,ms,p10,1.04
158,1780554543323170560,1780554544323170560,HTTP Connecting,ms,p25,1.04
158,1780554543323170560,1780554544323170560,HTTP Connecting,ms,p50,1.04
158,1780554543323170560,1780554544323170560,HTTP Connecting,ms,p75,1.04
158,1780554543323170560,1780554544323170560,HTTP Connecting,ms,p90,1.04
158,1780554543323170560,1780554544323170560,HTTP Connecting,ms,p95,1.04
158,1780554543323170560,1780554544323170560,HTTP Connecting,ms,p99,1.04
158,1780554543323170560,1780554544323170560,HTTP Connecting,ms,std,0.00
158,1780554543323170560,1780554544323170560,HTTP Connection Overhead,ms,avg,1.50
158,1780554543323170560,1780554544323170560,HTTP Connection Overhead,ms,min,1.50
158,1780554543323170560,1780554544323170560,HTTP Connection Overhead,ms,max,1.50
158,1780554543323170560,1780554544323170560,HTTP Connection Overhead,ms,sum,1.50
158,1780554543323170560,1780554544323170560,HTTP Connection Overhead,ms,p1,1.50
158,1780554543323170560,1780554544323170560,HTTP Connection Overhead,ms,p5,1.50
158,1780554543323170560,1780554544323170560,HTTP Connection Overhead,ms,p10,1.50
158,1780554543323170560,1780554544323170560,HTTP Connection Overhead,ms,p25,1.50
158,1780554543323170560,1780554544323170560,HTTP Connection Overhead,ms,p50,1.50
158,1780554543323170560,1780554544323170560,HTTP Connection Overhead,ms,p75,1.50
158,1780554543323170560,1780554544323170560,HTTP Connection Overhead,ms,p90,1.50
158,1780554543323170560,1780554544323170560,HTTP Connection Overhead,ms,p95,1.50
158,1780554543323170560,1780554544323170560,HTTP Connection Overhead,ms,p99,1.50
158,1780554543323170560,1780554544323170560,HTTP Connection Overhead,ms,std,0.00
158,1780554543323170560,1780554544323170560,HTTP Connection Reused,ratio,avg,0.00
158,1780554543323170560,1780554544323170560,HTTP Connection Reused,ratio,min,0.00
158,1780554543323170560,1780554544323170560,HTTP Connection Reused,ratio,max,0.00
158,1780554543323170560,1780554544323170560,HTTP Connection Reused,ratio,sum,0.00
158,1780554543323170560,1780554544323170560,HTTP Connection Reused,ratio,p1,0.00
158,1780554543323170560,1780554544323170560,HTTP Connection Reused,ratio,p5,0.00
158,1780554543323170560,1780554544323170560,HTTP Connection Reused,ratio,p10,0.00
158,1780554543323170560,1780554544323170560,HTTP Connection Reused,ratio,p25,0.00
158,1780554543323170560,1780554544323170560,HTTP Connection Reused,ratio,p50,0.00
158,1780554543323170560,1780554544323170560,HTTP Connection Reused,ratio,p75,0.00
158,1780554543323170560,1780554544323170560,HTTP Connection Reused,ratio,p90,0.00
158,1780554543323170560,1780554544323170560,HTTP Connection Reused,ratio,p95,0.00
158,1780554543323170560,1780554544323170560,HTTP Connection Reused,ratio,p99,0.00
158,1780554543323170560,1780554544323170560,HTTP Connection Reused,ratio,std,0.00
158,1780554543323170560,1780554544323170560,HTTP Data Received,KB,avg,284.86
158,1780554543323170560,1780554544323170560,HTTP Data Received,KB,min,284.86
158,1780554543323170560,1780554544323170560,HTTP Data Received,KB,max,284.86
158,1780554543323170560,1780554544323170560,HTTP Data Received,KB,sum,284.86
158,1780554543323170560,1780554544323170560,HTTP Data Received,KB,p1,284.86
158,1780554543323170560,1780554544323170560,HTTP Data Received,KB,p5,284.86
158,1780554543323170560,1780554544323170560,HTTP Data Received,KB,p10,284.86
158,1780554543323170560,1780554544323170560,HTTP Data Received,KB,p25,284.86
158,1780554543323170560,1780554544323170560,HTTP Data Received,KB,p50,284.86
158,1780554543323170560,1780554544323170560,HTTP Data Received,KB,p75,284.86
158,1780554543323170560,1780554544323170560,HTTP Data Received,KB,p90,284.86
158,1780554543323170560,1780554544323170560,HTTP Data Received,KB,p95,284.86
158,1780554543323170560,1780554544323170560,HTTP Data Received,KB,p99,284.86
158,1780554543323170560,1780554544323170560,HTTP Data Received,KB,std,0.00
158,1780554543323170560,1780554544323170560,HTTP Data Sent,KB,avg,377.80
158,1780554543323170560,1780554544323170560,HTTP Data Sent,KB,min,377.80
158,1780554543323170560,1780554544323170560,HTTP Data Sent,KB,max,377.80
158,1780554543323170560,1780554544323170560,HTTP Data Sent,KB,sum,377.80
158,1780554543323170560,1780554544323170560,HTTP Data Sent,KB,p1,377.80
158,1780554543323170560,1780554544323170560,HTTP Data Sent,KB,p5,377.80
158,1780554543323170560,1780554544323170560,HTTP Data Sent,KB,p10,377.80
158,1780554543323170560,1780554544323170560,HTTP Data Sent,KB,p25,377.80
158,1780554543323170560,1780554544323170560,HTTP Data Sent,KB,p50,377.80
158,1780554543323170560,1780554544323170560,HTTP Data Sent,KB,p75,377.80
158,1780554543323170560,1780554544323170560,HTTP Data Sent,KB,p90,377.80
158,1780554543323170560,1780554544323170560,HTTP Data Sent,KB,p95,377.80
158,1780554543323170560,1780554544323170560,HTTP Data Sent,KB,p99,377.80
158,1780554543323170560,1780554544323170560,HTTP Data Sent,KB,std,0.00
158,1780554543323170560,1780554544323170560,HTTP DNS Lookup,ms,avg,0.46
158,1780554543323170560,1780554544323170560,HTTP DNS Lookup,ms,min,0.46
158,1780554543323170560,1780554544323170560,HTTP DNS Lookup,ms,max,0.46
158,1780554543323170560,1780554544323170560,HTTP DNS Lookup,ms,sum,0.46
158,1780554543323170560,1780554544323170560,HTTP DNS Lookup,ms,p1,0.46
158,1780554543323170560,1780554544323170560,HTTP DNS Lookup,ms,p5,0.46
158,1780554543323170560,1780554544323170560,HTTP DNS Lookup,ms,p10,0.46
158,1780554543323170560,1780554544323170560,HTTP DNS Lookup,ms,p25,0.46
158,1780554543323170560,1780554544323170560,HTTP DNS Lookup,ms,p50,0.46
158,1780554543323170560,1780554544323170560,HTTP DNS Lookup,ms,p75,0.46
158,1780554543323170560,1780554544323170560,HTTP DNS Lookup,ms,p90,0.46
158,1780554543323170560,1780554544323170560,HTTP DNS Lookup,ms,p95,0.46
158,1780554543323170560,1780554544323170560,HTTP DNS Lookup,ms,p99,0.46
158,1780554543323170560,1780554544323170560,HTTP DNS Lookup,ms,std,0.00
158,1780554543323170560,1780554544323170560,HTTP Duration (excl. conn),ms,avg,124282.45
158,1780554543323170560,1780554544323170560,HTTP Duration (excl. conn),ms,min,124282.45
158,1780554543323170560,1780554544323170560,HTTP Duration (excl. conn),ms,max,124282.45
158,1780554543323170560,1780554544323170560,HTTP Duration (excl. conn),ms,sum,124282.45
158,1780554543323170560,1780554544323170560,HTTP Duration (excl. conn),ms,p1,124282.45
158,1780554543323170560,1780554544323170560,HTTP Duration (excl. conn),ms,p5,124282.45
158,1780554543323170560,1780554544323170560,HTTP Duration (excl. conn),ms,p10,124282.45
158,1780554543323170560,1780554544323170560,HTTP Duration (excl. conn),ms,p25,124282.45
158,1780554543323170560,1780554544323170560,HTTP Duration (excl. conn),ms,p50,124282.45
158,1780554543323170560,1780554544323170560,HTTP Duration (excl. conn),ms,p75,124282.45
158,1780554543323170560,1780554544323170560,HTTP Duration (excl. conn),ms,p90,124282.45
158,1780554543323170560,1780554544323170560,HTTP Duration (excl. conn),ms,p95,124282.45
158,1780554543323170560,1780554544323170560,HTTP Duration (excl. conn),ms,p99,124282.45
158,1780554543323170560,1780554544323170560,HTTP Duration (excl. conn),ms,std,0.00
158,1780554543323170560,1780554544323170560,HTTP Receiving,ms,avg,112819.53
158,1780554543323170560,1780554544323170560,HTTP Receiving,ms,min,112819.53
158,1780554543323170560,1780554544323170560,HTTP Receiving,ms,max,112819.53
158,1780554543323170560,1780554544323170560,HTTP Receiving,ms,sum,112819.53
158,1780554543323170560,1780554544323170560,HTTP Receiving,ms,p1,112819.53
158,1780554543323170560,1780554544323170560,HTTP Receiving,ms,p5,112819.53
158,1780554543323170560,1780554544323170560,HTTP Receiving,ms,p10,112819.53
158,1780554543323170560,1780554544323170560,HTTP Receiving,ms,p25,112819.53
158,1780554543323170560,1780554544323170560,HTTP Receiving,ms,p50,112819.53
158,1780554543323170560,1780554544323170560,HTTP Receiving,ms,p75,112819.53
158,1780554543323170560,1780554544323170560,HTTP Receiving,ms,p90,112819.53
158,1780554543323170560,1780554544323170560,HTTP Receiving,ms,p95,112819.53
158,1780554543323170560,1780554544323170560,HTTP Receiving,ms,p99,112819.53
158,1780554543323170560,1780554544323170560,HTTP Receiving,ms,std,0.00
158,1780554543323170560,1780554544323170560,HTTP Sending,ms,avg,1.30
158,1780554543323170560,1780554544323170560,HTTP Sending,ms,min,1.30
158,1780554543323170560,1780554544323170560,HTTP Sending,ms,max,1.30
158,1780554543323170560,1780554544323170560,HTTP Sending,ms,sum,1.30
158,1780554543323170560,1780554544323170560,HTTP Sending,ms,p1,1.30
158,1780554543323170560,1780554544323170560,HTTP Sending,ms,p5,1.30
158,1780554543323170560,1780554544323170560,HTTP Sending,ms,p10,1.30
158,1780554543323170560,1780554544323170560,HTTP Sending,ms,p25,1.30
158,1780554543323170560,1780554544323170560,HTTP Sending,ms,p50,1.30
158,1780554543323170560,1780554544323170560,HTTP Sending,ms,p75,1.30
158,1780554543323170560,1780554544323170560,HTTP Sending,ms,p90,1.30
158,1780554543323170560,1780554544323170560,HTTP Sending,ms,p95,1.30
158,1780554543323170560,1780554544323170560,HTTP Sending,ms,p99,1.30
158,1780554543323170560,1780554544323170560,HTTP Sending,ms,std,0.00
158,1780554543323170560,1780554544323170560,HTTP Total Time,ms,avg,124283.95
158,1780554543323170560,1780554544323170560,HTTP Total Time,ms,min,124283.95
158,1780554543323170560,1780554544323170560,HTTP Total Time,ms,max,124283.95
158,1780554543323170560,1780554544323170560,HTTP Total Time,ms,sum,124283.95
158,1780554543323170560,1780554544323170560,HTTP Total Time,ms,p1,124283.95
158,1780554543323170560,1780554544323170560,HTTP Total Time,ms,p5,124283.95
158,1780554543323170560,1780554544323170560,HTTP Total Time,ms,p10,124283.95
158,1780554543323170560,1780554544323170560,HTTP Total Time,ms,p25,124283.95
158,1780554543323170560,1780554544323170560,HTTP Total Time,ms,p50,124283.95
158,1780554543323170560,1780554544323170560,HTTP Total Time,ms,p75,124283.95
158,1780554543323170560,1780554544323170560,HTTP Total Time,ms,p90,124283.95
158,1780554543323170560,1780554544323170560,HTTP Total Time,ms,p95,124283.95
158,1780554543323170560,1780554544323170560,HTTP Total Time,ms,p99,124283.95
158,1780554543323170560,1780554544323170560,HTTP Total Time,ms,std,0.00
158,1780554543323170560,1780554544323170560,HTTP Waiting (TTFB),ms,avg,11461.61
158,1780554543323170560,1780554544323170560,HTTP Waiting (TTFB),ms,min,11461.61
158,1780554543323170560,1780554544323170560,HTTP Waiting (TTFB),ms,max,11461.61
158,1780554543323170560,1780554544323170560,HTTP Waiting (TTFB),ms,sum,11461.61
158,1780554543323170560,1780554544323170560,HTTP Waiting (TTFB),ms,p1,11461.61
158,1780554543323170560,1780554544323170560,HTTP Waiting (TTFB),ms,p5,11461.61
158,1780554543323170560,1780554544323170560,HTTP Waiting (TTFB),ms,p10,11461.61
158,1780554543323170560,1780554544323170560,HTTP Waiting (TTFB),ms,p25,11461.61
158,1780554543323170560,1780554544323170560,HTTP Waiting (TTFB),ms,p50,11461.61
158,1780554543323170560,1780554544323170560,HTTP Waiting (TTFB),ms,p75,11461.61
158,1780554543323170560,1780554544323170560,HTTP Waiting (TTFB),ms,p90,11461.61
158,1780554543323170560,1780554544323170560,HTTP Waiting (TTFB),ms,p95,11461.61
158,1780554543323170560,1780554544323170560,HTTP Waiting (TTFB),ms,p99,11461.61
158,1780554543323170560,1780554544323170560,HTTP Waiting (TTFB),ms,std,0.00
158,1780554543323170560,1780554544323170560,Input Sequence Length,tokens,avg,97312.00
158,1780554543323170560,1780554544323170560,Input Sequence Length,tokens,min,97312.00
158,1780554543323170560,1780554544323170560,Input Sequence Length,tokens,max,97312.00
158,1780554543323170560,1780554544323170560,Input Sequence Length,tokens,sum,97312.00
158,1780554543323170560,1780554544323170560,Input Sequence Length,tokens,p1,97312.00
158,1780554543323170560,1780554544323170560,Input Sequence Length,tokens,p5,97312.00
158,1780554543323170560,1780554544323170560,Input Sequence Length,tokens,p10,97312.00
158,1780554543323170560,1780554544323170560,Input Sequence Length,tokens,p25,97312.00
158,1780554543323170560,1780554544323170560,Input Sequence Length,tokens,p50,97312.00
158,1780554543323170560,1780554544323170560,Input Sequence Length,tokens,p75,97312.00
158,1780554543323170560,1780554544323170560,Input Sequence Length,tokens,p90,97312.00
158,1780554543323170560,1780554544323170560,Input Sequence Length,tokens,p95,97312.00
158,1780554543323170560,1780554544323170560,Input Sequence Length,tokens,p99,97312.00
158,1780554543323170560,1780554544323170560,Input Sequence Length,tokens,std,0.00
158,1780554543323170560,1780554544323170560,Input Token Throughput,tokens/sec,avg,97312.00
158,1780554543323170560,1780554544323170560,Inter Chunk Latency,ms,avg,569.18
158,1780554543323170560,1780554544323170560,Inter Chunk Latency,ms,min,494.86
158,1780554543323170560,1780554544323170560,Inter Chunk Latency,ms,max,603.89
158,1780554543323170560,1780554544323170560,Inter Chunk Latency,ms,sum,650002.03
158,1780554543323170560,1780554544323170560,Inter Chunk Latency,ms,p1,496.05
158,1780554543323170560,1780554544323170560,Inter Chunk Latency,ms,p5,506.96
158,1780554543323170560,1780554544323170560,Inter Chunk Latency,ms,p10,520.10
158,1780554543323170560,1780554544323170560,Inter Chunk Latency,ms,p25,549.90
158,1780554543323170560,1780554544323170560,Inter Chunk Latency,ms,p50,586.39
158,1780554543323170560,1780554544323170560,Inter Chunk Latency,ms,p75,591.13
158,1780554543323170560,1780554544323170560,Inter Chunk Latency,ms,p90,596.12
158,1780554543323170560,1780554544323170560,Inter Chunk Latency,ms,p95,598.65
158,1780554543323170560,1780554544323170560,Inter Chunk Latency,ms,p99,602.79
158,1780554543323170560,1780554544323170560,Inter Chunk Latency,ms,std,30.47
158,1780554543323170560,1780554544323170560,Inter Token Latency,ms,avg,98.79
158,1780554543323170560,1780554544323170560,Inter Token Latency,ms,min,98.79
158,1780554543323170560,1780554544323170560,Inter Token Latency,ms,max,98.79
158,1780554543323170560,1780554544323170560,Inter Token Latency,ms,sum,98.79
158,1780554543323170560,1780554544323170560,Inter Token Latency,ms,p1,98.79
158,1780554543323170560,1780554544323170560,Inter Token Latency,ms,p5,98.79
158,1780554543323170560,1780554544323170560,Inter Token Latency,ms,p10,98.79
158,1780554543323170560,1780554544323170560,Inter Token Latency,ms,p25,98.79
158,1780554543323170560,1780554544323170560,Inter Token Latency,ms,p50,98.79
158,1780554543323170560,1780554544323170560,Inter Token Latency,ms,p75,98.79
158,1780554543323170560,1780554544323170560,Inter Token Latency,ms,p90,98.79
158,1780554543323170560,1780554544323170560,Inter Token Latency,ms,p95,98.79
158,1780554543323170560,1780554544323170560,Inter Token Latency,ms,p99,98.79
158,1780554543323170560,1780554544323170560,Inter Token Latency,ms,std,0.00
158,1780554543323170560,1780554544323170560,Maximum Response Timestamp,ns,avg,1780554667667708672.00
158,1780554543323170560,1780554544323170560,Minimum Request Timestamp,ns,avg,1780554543385150464.00
158,1780554543323170560,1780554544323170560,OSL Mismatch Count,requests,avg,0.00
158,1780554543323170560,1780554544323170560,OSL Mismatch Diff %,%,avg,0.00
158,1780554543323170560,1780554544323170560,OSL Mismatch Diff %,%,min,0.00
158,1780554543323170560,1780554544323170560,OSL Mismatch Diff %,%,max,0.00
158,1780554543323170560,1780554544323170560,OSL Mismatch Diff %,%,sum,0.00
158,1780554543323170560,1780554544323170560,OSL Mismatch Diff %,%,p1,0.00
158,1780554543323170560,1780554544323170560,OSL Mismatch Diff %,%,p5,0.00
158,1780554543323170560,1780554544323170560,OSL Mismatch Diff %,%,p10,0.00
158,1780554543323170560,1780554544323170560,OSL Mismatch Diff %,%,p25,0.00
158,1780554543323170560,1780554544323170560,OSL Mismatch Diff %,%,p50,0.00
158,1780554543323170560,1780554544323170560,OSL Mismatch Diff %,%,p75,0.00
158,1780554543323170560,1780554544323170560,OSL Mismatch Diff %,%,p90,0.00
158,1780554543323170560,1780554544323170560,OSL Mismatch Diff %,%,p95,0.00
158,1780554543323170560,1780554544323170560,OSL Mismatch Diff %,%,p99,0.00
158,1780554543323170560,1780554544323170560,OSL Mismatch Diff %,%,std,0.00
158,1780554543323170560,1780554544323170560,Output Sequence Length,tokens,avg,1143.00
158,1780554543323170560,1780554544323170560,Output Sequence Length,tokens,min,1143.00
158,1780554543323170560,1780554544323170560,Output Sequence Length,tokens,max,1143.00
158,1780554543323170560,1780554544323170560,Output Sequence Length,tokens,sum,1143.00
158,1780554543323170560,1780554544323170560,Output Sequence Length,tokens,p1,1143.00
158,1780554543323170560,1780554544323170560,Output Sequence Length,tokens,p5,1143.00
158,1780554543323170560,1780554544323170560,Output Sequence Length,tokens,p10,1143.00
158,1780554543323170560,1780554544323170560,Output Sequence Length,tokens,p25,1143.00
158,1780554543323170560,1780554544323170560,Output Sequence Length,tokens,p50,1143.00
158,1780554543323170560,1780554544323170560,Output Sequence Length,tokens,p75,1143.00
158,1780554543323170560,1780554544323170560,Output Sequence Length,tokens,p90,1143.00
158,1780554543323170560,1780554544323170560,Output Sequence Length,tokens,p95,1143.00
158,1780554543323170560,1780554544323170560,Output Sequence Length,tokens,p99,1143.00
158,1780554543323170560,1780554544323170560,Output Sequence Length,tokens,std,0.00
158,1780554543323170560,1780554544323170560,Output Token Count,tokens,avg,1143.00
158,1780554543323170560,1780554544323170560,Output Token Count,tokens,min,1143.00
158,1780554543323170560,1780554544323170560,Output Token Count,tokens,max,1143.00
158,1780554543323170560,1780554544323170560,Output Token Count,tokens,sum,1143.00
158,1780554543323170560,1780554544323170560,Output Token Count,tokens,p1,1143.00
158,1780554543323170560,1780554544323170560,Output Token Count,tokens,p5,1143.00
158,1780554543323170560,1780554544323170560,Output Token Count,tokens,p10,1143.00
158,1780554543323170560,1780554544323170560,Output Token Count,tokens,p25,1143.00
158,1780554543323170560,1780554544323170560,Output Token Count,tokens,p50,1143.00
158,1780554543323170560,1780554544323170560,Output Token Count,tokens,p75,1143.00
158,1780554543323170560,1780554544323170560,Output Token Count,tokens,p90,1143.00
158,1780554543323170560,1780554544323170560,Output Token Count,tokens,p95,1143.00
158,1780554543323170560,1780554544323170560,Output Token Count,tokens,p99,1143.00
158,1780554543323170560,1780554544323170560,Output Token Count,tokens,std,0.00
158,1780554543323170560,1780554544323170560,Output Token Throughput,tokens/sec,avg,1143.00
158,1780554543323170560,1780554544323170560,Output Token Throughput Per User,tokens/sec/user,avg,10.12
158,1780554543323170560,1780554544323170560,Output Token Throughput Per User,tokens/sec/user,min,10.12
158,1780554543323170560,1780554544323170560,Output Token Throughput Per User,tokens/sec/user,max,10.12
158,1780554543323170560,1780554544323170560,Output Token Throughput Per User,tokens/sec/user,sum,10.12
158,1780554543323170560,1780554544323170560,Output Token Throughput Per User,tokens/sec/user,p1,10.12
158,1780554543323170560,1780554544323170560,Output Token Throughput Per User,tokens/sec/user,p5,10.12
158,1780554543323170560,1780554544323170560,Output Token Throughput Per User,tokens/sec/user,p10,10.12
158,1780554543323170560,1780554544323170560,Output Token Throughput Per User,tokens/sec/user,p25,10.12
158,1780554543323170560,1780554544323170560,Output Token Throughput Per User,tokens/sec/user,p50,10.12
158,1780554543323170560,1780554544323170560,Output Token Throughput Per User,tokens/sec/user,p75,10.12
158,1780554543323170560,1780554544323170560,Output Token Throughput Per User,tokens/sec/user,p90,10.12
158,1780554543323170560,1780554544323170560,Output Token Throughput Per User,tokens/sec/user,p95,10.12
158,1780554543323170560,1780554544323170560,Output Token Throughput Per User,tokens/sec/user,p99,10.12
158,1780554543323170560,1780554544323170560,Output Token Throughput Per User,tokens/sec/user,std,0.00
158,1780554543323170560,1780554544323170560,Prefill Throughput Per User,tokens/sec/user,avg,8489.20
158,1780554543323170560,1780554544323170560,Prefill Throughput Per User,tokens/sec/user,min,8489.20
158,1780554543323170560,1780554544323170560,Prefill Throughput Per User,tokens/sec/user,max,8489.20
158,1780554543323170560,1780554544323170560,Prefill Throughput Per User,tokens/sec/user,sum,8489.20
158,1780554543323170560,1780554544323170560,Prefill Throughput Per User,tokens/sec/user,p1,8489.20
158,1780554543323170560,1780554544323170560,Prefill Throughput Per User,tokens/sec/user,p5,8489.20
158,1780554543323170560,1780554544323170560,Prefill Throughput Per User,tokens/sec/user,p10,8489.20
158,1780554543323170560,1780554544323170560,Prefill Throughput Per User,tokens/sec/user,p25,8489.20
158,1780554543323170560,1780554544323170560,Prefill Throughput Per User,tokens/sec/user,p50,8489.20
158,1780554543323170560,1780554544323170560,Prefill Throughput Per User,tokens/sec/user,p75,8489.20
158,1780554543323170560,1780554544323170560,Prefill Throughput Per User,tokens/sec/user,p90,8489.20
158,1780554543323170560,1780554544323170560,Prefill Throughput Per User,tokens/sec/user,p95,8489.20
158,1780554543323170560,1780554544323170560,Prefill Throughput Per User,tokens/sec/user,p99,8489.20
158,1780554543323170560,1780554544323170560,Prefill Throughput Per User,tokens/sec/user,std,0.00
158,1780554543323170560,1780554544323170560,Request Count,requests,avg,1.00
158,1780554543323170560,1780554544323170560,Request Latency,ms,avg,124282.56
158,1780554543323170560,1780554544323170560,Request Latency,ms,min,124282.56
158,1780554543323170560,1780554544323170560,Request Latency,ms,max,124282.56
158,1780554543323170560,1780554544323170560,Request Latency,ms,sum,124282.56
158,1780554543323170560,1780554544323170560,Request Latency,ms,p1,124282.56
158,1780554543323170560,1780554544323170560,Request Latency,ms,p5,124282.56
158,1780554543323170560,1780554544323170560,Request Latency,ms,p10,124282.56
158,1780554543323170560,1780554544323170560,Request Latency,ms,p25,124282.56
158,1780554543323170560,1780554544323170560,Request Latency,ms,p50,124282.56
158,1780554543323170560,1780554544323170560,Request Latency,ms,p75,124282.56
158,1780554543323170560,1780554544323170560,Request Latency,ms,p90,124282.56
158,1780554543323170560,1780554544323170560,Request Latency,ms,p95,124282.56
158,1780554543323170560,1780554544323170560,Request Latency,ms,p99,124282.56
158,1780554543323170560,1780554544323170560,Request Latency,ms,std,0.00
158,1780554543323170560,1780554544323170560,Request Throughput,requests/sec,avg,1.00
158,1780554543323170560,1780554544323170560,Requested OSL,tokens,avg,1143.00
158,1780554543323170560,1780554544323170560,Requested OSL,tokens,min,1143.00
158,1780554543323170560,1780554544323170560,Requested OSL,tokens,max,1143.00
158,1780554543323170560,1780554544323170560,Requested OSL,tokens,sum,1143.00
158,1780554543323170560,1780554544323170560,Requested OSL,tokens,p1,1143.00
158,1780554543323170560,1780554544323170560,Requested OSL,tokens,p5,1143.00
158,1780554543323170560,1780554544323170560,Requested OSL,tokens,p10,1143.00
158,1780554543323170560,1780554544323170560,Requested OSL,tokens,p25,1143.00
158,1780554543323170560,1780554544323170560,Requested OSL,tokens,p50,1143.00
158,1780554543323170560,1780554544323170560,Requested OSL,tokens,p75,1143.00
158,1780554543323170560,1780554544323170560,Requested OSL,tokens,p90,1143.00
158,1780554543323170560,1780554544323170560,Requested OSL,tokens,p95,1143.00
158,1780554543323170560,1780554544323170560,Requested OSL,tokens,p99,1143.00
158,1780554543323170560,1780554544323170560,Requested OSL,tokens,std,0.00
158,1780554543323170560,1780554544323170560,Time to First Output Token,ms,avg,11463.03
158,1780554543323170560,1780554544323170560,Time to First Output Token,ms,min,11463.03
158,1780554543323170560,1780554544323170560,Time to First Output Token,ms,max,11463.03
158,1780554543323170560,1780554544323170560,Time to First Output Token,ms,sum,11463.03
158,1780554543323170560,1780554544323170560,Time to First Output Token,ms,p1,11463.03
158,1780554543323170560,1780554544323170560,Time to First Output Token,ms,p5,11463.03
158,1780554543323170560,1780554544323170560,Time to First Output Token,ms,p10,11463.03
158,1780554543323170560,1780554544323170560,Time to First Output Token,ms,p25,11463.03
158,1780554543323170560,1780554544323170560,Time to First Output Token,ms,p50,11463.03
158,1780554543323170560,1780554544323170560,Time to First Output Token,ms,p75,11463.03
158,1780554543323170560,1780554544323170560,Time to First Output Token,ms,p90,11463.03
158,1780554543323170560,1780554544323170560,Time to First Output Token,ms,p95,11463.03
158,1780554543323170560,1780554544323170560,Time to First Output Token,ms,p99,11463.03
158,1780554543323170560,1780554544323170560,Time to First Output Token,ms,std,0.00
158,1780554543323170560,1780554544323170560,Time to First Token,ms,avg,11463.03
158,1780554543323170560,1780554544323170560,Time to First Token,ms,min,11463.03
158,1780554543323170560,1780554544323170560,Time to First Token,ms,max,11463.03
158,1780554543323170560,1780554544323170560,Time to First Token,ms,sum,11463.03
158,1780554543323170560,1780554544323170560,Time to First Token,ms,p1,11463.03
158,1780554543323170560,1780554544323170560,Time to First Token,ms,p5,11463.03
158,1780554543323170560,1780554544323170560,Time to First Token,ms,p10,11463.03
158,1780554543323170560,1780554544323170560,Time to First Token,ms,p25,11463.03
158,1780554543323170560,1780554544323170560,Time to First Token,ms,p50,11463.03
158,1780554543323170560,1780554544323170560,Time to First Token,ms,p75,11463.03
158,1780554543323170560,1780554544323170560,Time to First Token,ms,p90,11463.03
158,1780554543323170560,1780554544323170560,Time to First Token,ms,p95,11463.03
158,1780554543323170560,1780554544323170560,Time to First Token,ms,p99,11463.03
158,1780554543323170560,1780554544323170560,Time to First Token,ms,std,0.00
158,1780554543323170560,1780554544323170560,Time to Second Token,ms,avg,0.62
158,1780554543323170560,1780554544323170560,Time to Second Token,ms,min,0.62
158,1780554543323170560,1780554544323170560,Time to Second Token,ms,max,0.62
158,1780554543323170560,1780554544323170560,Time to Second Token,ms,sum,0.62
158,1780554543323170560,1780554544323170560,Time to Second Token,ms,p1,0.62
158,1780554543323170560,1780554544323170560,Time to Second Token,ms,p5,0.62
158,1780554543323170560,1780554544323170560,Time to Second Token,ms,p10,0.62
158,1780554543323170560,1780554544323170560,Time to Second Token,ms,p25,0.62
158,1780554543323170560,1780554544323170560,Time to Second Token,ms,p50,0.62
158,1780554543323170560,1780554544323170560,Time to Second Token,ms,p75,0.62
158,1780554543323170560,1780554544323170560,Time to Second Token,ms,p90,0.62
158,1780554543323170560,1780554544323170560,Time to Second Token,ms,p95,0.62
158,1780554543323170560,1780554544323170560,Time to Second Token,ms,p99,0.62
158,1780554543323170560,1780554544323170560,Time to Second Token,ms,std,0.00
158,1780554543323170560,1780554544323170560,Tokens In Flight,tokens,avg,1047493.76
158,1780554543323170560,1780554544323170560,Tokens In Flight,tokens,min,956177.23
158,1780554543323170560,1780554544323170560,Tokens In Flight,tokens,max,1053557.98
158,1780554543323170560,1780554544323170560,Tokens In Flight,tokens,p50,1053524.22
158,1780554543323170560,1780554544323170560,Tokens In Flight,tokens,p90,1053552.26
158,1780554543323170560,1780554544323170560,Tokens In Flight,tokens,p95,1053557.98
158,1780554543323170560,1780554544323170560,Tokens In Flight,tokens,p99,1053557.98
158,1780554543323170560,1780554544323170560,Tokens In Flight,tokens,std,23472.35
158,1780554543323170560,1780554544323170560,Total Input Sequence Length,tokens,avg,97312.00
158,1780554543323170560,1780554544323170560,Total Output Sequence Length,tokens,avg,1143.00
158,1780554543323170560,1780554544323170560,Total Output Tokens,tokens,avg,1143.00
158,1780554543323170560,1780554544323170560,Total Token Throughput,tokens/sec,avg,98455.00
158,1780554543323170560,1780554544323170560,Total Usage Completion Tokens,tokens,avg,1143.00
158,1780554543323170560,1780554544323170560,Total Usage Prompt Tokens,tokens,avg,97312.00
158,1780554543323170560,1780554544323170560,Total Usage Total Tokens,tokens,avg,98455.00
158,1780554543323170560,1780554544323170560,Usage Completion Tokens,tokens,avg,1143.00
158,1780554543323170560,1780554544323170560,Usage Completion Tokens,tokens,min,1143.00
158,1780554543323170560,1780554544323170560,Usage Completion Tokens,tokens,max,1143.00
158,1780554543323170560,1780554544323170560,Usage Completion Tokens,tokens,sum,1143.00
158,1780554543323170560,1780554544323170560,Usage Completion Tokens,tokens,p1,1143.00
158,1780554543323170560,1780554544323170560,Usage Completion Tokens,tokens,p5,1143.00
158,1780554543323170560,1780554544323170560,Usage Completion Tokens,tokens,p10,1143.00
158,1780554543323170560,1780554544323170560,Usage Completion Tokens,tokens,p25,1143.00
158,1780554543323170560,1780554544323170560,Usage Completion Tokens,tokens,p50,1143.00
158,1780554543323170560,1780554544323170560,Usage Completion Tokens,tokens,p75,1143.00
158,1780554543323170560,1780554544323170560,Usage Completion Tokens,tokens,p90,1143.00
158,1780554543323170560,1780554544323170560,Usage Completion Tokens,tokens,p95,1143.00
158,1780554543323170560,1780554544323170560,Usage Completion Tokens,tokens,p99,1143.00
158,1780554543323170560,1780554544323170560,Usage Completion Tokens,tokens,std,0.00
158,1780554543323170560,1780554544323170560,Usage Prompt Tokens,tokens,avg,97312.00
158,1780554543323170560,1780554544323170560,Usage Prompt Tokens,tokens,min,97312.00
158,1780554543323170560,1780554544323170560,Usage Prompt Tokens,tokens,max,97312.00
158,1780554543323170560,1780554544323170560,Usage Prompt Tokens,tokens,sum,97312.00
158,1780554543323170560,1780554544323170560,Usage Prompt Tokens,tokens,p1,97312.00
158,1780554543323170560,1780554544323170560,Usage Prompt Tokens,tokens,p5,97312.00
158,1780554543323170560,1780554544323170560,Usage Prompt Tokens,tokens,p10,97312.00
158,1780554543323170560,1780554544323170560,Usage Prompt Tokens,tokens,p25,97312.00
158,1780554543323170560,1780554544323170560,Usage Prompt Tokens,tokens,p50,97312.00
158,1780554543323170560,1780554544323170560,Usage Prompt Tokens,tokens,p75,97312.00
158,1780554543323170560,1780554544323170560,Usage Prompt Tokens,tokens,p90,97312.00
158,1780554543323170560,1780554544323170560,Usage Prompt Tokens,tokens,p95,97312.00
158,1780554543323170560,1780554544323170560,Usage Prompt Tokens,tokens,p99,97312.00
158,1780554543323170560,1780554544323170560,Usage Prompt Tokens,tokens,std,0.00
158,1780554543323170560,1780554544323170560,Usage Total Tokens,tokens,avg,98455.00
158,1780554543323170560,1780554544323170560,Usage Total Tokens,tokens,min,98455.00
158,1780554543323170560,1780554544323170560,Usage Total Tokens,tokens,max,98455.00
158,1780554543323170560,1780554544323170560,Usage Total Tokens,tokens,sum,98455.00
158,1780554543323170560,1780554544323170560,Usage Total Tokens,tokens,p1,98455.00
158,1780554543323170560,1780554544323170560,Usage Total Tokens,tokens,p5,98455.00
158,1780554543323170560,1780554544323170560,Usage Total Tokens,tokens,p10,98455.00
158,1780554543323170560,1780554544323170560,Usage Total Tokens,tokens,p25,98455.00
158,1780554543323170560,1780554544323170560,Usage Total Tokens,tokens,p50,98455.00
158,1780554543323170560,1780554544323170560,Usage Total Tokens,tokens,p75,98455.00
158,1780554543323170560,1780554544323170560,Usage Total Tokens,tokens,p90,98455.00
158,1780554543323170560,1780554544323170560,Usage Total Tokens,tokens,p95,98455.00
158,1780554543323170560,1780554544323170560,Usage Total Tokens,tokens,p99,98455.00
158,1780554543323170560,1780554544323170560,Usage Total Tokens,tokens,std,0.00
159,1780554554323170560,1780554555323170560,Active Decode Throughput,tokens/sec,avg,84.82
159,1780554554323170560,1780554555323170560,Active Decode Throughput,tokens/sec,min,75.62
159,1780554554323170560,1780554555323170560,Active Decode Throughput,tokens/sec,max,93.47
159,1780554554323170560,1780554555323170560,Active Decode Throughput,tokens/sec,p50,83.87
159,1780554554323170560,1780554555323170560,Active Decode Throughput,tokens/sec,p90,85.89
159,1780554554323170560,1780554555323170560,Active Decode Throughput,tokens/sec,p95,85.89
159,1780554554323170560,1780554555323170560,Active Decode Throughput,tokens/sec,p99,85.89
159,1780554554323170560,1780554555323170560,Active Decode Throughput,tokens/sec,std,1.01
159,1780554554323170560,1780554555323170560,Active Decode Throughput Per User,tokens/sec/user,avg,10.04
159,1780554554323170560,1780554555323170560,Active Decode Throughput Per User,tokens/sec/user,min,8.70
159,1780554554323170560,1780554555323170560,Active Decode Throughput Per User,tokens/sec/user,max,11.51
159,1780554554323170560,1780554555323170560,Active Decode Throughput Per User,tokens/sec/user,p50,10.48
159,1780554554323170560,1780554555323170560,Active Decode Throughput Per User,tokens/sec/user,p90,10.48
159,1780554554323170560,1780554555323170560,Active Decode Throughput Per User,tokens/sec/user,p95,10.48
159,1780554554323170560,1780554555323170560,Active Decode Throughput Per User,tokens/sec/user,p99,10.48
159,1780554554323170560,1780554555323170560,Active Decode Throughput Per User,tokens/sec/user,std,0.47
159,1780554554323170560,1780554555323170560,Active Prefill Throughput,tokens/sec,avg,11566.88
159,1780554554323170560,1780554555323170560,Active Prefill Throughput,tokens/sec,min,8489.20
159,1780554554323170560,1780554555323170560,Active Prefill Throughput,tokens/sec,max,17016.15
159,1780554554323170560,1780554555323170560,Active Prefill Throughput,tokens/sec,p50,8526.95
159,1780554554323170560,1780554555323170560,Active Prefill Throughput,tokens/sec,p90,17016.15
159,1780554554323170560,1780554555323170560,Active Prefill Throughput,tokens/sec,p95,17016.15
159,1780554554323170560,1780554555323170560,Active Prefill Throughput,tokens/sec,p99,17016.15
159,1780554554323170560,1780554555323170560,Active Prefill Throughput,tokens/sec,std,3507.58
159,1780554554323170560,1780554555323170560,Active Prefill Throughput Per User,tokens/sec/user,avg,8074.19
159,1780554554323170560,1780554555323170560,Active Prefill Throughput Per User,tokens/sec/user,min,6787.75
159,1780554554323170560,1780554555323170560,Active Prefill Throughput Per User,tokens/sec/user,max,8526.95
159,1780554554323170560,1780554555323170560,Active Prefill Throughput Per User,tokens/sec/user,p50,8489.20
159,1780554554323170560,1780554555323170560,Active Prefill Throughput Per User,tokens/sec/user,p90,8526.95
159,1780554554323170560,1780554555323170560,Active Prefill Throughput Per User,tokens/sec/user,p95,8526.95
159,1780554554323170560,1780554555323170560,Active Prefill Throughput Per User,tokens/sec/user,p99,8526.95
159,1780554554323170560,1780554555323170560,Active Prefill Throughput Per User,tokens/sec/user,std,745.26
159,1780554554323170560,1780554555323170560,Active Total Throughput,tokens/sec,avg,11652.63
159,1780554554323170560,1780554555323170560,Active Total Throughput,tokens/sec,min,8570.15
159,1780554554323170560,1780554555323170560,Active Total Throughput,tokens/sec,max,17097.10
159,1780554554323170560,1780554555323170560,Active Total Throughput,tokens/sec,p50,8618.02
159,1780554554323170560,1780554555323170560,Active Total Throughput,tokens/sec,p90,17097.10
159,1780554554323170560,1780554555323170560,Active Total Throughput,tokens/sec,p95,17097.10
159,1780554554323170560,1780554555323170560,Active Total Throughput,tokens/sec,p99,17097.10
159,1780554554323170560,1780554555323170560,Active Total Throughput,tokens/sec,std,3507.07
159,1780554554323170560,1780554555323170560,Benchmark Duration,sec,avg,104.52
159,1780554554323170560,1780554555323170560,E2E Output Token Throughput,tokens/sec/user,avg,4.94
159,1780554554323170560,1780554555323170560,E2E Output Token Throughput,tokens/sec/user,min,0.71
159,1780554554323170560,1780554555323170560,E2E Output Token Throughput,tokens/sec/user,max,9.18
159,1780554554323170560,1780554555323170560,E2E Output Token Throughput,tokens/sec/user,sum,9.89
159,1780554554323170560,1780554555323170560,E2E Output Token Throughput,tokens/sec/user,p1,0.79
159,1780554554323170560,1780554555323170560,E2E Output Token Throughput,tokens/sec/user,p5,1.13
159,1780554554323170560,1780554555323170560,E2E Output Token Throughput,tokens/sec/user,p10,1.55
159,1780554554323170560,1780554555323170560,E2E Output Token Throughput,tokens/sec/user,p25,2.83
159,1780554554323170560,1780554555323170560,E2E Output Token Throughput,tokens/sec/user,p50,4.94
159,1780554554323170560,1780554555323170560,E2E Output Token Throughput,tokens/sec/user,p75,7.06
159,1780554554323170560,1780554555323170560,E2E Output Token Throughput,tokens/sec/user,p90,8.34
159,1780554554323170560,1780554555323170560,E2E Output Token Throughput,tokens/sec/user,p95,8.76
159,1780554554323170560,1780554555323170560,E2E Output Token Throughput,tokens/sec/user,p99,9.10
159,1780554554323170560,1780554555323170560,E2E Output Token Throughput,tokens/sec/user,std,4.24
159,1780554554323170560,1780554555323170560,Effective Concurrency,requests,avg,9.94
159,1780554554323170560,1780554555323170560,Effective Concurrency,requests,min,9.00
159,1780554554323170560,1780554555323170560,Effective Concurrency,requests,max,11.00
159,1780554554323170560,1780554555323170560,Effective Concurrency,requests,p50,10.00
159,1780554554323170560,1780554555323170560,Effective Concurrency,requests,p90,11.00
159,1780554554323170560,1780554555323170560,Effective Concurrency,requests,p95,11.00
159,1780554554323170560,1780554555323170560,Effective Concurrency,requests,p99,11.00
159,1780554554323170560,1780554555323170560,Effective Concurrency,requests,std,0.75
159,1780554554323170560,1780554555323170560,Effective Decode Concurrency,requests,avg,8.47
159,1780554554323170560,1780554555323170560,Effective Decode Concurrency,requests,min,8.00
159,1780554554323170560,1780554555323170560,Effective Decode Concurrency,requests,max,9.00
159,1780554554323170560,1780554555323170560,Effective Decode Concurrency,requests,p50,8.00
159,1780554554323170560,1780554555323170560,Effective Decode Concurrency,requests,p90,9.00
159,1780554554323170560,1780554555323170560,Effective Decode Concurrency,requests,p95,9.00
159,1780554554323170560,1780554555323170560,Effective Decode Concurrency,requests,p99,9.00
159,1780554554323170560,1780554555323170560,Effective Decode Concurrency,requests,std,0.50
159,1780554554323170560,1780554555323170560,Effective Decode Throughput,tokens/sec,avg,84.82
159,1780554554323170560,1780554555323170560,Effective Decode Throughput,tokens/sec,min,75.62
159,1780554554323170560,1780554555323170560,Effective Decode Throughput,tokens/sec,max,93.47
159,1780554554323170560,1780554555323170560,Effective Decode Throughput,tokens/sec,p50,83.87
159,1780554554323170560,1780554555323170560,Effective Decode Throughput,tokens/sec,p90,85.89
159,1780554554323170560,1780554555323170560,Effective Decode Throughput,tokens/sec,p95,85.89
159,1780554554323170560,1780554555323170560,Effective Decode Throughput,tokens/sec,p99,85.89
159,1780554554323170560,1780554555323170560,Effective Decode Throughput,tokens/sec,std,1.01
159,1780554554323170560,1780554555323170560,Effective Decode Throughput Per User,tokens/sec/user,avg,10.04
159,1780554554323170560,1780554555323170560,Effective Decode Throughput Per User,tokens/sec/user,min,8.70
159,1780554554323170560,1780554555323170560,Effective Decode Throughput Per User,tokens/sec/user,max,11.51
159,1780554554323170560,1780554555323170560,Effective Decode Throughput Per User,tokens/sec/user,p50,10.48
159,1780554554323170560,1780554555323170560,Effective Decode Throughput Per User,tokens/sec/user,p90,10.48
159,1780554554323170560,1780554555323170560,Effective Decode Throughput Per User,tokens/sec/user,p95,10.48
159,1780554554323170560,1780554555323170560,Effective Decode Throughput Per User,tokens/sec/user,p99,10.48
159,1780554554323170560,1780554555323170560,Effective Decode Throughput Per User,tokens/sec/user,std,0.47
159,1780554554323170560,1780554555323170560,Effective Prefill Concurrency,requests,avg,1.46
159,1780554554323170560,1780554555323170560,Effective Prefill Concurrency,requests,min,1.00
159,1780554554323170560,1780554555323170560,Effective Prefill Concurrency,requests,max,2.00
159,1780554554323170560,1780554555323170560,Effective Prefill Concurrency,requests,p50,1.00
159,1780554554323170560,1780554555323170560,Effective Prefill Concurrency,requests,p90,2.00
159,1780554554323170560,1780554555323170560,Effective Prefill Concurrency,requests,p95,2.00
159,1780554554323170560,1780554555323170560,Effective Prefill Concurrency,requests,p99,2.00
159,1780554554323170560,1780554555323170560,Effective Prefill Concurrency,requests,std,0.50
159,1780554554323170560,1780554555323170560,Effective Prefill Throughput,tokens/sec,avg,11566.88
159,1780554554323170560,1780554555323170560,Effective Prefill Throughput,tokens/sec,min,8489.20
159,1780554554323170560,1780554555323170560,Effective Prefill Throughput,tokens/sec,max,17016.15
159,1780554554323170560,1780554555323170560,Effective Prefill Throughput,tokens/sec,p50,8526.95
159,1780554554323170560,1780554555323170560,Effective Prefill Throughput,tokens/sec,p90,17016.15
159,1780554554323170560,1780554555323170560,Effective Prefill Throughput,tokens/sec,p95,17016.15
159,1780554554323170560,1780554555323170560,Effective Prefill Throughput,tokens/sec,p99,17016.15
159,1780554554323170560,1780554555323170560,Effective Prefill Throughput,tokens/sec,std,3507.58
159,1780554554323170560,1780554555323170560,Effective Prefill Throughput Per User,tokens/sec/user,avg,8074.19
159,1780554554323170560,1780554555323170560,Effective Prefill Throughput Per User,tokens/sec/user,min,6787.75
159,1780554554323170560,1780554555323170560,Effective Prefill Throughput Per User,tokens/sec/user,max,8526.95
159,1780554554323170560,1780554555323170560,Effective Prefill Throughput Per User,tokens/sec/user,p50,8489.20
159,1780554554323170560,1780554555323170560,Effective Prefill Throughput Per User,tokens/sec/user,p90,8526.95
159,1780554554323170560,1780554555323170560,Effective Prefill Throughput Per User,tokens/sec/user,p95,8526.95
159,1780554554323170560,1780554555323170560,Effective Prefill Throughput Per User,tokens/sec/user,p99,8526.95
159,1780554554323170560,1780554555323170560,Effective Prefill Throughput Per User,tokens/sec/user,std,745.26
159,1780554554323170560,1780554555323170560,Effective Total Throughput,tokens/sec,avg,11652.63
159,1780554554323170560,1780554555323170560,Effective Total Throughput,tokens/sec,min,8570.15
159,1780554554323170560,1780554555323170560,Effective Total Throughput,tokens/sec,max,17097.10
159,1780554554323170560,1780554555323170560,Effective Total Throughput,tokens/sec,p50,8618.02
159,1780554554323170560,1780554555323170560,Effective Total Throughput,tokens/sec,p90,17097.10
159,1780554554323170560,1780554555323170560,Effective Total Throughput,tokens/sec,p95,17097.10
159,1780554554323170560,1780554555323170560,Effective Total Throughput,tokens/sec,p99,17097.10
159,1780554554323170560,1780554555323170560,Effective Total Throughput,tokens/sec,std,3507.07
159,1780554554323170560,1780554555323170560,HTTP Blocked,ms,avg,0.00
159,1780554554323170560,1780554555323170560,HTTP Blocked,ms,min,0.00
159,1780554554323170560,1780554555323170560,HTTP Blocked,ms,max,0.00
159,1780554554323170560,1780554555323170560,HTTP Blocked,ms,sum,0.00
159,1780554554323170560,1780554555323170560,HTTP Blocked,ms,p1,0.00
159,1780554554323170560,1780554555323170560,HTTP Blocked,ms,p5,0.00
159,1780554554323170560,1780554555323170560,HTTP Blocked,ms,p10,0.00
159,1780554554323170560,1780554555323170560,HTTP Blocked,ms,p25,0.00
159,1780554554323170560,1780554555323170560,HTTP Blocked,ms,p50,0.00
159,1780554554323170560,1780554555323170560,HTTP Blocked,ms,p75,0.00
159,1780554554323170560,1780554555323170560,HTTP Blocked,ms,p90,0.00
159,1780554554323170560,1780554555323170560,HTTP Blocked,ms,p95,0.00
159,1780554554323170560,1780554555323170560,HTTP Blocked,ms,p99,0.00
159,1780554554323170560,1780554555323170560,HTTP Blocked,ms,std,0.00
159,1780554554323170560,1780554555323170560,HTTP Chunks Received,count,avg,481.00
159,1780554554323170560,1780554555323170560,HTTP Chunks Received,count,min,6.00
159,1780554554323170560,1780554555323170560,HTTP Chunks Received,count,max,956.00
159,1780554554323170560,1780554555323170560,HTTP Chunks Received,count,sum,962.00
159,1780554554323170560,1780554555323170560,HTTP Chunks Received,count,p1,15.50
159,1780554554323170560,1780554555323170560,HTTP Chunks Received,count,p5,53.50
159,1780554554323170560,1780554555323170560,HTTP Chunks Received,count,p10,101.00
159,1780554554323170560,1780554555323170560,HTTP Chunks Received,count,p25,243.50
159,1780554554323170560,1780554555323170560,HTTP Chunks Received,count,p50,481.00
159,1780554554323170560,1780554555323170560,HTTP Chunks Received,count,p75,718.50
159,1780554554323170560,1780554555323170560,HTTP Chunks Received,count,p90,861.00
159,1780554554323170560,1780554555323170560,HTTP Chunks Received,count,p95,908.50
159,1780554554323170560,1780554555323170560,HTTP Chunks Received,count,p99,946.50
159,1780554554323170560,1780554555323170560,HTTP Chunks Received,count,std,475.00
159,1780554554323170560,1780554555323170560,HTTP Chunks Sent,count,avg,1.00
159,1780554554323170560,1780554555323170560,HTTP Chunks Sent,count,min,1.00
159,1780554554323170560,1780554555323170560,HTTP Chunks Sent,count,max,1.00
159,1780554554323170560,1780554555323170560,HTTP Chunks Sent,count,sum,2.00
159,1780554554323170560,1780554555323170560,HTTP Chunks Sent,count,p1,1.00
159,1780554554323170560,1780554555323170560,HTTP Chunks Sent,count,p5,1.00
159,1780554554323170560,1780554555323170560,HTTP Chunks Sent,count,p10,1.00
159,1780554554323170560,1780554555323170560,HTTP Chunks Sent,count,p25,1.00
159,1780554554323170560,1780554555323170560,HTTP Chunks Sent,count,p50,1.00
159,1780554554323170560,1780554555323170560,HTTP Chunks Sent,count,p75,1.00
159,1780554554323170560,1780554555323170560,HTTP Chunks Sent,count,p90,1.00
159,1780554554323170560,1780554555323170560,HTTP Chunks Sent,count,p95,1.00
159,1780554554323170560,1780554555323170560,HTTP Chunks Sent,count,p99,1.00
159,1780554554323170560,1780554555323170560,HTTP Chunks Sent,count,std,0.00
159,1780554554323170560,1780554555323170560,HTTP Connecting,ms,avg,0.84
159,1780554554323170560,1780554555323170560,HTTP Connecting,ms,min,0.68
159,1780554554323170560,1780554555323170560,HTTP Connecting,ms,max,1.01
159,1780554554323170560,1780554555323170560,HTTP Connecting,ms,sum,1.68
159,1780554554323170560,1780554555323170560,HTTP Connecting,ms,p1,0.68
159,1780554554323170560,1780554555323170560,HTTP Connecting,ms,p5,0.69
159,1780554554323170560,1780554555323170560,HTTP Connecting,ms,p10,0.71
159,1780554554323170560,1780554555323170560,HTTP Connecting,ms,p25,0.76
159,1780554554323170560,1780554555323170560,HTTP Connecting,ms,p50,0.84
159,1780554554323170560,1780554555323170560,HTTP Connecting,ms,p75,0.92
159,1780554554323170560,1780554555323170560,HTTP Connecting,ms,p90,0.97
159,1780554554323170560,1780554555323170560,HTTP Connecting,ms,p95,0.99
159,1780554554323170560,1780554555323170560,HTTP Connecting,ms,p99,1.00
159,1780554554323170560,1780554555323170560,HTTP Connecting,ms,std,0.17
159,1780554554323170560,1780554555323170560,HTTP Connection Overhead,ms,avg,1.05
159,1780554554323170560,1780554555323170560,HTTP Connection Overhead,ms,min,0.68
159,1780554554323170560,1780554555323170560,HTTP Connection Overhead,ms,max,1.42
159,1780554554323170560,1780554555323170560,HTTP Connection Overhead,ms,sum,2.10
159,1780554554323170560,1780554555323170560,HTTP Connection Overhead,ms,p1,0.68
159,1780554554323170560,1780554555323170560,HTTP Connection Overhead,ms,p5,0.71
159,1780554554323170560,1780554555323170560,HTTP Connection Overhead,ms,p10,0.75
159,1780554554323170560,1780554555323170560,HTTP Connection Overhead,ms,p25,0.86
159,1780554554323170560,1780554555323170560,HTTP Connection Overhead,ms,p50,1.05
159,1780554554323170560,1780554555323170560,HTTP Connection Overhead,ms,p75,1.24
159,1780554554323170560,1780554555323170560,HTTP Connection Overhead,ms,p90,1.35
159,1780554554323170560,1780554555323170560,HTTP Connection Overhead,ms,p95,1.39
159,1780554554323170560,1780554555323170560,HTTP Connection Overhead,ms,p99,1.42
159,1780554554323170560,1780554555323170560,HTTP Connection Overhead,ms,std,0.37
159,1780554554323170560,1780554555323170560,HTTP Connection Reused,ratio,avg,0.00
159,1780554554323170560,1780554555323170560,HTTP Connection Reused,ratio,min,0.00
159,1780554554323170560,1780554555323170560,HTTP Connection Reused,ratio,max,0.00
159,1780554554323170560,1780554555323170560,HTTP Connection Reused,ratio,sum,0.00
159,1780554554323170560,1780554555323170560,HTTP Connection Reused,ratio,p1,0.00
159,1780554554323170560,1780554555323170560,HTTP Connection Reused,ratio,p5,0.00
159,1780554554323170560,1780554555323170560,HTTP Connection Reused,ratio,p10,0.00
159,1780554554323170560,1780554555323170560,HTTP Connection Reused,ratio,p25,0.00
159,1780554554323170560,1780554555323170560,HTTP Connection Reused,ratio,p50,0.00
159,1780554554323170560,1780554555323170560,HTTP Connection Reused,ratio,p75,0.00
159,1780554554323170560,1780554555323170560,HTTP Connection Reused,ratio,p90,0.00
159,1780554554323170560,1780554555323170560,HTTP Connection Reused,ratio,p95,0.00
159,1780554554323170560,1780554555323170560,HTTP Connection Reused,ratio,p99,0.00
159,1780554554323170560,1780554555323170560,HTTP Connection Reused,ratio,std,0.00
159,1780554554323170560,1780554555323170560,HTTP Data Received,KB,avg,120.07
159,1780554554323170560,1780554555323170560,HTTP Data Received,KB,min,2.09
159,1780554554323170560,1780554555323170560,HTTP Data Received,KB,max,238.05
159,1780554554323170560,1780554555323170560,HTTP Data Received,KB,sum,240.14
159,1780554554323170560,1780554555323170560,HTTP Data Received,KB,p1,4.45
159,1780554554323170560,1780554555323170560,HTTP Data Received,KB,p5,13.89
159,1780554554323170560,1780554555323170560,HTTP Data Received,KB,p10,25.68
159,1780554554323170560,1780554555323170560,HTTP Data Received,KB,p25,61.08
159,1780554554323170560,1780554555323170560,HTTP Data Received,KB,p50,120.07
159,1780554554323170560,1780554555323170560,HTTP Data Received,KB,p75,179.06
159,1780554554323170560,1780554555323170560,HTTP Data Received,KB,p90,214.45
159,1780554554323170560,1780554555323170560,HTTP Data Received,KB,p95,226.25
159,1780554554323170560,1780554555323170560,HTTP Data Received,KB,p99,235.69
159,1780554554323170560,1780554555323170560,HTTP Data Received,KB,std,117.98
159,1780554554323170560,1780554555323170560,HTTP Data Sent,KB,avg,188.96
159,1780554554323170560,1780554555323170560,HTTP Data Sent,KB,min,159.78
159,1780554554323170560,1780554555323170560,HTTP Data Sent,KB,max,218.13
159,1780554554323170560,1780554555323170560,HTTP Data Sent,KB,sum,377.91
159,1780554554323170560,1780554555323170560,HTTP Data Sent,KB,p1,160.36
159,1780554554323170560,1780554555323170560,HTTP Data Sent,KB,p5,162.70
159,1780554554323170560,1780554555323170560,HTTP Data Sent,KB,p10,165.62
159,1780554554323170560,1780554555323170560,HTTP Data Sent,KB,p25,174.37
159,1780554554323170560,1780554555323170560,HTTP Data Sent,KB,p50,188.96
159,1780554554323170560,1780554555323170560,HTTP Data Sent,KB,p75,203.55
159,1780554554323170560,1780554555323170560,HTTP Data Sent,KB,p90,212.30
159,1780554554323170560,1780554555323170560,HTTP Data Sent,KB,p95,215.22
159,1780554554323170560,1780554555323170560,HTTP Data Sent,KB,p99,217.55
159,1780554554323170560,1780554555323170560,HTTP Data Sent,KB,std,29.18
159,1780554554323170560,1780554555323170560,HTTP DNS Lookup,ms,avg,0.21
159,1780554554323170560,1780554555323170560,HTTP DNS Lookup,ms,min,0.00
159,1780554554323170560,1780554555323170560,HTTP DNS Lookup,ms,max,0.42
159,1780554554323170560,1780554555323170560,HTTP DNS Lookup,ms,sum,0.42
159,1780554554323170560,1780554555323170560,HTTP DNS Lookup,ms,p1,0.00
159,1780554554323170560,1780554555323170560,HTTP DNS Lookup,ms,p5,0.02
159,1780554554323170560,1780554555323170560,HTTP DNS Lookup,ms,p10,0.04
159,1780554554323170560,1780554555323170560,HTTP DNS Lookup,ms,p25,0.10
159,1780554554323170560,1780554555323170560,HTTP DNS Lookup,ms,p50,0.21
159,1780554554323170560,1780554555323170560,HTTP DNS Lookup,ms,p75,0.31
159,1780554554323170560,1780554555323170560,HTTP DNS Lookup,ms,p90,0.38
159,1780554554323170560,1780554555323170560,HTTP DNS Lookup,ms,p95,0.40
159,1780554554323170560,1780554555323170560,HTTP DNS Lookup,ms,p99,0.41
159,1780554554323170560,1780554555323170560,HTTP DNS Lookup,ms,std,0.21
159,1780554554323170560,1780554555323170560,HTTP Duration (excl. conn),ms,avg,56298.93
159,1780554554323170560,1780554555323170560,HTTP Duration (excl. conn),ms,min,8507.48
159,1780554554323170560,1780554555323170560,HTTP Duration (excl. conn),ms,max,104090.38
159,1780554554323170560,1780554555323170560,HTTP Duration (excl. conn),ms,sum,112597.86
159,1780554554323170560,1780554555323170560,HTTP Duration (excl. conn),ms,p1,9463.31
159,1780554554323170560,1780554555323170560,HTTP Duration (excl. conn),ms,p5,13286.63
159,1780554554323170560,1780554555323170560,HTTP Duration (excl. conn),ms,p10,18065.77
159,1780554554323170560,1780554555323170560,HTTP Duration (excl. conn),ms,p25,32403.21
159,1780554554323170560,1780554555323170560,HTTP Duration (excl. conn),ms,p50,56298.93
159,1780554554323170560,1780554555323170560,HTTP Duration (excl. conn),ms,p75,80194.66
159,1780554554323170560,1780554555323170560,HTTP Duration (excl. conn),ms,p90,94532.09
159,1780554554323170560,1780554555323170560,HTTP Duration (excl. conn),ms,p95,99311.24
159,1780554554323170560,1780554555323170560,HTTP Duration (excl. conn),ms,p99,103134.55
159,1780554554323170560,1780554555323170560,HTTP Duration (excl. conn),ms,std,47791.45
159,1780554554323170560,1780554555323170560,HTTP Receiving,ms,avg,48980.71
159,1780554554323170560,1780554555323170560,HTTP Receiving,ms,min,1944.54
159,1780554554323170560,1780554555323170560,HTTP Receiving,ms,max,96016.89
159,1780554554323170560,1780554555323170560,HTTP Receiving,ms,sum,97961.43
159,1780554554323170560,1780554555323170560,HTTP Receiving,ms,p1,2885.26
159,1780554554323170560,1780554555323170560,HTTP Receiving,ms,p5,6648.15
159,1780554554323170560,1780554555323170560,HTTP Receiving,ms,p10,11351.77
159,1780554554323170560,1780554555323170560,HTTP Receiving,ms,p25,25462.62
159,1780554554323170560,1780554555323170560,HTTP Receiving,ms,p50,48980.71
159,1780554554323170560,1780554555323170560,HTTP Receiving,ms,p75,72498.80
159,1780554554323170560,1780554555323170560,HTTP Receiving,ms,p90,86609.66
159,1780554554323170560,1780554555323170560,HTTP Receiving,ms,p95,91313.27
159,1780554554323170560,1780554555323170560,HTTP Receiving,ms,p99,95076.17
159,1780554554323170560,1780554555323170560,HTTP Receiving,ms,std,47036.18
159,1780554554323170560,1780554555323170560,HTTP Sending,ms,avg,1.12
159,1780554554323170560,1780554555323170560,HTTP Sending,ms,min,0.95
159,1780554554323170560,1780554555323170560,HTTP Sending,ms,max,1.29
159,1780554554323170560,1780554555323170560,HTTP Sending,ms,sum,2.24
159,1780554554323170560,1780554555323170560,HTTP Sending,ms,p1,0.95
159,1780554554323170560,1780554555323170560,HTTP Sending,ms,p5,0.96
159,1780554554323170560,1780554555323170560,HTTP Sending,ms,p10,0.98
159,1780554554323170560,1780554555323170560,HTTP Sending,ms,p25,1.03
159,1780554554323170560,1780554555323170560,HTTP Sending,ms,p50,1.12
159,1780554554323170560,1780554555323170560,HTTP Sending,ms,p75,1.21
159,1780554554323170560,1780554555323170560,HTTP Sending,ms,p90,1.26
159,1780554554323170560,1780554555323170560,HTTP Sending,ms,p95,1.27
159,1780554554323170560,1780554555323170560,HTTP Sending,ms,p99,1.29
159,1780554554323170560,1780554555323170560,HTTP Sending,ms,std,0.17
159,1780554554323170560,1780554555323170560,HTTP Total Time,ms,avg,56299.98
159,1780554554323170560,1780554555323170560,HTTP Total Time,ms,min,8508.91
159,1780554554323170560,1780554555323170560,HTTP Total Time,ms,max,104091.06
159,1780554554323170560,1780554555323170560,HTTP Total Time,ms,sum,112599.96
159,1780554554323170560,1780554555323170560,HTTP Total Time,ms,p1,9464.73
159,1780554554323170560,1780554555323170560,HTTP Total Time,ms,p5,13288.01
159,1780554554323170560,1780554555323170560,HTTP Total Time,ms,p10,18067.12
159,1780554554323170560,1780554555323170560,HTTP Total Time,ms,p25,32404.44
159,1780554554323170560,1780554555323170560,HTTP Total Time,ms,p50,56299.98
159,1780554554323170560,1780554555323170560,HTTP Total Time,ms,p75,80195.52
159,1780554554323170560,1780554555323170560,HTTP Total Time,ms,p90,94532.84
159,1780554554323170560,1780554555323170560,HTTP Total Time,ms,p95,99311.95
159,1780554554323170560,1780554555323170560,HTTP Total Time,ms,p99,103135.24
159,1780554554323170560,1780554555323170560,HTTP Total Time,ms,std,47791.08
159,1780554554323170560,1780554555323170560,HTTP Waiting (TTFB),ms,avg,7317.10
159,1780554554323170560,1780554555323170560,HTTP Waiting (TTFB),ms,min,6561.66
159,1780554554323170560,1780554555323170560,HTTP Waiting (TTFB),ms,max,8072.54
159,1780554554323170560,1780554555323170560,HTTP Waiting (TTFB),ms,sum,14634.20
159,1780554554323170560,1780554555323170560,HTTP Waiting (TTFB),ms,p1,6576.76
159,1780554554323170560,1780554555323170560,HTTP Waiting (TTFB),ms,p5,6637.20
159,1780554554323170560,1780554555323170560,HTTP Waiting (TTFB),ms,p10,6712.74
159,1780554554323170560,1780554555323170560,HTTP Waiting (TTFB),ms,p25,6939.38
159,1780554554323170560,1780554555323170560,HTTP Waiting (TTFB),ms,p50,7317.10
159,1780554554323170560,1780554555323170560,HTTP Waiting (TTFB),ms,p75,7694.82
159,1780554554323170560,1780554555323170560,HTTP Waiting (TTFB),ms,p90,7921.45
159,1780554554323170560,1780554555323170560,HTTP Waiting (TTFB),ms,p95,7997.00
159,1780554554323170560,1780554555323170560,HTTP Waiting (TTFB),ms,p99,8057.43
159,1780554554323170560,1780554555323170560,HTTP Waiting (TTFB),ms,std,755.44
159,1780554554323170560,1780554555323170560,Input Sequence Length,tokens,avg,48361.50
159,1780554554323170560,1780554555323170560,Input Sequence Length,tokens,min,40760.00
159,1780554554323170560,1780554555323170560,Input Sequence Length,tokens,max,55963.00
159,1780554554323170560,1780554555323170560,Input Sequence Length,tokens,sum,96723.00
159,1780554554323170560,1780554555323170560,Input Sequence Length,tokens,p1,40912.03
159,1780554554323170560,1780554555323170560,Input Sequence Length,tokens,p5,41520.15
159,1780554554323170560,1780554555323170560,Input Sequence Length,tokens,p10,42280.30
159,1780554554323170560,1780554555323170560,Input Sequence Length,tokens,p25,44560.75
159,1780554554323170560,1780554555323170560,Input Sequence Length,tokens,p50,48361.50
159,1780554554323170560,1780554555323170560,Input Sequence Length,tokens,p75,52162.25
159,1780554554323170560,1780554555323170560,Input Sequence Length,tokens,p90,54442.70
159,1780554554323170560,1780554555323170560,Input Sequence Length,tokens,p95,55202.85
159,1780554554323170560,1780554555323170560,Input Sequence Length,tokens,p99,55810.97
159,1780554554323170560,1780554555323170560,Input Sequence Length,tokens,std,7601.50
159,1780554554323170560,1780554555323170560,Input Token Throughput,tokens/sec,avg,96723.00
159,1780554554323170560,1780554555323170560,Inter Chunk Latency,ms,avg,378.14
159,1780554554323170560,1780554555323170560,Inter Chunk Latency,ms,min,134.88
159,1780554554323170560,1780554555323170560,Inter Chunk Latency,ms,max,408.00
159,1780554554323170560,1780554555323170560,Inter Chunk Latency,ms,sum,363018.65
159,1780554554323170560,1780554555323170560,Inter Chunk Latency,ms,p1,364.98
159,1780554554323170560,1780554555323170560,Inter Chunk Latency,ms,p5,366.75
159,1780554554323170560,1780554555323170560,Inter Chunk Latency,ms,p10,370.77
159,1780554554323170560,1780554555323170560,Inter Chunk Latency,ms,p25,373.88
159,1780554554323170560,1780554555323170560,Inter Chunk Latency,ms,p50,376.30
159,1780554554323170560,1780554555323170560,Inter Chunk Latency,ms,p75,381.13
159,1780554554323170560,1780554555323170560,Inter Chunk Latency,ms,p90,396.48
159,1780554554323170560,1780554555323170560,Inter Chunk Latency,ms,p95,402.05
159,1780554554323170560,1780554555323170560,Inter Chunk Latency,ms,p99,405.73
159,1780554554323170560,1780554555323170560,Inter Chunk Latency,ms,std,20.02
159,1780554554323170560,1780554555323170560,Inter Token Latency,ms,avg,244.72
159,1780554554323170560,1780554555323170560,Inter Token Latency,ms,min,100.54
159,1780554554323170560,1780554555323170560,Inter Token Latency,ms,max,388.90
159,1780554554323170560,1780554555323170560,Inter Token Latency,ms,sum,489.45
159,1780554554323170560,1780554555323170560,Inter Token Latency,ms,p1,103.42
159,1780554554323170560,1780554555323170560,Inter Token Latency,ms,p5,114.96
159,1780554554323170560,1780554555323170560,Inter Token Latency,ms,p10,129.38
159,1780554554323170560,1780554555323170560,Inter Token Latency,ms,p25,172.63
159,1780554554323170560,1780554555323170560,Inter Token Latency,ms,p50,244.72
159,1780554554323170560,1780554555323170560,Inter Token Latency,ms,p75,316.81
159,1780554554323170560,1780554555323170560,Inter Token Latency,ms,p90,360.07
159,1780554554323170560,1780554555323170560,Inter Token Latency,ms,p95,374.49
159,1780554554323170560,1780554555323170560,Inter Token Latency,ms,p99,386.02
159,1780554554323170560,1780554555323170560,Inter Token Latency,ms,std,144.18
159,1780554554323170560,1780554555323170560,Maximum Response Timestamp,ns,avg,1780554659162478336.00
159,1780554554323170560,1780554555323170560,Minimum Request Timestamp,ns,avg,1780554554638086912.00
159,1780554554323170560,1780554555323170560,OSL Mismatch Count,requests,avg,0.00
159,1780554554323170560,1780554555323170560,OSL Mismatch Diff %,%,avg,0.00
159,1780554554323170560,1780554555323170560,OSL Mismatch Diff %,%,min,0.00
159,1780554554323170560,1780554555323170560,OSL Mismatch Diff %,%,max,0.00
159,1780554554323170560,1780554555323170560,OSL Mismatch Diff %,%,sum,0.00
159,1780554554323170560,1780554555323170560,OSL Mismatch Diff %,%,p1,0.00
159,1780554554323170560,1780554555323170560,OSL Mismatch Diff %,%,p5,0.00
159,1780554554323170560,1780554555323170560,OSL Mismatch Diff %,%,p10,0.00
159,1780554554323170560,1780554555323170560,OSL Mismatch Diff %,%,p25,0.00
159,1780554554323170560,1780554555323170560,OSL Mismatch Diff %,%,p50,0.00
159,1780554554323170560,1780554555323170560,OSL Mismatch Diff %,%,p75,0.00
159,1780554554323170560,1780554555323170560,OSL Mismatch Diff %,%,p90,0.00
159,1780554554323170560,1780554555323170560,OSL Mismatch Diff %,%,p95,0.00
159,1780554554323170560,1780554555323170560,OSL Mismatch Diff %,%,p99,0.00
159,1780554554323170560,1780554555323170560,OSL Mismatch Diff %,%,std,0.00
159,1780554554323170560,1780554555323170560,Output Sequence Length,tokens,avg,481.00
159,1780554554323170560,1780554555323170560,Output Sequence Length,tokens,min,6.00
159,1780554554323170560,1780554555323170560,Output Sequence Length,tokens,max,956.00
159,1780554554323170560,1780554555323170560,Output Sequence Length,tokens,sum,962.00
159,1780554554323170560,1780554555323170560,Output Sequence Length,tokens,p1,15.50
159,1780554554323170560,1780554555323170560,Output Sequence Length,tokens,p5,53.50
159,1780554554323170560,1780554555323170560,Output Sequence Length,tokens,p10,101.00
159,1780554554323170560,1780554555323170560,Output Sequence Length,tokens,p25,243.50
159,1780554554323170560,1780554555323170560,Output Sequence Length,tokens,p50,481.00
159,1780554554323170560,1780554555323170560,Output Sequence Length,tokens,p75,718.50
159,1780554554323170560,1780554555323170560,Output Sequence Length,tokens,p90,861.00
159,1780554554323170560,1780554555323170560,Output Sequence Length,tokens,p95,908.50
159,1780554554323170560,1780554555323170560,Output Sequence Length,tokens,p99,946.50
159,1780554554323170560,1780554555323170560,Output Sequence Length,tokens,std,475.00
159,1780554554323170560,1780554555323170560,Output Token Count,tokens,avg,481.00
159,1780554554323170560,1780554555323170560,Output Token Count,tokens,min,6.00
159,1780554554323170560,1780554555323170560,Output Token Count,tokens,max,956.00
159,1780554554323170560,1780554555323170560,Output Token Count,tokens,sum,962.00
159,1780554554323170560,1780554555323170560,Output Token Count,tokens,p1,15.50
159,1780554554323170560,1780554555323170560,Output Token Count,tokens,p5,53.50
159,1780554554323170560,1780554555323170560,Output Token Count,tokens,p10,101.00
159,1780554554323170560,1780554555323170560,Output Token Count,tokens,p25,243.50
159,1780554554323170560,1780554555323170560,Output Token Count,tokens,p50,481.00
159,1780554554323170560,1780554555323170560,Output Token Count,tokens,p75,718.50
159,1780554554323170560,1780554555323170560,Output Token Count,tokens,p90,861.00
159,1780554554323170560,1780554555323170560,Output Token Count,tokens,p95,908.50
159,1780554554323170560,1780554555323170560,Output Token Count,tokens,p99,946.50
159,1780554554323170560,1780554555323170560,Output Token Count,tokens,std,475.00
159,1780554554323170560,1780554555323170560,Output Token Throughput,tokens/sec,avg,962.00
159,1780554554323170560,1780554555323170560,Output Token Throughput Per User,tokens/sec/user,avg,6.26
159,1780554554323170560,1780554555323170560,Output Token Throughput Per User,tokens/sec/user,min,2.57
159,1780554554323170560,1780554555323170560,Output Token Throughput Per User,tokens/sec/user,max,9.95
159,1780554554323170560,1780554555323170560,Output Token Throughput Per User,tokens/sec/user,sum,12.52
159,1780554554323170560,1780554555323170560,Output Token Throughput Per User,tokens/sec/user,p1,2.65
159,1780554554323170560,1780554555323170560,Output Token Throughput Per User,tokens/sec/user,p5,2.94
159,1780554554323170560,1780554555323170560,Output Token Throughput Per User,tokens/sec/user,p10,3.31
159,1780554554323170560,1780554555323170560,Output Token Throughput Per User,tokens/sec/user,p25,4.42
159,1780554554323170560,1780554555323170560,Output Token Throughput Per User,tokens/sec/user,p50,6.26
159,1780554554323170560,1780554555323170560,Output Token Throughput Per User,tokens/sec/user,p75,8.10
159,1780554554323170560,1780554555323170560,Output Token Throughput Per User,tokens/sec/user,p90,9.21
159,1780554554323170560,1780554555323170560,Output Token Throughput Per User,tokens/sec/user,p95,9.58
159,1780554554323170560,1780554555323170560,Output Token Throughput Per User,tokens/sec/user,p99,9.87
159,1780554554323170560,1780554555323170560,Output Token Throughput Per User,tokens/sec/user,std,3.69
159,1780554554323170560,1780554555323170560,Prefill Throughput Per User,tokens/sec/user,avg,6787.75
159,1780554554323170560,1780554555323170560,Prefill Throughput Per User,tokens/sec/user,min,5048.55
159,1780554554323170560,1780554555323170560,Prefill Throughput Per User,tokens/sec/user,max,8526.95
159,1780554554323170560,1780554555323170560,Prefill Throughput Per User,tokens/sec/user,sum,13575.50
159,1780554554323170560,1780554555323170560,Prefill Throughput Per User,tokens/sec/user,p1,5083.33
159,1780554554323170560,1780554555323170560,Prefill Throughput Per User,tokens/sec/user,p5,5222.47
159,1780554554323170560,1780554555323170560,Prefill Throughput Per User,tokens/sec/user,p10,5396.39
159,1780554554323170560,1780554555323170560,Prefill Throughput Per User,tokens/sec/user,p25,5918.15
159,1780554554323170560,1780554555323170560,Prefill Throughput Per User,tokens/sec/user,p50,6787.75
159,1780554554323170560,1780554555323170560,Prefill Throughput Per User,tokens/sec/user,p75,7657.35
159,1780554554323170560,1780554555323170560,Prefill Throughput Per User,tokens/sec/user,p90,8179.11
159,1780554554323170560,1780554555323170560,Prefill Throughput Per User,tokens/sec/user,p95,8353.03
159,1780554554323170560,1780554555323170560,Prefill Throughput Per User,tokens/sec/user,p99,8492.17
159,1780554554323170560,1780554555323170560,Prefill Throughput Per User,tokens/sec/user,std,1739.20
159,1780554554323170560,1780554555323170560,Request Count,requests,avg,2.00
159,1780554554323170560,1780554555323170560,Request Latency,ms,avg,56299.06
159,1780554554323170560,1780554555323170560,Request Latency,ms,min,8507.60
159,1780554554323170560,1780554555323170560,Request Latency,ms,max,104090.52
159,1780554554323170560,1780554555323170560,Request Latency,ms,sum,112598.12
159,1780554554323170560,1780554555323170560,Request Latency,ms,p1,9463.43
159,1780554554323170560,1780554555323170560,Request Latency,ms,p5,13286.74
159,1780554554323170560,1780554555323170560,Request Latency,ms,p10,18065.89
159,1780554554323170560,1780554555323170560,Request Latency,ms,p25,32403.33
159,1780554554323170560,1780554555323170560,Request Latency,ms,p50,56299.06
159,1780554554323170560,1780554555323170560,Request Latency,ms,p75,80194.79
159,1780554554323170560,1780554555323170560,Request Latency,ms,p90,94532.23
159,1780554554323170560,1780554555323170560,Request Latency,ms,p95,99311.38
159,1780554554323170560,1780554555323170560,Request Latency,ms,p99,103134.69
159,1780554554323170560,1780554555323170560,Request Latency,ms,std,47791.46
159,1780554554323170560,1780554555323170560,Request Throughput,requests/sec,avg,2.00
159,1780554554323170560,1780554555323170560,Requested OSL,tokens,avg,481.00
159,1780554554323170560,1780554555323170560,Requested OSL,tokens,min,6.00
159,1780554554323170560,1780554555323170560,Requested OSL,tokens,max,956.00
159,1780554554323170560,1780554555323170560,Requested OSL,tokens,sum,962.00
159,1780554554323170560,1780554555323170560,Requested OSL,tokens,p1,15.50
159,1780554554323170560,1780554555323170560,Requested OSL,tokens,p5,53.50
159,1780554554323170560,1780554555323170560,Requested OSL,tokens,p10,101.00
159,1780554554323170560,1780554555323170560,Requested OSL,tokens,p25,243.50
159,1780554554323170560,1780554555323170560,Requested OSL,tokens,p50,481.00
159,1780554554323170560,1780554555323170560,Requested OSL,tokens,p75,718.50
159,1780554554323170560,1780554555323170560,Requested OSL,tokens,p90,861.00
159,1780554554323170560,1780554555323170560,Requested OSL,tokens,p95,908.50
159,1780554554323170560,1780554555323170560,Requested OSL,tokens,p99,946.50
159,1780554554323170560,1780554555323170560,Requested OSL,tokens,std,475.00
159,1780554554323170560,1780554555323170560,Time to First Output Token,ms,avg,7318.34
159,1780554554323170560,1780554555323170560,Time to First Output Token,ms,min,6563.07
159,1780554554323170560,1780554555323170560,Time to First Output Token,ms,max,8073.61
159,1780554554323170560,1780554555323170560,Time to First Output Token,ms,sum,14636.68
159,1780554554323170560,1780554555323170560,Time to First Output Token,ms,p1,6578.18
159,1780554554323170560,1780554555323170560,Time to First Output Token,ms,p5,6638.60
159,1780554554323170560,1780554555323170560,Time to First Output Token,ms,p10,6714.13
159,1780554554323170560,1780554555323170560,Time to First Output Token,ms,p25,6940.71
159,1780554554323170560,1780554555323170560,Time to First Output Token,ms,p50,7318.34
159,1780554554323170560,1780554555323170560,Time to First Output Token,ms,p75,7695.97
159,1780554554323170560,1780554555323170560,Time to First Output Token,ms,p90,7922.56
159,1780554554323170560,1780554555323170560,Time to First Output Token,ms,p95,7998.08
159,1780554554323170560,1780554555323170560,Time to First Output Token,ms,p99,8058.50
159,1780554554323170560,1780554555323170560,Time to First Output Token,ms,std,755.27
159,1780554554323170560,1780554555323170560,Time to First Token,ms,avg,7318.34
159,1780554554323170560,1780554555323170560,Time to First Token,ms,min,6563.07
159,1780554554323170560,1780554555323170560,Time to First Token,ms,max,8073.61
159,1780554554323170560,1780554555323170560,Time to First Token,ms,sum,14636.68
159,1780554554323170560,1780554555323170560,Time to First Token,ms,p1,6578.18
159,1780554554323170560,1780554555323170560,Time to First Token,ms,p5,6638.60
159,1780554554323170560,1780554555323170560,Time to First Token,ms,p10,6714.13
159,1780554554323170560,1780554555323170560,Time to First Token,ms,p25,6940.71
159,1780554554323170560,1780554555323170560,Time to First Token,ms,p50,7318.34
159,1780554554323170560,1780554555323170560,Time to First Token,ms,p75,7695.97
159,1780554554323170560,1780554555323170560,Time to First Token,ms,p90,7922.56
159,1780554554323170560,1780554555323170560,Time to First Token,ms,p95,7998.08
159,1780554554323170560,1780554555323170560,Time to First Token,ms,p99,8058.50
159,1780554554323170560,1780554555323170560,Time to First Token,ms,std,755.27
159,1780554554323170560,1780554555323170560,Time to Second Token,ms,avg,141.72
159,1780554554323170560,1780554555323170560,Time to Second Token,ms,min,86.50
159,1780554554323170560,1780554555323170560,Time to Second Token,ms,max,196.93
159,1780554554323170560,1780554555323170560,Time to Second Token,ms,sum,283.43
159,1780554554323170560,1780554555323170560,Time to Second Token,ms,p1,87.61
159,1780554554323170560,1780554555323170560,Time to Second Token,ms,p5,92.02
159,1780554554323170560,1780554555323170560,Time to Second Token,ms,p10,97.54
159,1780554554323170560,1780554555323170560,Time to Second Token,ms,p25,114.11
159,1780554554323170560,1780554555323170560,Time to Second Token,ms,p50,141.72
159,1780554554323170560,1780554555323170560,Time to Second Token,ms,p75,169.33
159,1780554554323170560,1780554555323170560,Time to Second Token,ms,p90,185.89
159,1780554554323170560,1780554555323170560,Time to Second Token,ms,p95,191.41
159,1780554554323170560,1780554555323170560,Time to Second Token,ms,p99,195.83
159,1780554554323170560,1780554555323170560,Time to Second Token,ms,std,55.22
159,1780554554323170560,1780554555323170560,Tokens In Flight,tokens,avg,957416.32
159,1780554554323170560,1780554555323170560,Tokens In Flight,tokens,min,908814.97
159,1780554554323170560,1780554555323170560,Tokens In Flight,tokens,max,1005584.12
159,1780554554323170560,1780554555323170560,Tokens In Flight,tokens,p50,964800.02
159,1780554554323170560,1780554555323170560,Tokens In Flight,tokens,p90,1005579.62
159,1780554554323170560,1780554555323170560,Tokens In Flight,tokens,p95,1005581.75
159,1780554554323170560,1780554555323170560,Tokens In Flight,tokens,p99,1005584.12
159,1780554554323170560,1780554555323170560,Tokens In Flight,tokens,std,36742.83
159,1780554554323170560,1780554555323170560,Total Input Sequence Length,tokens,avg,96723.00
159,1780554554323170560,1780554555323170560,Total Output Sequence Length,tokens,avg,962.00
159,1780554554323170560,1780554555323170560,Total Output Tokens,tokens,avg,962.00
159,1780554554323170560,1780554555323170560,Total Token Throughput,tokens/sec,avg,97685.00
159,1780554554323170560,1780554555323170560,Total Usage Completion Tokens,tokens,avg,962.00
159,1780554554323170560,1780554555323170560,Total Usage Prompt Tokens,tokens,avg,96723.00
159,1780554554323170560,1780554555323170560,Total Usage Total Tokens,tokens,avg,97685.00
159,1780554554323170560,1780554555323170560,Usage Completion Tokens,tokens,avg,481.00
159,1780554554323170560,1780554555323170560,Usage Completion Tokens,tokens,min,6.00
159,1780554554323170560,1780554555323170560,Usage Completion Tokens,tokens,max,956.00
159,1780554554323170560,1780554555323170560,Usage Completion Tokens,tokens,sum,962.00
159,1780554554323170560,1780554555323170560,Usage Completion Tokens,tokens,p1,15.50
159,1780554554323170560,1780554555323170560,Usage Completion Tokens,tokens,p5,53.50
159,1780554554323170560,1780554555323170560,Usage Completion Tokens,tokens,p10,101.00
159,1780554554323170560,1780554555323170560,Usage Completion Tokens,tokens,p25,243.50
159,1780554554323170560,1780554555323170560,Usage Completion Tokens,tokens,p50,481.00
159,1780554554323170560,1780554555323170560,Usage Completion Tokens,tokens,p75,718.50
159,1780554554323170560,1780554555323170560,Usage Completion Tokens,tokens,p90,861.00
159,1780554554323170560,1780554555323170560,Usage Completion Tokens,tokens,p95,908.50
159,1780554554323170560,1780554555323170560,Usage Completion Tokens,tokens,p99,946.50
159,1780554554323170560,1780554555323170560,Usage Completion Tokens,tokens,std,475.00
159,1780554554323170560,1780554555323170560,Usage Prompt Tokens,tokens,avg,48361.50
159,1780554554323170560,1780554555323170560,Usage Prompt Tokens,tokens,min,40760.00
159,1780554554323170560,1780554555323170560,Usage Prompt Tokens,tokens,max,55963.00
159,1780554554323170560,1780554555323170560,Usage Prompt Tokens,tokens,sum,96723.00
159,1780554554323170560,1780554555323170560,Usage Prompt Tokens,tokens,p1,40912.03
159,1780554554323170560,1780554555323170560,Usage Prompt Tokens,tokens,p5,41520.15
159,1780554554323170560,1780554555323170560,Usage Prompt Tokens,tokens,p10,42280.30
159,1780554554323170560,1780554555323170560,Usage Prompt Tokens,tokens,p25,44560.75
159,1780554554323170560,1780554555323170560,Usage Prompt Tokens,tokens,p50,48361.50
159,1780554554323170560,1780554555323170560,Usage Prompt Tokens,tokens,p75,52162.25
159,1780554554323170560,1780554555323170560,Usage Prompt Tokens,tokens,p90,54442.70
159,1780554554323170560,1780554555323170560,Usage Prompt Tokens,tokens,p95,55202.85
159,1780554554323170560,1780554555323170560,Usage Prompt Tokens,tokens,p99,55810.97
159,1780554554323170560,1780554555323170560,Usage Prompt Tokens,tokens,std,7601.50
159,1780554554323170560,1780554555323170560,Usage Total Tokens,tokens,avg,48842.50
159,1780554554323170560,1780554555323170560,Usage Total Tokens,tokens,min,41716.00
159,1780554554323170560,1780554555323170560,Usage Total Tokens,tokens,max,55969.00
159,1780554554323170560,1780554555323170560,Usage Total Tokens,tokens,sum,97685.00
159,1780554554323170560,1780554555323170560,Usage Total Tokens,tokens,p1,41858.53
159,1780554554323170560,1780554555323170560,Usage Total Tokens,tokens,p5,42428.65
159,1780554554323170560,1780554555323170560,Usage Total Tokens,tokens,p10,43141.30
159,1780554554323170560,1780554555323170560,Usage Total Tokens,tokens,p25,45279.25
159,1780554554323170560,1780554555323170560,Usage Total Tokens,tokens,p50,48842.50
159,1780554554323170560,1780554555323170560,Usage Total Tokens,tokens,p75,52405.75
159,1780554554323170560,1780554555323170560,Usage Total Tokens,tokens,p90,54543.70
159,1780554554323170560,1780554555323170560,Usage Total Tokens,tokens,p95,55256.35
159,1780554554323170560,1780554555323170560,Usage Total Tokens,tokens,p99,55826.47
159,1780554554323170560,1780554555323170560,Usage Total Tokens,tokens,std,7126.50
160,1780554555323170560,1780554556323170560,Active Decode Throughput,tokens/sec,avg,85.88
160,1780554555323170560,1780554556323170560,Active Decode Throughput,tokens/sec,min,77.63
160,1780554555323170560,1780554556323170560,Active Decode Throughput,tokens/sec,max,93.68
160,1780554555323170560,1780554556323170560,Active Decode Throughput,tokens/sec,p50,85.88
160,1780554555323170560,1780554556323170560,Active Decode Throughput,tokens/sec,p90,85.88
160,1780554555323170560,1780554556323170560,Active Decode Throughput,tokens/sec,p95,85.88
160,1780554555323170560,1780554556323170560,Active Decode Throughput,tokens/sec,p99,85.88
160,1780554555323170560,1780554556323170560,Active Decode Throughput,tokens/sec,std,0.02
160,1780554555323170560,1780554556323170560,Active Decode Throughput Per User,tokens/sec/user,avg,9.54
160,1780554555323170560,1780554556323170560,Active Decode Throughput Per User,tokens/sec/user,min,8.63
160,1780554555323170560,1780554556323170560,Active Decode Throughput Per User,tokens/sec/user,max,10.41
160,1780554555323170560,1780554556323170560,Active Decode Throughput Per User,tokens/sec/user,p50,9.54
160,1780554555323170560,1780554556323170560,Active Decode Throughput Per User,tokens/sec/user,p90,9.54
160,1780554555323170560,1780554556323170560,Active Decode Throughput Per User,tokens/sec/user,p95,9.54
160,1780554555323170560,1780554556323170560,Active Decode Throughput Per User,tokens/sec/user,p99,9.54
160,1780554555323170560,1780554556323170560,Active Decode Throughput Per User,tokens/sec/user,std,0.00
160,1780554555323170560,1780554556323170560,Active Prefill Throughput,tokens/sec,avg,15856.41
160,1780554555323170560,1780554556323170560,Active Prefill Throughput,tokens/sec,min,13575.50
160,1780554555323170560,1780554556323170560,Active Prefill Throughput,tokens/sec,max,18406.50
160,1780554555323170560,1780554556323170560,Active Prefill Throughput,tokens/sec,p50,13575.50
160,1780554555323170560,1780554556323170560,Active Prefill Throughput,tokens/sec,p90,18406.50
160,1780554555323170560,1780554556323170560,Active Prefill Throughput,tokens/sec,p95,18406.50
160,1780554555323170560,1780554556323170560,Active Prefill Throughput,tokens/sec,p99,18406.50
160,1780554555323170560,1780554556323170560,Active Prefill Throughput,tokens/sec,std,2411.75
160,1780554555323170560,1780554556323170560,Active Prefill Throughput Per User,tokens/sec/user,avg,6479.80
160,1780554555323170560,1780554556323170560,Active Prefill Throughput Per User,tokens/sec/user,min,6135.50
160,1780554555323170560,1780554556323170560,Active Prefill Throughput Per User,tokens/sec/user,max,6787.75
160,1780554555323170560,1780554556323170560,Active Prefill Throughput Per User,tokens/sec/user,p50,6787.75
160,1780554555323170560,1780554556323170560,Active Prefill Throughput Per User,tokens/sec/user,p90,6787.75
160,1780554555323170560,1780554556323170560,Active Prefill Throughput Per User,tokens/sec/user,p95,6787.75
160,1780554555323170560,1780554556323170560,Active Prefill Throughput Per User,tokens/sec/user,p99,6787.75
160,1780554555323170560,1780554556323170560,Active Prefill Throughput Per User,tokens/sec/user,std,325.62
160,1780554555323170560,1780554556323170560,Active Total Throughput,tokens/sec,avg,15947.48
160,1780554555323170560,1780554556323170560,Active Total Throughput,tokens/sec,min,13666.57
160,1780554555323170560,1780554556323170560,Active Total Throughput,tokens/sec,max,18497.56
160,1780554555323170560,1780554556323170560,Active Total Throughput,tokens/sec,p50,13666.57
160,1780554555323170560,1780554556323170560,Active Total Throughput,tokens/sec,p90,18497.56
160,1780554555323170560,1780554556323170560,Active Total Throughput,tokens/sec,p95,18497.56
160,1780554555323170560,1780554556323170560,Active Total Throughput,tokens/sec,p99,18497.56
160,1780554555323170560,1780554556323170560,Active Total Throughput,tokens/sec,std,2411.75
160,1780554555323170560,1780554556323170560,Benchmark Duration,sec,avg,87.25
160,1780554555323170560,1780554556323170560,E2E Output Token Throughput,tokens/sec/user,avg,8.95
160,1780554555323170560,1780554556323170560,E2E Output Token Throughput,tokens/sec/user,min,8.95
160,1780554555323170560,1780554556323170560,E2E Output Token Throughput,tokens/sec/user,max,8.95
160,1780554555323170560,1780554556323170560,E2E Output Token Throughput,tokens/sec/user,sum,8.95
160,1780554555323170560,1780554556323170560,E2E Output Token Throughput,tokens/sec/user,p1,8.95
160,1780554555323170560,1780554556323170560,E2E Output Token Throughput,tokens/sec/user,p5,8.95
160,1780554555323170560,1780554556323170560,E2E Output Token Throughput,tokens/sec/user,p10,8.95
160,1780554555323170560,1780554556323170560,E2E Output Token Throughput,tokens/sec/user,p25,8.95
160,1780554555323170560,1780554556323170560,E2E Output Token Throughput,tokens/sec/user,p50,8.95
160,1780554555323170560,1780554556323170560,E2E Output Token Throughput,tokens/sec/user,p75,8.95
160,1780554555323170560,1780554556323170560,E2E Output Token Throughput,tokens/sec/user,p90,8.95
160,1780554555323170560,1780554556323170560,E2E Output Token Throughput,tokens/sec/user,p95,8.95
160,1780554555323170560,1780554556323170560,E2E Output Token Throughput,tokens/sec/user,p99,8.95
160,1780554555323170560,1780554556323170560,E2E Output Token Throughput,tokens/sec/user,std,0.00
160,1780554555323170560,1780554556323170560,Effective Concurrency,requests,avg,11.47
160,1780554555323170560,1780554556323170560,Effective Concurrency,requests,min,11.00
160,1780554555323170560,1780554556323170560,Effective Concurrency,requests,max,12.00
160,1780554555323170560,1780554556323170560,Effective Concurrency,requests,p50,11.00
160,1780554555323170560,1780554556323170560,Effective Concurrency,requests,p90,12.00
160,1780554555323170560,1780554556323170560,Effective Concurrency,requests,p95,12.00
160,1780554555323170560,1780554556323170560,Effective Concurrency,requests,p99,12.00
160,1780554555323170560,1780554556323170560,Effective Concurrency,requests,std,0.50
160,1780554555323170560,1780554556323170560,Effective Decode Concurrency,requests,avg,9.00
160,1780554555323170560,1780554556323170560,Effective Decode Concurrency,requests,min,9.00
160,1780554555323170560,1780554556323170560,Effective Decode Concurrency,requests,max,9.00
160,1780554555323170560,1780554556323170560,Effective Decode Concurrency,requests,p50,9.00
160,1780554555323170560,1780554556323170560,Effective Decode Concurrency,requests,p90,9.00
160,1780554555323170560,1780554556323170560,Effective Decode Concurrency,requests,p95,9.00
160,1780554555323170560,1780554556323170560,Effective Decode Concurrency,requests,p99,9.00
160,1780554555323170560,1780554556323170560,Effective Decode Concurrency,requests,std,0.00
160,1780554555323170560,1780554556323170560,Effective Decode Throughput,tokens/sec,avg,85.88
160,1780554555323170560,1780554556323170560,Effective Decode Throughput,tokens/sec,min,77.63
160,1780554555323170560,1780554556323170560,Effective Decode Throughput,tokens/sec,max,93.68
160,1780554555323170560,1780554556323170560,Effective Decode Throughput,tokens/sec,p50,85.88
160,1780554555323170560,1780554556323170560,Effective Decode Throughput,tokens/sec,p90,85.88
160,1780554555323170560,1780554556323170560,Effective Decode Throughput,tokens/sec,p95,85.88
160,1780554555323170560,1780554556323170560,Effective Decode Throughput,tokens/sec,p99,85.88
160,1780554555323170560,1780554556323170560,Effective Decode Throughput,tokens/sec,std,0.02
160,1780554555323170560,1780554556323170560,Effective Decode Throughput Per User,tokens/sec/user,avg,9.54
160,1780554555323170560,1780554556323170560,Effective Decode Throughput Per User,tokens/sec/user,min,8.63
160,1780554555323170560,1780554556323170560,Effective Decode Throughput Per User,tokens/sec/user,max,10.41
160,1780554555323170560,1780554556323170560,Effective Decode Throughput Per User,tokens/sec/user,p50,9.54
160,1780554555323170560,1780554556323170560,Effective Decode Throughput Per User,tokens/sec/user,p90,9.54
160,1780554555323170560,1780554556323170560,Effective Decode Throughput Per User,tokens/sec/user,p95,9.54
160,1780554555323170560,1780554556323170560,Effective Decode Throughput Per User,tokens/sec/user,p99,9.54
160,1780554555323170560,1780554556323170560,Effective Decode Throughput Per User,tokens/sec/user,std,0.00
160,1780554555323170560,1780554556323170560,Effective Prefill Concurrency,requests,avg,2.47
160,1780554555323170560,1780554556323170560,Effective Prefill Concurrency,requests,min,2.00
160,1780554555323170560,1780554556323170560,Effective Prefill Concurrency,requests,max,3.00
160,1780554555323170560,1780554556323170560,Effective Prefill Concurrency,requests,p50,2.00
160,1780554555323170560,1780554556323170560,Effective Prefill Concurrency,requests,p90,3.00
160,1780554555323170560,1780554556323170560,Effective Prefill Concurrency,requests,p95,3.00
160,1780554555323170560,1780554556323170560,Effective Prefill Concurrency,requests,p99,3.00
160,1780554555323170560,1780554556323170560,Effective Prefill Concurrency,requests,std,0.50
160,1780554555323170560,1780554556323170560,Effective Prefill Throughput,tokens/sec,avg,15856.41
160,1780554555323170560,1780554556323170560,Effective Prefill Throughput,tokens/sec,min,13575.50
160,1780554555323170560,1780554556323170560,Effective Prefill Throughput,tokens/sec,max,18406.50
160,1780554555323170560,1780554556323170560,Effective Prefill Throughput,tokens/sec,p50,13575.50
160,1780554555323170560,1780554556323170560,Effective Prefill Throughput,tokens/sec,p90,18406.50
160,1780554555323170560,1780554556323170560,Effective Prefill Throughput,tokens/sec,p95,18406.50
160,1780554555323170560,1780554556323170560,Effective Prefill Throughput,tokens/sec,p99,18406.50
160,1780554555323170560,1780554556323170560,Effective Prefill Throughput,tokens/sec,std,2411.75
160,1780554555323170560,1780554556323170560,Effective Prefill Throughput Per User,tokens/sec/user,avg,6479.80
160,1780554555323170560,1780554556323170560,Effective Prefill Throughput Per User,tokens/sec/user,min,6135.50
160,1780554555323170560,1780554556323170560,Effective Prefill Throughput Per User,tokens/sec/user,max,6787.75
160,1780554555323170560,1780554556323170560,Effective Prefill Throughput Per User,tokens/sec/user,p50,6787.75
160,1780554555323170560,1780554556323170560,Effective Prefill Throughput Per User,tokens/sec/user,p90,6787.75
160,1780554555323170560,1780554556323170560,Effective Prefill Throughput Per User,tokens/sec/user,p95,6787.75
160,1780554555323170560,1780554556323170560,Effective Prefill Throughput Per User,tokens/sec/user,p99,6787.75
160,1780554555323170560,1780554556323170560,Effective Prefill Throughput Per User,tokens/sec/user,std,325.62
160,1780554555323170560,1780554556323170560,Effective Total Throughput,tokens/sec,avg,15947.48
160,1780554555323170560,1780554556323170560,Effective Total Throughput,tokens/sec,min,13666.57
160,1780554555323170560,1780554556323170560,Effective Total Throughput,tokens/sec,max,18497.56
160,1780554555323170560,1780554556323170560,Effective Total Throughput,tokens/sec,p50,13666.57
160,1780554555323170560,1780554556323170560,Effective Total Throughput,tokens/sec,p90,18497.56
160,1780554555323170560,1780554556323170560,Effective Total Throughput,tokens/sec,p95,18497.56
160,1780554555323170560,1780554556323170560,Effective Total Throughput,tokens/sec,p99,18497.56
160,1780554555323170560,1780554556323170560,Effective Total Throughput,tokens/sec,std,2411.75
160,1780554555323170560,1780554556323170560,HTTP Blocked,ms,avg,0.00
160,1780554555323170560,1780554556323170560,HTTP Blocked,ms,min,0.00
160,1780554555323170560,1780554556323170560,HTTP Blocked,ms,max,0.00
160,1780554555323170560,1780554556323170560,HTTP Blocked,ms,sum,0.00
160,1780554555323170560,1780554556323170560,HTTP Blocked,ms,p1,0.00
160,1780554555323170560,1780554556323170560,HTTP Blocked,ms,p5,0.00
160,1780554555323170560,1780554556323170560,HTTP Blocked,ms,p10,0.00
160,1780554555323170560,1780554556323170560,HTTP Blocked,ms,p25,0.00
160,1780554555323170560,1780554556323170560,HTTP Blocked,ms,p50,0.00
160,1780554555323170560,1780554556323170560,HTTP Blocked,ms,p75,0.00
160,1780554555323170560,1780554556323170560,HTTP Blocked,ms,p90,0.00
160,1780554555323170560,1780554556323170560,HTTP Blocked,ms,p95,0.00
160,1780554555323170560,1780554556323170560,HTTP Blocked,ms,p99,0.00
160,1780554555323170560,1780554556323170560,HTTP Blocked,ms,std,0.00
160,1780554555323170560,1780554556323170560,HTTP Chunks Received,count,avg,781.00
160,1780554555323170560,1780554556323170560,HTTP Chunks Received,count,min,781.00
160,1780554555323170560,1780554556323170560,HTTP Chunks Received,count,max,781.00
160,1780554555323170560,1780554556323170560,HTTP Chunks Received,count,sum,781.00
160,1780554555323170560,1780554556323170560,HTTP Chunks Received,count,p1,781.00
160,1780554555323170560,1780554556323170560,HTTP Chunks Received,count,p5,781.00
160,1780554555323170560,1780554556323170560,HTTP Chunks Received,count,p10,781.00
160,1780554555323170560,1780554556323170560,HTTP Chunks Received,count,p25,781.00
160,1780554555323170560,1780554556323170560,HTTP Chunks Received,count,p50,781.00
160,1780554555323170560,1780554556323170560,HTTP Chunks Received,count,p75,781.00
160,1780554555323170560,1780554556323170560,HTTP Chunks Received,count,p90,781.00
160,1780554555323170560,1780554556323170560,HTTP Chunks Received,count,p95,781.00
160,1780554555323170560,1780554556323170560,HTTP Chunks Received,count,p99,781.00
160,1780554555323170560,1780554556323170560,HTTP Chunks Received,count,std,0.00
160,1780554555323170560,1780554556323170560,HTTP Chunks Sent,count,avg,1.00
160,1780554555323170560,1780554556323170560,HTTP Chunks Sent,count,min,1.00
160,1780554555323170560,1780554556323170560,HTTP Chunks Sent,count,max,1.00
160,1780554555323170560,1780554556323170560,HTTP Chunks Sent,count,sum,1.00
160,1780554555323170560,1780554556323170560,HTTP Chunks Sent,count,p1,1.00
160,1780554555323170560,1780554556323170560,HTTP Chunks Sent,count,p5,1.00
160,1780554555323170560,1780554556323170560,HTTP Chunks Sent,count,p10,1.00
160,1780554555323170560,1780554556323170560,HTTP Chunks Sent,count,p25,1.00
160,1780554555323170560,1780554556323170560,HTTP Chunks Sent,count,p50,1.00
160,1780554555323170560,1780554556323170560,HTTP Chunks Sent,count,p75,1.00
160,1780554555323170560,1780554556323170560,HTTP Chunks Sent,count,p90,1.00
160,1780554555323170560,1780554556323170560,HTTP Chunks Sent,count,p95,1.00
160,1780554555323170560,1780554556323170560,HTTP Chunks Sent,count,p99,1.00
160,1780554555323170560,1780554556323170560,HTTP Chunks Sent,count,std,0.00
160,1780554555323170560,1780554556323170560,HTTP Connecting,ms,avg,0.63
160,1780554555323170560,1780554556323170560,HTTP Connecting,ms,min,0.63
160,1780554555323170560,1780554556323170560,HTTP Connecting,ms,max,0.63
160,1780554555323170560,1780554556323170560,HTTP Connecting,ms,sum,0.63
160,1780554555323170560,1780554556323170560,HTTP Connecting,ms,p1,0.63
160,1780554555323170560,1780554556323170560,HTTP Connecting,ms,p5,0.63
160,1780554555323170560,1780554556323170560,HTTP Connecting,ms,p10,0.63
160,1780554555323170560,1780554556323170560,HTTP Connecting,ms,p25,0.63
160,1780554555323170560,1780554556323170560,HTTP Connecting,ms,p50,0.63
160,1780554555323170560,1780554556323170560,HTTP Connecting,ms,p75,0.63
160,1780554555323170560,1780554556323170560,HTTP Connecting,ms,p90,0.63
160,1780554555323170560,1780554556323170560,HTTP Connecting,ms,p95,0.63
160,1780554555323170560,1780554556323170560,HTTP Connecting,ms,p99,0.63
160,1780554555323170560,1780554556323170560,HTTP Connecting,ms,std,0.00
160,1780554555323170560,1780554556323170560,HTTP Connection Overhead,ms,avg,0.63
160,1780554555323170560,1780554556323170560,HTTP Connection Overhead,ms,min,0.63
160,1780554555323170560,1780554556323170560,HTTP Connection Overhead,ms,max,0.63
160,1780554555323170560,1780554556323170560,HTTP Connection Overhead,ms,sum,0.63
160,1780554555323170560,1780554556323170560,HTTP Connection Overhead,ms,p1,0.63
160,1780554555323170560,1780554556323170560,HTTP Connection Overhead,ms,p5,0.63
160,1780554555323170560,1780554556323170560,HTTP Connection Overhead,ms,p10,0.63
160,1780554555323170560,1780554556323170560,HTTP Connection Overhead,ms,p25,0.63
160,1780554555323170560,1780554556323170560,HTTP Connection Overhead,ms,p50,0.63
160,1780554555323170560,1780554556323170560,HTTP Connection Overhead,ms,p75,0.63
160,1780554555323170560,1780554556323170560,HTTP Connection Overhead,ms,p90,0.63
160,1780554555323170560,1780554556323170560,HTTP Connection Overhead,ms,p95,0.63
160,1780554555323170560,1780554556323170560,HTTP Connection Overhead,ms,p99,0.63
160,1780554555323170560,1780554556323170560,HTTP Connection Overhead,ms,std,0.00
160,1780554555323170560,1780554556323170560,HTTP Connection Reused,ratio,avg,0.00
160,1780554555323170560,1780554556323170560,HTTP Connection Reused,ratio,min,0.00
160,1780554555323170560,1780554556323170560,HTTP Connection Reused,ratio,max,0.00
160,1780554555323170560,1780554556323170560,HTTP Connection Reused,ratio,sum,0.00
160,1780554555323170560,1780554556323170560,HTTP Connection Reused,ratio,p1,0.00
160,1780554555323170560,1780554556323170560,HTTP Connection Reused,ratio,p5,0.00
160,1780554555323170560,1780554556323170560,HTTP Connection Reused,ratio,p10,0.00
160,1780554555323170560,1780554556323170560,HTTP Connection Reused,ratio,p25,0.00
160,1780554555323170560,1780554556323170560,HTTP Connection Reused,ratio,p50,0.00
160,1780554555323170560,1780554556323170560,HTTP Connection Reused,ratio,p75,0.00
160,1780554555323170560,1780554556323170560,HTTP Connection Reused,ratio,p90,0.00
160,1780554555323170560,1780554556323170560,HTTP Connection Reused,ratio,p95,0.00
160,1780554555323170560,1780554556323170560,HTTP Connection Reused,ratio,p99,0.00
160,1780554555323170560,1780554556323170560,HTTP Connection Reused,ratio,std,0.00
160,1780554555323170560,1780554556323170560,HTTP Data Received,KB,avg,194.80
160,1780554555323170560,1780554556323170560,HTTP Data Received,KB,min,194.80
160,1780554555323170560,1780554556323170560,HTTP Data Received,KB,max,194.80
160,1780554555323170560,1780554556323170560,HTTP Data Received,KB,sum,194.80
160,1780554555323170560,1780554556323170560,HTTP Data Received,KB,p1,194.80
160,1780554555323170560,1780554556323170560,HTTP Data Received,KB,p5,194.80
160,1780554555323170560,1780554556323170560,HTTP Data Received,KB,p10,194.80
160,1780554555323170560,1780554556323170560,HTTP Data Received,KB,p25,194.80
160,1780554555323170560,1780554556323170560,HTTP Data Received,KB,p50,194.80
160,1780554555323170560,1780554556323170560,HTTP Data Received,KB,p75,194.80
160,1780554555323170560,1780554556323170560,HTTP Data Received,KB,p90,194.80
160,1780554555323170560,1780554556323170560,HTTP Data Received,KB,p95,194.80
160,1780554555323170560,1780554556323170560,HTTP Data Received,KB,p99,194.80
160,1780554555323170560,1780554556323170560,HTTP Data Received,KB,std,0.00
160,1780554555323170560,1780554556323170560,HTTP Data Sent,KB,avg,189.45
160,1780554555323170560,1780554556323170560,HTTP Data Sent,KB,min,189.45
160,1780554555323170560,1780554556323170560,HTTP Data Sent,KB,max,189.45
160,1780554555323170560,1780554556323170560,HTTP Data Sent,KB,sum,189.45
160,1780554555323170560,1780554556323170560,HTTP Data Sent,KB,p1,189.45
160,1780554555323170560,1780554556323170560,HTTP Data Sent,KB,p5,189.45
160,1780554555323170560,1780554556323170560,HTTP Data Sent,KB,p10,189.45
160,1780554555323170560,1780554556323170560,HTTP Data Sent,KB,p25,189.45
160,1780554555323170560,1780554556323170560,HTTP Data Sent,KB,p50,189.45
160,1780554555323170560,1780554556323170560,HTTP Data Sent,KB,p75,189.45
160,1780554555323170560,1780554556323170560,HTTP Data Sent,KB,p90,189.45
160,1780554555323170560,1780554556323170560,HTTP Data Sent,KB,p95,189.45
160,1780554555323170560,1780554556323170560,HTTP Data Sent,KB,p99,189.45
160,1780554555323170560,1780554556323170560,HTTP Data Sent,KB,std,0.00
160,1780554555323170560,1780554556323170560,HTTP DNS Lookup,ms,avg,0.00
160,1780554555323170560,1780554556323170560,HTTP DNS Lookup,ms,min,0.00
160,1780554555323170560,1780554556323170560,HTTP DNS Lookup,ms,max,0.00
160,1780554555323170560,1780554556323170560,HTTP DNS Lookup,ms,sum,0.00
160,1780554555323170560,1780554556323170560,HTTP DNS Lookup,ms,p1,0.00
160,1780554555323170560,1780554556323170560,HTTP DNS Lookup,ms,p5,0.00
160,1780554555323170560,1780554556323170560,HTTP DNS Lookup,ms,p10,0.00
160,1780554555323170560,1780554556323170560,HTTP DNS Lookup,ms,p25,0.00
160,1780554555323170560,1780554556323170560,HTTP DNS Lookup,ms,p50,0.00
160,1780554555323170560,1780554556323170560,HTTP DNS Lookup,ms,p75,0.00
160,1780554555323170560,1780554556323170560,HTTP DNS Lookup,ms,p90,0.00
160,1780554555323170560,1780554556323170560,HTTP DNS Lookup,ms,p95,0.00
160,1780554555323170560,1780554556323170560,HTTP DNS Lookup,ms,p99,0.00
160,1780554555323170560,1780554556323170560,HTTP DNS Lookup,ms,std,0.00
160,1780554555323170560,1780554556323170560,HTTP Duration (excl. conn),ms,avg,87254.29
160,1780554555323170560,1780554556323170560,HTTP Duration (excl. conn),ms,min,87254.29
160,1780554555323170560,1780554556323170560,HTTP Duration (excl. conn),ms,max,87254.29
160,1780554555323170560,1780554556323170560,HTTP Duration (excl. conn),ms,sum,87254.29
160,1780554555323170560,1780554556323170560,HTTP Duration (excl. conn),ms,p1,87254.29
160,1780554555323170560,1780554556323170560,HTTP Duration (excl. conn),ms,p5,87254.29
160,1780554555323170560,1780554556323170560,HTTP Duration (excl. conn),ms,p10,87254.29
160,1780554555323170560,1780554556323170560,HTTP Duration (excl. conn),ms,p25,87254.29
160,1780554555323170560,1780554556323170560,HTTP Duration (excl. conn),ms,p50,87254.29
160,1780554555323170560,1780554556323170560,HTTP Duration (excl. conn),ms,p75,87254.29
160,1780554555323170560,1780554556323170560,HTTP Duration (excl. conn),ms,p90,87254.29
160,1780554555323170560,1780554556323170560,HTTP Duration (excl. conn),ms,p95,87254.29
160,1780554555323170560,1780554556323170560,HTTP Duration (excl. conn),ms,p99,87254.29
160,1780554555323170560,1780554556323170560,HTTP Duration (excl. conn),ms,std,0.00
160,1780554555323170560,1780554556323170560,HTTP Receiving,ms,avg,77245.69
160,1780554555323170560,1780554556323170560,HTTP Receiving,ms,min,77245.69
160,1780554555323170560,1780554556323170560,HTTP Receiving,ms,max,77245.69
160,1780554555323170560,1780554556323170560,HTTP Receiving,ms,sum,77245.69
160,1780554555323170560,1780554556323170560,HTTP Receiving,ms,p1,77245.69
160,1780554555323170560,1780554556323170560,HTTP Receiving,ms,p5,77245.69
160,1780554555323170560,1780554556323170560,HTTP Receiving,ms,p10,77245.69
160,1780554555323170560,1780554556323170560,HTTP Receiving,ms,p25,77245.69
160,1780554555323170560,1780554556323170560,HTTP Receiving,ms,p50,77245.69
160,1780554555323170560,1780554556323170560,HTTP Receiving,ms,p75,77245.69
160,1780554555323170560,1780554556323170560,HTTP Receiving,ms,p90,77245.69
160,1780554555323170560,1780554556323170560,HTTP Receiving,ms,p95,77245.69
160,1780554555323170560,1780554556323170560,HTTP Receiving,ms,p99,77245.69
160,1780554555323170560,1780554556323170560,HTTP Receiving,ms,std,0.00
160,1780554555323170560,1780554556323170560,HTTP Sending,ms,avg,0.90
160,1780554555323170560,1780554556323170560,HTTP Sending,ms,min,0.90
160,1780554555323170560,1780554556323170560,HTTP Sending,ms,max,0.90
160,1780554555323170560,1780554556323170560,HTTP Sending,ms,sum,0.90
160,1780554555323170560,1780554556323170560,HTTP Sending,ms,p1,0.90
160,1780554555323170560,1780554556323170560,HTTP Sending,ms,p5,0.90
160,1780554555323170560,1780554556323170560,HTTP Sending,ms,p10,0.90
160,1780554555323170560,1780554556323170560,HTTP Sending,ms,p25,0.90
160,1780554555323170560,1780554556323170560,HTTP Sending,ms,p50,0.90
160,1780554555323170560,1780554556323170560,HTTP Sending,ms,p75,0.90
160,1780554555323170560,1780554556323170560,HTTP Sending,ms,p90,0.90
160,1780554555323170560,1780554556323170560,HTTP Sending,ms,p95,0.90
160,1780554555323170560,1780554556323170560,HTTP Sending,ms,p99,0.90
160,1780554555323170560,1780554556323170560,HTTP Sending,ms,std,0.00
160,1780554555323170560,1780554556323170560,HTTP Total Time,ms,avg,87254.92
160,1780554555323170560,1780554556323170560,HTTP Total Time,ms,min,87254.92
160,1780554555323170560,1780554556323170560,HTTP Total Time,ms,max,87254.92
160,1780554555323170560,1780554556323170560,HTTP Total Time,ms,sum,87254.92
160,1780554555323170560,1780554556323170560,HTTP Total Time,ms,p1,87254.92
160,1780554555323170560,1780554556323170560,HTTP Total Time,ms,p5,87254.92
160,1780554555323170560,1780554556323170560,HTTP Total Time,ms,p10,87254.92
160,1780554555323170560,1780554556323170560,HTTP Total Time,ms,p25,87254.92
160,1780554555323170560,1780554556323170560,HTTP Total Time,ms,p50,87254.92
160,1780554555323170560,1780554556323170560,HTTP Total Time,ms,p75,87254.92
160,1780554555323170560,1780554556323170560,HTTP Total Time,ms,p90,87254.92
160,1780554555323170560,1780554556323170560,HTTP Total Time,ms,p95,87254.92
160,1780554555323170560,1780554556323170560,HTTP Total Time,ms,p99,87254.92
160,1780554555323170560,1780554556323170560,HTTP Total Time,ms,std,0.00
160,1780554555323170560,1780554556323170560,HTTP Waiting (TTFB),ms,avg,10007.70
160,1780554555323170560,1780554556323170560,HTTP Waiting (TTFB),ms,min,10007.70
160,1780554555323170560,1780554556323170560,HTTP Waiting (TTFB),ms,max,10007.70
160,1780554555323170560,1780554556323170560,HTTP Waiting (TTFB),ms,sum,10007.70
160,1780554555323170560,1780554556323170560,HTTP Waiting (TTFB),ms,p1,10007.70
160,1780554555323170560,1780554556323170560,HTTP Waiting (TTFB),ms,p5,10007.70
160,1780554555323170560,1780554556323170560,HTTP Waiting (TTFB),ms,p10,10007.70
160,1780554555323170560,1780554556323170560,HTTP Waiting (TTFB),ms,p25,10007.70
160,1780554555323170560,1780554556323170560,HTTP Waiting (TTFB),ms,p50,10007.70
160,1780554555323170560,1780554556323170560,HTTP Waiting (TTFB),ms,p75,10007.70
160,1780554555323170560,1780554556323170560,HTTP Waiting (TTFB),ms,p90,10007.70
160,1780554555323170560,1780554556323170560,HTTP Waiting (TTFB),ms,p95,10007.70
160,1780554555323170560,1780554556323170560,HTTP Waiting (TTFB),ms,p99,10007.70
160,1780554555323170560,1780554556323170560,HTTP Waiting (TTFB),ms,std,0.00
160,1780554555323170560,1780554556323170560,Input Sequence Length,tokens,avg,48352.00
160,1780554555323170560,1780554556323170560,Input Sequence Length,tokens,min,48352.00
160,1780554555323170560,1780554556323170560,Input Sequence Length,tokens,max,48352.00
160,1780554555323170560,1780554556323170560,Input Sequence Length,tokens,sum,48352.00
160,1780554555323170560,1780554556323170560,Input Sequence Length,tokens,p1,48352.00
160,1780554555323170560,1780554556323170560,Input Sequence Length,tokens,p5,48352.00
160,1780554555323170560,1780554556323170560,Input Sequence Length,tokens,p10,48352.00
160,1780554555323170560,1780554556323170560,Input Sequence Length,tokens,p25,48352.00
160,1780554555323170560,1780554556323170560,Input Sequence Length,tokens,p50,48352.00
160,1780554555323170560,1780554556323170560,Input Sequence Length,tokens,p75,48352.00
160,1780554555323170560,1780554556323170560,Input Sequence Length,tokens,p90,48352.00
160,1780554555323170560,1780554556323170560,Input Sequence Length,tokens,p95,48352.00
160,1780554555323170560,1780554556323170560,Input Sequence Length,tokens,p99,48352.00
160,1780554555323170560,1780554556323170560,Input Sequence Length,tokens,std,0.00
160,1780554555323170560,1780554556323170560,Input Token Throughput,tokens/sec,avg,48352.00
160,1780554555323170560,1780554556323170560,Inter Chunk Latency,ms,avg,204.82
160,1780554555323170560,1780554556323170560,Inter Chunk Latency,ms,min,195.68
160,1780554555323170560,1780554556323170560,Inter Chunk Latency,ms,max,229.90
160,1780554555323170560,1780554556323170560,Inter Chunk Latency,ms,sum,159756.22
160,1780554555323170560,1780554556323170560,Inter Chunk Latency,ms,p1,195.99
160,1780554555323170560,1780554556323170560,Inter Chunk Latency,ms,p5,197.09
160,1780554555323170560,1780554556323170560,Inter Chunk Latency,ms,p10,197.39
160,1780554555323170560,1780554556323170560,Inter Chunk Latency,ms,p25,198.56
160,1780554555323170560,1780554556323170560,Inter Chunk Latency,ms,p50,200.98
160,1780554555323170560,1780554556323170560,Inter Chunk Latency,ms,p75,210.59
160,1780554555323170560,1780554556323170560,Inter Chunk Latency,ms,p90,217.12
160,1780554555323170560,1780554556323170560,Inter Chunk Latency,ms,p95,221.06
160,1780554555323170560,1780554556323170560,Inter Chunk Latency,ms,p99,229.25
160,1780554555323170560,1780554556323170560,Inter Chunk Latency,ms,std,8.12
160,1780554555323170560,1780554556323170560,Inter Token Latency,ms,avg,99.03
160,1780554555323170560,1780554556323170560,Inter Token Latency,ms,min,99.03
160,1780554555323170560,1780554556323170560,Inter Token Latency,ms,max,99.03
160,1780554555323170560,1780554556323170560,Inter Token Latency,ms,sum,99.03
160,1780554555323170560,1780554556323170560,Inter Token Latency,ms,p1,99.03
160,1780554555323170560,1780554556323170560,Inter Token Latency,ms,p5,99.03
160,1780554555323170560,1780554556323170560,Inter Token Latency,ms,p10,99.03
160,1780554555323170560,1780554556323170560,Inter Token Latency,ms,p25,99.03
160,1780554555323170560,1780554556323170560,Inter Token Latency,ms,p50,99.03
160,1780554555323170560,1780554556323170560,Inter Token Latency,ms,p75,99.03
160,1780554555323170560,1780554556323170560,Inter Token Latency,ms,p90,99.03
160,1780554555323170560,1780554556323170560,Inter Token Latency,ms,p95,99.03
160,1780554555323170560,1780554556323170560,Inter Token Latency,ms,p99,99.03
160,1780554555323170560,1780554556323170560,Inter Token Latency,ms,std,0.00
160,1780554555323170560,1780554556323170560,Maximum Response Timestamp,ns,avg,1780554643105427200.00
160,1780554555323170560,1780554556323170560,Minimum Request Timestamp,ns,avg,1780554555851030272.00
160,1780554555323170560,1780554556323170560,OSL Mismatch Count,requests,avg,0.00
160,1780554555323170560,1780554556323170560,OSL Mismatch Diff %,%,avg,0.00
160,1780554555323170560,1780554556323170560,OSL Mismatch Diff %,%,min,0.00
160,1780554555323170560,1780554556323170560,OSL Mismatch Diff %,%,max,0.00
160,1780554555323170560,1780554556323170560,OSL Mismatch Diff %,%,sum,0.00
160,1780554555323170560,1780554556323170560,OSL Mismatch Diff %,%,p1,0.00
160,1780554555323170560,1780554556323170560,OSL Mismatch Diff %,%,p5,0.00
160,1780554555323170560,1780554556323170560,OSL Mismatch Diff %,%,p10,0.00
160,1780554555323170560,1780554556323170560,OSL Mismatch Diff %,%,p25,0.00
160,1780554555323170560,1780554556323170560,OSL Mismatch Diff %,%,p50,0.00
160,1780554555323170560,1780554556323170560,OSL Mismatch Diff %,%,p75,0.00
160,1780554555323170560,1780554556323170560,OSL Mismatch Diff %,%,p90,0.00
160,1780554555323170560,1780554556323170560,OSL Mismatch Diff %,%,p95,0.00
160,1780554555323170560,1780554556323170560,OSL Mismatch Diff %,%,p99,0.00
160,1780554555323170560,1780554556323170560,OSL Mismatch Diff %,%,std,0.00
160,1780554555323170560,1780554556323170560,Output Sequence Length,tokens,avg,781.00
160,1780554555323170560,1780554556323170560,Output Sequence Length,tokens,min,781.00
160,1780554555323170560,1780554556323170560,Output Sequence Length,tokens,max,781.00
160,1780554555323170560,1780554556323170560,Output Sequence Length,tokens,sum,781.00
160,1780554555323170560,1780554556323170560,Output Sequence Length,tokens,p1,781.00
160,1780554555323170560,1780554556323170560,Output Sequence Length,tokens,p5,781.00
160,1780554555323170560,1780554556323170560,Output Sequence Length,tokens,p10,781.00
160,1780554555323170560,1780554556323170560,Output Sequence Length,tokens,p25,781.00
160,1780554555323170560,1780554556323170560,Output Sequence Length,tokens,p50,781.00
160,1780554555323170560,1780554556323170560,Output Sequence Length,tokens,p75,781.00
160,1780554555323170560,1780554556323170560,Output Sequence Length,tokens,p90,781.00
160,1780554555323170560,1780554556323170560,Output Sequence Length,tokens,p95,781.00
160,1780554555323170560,1780554556323170560,Output Sequence Length,tokens,p99,781.00
160,1780554555323170560,1780554556323170560,Output Sequence Length,tokens,std,0.00
160,1780554555323170560,1780554556323170560,Output Token Count,tokens,avg,781.00
160,1780554555323170560,1780554556323170560,Output Token Count,tokens,min,781.00
160,1780554555323170560,1780554556323170560,Output Token Count,tokens,max,781.00
160,1780554555323170560,1780554556323170560,Output Token Count,tokens,sum,781.00
160,1780554555323170560,1780554556323170560,Output Token Count,tokens,p1,781.00
160,1780554555323170560,1780554556323170560,Output Token Count,tokens,p5,781.00
160,1780554555323170560,1780554556323170560,Output Token Count,tokens,p10,781.00
160,1780554555323170560,1780554556323170560,Output Token Count,tokens,p25,781.00
160,1780554555323170560,1780554556323170560,Output Token Count,tokens,p50,781.00
160,1780554555323170560,1780554556323170560,Output Token Count,tokens,p75,781.00
160,1780554555323170560,1780554556323170560,Output Token Count,tokens,p90,781.00
160,1780554555323170560,1780554556323170560,Output Token Count,tokens,p95,781.00
160,1780554555323170560,1780554556323170560,Output Token Count,tokens,p99,781.00
160,1780554555323170560,1780554556323170560,Output Token Count,tokens,std,0.00
160,1780554555323170560,1780554556323170560,Output Token Throughput,tokens/sec,avg,781.00
160,1780554555323170560,1780554556323170560,Output Token Throughput Per User,tokens/sec/user,avg,10.10
160,1780554555323170560,1780554556323170560,Output Token Throughput Per User,tokens/sec/user,min,10.10
160,1780554555323170560,1780554556323170560,Output Token Throughput Per User,tokens/sec/user,max,10.10
160,1780554555323170560,1780554556323170560,Output Token Throughput Per User,tokens/sec/user,sum,10.10
160,1780554555323170560,1780554556323170560,Output Token Throughput Per User,tokens/sec/user,p1,10.10
160,1780554555323170560,1780554556323170560,Output Token Throughput Per User,tokens/sec/user,p5,10.10
160,1780554555323170560,1780554556323170560,Output Token Throughput Per User,tokens/sec/user,p10,10.10
160,1780554555323170560,1780554556323170560,Output Token Throughput Per User,tokens/sec/user,p25,10.10
160,1780554555323170560,1780554556323170560,Output Token Throughput Per User,tokens/sec/user,p50,10.10
160,1780554555323170560,1780554556323170560,Output Token Throughput Per User,tokens/sec/user,p75,10.10
160,1780554555323170560,1780554556323170560,Output Token Throughput Per User,tokens/sec/user,p90,10.10
160,1780554555323170560,1780554556323170560,Output Token Throughput Per User,tokens/sec/user,p95,10.10
160,1780554555323170560,1780554556323170560,Output Token Throughput Per User,tokens/sec/user,p99,10.10
160,1780554555323170560,1780554556323170560,Output Token Throughput Per User,tokens/sec/user,std,0.00
160,1780554555323170560,1780554556323170560,Prefill Throughput Per User,tokens/sec/user,avg,4831.00
160,1780554555323170560,1780554556323170560,Prefill Throughput Per User,tokens/sec/user,min,4831.00
160,1780554555323170560,1780554556323170560,Prefill Throughput Per User,tokens/sec/user,max,4831.00
160,1780554555323170560,1780554556323170560,Prefill Throughput Per User,tokens/sec/user,sum,4831.00
160,1780554555323170560,1780554556323170560,Prefill Throughput Per User,tokens/sec/user,p1,4831.00
160,1780554555323170560,1780554556323170560,Prefill Throughput Per User,tokens/sec/user,p5,4831.00
160,1780554555323170560,1780554556323170560,Prefill Throughput Per User,tokens/sec/user,p10,4831.00
160,1780554555323170560,1780554556323170560,Prefill Throughput Per User,tokens/sec/user,p25,4831.00
160,1780554555323170560,1780554556323170560,Prefill Throughput Per User,tokens/sec/user,p50,4831.00
160,1780554555323170560,1780554556323170560,Prefill Throughput Per User,tokens/sec/user,p75,4831.00
160,1780554555323170560,1780554556323170560,Prefill Throughput Per User,tokens/sec/user,p90,4831.00
160,1780554555323170560,1780554556323170560,Prefill Throughput Per User,tokens/sec/user,p95,4831.00
160,1780554555323170560,1780554556323170560,Prefill Throughput Per User,tokens/sec/user,p99,4831.00
160,1780554555323170560,1780554556323170560,Prefill Throughput Per User,tokens/sec/user,std,0.00
160,1780554555323170560,1780554556323170560,Request Count,requests,avg,1.00
160,1780554555323170560,1780554556323170560,Request Latency,ms,avg,87254.40
160,1780554555323170560,1780554556323170560,Request Latency,ms,min,87254.40
160,1780554555323170560,1780554556323170560,Request Latency,ms,max,87254.40
160,1780554555323170560,1780554556323170560,Request Latency,ms,sum,87254.40
160,1780554555323170560,1780554556323170560,Request Latency,ms,p1,87254.40
160,1780554555323170560,1780554556323170560,Request Latency,ms,p5,87254.40
160,1780554555323170560,1780554556323170560,Request Latency,ms,p10,87254.40
160,1780554555323170560,1780554556323170560,Request Latency,ms,p25,87254.40
160,1780554555323170560,1780554556323170560,Request Latency,ms,p50,87254.40
160,1780554555323170560,1780554556323170560,Request Latency,ms,p75,87254.40
160,1780554555323170560,1780554556323170560,Request Latency,ms,p90,87254.40
160,1780554555323170560,1780554556323170560,Request Latency,ms,p95,87254.40
160,1780554555323170560,1780554556323170560,Request Latency,ms,p99,87254.40
160,1780554555323170560,1780554556323170560,Request Latency,ms,std,0.00
160,1780554555323170560,1780554556323170560,Request Throughput,requests/sec,avg,1.00
160,1780554555323170560,1780554556323170560,Requested OSL,tokens,avg,781.00
160,1780554555323170560,1780554556323170560,Requested OSL,tokens,min,781.00
160,1780554555323170560,1780554556323170560,Requested OSL,tokens,max,781.00
160,1780554555323170560,1780554556323170560,Requested OSL,tokens,sum,781.00
160,1780554555323170560,1780554556323170560,Requested OSL,tokens,p1,781.00
160,1780554555323170560,1780554556323170560,Requested OSL,tokens,p5,781.00
160,1780554555323170560,1780554556323170560,Requested OSL,tokens,p10,781.00
160,1780554555323170560,1780554556323170560,Requested OSL,tokens,p25,781.00
160,1780554555323170560,1780554556323170560,Requested OSL,tokens,p50,781.00
160,1780554555323170560,1780554556323170560,Requested OSL,tokens,p75,781.00
160,1780554555323170560,1780554556323170560,Requested OSL,tokens,p90,781.00
160,1780554555323170560,1780554556323170560,Requested OSL,tokens,p95,781.00
160,1780554555323170560,1780554556323170560,Requested OSL,tokens,p99,781.00
160,1780554555323170560,1780554556323170560,Requested OSL,tokens,std,0.00
160,1780554555323170560,1780554556323170560,Time to First Output Token,ms,avg,10008.70
160,1780554555323170560,1780554556323170560,Time to First Output Token,ms,min,10008.70
160,1780554555323170560,1780554556323170560,Time to First Output Token,ms,max,10008.70
160,1780554555323170560,1780554556323170560,Time to First Output Token,ms,sum,10008.70
160,1780554555323170560,1780554556323170560,Time to First Output Token,ms,p1,10008.70
160,1780554555323170560,1780554556323170560,Time to First Output Token,ms,p5,10008.70
160,1780554555323170560,1780554556323170560,Time to First Output Token,ms,p10,10008.70
160,1780554555323170560,1780554556323170560,Time to First Output Token,ms,p25,10008.70
160,1780554555323170560,1780554556323170560,Time to First Output Token,ms,p50,10008.70
160,1780554555323170560,1780554556323170560,Time to First Output Token,ms,p75,10008.70
160,1780554555323170560,1780554556323170560,Time to First Output Token,ms,p90,10008.70
160,1780554555323170560,1780554556323170560,Time to First Output Token,ms,p95,10008.70
160,1780554555323170560,1780554556323170560,Time to First Output Token,ms,p99,10008.70
160,1780554555323170560,1780554556323170560,Time to First Output Token,ms,std,0.00
160,1780554555323170560,1780554556323170560,Time to First Token,ms,avg,10008.70
160,1780554555323170560,1780554556323170560,Time to First Token,ms,min,10008.70
160,1780554555323170560,1780554556323170560,Time to First Token,ms,max,10008.70
160,1780554555323170560,1780554556323170560,Time to First Token,ms,sum,10008.70
160,1780554555323170560,1780554556323170560,Time to First Token,ms,p1,10008.70
160,1780554555323170560,1780554556323170560,Time to First Token,ms,p5,10008.70
160,1780554555323170560,1780554556323170560,Time to First Token,ms,p10,10008.70
160,1780554555323170560,1780554556323170560,Time to First Token,ms,p25,10008.70
160,1780554555323170560,1780554556323170560,Time to First Token,ms,p50,10008.70
160,1780554555323170560,1780554556323170560,Time to First Token,ms,p75,10008.70
160,1780554555323170560,1780554556323170560,Time to First Token,ms,p90,10008.70
160,1780554555323170560,1780554556323170560,Time to First Token,ms,p95,10008.70
160,1780554555323170560,1780554556323170560,Time to First Token,ms,p99,10008.70
160,1780554555323170560,1780554556323170560,Time to First Token,ms,std,0.00
160,1780554555323170560,1780554556323170560,Time to Second Token,ms,avg,25.39
160,1780554555323170560,1780554556323170560,Time to Second Token,ms,min,25.39
160,1780554555323170560,1780554556323170560,Time to Second Token,ms,max,25.39
160,1780554555323170560,1780554556323170560,Time to Second Token,ms,sum,25.39
160,1780554555323170560,1780554556323170560,Time to Second Token,ms,p1,25.39
160,1780554555323170560,1780554556323170560,Time to Second Token,ms,p5,25.39
160,1780554555323170560,1780554556323170560,Time to Second Token,ms,p10,25.39
160,1780554555323170560,1780554556323170560,Time to Second Token,ms,p25,25.39
160,1780554555323170560,1780554556323170560,Time to Second Token,ms,p50,25.39
160,1780554555323170560,1780554556323170560,Time to Second Token,ms,p75,25.39
160,1780554555323170560,1780554556323170560,Time to Second Token,ms,p90,25.39
160,1780554555323170560,1780554556323170560,Time to Second Token,ms,p95,25.39
160,1780554555323170560,1780554556323170560,Time to Second Token,ms,p99,25.39
160,1780554555323170560,1780554556323170560,Time to Second Token,ms,std,0.00
160,1780554555323170560,1780554556323170560,Tokens In Flight,tokens,avg,1028437.54
160,1780554555323170560,1780554556323170560,Tokens In Flight,tokens,min,1005584.12
160,1780554555323170560,1780554556323170560,Tokens In Flight,tokens,max,1053984.48
160,1780554555323170560,1780554556323170560,Tokens In Flight,tokens,p50,1005607.86
160,1780554555323170560,1780554556323170560,Tokens In Flight,tokens,p90,1053978.89
160,1780554555323170560,1780554556323170560,Tokens In Flight,tokens,p95,1053979.90
160,1780554555323170560,1780554556323170560,Tokens In Flight,tokens,p99,1053982.91
160,1780554555323170560,1780554556323170560,Tokens In Flight,tokens,std,24150.15
160,1780554555323170560,1780554556323170560,Total Input Sequence Length,tokens,avg,48352.00
160,1780554555323170560,1780554556323170560,Total Output Sequence Length,tokens,avg,781.00
160,1780554555323170560,1780554556323170560,Total Output Tokens,tokens,avg,781.00
160,1780554555323170560,1780554556323170560,Total Token Throughput,tokens/sec,avg,49133.00
160,1780554555323170560,1780554556323170560,Total Usage Completion Tokens,tokens,avg,781.00
160,1780554555323170560,1780554556323170560,Total Usage Prompt Tokens,tokens,avg,48352.00
160,1780554555323170560,1780554556323170560,Total Usage Total Tokens,tokens,avg,49133.00
160,1780554555323170560,1780554556323170560,Usage Completion Tokens,tokens,avg,781.00
160,1780554555323170560,1780554556323170560,Usage Completion Tokens,tokens,min,781.00
160,1780554555323170560,1780554556323170560,Usage Completion Tokens,tokens,max,781.00
160,1780554555323170560,1780554556323170560,Usage Completion Tokens,tokens,sum,781.00
160,1780554555323170560,1780554556323170560,Usage Completion Tokens,tokens,p1,781.00
160,1780554555323170560,1780554556323170560,Usage Completion Tokens,tokens,p5,781.00
160,1780554555323170560,1780554556323170560,Usage Completion Tokens,tokens,p10,781.00
160,1780554555323170560,1780554556323170560,Usage Completion Tokens,tokens,p25,781.00
160,1780554555323170560,1780554556323170560,Usage Completion Tokens,tokens,p50,781.00
160,1780554555323170560,1780554556323170560,Usage Completion Tokens,tokens,p75,781.00
160,1780554555323170560,1780554556323170560,Usage Completion Tokens,tokens,p90,781.00
160,1780554555323170560,1780554556323170560,Usage Completion Tokens,tokens,p95,781.00
160,1780554555323170560,1780554556323170560,Usage Completion Tokens,tokens,p99,781.00
160,1780554555323170560,1780554556323170560,Usage Completion Tokens,tokens,std,0.00
160,1780554555323170560,1780554556323170560,Usage Prompt Tokens,tokens,avg,48352.00
160,1780554555323170560,1780554556323170560,Usage Prompt Tokens,tokens,min,48352.00
160,1780554555323170560,1780554556323170560,Usage Prompt Tokens,tokens,max,48352.00
160,1780554555323170560,1780554556323170560,Usage Prompt Tokens,tokens,sum,48352.00
160,1780554555323170560,1780554556323170560,Usage Prompt Tokens,tokens,p1,48352.00
160,1780554555323170560,1780554556323170560,Usage Prompt Tokens,tokens,p5,48352.00
160,1780554555323170560,1780554556323170560,Usage Prompt Tokens,tokens,p10,48352.00
160,1780554555323170560,1780554556323170560,Usage Prompt Tokens,tokens,p25,48352.00
160,1780554555323170560,1780554556323170560,Usage Prompt Tokens,tokens,p50,48352.00
160,1780554555323170560,1780554556323170560,Usage Prompt Tokens,tokens,p75,48352.00
160,1780554555323170560,1780554556323170560,Usage Prompt Tokens,tokens,p90,48352.00
160,1780554555323170560,1780554556323170560,Usage Prompt Tokens,tokens,p95,48352.00
160,1780554555323170560,1780554556323170560,Usage Prompt Tokens,tokens,p99,48352.00
160,1780554555323170560,1780554556323170560,Usage Prompt Tokens,tokens,std,0.00
160,1780554555323170560,1780554556323170560,Usage Total Tokens,tokens,avg,49133.00
160,1780554555323170560,1780554556323170560,Usage Total Tokens,tokens,min,49133.00
160,1780554555323170560,1780554556323170560,Usage Total Tokens,tokens,max,49133.00
160,1780554555323170560,1780554556323170560,Usage Total Tokens,tokens,sum,49133.00
160,1780554555323170560,1780554556323170560,Usage Total Tokens,tokens,p1,49133.00
160,1780554555323170560,1780554556323170560,Usage Total Tokens,tokens,p5,49133.00
160,1780554555323170560,1780554556323170560,Usage Total Tokens,tokens,p10,49133.00
160,1780554555323170560,1780554556323170560,Usage Total Tokens,tokens,p25,49133.00
160,1780554555323170560,1780554556323170560,Usage Total Tokens,tokens,p50,49133.00
160,1780554555323170560,1780554556323170560,Usage Total Tokens,tokens,p75,49133.00
160,1780554555323170560,1780554556323170560,Usage Total Tokens,tokens,p90,49133.00
160,1780554555323170560,1780554556323170560,Usage Total Tokens,tokens,p95,49133.00
160,1780554555323170560,1780554556323170560,Usage Total Tokens,tokens,p99,49133.00
160,1780554555323170560,1780554556323170560,Usage Total Tokens,tokens,std,0.00
161,1780554558323170560,1780554559323170560,Active Decode Throughput,tokens/sec,avg,78.06
161,1780554558323170560,1780554559323170560,Active Decode Throughput,tokens/sec,min,69.81
161,1780554558323170560,1780554559323170560,Active Decode Throughput,tokens/sec,max,86.30
161,1780554558323170560,1780554559323170560,Active Decode Throughput,tokens/sec,p50,78.06
161,1780554558323170560,1780554559323170560,Active Decode Throughput,tokens/sec,p90,78.06
161,1780554558323170560,1780554559323170560,Active Decode Throughput,tokens/sec,p95,78.06
161,1780554558323170560,1780554559323170560,Active Decode Throughput,tokens/sec,p99,78.06
161,1780554558323170560,1780554559323170560,Active Decode Throughput,tokens/sec,std,0.01
161,1780554558323170560,1780554559323170560,Active Decode Throughput Per User,tokens/sec/user,avg,8.67
161,1780554558323170560,1780554559323170560,Active Decode Throughput Per User,tokens/sec/user,min,7.76
161,1780554558323170560,1780554559323170560,Active Decode Throughput Per User,tokens/sec/user,max,9.59
161,1780554558323170560,1780554559323170560,Active Decode Throughput Per User,tokens/sec/user,p50,8.67
161,1780554558323170560,1780554559323170560,Active Decode Throughput Per User,tokens/sec/user,p90,8.67
161,1780554558323170560,1780554559323170560,Active Decode Throughput Per User,tokens/sec/user,p95,8.67
161,1780554558323170560,1780554559323170560,Active Decode Throughput Per User,tokens/sec/user,p99,8.67
161,1780554558323170560,1780554559323170560,Active Decode Throughput Per User,tokens/sec/user,std,0.00
161,1780554558323170560,1780554559323170560,Active Prefill Throughput,tokens/sec,avg,19374.14
161,1780554558323170560,1780554559323170560,Active Prefill Throughput,tokens/sec,min,18406.50
161,1780554558323170560,1780554559323170560,Active Prefill Throughput,tokens/sec,max,21345.95
161,1780554558323170560,1780554559323170560,Active Prefill Throughput,tokens/sec,p50,18406.50
161,1780554558323170560,1780554559323170560,Active Prefill Throughput,tokens/sec,p90,21345.95
161,1780554558323170560,1780554559323170560,Active Prefill Throughput,tokens/sec,p95,21345.95
161,1780554558323170560,1780554559323170560,Active Prefill Throughput,tokens/sec,p99,21345.95
161,1780554558323170560,1780554559323170560,Active Prefill Throughput,tokens/sec,std,1381.31
161,1780554558323170560,1780554559323170560,Active Prefill Throughput Per User,tokens/sec/user,avg,5872.47
161,1780554558323170560,1780554559323170560,Active Prefill Throughput Per User,tokens/sec/user,min,5336.49
161,1780554558323170560,1780554559323170560,Active Prefill Throughput Per User,tokens/sec/user,max,6135.50
161,1780554558323170560,1780554559323170560,Active Prefill Throughput Per User,tokens/sec/user,p50,6135.50
161,1780554558323170560,1780554559323170560,Active Prefill Throughput Per User,tokens/sec/user,p90,6135.50
161,1780554558323170560,1780554559323170560,Active Prefill Throughput Per User,tokens/sec/user,p95,6135.50
161,1780554558323170560,1780554559323170560,Active Prefill Throughput Per User,tokens/sec/user,p99,6135.50
161,1780554558323170560,1780554559323170560,Active Prefill Throughput Per User,tokens/sec/user,std,375.47
161,1780554558323170560,1780554559323170560,Active Total Throughput,tokens/sec,avg,19465.21
161,1780554558323170560,1780554559323170560,Active Total Throughput,tokens/sec,min,18497.56
161,1780554558323170560,1780554559323170560,Active Total Throughput,tokens/sec,max,21437.02
161,1780554558323170560,1780554559323170560,Active Total Throughput,tokens/sec,p50,18497.56
161,1780554558323170560,1780554559323170560,Active Total Throughput,tokens/sec,p90,21437.02
161,1780554558323170560,1780554559323170560,Active Total Throughput,tokens/sec,p95,21437.02
161,1780554558323170560,1780554559323170560,Active Total Throughput,tokens/sec,p99,21437.02
161,1780554558323170560,1780554559323170560,Active Total Throughput,tokens/sec,std,1381.31
161,1780554558323170560,1780554559323170560,Benchmark Duration,sec,avg,86.16
161,1780554558323170560,1780554559323170560,E2E Output Token Throughput,tokens/sec/user,avg,8.10
161,1780554558323170560,1780554559323170560,E2E Output Token Throughput,tokens/sec/user,min,8.10
161,1780554558323170560,1780554559323170560,E2E Output Token Throughput,tokens/sec/user,max,8.10
161,1780554558323170560,1780554559323170560,E2E Output Token Throughput,tokens/sec/user,sum,8.10
161,1780554558323170560,1780554559323170560,E2E Output Token Throughput,tokens/sec/user,p1,8.10
161,1780554558323170560,1780554559323170560,E2E Output Token Throughput,tokens/sec/user,p5,8.10
161,1780554558323170560,1780554559323170560,E2E Output Token Throughput,tokens/sec/user,p10,8.10
161,1780554558323170560,1780554559323170560,E2E Output Token Throughput,tokens/sec/user,p25,8.10
161,1780554558323170560,1780554559323170560,E2E Output Token Throughput,tokens/sec/user,p50,8.10
161,1780554558323170560,1780554559323170560,E2E Output Token Throughput,tokens/sec/user,p75,8.10
161,1780554558323170560,1780554559323170560,E2E Output Token Throughput,tokens/sec/user,p90,8.10
161,1780554558323170560,1780554559323170560,E2E Output Token Throughput,tokens/sec/user,p95,8.10
161,1780554558323170560,1780554559323170560,E2E Output Token Throughput,tokens/sec/user,p99,8.10
161,1780554558323170560,1780554559323170560,E2E Output Token Throughput,tokens/sec/user,std,0.00
161,1780554558323170560,1780554559323170560,Effective Concurrency,requests,avg,12.33
161,1780554558323170560,1780554559323170560,Effective Concurrency,requests,min,12.00
161,1780554558323170560,1780554559323170560,Effective Concurrency,requests,max,13.00
161,1780554558323170560,1780554559323170560,Effective Concurrency,requests,p50,12.00
161,1780554558323170560,1780554559323170560,Effective Concurrency,requests,p90,13.00
161,1780554558323170560,1780554559323170560,Effective Concurrency,requests,p95,13.00
161,1780554558323170560,1780554559323170560,Effective Concurrency,requests,p99,13.00
161,1780554558323170560,1780554559323170560,Effective Concurrency,requests,std,0.47
161,1780554558323170560,1780554559323170560,Effective Decode Concurrency,requests,avg,9.00
161,1780554558323170560,1780554559323170560,Effective Decode Concurrency,requests,min,9.00
161,1780554558323170560,1780554559323170560,Effective Decode Concurrency,requests,max,9.00
161,1780554558323170560,1780554559323170560,Effective Decode Concurrency,requests,p50,9.00
161,1780554558323170560,1780554559323170560,Effective Decode Concurrency,requests,p90,9.00
161,1780554558323170560,1780554559323170560,Effective Decode Concurrency,requests,p95,9.00
161,1780554558323170560,1780554559323170560,Effective Decode Concurrency,requests,p99,9.00
161,1780554558323170560,1780554559323170560,Effective Decode Concurrency,requests,std,0.00
161,1780554558323170560,1780554559323170560,Effective Decode Throughput,tokens/sec,avg,78.06
161,1780554558323170560,1780554559323170560,Effective Decode Throughput,tokens/sec,min,69.81
161,1780554558323170560,1780554559323170560,Effective Decode Throughput,tokens/sec,max,86.30
161,1780554558323170560,1780554559323170560,Effective Decode Throughput,tokens/sec,p50,78.06
161,1780554558323170560,1780554559323170560,Effective Decode Throughput,tokens/sec,p90,78.06
161,1780554558323170560,1780554559323170560,Effective Decode Throughput,tokens/sec,p95,78.06
161,1780554558323170560,1780554559323170560,Effective Decode Throughput,tokens/sec,p99,78.06
161,1780554558323170560,1780554559323170560,Effective Decode Throughput,tokens/sec,std,0.01
161,1780554558323170560,1780554559323170560,Effective Decode Throughput Per User,tokens/sec/user,avg,8.67
161,1780554558323170560,1780554559323170560,Effective Decode Throughput Per User,tokens/sec/user,min,7.76
161,1780554558323170560,1780554559323170560,Effective Decode Throughput Per User,tokens/sec/user,max,9.59
161,1780554558323170560,1780554559323170560,Effective Decode Throughput Per User,tokens/sec/user,p50,8.67
161,1780554558323170560,1780554559323170560,Effective Decode Throughput Per User,tokens/sec/user,p90,8.67
161,1780554558323170560,1780554559323170560,Effective Decode Throughput Per User,tokens/sec/user,p95,8.67
161,1780554558323170560,1780554559323170560,Effective Decode Throughput Per User,tokens/sec/user,p99,8.67
161,1780554558323170560,1780554559323170560,Effective Decode Throughput Per User,tokens/sec/user,std,0.00
161,1780554558323170560,1780554559323170560,Effective Prefill Concurrency,requests,avg,3.33
161,1780554558323170560,1780554559323170560,Effective Prefill Concurrency,requests,min,3.00
161,1780554558323170560,1780554559323170560,Effective Prefill Concurrency,requests,max,4.00
161,1780554558323170560,1780554559323170560,Effective Prefill Concurrency,requests,p50,3.00
161,1780554558323170560,1780554559323170560,Effective Prefill Concurrency,requests,p90,4.00
161,1780554558323170560,1780554559323170560,Effective Prefill Concurrency,requests,p95,4.00
161,1780554558323170560,1780554559323170560,Effective Prefill Concurrency,requests,p99,4.00
161,1780554558323170560,1780554559323170560,Effective Prefill Concurrency,requests,std,0.47
161,1780554558323170560,1780554559323170560,Effective Prefill Throughput,tokens/sec,avg,19374.14
161,1780554558323170560,1780554559323170560,Effective Prefill Throughput,tokens/sec,min,18406.50
161,1780554558323170560,1780554559323170560,Effective Prefill Throughput,tokens/sec,max,21345.95
161,1780554558323170560,1780554559323170560,Effective Prefill Throughput,tokens/sec,p50,18406.50
161,1780554558323170560,1780554559323170560,Effective Prefill Throughput,tokens/sec,p90,21345.95
161,1780554558323170560,1780554559323170560,Effective Prefill Throughput,tokens/sec,p95,21345.95
161,1780554558323170560,1780554559323170560,Effective Prefill Throughput,tokens/sec,p99,21345.95
161,1780554558323170560,1780554559323170560,Effective Prefill Throughput,tokens/sec,std,1381.31
161,1780554558323170560,1780554559323170560,Effective Prefill Throughput Per User,tokens/sec/user,avg,5872.47
161,1780554558323170560,1780554559323170560,Effective Prefill Throughput Per User,tokens/sec/user,min,5336.49
161,1780554558323170560,1780554559323170560,Effective Prefill Throughput Per User,tokens/sec/user,max,6135.50
161,1780554558323170560,1780554559323170560,Effective Prefill Throughput Per User,tokens/sec/user,p50,6135.50
161,1780554558323170560,1780554559323170560,Effective Prefill Throughput Per User,tokens/sec/user,p90,6135.50
161,1780554558323170560,1780554559323170560,Effective Prefill Throughput Per User,tokens/sec/user,p95,6135.50
161,1780554558323170560,1780554559323170560,Effective Prefill Throughput Per User,tokens/sec/user,p99,6135.50
161,1780554558323170560,1780554559323170560,Effective Prefill Throughput Per User,tokens/sec/user,std,375.47
161,1780554558323170560,1780554559323170560,Effective Total Throughput,tokens/sec,avg,19465.21
161,1780554558323170560,1780554559323170560,Effective Total Throughput,tokens/sec,min,18497.56
161,1780554558323170560,1780554559323170560,Effective Total Throughput,tokens/sec,max,21437.02
161,1780554558323170560,1780554559323170560,Effective Total Throughput,tokens/sec,p50,18497.56
161,1780554558323170560,1780554559323170560,Effective Total Throughput,tokens/sec,p90,21437.02
161,1780554558323170560,1780554559323170560,Effective Total Throughput,tokens/sec,p95,21437.02
161,1780554558323170560,1780554559323170560,Effective Total Throughput,tokens/sec,p99,21437.02
161,1780554558323170560,1780554559323170560,Effective Total Throughput,tokens/sec,std,1381.31
161,1780554558323170560,1780554559323170560,HTTP Blocked,ms,avg,0.00
161,1780554558323170560,1780554559323170560,HTTP Blocked,ms,min,0.00
161,1780554558323170560,1780554559323170560,HTTP Blocked,ms,max,0.00
161,1780554558323170560,1780554559323170560,HTTP Blocked,ms,sum,0.00
161,1780554558323170560,1780554559323170560,HTTP Blocked,ms,p1,0.00
161,1780554558323170560,1780554559323170560,HTTP Blocked,ms,p5,0.00
161,1780554558323170560,1780554559323170560,HTTP Blocked,ms,p10,0.00
161,1780554558323170560,1780554559323170560,HTTP Blocked,ms,p25,0.00
161,1780554558323170560,1780554559323170560,HTTP Blocked,ms,p50,0.00
161,1780554558323170560,1780554559323170560,HTTP Blocked,ms,p75,0.00
161,1780554558323170560,1780554559323170560,HTTP Blocked,ms,p90,0.00
161,1780554558323170560,1780554559323170560,HTTP Blocked,ms,p95,0.00
161,1780554558323170560,1780554559323170560,HTTP Blocked,ms,p99,0.00
161,1780554558323170560,1780554559323170560,HTTP Blocked,ms,std,0.00
161,1780554558323170560,1780554559323170560,HTTP Chunks Received,count,avg,698.00
161,1780554558323170560,1780554559323170560,HTTP Chunks Received,count,min,698.00
161,1780554558323170560,1780554559323170560,HTTP Chunks Received,count,max,698.00
161,1780554558323170560,1780554559323170560,HTTP Chunks Received,count,sum,698.00
161,1780554558323170560,1780554559323170560,HTTP Chunks Received,count,p1,698.00
161,1780554558323170560,1780554559323170560,HTTP Chunks Received,count,p5,698.00
161,1780554558323170560,1780554559323170560,HTTP Chunks Received,count,p10,698.00
161,1780554558323170560,1780554559323170560,HTTP Chunks Received,count,p25,698.00
161,1780554558323170560,1780554559323170560,HTTP Chunks Received,count,p50,698.00
161,1780554558323170560,1780554559323170560,HTTP Chunks Received,count,p75,698.00
161,1780554558323170560,1780554559323170560,HTTP Chunks Received,count,p90,698.00
161,1780554558323170560,1780554559323170560,HTTP Chunks Received,count,p95,698.00
161,1780554558323170560,1780554559323170560,HTTP Chunks Received,count,p99,698.00
161,1780554558323170560,1780554559323170560,HTTP Chunks Received,count,std,0.00
161,1780554558323170560,1780554559323170560,HTTP Chunks Sent,count,avg,1.00
161,1780554558323170560,1780554559323170560,HTTP Chunks Sent,count,min,1.00
161,1780554558323170560,1780554559323170560,HTTP Chunks Sent,count,max,1.00
161,1780554558323170560,1780554559323170560,HTTP Chunks Sent,count,sum,1.00
161,1780554558323170560,1780554559323170560,HTTP Chunks Sent,count,p1,1.00
161,1780554558323170560,1780554559323170560,HTTP Chunks Sent,count,p5,1.00
161,1780554558323170560,1780554559323170560,HTTP Chunks Sent,count,p10,1.00
161,1780554558323170560,1780554559323170560,HTTP Chunks Sent,count,p25,1.00
161,1780554558323170560,1780554559323170560,HTTP Chunks Sent,count,p50,1.00
161,1780554558323170560,1780554559323170560,HTTP Chunks Sent,count,p75,1.00
161,1780554558323170560,1780554559323170560,HTTP Chunks Sent,count,p90,1.00
161,1780554558323170560,1780554559323170560,HTTP Chunks Sent,count,p95,1.00
161,1780554558323170560,1780554559323170560,HTTP Chunks Sent,count,p99,1.00
161,1780554558323170560,1780554559323170560,HTTP Chunks Sent,count,std,0.00
161,1780554558323170560,1780554559323170560,HTTP Connecting,ms,avg,0.70
161,1780554558323170560,1780554559323170560,HTTP Connecting,ms,min,0.70
161,1780554558323170560,1780554559323170560,HTTP Connecting,ms,max,0.70
161,1780554558323170560,1780554559323170560,HTTP Connecting,ms,sum,0.70
161,1780554558323170560,1780554559323170560,HTTP Connecting,ms,p1,0.70
161,1780554558323170560,1780554559323170560,HTTP Connecting,ms,p5,0.70
161,1780554558323170560,1780554559323170560,HTTP Connecting,ms,p10,0.70
161,1780554558323170560,1780554559323170560,HTTP Connecting,ms,p25,0.70
161,1780554558323170560,1780554559323170560,HTTP Connecting,ms,p50,0.70
161,1780554558323170560,1780554559323170560,HTTP Connecting,ms,p75,0.70
161,1780554558323170560,1780554559323170560,HTTP Connecting,ms,p90,0.70
161,1780554558323170560,1780554559323170560,HTTP Connecting,ms,p95,0.70
161,1780554558323170560,1780554559323170560,HTTP Connecting,ms,p99,0.70
161,1780554558323170560,1780554559323170560,HTTP Connecting,ms,std,0.00
161,1780554558323170560,1780554559323170560,HTTP Connection Overhead,ms,avg,0.70
161,1780554558323170560,1780554559323170560,HTTP Connection Overhead,ms,min,0.70
161,1780554558323170560,1780554559323170560,HTTP Connection Overhead,ms,max,0.70
161,1780554558323170560,1780554559323170560,HTTP Connection Overhead,ms,sum,0.70
161,1780554558323170560,1780554559323170560,HTTP Connection Overhead,ms,p1,0.70
161,1780554558323170560,1780554559323170560,HTTP Connection Overhead,ms,p5,0.70
161,1780554558323170560,1780554559323170560,HTTP Connection Overhead,ms,p10,0.70
161,1780554558323170560,1780554559323170560,HTTP Connection Overhead,ms,p25,0.70
161,1780554558323170560,1780554559323170560,HTTP Connection Overhead,ms,p50,0.70
161,1780554558323170560,1780554559323170560,HTTP Connection Overhead,ms,p75,0.70
161,1780554558323170560,1780554559323170560,HTTP Connection Overhead,ms,p90,0.70
161,1780554558323170560,1780554559323170560,HTTP Connection Overhead,ms,p95,0.70
161,1780554558323170560,1780554559323170560,HTTP Connection Overhead,ms,p99,0.70
161,1780554558323170560,1780554559323170560,HTTP Connection Overhead,ms,std,0.00
161,1780554558323170560,1780554559323170560,HTTP Connection Reused,ratio,avg,0.00
161,1780554558323170560,1780554559323170560,HTTP Connection Reused,ratio,min,0.00
161,1780554558323170560,1780554559323170560,HTTP Connection Reused,ratio,max,0.00
161,1780554558323170560,1780554559323170560,HTTP Connection Reused,ratio,sum,0.00
161,1780554558323170560,1780554559323170560,HTTP Connection Reused,ratio,p1,0.00
161,1780554558323170560,1780554559323170560,HTTP Connection Reused,ratio,p5,0.00
161,1780554558323170560,1780554559323170560,HTTP Connection Reused,ratio,p10,0.00
161,1780554558323170560,1780554559323170560,HTTP Connection Reused,ratio,p25,0.00
161,1780554558323170560,1780554559323170560,HTTP Connection Reused,ratio,p50,0.00
161,1780554558323170560,1780554559323170560,HTTP Connection Reused,ratio,p75,0.00
161,1780554558323170560,1780554559323170560,HTTP Connection Reused,ratio,p90,0.00
161,1780554558323170560,1780554559323170560,HTTP Connection Reused,ratio,p95,0.00
161,1780554558323170560,1780554559323170560,HTTP Connection Reused,ratio,p99,0.00
161,1780554558323170560,1780554559323170560,HTTP Connection Reused,ratio,std,0.00
161,1780554558323170560,1780554559323170560,HTTP Data Received,KB,avg,174.04
161,1780554558323170560,1780554559323170560,HTTP Data Received,KB,min,174.04
161,1780554558323170560,1780554559323170560,HTTP Data Received,KB,max,174.04
161,1780554558323170560,1780554559323170560,HTTP Data Received,KB,sum,174.04
161,1780554558323170560,1780554559323170560,HTTP Data Received,KB,p1,174.04
161,1780554558323170560,1780554559323170560,HTTP Data Received,KB,p5,174.04
161,1780554558323170560,1780554559323170560,HTTP Data Received,KB,p10,174.04
161,1780554558323170560,1780554559323170560,HTTP Data Received,KB,p25,174.04
161,1780554558323170560,1780554559323170560,HTTP Data Received,KB,p50,174.04
161,1780554558323170560,1780554559323170560,HTTP Data Received,KB,p75,174.04
161,1780554558323170560,1780554559323170560,HTTP Data Received,KB,p90,174.04
161,1780554558323170560,1780554559323170560,HTTP Data Received,KB,p95,174.04
161,1780554558323170560,1780554559323170560,HTTP Data Received,KB,p99,174.04
161,1780554558323170560,1780554559323170560,HTTP Data Received,KB,std,0.00
161,1780554558323170560,1780554559323170560,HTTP Data Sent,KB,avg,167.38
161,1780554558323170560,1780554559323170560,HTTP Data Sent,KB,min,167.38
161,1780554558323170560,1780554559323170560,HTTP Data Sent,KB,max,167.38
161,1780554558323170560,1780554559323170560,HTTP Data Sent,KB,sum,167.38
161,1780554558323170560,1780554559323170560,HTTP Data Sent,KB,p1,167.38
161,1780554558323170560,1780554559323170560,HTTP Data Sent,KB,p5,167.38
161,1780554558323170560,1780554559323170560,HTTP Data Sent,KB,p10,167.38
161,1780554558323170560,1780554559323170560,HTTP Data Sent,KB,p25,167.38
161,1780554558323170560,1780554559323170560,HTTP Data Sent,KB,p50,167.38
161,1780554558323170560,1780554559323170560,HTTP Data Sent,KB,p75,167.38
161,1780554558323170560,1780554559323170560,HTTP Data Sent,KB,p90,167.38
161,1780554558323170560,1780554559323170560,HTTP Data Sent,KB,p95,167.38
161,1780554558323170560,1780554559323170560,HTTP Data Sent,KB,p99,167.38
161,1780554558323170560,1780554559323170560,HTTP Data Sent,KB,std,0.00
161,1780554558323170560,1780554559323170560,HTTP DNS Lookup,ms,avg,0.00
161,1780554558323170560,1780554559323170560,HTTP DNS Lookup,ms,min,0.00
161,1780554558323170560,1780554559323170560,HTTP DNS Lookup,ms,max,0.00
161,1780554558323170560,1780554559323170560,HTTP DNS Lookup,ms,sum,0.00
161,1780554558323170560,1780554559323170560,HTTP DNS Lookup,ms,p1,0.00
161,1780554558323170560,1780554559323170560,HTTP DNS Lookup,ms,p5,0.00
161,1780554558323170560,1780554559323170560,HTTP DNS Lookup,ms,p10,0.00
161,1780554558323170560,1780554559323170560,HTTP DNS Lookup,ms,p25,0.00
161,1780554558323170560,1780554559323170560,HTTP DNS Lookup,ms,p50,0.00
161,1780554558323170560,1780554559323170560,HTTP DNS Lookup,ms,p75,0.00
161,1780554558323170560,1780554559323170560,HTTP DNS Lookup,ms,p90,0.00
161,1780554558323170560,1780554559323170560,HTTP DNS Lookup,ms,p95,0.00
161,1780554558323170560,1780554559323170560,HTTP DNS Lookup,ms,p99,0.00
161,1780554558323170560,1780554559323170560,HTTP DNS Lookup,ms,std,0.00
161,1780554558323170560,1780554559323170560,HTTP Duration (excl. conn),ms,avg,86155.87
161,1780554558323170560,1780554559323170560,HTTP Duration (excl. conn),ms,min,86155.87
161,1780554558323170560,1780554559323170560,HTTP Duration (excl. conn),ms,max,86155.87
161,1780554558323170560,1780554559323170560,HTTP Duration (excl. conn),ms,sum,86155.87
161,1780554558323170560,1780554559323170560,HTTP Duration (excl. conn),ms,p1,86155.87
161,1780554558323170560,1780554559323170560,HTTP Duration (excl. conn),ms,p5,86155.87
161,1780554558323170560,1780554559323170560,HTTP Duration (excl. conn),ms,p10,86155.87
161,1780554558323170560,1780554559323170560,HTTP Duration (excl. conn),ms,p25,86155.87
161,1780554558323170560,1780554559323170560,HTTP Duration (excl. conn),ms,p50,86155.87
161,1780554558323170560,1780554559323170560,HTTP Duration (excl. conn),ms,p75,86155.87
161,1780554558323170560,1780554559323170560,HTTP Duration (excl. conn),ms,p90,86155.87
161,1780554558323170560,1780554559323170560,HTTP Duration (excl. conn),ms,p95,86155.87
161,1780554558323170560,1780554559323170560,HTTP Duration (excl. conn),ms,p99,86155.87
161,1780554558323170560,1780554559323170560,HTTP Duration (excl. conn),ms,std,0.00
161,1780554558323170560,1780554559323170560,HTTP Receiving,ms,avg,71407.70
161,1780554558323170560,1780554559323170560,HTTP Receiving,ms,min,71407.70
161,1780554558323170560,1780554559323170560,HTTP Receiving,ms,max,71407.70
161,1780554558323170560,1780554559323170560,HTTP Receiving,ms,sum,71407.70
161,1780554558323170560,1780554559323170560,HTTP Receiving,ms,p1,71407.70
161,1780554558323170560,1780554559323170560,HTTP Receiving,ms,p5,71407.70
161,1780554558323170560,1780554559323170560,HTTP Receiving,ms,p10,71407.70
161,1780554558323170560,1780554559323170560,HTTP Receiving,ms,p25,71407.70
161,1780554558323170560,1780554559323170560,HTTP Receiving,ms,p50,71407.70
161,1780554558323170560,1780554559323170560,HTTP Receiving,ms,p75,71407.70
161,1780554558323170560,1780554559323170560,HTTP Receiving,ms,p90,71407.70
161,1780554558323170560,1780554559323170560,HTTP Receiving,ms,p95,71407.70
161,1780554558323170560,1780554559323170560,HTTP Receiving,ms,p99,71407.70
161,1780554558323170560,1780554559323170560,HTTP Receiving,ms,std,0.00
161,1780554558323170560,1780554559323170560,HTTP Sending,ms,avg,1.01
161,1780554558323170560,1780554559323170560,HTTP Sending,ms,min,1.01
161,1780554558323170560,1780554559323170560,HTTP Sending,ms,max,1.01
161,1780554558323170560,1780554559323170560,HTTP Sending,ms,sum,1.01
161,1780554558323170560,1780554559323170560,HTTP Sending,ms,p1,1.01
161,1780554558323170560,1780554559323170560,HTTP Sending,ms,p5,1.01
161,1780554558323170560,1780554559323170560,HTTP Sending,ms,p10,1.01
161,1780554558323170560,1780554559323170560,HTTP Sending,ms,p25,1.01
161,1780554558323170560,1780554559323170560,HTTP Sending,ms,p50,1.01
161,1780554558323170560,1780554559323170560,HTTP Sending,ms,p75,1.01
161,1780554558323170560,1780554559323170560,HTTP Sending,ms,p90,1.01
161,1780554558323170560,1780554559323170560,HTTP Sending,ms,p95,1.01
161,1780554558323170560,1780554559323170560,HTTP Sending,ms,p99,1.01
161,1780554558323170560,1780554559323170560,HTTP Sending,ms,std,0.00
161,1780554558323170560,1780554559323170560,HTTP Total Time,ms,avg,86156.57
161,1780554558323170560,1780554559323170560,HTTP Total Time,ms,min,86156.57
161,1780554558323170560,1780554559323170560,HTTP Total Time,ms,max,86156.57
161,1780554558323170560,1780554559323170560,HTTP Total Time,ms,sum,86156.57
161,1780554558323170560,1780554559323170560,HTTP Total Time,ms,p1,86156.57
161,1780554558323170560,1780554559323170560,HTTP Total Time,ms,p5,86156.57
161,1780554558323170560,1780554559323170560,HTTP Total Time,ms,p10,86156.57
161,1780554558323170560,1780554559323170560,HTTP Total Time,ms,p25,86156.57
161,1780554558323170560,1780554559323170560,HTTP Total Time,ms,p50,86156.57
161,1780554558323170560,1780554559323170560,HTTP Total Time,ms,p75,86156.57
161,1780554558323170560,1780554559323170560,HTTP Total Time,ms,p90,86156.57
161,1780554558323170560,1780554559323170560,HTTP Total Time,ms,p95,86156.57
161,1780554558323170560,1780554559323170560,HTTP Total Time,ms,p99,86156.57
161,1780554558323170560,1780554559323170560,HTTP Total Time,ms,std,0.00
161,1780554558323170560,1780554559323170560,HTTP Waiting (TTFB),ms,avg,14747.16
161,1780554558323170560,1780554559323170560,HTTP Waiting (TTFB),ms,min,14747.16
161,1780554558323170560,1780554559323170560,HTTP Waiting (TTFB),ms,max,14747.16
161,1780554558323170560,1780554559323170560,HTTP Waiting (TTFB),ms,sum,14747.16
161,1780554558323170560,1780554559323170560,HTTP Waiting (TTFB),ms,p1,14747.16
161,1780554558323170560,1780554559323170560,HTTP Waiting (TTFB),ms,p5,14747.16
161,1780554558323170560,1780554559323170560,HTTP Waiting (TTFB),ms,p10,14747.16
161,1780554558323170560,1780554559323170560,HTTP Waiting (TTFB),ms,p25,14747.16
161,1780554558323170560,1780554559323170560,HTTP Waiting (TTFB),ms,p50,14747.16
161,1780554558323170560,1780554559323170560,HTTP Waiting (TTFB),ms,p75,14747.16
161,1780554558323170560,1780554559323170560,HTTP Waiting (TTFB),ms,p90,14747.16
161,1780554558323170560,1780554559323170560,HTTP Waiting (TTFB),ms,p95,14747.16
161,1780554558323170560,1780554559323170560,HTTP Waiting (TTFB),ms,p99,14747.16
161,1780554558323170560,1780554559323170560,HTTP Waiting (TTFB),ms,std,0.00
161,1780554558323170560,1780554559323170560,Input Sequence Length,tokens,avg,43352.00
161,1780554558323170560,1780554559323170560,Input Sequence Length,tokens,min,43352.00
161,1780554558323170560,1780554559323170560,Input Sequence Length,tokens,max,43352.00
161,1780554558323170560,1780554559323170560,Input Sequence Length,tokens,sum,43352.00
161,1780554558323170560,1780554559323170560,Input Sequence Length,tokens,p1,43352.00
161,1780554558323170560,1780554559323170560,Input Sequence Length,tokens,p5,43352.00
161,1780554558323170560,1780554559323170560,Input Sequence Length,tokens,p10,43352.00
161,1780554558323170560,1780554559323170560,Input Sequence Length,tokens,p25,43352.00
161,1780554558323170560,1780554559323170560,Input Sequence Length,tokens,p50,43352.00
161,1780554558323170560,1780554559323170560,Input Sequence Length,tokens,p75,43352.00
161,1780554558323170560,1780554559323170560,Input Sequence Length,tokens,p90,43352.00
161,1780554558323170560,1780554559323170560,Input Sequence Length,tokens,p95,43352.00
161,1780554558323170560,1780554559323170560,Input Sequence Length,tokens,p99,43352.00
161,1780554558323170560,1780554559323170560,Input Sequence Length,tokens,std,0.00
161,1780554558323170560,1780554559323170560,Input Token Throughput,tokens/sec,avg,43352.00
161,1780554558323170560,1780554559323170560,Inter Chunk Latency,ms,avg,274.30
161,1780554558323170560,1780554559323170560,Inter Chunk Latency,ms,min,229.93
161,1780554558323170560,1780554559323170560,Inter Chunk Latency,ms,max,292.42
161,1780554558323170560,1780554559323170560,Inter Chunk Latency,ms,sum,191185.40
161,1780554558323170560,1780554559323170560,Inter Chunk Latency,ms,p1,232.70
161,1780554558323170560,1780554559323170560,Inter Chunk Latency,ms,p5,234.97
161,1780554558323170560,1780554559323170560,Inter Chunk Latency,ms,p10,244.89
161,1780554558323170560,1780554559323170560,Inter Chunk Latency,ms,p25,266.83
161,1780554558323170560,1780554559323170560,Inter Chunk Latency,ms,p50,277.02
161,1780554558323170560,1780554559323170560,Inter Chunk Latency,ms,p75,289.95
161,1780554558323170560,1780554559323170560,Inter Chunk Latency,ms,p90,291.92
161,1780554558323170560,1780554559323170560,Inter Chunk Latency,ms,p95,292.19
161,1780554558323170560,1780554559323170560,Inter Chunk Latency,ms,p99,292.40
161,1780554558323170560,1780554559323170560,Inter Chunk Latency,ms,std,18.04
161,1780554558323170560,1780554559323170560,Inter Token Latency,ms,avg,102.45
161,1780554558323170560,1780554559323170560,Inter Token Latency,ms,min,102.45
161,1780554558323170560,1780554559323170560,Inter Token Latency,ms,max,102.45
161,1780554558323170560,1780554559323170560,Inter Token Latency,ms,sum,102.45
161,1780554558323170560,1780554559323170560,Inter Token Latency,ms,p1,102.45
161,1780554558323170560,1780554559323170560,Inter Token Latency,ms,p5,102.45
161,1780554558323170560,1780554559323170560,Inter Token Latency,ms,p10,102.45
161,1780554558323170560,1780554559323170560,Inter Token Latency,ms,p25,102.45
161,1780554558323170560,1780554559323170560,Inter Token Latency,ms,p50,102.45
161,1780554558323170560,1780554559323170560,Inter Token Latency,ms,p75,102.45
161,1780554558323170560,1780554559323170560,Inter Token Latency,ms,p90,102.45
161,1780554558323170560,1780554559323170560,Inter Token Latency,ms,p95,102.45
161,1780554558323170560,1780554559323170560,Inter Token Latency,ms,p99,102.45
161,1780554558323170560,1780554559323170560,Inter Token Latency,ms,std,0.00
161,1780554558323170560,1780554559323170560,Maximum Response Timestamp,ns,avg,1780554645149975040.00
161,1780554558323170560,1780554559323170560,Minimum Request Timestamp,ns,avg,1780554558993977856.00
161,1780554558323170560,1780554559323170560,OSL Mismatch Count,requests,avg,0.00
161,1780554558323170560,1780554559323170560,OSL Mismatch Diff %,%,avg,0.00
161,1780554558323170560,1780554559323170560,OSL Mismatch Diff %,%,min,0.00
161,1780554558323170560,1780554559323170560,OSL Mismatch Diff %,%,max,0.00
161,1780554558323170560,1780554559323170560,OSL Mismatch Diff %,%,sum,0.00
161,1780554558323170560,1780554559323170560,OSL Mismatch Diff %,%,p1,0.00
161,1780554558323170560,1780554559323170560,OSL Mismatch Diff %,%,p5,0.00
161,1780554558323170560,1780554559323170560,OSL Mismatch Diff %,%,p10,0.00
161,1780554558323170560,1780554559323170560,OSL Mismatch Diff %,%,p25,0.00
161,1780554558323170560,1780554559323170560,OSL Mismatch Diff %,%,p50,0.00
161,1780554558323170560,1780554559323170560,OSL Mismatch Diff %,%,p75,0.00
161,1780554558323170560,1780554559323170560,OSL Mismatch Diff %,%,p90,0.00
161,1780554558323170560,1780554559323170560,OSL Mismatch Diff %,%,p95,0.00
161,1780554558323170560,1780554559323170560,OSL Mismatch Diff %,%,p99,0.00
161,1780554558323170560,1780554559323170560,OSL Mismatch Diff %,%,std,0.00
161,1780554558323170560,1780554559323170560,Output Sequence Length,tokens,avg,698.00
161,1780554558323170560,1780554559323170560,Output Sequence Length,tokens,min,698.00
161,1780554558323170560,1780554559323170560,Output Sequence Length,tokens,max,698.00
161,1780554558323170560,1780554559323170560,Output Sequence Length,tokens,sum,698.00
161,1780554558323170560,1780554559323170560,Output Sequence Length,tokens,p1,698.00
161,1780554558323170560,1780554559323170560,Output Sequence Length,tokens,p5,698.00
161,1780554558323170560,1780554559323170560,Output Sequence Length,tokens,p10,698.00
161,1780554558323170560,1780554559323170560,Output Sequence Length,tokens,p25,698.00
161,1780554558323170560,1780554559323170560,Output Sequence Length,tokens,p50,698.00
161,1780554558323170560,1780554559323170560,Output Sequence Length,tokens,p75,698.00
161,1780554558323170560,1780554559323170560,Output Sequence Length,tokens,p90,698.00
161,1780554558323170560,1780554559323170560,Output Sequence Length,tokens,p95,698.00
161,1780554558323170560,1780554559323170560,Output Sequence Length,tokens,p99,698.00
161,1780554558323170560,1780554559323170560,Output Sequence Length,tokens,std,0.00
161,1780554558323170560,1780554559323170560,Output Token Count,tokens,avg,698.00
161,1780554558323170560,1780554559323170560,Output Token Count,tokens,min,698.00
161,1780554558323170560,1780554559323170560,Output Token Count,tokens,max,698.00
161,1780554558323170560,1780554559323170560,Output Token Count,tokens,sum,698.00
161,1780554558323170560,1780554559323170560,Output Token Count,tokens,p1,698.00
161,1780554558323170560,1780554559323170560,Output Token Count,tokens,p5,698.00
161,1780554558323170560,1780554559323170560,Output Token Count,tokens,p10,698.00
161,1780554558323170560,1780554559323170560,Output Token Count,tokens,p25,698.00
161,1780554558323170560,1780554559323170560,Output Token Count,tokens,p50,698.00
161,1780554558323170560,1780554559323170560,Output Token Count,tokens,p75,698.00
161,1780554558323170560,1780554559323170560,Output Token Count,tokens,p90,698.00
161,1780554558323170560,1780554559323170560,Output Token Count,tokens,p95,698.00
161,1780554558323170560,1780554559323170560,Output Token Count,tokens,p99,698.00
161,1780554558323170560,1780554559323170560,Output Token Count,tokens,std,0.00
161,1780554558323170560,1780554559323170560,Output Token Throughput,tokens/sec,avg,698.00
161,1780554558323170560,1780554559323170560,Output Token Throughput Per User,tokens/sec/user,avg,9.76
161,1780554558323170560,1780554559323170560,Output Token Throughput Per User,tokens/sec/user,min,9.76
161,1780554558323170560,1780554559323170560,Output Token Throughput Per User,tokens/sec/user,max,9.76
161,1780554558323170560,1780554559323170560,Output Token Throughput Per User,tokens/sec/user,sum,9.76
161,1780554558323170560,1780554559323170560,Output Token Throughput Per User,tokens/sec/user,p1,9.76
161,1780554558323170560,1780554559323170560,Output Token Throughput Per User,tokens/sec/user,p5,9.76
161,1780554558323170560,1780554559323170560,Output Token Throughput Per User,tokens/sec/user,p10,9.76
161,1780554558323170560,1780554559323170560,Output Token Throughput Per User,tokens/sec/user,p25,9.76
161,1780554558323170560,1780554559323170560,Output Token Throughput Per User,tokens/sec/user,p50,9.76
161,1780554558323170560,1780554559323170560,Output Token Throughput Per User,tokens/sec/user,p75,9.76
161,1780554558323170560,1780554559323170560,Output Token Throughput Per User,tokens/sec/user,p90,9.76
161,1780554558323170560,1780554559323170560,Output Token Throughput Per User,tokens/sec/user,p95,9.76
161,1780554558323170560,1780554559323170560,Output Token Throughput Per User,tokens/sec/user,p99,9.76
161,1780554558323170560,1780554559323170560,Output Token Throughput Per User,tokens/sec/user,std,0.00
161,1780554558323170560,1780554559323170560,Prefill Throughput Per User,tokens/sec/user,avg,2939.45
161,1780554558323170560,1780554559323170560,Prefill Throughput Per User,tokens/sec/user,min,2939.45
161,1780554558323170560,1780554559323170560,Prefill Throughput Per User,tokens/sec/user,max,2939.45
161,1780554558323170560,1780554559323170560,Prefill Throughput Per User,tokens/sec/user,sum,2939.45
161,1780554558323170560,1780554559323170560,Prefill Throughput Per User,tokens/sec/user,p1,2939.45
161,1780554558323170560,1780554559323170560,Prefill Throughput Per User,tokens/sec/user,p5,2939.45
161,1780554558323170560,1780554559323170560,Prefill Throughput Per User,tokens/sec/user,p10,2939.45
161,1780554558323170560,1780554559323170560,Prefill Throughput Per User,tokens/sec/user,p25,2939.45
161,1780554558323170560,1780554559323170560,Prefill Throughput Per User,tokens/sec/user,p50,2939.45
161,1780554558323170560,1780554559323170560,Prefill Throughput Per User,tokens/sec/user,p75,2939.45
161,1780554558323170560,1780554559323170560,Prefill Throughput Per User,tokens/sec/user,p90,2939.45
161,1780554558323170560,1780554559323170560,Prefill Throughput Per User,tokens/sec/user,p95,2939.45
161,1780554558323170560,1780554559323170560,Prefill Throughput Per User,tokens/sec/user,p99,2939.45
161,1780554558323170560,1780554559323170560,Prefill Throughput Per User,tokens/sec/user,std,0.00
161,1780554558323170560,1780554559323170560,Request Count,requests,avg,1.00
161,1780554558323170560,1780554559323170560,Request Latency,ms,avg,86156.00
161,1780554558323170560,1780554559323170560,Request Latency,ms,min,86156.00
161,1780554558323170560,1780554559323170560,Request Latency,ms,max,86156.00
161,1780554558323170560,1780554559323170560,Request Latency,ms,sum,86156.00
161,1780554558323170560,1780554559323170560,Request Latency,ms,p1,86156.00
161,1780554558323170560,1780554559323170560,Request Latency,ms,p5,86156.00
161,1780554558323170560,1780554559323170560,Request Latency,ms,p10,86156.00
161,1780554558323170560,1780554559323170560,Request Latency,ms,p25,86156.00
161,1780554558323170560,1780554559323170560,Request Latency,ms,p50,86156.00
161,1780554558323170560,1780554559323170560,Request Latency,ms,p75,86156.00
161,1780554558323170560,1780554559323170560,Request Latency,ms,p90,86156.00
161,1780554558323170560,1780554559323170560,Request Latency,ms,p95,86156.00
161,1780554558323170560,1780554559323170560,Request Latency,ms,p99,86156.00
161,1780554558323170560,1780554559323170560,Request Latency,ms,std,0.00
161,1780554558323170560,1780554559323170560,Request Throughput,requests/sec,avg,1.00
161,1780554558323170560,1780554559323170560,Requested OSL,tokens,avg,698.00
161,1780554558323170560,1780554559323170560,Requested OSL,tokens,min,698.00
161,1780554558323170560,1780554559323170560,Requested OSL,tokens,max,698.00
161,1780554558323170560,1780554559323170560,Requested OSL,tokens,sum,698.00
161,1780554558323170560,1780554559323170560,Requested OSL,tokens,p1,698.00
161,1780554558323170560,1780554559323170560,Requested OSL,tokens,p5,698.00
161,1780554558323170560,1780554559323170560,Requested OSL,tokens,p10,698.00
161,1780554558323170560,1780554559323170560,Requested OSL,tokens,p25,698.00
161,1780554558323170560,1780554559323170560,Requested OSL,tokens,p50,698.00
161,1780554558323170560,1780554559323170560,Requested OSL,tokens,p75,698.00
161,1780554558323170560,1780554559323170560,Requested OSL,tokens,p90,698.00
161,1780554558323170560,1780554559323170560,Requested OSL,tokens,p95,698.00
161,1780554558323170560,1780554559323170560,Requested OSL,tokens,p99,698.00
161,1780554558323170560,1780554559323170560,Requested OSL,tokens,std,0.00
161,1780554558323170560,1780554559323170560,Time to First Output Token,ms,avg,14748.31
161,1780554558323170560,1780554559323170560,Time to First Output Token,ms,min,14748.31
161,1780554558323170560,1780554559323170560,Time to First Output Token,ms,max,14748.31
161,1780554558323170560,1780554559323170560,Time to First Output Token,ms,sum,14748.31
161,1780554558323170560,1780554559323170560,Time to First Output Token,ms,p1,14748.31
161,1780554558323170560,1780554559323170560,Time to First Output Token,ms,p5,14748.31
161,1780554558323170560,1780554559323170560,Time to First Output Token,ms,p10,14748.31
161,1780554558323170560,1780554559323170560,Time to First Output Token,ms,p25,14748.31
161,1780554558323170560,1780554559323170560,Time to First Output Token,ms,p50,14748.31
161,1780554558323170560,1780554559323170560,Time to First Output Token,ms,p75,14748.31
161,1780554558323170560,1780554559323170560,Time to First Output Token,ms,p90,14748.31
161,1780554558323170560,1780554559323170560,Time to First Output Token,ms,p95,14748.31
161,1780554558323170560,1780554559323170560,Time to First Output Token,ms,p99,14748.31
161,1780554558323170560,1780554559323170560,Time to First Output Token,ms,std,0.00
161,1780554558323170560,1780554559323170560,Time to First Token,ms,avg,14748.31
161,1780554558323170560,1780554559323170560,Time to First Token,ms,min,14748.31
161,1780554558323170560,1780554559323170560,Time to First Token,ms,max,14748.31
161,1780554558323170560,1780554559323170560,Time to First Token,ms,sum,14748.31
161,1780554558323170560,1780554559323170560,Time to First Token,ms,p1,14748.31
161,1780554558323170560,1780554559323170560,Time to First Token,ms,p5,14748.31
161,1780554558323170560,1780554559323170560,Time to First Token,ms,p10,14748.31
161,1780554558323170560,1780554559323170560,Time to First Token,ms,p25,14748.31
161,1780554558323170560,1780554559323170560,Time to First Token,ms,p50,14748.31
161,1780554558323170560,1780554559323170560,Time to First Token,ms,p75,14748.31
161,1780554558323170560,1780554559323170560,Time to First Token,ms,p90,14748.31
161,1780554558323170560,1780554559323170560,Time to First Token,ms,p95,14748.31
161,1780554558323170560,1780554559323170560,Time to First Token,ms,p99,14748.31
161,1780554558323170560,1780554559323170560,Time to First Token,ms,std,0.00
161,1780554558323170560,1780554559323170560,Time to Second Token,ms,avg,26.04
161,1780554558323170560,1780554559323170560,Time to Second Token,ms,min,26.04
161,1780554558323170560,1780554559323170560,Time to Second Token,ms,max,26.04
161,1780554558323170560,1780554559323170560,Time to Second Token,ms,sum,26.04
161,1780554558323170560,1780554559323170560,Time to Second Token,ms,p1,26.04
161,1780554558323170560,1780554559323170560,Time to Second Token,ms,p5,26.04
161,1780554558323170560,1780554559323170560,Time to Second Token,ms,p10,26.04
161,1780554558323170560,1780554559323170560,Time to Second Token,ms,p25,26.04
161,1780554558323170560,1780554559323170560,Time to Second Token,ms,p50,26.04
161,1780554558323170560,1780554559323170560,Time to Second Token,ms,p75,26.04
161,1780554558323170560,1780554559323170560,Time to Second Token,ms,p90,26.04
161,1780554558323170560,1780554559323170560,Time to Second Token,ms,p95,26.04
161,1780554558323170560,1780554559323170560,Time to Second Token,ms,p99,26.04
161,1780554558323170560,1780554559323170560,Time to Second Token,ms,std,0.00
161,1780554558323170560,1780554559323170560,Tokens In Flight,tokens,avg,1068375.54
161,1780554558323170560,1780554559323170560,Tokens In Flight,tokens,min,1054080.90
161,1780554558323170560,1780554559323170560,Tokens In Flight,tokens,max,1097481.61
161,1780554558323170560,1780554559323170560,Tokens In Flight,tokens,p50,1054104.65
161,1780554558323170560,1780554559323170560,Tokens In Flight,tokens,p90,1097474.90
161,1780554558323170560,1780554559323170560,Tokens In Flight,tokens,p95,1097479.61
161,1780554558323170560,1780554559323170560,Tokens In Flight,tokens,p99,1097481.61
161,1780554558323170560,1780554559323170560,Tokens In Flight,tokens,std,20383.44
161,1780554558323170560,1780554559323170560,Total Input Sequence Length,tokens,avg,43352.00
161,1780554558323170560,1780554559323170560,Total Output Sequence Length,tokens,avg,698.00
161,1780554558323170560,1780554559323170560,Total Output Tokens,tokens,avg,698.00
161,1780554558323170560,1780554559323170560,Total Token Throughput,tokens/sec,avg,44050.00
161,1780554558323170560,1780554559323170560,Total Usage Completion Tokens,tokens,avg,698.00
161,1780554558323170560,1780554559323170560,Total Usage Prompt Tokens,tokens,avg,43352.00
161,1780554558323170560,1780554559323170560,Total Usage Total Tokens,tokens,avg,44050.00
161,1780554558323170560,1780554559323170560,Usage Completion Tokens,tokens,avg,698.00
161,1780554558323170560,1780554559323170560,Usage Completion Tokens,tokens,min,698.00
161,1780554558323170560,1780554559323170560,Usage Completion Tokens,tokens,max,698.00
161,1780554558323170560,1780554559323170560,Usage Completion Tokens,tokens,sum,698.00
161,1780554558323170560,1780554559323170560,Usage Completion Tokens,tokens,p1,698.00
161,1780554558323170560,1780554559323170560,Usage Completion Tokens,tokens,p5,698.00
161,1780554558323170560,1780554559323170560,Usage Completion Tokens,tokens,p10,698.00
161,1780554558323170560,1780554559323170560,Usage Completion Tokens,tokens,p25,698.00
161,1780554558323170560,1780554559323170560,Usage Completion Tokens,tokens,p50,698.00
161,1780554558323170560,1780554559323170560,Usage Completion Tokens,tokens,p75,698.00
161,1780554558323170560,1780554559323170560,Usage Completion Tokens,tokens,p90,698.00
161,1780554558323170560,1780554559323170560,Usage Completion Tokens,tokens,p95,698.00
161,1780554558323170560,1780554559323170560,Usage Completion Tokens,tokens,p99,698.00
161,1780554558323170560,1780554559323170560,Usage Completion Tokens,tokens,std,0.00
161,1780554558323170560,1780554559323170560,Usage Prompt Tokens,tokens,avg,43352.00
161,1780554558323170560,1780554559323170560,Usage Prompt Tokens,tokens,min,43352.00
161,1780554558323170560,1780554559323170560,Usage Prompt Tokens,tokens,max,43352.00
161,1780554558323170560,1780554559323170560,Usage Prompt Tokens,tokens,sum,43352.00
161,1780554558323170560,1780554559323170560,Usage Prompt Tokens,tokens,p1,43352.00
161,1780554558323170560,1780554559323170560,Usage Prompt Tokens,tokens,p5,43352.00
161,1780554558323170560,1780554559323170560,Usage Prompt Tokens,tokens,p10,43352.00
161,1780554558323170560,1780554559323170560,Usage Prompt Tokens,tokens,p25,43352.00
161,1780554558323170560,1780554559323170560,Usage Prompt Tokens,tokens,p50,43352.00
161,1780554558323170560,1780554559323170560,Usage Prompt Tokens,tokens,p75,43352.00
161,1780554558323170560,1780554559323170560,Usage Prompt Tokens,tokens,p90,43352.00
161,1780554558323170560,1780554559323170560,Usage Prompt Tokens,tokens,p95,43352.00
161,1780554558323170560,1780554559323170560,Usage Prompt Tokens,tokens,p99,43352.00
161,1780554558323170560,1780554559323170560,Usage Prompt Tokens,tokens,std,0.00
161,1780554558323170560,1780554559323170560,Usage Total Tokens,tokens,avg,44050.00
161,1780554558323170560,1780554559323170560,Usage Total Tokens,tokens,min,44050.00
161,1780554558323170560,1780554559323170560,Usage Total Tokens,tokens,max,44050.00
161,1780554558323170560,1780554559323170560,Usage Total Tokens,tokens,sum,44050.00
161,1780554558323170560,1780554559323170560,Usage Total Tokens,tokens,p1,44050.00
161,1780554558323170560,1780554559323170560,Usage Total Tokens,tokens,p5,44050.00
161,1780554558323170560,1780554559323170560,Usage Total Tokens,tokens,p10,44050.00
161,1780554558323170560,1780554559323170560,Usage Total Tokens,tokens,p25,44050.00
161,1780554558323170560,1780554559323170560,Usage Total Tokens,tokens,p50,44050.00
161,1780554558323170560,1780554559323170560,Usage Total Tokens,tokens,p75,44050.00
161,1780554558323170560,1780554559323170560,Usage Total Tokens,tokens,p90,44050.00
161,1780554558323170560,1780554559323170560,Usage Total Tokens,tokens,p95,44050.00
161,1780554558323170560,1780554559323170560,Usage Total Tokens,tokens,p99,44050.00
161,1780554558323170560,1780554559323170560,Usage Total Tokens,tokens,std,0.00
162,1780554562323170560,1780554563323170560,Active Decode Throughput,tokens/sec,avg,78.52
162,1780554562323170560,1780554563323170560,Active Decode Throughput,tokens/sec,min,69.79
162,1780554562323170560,1780554563323170560,Active Decode Throughput,tokens/sec,max,89.01
162,1780554562323170560,1780554563323170560,Active Decode Throughput,tokens/sec,p50,78.03
162,1780554562323170560,1780554563323170560,Active Decode Throughput,tokens/sec,p90,80.77
162,1780554562323170560,1780554563323170560,Active Decode Throughput,tokens/sec,p95,80.77
162,1780554562323170560,1780554563323170560,Active Decode Throughput,tokens/sec,p99,80.77
162,1780554562323170560,1780554563323170560,Active Decode Throughput,tokens/sec,std,1.05
162,1780554562323170560,1780554563323170560,Active Decode Throughput Per User,tokens/sec/user,avg,8.72
162,1780554562323170560,1780554563323170560,Active Decode Throughput Per User,tokens/sec/user,min,7.75
162,1780554562323170560,1780554563323170560,Active Decode Throughput Per User,tokens/sec/user,max,9.89
162,1780554562323170560,1780554563323170560,Active Decode Throughput Per User,tokens/sec/user,p50,8.67
162,1780554562323170560,1780554563323170560,Active Decode Throughput Per User,tokens/sec/user,p90,8.97
162,1780554562323170560,1780554563323170560,Active Decode Throughput Per User,tokens/sec/user,p95,8.97
162,1780554562323170560,1780554563323170560,Active Decode Throughput Per User,tokens/sec/user,p99,8.97
162,1780554562323170560,1780554563323170560,Active Decode Throughput Per User,tokens/sec/user,std,0.12
162,1780554562323170560,1780554563323170560,Active Prefill Throughput,tokens/sec,avg,11929.70
162,1780554562323170560,1780554563323170560,Active Prefill Throughput,tokens/sec,min,7770.45
162,1780554562323170560,1780554563323170560,Active Prefill Throughput,tokens/sec,max,12819.00
162,1780554562323170560,1780554563323170560,Active Prefill Throughput,tokens/sec,p50,12819.00
162,1780554562323170560,1780554563323170560,Active Prefill Throughput,tokens/sec,p90,12819.00
162,1780554562323170560,1780554563323170560,Active Prefill Throughput,tokens/sec,p95,12819.00
162,1780554562323170560,1780554563323170560,Active Prefill Throughput,tokens/sec,p99,12819.00
162,1780554562323170560,1780554563323170560,Active Prefill Throughput,tokens/sec,std,1913.65
162,1780554562323170560,1780554563323170560,Active Prefill Throughput Per User,tokens/sec/user,avg,4003.66
162,1780554562323170560,1780554563323170560,Active Prefill Throughput Per User,tokens/sec/user,min,2605.78
162,1780554562323170560,1780554563323170560,Active Prefill Throughput Per User,tokens/sec/user,max,4273.00
162,1780554562323170560,1780554563323170560,Active Prefill Throughput Per User,tokens/sec/user,p50,4273.00
162,1780554562323170560,1780554563323170560,Active Prefill Throughput Per User,tokens/sec/user,p90,4273.00
162,1780554562323170560,1780554563323170560,Active Prefill Throughput Per User,tokens/sec/user,p95,4273.00
162,1780554562323170560,1780554563323170560,Active Prefill Throughput Per User,tokens/sec/user,p99,4273.00
162,1780554562323170560,1780554563323170560,Active Prefill Throughput Per User,tokens/sec/user,std,605.08
162,1780554562323170560,1780554563323170560,Active Total Throughput,tokens/sec,avg,12013.50
162,1780554562323170560,1780554563323170560,Active Total Throughput,tokens/sec,min,7860.32
162,1780554562323170560,1780554563323170560,Active Total Throughput,tokens/sec,max,12901.49
162,1780554562323170560,1780554563323170560,Active Total Throughput,tokens/sec,p50,12901.49
162,1780554562323170560,1780554563323170560,Active Total Throughput,tokens/sec,p90,12901.49
162,1780554562323170560,1780554563323170560,Active Total Throughput,tokens/sec,p95,12901.49
162,1780554562323170560,1780554563323170560,Active Total Throughput,tokens/sec,p99,12901.49
162,1780554562323170560,1780554563323170560,Active Total Throughput,tokens/sec,std,1910.83
162,1780554562323170560,1780554563323170560,Benchmark Duration,sec,avg,11.40
162,1780554562323170560,1780554563323170560,Credit Drop Latency,ms,avg,18.99
162,1780554562323170560,1780554563323170560,Credit Drop Latency,ms,min,18.99
162,1780554562323170560,1780554563323170560,Credit Drop Latency,ms,max,18.99
162,1780554562323170560,1780554563323170560,Credit Drop Latency,ms,sum,18.99
162,1780554562323170560,1780554563323170560,Credit Drop Latency,ms,p1,18.99
162,1780554562323170560,1780554563323170560,Credit Drop Latency,ms,p5,18.99
162,1780554562323170560,1780554563323170560,Credit Drop Latency,ms,p10,18.99
162,1780554562323170560,1780554563323170560,Credit Drop Latency,ms,p25,18.99
162,1780554562323170560,1780554563323170560,Credit Drop Latency,ms,p50,18.99
162,1780554562323170560,1780554563323170560,Credit Drop Latency,ms,p75,18.99
162,1780554562323170560,1780554563323170560,Credit Drop Latency,ms,p90,18.99
162,1780554562323170560,1780554563323170560,Credit Drop Latency,ms,p95,18.99
162,1780554562323170560,1780554563323170560,Credit Drop Latency,ms,p99,18.99
162,1780554562323170560,1780554563323170560,Credit Drop Latency,ms,std,0.00
162,1780554562323170560,1780554563323170560,E2E Output Token Throughput,tokens/sec/user,avg,1.23
162,1780554562323170560,1780554563323170560,E2E Output Token Throughput,tokens/sec/user,min,1.23
162,1780554562323170560,1780554563323170560,E2E Output Token Throughput,tokens/sec/user,max,1.23
162,1780554562323170560,1780554563323170560,E2E Output Token Throughput,tokens/sec/user,sum,1.23
162,1780554562323170560,1780554563323170560,E2E Output Token Throughput,tokens/sec/user,p1,1.23
162,1780554562323170560,1780554563323170560,E2E Output Token Throughput,tokens/sec/user,p5,1.23
162,1780554562323170560,1780554563323170560,E2E Output Token Throughput,tokens/sec/user,p10,1.23
162,1780554562323170560,1780554563323170560,E2E Output Token Throughput,tokens/sec/user,p25,1.23
162,1780554562323170560,1780554563323170560,E2E Output Token Throughput,tokens/sec/user,p50,1.23
162,1780554562323170560,1780554563323170560,E2E Output Token Throughput,tokens/sec/user,p75,1.23
162,1780554562323170560,1780554563323170560,E2E Output Token Throughput,tokens/sec/user,p90,1.23
162,1780554562323170560,1780554563323170560,E2E Output Token Throughput,tokens/sec/user,p95,1.23
162,1780554562323170560,1780554563323170560,E2E Output Token Throughput,tokens/sec/user,p99,1.23
162,1780554562323170560,1780554563323170560,E2E Output Token Throughput,tokens/sec/user,std,0.00
162,1780554562323170560,1780554563323170560,Effective Concurrency,requests,avg,11.98
162,1780554562323170560,1780554563323170560,Effective Concurrency,requests,min,11.00
162,1780554562323170560,1780554563323170560,Effective Concurrency,requests,max,12.00
162,1780554562323170560,1780554563323170560,Effective Concurrency,requests,p50,12.00
162,1780554562323170560,1780554563323170560,Effective Concurrency,requests,p90,12.00
162,1780554562323170560,1780554563323170560,Effective Concurrency,requests,p95,12.00
162,1780554562323170560,1780554563323170560,Effective Concurrency,requests,p99,12.00
162,1780554562323170560,1780554563323170560,Effective Concurrency,requests,std,0.14
162,1780554562323170560,1780554563323170560,Effective Decode Concurrency,requests,avg,9.00
162,1780554562323170560,1780554563323170560,Effective Decode Concurrency,requests,min,9.00
162,1780554562323170560,1780554563323170560,Effective Decode Concurrency,requests,max,10.00
162,1780554562323170560,1780554563323170560,Effective Decode Concurrency,requests,p50,9.00
162,1780554562323170560,1780554563323170560,Effective Decode Concurrency,requests,p90,9.00
162,1780554562323170560,1780554563323170560,Effective Decode Concurrency,requests,p95,9.00
162,1780554562323170560,1780554563323170560,Effective Decode Concurrency,requests,p99,9.00
162,1780554562323170560,1780554563323170560,Effective Decode Concurrency,requests,std,0.01
162,1780554562323170560,1780554563323170560,Effective Decode Throughput,tokens/sec,avg,78.52
162,1780554562323170560,1780554563323170560,Effective Decode Throughput,tokens/sec,min,69.79
162,1780554562323170560,1780554563323170560,Effective Decode Throughput,tokens/sec,max,89.01
162,1780554562323170560,1780554563323170560,Effective Decode Throughput,tokens/sec,p50,78.03
162,1780554562323170560,1780554563323170560,Effective Decode Throughput,tokens/sec,p90,80.77
162,1780554562323170560,1780554563323170560,Effective Decode Throughput,tokens/sec,p95,80.77
162,1780554562323170560,1780554563323170560,Effective Decode Throughput,tokens/sec,p99,80.77
162,1780554562323170560,1780554563323170560,Effective Decode Throughput,tokens/sec,std,1.05
162,1780554562323170560,1780554563323170560,Effective Decode Throughput Per User,tokens/sec/user,avg,8.72
162,1780554562323170560,1780554563323170560,Effective Decode Throughput Per User,tokens/sec/user,min,7.75
162,1780554562323170560,1780554563323170560,Effective Decode Throughput Per User,tokens/sec/user,max,9.89
162,1780554562323170560,1780554563323170560,Effective Decode Throughput Per User,tokens/sec/user,p50,8.67
162,1780554562323170560,1780554563323170560,Effective Decode Throughput Per User,tokens/sec/user,p90,8.97
162,1780554562323170560,1780554563323170560,Effective Decode Throughput Per User,tokens/sec/user,p95,8.97
162,1780554562323170560,1780554563323170560,Effective Decode Throughput Per User,tokens/sec/user,p99,8.97
162,1780554562323170560,1780554563323170560,Effective Decode Throughput Per User,tokens/sec/user,std,0.12
162,1780554562323170560,1780554563323170560,Effective Prefill Concurrency,requests,avg,2.98
162,1780554562323170560,1780554563323170560,Effective Prefill Concurrency,requests,min,2.00
162,1780554562323170560,1780554563323170560,Effective Prefill Concurrency,requests,max,3.00
162,1780554562323170560,1780554563323170560,Effective Prefill Concurrency,requests,p50,3.00
162,1780554562323170560,1780554563323170560,Effective Prefill Concurrency,requests,p90,3.00
162,1780554562323170560,1780554563323170560,Effective Prefill Concurrency,requests,p95,3.00
162,1780554562323170560,1780554563323170560,Effective Prefill Concurrency,requests,p99,3.00
162,1780554562323170560,1780554563323170560,Effective Prefill Concurrency,requests,std,0.14
162,1780554562323170560,1780554563323170560,Effective Prefill Throughput,tokens/sec,avg,11929.70
162,1780554562323170560,1780554563323170560,Effective Prefill Throughput,tokens/sec,min,7770.45
162,1780554562323170560,1780554563323170560,Effective Prefill Throughput,tokens/sec,max,12819.00
162,1780554562323170560,1780554563323170560,Effective Prefill Throughput,tokens/sec,p50,12819.00
162,1780554562323170560,1780554563323170560,Effective Prefill Throughput,tokens/sec,p90,12819.00
162,1780554562323170560,1780554563323170560,Effective Prefill Throughput,tokens/sec,p95,12819.00
162,1780554562323170560,1780554563323170560,Effective Prefill Throughput,tokens/sec,p99,12819.00
162,1780554562323170560,1780554563323170560,Effective Prefill Throughput,tokens/sec,std,1913.65
162,1780554562323170560,1780554563323170560,Effective Prefill Throughput Per User,tokens/sec/user,avg,4003.66
162,1780554562323170560,1780554563323170560,Effective Prefill Throughput Per User,tokens/sec/user,min,2605.78
162,1780554562323170560,1780554563323170560,Effective Prefill Throughput Per User,tokens/sec/user,max,4273.00
162,1780554562323170560,1780554563323170560,Effective Prefill Throughput Per User,tokens/sec/user,p50,4273.00
162,1780554562323170560,1780554563323170560,Effective Prefill Throughput Per User,tokens/sec/user,p90,4273.00
162,1780554562323170560,1780554563323170560,Effective Prefill Throughput Per User,tokens/sec/user,p95,4273.00
162,1780554562323170560,1780554563323170560,Effective Prefill Throughput Per User,tokens/sec/user,p99,4273.00
162,1780554562323170560,1780554563323170560,Effective Prefill Throughput Per User,tokens/sec/user,std,605.08
162,1780554562323170560,1780554563323170560,Effective Total Throughput,tokens/sec,avg,12013.50
162,1780554562323170560,1780554563323170560,Effective Total Throughput,tokens/sec,min,7860.32
162,1780554562323170560,1780554563323170560,Effective Total Throughput,tokens/sec,max,12901.49
162,1780554562323170560,1780554563323170560,Effective Total Throughput,tokens/sec,p50,12901.49
162,1780554562323170560,1780554563323170560,Effective Total Throughput,tokens/sec,p90,12901.49
162,1780554562323170560,1780554563323170560,Effective Total Throughput,tokens/sec,p95,12901.49
162,1780554562323170560,1780554563323170560,Effective Total Throughput,tokens/sec,p99,12901.49
162,1780554562323170560,1780554563323170560,Effective Total Throughput,tokens/sec,std,1910.83
162,1780554562323170560,1780554563323170560,HTTP Blocked,ms,avg,0.00
162,1780554562323170560,1780554563323170560,HTTP Blocked,ms,min,0.00
162,1780554562323170560,1780554563323170560,HTTP Blocked,ms,max,0.00
162,1780554562323170560,1780554563323170560,HTTP Blocked,ms,sum,0.00
162,1780554562323170560,1780554563323170560,HTTP Blocked,ms,p1,0.00
162,1780554562323170560,1780554563323170560,HTTP Blocked,ms,p5,0.00
162,1780554562323170560,1780554563323170560,HTTP Blocked,ms,p10,0.00
162,1780554562323170560,1780554563323170560,HTTP Blocked,ms,p25,0.00
162,1780554562323170560,1780554563323170560,HTTP Blocked,ms,p50,0.00
162,1780554562323170560,1780554563323170560,HTTP Blocked,ms,p75,0.00
162,1780554562323170560,1780554563323170560,HTTP Blocked,ms,p90,0.00
162,1780554562323170560,1780554563323170560,HTTP Blocked,ms,p95,0.00
162,1780554562323170560,1780554563323170560,HTTP Blocked,ms,p99,0.00
162,1780554562323170560,1780554563323170560,HTTP Blocked,ms,std,0.00
162,1780554562323170560,1780554563323170560,HTTP Chunks Received,count,avg,14.00
162,1780554562323170560,1780554563323170560,HTTP Chunks Received,count,min,14.00
162,1780554562323170560,1780554563323170560,HTTP Chunks Received,count,max,14.00
162,1780554562323170560,1780554563323170560,HTTP Chunks Received,count,sum,14.00
162,1780554562323170560,1780554563323170560,HTTP Chunks Received,count,p1,14.00
162,1780554562323170560,1780554563323170560,HTTP Chunks Received,count,p5,14.00
162,1780554562323170560,1780554563323170560,HTTP Chunks Received,count,p10,14.00
162,1780554562323170560,1780554563323170560,HTTP Chunks Received,count,p25,14.00
162,1780554562323170560,1780554563323170560,HTTP Chunks Received,count,p50,14.00
162,1780554562323170560,1780554563323170560,HTTP Chunks Received,count,p75,14.00
162,1780554562323170560,1780554563323170560,HTTP Chunks Received,count,p90,14.00
162,1780554562323170560,1780554563323170560,HTTP Chunks Received,count,p95,14.00
162,1780554562323170560,1780554563323170560,HTTP Chunks Received,count,p99,14.00
162,1780554562323170560,1780554563323170560,HTTP Chunks Received,count,std,0.00
162,1780554562323170560,1780554563323170560,HTTP Chunks Sent,count,avg,1.00
162,1780554562323170560,1780554563323170560,HTTP Chunks Sent,count,min,1.00
162,1780554562323170560,1780554563323170560,HTTP Chunks Sent,count,max,1.00
162,1780554562323170560,1780554563323170560,HTTP Chunks Sent,count,sum,1.00
162,1780554562323170560,1780554563323170560,HTTP Chunks Sent,count,p1,1.00
162,1780554562323170560,1780554563323170560,HTTP Chunks Sent,count,p5,1.00
162,1780554562323170560,1780554563323170560,HTTP Chunks Sent,count,p10,1.00
162,1780554562323170560,1780554563323170560,HTTP Chunks Sent,count,p25,1.00
162,1780554562323170560,1780554563323170560,HTTP Chunks Sent,count,p50,1.00
162,1780554562323170560,1780554563323170560,HTTP Chunks Sent,count,p75,1.00
162,1780554562323170560,1780554563323170560,HTTP Chunks Sent,count,p90,1.00
162,1780554562323170560,1780554563323170560,HTTP Chunks Sent,count,p95,1.00
162,1780554562323170560,1780554563323170560,HTTP Chunks Sent,count,p99,1.00
162,1780554562323170560,1780554563323170560,HTTP Chunks Sent,count,std,0.00
162,1780554562323170560,1780554563323170560,HTTP Connecting,ms,avg,0.00
162,1780554562323170560,1780554563323170560,HTTP Connecting,ms,min,0.00
162,1780554562323170560,1780554563323170560,HTTP Connecting,ms,max,0.00
162,1780554562323170560,1780554563323170560,HTTP Connecting,ms,sum,0.00
162,1780554562323170560,1780554563323170560,HTTP Connecting,ms,p1,0.00
162,1780554562323170560,1780554563323170560,HTTP Connecting,ms,p5,0.00
162,1780554562323170560,1780554563323170560,HTTP Connecting,ms,p10,0.00
162,1780554562323170560,1780554563323170560,HTTP Connecting,ms,p25,0.00
162,1780554562323170560,1780554563323170560,HTTP Connecting,ms,p50,0.00
162,1780554562323170560,1780554563323170560,HTTP Connecting,ms,p75,0.00
162,1780554562323170560,1780554563323170560,HTTP Connecting,ms,p90,0.00
162,1780554562323170560,1780554563323170560,HTTP Connecting,ms,p95,0.00
162,1780554562323170560,1780554563323170560,HTTP Connecting,ms,p99,0.00
162,1780554562323170560,1780554563323170560,HTTP Connecting,ms,std,0.00
162,1780554562323170560,1780554563323170560,HTTP Connection Overhead,ms,avg,0.00
162,1780554562323170560,1780554563323170560,HTTP Connection Overhead,ms,min,0.00
162,1780554562323170560,1780554563323170560,HTTP Connection Overhead,ms,max,0.00
162,1780554562323170560,1780554563323170560,HTTP Connection Overhead,ms,sum,0.00
162,1780554562323170560,1780554563323170560,HTTP Connection Overhead,ms,p1,0.00
162,1780554562323170560,1780554563323170560,HTTP Connection Overhead,ms,p5,0.00
162,1780554562323170560,1780554563323170560,HTTP Connection Overhead,ms,p10,0.00
162,1780554562323170560,1780554563323170560,HTTP Connection Overhead,ms,p25,0.00
162,1780554562323170560,1780554563323170560,HTTP Connection Overhead,ms,p50,0.00
162,1780554562323170560,1780554563323170560,HTTP Connection Overhead,ms,p75,0.00
162,1780554562323170560,1780554563323170560,HTTP Connection Overhead,ms,p90,0.00
162,1780554562323170560,1780554563323170560,HTTP Connection Overhead,ms,p95,0.00
162,1780554562323170560,1780554563323170560,HTTP Connection Overhead,ms,p99,0.00
162,1780554562323170560,1780554563323170560,HTTP Connection Overhead,ms,std,0.00
162,1780554562323170560,1780554563323170560,HTTP Connection Reused,ratio,avg,1.00
162,1780554562323170560,1780554563323170560,HTTP Connection Reused,ratio,min,1.00
162,1780554562323170560,1780554563323170560,HTTP Connection Reused,ratio,max,1.00
162,1780554562323170560,1780554563323170560,HTTP Connection Reused,ratio,sum,1.00
162,1780554562323170560,1780554563323170560,HTTP Connection Reused,ratio,p1,1.00
162,1780554562323170560,1780554563323170560,HTTP Connection Reused,ratio,p5,1.00
162,1780554562323170560,1780554563323170560,HTTP Connection Reused,ratio,p10,1.00
162,1780554562323170560,1780554563323170560,HTTP Connection Reused,ratio,p25,1.00
162,1780554562323170560,1780554563323170560,HTTP Connection Reused,ratio,p50,1.00
162,1780554562323170560,1780554563323170560,HTTP Connection Reused,ratio,p75,1.00
162,1780554562323170560,1780554563323170560,HTTP Connection Reused,ratio,p90,1.00
162,1780554562323170560,1780554563323170560,HTTP Connection Reused,ratio,p95,1.00
162,1780554562323170560,1780554563323170560,HTTP Connection Reused,ratio,p99,1.00
162,1780554562323170560,1780554563323170560,HTTP Connection Reused,ratio,std,0.00
162,1780554562323170560,1780554563323170560,HTTP Data Received,KB,avg,4.09
162,1780554562323170560,1780554563323170560,HTTP Data Received,KB,min,4.09
162,1780554562323170560,1780554563323170560,HTTP Data Received,KB,max,4.09
162,1780554562323170560,1780554563323170560,HTTP Data Received,KB,sum,4.09
162,1780554562323170560,1780554563323170560,HTTP Data Received,KB,p1,4.09
162,1780554562323170560,1780554563323170560,HTTP Data Received,KB,p5,4.09
162,1780554562323170560,1780554563323170560,HTTP Data Received,KB,p10,4.09
162,1780554562323170560,1780554563323170560,HTTP Data Received,KB,p25,4.09
162,1780554562323170560,1780554563323170560,HTTP Data Received,KB,p50,4.09
162,1780554562323170560,1780554563323170560,HTTP Data Received,KB,p75,4.09
162,1780554562323170560,1780554563323170560,HTTP Data Received,KB,p90,4.09
162,1780554562323170560,1780554563323170560,HTTP Data Received,KB,p95,4.09
162,1780554562323170560,1780554563323170560,HTTP Data Received,KB,p99,4.09
162,1780554562323170560,1780554563323170560,HTTP Data Received,KB,std,0.00
162,1780554562323170560,1780554563323170560,HTTP Data Sent,KB,avg,1.82
162,1780554562323170560,1780554563323170560,HTTP Data Sent,KB,min,1.82
162,1780554562323170560,1780554563323170560,HTTP Data Sent,KB,max,1.82
162,1780554562323170560,1780554563323170560,HTTP Data Sent,KB,sum,1.82
162,1780554562323170560,1780554563323170560,HTTP Data Sent,KB,p1,1.82
162,1780554562323170560,1780554563323170560,HTTP Data Sent,KB,p5,1.82
162,1780554562323170560,1780554563323170560,HTTP Data Sent,KB,p10,1.82
162,1780554562323170560,1780554563323170560,HTTP Data Sent,KB,p25,1.82
162,1780554562323170560,1780554563323170560,HTTP Data Sent,KB,p50,1.82
162,1780554562323170560,1780554563323170560,HTTP Data Sent,KB,p75,1.82
162,1780554562323170560,1780554563323170560,HTTP Data Sent,KB,p90,1.82
162,1780554562323170560,1780554563323170560,HTTP Data Sent,KB,p95,1.82
162,1780554562323170560,1780554563323170560,HTTP Data Sent,KB,p99,1.82
162,1780554562323170560,1780554563323170560,HTTP Data Sent,KB,std,0.00
162,1780554562323170560,1780554563323170560,HTTP DNS Lookup,ms,avg,0.00
162,1780554562323170560,1780554563323170560,HTTP DNS Lookup,ms,min,0.00
162,1780554562323170560,1780554563323170560,HTTP DNS Lookup,ms,max,0.00
162,1780554562323170560,1780554563323170560,HTTP DNS Lookup,ms,sum,0.00
162,1780554562323170560,1780554563323170560,HTTP DNS Lookup,ms,p1,0.00
162,1780554562323170560,1780554563323170560,HTTP DNS Lookup,ms,p5,0.00
162,1780554562323170560,1780554563323170560,HTTP DNS Lookup,ms,p10,0.00
162,1780554562323170560,1780554563323170560,HTTP DNS Lookup,ms,p25,0.00
162,1780554562323170560,1780554563323170560,HTTP DNS Lookup,ms,p50,0.00
162,1780554562323170560,1780554563323170560,HTTP DNS Lookup,ms,p75,0.00
162,1780554562323170560,1780554563323170560,HTTP DNS Lookup,ms,p90,0.00
162,1780554562323170560,1780554563323170560,HTTP DNS Lookup,ms,p95,0.00
162,1780554562323170560,1780554563323170560,HTTP DNS Lookup,ms,p99,0.00
162,1780554562323170560,1780554563323170560,HTTP DNS Lookup,ms,std,0.00
162,1780554562323170560,1780554563323170560,HTTP Duration (excl. conn),ms,avg,11404.48
162,1780554562323170560,1780554563323170560,HTTP Duration (excl. conn),ms,min,11404.48
162,1780554562323170560,1780554563323170560,HTTP Duration (excl. conn),ms,max,11404.48
162,1780554562323170560,1780554563323170560,HTTP Duration (excl. conn),ms,sum,11404.48
162,1780554562323170560,1780554563323170560,HTTP Duration (excl. conn),ms,p1,11404.48
162,1780554562323170560,1780554563323170560,HTTP Duration (excl. conn),ms,p5,11404.48
162,1780554562323170560,1780554563323170560,HTTP Duration (excl. conn),ms,p10,11404.48
162,1780554562323170560,1780554563323170560,HTTP Duration (excl. conn),ms,p25,11404.48
162,1780554562323170560,1780554563323170560,HTTP Duration (excl. conn),ms,p50,11404.48
162,1780554562323170560,1780554563323170560,HTTP Duration (excl. conn),ms,p75,11404.48
162,1780554562323170560,1780554563323170560,HTTP Duration (excl. conn),ms,p90,11404.48
162,1780554562323170560,1780554563323170560,HTTP Duration (excl. conn),ms,p95,11404.48
162,1780554562323170560,1780554563323170560,HTTP Duration (excl. conn),ms,p99,11404.48
162,1780554562323170560,1780554563323170560,HTTP Duration (excl. conn),ms,std,0.00
162,1780554562323170560,1780554563323170560,HTTP Receiving,ms,avg,828.63
162,1780554562323170560,1780554563323170560,HTTP Receiving,ms,min,828.63
162,1780554562323170560,1780554563323170560,HTTP Receiving,ms,max,828.63
162,1780554562323170560,1780554563323170560,HTTP Receiving,ms,sum,828.63
162,1780554562323170560,1780554563323170560,HTTP Receiving,ms,p1,828.63
162,1780554562323170560,1780554563323170560,HTTP Receiving,ms,p5,828.63
162,1780554562323170560,1780554563323170560,HTTP Receiving,ms,p10,828.63
162,1780554562323170560,1780554563323170560,HTTP Receiving,ms,p25,828.63
162,1780554562323170560,1780554563323170560,HTTP Receiving,ms,p50,828.63
162,1780554562323170560,1780554563323170560,HTTP Receiving,ms,p75,828.63
162,1780554562323170560,1780554563323170560,HTTP Receiving,ms,p90,828.63
162,1780554562323170560,1780554563323170560,HTTP Receiving,ms,p95,828.63
162,1780554562323170560,1780554563323170560,HTTP Receiving,ms,p99,828.63
162,1780554562323170560,1780554563323170560,HTTP Receiving,ms,std,0.00
162,1780554562323170560,1780554563323170560,HTTP Sending,ms,avg,0.24
162,1780554562323170560,1780554563323170560,HTTP Sending,ms,min,0.24
162,1780554562323170560,1780554563323170560,HTTP Sending,ms,max,0.24
162,1780554562323170560,1780554563323170560,HTTP Sending,ms,sum,0.24
162,1780554562323170560,1780554563323170560,HTTP Sending,ms,p1,0.24
162,1780554562323170560,1780554563323170560,HTTP Sending,ms,p5,0.24
162,1780554562323170560,1780554563323170560,HTTP Sending,ms,p10,0.24
162,1780554562323170560,1780554563323170560,HTTP Sending,ms,p25,0.24
162,1780554562323170560,1780554563323170560,HTTP Sending,ms,p50,0.24
162,1780554562323170560,1780554563323170560,HTTP Sending,ms,p75,0.24
162,1780554562323170560,1780554563323170560,HTTP Sending,ms,p90,0.24
162,1780554562323170560,1780554563323170560,HTTP Sending,ms,p95,0.24
162,1780554562323170560,1780554563323170560,HTTP Sending,ms,p99,0.24
162,1780554562323170560,1780554563323170560,HTTP Sending,ms,std,0.00
162,1780554562323170560,1780554563323170560,HTTP Total Time,ms,avg,11404.48
162,1780554562323170560,1780554563323170560,HTTP Total Time,ms,min,11404.48
162,1780554562323170560,1780554563323170560,HTTP Total Time,ms,max,11404.48
162,1780554562323170560,1780554563323170560,HTTP Total Time,ms,sum,11404.48
162,1780554562323170560,1780554563323170560,HTTP Total Time,ms,p1,11404.48
162,1780554562323170560,1780554563323170560,HTTP Total Time,ms,p5,11404.48
162,1780554562323170560,1780554563323170560,HTTP Total Time,ms,p10,11404.48
162,1780554562323170560,1780554563323170560,HTTP Total Time,ms,p25,11404.48
162,1780554562323170560,1780554563323170560,HTTP Total Time,ms,p50,11404.48
162,1780554562323170560,1780554563323170560,HTTP Total Time,ms,p75,11404.48
162,1780554562323170560,1780554563323170560,HTTP Total Time,ms,p90,11404.48
162,1780554562323170560,1780554563323170560,HTTP Total Time,ms,p95,11404.48
162,1780554562323170560,1780554563323170560,HTTP Total Time,ms,p99,11404.48
162,1780554562323170560,1780554563323170560,HTTP Total Time,ms,std,0.00
162,1780554562323170560,1780554563323170560,HTTP Waiting (TTFB),ms,avg,10575.61
162,1780554562323170560,1780554563323170560,HTTP Waiting (TTFB),ms,min,10575.61
162,1780554562323170560,1780554563323170560,HTTP Waiting (TTFB),ms,max,10575.61
162,1780554562323170560,1780554563323170560,HTTP Waiting (TTFB),ms,sum,10575.61
162,1780554562323170560,1780554563323170560,HTTP Waiting (TTFB),ms,p1,10575.61
162,1780554562323170560,1780554563323170560,HTTP Waiting (TTFB),ms,p5,10575.61
162,1780554562323170560,1780554563323170560,HTTP Waiting (TTFB),ms,p10,10575.61
162,1780554562323170560,1780554563323170560,HTTP Waiting (TTFB),ms,p25,10575.61
162,1780554562323170560,1780554563323170560,HTTP Waiting (TTFB),ms,p50,10575.61
162,1780554562323170560,1780554563323170560,HTTP Waiting (TTFB),ms,p75,10575.61
162,1780554562323170560,1780554563323170560,HTTP Waiting (TTFB),ms,p90,10575.61
162,1780554562323170560,1780554563323170560,HTTP Waiting (TTFB),ms,p95,10575.61
162,1780554562323170560,1780554563323170560,HTTP Waiting (TTFB),ms,p99,10575.61
162,1780554562323170560,1780554563323170560,HTTP Waiting (TTFB),ms,std,0.00
162,1780554562323170560,1780554563323170560,Input Sequence Length,tokens,avg,496.00
162,1780554562323170560,1780554563323170560,Input Sequence Length,tokens,min,496.00
162,1780554562323170560,1780554563323170560,Input Sequence Length,tokens,max,496.00
162,1780554562323170560,1780554563323170560,Input Sequence Length,tokens,sum,496.00
162,1780554562323170560,1780554563323170560,Input Sequence Length,tokens,p1,496.00
162,1780554562323170560,1780554563323170560,Input Sequence Length,tokens,p5,496.00
162,1780554562323170560,1780554563323170560,Input Sequence Length,tokens,p10,496.00
162,1780554562323170560,1780554563323170560,Input Sequence Length,tokens,p25,496.00
162,1780554562323170560,1780554563323170560,Input Sequence Length,tokens,p50,496.00
162,1780554562323170560,1780554563323170560,Input Sequence Length,tokens,p75,496.00
162,1780554562323170560,1780554563323170560,Input Sequence Length,tokens,p90,496.00
162,1780554562323170560,1780554563323170560,Input Sequence Length,tokens,p95,496.00
162,1780554562323170560,1780554563323170560,Input Sequence Length,tokens,p99,496.00
162,1780554562323170560,1780554563323170560,Input Sequence Length,tokens,std,0.00
162,1780554562323170560,1780554563323170560,Input Token Throughput,tokens/sec,avg,496.00
162,1780554562323170560,1780554563323170560,Inter Chunk Latency,ms,avg,135.23
162,1780554562323170560,1780554563323170560,Inter Chunk Latency,ms,min,135.23
162,1780554562323170560,1780554563323170560,Inter Chunk Latency,ms,max,135.23
162,1780554562323170560,1780554563323170560,Inter Chunk Latency,ms,sum,1757.99
162,1780554562323170560,1780554563323170560,Inter Chunk Latency,ms,p1,135.23
162,1780554562323170560,1780554563323170560,Inter Chunk Latency,ms,p5,135.23
162,1780554562323170560,1780554563323170560,Inter Chunk Latency,ms,p10,135.23
162,1780554562323170560,1780554563323170560,Inter Chunk Latency,ms,p25,135.23
162,1780554562323170560,1780554563323170560,Inter Chunk Latency,ms,p50,135.23
162,1780554562323170560,1780554563323170560,Inter Chunk Latency,ms,p75,135.23
162,1780554562323170560,1780554563323170560,Inter Chunk Latency,ms,p90,135.23
162,1780554562323170560,1780554563323170560,Inter Chunk Latency,ms,p95,135.23
162,1780554562323170560,1780554563323170560,Inter Chunk Latency,ms,p99,135.23
162,1780554562323170560,1780554563323170560,Inter Chunk Latency,ms,std,0.00
162,1780554562323170560,1780554563323170560,Inter Token Latency,ms,avg,63.74
162,1780554562323170560,1780554563323170560,Inter Token Latency,ms,min,63.74
162,1780554562323170560,1780554563323170560,Inter Token Latency,ms,max,63.74
162,1780554562323170560,1780554563323170560,Inter Token Latency,ms,sum,63.74
162,1780554562323170560,1780554563323170560,Inter Token Latency,ms,p1,63.74
162,1780554562323170560,1780554563323170560,Inter Token Latency,ms,p5,63.74
162,1780554562323170560,1780554563323170560,Inter Token Latency,ms,p10,63.74
162,1780554562323170560,1780554563323170560,Inter Token Latency,ms,p25,63.74
162,1780554562323170560,1780554563323170560,Inter Token Latency,ms,p50,63.74
162,1780554562323170560,1780554563323170560,Inter Token Latency,ms,p75,63.74
162,1780554562323170560,1780554563323170560,Inter Token Latency,ms,p90,63.74
162,1780554562323170560,1780554563323170560,Inter Token Latency,ms,p95,63.74
162,1780554562323170560,1780554563323170560,Inter Token Latency,ms,p99,63.74
162,1780554562323170560,1780554563323170560,Inter Token Latency,ms,std,0.00
162,1780554562323170560,1780554563323170560,Maximum Response Timestamp,ns,avg,1780554574571068416.00
162,1780554562323170560,1780554563323170560,Minimum Request Timestamp,ns,avg,1780554563166486528.00
162,1780554562323170560,1780554563323170560,OSL Mismatch Count,requests,avg,0.00
162,1780554562323170560,1780554563323170560,OSL Mismatch Diff %,%,avg,0.00
162,1780554562323170560,1780554563323170560,OSL Mismatch Diff %,%,min,0.00
162,1780554562323170560,1780554563323170560,OSL Mismatch Diff %,%,max,0.00
162,1780554562323170560,1780554563323170560,OSL Mismatch Diff %,%,sum,0.00
162,1780554562323170560,1780554563323170560,OSL Mismatch Diff %,%,p1,0.00
162,1780554562323170560,1780554563323170560,OSL Mismatch Diff %,%,p5,0.00
162,1780554562323170560,1780554563323170560,OSL Mismatch Diff %,%,p10,0.00
162,1780554562323170560,1780554563323170560,OSL Mismatch Diff %,%,p25,0.00
162,1780554562323170560,1780554563323170560,OSL Mismatch Diff %,%,p50,0.00
162,1780554562323170560,1780554563323170560,OSL Mismatch Diff %,%,p75,0.00
162,1780554562323170560,1780554563323170560,OSL Mismatch Diff %,%,p90,0.00
162,1780554562323170560,1780554563323170560,OSL Mismatch Diff %,%,p95,0.00
162,1780554562323170560,1780554563323170560,OSL Mismatch Diff %,%,p99,0.00
162,1780554562323170560,1780554563323170560,OSL Mismatch Diff %,%,std,0.00
162,1780554562323170560,1780554563323170560,Output Sequence Length,tokens,avg,14.00
162,1780554562323170560,1780554563323170560,Output Sequence Length,tokens,min,14.00
162,1780554562323170560,1780554563323170560,Output Sequence Length,tokens,max,14.00
162,1780554562323170560,1780554563323170560,Output Sequence Length,tokens,sum,14.00
162,1780554562323170560,1780554563323170560,Output Sequence Length,tokens,p1,14.00
162,1780554562323170560,1780554563323170560,Output Sequence Length,tokens,p5,14.00
162,1780554562323170560,1780554563323170560,Output Sequence Length,tokens,p10,14.00
162,1780554562323170560,1780554563323170560,Output Sequence Length,tokens,p25,14.00
162,1780554562323170560,1780554563323170560,Output Sequence Length,tokens,p50,14.00
162,1780554562323170560,1780554563323170560,Output Sequence Length,tokens,p75,14.00
162,1780554562323170560,1780554563323170560,Output Sequence Length,tokens,p90,14.00
162,1780554562323170560,1780554563323170560,Output Sequence Length,tokens,p95,14.00
162,1780554562323170560,1780554563323170560,Output Sequence Length,tokens,p99,14.00
162,1780554562323170560,1780554563323170560,Output Sequence Length,tokens,std,0.00
162,1780554562323170560,1780554563323170560,Output Token Count,tokens,avg,14.00
162,1780554562323170560,1780554563323170560,Output Token Count,tokens,min,14.00
162,1780554562323170560,1780554563323170560,Output Token Count,tokens,max,14.00
162,1780554562323170560,1780554563323170560,Output Token Count,tokens,sum,14.00
162,1780554562323170560,1780554563323170560,Output Token Count,tokens,p1,14.00
162,1780554562323170560,1780554563323170560,Output Token Count,tokens,p5,14.00
162,1780554562323170560,1780554563323170560,Output Token Count,tokens,p10,14.00
162,1780554562323170560,1780554563323170560,Output Token Count,tokens,p25,14.00
162,1780554562323170560,1780554563323170560,Output Token Count,tokens,p50,14.00
162,1780554562323170560,1780554563323170560,Output Token Count,tokens,p75,14.00
162,1780554562323170560,1780554563323170560,Output Token Count,tokens,p90,14.00
162,1780554562323170560,1780554563323170560,Output Token Count,tokens,p95,14.00
162,1780554562323170560,1780554563323170560,Output Token Count,tokens,p99,14.00
162,1780554562323170560,1780554563323170560,Output Token Count,tokens,std,0.00
162,1780554562323170560,1780554563323170560,Output Token Throughput,tokens/sec,avg,14.00
162,1780554562323170560,1780554563323170560,Output Token Throughput Per User,tokens/sec/user,avg,15.69
162,1780554562323170560,1780554563323170560,Output Token Throughput Per User,tokens/sec/user,min,15.69
162,1780554562323170560,1780554563323170560,Output Token Throughput Per User,tokens/sec/user,max,15.69
162,1780554562323170560,1780554563323170560,Output Token Throughput Per User,tokens/sec/user,sum,15.69
162,1780554562323170560,1780554563323170560,Output Token Throughput Per User,tokens/sec/user,p1,15.69
162,1780554562323170560,1780554563323170560,Output Token Throughput Per User,tokens/sec/user,p5,15.69
162,1780554562323170560,1780554563323170560,Output Token Throughput Per User,tokens/sec/user,p10,15.69
162,1780554562323170560,1780554563323170560,Output Token Throughput Per User,tokens/sec/user,p25,15.69
162,1780554562323170560,1780554563323170560,Output Token Throughput Per User,tokens/sec/user,p50,15.69
162,1780554562323170560,1780554563323170560,Output Token Throughput Per User,tokens/sec/user,p75,15.69
162,1780554562323170560,1780554563323170560,Output Token Throughput Per User,tokens/sec/user,p90,15.69
162,1780554562323170560,1780554563323170560,Output Token Throughput Per User,tokens/sec/user,p95,15.69
162,1780554562323170560,1780554563323170560,Output Token Throughput Per User,tokens/sec/user,p99,15.69
162,1780554562323170560,1780554563323170560,Output Token Throughput Per User,tokens/sec/user,std,0.00
162,1780554562323170560,1780554563323170560,Prefill Throughput Per User,tokens/sec/user,avg,46.90
162,1780554562323170560,1780554563323170560,Prefill Throughput Per User,tokens/sec/user,min,46.90
162,1780554562323170560,1780554563323170560,Prefill Throughput Per User,tokens/sec/user,max,46.90
162,1780554562323170560,1780554563323170560,Prefill Throughput Per User,tokens/sec/user,sum,46.90
162,1780554562323170560,1780554563323170560,Prefill Throughput Per User,tokens/sec/user,p1,46.90
162,1780554562323170560,1780554563323170560,Prefill Throughput Per User,tokens/sec/user,p5,46.90
162,1780554562323170560,1780554563323170560,Prefill Throughput Per User,tokens/sec/user,p10,46.90
162,1780554562323170560,1780554563323170560,Prefill Throughput Per User,tokens/sec/user,p25,46.90
162,1780554562323170560,1780554563323170560,Prefill Throughput Per User,tokens/sec/user,p50,46.90
162,1780554562323170560,1780554563323170560,Prefill Throughput Per User,tokens/sec/user,p75,46.90
162,1780554562323170560,1780554563323170560,Prefill Throughput Per User,tokens/sec/user,p90,46.90
162,1780554562323170560,1780554563323170560,Prefill Throughput Per User,tokens/sec/user,p95,46.90
162,1780554562323170560,1780554563323170560,Prefill Throughput Per User,tokens/sec/user,p99,46.90
162,1780554562323170560,1780554563323170560,Prefill Throughput Per User,tokens/sec/user,std,0.00
162,1780554562323170560,1780554563323170560,Request Count,requests,avg,1.00
162,1780554562323170560,1780554563323170560,Request Latency,ms,avg,11404.58
162,1780554562323170560,1780554563323170560,Request Latency,ms,min,11404.58
162,1780554562323170560,1780554563323170560,Request Latency,ms,max,11404.58
162,1780554562323170560,1780554563323170560,Request Latency,ms,sum,11404.58
162,1780554562323170560,1780554563323170560,Request Latency,ms,p1,11404.58
162,1780554562323170560,1780554563323170560,Request Latency,ms,p5,11404.58
162,1780554562323170560,1780554563323170560,Request Latency,ms,p10,11404.58
162,1780554562323170560,1780554563323170560,Request Latency,ms,p25,11404.58
162,1780554562323170560,1780554563323170560,Request Latency,ms,p50,11404.58
162,1780554562323170560,1780554563323170560,Request Latency,ms,p75,11404.58
162,1780554562323170560,1780554563323170560,Request Latency,ms,p90,11404.58
162,1780554562323170560,1780554563323170560,Request Latency,ms,p95,11404.58
162,1780554562323170560,1780554563323170560,Request Latency,ms,p99,11404.58
162,1780554562323170560,1780554563323170560,Request Latency,ms,std,0.00
162,1780554562323170560,1780554563323170560,Request Throughput,requests/sec,avg,1.00
162,1780554562323170560,1780554563323170560,Requested OSL,tokens,avg,14.00
162,1780554562323170560,1780554563323170560,Requested OSL,tokens,min,14.00
162,1780554562323170560,1780554563323170560,Requested OSL,tokens,max,14.00
162,1780554562323170560,1780554563323170560,Requested OSL,tokens,sum,14.00
162,1780554562323170560,1780554563323170560,Requested OSL,tokens,p1,14.00
162,1780554562323170560,1780554563323170560,Requested OSL,tokens,p5,14.00
162,1780554562323170560,1780554563323170560,Requested OSL,tokens,p10,14.00
162,1780554562323170560,1780554563323170560,Requested OSL,tokens,p25,14.00
162,1780554562323170560,1780554563323170560,Requested OSL,tokens,p50,14.00
162,1780554562323170560,1780554563323170560,Requested OSL,tokens,p75,14.00
162,1780554562323170560,1780554563323170560,Requested OSL,tokens,p90,14.00
162,1780554562323170560,1780554563323170560,Requested OSL,tokens,p95,14.00
162,1780554562323170560,1780554563323170560,Requested OSL,tokens,p99,14.00
162,1780554562323170560,1780554563323170560,Requested OSL,tokens,std,0.00
162,1780554562323170560,1780554563323170560,Time to First Output Token,ms,avg,10575.99
162,1780554562323170560,1780554563323170560,Time to First Output Token,ms,min,10575.99
162,1780554562323170560,1780554563323170560,Time to First Output Token,ms,max,10575.99
162,1780554562323170560,1780554563323170560,Time to First Output Token,ms,sum,10575.99
162,1780554562323170560,1780554563323170560,Time to First Output Token,ms,p1,10575.99
162,1780554562323170560,1780554563323170560,Time to First Output Token,ms,p5,10575.99
162,1780554562323170560,1780554563323170560,Time to First Output Token,ms,p10,10575.99
162,1780554562323170560,1780554563323170560,Time to First Output Token,ms,p25,10575.99
162,1780554562323170560,1780554563323170560,Time to First Output Token,ms,p50,10575.99
162,1780554562323170560,1780554563323170560,Time to First Output Token,ms,p75,10575.99
162,1780554562323170560,1780554563323170560,Time to First Output Token,ms,p90,10575.99
162,1780554562323170560,1780554563323170560,Time to First Output Token,ms,p95,10575.99
162,1780554562323170560,1780554563323170560,Time to First Output Token,ms,p99,10575.99
162,1780554562323170560,1780554563323170560,Time to First Output Token,ms,std,0.00
162,1780554562323170560,1780554563323170560,Time to First Token,ms,avg,10575.99
162,1780554562323170560,1780554563323170560,Time to First Token,ms,min,10575.99
162,1780554562323170560,1780554563323170560,Time to First Token,ms,max,10575.99
162,1780554562323170560,1780554563323170560,Time to First Token,ms,sum,10575.99
162,1780554562323170560,1780554563323170560,Time to First Token,ms,p1,10575.99
162,1780554562323170560,1780554563323170560,Time to First Token,ms,p5,10575.99
162,1780554562323170560,1780554563323170560,Time to First Token,ms,p10,10575.99
162,1780554562323170560,1780554563323170560,Time to First Token,ms,p25,10575.99
162,1780554562323170560,1780554563323170560,Time to First Token,ms,p50,10575.99
162,1780554562323170560,1780554563323170560,Time to First Token,ms,p75,10575.99
162,1780554562323170560,1780554563323170560,Time to First Token,ms,p90,10575.99
162,1780554562323170560,1780554563323170560,Time to First Token,ms,p95,10575.99
162,1780554562323170560,1780554563323170560,Time to First Token,ms,p99,10575.99
162,1780554562323170560,1780554563323170560,Time to First Token,ms,std,0.00
162,1780554562323170560,1780554563323170560,Time to Second Token,ms,avg,25.94
162,1780554562323170560,1780554563323170560,Time to Second Token,ms,min,25.94
162,1780554562323170560,1780554563323170560,Time to Second Token,ms,max,25.94
162,1780554562323170560,1780554563323170560,Time to Second Token,ms,sum,25.94
162,1780554562323170560,1780554563323170560,Time to Second Token,ms,p1,25.94
162,1780554562323170560,1780554563323170560,Time to Second Token,ms,p5,25.94
162,1780554562323170560,1780554563323170560,Time to Second Token,ms,p10,25.94
162,1780554562323170560,1780554563323170560,Time to Second Token,ms,p25,25.94
162,1780554562323170560,1780554563323170560,Time to Second Token,ms,p50,25.94
162,1780554562323170560,1780554563323170560,Time to Second Token,ms,p75,25.94
162,1780554562323170560,1780554563323170560,Time to Second Token,ms,p90,25.94
162,1780554562323170560,1780554563323170560,Time to Second Token,ms,p95,25.94
162,1780554562323170560,1780554563323170560,Time to Second Token,ms,p99,25.94
162,1780554562323170560,1780554563323170560,Time to Second Token,ms,std,0.00
162,1780554562323170560,1780554563323170560,Tokens In Flight,tokens,avg,1018993.67
162,1780554562323170560,1780554563323170560,Tokens In Flight,tokens,min,972895.09
162,1780554562323170560,1780554563323170560,Tokens In Flight,tokens,max,1028864.09
162,1780554562323170560,1780554563323170560,Tokens In Flight,tokens,p50,1028842.38
162,1780554562323170560,1780554563323170560,Tokens In Flight,tokens,p90,1028857.37
162,1780554562323170560,1780554563323170560,Tokens In Flight,tokens,p95,1028859.51
162,1780554562323170560,1780554563323170560,Tokens In Flight,tokens,p99,1028863.09
162,1780554562323170560,1780554563323170560,Tokens In Flight,tokens,std,21209.49
162,1780554562323170560,1780554563323170560,Total Input Sequence Length,tokens,avg,496.00
162,1780554562323170560,1780554563323170560,Total Output Sequence Length,tokens,avg,14.00
162,1780554562323170560,1780554563323170560,Total Output Tokens,tokens,avg,14.00
162,1780554562323170560,1780554563323170560,Total Token Throughput,tokens/sec,avg,510.00
162,1780554562323170560,1780554563323170560,Total Usage Completion Tokens,tokens,avg,14.00
162,1780554562323170560,1780554563323170560,Total Usage Prompt Tokens,tokens,avg,496.00
162,1780554562323170560,1780554563323170560,Total Usage Total Tokens,tokens,avg,510.00
162,1780554562323170560,1780554563323170560,Usage Completion Tokens,tokens,avg,14.00
162,1780554562323170560,1780554563323170560,Usage Completion Tokens,tokens,min,14.00
162,1780554562323170560,1780554563323170560,Usage Completion Tokens,tokens,max,14.00
162,1780554562323170560,1780554563323170560,Usage Completion Tokens,tokens,sum,14.00
162,1780554562323170560,1780554563323170560,Usage Completion Tokens,tokens,p1,14.00
162,1780554562323170560,1780554563323170560,Usage Completion Tokens,tokens,p5,14.00
162,1780554562323170560,1780554563323170560,Usage Completion Tokens,tokens,p10,14.00
162,1780554562323170560,1780554563323170560,Usage Completion Tokens,tokens,p25,14.00
162,1780554562323170560,1780554563323170560,Usage Completion Tokens,tokens,p50,14.00
162,1780554562323170560,1780554563323170560,Usage Completion Tokens,tokens,p75,14.00
162,1780554562323170560,1780554563323170560,Usage Completion Tokens,tokens,p90,14.00
162,1780554562323170560,1780554563323170560,Usage Completion Tokens,tokens,p95,14.00
162,1780554562323170560,1780554563323170560,Usage Completion Tokens,tokens,p99,14.00
162,1780554562323170560,1780554563323170560,Usage Completion Tokens,tokens,std,0.00
162,1780554562323170560,1780554563323170560,Usage Prompt Tokens,tokens,avg,496.00
162,1780554562323170560,1780554563323170560,Usage Prompt Tokens,tokens,min,496.00
162,1780554562323170560,1780554563323170560,Usage Prompt Tokens,tokens,max,496.00
162,1780554562323170560,1780554563323170560,Usage Prompt Tokens,tokens,sum,496.00
162,1780554562323170560,1780554563323170560,Usage Prompt Tokens,tokens,p1,496.00
162,1780554562323170560,1780554563323170560,Usage Prompt Tokens,tokens,p5,496.00
162,1780554562323170560,1780554563323170560,Usage Prompt Tokens,tokens,p10,496.00
162,1780554562323170560,1780554563323170560,Usage Prompt Tokens,tokens,p25,496.00
162,1780554562323170560,1780554563323170560,Usage Prompt Tokens,tokens,p50,496.00
162,1780554562323170560,1780554563323170560,Usage Prompt Tokens,tokens,p75,496.00
162,1780554562323170560,1780554563323170560,Usage Prompt Tokens,tokens,p90,496.00
162,1780554562323170560,1780554563323170560,Usage Prompt Tokens,tokens,p95,496.00
162,1780554562323170560,1780554563323170560,Usage Prompt Tokens,tokens,p99,496.00
162,1780554562323170560,1780554563323170560,Usage Prompt Tokens,tokens,std,0.00
162,1780554562323170560,1780554563323170560,Usage Total Tokens,tokens,avg,510.00
162,1780554562323170560,1780554563323170560,Usage Total Tokens,tokens,min,510.00
162,1780554562323170560,1780554563323170560,Usage Total Tokens,tokens,max,510.00
162,1780554562323170560,1780554563323170560,Usage Total Tokens,tokens,sum,510.00
162,1780554562323170560,1780554563323170560,Usage Total Tokens,tokens,p1,510.00
162,1780554562323170560,1780554563323170560,Usage Total Tokens,tokens,p5,510.00
162,1780554562323170560,1780554563323170560,Usage Total Tokens,tokens,p10,510.00
162,1780554562323170560,1780554563323170560,Usage Total Tokens,tokens,p25,510.00
162,1780554562323170560,1780554563323170560,Usage Total Tokens,tokens,p50,510.00
162,1780554562323170560,1780554563323170560,Usage Total Tokens,tokens,p75,510.00
162,1780554562323170560,1780554563323170560,Usage Total Tokens,tokens,p90,510.00
162,1780554562323170560,1780554563323170560,Usage Total Tokens,tokens,p95,510.00
162,1780554562323170560,1780554563323170560,Usage Total Tokens,tokens,p99,510.00
162,1780554562323170560,1780554563323170560,Usage Total Tokens,tokens,std,0.00
163,1780554575323170560,1780554576323170560,Active Decode Throughput,tokens/sec,avg,83.75
163,1780554575323170560,1780554576323170560,Active Decode Throughput,tokens/sec,min,74.23
163,1780554575323170560,1780554576323170560,Active Decode Throughput,tokens/sec,max,90.65
163,1780554575323170560,1780554576323170560,Active Decode Throughput,tokens/sec,p50,82.44
163,1780554575323170560,1780554576323170560,Active Decode Throughput,tokens/sec,p90,89.84
163,1780554575323170560,1780554576323170560,Active Decode Throughput,tokens/sec,p95,89.84
163,1780554575323170560,1780554576323170560,Active Decode Throughput,tokens/sec,p99,89.84
163,1780554575323170560,1780554576323170560,Active Decode Throughput,tokens/sec,std,2.83
163,1780554575323170560,1780554576323170560,Active Decode Throughput Per User,tokens/sec/user,avg,8.38
163,1780554575323170560,1780554576323170560,Active Decode Throughput Per User,tokens/sec/user,min,7.42
163,1780554575323170560,1780554576323170560,Active Decode Throughput Per User,tokens/sec/user,max,9.07
163,1780554575323170560,1780554576323170560,Active Decode Throughput Per User,tokens/sec/user,p50,8.24
163,1780554575323170560,1780554576323170560,Active Decode Throughput Per User,tokens/sec/user,p90,8.98
163,1780554575323170560,1780554576323170560,Active Decode Throughput Per User,tokens/sec/user,p95,8.98
163,1780554575323170560,1780554576323170560,Active Decode Throughput Per User,tokens/sec/user,p99,8.98
163,1780554575323170560,1780554576323170560,Active Decode Throughput Per User,tokens/sec/user,std,0.28
163,1780554575323170560,1780554576323170560,Active Prefill Throughput,tokens/sec,avg,22988.06
163,1780554575323170560,1780554576323170560,Active Prefill Throughput,tokens/sec,min,22988.06
163,1780554575323170560,1780554576323170560,Active Prefill Throughput,tokens/sec,max,22988.06
163,1780554575323170560,1780554576323170560,Active Prefill Throughput,tokens/sec,p50,22988.06
163,1780554575323170560,1780554576323170560,Active Prefill Throughput,tokens/sec,p90,22988.06
163,1780554575323170560,1780554576323170560,Active Prefill Throughput,tokens/sec,p95,22988.06
163,1780554575323170560,1780554576323170560,Active Prefill Throughput,tokens/sec,p99,22988.06
163,1780554575323170560,1780554576323170560,Active Prefill Throughput,tokens/sec,std,0.00
163,1780554575323170560,1780554576323170560,Active Prefill Throughput Per User,tokens/sec/user,avg,22988.06
163,1780554575323170560,1780554576323170560,Active Prefill Throughput Per User,tokens/sec/user,min,22988.06
163,1780554575323170560,1780554576323170560,Active Prefill Throughput Per User,tokens/sec/user,max,22988.06
163,1780554575323170560,1780554576323170560,Active Prefill Throughput Per User,tokens/sec/user,p50,22988.06
163,1780554575323170560,1780554576323170560,Active Prefill Throughput Per User,tokens/sec/user,p90,22988.06
163,1780554575323170560,1780554576323170560,Active Prefill Throughput Per User,tokens/sec/user,p95,22988.06
163,1780554575323170560,1780554576323170560,Active Prefill Throughput Per User,tokens/sec/user,p99,22988.06
163,1780554575323170560,1780554576323170560,Active Prefill Throughput Per User,tokens/sec/user,std,0.00
163,1780554575323170560,1780554576323170560,Active Total Throughput,tokens/sec,avg,11961.79
163,1780554575323170560,1780554576323170560,Active Total Throughput,tokens/sec,min,99.60
163,1780554575323170560,1780554576323170560,Active Total Throughput,tokens/sec,max,23087.66
163,1780554575323170560,1780554576323170560,Active Total Throughput,tokens/sec,p50,23087.66
163,1780554575323170560,1780554576323170560,Active Total Throughput,tokens/sec,p90,23087.66
163,1780554575323170560,1780554576323170560,Active Total Throughput,tokens/sec,p95,23087.66
163,1780554575323170560,1780554576323170560,Active Total Throughput,tokens/sec,p99,23087.66
163,1780554575323170560,1780554576323170560,Active Total Throughput,tokens/sec,std,11488.13
163,1780554575323170560,1780554576323170560,Benchmark Duration,sec,avg,6.36
163,1780554575323170560,1780554576323170560,E2E Output Token Throughput,tokens/sec/user,avg,1.89
163,1780554575323170560,1780554576323170560,E2E Output Token Throughput,tokens/sec/user,min,1.89
163,1780554575323170560,1780554576323170560,E2E Output Token Throughput,tokens/sec/user,max,1.89
163,1780554575323170560,1780554576323170560,E2E Output Token Throughput,tokens/sec/user,sum,1.89
163,1780554575323170560,1780554576323170560,E2E Output Token Throughput,tokens/sec/user,p1,1.89
163,1780554575323170560,1780554576323170560,E2E Output Token Throughput,tokens/sec/user,p5,1.89
163,1780554575323170560,1780554576323170560,E2E Output Token Throughput,tokens/sec/user,p10,1.89
163,1780554575323170560,1780554576323170560,E2E Output Token Throughput,tokens/sec/user,p25,1.89
163,1780554575323170560,1780554576323170560,E2E Output Token Throughput,tokens/sec/user,p50,1.89
163,1780554575323170560,1780554576323170560,E2E Output Token Throughput,tokens/sec/user,p75,1.89
163,1780554575323170560,1780554576323170560,E2E Output Token Throughput,tokens/sec/user,p90,1.89
163,1780554575323170560,1780554576323170560,E2E Output Token Throughput,tokens/sec/user,p95,1.89
163,1780554575323170560,1780554576323170560,E2E Output Token Throughput,tokens/sec/user,p99,1.89
163,1780554575323170560,1780554576323170560,E2E Output Token Throughput,tokens/sec/user,std,0.00
163,1780554575323170560,1780554576323170560,Effective Concurrency,requests,avg,10.52
163,1780554575323170560,1780554576323170560,Effective Concurrency,requests,min,10.00
163,1780554575323170560,1780554576323170560,Effective Concurrency,requests,max,11.00
163,1780554575323170560,1780554576323170560,Effective Concurrency,requests,p50,11.00
163,1780554575323170560,1780554576323170560,Effective Concurrency,requests,p90,11.00
163,1780554575323170560,1780554576323170560,Effective Concurrency,requests,p95,11.00
163,1780554575323170560,1780554576323170560,Effective Concurrency,requests,p99,11.00
163,1780554575323170560,1780554576323170560,Effective Concurrency,requests,std,0.50
163,1780554575323170560,1780554576323170560,Effective Decode Concurrency,requests,avg,10.00
163,1780554575323170560,1780554576323170560,Effective Decode Concurrency,requests,min,10.00
163,1780554575323170560,1780554576323170560,Effective Decode Concurrency,requests,max,10.00
163,1780554575323170560,1780554576323170560,Effective Decode Concurrency,requests,p50,10.00
163,1780554575323170560,1780554576323170560,Effective Decode Concurrency,requests,p90,10.00
163,1780554575323170560,1780554576323170560,Effective Decode Concurrency,requests,p95,10.00
163,1780554575323170560,1780554576323170560,Effective Decode Concurrency,requests,p99,10.00
163,1780554575323170560,1780554576323170560,Effective Decode Concurrency,requests,std,0.00
163,1780554575323170560,1780554576323170560,Effective Decode Throughput,tokens/sec,avg,83.75
163,1780554575323170560,1780554576323170560,Effective Decode Throughput,tokens/sec,min,74.23
163,1780554575323170560,1780554576323170560,Effective Decode Throughput,tokens/sec,max,90.65
163,1780554575323170560,1780554576323170560,Effective Decode Throughput,tokens/sec,p50,82.44
163,1780554575323170560,1780554576323170560,Effective Decode Throughput,tokens/sec,p90,89.84
163,1780554575323170560,1780554576323170560,Effective Decode Throughput,tokens/sec,p95,89.84
163,1780554575323170560,1780554576323170560,Effective Decode Throughput,tokens/sec,p99,89.84
163,1780554575323170560,1780554576323170560,Effective Decode Throughput,tokens/sec,std,2.83
163,1780554575323170560,1780554576323170560,Effective Decode Throughput Per User,tokens/sec/user,avg,8.38
163,1780554575323170560,1780554576323170560,Effective Decode Throughput Per User,tokens/sec/user,min,7.42
163,1780554575323170560,1780554576323170560,Effective Decode Throughput Per User,tokens/sec/user,max,9.07
163,1780554575323170560,1780554576323170560,Effective Decode Throughput Per User,tokens/sec/user,p50,8.24
163,1780554575323170560,1780554576323170560,Effective Decode Throughput Per User,tokens/sec/user,p90,8.98
163,1780554575323170560,1780554576323170560,Effective Decode Throughput Per User,tokens/sec/user,p95,8.98
163,1780554575323170560,1780554576323170560,Effective Decode Throughput Per User,tokens/sec/user,p99,8.98
163,1780554575323170560,1780554576323170560,Effective Decode Throughput Per User,tokens/sec/user,std,0.28
163,1780554575323170560,1780554576323170560,Effective Prefill Concurrency,requests,avg,0.52
163,1780554575323170560,1780554576323170560,Effective Prefill Concurrency,requests,min,0.00
163,1780554575323170560,1780554576323170560,Effective Prefill Concurrency,requests,max,1.00
163,1780554575323170560,1780554576323170560,Effective Prefill Concurrency,requests,p50,1.00
163,1780554575323170560,1780554576323170560,Effective Prefill Concurrency,requests,p90,1.00
163,1780554575323170560,1780554576323170560,Effective Prefill Concurrency,requests,p95,1.00
163,1780554575323170560,1780554576323170560,Effective Prefill Concurrency,requests,p99,1.00
163,1780554575323170560,1780554576323170560,Effective Prefill Concurrency,requests,std,0.50
163,1780554575323170560,1780554576323170560,Effective Prefill Throughput,tokens/sec,avg,11862.19
163,1780554575323170560,1780554576323170560,Effective Prefill Throughput,tokens/sec,min,0.00
163,1780554575323170560,1780554576323170560,Effective Prefill Throughput,tokens/sec,max,22988.06
163,1780554575323170560,1780554576323170560,Effective Prefill Throughput,tokens/sec,p50,22988.06
163,1780554575323170560,1780554576323170560,Effective Prefill Throughput,tokens/sec,p90,22988.06
163,1780554575323170560,1780554576323170560,Effective Prefill Throughput,tokens/sec,p95,22988.06
163,1780554575323170560,1780554576323170560,Effective Prefill Throughput,tokens/sec,p99,22988.06
163,1780554575323170560,1780554576323170560,Effective Prefill Throughput,tokens/sec,std,11488.13
163,1780554575323170560,1780554576323170560,Effective Prefill Throughput Per User,tokens/sec/user,avg,11862.19
163,1780554575323170560,1780554576323170560,Effective Prefill Throughput Per User,tokens/sec/user,min,0.00
163,1780554575323170560,1780554576323170560,Effective Prefill Throughput Per User,tokens/sec/user,max,22988.06
163,1780554575323170560,1780554576323170560,Effective Prefill Throughput Per User,tokens/sec/user,p50,22988.06
163,1780554575323170560,1780554576323170560,Effective Prefill Throughput Per User,tokens/sec/user,p90,22988.06
163,1780554575323170560,1780554576323170560,Effective Prefill Throughput Per User,tokens/sec/user,p95,22988.06
163,1780554575323170560,1780554576323170560,Effective Prefill Throughput Per User,tokens/sec/user,p99,22988.06
163,1780554575323170560,1780554576323170560,Effective Prefill Throughput Per User,tokens/sec/user,std,11488.13
163,1780554575323170560,1780554576323170560,Effective Total Throughput,tokens/sec,avg,11961.79
163,1780554575323170560,1780554576323170560,Effective Total Throughput,tokens/sec,min,99.60
163,1780554575323170560,1780554576323170560,Effective Total Throughput,tokens/sec,max,23087.66
163,1780554575323170560,1780554576323170560,Effective Total Throughput,tokens/sec,p50,23087.66
163,1780554575323170560,1780554576323170560,Effective Total Throughput,tokens/sec,p90,23087.66
163,1780554575323170560,1780554576323170560,Effective Total Throughput,tokens/sec,p95,23087.66
163,1780554575323170560,1780554576323170560,Effective Total Throughput,tokens/sec,p99,23087.66
163,1780554575323170560,1780554576323170560,Effective Total Throughput,tokens/sec,std,11488.13
163,1780554575323170560,1780554576323170560,HTTP Blocked,ms,avg,0.00
163,1780554575323170560,1780554576323170560,HTTP Blocked,ms,min,0.00
163,1780554575323170560,1780554576323170560,HTTP Blocked,ms,max,0.00
163,1780554575323170560,1780554576323170560,HTTP Blocked,ms,sum,0.00
163,1780554575323170560,1780554576323170560,HTTP Blocked,ms,p1,0.00
163,1780554575323170560,1780554576323170560,HTTP Blocked,ms,p5,0.00
163,1780554575323170560,1780554576323170560,HTTP Blocked,ms,p10,0.00
163,1780554575323170560,1780554576323170560,HTTP Blocked,ms,p25,0.00
163,1780554575323170560,1780554576323170560,HTTP Blocked,ms,p50,0.00
163,1780554575323170560,1780554576323170560,HTTP Blocked,ms,p75,0.00
163,1780554575323170560,1780554576323170560,HTTP Blocked,ms,p90,0.00
163,1780554575323170560,1780554576323170560,HTTP Blocked,ms,p95,0.00
163,1780554575323170560,1780554576323170560,HTTP Blocked,ms,p99,0.00
163,1780554575323170560,1780554576323170560,HTTP Blocked,ms,std,0.00
163,1780554575323170560,1780554576323170560,HTTP Chunks Received,count,avg,12.00
163,1780554575323170560,1780554576323170560,HTTP Chunks Received,count,min,12.00
163,1780554575323170560,1780554576323170560,HTTP Chunks Received,count,max,12.00
163,1780554575323170560,1780554576323170560,HTTP Chunks Received,count,sum,12.00
163,1780554575323170560,1780554576323170560,HTTP Chunks Received,count,p1,12.00
163,1780554575323170560,1780554576323170560,HTTP Chunks Received,count,p5,12.00
163,1780554575323170560,1780554576323170560,HTTP Chunks Received,count,p10,12.00
163,1780554575323170560,1780554576323170560,HTTP Chunks Received,count,p25,12.00
163,1780554575323170560,1780554576323170560,HTTP Chunks Received,count,p50,12.00
163,1780554575323170560,1780554576323170560,HTTP Chunks Received,count,p75,12.00
163,1780554575323170560,1780554576323170560,HTTP Chunks Received,count,p90,12.00
163,1780554575323170560,1780554576323170560,HTTP Chunks Received,count,p95,12.00
163,1780554575323170560,1780554576323170560,HTTP Chunks Received,count,p99,12.00
163,1780554575323170560,1780554576323170560,HTTP Chunks Received,count,std,0.00
163,1780554575323170560,1780554576323170560,HTTP Chunks Sent,count,avg,1.00
163,1780554575323170560,1780554576323170560,HTTP Chunks Sent,count,min,1.00
163,1780554575323170560,1780554576323170560,HTTP Chunks Sent,count,max,1.00
163,1780554575323170560,1780554576323170560,HTTP Chunks Sent,count,sum,1.00
163,1780554575323170560,1780554576323170560,HTTP Chunks Sent,count,p1,1.00
163,1780554575323170560,1780554576323170560,HTTP Chunks Sent,count,p5,1.00
163,1780554575323170560,1780554576323170560,HTTP Chunks Sent,count,p10,1.00
163,1780554575323170560,1780554576323170560,HTTP Chunks Sent,count,p25,1.00
163,1780554575323170560,1780554576323170560,HTTP Chunks Sent,count,p50,1.00
163,1780554575323170560,1780554576323170560,HTTP Chunks Sent,count,p75,1.00
163,1780554575323170560,1780554576323170560,HTTP Chunks Sent,count,p90,1.00
163,1780554575323170560,1780554576323170560,HTTP Chunks Sent,count,p95,1.00
163,1780554575323170560,1780554576323170560,HTTP Chunks Sent,count,p99,1.00
163,1780554575323170560,1780554576323170560,HTTP Chunks Sent,count,std,0.00
163,1780554575323170560,1780554576323170560,HTTP Connecting,ms,avg,0.00
163,1780554575323170560,1780554576323170560,HTTP Connecting,ms,min,0.00
163,1780554575323170560,1780554576323170560,HTTP Connecting,ms,max,0.00
163,1780554575323170560,1780554576323170560,HTTP Connecting,ms,sum,0.00
163,1780554575323170560,1780554576323170560,HTTP Connecting,ms,p1,0.00
163,1780554575323170560,1780554576323170560,HTTP Connecting,ms,p5,0.00
163,1780554575323170560,1780554576323170560,HTTP Connecting,ms,p10,0.00
163,1780554575323170560,1780554576323170560,HTTP Connecting,ms,p25,0.00
163,1780554575323170560,1780554576323170560,HTTP Connecting,ms,p50,0.00
163,1780554575323170560,1780554576323170560,HTTP Connecting,ms,p75,0.00
163,1780554575323170560,1780554576323170560,HTTP Connecting,ms,p90,0.00
163,1780554575323170560,1780554576323170560,HTTP Connecting,ms,p95,0.00
163,1780554575323170560,1780554576323170560,HTTP Connecting,ms,p99,0.00
163,1780554575323170560,1780554576323170560,HTTP Connecting,ms,std,0.00
163,1780554575323170560,1780554576323170560,HTTP Connection Overhead,ms,avg,0.00
163,1780554575323170560,1780554576323170560,HTTP Connection Overhead,ms,min,0.00
163,1780554575323170560,1780554576323170560,HTTP Connection Overhead,ms,max,0.00
163,1780554575323170560,1780554576323170560,HTTP Connection Overhead,ms,sum,0.00
163,1780554575323170560,1780554576323170560,HTTP Connection Overhead,ms,p1,0.00
163,1780554575323170560,1780554576323170560,HTTP Connection Overhead,ms,p5,0.00
163,1780554575323170560,1780554576323170560,HTTP Connection Overhead,ms,p10,0.00
163,1780554575323170560,1780554576323170560,HTTP Connection Overhead,ms,p25,0.00
163,1780554575323170560,1780554576323170560,HTTP Connection Overhead,ms,p50,0.00
163,1780554575323170560,1780554576323170560,HTTP Connection Overhead,ms,p75,0.00
163,1780554575323170560,1780554576323170560,HTTP Connection Overhead,ms,p90,0.00
163,1780554575323170560,1780554576323170560,HTTP Connection Overhead,ms,p95,0.00
163,1780554575323170560,1780554576323170560,HTTP Connection Overhead,ms,p99,0.00
163,1780554575323170560,1780554576323170560,HTTP Connection Overhead,ms,std,0.00
163,1780554575323170560,1780554576323170560,HTTP Connection Reused,ratio,avg,1.00
163,1780554575323170560,1780554576323170560,HTTP Connection Reused,ratio,min,1.00
163,1780554575323170560,1780554576323170560,HTTP Connection Reused,ratio,max,1.00
163,1780554575323170560,1780554576323170560,HTTP Connection Reused,ratio,sum,1.00
163,1780554575323170560,1780554576323170560,HTTP Connection Reused,ratio,p1,1.00
163,1780554575323170560,1780554576323170560,HTTP Connection Reused,ratio,p5,1.00
163,1780554575323170560,1780554576323170560,HTTP Connection Reused,ratio,p10,1.00
163,1780554575323170560,1780554576323170560,HTTP Connection Reused,ratio,p25,1.00
163,1780554575323170560,1780554576323170560,HTTP Connection Reused,ratio,p50,1.00
163,1780554575323170560,1780554576323170560,HTTP Connection Reused,ratio,p75,1.00
163,1780554575323170560,1780554576323170560,HTTP Connection Reused,ratio,p90,1.00
163,1780554575323170560,1780554576323170560,HTTP Connection Reused,ratio,p95,1.00
163,1780554575323170560,1780554576323170560,HTTP Connection Reused,ratio,p99,1.00
163,1780554575323170560,1780554576323170560,HTTP Connection Reused,ratio,std,0.00
163,1780554575323170560,1780554576323170560,HTTP Data Received,KB,avg,3.58
163,1780554575323170560,1780554576323170560,HTTP Data Received,KB,min,3.58
163,1780554575323170560,1780554576323170560,HTTP Data Received,KB,max,3.58
163,1780554575323170560,1780554576323170560,HTTP Data Received,KB,sum,3.58
163,1780554575323170560,1780554576323170560,HTTP Data Received,KB,p1,3.58
163,1780554575323170560,1780554576323170560,HTTP Data Received,KB,p5,3.58
163,1780554575323170560,1780554576323170560,HTTP Data Received,KB,p10,3.58
163,1780554575323170560,1780554576323170560,HTTP Data Received,KB,p25,3.58
163,1780554575323170560,1780554576323170560,HTTP Data Received,KB,p50,3.58
163,1780554575323170560,1780554576323170560,HTTP Data Received,KB,p75,3.58
163,1780554575323170560,1780554576323170560,HTTP Data Received,KB,p90,3.58
163,1780554575323170560,1780554576323170560,HTTP Data Received,KB,p95,3.58
163,1780554575323170560,1780554576323170560,HTTP Data Received,KB,p99,3.58
163,1780554575323170560,1780554576323170560,HTTP Data Received,KB,std,0.00
163,1780554575323170560,1780554576323170560,HTTP Data Sent,KB,avg,344.69
163,1780554575323170560,1780554576323170560,HTTP Data Sent,KB,min,344.69
163,1780554575323170560,1780554576323170560,HTTP Data Sent,KB,max,344.69
163,1780554575323170560,1780554576323170560,HTTP Data Sent,KB,sum,344.69
163,1780554575323170560,1780554576323170560,HTTP Data Sent,KB,p1,344.69
163,1780554575323170560,1780554576323170560,HTTP Data Sent,KB,p5,344.69
163,1780554575323170560,1780554576323170560,HTTP Data Sent,KB,p10,344.69
163,1780554575323170560,1780554576323170560,HTTP Data Sent,KB,p25,344.69
163,1780554575323170560,1780554576323170560,HTTP Data Sent,KB,p50,344.69
163,1780554575323170560,1780554576323170560,HTTP Data Sent,KB,p75,344.69
163,1780554575323170560,1780554576323170560,HTTP Data Sent,KB,p90,344.69
163,1780554575323170560,1780554576323170560,HTTP Data Sent,KB,p95,344.69
163,1780554575323170560,1780554576323170560,HTTP Data Sent,KB,p99,344.69
163,1780554575323170560,1780554576323170560,HTTP Data Sent,KB,std,0.00
163,1780554575323170560,1780554576323170560,HTTP DNS Lookup,ms,avg,0.00
163,1780554575323170560,1780554576323170560,HTTP DNS Lookup,ms,min,0.00
163,1780554575323170560,1780554576323170560,HTTP DNS Lookup,ms,max,0.00
163,1780554575323170560,1780554576323170560,HTTP DNS Lookup,ms,sum,0.00
163,1780554575323170560,1780554576323170560,HTTP DNS Lookup,ms,p1,0.00
163,1780554575323170560,1780554576323170560,HTTP DNS Lookup,ms,p5,0.00
163,1780554575323170560,1780554576323170560,HTTP DNS Lookup,ms,p10,0.00
163,1780554575323170560,1780554576323170560,HTTP DNS Lookup,ms,p25,0.00
163,1780554575323170560,1780554576323170560,HTTP DNS Lookup,ms,p50,0.00
163,1780554575323170560,1780554576323170560,HTTP DNS Lookup,ms,p75,0.00
163,1780554575323170560,1780554576323170560,HTTP DNS Lookup,ms,p90,0.00
163,1780554575323170560,1780554576323170560,HTTP DNS Lookup,ms,p95,0.00
163,1780554575323170560,1780554576323170560,HTTP DNS Lookup,ms,p99,0.00
163,1780554575323170560,1780554576323170560,HTTP DNS Lookup,ms,std,0.00
163,1780554575323170560,1780554576323170560,HTTP Duration (excl. conn),ms,avg,6362.23
163,1780554575323170560,1780554576323170560,HTTP Duration (excl. conn),ms,min,6362.23
163,1780554575323170560,1780554576323170560,HTTP Duration (excl. conn),ms,max,6362.23
163,1780554575323170560,1780554576323170560,HTTP Duration (excl. conn),ms,sum,6362.23
163,1780554575323170560,1780554576323170560,HTTP Duration (excl. conn),ms,p1,6362.23
163,1780554575323170560,1780554576323170560,HTTP Duration (excl. conn),ms,p5,6362.23
163,1780554575323170560,1780554576323170560,HTTP Duration (excl. conn),ms,p10,6362.23
163,1780554575323170560,1780554576323170560,HTTP Duration (excl. conn),ms,p25,6362.23
163,1780554575323170560,1780554576323170560,HTTP Duration (excl. conn),ms,p50,6362.23
163,1780554575323170560,1780554576323170560,HTTP Duration (excl. conn),ms,p75,6362.23
163,1780554575323170560,1780554576323170560,HTTP Duration (excl. conn),ms,p90,6362.23
163,1780554575323170560,1780554576323170560,HTTP Duration (excl. conn),ms,p95,6362.23
163,1780554575323170560,1780554576323170560,HTTP Duration (excl. conn),ms,p99,6362.23
163,1780554575323170560,1780554576323170560,HTTP Duration (excl. conn),ms,std,0.00
163,1780554575323170560,1780554576323170560,HTTP Receiving,ms,avg,2494.34
163,1780554575323170560,1780554576323170560,HTTP Receiving,ms,min,2494.34
163,1780554575323170560,1780554576323170560,HTTP Receiving,ms,max,2494.34
163,1780554575323170560,1780554576323170560,HTTP Receiving,ms,sum,2494.34
163,1780554575323170560,1780554576323170560,HTTP Receiving,ms,p1,2494.34
163,1780554575323170560,1780554576323170560,HTTP Receiving,ms,p5,2494.34
163,1780554575323170560,1780554576323170560,HTTP Receiving,ms,p10,2494.34
163,1780554575323170560,1780554576323170560,HTTP Receiving,ms,p25,2494.34
163,1780554575323170560,1780554576323170560,HTTP Receiving,ms,p50,2494.34
163,1780554575323170560,1780554576323170560,HTTP Receiving,ms,p75,2494.34
163,1780554575323170560,1780554576323170560,HTTP Receiving,ms,p90,2494.34
163,1780554575323170560,1780554576323170560,HTTP Receiving,ms,p95,2494.34
163,1780554575323170560,1780554576323170560,HTTP Receiving,ms,p99,2494.34
163,1780554575323170560,1780554576323170560,HTTP Receiving,ms,std,0.00
163,1780554575323170560,1780554576323170560,HTTP Sending,ms,avg,0.24
163,1780554575323170560,1780554576323170560,HTTP Sending,ms,min,0.24
163,1780554575323170560,1780554576323170560,HTTP Sending,ms,max,0.24
163,1780554575323170560,1780554576323170560,HTTP Sending,ms,sum,0.24
163,1780554575323170560,1780554576323170560,HTTP Sending,ms,p1,0.24
163,1780554575323170560,1780554576323170560,HTTP Sending,ms,p5,0.24
163,1780554575323170560,1780554576323170560,HTTP Sending,ms,p10,0.24
163,1780554575323170560,1780554576323170560,HTTP Sending,ms,p25,0.24
163,1780554575323170560,1780554576323170560,HTTP Sending,ms,p50,0.24
163,1780554575323170560,1780554576323170560,HTTP Sending,ms,p75,0.24
163,1780554575323170560,1780554576323170560,HTTP Sending,ms,p90,0.24
163,1780554575323170560,1780554576323170560,HTTP Sending,ms,p95,0.24
163,1780554575323170560,1780554576323170560,HTTP Sending,ms,p99,0.24
163,1780554575323170560,1780554576323170560,HTTP Sending,ms,std,0.00
163,1780554575323170560,1780554576323170560,HTTP Total Time,ms,avg,6362.23
163,1780554575323170560,1780554576323170560,HTTP Total Time,ms,min,6362.23
163,1780554575323170560,1780554576323170560,HTTP Total Time,ms,max,6362.23
163,1780554575323170560,1780554576323170560,HTTP Total Time,ms,sum,6362.23
163,1780554575323170560,1780554576323170560,HTTP Total Time,ms,p1,6362.23
163,1780554575323170560,1780554576323170560,HTTP Total Time,ms,p5,6362.23
163,1780554575323170560,1780554576323170560,HTTP Total Time,ms,p10,6362.23
163,1780554575323170560,1780554576323170560,HTTP Total Time,ms,p25,6362.23
163,1780554575323170560,1780554576323170560,HTTP Total Time,ms,p50,6362.23
163,1780554575323170560,1780554576323170560,HTTP Total Time,ms,p75,6362.23
163,1780554575323170560,1780554576323170560,HTTP Total Time,ms,p90,6362.23
163,1780554575323170560,1780554576323170560,HTTP Total Time,ms,p95,6362.23
163,1780554575323170560,1780554576323170560,HTTP Total Time,ms,p99,6362.23
163,1780554575323170560,1780554576323170560,HTTP Total Time,ms,std,0.00
163,1780554575323170560,1780554576323170560,HTTP Waiting (TTFB),ms,avg,3867.65
163,1780554575323170560,1780554576323170560,HTTP Waiting (TTFB),ms,min,3867.65
163,1780554575323170560,1780554576323170560,HTTP Waiting (TTFB),ms,max,3867.65
163,1780554575323170560,1780554576323170560,HTTP Waiting (TTFB),ms,sum,3867.65
163,1780554575323170560,1780554576323170560,HTTP Waiting (TTFB),ms,p1,3867.65
163,1780554575323170560,1780554576323170560,HTTP Waiting (TTFB),ms,p5,3867.65
163,1780554575323170560,1780554576323170560,HTTP Waiting (TTFB),ms,p10,3867.65
163,1780554575323170560,1780554576323170560,HTTP Waiting (TTFB),ms,p25,3867.65
163,1780554575323170560,1780554576323170560,HTTP Waiting (TTFB),ms,p50,3867.65
163,1780554575323170560,1780554576323170560,HTTP Waiting (TTFB),ms,p75,3867.65
163,1780554575323170560,1780554576323170560,HTTP Waiting (TTFB),ms,p90,3867.65
163,1780554575323170560,1780554576323170560,HTTP Waiting (TTFB),ms,p95,3867.65
163,1780554575323170560,1780554576323170560,HTTP Waiting (TTFB),ms,p99,3867.65
163,1780554575323170560,1780554576323170560,HTTP Waiting (TTFB),ms,std,0.00
163,1780554575323170560,1780554576323170560,Input Sequence Length,tokens,avg,88918.00
163,1780554575323170560,1780554576323170560,Input Sequence Length,tokens,min,88918.00
163,1780554575323170560,1780554576323170560,Input Sequence Length,tokens,max,88918.00
163,1780554575323170560,1780554576323170560,Input Sequence Length,tokens,sum,88918.00
163,1780554575323170560,1780554576323170560,Input Sequence Length,tokens,p1,88918.00
163,1780554575323170560,1780554576323170560,Input Sequence Length,tokens,p5,88918.00
163,1780554575323170560,1780554576323170560,Input Sequence Length,tokens,p10,88918.00
163,1780554575323170560,1780554576323170560,Input Sequence Length,tokens,p25,88918.00
163,1780554575323170560,1780554576323170560,Input Sequence Length,tokens,p50,88918.00
163,1780554575323170560,1780554576323170560,Input Sequence Length,tokens,p75,88918.00
163,1780554575323170560,1780554576323170560,Input Sequence Length,tokens,p90,88918.00
163,1780554575323170560,1780554576323170560,Input Sequence Length,tokens,p95,88918.00
163,1780554575323170560,1780554576323170560,Input Sequence Length,tokens,p99,88918.00
163,1780554575323170560,1780554576323170560,Input Sequence Length,tokens,std,0.00
163,1780554575323170560,1780554576323170560,Input Token Throughput,tokens/sec,avg,88918.00
163,1780554575323170560,1780554576323170560,Inter Chunk Latency,ms,avg,136.04
163,1780554575323170560,1780554576323170560,Inter Chunk Latency,ms,min,136.03
163,1780554575323170560,1780554576323170560,Inter Chunk Latency,ms,max,136.04
163,1780554575323170560,1780554576323170560,Inter Chunk Latency,ms,sum,1496.40
163,1780554575323170560,1780554576323170560,Inter Chunk Latency,ms,p1,136.03
163,1780554575323170560,1780554576323170560,Inter Chunk Latency,ms,p5,136.03
163,1780554575323170560,1780554576323170560,Inter Chunk Latency,ms,p10,136.04
163,1780554575323170560,1780554576323170560,Inter Chunk Latency,ms,p25,136.04
163,1780554575323170560,1780554576323170560,Inter Chunk Latency,ms,p50,136.04
163,1780554575323170560,1780554576323170560,Inter Chunk Latency,ms,p75,136.04
163,1780554575323170560,1780554576323170560,Inter Chunk Latency,ms,p90,136.04
163,1780554575323170560,1780554576323170560,Inter Chunk Latency,ms,p95,136.04
163,1780554575323170560,1780554576323170560,Inter Chunk Latency,ms,p99,136.04
163,1780554575323170560,1780554576323170560,Inter Chunk Latency,ms,std,0.00
163,1780554575323170560,1780554576323170560,Inter Token Latency,ms,avg,226.76
163,1780554575323170560,1780554576323170560,Inter Token Latency,ms,min,226.76
163,1780554575323170560,1780554576323170560,Inter Token Latency,ms,max,226.76
163,1780554575323170560,1780554576323170560,Inter Token Latency,ms,sum,226.76
163,1780554575323170560,1780554576323170560,Inter Token Latency,ms,p1,226.76
163,1780554575323170560,1780554576323170560,Inter Token Latency,ms,p5,226.76
163,1780554575323170560,1780554576323170560,Inter Token Latency,ms,p10,226.76
163,1780554575323170560,1780554576323170560,Inter Token Latency,ms,p25,226.76
163,1780554575323170560,1780554576323170560,Inter Token Latency,ms,p50,226.76
163,1780554575323170560,1780554576323170560,Inter Token Latency,ms,p75,226.76
163,1780554575323170560,1780554576323170560,Inter Token Latency,ms,p90,226.76
163,1780554575323170560,1780554576323170560,Inter Token Latency,ms,p95,226.76
163,1780554575323170560,1780554576323170560,Inter Token Latency,ms,p99,226.76
163,1780554575323170560,1780554576323170560,Inter Token Latency,ms,std,0.00
163,1780554575323170560,1780554576323170560,Maximum Response Timestamp,ns,avg,1780554582169488896.00
163,1780554575323170560,1780554576323170560,Minimum Request Timestamp,ns,avg,1780554575807155456.00
163,1780554575323170560,1780554576323170560,OSL Mismatch Count,requests,avg,0.00
163,1780554575323170560,1780554576323170560,OSL Mismatch Diff %,%,avg,0.00
163,1780554575323170560,1780554576323170560,OSL Mismatch Diff %,%,min,0.00
163,1780554575323170560,1780554576323170560,OSL Mismatch Diff %,%,max,0.00
163,1780554575323170560,1780554576323170560,OSL Mismatch Diff %,%,sum,0.00
163,1780554575323170560,1780554576323170560,OSL Mismatch Diff %,%,p1,0.00
163,1780554575323170560,1780554576323170560,OSL Mismatch Diff %,%,p5,0.00
163,1780554575323170560,1780554576323170560,OSL Mismatch Diff %,%,p10,0.00
163,1780554575323170560,1780554576323170560,OSL Mismatch Diff %,%,p25,0.00
163,1780554575323170560,1780554576323170560,OSL Mismatch Diff %,%,p50,0.00
163,1780554575323170560,1780554576323170560,OSL Mismatch Diff %,%,p75,0.00
163,1780554575323170560,1780554576323170560,OSL Mismatch Diff %,%,p90,0.00
163,1780554575323170560,1780554576323170560,OSL Mismatch Diff %,%,p95,0.00
163,1780554575323170560,1780554576323170560,OSL Mismatch Diff %,%,p99,0.00
163,1780554575323170560,1780554576323170560,OSL Mismatch Diff %,%,std,0.00
163,1780554575323170560,1780554576323170560,Output Sequence Length,tokens,avg,12.00
163,1780554575323170560,1780554576323170560,Output Sequence Length,tokens,min,12.00
163,1780554575323170560,1780554576323170560,Output Sequence Length,tokens,max,12.00
163,1780554575323170560,1780554576323170560,Output Sequence Length,tokens,sum,12.00
163,1780554575323170560,1780554576323170560,Output Sequence Length,tokens,p1,12.00
163,1780554575323170560,1780554576323170560,Output Sequence Length,tokens,p5,12.00
163,1780554575323170560,1780554576323170560,Output Sequence Length,tokens,p10,12.00
163,1780554575323170560,1780554576323170560,Output Sequence Length,tokens,p25,12.00
163,1780554575323170560,1780554576323170560,Output Sequence Length,tokens,p50,12.00
163,1780554575323170560,1780554576323170560,Output Sequence Length,tokens,p75,12.00
163,1780554575323170560,1780554576323170560,Output Sequence Length,tokens,p90,12.00
163,1780554575323170560,1780554576323170560,Output Sequence Length,tokens,p95,12.00
163,1780554575323170560,1780554576323170560,Output Sequence Length,tokens,p99,12.00
163,1780554575323170560,1780554576323170560,Output Sequence Length,tokens,std,0.00
163,1780554575323170560,1780554576323170560,Output Token Count,tokens,avg,12.00
163,1780554575323170560,1780554576323170560,Output Token Count,tokens,min,12.00
163,1780554575323170560,1780554576323170560,Output Token Count,tokens,max,12.00
163,1780554575323170560,1780554576323170560,Output Token Count,tokens,sum,12.00
163,1780554575323170560,1780554576323170560,Output Token Count,tokens,p1,12.00
163,1780554575323170560,1780554576323170560,Output Token Count,tokens,p5,12.00
163,1780554575323170560,1780554576323170560,Output Token Count,tokens,p10,12.00
163,1780554575323170560,1780554576323170560,Output Token Count,tokens,p25,12.00
163,1780554575323170560,1780554576323170560,Output Token Count,tokens,p50,12.00
163,1780554575323170560,1780554576323170560,Output Token Count,tokens,p75,12.00
163,1780554575323170560,1780554576323170560,Output Token Count,tokens,p90,12.00
163,1780554575323170560,1780554576323170560,Output Token Count,tokens,p95,12.00
163,1780554575323170560,1780554576323170560,Output Token Count,tokens,p99,12.00
163,1780554575323170560,1780554576323170560,Output Token Count,tokens,std,0.00
163,1780554575323170560,1780554576323170560,Output Token Throughput,tokens/sec,avg,12.00
163,1780554575323170560,1780554576323170560,Output Token Throughput Per User,tokens/sec/user,avg,4.41
163,1780554575323170560,1780554576323170560,Output Token Throughput Per User,tokens/sec/user,min,4.41
163,1780554575323170560,1780554576323170560,Output Token Throughput Per User,tokens/sec/user,max,4.41
163,1780554575323170560,1780554576323170560,Output Token Throughput Per User,tokens/sec/user,sum,4.41
163,1780554575323170560,1780554576323170560,Output Token Throughput Per User,tokens/sec/user,p1,4.41
163,1780554575323170560,1780554576323170560,Output Token Throughput Per User,tokens/sec/user,p5,4.41
163,1780554575323170560,1780554576323170560,Output Token Throughput Per User,tokens/sec/user,p10,4.41
163,1780554575323170560,1780554576323170560,Output Token Throughput Per User,tokens/sec/user,p25,4.41
163,1780554575323170560,1780554576323170560,Output Token Throughput Per User,tokens/sec/user,p50,4.41
163,1780554575323170560,1780554576323170560,Output Token Throughput Per User,tokens/sec/user,p75,4.41
163,1780554575323170560,1780554576323170560,Output Token Throughput Per User,tokens/sec/user,p90,4.41
163,1780554575323170560,1780554576323170560,Output Token Throughput Per User,tokens/sec/user,p95,4.41
163,1780554575323170560,1780554576323170560,Output Token Throughput Per User,tokens/sec/user,p99,4.41
163,1780554575323170560,1780554576323170560,Output Token Throughput Per User,tokens/sec/user,std,0.00
163,1780554575323170560,1780554576323170560,Prefill Throughput Per User,tokens/sec/user,avg,22988.06
163,1780554575323170560,1780554576323170560,Prefill Throughput Per User,tokens/sec/user,min,22988.06
163,1780554575323170560,1780554576323170560,Prefill Throughput Per User,tokens/sec/user,max,22988.06
163,1780554575323170560,1780554576323170560,Prefill Throughput Per User,tokens/sec/user,sum,22988.06
163,1780554575323170560,1780554576323170560,Prefill Throughput Per User,tokens/sec/user,p1,22988.06
163,1780554575323170560,1780554576323170560,Prefill Throughput Per User,tokens/sec/user,p5,22988.06
163,1780554575323170560,1780554576323170560,Prefill Throughput Per User,tokens/sec/user,p10,22988.06
163,1780554575323170560,1780554576323170560,Prefill Throughput Per User,tokens/sec/user,p25,22988.06
163,1780554575323170560,1780554576323170560,Prefill Throughput Per User,tokens/sec/user,p50,22988.06
163,1780554575323170560,1780554576323170560,Prefill Throughput Per User,tokens/sec/user,p75,22988.06
163,1780554575323170560,1780554576323170560,Prefill Throughput Per User,tokens/sec/user,p90,22988.06
163,1780554575323170560,1780554576323170560,Prefill Throughput Per User,tokens/sec/user,p95,22988.06
163,1780554575323170560,1780554576323170560,Prefill Throughput Per User,tokens/sec/user,p99,22988.06
163,1780554575323170560,1780554576323170560,Prefill Throughput Per User,tokens/sec/user,std,0.00
163,1780554575323170560,1780554576323170560,Request Count,requests,avg,1.00
163,1780554575323170560,1780554576323170560,Request Latency,ms,avg,6362.33
163,1780554575323170560,1780554576323170560,Request Latency,ms,min,6362.33
163,1780554575323170560,1780554576323170560,Request Latency,ms,max,6362.33
163,1780554575323170560,1780554576323170560,Request Latency,ms,sum,6362.33
163,1780554575323170560,1780554576323170560,Request Latency,ms,p1,6362.33
163,1780554575323170560,1780554576323170560,Request Latency,ms,p5,6362.33
163,1780554575323170560,1780554576323170560,Request Latency,ms,p10,6362.33
163,1780554575323170560,1780554576323170560,Request Latency,ms,p25,6362.33
163,1780554575323170560,1780554576323170560,Request Latency,ms,p50,6362.33
163,1780554575323170560,1780554576323170560,Request Latency,ms,p75,6362.33
163,1780554575323170560,1780554576323170560,Request Latency,ms,p90,6362.33
163,1780554575323170560,1780554576323170560,Request Latency,ms,p95,6362.33
163,1780554575323170560,1780554576323170560,Request Latency,ms,p99,6362.33
163,1780554575323170560,1780554576323170560,Request Latency,ms,std,0.00
163,1780554575323170560,1780554576323170560,Request Throughput,requests/sec,avg,1.00
163,1780554575323170560,1780554576323170560,Requested OSL,tokens,avg,12.00
163,1780554575323170560,1780554576323170560,Requested OSL,tokens,min,12.00
163,1780554575323170560,1780554576323170560,Requested OSL,tokens,max,12.00
163,1780554575323170560,1780554576323170560,Requested OSL,tokens,sum,12.00
163,1780554575323170560,1780554576323170560,Requested OSL,tokens,p1,12.00
163,1780554575323170560,1780554576323170560,Requested OSL,tokens,p5,12.00
163,1780554575323170560,1780554576323170560,Requested OSL,tokens,p10,12.00
163,1780554575323170560,1780554576323170560,Requested OSL,tokens,p25,12.00
163,1780554575323170560,1780554576323170560,Requested OSL,tokens,p50,12.00
163,1780554575323170560,1780554576323170560,Requested OSL,tokens,p75,12.00
163,1780554575323170560,1780554576323170560,Requested OSL,tokens,p90,12.00
163,1780554575323170560,1780554576323170560,Requested OSL,tokens,p95,12.00
163,1780554575323170560,1780554576323170560,Requested OSL,tokens,p99,12.00
163,1780554575323170560,1780554576323170560,Requested OSL,tokens,std,0.00
163,1780554575323170560,1780554576323170560,Time to First Output Token,ms,avg,3868.01
163,1780554575323170560,1780554576323170560,Time to First Output Token,ms,min,3868.01
163,1780554575323170560,1780554576323170560,Time to First Output Token,ms,max,3868.01
163,1780554575323170560,1780554576323170560,Time to First Output Token,ms,sum,3868.01
163,1780554575323170560,1780554576323170560,Time to First Output Token,ms,p1,3868.01
163,1780554575323170560,1780554576323170560,Time to First Output Token,ms,p5,3868.01
163,1780554575323170560,1780554576323170560,Time to First Output Token,ms,p10,3868.01
163,1780554575323170560,1780554576323170560,Time to First Output Token,ms,p25,3868.01
163,1780554575323170560,1780554576323170560,Time to First Output Token,ms,p50,3868.01
163,1780554575323170560,1780554576323170560,Time to First Output Token,ms,p75,3868.01
163,1780554575323170560,1780554576323170560,Time to First Output Token,ms,p90,3868.01
163,1780554575323170560,1780554576323170560,Time to First Output Token,ms,p95,3868.01
163,1780554575323170560,1780554576323170560,Time to First Output Token,ms,p99,3868.01
163,1780554575323170560,1780554576323170560,Time to First Output Token,ms,std,0.00
163,1780554575323170560,1780554576323170560,Time to First Token,ms,avg,3868.01
163,1780554575323170560,1780554576323170560,Time to First Token,ms,min,3868.01
163,1780554575323170560,1780554576323170560,Time to First Token,ms,max,3868.01
163,1780554575323170560,1780554576323170560,Time to First Token,ms,sum,3868.01
163,1780554575323170560,1780554576323170560,Time to First Token,ms,p1,3868.01
163,1780554575323170560,1780554576323170560,Time to First Token,ms,p5,3868.01
163,1780554575323170560,1780554576323170560,Time to First Token,ms,p10,3868.01
163,1780554575323170560,1780554576323170560,Time to First Token,ms,p25,3868.01
163,1780554575323170560,1780554576323170560,Time to First Token,ms,p50,3868.01
163,1780554575323170560,1780554576323170560,Time to First Token,ms,p75,3868.01
163,1780554575323170560,1780554576323170560,Time to First Token,ms,p90,3868.01
163,1780554575323170560,1780554576323170560,Time to First Token,ms,p95,3868.01
163,1780554575323170560,1780554576323170560,Time to First Token,ms,p99,3868.01
163,1780554575323170560,1780554576323170560,Time to First Token,ms,std,0.00
163,1780554575323170560,1780554576323170560,Time to Second Token,ms,avg,152.76
163,1780554575323170560,1780554576323170560,Time to Second Token,ms,min,152.76
163,1780554575323170560,1780554576323170560,Time to Second Token,ms,max,152.76
163,1780554575323170560,1780554576323170560,Time to Second Token,ms,sum,152.76
163,1780554575323170560,1780554576323170560,Time to Second Token,ms,p1,152.76
163,1780554575323170560,1780554576323170560,Time to Second Token,ms,p5,152.76
163,1780554575323170560,1780554576323170560,Time to Second Token,ms,p10,152.76
163,1780554575323170560,1780554576323170560,Time to Second Token,ms,p25,152.76
163,1780554575323170560,1780554576323170560,Time to Second Token,ms,p50,152.76
163,1780554575323170560,1780554576323170560,Time to Second Token,ms,p75,152.76
163,1780554575323170560,1780554576323170560,Time to Second Token,ms,p90,152.76
163,1780554575323170560,1780554576323170560,Time to Second Token,ms,p95,152.76
163,1780554575323170560,1780554576323170560,Time to Second Token,ms,p99,152.76
163,1780554575323170560,1780554576323170560,Time to Second Token,ms,std,0.00
163,1780554575323170560,1780554576323170560,Tokens In Flight,tokens,avg,930896.86
163,1780554575323170560,1780554576323170560,Tokens In Flight,tokens,min,884991.50
163,1780554575323170560,1780554576323170560,Tokens In Flight,tokens,max,973956.70
163,1780554575323170560,1780554576323170560,Tokens In Flight,tokens,p50,973933.56
163,1780554575323170560,1780554576323170560,Tokens In Flight,tokens,p90,973948.55
163,1780554575323170560,1780554576323170560,Tokens In Flight,tokens,p95,973950.55
163,1780554575323170560,1780554576323170560,Tokens In Flight,tokens,p99,973953.55
163,1780554575323170560,1780554576323170560,Tokens In Flight,tokens,std,44447.45
163,1780554575323170560,1780554576323170560,Total Input Sequence Length,tokens,avg,88918.00
163,1780554575323170560,1780554576323170560,Total Output Sequence Length,tokens,avg,12.00
163,1780554575323170560,1780554576323170560,Total Output Tokens,tokens,avg,12.00
163,1780554575323170560,1780554576323170560,Total Token Throughput,tokens/sec,avg,88930.00
163,1780554575323170560,1780554576323170560,Total Usage Completion Tokens,tokens,avg,12.00
163,1780554575323170560,1780554576323170560,Total Usage Prompt Tokens,tokens,avg,88918.00
163,1780554575323170560,1780554576323170560,Total Usage Total Tokens,tokens,avg,88930.00
163,1780554575323170560,1780554576323170560,Usage Completion Tokens,tokens,avg,12.00
163,1780554575323170560,1780554576323170560,Usage Completion Tokens,tokens,min,12.00
163,1780554575323170560,1780554576323170560,Usage Completion Tokens,tokens,max,12.00
163,1780554575323170560,1780554576323170560,Usage Completion Tokens,tokens,sum,12.00
163,1780554575323170560,1780554576323170560,Usage Completion Tokens,tokens,p1,12.00
163,1780554575323170560,1780554576323170560,Usage Completion Tokens,tokens,p5,12.00
163,1780554575323170560,1780554576323170560,Usage Completion Tokens,tokens,p10,12.00
163,1780554575323170560,1780554576323170560,Usage Completion Tokens,tokens,p25,12.00
163,1780554575323170560,1780554576323170560,Usage Completion Tokens,tokens,p50,12.00
163,1780554575323170560,1780554576323170560,Usage Completion Tokens,tokens,p75,12.00
163,1780554575323170560,1780554576323170560,Usage Completion Tokens,tokens,p90,12.00
163,1780554575323170560,1780554576323170560,Usage Completion Tokens,tokens,p95,12.00
163,1780554575323170560,1780554576323170560,Usage Completion Tokens,tokens,p99,12.00
163,1780554575323170560,1780554576323170560,Usage Completion Tokens,tokens,std,0.00
163,1780554575323170560,1780554576323170560,Usage Prompt Tokens,tokens,avg,88918.00
163,1780554575323170560,1780554576323170560,Usage Prompt Tokens,tokens,min,88918.00
163,1780554575323170560,1780554576323170560,Usage Prompt Tokens,tokens,max,88918.00
163,1780554575323170560,1780554576323170560,Usage Prompt Tokens,tokens,sum,88918.00
163,1780554575323170560,1780554576323170560,Usage Prompt Tokens,tokens,p1,88918.00
163,1780554575323170560,1780554576323170560,Usage Prompt Tokens,tokens,p5,88918.00
163,1780554575323170560,1780554576323170560,Usage Prompt Tokens,tokens,p10,88918.00
163,1780554575323170560,1780554576323170560,Usage Prompt Tokens,tokens,p25,88918.00
163,1780554575323170560,1780554576323170560,Usage Prompt Tokens,tokens,p50,88918.00
163,1780554575323170560,1780554576323170560,Usage Prompt Tokens,tokens,p75,88918.00
163,1780554575323170560,1780554576323170560,Usage Prompt Tokens,tokens,p90,88918.00
163,1780554575323170560,1780554576323170560,Usage Prompt Tokens,tokens,p95,88918.00
163,1780554575323170560,1780554576323170560,Usage Prompt Tokens,tokens,p99,88918.00
163,1780554575323170560,1780554576323170560,Usage Prompt Tokens,tokens,std,0.00
163,1780554575323170560,1780554576323170560,Usage Total Tokens,tokens,avg,88930.00
163,1780554575323170560,1780554576323170560,Usage Total Tokens,tokens,min,88930.00
163,1780554575323170560,1780554576323170560,Usage Total Tokens,tokens,max,88930.00
163,1780554575323170560,1780554576323170560,Usage Total Tokens,tokens,sum,88930.00
163,1780554575323170560,1780554576323170560,Usage Total Tokens,tokens,p1,88930.00
163,1780554575323170560,1780554576323170560,Usage Total Tokens,tokens,p5,88930.00
163,1780554575323170560,1780554576323170560,Usage Total Tokens,tokens,p10,88930.00
163,1780554575323170560,1780554576323170560,Usage Total Tokens,tokens,p25,88930.00
163,1780554575323170560,1780554576323170560,Usage Total Tokens,tokens,p50,88930.00
163,1780554575323170560,1780554576323170560,Usage Total Tokens,tokens,p75,88930.00
163,1780554575323170560,1780554576323170560,Usage Total Tokens,tokens,p90,88930.00
163,1780554575323170560,1780554576323170560,Usage Total Tokens,tokens,p95,88930.00
163,1780554575323170560,1780554576323170560,Usage Total Tokens,tokens,p99,88930.00
163,1780554575323170560,1780554576323170560,Usage Total Tokens,tokens,std,0.00
164,1780554576323170560,1780554577323170560,Active Decode Throughput,tokens/sec,avg,75.83
164,1780554576323170560,1780554577323170560,Active Decode Throughput,tokens/sec,min,66.72
164,1780554576323170560,1780554577323170560,Active Decode Throughput,tokens/sec,max,90.01
164,1780554576323170560,1780554577323170560,Active Decode Throughput,tokens/sec,p50,74.93
164,1780554576323170560,1780554577323170560,Active Decode Throughput,tokens/sec,p90,82.44
164,1780554576323170560,1780554577323170560,Active Decode Throughput,tokens/sec,p95,82.44
164,1780554576323170560,1780554577323170560,Active Decode Throughput,tokens/sec,p99,82.44
164,1780554576323170560,1780554577323170560,Active Decode Throughput,tokens/sec,std,2.44
164,1780554576323170560,1780554577323170560,Active Decode Throughput Per User,tokens/sec/user,avg,7.59
164,1780554576323170560,1780554577323170560,Active Decode Throughput Per User,tokens/sec/user,min,6.67
164,1780554576323170560,1780554577323170560,Active Decode Throughput Per User,tokens/sec/user,max,9.00
164,1780554576323170560,1780554577323170560,Active Decode Throughput Per User,tokens/sec/user,p50,7.49
164,1780554576323170560,1780554577323170560,Active Decode Throughput Per User,tokens/sec/user,p90,8.24
164,1780554576323170560,1780554577323170560,Active Decode Throughput Per User,tokens/sec/user,p95,8.24
164,1780554576323170560,1780554577323170560,Active Decode Throughput Per User,tokens/sec/user,p99,8.33
164,1780554576323170560,1780554577323170560,Active Decode Throughput Per User,tokens/sec/user,std,0.26
164,1780554576323170560,1780554577323170560,Active Prefill Throughput,tokens/sec,avg,27566.98
164,1780554576323170560,1780554577323170560,Active Prefill Throughput,tokens/sec,min,22988.06
164,1780554576323170560,1780554577323170560,Active Prefill Throughput,tokens/sec,max,31308.55
164,1780554576323170560,1780554577323170560,Active Prefill Throughput,tokens/sec,p50,31308.55
164,1780554576323170560,1780554577323170560,Active Prefill Throughput,tokens/sec,p90,31308.55
164,1780554576323170560,1780554577323170560,Active Prefill Throughput,tokens/sec,p95,31308.55
164,1780554576323170560,1780554577323170560,Active Prefill Throughput,tokens/sec,p99,31308.55
164,1780554576323170560,1780554577323170560,Active Prefill Throughput,tokens/sec,std,4139.12
164,1780554576323170560,1780554577323170560,Active Prefill Throughput Per User,tokens/sec/user,avg,18952.14
164,1780554576323170560,1780554577323170560,Active Prefill Throughput Per User,tokens/sec/user,min,15654.27
164,1780554576323170560,1780554577323170560,Active Prefill Throughput Per User,tokens/sec/user,max,22988.06
164,1780554576323170560,1780554577323170560,Active Prefill Throughput Per User,tokens/sec/user,p50,15654.27
164,1780554576323170560,1780554577323170560,Active Prefill Throughput Per User,tokens/sec/user,p90,22988.06
164,1780554576323170560,1780554577323170560,Active Prefill Throughput Per User,tokens/sec/user,p95,22988.06
164,1780554576323170560,1780554577323170560,Active Prefill Throughput Per User,tokens/sec/user,p99,22988.06
164,1780554576323170560,1780554577323170560,Active Prefill Throughput Per User,tokens/sec/user,std,3648.28
164,1780554576323170560,1780554577323170560,Active Total Throughput,tokens/sec,avg,27666.45
164,1780554576323170560,1780554577323170560,Active Total Throughput,tokens/sec,min,23087.66
164,1780554576323170560,1780554577323170560,Active Total Throughput,tokens/sec,max,31408.15
164,1780554576323170560,1780554577323170560,Active Total Throughput,tokens/sec,p50,31408.15
164,1780554576323170560,1780554577323170560,Active Total Throughput,tokens/sec,p90,31408.15
164,1780554576323170560,1780554577323170560,Active Total Throughput,tokens/sec,p95,31408.15
164,1780554576323170560,1780554577323170560,Active Total Throughput,tokens/sec,p99,31408.15
164,1780554576323170560,1780554577323170560,Active Total Throughput,tokens/sec,std,4139.00
164,1780554576323170560,1780554577323170560,Benchmark Duration,sec,avg,116.15
164,1780554576323170560,1780554577323170560,E2E Output Token Throughput,tokens/sec/user,avg,9.29
164,1780554576323170560,1780554577323170560,E2E Output Token Throughput,tokens/sec/user,min,9.29
164,1780554576323170560,1780554577323170560,E2E Output Token Throughput,tokens/sec/user,max,9.29
164,1780554576323170560,1780554577323170560,E2E Output Token Throughput,tokens/sec/user,sum,9.29
164,1780554576323170560,1780554577323170560,E2E Output Token Throughput,tokens/sec/user,p1,9.29
164,1780554576323170560,1780554577323170560,E2E Output Token Throughput,tokens/sec/user,p5,9.29
164,1780554576323170560,1780554577323170560,E2E Output Token Throughput,tokens/sec/user,p10,9.29
164,1780554576323170560,1780554577323170560,E2E Output Token Throughput,tokens/sec/user,p25,9.29
164,1780554576323170560,1780554577323170560,E2E Output Token Throughput,tokens/sec/user,p50,9.29
164,1780554576323170560,1780554577323170560,E2E Output Token Throughput,tokens/sec/user,p75,9.29
164,1780554576323170560,1780554577323170560,E2E Output Token Throughput,tokens/sec/user,p90,9.29
164,1780554576323170560,1780554577323170560,E2E Output Token Throughput,tokens/sec/user,p95,9.29
164,1780554576323170560,1780554577323170560,E2E Output Token Throughput,tokens/sec/user,p99,9.29
164,1780554576323170560,1780554577323170560,E2E Output Token Throughput,tokens/sec/user,std,0.00
164,1780554576323170560,1780554577323170560,Effective Concurrency,requests,avg,11.54
164,1780554576323170560,1780554577323170560,Effective Concurrency,requests,min,11.00
164,1780554576323170560,1780554577323170560,Effective Concurrency,requests,max,12.00
164,1780554576323170560,1780554577323170560,Effective Concurrency,requests,p50,12.00
164,1780554576323170560,1780554577323170560,Effective Concurrency,requests,p90,12.00
164,1780554576323170560,1780554577323170560,Effective Concurrency,requests,p95,12.00
164,1780554576323170560,1780554577323170560,Effective Concurrency,requests,p99,12.00
164,1780554576323170560,1780554577323170560,Effective Concurrency,requests,std,0.50
164,1780554576323170560,1780554577323170560,Effective Decode Concurrency,requests,avg,9.99
164,1780554576323170560,1780554577323170560,Effective Decode Concurrency,requests,min,9.00
164,1780554576323170560,1780554577323170560,Effective Decode Concurrency,requests,max,10.00
164,1780554576323170560,1780554577323170560,Effective Decode Concurrency,requests,p50,10.00
164,1780554576323170560,1780554577323170560,Effective Decode Concurrency,requests,p90,10.00
164,1780554576323170560,1780554577323170560,Effective Decode Concurrency,requests,p95,10.00
164,1780554576323170560,1780554577323170560,Effective Decode Concurrency,requests,p99,10.00
164,1780554576323170560,1780554577323170560,Effective Decode Concurrency,requests,std,0.11
164,1780554576323170560,1780554577323170560,Effective Decode Throughput,tokens/sec,avg,75.83
164,1780554576323170560,1780554577323170560,Effective Decode Throughput,tokens/sec,min,66.72
164,1780554576323170560,1780554577323170560,Effective Decode Throughput,tokens/sec,max,90.01
164,1780554576323170560,1780554577323170560,Effective Decode Throughput,tokens/sec,p50,74.93
164,1780554576323170560,1780554577323170560,Effective Decode Throughput,tokens/sec,p90,82.44
164,1780554576323170560,1780554577323170560,Effective Decode Throughput,tokens/sec,p95,82.44
164,1780554576323170560,1780554577323170560,Effective Decode Throughput,tokens/sec,p99,82.44
164,1780554576323170560,1780554577323170560,Effective Decode Throughput,tokens/sec,std,2.44
164,1780554576323170560,1780554577323170560,Effective Decode Throughput Per User,tokens/sec/user,avg,7.59
164,1780554576323170560,1780554577323170560,Effective Decode Throughput Per User,tokens/sec/user,min,6.67
164,1780554576323170560,1780554577323170560,Effective Decode Throughput Per User,tokens/sec/user,max,9.00
164,1780554576323170560,1780554577323170560,Effective Decode Throughput Per User,tokens/sec/user,p50,7.49
164,1780554576323170560,1780554577323170560,Effective Decode Throughput Per User,tokens/sec/user,p90,8.24
164,1780554576323170560,1780554577323170560,Effective Decode Throughput Per User,tokens/sec/user,p95,8.24
164,1780554576323170560,1780554577323170560,Effective Decode Throughput Per User,tokens/sec/user,p99,8.33
164,1780554576323170560,1780554577323170560,Effective Decode Throughput Per User,tokens/sec/user,std,0.26
164,1780554576323170560,1780554577323170560,Effective Prefill Concurrency,requests,avg,1.55
164,1780554576323170560,1780554577323170560,Effective Prefill Concurrency,requests,min,1.00
164,1780554576323170560,1780554577323170560,Effective Prefill Concurrency,requests,max,2.00
164,1780554576323170560,1780554577323170560,Effective Prefill Concurrency,requests,p50,2.00
164,1780554576323170560,1780554577323170560,Effective Prefill Concurrency,requests,p90,2.00
164,1780554576323170560,1780554577323170560,Effective Prefill Concurrency,requests,p95,2.00
164,1780554576323170560,1780554577323170560,Effective Prefill Concurrency,requests,p99,2.00
164,1780554576323170560,1780554577323170560,Effective Prefill Concurrency,requests,std,0.50
164,1780554576323170560,1780554577323170560,Effective Prefill Throughput,tokens/sec,avg,27566.98
164,1780554576323170560,1780554577323170560,Effective Prefill Throughput,tokens/sec,min,22988.06
164,1780554576323170560,1780554577323170560,Effective Prefill Throughput,tokens/sec,max,31308.55
164,1780554576323170560,1780554577323170560,Effective Prefill Throughput,tokens/sec,p50,31308.55
164,1780554576323170560,1780554577323170560,Effective Prefill Throughput,tokens/sec,p90,31308.55
164,1780554576323170560,1780554577323170560,Effective Prefill Throughput,tokens/sec,p95,31308.55
164,1780554576323170560,1780554577323170560,Effective Prefill Throughput,tokens/sec,p99,31308.55
164,1780554576323170560,1780554577323170560,Effective Prefill Throughput,tokens/sec,std,4139.12
164,1780554576323170560,1780554577323170560,Effective Prefill Throughput Per User,tokens/sec/user,avg,18952.14
164,1780554576323170560,1780554577323170560,Effective Prefill Throughput Per User,tokens/sec/user,min,15654.27
164,1780554576323170560,1780554577323170560,Effective Prefill Throughput Per User,tokens/sec/user,max,22988.06
164,1780554576323170560,1780554577323170560,Effective Prefill Throughput Per User,tokens/sec/user,p50,15654.27
164,1780554576323170560,1780554577323170560,Effective Prefill Throughput Per User,tokens/sec/user,p90,22988.06
164,1780554576323170560,1780554577323170560,Effective Prefill Throughput Per User,tokens/sec/user,p95,22988.06
164,1780554576323170560,1780554577323170560,Effective Prefill Throughput Per User,tokens/sec/user,p99,22988.06
164,1780554576323170560,1780554577323170560,Effective Prefill Throughput Per User,tokens/sec/user,std,3648.28
164,1780554576323170560,1780554577323170560,Effective Total Throughput,tokens/sec,avg,27666.45
164,1780554576323170560,1780554577323170560,Effective Total Throughput,tokens/sec,min,23087.66
164,1780554576323170560,1780554577323170560,Effective Total Throughput,tokens/sec,max,31408.15
164,1780554576323170560,1780554577323170560,Effective Total Throughput,tokens/sec,p50,31408.15
164,1780554576323170560,1780554577323170560,Effective Total Throughput,tokens/sec,p90,31408.15
164,1780554576323170560,1780554577323170560,Effective Total Throughput,tokens/sec,p95,31408.15
164,1780554576323170560,1780554577323170560,Effective Total Throughput,tokens/sec,p99,31408.15
164,1780554576323170560,1780554577323170560,Effective Total Throughput,tokens/sec,std,4139.00
164,1780554576323170560,1780554577323170560,HTTP Blocked,ms,avg,0.00
164,1780554576323170560,1780554577323170560,HTTP Blocked,ms,min,0.00
164,1780554576323170560,1780554577323170560,HTTP Blocked,ms,max,0.00
164,1780554576323170560,1780554577323170560,HTTP Blocked,ms,sum,0.00
164,1780554576323170560,1780554577323170560,HTTP Blocked,ms,p1,0.00
164,1780554576323170560,1780554577323170560,HTTP Blocked,ms,p5,0.00
164,1780554576323170560,1780554577323170560,HTTP Blocked,ms,p10,0.00
164,1780554576323170560,1780554577323170560,HTTP Blocked,ms,p25,0.00
164,1780554576323170560,1780554577323170560,HTTP Blocked,ms,p50,0.00
164,1780554576323170560,1780554577323170560,HTTP Blocked,ms,p75,0.00
164,1780554576323170560,1780554577323170560,HTTP Blocked,ms,p90,0.00
164,1780554576323170560,1780554577323170560,HTTP Blocked,ms,p95,0.00
164,1780554576323170560,1780554577323170560,HTTP Blocked,ms,p99,0.00
164,1780554576323170560,1780554577323170560,HTTP Blocked,ms,std,0.00
164,1780554576323170560,1780554577323170560,HTTP Chunks Received,count,avg,1079.00
164,1780554576323170560,1780554577323170560,HTTP Chunks Received,count,min,1079.00
164,1780554576323170560,1780554577323170560,HTTP Chunks Received,count,max,1079.00
164,1780554576323170560,1780554577323170560,HTTP Chunks Received,count,sum,1079.00
164,1780554576323170560,1780554577323170560,HTTP Chunks Received,count,p1,1079.00
164,1780554576323170560,1780554577323170560,HTTP Chunks Received,count,p5,1079.00
164,1780554576323170560,1780554577323170560,HTTP Chunks Received,count,p10,1079.00
164,1780554576323170560,1780554577323170560,HTTP Chunks Received,count,p25,1079.00
164,1780554576323170560,1780554577323170560,HTTP Chunks Received,count,p50,1079.00
164,1780554576323170560,1780554577323170560,HTTP Chunks Received,count,p75,1079.00
164,1780554576323170560,1780554577323170560,HTTP Chunks Received,count,p90,1079.00
164,1780554576323170560,1780554577323170560,HTTP Chunks Received,count,p95,1079.00
164,1780554576323170560,1780554577323170560,HTTP Chunks Received,count,p99,1079.00
164,1780554576323170560,1780554577323170560,HTTP Chunks Received,count,std,0.00
164,1780554576323170560,1780554577323170560,HTTP Chunks Sent,count,avg,1.00
164,1780554576323170560,1780554577323170560,HTTP Chunks Sent,count,min,1.00
164,1780554576323170560,1780554577323170560,HTTP Chunks Sent,count,max,1.00
164,1780554576323170560,1780554577323170560,HTTP Chunks Sent,count,sum,1.00
164,1780554576323170560,1780554577323170560,HTTP Chunks Sent,count,p1,1.00
164,1780554576323170560,1780554577323170560,HTTP Chunks Sent,count,p5,1.00
164,1780554576323170560,1780554577323170560,HTTP Chunks Sent,count,p10,1.00
164,1780554576323170560,1780554577323170560,HTTP Chunks Sent,count,p25,1.00
164,1780554576323170560,1780554577323170560,HTTP Chunks Sent,count,p50,1.00
164,1780554576323170560,1780554577323170560,HTTP Chunks Sent,count,p75,1.00
164,1780554576323170560,1780554577323170560,HTTP Chunks Sent,count,p90,1.00
164,1780554576323170560,1780554577323170560,HTTP Chunks Sent,count,p95,1.00
164,1780554576323170560,1780554577323170560,HTTP Chunks Sent,count,p99,1.00
164,1780554576323170560,1780554577323170560,HTTP Chunks Sent,count,std,0.00
164,1780554576323170560,1780554577323170560,HTTP Connecting,ms,avg,0.00
164,1780554576323170560,1780554577323170560,HTTP Connecting,ms,min,0.00
164,1780554576323170560,1780554577323170560,HTTP Connecting,ms,max,0.00
164,1780554576323170560,1780554577323170560,HTTP Connecting,ms,sum,0.00
164,1780554576323170560,1780554577323170560,HTTP Connecting,ms,p1,0.00
164,1780554576323170560,1780554577323170560,HTTP Connecting,ms,p5,0.00
164,1780554576323170560,1780554577323170560,HTTP Connecting,ms,p10,0.00
164,1780554576323170560,1780554577323170560,HTTP Connecting,ms,p25,0.00
164,1780554576323170560,1780554577323170560,HTTP Connecting,ms,p50,0.00
164,1780554576323170560,1780554577323170560,HTTP Connecting,ms,p75,0.00
164,1780554576323170560,1780554577323170560,HTTP Connecting,ms,p90,0.00
164,1780554576323170560,1780554577323170560,HTTP Connecting,ms,p95,0.00
164,1780554576323170560,1780554577323170560,HTTP Connecting,ms,p99,0.00
164,1780554576323170560,1780554577323170560,HTTP Connecting,ms,std,0.00
164,1780554576323170560,1780554577323170560,HTTP Connection Overhead,ms,avg,0.00
164,1780554576323170560,1780554577323170560,HTTP Connection Overhead,ms,min,0.00
164,1780554576323170560,1780554577323170560,HTTP Connection Overhead,ms,max,0.00
164,1780554576323170560,1780554577323170560,HTTP Connection Overhead,ms,sum,0.00
164,1780554576323170560,1780554577323170560,HTTP Connection Overhead,ms,p1,0.00
164,1780554576323170560,1780554577323170560,HTTP Connection Overhead,ms,p5,0.00
164,1780554576323170560,1780554577323170560,HTTP Connection Overhead,ms,p10,0.00
164,1780554576323170560,1780554577323170560,HTTP Connection Overhead,ms,p25,0.00
164,1780554576323170560,1780554577323170560,HTTP Connection Overhead,ms,p50,0.00
164,1780554576323170560,1780554577323170560,HTTP Connection Overhead,ms,p75,0.00
164,1780554576323170560,1780554577323170560,HTTP Connection Overhead,ms,p90,0.00
164,1780554576323170560,1780554577323170560,HTTP Connection Overhead,ms,p95,0.00
164,1780554576323170560,1780554577323170560,HTTP Connection Overhead,ms,p99,0.00
164,1780554576323170560,1780554577323170560,HTTP Connection Overhead,ms,std,0.00
164,1780554576323170560,1780554577323170560,HTTP Connection Reused,ratio,avg,1.00
164,1780554576323170560,1780554577323170560,HTTP Connection Reused,ratio,min,1.00
164,1780554576323170560,1780554577323170560,HTTP Connection Reused,ratio,max,1.00
164,1780554576323170560,1780554577323170560,HTTP Connection Reused,ratio,sum,1.00
164,1780554576323170560,1780554577323170560,HTTP Connection Reused,ratio,p1,1.00
164,1780554576323170560,1780554577323170560,HTTP Connection Reused,ratio,p5,1.00
164,1780554576323170560,1780554577323170560,HTTP Connection Reused,ratio,p10,1.00
164,1780554576323170560,1780554577323170560,HTTP Connection Reused,ratio,p25,1.00
164,1780554576323170560,1780554577323170560,HTTP Connection Reused,ratio,p50,1.00
164,1780554576323170560,1780554577323170560,HTTP Connection Reused,ratio,p75,1.00
164,1780554576323170560,1780554577323170560,HTTP Connection Reused,ratio,p90,1.00
164,1780554576323170560,1780554577323170560,HTTP Connection Reused,ratio,p95,1.00
164,1780554576323170560,1780554577323170560,HTTP Connection Reused,ratio,p99,1.00
164,1780554576323170560,1780554577323170560,HTTP Connection Reused,ratio,std,0.00
164,1780554576323170560,1780554577323170560,HTTP Data Received,KB,avg,268.77
164,1780554576323170560,1780554577323170560,HTTP Data Received,KB,min,268.77
164,1780554576323170560,1780554577323170560,HTTP Data Received,KB,max,268.77
164,1780554576323170560,1780554577323170560,HTTP Data Received,KB,sum,268.77
164,1780554576323170560,1780554577323170560,HTTP Data Received,KB,p1,268.77
164,1780554576323170560,1780554577323170560,HTTP Data Received,KB,p5,268.77
164,1780554576323170560,1780554577323170560,HTTP Data Received,KB,p10,268.77
164,1780554576323170560,1780554577323170560,HTTP Data Received,KB,p25,268.77
164,1780554576323170560,1780554577323170560,HTTP Data Received,KB,p50,268.77
164,1780554576323170560,1780554577323170560,HTTP Data Received,KB,p75,268.77
164,1780554576323170560,1780554577323170560,HTTP Data Received,KB,p90,268.77
164,1780554576323170560,1780554577323170560,HTTP Data Received,KB,p95,268.77
164,1780554576323170560,1780554577323170560,HTTP Data Received,KB,p99,268.77
164,1780554576323170560,1780554577323170560,HTTP Data Received,KB,std,0.00
164,1780554576323170560,1780554577323170560,HTTP Data Sent,KB,avg,165.18
164,1780554576323170560,1780554577323170560,HTTP Data Sent,KB,min,165.18
164,1780554576323170560,1780554577323170560,HTTP Data Sent,KB,max,165.18
164,1780554576323170560,1780554577323170560,HTTP Data Sent,KB,sum,165.18
164,1780554576323170560,1780554577323170560,HTTP Data Sent,KB,p1,165.18
164,1780554576323170560,1780554577323170560,HTTP Data Sent,KB,p5,165.18
164,1780554576323170560,1780554577323170560,HTTP Data Sent,KB,p10,165.18
164,1780554576323170560,1780554577323170560,HTTP Data Sent,KB,p25,165.18
164,1780554576323170560,1780554577323170560,HTTP Data Sent,KB,p50,165.18
164,1780554576323170560,1780554577323170560,HTTP Data Sent,KB,p75,165.18
164,1780554576323170560,1780554577323170560,HTTP Data Sent,KB,p90,165.18
164,1780554576323170560,1780554577323170560,HTTP Data Sent,KB,p95,165.18
164,1780554576323170560,1780554577323170560,HTTP Data Sent,KB,p99,165.18
164,1780554576323170560,1780554577323170560,HTTP Data Sent,KB,std,0.00
164,1780554576323170560,1780554577323170560,HTTP DNS Lookup,ms,avg,0.00
164,1780554576323170560,1780554577323170560,HTTP DNS Lookup,ms,min,0.00
164,1780554576323170560,1780554577323170560,HTTP DNS Lookup,ms,max,0.00
164,1780554576323170560,1780554577323170560,HTTP DNS Lookup,ms,sum,0.00
164,1780554576323170560,1780554577323170560,HTTP DNS Lookup,ms,p1,0.00
164,1780554576323170560,1780554577323170560,HTTP DNS Lookup,ms,p5,0.00
164,1780554576323170560,1780554577323170560,HTTP DNS Lookup,ms,p10,0.00
164,1780554576323170560,1780554577323170560,HTTP DNS Lookup,ms,p25,0.00
164,1780554576323170560,1780554577323170560,HTTP DNS Lookup,ms,p50,0.00
164,1780554576323170560,1780554577323170560,HTTP DNS Lookup,ms,p75,0.00
164,1780554576323170560,1780554577323170560,HTTP DNS Lookup,ms,p90,0.00
164,1780554576323170560,1780554577323170560,HTTP DNS Lookup,ms,p95,0.00
164,1780554576323170560,1780554577323170560,HTTP DNS Lookup,ms,p99,0.00
164,1780554576323170560,1780554577323170560,HTTP DNS Lookup,ms,std,0.00
164,1780554576323170560,1780554577323170560,HTTP Duration (excl. conn),ms,avg,116148.82
164,1780554576323170560,1780554577323170560,HTTP Duration (excl. conn),ms,min,116148.82
164,1780554576323170560,1780554577323170560,HTTP Duration (excl. conn),ms,max,116148.82
164,1780554576323170560,1780554577323170560,HTTP Duration (excl. conn),ms,sum,116148.82
164,1780554576323170560,1780554577323170560,HTTP Duration (excl. conn),ms,p1,116148.82
164,1780554576323170560,1780554577323170560,HTTP Duration (excl. conn),ms,p5,116148.82
164,1780554576323170560,1780554577323170560,HTTP Duration (excl. conn),ms,p10,116148.82
164,1780554576323170560,1780554577323170560,HTTP Duration (excl. conn),ms,p25,116148.82
164,1780554576323170560,1780554577323170560,HTTP Duration (excl. conn),ms,p50,116148.82
164,1780554576323170560,1780554577323170560,HTTP Duration (excl. conn),ms,p75,116148.82
164,1780554576323170560,1780554577323170560,HTTP Duration (excl. conn),ms,p90,116148.82
164,1780554576323170560,1780554577323170560,HTTP Duration (excl. conn),ms,p95,116148.82
164,1780554576323170560,1780554577323170560,HTTP Duration (excl. conn),ms,p99,116148.82
164,1780554576323170560,1780554577323170560,HTTP Duration (excl. conn),ms,std,0.00
164,1780554576323170560,1780554577323170560,HTTP Receiving,ms,avg,111052.25
164,1780554576323170560,1780554577323170560,HTTP Receiving,ms,min,111052.25
164,1780554576323170560,1780554577323170560,HTTP Receiving,ms,max,111052.25
164,1780554576323170560,1780554577323170560,HTTP Receiving,ms,sum,111052.25
164,1780554576323170560,1780554577323170560,HTTP Receiving,ms,p1,111052.25
164,1780554576323170560,1780554577323170560,HTTP Receiving,ms,p5,111052.25
164,1780554576323170560,1780554577323170560,HTTP Receiving,ms,p10,111052.25
164,1780554576323170560,1780554577323170560,HTTP Receiving,ms,p25,111052.25
164,1780554576323170560,1780554577323170560,HTTP Receiving,ms,p50,111052.25
164,1780554576323170560,1780554577323170560,HTTP Receiving,ms,p75,111052.25
164,1780554576323170560,1780554577323170560,HTTP Receiving,ms,p90,111052.25
164,1780554576323170560,1780554577323170560,HTTP Receiving,ms,p95,111052.25
164,1780554576323170560,1780554577323170560,HTTP Receiving,ms,p99,111052.25
164,1780554576323170560,1780554577323170560,HTTP Receiving,ms,std,0.00
164,1780554576323170560,1780554577323170560,HTTP Sending,ms,avg,0.25
164,1780554576323170560,1780554577323170560,HTTP Sending,ms,min,0.25
164,1780554576323170560,1780554577323170560,HTTP Sending,ms,max,0.25
164,1780554576323170560,1780554577323170560,HTTP Sending,ms,sum,0.25
164,1780554576323170560,1780554577323170560,HTTP Sending,ms,p1,0.25
164,1780554576323170560,1780554577323170560,HTTP Sending,ms,p5,0.25
164,1780554576323170560,1780554577323170560,HTTP Sending,ms,p10,0.25
164,1780554576323170560,1780554577323170560,HTTP Sending,ms,p25,0.25
164,1780554576323170560,1780554577323170560,HTTP Sending,ms,p50,0.25
164,1780554576323170560,1780554577323170560,HTTP Sending,ms,p75,0.25
164,1780554576323170560,1780554577323170560,HTTP Sending,ms,p90,0.25
164,1780554576323170560,1780554577323170560,HTTP Sending,ms,p95,0.25
164,1780554576323170560,1780554577323170560,HTTP Sending,ms,p99,0.25
164,1780554576323170560,1780554577323170560,HTTP Sending,ms,std,0.00
164,1780554576323170560,1780554577323170560,HTTP Total Time,ms,avg,116148.82
164,1780554576323170560,1780554577323170560,HTTP Total Time,ms,min,116148.82
164,1780554576323170560,1780554577323170560,HTTP Total Time,ms,max,116148.82
164,1780554576323170560,1780554577323170560,HTTP Total Time,ms,sum,116148.82
164,1780554576323170560,1780554577323170560,HTTP Total Time,ms,p1,116148.82
164,1780554576323170560,1780554577323170560,HTTP Total Time,ms,p5,116148.82
164,1780554576323170560,1780554577323170560,HTTP Total Time,ms,p10,116148.82
164,1780554576323170560,1780554577323170560,HTTP Total Time,ms,p25,116148.82
164,1780554576323170560,1780554577323170560,HTTP Total Time,ms,p50,116148.82
164,1780554576323170560,1780554577323170560,HTTP Total Time,ms,p75,116148.82
164,1780554576323170560,1780554577323170560,HTTP Total Time,ms,p90,116148.82
164,1780554576323170560,1780554577323170560,HTTP Total Time,ms,p95,116148.82
164,1780554576323170560,1780554577323170560,HTTP Total Time,ms,p99,116148.82
164,1780554576323170560,1780554577323170560,HTTP Total Time,ms,std,0.00
164,1780554576323170560,1780554577323170560,HTTP Waiting (TTFB),ms,avg,5096.32
164,1780554576323170560,1780554577323170560,HTTP Waiting (TTFB),ms,min,5096.32
164,1780554576323170560,1780554577323170560,HTTP Waiting (TTFB),ms,max,5096.32
164,1780554576323170560,1780554577323170560,HTTP Waiting (TTFB),ms,sum,5096.32
164,1780554576323170560,1780554577323170560,HTTP Waiting (TTFB),ms,p1,5096.32
164,1780554576323170560,1780554577323170560,HTTP Waiting (TTFB),ms,p5,5096.32
164,1780554576323170560,1780554577323170560,HTTP Waiting (TTFB),ms,p10,5096.32
164,1780554576323170560,1780554577323170560,HTTP Waiting (TTFB),ms,p25,5096.32
164,1780554576323170560,1780554577323170560,HTTP Waiting (TTFB),ms,p50,5096.32
164,1780554576323170560,1780554577323170560,HTTP Waiting (TTFB),ms,p75,5096.32
164,1780554576323170560,1780554577323170560,HTTP Waiting (TTFB),ms,p90,5096.32
164,1780554576323170560,1780554577323170560,HTTP Waiting (TTFB),ms,p95,5096.32
164,1780554576323170560,1780554577323170560,HTTP Waiting (TTFB),ms,p99,5096.32
164,1780554576323170560,1780554577323170560,HTTP Waiting (TTFB),ms,std,0.00
164,1780554576323170560,1780554577323170560,Input Sequence Length,tokens,avg,42407.00
164,1780554576323170560,1780554577323170560,Input Sequence Length,tokens,min,42407.00
164,1780554576323170560,1780554577323170560,Input Sequence Length,tokens,max,42407.00
164,1780554576323170560,1780554577323170560,Input Sequence Length,tokens,sum,42407.00
164,1780554576323170560,1780554577323170560,Input Sequence Length,tokens,p1,42407.00
164,1780554576323170560,1780554577323170560,Input Sequence Length,tokens,p5,42407.00
164,1780554576323170560,1780554577323170560,Input Sequence Length,tokens,p10,42407.00
164,1780554576323170560,1780554577323170560,Input Sequence Length,tokens,p25,42407.00
164,1780554576323170560,1780554577323170560,Input Sequence Length,tokens,p50,42407.00
164,1780554576323170560,1780554577323170560,Input Sequence Length,tokens,p75,42407.00
164,1780554576323170560,1780554577323170560,Input Sequence Length,tokens,p90,42407.00
164,1780554576323170560,1780554577323170560,Input Sequence Length,tokens,p95,42407.00
164,1780554576323170560,1780554577323170560,Input Sequence Length,tokens,p99,42407.00
164,1780554576323170560,1780554577323170560,Input Sequence Length,tokens,std,0.00
164,1780554576323170560,1780554577323170560,Input Token Throughput,tokens/sec,avg,42407.00
164,1780554576323170560,1780554577323170560,Inter Chunk Latency,ms,avg,885.15
164,1780554576323170560,1780554577323170560,Inter Chunk Latency,ms,min,844.95
164,1780554576323170560,1780554577323170560,Inter Chunk Latency,ms,max,936.33
164,1780554576323170560,1780554577323170560,Inter Chunk Latency,ms,sum,954196.69
164,1780554576323170560,1780554577323170560,Inter Chunk Latency,ms,p1,845.67
164,1780554576323170560,1780554577323170560,Inter Chunk Latency,ms,p5,847.21
164,1780554576323170560,1780554577323170560,Inter Chunk Latency,ms,p10,849.16
164,1780554576323170560,1780554577323170560,Inter Chunk Latency,ms,p25,854.17
164,1780554576323170560,1780554577323170560,Inter Chunk Latency,ms,p50,876.31
164,1780554576323170560,1780554577323170560,Inter Chunk Latency,ms,p75,920.41
164,1780554576323170560,1780554577323170560,Inter Chunk Latency,ms,p90,931.84
164,1780554576323170560,1780554577323170560,Inter Chunk Latency,ms,p95,933.30
164,1780554576323170560,1780554577323170560,Inter Chunk Latency,ms,p99,935.93
164,1780554576323170560,1780554577323170560,Inter Chunk Latency,ms,std,32.78
164,1780554576323170560,1780554577323170560,Inter Token Latency,ms,avg,103.02
164,1780554576323170560,1780554577323170560,Inter Token Latency,ms,min,103.02
164,1780554576323170560,1780554577323170560,Inter Token Latency,ms,max,103.02
164,1780554576323170560,1780554577323170560,Inter Token Latency,ms,sum,103.02
164,1780554576323170560,1780554577323170560,Inter Token Latency,ms,p1,103.02
164,1780554576323170560,1780554577323170560,Inter Token Latency,ms,p5,103.02
164,1780554576323170560,1780554577323170560,Inter Token Latency,ms,p10,103.02
164,1780554576323170560,1780554577323170560,Inter Token Latency,ms,p25,103.02
164,1780554576323170560,1780554577323170560,Inter Token Latency,ms,p50,103.02
164,1780554576323170560,1780554577323170560,Inter Token Latency,ms,p75,103.02
164,1780554576323170560,1780554577323170560,Inter Token Latency,ms,p90,103.02
164,1780554576323170560,1780554577323170560,Inter Token Latency,ms,p95,103.02
164,1780554576323170560,1780554577323170560,Inter Token Latency,ms,p99,103.02
164,1780554576323170560,1780554577323170560,Inter Token Latency,ms,std,0.00
164,1780554576323170560,1780554577323170560,Maximum Response Timestamp,ns,avg,1780554692921790976.00
164,1780554576323170560,1780554577323170560,Minimum Request Timestamp,ns,avg,1780554576772851968.00
164,1780554576323170560,1780554577323170560,OSL Mismatch Count,requests,avg,0.00
164,1780554576323170560,1780554577323170560,OSL Mismatch Diff %,%,avg,0.00
164,1780554576323170560,1780554577323170560,OSL Mismatch Diff %,%,min,0.00
164,1780554576323170560,1780554577323170560,OSL Mismatch Diff %,%,max,0.00
164,1780554576323170560,1780554577323170560,OSL Mismatch Diff %,%,sum,0.00
164,1780554576323170560,1780554577323170560,OSL Mismatch Diff %,%,p1,0.00
164,1780554576323170560,1780554577323170560,OSL Mismatch Diff %,%,p5,0.00
164,1780554576323170560,1780554577323170560,OSL Mismatch Diff %,%,p10,0.00
164,1780554576323170560,1780554577323170560,OSL Mismatch Diff %,%,p25,0.00
164,1780554576323170560,1780554577323170560,OSL Mismatch Diff %,%,p50,0.00
164,1780554576323170560,1780554577323170560,OSL Mismatch Diff %,%,p75,0.00
164,1780554576323170560,1780554577323170560,OSL Mismatch Diff %,%,p90,0.00
164,1780554576323170560,1780554577323170560,OSL Mismatch Diff %,%,p95,0.00
164,1780554576323170560,1780554577323170560,OSL Mismatch Diff %,%,p99,0.00
164,1780554576323170560,1780554577323170560,OSL Mismatch Diff %,%,std,0.00
164,1780554576323170560,1780554577323170560,Output Sequence Length,tokens,avg,1079.00
164,1780554576323170560,1780554577323170560,Output Sequence Length,tokens,min,1079.00
164,1780554576323170560,1780554577323170560,Output Sequence Length,tokens,max,1079.00
164,1780554576323170560,1780554577323170560,Output Sequence Length,tokens,sum,1079.00
164,1780554576323170560,1780554577323170560,Output Sequence Length,tokens,p1,1079.00
164,1780554576323170560,1780554577323170560,Output Sequence Length,tokens,p5,1079.00
164,1780554576323170560,1780554577323170560,Output Sequence Length,tokens,p10,1079.00
164,1780554576323170560,1780554577323170560,Output Sequence Length,tokens,p25,1079.00
164,1780554576323170560,1780554577323170560,Output Sequence Length,tokens,p50,1079.00
164,1780554576323170560,1780554577323170560,Output Sequence Length,tokens,p75,1079.00
164,1780554576323170560,1780554577323170560,Output Sequence Length,tokens,p90,1079.00
164,1780554576323170560,1780554577323170560,Output Sequence Length,tokens,p95,1079.00
164,1780554576323170560,1780554577323170560,Output Sequence Length,tokens,p99,1079.00
164,1780554576323170560,1780554577323170560,Output Sequence Length,tokens,std,0.00
164,1780554576323170560,1780554577323170560,Output Token Count,tokens,avg,1079.00
164,1780554576323170560,1780554577323170560,Output Token Count,tokens,min,1079.00
164,1780554576323170560,1780554577323170560,Output Token Count,tokens,max,1079.00
164,1780554576323170560,1780554577323170560,Output Token Count,tokens,sum,1079.00
164,1780554576323170560,1780554577323170560,Output Token Count,tokens,p1,1079.00
164,1780554576323170560,1780554577323170560,Output Token Count,tokens,p5,1079.00
164,1780554576323170560,1780554577323170560,Output Token Count,tokens,p10,1079.00
164,1780554576323170560,1780554577323170560,Output Token Count,tokens,p25,1079.00
164,1780554576323170560,1780554577323170560,Output Token Count,tokens,p50,1079.00
164,1780554576323170560,1780554577323170560,Output Token Count,tokens,p75,1079.00
164,1780554576323170560,1780554577323170560,Output Token Count,tokens,p90,1079.00
164,1780554576323170560,1780554577323170560,Output Token Count,tokens,p95,1079.00
164,1780554576323170560,1780554577323170560,Output Token Count,tokens,p99,1079.00
164,1780554576323170560,1780554577323170560,Output Token Count,tokens,std,0.00
164,1780554576323170560,1780554577323170560,Output Token Throughput,tokens/sec,avg,1079.00
164,1780554576323170560,1780554577323170560,Output Token Throughput Per User,tokens/sec/user,avg,9.71
164,1780554576323170560,1780554577323170560,Output Token Throughput Per User,tokens/sec/user,min,9.71
164,1780554576323170560,1780554577323170560,Output Token Throughput Per User,tokens/sec/user,max,9.71
164,1780554576323170560,1780554577323170560,Output Token Throughput Per User,tokens/sec/user,sum,9.71
164,1780554576323170560,1780554577323170560,Output Token Throughput Per User,tokens/sec/user,p1,9.71
164,1780554576323170560,1780554577323170560,Output Token Throughput Per User,tokens/sec/user,p5,9.71
164,1780554576323170560,1780554577323170560,Output Token Throughput Per User,tokens/sec/user,p10,9.71
164,1780554576323170560,1780554577323170560,Output Token Throughput Per User,tokens/sec/user,p25,9.71
164,1780554576323170560,1780554577323170560,Output Token Throughput Per User,tokens/sec/user,p50,9.71
164,1780554576323170560,1780554577323170560,Output Token Throughput Per User,tokens/sec/user,p75,9.71
164,1780554576323170560,1780554577323170560,Output Token Throughput Per User,tokens/sec/user,p90,9.71
164,1780554576323170560,1780554577323170560,Output Token Throughput Per User,tokens/sec/user,p95,9.71
164,1780554576323170560,1780554577323170560,Output Token Throughput Per User,tokens/sec/user,p99,9.71
164,1780554576323170560,1780554577323170560,Output Token Throughput Per User,tokens/sec/user,std,0.00
164,1780554576323170560,1780554577323170560,Prefill Throughput Per User,tokens/sec/user,avg,8320.49
164,1780554576323170560,1780554577323170560,Prefill Throughput Per User,tokens/sec/user,min,8320.49
164,1780554576323170560,1780554577323170560,Prefill Throughput Per User,tokens/sec/user,max,8320.49
164,1780554576323170560,1780554577323170560,Prefill Throughput Per User,tokens/sec/user,sum,8320.49
164,1780554576323170560,1780554577323170560,Prefill Throughput Per User,tokens/sec/user,p1,8320.49
164,1780554576323170560,1780554577323170560,Prefill Throughput Per User,tokens/sec/user,p5,8320.49
164,1780554576323170560,1780554577323170560,Prefill Throughput Per User,tokens/sec/user,p10,8320.49
164,1780554576323170560,1780554577323170560,Prefill Throughput Per User,tokens/sec/user,p25,8320.49
164,1780554576323170560,1780554577323170560,Prefill Throughput Per User,tokens/sec/user,p50,8320.49
164,1780554576323170560,1780554577323170560,Prefill Throughput Per User,tokens/sec/user,p75,8320.49
164,1780554576323170560,1780554577323170560,Prefill Throughput Per User,tokens/sec/user,p90,8320.49
164,1780554576323170560,1780554577323170560,Prefill Throughput Per User,tokens/sec/user,p95,8320.49
164,1780554576323170560,1780554577323170560,Prefill Throughput Per User,tokens/sec/user,p99,8320.49
164,1780554576323170560,1780554577323170560,Prefill Throughput Per User,tokens/sec/user,std,0.00
164,1780554576323170560,1780554577323170560,Request Count,requests,avg,1.00
164,1780554576323170560,1780554577323170560,Request Latency,ms,avg,116148.94
164,1780554576323170560,1780554577323170560,Request Latency,ms,min,116148.94
164,1780554576323170560,1780554577323170560,Request Latency,ms,max,116148.94
164,1780554576323170560,1780554577323170560,Request Latency,ms,sum,116148.94
164,1780554576323170560,1780554577323170560,Request Latency,ms,p1,116148.94
164,1780554576323170560,1780554577323170560,Request Latency,ms,p5,116148.94
164,1780554576323170560,1780554577323170560,Request Latency,ms,p10,116148.94
164,1780554576323170560,1780554577323170560,Request Latency,ms,p25,116148.94
164,1780554576323170560,1780554577323170560,Request Latency,ms,p50,116148.94
164,1780554576323170560,1780554577323170560,Request Latency,ms,p75,116148.94
164,1780554576323170560,1780554577323170560,Request Latency,ms,p90,116148.94
164,1780554576323170560,1780554577323170560,Request Latency,ms,p95,116148.94
164,1780554576323170560,1780554577323170560,Request Latency,ms,p99,116148.94
164,1780554576323170560,1780554577323170560,Request Latency,ms,std,0.00
164,1780554576323170560,1780554577323170560,Request Throughput,requests/sec,avg,1.00
164,1780554576323170560,1780554577323170560,Requested OSL,tokens,avg,1079.00
164,1780554576323170560,1780554577323170560,Requested OSL,tokens,min,1079.00
164,1780554576323170560,1780554577323170560,Requested OSL,tokens,max,1079.00
164,1780554576323170560,1780554577323170560,Requested OSL,tokens,sum,1079.00
164,1780554576323170560,1780554577323170560,Requested OSL,tokens,p1,1079.00
164,1780554576323170560,1780554577323170560,Requested OSL,tokens,p5,1079.00
164,1780554576323170560,1780554577323170560,Requested OSL,tokens,p10,1079.00
164,1780554576323170560,1780554577323170560,Requested OSL,tokens,p25,1079.00
164,1780554576323170560,1780554577323170560,Requested OSL,tokens,p50,1079.00
164,1780554576323170560,1780554577323170560,Requested OSL,tokens,p75,1079.00
164,1780554576323170560,1780554577323170560,Requested OSL,tokens,p90,1079.00
164,1780554576323170560,1780554577323170560,Requested OSL,tokens,p95,1079.00
164,1780554576323170560,1780554577323170560,Requested OSL,tokens,p99,1079.00
164,1780554576323170560,1780554577323170560,Requested OSL,tokens,std,0.00
164,1780554576323170560,1780554577323170560,Time to First Output Token,ms,avg,5096.70
164,1780554576323170560,1780554577323170560,Time to First Output Token,ms,min,5096.70
164,1780554576323170560,1780554577323170560,Time to First Output Token,ms,max,5096.70
164,1780554576323170560,1780554577323170560,Time to First Output Token,ms,sum,5096.70
164,1780554576323170560,1780554577323170560,Time to First Output Token,ms,p1,5096.70
164,1780554576323170560,1780554577323170560,Time to First Output Token,ms,p5,5096.70
164,1780554576323170560,1780554577323170560,Time to First Output Token,ms,p10,5096.70
164,1780554576323170560,1780554577323170560,Time to First Output Token,ms,p25,5096.70
164,1780554576323170560,1780554577323170560,Time to First Output Token,ms,p50,5096.70
164,1780554576323170560,1780554577323170560,Time to First Output Token,ms,p75,5096.70
164,1780554576323170560,1780554577323170560,Time to First Output Token,ms,p90,5096.70
164,1780554576323170560,1780554577323170560,Time to First Output Token,ms,p95,5096.70
164,1780554576323170560,1780554577323170560,Time to First Output Token,ms,p99,5096.70
164,1780554576323170560,1780554577323170560,Time to First Output Token,ms,std,0.00
164,1780554576323170560,1780554577323170560,Time to First Token,ms,avg,5096.70
164,1780554576323170560,1780554577323170560,Time to First Token,ms,min,5096.70
164,1780554576323170560,1780554577323170560,Time to First Token,ms,max,5096.70
164,1780554576323170560,1780554577323170560,Time to First Token,ms,sum,5096.70
164,1780554576323170560,1780554577323170560,Time to First Token,ms,p1,5096.70
164,1780554576323170560,1780554577323170560,Time to First Token,ms,p5,5096.70
164,1780554576323170560,1780554577323170560,Time to First Token,ms,p10,5096.70
164,1780554576323170560,1780554577323170560,Time to First Token,ms,p25,5096.70
164,1780554576323170560,1780554577323170560,Time to First Token,ms,p50,5096.70
164,1780554576323170560,1780554577323170560,Time to First Token,ms,p75,5096.70
164,1780554576323170560,1780554577323170560,Time to First Token,ms,p90,5096.70
164,1780554576323170560,1780554577323170560,Time to First Token,ms,p95,5096.70
164,1780554576323170560,1780554577323170560,Time to First Token,ms,p99,5096.70
164,1780554576323170560,1780554577323170560,Time to First Token,ms,std,0.00
164,1780554576323170560,1780554577323170560,Time to Second Token,ms,avg,29.51
164,1780554576323170560,1780554577323170560,Time to Second Token,ms,min,29.51
164,1780554576323170560,1780554577323170560,Time to Second Token,ms,max,29.51
164,1780554576323170560,1780554577323170560,Time to Second Token,ms,sum,29.51
164,1780554576323170560,1780554577323170560,Time to Second Token,ms,p1,29.51
164,1780554576323170560,1780554577323170560,Time to Second Token,ms,p5,29.51
164,1780554576323170560,1780554577323170560,Time to Second Token,ms,p10,29.51
164,1780554576323170560,1780554577323170560,Time to Second Token,ms,p25,29.51
164,1780554576323170560,1780554577323170560,Time to Second Token,ms,p50,29.51
164,1780554576323170560,1780554577323170560,Time to Second Token,ms,p75,29.51
164,1780554576323170560,1780554577323170560,Time to Second Token,ms,p90,29.51
164,1780554576323170560,1780554577323170560,Time to Second Token,ms,p95,29.51
164,1780554576323170560,1780554577323170560,Time to Second Token,ms,p99,29.51
164,1780554576323170560,1780554577323170560,Time to Second Token,ms,std,0.00
164,1780554576323170560,1780554577323170560,Tokens In Flight,tokens,avg,995684.29
164,1780554576323170560,1780554577323170560,Tokens In Flight,tokens,min,886700.32
164,1780554576323170560,1780554577323170560,Tokens In Flight,tokens,max,1016805.32
164,1780554576323170560,1780554577323170560,Tokens In Flight,tokens,p50,1016384.62
164,1780554576323170560,1780554577323170560,Tokens In Flight,tokens,p90,1016400.61
164,1780554576323170560,1780554577323170560,Tokens In Flight,tokens,p95,1016402.61
164,1780554576323170560,1780554577323170560,Tokens In Flight,tokens,p99,1016405.75
164,1780554576323170560,1780554577323170560,Tokens In Flight,tokens,std,24332.04
164,1780554576323170560,1780554577323170560,Total Input Sequence Length,tokens,avg,42407.00
164,1780554576323170560,1780554577323170560,Total Output Sequence Length,tokens,avg,1079.00
164,1780554576323170560,1780554577323170560,Total Output Tokens,tokens,avg,1079.00
164,1780554576323170560,1780554577323170560,Total Token Throughput,tokens/sec,avg,43486.00
164,1780554576323170560,1780554577323170560,Total Usage Completion Tokens,tokens,avg,1079.00
164,1780554576323170560,1780554577323170560,Total Usage Prompt Tokens,tokens,avg,42407.00
164,1780554576323170560,1780554577323170560,Total Usage Total Tokens,tokens,avg,43486.00
164,1780554576323170560,1780554577323170560,Usage Completion Tokens,tokens,avg,1079.00
164,1780554576323170560,1780554577323170560,Usage Completion Tokens,tokens,min,1079.00
164,1780554576323170560,1780554577323170560,Usage Completion Tokens,tokens,max,1079.00
164,1780554576323170560,1780554577323170560,Usage Completion Tokens,tokens,sum,1079.00
164,1780554576323170560,1780554577323170560,Usage Completion Tokens,tokens,p1,1079.00
164,1780554576323170560,1780554577323170560,Usage Completion Tokens,tokens,p5,1079.00
164,1780554576323170560,1780554577323170560,Usage Completion Tokens,tokens,p10,1079.00
164,1780554576323170560,1780554577323170560,Usage Completion Tokens,tokens,p25,1079.00
164,1780554576323170560,1780554577323170560,Usage Completion Tokens,tokens,p50,1079.00
164,1780554576323170560,1780554577323170560,Usage Completion Tokens,tokens,p75,1079.00
164,1780554576323170560,1780554577323170560,Usage Completion Tokens,tokens,p90,1079.00
164,1780554576323170560,1780554577323170560,Usage Completion Tokens,tokens,p95,1079.00
164,1780554576323170560,1780554577323170560,Usage Completion Tokens,tokens,p99,1079.00
164,1780554576323170560,1780554577323170560,Usage Completion Tokens,tokens,std,0.00
164,1780554576323170560,1780554577323170560,Usage Prompt Tokens,tokens,avg,42407.00
164,1780554576323170560,1780554577323170560,Usage Prompt Tokens,tokens,min,42407.00
164,1780554576323170560,1780554577323170560,Usage Prompt Tokens,tokens,max,42407.00
164,1780554576323170560,1780554577323170560,Usage Prompt Tokens,tokens,sum,42407.00
164,1780554576323170560,1780554577323170560,Usage Prompt Tokens,tokens,p1,42407.00
164,1780554576323170560,1780554577323170560,Usage Prompt Tokens,tokens,p5,42407.00
164,1780554576323170560,1780554577323170560,Usage Prompt Tokens,tokens,p10,42407.00
164,1780554576323170560,1780554577323170560,Usage Prompt Tokens,tokens,p25,42407.00
164,1780554576323170560,1780554577323170560,Usage Prompt Tokens,tokens,p50,42407.00
164,1780554576323170560,1780554577323170560,Usage Prompt Tokens,tokens,p75,42407.00
164,1780554576323170560,1780554577323170560,Usage Prompt Tokens,tokens,p90,42407.00
164,1780554576323170560,1780554577323170560,Usage Prompt Tokens,tokens,p95,42407.00
164,1780554576323170560,1780554577323170560,Usage Prompt Tokens,tokens,p99,42407.00
164,1780554576323170560,1780554577323170560,Usage Prompt Tokens,tokens,std,0.00
164,1780554576323170560,1780554577323170560,Usage Total Tokens,tokens,avg,43486.00
164,1780554576323170560,1780554577323170560,Usage Total Tokens,tokens,min,43486.00
164,1780554576323170560,1780554577323170560,Usage Total Tokens,tokens,max,43486.00
164,1780554576323170560,1780554577323170560,Usage Total Tokens,tokens,sum,43486.00
164,1780554576323170560,1780554577323170560,Usage Total Tokens,tokens,p1,43486.00
164,1780554576323170560,1780554577323170560,Usage Total Tokens,tokens,p5,43486.00
164,1780554576323170560,1780554577323170560,Usage Total Tokens,tokens,p10,43486.00
164,1780554576323170560,1780554577323170560,Usage Total Tokens,tokens,p25,43486.00
164,1780554576323170560,1780554577323170560,Usage Total Tokens,tokens,p50,43486.00
164,1780554576323170560,1780554577323170560,Usage Total Tokens,tokens,p75,43486.00
164,1780554576323170560,1780554577323170560,Usage Total Tokens,tokens,p90,43486.00
164,1780554576323170560,1780554577323170560,Usage Total Tokens,tokens,p95,43486.00
164,1780554576323170560,1780554577323170560,Usage Total Tokens,tokens,p99,43486.00
164,1780554576323170560,1780554577323170560,Usage Total Tokens,tokens,std,0.00
165,1780554585323170560,1780554586323170560,Active Decode Throughput,tokens/sec,avg,68.33
165,1780554585323170560,1780554586323170560,Active Decode Throughput,tokens/sec,min,60.85
165,1780554585323170560,1780554586323170560,Active Decode Throughput,tokens/sec,max,76.50
165,1780554585323170560,1780554586323170560,Active Decode Throughput,tokens/sec,p50,68.34
165,1780554585323170560,1780554586323170560,Active Decode Throughput,tokens/sec,p90,68.35
165,1780554585323170560,1780554586323170560,Active Decode Throughput,tokens/sec,p95,68.35
165,1780554585323170560,1780554586323170560,Active Decode Throughput,tokens/sec,p99,68.35
165,1780554585323170560,1780554586323170560,Active Decode Throughput,tokens/sec,std,0.02
165,1780554585323170560,1780554586323170560,Active Decode Throughput Per User,tokens/sec/user,avg,6.83
165,1780554585323170560,1780554586323170560,Active Decode Throughput Per User,tokens/sec/user,min,6.08
165,1780554585323170560,1780554586323170560,Active Decode Throughput Per User,tokens/sec/user,max,7.65
165,1780554585323170560,1780554586323170560,Active Decode Throughput Per User,tokens/sec/user,p50,6.83
165,1780554585323170560,1780554586323170560,Active Decode Throughput Per User,tokens/sec/user,p90,6.84
165,1780554585323170560,1780554586323170560,Active Decode Throughput Per User,tokens/sec/user,p95,6.84
165,1780554585323170560,1780554586323170560,Active Decode Throughput Per User,tokens/sec/user,p99,6.84
165,1780554585323170560,1780554586323170560,Active Decode Throughput Per User,tokens/sec/user,std,0.00
165,1780554585323170560,1780554586323170560,Active Prefill Throughput,tokens/sec,avg,13764.06
165,1780554585323170560,1780554586323170560,Active Prefill Throughput,tokens/sec,min,13764.06
165,1780554585323170560,1780554586323170560,Active Prefill Throughput,tokens/sec,max,13764.06
165,1780554585323170560,1780554586323170560,Active Prefill Throughput,tokens/sec,p50,13764.06
165,1780554585323170560,1780554586323170560,Active Prefill Throughput,tokens/sec,p90,13764.06
165,1780554585323170560,1780554586323170560,Active Prefill Throughput,tokens/sec,p95,13764.06
165,1780554585323170560,1780554586323170560,Active Prefill Throughput,tokens/sec,p99,13764.06
165,1780554585323170560,1780554586323170560,Active Prefill Throughput,tokens/sec,std,0.00
165,1780554585323170560,1780554586323170560,Active Prefill Throughput Per User,tokens/sec/user,avg,13764.06
165,1780554585323170560,1780554586323170560,Active Prefill Throughput Per User,tokens/sec/user,min,13764.06
165,1780554585323170560,1780554586323170560,Active Prefill Throughput Per User,tokens/sec/user,max,13764.06
165,1780554585323170560,1780554586323170560,Active Prefill Throughput Per User,tokens/sec/user,p50,13764.06
165,1780554585323170560,1780554586323170560,Active Prefill Throughput Per User,tokens/sec/user,p90,13764.06
165,1780554585323170560,1780554586323170560,Active Prefill Throughput Per User,tokens/sec/user,p95,13764.06
165,1780554585323170560,1780554586323170560,Active Prefill Throughput Per User,tokens/sec/user,p99,13764.06
165,1780554585323170560,1780554586323170560,Active Prefill Throughput Per User,tokens/sec/user,std,0.00
165,1780554585323170560,1780554586323170560,Active Total Throughput,tokens/sec,avg,9743.89
165,1780554585323170560,1780554586323170560,Active Total Throughput,tokens/sec,min,98.88
165,1780554585323170560,1780554586323170560,Active Total Throughput,tokens/sec,max,13862.93
165,1780554585323170560,1780554586323170560,Active Total Throughput,tokens/sec,p50,13862.93
165,1780554585323170560,1780554586323170560,Active Total Throughput,tokens/sec,p90,13862.93
165,1780554585323170560,1780554586323170560,Active Total Throughput,tokens/sec,p95,13862.93
165,1780554585323170560,1780554586323170560,Active Total Throughput,tokens/sec,p99,13862.93
165,1780554585323170560,1780554586323170560,Active Total Throughput,tokens/sec,std,6303.03
165,1780554585323170560,1780554586323170560,Benchmark Duration,sec,avg,133.88
165,1780554585323170560,1780554586323170560,E2E Output Token Throughput,tokens/sec/user,avg,8.28
165,1780554585323170560,1780554586323170560,E2E Output Token Throughput,tokens/sec/user,min,8.28
165,1780554585323170560,1780554586323170560,E2E Output Token Throughput,tokens/sec/user,max,8.28
165,1780554585323170560,1780554586323170560,E2E Output Token Throughput,tokens/sec/user,sum,8.28
165,1780554585323170560,1780554586323170560,E2E Output Token Throughput,tokens/sec/user,p1,8.28
165,1780554585323170560,1780554586323170560,E2E Output Token Throughput,tokens/sec/user,p5,8.28
165,1780554585323170560,1780554586323170560,E2E Output Token Throughput,tokens/sec/user,p10,8.28
165,1780554585323170560,1780554586323170560,E2E Output Token Throughput,tokens/sec/user,p25,8.28
165,1780554585323170560,1780554586323170560,E2E Output Token Throughput,tokens/sec/user,p50,8.28
165,1780554585323170560,1780554586323170560,E2E Output Token Throughput,tokens/sec/user,p75,8.28
165,1780554585323170560,1780554586323170560,E2E Output Token Throughput,tokens/sec/user,p90,8.28
165,1780554585323170560,1780554586323170560,E2E Output Token Throughput,tokens/sec/user,p95,8.28
165,1780554585323170560,1780554586323170560,E2E Output Token Throughput,tokens/sec/user,p99,8.28
165,1780554585323170560,1780554586323170560,E2E Output Token Throughput,tokens/sec/user,std,0.00
165,1780554585323170560,1780554586323170560,Effective Concurrency,requests,avg,10.70
165,1780554585323170560,1780554586323170560,Effective Concurrency,requests,min,10.00
165,1780554585323170560,1780554586323170560,Effective Concurrency,requests,max,11.00
165,1780554585323170560,1780554586323170560,Effective Concurrency,requests,p50,11.00
165,1780554585323170560,1780554586323170560,Effective Concurrency,requests,p90,11.00
165,1780554585323170560,1780554586323170560,Effective Concurrency,requests,p95,11.00
165,1780554585323170560,1780554586323170560,Effective Concurrency,requests,p99,11.00
165,1780554585323170560,1780554586323170560,Effective Concurrency,requests,std,0.46
165,1780554585323170560,1780554586323170560,Effective Decode Concurrency,requests,avg,10.00
165,1780554585323170560,1780554586323170560,Effective Decode Concurrency,requests,min,10.00
165,1780554585323170560,1780554586323170560,Effective Decode Concurrency,requests,max,10.00
165,1780554585323170560,1780554586323170560,Effective Decode Concurrency,requests,p50,10.00
165,1780554585323170560,1780554586323170560,Effective Decode Concurrency,requests,p90,10.00
165,1780554585323170560,1780554586323170560,Effective Decode Concurrency,requests,p95,10.00
165,1780554585323170560,1780554586323170560,Effective Decode Concurrency,requests,p99,10.00
165,1780554585323170560,1780554586323170560,Effective Decode Concurrency,requests,std,0.00
165,1780554585323170560,1780554586323170560,Effective Decode Throughput,tokens/sec,avg,68.33
165,1780554585323170560,1780554586323170560,Effective Decode Throughput,tokens/sec,min,60.85
165,1780554585323170560,1780554586323170560,Effective Decode Throughput,tokens/sec,max,76.50
165,1780554585323170560,1780554586323170560,Effective Decode Throughput,tokens/sec,p50,68.34
165,1780554585323170560,1780554586323170560,Effective Decode Throughput,tokens/sec,p90,68.35
165,1780554585323170560,1780554586323170560,Effective Decode Throughput,tokens/sec,p95,68.35
165,1780554585323170560,1780554586323170560,Effective Decode Throughput,tokens/sec,p99,68.35
165,1780554585323170560,1780554586323170560,Effective Decode Throughput,tokens/sec,std,0.02
165,1780554585323170560,1780554586323170560,Effective Decode Throughput Per User,tokens/sec/user,avg,6.83
165,1780554585323170560,1780554586323170560,Effective Decode Throughput Per User,tokens/sec/user,min,6.08
165,1780554585323170560,1780554586323170560,Effective Decode Throughput Per User,tokens/sec/user,max,7.65
165,1780554585323170560,1780554586323170560,Effective Decode Throughput Per User,tokens/sec/user,p50,6.83
165,1780554585323170560,1780554586323170560,Effective Decode Throughput Per User,tokens/sec/user,p90,6.84
165,1780554585323170560,1780554586323170560,Effective Decode Throughput Per User,tokens/sec/user,p95,6.84
165,1780554585323170560,1780554586323170560,Effective Decode Throughput Per User,tokens/sec/user,p99,6.84
165,1780554585323170560,1780554586323170560,Effective Decode Throughput Per User,tokens/sec/user,std,0.00
165,1780554585323170560,1780554586323170560,Effective Prefill Concurrency,requests,avg,0.70
165,1780554585323170560,1780554586323170560,Effective Prefill Concurrency,requests,min,0.00
165,1780554585323170560,1780554586323170560,Effective Prefill Concurrency,requests,max,1.00
165,1780554585323170560,1780554586323170560,Effective Prefill Concurrency,requests,p50,1.00
165,1780554585323170560,1780554586323170560,Effective Prefill Concurrency,requests,p90,1.00
165,1780554585323170560,1780554586323170560,Effective Prefill Concurrency,requests,p95,1.00
165,1780554585323170560,1780554586323170560,Effective Prefill Concurrency,requests,p99,1.00
165,1780554585323170560,1780554586323170560,Effective Prefill Concurrency,requests,std,0.46
165,1780554585323170560,1780554586323170560,Effective Prefill Throughput,tokens/sec,avg,9645.02
165,1780554585323170560,1780554586323170560,Effective Prefill Throughput,tokens/sec,min,0.00
165,1780554585323170560,1780554586323170560,Effective Prefill Throughput,tokens/sec,max,13764.06
165,1780554585323170560,1780554586323170560,Effective Prefill Throughput,tokens/sec,p50,13764.06
165,1780554585323170560,1780554586323170560,Effective Prefill Throughput,tokens/sec,p90,13764.06
165,1780554585323170560,1780554586323170560,Effective Prefill Throughput,tokens/sec,p95,13764.06
165,1780554585323170560,1780554586323170560,Effective Prefill Throughput,tokens/sec,p99,13764.06
165,1780554585323170560,1780554586323170560,Effective Prefill Throughput,tokens/sec,std,6303.03
165,1780554585323170560,1780554586323170560,Effective Prefill Throughput Per User,tokens/sec/user,avg,9645.02
165,1780554585323170560,1780554586323170560,Effective Prefill Throughput Per User,tokens/sec/user,min,0.00
165,1780554585323170560,1780554586323170560,Effective Prefill Throughput Per User,tokens/sec/user,max,13764.06
165,1780554585323170560,1780554586323170560,Effective Prefill Throughput Per User,tokens/sec/user,p50,13764.06
165,1780554585323170560,1780554586323170560,Effective Prefill Throughput Per User,tokens/sec/user,p90,13764.06
165,1780554585323170560,1780554586323170560,Effective Prefill Throughput Per User,tokens/sec/user,p95,13764.06
165,1780554585323170560,1780554586323170560,Effective Prefill Throughput Per User,tokens/sec/user,p99,13764.06
165,1780554585323170560,1780554586323170560,Effective Prefill Throughput Per User,tokens/sec/user,std,6303.03
165,1780554585323170560,1780554586323170560,Effective Total Throughput,tokens/sec,avg,9743.89
165,1780554585323170560,1780554586323170560,Effective Total Throughput,tokens/sec,min,98.88
165,1780554585323170560,1780554586323170560,Effective Total Throughput,tokens/sec,max,13862.93
165,1780554585323170560,1780554586323170560,Effective Total Throughput,tokens/sec,p50,13862.93
165,1780554585323170560,1780554586323170560,Effective Total Throughput,tokens/sec,p90,13862.93
165,1780554585323170560,1780554586323170560,Effective Total Throughput,tokens/sec,p95,13862.93
165,1780554585323170560,1780554586323170560,Effective Total Throughput,tokens/sec,p99,13862.93
165,1780554585323170560,1780554586323170560,Effective Total Throughput,tokens/sec,std,6303.03
165,1780554585323170560,1780554586323170560,HTTP Blocked,ms,avg,0.00
165,1780554585323170560,1780554586323170560,HTTP Blocked,ms,min,0.00
165,1780554585323170560,1780554586323170560,HTTP Blocked,ms,max,0.00
165,1780554585323170560,1780554586323170560,HTTP Blocked,ms,sum,0.00
165,1780554585323170560,1780554586323170560,HTTP Blocked,ms,p1,0.00
165,1780554585323170560,1780554586323170560,HTTP Blocked,ms,p5,0.00
165,1780554585323170560,1780554586323170560,HTTP Blocked,ms,p10,0.00
165,1780554585323170560,1780554586323170560,HTTP Blocked,ms,p25,0.00
165,1780554585323170560,1780554586323170560,HTTP Blocked,ms,p50,0.00
165,1780554585323170560,1780554586323170560,HTTP Blocked,ms,p75,0.00
165,1780554585323170560,1780554586323170560,HTTP Blocked,ms,p90,0.00
165,1780554585323170560,1780554586323170560,HTTP Blocked,ms,p95,0.00
165,1780554585323170560,1780554586323170560,HTTP Blocked,ms,p99,0.00
165,1780554585323170560,1780554586323170560,HTTP Blocked,ms,std,0.00
165,1780554585323170560,1780554586323170560,HTTP Chunks Received,count,avg,1108.00
165,1780554585323170560,1780554586323170560,HTTP Chunks Received,count,min,1108.00
165,1780554585323170560,1780554586323170560,HTTP Chunks Received,count,max,1108.00
165,1780554585323170560,1780554586323170560,HTTP Chunks Received,count,sum,1108.00
165,1780554585323170560,1780554586323170560,HTTP Chunks Received,count,p1,1108.00
165,1780554585323170560,1780554586323170560,HTTP Chunks Received,count,p5,1108.00
165,1780554585323170560,1780554586323170560,HTTP Chunks Received,count,p10,1108.00
165,1780554585323170560,1780554586323170560,HTTP Chunks Received,count,p25,1108.00
165,1780554585323170560,1780554586323170560,HTTP Chunks Received,count,p50,1108.00
165,1780554585323170560,1780554586323170560,HTTP Chunks Received,count,p75,1108.00
165,1780554585323170560,1780554586323170560,HTTP Chunks Received,count,p90,1108.00
165,1780554585323170560,1780554586323170560,HTTP Chunks Received,count,p95,1108.00
165,1780554585323170560,1780554586323170560,HTTP Chunks Received,count,p99,1108.00
165,1780554585323170560,1780554586323170560,HTTP Chunks Received,count,std,0.00
165,1780554585323170560,1780554586323170560,HTTP Chunks Sent,count,avg,1.00
165,1780554585323170560,1780554586323170560,HTTP Chunks Sent,count,min,1.00
165,1780554585323170560,1780554586323170560,HTTP Chunks Sent,count,max,1.00
165,1780554585323170560,1780554586323170560,HTTP Chunks Sent,count,sum,1.00
165,1780554585323170560,1780554586323170560,HTTP Chunks Sent,count,p1,1.00
165,1780554585323170560,1780554586323170560,HTTP Chunks Sent,count,p5,1.00
165,1780554585323170560,1780554586323170560,HTTP Chunks Sent,count,p10,1.00
165,1780554585323170560,1780554586323170560,HTTP Chunks Sent,count,p25,1.00
165,1780554585323170560,1780554586323170560,HTTP Chunks Sent,count,p50,1.00
165,1780554585323170560,1780554586323170560,HTTP Chunks Sent,count,p75,1.00
165,1780554585323170560,1780554586323170560,HTTP Chunks Sent,count,p90,1.00
165,1780554585323170560,1780554586323170560,HTTP Chunks Sent,count,p95,1.00
165,1780554585323170560,1780554586323170560,HTTP Chunks Sent,count,p99,1.00
165,1780554585323170560,1780554586323170560,HTTP Chunks Sent,count,std,0.00
165,1780554585323170560,1780554586323170560,HTTP Connecting,ms,avg,1.08
165,1780554585323170560,1780554586323170560,HTTP Connecting,ms,min,1.08
165,1780554585323170560,1780554586323170560,HTTP Connecting,ms,max,1.08
165,1780554585323170560,1780554586323170560,HTTP Connecting,ms,sum,1.08
165,1780554585323170560,1780554586323170560,HTTP Connecting,ms,p1,1.08
165,1780554585323170560,1780554586323170560,HTTP Connecting,ms,p5,1.08
165,1780554585323170560,1780554586323170560,HTTP Connecting,ms,p10,1.08
165,1780554585323170560,1780554586323170560,HTTP Connecting,ms,p25,1.08
165,1780554585323170560,1780554586323170560,HTTP Connecting,ms,p50,1.08
165,1780554585323170560,1780554586323170560,HTTP Connecting,ms,p75,1.08
165,1780554585323170560,1780554586323170560,HTTP Connecting,ms,p90,1.08
165,1780554585323170560,1780554586323170560,HTTP Connecting,ms,p95,1.08
165,1780554585323170560,1780554586323170560,HTTP Connecting,ms,p99,1.08
165,1780554585323170560,1780554586323170560,HTTP Connecting,ms,std,0.00
165,1780554585323170560,1780554586323170560,HTTP Connection Overhead,ms,avg,1.49
165,1780554585323170560,1780554586323170560,HTTP Connection Overhead,ms,min,1.49
165,1780554585323170560,1780554586323170560,HTTP Connection Overhead,ms,max,1.49
165,1780554585323170560,1780554586323170560,HTTP Connection Overhead,ms,sum,1.49
165,1780554585323170560,1780554586323170560,HTTP Connection Overhead,ms,p1,1.49
165,1780554585323170560,1780554586323170560,HTTP Connection Overhead,ms,p5,1.49
165,1780554585323170560,1780554586323170560,HTTP Connection Overhead,ms,p10,1.49
165,1780554585323170560,1780554586323170560,HTTP Connection Overhead,ms,p25,1.49
165,1780554585323170560,1780554586323170560,HTTP Connection Overhead,ms,p50,1.49
165,1780554585323170560,1780554586323170560,HTTP Connection Overhead,ms,p75,1.49
165,1780554585323170560,1780554586323170560,HTTP Connection Overhead,ms,p90,1.49
165,1780554585323170560,1780554586323170560,HTTP Connection Overhead,ms,p95,1.49
165,1780554585323170560,1780554586323170560,HTTP Connection Overhead,ms,p99,1.49
165,1780554585323170560,1780554586323170560,HTTP Connection Overhead,ms,std,0.00
165,1780554585323170560,1780554586323170560,HTTP Connection Reused,ratio,avg,0.00
165,1780554585323170560,1780554586323170560,HTTP Connection Reused,ratio,min,0.00
165,1780554585323170560,1780554586323170560,HTTP Connection Reused,ratio,max,0.00
165,1780554585323170560,1780554586323170560,HTTP Connection Reused,ratio,sum,0.00
165,1780554585323170560,1780554586323170560,HTTP Connection Reused,ratio,p1,0.00
165,1780554585323170560,1780554586323170560,HTTP Connection Reused,ratio,p5,0.00
165,1780554585323170560,1780554586323170560,HTTP Connection Reused,ratio,p10,0.00
165,1780554585323170560,1780554586323170560,HTTP Connection Reused,ratio,p25,0.00
165,1780554585323170560,1780554586323170560,HTTP Connection Reused,ratio,p50,0.00
165,1780554585323170560,1780554586323170560,HTTP Connection Reused,ratio,p75,0.00
165,1780554585323170560,1780554586323170560,HTTP Connection Reused,ratio,p90,0.00
165,1780554585323170560,1780554586323170560,HTTP Connection Reused,ratio,p95,0.00
165,1780554585323170560,1780554586323170560,HTTP Connection Reused,ratio,p99,0.00
165,1780554585323170560,1780554586323170560,HTTP Connection Reused,ratio,std,0.00
165,1780554585323170560,1780554586323170560,HTTP Data Received,KB,avg,275.74
165,1780554585323170560,1780554586323170560,HTTP Data Received,KB,min,275.74
165,1780554585323170560,1780554586323170560,HTTP Data Received,KB,max,275.74
165,1780554585323170560,1780554586323170560,HTTP Data Received,KB,sum,275.74
165,1780554585323170560,1780554586323170560,HTTP Data Received,KB,p1,275.74
165,1780554585323170560,1780554586323170560,HTTP Data Received,KB,p5,275.74
165,1780554585323170560,1780554586323170560,HTTP Data Received,KB,p10,275.74
165,1780554585323170560,1780554586323170560,HTTP Data Received,KB,p25,275.74
165,1780554585323170560,1780554586323170560,HTTP Data Received,KB,p50,275.74
165,1780554585323170560,1780554586323170560,HTTP Data Received,KB,p75,275.74
165,1780554585323170560,1780554586323170560,HTTP Data Received,KB,p90,275.74
165,1780554585323170560,1780554586323170560,HTTP Data Received,KB,p95,275.74
165,1780554585323170560,1780554586323170560,HTTP Data Received,KB,p99,275.74
165,1780554585323170560,1780554586323170560,HTTP Data Received,KB,std,0.00
165,1780554585323170560,1780554586323170560,HTTP Data Sent,KB,avg,505.03
165,1780554585323170560,1780554586323170560,HTTP Data Sent,KB,min,505.03
165,1780554585323170560,1780554586323170560,HTTP Data Sent,KB,max,505.03
165,1780554585323170560,1780554586323170560,HTTP Data Sent,KB,sum,505.03
165,1780554585323170560,1780554586323170560,HTTP Data Sent,KB,p1,505.03
165,1780554585323170560,1780554586323170560,HTTP Data Sent,KB,p5,505.03
165,1780554585323170560,1780554586323170560,HTTP Data Sent,KB,p10,505.03
165,1780554585323170560,1780554586323170560,HTTP Data Sent,KB,p25,505.03
165,1780554585323170560,1780554586323170560,HTTP Data Sent,KB,p50,505.03
165,1780554585323170560,1780554586323170560,HTTP Data Sent,KB,p75,505.03
165,1780554585323170560,1780554586323170560,HTTP Data Sent,KB,p90,505.03
165,1780554585323170560,1780554586323170560,HTTP Data Sent,KB,p95,505.03
165,1780554585323170560,1780554586323170560,HTTP Data Sent,KB,p99,505.03
165,1780554585323170560,1780554586323170560,HTTP Data Sent,KB,std,0.00
165,1780554585323170560,1780554586323170560,HTTP DNS Lookup,ms,avg,0.41
165,1780554585323170560,1780554586323170560,HTTP DNS Lookup,ms,min,0.41
165,1780554585323170560,1780554586323170560,HTTP DNS Lookup,ms,max,0.41
165,1780554585323170560,1780554586323170560,HTTP DNS Lookup,ms,sum,0.41
165,1780554585323170560,1780554586323170560,HTTP DNS Lookup,ms,p1,0.41
165,1780554585323170560,1780554586323170560,HTTP DNS Lookup,ms,p5,0.41
165,1780554585323170560,1780554586323170560,HTTP DNS Lookup,ms,p10,0.41
165,1780554585323170560,1780554586323170560,HTTP DNS Lookup,ms,p25,0.41
165,1780554585323170560,1780554586323170560,HTTP DNS Lookup,ms,p50,0.41
165,1780554585323170560,1780554586323170560,HTTP DNS Lookup,ms,p75,0.41
165,1780554585323170560,1780554586323170560,HTTP DNS Lookup,ms,p90,0.41
165,1780554585323170560,1780554586323170560,HTTP DNS Lookup,ms,p95,0.41
165,1780554585323170560,1780554586323170560,HTTP DNS Lookup,ms,p99,0.41
165,1780554585323170560,1780554586323170560,HTTP DNS Lookup,ms,std,0.00
165,1780554585323170560,1780554586323170560,HTTP Duration (excl. conn),ms,avg,133880.98
165,1780554585323170560,1780554586323170560,HTTP Duration (excl. conn),ms,min,133880.98
165,1780554585323170560,1780554586323170560,HTTP Duration (excl. conn),ms,max,133880.98
165,1780554585323170560,1780554586323170560,HTTP Duration (excl. conn),ms,sum,133880.98
165,1780554585323170560,1780554586323170560,HTTP Duration (excl. conn),ms,p1,133880.98
165,1780554585323170560,1780554586323170560,HTTP Duration (excl. conn),ms,p5,133880.98
165,1780554585323170560,1780554586323170560,HTTP Duration (excl. conn),ms,p10,133880.98
165,1780554585323170560,1780554586323170560,HTTP Duration (excl. conn),ms,p25,133880.98
165,1780554585323170560,1780554586323170560,HTTP Duration (excl. conn),ms,p50,133880.98
165,1780554585323170560,1780554586323170560,HTTP Duration (excl. conn),ms,p75,133880.98
165,1780554585323170560,1780554586323170560,HTTP Duration (excl. conn),ms,p90,133880.98
165,1780554585323170560,1780554586323170560,HTTP Duration (excl. conn),ms,p95,133880.98
165,1780554585323170560,1780554586323170560,HTTP Duration (excl. conn),ms,p99,133880.98
165,1780554585323170560,1780554586323170560,HTTP Duration (excl. conn),ms,std,0.00
165,1780554585323170560,1780554586323170560,HTTP Receiving,ms,avg,124494.36
165,1780554585323170560,1780554586323170560,HTTP Receiving,ms,min,124494.36
165,1780554585323170560,1780554586323170560,HTTP Receiving,ms,max,124494.36
165,1780554585323170560,1780554586323170560,HTTP Receiving,ms,sum,124494.36
165,1780554585323170560,1780554586323170560,HTTP Receiving,ms,p1,124494.36
165,1780554585323170560,1780554586323170560,HTTP Receiving,ms,p5,124494.36
165,1780554585323170560,1780554586323170560,HTTP Receiving,ms,p10,124494.36
165,1780554585323170560,1780554586323170560,HTTP Receiving,ms,p25,124494.36
165,1780554585323170560,1780554586323170560,HTTP Receiving,ms,p50,124494.36
165,1780554585323170560,1780554586323170560,HTTP Receiving,ms,p75,124494.36
165,1780554585323170560,1780554586323170560,HTTP Receiving,ms,p90,124494.36
165,1780554585323170560,1780554586323170560,HTTP Receiving,ms,p95,124494.36
165,1780554585323170560,1780554586323170560,HTTP Receiving,ms,p99,124494.36
165,1780554585323170560,1780554586323170560,HTTP Receiving,ms,std,0.00
165,1780554585323170560,1780554586323170560,HTTP Sending,ms,avg,1.39
165,1780554585323170560,1780554586323170560,HTTP Sending,ms,min,1.39
165,1780554585323170560,1780554586323170560,HTTP Sending,ms,max,1.39
165,1780554585323170560,1780554586323170560,HTTP Sending,ms,sum,1.39
165,1780554585323170560,1780554586323170560,HTTP Sending,ms,p1,1.39
165,1780554585323170560,1780554586323170560,HTTP Sending,ms,p5,1.39
165,1780554585323170560,1780554586323170560,HTTP Sending,ms,p10,1.39
165,1780554585323170560,1780554586323170560,HTTP Sending,ms,p25,1.39
165,1780554585323170560,1780554586323170560,HTTP Sending,ms,p50,1.39
165,1780554585323170560,1780554586323170560,HTTP Sending,ms,p75,1.39
165,1780554585323170560,1780554586323170560,HTTP Sending,ms,p90,1.39
165,1780554585323170560,1780554586323170560,HTTP Sending,ms,p95,1.39
165,1780554585323170560,1780554586323170560,HTTP Sending,ms,p99,1.39
165,1780554585323170560,1780554586323170560,HTTP Sending,ms,std,0.00
165,1780554585323170560,1780554586323170560,HTTP Total Time,ms,avg,133882.47
165,1780554585323170560,1780554586323170560,HTTP Total Time,ms,min,133882.47
165,1780554585323170560,1780554586323170560,HTTP Total Time,ms,max,133882.47
165,1780554585323170560,1780554586323170560,HTTP Total Time,ms,sum,133882.47
165,1780554585323170560,1780554586323170560,HTTP Total Time,ms,p1,133882.47
165,1780554585323170560,1780554586323170560,HTTP Total Time,ms,p5,133882.47
165,1780554585323170560,1780554586323170560,HTTP Total Time,ms,p10,133882.47
165,1780554585323170560,1780554586323170560,HTTP Total Time,ms,p25,133882.47
165,1780554585323170560,1780554586323170560,HTTP Total Time,ms,p50,133882.47
165,1780554585323170560,1780554586323170560,HTTP Total Time,ms,p75,133882.47
165,1780554585323170560,1780554586323170560,HTTP Total Time,ms,p90,133882.47
165,1780554585323170560,1780554586323170560,HTTP Total Time,ms,p95,133882.47
165,1780554585323170560,1780554586323170560,HTTP Total Time,ms,p99,133882.47
165,1780554585323170560,1780554586323170560,HTTP Total Time,ms,std,0.00
165,1780554585323170560,1780554586323170560,HTTP Waiting (TTFB),ms,avg,9385.23
165,1780554585323170560,1780554586323170560,HTTP Waiting (TTFB),ms,min,9385.23
165,1780554585323170560,1780554586323170560,HTTP Waiting (TTFB),ms,max,9385.23
165,1780554585323170560,1780554586323170560,HTTP Waiting (TTFB),ms,sum,9385.23
165,1780554585323170560,1780554586323170560,HTTP Waiting (TTFB),ms,p1,9385.23
165,1780554585323170560,1780554586323170560,HTTP Waiting (TTFB),ms,p5,9385.23
165,1780554585323170560,1780554586323170560,HTTP Waiting (TTFB),ms,p10,9385.23
165,1780554585323170560,1780554586323170560,HTTP Waiting (TTFB),ms,p25,9385.23
165,1780554585323170560,1780554586323170560,HTTP Waiting (TTFB),ms,p50,9385.23
165,1780554585323170560,1780554586323170560,HTTP Waiting (TTFB),ms,p75,9385.23
165,1780554585323170560,1780554586323170560,HTTP Waiting (TTFB),ms,p90,9385.23
165,1780554585323170560,1780554586323170560,HTTP Waiting (TTFB),ms,p95,9385.23
165,1780554585323170560,1780554586323170560,HTTP Waiting (TTFB),ms,p99,9385.23
165,1780554585323170560,1780554586323170560,HTTP Waiting (TTFB),ms,std,0.00
165,1780554585323170560,1780554586323170560,Input Sequence Length,tokens,avg,129200.00
165,1780554585323170560,1780554586323170560,Input Sequence Length,tokens,min,129200.00
165,1780554585323170560,1780554586323170560,Input Sequence Length,tokens,max,129200.00
165,1780554585323170560,1780554586323170560,Input Sequence Length,tokens,sum,129200.00
165,1780554585323170560,1780554586323170560,Input Sequence Length,tokens,p1,129200.00
165,1780554585323170560,1780554586323170560,Input Sequence Length,tokens,p5,129200.00
165,1780554585323170560,1780554586323170560,Input Sequence Length,tokens,p10,129200.00
165,1780554585323170560,1780554586323170560,Input Sequence Length,tokens,p25,129200.00
165,1780554585323170560,1780554586323170560,Input Sequence Length,tokens,p50,129200.00
165,1780554585323170560,1780554586323170560,Input Sequence Length,tokens,p75,129200.00
165,1780554585323170560,1780554586323170560,Input Sequence Length,tokens,p90,129200.00
165,1780554585323170560,1780554586323170560,Input Sequence Length,tokens,p95,129200.00
165,1780554585323170560,1780554586323170560,Input Sequence Length,tokens,p99,129200.00
165,1780554585323170560,1780554586323170560,Input Sequence Length,tokens,std,0.00
165,1780554585323170560,1780554586323170560,Input Token Throughput,tokens/sec,avg,129200.00
165,1780554585323170560,1780554586323170560,Inter Chunk Latency,ms,avg,1008.70
165,1780554585323170560,1780554586323170560,Inter Chunk Latency,ms,min,936.43
165,1780554585323170560,1780554586323170560,Inter Chunk Latency,ms,max,1099.22
165,1780554585323170560,1780554586323170560,Inter Chunk Latency,ms,sum,1116632.25
165,1780554585323170560,1780554586323170560,Inter Chunk Latency,ms,p1,936.78
165,1780554585323170560,1780554586323170560,Inter Chunk Latency,ms,p5,937.67
165,1780554585323170560,1780554586323170560,Inter Chunk Latency,ms,p10,939.16
165,1780554585323170560,1780554586323170560,Inter Chunk Latency,ms,p25,971.05
165,1780554585323170560,1780554586323170560,Inter Chunk Latency,ms,p50,1026.19
165,1780554585323170560,1780554586323170560,Inter Chunk Latency,ms,p75,1037.60
165,1780554585323170560,1780554586323170560,Inter Chunk Latency,ms,p90,1050.23
165,1780554585323170560,1780554586323170560,Inter Chunk Latency,ms,p95,1062.31
165,1780554585323170560,1780554586323170560,Inter Chunk Latency,ms,p99,1097.37
165,1780554585323170560,1780554586323170560,Inter Chunk Latency,ms,std,42.86
165,1780554585323170560,1780554586323170560,Inter Token Latency,ms,avg,112.46
165,1780554585323170560,1780554586323170560,Inter Token Latency,ms,min,112.46
165,1780554585323170560,1780554586323170560,Inter Token Latency,ms,max,112.46
165,1780554585323170560,1780554586323170560,Inter Token Latency,ms,sum,112.46
165,1780554585323170560,1780554586323170560,Inter Token Latency,ms,p1,112.46
165,1780554585323170560,1780554586323170560,Inter Token Latency,ms,p5,112.46
165,1780554585323170560,1780554586323170560,Inter Token Latency,ms,p10,112.46
165,1780554585323170560,1780554586323170560,Inter Token Latency,ms,p25,112.46
165,1780554585323170560,1780554586323170560,Inter Token Latency,ms,p50,112.46
165,1780554585323170560,1780554586323170560,Inter Token Latency,ms,p75,112.46
165,1780554585323170560,1780554586323170560,Inter Token Latency,ms,p90,112.46
165,1780554585323170560,1780554586323170560,Inter Token Latency,ms,p95,112.46
165,1780554585323170560,1780554586323170560,Inter Token Latency,ms,p99,112.46
165,1780554585323170560,1780554586323170560,Inter Token Latency,ms,std,0.00
165,1780554585323170560,1780554586323170560,Maximum Response Timestamp,ns,avg,1780554719503542272.00
165,1780554585323170560,1780554586323170560,Minimum Request Timestamp,ns,avg,1780554585622431232.00
165,1780554585323170560,1780554586323170560,OSL Mismatch Count,requests,avg,0.00
165,1780554585323170560,1780554586323170560,OSL Mismatch Diff %,%,avg,0.00
165,1780554585323170560,1780554586323170560,OSL Mismatch Diff %,%,min,0.00
165,1780554585323170560,1780554586323170560,OSL Mismatch Diff %,%,max,0.00
165,1780554585323170560,1780554586323170560,OSL Mismatch Diff %,%,sum,0.00
165,1780554585323170560,1780554586323170560,OSL Mismatch Diff %,%,p1,0.00
165,1780554585323170560,1780554586323170560,OSL Mismatch Diff %,%,p5,0.00
165,1780554585323170560,1780554586323170560,OSL Mismatch Diff %,%,p10,0.00
165,1780554585323170560,1780554586323170560,OSL Mismatch Diff %,%,p25,0.00
165,1780554585323170560,1780554586323170560,OSL Mismatch Diff %,%,p50,0.00
165,1780554585323170560,1780554586323170560,OSL Mismatch Diff %,%,p75,0.00
165,1780554585323170560,1780554586323170560,OSL Mismatch Diff %,%,p90,0.00
165,1780554585323170560,1780554586323170560,OSL Mismatch Diff %,%,p95,0.00
165,1780554585323170560,1780554586323170560,OSL Mismatch Diff %,%,p99,0.00
165,1780554585323170560,1780554586323170560,OSL Mismatch Diff %,%,std,0.00
165,1780554585323170560,1780554586323170560,Output Sequence Length,tokens,avg,1108.00
165,1780554585323170560,1780554586323170560,Output Sequence Length,tokens,min,1108.00
165,1780554585323170560,1780554586323170560,Output Sequence Length,tokens,max,1108.00
165,1780554585323170560,1780554586323170560,Output Sequence Length,tokens,sum,1108.00
165,1780554585323170560,1780554586323170560,Output Sequence Length,tokens,p1,1108.00
165,1780554585323170560,1780554586323170560,Output Sequence Length,tokens,p5,1108.00
165,1780554585323170560,1780554586323170560,Output Sequence Length,tokens,p10,1108.00
165,1780554585323170560,1780554586323170560,Output Sequence Length,tokens,p25,1108.00
165,1780554585323170560,1780554586323170560,Output Sequence Length,tokens,p50,1108.00
165,1780554585323170560,1780554586323170560,Output Sequence Length,tokens,p75,1108.00
165,1780554585323170560,1780554586323170560,Output Sequence Length,tokens,p90,1108.00
165,1780554585323170560,1780554586323170560,Output Sequence Length,tokens,p95,1108.00
165,1780554585323170560,1780554586323170560,Output Sequence Length,tokens,p99,1108.00
165,1780554585323170560,1780554586323170560,Output Sequence Length,tokens,std,0.00
165,1780554585323170560,1780554586323170560,Output Token Count,tokens,avg,1108.00
165,1780554585323170560,1780554586323170560,Output Token Count,tokens,min,1108.00
165,1780554585323170560,1780554586323170560,Output Token Count,tokens,max,1108.00
165,1780554585323170560,1780554586323170560,Output Token Count,tokens,sum,1108.00
165,1780554585323170560,1780554586323170560,Output Token Count,tokens,p1,1108.00
165,1780554585323170560,1780554586323170560,Output Token Count,tokens,p5,1108.00
165,1780554585323170560,1780554586323170560,Output Token Count,tokens,p10,1108.00
165,1780554585323170560,1780554586323170560,Output Token Count,tokens,p25,1108.00
165,1780554585323170560,1780554586323170560,Output Token Count,tokens,p50,1108.00
165,1780554585323170560,1780554586323170560,Output Token Count,tokens,p75,1108.00
165,1780554585323170560,1780554586323170560,Output Token Count,tokens,p90,1108.00
165,1780554585323170560,1780554586323170560,Output Token Count,tokens,p95,1108.00
165,1780554585323170560,1780554586323170560,Output Token Count,tokens,p99,1108.00
165,1780554585323170560,1780554586323170560,Output Token Count,tokens,std,0.00
165,1780554585323170560,1780554586323170560,Output Token Throughput,tokens/sec,avg,1108.00
165,1780554585323170560,1780554586323170560,Output Token Throughput Per User,tokens/sec/user,avg,8.89
165,1780554585323170560,1780554586323170560,Output Token Throughput Per User,tokens/sec/user,min,8.89
165,1780554585323170560,1780554586323170560,Output Token Throughput Per User,tokens/sec/user,max,8.89
165,1780554585323170560,1780554586323170560,Output Token Throughput Per User,tokens/sec/user,sum,8.89
165,1780554585323170560,1780554586323170560,Output Token Throughput Per User,tokens/sec/user,p1,8.89
165,1780554585323170560,1780554586323170560,Output Token Throughput Per User,tokens/sec/user,p5,8.89
165,1780554585323170560,1780554586323170560,Output Token Throughput Per User,tokens/sec/user,p10,8.89
165,1780554585323170560,1780554586323170560,Output Token Throughput Per User,tokens/sec/user,p25,8.89
165,1780554585323170560,1780554586323170560,Output Token Throughput Per User,tokens/sec/user,p50,8.89
165,1780554585323170560,1780554586323170560,Output Token Throughput Per User,tokens/sec/user,p75,8.89
165,1780554585323170560,1780554586323170560,Output Token Throughput Per User,tokens/sec/user,p90,8.89
165,1780554585323170560,1780554586323170560,Output Token Throughput Per User,tokens/sec/user,p95,8.89
165,1780554585323170560,1780554586323170560,Output Token Throughput Per User,tokens/sec/user,p99,8.89
165,1780554585323170560,1780554586323170560,Output Token Throughput Per User,tokens/sec/user,std,0.00
165,1780554585323170560,1780554586323170560,Prefill Throughput Per User,tokens/sec/user,avg,13764.06
165,1780554585323170560,1780554586323170560,Prefill Throughput Per User,tokens/sec/user,min,13764.06
165,1780554585323170560,1780554586323170560,Prefill Throughput Per User,tokens/sec/user,max,13764.06
165,1780554585323170560,1780554586323170560,Prefill Throughput Per User,tokens/sec/user,sum,13764.06
165,1780554585323170560,1780554586323170560,Prefill Throughput Per User,tokens/sec/user,p1,13764.06
165,1780554585323170560,1780554586323170560,Prefill Throughput Per User,tokens/sec/user,p5,13764.06
165,1780554585323170560,1780554586323170560,Prefill Throughput Per User,tokens/sec/user,p10,13764.06
165,1780554585323170560,1780554586323170560,Prefill Throughput Per User,tokens/sec/user,p25,13764.06
165,1780554585323170560,1780554586323170560,Prefill Throughput Per User,tokens/sec/user,p50,13764.06
165,1780554585323170560,1780554586323170560,Prefill Throughput Per User,tokens/sec/user,p75,13764.06
165,1780554585323170560,1780554586323170560,Prefill Throughput Per User,tokens/sec/user,p90,13764.06
165,1780554585323170560,1780554586323170560,Prefill Throughput Per User,tokens/sec/user,p95,13764.06
165,1780554585323170560,1780554586323170560,Prefill Throughput Per User,tokens/sec/user,p99,13764.06
165,1780554585323170560,1780554586323170560,Prefill Throughput Per User,tokens/sec/user,std,0.00
165,1780554585323170560,1780554586323170560,Request Count,requests,avg,1.00
165,1780554585323170560,1780554586323170560,Request Latency,ms,avg,133881.11
165,1780554585323170560,1780554586323170560,Request Latency,ms,min,133881.11
165,1780554585323170560,1780554586323170560,Request Latency,ms,max,133881.11
165,1780554585323170560,1780554586323170560,Request Latency,ms,sum,133881.11
165,1780554585323170560,1780554586323170560,Request Latency,ms,p1,133881.11
165,1780554585323170560,1780554586323170560,Request Latency,ms,p5,133881.11
165,1780554585323170560,1780554586323170560,Request Latency,ms,p10,133881.11
165,1780554585323170560,1780554586323170560,Request Latency,ms,p25,133881.11
165,1780554585323170560,1780554586323170560,Request Latency,ms,p50,133881.11
165,1780554585323170560,1780554586323170560,Request Latency,ms,p75,133881.11
165,1780554585323170560,1780554586323170560,Request Latency,ms,p90,133881.11
165,1780554585323170560,1780554586323170560,Request Latency,ms,p95,133881.11
165,1780554585323170560,1780554586323170560,Request Latency,ms,p99,133881.11
165,1780554585323170560,1780554586323170560,Request Latency,ms,std,0.00
165,1780554585323170560,1780554586323170560,Request Throughput,requests/sec,avg,1.00
165,1780554585323170560,1780554586323170560,Requested OSL,tokens,avg,1108.00
165,1780554585323170560,1780554586323170560,Requested OSL,tokens,min,1108.00
165,1780554585323170560,1780554586323170560,Requested OSL,tokens,max,1108.00
165,1780554585323170560,1780554586323170560,Requested OSL,tokens,sum,1108.00
165,1780554585323170560,1780554586323170560,Requested OSL,tokens,p1,1108.00
165,1780554585323170560,1780554586323170560,Requested OSL,tokens,p5,1108.00
165,1780554585323170560,1780554586323170560,Requested OSL,tokens,p10,1108.00
165,1780554585323170560,1780554586323170560,Requested OSL,tokens,p25,1108.00
165,1780554585323170560,1780554586323170560,Requested OSL,tokens,p50,1108.00
165,1780554585323170560,1780554586323170560,Requested OSL,tokens,p75,1108.00
165,1780554585323170560,1780554586323170560,Requested OSL,tokens,p90,1108.00
165,1780554585323170560,1780554586323170560,Requested OSL,tokens,p95,1108.00
165,1780554585323170560,1780554586323170560,Requested OSL,tokens,p99,1108.00
165,1780554585323170560,1780554586323170560,Requested OSL,tokens,std,0.00
165,1780554585323170560,1780554586323170560,Time to First Output Token,ms,avg,9386.77
165,1780554585323170560,1780554586323170560,Time to First Output Token,ms,min,9386.77
165,1780554585323170560,1780554586323170560,Time to First Output Token,ms,max,9386.77
165,1780554585323170560,1780554586323170560,Time to First Output Token,ms,sum,9386.77
165,1780554585323170560,1780554586323170560,Time to First Output Token,ms,p1,9386.77
165,1780554585323170560,1780554586323170560,Time to First Output Token,ms,p5,9386.77
165,1780554585323170560,1780554586323170560,Time to First Output Token,ms,p10,9386.77
165,1780554585323170560,1780554586323170560,Time to First Output Token,ms,p25,9386.77
165,1780554585323170560,1780554586323170560,Time to First Output Token,ms,p50,9386.77
165,1780554585323170560,1780554586323170560,Time to First Output Token,ms,p75,9386.77
165,1780554585323170560,1780554586323170560,Time to First Output Token,ms,p90,9386.77
165,1780554585323170560,1780554586323170560,Time to First Output Token,ms,p95,9386.77
165,1780554585323170560,1780554586323170560,Time to First Output Token,ms,p99,9386.77
165,1780554585323170560,1780554586323170560,Time to First Output Token,ms,std,0.00
165,1780554585323170560,1780554586323170560,Time to First Token,ms,avg,9386.77
165,1780554585323170560,1780554586323170560,Time to First Token,ms,min,9386.77
165,1780554585323170560,1780554586323170560,Time to First Token,ms,max,9386.77
165,1780554585323170560,1780554586323170560,Time to First Token,ms,sum,9386.77
165,1780554585323170560,1780554586323170560,Time to First Token,ms,p1,9386.77
165,1780554585323170560,1780554586323170560,Time to First Token,ms,p5,9386.77
165,1780554585323170560,1780554586323170560,Time to First Token,ms,p10,9386.77
165,1780554585323170560,1780554586323170560,Time to First Token,ms,p25,9386.77
165,1780554585323170560,1780554586323170560,Time to First Token,ms,p50,9386.77
165,1780554585323170560,1780554586323170560,Time to First Token,ms,p75,9386.77
165,1780554585323170560,1780554586323170560,Time to First Token,ms,p90,9386.77
165,1780554585323170560,1780554586323170560,Time to First Token,ms,p95,9386.77
165,1780554585323170560,1780554586323170560,Time to First Token,ms,p99,9386.77
165,1780554585323170560,1780554586323170560,Time to First Token,ms,std,0.00
165,1780554585323170560,1780554586323170560,Time to Second Token,ms,avg,0.84
165,1780554585323170560,1780554586323170560,Time to Second Token,ms,min,0.84
165,1780554585323170560,1780554586323170560,Time to Second Token,ms,max,0.84
165,1780554585323170560,1780554586323170560,Time to Second Token,ms,sum,0.84
165,1780554585323170560,1780554586323170560,Time to Second Token,ms,p1,0.84
165,1780554585323170560,1780554586323170560,Time to Second Token,ms,p5,0.84
165,1780554585323170560,1780554586323170560,Time to Second Token,ms,p10,0.84
165,1780554585323170560,1780554586323170560,Time to Second Token,ms,p25,0.84
165,1780554585323170560,1780554586323170560,Time to Second Token,ms,p50,0.84
165,1780554585323170560,1780554586323170560,Time to Second Token,ms,p75,0.84
165,1780554585323170560,1780554586323170560,Time to Second Token,ms,p90,0.84
165,1780554585323170560,1780554586323170560,Time to Second Token,ms,p95,0.84
165,1780554585323170560,1780554586323170560,Time to Second Token,ms,p99,0.84
165,1780554585323170560,1780554586323170560,Time to Second Token,ms,std,0.00
165,1780554585323170560,1780554586323170560,Tokens In Flight,tokens,avg,888640.71
165,1780554585323170560,1780554586323170560,Tokens In Flight,tokens,min,798087.44
165,1780554585323170560,1780554586323170560,Tokens In Flight,tokens,max,927325.49
165,1780554585323170560,1780554586323170560,Tokens In Flight,tokens,p50,927303.43
165,1780554585323170560,1780554586323170560,Tokens In Flight,tokens,p90,927320.99
165,1780554585323170560,1780554586323170560,Tokens In Flight,tokens,p95,927324.36
165,1780554585323170560,1780554586323170560,Tokens In Flight,tokens,p99,927325.49
165,1780554585323170560,1780554586323170560,Tokens In Flight,tokens,std,59173.59
165,1780554585323170560,1780554586323170560,Total Input Sequence Length,tokens,avg,129200.00
165,1780554585323170560,1780554586323170560,Total Output Sequence Length,tokens,avg,1108.00
165,1780554585323170560,1780554586323170560,Total Output Tokens,tokens,avg,1108.00
165,1780554585323170560,1780554586323170560,Total Token Throughput,tokens/sec,avg,130308.00
165,1780554585323170560,1780554586323170560,Total Usage Completion Tokens,tokens,avg,1108.00
165,1780554585323170560,1780554586323170560,Total Usage Prompt Tokens,tokens,avg,129200.00
165,1780554585323170560,1780554586323170560,Total Usage Total Tokens,tokens,avg,130308.00
165,1780554585323170560,1780554586323170560,Usage Completion Tokens,tokens,avg,1108.00
165,1780554585323170560,1780554586323170560,Usage Completion Tokens,tokens,min,1108.00
165,1780554585323170560,1780554586323170560,Usage Completion Tokens,tokens,max,1108.00
165,1780554585323170560,1780554586323170560,Usage Completion Tokens,tokens,sum,1108.00
165,1780554585323170560,1780554586323170560,Usage Completion Tokens,tokens,p1,1108.00
165,1780554585323170560,1780554586323170560,Usage Completion Tokens,tokens,p5,1108.00
165,1780554585323170560,1780554586323170560,Usage Completion Tokens,tokens,p10,1108.00
165,1780554585323170560,1780554586323170560,Usage Completion Tokens,tokens,p25,1108.00
165,1780554585323170560,1780554586323170560,Usage Completion Tokens,tokens,p50,1108.00
165,1780554585323170560,1780554586323170560,Usage Completion Tokens,tokens,p75,1108.00
165,1780554585323170560,1780554586323170560,Usage Completion Tokens,tokens,p90,1108.00
165,1780554585323170560,1780554586323170560,Usage Completion Tokens,tokens,p95,1108.00
165,1780554585323170560,1780554586323170560,Usage Completion Tokens,tokens,p99,1108.00
165,1780554585323170560,1780554586323170560,Usage Completion Tokens,tokens,std,0.00
165,1780554585323170560,1780554586323170560,Usage Prompt Tokens,tokens,avg,129200.00
165,1780554585323170560,1780554586323170560,Usage Prompt Tokens,tokens,min,129200.00
165,1780554585323170560,1780554586323170560,Usage Prompt Tokens,tokens,max,129200.00
165,1780554585323170560,1780554586323170560,Usage Prompt Tokens,tokens,sum,129200.00
165,1780554585323170560,1780554586323170560,Usage Prompt Tokens,tokens,p1,129200.00
165,1780554585323170560,1780554586323170560,Usage Prompt Tokens,tokens,p5,129200.00
165,1780554585323170560,1780554586323170560,Usage Prompt Tokens,tokens,p10,129200.00
165,1780554585323170560,1780554586323170560,Usage Prompt Tokens,tokens,p25,129200.00
165,1780554585323170560,1780554586323170560,Usage Prompt Tokens,tokens,p50,129200.00
165,1780554585323170560,1780554586323170560,Usage Prompt Tokens,tokens,p75,129200.00
165,1780554585323170560,1780554586323170560,Usage Prompt Tokens,tokens,p90,129200.00
165,1780554585323170560,1780554586323170560,Usage Prompt Tokens,tokens,p95,129200.00
165,1780554585323170560,1780554586323170560,Usage Prompt Tokens,tokens,p99,129200.00
165,1780554585323170560,1780554586323170560,Usage Prompt Tokens,tokens,std,0.00
165,1780554585323170560,1780554586323170560,Usage Total Tokens,tokens,avg,130308.00
165,1780554585323170560,1780554586323170560,Usage Total Tokens,tokens,min,130308.00
165,1780554585323170560,1780554586323170560,Usage Total Tokens,tokens,max,130308.00
165,1780554585323170560,1780554586323170560,Usage Total Tokens,tokens,sum,130308.00
165,1780554585323170560,1780554586323170560,Usage Total Tokens,tokens,p1,130308.00
165,1780554585323170560,1780554586323170560,Usage Total Tokens,tokens,p5,130308.00
165,1780554585323170560,1780554586323170560,Usage Total Tokens,tokens,p10,130308.00
165,1780554585323170560,1780554586323170560,Usage Total Tokens,tokens,p25,130308.00
165,1780554585323170560,1780554586323170560,Usage Total Tokens,tokens,p50,130308.00
165,1780554585323170560,1780554586323170560,Usage Total Tokens,tokens,p75,130308.00
165,1780554585323170560,1780554586323170560,Usage Total Tokens,tokens,p90,130308.00
165,1780554585323170560,1780554586323170560,Usage Total Tokens,tokens,p95,130308.00
165,1780554585323170560,1780554586323170560,Usage Total Tokens,tokens,p99,130308.00
165,1780554585323170560,1780554586323170560,Usage Total Tokens,tokens,std,0.00
166,1780554590323170560,1780554591323170560,Active Decode Throughput,tokens/sec,avg,60.73
166,1780554590323170560,1780554591323170560,Active Decode Throughput,tokens/sec,min,52.62
166,1780554590323170560,1780554591323170560,Active Decode Throughput,tokens/sec,max,68.18
166,1780554590323170560,1780554591323170560,Active Decode Throughput,tokens/sec,p50,60.73
166,1780554590323170560,1780554591323170560,Active Decode Throughput,tokens/sec,p90,60.74
166,1780554590323170560,1780554591323170560,Active Decode Throughput,tokens/sec,p95,60.74
166,1780554590323170560,1780554591323170560,Active Decode Throughput,tokens/sec,p99,60.74
166,1780554590323170560,1780554591323170560,Active Decode Throughput,tokens/sec,std,0.01
166,1780554590323170560,1780554591323170560,Active Decode Throughput Per User,tokens/sec/user,avg,6.07
166,1780554590323170560,1780554591323170560,Active Decode Throughput Per User,tokens/sec/user,min,5.26
166,1780554590323170560,1780554591323170560,Active Decode Throughput Per User,tokens/sec/user,max,6.82
166,1780554590323170560,1780554591323170560,Active Decode Throughput Per User,tokens/sec/user,p50,6.07
166,1780554590323170560,1780554591323170560,Active Decode Throughput Per User,tokens/sec/user,p90,6.07
166,1780554590323170560,1780554591323170560,Active Decode Throughput Per User,tokens/sec/user,p95,6.07
166,1780554590323170560,1780554591323170560,Active Decode Throughput Per User,tokens/sec/user,p99,6.07
166,1780554590323170560,1780554591323170560,Active Decode Throughput Per User,tokens/sec/user,std,0.00
166,1780554590323170560,1780554591323170560,Active Prefill Throughput,tokens/sec,avg,15157.49
166,1780554590323170560,1780554591323170560,Active Prefill Throughput,tokens/sec,min,13764.06
166,1780554590323170560,1780554591323170560,Active Prefill Throughput,tokens/sec,max,17689.64
166,1780554590323170560,1780554591323170560,Active Prefill Throughput,tokens/sec,p50,13764.06
166,1780554590323170560,1780554591323170560,Active Prefill Throughput,tokens/sec,p90,17689.64
166,1780554590323170560,1780554591323170560,Active Prefill Throughput,tokens/sec,p95,17689.64
166,1780554590323170560,1780554591323170560,Active Prefill Throughput,tokens/sec,p99,17689.64
166,1780554590323170560,1780554591323170560,Active Prefill Throughput,tokens/sec,std,1878.39
166,1780554590323170560,1780554591323170560,Active Prefill Throughput Per User,tokens/sec/user,avg,12017.92
166,1780554590323170560,1780554591323170560,Active Prefill Throughput Per User,tokens/sec/user,min,8844.82
166,1780554590323170560,1780554591323170560,Active Prefill Throughput Per User,tokens/sec/user,max,13764.06
166,1780554590323170560,1780554591323170560,Active Prefill Throughput Per User,tokens/sec/user,p50,13764.06
166,1780554590323170560,1780554591323170560,Active Prefill Throughput Per User,tokens/sec/user,p90,13764.06
166,1780554590323170560,1780554591323170560,Active Prefill Throughput Per User,tokens/sec/user,p95,13764.06
166,1780554590323170560,1780554591323170560,Active Prefill Throughput Per User,tokens/sec/user,p99,13764.06
166,1780554590323170560,1780554591323170560,Active Prefill Throughput Per User,tokens/sec/user,std,2353.86
166,1780554590323170560,1780554591323170560,Active Total Throughput,tokens/sec,avg,15256.36
166,1780554590323170560,1780554591323170560,Active Total Throughput,tokens/sec,min,13862.93
166,1780554590323170560,1780554591323170560,Active Total Throughput,tokens/sec,max,17788.51
166,1780554590323170560,1780554591323170560,Active Total Throughput,tokens/sec,p50,13862.93
166,1780554590323170560,1780554591323170560,Active Total Throughput,tokens/sec,p90,17788.51
166,1780554590323170560,1780554591323170560,Active Total Throughput,tokens/sec,p95,17788.51
166,1780554590323170560,1780554591323170560,Active Total Throughput,tokens/sec,p99,17788.51
166,1780554590323170560,1780554591323170560,Active Total Throughput,tokens/sec,std,1878.39
166,1780554590323170560,1780554591323170560,Benchmark Duration,sec,avg,75.36
166,1780554590323170560,1780554591323170560,E2E Output Token Throughput,tokens/sec/user,avg,8.84
166,1780554590323170560,1780554591323170560,E2E Output Token Throughput,tokens/sec/user,min,8.84
166,1780554590323170560,1780554591323170560,E2E Output Token Throughput,tokens/sec/user,max,8.84
166,1780554590323170560,1780554591323170560,E2E Output Token Throughput,tokens/sec/user,sum,8.84
166,1780554590323170560,1780554591323170560,E2E Output Token Throughput,tokens/sec/user,p1,8.84
166,1780554590323170560,1780554591323170560,E2E Output Token Throughput,tokens/sec/user,p5,8.84
166,1780554590323170560,1780554591323170560,E2E Output Token Throughput,tokens/sec/user,p10,8.84
166,1780554590323170560,1780554591323170560,E2E Output Token Throughput,tokens/sec/user,p25,8.84
166,1780554590323170560,1780554591323170560,E2E Output Token Throughput,tokens/sec/user,p50,8.84
166,1780554590323170560,1780554591323170560,E2E Output Token Throughput,tokens/sec/user,p75,8.84
166,1780554590323170560,1780554591323170560,E2E Output Token Throughput,tokens/sec/user,p90,8.84
166,1780554590323170560,1780554591323170560,E2E Output Token Throughput,tokens/sec/user,p95,8.84
166,1780554590323170560,1780554591323170560,E2E Output Token Throughput,tokens/sec/user,p99,8.84
166,1780554590323170560,1780554591323170560,E2E Output Token Throughput,tokens/sec/user,std,0.00
166,1780554590323170560,1780554591323170560,Effective Concurrency,requests,avg,11.35
166,1780554590323170560,1780554591323170560,Effective Concurrency,requests,min,11.00
166,1780554590323170560,1780554591323170560,Effective Concurrency,requests,max,12.00
166,1780554590323170560,1780554591323170560,Effective Concurrency,requests,p50,11.00
166,1780554590323170560,1780554591323170560,Effective Concurrency,requests,p90,12.00
166,1780554590323170560,1780554591323170560,Effective Concurrency,requests,p95,12.00
166,1780554590323170560,1780554591323170560,Effective Concurrency,requests,p99,12.00
166,1780554590323170560,1780554591323170560,Effective Concurrency,requests,std,0.48
166,1780554590323170560,1780554591323170560,Effective Decode Concurrency,requests,avg,10.00
166,1780554590323170560,1780554591323170560,Effective Decode Concurrency,requests,min,10.00
166,1780554590323170560,1780554591323170560,Effective Decode Concurrency,requests,max,10.00
166,1780554590323170560,1780554591323170560,Effective Decode Concurrency,requests,p50,10.00
166,1780554590323170560,1780554591323170560,Effective Decode Concurrency,requests,p90,10.00
166,1780554590323170560,1780554591323170560,Effective Decode Concurrency,requests,p95,10.00
166,1780554590323170560,1780554591323170560,Effective Decode Concurrency,requests,p99,10.00
166,1780554590323170560,1780554591323170560,Effective Decode Concurrency,requests,std,0.00
166,1780554590323170560,1780554591323170560,Effective Decode Throughput,tokens/sec,avg,60.73
166,1780554590323170560,1780554591323170560,Effective Decode Throughput,tokens/sec,min,52.62
166,1780554590323170560,1780554591323170560,Effective Decode Throughput,tokens/sec,max,68.18
166,1780554590323170560,1780554591323170560,Effective Decode Throughput,tokens/sec,p50,60.73
166,1780554590323170560,1780554591323170560,Effective Decode Throughput,tokens/sec,p90,60.74
166,1780554590323170560,1780554591323170560,Effective Decode Throughput,tokens/sec,p95,60.74
166,1780554590323170560,1780554591323170560,Effective Decode Throughput,tokens/sec,p99,60.74
166,1780554590323170560,1780554591323170560,Effective Decode Throughput,tokens/sec,std,0.01
166,1780554590323170560,1780554591323170560,Effective Decode Throughput Per User,tokens/sec/user,avg,6.07
166,1780554590323170560,1780554591323170560,Effective Decode Throughput Per User,tokens/sec/user,min,5.26
166,1780554590323170560,1780554591323170560,Effective Decode Throughput Per User,tokens/sec/user,max,6.82
166,1780554590323170560,1780554591323170560,Effective Decode Throughput Per User,tokens/sec/user,p50,6.07
166,1780554590323170560,1780554591323170560,Effective Decode Throughput Per User,tokens/sec/user,p90,6.07
166,1780554590323170560,1780554591323170560,Effective Decode Throughput Per User,tokens/sec/user,p95,6.07
166,1780554590323170560,1780554591323170560,Effective Decode Throughput Per User,tokens/sec/user,p99,6.07
166,1780554590323170560,1780554591323170560,Effective Decode Throughput Per User,tokens/sec/user,std,0.00
166,1780554590323170560,1780554591323170560,Effective Prefill Concurrency,requests,avg,1.35
166,1780554590323170560,1780554591323170560,Effective Prefill Concurrency,requests,min,1.00
166,1780554590323170560,1780554591323170560,Effective Prefill Concurrency,requests,max,2.00
166,1780554590323170560,1780554591323170560,Effective Prefill Concurrency,requests,p50,1.00
166,1780554590323170560,1780554591323170560,Effective Prefill Concurrency,requests,p90,2.00
166,1780554590323170560,1780554591323170560,Effective Prefill Concurrency,requests,p95,2.00
166,1780554590323170560,1780554591323170560,Effective Prefill Concurrency,requests,p99,2.00
166,1780554590323170560,1780554591323170560,Effective Prefill Concurrency,requests,std,0.48
166,1780554590323170560,1780554591323170560,Effective Prefill Throughput,tokens/sec,avg,15157.49
166,1780554590323170560,1780554591323170560,Effective Prefill Throughput,tokens/sec,min,13764.06
166,1780554590323170560,1780554591323170560,Effective Prefill Throughput,tokens/sec,max,17689.64
166,1780554590323170560,1780554591323170560,Effective Prefill Throughput,tokens/sec,p50,13764.06
166,1780554590323170560,1780554591323170560,Effective Prefill Throughput,tokens/sec,p90,17689.64
166,1780554590323170560,1780554591323170560,Effective Prefill Throughput,tokens/sec,p95,17689.64
166,1780554590323170560,1780554591323170560,Effective Prefill Throughput,tokens/sec,p99,17689.64
166,1780554590323170560,1780554591323170560,Effective Prefill Throughput,tokens/sec,std,1878.39
166,1780554590323170560,1780554591323170560,Effective Prefill Throughput Per User,tokens/sec/user,avg,12017.92
166,1780554590323170560,1780554591323170560,Effective Prefill Throughput Per User,tokens/sec/user,min,8844.82
166,1780554590323170560,1780554591323170560,Effective Prefill Throughput Per User,tokens/sec/user,max,13764.06
166,1780554590323170560,1780554591323170560,Effective Prefill Throughput Per User,tokens/sec/user,p50,13764.06
166,1780554590323170560,1780554591323170560,Effective Prefill Throughput Per User,tokens/sec/user,p90,13764.06
166,1780554590323170560,1780554591323170560,Effective Prefill Throughput Per User,tokens/sec/user,p95,13764.06
166,1780554590323170560,1780554591323170560,Effective Prefill Throughput Per User,tokens/sec/user,p99,13764.06
166,1780554590323170560,1780554591323170560,Effective Prefill Throughput Per User,tokens/sec/user,std,2353.86
166,1780554590323170560,1780554591323170560,Effective Total Throughput,tokens/sec,avg,15256.36
166,1780554590323170560,1780554591323170560,Effective Total Throughput,tokens/sec,min,13862.93
166,1780554590323170560,1780554591323170560,Effective Total Throughput,tokens/sec,max,17788.51
166,1780554590323170560,1780554591323170560,Effective Total Throughput,tokens/sec,p50,13862.93
166,1780554590323170560,1780554591323170560,Effective Total Throughput,tokens/sec,p90,17788.51
166,1780554590323170560,1780554591323170560,Effective Total Throughput,tokens/sec,p95,17788.51
166,1780554590323170560,1780554591323170560,Effective Total Throughput,tokens/sec,p99,17788.51
166,1780554590323170560,1780554591323170560,Effective Total Throughput,tokens/sec,std,1878.39
166,1780554590323170560,1780554591323170560,HTTP Blocked,ms,avg,0.00
166,1780554590323170560,1780554591323170560,HTTP Blocked,ms,min,0.00
166,1780554590323170560,1780554591323170560,HTTP Blocked,ms,max,0.00
166,1780554590323170560,1780554591323170560,HTTP Blocked,ms,sum,0.00
166,1780554590323170560,1780554591323170560,HTTP Blocked,ms,p1,0.00
166,1780554590323170560,1780554591323170560,HTTP Blocked,ms,p5,0.00
166,1780554590323170560,1780554591323170560,HTTP Blocked,ms,p10,0.00
166,1780554590323170560,1780554591323170560,HTTP Blocked,ms,p25,0.00
166,1780554590323170560,1780554591323170560,HTTP Blocked,ms,p50,0.00
166,1780554590323170560,1780554591323170560,HTTP Blocked,ms,p75,0.00
166,1780554590323170560,1780554591323170560,HTTP Blocked,ms,p90,0.00
166,1780554590323170560,1780554591323170560,HTTP Blocked,ms,p95,0.00
166,1780554590323170560,1780554591323170560,HTTP Blocked,ms,p99,0.00
166,1780554590323170560,1780554591323170560,HTTP Blocked,ms,std,0.00
166,1780554590323170560,1780554591323170560,HTTP Chunks Received,count,avg,666.00
166,1780554590323170560,1780554591323170560,HTTP Chunks Received,count,min,666.00
166,1780554590323170560,1780554591323170560,HTTP Chunks Received,count,max,666.00
166,1780554590323170560,1780554591323170560,HTTP Chunks Received,count,sum,666.00
166,1780554590323170560,1780554591323170560,HTTP Chunks Received,count,p1,666.00
166,1780554590323170560,1780554591323170560,HTTP Chunks Received,count,p5,666.00
166,1780554590323170560,1780554591323170560,HTTP Chunks Received,count,p10,666.00
166,1780554590323170560,1780554591323170560,HTTP Chunks Received,count,p25,666.00
166,1780554590323170560,1780554591323170560,HTTP Chunks Received,count,p50,666.00
166,1780554590323170560,1780554591323170560,HTTP Chunks Received,count,p75,666.00
166,1780554590323170560,1780554591323170560,HTTP Chunks Received,count,p90,666.00
166,1780554590323170560,1780554591323170560,HTTP Chunks Received,count,p95,666.00
166,1780554590323170560,1780554591323170560,HTTP Chunks Received,count,p99,666.00
166,1780554590323170560,1780554591323170560,HTTP Chunks Received,count,std,0.00
166,1780554590323170560,1780554591323170560,HTTP Chunks Sent,count,avg,1.00
166,1780554590323170560,1780554591323170560,HTTP Chunks Sent,count,min,1.00
166,1780554590323170560,1780554591323170560,HTTP Chunks Sent,count,max,1.00
166,1780554590323170560,1780554591323170560,HTTP Chunks Sent,count,sum,1.00
166,1780554590323170560,1780554591323170560,HTTP Chunks Sent,count,p1,1.00
166,1780554590323170560,1780554591323170560,HTTP Chunks Sent,count,p5,1.00
166,1780554590323170560,1780554591323170560,HTTP Chunks Sent,count,p10,1.00
166,1780554590323170560,1780554591323170560,HTTP Chunks Sent,count,p25,1.00
166,1780554590323170560,1780554591323170560,HTTP Chunks Sent,count,p50,1.00
166,1780554590323170560,1780554591323170560,HTTP Chunks Sent,count,p75,1.00
166,1780554590323170560,1780554591323170560,HTTP Chunks Sent,count,p90,1.00
166,1780554590323170560,1780554591323170560,HTTP Chunks Sent,count,p95,1.00
166,1780554590323170560,1780554591323170560,HTTP Chunks Sent,count,p99,1.00
166,1780554590323170560,1780554591323170560,HTTP Chunks Sent,count,std,0.00
166,1780554590323170560,1780554591323170560,HTTP Connecting,ms,avg,0.61
166,1780554590323170560,1780554591323170560,HTTP Connecting,ms,min,0.61
166,1780554590323170560,1780554591323170560,HTTP Connecting,ms,max,0.61
166,1780554590323170560,1780554591323170560,HTTP Connecting,ms,sum,0.61
166,1780554590323170560,1780554591323170560,HTTP Connecting,ms,p1,0.61
166,1780554590323170560,1780554591323170560,HTTP Connecting,ms,p5,0.61
166,1780554590323170560,1780554591323170560,HTTP Connecting,ms,p10,0.61
166,1780554590323170560,1780554591323170560,HTTP Connecting,ms,p25,0.61
166,1780554590323170560,1780554591323170560,HTTP Connecting,ms,p50,0.61
166,1780554590323170560,1780554591323170560,HTTP Connecting,ms,p75,0.61
166,1780554590323170560,1780554591323170560,HTTP Connecting,ms,p90,0.61
166,1780554590323170560,1780554591323170560,HTTP Connecting,ms,p95,0.61
166,1780554590323170560,1780554591323170560,HTTP Connecting,ms,p99,0.61
166,1780554590323170560,1780554591323170560,HTTP Connecting,ms,std,0.00
166,1780554590323170560,1780554591323170560,HTTP Connection Overhead,ms,avg,0.61
166,1780554590323170560,1780554591323170560,HTTP Connection Overhead,ms,min,0.61
166,1780554590323170560,1780554591323170560,HTTP Connection Overhead,ms,max,0.61
166,1780554590323170560,1780554591323170560,HTTP Connection Overhead,ms,sum,0.61
166,1780554590323170560,1780554591323170560,HTTP Connection Overhead,ms,p1,0.61
166,1780554590323170560,1780554591323170560,HTTP Connection Overhead,ms,p5,0.61
166,1780554590323170560,1780554591323170560,HTTP Connection Overhead,ms,p10,0.61
166,1780554590323170560,1780554591323170560,HTTP Connection Overhead,ms,p25,0.61
166,1780554590323170560,1780554591323170560,HTTP Connection Overhead,ms,p50,0.61
166,1780554590323170560,1780554591323170560,HTTP Connection Overhead,ms,p75,0.61
166,1780554590323170560,1780554591323170560,HTTP Connection Overhead,ms,p90,0.61
166,1780554590323170560,1780554591323170560,HTTP Connection Overhead,ms,p95,0.61
166,1780554590323170560,1780554591323170560,HTTP Connection Overhead,ms,p99,0.61
166,1780554590323170560,1780554591323170560,HTTP Connection Overhead,ms,std,0.00
166,1780554590323170560,1780554591323170560,HTTP Connection Reused,ratio,avg,0.00
166,1780554590323170560,1780554591323170560,HTTP Connection Reused,ratio,min,0.00
166,1780554590323170560,1780554591323170560,HTTP Connection Reused,ratio,max,0.00
166,1780554590323170560,1780554591323170560,HTTP Connection Reused,ratio,sum,0.00
166,1780554590323170560,1780554591323170560,HTTP Connection Reused,ratio,p1,0.00
166,1780554590323170560,1780554591323170560,HTTP Connection Reused,ratio,p5,0.00
166,1780554590323170560,1780554591323170560,HTTP Connection Reused,ratio,p10,0.00
166,1780554590323170560,1780554591323170560,HTTP Connection Reused,ratio,p25,0.00
166,1780554590323170560,1780554591323170560,HTTP Connection Reused,ratio,p50,0.00
166,1780554590323170560,1780554591323170560,HTTP Connection Reused,ratio,p75,0.00
166,1780554590323170560,1780554591323170560,HTTP Connection Reused,ratio,p90,0.00
166,1780554590323170560,1780554591323170560,HTTP Connection Reused,ratio,p95,0.00
166,1780554590323170560,1780554591323170560,HTTP Connection Reused,ratio,p99,0.00
166,1780554590323170560,1780554591323170560,HTTP Connection Reused,ratio,std,0.00
166,1780554590323170560,1780554591323170560,HTTP Data Received,KB,avg,166.21
166,1780554590323170560,1780554591323170560,HTTP Data Received,KB,min,166.21
166,1780554590323170560,1780554591323170560,HTTP Data Received,KB,max,166.21
166,1780554590323170560,1780554591323170560,HTTP Data Received,KB,sum,166.21
166,1780554590323170560,1780554591323170560,HTTP Data Received,KB,p1,166.21
166,1780554590323170560,1780554591323170560,HTTP Data Received,KB,p5,166.21
166,1780554590323170560,1780554591323170560,HTTP Data Received,KB,p10,166.21
166,1780554590323170560,1780554591323170560,HTTP Data Received,KB,p25,166.21
166,1780554590323170560,1780554591323170560,HTTP Data Received,KB,p50,166.21
166,1780554590323170560,1780554591323170560,HTTP Data Received,KB,p75,166.21
166,1780554590323170560,1780554591323170560,HTTP Data Received,KB,p90,166.21
166,1780554590323170560,1780554591323170560,HTTP Data Received,KB,p95,166.21
166,1780554590323170560,1780554591323170560,HTTP Data Received,KB,p99,166.21
166,1780554590323170560,1780554591323170560,HTTP Data Received,KB,std,0.00
166,1780554590323170560,1780554591323170560,HTTP Data Sent,KB,avg,273.64
166,1780554590323170560,1780554591323170560,HTTP Data Sent,KB,min,273.64
166,1780554590323170560,1780554591323170560,HTTP Data Sent,KB,max,273.64
166,1780554590323170560,1780554591323170560,HTTP Data Sent,KB,sum,273.64
166,1780554590323170560,1780554591323170560,HTTP Data Sent,KB,p1,273.64
166,1780554590323170560,1780554591323170560,HTTP Data Sent,KB,p5,273.64
166,1780554590323170560,1780554591323170560,HTTP Data Sent,KB,p10,273.64
166,1780554590323170560,1780554591323170560,HTTP Data Sent,KB,p25,273.64
166,1780554590323170560,1780554591323170560,HTTP Data Sent,KB,p50,273.64
166,1780554590323170560,1780554591323170560,HTTP Data Sent,KB,p75,273.64
166,1780554590323170560,1780554591323170560,HTTP Data Sent,KB,p90,273.64
166,1780554590323170560,1780554591323170560,HTTP Data Sent,KB,p95,273.64
166,1780554590323170560,1780554591323170560,HTTP Data Sent,KB,p99,273.64
166,1780554590323170560,1780554591323170560,HTTP Data Sent,KB,std,0.00
166,1780554590323170560,1780554591323170560,HTTP DNS Lookup,ms,avg,0.00
166,1780554590323170560,1780554591323170560,HTTP DNS Lookup,ms,min,0.00
166,1780554590323170560,1780554591323170560,HTTP DNS Lookup,ms,max,0.00
166,1780554590323170560,1780554591323170560,HTTP DNS Lookup,ms,sum,0.00
166,1780554590323170560,1780554591323170560,HTTP DNS Lookup,ms,p1,0.00
166,1780554590323170560,1780554591323170560,HTTP DNS Lookup,ms,p5,0.00
166,1780554590323170560,1780554591323170560,HTTP DNS Lookup,ms,p10,0.00
166,1780554590323170560,1780554591323170560,HTTP DNS Lookup,ms,p25,0.00
166,1780554590323170560,1780554591323170560,HTTP DNS Lookup,ms,p50,0.00
166,1780554590323170560,1780554591323170560,HTTP DNS Lookup,ms,p75,0.00
166,1780554590323170560,1780554591323170560,HTTP DNS Lookup,ms,p90,0.00
166,1780554590323170560,1780554591323170560,HTTP DNS Lookup,ms,p95,0.00
166,1780554590323170560,1780554591323170560,HTTP DNS Lookup,ms,p99,0.00
166,1780554590323170560,1780554591323170560,HTTP DNS Lookup,ms,std,0.00
166,1780554590323170560,1780554591323170560,HTTP Duration (excl. conn),ms,avg,75361.94
166,1780554590323170560,1780554591323170560,HTTP Duration (excl. conn),ms,min,75361.94
166,1780554590323170560,1780554591323170560,HTTP Duration (excl. conn),ms,max,75361.94
166,1780554590323170560,1780554591323170560,HTTP Duration (excl. conn),ms,sum,75361.94
166,1780554590323170560,1780554591323170560,HTTP Duration (excl. conn),ms,p1,75361.94
166,1780554590323170560,1780554591323170560,HTTP Duration (excl. conn),ms,p5,75361.94
166,1780554590323170560,1780554591323170560,HTTP Duration (excl. conn),ms,p10,75361.94
166,1780554590323170560,1780554591323170560,HTTP Duration (excl. conn),ms,p25,75361.94
166,1780554590323170560,1780554591323170560,HTTP Duration (excl. conn),ms,p50,75361.94
166,1780554590323170560,1780554591323170560,HTTP Duration (excl. conn),ms,p75,75361.94
166,1780554590323170560,1780554591323170560,HTTP Duration (excl. conn),ms,p90,75361.94
166,1780554590323170560,1780554591323170560,HTTP Duration (excl. conn),ms,p95,75361.94
166,1780554590323170560,1780554591323170560,HTTP Duration (excl. conn),ms,p99,75361.94
166,1780554590323170560,1780554591323170560,HTTP Duration (excl. conn),ms,std,0.00
166,1780554590323170560,1780554591323170560,HTTP Receiving,ms,avg,57649.25
166,1780554590323170560,1780554591323170560,HTTP Receiving,ms,min,57649.25
166,1780554590323170560,1780554591323170560,HTTP Receiving,ms,max,57649.25
166,1780554590323170560,1780554591323170560,HTTP Receiving,ms,sum,57649.25
166,1780554590323170560,1780554591323170560,HTTP Receiving,ms,p1,57649.25
166,1780554590323170560,1780554591323170560,HTTP Receiving,ms,p5,57649.25
166,1780554590323170560,1780554591323170560,HTTP Receiving,ms,p10,57649.25
166,1780554590323170560,1780554591323170560,HTTP Receiving,ms,p25,57649.25
166,1780554590323170560,1780554591323170560,HTTP Receiving,ms,p50,57649.25
166,1780554590323170560,1780554591323170560,HTTP Receiving,ms,p75,57649.25
166,1780554590323170560,1780554591323170560,HTTP Receiving,ms,p90,57649.25
166,1780554590323170560,1780554591323170560,HTTP Receiving,ms,p95,57649.25
166,1780554590323170560,1780554591323170560,HTTP Receiving,ms,p99,57649.25
166,1780554590323170560,1780554591323170560,HTTP Receiving,ms,std,0.00
166,1780554590323170560,1780554591323170560,HTTP Sending,ms,avg,0.89
166,1780554590323170560,1780554591323170560,HTTP Sending,ms,min,0.89
166,1780554590323170560,1780554591323170560,HTTP Sending,ms,max,0.89
166,1780554590323170560,1780554591323170560,HTTP Sending,ms,sum,0.89
166,1780554590323170560,1780554591323170560,HTTP Sending,ms,p1,0.89
166,1780554590323170560,1780554591323170560,HTTP Sending,ms,p5,0.89
166,1780554590323170560,1780554591323170560,HTTP Sending,ms,p10,0.89
166,1780554590323170560,1780554591323170560,HTTP Sending,ms,p25,0.89
166,1780554590323170560,1780554591323170560,HTTP Sending,ms,p50,0.89
166,1780554590323170560,1780554591323170560,HTTP Sending,ms,p75,0.89
166,1780554590323170560,1780554591323170560,HTTP Sending,ms,p90,0.89
166,1780554590323170560,1780554591323170560,HTTP Sending,ms,p95,0.89
166,1780554590323170560,1780554591323170560,HTTP Sending,ms,p99,0.89
166,1780554590323170560,1780554591323170560,HTTP Sending,ms,std,0.00
166,1780554590323170560,1780554591323170560,HTTP Total Time,ms,avg,75362.54
166,1780554590323170560,1780554591323170560,HTTP Total Time,ms,min,75362.54
166,1780554590323170560,1780554591323170560,HTTP Total Time,ms,max,75362.54
166,1780554590323170560,1780554591323170560,HTTP Total Time,ms,sum,75362.54
166,1780554590323170560,1780554591323170560,HTTP Total Time,ms,p1,75362.54
166,1780554590323170560,1780554591323170560,HTTP Total Time,ms,p5,75362.54
166,1780554590323170560,1780554591323170560,HTTP Total Time,ms,p10,75362.54
166,1780554590323170560,1780554591323170560,HTTP Total Time,ms,p25,75362.54
166,1780554590323170560,1780554591323170560,HTTP Total Time,ms,p50,75362.54
166,1780554590323170560,1780554591323170560,HTTP Total Time,ms,p75,75362.54
166,1780554590323170560,1780554591323170560,HTTP Total Time,ms,p90,75362.54
166,1780554590323170560,1780554591323170560,HTTP Total Time,ms,p95,75362.54
166,1780554590323170560,1780554591323170560,HTTP Total Time,ms,p99,75362.54
166,1780554590323170560,1780554591323170560,HTTP Total Time,ms,std,0.00
166,1780554590323170560,1780554591323170560,HTTP Waiting (TTFB),ms,avg,17711.79
166,1780554590323170560,1780554591323170560,HTTP Waiting (TTFB),ms,min,17711.79
166,1780554590323170560,1780554591323170560,HTTP Waiting (TTFB),ms,max,17711.79
166,1780554590323170560,1780554591323170560,HTTP Waiting (TTFB),ms,sum,17711.79
166,1780554590323170560,1780554591323170560,HTTP Waiting (TTFB),ms,p1,17711.79
166,1780554590323170560,1780554591323170560,HTTP Waiting (TTFB),ms,p5,17711.79
166,1780554590323170560,1780554591323170560,HTTP Waiting (TTFB),ms,p10,17711.79
166,1780554590323170560,1780554591323170560,HTTP Waiting (TTFB),ms,p25,17711.79
166,1780554590323170560,1780554591323170560,HTTP Waiting (TTFB),ms,p50,17711.79
166,1780554590323170560,1780554591323170560,HTTP Waiting (TTFB),ms,p75,17711.79
166,1780554590323170560,1780554591323170560,HTTP Waiting (TTFB),ms,p90,17711.79
166,1780554590323170560,1780554591323170560,HTTP Waiting (TTFB),ms,p95,17711.79
166,1780554590323170560,1780554591323170560,HTTP Waiting (TTFB),ms,p99,17711.79
166,1780554590323170560,1780554591323170560,HTTP Waiting (TTFB),ms,std,0.00
166,1780554590323170560,1780554591323170560,Input Sequence Length,tokens,avg,69533.00
166,1780554590323170560,1780554591323170560,Input Sequence Length,tokens,min,69533.00
166,1780554590323170560,1780554591323170560,Input Sequence Length,tokens,max,69533.00
166,1780554590323170560,1780554591323170560,Input Sequence Length,tokens,sum,69533.00
166,1780554590323170560,1780554591323170560,Input Sequence Length,tokens,p1,69533.00
166,1780554590323170560,1780554591323170560,Input Sequence Length,tokens,p5,69533.00
166,1780554590323170560,1780554591323170560,Input Sequence Length,tokens,p10,69533.00
166,1780554590323170560,1780554591323170560,Input Sequence Length,tokens,p25,69533.00
166,1780554590323170560,1780554591323170560,Input Sequence Length,tokens,p50,69533.00
166,1780554590323170560,1780554591323170560,Input Sequence Length,tokens,p75,69533.00
166,1780554590323170560,1780554591323170560,Input Sequence Length,tokens,p90,69533.00
166,1780554590323170560,1780554591323170560,Input Sequence Length,tokens,p95,69533.00
166,1780554590323170560,1780554591323170560,Input Sequence Length,tokens,p99,69533.00
166,1780554590323170560,1780554591323170560,Input Sequence Length,tokens,std,0.00
166,1780554590323170560,1780554591323170560,Input Token Throughput,tokens/sec,avg,69533.00
166,1780554590323170560,1780554591323170560,Inter Chunk Latency,ms,avg,463.19
166,1780554590323170560,1780554591323170560,Inter Chunk Latency,ms,min,453.71
166,1780554590323170560,1780554591323170560,Inter Chunk Latency,ms,max,494.67
166,1780554590323170560,1780554591323170560,Inter Chunk Latency,ms,sum,308019.34
166,1780554590323170560,1780554591323170560,Inter Chunk Latency,ms,p1,453.84
166,1780554590323170560,1780554591323170560,Inter Chunk Latency,ms,p5,454.23
166,1780554590323170560,1780554591323170560,Inter Chunk Latency,ms,p10,454.99
166,1780554590323170560,1780554591323170560,Inter Chunk Latency,ms,p25,456.50
166,1780554590323170560,1780554591323170560,Inter Chunk Latency,ms,p50,459.64
166,1780554590323170560,1780554591323170560,Inter Chunk Latency,ms,p75,463.91
166,1780554590323170560,1780554591323170560,Inter Chunk Latency,ms,p90,482.73
166,1780554590323170560,1780554591323170560,Inter Chunk Latency,ms,p95,491.65
166,1780554590323170560,1780554591323170560,Inter Chunk Latency,ms,p99,492.88
166,1780554590323170560,1780554591323170560,Inter Chunk Latency,ms,std,10.52
166,1780554590323170560,1780554591323170560,Inter Token Latency,ms,avg,86.69
166,1780554590323170560,1780554591323170560,Inter Token Latency,ms,min,86.69
166,1780554590323170560,1780554591323170560,Inter Token Latency,ms,max,86.69
166,1780554590323170560,1780554591323170560,Inter Token Latency,ms,sum,86.69
166,1780554590323170560,1780554591323170560,Inter Token Latency,ms,p1,86.69
166,1780554590323170560,1780554591323170560,Inter Token Latency,ms,p5,86.69
166,1780554590323170560,1780554591323170560,Inter Token Latency,ms,p10,86.69
166,1780554590323170560,1780554591323170560,Inter Token Latency,ms,p25,86.69
166,1780554590323170560,1780554591323170560,Inter Token Latency,ms,p50,86.69
166,1780554590323170560,1780554591323170560,Inter Token Latency,ms,p75,86.69
166,1780554590323170560,1780554591323170560,Inter Token Latency,ms,p90,86.69
166,1780554590323170560,1780554591323170560,Inter Token Latency,ms,p95,86.69
166,1780554590323170560,1780554591323170560,Inter Token Latency,ms,p99,86.69
166,1780554590323170560,1780554591323170560,Inter Token Latency,ms,std,0.00
166,1780554590323170560,1780554591323170560,Maximum Response Timestamp,ns,avg,1780554666330253824.00
166,1780554590323170560,1780554591323170560,Minimum Request Timestamp,ns,avg,1780554590968209664.00
166,1780554590323170560,1780554591323170560,OSL Mismatch Count,requests,avg,0.00
166,1780554590323170560,1780554591323170560,OSL Mismatch Diff %,%,avg,0.00
166,1780554590323170560,1780554591323170560,OSL Mismatch Diff %,%,min,0.00
166,1780554590323170560,1780554591323170560,OSL Mismatch Diff %,%,max,0.00
166,1780554590323170560,1780554591323170560,OSL Mismatch Diff %,%,sum,0.00
166,1780554590323170560,1780554591323170560,OSL Mismatch Diff %,%,p1,0.00
166,1780554590323170560,1780554591323170560,OSL Mismatch Diff %,%,p5,0.00
166,1780554590323170560,1780554591323170560,OSL Mismatch Diff %,%,p10,0.00
166,1780554590323170560,1780554591323170560,OSL Mismatch Diff %,%,p25,0.00
166,1780554590323170560,1780554591323170560,OSL Mismatch Diff %,%,p50,0.00
166,1780554590323170560,1780554591323170560,OSL Mismatch Diff %,%,p75,0.00
166,1780554590323170560,1780554591323170560,OSL Mismatch Diff %,%,p90,0.00
166,1780554590323170560,1780554591323170560,OSL Mismatch Diff %,%,p95,0.00
166,1780554590323170560,1780554591323170560,OSL Mismatch Diff %,%,p99,0.00
166,1780554590323170560,1780554591323170560,OSL Mismatch Diff %,%,std,0.00
166,1780554590323170560,1780554591323170560,Output Sequence Length,tokens,avg,666.00
166,1780554590323170560,1780554591323170560,Output Sequence Length,tokens,min,666.00
166,1780554590323170560,1780554591323170560,Output Sequence Length,tokens,max,666.00
166,1780554590323170560,1780554591323170560,Output Sequence Length,tokens,sum,666.00
166,1780554590323170560,1780554591323170560,Output Sequence Length,tokens,p1,666.00
166,1780554590323170560,1780554591323170560,Output Sequence Length,tokens,p5,666.00
166,1780554590323170560,1780554591323170560,Output Sequence Length,tokens,p10,666.00
166,1780554590323170560,1780554591323170560,Output Sequence Length,tokens,p25,666.00
166,1780554590323170560,1780554591323170560,Output Sequence Length,tokens,p50,666.00
166,1780554590323170560,1780554591323170560,Output Sequence Length,tokens,p75,666.00
166,1780554590323170560,1780554591323170560,Output Sequence Length,tokens,p90,666.00
166,1780554590323170560,1780554591323170560,Output Sequence Length,tokens,p95,666.00
166,1780554590323170560,1780554591323170560,Output Sequence Length,tokens,p99,666.00
166,1780554590323170560,1780554591323170560,Output Sequence Length,tokens,std,0.00
166,1780554590323170560,1780554591323170560,Output Token Count,tokens,avg,666.00
166,1780554590323170560,1780554591323170560,Output Token Count,tokens,min,666.00
166,1780554590323170560,1780554591323170560,Output Token Count,tokens,max,666.00
166,1780554590323170560,1780554591323170560,Output Token Count,tokens,sum,666.00
166,1780554590323170560,1780554591323170560,Output Token Count,tokens,p1,666.00
166,1780554590323170560,1780554591323170560,Output Token Count,tokens,p5,666.00
166,1780554590323170560,1780554591323170560,Output Token Count,tokens,p10,666.00
166,1780554590323170560,1780554591323170560,Output Token Count,tokens,p25,666.00
166,1780554590323170560,1780554591323170560,Output Token Count,tokens,p50,666.00
166,1780554590323170560,1780554591323170560,Output Token Count,tokens,p75,666.00
166,1780554590323170560,1780554591323170560,Output Token Count,tokens,p90,666.00
166,1780554590323170560,1780554591323170560,Output Token Count,tokens,p95,666.00
166,1780554590323170560,1780554591323170560,Output Token Count,tokens,p99,666.00
166,1780554590323170560,1780554591323170560,Output Token Count,tokens,std,0.00
166,1780554590323170560,1780554591323170560,Output Token Throughput,tokens/sec,avg,666.00
166,1780554590323170560,1780554591323170560,Output Token Throughput Per User,tokens/sec/user,avg,11.54
166,1780554590323170560,1780554591323170560,Output Token Throughput Per User,tokens/sec/user,min,11.54
166,1780554590323170560,1780554591323170560,Output Token Throughput Per User,tokens/sec/user,max,11.54
166,1780554590323170560,1780554591323170560,Output Token Throughput Per User,tokens/sec/user,sum,11.54
166,1780554590323170560,1780554591323170560,Output Token Throughput Per User,tokens/sec/user,p1,11.54
166,1780554590323170560,1780554591323170560,Output Token Throughput Per User,tokens/sec/user,p5,11.54
166,1780554590323170560,1780554591323170560,Output Token Throughput Per User,tokens/sec/user,p10,11.54
166,1780554590323170560,1780554591323170560,Output Token Throughput Per User,tokens/sec/user,p25,11.54
166,1780554590323170560,1780554591323170560,Output Token Throughput Per User,tokens/sec/user,p50,11.54
166,1780554590323170560,1780554591323170560,Output Token Throughput Per User,tokens/sec/user,p75,11.54
166,1780554590323170560,1780554591323170560,Output Token Throughput Per User,tokens/sec/user,p90,11.54
166,1780554590323170560,1780554591323170560,Output Token Throughput Per User,tokens/sec/user,p95,11.54
166,1780554590323170560,1780554591323170560,Output Token Throughput Per User,tokens/sec/user,p99,11.54
166,1780554590323170560,1780554591323170560,Output Token Throughput Per User,tokens/sec/user,std,0.00
166,1780554590323170560,1780554591323170560,Prefill Throughput Per User,tokens/sec/user,avg,3925.58
166,1780554590323170560,1780554591323170560,Prefill Throughput Per User,tokens/sec/user,min,3925.58
166,1780554590323170560,1780554591323170560,Prefill Throughput Per User,tokens/sec/user,max,3925.58
166,1780554590323170560,1780554591323170560,Prefill Throughput Per User,tokens/sec/user,sum,3925.58
166,1780554590323170560,1780554591323170560,Prefill Throughput Per User,tokens/sec/user,p1,3925.58
166,1780554590323170560,1780554591323170560,Prefill Throughput Per User,tokens/sec/user,p5,3925.58
166,1780554590323170560,1780554591323170560,Prefill Throughput Per User,tokens/sec/user,p10,3925.58
166,1780554590323170560,1780554591323170560,Prefill Throughput Per User,tokens/sec/user,p25,3925.58
166,1780554590323170560,1780554591323170560,Prefill Throughput Per User,tokens/sec/user,p50,3925.58
166,1780554590323170560,1780554591323170560,Prefill Throughput Per User,tokens/sec/user,p75,3925.58
166,1780554590323170560,1780554591323170560,Prefill Throughput Per User,tokens/sec/user,p90,3925.58
166,1780554590323170560,1780554591323170560,Prefill Throughput Per User,tokens/sec/user,p95,3925.58
166,1780554590323170560,1780554591323170560,Prefill Throughput Per User,tokens/sec/user,p99,3925.58
166,1780554590323170560,1780554591323170560,Prefill Throughput Per User,tokens/sec/user,std,0.00
166,1780554590323170560,1780554591323170560,Request Count,requests,avg,1.00
166,1780554590323170560,1780554591323170560,Request Latency,ms,avg,75362.04
166,1780554590323170560,1780554591323170560,Request Latency,ms,min,75362.04
166,1780554590323170560,1780554591323170560,Request Latency,ms,max,75362.04
166,1780554590323170560,1780554591323170560,Request Latency,ms,sum,75362.04
166,1780554590323170560,1780554591323170560,Request Latency,ms,p1,75362.04
166,1780554590323170560,1780554591323170560,Request Latency,ms,p5,75362.04
166,1780554590323170560,1780554591323170560,Request Latency,ms,p10,75362.04
166,1780554590323170560,1780554591323170560,Request Latency,ms,p25,75362.04
166,1780554590323170560,1780554591323170560,Request Latency,ms,p50,75362.04
166,1780554590323170560,1780554591323170560,Request Latency,ms,p75,75362.04
166,1780554590323170560,1780554591323170560,Request Latency,ms,p90,75362.04
166,1780554590323170560,1780554591323170560,Request Latency,ms,p95,75362.04
166,1780554590323170560,1780554591323170560,Request Latency,ms,p99,75362.04
166,1780554590323170560,1780554591323170560,Request Latency,ms,std,0.00
166,1780554590323170560,1780554591323170560,Request Throughput,requests/sec,avg,1.00
166,1780554590323170560,1780554591323170560,Requested OSL,tokens,avg,666.00
166,1780554590323170560,1780554591323170560,Requested OSL,tokens,min,666.00
166,1780554590323170560,1780554591323170560,Requested OSL,tokens,max,666.00
166,1780554590323170560,1780554591323170560,Requested OSL,tokens,sum,666.00
166,1780554590323170560,1780554591323170560,Requested OSL,tokens,p1,666.00
166,1780554590323170560,1780554591323170560,Requested OSL,tokens,p5,666.00
166,1780554590323170560,1780554591323170560,Requested OSL,tokens,p10,666.00
166,1780554590323170560,1780554591323170560,Requested OSL,tokens,p25,666.00
166,1780554590323170560,1780554591323170560,Requested OSL,tokens,p50,666.00
166,1780554590323170560,1780554591323170560,Requested OSL,tokens,p75,666.00
166,1780554590323170560,1780554591323170560,Requested OSL,tokens,p90,666.00
166,1780554590323170560,1780554591323170560,Requested OSL,tokens,p95,666.00
166,1780554590323170560,1780554591323170560,Requested OSL,tokens,p99,666.00
166,1780554590323170560,1780554591323170560,Requested OSL,tokens,std,0.00
166,1780554590323170560,1780554591323170560,Time to First Output Token,ms,avg,17712.81
166,1780554590323170560,1780554591323170560,Time to First Output Token,ms,min,17712.81
166,1780554590323170560,1780554591323170560,Time to First Output Token,ms,max,17712.81
166,1780554590323170560,1780554591323170560,Time to First Output Token,ms,sum,17712.81
166,1780554590323170560,1780554591323170560,Time to First Output Token,ms,p1,17712.81
166,1780554590323170560,1780554591323170560,Time to First Output Token,ms,p5,17712.81
166,1780554590323170560,1780554591323170560,Time to First Output Token,ms,p10,17712.81
166,1780554590323170560,1780554591323170560,Time to First Output Token,ms,p25,17712.81
166,1780554590323170560,1780554591323170560,Time to First Output Token,ms,p50,17712.81
166,1780554590323170560,1780554591323170560,Time to First Output Token,ms,p75,17712.81
166,1780554590323170560,1780554591323170560,Time to First Output Token,ms,p90,17712.81
166,1780554590323170560,1780554591323170560,Time to First Output Token,ms,p95,17712.81
166,1780554590323170560,1780554591323170560,Time to First Output Token,ms,p99,17712.81
166,1780554590323170560,1780554591323170560,Time to First Output Token,ms,std,0.00
166,1780554590323170560,1780554591323170560,Time to First Token,ms,avg,17712.81
166,1780554590323170560,1780554591323170560,Time to First Token,ms,min,17712.81
166,1780554590323170560,1780554591323170560,Time to First Token,ms,max,17712.81
166,1780554590323170560,1780554591323170560,Time to First Token,ms,sum,17712.81
166,1780554590323170560,1780554591323170560,Time to First Token,ms,p1,17712.81
166,1780554590323170560,1780554591323170560,Time to First Token,ms,p5,17712.81
166,1780554590323170560,1780554591323170560,Time to First Token,ms,p10,17712.81
166,1780554590323170560,1780554591323170560,Time to First Token,ms,p25,17712.81
166,1780554590323170560,1780554591323170560,Time to First Token,ms,p50,17712.81
166,1780554590323170560,1780554591323170560,Time to First Token,ms,p75,17712.81
166,1780554590323170560,1780554591323170560,Time to First Token,ms,p90,17712.81
166,1780554590323170560,1780554591323170560,Time to First Token,ms,p95,17712.81
166,1780554590323170560,1780554591323170560,Time to First Token,ms,p99,17712.81
166,1780554590323170560,1780554591323170560,Time to First Token,ms,std,0.00
166,1780554590323170560,1780554591323170560,Time to Second Token,ms,avg,5.13
166,1780554590323170560,1780554591323170560,Time to Second Token,ms,min,5.13
166,1780554590323170560,1780554591323170560,Time to Second Token,ms,max,5.13
166,1780554590323170560,1780554591323170560,Time to Second Token,ms,sum,5.13
166,1780554590323170560,1780554591323170560,Time to Second Token,ms,p1,5.13
166,1780554590323170560,1780554591323170560,Time to Second Token,ms,p5,5.13
166,1780554590323170560,1780554591323170560,Time to Second Token,ms,p10,5.13
166,1780554590323170560,1780554591323170560,Time to Second Token,ms,p25,5.13
166,1780554590323170560,1780554591323170560,Time to Second Token,ms,p50,5.13
166,1780554590323170560,1780554591323170560,Time to Second Token,ms,p75,5.13
166,1780554590323170560,1780554591323170560,Time to Second Token,ms,p90,5.13
166,1780554590323170560,1780554591323170560,Time to Second Token,ms,p95,5.13
166,1780554590323170560,1780554591323170560,Time to Second Token,ms,p99,5.13
166,1780554590323170560,1780554591323170560,Time to Second Token,ms,std,0.00
166,1780554590323170560,1780554591323170560,Tokens In Flight,tokens,avg,952179.45
166,1780554590323170560,1780554591323170560,Tokens In Flight,tokens,min,927478.95
166,1780554590323170560,1780554591323170560,Tokens In Flight,tokens,max,997051.72
166,1780554590323170560,1780554591323170560,Tokens In Flight,tokens,p50,927496.65
166,1780554590323170560,1780554591323170560,Tokens In Flight,tokens,p90,997047.00
166,1780554590323170560,1780554591323170560,Tokens In Flight,tokens,p95,997048.58
166,1780554590323170560,1780554591323170560,Tokens In Flight,tokens,p99,997051.72
166,1780554590323170560,1780554591323170560,Tokens In Flight,tokens,std,33281.11
166,1780554590323170560,1780554591323170560,Total Input Sequence Length,tokens,avg,69533.00
166,1780554590323170560,1780554591323170560,Total Output Sequence Length,tokens,avg,666.00
166,1780554590323170560,1780554591323170560,Total Output Tokens,tokens,avg,666.00
166,1780554590323170560,1780554591323170560,Total Token Throughput,tokens/sec,avg,70199.00
166,1780554590323170560,1780554591323170560,Total Usage Completion Tokens,tokens,avg,666.00
166,1780554590323170560,1780554591323170560,Total Usage Prompt Tokens,tokens,avg,69533.00
166,1780554590323170560,1780554591323170560,Total Usage Total Tokens,tokens,avg,70199.00
166,1780554590323170560,1780554591323170560,Usage Completion Tokens,tokens,avg,666.00
166,1780554590323170560,1780554591323170560,Usage Completion Tokens,tokens,min,666.00
166,1780554590323170560,1780554591323170560,Usage Completion Tokens,tokens,max,666.00
166,1780554590323170560,1780554591323170560,Usage Completion Tokens,tokens,sum,666.00
166,1780554590323170560,1780554591323170560,Usage Completion Tokens,tokens,p1,666.00
166,1780554590323170560,1780554591323170560,Usage Completion Tokens,tokens,p5,666.00
166,1780554590323170560,1780554591323170560,Usage Completion Tokens,tokens,p10,666.00
166,1780554590323170560,1780554591323170560,Usage Completion Tokens,tokens,p25,666.00
166,1780554590323170560,1780554591323170560,Usage Completion Tokens,tokens,p50,666.00
166,1780554590323170560,1780554591323170560,Usage Completion Tokens,tokens,p75,666.00
166,1780554590323170560,1780554591323170560,Usage Completion Tokens,tokens,p90,666.00
166,1780554590323170560,1780554591323170560,Usage Completion Tokens,tokens,p95,666.00
166,1780554590323170560,1780554591323170560,Usage Completion Tokens,tokens,p99,666.00
166,1780554590323170560,1780554591323170560,Usage Completion Tokens,tokens,std,0.00
166,1780554590323170560,1780554591323170560,Usage Prompt Tokens,tokens,avg,69533.00
166,1780554590323170560,1780554591323170560,Usage Prompt Tokens,tokens,min,69533.00
166,1780554590323170560,1780554591323170560,Usage Prompt Tokens,tokens,max,69533.00
166,1780554590323170560,1780554591323170560,Usage Prompt Tokens,tokens,sum,69533.00
166,1780554590323170560,1780554591323170560,Usage Prompt Tokens,tokens,p1,69533.00
166,1780554590323170560,1780554591323170560,Usage Prompt Tokens,tokens,p5,69533.00
166,1780554590323170560,1780554591323170560,Usage Prompt Tokens,tokens,p10,69533.00
166,1780554590323170560,1780554591323170560,Usage Prompt Tokens,tokens,p25,69533.00
166,1780554590323170560,1780554591323170560,Usage Prompt Tokens,tokens,p50,69533.00
166,1780554590323170560,1780554591323170560,Usage Prompt Tokens,tokens,p75,69533.00
166,1780554590323170560,1780554591323170560,Usage Prompt Tokens,tokens,p90,69533.00
166,1780554590323170560,1780554591323170560,Usage Prompt Tokens,tokens,p95,69533.00
166,1780554590323170560,1780554591323170560,Usage Prompt Tokens,tokens,p99,69533.00
166,1780554590323170560,1780554591323170560,Usage Prompt Tokens,tokens,std,0.00
166,1780554590323170560,1780554591323170560,Usage Total Tokens,tokens,avg,70199.00
166,1780554590323170560,1780554591323170560,Usage Total Tokens,tokens,min,70199.00
166,1780554590323170560,1780554591323170560,Usage Total Tokens,tokens,max,70199.00
166,1780554590323170560,1780554591323170560,Usage Total Tokens,tokens,sum,70199.00
166,1780554590323170560,1780554591323170560,Usage Total Tokens,tokens,p1,70199.00
166,1780554590323170560,1780554591323170560,Usage Total Tokens,tokens,p5,70199.00
166,1780554590323170560,1780554591323170560,Usage Total Tokens,tokens,p10,70199.00
166,1780554590323170560,1780554591323170560,Usage Total Tokens,tokens,p25,70199.00
166,1780554590323170560,1780554591323170560,Usage Total Tokens,tokens,p50,70199.00
166,1780554590323170560,1780554591323170560,Usage Total Tokens,tokens,p75,70199.00
166,1780554590323170560,1780554591323170560,Usage Total Tokens,tokens,p90,70199.00
166,1780554590323170560,1780554591323170560,Usage Total Tokens,tokens,p95,70199.00
166,1780554590323170560,1780554591323170560,Usage Total Tokens,tokens,p99,70199.00
166,1780554590323170560,1780554591323170560,Usage Total Tokens,tokens,std,0.00
167,1780554592323170560,1780554593323170560,Active Decode Throughput,tokens/sec,avg,60.63
167,1780554592323170560,1780554593323170560,Active Decode Throughput,tokens/sec,min,53.12
167,1780554592323170560,1780554593323170560,Active Decode Throughput,tokens/sec,max,68.70
167,1780554592323170560,1780554593323170560,Active Decode Throughput,tokens/sec,p50,60.62
167,1780554592323170560,1780554593323170560,Active Decode Throughput,tokens/sec,p90,60.64
167,1780554592323170560,1780554593323170560,Active Decode Throughput,tokens/sec,p95,60.69
167,1780554592323170560,1780554593323170560,Active Decode Throughput,tokens/sec,p99,60.69
167,1780554592323170560,1780554593323170560,Active Decode Throughput,tokens/sec,std,0.03
167,1780554592323170560,1780554593323170560,Active Decode Throughput Per User,tokens/sec/user,avg,6.06
167,1780554592323170560,1780554593323170560,Active Decode Throughput Per User,tokens/sec/user,min,5.31
167,1780554592323170560,1780554593323170560,Active Decode Throughput Per User,tokens/sec/user,max,6.87
167,1780554592323170560,1780554593323170560,Active Decode Throughput Per User,tokens/sec/user,p50,6.06
167,1780554592323170560,1780554593323170560,Active Decode Throughput Per User,tokens/sec/user,p90,6.06
167,1780554592323170560,1780554593323170560,Active Decode Throughput Per User,tokens/sec/user,p95,6.07
167,1780554592323170560,1780554593323170560,Active Decode Throughput Per User,tokens/sec/user,p99,6.07
167,1780554592323170560,1780554593323170560,Active Decode Throughput Per User,tokens/sec/user,std,0.00
167,1780554592323170560,1780554593323170560,Active Prefill Throughput,tokens/sec,avg,18399.20
167,1780554592323170560,1780554593323170560,Active Prefill Throughput,tokens/sec,min,17689.64
167,1780554592323170560,1780554593323170560,Active Prefill Throughput,tokens/sec,max,19502.58
167,1780554592323170560,1780554593323170560,Active Prefill Throughput,tokens/sec,p50,17689.64
167,1780554592323170560,1780554593323170560,Active Prefill Throughput,tokens/sec,p90,19502.58
167,1780554592323170560,1780554593323170560,Active Prefill Throughput,tokens/sec,p95,19502.58
167,1780554592323170560,1780554593323170560,Active Prefill Throughput,tokens/sec,p99,19502.58
167,1780554592323170560,1780554593323170560,Active Prefill Throughput,tokens/sec,std,884.83
167,1780554592323170560,1780554593323170560,Active Prefill Throughput Per User,tokens/sec/user,avg,7927.42
167,1780554592323170560,1780554593323170560,Active Prefill Throughput Per User,tokens/sec/user,min,6500.86
167,1780554592323170560,1780554593323170560,Active Prefill Throughput Per User,tokens/sec/user,max,8844.82
167,1780554592323170560,1780554593323170560,Active Prefill Throughput Per User,tokens/sec/user,p50,8844.82
167,1780554592323170560,1780554593323170560,Active Prefill Throughput Per User,tokens/sec/user,p90,8844.82
167,1780554592323170560,1780554593323170560,Active Prefill Throughput Per User,tokens/sec/user,p95,8844.82
167,1780554592323170560,1780554593323170560,Active Prefill Throughput Per User,tokens/sec/user,p99,8844.82
167,1780554592323170560,1780554593323170560,Active Prefill Throughput Per User,tokens/sec/user,std,1143.99
167,1780554592323170560,1780554593323170560,Active Total Throughput,tokens/sec,avg,18498.08
167,1780554592323170560,1780554593323170560,Active Total Throughput,tokens/sec,min,17788.51
167,1780554592323170560,1780554593323170560,Active Total Throughput,tokens/sec,max,19601.45
167,1780554592323170560,1780554593323170560,Active Total Throughput,tokens/sec,p50,17788.51
167,1780554592323170560,1780554593323170560,Active Total Throughput,tokens/sec,p90,19601.45
167,1780554592323170560,1780554593323170560,Active Total Throughput,tokens/sec,p95,19601.45
167,1780554592323170560,1780554593323170560,Active Total Throughput,tokens/sec,p99,19601.45
167,1780554592323170560,1780554593323170560,Active Total Throughput,tokens/sec,std,884.83
167,1780554592323170560,1780554593323170560,Benchmark Duration,sec,avg,73.33
167,1780554592323170560,1780554593323170560,E2E Output Token Throughput,tokens/sec/user,avg,3.68
167,1780554592323170560,1780554593323170560,E2E Output Token Throughput,tokens/sec/user,min,3.68
167,1780554592323170560,1780554593323170560,E2E Output Token Throughput,tokens/sec/user,max,3.68
167,1780554592323170560,1780554593323170560,E2E Output Token Throughput,tokens/sec/user,sum,3.68
167,1780554592323170560,1780554593323170560,E2E Output Token Throughput,tokens/sec/user,p1,3.68
167,1780554592323170560,1780554593323170560,E2E Output Token Throughput,tokens/sec/user,p5,3.68
167,1780554592323170560,1780554593323170560,E2E Output Token Throughput,tokens/sec/user,p10,3.68
167,1780554592323170560,1780554593323170560,E2E Output Token Throughput,tokens/sec/user,p25,3.68
167,1780554592323170560,1780554593323170560,E2E Output Token Throughput,tokens/sec/user,p50,3.68
167,1780554592323170560,1780554593323170560,E2E Output Token Throughput,tokens/sec/user,p75,3.68
167,1780554592323170560,1780554593323170560,E2E Output Token Throughput,tokens/sec/user,p90,3.68
167,1780554592323170560,1780554593323170560,E2E Output Token Throughput,tokens/sec/user,p95,3.68
167,1780554592323170560,1780554593323170560,E2E Output Token Throughput,tokens/sec/user,p99,3.68
167,1780554592323170560,1780554593323170560,E2E Output Token Throughput,tokens/sec/user,std,0.00
167,1780554592323170560,1780554593323170560,Effective Concurrency,requests,avg,12.39
167,1780554592323170560,1780554593323170560,Effective Concurrency,requests,min,12.00
167,1780554592323170560,1780554593323170560,Effective Concurrency,requests,max,13.00
167,1780554592323170560,1780554593323170560,Effective Concurrency,requests,p50,12.00
167,1780554592323170560,1780554593323170560,Effective Concurrency,requests,p90,13.00
167,1780554592323170560,1780554593323170560,Effective Concurrency,requests,p95,13.00
167,1780554592323170560,1780554593323170560,Effective Concurrency,requests,p99,13.00
167,1780554592323170560,1780554593323170560,Effective Concurrency,requests,std,0.49
167,1780554592323170560,1780554593323170560,Effective Decode Concurrency,requests,avg,10.00
167,1780554592323170560,1780554593323170560,Effective Decode Concurrency,requests,min,10.00
167,1780554592323170560,1780554593323170560,Effective Decode Concurrency,requests,max,10.00
167,1780554592323170560,1780554593323170560,Effective Decode Concurrency,requests,p50,10.00
167,1780554592323170560,1780554593323170560,Effective Decode Concurrency,requests,p90,10.00
167,1780554592323170560,1780554593323170560,Effective Decode Concurrency,requests,p95,10.00
167,1780554592323170560,1780554593323170560,Effective Decode Concurrency,requests,p99,10.00
167,1780554592323170560,1780554593323170560,Effective Decode Concurrency,requests,std,0.00
167,1780554592323170560,1780554593323170560,Effective Decode Throughput,tokens/sec,avg,60.63
167,1780554592323170560,1780554593323170560,Effective Decode Throughput,tokens/sec,min,53.12
167,1780554592323170560,1780554593323170560,Effective Decode Throughput,tokens/sec,max,68.70
167,1780554592323170560,1780554593323170560,Effective Decode Throughput,tokens/sec,p50,60.62
167,1780554592323170560,1780554593323170560,Effective Decode Throughput,tokens/sec,p90,60.64
167,1780554592323170560,1780554593323170560,Effective Decode Throughput,tokens/sec,p95,60.69
167,1780554592323170560,1780554593323170560,Effective Decode Throughput,tokens/sec,p99,60.69
167,1780554592323170560,1780554593323170560,Effective Decode Throughput,tokens/sec,std,0.03
167,1780554592323170560,1780554593323170560,Effective Decode Throughput Per User,tokens/sec/user,avg,6.06
167,1780554592323170560,1780554593323170560,Effective Decode Throughput Per User,tokens/sec/user,min,5.31
167,1780554592323170560,1780554593323170560,Effective Decode Throughput Per User,tokens/sec/user,max,6.87
167,1780554592323170560,1780554593323170560,Effective Decode Throughput Per User,tokens/sec/user,p50,6.06
167,1780554592323170560,1780554593323170560,Effective Decode Throughput Per User,tokens/sec/user,p90,6.06
167,1780554592323170560,1780554593323170560,Effective Decode Throughput Per User,tokens/sec/user,p95,6.07
167,1780554592323170560,1780554593323170560,Effective Decode Throughput Per User,tokens/sec/user,p99,6.07
167,1780554592323170560,1780554593323170560,Effective Decode Throughput Per User,tokens/sec/user,std,0.00
167,1780554592323170560,1780554593323170560,Effective Prefill Concurrency,requests,avg,2.39
167,1780554592323170560,1780554593323170560,Effective Prefill Concurrency,requests,min,2.00
167,1780554592323170560,1780554593323170560,Effective Prefill Concurrency,requests,max,3.00
167,1780554592323170560,1780554593323170560,Effective Prefill Concurrency,requests,p50,2.00
167,1780554592323170560,1780554593323170560,Effective Prefill Concurrency,requests,p90,3.00
167,1780554592323170560,1780554593323170560,Effective Prefill Concurrency,requests,p95,3.00
167,1780554592323170560,1780554593323170560,Effective Prefill Concurrency,requests,p99,3.00
167,1780554592323170560,1780554593323170560,Effective Prefill Concurrency,requests,std,0.49
167,1780554592323170560,1780554593323170560,Effective Prefill Throughput,tokens/sec,avg,18399.20
167,1780554592323170560,1780554593323170560,Effective Prefill Throughput,tokens/sec,min,17689.64
167,1780554592323170560,1780554593323170560,Effective Prefill Throughput,tokens/sec,max,19502.58
167,1780554592323170560,1780554593323170560,Effective Prefill Throughput,tokens/sec,p50,17689.64
167,1780554592323170560,1780554593323170560,Effective Prefill Throughput,tokens/sec,p90,19502.58
167,1780554592323170560,1780554593323170560,Effective Prefill Throughput,tokens/sec,p95,19502.58
167,1780554592323170560,1780554593323170560,Effective Prefill Throughput,tokens/sec,p99,19502.58
167,1780554592323170560,1780554593323170560,Effective Prefill Throughput,tokens/sec,std,884.83
167,1780554592323170560,1780554593323170560,Effective Prefill Throughput Per User,tokens/sec/user,avg,7927.42
167,1780554592323170560,1780554593323170560,Effective Prefill Throughput Per User,tokens/sec/user,min,6500.86
167,1780554592323170560,1780554593323170560,Effective Prefill Throughput Per User,tokens/sec/user,max,8844.82
167,1780554592323170560,1780554593323170560,Effective Prefill Throughput Per User,tokens/sec/user,p50,8844.82
167,1780554592323170560,1780554593323170560,Effective Prefill Throughput Per User,tokens/sec/user,p90,8844.82
167,1780554592323170560,1780554593323170560,Effective Prefill Throughput Per User,tokens/sec/user,p95,8844.82
167,1780554592323170560,1780554593323170560,Effective Prefill Throughput Per User,tokens/sec/user,p99,8844.82
167,1780554592323170560,1780554593323170560,Effective Prefill Throughput Per User,tokens/sec/user,std,1143.99
167,1780554592323170560,1780554593323170560,Effective Total Throughput,tokens/sec,avg,18498.08
167,1780554592323170560,1780554593323170560,Effective Total Throughput,tokens/sec,min,17788.51
167,1780554592323170560,1780554593323170560,Effective Total Throughput,tokens/sec,max,19601.45
167,1780554592323170560,1780554593323170560,Effective Total Throughput,tokens/sec,p50,17788.51
167,1780554592323170560,1780554593323170560,Effective Total Throughput,tokens/sec,p90,19601.45
167,1780554592323170560,1780554593323170560,Effective Total Throughput,tokens/sec,p95,19601.45
167,1780554592323170560,1780554593323170560,Effective Total Throughput,tokens/sec,p99,19601.45
167,1780554592323170560,1780554593323170560,Effective Total Throughput,tokens/sec,std,884.83
167,1780554592323170560,1780554593323170560,HTTP Blocked,ms,avg,0.00
167,1780554592323170560,1780554593323170560,HTTP Blocked,ms,min,0.00
167,1780554592323170560,1780554593323170560,HTTP Blocked,ms,max,0.00
167,1780554592323170560,1780554593323170560,HTTP Blocked,ms,sum,0.00
167,1780554592323170560,1780554593323170560,HTTP Blocked,ms,p1,0.00
167,1780554592323170560,1780554593323170560,HTTP Blocked,ms,p5,0.00
167,1780554592323170560,1780554593323170560,HTTP Blocked,ms,p10,0.00
167,1780554592323170560,1780554593323170560,HTTP Blocked,ms,p25,0.00
167,1780554592323170560,1780554593323170560,HTTP Blocked,ms,p50,0.00
167,1780554592323170560,1780554593323170560,HTTP Blocked,ms,p75,0.00
167,1780554592323170560,1780554593323170560,HTTP Blocked,ms,p90,0.00
167,1780554592323170560,1780554593323170560,HTTP Blocked,ms,p95,0.00
167,1780554592323170560,1780554593323170560,HTTP Blocked,ms,p99,0.00
167,1780554592323170560,1780554593323170560,HTTP Blocked,ms,std,0.00
167,1780554592323170560,1780554593323170560,HTTP Chunks Received,count,avg,270.00
167,1780554592323170560,1780554593323170560,HTTP Chunks Received,count,min,270.00
167,1780554592323170560,1780554593323170560,HTTP Chunks Received,count,max,270.00
167,1780554592323170560,1780554593323170560,HTTP Chunks Received,count,sum,270.00
167,1780554592323170560,1780554593323170560,HTTP Chunks Received,count,p1,270.00
167,1780554592323170560,1780554593323170560,HTTP Chunks Received,count,p5,270.00
167,1780554592323170560,1780554593323170560,HTTP Chunks Received,count,p10,270.00
167,1780554592323170560,1780554593323170560,HTTP Chunks Received,count,p25,270.00
167,1780554592323170560,1780554593323170560,HTTP Chunks Received,count,p50,270.00
167,1780554592323170560,1780554593323170560,HTTP Chunks Received,count,p75,270.00
167,1780554592323170560,1780554593323170560,HTTP Chunks Received,count,p90,270.00
167,1780554592323170560,1780554593323170560,HTTP Chunks Received,count,p95,270.00
167,1780554592323170560,1780554593323170560,HTTP Chunks Received,count,p99,270.00
167,1780554592323170560,1780554593323170560,HTTP Chunks Received,count,std,0.00
167,1780554592323170560,1780554593323170560,HTTP Chunks Sent,count,avg,1.00
167,1780554592323170560,1780554593323170560,HTTP Chunks Sent,count,min,1.00
167,1780554592323170560,1780554593323170560,HTTP Chunks Sent,count,max,1.00
167,1780554592323170560,1780554593323170560,HTTP Chunks Sent,count,sum,1.00
167,1780554592323170560,1780554593323170560,HTTP Chunks Sent,count,p1,1.00
167,1780554592323170560,1780554593323170560,HTTP Chunks Sent,count,p5,1.00
167,1780554592323170560,1780554593323170560,HTTP Chunks Sent,count,p10,1.00
167,1780554592323170560,1780554593323170560,HTTP Chunks Sent,count,p25,1.00
167,1780554592323170560,1780554593323170560,HTTP Chunks Sent,count,p50,1.00
167,1780554592323170560,1780554593323170560,HTTP Chunks Sent,count,p75,1.00
167,1780554592323170560,1780554593323170560,HTTP Chunks Sent,count,p90,1.00
167,1780554592323170560,1780554593323170560,HTTP Chunks Sent,count,p95,1.00
167,1780554592323170560,1780554593323170560,HTTP Chunks Sent,count,p99,1.00
167,1780554592323170560,1780554593323170560,HTTP Chunks Sent,count,std,0.00
167,1780554592323170560,1780554593323170560,HTTP Connecting,ms,avg,0.63
167,1780554592323170560,1780554593323170560,HTTP Connecting,ms,min,0.63
167,1780554592323170560,1780554593323170560,HTTP Connecting,ms,max,0.63
167,1780554592323170560,1780554593323170560,HTTP Connecting,ms,sum,0.63
167,1780554592323170560,1780554593323170560,HTTP Connecting,ms,p1,0.63
167,1780554592323170560,1780554593323170560,HTTP Connecting,ms,p5,0.63
167,1780554592323170560,1780554593323170560,HTTP Connecting,ms,p10,0.63
167,1780554592323170560,1780554593323170560,HTTP Connecting,ms,p25,0.63
167,1780554592323170560,1780554593323170560,HTTP Connecting,ms,p50,0.63
167,1780554592323170560,1780554593323170560,HTTP Connecting,ms,p75,0.63
167,1780554592323170560,1780554593323170560,HTTP Connecting,ms,p90,0.63
167,1780554592323170560,1780554593323170560,HTTP Connecting,ms,p95,0.63
167,1780554592323170560,1780554593323170560,HTTP Connecting,ms,p99,0.63
167,1780554592323170560,1780554593323170560,HTTP Connecting,ms,std,0.00
167,1780554592323170560,1780554593323170560,HTTP Connection Overhead,ms,avg,0.63
167,1780554592323170560,1780554593323170560,HTTP Connection Overhead,ms,min,0.63
167,1780554592323170560,1780554593323170560,HTTP Connection Overhead,ms,max,0.63
167,1780554592323170560,1780554593323170560,HTTP Connection Overhead,ms,sum,0.63
167,1780554592323170560,1780554593323170560,HTTP Connection Overhead,ms,p1,0.63
167,1780554592323170560,1780554593323170560,HTTP Connection Overhead,ms,p5,0.63
167,1780554592323170560,1780554593323170560,HTTP Connection Overhead,ms,p10,0.63
167,1780554592323170560,1780554593323170560,HTTP Connection Overhead,ms,p25,0.63
167,1780554592323170560,1780554593323170560,HTTP Connection Overhead,ms,p50,0.63
167,1780554592323170560,1780554593323170560,HTTP Connection Overhead,ms,p75,0.63
167,1780554592323170560,1780554593323170560,HTTP Connection Overhead,ms,p90,0.63
167,1780554592323170560,1780554593323170560,HTTP Connection Overhead,ms,p95,0.63
167,1780554592323170560,1780554593323170560,HTTP Connection Overhead,ms,p99,0.63
167,1780554592323170560,1780554593323170560,HTTP Connection Overhead,ms,std,0.00
167,1780554592323170560,1780554593323170560,HTTP Connection Reused,ratio,avg,0.00
167,1780554592323170560,1780554593323170560,HTTP Connection Reused,ratio,min,0.00
167,1780554592323170560,1780554593323170560,HTTP Connection Reused,ratio,max,0.00
167,1780554592323170560,1780554593323170560,HTTP Connection Reused,ratio,sum,0.00
167,1780554592323170560,1780554593323170560,HTTP Connection Reused,ratio,p1,0.00
167,1780554592323170560,1780554593323170560,HTTP Connection Reused,ratio,p5,0.00
167,1780554592323170560,1780554593323170560,HTTP Connection Reused,ratio,p10,0.00
167,1780554592323170560,1780554593323170560,HTTP Connection Reused,ratio,p25,0.00
167,1780554592323170560,1780554593323170560,HTTP Connection Reused,ratio,p50,0.00
167,1780554592323170560,1780554593323170560,HTTP Connection Reused,ratio,p75,0.00
167,1780554592323170560,1780554593323170560,HTTP Connection Reused,ratio,p90,0.00
167,1780554592323170560,1780554593323170560,HTTP Connection Reused,ratio,p95,0.00
167,1780554592323170560,1780554593323170560,HTTP Connection Reused,ratio,p99,0.00
167,1780554592323170560,1780554593323170560,HTTP Connection Reused,ratio,std,0.00
167,1780554592323170560,1780554593323170560,HTTP Data Received,KB,avg,67.76
167,1780554592323170560,1780554593323170560,HTTP Data Received,KB,min,67.76
167,1780554592323170560,1780554593323170560,HTTP Data Received,KB,max,67.76
167,1780554592323170560,1780554593323170560,HTTP Data Received,KB,sum,67.76
167,1780554592323170560,1780554593323170560,HTTP Data Received,KB,p1,67.76
167,1780554592323170560,1780554593323170560,HTTP Data Received,KB,p5,67.76
167,1780554592323170560,1780554593323170560,HTTP Data Received,KB,p10,67.76
167,1780554592323170560,1780554593323170560,HTTP Data Received,KB,p25,67.76
167,1780554592323170560,1780554593323170560,HTTP Data Received,KB,p50,67.76
167,1780554592323170560,1780554593323170560,HTTP Data Received,KB,p75,67.76
167,1780554592323170560,1780554593323170560,HTTP Data Received,KB,p90,67.76
167,1780554592323170560,1780554593323170560,HTTP Data Received,KB,p95,67.76
167,1780554592323170560,1780554593323170560,HTTP Data Received,KB,p99,67.76
167,1780554592323170560,1780554593323170560,HTTP Data Received,KB,std,0.00
167,1780554592323170560,1780554593323170560,HTTP Data Sent,KB,avg,342.67
167,1780554592323170560,1780554593323170560,HTTP Data Sent,KB,min,342.67
167,1780554592323170560,1780554593323170560,HTTP Data Sent,KB,max,342.67
167,1780554592323170560,1780554593323170560,HTTP Data Sent,KB,sum,342.67
167,1780554592323170560,1780554593323170560,HTTP Data Sent,KB,p1,342.67
167,1780554592323170560,1780554593323170560,HTTP Data Sent,KB,p5,342.67
167,1780554592323170560,1780554593323170560,HTTP Data Sent,KB,p10,342.67
167,1780554592323170560,1780554593323170560,HTTP Data Sent,KB,p25,342.67
167,1780554592323170560,1780554593323170560,HTTP Data Sent,KB,p50,342.67
167,1780554592323170560,1780554593323170560,HTTP Data Sent,KB,p75,342.67
167,1780554592323170560,1780554593323170560,HTTP Data Sent,KB,p90,342.67
167,1780554592323170560,1780554593323170560,HTTP Data Sent,KB,p95,342.67
167,1780554592323170560,1780554593323170560,HTTP Data Sent,KB,p99,342.67
167,1780554592323170560,1780554593323170560,HTTP Data Sent,KB,std,0.00
167,1780554592323170560,1780554593323170560,HTTP DNS Lookup,ms,avg,0.00
167,1780554592323170560,1780554593323170560,HTTP DNS Lookup,ms,min,0.00
167,1780554592323170560,1780554593323170560,HTTP DNS Lookup,ms,max,0.00
167,1780554592323170560,1780554593323170560,HTTP DNS Lookup,ms,sum,0.00
167,1780554592323170560,1780554593323170560,HTTP DNS Lookup,ms,p1,0.00
167,1780554592323170560,1780554593323170560,HTTP DNS Lookup,ms,p5,0.00
167,1780554592323170560,1780554593323170560,HTTP DNS Lookup,ms,p10,0.00
167,1780554592323170560,1780554593323170560,HTTP DNS Lookup,ms,p25,0.00
167,1780554592323170560,1780554593323170560,HTTP DNS Lookup,ms,p50,0.00
167,1780554592323170560,1780554593323170560,HTTP DNS Lookup,ms,p75,0.00
167,1780554592323170560,1780554593323170560,HTTP DNS Lookup,ms,p90,0.00
167,1780554592323170560,1780554593323170560,HTTP DNS Lookup,ms,p95,0.00
167,1780554592323170560,1780554593323170560,HTTP DNS Lookup,ms,p99,0.00
167,1780554592323170560,1780554593323170560,HTTP DNS Lookup,ms,std,0.00
167,1780554592323170560,1780554593323170560,HTTP Duration (excl. conn),ms,avg,73332.65
167,1780554592323170560,1780554593323170560,HTTP Duration (excl. conn),ms,min,73332.65
167,1780554592323170560,1780554593323170560,HTTP Duration (excl. conn),ms,max,73332.65
167,1780554592323170560,1780554593323170560,HTTP Duration (excl. conn),ms,sum,73332.65
167,1780554592323170560,1780554593323170560,HTTP Duration (excl. conn),ms,p1,73332.65
167,1780554592323170560,1780554593323170560,HTTP Duration (excl. conn),ms,p5,73332.65
167,1780554592323170560,1780554593323170560,HTTP Duration (excl. conn),ms,p10,73332.65
167,1780554592323170560,1780554593323170560,HTTP Duration (excl. conn),ms,p25,73332.65
167,1780554592323170560,1780554593323170560,HTTP Duration (excl. conn),ms,p50,73332.65
167,1780554592323170560,1780554593323170560,HTTP Duration (excl. conn),ms,p75,73332.65
167,1780554592323170560,1780554593323170560,HTTP Duration (excl. conn),ms,p90,73332.65
167,1780554592323170560,1780554593323170560,HTTP Duration (excl. conn),ms,p95,73332.65
167,1780554592323170560,1780554593323170560,HTTP Duration (excl. conn),ms,p99,73332.65
167,1780554592323170560,1780554593323170560,HTTP Duration (excl. conn),ms,std,0.00
167,1780554592323170560,1780554593323170560,HTTP Receiving,ms,avg,24568.91
167,1780554592323170560,1780554593323170560,HTTP Receiving,ms,min,24568.91
167,1780554592323170560,1780554593323170560,HTTP Receiving,ms,max,24568.91
167,1780554592323170560,1780554593323170560,HTTP Receiving,ms,sum,24568.91
167,1780554592323170560,1780554593323170560,HTTP Receiving,ms,p1,24568.91
167,1780554592323170560,1780554593323170560,HTTP Receiving,ms,p5,24568.91
167,1780554592323170560,1780554593323170560,HTTP Receiving,ms,p10,24568.91
167,1780554592323170560,1780554593323170560,HTTP Receiving,ms,p25,24568.91
167,1780554592323170560,1780554593323170560,HTTP Receiving,ms,p50,24568.91
167,1780554592323170560,1780554593323170560,HTTP Receiving,ms,p75,24568.91
167,1780554592323170560,1780554593323170560,HTTP Receiving,ms,p90,24568.91
167,1780554592323170560,1780554593323170560,HTTP Receiving,ms,p95,24568.91
167,1780554592323170560,1780554593323170560,HTTP Receiving,ms,p99,24568.91
167,1780554592323170560,1780554593323170560,HTTP Receiving,ms,std,0.00
167,1780554592323170560,1780554593323170560,HTTP Sending,ms,avg,0.88
167,1780554592323170560,1780554593323170560,HTTP Sending,ms,min,0.88
167,1780554592323170560,1780554593323170560,HTTP Sending,ms,max,0.88
167,1780554592323170560,1780554593323170560,HTTP Sending,ms,sum,0.88
167,1780554592323170560,1780554593323170560,HTTP Sending,ms,p1,0.88
167,1780554592323170560,1780554593323170560,HTTP Sending,ms,p5,0.88
167,1780554592323170560,1780554593323170560,HTTP Sending,ms,p10,0.88
167,1780554592323170560,1780554593323170560,HTTP Sending,ms,p25,0.88
167,1780554592323170560,1780554593323170560,HTTP Sending,ms,p50,0.88
167,1780554592323170560,1780554593323170560,HTTP Sending,ms,p75,0.88
167,1780554592323170560,1780554593323170560,HTTP Sending,ms,p90,0.88
167,1780554592323170560,1780554593323170560,HTTP Sending,ms,p95,0.88
167,1780554592323170560,1780554593323170560,HTTP Sending,ms,p99,0.88
167,1780554592323170560,1780554593323170560,HTTP Sending,ms,std,0.00
167,1780554592323170560,1780554593323170560,HTTP Total Time,ms,avg,73333.28
167,1780554592323170560,1780554593323170560,HTTP Total Time,ms,min,73333.28
167,1780554592323170560,1780554593323170560,HTTP Total Time,ms,max,73333.28
167,1780554592323170560,1780554593323170560,HTTP Total Time,ms,sum,73333.28
167,1780554592323170560,1780554593323170560,HTTP Total Time,ms,p1,73333.28
167,1780554592323170560,1780554593323170560,HTTP Total Time,ms,p5,73333.28
167,1780554592323170560,1780554593323170560,HTTP Total Time,ms,p10,73333.28
167,1780554592323170560,1780554593323170560,HTTP Total Time,ms,p25,73333.28
167,1780554592323170560,1780554593323170560,HTTP Total Time,ms,p50,73333.28
167,1780554592323170560,1780554593323170560,HTTP Total Time,ms,p75,73333.28
167,1780554592323170560,1780554593323170560,HTTP Total Time,ms,p90,73333.28
167,1780554592323170560,1780554593323170560,HTTP Total Time,ms,p95,73333.28
167,1780554592323170560,1780554593323170560,HTTP Total Time,ms,p99,73333.28
167,1780554592323170560,1780554593323170560,HTTP Total Time,ms,std,0.00
167,1780554592323170560,1780554593323170560,HTTP Waiting (TTFB),ms,avg,48762.86
167,1780554592323170560,1780554593323170560,HTTP Waiting (TTFB),ms,min,48762.86
167,1780554592323170560,1780554593323170560,HTTP Waiting (TTFB),ms,max,48762.86
167,1780554592323170560,1780554593323170560,HTTP Waiting (TTFB),ms,sum,48762.86
167,1780554592323170560,1780554593323170560,HTTP Waiting (TTFB),ms,p1,48762.86
167,1780554592323170560,1780554593323170560,HTTP Waiting (TTFB),ms,p5,48762.86
167,1780554592323170560,1780554593323170560,HTTP Waiting (TTFB),ms,p10,48762.86
167,1780554592323170560,1780554593323170560,HTTP Waiting (TTFB),ms,p25,48762.86
167,1780554592323170560,1780554593323170560,HTTP Waiting (TTFB),ms,p50,48762.86
167,1780554592323170560,1780554593323170560,HTTP Waiting (TTFB),ms,p75,48762.86
167,1780554592323170560,1780554593323170560,HTTP Waiting (TTFB),ms,p90,48762.86
167,1780554592323170560,1780554593323170560,HTTP Waiting (TTFB),ms,p95,48762.86
167,1780554592323170560,1780554593323170560,HTTP Waiting (TTFB),ms,p99,48762.86
167,1780554592323170560,1780554593323170560,HTTP Waiting (TTFB),ms,std,0.00
167,1780554592323170560,1780554593323170560,Input Sequence Length,tokens,avg,88406.00
167,1780554592323170560,1780554593323170560,Input Sequence Length,tokens,min,88406.00
167,1780554592323170560,1780554593323170560,Input Sequence Length,tokens,max,88406.00
167,1780554592323170560,1780554593323170560,Input Sequence Length,tokens,sum,88406.00
167,1780554592323170560,1780554593323170560,Input Sequence Length,tokens,p1,88406.00
167,1780554592323170560,1780554593323170560,Input Sequence Length,tokens,p5,88406.00
167,1780554592323170560,1780554593323170560,Input Sequence Length,tokens,p10,88406.00
167,1780554592323170560,1780554593323170560,Input Sequence Length,tokens,p25,88406.00
167,1780554592323170560,1780554593323170560,Input Sequence Length,tokens,p50,88406.00
167,1780554592323170560,1780554593323170560,Input Sequence Length,tokens,p75,88406.00
167,1780554592323170560,1780554593323170560,Input Sequence Length,tokens,p90,88406.00
167,1780554592323170560,1780554593323170560,Input Sequence Length,tokens,p95,88406.00
167,1780554592323170560,1780554593323170560,Input Sequence Length,tokens,p99,88406.00
167,1780554592323170560,1780554593323170560,Input Sequence Length,tokens,std,0.00
167,1780554592323170560,1780554593323170560,Input Token Throughput,tokens/sec,avg,88406.00
167,1780554592323170560,1780554593323170560,Inter Chunk Latency,ms,avg,447.96
167,1780554592323170560,1780554593323170560,Inter Chunk Latency,ms,min,439.59
167,1780554592323170560,1780554593323170560,Inter Chunk Latency,ms,max,453.71
167,1780554592323170560,1780554593323170560,Inter Chunk Latency,ms,sum,120502.16
167,1780554592323170560,1780554593323170560,Inter Chunk Latency,ms,p1,440.07
167,1780554592323170560,1780554593323170560,Inter Chunk Latency,ms,p5,440.50
167,1780554592323170560,1780554593323170560,Inter Chunk Latency,ms,p10,440.58
167,1780554592323170560,1780554593323170560,Inter Chunk Latency,ms,p25,442.66
167,1780554592323170560,1780554593323170560,Inter Chunk Latency,ms,p50,449.02
167,1780554592323170560,1780554593323170560,Inter Chunk Latency,ms,p75,452.32
167,1780554592323170560,1780554593323170560,Inter Chunk Latency,ms,p90,453.00
167,1780554592323170560,1780554593323170560,Inter Chunk Latency,ms,p95,453.11
167,1780554592323170560,1780554593323170560,Inter Chunk Latency,ms,p99,453.55
167,1780554592323170560,1780554593323170560,Inter Chunk Latency,ms,std,4.55
167,1780554592323170560,1780554593323170560,Inter Token Latency,ms,avg,91.33
167,1780554592323170560,1780554593323170560,Inter Token Latency,ms,min,91.33
167,1780554592323170560,1780554593323170560,Inter Token Latency,ms,max,91.33
167,1780554592323170560,1780554593323170560,Inter Token Latency,ms,sum,91.33
167,1780554592323170560,1780554593323170560,Inter Token Latency,ms,p1,91.33
167,1780554592323170560,1780554593323170560,Inter Token Latency,ms,p5,91.33
167,1780554592323170560,1780554593323170560,Inter Token Latency,ms,p10,91.33
167,1780554592323170560,1780554593323170560,Inter Token Latency,ms,p25,91.33
167,1780554592323170560,1780554593323170560,Inter Token Latency,ms,p50,91.33
167,1780554592323170560,1780554593323170560,Inter Token Latency,ms,p75,91.33
167,1780554592323170560,1780554593323170560,Inter Token Latency,ms,p90,91.33
167,1780554592323170560,1780554593323170560,Inter Token Latency,ms,p95,91.33
167,1780554592323170560,1780554593323170560,Inter Token Latency,ms,p99,91.33
167,1780554592323170560,1780554593323170560,Inter Token Latency,ms,std,0.00
167,1780554592323170560,1780554593323170560,Maximum Response Timestamp,ns,avg,1780554666264530176.00
167,1780554592323170560,1780554593323170560,Minimum Request Timestamp,ns,avg,1780554592931782656.00
167,1780554592323170560,1780554593323170560,OSL Mismatch Count,requests,avg,0.00
167,1780554592323170560,1780554593323170560,OSL Mismatch Diff %,%,avg,0.00
167,1780554592323170560,1780554593323170560,OSL Mismatch Diff %,%,min,0.00
167,1780554592323170560,1780554593323170560,OSL Mismatch Diff %,%,max,0.00
167,1780554592323170560,1780554593323170560,OSL Mismatch Diff %,%,sum,0.00
167,1780554592323170560,1780554593323170560,OSL Mismatch Diff %,%,p1,0.00
167,1780554592323170560,1780554593323170560,OSL Mismatch Diff %,%,p5,0.00
167,1780554592323170560,1780554593323170560,OSL Mismatch Diff %,%,p10,0.00
167,1780554592323170560,1780554593323170560,OSL Mismatch Diff %,%,p25,0.00
167,1780554592323170560,1780554593323170560,OSL Mismatch Diff %,%,p50,0.00
167,1780554592323170560,1780554593323170560,OSL Mismatch Diff %,%,p75,0.00
167,1780554592323170560,1780554593323170560,OSL Mismatch Diff %,%,p90,0.00
167,1780554592323170560,1780554593323170560,OSL Mismatch Diff %,%,p95,0.00
167,1780554592323170560,1780554593323170560,OSL Mismatch Diff %,%,p99,0.00
167,1780554592323170560,1780554593323170560,OSL Mismatch Diff %,%,std,0.00
167,1780554592323170560,1780554593323170560,Output Sequence Length,tokens,avg,270.00
167,1780554592323170560,1780554593323170560,Output Sequence Length,tokens,min,270.00
167,1780554592323170560,1780554593323170560,Output Sequence Length,tokens,max,270.00
167,1780554592323170560,1780554593323170560,Output Sequence Length,tokens,sum,270.00
167,1780554592323170560,1780554593323170560,Output Sequence Length,tokens,p1,270.00
167,1780554592323170560,1780554593323170560,Output Sequence Length,tokens,p5,270.00
167,1780554592323170560,1780554593323170560,Output Sequence Length,tokens,p10,270.00
167,1780554592323170560,1780554593323170560,Output Sequence Length,tokens,p25,270.00
167,1780554592323170560,1780554593323170560,Output Sequence Length,tokens,p50,270.00
167,1780554592323170560,1780554593323170560,Output Sequence Length,tokens,p75,270.00
167,1780554592323170560,1780554593323170560,Output Sequence Length,tokens,p90,270.00
167,1780554592323170560,1780554593323170560,Output Sequence Length,tokens,p95,270.00
167,1780554592323170560,1780554593323170560,Output Sequence Length,tokens,p99,270.00
167,1780554592323170560,1780554593323170560,Output Sequence Length,tokens,std,0.00
167,1780554592323170560,1780554593323170560,Output Token Count,tokens,avg,270.00
167,1780554592323170560,1780554593323170560,Output Token Count,tokens,min,270.00
167,1780554592323170560,1780554593323170560,Output Token Count,tokens,max,270.00
167,1780554592323170560,1780554593323170560,Output Token Count,tokens,sum,270.00
167,1780554592323170560,1780554593323170560,Output Token Count,tokens,p1,270.00
167,1780554592323170560,1780554593323170560,Output Token Count,tokens,p5,270.00
167,1780554592323170560,1780554593323170560,Output Token Count,tokens,p10,270.00
167,1780554592323170560,1780554593323170560,Output Token Count,tokens,p25,270.00
167,1780554592323170560,1780554593323170560,Output Token Count,tokens,p50,270.00
167,1780554592323170560,1780554593323170560,Output Token Count,tokens,p75,270.00
167,1780554592323170560,1780554593323170560,Output Token Count,tokens,p90,270.00
167,1780554592323170560,1780554593323170560,Output Token Count,tokens,p95,270.00
167,1780554592323170560,1780554593323170560,Output Token Count,tokens,p99,270.00
167,1780554592323170560,1780554593323170560,Output Token Count,tokens,std,0.00
167,1780554592323170560,1780554593323170560,Output Token Throughput,tokens/sec,avg,270.00
167,1780554592323170560,1780554593323170560,Output Token Throughput Per User,tokens/sec/user,avg,10.95
167,1780554592323170560,1780554593323170560,Output Token Throughput Per User,tokens/sec/user,min,10.95
167,1780554592323170560,1780554593323170560,Output Token Throughput Per User,tokens/sec/user,max,10.95
167,1780554592323170560,1780554593323170560,Output Token Throughput Per User,tokens/sec/user,sum,10.95
167,1780554592323170560,1780554593323170560,Output Token Throughput Per User,tokens/sec/user,p1,10.95
167,1780554592323170560,1780554593323170560,Output Token Throughput Per User,tokens/sec/user,p5,10.95
167,1780554592323170560,1780554593323170560,Output Token Throughput Per User,tokens/sec/user,p10,10.95
167,1780554592323170560,1780554593323170560,Output Token Throughput Per User,tokens/sec/user,p25,10.95
167,1780554592323170560,1780554593323170560,Output Token Throughput Per User,tokens/sec/user,p50,10.95
167,1780554592323170560,1780554593323170560,Output Token Throughput Per User,tokens/sec/user,p75,10.95
167,1780554592323170560,1780554593323170560,Output Token Throughput Per User,tokens/sec/user,p90,10.95
167,1780554592323170560,1780554593323170560,Output Token Throughput Per User,tokens/sec/user,p95,10.95
167,1780554592323170560,1780554593323170560,Output Token Throughput Per User,tokens/sec/user,p99,10.95
167,1780554592323170560,1780554593323170560,Output Token Throughput Per User,tokens/sec/user,std,0.00
167,1780554592323170560,1780554593323170560,Prefill Throughput Per User,tokens/sec/user,avg,1812.94
167,1780554592323170560,1780554593323170560,Prefill Throughput Per User,tokens/sec/user,min,1812.94
167,1780554592323170560,1780554593323170560,Prefill Throughput Per User,tokens/sec/user,max,1812.94
167,1780554592323170560,1780554593323170560,Prefill Throughput Per User,tokens/sec/user,sum,1812.94
167,1780554592323170560,1780554593323170560,Prefill Throughput Per User,tokens/sec/user,p1,1812.94
167,1780554592323170560,1780554593323170560,Prefill Throughput Per User,tokens/sec/user,p5,1812.94
167,1780554592323170560,1780554593323170560,Prefill Throughput Per User,tokens/sec/user,p10,1812.94
167,1780554592323170560,1780554593323170560,Prefill Throughput Per User,tokens/sec/user,p25,1812.94
167,1780554592323170560,1780554593323170560,Prefill Throughput Per User,tokens/sec/user,p50,1812.94
167,1780554592323170560,1780554593323170560,Prefill Throughput Per User,tokens/sec/user,p75,1812.94
167,1780554592323170560,1780554593323170560,Prefill Throughput Per User,tokens/sec/user,p90,1812.94
167,1780554592323170560,1780554593323170560,Prefill Throughput Per User,tokens/sec/user,p95,1812.94
167,1780554592323170560,1780554593323170560,Prefill Throughput Per User,tokens/sec/user,p99,1812.94
167,1780554592323170560,1780554593323170560,Prefill Throughput Per User,tokens/sec/user,std,0.00
167,1780554592323170560,1780554593323170560,Request Count,requests,avg,1.00
167,1780554592323170560,1780554593323170560,Request Latency,ms,avg,73332.75
167,1780554592323170560,1780554593323170560,Request Latency,ms,min,73332.75
167,1780554592323170560,1780554593323170560,Request Latency,ms,max,73332.75
167,1780554592323170560,1780554593323170560,Request Latency,ms,sum,73332.75
167,1780554592323170560,1780554593323170560,Request Latency,ms,p1,73332.75
167,1780554592323170560,1780554593323170560,Request Latency,ms,p5,73332.75
167,1780554592323170560,1780554593323170560,Request Latency,ms,p10,73332.75
167,1780554592323170560,1780554593323170560,Request Latency,ms,p25,73332.75
167,1780554592323170560,1780554593323170560,Request Latency,ms,p50,73332.75
167,1780554592323170560,1780554593323170560,Request Latency,ms,p75,73332.75
167,1780554592323170560,1780554593323170560,Request Latency,ms,p90,73332.75
167,1780554592323170560,1780554593323170560,Request Latency,ms,p95,73332.75
167,1780554592323170560,1780554593323170560,Request Latency,ms,p99,73332.75
167,1780554592323170560,1780554593323170560,Request Latency,ms,std,0.00
167,1780554592323170560,1780554593323170560,Request Throughput,requests/sec,avg,1.00
167,1780554592323170560,1780554593323170560,Requested OSL,tokens,avg,270.00
167,1780554592323170560,1780554593323170560,Requested OSL,tokens,min,270.00
167,1780554592323170560,1780554593323170560,Requested OSL,tokens,max,270.00
167,1780554592323170560,1780554593323170560,Requested OSL,tokens,sum,270.00
167,1780554592323170560,1780554593323170560,Requested OSL,tokens,p1,270.00
167,1780554592323170560,1780554593323170560,Requested OSL,tokens,p5,270.00
167,1780554592323170560,1780554593323170560,Requested OSL,tokens,p10,270.00
167,1780554592323170560,1780554593323170560,Requested OSL,tokens,p25,270.00
167,1780554592323170560,1780554593323170560,Requested OSL,tokens,p50,270.00
167,1780554592323170560,1780554593323170560,Requested OSL,tokens,p75,270.00
167,1780554592323170560,1780554593323170560,Requested OSL,tokens,p90,270.00
167,1780554592323170560,1780554593323170560,Requested OSL,tokens,p95,270.00
167,1780554592323170560,1780554593323170560,Requested OSL,tokens,p99,270.00
167,1780554592323170560,1780554593323170560,Requested OSL,tokens,std,0.00
167,1780554592323170560,1780554593323170560,Time to First Output Token,ms,avg,48763.85
167,1780554592323170560,1780554593323170560,Time to First Output Token,ms,min,48763.85
167,1780554592323170560,1780554593323170560,Time to First Output Token,ms,max,48763.85
167,1780554592323170560,1780554593323170560,Time to First Output Token,ms,sum,48763.85
167,1780554592323170560,1780554593323170560,Time to First Output Token,ms,p1,48763.85
167,1780554592323170560,1780554593323170560,Time to First Output Token,ms,p5,48763.85
167,1780554592323170560,1780554593323170560,Time to First Output Token,ms,p10,48763.85
167,1780554592323170560,1780554593323170560,Time to First Output Token,ms,p25,48763.85
167,1780554592323170560,1780554593323170560,Time to First Output Token,ms,p50,48763.85
167,1780554592323170560,1780554593323170560,Time to First Output Token,ms,p75,48763.85
167,1780554592323170560,1780554593323170560,Time to First Output Token,ms,p90,48763.85
167,1780554592323170560,1780554593323170560,Time to First Output Token,ms,p95,48763.85
167,1780554592323170560,1780554593323170560,Time to First Output Token,ms,p99,48763.85
167,1780554592323170560,1780554593323170560,Time to First Output Token,ms,std,0.00
167,1780554592323170560,1780554593323170560,Time to First Token,ms,avg,48763.85
167,1780554592323170560,1780554593323170560,Time to First Token,ms,min,48763.85
167,1780554592323170560,1780554593323170560,Time to First Token,ms,max,48763.85
167,1780554592323170560,1780554593323170560,Time to First Token,ms,sum,48763.85
167,1780554592323170560,1780554593323170560,Time to First Token,ms,p1,48763.85
167,1780554592323170560,1780554593323170560,Time to First Token,ms,p5,48763.85
167,1780554592323170560,1780554593323170560,Time to First Token,ms,p10,48763.85
167,1780554592323170560,1780554593323170560,Time to First Token,ms,p25,48763.85
167,1780554592323170560,1780554593323170560,Time to First Token,ms,p50,48763.85
167,1780554592323170560,1780554593323170560,Time to First Token,ms,p75,48763.85
167,1780554592323170560,1780554593323170560,Time to First Token,ms,p90,48763.85
167,1780554592323170560,1780554593323170560,Time to First Token,ms,p95,48763.85
167,1780554592323170560,1780554593323170560,Time to First Token,ms,p99,48763.85
167,1780554592323170560,1780554593323170560,Time to First Token,ms,std,0.00
167,1780554592323170560,1780554593323170560,Time to Second Token,ms,avg,0.71
167,1780554592323170560,1780554593323170560,Time to Second Token,ms,min,0.71
167,1780554592323170560,1780554593323170560,Time to Second Token,ms,max,0.71
167,1780554592323170560,1780554593323170560,Time to Second Token,ms,sum,0.71
167,1780554592323170560,1780554593323170560,Time to Second Token,ms,p1,0.71
167,1780554592323170560,1780554593323170560,Time to Second Token,ms,p5,0.71
167,1780554592323170560,1780554593323170560,Time to Second Token,ms,p10,0.71
167,1780554592323170560,1780554593323170560,Time to Second Token,ms,p25,0.71
167,1780554592323170560,1780554593323170560,Time to Second Token,ms,p50,0.71
167,1780554592323170560,1780554593323170560,Time to Second Token,ms,p75,0.71
167,1780554592323170560,1780554593323170560,Time to Second Token,ms,p90,0.71
167,1780554592323170560,1780554593323170560,Time to Second Token,ms,p95,0.71
167,1780554592323170560,1780554593323170560,Time to Second Token,ms,p99,0.71
167,1780554592323170560,1780554593323170560,Time to Second Token,ms,std,0.00
167,1780554592323170560,1780554593323170560,Tokens In Flight,tokens,avg,1031708.70
167,1780554592323170560,1780554593323170560,Tokens In Flight,tokens,min,997089.77
167,1780554592323170560,1780554593323170560,Tokens In Flight,tokens,max,1085531.48
167,1780554592323170560,1780554593323170560,Tokens In Flight,tokens,p50,997106.35
167,1780554592323170560,1780554593323170560,Tokens In Flight,tokens,p90,1085528.34
167,1780554592323170560,1780554593323170560,Tokens In Flight,tokens,p95,1085529.34
167,1780554592323170560,1780554593323170560,Tokens In Flight,tokens,p99,1085531.48
167,1780554592323170560,1780554593323170560,Tokens In Flight,tokens,std,43156.87
167,1780554592323170560,1780554593323170560,Total Input Sequence Length,tokens,avg,88406.00
167,1780554592323170560,1780554593323170560,Total Output Sequence Length,tokens,avg,270.00
167,1780554592323170560,1780554593323170560,Total Output Tokens,tokens,avg,270.00
167,1780554592323170560,1780554593323170560,Total Token Throughput,tokens/sec,avg,88676.00
167,1780554592323170560,1780554593323170560,Total Usage Completion Tokens,tokens,avg,270.00
167,1780554592323170560,1780554593323170560,Total Usage Prompt Tokens,tokens,avg,88406.00
167,1780554592323170560,1780554593323170560,Total Usage Total Tokens,tokens,avg,88676.00
167,1780554592323170560,1780554593323170560,Usage Completion Tokens,tokens,avg,270.00
167,1780554592323170560,1780554593323170560,Usage Completion Tokens,tokens,min,270.00
167,1780554592323170560,1780554593323170560,Usage Completion Tokens,tokens,max,270.00
167,1780554592323170560,1780554593323170560,Usage Completion Tokens,tokens,sum,270.00
167,1780554592323170560,1780554593323170560,Usage Completion Tokens,tokens,p1,270.00
167,1780554592323170560,1780554593323170560,Usage Completion Tokens,tokens,p5,270.00
167,1780554592323170560,1780554593323170560,Usage Completion Tokens,tokens,p10,270.00
167,1780554592323170560,1780554593323170560,Usage Completion Tokens,tokens,p25,270.00
167,1780554592323170560,1780554593323170560,Usage Completion Tokens,tokens,p50,270.00
167,1780554592323170560,1780554593323170560,Usage Completion Tokens,tokens,p75,270.00
167,1780554592323170560,1780554593323170560,Usage Completion Tokens,tokens,p90,270.00
167,1780554592323170560,1780554593323170560,Usage Completion Tokens,tokens,p95,270.00
167,1780554592323170560,1780554593323170560,Usage Completion Tokens,tokens,p99,270.00
167,1780554592323170560,1780554593323170560,Usage Completion Tokens,tokens,std,0.00
167,1780554592323170560,1780554593323170560,Usage Prompt Tokens,tokens,avg,88406.00
167,1780554592323170560,1780554593323170560,Usage Prompt Tokens,tokens,min,88406.00
167,1780554592323170560,1780554593323170560,Usage Prompt Tokens,tokens,max,88406.00
167,1780554592323170560,1780554593323170560,Usage Prompt Tokens,tokens,sum,88406.00
167,1780554592323170560,1780554593323170560,Usage Prompt Tokens,tokens,p1,88406.00
167,1780554592323170560,1780554593323170560,Usage Prompt Tokens,tokens,p5,88406.00
167,1780554592323170560,1780554593323170560,Usage Prompt Tokens,tokens,p10,88406.00
167,1780554592323170560,1780554593323170560,Usage Prompt Tokens,tokens,p25,88406.00
167,1780554592323170560,1780554593323170560,Usage Prompt Tokens,tokens,p50,88406.00
167,1780554592323170560,1780554593323170560,Usage Prompt Tokens,tokens,p75,88406.00
167,1780554592323170560,1780554593323170560,Usage Prompt Tokens,tokens,p90,88406.00
167,1780554592323170560,1780554593323170560,Usage Prompt Tokens,tokens,p95,88406.00
167,1780554592323170560,1780554593323170560,Usage Prompt Tokens,tokens,p99,88406.00
167,1780554592323170560,1780554593323170560,Usage Prompt Tokens,tokens,std,0.00
167,1780554592323170560,1780554593323170560,Usage Total Tokens,tokens,avg,88676.00
167,1780554592323170560,1780554593323170560,Usage Total Tokens,tokens,min,88676.00
167,1780554592323170560,1780554593323170560,Usage Total Tokens,tokens,max,88676.00
167,1780554592323170560,1780554593323170560,Usage Total Tokens,tokens,sum,88676.00
167,1780554592323170560,1780554593323170560,Usage Total Tokens,tokens,p1,88676.00
167,1780554592323170560,1780554593323170560,Usage Total Tokens,tokens,p5,88676.00
167,1780554592323170560,1780554593323170560,Usage Total Tokens,tokens,p10,88676.00
167,1780554592323170560,1780554593323170560,Usage Total Tokens,tokens,p25,88676.00
167,1780554592323170560,1780554593323170560,Usage Total Tokens,tokens,p50,88676.00
167,1780554592323170560,1780554593323170560,Usage Total Tokens,tokens,p75,88676.00
167,1780554592323170560,1780554593323170560,Usage Total Tokens,tokens,p90,88676.00
167,1780554592323170560,1780554593323170560,Usage Total Tokens,tokens,p95,88676.00
167,1780554592323170560,1780554593323170560,Usage Total Tokens,tokens,p99,88676.00
167,1780554592323170560,1780554593323170560,Usage Total Tokens,tokens,std,0.00
168,1780554609323170560,1780554610323170560,Active Decode Throughput,tokens/sec,avg,55.38
168,1780554609323170560,1780554610323170560,Active Decode Throughput,tokens/sec,min,47.94
168,1780554609323170560,1780554610323170560,Active Decode Throughput,tokens/sec,max,62.83
168,1780554609323170560,1780554610323170560,Active Decode Throughput,tokens/sec,p50,55.38
168,1780554609323170560,1780554610323170560,Active Decode Throughput,tokens/sec,p90,55.39
168,1780554609323170560,1780554610323170560,Active Decode Throughput,tokens/sec,p95,55.39
168,1780554609323170560,1780554610323170560,Active Decode Throughput,tokens/sec,p99,55.39
168,1780554609323170560,1780554610323170560,Active Decode Throughput,tokens/sec,std,0.02
168,1780554609323170560,1780554610323170560,Active Decode Throughput Per User,tokens/sec/user,avg,5.03
168,1780554609323170560,1780554610323170560,Active Decode Throughput Per User,tokens/sec/user,min,4.36
168,1780554609323170560,1780554610323170560,Active Decode Throughput Per User,tokens/sec/user,max,5.71
168,1780554609323170560,1780554610323170560,Active Decode Throughput Per User,tokens/sec/user,p50,5.03
168,1780554609323170560,1780554610323170560,Active Decode Throughput Per User,tokens/sec/user,p90,5.04
168,1780554609323170560,1780554610323170560,Active Decode Throughput Per User,tokens/sec/user,p95,5.04
168,1780554609323170560,1780554610323170560,Active Decode Throughput Per User,tokens/sec/user,p99,5.04
168,1780554609323170560,1780554610323170560,Active Decode Throughput Per User,tokens/sec/user,std,0.00
168,1780554609323170560,1780554610323170560,Active Prefill Throughput,tokens/sec,avg,3158.36
168,1780554609323170560,1780554610323170560,Active Prefill Throughput,tokens/sec,min,1812.94
168,1780554609323170560,1780554610323170560,Active Prefill Throughput,tokens/sec,max,3457.43
168,1780554609323170560,1780554610323170560,Active Prefill Throughput,tokens/sec,p50,3457.43
168,1780554609323170560,1780554610323170560,Active Prefill Throughput,tokens/sec,p90,3457.43
168,1780554609323170560,1780554610323170560,Active Prefill Throughput,tokens/sec,p95,3457.43
168,1780554609323170560,1780554610323170560,Active Prefill Throughput,tokens/sec,p99,3457.43
168,1780554609323170560,1780554610323170560,Active Prefill Throughput,tokens/sec,std,634.33
168,1780554609323170560,1780554610323170560,Active Prefill Throughput Per User,tokens/sec/user,avg,1744.03
168,1780554609323170560,1780554610323170560,Active Prefill Throughput Per User,tokens/sec/user,min,1728.72
168,1780554609323170560,1780554610323170560,Active Prefill Throughput Per User,tokens/sec/user,max,1812.94
168,1780554609323170560,1780554610323170560,Active Prefill Throughput Per User,tokens/sec/user,p50,1728.72
168,1780554609323170560,1780554610323170560,Active Prefill Throughput Per User,tokens/sec/user,p90,1812.94
168,1780554609323170560,1780554610323170560,Active Prefill Throughput Per User,tokens/sec/user,p95,1812.94
168,1780554609323170560,1780554610323170560,Active Prefill Throughput Per User,tokens/sec/user,p99,1812.94
168,1780554609323170560,1780554610323170560,Active Prefill Throughput Per User,tokens/sec/user,std,32.49
168,1780554609323170560,1780554610323170560,Active Total Throughput,tokens/sec,avg,3268.85
168,1780554609323170560,1780554610323170560,Active Total Throughput,tokens/sec,min,1923.43
168,1780554609323170560,1780554610323170560,Active Total Throughput,tokens/sec,max,3567.92
168,1780554609323170560,1780554610323170560,Active Total Throughput,tokens/sec,p50,3567.92
168,1780554609323170560,1780554610323170560,Active Total Throughput,tokens/sec,p90,3567.92
168,1780554609323170560,1780554610323170560,Active Total Throughput,tokens/sec,p95,3567.92
168,1780554609323170560,1780554610323170560,Active Total Throughput,tokens/sec,p99,3567.92
168,1780554609323170560,1780554610323170560,Active Total Throughput,tokens/sec,std,634.33
168,1780554609323170560,1780554610323170560,Benchmark Duration,sec,avg,54.52
168,1780554609323170560,1780554610323170560,E2E Output Token Throughput,tokens/sec/user,avg,3.78
168,1780554609323170560,1780554610323170560,E2E Output Token Throughput,tokens/sec/user,min,3.78
168,1780554609323170560,1780554610323170560,E2E Output Token Throughput,tokens/sec/user,max,3.78
168,1780554609323170560,1780554610323170560,E2E Output Token Throughput,tokens/sec/user,sum,3.78
168,1780554609323170560,1780554610323170560,E2E Output Token Throughput,tokens/sec/user,p1,3.78
168,1780554609323170560,1780554610323170560,E2E Output Token Throughput,tokens/sec/user,p5,3.78
168,1780554609323170560,1780554610323170560,E2E Output Token Throughput,tokens/sec/user,p10,3.78
168,1780554609323170560,1780554610323170560,E2E Output Token Throughput,tokens/sec/user,p25,3.78
168,1780554609323170560,1780554610323170560,E2E Output Token Throughput,tokens/sec/user,p50,3.78
168,1780554609323170560,1780554610323170560,E2E Output Token Throughput,tokens/sec/user,p75,3.78
168,1780554609323170560,1780554610323170560,E2E Output Token Throughput,tokens/sec/user,p90,3.78
168,1780554609323170560,1780554610323170560,E2E Output Token Throughput,tokens/sec/user,p95,3.78
168,1780554609323170560,1780554610323170560,E2E Output Token Throughput,tokens/sec/user,p99,3.78
168,1780554609323170560,1780554610323170560,E2E Output Token Throughput,tokens/sec/user,std,0.00
168,1780554609323170560,1780554610323170560,Effective Concurrency,requests,avg,12.82
168,1780554609323170560,1780554610323170560,Effective Concurrency,requests,min,12.00
168,1780554609323170560,1780554610323170560,Effective Concurrency,requests,max,13.00
168,1780554609323170560,1780554610323170560,Effective Concurrency,requests,p50,13.00
168,1780554609323170560,1780554610323170560,Effective Concurrency,requests,p90,13.00
168,1780554609323170560,1780554610323170560,Effective Concurrency,requests,p95,13.00
168,1780554609323170560,1780554610323170560,Effective Concurrency,requests,p99,13.00
168,1780554609323170560,1780554610323170560,Effective Concurrency,requests,std,0.39
168,1780554609323170560,1780554610323170560,Effective Decode Concurrency,requests,avg,11.00
168,1780554609323170560,1780554610323170560,Effective Decode Concurrency,requests,min,11.00
168,1780554609323170560,1780554610323170560,Effective Decode Concurrency,requests,max,11.00
168,1780554609323170560,1780554610323170560,Effective Decode Concurrency,requests,p50,11.00
168,1780554609323170560,1780554610323170560,Effective Decode Concurrency,requests,p90,11.00
168,1780554609323170560,1780554610323170560,Effective Decode Concurrency,requests,p95,11.00
168,1780554609323170560,1780554610323170560,Effective Decode Concurrency,requests,p99,11.00
168,1780554609323170560,1780554610323170560,Effective Decode Concurrency,requests,std,0.00
168,1780554609323170560,1780554610323170560,Effective Decode Throughput,tokens/sec,avg,55.38
168,1780554609323170560,1780554610323170560,Effective Decode Throughput,tokens/sec,min,47.94
168,1780554609323170560,1780554610323170560,Effective Decode Throughput,tokens/sec,max,62.83
168,1780554609323170560,1780554610323170560,Effective Decode Throughput,tokens/sec,p50,55.38
168,1780554609323170560,1780554610323170560,Effective Decode Throughput,tokens/sec,p90,55.39
168,1780554609323170560,1780554610323170560,Effective Decode Throughput,tokens/sec,p95,55.39
168,1780554609323170560,1780554610323170560,Effective Decode Throughput,tokens/sec,p99,55.39
168,1780554609323170560,1780554610323170560,Effective Decode Throughput,tokens/sec,std,0.02
168,1780554609323170560,1780554610323170560,Effective Decode Throughput Per User,tokens/sec/user,avg,5.03
168,1780554609323170560,1780554610323170560,Effective Decode Throughput Per User,tokens/sec/user,min,4.36
168,1780554609323170560,1780554610323170560,Effective Decode Throughput Per User,tokens/sec/user,max,5.71
168,1780554609323170560,1780554610323170560,Effective Decode Throughput Per User,tokens/sec/user,p50,5.03
168,1780554609323170560,1780554610323170560,Effective Decode Throughput Per User,tokens/sec/user,p90,5.04
168,1780554609323170560,1780554610323170560,Effective Decode Throughput Per User,tokens/sec/user,p95,5.04
168,1780554609323170560,1780554610323170560,Effective Decode Throughput Per User,tokens/sec/user,p99,5.04
168,1780554609323170560,1780554610323170560,Effective Decode Throughput Per User,tokens/sec/user,std,0.00
168,1780554609323170560,1780554610323170560,Effective Prefill Concurrency,requests,avg,1.82
168,1780554609323170560,1780554610323170560,Effective Prefill Concurrency,requests,min,1.00
168,1780554609323170560,1780554610323170560,Effective Prefill Concurrency,requests,max,2.00
168,1780554609323170560,1780554610323170560,Effective Prefill Concurrency,requests,p50,2.00
168,1780554609323170560,1780554610323170560,Effective Prefill Concurrency,requests,p90,2.00
168,1780554609323170560,1780554610323170560,Effective Prefill Concurrency,requests,p95,2.00
168,1780554609323170560,1780554610323170560,Effective Prefill Concurrency,requests,p99,2.00
168,1780554609323170560,1780554610323170560,Effective Prefill Concurrency,requests,std,0.39
168,1780554609323170560,1780554610323170560,Effective Prefill Throughput,tokens/sec,avg,3158.36
168,1780554609323170560,1780554610323170560,Effective Prefill Throughput,tokens/sec,min,1812.94
168,1780554609323170560,1780554610323170560,Effective Prefill Throughput,tokens/sec,max,3457.43
168,1780554609323170560,1780554610323170560,Effective Prefill Throughput,tokens/sec,p50,3457.43
168,1780554609323170560,1780554610323170560,Effective Prefill Throughput,tokens/sec,p90,3457.43
168,1780554609323170560,1780554610323170560,Effective Prefill Throughput,tokens/sec,p95,3457.43
168,1780554609323170560,1780554610323170560,Effective Prefill Throughput,tokens/sec,p99,3457.43
168,1780554609323170560,1780554610323170560,Effective Prefill Throughput,tokens/sec,std,634.33
168,1780554609323170560,1780554610323170560,Effective Prefill Throughput Per User,tokens/sec/user,avg,1744.03
168,1780554609323170560,1780554610323170560,Effective Prefill Throughput Per User,tokens/sec/user,min,1728.72
168,1780554609323170560,1780554610323170560,Effective Prefill Throughput Per User,tokens/sec/user,max,1812.94
168,1780554609323170560,1780554610323170560,Effective Prefill Throughput Per User,tokens/sec/user,p50,1728.72
168,1780554609323170560,1780554610323170560,Effective Prefill Throughput Per User,tokens/sec/user,p90,1812.94
168,1780554609323170560,1780554610323170560,Effective Prefill Throughput Per User,tokens/sec/user,p95,1812.94
168,1780554609323170560,1780554610323170560,Effective Prefill Throughput Per User,tokens/sec/user,p99,1812.94
168,1780554609323170560,1780554610323170560,Effective Prefill Throughput Per User,tokens/sec/user,std,32.49
168,1780554609323170560,1780554610323170560,Effective Total Throughput,tokens/sec,avg,3268.85
168,1780554609323170560,1780554610323170560,Effective Total Throughput,tokens/sec,min,1923.43
168,1780554609323170560,1780554610323170560,Effective Total Throughput,tokens/sec,max,3567.92
168,1780554609323170560,1780554610323170560,Effective Total Throughput,tokens/sec,p50,3567.92
168,1780554609323170560,1780554610323170560,Effective Total Throughput,tokens/sec,p90,3567.92
168,1780554609323170560,1780554610323170560,Effective Total Throughput,tokens/sec,p95,3567.92
168,1780554609323170560,1780554610323170560,Effective Total Throughput,tokens/sec,p99,3567.92
168,1780554609323170560,1780554610323170560,Effective Total Throughput,tokens/sec,std,634.33
168,1780554609323170560,1780554610323170560,HTTP Blocked,ms,avg,0.00
168,1780554609323170560,1780554610323170560,HTTP Blocked,ms,min,0.00
168,1780554609323170560,1780554610323170560,HTTP Blocked,ms,max,0.00
168,1780554609323170560,1780554610323170560,HTTP Blocked,ms,sum,0.00
168,1780554609323170560,1780554610323170560,HTTP Blocked,ms,p1,0.00
168,1780554609323170560,1780554610323170560,HTTP Blocked,ms,p5,0.00
168,1780554609323170560,1780554610323170560,HTTP Blocked,ms,p10,0.00
168,1780554609323170560,1780554610323170560,HTTP Blocked,ms,p25,0.00
168,1780554609323170560,1780554610323170560,HTTP Blocked,ms,p50,0.00
168,1780554609323170560,1780554610323170560,HTTP Blocked,ms,p75,0.00
168,1780554609323170560,1780554610323170560,HTTP Blocked,ms,p90,0.00
168,1780554609323170560,1780554610323170560,HTTP Blocked,ms,p95,0.00
168,1780554609323170560,1780554610323170560,HTTP Blocked,ms,p99,0.00
168,1780554609323170560,1780554610323170560,HTTP Blocked,ms,std,0.00
168,1780554609323170560,1780554610323170560,HTTP Chunks Received,count,avg,206.00
168,1780554609323170560,1780554610323170560,HTTP Chunks Received,count,min,206.00
168,1780554609323170560,1780554610323170560,HTTP Chunks Received,count,max,206.00
168,1780554609323170560,1780554610323170560,HTTP Chunks Received,count,sum,206.00
168,1780554609323170560,1780554610323170560,HTTP Chunks Received,count,p1,206.00
168,1780554609323170560,1780554610323170560,HTTP Chunks Received,count,p5,206.00
168,1780554609323170560,1780554610323170560,HTTP Chunks Received,count,p10,206.00
168,1780554609323170560,1780554610323170560,HTTP Chunks Received,count,p25,206.00
168,1780554609323170560,1780554610323170560,HTTP Chunks Received,count,p50,206.00
168,1780554609323170560,1780554610323170560,HTTP Chunks Received,count,p75,206.00
168,1780554609323170560,1780554610323170560,HTTP Chunks Received,count,p90,206.00
168,1780554609323170560,1780554610323170560,HTTP Chunks Received,count,p95,206.00
168,1780554609323170560,1780554610323170560,HTTP Chunks Received,count,p99,206.00
168,1780554609323170560,1780554610323170560,HTTP Chunks Received,count,std,0.00
168,1780554609323170560,1780554610323170560,HTTP Chunks Sent,count,avg,1.00
168,1780554609323170560,1780554610323170560,HTTP Chunks Sent,count,min,1.00
168,1780554609323170560,1780554610323170560,HTTP Chunks Sent,count,max,1.00
168,1780554609323170560,1780554610323170560,HTTP Chunks Sent,count,sum,1.00
168,1780554609323170560,1780554610323170560,HTTP Chunks Sent,count,p1,1.00
168,1780554609323170560,1780554610323170560,HTTP Chunks Sent,count,p5,1.00
168,1780554609323170560,1780554610323170560,HTTP Chunks Sent,count,p10,1.00
168,1780554609323170560,1780554610323170560,HTTP Chunks Sent,count,p25,1.00
168,1780554609323170560,1780554610323170560,HTTP Chunks Sent,count,p50,1.00
168,1780554609323170560,1780554610323170560,HTTP Chunks Sent,count,p75,1.00
168,1780554609323170560,1780554610323170560,HTTP Chunks Sent,count,p90,1.00
168,1780554609323170560,1780554610323170560,HTTP Chunks Sent,count,p95,1.00
168,1780554609323170560,1780554610323170560,HTTP Chunks Sent,count,p99,1.00
168,1780554609323170560,1780554610323170560,HTTP Chunks Sent,count,std,0.00
168,1780554609323170560,1780554610323170560,HTTP Connecting,ms,avg,0.67
168,1780554609323170560,1780554610323170560,HTTP Connecting,ms,min,0.67
168,1780554609323170560,1780554610323170560,HTTP Connecting,ms,max,0.67
168,1780554609323170560,1780554610323170560,HTTP Connecting,ms,sum,0.67
168,1780554609323170560,1780554610323170560,HTTP Connecting,ms,p1,0.67
168,1780554609323170560,1780554610323170560,HTTP Connecting,ms,p5,0.67
168,1780554609323170560,1780554610323170560,HTTP Connecting,ms,p10,0.67
168,1780554609323170560,1780554610323170560,HTTP Connecting,ms,p25,0.67
168,1780554609323170560,1780554610323170560,HTTP Connecting,ms,p50,0.67
168,1780554609323170560,1780554610323170560,HTTP Connecting,ms,p75,0.67
168,1780554609323170560,1780554610323170560,HTTP Connecting,ms,p90,0.67
168,1780554609323170560,1780554610323170560,HTTP Connecting,ms,p95,0.67
168,1780554609323170560,1780554610323170560,HTTP Connecting,ms,p99,0.67
168,1780554609323170560,1780554610323170560,HTTP Connecting,ms,std,0.00
168,1780554609323170560,1780554610323170560,HTTP Connection Overhead,ms,avg,0.67
168,1780554609323170560,1780554610323170560,HTTP Connection Overhead,ms,min,0.67
168,1780554609323170560,1780554610323170560,HTTP Connection Overhead,ms,max,0.67
168,1780554609323170560,1780554610323170560,HTTP Connection Overhead,ms,sum,0.67
168,1780554609323170560,1780554610323170560,HTTP Connection Overhead,ms,p1,0.67
168,1780554609323170560,1780554610323170560,HTTP Connection Overhead,ms,p5,0.67
168,1780554609323170560,1780554610323170560,HTTP Connection Overhead,ms,p10,0.67
168,1780554609323170560,1780554610323170560,HTTP Connection Overhead,ms,p25,0.67
168,1780554609323170560,1780554610323170560,HTTP Connection Overhead,ms,p50,0.67
168,1780554609323170560,1780554610323170560,HTTP Connection Overhead,ms,p75,0.67
168,1780554609323170560,1780554610323170560,HTTP Connection Overhead,ms,p90,0.67
168,1780554609323170560,1780554610323170560,HTTP Connection Overhead,ms,p95,0.67
168,1780554609323170560,1780554610323170560,HTTP Connection Overhead,ms,p99,0.67
168,1780554609323170560,1780554610323170560,HTTP Connection Overhead,ms,std,0.00
168,1780554609323170560,1780554610323170560,HTTP Connection Reused,ratio,avg,0.00
168,1780554609323170560,1780554610323170560,HTTP Connection Reused,ratio,min,0.00
168,1780554609323170560,1780554610323170560,HTTP Connection Reused,ratio,max,0.00
168,1780554609323170560,1780554610323170560,HTTP Connection Reused,ratio,sum,0.00
168,1780554609323170560,1780554610323170560,HTTP Connection Reused,ratio,p1,0.00
168,1780554609323170560,1780554610323170560,HTTP Connection Reused,ratio,p5,0.00
168,1780554609323170560,1780554610323170560,HTTP Connection Reused,ratio,p10,0.00
168,1780554609323170560,1780554610323170560,HTTP Connection Reused,ratio,p25,0.00
168,1780554609323170560,1780554610323170560,HTTP Connection Reused,ratio,p50,0.00
168,1780554609323170560,1780554610323170560,HTTP Connection Reused,ratio,p75,0.00
168,1780554609323170560,1780554610323170560,HTTP Connection Reused,ratio,p90,0.00
168,1780554609323170560,1780554610323170560,HTTP Connection Reused,ratio,p95,0.00
168,1780554609323170560,1780554610323170560,HTTP Connection Reused,ratio,p99,0.00
168,1780554609323170560,1780554610323170560,HTTP Connection Reused,ratio,std,0.00
168,1780554609323170560,1780554610323170560,HTTP Data Received,KB,avg,51.90
168,1780554609323170560,1780554610323170560,HTTP Data Received,KB,min,51.90
168,1780554609323170560,1780554610323170560,HTTP Data Received,KB,max,51.90
168,1780554609323170560,1780554610323170560,HTTP Data Received,KB,sum,51.90
168,1780554609323170560,1780554610323170560,HTTP Data Received,KB,p1,51.90
168,1780554609323170560,1780554610323170560,HTTP Data Received,KB,p5,51.90
168,1780554609323170560,1780554610323170560,HTTP Data Received,KB,p10,51.90
168,1780554609323170560,1780554610323170560,HTTP Data Received,KB,p25,51.90
168,1780554609323170560,1780554610323170560,HTTP Data Received,KB,p50,51.90
168,1780554609323170560,1780554610323170560,HTTP Data Received,KB,p75,51.90
168,1780554609323170560,1780554610323170560,HTTP Data Received,KB,p90,51.90
168,1780554609323170560,1780554610323170560,HTTP Data Received,KB,p95,51.90
168,1780554609323170560,1780554610323170560,HTTP Data Received,KB,p99,51.90
168,1780554609323170560,1780554610323170560,HTTP Data Received,KB,std,0.00
168,1780554609323170560,1780554610323170560,HTTP Data Sent,KB,avg,240.14
168,1780554609323170560,1780554610323170560,HTTP Data Sent,KB,min,240.14
168,1780554609323170560,1780554610323170560,HTTP Data Sent,KB,max,240.14
168,1780554609323170560,1780554610323170560,HTTP Data Sent,KB,sum,240.14
168,1780554609323170560,1780554610323170560,HTTP Data Sent,KB,p1,240.14
168,1780554609323170560,1780554610323170560,HTTP Data Sent,KB,p5,240.14
168,1780554609323170560,1780554610323170560,HTTP Data Sent,KB,p10,240.14
168,1780554609323170560,1780554610323170560,HTTP Data Sent,KB,p25,240.14
168,1780554609323170560,1780554610323170560,HTTP Data Sent,KB,p50,240.14
168,1780554609323170560,1780554610323170560,HTTP Data Sent,KB,p75,240.14
168,1780554609323170560,1780554610323170560,HTTP Data Sent,KB,p90,240.14
168,1780554609323170560,1780554610323170560,HTTP Data Sent,KB,p95,240.14
168,1780554609323170560,1780554610323170560,HTTP Data Sent,KB,p99,240.14
168,1780554609323170560,1780554610323170560,HTTP Data Sent,KB,std,0.00
168,1780554609323170560,1780554610323170560,HTTP DNS Lookup,ms,avg,0.00
168,1780554609323170560,1780554610323170560,HTTP DNS Lookup,ms,min,0.00
168,1780554609323170560,1780554610323170560,HTTP DNS Lookup,ms,max,0.00
168,1780554609323170560,1780554610323170560,HTTP DNS Lookup,ms,sum,0.00
168,1780554609323170560,1780554610323170560,HTTP DNS Lookup,ms,p1,0.00
168,1780554609323170560,1780554610323170560,HTTP DNS Lookup,ms,p5,0.00
168,1780554609323170560,1780554610323170560,HTTP DNS Lookup,ms,p10,0.00
168,1780554609323170560,1780554610323170560,HTTP DNS Lookup,ms,p25,0.00
168,1780554609323170560,1780554610323170560,HTTP DNS Lookup,ms,p50,0.00
168,1780554609323170560,1780554610323170560,HTTP DNS Lookup,ms,p75,0.00
168,1780554609323170560,1780554610323170560,HTTP DNS Lookup,ms,p90,0.00
168,1780554609323170560,1780554610323170560,HTTP DNS Lookup,ms,p95,0.00
168,1780554609323170560,1780554610323170560,HTTP DNS Lookup,ms,p99,0.00
168,1780554609323170560,1780554610323170560,HTTP DNS Lookup,ms,std,0.00
168,1780554609323170560,1780554610323170560,HTTP Duration (excl. conn),ms,avg,54523.62
168,1780554609323170560,1780554610323170560,HTTP Duration (excl. conn),ms,min,54523.62
168,1780554609323170560,1780554610323170560,HTTP Duration (excl. conn),ms,max,54523.62
168,1780554609323170560,1780554610323170560,HTTP Duration (excl. conn),ms,sum,54523.62
168,1780554609323170560,1780554610323170560,HTTP Duration (excl. conn),ms,p1,54523.62
168,1780554609323170560,1780554610323170560,HTTP Duration (excl. conn),ms,p5,54523.62
168,1780554609323170560,1780554610323170560,HTTP Duration (excl. conn),ms,p10,54523.62
168,1780554609323170560,1780554610323170560,HTTP Duration (excl. conn),ms,p25,54523.62
168,1780554609323170560,1780554610323170560,HTTP Duration (excl. conn),ms,p50,54523.62
168,1780554609323170560,1780554610323170560,HTTP Duration (excl. conn),ms,p75,54523.62
168,1780554609323170560,1780554610323170560,HTTP Duration (excl. conn),ms,p90,54523.62
168,1780554609323170560,1780554610323170560,HTTP Duration (excl. conn),ms,p95,54523.62
168,1780554609323170560,1780554610323170560,HTTP Duration (excl. conn),ms,p99,54523.62
168,1780554609323170560,1780554610323170560,HTTP Duration (excl. conn),ms,std,0.00
168,1780554609323170560,1780554610323170560,HTTP Receiving,ms,avg,16818.52
168,1780554609323170560,1780554610323170560,HTTP Receiving,ms,min,16818.52
168,1780554609323170560,1780554610323170560,HTTP Receiving,ms,max,16818.52
168,1780554609323170560,1780554610323170560,HTTP Receiving,ms,sum,16818.52
168,1780554609323170560,1780554610323170560,HTTP Receiving,ms,p1,16818.52
168,1780554609323170560,1780554610323170560,HTTP Receiving,ms,p5,16818.52
168,1780554609323170560,1780554610323170560,HTTP Receiving,ms,p10,16818.52
168,1780554609323170560,1780554610323170560,HTTP Receiving,ms,p25,16818.52
168,1780554609323170560,1780554610323170560,HTTP Receiving,ms,p50,16818.52
168,1780554609323170560,1780554610323170560,HTTP Receiving,ms,p75,16818.52
168,1780554609323170560,1780554610323170560,HTTP Receiving,ms,p90,16818.52
168,1780554609323170560,1780554610323170560,HTTP Receiving,ms,p95,16818.52
168,1780554609323170560,1780554610323170560,HTTP Receiving,ms,p99,16818.52
168,1780554609323170560,1780554610323170560,HTTP Receiving,ms,std,0.00
168,1780554609323170560,1780554610323170560,HTTP Sending,ms,avg,0.97
168,1780554609323170560,1780554610323170560,HTTP Sending,ms,min,0.97
168,1780554609323170560,1780554610323170560,HTTP Sending,ms,max,0.97
168,1780554609323170560,1780554610323170560,HTTP Sending,ms,sum,0.97
168,1780554609323170560,1780554610323170560,HTTP Sending,ms,p1,0.97
168,1780554609323170560,1780554610323170560,HTTP Sending,ms,p5,0.97
168,1780554609323170560,1780554610323170560,HTTP Sending,ms,p10,0.97
168,1780554609323170560,1780554610323170560,HTTP Sending,ms,p25,0.97
168,1780554609323170560,1780554610323170560,HTTP Sending,ms,p50,0.97
168,1780554609323170560,1780554610323170560,HTTP Sending,ms,p75,0.97
168,1780554609323170560,1780554610323170560,HTTP Sending,ms,p90,0.97
168,1780554609323170560,1780554610323170560,HTTP Sending,ms,p95,0.97
168,1780554609323170560,1780554610323170560,HTTP Sending,ms,p99,0.97
168,1780554609323170560,1780554610323170560,HTTP Sending,ms,std,0.00
168,1780554609323170560,1780554610323170560,HTTP Total Time,ms,avg,54524.29
168,1780554609323170560,1780554610323170560,HTTP Total Time,ms,min,54524.29
168,1780554609323170560,1780554610323170560,HTTP Total Time,ms,max,54524.29
168,1780554609323170560,1780554610323170560,HTTP Total Time,ms,sum,54524.29
168,1780554609323170560,1780554610323170560,HTTP Total Time,ms,p1,54524.29
168,1780554609323170560,1780554610323170560,HTTP Total Time,ms,p5,54524.29
168,1780554609323170560,1780554610323170560,HTTP Total Time,ms,p10,54524.29
168,1780554609323170560,1780554610323170560,HTTP Total Time,ms,p25,54524.29
168,1780554609323170560,1780554610323170560,HTTP Total Time,ms,p50,54524.29
168,1780554609323170560,1780554610323170560,HTTP Total Time,ms,p75,54524.29
168,1780554609323170560,1780554610323170560,HTTP Total Time,ms,p90,54524.29
168,1780554609323170560,1780554610323170560,HTTP Total Time,ms,p95,54524.29
168,1780554609323170560,1780554610323170560,HTTP Total Time,ms,p99,54524.29
168,1780554609323170560,1780554610323170560,HTTP Total Time,ms,std,0.00
168,1780554609323170560,1780554610323170560,HTTP Waiting (TTFB),ms,avg,37704.13
168,1780554609323170560,1780554610323170560,HTTP Waiting (TTFB),ms,min,37704.13
168,1780554609323170560,1780554610323170560,HTTP Waiting (TTFB),ms,max,37704.13
168,1780554609323170560,1780554610323170560,HTTP Waiting (TTFB),ms,sum,37704.13
168,1780554609323170560,1780554610323170560,HTTP Waiting (TTFB),ms,p1,37704.13
168,1780554609323170560,1780554610323170560,HTTP Waiting (TTFB),ms,p5,37704.13
168,1780554609323170560,1780554610323170560,HTTP Waiting (TTFB),ms,p10,37704.13
168,1780554609323170560,1780554610323170560,HTTP Waiting (TTFB),ms,p25,37704.13
168,1780554609323170560,1780554610323170560,HTTP Waiting (TTFB),ms,p50,37704.13
168,1780554609323170560,1780554610323170560,HTTP Waiting (TTFB),ms,p75,37704.13
168,1780554609323170560,1780554610323170560,HTTP Waiting (TTFB),ms,p90,37704.13
168,1780554609323170560,1780554610323170560,HTTP Waiting (TTFB),ms,p95,37704.13
168,1780554609323170560,1780554610323170560,HTTP Waiting (TTFB),ms,p99,37704.13
168,1780554609323170560,1780554610323170560,HTTP Waiting (TTFB),ms,std,0.00
168,1780554609323170560,1780554610323170560,Input Sequence Length,tokens,avg,62006.00
168,1780554609323170560,1780554610323170560,Input Sequence Length,tokens,min,62006.00
168,1780554609323170560,1780554610323170560,Input Sequence Length,tokens,max,62006.00
168,1780554609323170560,1780554610323170560,Input Sequence Length,tokens,sum,62006.00
168,1780554609323170560,1780554610323170560,Input Sequence Length,tokens,p1,62006.00
168,1780554609323170560,1780554610323170560,Input Sequence Length,tokens,p5,62006.00
168,1780554609323170560,1780554610323170560,Input Sequence Length,tokens,p10,62006.00
168,1780554609323170560,1780554610323170560,Input Sequence Length,tokens,p25,62006.00
168,1780554609323170560,1780554610323170560,Input Sequence Length,tokens,p50,62006.00
168,1780554609323170560,1780554610323170560,Input Sequence Length,tokens,p75,62006.00
168,1780554609323170560,1780554610323170560,Input Sequence Length,tokens,p90,62006.00
168,1780554609323170560,1780554610323170560,Input Sequence Length,tokens,p95,62006.00
168,1780554609323170560,1780554610323170560,Input Sequence Length,tokens,p99,62006.00
168,1780554609323170560,1780554610323170560,Input Sequence Length,tokens,std,0.00
168,1780554609323170560,1780554610323170560,Input Token Throughput,tokens/sec,avg,62006.00
168,1780554609323170560,1780554610323170560,Inter Chunk Latency,ms,avg,422.78
168,1780554609323170560,1780554610323170560,Inter Chunk Latency,ms,min,408.01
168,1780554609323170560,1780554610323170560,Inter Chunk Latency,ms,max,439.59
168,1780554609323170560,1780554610323170560,Inter Chunk Latency,ms,sum,86670.76
168,1780554609323170560,1780554610323170560,Inter Chunk Latency,ms,p1,408.04
168,1780554609323170560,1780554610323170560,Inter Chunk Latency,ms,p5,409.01
168,1780554609323170560,1780554610323170560,Inter Chunk Latency,ms,p10,410.61
168,1780554609323170560,1780554610323170560,Inter Chunk Latency,ms,p25,413.18
168,1780554609323170560,1780554610323170560,Inter Chunk Latency,ms,p50,422.63
168,1780554609323170560,1780554610323170560,Inter Chunk Latency,ms,p75,427.87
168,1780554609323170560,1780554610323170560,Inter Chunk Latency,ms,p90,435.56
168,1780554609323170560,1780554610323170560,Inter Chunk Latency,ms,p95,438.11
168,1780554609323170560,1780554610323170560,Inter Chunk Latency,ms,p99,439.58
168,1780554609323170560,1780554610323170560,Inter Chunk Latency,ms,std,9.07
168,1780554609323170560,1780554610323170560,Inter Token Latency,ms,avg,82.04
168,1780554609323170560,1780554610323170560,Inter Token Latency,ms,min,82.04
168,1780554609323170560,1780554610323170560,Inter Token Latency,ms,max,82.04
168,1780554609323170560,1780554610323170560,Inter Token Latency,ms,sum,82.04
168,1780554609323170560,1780554610323170560,Inter Token Latency,ms,p1,82.04
168,1780554609323170560,1780554610323170560,Inter Token Latency,ms,p5,82.04
168,1780554609323170560,1780554610323170560,Inter Token Latency,ms,p10,82.04
168,1780554609323170560,1780554610323170560,Inter Token Latency,ms,p25,82.04
168,1780554609323170560,1780554610323170560,Inter Token Latency,ms,p50,82.04
168,1780554609323170560,1780554610323170560,Inter Token Latency,ms,p75,82.04
168,1780554609323170560,1780554610323170560,Inter Token Latency,ms,p90,82.04
168,1780554609323170560,1780554610323170560,Inter Token Latency,ms,p95,82.04
168,1780554609323170560,1780554610323170560,Inter Token Latency,ms,p99,82.04
168,1780554609323170560,1780554610323170560,Inter Token Latency,ms,std,0.00
168,1780554609323170560,1780554610323170560,Maximum Response Timestamp,ns,avg,1780554664028771584.00
168,1780554609323170560,1780554610323170560,Minimum Request Timestamp,ns,avg,1780554609505031936.00
168,1780554609323170560,1780554610323170560,OSL Mismatch Count,requests,avg,0.00
168,1780554609323170560,1780554610323170560,OSL Mismatch Diff %,%,avg,0.00
168,1780554609323170560,1780554610323170560,OSL Mismatch Diff %,%,min,0.00
168,1780554609323170560,1780554610323170560,OSL Mismatch Diff %,%,max,0.00
168,1780554609323170560,1780554610323170560,OSL Mismatch Diff %,%,sum,0.00
168,1780554609323170560,1780554610323170560,OSL Mismatch Diff %,%,p1,0.00
168,1780554609323170560,1780554610323170560,OSL Mismatch Diff %,%,p5,0.00
168,1780554609323170560,1780554610323170560,OSL Mismatch Diff %,%,p10,0.00
168,1780554609323170560,1780554610323170560,OSL Mismatch Diff %,%,p25,0.00
168,1780554609323170560,1780554610323170560,OSL Mismatch Diff %,%,p50,0.00
168,1780554609323170560,1780554610323170560,OSL Mismatch Diff %,%,p75,0.00
168,1780554609323170560,1780554610323170560,OSL Mismatch Diff %,%,p90,0.00
168,1780554609323170560,1780554610323170560,OSL Mismatch Diff %,%,p95,0.00
168,1780554609323170560,1780554610323170560,OSL Mismatch Diff %,%,p99,0.00
168,1780554609323170560,1780554610323170560,OSL Mismatch Diff %,%,std,0.00
168,1780554609323170560,1780554610323170560,Output Sequence Length,tokens,avg,206.00
168,1780554609323170560,1780554610323170560,Output Sequence Length,tokens,min,206.00
168,1780554609323170560,1780554610323170560,Output Sequence Length,tokens,max,206.00
168,1780554609323170560,1780554610323170560,Output Sequence Length,tokens,sum,206.00
168,1780554609323170560,1780554610323170560,Output Sequence Length,tokens,p1,206.00
168,1780554609323170560,1780554610323170560,Output Sequence Length,tokens,p5,206.00
168,1780554609323170560,1780554610323170560,Output Sequence Length,tokens,p10,206.00
168,1780554609323170560,1780554610323170560,Output Sequence Length,tokens,p25,206.00
168,1780554609323170560,1780554610323170560,Output Sequence Length,tokens,p50,206.00
168,1780554609323170560,1780554610323170560,Output Sequence Length,tokens,p75,206.00
168,1780554609323170560,1780554610323170560,Output Sequence Length,tokens,p90,206.00
168,1780554609323170560,1780554610323170560,Output Sequence Length,tokens,p95,206.00
168,1780554609323170560,1780554610323170560,Output Sequence Length,tokens,p99,206.00
168,1780554609323170560,1780554610323170560,Output Sequence Length,tokens,std,0.00
168,1780554609323170560,1780554610323170560,Output Token Count,tokens,avg,206.00
168,1780554609323170560,1780554610323170560,Output Token Count,tokens,min,206.00
168,1780554609323170560,1780554610323170560,Output Token Count,tokens,max,206.00
168,1780554609323170560,1780554610323170560,Output Token Count,tokens,sum,206.00
168,1780554609323170560,1780554610323170560,Output Token Count,tokens,p1,206.00
168,1780554609323170560,1780554610323170560,Output Token Count,tokens,p5,206.00
168,1780554609323170560,1780554610323170560,Output Token Count,tokens,p10,206.00
168,1780554609323170560,1780554610323170560,Output Token Count,tokens,p25,206.00
168,1780554609323170560,1780554610323170560,Output Token Count,tokens,p50,206.00
168,1780554609323170560,1780554610323170560,Output Token Count,tokens,p75,206.00
168,1780554609323170560,1780554610323170560,Output Token Count,tokens,p90,206.00
168,1780554609323170560,1780554610323170560,Output Token Count,tokens,p95,206.00
168,1780554609323170560,1780554610323170560,Output Token Count,tokens,p99,206.00
168,1780554609323170560,1780554610323170560,Output Token Count,tokens,std,0.00
168,1780554609323170560,1780554610323170560,Output Token Throughput,tokens/sec,avg,206.00
168,1780554609323170560,1780554610323170560,Output Token Throughput Per User,tokens/sec/user,avg,12.19
168,1780554609323170560,1780554610323170560,Output Token Throughput Per User,tokens/sec/user,min,12.19
168,1780554609323170560,1780554610323170560,Output Token Throughput Per User,tokens/sec/user,max,12.19
168,1780554609323170560,1780554610323170560,Output Token Throughput Per User,tokens/sec/user,sum,12.19
168,1780554609323170560,1780554610323170560,Output Token Throughput Per User,tokens/sec/user,p1,12.19
168,1780554609323170560,1780554610323170560,Output Token Throughput Per User,tokens/sec/user,p5,12.19
168,1780554609323170560,1780554610323170560,Output Token Throughput Per User,tokens/sec/user,p10,12.19
168,1780554609323170560,1780554610323170560,Output Token Throughput Per User,tokens/sec/user,p25,12.19
168,1780554609323170560,1780554610323170560,Output Token Throughput Per User,tokens/sec/user,p50,12.19
168,1780554609323170560,1780554610323170560,Output Token Throughput Per User,tokens/sec/user,p75,12.19
168,1780554609323170560,1780554610323170560,Output Token Throughput Per User,tokens/sec/user,p90,12.19
168,1780554609323170560,1780554610323170560,Output Token Throughput Per User,tokens/sec/user,p95,12.19
168,1780554609323170560,1780554610323170560,Output Token Throughput Per User,tokens/sec/user,p99,12.19
168,1780554609323170560,1780554610323170560,Output Token Throughput Per User,tokens/sec/user,std,0.00
168,1780554609323170560,1780554610323170560,Prefill Throughput Per User,tokens/sec/user,avg,1644.49
168,1780554609323170560,1780554610323170560,Prefill Throughput Per User,tokens/sec/user,min,1644.49
168,1780554609323170560,1780554610323170560,Prefill Throughput Per User,tokens/sec/user,max,1644.49
168,1780554609323170560,1780554610323170560,Prefill Throughput Per User,tokens/sec/user,sum,1644.49
168,1780554609323170560,1780554610323170560,Prefill Throughput Per User,tokens/sec/user,p1,1644.49
168,1780554609323170560,1780554610323170560,Prefill Throughput Per User,tokens/sec/user,p5,1644.49
168,1780554609323170560,1780554610323170560,Prefill Throughput Per User,tokens/sec/user,p10,1644.49
168,1780554609323170560,1780554610323170560,Prefill Throughput Per User,tokens/sec/user,p25,1644.49
168,1780554609323170560,1780554610323170560,Prefill Throughput Per User,tokens/sec/user,p50,1644.49
168,1780554609323170560,1780554610323170560,Prefill Throughput Per User,tokens/sec/user,p75,1644.49
168,1780554609323170560,1780554610323170560,Prefill Throughput Per User,tokens/sec/user,p90,1644.49
168,1780554609323170560,1780554610323170560,Prefill Throughput Per User,tokens/sec/user,p95,1644.49
168,1780554609323170560,1780554610323170560,Prefill Throughput Per User,tokens/sec/user,p99,1644.49
168,1780554609323170560,1780554610323170560,Prefill Throughput Per User,tokens/sec/user,std,0.00
168,1780554609323170560,1780554610323170560,Request Count,requests,avg,1.00
168,1780554609323170560,1780554610323170560,Request Latency,ms,avg,54523.74
168,1780554609323170560,1780554610323170560,Request Latency,ms,min,54523.74
168,1780554609323170560,1780554610323170560,Request Latency,ms,max,54523.74
168,1780554609323170560,1780554610323170560,Request Latency,ms,sum,54523.74
168,1780554609323170560,1780554610323170560,Request Latency,ms,p1,54523.74
168,1780554609323170560,1780554610323170560,Request Latency,ms,p5,54523.74
168,1780554609323170560,1780554610323170560,Request Latency,ms,p10,54523.74
168,1780554609323170560,1780554610323170560,Request Latency,ms,p25,54523.74
168,1780554609323170560,1780554610323170560,Request Latency,ms,p50,54523.74
168,1780554609323170560,1780554610323170560,Request Latency,ms,p75,54523.74
168,1780554609323170560,1780554610323170560,Request Latency,ms,p90,54523.74
168,1780554609323170560,1780554610323170560,Request Latency,ms,p95,54523.74
168,1780554609323170560,1780554610323170560,Request Latency,ms,p99,54523.74
168,1780554609323170560,1780554610323170560,Request Latency,ms,std,0.00
168,1780554609323170560,1780554610323170560,Request Throughput,requests/sec,avg,1.00
168,1780554609323170560,1780554610323170560,Requested OSL,tokens,avg,206.00
168,1780554609323170560,1780554610323170560,Requested OSL,tokens,min,206.00
168,1780554609323170560,1780554610323170560,Requested OSL,tokens,max,206.00
168,1780554609323170560,1780554610323170560,Requested OSL,tokens,sum,206.00
168,1780554609323170560,1780554610323170560,Requested OSL,tokens,p1,206.00
168,1780554609323170560,1780554610323170560,Requested OSL,tokens,p5,206.00
168,1780554609323170560,1780554610323170560,Requested OSL,tokens,p10,206.00
168,1780554609323170560,1780554610323170560,Requested OSL,tokens,p25,206.00
168,1780554609323170560,1780554610323170560,Requested OSL,tokens,p50,206.00
168,1780554609323170560,1780554610323170560,Requested OSL,tokens,p75,206.00
168,1780554609323170560,1780554610323170560,Requested OSL,tokens,p90,206.00
168,1780554609323170560,1780554610323170560,Requested OSL,tokens,p95,206.00
168,1780554609323170560,1780554610323170560,Requested OSL,tokens,p99,206.00
168,1780554609323170560,1780554610323170560,Requested OSL,tokens,std,0.00
168,1780554609323170560,1780554610323170560,Time to First Output Token,ms,avg,37705.24
168,1780554609323170560,1780554610323170560,Time to First Output Token,ms,min,37705.24
168,1780554609323170560,1780554610323170560,Time to First Output Token,ms,max,37705.24
168,1780554609323170560,1780554610323170560,Time to First Output Token,ms,sum,37705.24
168,1780554609323170560,1780554610323170560,Time to First Output Token,ms,p1,37705.24
168,1780554609323170560,1780554610323170560,Time to First Output Token,ms,p5,37705.24
168,1780554609323170560,1780554610323170560,Time to First Output Token,ms,p10,37705.24
168,1780554609323170560,1780554610323170560,Time to First Output Token,ms,p25,37705.24
168,1780554609323170560,1780554610323170560,Time to First Output Token,ms,p50,37705.24
168,1780554609323170560,1780554610323170560,Time to First Output Token,ms,p75,37705.24
168,1780554609323170560,1780554610323170560,Time to First Output Token,ms,p90,37705.24
168,1780554609323170560,1780554610323170560,Time to First Output Token,ms,p95,37705.24
168,1780554609323170560,1780554610323170560,Time to First Output Token,ms,p99,37705.24
168,1780554609323170560,1780554610323170560,Time to First Output Token,ms,std,0.00
168,1780554609323170560,1780554610323170560,Time to First Token,ms,avg,37705.24
168,1780554609323170560,1780554610323170560,Time to First Token,ms,min,37705.24
168,1780554609323170560,1780554610323170560,Time to First Token,ms,max,37705.24
168,1780554609323170560,1780554610323170560,Time to First Token,ms,sum,37705.24
168,1780554609323170560,1780554610323170560,Time to First Token,ms,p1,37705.24
168,1780554609323170560,1780554610323170560,Time to First Token,ms,p5,37705.24
168,1780554609323170560,1780554610323170560,Time to First Token,ms,p10,37705.24
168,1780554609323170560,1780554610323170560,Time to First Token,ms,p25,37705.24
168,1780554609323170560,1780554610323170560,Time to First Token,ms,p50,37705.24
168,1780554609323170560,1780554610323170560,Time to First Token,ms,p75,37705.24
168,1780554609323170560,1780554610323170560,Time to First Token,ms,p90,37705.24
168,1780554609323170560,1780554610323170560,Time to First Token,ms,p95,37705.24
168,1780554609323170560,1780554610323170560,Time to First Token,ms,p99,37705.24
168,1780554609323170560,1780554610323170560,Time to First Token,ms,std,0.00
168,1780554609323170560,1780554610323170560,Time to Second Token,ms,avg,10.78
168,1780554609323170560,1780554610323170560,Time to Second Token,ms,min,10.78
168,1780554609323170560,1780554610323170560,Time to Second Token,ms,max,10.78
168,1780554609323170560,1780554610323170560,Time to Second Token,ms,sum,10.78
168,1780554609323170560,1780554610323170560,Time to Second Token,ms,p1,10.78
168,1780554609323170560,1780554610323170560,Time to Second Token,ms,p5,10.78
168,1780554609323170560,1780554610323170560,Time to Second Token,ms,p10,10.78
168,1780554609323170560,1780554610323170560,Time to Second Token,ms,p25,10.78
168,1780554609323170560,1780554610323170560,Time to Second Token,ms,p50,10.78
168,1780554609323170560,1780554610323170560,Time to Second Token,ms,p75,10.78
168,1780554609323170560,1780554610323170560,Time to Second Token,ms,p90,10.78
168,1780554609323170560,1780554610323170560,Time to Second Token,ms,p95,10.78
168,1780554609323170560,1780554610323170560,Time to Second Token,ms,p99,10.78
168,1780554609323170560,1780554610323170560,Time to Second Token,ms,std,0.00
168,1780554609323170560,1780554610323170560,Tokens In Flight,tokens,avg,1074674.32
168,1780554609323170560,1780554610323170560,Tokens In Flight,tokens,min,1023928.40
168,1780554609323170560,1780554610323170560,Tokens In Flight,tokens,max,1085967.28
168,1780554609323170560,1780554610323170560,Tokens In Flight,tokens,p50,1085950.94
168,1780554609323170560,1780554610323170560,Tokens In Flight,tokens,p90,1085965.28
168,1780554609323170560,1780554610323170560,Tokens In Flight,tokens,p95,1085966.28
168,1780554609323170560,1780554610323170560,Tokens In Flight,tokens,p99,1085966.28
168,1780554609323170560,1780554610323170560,Tokens In Flight,tokens,std,23924.09
168,1780554609323170560,1780554610323170560,Total Input Sequence Length,tokens,avg,62006.00
168,1780554609323170560,1780554610323170560,Total Output Sequence Length,tokens,avg,206.00
168,1780554609323170560,1780554610323170560,Total Output Tokens,tokens,avg,206.00
168,1780554609323170560,1780554610323170560,Total Token Throughput,tokens/sec,avg,62212.00
168,1780554609323170560,1780554610323170560,Total Usage Completion Tokens,tokens,avg,206.00
168,1780554609323170560,1780554610323170560,Total Usage Prompt Tokens,tokens,avg,62006.00
168,1780554609323170560,1780554610323170560,Total Usage Total Tokens,tokens,avg,62212.00
168,1780554609323170560,1780554610323170560,Usage Completion Tokens,tokens,avg,206.00
168,1780554609323170560,1780554610323170560,Usage Completion Tokens,tokens,min,206.00
168,1780554609323170560,1780554610323170560,Usage Completion Tokens,tokens,max,206.00
168,1780554609323170560,1780554610323170560,Usage Completion Tokens,tokens,sum,206.00
168,1780554609323170560,1780554610323170560,Usage Completion Tokens,tokens,p1,206.00
168,1780554609323170560,1780554610323170560,Usage Completion Tokens,tokens,p5,206.00
168,1780554609323170560,1780554610323170560,Usage Completion Tokens,tokens,p10,206.00
168,1780554609323170560,1780554610323170560,Usage Completion Tokens,tokens,p25,206.00
168,1780554609323170560,1780554610323170560,Usage Completion Tokens,tokens,p50,206.00
168,1780554609323170560,1780554610323170560,Usage Completion Tokens,tokens,p75,206.00
168,1780554609323170560,1780554610323170560,Usage Completion Tokens,tokens,p90,206.00
168,1780554609323170560,1780554610323170560,Usage Completion Tokens,tokens,p95,206.00
168,1780554609323170560,1780554610323170560,Usage Completion Tokens,tokens,p99,206.00
168,1780554609323170560,1780554610323170560,Usage Completion Tokens,tokens,std,0.00
168,1780554609323170560,1780554610323170560,Usage Prompt Tokens,tokens,avg,62006.00
168,1780554609323170560,1780554610323170560,Usage Prompt Tokens,tokens,min,62006.00
168,1780554609323170560,1780554610323170560,Usage Prompt Tokens,tokens,max,62006.00
168,1780554609323170560,1780554610323170560,Usage Prompt Tokens,tokens,sum,62006.00
168,1780554609323170560,1780554610323170560,Usage Prompt Tokens,tokens,p1,62006.00
168,1780554609323170560,1780554610323170560,Usage Prompt Tokens,tokens,p5,62006.00
168,1780554609323170560,1780554610323170560,Usage Prompt Tokens,tokens,p10,62006.00
168,1780554609323170560,1780554610323170560,Usage Prompt Tokens,tokens,p25,62006.00
168,1780554609323170560,1780554610323170560,Usage Prompt Tokens,tokens,p50,62006.00
168,1780554609323170560,1780554610323170560,Usage Prompt Tokens,tokens,p75,62006.00
168,1780554609323170560,1780554610323170560,Usage Prompt Tokens,tokens,p90,62006.00
168,1780554609323170560,1780554610323170560,Usage Prompt Tokens,tokens,p95,62006.00
168,1780554609323170560,1780554610323170560,Usage Prompt Tokens,tokens,p99,62006.00
168,1780554609323170560,1780554610323170560,Usage Prompt Tokens,tokens,std,0.00
168,1780554609323170560,1780554610323170560,Usage Total Tokens,tokens,avg,62212.00
168,1780554609323170560,1780554610323170560,Usage Total Tokens,tokens,min,62212.00
168,1780554609323170560,1780554610323170560,Usage Total Tokens,tokens,max,62212.00
168,1780554609323170560,1780554610323170560,Usage Total Tokens,tokens,sum,62212.00
168,1780554609323170560,1780554610323170560,Usage Total Tokens,tokens,p1,62212.00
168,1780554609323170560,1780554610323170560,Usage Total Tokens,tokens,p5,62212.00
168,1780554609323170560,1780554610323170560,Usage Total Tokens,tokens,p10,62212.00
168,1780554609323170560,1780554610323170560,Usage Total Tokens,tokens,p25,62212.00
168,1780554609323170560,1780554610323170560,Usage Total Tokens,tokens,p50,62212.00
168,1780554609323170560,1780554610323170560,Usage Total Tokens,tokens,p75,62212.00
168,1780554609323170560,1780554610323170560,Usage Total Tokens,tokens,p90,62212.00
168,1780554609323170560,1780554610323170560,Usage Total Tokens,tokens,p95,62212.00
168,1780554609323170560,1780554610323170560,Usage Total Tokens,tokens,p99,62212.00
168,1780554609323170560,1780554610323170560,Usage Total Tokens,tokens,std,0.00
169,1780554655323170560,1780554656323170560,Active Decode Throughput,tokens/sec,avg,36.43
169,1780554655323170560,1780554656323170560,Active Decode Throughput,tokens/sec,min,29.91
169,1780554655323170560,1780554656323170560,Active Decode Throughput,tokens/sec,max,42.93
169,1780554655323170560,1780554656323170560,Active Decode Throughput,tokens/sec,p50,36.43
169,1780554655323170560,1780554656323170560,Active Decode Throughput,tokens/sec,p90,36.43
169,1780554655323170560,1780554656323170560,Active Decode Throughput,tokens/sec,p95,36.43
169,1780554655323170560,1780554656323170560,Active Decode Throughput,tokens/sec,p99,36.43
169,1780554655323170560,1780554656323170560,Active Decode Throughput,tokens/sec,std,0.01
169,1780554655323170560,1780554656323170560,Active Decode Throughput Per User,tokens/sec/user,avg,4.05
169,1780554655323170560,1780554656323170560,Active Decode Throughput Per User,tokens/sec/user,min,3.32
169,1780554655323170560,1780554656323170560,Active Decode Throughput Per User,tokens/sec/user,max,4.77
169,1780554655323170560,1780554656323170560,Active Decode Throughput Per User,tokens/sec/user,p50,4.05
169,1780554655323170560,1780554656323170560,Active Decode Throughput Per User,tokens/sec/user,p90,4.05
169,1780554655323170560,1780554656323170560,Active Decode Throughput Per User,tokens/sec/user,p95,4.05
169,1780554655323170560,1780554656323170560,Active Decode Throughput Per User,tokens/sec/user,p99,4.05
169,1780554655323170560,1780554656323170560,Active Decode Throughput Per User,tokens/sec/user,std,0.00
169,1780554655323170560,1780554656323170560,Active Prefill Throughput,tokens/sec,avg,26489.08
169,1780554655323170560,1780554656323170560,Active Prefill Throughput,tokens/sec,min,26489.08
169,1780554655323170560,1780554656323170560,Active Prefill Throughput,tokens/sec,max,26489.08
169,1780554655323170560,1780554656323170560,Active Prefill Throughput,tokens/sec,p50,26489.08
169,1780554655323170560,1780554656323170560,Active Prefill Throughput,tokens/sec,p90,26489.08
169,1780554655323170560,1780554656323170560,Active Prefill Throughput,tokens/sec,p95,26489.08
169,1780554655323170560,1780554656323170560,Active Prefill Throughput,tokens/sec,p99,26489.08
169,1780554655323170560,1780554656323170560,Active Prefill Throughput,tokens/sec,std,0.00
169,1780554655323170560,1780554656323170560,Active Prefill Throughput Per User,tokens/sec/user,avg,26489.08
169,1780554655323170560,1780554656323170560,Active Prefill Throughput Per User,tokens/sec/user,min,26489.08
169,1780554655323170560,1780554656323170560,Active Prefill Throughput Per User,tokens/sec/user,max,26489.08
169,1780554655323170560,1780554656323170560,Active Prefill Throughput Per User,tokens/sec/user,p50,26489.08
169,1780554655323170560,1780554656323170560,Active Prefill Throughput Per User,tokens/sec/user,p90,26489.08
169,1780554655323170560,1780554656323170560,Active Prefill Throughput Per User,tokens/sec/user,p95,26489.08
169,1780554655323170560,1780554656323170560,Active Prefill Throughput Per User,tokens/sec/user,p99,26489.08
169,1780554655323170560,1780554656323170560,Active Prefill Throughput Per User,tokens/sec/user,std,0.00
169,1780554655323170560,1780554656323170560,Active Total Throughput,tokens/sec,avg,16448.10
169,1780554655323170560,1780554656323170560,Active Total Throughput,tokens/sec,min,92.99
169,1780554655323170560,1780554656323170560,Active Total Throughput,tokens/sec,max,26582.07
169,1780554655323170560,1780554656323170560,Active Total Throughput,tokens/sec,p50,26582.07
169,1780554655323170560,1780554656323170560,Active Total Throughput,tokens/sec,p90,26582.07
169,1780554655323170560,1780554656323170560,Active Total Throughput,tokens/sec,p95,26582.07
169,1780554655323170560,1780554656323170560,Active Total Throughput,tokens/sec,p99,26582.07
169,1780554655323170560,1780554656323170560,Active Total Throughput,tokens/sec,std,12874.09
169,1780554655323170560,1780554656323170560,Benchmark Duration,sec,avg,105.44
169,1780554655323170560,1780554656323170560,E2E Output Token Throughput,tokens/sec/user,avg,6.82
169,1780554655323170560,1780554656323170560,E2E Output Token Throughput,tokens/sec/user,min,6.82
169,1780554655323170560,1780554656323170560,E2E Output Token Throughput,tokens/sec/user,max,6.82
169,1780554655323170560,1780554656323170560,E2E Output Token Throughput,tokens/sec/user,sum,6.82
169,1780554655323170560,1780554656323170560,E2E Output Token Throughput,tokens/sec/user,p1,6.82
169,1780554655323170560,1780554656323170560,E2E Output Token Throughput,tokens/sec/user,p5,6.82
169,1780554655323170560,1780554656323170560,E2E Output Token Throughput,tokens/sec/user,p10,6.82
169,1780554655323170560,1780554656323170560,E2E Output Token Throughput,tokens/sec/user,p25,6.82
169,1780554655323170560,1780554656323170560,E2E Output Token Throughput,tokens/sec/user,p50,6.82
169,1780554655323170560,1780554656323170560,E2E Output Token Throughput,tokens/sec/user,p75,6.82
169,1780554655323170560,1780554656323170560,E2E Output Token Throughput,tokens/sec/user,p90,6.82
169,1780554655323170560,1780554656323170560,E2E Output Token Throughput,tokens/sec/user,p95,6.82
169,1780554655323170560,1780554656323170560,E2E Output Token Throughput,tokens/sec/user,p99,6.82
169,1780554655323170560,1780554656323170560,E2E Output Token Throughput,tokens/sec/user,std,0.00
169,1780554655323170560,1780554656323170560,Effective Concurrency,requests,avg,9.62
169,1780554655323170560,1780554656323170560,Effective Concurrency,requests,min,9.00
169,1780554655323170560,1780554656323170560,Effective Concurrency,requests,max,10.00
169,1780554655323170560,1780554656323170560,Effective Concurrency,requests,p50,10.00
169,1780554655323170560,1780554656323170560,Effective Concurrency,requests,p90,10.00
169,1780554655323170560,1780554656323170560,Effective Concurrency,requests,p95,10.00
169,1780554655323170560,1780554656323170560,Effective Concurrency,requests,p99,10.00
169,1780554655323170560,1780554656323170560,Effective Concurrency,requests,std,0.49
169,1780554655323170560,1780554656323170560,Effective Decode Concurrency,requests,avg,9.00
169,1780554655323170560,1780554656323170560,Effective Decode Concurrency,requests,min,9.00
169,1780554655323170560,1780554656323170560,Effective Decode Concurrency,requests,max,9.00
169,1780554655323170560,1780554656323170560,Effective Decode Concurrency,requests,p50,9.00
169,1780554655323170560,1780554656323170560,Effective Decode Concurrency,requests,p90,9.00
169,1780554655323170560,1780554656323170560,Effective Decode Concurrency,requests,p95,9.00
169,1780554655323170560,1780554656323170560,Effective Decode Concurrency,requests,p99,9.00
169,1780554655323170560,1780554656323170560,Effective Decode Concurrency,requests,std,0.00
169,1780554655323170560,1780554656323170560,Effective Decode Throughput,tokens/sec,avg,36.43
169,1780554655323170560,1780554656323170560,Effective Decode Throughput,tokens/sec,min,29.91
169,1780554655323170560,1780554656323170560,Effective Decode Throughput,tokens/sec,max,42.93
169,1780554655323170560,1780554656323170560,Effective Decode Throughput,tokens/sec,p50,36.43
169,1780554655323170560,1780554656323170560,Effective Decode Throughput,tokens/sec,p90,36.43
169,1780554655323170560,1780554656323170560,Effective Decode Throughput,tokens/sec,p95,36.43
169,1780554655323170560,1780554656323170560,Effective Decode Throughput,tokens/sec,p99,36.43
169,1780554655323170560,1780554656323170560,Effective Decode Throughput,tokens/sec,std,0.01
169,1780554655323170560,1780554656323170560,Effective Decode Throughput Per User,tokens/sec/user,avg,4.05
169,1780554655323170560,1780554656323170560,Effective Decode Throughput Per User,tokens/sec/user,min,3.32
169,1780554655323170560,1780554656323170560,Effective Decode Throughput Per User,tokens/sec/user,max,4.77
169,1780554655323170560,1780554656323170560,Effective Decode Throughput Per User,tokens/sec/user,p50,4.05
169,1780554655323170560,1780554656323170560,Effective Decode Throughput Per User,tokens/sec/user,p90,4.05
169,1780554655323170560,1780554656323170560,Effective Decode Throughput Per User,tokens/sec/user,p95,4.05
169,1780554655323170560,1780554656323170560,Effective Decode Throughput Per User,tokens/sec/user,p99,4.05
169,1780554655323170560,1780554656323170560,Effective Decode Throughput Per User,tokens/sec/user,std,0.00
169,1780554655323170560,1780554656323170560,Effective Prefill Concurrency,requests,avg,0.62
169,1780554655323170560,1780554656323170560,Effective Prefill Concurrency,requests,min,0.00
169,1780554655323170560,1780554656323170560,Effective Prefill Concurrency,requests,max,1.00
169,1780554655323170560,1780554656323170560,Effective Prefill Concurrency,requests,p50,1.00
169,1780554655323170560,1780554656323170560,Effective Prefill Concurrency,requests,p90,1.00
169,1780554655323170560,1780554656323170560,Effective Prefill Concurrency,requests,p95,1.00
169,1780554655323170560,1780554656323170560,Effective Prefill Concurrency,requests,p99,1.00
169,1780554655323170560,1780554656323170560,Effective Prefill Concurrency,requests,std,0.49
169,1780554655323170560,1780554656323170560,Effective Prefill Throughput,tokens/sec,avg,16355.11
169,1780554655323170560,1780554656323170560,Effective Prefill Throughput,tokens/sec,min,0.00
169,1780554655323170560,1780554656323170560,Effective Prefill Throughput,tokens/sec,max,26489.08
169,1780554655323170560,1780554656323170560,Effective Prefill Throughput,tokens/sec,p50,26489.08
169,1780554655323170560,1780554656323170560,Effective Prefill Throughput,tokens/sec,p90,26489.08
169,1780554655323170560,1780554656323170560,Effective Prefill Throughput,tokens/sec,p95,26489.08
169,1780554655323170560,1780554656323170560,Effective Prefill Throughput,tokens/sec,p99,26489.08
169,1780554655323170560,1780554656323170560,Effective Prefill Throughput,tokens/sec,std,12874.09
169,1780554655323170560,1780554656323170560,Effective Prefill Throughput Per User,tokens/sec/user,avg,16355.11
169,1780554655323170560,1780554656323170560,Effective Prefill Throughput Per User,tokens/sec/user,min,0.00
169,1780554655323170560,1780554656323170560,Effective Prefill Throughput Per User,tokens/sec/user,max,26489.08
169,1780554655323170560,1780554656323170560,Effective Prefill Throughput Per User,tokens/sec/user,p50,26489.08
169,1780554655323170560,1780554656323170560,Effective Prefill Throughput Per User,tokens/sec/user,p90,26489.08
169,1780554655323170560,1780554656323170560,Effective Prefill Throughput Per User,tokens/sec/user,p95,26489.08
169,1780554655323170560,1780554656323170560,Effective Prefill Throughput Per User,tokens/sec/user,p99,26489.08
169,1780554655323170560,1780554656323170560,Effective Prefill Throughput Per User,tokens/sec/user,std,12874.09
169,1780554655323170560,1780554656323170560,Effective Total Throughput,tokens/sec,avg,16448.10
169,1780554655323170560,1780554656323170560,Effective Total Throughput,tokens/sec,min,92.99
169,1780554655323170560,1780554656323170560,Effective Total Throughput,tokens/sec,max,26582.07
169,1780554655323170560,1780554656323170560,Effective Total Throughput,tokens/sec,p50,26582.07
169,1780554655323170560,1780554656323170560,Effective Total Throughput,tokens/sec,p90,26582.07
169,1780554655323170560,1780554656323170560,Effective Total Throughput,tokens/sec,p95,26582.07
169,1780554655323170560,1780554656323170560,Effective Total Throughput,tokens/sec,p99,26582.07
169,1780554655323170560,1780554656323170560,Effective Total Throughput,tokens/sec,std,12874.09
169,1780554655323170560,1780554656323170560,HTTP Blocked,ms,avg,0.00
169,1780554655323170560,1780554656323170560,HTTP Blocked,ms,min,0.00
169,1780554655323170560,1780554656323170560,HTTP Blocked,ms,max,0.00
169,1780554655323170560,1780554656323170560,HTTP Blocked,ms,sum,0.00
169,1780554655323170560,1780554656323170560,HTTP Blocked,ms,p1,0.00
169,1780554655323170560,1780554656323170560,HTTP Blocked,ms,p5,0.00
169,1780554655323170560,1780554656323170560,HTTP Blocked,ms,p10,0.00
169,1780554655323170560,1780554656323170560,HTTP Blocked,ms,p25,0.00
169,1780554655323170560,1780554656323170560,HTTP Blocked,ms,p50,0.00
169,1780554655323170560,1780554656323170560,HTTP Blocked,ms,p75,0.00
169,1780554655323170560,1780554656323170560,HTTP Blocked,ms,p90,0.00
169,1780554655323170560,1780554656323170560,HTTP Blocked,ms,p95,0.00
169,1780554655323170560,1780554656323170560,HTTP Blocked,ms,p99,0.00
169,1780554655323170560,1780554656323170560,HTTP Blocked,ms,std,0.00
169,1780554655323170560,1780554656323170560,HTTP Chunks Received,count,avg,719.00
169,1780554655323170560,1780554656323170560,HTTP Chunks Received,count,min,719.00
169,1780554655323170560,1780554656323170560,HTTP Chunks Received,count,max,719.00
169,1780554655323170560,1780554656323170560,HTTP Chunks Received,count,sum,719.00
169,1780554655323170560,1780554656323170560,HTTP Chunks Received,count,p1,719.00
169,1780554655323170560,1780554656323170560,HTTP Chunks Received,count,p5,719.00
169,1780554655323170560,1780554656323170560,HTTP Chunks Received,count,p10,719.00
169,1780554655323170560,1780554656323170560,HTTP Chunks Received,count,p25,719.00
169,1780554655323170560,1780554656323170560,HTTP Chunks Received,count,p50,719.00
169,1780554655323170560,1780554656323170560,HTTP Chunks Received,count,p75,719.00
169,1780554655323170560,1780554656323170560,HTTP Chunks Received,count,p90,719.00
169,1780554655323170560,1780554656323170560,HTTP Chunks Received,count,p95,719.00
169,1780554655323170560,1780554656323170560,HTTP Chunks Received,count,p99,719.00
169,1780554655323170560,1780554656323170560,HTTP Chunks Received,count,std,0.00
169,1780554655323170560,1780554656323170560,HTTP Chunks Sent,count,avg,1.00
169,1780554655323170560,1780554656323170560,HTTP Chunks Sent,count,min,1.00
169,1780554655323170560,1780554656323170560,HTTP Chunks Sent,count,max,1.00
169,1780554655323170560,1780554656323170560,HTTP Chunks Sent,count,sum,1.00
169,1780554655323170560,1780554656323170560,HTTP Chunks Sent,count,p1,1.00
169,1780554655323170560,1780554656323170560,HTTP Chunks Sent,count,p5,1.00
169,1780554655323170560,1780554656323170560,HTTP Chunks Sent,count,p10,1.00
169,1780554655323170560,1780554656323170560,HTTP Chunks Sent,count,p25,1.00
169,1780554655323170560,1780554656323170560,HTTP Chunks Sent,count,p50,1.00
169,1780554655323170560,1780554656323170560,HTTP Chunks Sent,count,p75,1.00
169,1780554655323170560,1780554656323170560,HTTP Chunks Sent,count,p90,1.00
169,1780554655323170560,1780554656323170560,HTTP Chunks Sent,count,p95,1.00
169,1780554655323170560,1780554656323170560,HTTP Chunks Sent,count,p99,1.00
169,1780554655323170560,1780554656323170560,HTTP Chunks Sent,count,std,0.00
169,1780554655323170560,1780554656323170560,HTTP Connecting,ms,avg,1.06
169,1780554655323170560,1780554656323170560,HTTP Connecting,ms,min,1.06
169,1780554655323170560,1780554656323170560,HTTP Connecting,ms,max,1.06
169,1780554655323170560,1780554656323170560,HTTP Connecting,ms,sum,1.06
169,1780554655323170560,1780554656323170560,HTTP Connecting,ms,p1,1.06
169,1780554655323170560,1780554656323170560,HTTP Connecting,ms,p5,1.06
169,1780554655323170560,1780554656323170560,HTTP Connecting,ms,p10,1.06
169,1780554655323170560,1780554656323170560,HTTP Connecting,ms,p25,1.06
169,1780554655323170560,1780554656323170560,HTTP Connecting,ms,p50,1.06
169,1780554655323170560,1780554656323170560,HTTP Connecting,ms,p75,1.06
169,1780554655323170560,1780554656323170560,HTTP Connecting,ms,p90,1.06
169,1780554655323170560,1780554656323170560,HTTP Connecting,ms,p95,1.06
169,1780554655323170560,1780554656323170560,HTTP Connecting,ms,p99,1.06
169,1780554655323170560,1780554656323170560,HTTP Connecting,ms,std,0.00
169,1780554655323170560,1780554656323170560,HTTP Connection Overhead,ms,avg,1.55
169,1780554655323170560,1780554656323170560,HTTP Connection Overhead,ms,min,1.55
169,1780554655323170560,1780554656323170560,HTTP Connection Overhead,ms,max,1.55
169,1780554655323170560,1780554656323170560,HTTP Connection Overhead,ms,sum,1.55
169,1780554655323170560,1780554656323170560,HTTP Connection Overhead,ms,p1,1.55
169,1780554655323170560,1780554656323170560,HTTP Connection Overhead,ms,p5,1.55
169,1780554655323170560,1780554656323170560,HTTP Connection Overhead,ms,p10,1.55
169,1780554655323170560,1780554656323170560,HTTP Connection Overhead,ms,p25,1.55
169,1780554655323170560,1780554656323170560,HTTP Connection Overhead,ms,p50,1.55
169,1780554655323170560,1780554656323170560,HTTP Connection Overhead,ms,p75,1.55
169,1780554655323170560,1780554656323170560,HTTP Connection Overhead,ms,p90,1.55
169,1780554655323170560,1780554656323170560,HTTP Connection Overhead,ms,p95,1.55
169,1780554655323170560,1780554656323170560,HTTP Connection Overhead,ms,p99,1.55
169,1780554655323170560,1780554656323170560,HTTP Connection Overhead,ms,std,0.00
169,1780554655323170560,1780554656323170560,HTTP Connection Reused,ratio,avg,0.00
169,1780554655323170560,1780554656323170560,HTTP Connection Reused,ratio,min,0.00
169,1780554655323170560,1780554656323170560,HTTP Connection Reused,ratio,max,0.00
169,1780554655323170560,1780554656323170560,HTTP Connection Reused,ratio,sum,0.00
169,1780554655323170560,1780554656323170560,HTTP Connection Reused,ratio,p1,0.00
169,1780554655323170560,1780554656323170560,HTTP Connection Reused,ratio,p5,0.00
169,1780554655323170560,1780554656323170560,HTTP Connection Reused,ratio,p10,0.00
169,1780554655323170560,1780554656323170560,HTTP Connection Reused,ratio,p25,0.00
169,1780554655323170560,1780554656323170560,HTTP Connection Reused,ratio,p50,0.00
169,1780554655323170560,1780554656323170560,HTTP Connection Reused,ratio,p75,0.00
169,1780554655323170560,1780554656323170560,HTTP Connection Reused,ratio,p90,0.00
169,1780554655323170560,1780554656323170560,HTTP Connection Reused,ratio,p95,0.00
169,1780554655323170560,1780554656323170560,HTTP Connection Reused,ratio,p99,0.00
169,1780554655323170560,1780554656323170560,HTTP Connection Reused,ratio,std,0.00
169,1780554655323170560,1780554656323170560,HTTP Data Received,KB,avg,179.90
169,1780554655323170560,1780554656323170560,HTTP Data Received,KB,min,179.90
169,1780554655323170560,1780554656323170560,HTTP Data Received,KB,max,179.90
169,1780554655323170560,1780554656323170560,HTTP Data Received,KB,sum,179.90
169,1780554655323170560,1780554656323170560,HTTP Data Received,KB,p1,179.90
169,1780554655323170560,1780554656323170560,HTTP Data Received,KB,p5,179.90
169,1780554655323170560,1780554656323170560,HTTP Data Received,KB,p10,179.90
169,1780554655323170560,1780554656323170560,HTTP Data Received,KB,p25,179.90
169,1780554655323170560,1780554656323170560,HTTP Data Received,KB,p50,179.90
169,1780554655323170560,1780554656323170560,HTTP Data Received,KB,p75,179.90
169,1780554655323170560,1780554656323170560,HTTP Data Received,KB,p90,179.90
169,1780554655323170560,1780554656323170560,HTTP Data Received,KB,p95,179.90
169,1780554655323170560,1780554656323170560,HTTP Data Received,KB,p99,179.90
169,1780554655323170560,1780554656323170560,HTTP Data Received,KB,std,0.00
169,1780554655323170560,1780554656323170560,HTTP Data Sent,KB,avg,189.45
169,1780554655323170560,1780554656323170560,HTTP Data Sent,KB,min,189.45
169,1780554655323170560,1780554656323170560,HTTP Data Sent,KB,max,189.45
169,1780554655323170560,1780554656323170560,HTTP Data Sent,KB,sum,189.45
169,1780554655323170560,1780554656323170560,HTTP Data Sent,KB,p1,189.45
169,1780554655323170560,1780554656323170560,HTTP Data Sent,KB,p5,189.45
169,1780554655323170560,1780554656323170560,HTTP Data Sent,KB,p10,189.45
169,1780554655323170560,1780554656323170560,HTTP Data Sent,KB,p25,189.45
169,1780554655323170560,1780554656323170560,HTTP Data Sent,KB,p50,189.45
169,1780554655323170560,1780554656323170560,HTTP Data Sent,KB,p75,189.45
169,1780554655323170560,1780554656323170560,HTTP Data Sent,KB,p90,189.45
169,1780554655323170560,1780554656323170560,HTTP Data Sent,KB,p95,189.45
169,1780554655323170560,1780554656323170560,HTTP Data Sent,KB,p99,189.45
169,1780554655323170560,1780554656323170560,HTTP Data Sent,KB,std,0.00
169,1780554655323170560,1780554656323170560,HTTP DNS Lookup,ms,avg,0.49
169,1780554655323170560,1780554656323170560,HTTP DNS Lookup,ms,min,0.49
169,1780554655323170560,1780554656323170560,HTTP DNS Lookup,ms,max,0.49
169,1780554655323170560,1780554656323170560,HTTP DNS Lookup,ms,sum,0.49
169,1780554655323170560,1780554656323170560,HTTP DNS Lookup,ms,p1,0.49
169,1780554655323170560,1780554656323170560,HTTP DNS Lookup,ms,p5,0.49
169,1780554655323170560,1780554656323170560,HTTP DNS Lookup,ms,p10,0.49
169,1780554655323170560,1780554656323170560,HTTP DNS Lookup,ms,p25,0.49
169,1780554655323170560,1780554656323170560,HTTP DNS Lookup,ms,p50,0.49
169,1780554655323170560,1780554656323170560,HTTP DNS Lookup,ms,p75,0.49
169,1780554655323170560,1780554656323170560,HTTP DNS Lookup,ms,p90,0.49
169,1780554655323170560,1780554656323170560,HTTP DNS Lookup,ms,p95,0.49
169,1780554655323170560,1780554656323170560,HTTP DNS Lookup,ms,p99,0.49
169,1780554655323170560,1780554656323170560,HTTP DNS Lookup,ms,std,0.00
169,1780554655323170560,1780554656323170560,HTTP Duration (excl. conn),ms,avg,105435.37
169,1780554655323170560,1780554656323170560,HTTP Duration (excl. conn),ms,min,105435.37
169,1780554655323170560,1780554656323170560,HTTP Duration (excl. conn),ms,max,105435.37
169,1780554655323170560,1780554656323170560,HTTP Duration (excl. conn),ms,sum,105435.37
169,1780554655323170560,1780554656323170560,HTTP Duration (excl. conn),ms,p1,105435.37
169,1780554655323170560,1780554656323170560,HTTP Duration (excl. conn),ms,p5,105435.37
169,1780554655323170560,1780554656323170560,HTTP Duration (excl. conn),ms,p10,105435.37
169,1780554655323170560,1780554656323170560,HTTP Duration (excl. conn),ms,p25,105435.37
169,1780554655323170560,1780554656323170560,HTTP Duration (excl. conn),ms,p50,105435.37
169,1780554655323170560,1780554656323170560,HTTP Duration (excl. conn),ms,p75,105435.37
169,1780554655323170560,1780554656323170560,HTTP Duration (excl. conn),ms,p90,105435.37
169,1780554655323170560,1780554656323170560,HTTP Duration (excl. conn),ms,p95,105435.37
169,1780554655323170560,1780554656323170560,HTTP Duration (excl. conn),ms,p99,105435.37
169,1780554655323170560,1780554656323170560,HTTP Duration (excl. conn),ms,std,0.00
169,1780554655323170560,1780554656323170560,HTTP Receiving,ms,avg,103610.14
169,1780554655323170560,1780554656323170560,HTTP Receiving,ms,min,103610.14
169,1780554655323170560,1780554656323170560,HTTP Receiving,ms,max,103610.14
169,1780554655323170560,1780554656323170560,HTTP Receiving,ms,sum,103610.14
169,1780554655323170560,1780554656323170560,HTTP Receiving,ms,p1,103610.14
169,1780554655323170560,1780554656323170560,HTTP Receiving,ms,p5,103610.14
169,1780554655323170560,1780554656323170560,HTTP Receiving,ms,p10,103610.14
169,1780554655323170560,1780554656323170560,HTTP Receiving,ms,p25,103610.14
169,1780554655323170560,1780554656323170560,HTTP Receiving,ms,p50,103610.14
169,1780554655323170560,1780554656323170560,HTTP Receiving,ms,p75,103610.14
169,1780554655323170560,1780554656323170560,HTTP Receiving,ms,p90,103610.14
169,1780554655323170560,1780554656323170560,HTTP Receiving,ms,p95,103610.14
169,1780554655323170560,1780554656323170560,HTTP Receiving,ms,p99,103610.14
169,1780554655323170560,1780554656323170560,HTTP Receiving,ms,std,0.00
169,1780554655323170560,1780554656323170560,HTTP Sending,ms,avg,1.33
169,1780554655323170560,1780554656323170560,HTTP Sending,ms,min,1.33
169,1780554655323170560,1780554656323170560,HTTP Sending,ms,max,1.33
169,1780554655323170560,1780554656323170560,HTTP Sending,ms,sum,1.33
169,1780554655323170560,1780554656323170560,HTTP Sending,ms,p1,1.33
169,1780554655323170560,1780554656323170560,HTTP Sending,ms,p5,1.33
169,1780554655323170560,1780554656323170560,HTTP Sending,ms,p10,1.33
169,1780554655323170560,1780554656323170560,HTTP Sending,ms,p25,1.33
169,1780554655323170560,1780554656323170560,HTTP Sending,ms,p50,1.33
169,1780554655323170560,1780554656323170560,HTTP Sending,ms,p75,1.33
169,1780554655323170560,1780554656323170560,HTTP Sending,ms,p90,1.33
169,1780554655323170560,1780554656323170560,HTTP Sending,ms,p95,1.33
169,1780554655323170560,1780554656323170560,HTTP Sending,ms,p99,1.33
169,1780554655323170560,1780554656323170560,HTTP Sending,ms,std,0.00
169,1780554655323170560,1780554656323170560,HTTP Total Time,ms,avg,105436.92
169,1780554655323170560,1780554656323170560,HTTP Total Time,ms,min,105436.92
169,1780554655323170560,1780554656323170560,HTTP Total Time,ms,max,105436.92
169,1780554655323170560,1780554656323170560,HTTP Total Time,ms,sum,105436.92
169,1780554655323170560,1780554656323170560,HTTP Total Time,ms,p1,105436.92
169,1780554655323170560,1780554656323170560,HTTP Total Time,ms,p5,105436.92
169,1780554655323170560,1780554656323170560,HTTP Total Time,ms,p10,105436.92
169,1780554655323170560,1780554656323170560,HTTP Total Time,ms,p25,105436.92
169,1780554655323170560,1780554656323170560,HTTP Total Time,ms,p50,105436.92
169,1780554655323170560,1780554656323170560,HTTP Total Time,ms,p75,105436.92
169,1780554655323170560,1780554656323170560,HTTP Total Time,ms,p90,105436.92
169,1780554655323170560,1780554656323170560,HTTP Total Time,ms,p95,105436.92
169,1780554655323170560,1780554656323170560,HTTP Total Time,ms,p99,105436.92
169,1780554655323170560,1780554656323170560,HTTP Total Time,ms,std,0.00
169,1780554655323170560,1780554656323170560,HTTP Waiting (TTFB),ms,avg,1823.91
169,1780554655323170560,1780554656323170560,HTTP Waiting (TTFB),ms,min,1823.91
169,1780554655323170560,1780554656323170560,HTTP Waiting (TTFB),ms,max,1823.91
169,1780554655323170560,1780554656323170560,HTTP Waiting (TTFB),ms,sum,1823.91
169,1780554655323170560,1780554656323170560,HTTP Waiting (TTFB),ms,p1,1823.91
169,1780554655323170560,1780554656323170560,HTTP Waiting (TTFB),ms,p5,1823.91
169,1780554655323170560,1780554656323170560,HTTP Waiting (TTFB),ms,p10,1823.91
169,1780554655323170560,1780554656323170560,HTTP Waiting (TTFB),ms,p25,1823.91
169,1780554655323170560,1780554656323170560,HTTP Waiting (TTFB),ms,p50,1823.91
169,1780554655323170560,1780554656323170560,HTTP Waiting (TTFB),ms,p75,1823.91
169,1780554655323170560,1780554656323170560,HTTP Waiting (TTFB),ms,p90,1823.91
169,1780554655323170560,1780554656323170560,HTTP Waiting (TTFB),ms,p95,1823.91
169,1780554655323170560,1780554656323170560,HTTP Waiting (TTFB),ms,p99,1823.91
169,1780554655323170560,1780554656323170560,HTTP Waiting (TTFB),ms,std,0.00
169,1780554655323170560,1780554656323170560,Input Sequence Length,tokens,avg,48352.00
169,1780554655323170560,1780554656323170560,Input Sequence Length,tokens,min,48352.00
169,1780554655323170560,1780554656323170560,Input Sequence Length,tokens,max,48352.00
169,1780554655323170560,1780554656323170560,Input Sequence Length,tokens,sum,48352.00
169,1780554655323170560,1780554656323170560,Input Sequence Length,tokens,p1,48352.00
169,1780554655323170560,1780554656323170560,Input Sequence Length,tokens,p5,48352.00
169,1780554655323170560,1780554656323170560,Input Sequence Length,tokens,p10,48352.00
169,1780554655323170560,1780554656323170560,Input Sequence Length,tokens,p25,48352.00
169,1780554655323170560,1780554656323170560,Input Sequence Length,tokens,p50,48352.00
169,1780554655323170560,1780554656323170560,Input Sequence Length,tokens,p75,48352.00
169,1780554655323170560,1780554656323170560,Input Sequence Length,tokens,p90,48352.00
169,1780554655323170560,1780554656323170560,Input Sequence Length,tokens,p95,48352.00
169,1780554655323170560,1780554656323170560,Input Sequence Length,tokens,p99,48352.00
169,1780554655323170560,1780554656323170560,Input Sequence Length,tokens,std,0.00
169,1780554655323170560,1780554656323170560,Input Token Throughput,tokens/sec,avg,48352.00
169,1780554655323170560,1780554656323170560,Inter Chunk Latency,ms,avg,2178.38
169,1780554655323170560,1780554656323170560,Inter Chunk Latency,ms,min,1714.82
169,1780554655323170560,1780554656323170560,Inter Chunk Latency,ms,max,4325.68
169,1780554655323170560,1780554656323170560,Inter Chunk Latency,ms,sum,1559722.06
169,1780554655323170560,1780554656323170560,Inter Chunk Latency,ms,p1,1720.00
169,1780554655323170560,1780554656323170560,Inter Chunk Latency,ms,p5,1723.48
169,1780554655323170560,1780554656323170560,Inter Chunk Latency,ms,p10,1744.34
169,1780554655323170560,1780554656323170560,Inter Chunk Latency,ms,p25,1808.55
169,1780554655323170560,1780554656323170560,Inter Chunk Latency,ms,p50,2019.21
169,1780554655323170560,1780554656323170560,Inter Chunk Latency,ms,p75,2313.01
169,1780554655323170560,1780554656323170560,Inter Chunk Latency,ms,p90,2860.78
169,1780554655323170560,1780554656323170560,Inter Chunk Latency,ms,p95,3177.15
169,1780554655323170560,1780554656323170560,Inter Chunk Latency,ms,p99,3960.80
169,1780554655323170560,1780554656323170560,Inter Chunk Latency,ms,std,499.12
169,1780554655323170560,1780554656323170560,Inter Token Latency,ms,avg,144.30
169,1780554655323170560,1780554656323170560,Inter Token Latency,ms,min,144.30
169,1780554655323170560,1780554656323170560,Inter Token Latency,ms,max,144.30
169,1780554655323170560,1780554656323170560,Inter Token Latency,ms,sum,144.30
169,1780554655323170560,1780554656323170560,Inter Token Latency,ms,p1,144.30
169,1780554655323170560,1780554656323170560,Inter Token Latency,ms,p5,144.30
169,1780554655323170560,1780554656323170560,Inter Token Latency,ms,p10,144.30
169,1780554655323170560,1780554656323170560,Inter Token Latency,ms,p25,144.30
169,1780554655323170560,1780554656323170560,Inter Token Latency,ms,p50,144.30
169,1780554655323170560,1780554656323170560,Inter Token Latency,ms,p75,144.30
169,1780554655323170560,1780554656323170560,Inter Token Latency,ms,p90,144.30
169,1780554655323170560,1780554656323170560,Inter Token Latency,ms,p95,144.30
169,1780554655323170560,1780554656323170560,Inter Token Latency,ms,p99,144.30
169,1780554655323170560,1780554656323170560,Inter Token Latency,ms,std,0.00
169,1780554655323170560,1780554656323170560,Maximum Response Timestamp,ns,avg,1780554761141218560.00
169,1780554655323170560,1780554656323170560,Minimum Request Timestamp,ns,avg,1780554655705742336.00
169,1780554655323170560,1780554656323170560,OSL Mismatch Count,requests,avg,0.00
169,1780554655323170560,1780554656323170560,OSL Mismatch Diff %,%,avg,0.00
169,1780554655323170560,1780554656323170560,OSL Mismatch Diff %,%,min,0.00
169,1780554655323170560,1780554656323170560,OSL Mismatch Diff %,%,max,0.00
169,1780554655323170560,1780554656323170560,OSL Mismatch Diff %,%,sum,0.00
169,1780554655323170560,1780554656323170560,OSL Mismatch Diff %,%,p1,0.00
169,1780554655323170560,1780554656323170560,OSL Mismatch Diff %,%,p5,0.00
169,1780554655323170560,1780554656323170560,OSL Mismatch Diff %,%,p10,0.00
169,1780554655323170560,1780554656323170560,OSL Mismatch Diff %,%,p25,0.00
169,1780554655323170560,1780554656323170560,OSL Mismatch Diff %,%,p50,0.00
169,1780554655323170560,1780554656323170560,OSL Mismatch Diff %,%,p75,0.00
169,1780554655323170560,1780554656323170560,OSL Mismatch Diff %,%,p90,0.00
169,1780554655323170560,1780554656323170560,OSL Mismatch Diff %,%,p95,0.00
169,1780554655323170560,1780554656323170560,OSL Mismatch Diff %,%,p99,0.00
169,1780554655323170560,1780554656323170560,OSL Mismatch Diff %,%,std,0.00
169,1780554655323170560,1780554656323170560,Output Sequence Length,tokens,avg,719.00
169,1780554655323170560,1780554656323170560,Output Sequence Length,tokens,min,719.00
169,1780554655323170560,1780554656323170560,Output Sequence Length,tokens,max,719.00
169,1780554655323170560,1780554656323170560,Output Sequence Length,tokens,sum,719.00
169,1780554655323170560,1780554656323170560,Output Sequence Length,tokens,p1,719.00
169,1780554655323170560,1780554656323170560,Output Sequence Length,tokens,p5,719.00
169,1780554655323170560,1780554656323170560,Output Sequence Length,tokens,p10,719.00
169,1780554655323170560,1780554656323170560,Output Sequence Length,tokens,p25,719.00
169,1780554655323170560,1780554656323170560,Output Sequence Length,tokens,p50,719.00
169,1780554655323170560,1780554656323170560,Output Sequence Length,tokens,p75,719.00
169,1780554655323170560,1780554656323170560,Output Sequence Length,tokens,p90,719.00
169,1780554655323170560,1780554656323170560,Output Sequence Length,tokens,p95,719.00
169,1780554655323170560,1780554656323170560,Output Sequence Length,tokens,p99,719.00
169,1780554655323170560,1780554656323170560,Output Sequence Length,tokens,std,0.00
169,1780554655323170560,1780554656323170560,Output Token Count,tokens,avg,719.00
169,1780554655323170560,1780554656323170560,Output Token Count,tokens,min,719.00
169,1780554655323170560,1780554656323170560,Output Token Count,tokens,max,719.00
169,1780554655323170560,1780554656323170560,Output Token Count,tokens,sum,719.00
169,1780554655323170560,1780554656323170560,Output Token Count,tokens,p1,719.00
169,1780554655323170560,1780554656323170560,Output Token Count,tokens,p5,719.00
169,1780554655323170560,1780554656323170560,Output Token Count,tokens,p10,719.00
169,1780554655323170560,1780554656323170560,Output Token Count,tokens,p25,719.00
169,1780554655323170560,1780554656323170560,Output Token Count,tokens,p50,719.00
169,1780554655323170560,1780554656323170560,Output Token Count,tokens,p75,719.00
169,1780554655323170560,1780554656323170560,Output Token Count,tokens,p90,719.00
169,1780554655323170560,1780554656323170560,Output Token Count,tokens,p95,719.00
169,1780554655323170560,1780554656323170560,Output Token Count,tokens,p99,719.00
169,1780554655323170560,1780554656323170560,Output Token Count,tokens,std,0.00
169,1780554655323170560,1780554656323170560,Output Token Throughput,tokens/sec,avg,719.00
169,1780554655323170560,1780554656323170560,Output Token Throughput Per User,tokens/sec/user,avg,6.93
169,1780554655323170560,1780554656323170560,Output Token Throughput Per User,tokens/sec/user,min,6.93
169,1780554655323170560,1780554656323170560,Output Token Throughput Per User,tokens/sec/user,max,6.93
169,1780554655323170560,1780554656323170560,Output Token Throughput Per User,tokens/sec/user,sum,6.93
169,1780554655323170560,1780554656323170560,Output Token Throughput Per User,tokens/sec/user,p1,6.93
169,1780554655323170560,1780554656323170560,Output Token Throughput Per User,tokens/sec/user,p5,6.93
169,1780554655323170560,1780554656323170560,Output Token Throughput Per User,tokens/sec/user,p10,6.93
169,1780554655323170560,1780554656323170560,Output Token Throughput Per User,tokens/sec/user,p25,6.93
169,1780554655323170560,1780554656323170560,Output Token Throughput Per User,tokens/sec/user,p50,6.93
169,1780554655323170560,1780554656323170560,Output Token Throughput Per User,tokens/sec/user,p75,6.93
169,1780554655323170560,1780554656323170560,Output Token Throughput Per User,tokens/sec/user,p90,6.93
169,1780554655323170560,1780554656323170560,Output Token Throughput Per User,tokens/sec/user,p95,6.93
169,1780554655323170560,1780554656323170560,Output Token Throughput Per User,tokens/sec/user,p99,6.93
169,1780554655323170560,1780554656323170560,Output Token Throughput Per User,tokens/sec/user,std,0.00
169,1780554655323170560,1780554656323170560,Prefill Throughput Per User,tokens/sec/user,avg,26489.08
169,1780554655323170560,1780554656323170560,Prefill Throughput Per User,tokens/sec/user,min,26489.08
169,1780554655323170560,1780554656323170560,Prefill Throughput Per User,tokens/sec/user,max,26489.08
169,1780554655323170560,1780554656323170560,Prefill Throughput Per User,tokens/sec/user,sum,26489.08
169,1780554655323170560,1780554656323170560,Prefill Throughput Per User,tokens/sec/user,p1,26489.08
169,1780554655323170560,1780554656323170560,Prefill Throughput Per User,tokens/sec/user,p5,26489.08
169,1780554655323170560,1780554656323170560,Prefill Throughput Per User,tokens/sec/user,p10,26489.08
169,1780554655323170560,1780554656323170560,Prefill Throughput Per User,tokens/sec/user,p25,26489.08
169,1780554655323170560,1780554656323170560,Prefill Throughput Per User,tokens/sec/user,p50,26489.08
169,1780554655323170560,1780554656323170560,Prefill Throughput Per User,tokens/sec/user,p75,26489.08
169,1780554655323170560,1780554656323170560,Prefill Throughput Per User,tokens/sec/user,p90,26489.08
169,1780554655323170560,1780554656323170560,Prefill Throughput Per User,tokens/sec/user,p95,26489.08
169,1780554655323170560,1780554656323170560,Prefill Throughput Per User,tokens/sec/user,p99,26489.08
169,1780554655323170560,1780554656323170560,Prefill Throughput Per User,tokens/sec/user,std,0.00
169,1780554655323170560,1780554656323170560,Request Count,requests,avg,1.00
169,1780554655323170560,1780554656323170560,Request Latency,ms,avg,105435.48
169,1780554655323170560,1780554656323170560,Request Latency,ms,min,105435.48
169,1780554655323170560,1780554656323170560,Request Latency,ms,max,105435.48
169,1780554655323170560,1780554656323170560,Request Latency,ms,sum,105435.48
169,1780554655323170560,1780554656323170560,Request Latency,ms,p1,105435.48
169,1780554655323170560,1780554656323170560,Request Latency,ms,p5,105435.48
169,1780554655323170560,1780554656323170560,Request Latency,ms,p10,105435.48
169,1780554655323170560,1780554656323170560,Request Latency,ms,p25,105435.48
169,1780554655323170560,1780554656323170560,Request Latency,ms,p50,105435.48
169,1780554655323170560,1780554656323170560,Request Latency,ms,p75,105435.48
169,1780554655323170560,1780554656323170560,Request Latency,ms,p90,105435.48
169,1780554655323170560,1780554656323170560,Request Latency,ms,p95,105435.48
169,1780554655323170560,1780554656323170560,Request Latency,ms,p99,105435.48
169,1780554655323170560,1780554656323170560,Request Latency,ms,std,0.00
169,1780554655323170560,1780554656323170560,Request Throughput,requests/sec,avg,1.00
169,1780554655323170560,1780554656323170560,Requested OSL,tokens,avg,719.00
169,1780554655323170560,1780554656323170560,Requested OSL,tokens,min,719.00
169,1780554655323170560,1780554656323170560,Requested OSL,tokens,max,719.00
169,1780554655323170560,1780554656323170560,Requested OSL,tokens,sum,719.00
169,1780554655323170560,1780554656323170560,Requested OSL,tokens,p1,719.00
169,1780554655323170560,1780554656323170560,Requested OSL,tokens,p5,719.00
169,1780554655323170560,1780554656323170560,Requested OSL,tokens,p10,719.00
169,1780554655323170560,1780554656323170560,Requested OSL,tokens,p25,719.00
169,1780554655323170560,1780554656323170560,Requested OSL,tokens,p50,719.00
169,1780554655323170560,1780554656323170560,Requested OSL,tokens,p75,719.00
169,1780554655323170560,1780554656323170560,Requested OSL,tokens,p90,719.00
169,1780554655323170560,1780554656323170560,Requested OSL,tokens,p95,719.00
169,1780554655323170560,1780554656323170560,Requested OSL,tokens,p99,719.00
169,1780554655323170560,1780554656323170560,Requested OSL,tokens,std,0.00
169,1780554655323170560,1780554656323170560,Time to First Output Token,ms,avg,1825.36
169,1780554655323170560,1780554656323170560,Time to First Output Token,ms,min,1825.36
169,1780554655323170560,1780554656323170560,Time to First Output Token,ms,max,1825.36
169,1780554655323170560,1780554656323170560,Time to First Output Token,ms,sum,1825.36
169,1780554655323170560,1780554656323170560,Time to First Output Token,ms,p1,1825.36
169,1780554655323170560,1780554656323170560,Time to First Output Token,ms,p5,1825.36
169,1780554655323170560,1780554656323170560,Time to First Output Token,ms,p10,1825.36
169,1780554655323170560,1780554656323170560,Time to First Output Token,ms,p25,1825.36
169,1780554655323170560,1780554656323170560,Time to First Output Token,ms,p50,1825.36
169,1780554655323170560,1780554656323170560,Time to First Output Token,ms,p75,1825.36
169,1780554655323170560,1780554656323170560,Time to First Output Token,ms,p90,1825.36
169,1780554655323170560,1780554656323170560,Time to First Output Token,ms,p95,1825.36
169,1780554655323170560,1780554656323170560,Time to First Output Token,ms,p99,1825.36
169,1780554655323170560,1780554656323170560,Time to First Output Token,ms,std,0.00
169,1780554655323170560,1780554656323170560,Time to First Token,ms,avg,1825.36
169,1780554655323170560,1780554656323170560,Time to First Token,ms,min,1825.36
169,1780554655323170560,1780554656323170560,Time to First Token,ms,max,1825.36
169,1780554655323170560,1780554656323170560,Time to First Token,ms,sum,1825.36
169,1780554655323170560,1780554656323170560,Time to First Token,ms,p1,1825.36
169,1780554655323170560,1780554656323170560,Time to First Token,ms,p5,1825.36
169,1780554655323170560,1780554656323170560,Time to First Token,ms,p10,1825.36
169,1780554655323170560,1780554656323170560,Time to First Token,ms,p25,1825.36
169,1780554655323170560,1780554656323170560,Time to First Token,ms,p50,1825.36
169,1780554655323170560,1780554656323170560,Time to First Token,ms,p75,1825.36
169,1780554655323170560,1780554656323170560,Time to First Token,ms,p90,1825.36
169,1780554655323170560,1780554656323170560,Time to First Token,ms,p95,1825.36
169,1780554655323170560,1780554656323170560,Time to First Token,ms,p99,1825.36
169,1780554655323170560,1780554656323170560,Time to First Token,ms,std,0.00
169,1780554655323170560,1780554656323170560,Time to Second Token,ms,avg,23.16
169,1780554655323170560,1780554656323170560,Time to Second Token,ms,min,23.16
169,1780554655323170560,1780554656323170560,Time to Second Token,ms,max,23.16
169,1780554655323170560,1780554656323170560,Time to Second Token,ms,sum,23.16
169,1780554655323170560,1780554656323170560,Time to Second Token,ms,p1,23.16
169,1780554655323170560,1780554656323170560,Time to Second Token,ms,p5,23.16
169,1780554655323170560,1780554656323170560,Time to Second Token,ms,p10,23.16
169,1780554655323170560,1780554656323170560,Time to Second Token,ms,p25,23.16
169,1780554655323170560,1780554656323170560,Time to Second Token,ms,p50,23.16
169,1780554655323170560,1780554656323170560,Time to Second Token,ms,p75,23.16
169,1780554655323170560,1780554656323170560,Time to Second Token,ms,p90,23.16
169,1780554655323170560,1780554656323170560,Time to Second Token,ms,p95,23.16
169,1780554655323170560,1780554656323170560,Time to Second Token,ms,p99,23.16
169,1780554655323170560,1780554656323170560,Time to Second Token,ms,std,0.00
169,1780554655323170560,1780554656323170560,Tokens In Flight,tokens,avg,785924.63
169,1780554655323170560,1780554656323170560,Tokens In Flight,tokens,min,756060.90
169,1780554655323170560,1780554656323170560,Tokens In Flight,tokens,max,804431.26
169,1780554655323170560,1780554656323170560,Tokens In Flight,tokens,p50,804423.26
169,1780554655323170560,1780554656323170560,Tokens In Flight,tokens,p90,804429.26
169,1780554655323170560,1780554656323170560,Tokens In Flight,tokens,p95,804431.26
169,1780554655323170560,1780554656323170560,Tokens In Flight,tokens,p99,804431.26
169,1780554655323170560,1780554656323170560,Tokens In Flight,tokens,std,23503.87
169,1780554655323170560,1780554656323170560,Total Input Sequence Length,tokens,avg,48352.00
169,1780554655323170560,1780554656323170560,Total Output Sequence Length,tokens,avg,719.00
169,1780554655323170560,1780554656323170560,Total Output Tokens,tokens,avg,719.00
169,1780554655323170560,1780554656323170560,Total Token Throughput,tokens/sec,avg,49071.00
169,1780554655323170560,1780554656323170560,Total Usage Completion Tokens,tokens,avg,719.00
169,1780554655323170560,1780554656323170560,Total Usage Prompt Tokens,tokens,avg,48352.00
169,1780554655323170560,1780554656323170560,Total Usage Total Tokens,tokens,avg,49071.00
169,1780554655323170560,1780554656323170560,Usage Completion Tokens,tokens,avg,719.00
169,1780554655323170560,1780554656323170560,Usage Completion Tokens,tokens,min,719.00
169,1780554655323170560,1780554656323170560,Usage Completion Tokens,tokens,max,719.00
169,1780554655323170560,1780554656323170560,Usage Completion Tokens,tokens,sum,719.00
169,1780554655323170560,1780554656323170560,Usage Completion Tokens,tokens,p1,719.00
169,1780554655323170560,1780554656323170560,Usage Completion Tokens,tokens,p5,719.00
169,1780554655323170560,1780554656323170560,Usage Completion Tokens,tokens,p10,719.00
169,1780554655323170560,1780554656323170560,Usage Completion Tokens,tokens,p25,719.00
169,1780554655323170560,1780554656323170560,Usage Completion Tokens,tokens,p50,719.00
169,1780554655323170560,1780554656323170560,Usage Completion Tokens,tokens,p75,719.00
169,1780554655323170560,1780554656323170560,Usage Completion Tokens,tokens,p90,719.00
169,1780554655323170560,1780554656323170560,Usage Completion Tokens,tokens,p95,719.00
169,1780554655323170560,1780554656323170560,Usage Completion Tokens,tokens,p99,719.00
169,1780554655323170560,1780554656323170560,Usage Completion Tokens,tokens,std,0.00
169,1780554655323170560,1780554656323170560,Usage Prompt Tokens,tokens,avg,48352.00
169,1780554655323170560,1780554656323170560,Usage Prompt Tokens,tokens,min,48352.00
169,1780554655323170560,1780554656323170560,Usage Prompt Tokens,tokens,max,48352.00
169,1780554655323170560,1780554656323170560,Usage Prompt Tokens,tokens,sum,48352.00
169,1780554655323170560,1780554656323170560,Usage Prompt Tokens,tokens,p1,48352.00
169,1780554655323170560,1780554656323170560,Usage Prompt Tokens,tokens,p5,48352.00
169,1780554655323170560,1780554656323170560,Usage Prompt Tokens,tokens,p10,48352.00
169,1780554655323170560,1780554656323170560,Usage Prompt Tokens,tokens,p25,48352.00
169,1780554655323170560,1780554656323170560,Usage Prompt Tokens,tokens,p50,48352.00
169,1780554655323170560,1780554656323170560,Usage Prompt Tokens,tokens,p75,48352.00
169,1780554655323170560,1780554656323170560,Usage Prompt Tokens,tokens,p90,48352.00
169,1780554655323170560,1780554656323170560,Usage Prompt Tokens,tokens,p95,48352.00
169,1780554655323170560,1780554656323170560,Usage Prompt Tokens,tokens,p99,48352.00
169,1780554655323170560,1780554656323170560,Usage Prompt Tokens,tokens,std,0.00
169,1780554655323170560,1780554656323170560,Usage Total Tokens,tokens,avg,49071.00
169,1780554655323170560,1780554656323170560,Usage Total Tokens,tokens,min,49071.00
169,1780554655323170560,1780554656323170560,Usage Total Tokens,tokens,max,49071.00
169,1780554655323170560,1780554656323170560,Usage Total Tokens,tokens,sum,49071.00
169,1780554655323170560,1780554656323170560,Usage Total Tokens,tokens,p1,49071.00
169,1780554655323170560,1780554656323170560,Usage Total Tokens,tokens,p5,49071.00
169,1780554655323170560,1780554656323170560,Usage Total Tokens,tokens,p10,49071.00
169,1780554655323170560,1780554656323170560,Usage Total Tokens,tokens,p25,49071.00
169,1780554655323170560,1780554656323170560,Usage Total Tokens,tokens,p50,49071.00
169,1780554655323170560,1780554656323170560,Usage Total Tokens,tokens,p75,49071.00
169,1780554655323170560,1780554656323170560,Usage Total Tokens,tokens,p90,49071.00
169,1780554655323170560,1780554656323170560,Usage Total Tokens,tokens,p95,49071.00
169,1780554655323170560,1780554656323170560,Usage Total Tokens,tokens,p99,49071.00
169,1780554655323170560,1780554656323170560,Usage Total Tokens,tokens,std,0.00
170,1780554658323170560,1780554659323170560,Active Decode Throughput,tokens/sec,avg,36.97
170,1780554658323170560,1780554659323170560,Active Decode Throughput,tokens/sec,min,32.07
170,1780554658323170560,1780554659323170560,Active Decode Throughput,tokens/sec,max,41.88
170,1780554658323170560,1780554659323170560,Active Decode Throughput,tokens/sec,p50,36.97
170,1780554658323170560,1780554659323170560,Active Decode Throughput,tokens/sec,p90,36.97
170,1780554658323170560,1780554659323170560,Active Decode Throughput,tokens/sec,p95,36.97
170,1780554658323170560,1780554659323170560,Active Decode Throughput,tokens/sec,p99,36.98
170,1780554658323170560,1780554659323170560,Active Decode Throughput,tokens/sec,std,0.01
170,1780554658323170560,1780554659323170560,Active Decode Throughput Per User,tokens/sec/user,avg,3.76
170,1780554658323170560,1780554659323170560,Active Decode Throughput Per User,tokens/sec/user,min,3.21
170,1780554658323170560,1780554659323170560,Active Decode Throughput Per User,tokens/sec/user,max,4.19
170,1780554658323170560,1780554659323170560,Active Decode Throughput Per User,tokens/sec/user,p50,3.70
170,1780554658323170560,1780554659323170560,Active Decode Throughput Per User,tokens/sec/user,p90,4.11
170,1780554658323170560,1780554659323170560,Active Decode Throughput Per User,tokens/sec/user,p95,4.11
170,1780554658323170560,1780554659323170560,Active Decode Throughput Per User,tokens/sec/user,p99,4.11
170,1780554658323170560,1780554659323170560,Active Decode Throughput Per User,tokens/sec/user,std,0.15
170,1780554658323170560,1780554659323170560,Active Prefill Throughput,tokens/sec,avg,144023.00
170,1780554658323170560,1780554659323170560,Active Prefill Throughput,tokens/sec,min,144023.00
170,1780554658323170560,1780554659323170560,Active Prefill Throughput,tokens/sec,max,144023.00
170,1780554658323170560,1780554659323170560,Active Prefill Throughput,tokens/sec,p50,144023.00
170,1780554658323170560,1780554659323170560,Active Prefill Throughput,tokens/sec,p90,144023.00
170,1780554658323170560,1780554659323170560,Active Prefill Throughput,tokens/sec,p95,144023.00
170,1780554658323170560,1780554659323170560,Active Prefill Throughput,tokens/sec,p99,144023.00
170,1780554658323170560,1780554659323170560,Active Prefill Throughput,tokens/sec,std,0.00
170,1780554658323170560,1780554659323170560,Active Prefill Throughput Per User,tokens/sec/user,avg,144023.00
170,1780554658323170560,1780554659323170560,Active Prefill Throughput Per User,tokens/sec/user,min,144023.00
170,1780554658323170560,1780554659323170560,Active Prefill Throughput Per User,tokens/sec/user,max,144023.00
170,1780554658323170560,1780554659323170560,Active Prefill Throughput Per User,tokens/sec/user,p50,144023.00
170,1780554658323170560,1780554659323170560,Active Prefill Throughput Per User,tokens/sec/user,p90,144023.00
170,1780554658323170560,1780554659323170560,Active Prefill Throughput Per User,tokens/sec/user,p95,144023.00
170,1780554658323170560,1780554659323170560,Active Prefill Throughput Per User,tokens/sec/user,p99,144023.00
170,1780554658323170560,1780554659323170560,Active Prefill Throughput Per User,tokens/sec/user,std,0.00
170,1780554658323170560,1780554659323170560,Active Total Throughput,tokens/sec,avg,49779.28
170,1780554658323170560,1780554659323170560,Active Total Throughput,tokens/sec,min,99.92
170,1780554658323170560,1780554659323170560,Active Total Throughput,tokens/sec,max,144122.92
170,1780554658323170560,1780554659323170560,Active Total Throughput,tokens/sec,p50,99.92
170,1780554658323170560,1780554659323170560,Active Total Throughput,tokens/sec,p90,144122.92
170,1780554658323170560,1780554659323170560,Active Total Throughput,tokens/sec,p95,144122.92
170,1780554658323170560,1780554659323170560,Active Total Throughput,tokens/sec,p99,144122.92
170,1780554658323170560,1780554659323170560,Active Total Throughput,tokens/sec,std,68459.49
170,1780554658323170560,1780554659323170560,Benchmark Duration,sec,avg,9.95
170,1780554658323170560,1780554659323170560,E2E Output Token Throughput,tokens/sec/user,avg,11.35
170,1780554658323170560,1780554659323170560,E2E Output Token Throughput,tokens/sec/user,min,11.35
170,1780554658323170560,1780554659323170560,E2E Output Token Throughput,tokens/sec/user,max,11.35
170,1780554658323170560,1780554659323170560,E2E Output Token Throughput,tokens/sec/user,sum,11.35
170,1780554658323170560,1780554659323170560,E2E Output Token Throughput,tokens/sec/user,p1,11.35
170,1780554658323170560,1780554659323170560,E2E Output Token Throughput,tokens/sec/user,p5,11.35
170,1780554658323170560,1780554659323170560,E2E Output Token Throughput,tokens/sec/user,p10,11.35
170,1780554658323170560,1780554659323170560,E2E Output Token Throughput,tokens/sec/user,p25,11.35
170,1780554658323170560,1780554659323170560,E2E Output Token Throughput,tokens/sec/user,p50,11.35
170,1780554658323170560,1780554659323170560,E2E Output Token Throughput,tokens/sec/user,p75,11.35
170,1780554658323170560,1780554659323170560,E2E Output Token Throughput,tokens/sec/user,p90,11.35
170,1780554658323170560,1780554659323170560,E2E Output Token Throughput,tokens/sec/user,p95,11.35
170,1780554658323170560,1780554659323170560,E2E Output Token Throughput,tokens/sec/user,p99,11.35
170,1780554658323170560,1780554659323170560,E2E Output Token Throughput,tokens/sec/user,std,0.00
170,1780554658323170560,1780554659323170560,Effective Concurrency,requests,avg,10.18
170,1780554658323170560,1780554659323170560,Effective Concurrency,requests,min,10.00
170,1780554658323170560,1780554659323170560,Effective Concurrency,requests,max,11.00
170,1780554658323170560,1780554659323170560,Effective Concurrency,requests,p50,10.00
170,1780554658323170560,1780554659323170560,Effective Concurrency,requests,p90,11.00
170,1780554658323170560,1780554659323170560,Effective Concurrency,requests,p95,11.00
170,1780554658323170560,1780554659323170560,Effective Concurrency,requests,p99,11.00
170,1780554658323170560,1780554659323170560,Effective Concurrency,requests,std,0.39
170,1780554658323170560,1780554659323170560,Effective Decode Concurrency,requests,avg,9.84
170,1780554658323170560,1780554659323170560,Effective Decode Concurrency,requests,min,9.00
170,1780554658323170560,1780554659323170560,Effective Decode Concurrency,requests,max,10.00
170,1780554658323170560,1780554659323170560,Effective Decode Concurrency,requests,p50,10.00
170,1780554658323170560,1780554659323170560,Effective Decode Concurrency,requests,p90,10.00
170,1780554658323170560,1780554659323170560,Effective Decode Concurrency,requests,p95,10.00
170,1780554658323170560,1780554659323170560,Effective Decode Concurrency,requests,p99,10.00
170,1780554658323170560,1780554659323170560,Effective Decode Concurrency,requests,std,0.37
170,1780554658323170560,1780554659323170560,Effective Decode Throughput,tokens/sec,avg,36.97
170,1780554658323170560,1780554659323170560,Effective Decode Throughput,tokens/sec,min,32.07
170,1780554658323170560,1780554659323170560,Effective Decode Throughput,tokens/sec,max,41.88
170,1780554658323170560,1780554659323170560,Effective Decode Throughput,tokens/sec,p50,36.97
170,1780554658323170560,1780554659323170560,Effective Decode Throughput,tokens/sec,p90,36.97
170,1780554658323170560,1780554659323170560,Effective Decode Throughput,tokens/sec,p95,36.97
170,1780554658323170560,1780554659323170560,Effective Decode Throughput,tokens/sec,p99,36.98
170,1780554658323170560,1780554659323170560,Effective Decode Throughput,tokens/sec,std,0.01
170,1780554658323170560,1780554659323170560,Effective Decode Throughput Per User,tokens/sec/user,avg,3.76
170,1780554658323170560,1780554659323170560,Effective Decode Throughput Per User,tokens/sec/user,min,3.21
170,1780554658323170560,1780554659323170560,Effective Decode Throughput Per User,tokens/sec/user,max,4.19
170,1780554658323170560,1780554659323170560,Effective Decode Throughput Per User,tokens/sec/user,p50,3.70
170,1780554658323170560,1780554659323170560,Effective Decode Throughput Per User,tokens/sec/user,p90,4.11
170,1780554658323170560,1780554659323170560,Effective Decode Throughput Per User,tokens/sec/user,p95,4.11
170,1780554658323170560,1780554659323170560,Effective Decode Throughput Per User,tokens/sec/user,p99,4.11
170,1780554658323170560,1780554659323170560,Effective Decode Throughput Per User,tokens/sec/user,std,0.15
170,1780554658323170560,1780554659323170560,Effective Prefill Concurrency,requests,avg,0.34
170,1780554658323170560,1780554659323170560,Effective Prefill Concurrency,requests,min,0.00
170,1780554658323170560,1780554659323170560,Effective Prefill Concurrency,requests,max,1.00
170,1780554658323170560,1780554659323170560,Effective Prefill Concurrency,requests,p50,0.00
170,1780554658323170560,1780554659323170560,Effective Prefill Concurrency,requests,p90,1.00
170,1780554658323170560,1780554659323170560,Effective Prefill Concurrency,requests,p95,1.00
170,1780554658323170560,1780554659323170560,Effective Prefill Concurrency,requests,p99,1.00
170,1780554658323170560,1780554659323170560,Effective Prefill Concurrency,requests,std,0.48
170,1780554658323170560,1780554659323170560,Effective Prefill Throughput,tokens/sec,avg,49680.96
170,1780554658323170560,1780554659323170560,Effective Prefill Throughput,tokens/sec,min,0.00
170,1780554658323170560,1780554659323170560,Effective Prefill Throughput,tokens/sec,max,144023.00
170,1780554658323170560,1780554659323170560,Effective Prefill Throughput,tokens/sec,p50,0.00
170,1780554658323170560,1780554659323170560,Effective Prefill Throughput,tokens/sec,p90,144023.00
170,1780554658323170560,1780554659323170560,Effective Prefill Throughput,tokens/sec,p95,144023.00
170,1780554658323170560,1780554659323170560,Effective Prefill Throughput,tokens/sec,p99,144023.00
170,1780554658323170560,1780554659323170560,Effective Prefill Throughput,tokens/sec,std,68461.69
170,1780554658323170560,1780554659323170560,Effective Prefill Throughput Per User,tokens/sec/user,avg,49680.96
170,1780554658323170560,1780554659323170560,Effective Prefill Throughput Per User,tokens/sec/user,min,0.00
170,1780554658323170560,1780554659323170560,Effective Prefill Throughput Per User,tokens/sec/user,max,144023.00
170,1780554658323170560,1780554659323170560,Effective Prefill Throughput Per User,tokens/sec/user,p50,0.00
170,1780554658323170560,1780554659323170560,Effective Prefill Throughput Per User,tokens/sec/user,p90,144023.00
170,1780554658323170560,1780554659323170560,Effective Prefill Throughput Per User,tokens/sec/user,p95,144023.00
170,1780554658323170560,1780554659323170560,Effective Prefill Throughput Per User,tokens/sec/user,p99,144023.00
170,1780554658323170560,1780554659323170560,Effective Prefill Throughput Per User,tokens/sec/user,std,68461.69
170,1780554658323170560,1780554659323170560,Effective Total Throughput,tokens/sec,avg,49779.28
170,1780554658323170560,1780554659323170560,Effective Total Throughput,tokens/sec,min,99.92
170,1780554658323170560,1780554659323170560,Effective Total Throughput,tokens/sec,max,144122.92
170,1780554658323170560,1780554659323170560,Effective Total Throughput,tokens/sec,p50,99.92
170,1780554658323170560,1780554659323170560,Effective Total Throughput,tokens/sec,p90,144122.92
170,1780554658323170560,1780554659323170560,Effective Total Throughput,tokens/sec,p95,144122.92
170,1780554658323170560,1780554659323170560,Effective Total Throughput,tokens/sec,p99,144122.92
170,1780554658323170560,1780554659323170560,Effective Total Throughput,tokens/sec,std,68459.49
170,1780554658323170560,1780554659323170560,HTTP Blocked,ms,avg,0.00
170,1780554658323170560,1780554659323170560,HTTP Blocked,ms,min,0.00
170,1780554658323170560,1780554659323170560,HTTP Blocked,ms,max,0.00
170,1780554658323170560,1780554659323170560,HTTP Blocked,ms,sum,0.00
170,1780554658323170560,1780554659323170560,HTTP Blocked,ms,p1,0.00
170,1780554658323170560,1780554659323170560,HTTP Blocked,ms,p5,0.00
170,1780554658323170560,1780554659323170560,HTTP Blocked,ms,p10,0.00
170,1780554658323170560,1780554659323170560,HTTP Blocked,ms,p25,0.00
170,1780554658323170560,1780554659323170560,HTTP Blocked,ms,p50,0.00
170,1780554658323170560,1780554659323170560,HTTP Blocked,ms,p75,0.00
170,1780554658323170560,1780554659323170560,HTTP Blocked,ms,p90,0.00
170,1780554658323170560,1780554659323170560,HTTP Blocked,ms,p95,0.00
170,1780554658323170560,1780554659323170560,HTTP Blocked,ms,p99,0.00
170,1780554658323170560,1780554659323170560,HTTP Blocked,ms,std,0.00
170,1780554658323170560,1780554659323170560,HTTP Chunks Received,count,avg,113.00
170,1780554658323170560,1780554659323170560,HTTP Chunks Received,count,min,113.00
170,1780554658323170560,1780554659323170560,HTTP Chunks Received,count,max,113.00
170,1780554658323170560,1780554659323170560,HTTP Chunks Received,count,sum,113.00
170,1780554658323170560,1780554659323170560,HTTP Chunks Received,count,p1,113.00
170,1780554658323170560,1780554659323170560,HTTP Chunks Received,count,p5,113.00
170,1780554658323170560,1780554659323170560,HTTP Chunks Received,count,p10,113.00
170,1780554658323170560,1780554659323170560,HTTP Chunks Received,count,p25,113.00
170,1780554658323170560,1780554659323170560,HTTP Chunks Received,count,p50,113.00
170,1780554658323170560,1780554659323170560,HTTP Chunks Received,count,p75,113.00
170,1780554658323170560,1780554659323170560,HTTP Chunks Received,count,p90,113.00
170,1780554658323170560,1780554659323170560,HTTP Chunks Received,count,p95,113.00
170,1780554658323170560,1780554659323170560,HTTP Chunks Received,count,p99,113.00
170,1780554658323170560,1780554659323170560,HTTP Chunks Received,count,std,0.00
170,1780554658323170560,1780554659323170560,HTTP Chunks Sent,count,avg,1.00
170,1780554658323170560,1780554659323170560,HTTP Chunks Sent,count,min,1.00
170,1780554658323170560,1780554659323170560,HTTP Chunks Sent,count,max,1.00
170,1780554658323170560,1780554659323170560,HTTP Chunks Sent,count,sum,1.00
170,1780554658323170560,1780554659323170560,HTTP Chunks Sent,count,p1,1.00
170,1780554658323170560,1780554659323170560,HTTP Chunks Sent,count,p5,1.00
170,1780554658323170560,1780554659323170560,HTTP Chunks Sent,count,p10,1.00
170,1780554658323170560,1780554659323170560,HTTP Chunks Sent,count,p25,1.00
170,1780554658323170560,1780554659323170560,HTTP Chunks Sent,count,p50,1.00
170,1780554658323170560,1780554659323170560,HTTP Chunks Sent,count,p75,1.00
170,1780554658323170560,1780554659323170560,HTTP Chunks Sent,count,p90,1.00
170,1780554658323170560,1780554659323170560,HTTP Chunks Sent,count,p95,1.00
170,1780554658323170560,1780554659323170560,HTTP Chunks Sent,count,p99,1.00
170,1780554658323170560,1780554659323170560,HTTP Chunks Sent,count,std,0.00
170,1780554658323170560,1780554659323170560,HTTP Connecting,ms,avg,1.11
170,1780554658323170560,1780554659323170560,HTTP Connecting,ms,min,1.11
170,1780554658323170560,1780554659323170560,HTTP Connecting,ms,max,1.11
170,1780554658323170560,1780554659323170560,HTTP Connecting,ms,sum,1.11
170,1780554658323170560,1780554659323170560,HTTP Connecting,ms,p1,1.11
170,1780554658323170560,1780554659323170560,HTTP Connecting,ms,p5,1.11
170,1780554658323170560,1780554659323170560,HTTP Connecting,ms,p10,1.11
170,1780554658323170560,1780554659323170560,HTTP Connecting,ms,p25,1.11
170,1780554658323170560,1780554659323170560,HTTP Connecting,ms,p50,1.11
170,1780554658323170560,1780554659323170560,HTTP Connecting,ms,p75,1.11
170,1780554658323170560,1780554659323170560,HTTP Connecting,ms,p90,1.11
170,1780554658323170560,1780554659323170560,HTTP Connecting,ms,p95,1.11
170,1780554658323170560,1780554659323170560,HTTP Connecting,ms,p99,1.11
170,1780554658323170560,1780554659323170560,HTTP Connecting,ms,std,0.00
170,1780554658323170560,1780554659323170560,HTTP Connection Overhead,ms,avg,1.59
170,1780554658323170560,1780554659323170560,HTTP Connection Overhead,ms,min,1.59
170,1780554658323170560,1780554659323170560,HTTP Connection Overhead,ms,max,1.59
170,1780554658323170560,1780554659323170560,HTTP Connection Overhead,ms,sum,1.59
170,1780554658323170560,1780554659323170560,HTTP Connection Overhead,ms,p1,1.59
170,1780554658323170560,1780554659323170560,HTTP Connection Overhead,ms,p5,1.59
170,1780554658323170560,1780554659323170560,HTTP Connection Overhead,ms,p10,1.59
170,1780554658323170560,1780554659323170560,HTTP Connection Overhead,ms,p25,1.59
170,1780554658323170560,1780554659323170560,HTTP Connection Overhead,ms,p50,1.59
170,1780554658323170560,1780554659323170560,HTTP Connection Overhead,ms,p75,1.59
170,1780554658323170560,1780554659323170560,HTTP Connection Overhead,ms,p90,1.59
170,1780554658323170560,1780554659323170560,HTTP Connection Overhead,ms,p95,1.59
170,1780554658323170560,1780554659323170560,HTTP Connection Overhead,ms,p99,1.59
170,1780554658323170560,1780554659323170560,HTTP Connection Overhead,ms,std,0.00
170,1780554658323170560,1780554659323170560,HTTP Connection Reused,ratio,avg,0.00
170,1780554658323170560,1780554659323170560,HTTP Connection Reused,ratio,min,0.00
170,1780554658323170560,1780554659323170560,HTTP Connection Reused,ratio,max,0.00
170,1780554658323170560,1780554659323170560,HTTP Connection Reused,ratio,sum,0.00
170,1780554658323170560,1780554659323170560,HTTP Connection Reused,ratio,p1,0.00
170,1780554658323170560,1780554659323170560,HTTP Connection Reused,ratio,p5,0.00
170,1780554658323170560,1780554659323170560,HTTP Connection Reused,ratio,p10,0.00
170,1780554658323170560,1780554659323170560,HTTP Connection Reused,ratio,p25,0.00
170,1780554658323170560,1780554659323170560,HTTP Connection Reused,ratio,p50,0.00
170,1780554658323170560,1780554659323170560,HTTP Connection Reused,ratio,p75,0.00
170,1780554658323170560,1780554659323170560,HTTP Connection Reused,ratio,p90,0.00
170,1780554658323170560,1780554659323170560,HTTP Connection Reused,ratio,p95,0.00
170,1780554658323170560,1780554659323170560,HTTP Connection Reused,ratio,p99,0.00
170,1780554658323170560,1780554659323170560,HTTP Connection Reused,ratio,std,0.00
170,1780554658323170560,1780554659323170560,HTTP Data Received,KB,avg,28.77
170,1780554658323170560,1780554659323170560,HTTP Data Received,KB,min,28.77
170,1780554658323170560,1780554659323170560,HTTP Data Received,KB,max,28.77
170,1780554658323170560,1780554659323170560,HTTP Data Received,KB,sum,28.77
170,1780554658323170560,1780554659323170560,HTTP Data Received,KB,p1,28.77
170,1780554658323170560,1780554659323170560,HTTP Data Received,KB,p5,28.77
170,1780554658323170560,1780554659323170560,HTTP Data Received,KB,p10,28.77
170,1780554658323170560,1780554659323170560,HTTP Data Received,KB,p25,28.77
170,1780554658323170560,1780554659323170560,HTTP Data Received,KB,p50,28.77
170,1780554658323170560,1780554659323170560,HTTP Data Received,KB,p75,28.77
170,1780554658323170560,1780554659323170560,HTTP Data Received,KB,p90,28.77
170,1780554658323170560,1780554659323170560,HTTP Data Received,KB,p95,28.77
170,1780554658323170560,1780554659323170560,HTTP Data Received,KB,p99,28.77
170,1780554658323170560,1780554659323170560,HTTP Data Received,KB,std,0.00
170,1780554658323170560,1780554659323170560,HTTP Data Sent,KB,avg,485.74
170,1780554658323170560,1780554659323170560,HTTP Data Sent,KB,min,485.74
170,1780554658323170560,1780554659323170560,HTTP Data Sent,KB,max,485.74
170,1780554658323170560,1780554659323170560,HTTP Data Sent,KB,sum,485.74
170,1780554658323170560,1780554659323170560,HTTP Data Sent,KB,p1,485.74
170,1780554658323170560,1780554659323170560,HTTP Data Sent,KB,p5,485.74
170,1780554658323170560,1780554659323170560,HTTP Data Sent,KB,p10,485.74
170,1780554658323170560,1780554659323170560,HTTP Data Sent,KB,p25,485.74
170,1780554658323170560,1780554659323170560,HTTP Data Sent,KB,p50,485.74
170,1780554658323170560,1780554659323170560,HTTP Data Sent,KB,p75,485.74
170,1780554658323170560,1780554659323170560,HTTP Data Sent,KB,p90,485.74
170,1780554658323170560,1780554659323170560,HTTP Data Sent,KB,p95,485.74
170,1780554658323170560,1780554659323170560,HTTP Data Sent,KB,p99,485.74
170,1780554658323170560,1780554659323170560,HTTP Data Sent,KB,std,0.00
170,1780554658323170560,1780554659323170560,HTTP DNS Lookup,ms,avg,0.48
170,1780554658323170560,1780554659323170560,HTTP DNS Lookup,ms,min,0.48
170,1780554658323170560,1780554659323170560,HTTP DNS Lookup,ms,max,0.48
170,1780554658323170560,1780554659323170560,HTTP DNS Lookup,ms,sum,0.48
170,1780554658323170560,1780554659323170560,HTTP DNS Lookup,ms,p1,0.48
170,1780554658323170560,1780554659323170560,HTTP DNS Lookup,ms,p5,0.48
170,1780554658323170560,1780554659323170560,HTTP DNS Lookup,ms,p10,0.48
170,1780554658323170560,1780554659323170560,HTTP DNS Lookup,ms,p25,0.48
170,1780554658323170560,1780554659323170560,HTTP DNS Lookup,ms,p50,0.48
170,1780554658323170560,1780554659323170560,HTTP DNS Lookup,ms,p75,0.48
170,1780554658323170560,1780554659323170560,HTTP DNS Lookup,ms,p90,0.48
170,1780554658323170560,1780554659323170560,HTTP DNS Lookup,ms,p95,0.48
170,1780554658323170560,1780554659323170560,HTTP DNS Lookup,ms,p99,0.48
170,1780554658323170560,1780554659323170560,HTTP DNS Lookup,ms,std,0.00
170,1780554658323170560,1780554659323170560,HTTP Duration (excl. conn),ms,avg,9951.97
170,1780554658323170560,1780554659323170560,HTTP Duration (excl. conn),ms,min,9951.97
170,1780554658323170560,1780554659323170560,HTTP Duration (excl. conn),ms,max,9951.97
170,1780554658323170560,1780554659323170560,HTTP Duration (excl. conn),ms,sum,9951.97
170,1780554658323170560,1780554659323170560,HTTP Duration (excl. conn),ms,p1,9951.97
170,1780554658323170560,1780554659323170560,HTTP Duration (excl. conn),ms,p5,9951.97
170,1780554658323170560,1780554659323170560,HTTP Duration (excl. conn),ms,p10,9951.97
170,1780554658323170560,1780554659323170560,HTTP Duration (excl. conn),ms,p25,9951.97
170,1780554658323170560,1780554659323170560,HTTP Duration (excl. conn),ms,p50,9951.97
170,1780554658323170560,1780554659323170560,HTTP Duration (excl. conn),ms,p75,9951.97
170,1780554658323170560,1780554659323170560,HTTP Duration (excl. conn),ms,p90,9951.97
170,1780554658323170560,1780554659323170560,HTTP Duration (excl. conn),ms,p95,9951.97
170,1780554658323170560,1780554659323170560,HTTP Duration (excl. conn),ms,p99,9951.97
170,1780554658323170560,1780554659323170560,HTTP Duration (excl. conn),ms,std,0.00
170,1780554658323170560,1780554659323170560,HTTP Receiving,ms,avg,9088.24
170,1780554658323170560,1780554659323170560,HTTP Receiving,ms,min,9088.24
170,1780554658323170560,1780554659323170560,HTTP Receiving,ms,max,9088.24
170,1780554658323170560,1780554659323170560,HTTP Receiving,ms,sum,9088.24
170,1780554658323170560,1780554659323170560,HTTP Receiving,ms,p1,9088.24
170,1780554658323170560,1780554659323170560,HTTP Receiving,ms,p5,9088.24
170,1780554658323170560,1780554659323170560,HTTP Receiving,ms,p10,9088.24
170,1780554658323170560,1780554659323170560,HTTP Receiving,ms,p25,9088.24
170,1780554658323170560,1780554659323170560,HTTP Receiving,ms,p50,9088.24
170,1780554658323170560,1780554659323170560,HTTP Receiving,ms,p75,9088.24
170,1780554658323170560,1780554659323170560,HTTP Receiving,ms,p90,9088.24
170,1780554658323170560,1780554659323170560,HTTP Receiving,ms,p95,9088.24
170,1780554658323170560,1780554659323170560,HTTP Receiving,ms,p99,9088.24
170,1780554658323170560,1780554659323170560,HTTP Receiving,ms,std,0.00
170,1780554658323170560,1780554659323170560,HTTP Sending,ms,avg,1.41
170,1780554658323170560,1780554659323170560,HTTP Sending,ms,min,1.41
170,1780554658323170560,1780554659323170560,HTTP Sending,ms,max,1.41
170,1780554658323170560,1780554659323170560,HTTP Sending,ms,sum,1.41
170,1780554658323170560,1780554659323170560,HTTP Sending,ms,p1,1.41
170,1780554658323170560,1780554659323170560,HTTP Sending,ms,p5,1.41
170,1780554658323170560,1780554659323170560,HTTP Sending,ms,p10,1.41
170,1780554658323170560,1780554659323170560,HTTP Sending,ms,p25,1.41
170,1780554658323170560,1780554659323170560,HTTP Sending,ms,p50,1.41
170,1780554658323170560,1780554659323170560,HTTP Sending,ms,p75,1.41
170,1780554658323170560,1780554659323170560,HTTP Sending,ms,p90,1.41
170,1780554658323170560,1780554659323170560,HTTP Sending,ms,p95,1.41
170,1780554658323170560,1780554659323170560,HTTP Sending,ms,p99,1.41
170,1780554658323170560,1780554659323170560,HTTP Sending,ms,std,0.00
170,1780554658323170560,1780554659323170560,HTTP Total Time,ms,avg,9953.55
170,1780554658323170560,1780554659323170560,HTTP Total Time,ms,min,9953.55
170,1780554658323170560,1780554659323170560,HTTP Total Time,ms,max,9953.55
170,1780554658323170560,1780554659323170560,HTTP Total Time,ms,sum,9953.55
170,1780554658323170560,1780554659323170560,HTTP Total Time,ms,p1,9953.55
170,1780554658323170560,1780554659323170560,HTTP Total Time,ms,p5,9953.55
170,1780554658323170560,1780554659323170560,HTTP Total Time,ms,p10,9953.55
170,1780554658323170560,1780554659323170560,HTTP Total Time,ms,p25,9953.55
170,1780554658323170560,1780554659323170560,HTTP Total Time,ms,p50,9953.55
170,1780554658323170560,1780554659323170560,HTTP Total Time,ms,p75,9953.55
170,1780554658323170560,1780554659323170560,HTTP Total Time,ms,p90,9953.55
170,1780554658323170560,1780554659323170560,HTTP Total Time,ms,p95,9953.55
170,1780554658323170560,1780554659323170560,HTTP Total Time,ms,p99,9953.55
170,1780554658323170560,1780554659323170560,HTTP Total Time,ms,std,0.00
170,1780554658323170560,1780554659323170560,HTTP Waiting (TTFB),ms,avg,862.31
170,1780554658323170560,1780554659323170560,HTTP Waiting (TTFB),ms,min,862.31
170,1780554658323170560,1780554659323170560,HTTP Waiting (TTFB),ms,max,862.31
170,1780554658323170560,1780554659323170560,HTTP Waiting (TTFB),ms,sum,862.31
170,1780554658323170560,1780554659323170560,HTTP Waiting (TTFB),ms,p1,862.31
170,1780554658323170560,1780554659323170560,HTTP Waiting (TTFB),ms,p5,862.31
170,1780554658323170560,1780554659323170560,HTTP Waiting (TTFB),ms,p10,862.31
170,1780554658323170560,1780554659323170560,HTTP Waiting (TTFB),ms,p25,862.31
170,1780554658323170560,1780554659323170560,HTTP Waiting (TTFB),ms,p50,862.31
170,1780554658323170560,1780554659323170560,HTTP Waiting (TTFB),ms,p75,862.31
170,1780554658323170560,1780554659323170560,HTTP Waiting (TTFB),ms,p90,862.31
170,1780554658323170560,1780554659323170560,HTTP Waiting (TTFB),ms,p95,862.31
170,1780554658323170560,1780554659323170560,HTTP Waiting (TTFB),ms,p99,862.31
170,1780554658323170560,1780554659323170560,HTTP Waiting (TTFB),ms,std,0.00
170,1780554658323170560,1780554659323170560,Input Sequence Length,tokens,avg,124415.00
170,1780554658323170560,1780554659323170560,Input Sequence Length,tokens,min,124415.00
170,1780554658323170560,1780554659323170560,Input Sequence Length,tokens,max,124415.00
170,1780554658323170560,1780554659323170560,Input Sequence Length,tokens,sum,124415.00
170,1780554658323170560,1780554659323170560,Input Sequence Length,tokens,p1,124415.00
170,1780554658323170560,1780554659323170560,Input Sequence Length,tokens,p5,124415.00
170,1780554658323170560,1780554659323170560,Input Sequence Length,tokens,p10,124415.00
170,1780554658323170560,1780554659323170560,Input Sequence Length,tokens,p25,124415.00
170,1780554658323170560,1780554659323170560,Input Sequence Length,tokens,p50,124415.00
170,1780554658323170560,1780554659323170560,Input Sequence Length,tokens,p75,124415.00
170,1780554658323170560,1780554659323170560,Input Sequence Length,tokens,p90,124415.00
170,1780554658323170560,1780554659323170560,Input Sequence Length,tokens,p95,124415.00
170,1780554658323170560,1780554659323170560,Input Sequence Length,tokens,p99,124415.00
170,1780554658323170560,1780554659323170560,Input Sequence Length,tokens,std,0.00
170,1780554658323170560,1780554659323170560,Input Token Throughput,tokens/sec,avg,124415.00
170,1780554658323170560,1780554659323170560,Inter Chunk Latency,ms,avg,611.93
170,1780554658323170560,1780554659323170560,Inter Chunk Latency,ms,min,603.89
170,1780554658323170560,1780554659323170560,Inter Chunk Latency,ms,max,620.11
170,1780554658323170560,1780554659323170560,Inter Chunk Latency,ms,sum,68535.88
170,1780554658323170560,1780554659323170560,Inter Chunk Latency,ms,p1,603.91
170,1780554658323170560,1780554659323170560,Inter Chunk Latency,ms,p5,603.92
170,1780554658323170560,1780554659323170560,Inter Chunk Latency,ms,p10,605.28
170,1780554658323170560,1780554659323170560,Inter Chunk Latency,ms,p25,606.67
170,1780554658323170560,1780554659323170560,Inter Chunk Latency,ms,p50,611.71
170,1780554658323170560,1780554659323170560,Inter Chunk Latency,ms,p75,617.82
170,1780554658323170560,1780554659323170560,Inter Chunk Latency,ms,p90,618.63
170,1780554658323170560,1780554659323170560,Inter Chunk Latency,ms,p95,618.91
170,1780554658323170560,1780554659323170560,Inter Chunk Latency,ms,p99,619.19
170,1780554658323170560,1780554659323170560,Inter Chunk Latency,ms,std,5.45
170,1780554658323170560,1780554659323170560,Inter Token Latency,ms,avg,81.14
170,1780554658323170560,1780554659323170560,Inter Token Latency,ms,min,81.14
170,1780554658323170560,1780554659323170560,Inter Token Latency,ms,max,81.14
170,1780554658323170560,1780554659323170560,Inter Token Latency,ms,sum,81.14
170,1780554658323170560,1780554659323170560,Inter Token Latency,ms,p1,81.14
170,1780554658323170560,1780554659323170560,Inter Token Latency,ms,p5,81.14
170,1780554658323170560,1780554659323170560,Inter Token Latency,ms,p10,81.14
170,1780554658323170560,1780554659323170560,Inter Token Latency,ms,p25,81.14
170,1780554658323170560,1780554659323170560,Inter Token Latency,ms,p50,81.14
170,1780554658323170560,1780554659323170560,Inter Token Latency,ms,p75,81.14
170,1780554658323170560,1780554659323170560,Inter Token Latency,ms,p90,81.14
170,1780554658323170560,1780554659323170560,Inter Token Latency,ms,p95,81.14
170,1780554658323170560,1780554659323170560,Inter Token Latency,ms,p99,81.14
170,1780554658323170560,1780554659323170560,Inter Token Latency,ms,std,0.00
170,1780554658323170560,1780554659323170560,Maximum Response Timestamp,ns,avg,1780554668930309376.00
170,1780554658323170560,1780554659323170560,Minimum Request Timestamp,ns,avg,1780554658978219008.00
170,1780554658323170560,1780554659323170560,OSL Mismatch Count,requests,avg,0.00
170,1780554658323170560,1780554659323170560,OSL Mismatch Diff %,%,avg,0.00
170,1780554658323170560,1780554659323170560,OSL Mismatch Diff %,%,min,0.00
170,1780554658323170560,1780554659323170560,OSL Mismatch Diff %,%,max,0.00
170,1780554658323170560,1780554659323170560,OSL Mismatch Diff %,%,sum,0.00
170,1780554658323170560,1780554659323170560,OSL Mismatch Diff %,%,p1,0.00
170,1780554658323170560,1780554659323170560,OSL Mismatch Diff %,%,p5,0.00
170,1780554658323170560,1780554659323170560,OSL Mismatch Diff %,%,p10,0.00
170,1780554658323170560,1780554659323170560,OSL Mismatch Diff %,%,p25,0.00
170,1780554658323170560,1780554659323170560,OSL Mismatch Diff %,%,p50,0.00
170,1780554658323170560,1780554659323170560,OSL Mismatch Diff %,%,p75,0.00
170,1780554658323170560,1780554659323170560,OSL Mismatch Diff %,%,p90,0.00
170,1780554658323170560,1780554659323170560,OSL Mismatch Diff %,%,p95,0.00
170,1780554658323170560,1780554659323170560,OSL Mismatch Diff %,%,p99,0.00
170,1780554658323170560,1780554659323170560,OSL Mismatch Diff %,%,std,0.00
170,1780554658323170560,1780554659323170560,Output Sequence Length,tokens,avg,113.00
170,1780554658323170560,1780554659323170560,Output Sequence Length,tokens,min,113.00
170,1780554658323170560,1780554659323170560,Output Sequence Length,tokens,max,113.00
170,1780554658323170560,1780554659323170560,Output Sequence Length,tokens,sum,113.00
170,1780554658323170560,1780554659323170560,Output Sequence Length,tokens,p1,113.00
170,1780554658323170560,1780554659323170560,Output Sequence Length,tokens,p5,113.00
170,1780554658323170560,1780554659323170560,Output Sequence Length,tokens,p10,113.00
170,1780554658323170560,1780554659323170560,Output Sequence Length,tokens,p25,113.00
170,1780554658323170560,1780554659323170560,Output Sequence Length,tokens,p50,113.00
170,1780554658323170560,1780554659323170560,Output Sequence Length,tokens,p75,113.00
170,1780554658323170560,1780554659323170560,Output Sequence Length,tokens,p90,113.00
170,1780554658323170560,1780554659323170560,Output Sequence Length,tokens,p95,113.00
170,1780554658323170560,1780554659323170560,Output Sequence Length,tokens,p99,113.00
170,1780554658323170560,1780554659323170560,Output Sequence Length,tokens,std,0.00
170,1780554658323170560,1780554659323170560,Output Token Count,tokens,avg,113.00
170,1780554658323170560,1780554659323170560,Output Token Count,tokens,min,113.00
170,1780554658323170560,1780554659323170560,Output Token Count,tokens,max,113.00
170,1780554658323170560,1780554659323170560,Output Token Count,tokens,sum,113.00
170,1780554658323170560,1780554659323170560,Output Token Count,tokens,p1,113.00
170,1780554658323170560,1780554659323170560,Output Token Count,tokens,p5,113.00
170,1780554658323170560,1780554659323170560,Output Token Count,tokens,p10,113.00
170,1780554658323170560,1780554659323170560,Output Token Count,tokens,p25,113.00
170,1780554658323170560,1780554659323170560,Output Token Count,tokens,p50,113.00
170,1780554658323170560,1780554659323170560,Output Token Count,tokens,p75,113.00
170,1780554658323170560,1780554659323170560,Output Token Count,tokens,p90,113.00
170,1780554658323170560,1780554659323170560,Output Token Count,tokens,p95,113.00
170,1780554658323170560,1780554659323170560,Output Token Count,tokens,p99,113.00
170,1780554658323170560,1780554659323170560,Output Token Count,tokens,std,0.00
170,1780554658323170560,1780554659323170560,Output Token Throughput,tokens/sec,avg,113.00
170,1780554658323170560,1780554659323170560,Output Token Throughput Per User,tokens/sec/user,avg,12.32
170,1780554658323170560,1780554659323170560,Output Token Throughput Per User,tokens/sec/user,min,12.32
170,1780554658323170560,1780554659323170560,Output Token Throughput Per User,tokens/sec/user,max,12.32
170,1780554658323170560,1780554659323170560,Output Token Throughput Per User,tokens/sec/user,sum,12.32
170,1780554658323170560,1780554659323170560,Output Token Throughput Per User,tokens/sec/user,p1,12.32
170,1780554658323170560,1780554659323170560,Output Token Throughput Per User,tokens/sec/user,p5,12.32
170,1780554658323170560,1780554659323170560,Output Token Throughput Per User,tokens/sec/user,p10,12.32
170,1780554658323170560,1780554659323170560,Output Token Throughput Per User,tokens/sec/user,p25,12.32
170,1780554658323170560,1780554659323170560,Output Token Throughput Per User,tokens/sec/user,p50,12.32
170,1780554658323170560,1780554659323170560,Output Token Throughput Per User,tokens/sec/user,p75,12.32
170,1780554658323170560,1780554659323170560,Output Token Throughput Per User,tokens/sec/user,p90,12.32
170,1780554658323170560,1780554659323170560,Output Token Throughput Per User,tokens/sec/user,p95,12.32
170,1780554658323170560,1780554659323170560,Output Token Throughput Per User,tokens/sec/user,p99,12.32
170,1780554658323170560,1780554659323170560,Output Token Throughput Per User,tokens/sec/user,std,0.00
170,1780554658323170560,1780554659323170560,Prefill Throughput Per User,tokens/sec/user,avg,144022.98
170,1780554658323170560,1780554659323170560,Prefill Throughput Per User,tokens/sec/user,min,144022.98
170,1780554658323170560,1780554659323170560,Prefill Throughput Per User,tokens/sec/user,max,144022.98
170,1780554658323170560,1780554659323170560,Prefill Throughput Per User,tokens/sec/user,sum,144022.98
170,1780554658323170560,1780554659323170560,Prefill Throughput Per User,tokens/sec/user,p1,144022.98
170,1780554658323170560,1780554659323170560,Prefill Throughput Per User,tokens/sec/user,p5,144022.98
170,1780554658323170560,1780554659323170560,Prefill Throughput Per User,tokens/sec/user,p10,144022.98
170,1780554658323170560,1780554659323170560,Prefill Throughput Per User,tokens/sec/user,p25,144022.98
170,1780554658323170560,1780554659323170560,Prefill Throughput Per User,tokens/sec/user,p50,144022.98
170,1780554658323170560,1780554659323170560,Prefill Throughput Per User,tokens/sec/user,p75,144022.98
170,1780554658323170560,1780554659323170560,Prefill Throughput Per User,tokens/sec/user,p90,144022.98
170,1780554658323170560,1780554659323170560,Prefill Throughput Per User,tokens/sec/user,p95,144022.98
170,1780554658323170560,1780554659323170560,Prefill Throughput Per User,tokens/sec/user,p99,144022.98
170,1780554658323170560,1780554659323170560,Prefill Throughput Per User,tokens/sec/user,std,0.00
170,1780554658323170560,1780554659323170560,Request Count,requests,avg,1.00
170,1780554658323170560,1780554659323170560,Request Latency,ms,avg,9952.09
170,1780554658323170560,1780554659323170560,Request Latency,ms,min,9952.09
170,1780554658323170560,1780554659323170560,Request Latency,ms,max,9952.09
170,1780554658323170560,1780554659323170560,Request Latency,ms,sum,9952.09
170,1780554658323170560,1780554659323170560,Request Latency,ms,p1,9952.09
170,1780554658323170560,1780554659323170560,Request Latency,ms,p5,9952.09
170,1780554658323170560,1780554659323170560,Request Latency,ms,p10,9952.09
170,1780554658323170560,1780554659323170560,Request Latency,ms,p25,9952.09
170,1780554658323170560,1780554659323170560,Request Latency,ms,p50,9952.09
170,1780554658323170560,1780554659323170560,Request Latency,ms,p75,9952.09
170,1780554658323170560,1780554659323170560,Request Latency,ms,p90,9952.09
170,1780554658323170560,1780554659323170560,Request Latency,ms,p95,9952.09
170,1780554658323170560,1780554659323170560,Request Latency,ms,p99,9952.09
170,1780554658323170560,1780554659323170560,Request Latency,ms,std,0.00
170,1780554658323170560,1780554659323170560,Request Throughput,requests/sec,avg,1.00
170,1780554658323170560,1780554659323170560,Requested OSL,tokens,avg,113.00
170,1780554658323170560,1780554659323170560,Requested OSL,tokens,min,113.00
170,1780554658323170560,1780554659323170560,Requested OSL,tokens,max,113.00
170,1780554658323170560,1780554659323170560,Requested OSL,tokens,sum,113.00
170,1780554658323170560,1780554659323170560,Requested OSL,tokens,p1,113.00
170,1780554658323170560,1780554659323170560,Requested OSL,tokens,p5,113.00
170,1780554658323170560,1780554659323170560,Requested OSL,tokens,p10,113.00
170,1780554658323170560,1780554659323170560,Requested OSL,tokens,p25,113.00
170,1780554658323170560,1780554659323170560,Requested OSL,tokens,p50,113.00
170,1780554658323170560,1780554659323170560,Requested OSL,tokens,p75,113.00
170,1780554658323170560,1780554659323170560,Requested OSL,tokens,p90,113.00
170,1780554658323170560,1780554659323170560,Requested OSL,tokens,p95,113.00
170,1780554658323170560,1780554659323170560,Requested OSL,tokens,p99,113.00
170,1780554658323170560,1780554659323170560,Requested OSL,tokens,std,0.00
170,1780554658323170560,1780554659323170560,Time to First Output Token,ms,avg,863.86
170,1780554658323170560,1780554659323170560,Time to First Output Token,ms,min,863.86
170,1780554658323170560,1780554659323170560,Time to First Output Token,ms,max,863.86
170,1780554658323170560,1780554659323170560,Time to First Output Token,ms,sum,863.86
170,1780554658323170560,1780554659323170560,Time to First Output Token,ms,p1,863.86
170,1780554658323170560,1780554659323170560,Time to First Output Token,ms,p5,863.86
170,1780554658323170560,1780554659323170560,Time to First Output Token,ms,p10,863.86
170,1780554658323170560,1780554659323170560,Time to First Output Token,ms,p25,863.86
170,1780554658323170560,1780554659323170560,Time to First Output Token,ms,p50,863.86
170,1780554658323170560,1780554659323170560,Time to First Output Token,ms,p75,863.86
170,1780554658323170560,1780554659323170560,Time to First Output Token,ms,p90,863.86
170,1780554658323170560,1780554659323170560,Time to First Output Token,ms,p95,863.86
170,1780554658323170560,1780554659323170560,Time to First Output Token,ms,p99,863.86
170,1780554658323170560,1780554659323170560,Time to First Output Token,ms,std,0.00
170,1780554658323170560,1780554659323170560,Time to First Token,ms,avg,863.86
170,1780554658323170560,1780554659323170560,Time to First Token,ms,min,863.86
170,1780554658323170560,1780554659323170560,Time to First Token,ms,max,863.86
170,1780554658323170560,1780554659323170560,Time to First Token,ms,sum,863.86
170,1780554658323170560,1780554659323170560,Time to First Token,ms,p1,863.86
170,1780554658323170560,1780554659323170560,Time to First Token,ms,p5,863.86
170,1780554658323170560,1780554659323170560,Time to First Token,ms,p10,863.86
170,1780554658323170560,1780554659323170560,Time to First Token,ms,p25,863.86
170,1780554658323170560,1780554659323170560,Time to First Token,ms,p50,863.86
170,1780554658323170560,1780554659323170560,Time to First Token,ms,p75,863.86
170,1780554658323170560,1780554659323170560,Time to First Token,ms,p90,863.86
170,1780554658323170560,1780554659323170560,Time to First Token,ms,p95,863.86
170,1780554658323170560,1780554659323170560,Time to First Token,ms,p99,863.86
170,1780554658323170560,1780554659323170560,Time to First Token,ms,std,0.00
170,1780554658323170560,1780554659323170560,Time to Second Token,ms,avg,0.80
170,1780554658323170560,1780554659323170560,Time to Second Token,ms,min,0.80
170,1780554658323170560,1780554659323170560,Time to Second Token,ms,max,0.80
170,1780554658323170560,1780554659323170560,Time to Second Token,ms,sum,0.80
170,1780554658323170560,1780554659323170560,Time to Second Token,ms,p1,0.80
170,1780554658323170560,1780554659323170560,Time to Second Token,ms,p5,0.80
170,1780554658323170560,1780554659323170560,Time to Second Token,ms,p10,0.80
170,1780554658323170560,1780554659323170560,Time to Second Token,ms,p25,0.80
170,1780554658323170560,1780554659323170560,Time to Second Token,ms,p50,0.80
170,1780554658323170560,1780554659323170560,Time to Second Token,ms,p75,0.80
170,1780554658323170560,1780554659323170560,Time to Second Token,ms,p90,0.80
170,1780554658323170560,1780554659323170560,Time to Second Token,ms,p95,0.80
170,1780554658323170560,1780554659323170560,Time to Second Token,ms,p99,0.80
170,1780554658323170560,1780554659323170560,Time to Second Token,ms,std,0.00
170,1780554658323170560,1780554659323170560,Tokens In Flight,tokens,avg,840798.33
170,1780554658323170560,1780554659323170560,Tokens In Flight,tokens,min,804464.97
170,1780554658323170560,1780554659323170560,Tokens In Flight,tokens,max,929591.33
170,1780554658323170560,1780554659323170560,Tokens In Flight,tokens,p50,804471.97
170,1780554658323170560,1780554659323170560,Tokens In Flight,tokens,p90,928890.97
170,1780554658323170560,1780554659323170560,Tokens In Flight,tokens,p95,928893.33
170,1780554658323170560,1780554659323170560,Tokens In Flight,tokens,p99,928893.33
170,1780554658323170560,1780554659323170560,Tokens In Flight,tokens,std,51483.89
170,1780554658323170560,1780554659323170560,Total Input Sequence Length,tokens,avg,124415.00
170,1780554658323170560,1780554659323170560,Total Output Sequence Length,tokens,avg,113.00
170,1780554658323170560,1780554659323170560,Total Output Tokens,tokens,avg,113.00
170,1780554658323170560,1780554659323170560,Total Token Throughput,tokens/sec,avg,124528.00
170,1780554658323170560,1780554659323170560,Total Usage Completion Tokens,tokens,avg,113.00
170,1780554658323170560,1780554659323170560,Total Usage Prompt Tokens,tokens,avg,124415.00
170,1780554658323170560,1780554659323170560,Total Usage Total Tokens,tokens,avg,124528.00
170,1780554658323170560,1780554659323170560,Usage Completion Tokens,tokens,avg,113.00
170,1780554658323170560,1780554659323170560,Usage Completion Tokens,tokens,min,113.00
170,1780554658323170560,1780554659323170560,Usage Completion Tokens,tokens,max,113.00
170,1780554658323170560,1780554659323170560,Usage Completion Tokens,tokens,sum,113.00
170,1780554658323170560,1780554659323170560,Usage Completion Tokens,tokens,p1,113.00
170,1780554658323170560,1780554659323170560,Usage Completion Tokens,tokens,p5,113.00
170,1780554658323170560,1780554659323170560,Usage Completion Tokens,tokens,p10,113.00
170,1780554658323170560,1780554659323170560,Usage Completion Tokens,tokens,p25,113.00
170,1780554658323170560,1780554659323170560,Usage Completion Tokens,tokens,p50,113.00
170,1780554658323170560,1780554659323170560,Usage Completion Tokens,tokens,p75,113.00
170,1780554658323170560,1780554659323170560,Usage Completion Tokens,tokens,p90,113.00
170,1780554658323170560,1780554659323170560,Usage Completion Tokens,tokens,p95,113.00
170,1780554658323170560,1780554659323170560,Usage Completion Tokens,tokens,p99,113.00
170,1780554658323170560,1780554659323170560,Usage Completion Tokens,tokens,std,0.00
170,1780554658323170560,1780554659323170560,Usage Prompt Tokens,tokens,avg,124415.00
170,1780554658323170560,1780554659323170560,Usage Prompt Tokens,tokens,min,124415.00
170,1780554658323170560,1780554659323170560,Usage Prompt Tokens,tokens,max,124415.00
170,1780554658323170560,1780554659323170560,Usage Prompt Tokens,tokens,sum,124415.00
170,1780554658323170560,1780554659323170560,Usage Prompt Tokens,tokens,p1,124415.00
170,1780554658323170560,1780554659323170560,Usage Prompt Tokens,tokens,p5,124415.00
170,1780554658323170560,1780554659323170560,Usage Prompt Tokens,tokens,p10,124415.00
170,1780554658323170560,1780554659323170560,Usage Prompt Tokens,tokens,p25,124415.00
170,1780554658323170560,1780554659323170560,Usage Prompt Tokens,tokens,p50,124415.00
170,1780554658323170560,1780554659323170560,Usage Prompt Tokens,tokens,p75,124415.00
170,1780554658323170560,1780554659323170560,Usage Prompt Tokens,tokens,p90,124415.00
170,1780554658323170560,1780554659323170560,Usage Prompt Tokens,tokens,p95,124415.00
170,1780554658323170560,1780554659323170560,Usage Prompt Tokens,tokens,p99,124415.00
170,1780554658323170560,1780554659323170560,Usage Prompt Tokens,tokens,std,0.00
170,1780554658323170560,1780554659323170560,Usage Total Tokens,tokens,avg,124528.00
170,1780554658323170560,1780554659323170560,Usage Total Tokens,tokens,min,124528.00
170,1780554658323170560,1780554659323170560,Usage Total Tokens,tokens,max,124528.00
170,1780554658323170560,1780554659323170560,Usage Total Tokens,tokens,sum,124528.00
170,1780554658323170560,1780554659323170560,Usage Total Tokens,tokens,p1,124528.00
170,1780554658323170560,1780554659323170560,Usage Total Tokens,tokens,p5,124528.00
170,1780554658323170560,1780554659323170560,Usage Total Tokens,tokens,p10,124528.00
170,1780554658323170560,1780554659323170560,Usage Total Tokens,tokens,p25,124528.00
170,1780554658323170560,1780554659323170560,Usage Total Tokens,tokens,p50,124528.00
170,1780554658323170560,1780554659323170560,Usage Total Tokens,tokens,p75,124528.00
170,1780554658323170560,1780554659323170560,Usage Total Tokens,tokens,p90,124528.00
170,1780554658323170560,1780554659323170560,Usage Total Tokens,tokens,p95,124528.00
170,1780554658323170560,1780554659323170560,Usage Total Tokens,tokens,p99,124528.00
170,1780554658323170560,1780554659323170560,Usage Total Tokens,tokens,std,0.00
171,1780554659323170560,1780554660323170560,Active Decode Throughput,tokens/sec,avg,37.75
171,1780554659323170560,1780554660323170560,Active Decode Throughput,tokens/sec,min,30.46
171,1780554659323170560,1780554660323170560,Active Decode Throughput,tokens/sec,max,42.23
171,1780554659323170560,1780554660323170560,Active Decode Throughput,tokens/sec,p50,36.95
171,1780554659323170560,1780554660323170560,Active Decode Throughput,tokens/sec,p90,38.61
171,1780554659323170560,1780554660323170560,Active Decode Throughput,tokens/sec,p95,38.61
171,1780554659323170560,1780554660323170560,Active Decode Throughput,tokens/sec,p99,38.61
171,1780554659323170560,1780554660323170560,Active Decode Throughput,tokens/sec,std,0.83
171,1780554659323170560,1780554660323170560,Active Decode Throughput Per User,tokens/sec/user,avg,3.99
171,1780554659323170560,1780554660323170560,Active Decode Throughput Per User,tokens/sec/user,min,3.37
171,1780554659323170560,1780554660323170560,Active Decode Throughput Per User,tokens/sec/user,max,4.67
171,1780554659323170560,1780554660323170560,Active Decode Throughput Per User,tokens/sec/user,p50,4.11
171,1780554659323170560,1780554660323170560,Active Decode Throughput Per User,tokens/sec/user,p90,4.11
171,1780554659323170560,1780554660323170560,Active Decode Throughput Per User,tokens/sec/user,p95,4.11
171,1780554659323170560,1780554660323170560,Active Decode Throughput Per User,tokens/sec/user,p99,4.11
171,1780554659323170560,1780554660323170560,Active Decode Throughput Per User,tokens/sec/user,std,0.12
171,1780554659323170560,1780554660323170560,Active Prefill Throughput,tokens/sec,avg,121531.34
171,1780554659323170560,1780554660323170560,Active Prefill Throughput,tokens/sec,min,23901.02
171,1780554659323170560,1780554660323170560,Active Prefill Throughput,tokens/sec,max,144023.00
171,1780554659323170560,1780554660323170560,Active Prefill Throughput,tokens/sec,p50,144023.00
171,1780554659323170560,1780554660323170560,Active Prefill Throughput,tokens/sec,p90,144023.00
171,1780554659323170560,1780554660323170560,Active Prefill Throughput,tokens/sec,p95,144023.00
171,1780554659323170560,1780554660323170560,Active Prefill Throughput,tokens/sec,p99,144023.00
171,1780554659323170560,1780554660323170560,Active Prefill Throughput,tokens/sec,std,46860.09
171,1780554659323170560,1780554660323170560,Active Prefill Throughput Per User,tokens/sec/user,avg,121531.34
171,1780554659323170560,1780554660323170560,Active Prefill Throughput Per User,tokens/sec/user,min,23901.02
171,1780554659323170560,1780554660323170560,Active Prefill Throughput Per User,tokens/sec/user,max,144023.00
171,1780554659323170560,1780554660323170560,Active Prefill Throughput Per User,tokens/sec/user,p50,144023.00
171,1780554659323170560,1780554660323170560,Active Prefill Throughput Per User,tokens/sec/user,p90,144023.00
171,1780554659323170560,1780554660323170560,Active Prefill Throughput Per User,tokens/sec/user,p95,144023.00
171,1780554659323170560,1780554660323170560,Active Prefill Throughput Per User,tokens/sec/user,p99,144023.00
171,1780554659323170560,1780554660323170560,Active Prefill Throughput Per User,tokens/sec/user,std,46860.09
171,1780554659323170560,1780554660323170560,Active Total Throughput,tokens/sec,avg,77687.14
171,1780554659323170560,1780554660323170560,Active Total Throughput,tokens/sec,min,102.30
171,1780554659323170560,1780554660323170560,Active Total Throughput,tokens/sec,max,144112.97
171,1780554659323170560,1780554660323170560,Active Total Throughput,tokens/sec,p50,144112.97
171,1780554659323170560,1780554660323170560,Active Total Throughput,tokens/sec,p90,144112.97
171,1780554659323170560,1780554660323170560,Active Total Throughput,tokens/sec,p95,144112.97
171,1780554659323170560,1780554660323170560,Active Total Throughput,tokens/sec,p99,144112.97
171,1780554659323170560,1780554660323170560,Active Total Throughput,tokens/sec,std,69357.49
171,1780554659323170560,1780554660323170560,Benchmark Duration,sec,avg,79.96
171,1780554659323170560,1780554660323170560,E2E Output Token Throughput,tokens/sec/user,avg,7.49
171,1780554659323170560,1780554660323170560,E2E Output Token Throughput,tokens/sec/user,min,7.49
171,1780554659323170560,1780554660323170560,E2E Output Token Throughput,tokens/sec/user,max,7.49
171,1780554659323170560,1780554660323170560,E2E Output Token Throughput,tokens/sec/user,sum,7.49
171,1780554659323170560,1780554660323170560,E2E Output Token Throughput,tokens/sec/user,p1,7.49
171,1780554659323170560,1780554660323170560,E2E Output Token Throughput,tokens/sec/user,p5,7.49
171,1780554659323170560,1780554660323170560,E2E Output Token Throughput,tokens/sec/user,p10,7.49
171,1780554659323170560,1780554660323170560,E2E Output Token Throughput,tokens/sec/user,p25,7.49
171,1780554659323170560,1780554660323170560,E2E Output Token Throughput,tokens/sec/user,p50,7.49
171,1780554659323170560,1780554660323170560,E2E Output Token Throughput,tokens/sec/user,p75,7.49
171,1780554659323170560,1780554660323170560,E2E Output Token Throughput,tokens/sec/user,p90,7.49
171,1780554659323170560,1780554660323170560,E2E Output Token Throughput,tokens/sec/user,p95,7.49
171,1780554659323170560,1780554660323170560,E2E Output Token Throughput,tokens/sec/user,p99,7.49
171,1780554659323170560,1780554660323170560,E2E Output Token Throughput,tokens/sec/user,std,0.00
171,1780554659323170560,1780554660323170560,Effective Concurrency,requests,avg,10.12
171,1780554659323170560,1780554660323170560,Effective Concurrency,requests,min,10.00
171,1780554659323170560,1780554660323170560,Effective Concurrency,requests,max,11.00
171,1780554659323170560,1780554660323170560,Effective Concurrency,requests,p50,10.00
171,1780554659323170560,1780554660323170560,Effective Concurrency,requests,p90,11.00
171,1780554659323170560,1780554660323170560,Effective Concurrency,requests,p95,11.00
171,1780554659323170560,1780554660323170560,Effective Concurrency,requests,p99,11.00
171,1780554659323170560,1780554660323170560,Effective Concurrency,requests,std,0.32
171,1780554659323170560,1780554660323170560,Effective Decode Concurrency,requests,avg,9.48
171,1780554659323170560,1780554660323170560,Effective Decode Concurrency,requests,min,9.00
171,1780554659323170560,1780554660323170560,Effective Decode Concurrency,requests,max,10.00
171,1780554659323170560,1780554660323170560,Effective Decode Concurrency,requests,p50,9.00
171,1780554659323170560,1780554660323170560,Effective Decode Concurrency,requests,p90,10.00
171,1780554659323170560,1780554660323170560,Effective Decode Concurrency,requests,p95,10.00
171,1780554659323170560,1780554660323170560,Effective Decode Concurrency,requests,p99,10.00
171,1780554659323170560,1780554660323170560,Effective Decode Concurrency,requests,std,0.50
171,1780554659323170560,1780554660323170560,Effective Decode Throughput,tokens/sec,avg,37.75
171,1780554659323170560,1780554660323170560,Effective Decode Throughput,tokens/sec,min,30.46
171,1780554659323170560,1780554660323170560,Effective Decode Throughput,tokens/sec,max,42.23
171,1780554659323170560,1780554660323170560,Effective Decode Throughput,tokens/sec,p50,36.95
171,1780554659323170560,1780554660323170560,Effective Decode Throughput,tokens/sec,p90,38.61
171,1780554659323170560,1780554660323170560,Effective Decode Throughput,tokens/sec,p95,38.61
171,1780554659323170560,1780554660323170560,Effective Decode Throughput,tokens/sec,p99,38.61
171,1780554659323170560,1780554660323170560,Effective Decode Throughput,tokens/sec,std,0.83
171,1780554659323170560,1780554660323170560,Effective Decode Throughput Per User,tokens/sec/user,avg,3.99
171,1780554659323170560,1780554660323170560,Effective Decode Throughput Per User,tokens/sec/user,min,3.37
171,1780554659323170560,1780554660323170560,Effective Decode Throughput Per User,tokens/sec/user,max,4.67
171,1780554659323170560,1780554660323170560,Effective Decode Throughput Per User,tokens/sec/user,p50,4.11
171,1780554659323170560,1780554660323170560,Effective Decode Throughput Per User,tokens/sec/user,p90,4.11
171,1780554659323170560,1780554660323170560,Effective Decode Throughput Per User,tokens/sec/user,p95,4.11
171,1780554659323170560,1780554660323170560,Effective Decode Throughput Per User,tokens/sec/user,p99,4.11
171,1780554659323170560,1780554660323170560,Effective Decode Throughput Per User,tokens/sec/user,std,0.12
171,1780554659323170560,1780554660323170560,Effective Prefill Concurrency,requests,avg,0.64
171,1780554659323170560,1780554660323170560,Effective Prefill Concurrency,requests,min,0.00
171,1780554659323170560,1780554660323170560,Effective Prefill Concurrency,requests,max,1.00
171,1780554659323170560,1780554660323170560,Effective Prefill Concurrency,requests,p50,1.00
171,1780554659323170560,1780554660323170560,Effective Prefill Concurrency,requests,p90,1.00
171,1780554659323170560,1780554660323170560,Effective Prefill Concurrency,requests,p95,1.00
171,1780554659323170560,1780554660323170560,Effective Prefill Concurrency,requests,p99,1.00
171,1780554659323170560,1780554660323170560,Effective Prefill Concurrency,requests,std,0.48
171,1780554659323170560,1780554660323170560,Effective Prefill Throughput,tokens/sec,avg,77591.24
171,1780554659323170560,1780554660323170560,Effective Prefill Throughput,tokens/sec,min,0.00
171,1780554659323170560,1780554660323170560,Effective Prefill Throughput,tokens/sec,max,144023.00
171,1780554659323170560,1780554660323170560,Effective Prefill Throughput,tokens/sec,p50,144023.00
171,1780554659323170560,1780554660323170560,Effective Prefill Throughput,tokens/sec,p90,144023.00
171,1780554659323170560,1780554660323170560,Effective Prefill Throughput,tokens/sec,p95,144023.00
171,1780554659323170560,1780554660323170560,Effective Prefill Throughput,tokens/sec,p99,144023.00
171,1780554659323170560,1780554660323170560,Effective Prefill Throughput,tokens/sec,std,69363.61
171,1780554659323170560,1780554660323170560,Effective Prefill Throughput Per User,tokens/sec/user,avg,77591.24
171,1780554659323170560,1780554660323170560,Effective Prefill Throughput Per User,tokens/sec/user,min,0.00
171,1780554659323170560,1780554660323170560,Effective Prefill Throughput Per User,tokens/sec/user,max,144023.00
171,1780554659323170560,1780554660323170560,Effective Prefill Throughput Per User,tokens/sec/user,p50,144023.00
171,1780554659323170560,1780554660323170560,Effective Prefill Throughput Per User,tokens/sec/user,p90,144023.00
171,1780554659323170560,1780554660323170560,Effective Prefill Throughput Per User,tokens/sec/user,p95,144023.00
171,1780554659323170560,1780554660323170560,Effective Prefill Throughput Per User,tokens/sec/user,p99,144023.00
171,1780554659323170560,1780554660323170560,Effective Prefill Throughput Per User,tokens/sec/user,std,69363.61
171,1780554659323170560,1780554660323170560,Effective Total Throughput,tokens/sec,avg,77687.14
171,1780554659323170560,1780554660323170560,Effective Total Throughput,tokens/sec,min,102.30
171,1780554659323170560,1780554660323170560,Effective Total Throughput,tokens/sec,max,144112.97
171,1780554659323170560,1780554660323170560,Effective Total Throughput,tokens/sec,p50,144112.97
171,1780554659323170560,1780554660323170560,Effective Total Throughput,tokens/sec,p90,144112.97
171,1780554659323170560,1780554660323170560,Effective Total Throughput,tokens/sec,p95,144112.97
171,1780554659323170560,1780554660323170560,Effective Total Throughput,tokens/sec,p99,144112.97
171,1780554659323170560,1780554660323170560,Effective Total Throughput,tokens/sec,std,69357.49
171,1780554659323170560,1780554660323170560,HTTP Blocked,ms,avg,0.00
171,1780554659323170560,1780554660323170560,HTTP Blocked,ms,min,0.00
171,1780554659323170560,1780554660323170560,HTTP Blocked,ms,max,0.00
171,1780554659323170560,1780554660323170560,HTTP Blocked,ms,sum,0.00
171,1780554659323170560,1780554660323170560,HTTP Blocked,ms,p1,0.00
171,1780554659323170560,1780554660323170560,HTTP Blocked,ms,p5,0.00
171,1780554659323170560,1780554660323170560,HTTP Blocked,ms,p10,0.00
171,1780554659323170560,1780554660323170560,HTTP Blocked,ms,p25,0.00
171,1780554659323170560,1780554660323170560,HTTP Blocked,ms,p50,0.00
171,1780554659323170560,1780554660323170560,HTTP Blocked,ms,p75,0.00
171,1780554659323170560,1780554660323170560,HTTP Blocked,ms,p90,0.00
171,1780554659323170560,1780554660323170560,HTTP Blocked,ms,p95,0.00
171,1780554659323170560,1780554660323170560,HTTP Blocked,ms,p99,0.00
171,1780554659323170560,1780554660323170560,HTTP Blocked,ms,std,0.00
171,1780554659323170560,1780554660323170560,HTTP Chunks Received,count,avg,599.00
171,1780554659323170560,1780554660323170560,HTTP Chunks Received,count,min,599.00
171,1780554659323170560,1780554660323170560,HTTP Chunks Received,count,max,599.00
171,1780554659323170560,1780554660323170560,HTTP Chunks Received,count,sum,599.00
171,1780554659323170560,1780554660323170560,HTTP Chunks Received,count,p1,599.00
171,1780554659323170560,1780554660323170560,HTTP Chunks Received,count,p5,599.00
171,1780554659323170560,1780554660323170560,HTTP Chunks Received,count,p10,599.00
171,1780554659323170560,1780554660323170560,HTTP Chunks Received,count,p25,599.00
171,1780554659323170560,1780554660323170560,HTTP Chunks Received,count,p50,599.00
171,1780554659323170560,1780554660323170560,HTTP Chunks Received,count,p75,599.00
171,1780554659323170560,1780554660323170560,HTTP Chunks Received,count,p90,599.00
171,1780554659323170560,1780554660323170560,HTTP Chunks Received,count,p95,599.00
171,1780554659323170560,1780554660323170560,HTTP Chunks Received,count,p99,599.00
171,1780554659323170560,1780554660323170560,HTTP Chunks Received,count,std,0.00
171,1780554659323170560,1780554660323170560,HTTP Chunks Sent,count,avg,1.00
171,1780554659323170560,1780554660323170560,HTTP Chunks Sent,count,min,1.00
171,1780554659323170560,1780554660323170560,HTTP Chunks Sent,count,max,1.00
171,1780554659323170560,1780554660323170560,HTTP Chunks Sent,count,sum,1.00
171,1780554659323170560,1780554660323170560,HTTP Chunks Sent,count,p1,1.00
171,1780554659323170560,1780554660323170560,HTTP Chunks Sent,count,p5,1.00
171,1780554659323170560,1780554660323170560,HTTP Chunks Sent,count,p10,1.00
171,1780554659323170560,1780554660323170560,HTTP Chunks Sent,count,p25,1.00
171,1780554659323170560,1780554660323170560,HTTP Chunks Sent,count,p50,1.00
171,1780554659323170560,1780554660323170560,HTTP Chunks Sent,count,p75,1.00
171,1780554659323170560,1780554660323170560,HTTP Chunks Sent,count,p90,1.00
171,1780554659323170560,1780554660323170560,HTTP Chunks Sent,count,p95,1.00
171,1780554659323170560,1780554660323170560,HTTP Chunks Sent,count,p99,1.00
171,1780554659323170560,1780554660323170560,HTTP Chunks Sent,count,std,0.00
171,1780554659323170560,1780554660323170560,HTTP Connecting,ms,avg,0.65
171,1780554659323170560,1780554660323170560,HTTP Connecting,ms,min,0.65
171,1780554659323170560,1780554660323170560,HTTP Connecting,ms,max,0.65
171,1780554659323170560,1780554660323170560,HTTP Connecting,ms,sum,0.65
171,1780554659323170560,1780554660323170560,HTTP Connecting,ms,p1,0.65
171,1780554659323170560,1780554660323170560,HTTP Connecting,ms,p5,0.65
171,1780554659323170560,1780554660323170560,HTTP Connecting,ms,p10,0.65
171,1780554659323170560,1780554660323170560,HTTP Connecting,ms,p25,0.65
171,1780554659323170560,1780554660323170560,HTTP Connecting,ms,p50,0.65
171,1780554659323170560,1780554660323170560,HTTP Connecting,ms,p75,0.65
171,1780554659323170560,1780554660323170560,HTTP Connecting,ms,p90,0.65
171,1780554659323170560,1780554660323170560,HTTP Connecting,ms,p95,0.65
171,1780554659323170560,1780554660323170560,HTTP Connecting,ms,p99,0.65
171,1780554659323170560,1780554660323170560,HTTP Connecting,ms,std,0.00
171,1780554659323170560,1780554660323170560,HTTP Connection Overhead,ms,avg,0.65
171,1780554659323170560,1780554660323170560,HTTP Connection Overhead,ms,min,0.65
171,1780554659323170560,1780554660323170560,HTTP Connection Overhead,ms,max,0.65
171,1780554659323170560,1780554660323170560,HTTP Connection Overhead,ms,sum,0.65
171,1780554659323170560,1780554660323170560,HTTP Connection Overhead,ms,p1,0.65
171,1780554659323170560,1780554660323170560,HTTP Connection Overhead,ms,p5,0.65
171,1780554659323170560,1780554660323170560,HTTP Connection Overhead,ms,p10,0.65
171,1780554659323170560,1780554660323170560,HTTP Connection Overhead,ms,p25,0.65
171,1780554659323170560,1780554660323170560,HTTP Connection Overhead,ms,p50,0.65
171,1780554659323170560,1780554660323170560,HTTP Connection Overhead,ms,p75,0.65
171,1780554659323170560,1780554660323170560,HTTP Connection Overhead,ms,p90,0.65
171,1780554659323170560,1780554660323170560,HTTP Connection Overhead,ms,p95,0.65
171,1780554659323170560,1780554660323170560,HTTP Connection Overhead,ms,p99,0.65
171,1780554659323170560,1780554660323170560,HTTP Connection Overhead,ms,std,0.00
171,1780554659323170560,1780554660323170560,HTTP Connection Reused,ratio,avg,0.00
171,1780554659323170560,1780554660323170560,HTTP Connection Reused,ratio,min,0.00
171,1780554659323170560,1780554660323170560,HTTP Connection Reused,ratio,max,0.00
171,1780554659323170560,1780554660323170560,HTTP Connection Reused,ratio,sum,0.00
171,1780554659323170560,1780554660323170560,HTTP Connection Reused,ratio,p1,0.00
171,1780554659323170560,1780554660323170560,HTTP Connection Reused,ratio,p5,0.00
171,1780554659323170560,1780554660323170560,HTTP Connection Reused,ratio,p10,0.00
171,1780554659323170560,1780554660323170560,HTTP Connection Reused,ratio,p25,0.00
171,1780554659323170560,1780554660323170560,HTTP Connection Reused,ratio,p50,0.00
171,1780554659323170560,1780554660323170560,HTTP Connection Reused,ratio,p75,0.00
171,1780554659323170560,1780554660323170560,HTTP Connection Reused,ratio,p90,0.00
171,1780554659323170560,1780554660323170560,HTTP Connection Reused,ratio,p95,0.00
171,1780554659323170560,1780554660323170560,HTTP Connection Reused,ratio,p99,0.00
171,1780554659323170560,1780554660323170560,HTTP Connection Reused,ratio,std,0.00
171,1780554659323170560,1780554660323170560,HTTP Data Received,KB,avg,149.29
171,1780554659323170560,1780554660323170560,HTTP Data Received,KB,min,149.29
171,1780554659323170560,1780554660323170560,HTTP Data Received,KB,max,149.29
171,1780554659323170560,1780554660323170560,HTTP Data Received,KB,sum,149.29
171,1780554659323170560,1780554660323170560,HTTP Data Received,KB,p1,149.29
171,1780554659323170560,1780554660323170560,HTTP Data Received,KB,p5,149.29
171,1780554659323170560,1780554660323170560,HTTP Data Received,KB,p10,149.29
171,1780554659323170560,1780554660323170560,HTTP Data Received,KB,p25,149.29
171,1780554659323170560,1780554660323170560,HTTP Data Received,KB,p50,149.29
171,1780554659323170560,1780554660323170560,HTTP Data Received,KB,p75,149.29
171,1780554659323170560,1780554660323170560,HTTP Data Received,KB,p90,149.29
171,1780554659323170560,1780554660323170560,HTTP Data Received,KB,p95,149.29
171,1780554659323170560,1780554660323170560,HTTP Data Received,KB,p99,149.29
171,1780554659323170560,1780554660323170560,HTTP Data Received,KB,std,0.00
171,1780554659323170560,1780554660323170560,HTTP Data Sent,KB,avg,175.12
171,1780554659323170560,1780554660323170560,HTTP Data Sent,KB,min,175.12
171,1780554659323170560,1780554660323170560,HTTP Data Sent,KB,max,175.12
171,1780554659323170560,1780554660323170560,HTTP Data Sent,KB,sum,175.12
171,1780554659323170560,1780554660323170560,HTTP Data Sent,KB,p1,175.12
171,1780554659323170560,1780554660323170560,HTTP Data Sent,KB,p5,175.12
171,1780554659323170560,1780554660323170560,HTTP Data Sent,KB,p10,175.12
171,1780554659323170560,1780554660323170560,HTTP Data Sent,KB,p25,175.12
171,1780554659323170560,1780554660323170560,HTTP Data Sent,KB,p50,175.12
171,1780554659323170560,1780554660323170560,HTTP Data Sent,KB,p75,175.12
171,1780554659323170560,1780554660323170560,HTTP Data Sent,KB,p90,175.12
171,1780554659323170560,1780554660323170560,HTTP Data Sent,KB,p95,175.12
171,1780554659323170560,1780554660323170560,HTTP Data Sent,KB,p99,175.12
171,1780554659323170560,1780554660323170560,HTTP Data Sent,KB,std,0.00
171,1780554659323170560,1780554660323170560,HTTP DNS Lookup,ms,avg,0.00
171,1780554659323170560,1780554660323170560,HTTP DNS Lookup,ms,min,0.00
171,1780554659323170560,1780554660323170560,HTTP DNS Lookup,ms,max,0.00
171,1780554659323170560,1780554660323170560,HTTP DNS Lookup,ms,sum,0.00
171,1780554659323170560,1780554660323170560,HTTP DNS Lookup,ms,p1,0.00
171,1780554659323170560,1780554660323170560,HTTP DNS Lookup,ms,p5,0.00
171,1780554659323170560,1780554660323170560,HTTP DNS Lookup,ms,p10,0.00
171,1780554659323170560,1780554660323170560,HTTP DNS Lookup,ms,p25,0.00
171,1780554659323170560,1780554660323170560,HTTP DNS Lookup,ms,p50,0.00
171,1780554659323170560,1780554660323170560,HTTP DNS Lookup,ms,p75,0.00
171,1780554659323170560,1780554660323170560,HTTP DNS Lookup,ms,p90,0.00
171,1780554659323170560,1780554660323170560,HTTP DNS Lookup,ms,p95,0.00
171,1780554659323170560,1780554660323170560,HTTP DNS Lookup,ms,p99,0.00
171,1780554659323170560,1780554660323170560,HTTP DNS Lookup,ms,std,0.00
171,1780554659323170560,1780554660323170560,HTTP Duration (excl. conn),ms,avg,79962.36
171,1780554659323170560,1780554660323170560,HTTP Duration (excl. conn),ms,min,79962.36
171,1780554659323170560,1780554660323170560,HTTP Duration (excl. conn),ms,max,79962.36
171,1780554659323170560,1780554660323170560,HTTP Duration (excl. conn),ms,sum,79962.36
171,1780554659323170560,1780554660323170560,HTTP Duration (excl. conn),ms,p1,79962.36
171,1780554659323170560,1780554660323170560,HTTP Duration (excl. conn),ms,p5,79962.36
171,1780554659323170560,1780554660323170560,HTTP Duration (excl. conn),ms,p10,79962.36
171,1780554659323170560,1780554660323170560,HTTP Duration (excl. conn),ms,p25,79962.36
171,1780554659323170560,1780554660323170560,HTTP Duration (excl. conn),ms,p50,79962.36
171,1780554659323170560,1780554660323170560,HTTP Duration (excl. conn),ms,p75,79962.36
171,1780554659323170560,1780554660323170560,HTTP Duration (excl. conn),ms,p90,79962.36
171,1780554659323170560,1780554660323170560,HTTP Duration (excl. conn),ms,p95,79962.36
171,1780554659323170560,1780554660323170560,HTTP Duration (excl. conn),ms,p99,79962.36
171,1780554659323170560,1780554660323170560,HTTP Duration (excl. conn),ms,std,0.00
171,1780554659323170560,1780554660323170560,HTTP Receiving,ms,avg,78065.21
171,1780554659323170560,1780554660323170560,HTTP Receiving,ms,min,78065.21
171,1780554659323170560,1780554660323170560,HTTP Receiving,ms,max,78065.21
171,1780554659323170560,1780554660323170560,HTTP Receiving,ms,sum,78065.21
171,1780554659323170560,1780554660323170560,HTTP Receiving,ms,p1,78065.21
171,1780554659323170560,1780554660323170560,HTTP Receiving,ms,p5,78065.21
171,1780554659323170560,1780554660323170560,HTTP Receiving,ms,p10,78065.21
171,1780554659323170560,1780554660323170560,HTTP Receiving,ms,p25,78065.21
171,1780554659323170560,1780554660323170560,HTTP Receiving,ms,p50,78065.21
171,1780554659323170560,1780554660323170560,HTTP Receiving,ms,p75,78065.21
171,1780554659323170560,1780554660323170560,HTTP Receiving,ms,p90,78065.21
171,1780554659323170560,1780554660323170560,HTTP Receiving,ms,p95,78065.21
171,1780554659323170560,1780554660323170560,HTTP Receiving,ms,p99,78065.21
171,1780554659323170560,1780554660323170560,HTTP Receiving,ms,std,0.00
171,1780554659323170560,1780554660323170560,HTTP Sending,ms,avg,0.94
171,1780554659323170560,1780554660323170560,HTTP Sending,ms,min,0.94
171,1780554659323170560,1780554660323170560,HTTP Sending,ms,max,0.94
171,1780554659323170560,1780554660323170560,HTTP Sending,ms,sum,0.94
171,1780554659323170560,1780554660323170560,HTTP Sending,ms,p1,0.94
171,1780554659323170560,1780554660323170560,HTTP Sending,ms,p5,0.94
171,1780554659323170560,1780554660323170560,HTTP Sending,ms,p10,0.94
171,1780554659323170560,1780554660323170560,HTTP Sending,ms,p25,0.94
171,1780554659323170560,1780554660323170560,HTTP Sending,ms,p50,0.94
171,1780554659323170560,1780554660323170560,HTTP Sending,ms,p75,0.94
171,1780554659323170560,1780554660323170560,HTTP Sending,ms,p90,0.94
171,1780554659323170560,1780554660323170560,HTTP Sending,ms,p95,0.94
171,1780554659323170560,1780554660323170560,HTTP Sending,ms,p99,0.94
171,1780554659323170560,1780554660323170560,HTTP Sending,ms,std,0.00
171,1780554659323170560,1780554660323170560,HTTP Total Time,ms,avg,79963.01
171,1780554659323170560,1780554660323170560,HTTP Total Time,ms,min,79963.01
171,1780554659323170560,1780554660323170560,HTTP Total Time,ms,max,79963.01
171,1780554659323170560,1780554660323170560,HTTP Total Time,ms,sum,79963.01
171,1780554659323170560,1780554660323170560,HTTP Total Time,ms,p1,79963.01
171,1780554659323170560,1780554660323170560,HTTP Total Time,ms,p5,79963.01
171,1780554659323170560,1780554660323170560,HTTP Total Time,ms,p10,79963.01
171,1780554659323170560,1780554660323170560,HTTP Total Time,ms,p25,79963.01
171,1780554659323170560,1780554660323170560,HTTP Total Time,ms,p50,79963.01
171,1780554659323170560,1780554660323170560,HTTP Total Time,ms,p75,79963.01
171,1780554659323170560,1780554660323170560,HTTP Total Time,ms,p90,79963.01
171,1780554659323170560,1780554660323170560,HTTP Total Time,ms,p95,79963.01
171,1780554659323170560,1780554660323170560,HTTP Total Time,ms,p99,79963.01
171,1780554659323170560,1780554660323170560,HTTP Total Time,ms,std,0.00
171,1780554659323170560,1780554660323170560,HTTP Waiting (TTFB),ms,avg,1896.21
171,1780554659323170560,1780554660323170560,HTTP Waiting (TTFB),ms,min,1896.21
171,1780554659323170560,1780554660323170560,HTTP Waiting (TTFB),ms,max,1896.21
171,1780554659323170560,1780554660323170560,HTTP Waiting (TTFB),ms,sum,1896.21
171,1780554659323170560,1780554660323170560,HTTP Waiting (TTFB),ms,p1,1896.21
171,1780554659323170560,1780554660323170560,HTTP Waiting (TTFB),ms,p5,1896.21
171,1780554659323170560,1780554660323170560,HTTP Waiting (TTFB),ms,p10,1896.21
171,1780554659323170560,1780554660323170560,HTTP Waiting (TTFB),ms,p25,1896.21
171,1780554659323170560,1780554660323170560,HTTP Waiting (TTFB),ms,p50,1896.21
171,1780554659323170560,1780554660323170560,HTTP Waiting (TTFB),ms,p75,1896.21
171,1780554659323170560,1780554660323170560,HTTP Waiting (TTFB),ms,p90,1896.21
171,1780554659323170560,1780554660323170560,HTTP Waiting (TTFB),ms,p95,1896.21
171,1780554659323170560,1780554660323170560,HTTP Waiting (TTFB),ms,p99,1896.21
171,1780554659323170560,1780554660323170560,HTTP Waiting (TTFB),ms,std,0.00
171,1780554659323170560,1780554660323170560,Input Sequence Length,tokens,avg,45347.00
171,1780554659323170560,1780554660323170560,Input Sequence Length,tokens,min,45347.00
171,1780554659323170560,1780554660323170560,Input Sequence Length,tokens,max,45347.00
171,1780554659323170560,1780554660323170560,Input Sequence Length,tokens,sum,45347.00
171,1780554659323170560,1780554660323170560,Input Sequence Length,tokens,p1,45347.00
171,1780554659323170560,1780554660323170560,Input Sequence Length,tokens,p5,45347.00
171,1780554659323170560,1780554660323170560,Input Sequence Length,tokens,p10,45347.00
171,1780554659323170560,1780554660323170560,Input Sequence Length,tokens,p25,45347.00
171,1780554659323170560,1780554660323170560,Input Sequence Length,tokens,p50,45347.00
171,1780554659323170560,1780554660323170560,Input Sequence Length,tokens,p75,45347.00
171,1780554659323170560,1780554660323170560,Input Sequence Length,tokens,p90,45347.00
171,1780554659323170560,1780554660323170560,Input Sequence Length,tokens,p95,45347.00
171,1780554659323170560,1780554660323170560,Input Sequence Length,tokens,p99,45347.00
171,1780554659323170560,1780554660323170560,Input Sequence Length,tokens,std,0.00
171,1780554659323170560,1780554660323170560,Input Token Throughput,tokens/sec,avg,45347.00
171,1780554659323170560,1780554660323170560,Inter Chunk Latency,ms,avg,1126.73
171,1780554659323170560,1780554660323170560,Inter Chunk Latency,ms,min,1099.25
171,1780554659323170560,1780554660323170560,Inter Chunk Latency,ms,max,1178.26
171,1780554659323170560,1780554660323170560,Inter Chunk Latency,ms,sum,673785.75
171,1780554659323170560,1780554660323170560,Inter Chunk Latency,ms,p1,1101.80
171,1780554659323170560,1780554660323170560,Inter Chunk Latency,ms,p5,1104.21
171,1780554659323170560,1780554660323170560,Inter Chunk Latency,ms,p10,1108.53
171,1780554659323170560,1780554660323170560,Inter Chunk Latency,ms,p25,1113.62
171,1780554659323170560,1780554660323170560,Inter Chunk Latency,ms,p50,1120.94
171,1780554659323170560,1780554660323170560,Inter Chunk Latency,ms,p75,1138.44
171,1780554659323170560,1780554660323170560,Inter Chunk Latency,ms,p90,1148.98
171,1780554659323170560,1780554660323170560,Inter Chunk Latency,ms,p95,1160.45
171,1780554659323170560,1780554660323170560,Inter Chunk Latency,ms,p99,1177.78
171,1780554659323170560,1780554660323170560,Inter Chunk Latency,ms,std,17.58
171,1780554659323170560,1780554660323170560,Inter Token Latency,ms,avg,130.54
171,1780554659323170560,1780554660323170560,Inter Token Latency,ms,min,130.54
171,1780554659323170560,1780554660323170560,Inter Token Latency,ms,max,130.54
171,1780554659323170560,1780554660323170560,Inter Token Latency,ms,sum,130.54
171,1780554659323170560,1780554660323170560,Inter Token Latency,ms,p1,130.54
171,1780554659323170560,1780554660323170560,Inter Token Latency,ms,p5,130.54
171,1780554659323170560,1780554660323170560,Inter Token Latency,ms,p10,130.54
171,1780554659323170560,1780554660323170560,Inter Token Latency,ms,p25,130.54
171,1780554659323170560,1780554660323170560,Inter Token Latency,ms,p50,130.54
171,1780554659323170560,1780554660323170560,Inter Token Latency,ms,p75,130.54
171,1780554659323170560,1780554660323170560,Inter Token Latency,ms,p90,130.54
171,1780554659323170560,1780554660323170560,Inter Token Latency,ms,p95,130.54
171,1780554659323170560,1780554660323170560,Inter Token Latency,ms,p99,130.54
171,1780554659323170560,1780554660323170560,Inter Token Latency,ms,std,0.00
171,1780554659323170560,1780554660323170560,Maximum Response Timestamp,ns,avg,1780554740166110976.00
171,1780554659323170560,1780554660323170560,Minimum Request Timestamp,ns,avg,1780554660203627776.00
171,1780554659323170560,1780554660323170560,OSL Mismatch Count,requests,avg,0.00
171,1780554659323170560,1780554660323170560,OSL Mismatch Diff %,%,avg,0.00
171,1780554659323170560,1780554660323170560,OSL Mismatch Diff %,%,min,0.00
171,1780554659323170560,1780554660323170560,OSL Mismatch Diff %,%,max,0.00
171,1780554659323170560,1780554660323170560,OSL Mismatch Diff %,%,sum,0.00
171,1780554659323170560,1780554660323170560,OSL Mismatch Diff %,%,p1,0.00
171,1780554659323170560,1780554660323170560,OSL Mismatch Diff %,%,p5,0.00
171,1780554659323170560,1780554660323170560,OSL Mismatch Diff %,%,p10,0.00
171,1780554659323170560,1780554660323170560,OSL Mismatch Diff %,%,p25,0.00
171,1780554659323170560,1780554660323170560,OSL Mismatch Diff %,%,p50,0.00
171,1780554659323170560,1780554660323170560,OSL Mismatch Diff %,%,p75,0.00
171,1780554659323170560,1780554660323170560,OSL Mismatch Diff %,%,p90,0.00
171,1780554659323170560,1780554660323170560,OSL Mismatch Diff %,%,p95,0.00
171,1780554659323170560,1780554660323170560,OSL Mismatch Diff %,%,p99,0.00
171,1780554659323170560,1780554660323170560,OSL Mismatch Diff %,%,std,0.00
171,1780554659323170560,1780554660323170560,Output Sequence Length,tokens,avg,599.00
171,1780554659323170560,1780554660323170560,Output Sequence Length,tokens,min,599.00
171,1780554659323170560,1780554660323170560,Output Sequence Length,tokens,max,599.00
171,1780554659323170560,1780554660323170560,Output Sequence Length,tokens,sum,599.00
171,1780554659323170560,1780554660323170560,Output Sequence Length,tokens,p1,599.00
171,1780554659323170560,1780554660323170560,Output Sequence Length,tokens,p5,599.00
171,1780554659323170560,1780554660323170560,Output Sequence Length,tokens,p10,599.00
171,1780554659323170560,1780554660323170560,Output Sequence Length,tokens,p25,599.00
171,1780554659323170560,1780554660323170560,Output Sequence Length,tokens,p50,599.00
171,1780554659323170560,1780554660323170560,Output Sequence Length,tokens,p75,599.00
171,1780554659323170560,1780554660323170560,Output Sequence Length,tokens,p90,599.00
171,1780554659323170560,1780554660323170560,Output Sequence Length,tokens,p95,599.00
171,1780554659323170560,1780554660323170560,Output Sequence Length,tokens,p99,599.00
171,1780554659323170560,1780554660323170560,Output Sequence Length,tokens,std,0.00
171,1780554659323170560,1780554660323170560,Output Token Count,tokens,avg,599.00
171,1780554659323170560,1780554660323170560,Output Token Count,tokens,min,599.00
171,1780554659323170560,1780554660323170560,Output Token Count,tokens,max,599.00
171,1780554659323170560,1780554660323170560,Output Token Count,tokens,sum,599.00
171,1780554659323170560,1780554660323170560,Output Token Count,tokens,p1,599.00
171,1780554659323170560,1780554660323170560,Output Token Count,tokens,p5,599.00
171,1780554659323170560,1780554660323170560,Output Token Count,tokens,p10,599.00
171,1780554659323170560,1780554660323170560,Output Token Count,tokens,p25,599.00
171,1780554659323170560,1780554660323170560,Output Token Count,tokens,p50,599.00
171,1780554659323170560,1780554660323170560,Output Token Count,tokens,p75,599.00
171,1780554659323170560,1780554660323170560,Output Token Count,tokens,p90,599.00
171,1780554659323170560,1780554660323170560,Output Token Count,tokens,p95,599.00
171,1780554659323170560,1780554660323170560,Output Token Count,tokens,p99,599.00
171,1780554659323170560,1780554660323170560,Output Token Count,tokens,std,0.00
171,1780554659323170560,1780554660323170560,Output Token Throughput,tokens/sec,avg,599.00
171,1780554659323170560,1780554660323170560,Output Token Throughput Per User,tokens/sec/user,avg,7.66
171,1780554659323170560,1780554660323170560,Output Token Throughput Per User,tokens/sec/user,min,7.66
171,1780554659323170560,1780554660323170560,Output Token Throughput Per User,tokens/sec/user,max,7.66
171,1780554659323170560,1780554660323170560,Output Token Throughput Per User,tokens/sec/user,sum,7.66
171,1780554659323170560,1780554660323170560,Output Token Throughput Per User,tokens/sec/user,p1,7.66
171,1780554659323170560,1780554660323170560,Output Token Throughput Per User,tokens/sec/user,p5,7.66
171,1780554659323170560,1780554660323170560,Output Token Throughput Per User,tokens/sec/user,p10,7.66
171,1780554659323170560,1780554660323170560,Output Token Throughput Per User,tokens/sec/user,p25,7.66
171,1780554659323170560,1780554660323170560,Output Token Throughput Per User,tokens/sec/user,p50,7.66
171,1780554659323170560,1780554660323170560,Output Token Throughput Per User,tokens/sec/user,p75,7.66
171,1780554659323170560,1780554660323170560,Output Token Throughput Per User,tokens/sec/user,p90,7.66
171,1780554659323170560,1780554660323170560,Output Token Throughput Per User,tokens/sec/user,p95,7.66
171,1780554659323170560,1780554660323170560,Output Token Throughput Per User,tokens/sec/user,p99,7.66
171,1780554659323170560,1780554660323170560,Output Token Throughput Per User,tokens/sec/user,std,0.00
171,1780554659323170560,1780554660323170560,Prefill Throughput Per User,tokens/sec/user,avg,23901.02
171,1780554659323170560,1780554660323170560,Prefill Throughput Per User,tokens/sec/user,min,23901.02
171,1780554659323170560,1780554660323170560,Prefill Throughput Per User,tokens/sec/user,max,23901.02
171,1780554659323170560,1780554660323170560,Prefill Throughput Per User,tokens/sec/user,sum,23901.02
171,1780554659323170560,1780554660323170560,Prefill Throughput Per User,tokens/sec/user,p1,23901.02
171,1780554659323170560,1780554660323170560,Prefill Throughput Per User,tokens/sec/user,p5,23901.02
171,1780554659323170560,1780554660323170560,Prefill Throughput Per User,tokens/sec/user,p10,23901.02
171,1780554659323170560,1780554660323170560,Prefill Throughput Per User,tokens/sec/user,p25,23901.02
171,1780554659323170560,1780554660323170560,Prefill Throughput Per User,tokens/sec/user,p50,23901.02
171,1780554659323170560,1780554660323170560,Prefill Throughput Per User,tokens/sec/user,p75,23901.02
171,1780554659323170560,1780554660323170560,Prefill Throughput Per User,tokens/sec/user,p90,23901.02
171,1780554659323170560,1780554660323170560,Prefill Throughput Per User,tokens/sec/user,p95,23901.02
171,1780554659323170560,1780554660323170560,Prefill Throughput Per User,tokens/sec/user,p99,23901.02
171,1780554659323170560,1780554660323170560,Prefill Throughput Per User,tokens/sec/user,std,0.00
171,1780554659323170560,1780554660323170560,Request Count,requests,avg,1.00
171,1780554659323170560,1780554660323170560,Request Latency,ms,avg,79962.48
171,1780554659323170560,1780554660323170560,Request Latency,ms,min,79962.48
171,1780554659323170560,1780554660323170560,Request Latency,ms,max,79962.48
171,1780554659323170560,1780554660323170560,Request Latency,ms,sum,79962.48
171,1780554659323170560,1780554660323170560,Request Latency,ms,p1,79962.48
171,1780554659323170560,1780554660323170560,Request Latency,ms,p5,79962.48
171,1780554659323170560,1780554660323170560,Request Latency,ms,p10,79962.48
171,1780554659323170560,1780554660323170560,Request Latency,ms,p25,79962.48
171,1780554659323170560,1780554660323170560,Request Latency,ms,p50,79962.48
171,1780554659323170560,1780554660323170560,Request Latency,ms,p75,79962.48
171,1780554659323170560,1780554660323170560,Request Latency,ms,p90,79962.48
171,1780554659323170560,1780554660323170560,Request Latency,ms,p95,79962.48
171,1780554659323170560,1780554660323170560,Request Latency,ms,p99,79962.48
171,1780554659323170560,1780554660323170560,Request Latency,ms,std,0.00
171,1780554659323170560,1780554660323170560,Request Throughput,requests/sec,avg,1.00
171,1780554659323170560,1780554660323170560,Requested OSL,tokens,avg,599.00
171,1780554659323170560,1780554660323170560,Requested OSL,tokens,min,599.00
171,1780554659323170560,1780554660323170560,Requested OSL,tokens,max,599.00
171,1780554659323170560,1780554660323170560,Requested OSL,tokens,sum,599.00
171,1780554659323170560,1780554660323170560,Requested OSL,tokens,p1,599.00
171,1780554659323170560,1780554660323170560,Requested OSL,tokens,p5,599.00
171,1780554659323170560,1780554660323170560,Requested OSL,tokens,p10,599.00
171,1780554659323170560,1780554660323170560,Requested OSL,tokens,p25,599.00
171,1780554659323170560,1780554660323170560,Requested OSL,tokens,p50,599.00
171,1780554659323170560,1780554660323170560,Requested OSL,tokens,p75,599.00
171,1780554659323170560,1780554660323170560,Requested OSL,tokens,p90,599.00
171,1780554659323170560,1780554660323170560,Requested OSL,tokens,p95,599.00
171,1780554659323170560,1780554660323170560,Requested OSL,tokens,p99,599.00
171,1780554659323170560,1780554660323170560,Requested OSL,tokens,std,0.00
171,1780554659323170560,1780554660323170560,Time to First Output Token,ms,avg,1897.28
171,1780554659323170560,1780554660323170560,Time to First Output Token,ms,min,1897.28
171,1780554659323170560,1780554660323170560,Time to First Output Token,ms,max,1897.28
171,1780554659323170560,1780554660323170560,Time to First Output Token,ms,sum,1897.28
171,1780554659323170560,1780554660323170560,Time to First Output Token,ms,p1,1897.28
171,1780554659323170560,1780554660323170560,Time to First Output Token,ms,p5,1897.28
171,1780554659323170560,1780554660323170560,Time to First Output Token,ms,p10,1897.28
171,1780554659323170560,1780554660323170560,Time to First Output Token,ms,p25,1897.28
171,1780554659323170560,1780554660323170560,Time to First Output Token,ms,p50,1897.28
171,1780554659323170560,1780554660323170560,Time to First Output Token,ms,p75,1897.28
171,1780554659323170560,1780554660323170560,Time to First Output Token,ms,p90,1897.28
171,1780554659323170560,1780554660323170560,Time to First Output Token,ms,p95,1897.28
171,1780554659323170560,1780554660323170560,Time to First Output Token,ms,p99,1897.28
171,1780554659323170560,1780554660323170560,Time to First Output Token,ms,std,0.00
171,1780554659323170560,1780554660323170560,Time to First Token,ms,avg,1897.28
171,1780554659323170560,1780554660323170560,Time to First Token,ms,min,1897.28
171,1780554659323170560,1780554660323170560,Time to First Token,ms,max,1897.28
171,1780554659323170560,1780554660323170560,Time to First Token,ms,sum,1897.28
171,1780554659323170560,1780554660323170560,Time to First Token,ms,p1,1897.28
171,1780554659323170560,1780554660323170560,Time to First Token,ms,p5,1897.28
171,1780554659323170560,1780554660323170560,Time to First Token,ms,p10,1897.28
171,1780554659323170560,1780554660323170560,Time to First Token,ms,p25,1897.28
171,1780554659323170560,1780554660323170560,Time to First Token,ms,p50,1897.28
171,1780554659323170560,1780554660323170560,Time to First Token,ms,p75,1897.28
171,1780554659323170560,1780554660323170560,Time to First Token,ms,p90,1897.28
171,1780554659323170560,1780554660323170560,Time to First Token,ms,p95,1897.28
171,1780554659323170560,1780554660323170560,Time to First Token,ms,p99,1897.28
171,1780554659323170560,1780554660323170560,Time to First Token,ms,std,0.00
171,1780554659323170560,1780554660323170560,Time to Second Token,ms,avg,26.73
171,1780554659323170560,1780554660323170560,Time to Second Token,ms,min,26.73
171,1780554659323170560,1780554660323170560,Time to Second Token,ms,max,26.73
171,1780554659323170560,1780554660323170560,Time to Second Token,ms,sum,26.73
171,1780554659323170560,1780554660323170560,Time to Second Token,ms,p1,26.73
171,1780554659323170560,1780554660323170560,Time to Second Token,ms,p5,26.73
171,1780554659323170560,1780554660323170560,Time to Second Token,ms,p10,26.73
171,1780554659323170560,1780554660323170560,Time to Second Token,ms,p25,26.73
171,1780554659323170560,1780554660323170560,Time to Second Token,ms,p50,26.73
171,1780554659323170560,1780554660323170560,Time to Second Token,ms,p75,26.73
171,1780554659323170560,1780554660323170560,Time to Second Token,ms,p90,26.73
171,1780554659323170560,1780554660323170560,Time to Second Token,ms,p95,26.73
171,1780554659323170560,1780554660323170560,Time to Second Token,ms,p99,26.73
171,1780554659323170560,1780554660323170560,Time to Second Token,ms,std,0.00
171,1780554659323170560,1780554660323170560,Tokens In Flight,tokens,avg,893305.13
171,1780554659323170560,1780554660323170560,Tokens In Flight,tokens,min,887877.34
171,1780554659323170560,1780554660323170560,Tokens In Flight,tokens,max,933238.69
171,1780554659323170560,1780554660323170560,Tokens In Flight,tokens,p50,887884.34
171,1780554659323170560,1780554660323170560,Tokens In Flight,tokens,p90,933237.34
171,1780554659323170560,1780554660323170560,Tokens In Flight,tokens,p95,933237.34
171,1780554659323170560,1780554660323170560,Tokens In Flight,tokens,p99,933238.69
171,1780554659323170560,1780554660323170560,Tokens In Flight,tokens,std,14714.07
171,1780554659323170560,1780554660323170560,Total Input Sequence Length,tokens,avg,45347.00
171,1780554659323170560,1780554660323170560,Total Output Sequence Length,tokens,avg,599.00
171,1780554659323170560,1780554660323170560,Total Output Tokens,tokens,avg,599.00
171,1780554659323170560,1780554660323170560,Total Token Throughput,tokens/sec,avg,45946.00
171,1780554659323170560,1780554660323170560,Total Usage Completion Tokens,tokens,avg,599.00
171,1780554659323170560,1780554660323170560,Total Usage Prompt Tokens,tokens,avg,45347.00
171,1780554659323170560,1780554660323170560,Total Usage Total Tokens,tokens,avg,45946.00
171,1780554659323170560,1780554660323170560,Usage Completion Tokens,tokens,avg,599.00
171,1780554659323170560,1780554660323170560,Usage Completion Tokens,tokens,min,599.00
171,1780554659323170560,1780554660323170560,Usage Completion Tokens,tokens,max,599.00
171,1780554659323170560,1780554660323170560,Usage Completion Tokens,tokens,sum,599.00
171,1780554659323170560,1780554660323170560,Usage Completion Tokens,tokens,p1,599.00
171,1780554659323170560,1780554660323170560,Usage Completion Tokens,tokens,p5,599.00
171,1780554659323170560,1780554660323170560,Usage Completion Tokens,tokens,p10,599.00
171,1780554659323170560,1780554660323170560,Usage Completion Tokens,tokens,p25,599.00
171,1780554659323170560,1780554660323170560,Usage Completion Tokens,tokens,p50,599.00
171,1780554659323170560,1780554660323170560,Usage Completion Tokens,tokens,p75,599.00
171,1780554659323170560,1780554660323170560,Usage Completion Tokens,tokens,p90,599.00
171,1780554659323170560,1780554660323170560,Usage Completion Tokens,tokens,p95,599.00
171,1780554659323170560,1780554660323170560,Usage Completion Tokens,tokens,p99,599.00
171,1780554659323170560,1780554660323170560,Usage Completion Tokens,tokens,std,0.00
171,1780554659323170560,1780554660323170560,Usage Prompt Tokens,tokens,avg,45347.00
171,1780554659323170560,1780554660323170560,Usage Prompt Tokens,tokens,min,45347.00
171,1780554659323170560,1780554660323170560,Usage Prompt Tokens,tokens,max,45347.00
171,1780554659323170560,1780554660323170560,Usage Prompt Tokens,tokens,sum,45347.00
171,1780554659323170560,1780554660323170560,Usage Prompt Tokens,tokens,p1,45347.00
171,1780554659323170560,1780554660323170560,Usage Prompt Tokens,tokens,p5,45347.00
171,1780554659323170560,1780554660323170560,Usage Prompt Tokens,tokens,p10,45347.00
171,1780554659323170560,1780554660323170560,Usage Prompt Tokens,tokens,p25,45347.00
171,1780554659323170560,1780554660323170560,Usage Prompt Tokens,tokens,p50,45347.00
171,1780554659323170560,1780554660323170560,Usage Prompt Tokens,tokens,p75,45347.00
171,1780554659323170560,1780554660323170560,Usage Prompt Tokens,tokens,p90,45347.00
171,1780554659323170560,1780554660323170560,Usage Prompt Tokens,tokens,p95,45347.00
171,1780554659323170560,1780554660323170560,Usage Prompt Tokens,tokens,p99,45347.00
171,1780554659323170560,1780554660323170560,Usage Prompt Tokens,tokens,std,0.00
171,1780554659323170560,1780554660323170560,Usage Total Tokens,tokens,avg,45946.00
171,1780554659323170560,1780554660323170560,Usage Total Tokens,tokens,min,45946.00
171,1780554659323170560,1780554660323170560,Usage Total Tokens,tokens,max,45946.00
171,1780554659323170560,1780554660323170560,Usage Total Tokens,tokens,sum,45946.00
171,1780554659323170560,1780554660323170560,Usage Total Tokens,tokens,p1,45946.00
171,1780554659323170560,1780554660323170560,Usage Total Tokens,tokens,p5,45946.00
171,1780554659323170560,1780554660323170560,Usage Total Tokens,tokens,p10,45946.00
171,1780554659323170560,1780554660323170560,Usage Total Tokens,tokens,p25,45946.00
171,1780554659323170560,1780554660323170560,Usage Total Tokens,tokens,p50,45946.00
171,1780554659323170560,1780554660323170560,Usage Total Tokens,tokens,p75,45946.00
171,1780554659323170560,1780554660323170560,Usage Total Tokens,tokens,p90,45946.00
171,1780554659323170560,1780554660323170560,Usage Total Tokens,tokens,p95,45946.00
171,1780554659323170560,1780554660323170560,Usage Total Tokens,tokens,p99,45946.00
171,1780554659323170560,1780554660323170560,Usage Total Tokens,tokens,std,0.00
172,1780554669323170560,1780554670323170560,Active Decode Throughput,tokens/sec,avg,39.39
172,1780554669323170560,1780554670323170560,Active Decode Throughput,tokens/sec,min,34.15
172,1780554669323170560,1780554670323170560,Active Decode Throughput,tokens/sec,max,44.13
172,1780554669323170560,1780554670323170560,Active Decode Throughput,tokens/sec,p50,39.14
172,1780554669323170560,1780554670323170560,Active Decode Throughput,tokens/sec,p90,40.30
172,1780554669323170560,1780554670323170560,Active Decode Throughput,tokens/sec,p95,40.31
172,1780554669323170560,1780554670323170560,Active Decode Throughput,tokens/sec,p99,40.31
172,1780554669323170560,1780554670323170560,Active Decode Throughput,tokens/sec,std,0.47
172,1780554669323170560,1780554670323170560,Active Decode Throughput Per User,tokens/sec/user,avg,6.56
172,1780554669323170560,1780554670323170560,Active Decode Throughput Per User,tokens/sec/user,min,5.69
172,1780554669323170560,1780554670323170560,Active Decode Throughput Per User,tokens/sec/user,max,7.36
172,1780554669323170560,1780554670323170560,Active Decode Throughput Per User,tokens/sec/user,p50,6.52
172,1780554669323170560,1780554670323170560,Active Decode Throughput Per User,tokens/sec/user,p90,6.72
172,1780554669323170560,1780554670323170560,Active Decode Throughput Per User,tokens/sec/user,p95,6.72
172,1780554669323170560,1780554670323170560,Active Decode Throughput Per User,tokens/sec/user,p99,6.72
172,1780554669323170560,1780554670323170560,Active Decode Throughput Per User,tokens/sec/user,std,0.11
172,1780554669323170560,1780554670323170560,Active Prefill Throughput,tokens/sec,avg,130450.54
172,1780554669323170560,1780554670323170560,Active Prefill Throughput,tokens/sec,min,130450.54
172,1780554669323170560,1780554670323170560,Active Prefill Throughput,tokens/sec,max,130450.54
172,1780554669323170560,1780554670323170560,Active Prefill Throughput,tokens/sec,p50,130450.54
172,1780554669323170560,1780554670323170560,Active Prefill Throughput,tokens/sec,p90,130450.54
172,1780554669323170560,1780554670323170560,Active Prefill Throughput,tokens/sec,p95,130450.54
172,1780554669323170560,1780554670323170560,Active Prefill Throughput,tokens/sec,p99,130450.54
172,1780554669323170560,1780554670323170560,Active Prefill Throughput,tokens/sec,std,0.00
172,1780554669323170560,1780554670323170560,Active Prefill Throughput Per User,tokens/sec/user,avg,130450.54
172,1780554669323170560,1780554670323170560,Active Prefill Throughput Per User,tokens/sec/user,min,130450.54
172,1780554669323170560,1780554670323170560,Active Prefill Throughput Per User,tokens/sec/user,max,130450.54
172,1780554669323170560,1780554670323170560,Active Prefill Throughput Per User,tokens/sec/user,p50,130450.54
172,1780554669323170560,1780554670323170560,Active Prefill Throughput Per User,tokens/sec/user,p90,130450.54
172,1780554669323170560,1780554670323170560,Active Prefill Throughput Per User,tokens/sec/user,p95,130450.54
172,1780554669323170560,1780554670323170560,Active Prefill Throughput Per User,tokens/sec/user,p99,130450.54
172,1780554669323170560,1780554670323170560,Active Prefill Throughput Per User,tokens/sec/user,std,0.00
172,1780554669323170560,1780554670323170560,Active Total Throughput,tokens/sec,avg,89046.14
172,1780554669323170560,1780554670323170560,Active Total Throughput,tokens/sec,min,52.84
172,1780554669323170560,1780554670323170560,Active Total Throughput,tokens/sec,max,130503.38
172,1780554669323170560,1780554670323170560,Active Total Throughput,tokens/sec,p50,130503.38
172,1780554669323170560,1780554670323170560,Active Total Throughput,tokens/sec,p90,130503.38
172,1780554669323170560,1780554670323170560,Active Total Throughput,tokens/sec,p95,130503.38
172,1780554669323170560,1780554670323170560,Active Total Throughput,tokens/sec,p99,130503.38
172,1780554669323170560,1780554670323170560,Active Total Throughput,tokens/sec,std,60739.17
172,1780554669323170560,1780554670323170560,Benchmark Duration,sec,avg,1.67
172,1780554669323170560,1780554670323170560,E2E Output Token Throughput,tokens/sec/user,avg,10.18
172,1780554669323170560,1780554670323170560,E2E Output Token Throughput,tokens/sec/user,min,10.18
172,1780554669323170560,1780554670323170560,E2E Output Token Throughput,tokens/sec/user,max,10.18
172,1780554669323170560,1780554670323170560,E2E Output Token Throughput,tokens/sec/user,sum,10.18
172,1780554669323170560,1780554670323170560,E2E Output Token Throughput,tokens/sec/user,p1,10.18
172,1780554669323170560,1780554670323170560,E2E Output Token Throughput,tokens/sec/user,p5,10.18
172,1780554669323170560,1780554670323170560,E2E Output Token Throughput,tokens/sec/user,p10,10.18
172,1780554669323170560,1780554670323170560,E2E Output Token Throughput,tokens/sec/user,p25,10.18
172,1780554669323170560,1780554670323170560,E2E Output Token Throughput,tokens/sec/user,p50,10.18
172,1780554669323170560,1780554670323170560,E2E Output Token Throughput,tokens/sec/user,p75,10.18
172,1780554669323170560,1780554670323170560,E2E Output Token Throughput,tokens/sec/user,p90,10.18
172,1780554669323170560,1780554670323170560,E2E Output Token Throughput,tokens/sec/user,p95,10.18
172,1780554669323170560,1780554670323170560,E2E Output Token Throughput,tokens/sec/user,p99,10.18
172,1780554669323170560,1780554670323170560,E2E Output Token Throughput,tokens/sec/user,std,0.00
172,1780554669323170560,1780554670323170560,Effective Concurrency,requests,avg,6.69
172,1780554669323170560,1780554670323170560,Effective Concurrency,requests,min,6.00
172,1780554669323170560,1780554670323170560,Effective Concurrency,requests,max,7.00
172,1780554669323170560,1780554670323170560,Effective Concurrency,requests,p50,7.00
172,1780554669323170560,1780554670323170560,Effective Concurrency,requests,p90,7.00
172,1780554669323170560,1780554670323170560,Effective Concurrency,requests,p95,7.00
172,1780554669323170560,1780554670323170560,Effective Concurrency,requests,p99,7.00
172,1780554669323170560,1780554670323170560,Effective Concurrency,requests,std,0.46
172,1780554669323170560,1780554670323170560,Effective Decode Concurrency,requests,avg,6.01
172,1780554669323170560,1780554670323170560,Effective Decode Concurrency,requests,min,6.00
172,1780554669323170560,1780554670323170560,Effective Decode Concurrency,requests,max,7.00
172,1780554669323170560,1780554670323170560,Effective Decode Concurrency,requests,p50,6.00
172,1780554669323170560,1780554670323170560,Effective Decode Concurrency,requests,p90,6.00
172,1780554669323170560,1780554670323170560,Effective Decode Concurrency,requests,p95,6.00
172,1780554669323170560,1780554670323170560,Effective Decode Concurrency,requests,p99,6.00
172,1780554669323170560,1780554670323170560,Effective Decode Concurrency,requests,std,0.10
172,1780554669323170560,1780554670323170560,Effective Decode Throughput,tokens/sec,avg,39.39
172,1780554669323170560,1780554670323170560,Effective Decode Throughput,tokens/sec,min,34.15
172,1780554669323170560,1780554670323170560,Effective Decode Throughput,tokens/sec,max,44.13
172,1780554669323170560,1780554670323170560,Effective Decode Throughput,tokens/sec,p50,39.14
172,1780554669323170560,1780554670323170560,Effective Decode Throughput,tokens/sec,p90,40.30
172,1780554669323170560,1780554670323170560,Effective Decode Throughput,tokens/sec,p95,40.31
172,1780554669323170560,1780554670323170560,Effective Decode Throughput,tokens/sec,p99,40.31
172,1780554669323170560,1780554670323170560,Effective Decode Throughput,tokens/sec,std,0.47
172,1780554669323170560,1780554670323170560,Effective Decode Throughput Per User,tokens/sec/user,avg,6.56
172,1780554669323170560,1780554670323170560,Effective Decode Throughput Per User,tokens/sec/user,min,5.69
172,1780554669323170560,1780554670323170560,Effective Decode Throughput Per User,tokens/sec/user,max,7.36
172,1780554669323170560,1780554670323170560,Effective Decode Throughput Per User,tokens/sec/user,p50,6.52
172,1780554669323170560,1780554670323170560,Effective Decode Throughput Per User,tokens/sec/user,p90,6.72
172,1780554669323170560,1780554670323170560,Effective Decode Throughput Per User,tokens/sec/user,p95,6.72
172,1780554669323170560,1780554670323170560,Effective Decode Throughput Per User,tokens/sec/user,p99,6.72
172,1780554669323170560,1780554670323170560,Effective Decode Throughput Per User,tokens/sec/user,std,0.11
172,1780554669323170560,1780554670323170560,Effective Prefill Concurrency,requests,avg,0.68
172,1780554669323170560,1780554670323170560,Effective Prefill Concurrency,requests,min,0.00
172,1780554669323170560,1780554670323170560,Effective Prefill Concurrency,requests,max,1.00
172,1780554669323170560,1780554670323170560,Effective Prefill Concurrency,requests,p50,1.00
172,1780554669323170560,1780554670323170560,Effective Prefill Concurrency,requests,p90,1.00
172,1780554669323170560,1780554670323170560,Effective Prefill Concurrency,requests,p95,1.00
172,1780554669323170560,1780554670323170560,Effective Prefill Concurrency,requests,p99,1.00
172,1780554669323170560,1780554670323170560,Effective Prefill Concurrency,requests,std,0.47
172,1780554669323170560,1780554670323170560,Effective Prefill Throughput,tokens/sec,avg,88992.00
172,1780554669323170560,1780554670323170560,Effective Prefill Throughput,tokens/sec,min,0.00
172,1780554669323170560,1780554670323170560,Effective Prefill Throughput,tokens/sec,max,130450.54
172,1780554669323170560,1780554670323170560,Effective Prefill Throughput,tokens/sec,p50,130450.54
172,1780554669323170560,1780554670323170560,Effective Prefill Throughput,tokens/sec,p90,130450.54
172,1780554669323170560,1780554670323170560,Effective Prefill Throughput,tokens/sec,p95,130450.54
172,1780554669323170560,1780554670323170560,Effective Prefill Throughput,tokens/sec,p99,130450.54
172,1780554669323170560,1780554670323170560,Effective Prefill Throughput,tokens/sec,std,60741.08
172,1780554669323170560,1780554670323170560,Effective Prefill Throughput Per User,tokens/sec/user,avg,88992.00
172,1780554669323170560,1780554670323170560,Effective Prefill Throughput Per User,tokens/sec/user,min,0.00
172,1780554669323170560,1780554670323170560,Effective Prefill Throughput Per User,tokens/sec/user,max,130450.54
172,1780554669323170560,1780554670323170560,Effective Prefill Throughput Per User,tokens/sec/user,p50,130450.54
172,1780554669323170560,1780554670323170560,Effective Prefill Throughput Per User,tokens/sec/user,p90,130450.54
172,1780554669323170560,1780554670323170560,Effective Prefill Throughput Per User,tokens/sec/user,p95,130450.54
172,1780554669323170560,1780554670323170560,Effective Prefill Throughput Per User,tokens/sec/user,p99,130450.54
172,1780554669323170560,1780554670323170560,Effective Prefill Throughput Per User,tokens/sec/user,std,60741.08
172,1780554669323170560,1780554670323170560,Effective Total Throughput,tokens/sec,avg,89046.14
172,1780554669323170560,1780554670323170560,Effective Total Throughput,tokens/sec,min,52.84
172,1780554669323170560,1780554670323170560,Effective Total Throughput,tokens/sec,max,130503.38
172,1780554669323170560,1780554670323170560,Effective Total Throughput,tokens/sec,p50,130503.38
172,1780554669323170560,1780554670323170560,Effective Total Throughput,tokens/sec,p90,130503.38
172,1780554669323170560,1780554670323170560,Effective Total Throughput,tokens/sec,p95,130503.38
172,1780554669323170560,1780554670323170560,Effective Total Throughput,tokens/sec,p99,130503.38
172,1780554669323170560,1780554670323170560,Effective Total Throughput,tokens/sec,std,60739.17
172,1780554669323170560,1780554670323170560,HTTP Blocked,ms,avg,0.00
172,1780554669323170560,1780554670323170560,HTTP Blocked,ms,min,0.00
172,1780554669323170560,1780554670323170560,HTTP Blocked,ms,max,0.00
172,1780554669323170560,1780554670323170560,HTTP Blocked,ms,sum,0.00
172,1780554669323170560,1780554670323170560,HTTP Blocked,ms,p1,0.00
172,1780554669323170560,1780554670323170560,HTTP Blocked,ms,p5,0.00
172,1780554669323170560,1780554670323170560,HTTP Blocked,ms,p10,0.00
172,1780554669323170560,1780554670323170560,HTTP Blocked,ms,p25,0.00
172,1780554669323170560,1780554670323170560,HTTP Blocked,ms,p50,0.00
172,1780554669323170560,1780554670323170560,HTTP Blocked,ms,p75,0.00
172,1780554669323170560,1780554670323170560,HTTP Blocked,ms,p90,0.00
172,1780554669323170560,1780554670323170560,HTTP Blocked,ms,p95,0.00
172,1780554669323170560,1780554670323170560,HTTP Blocked,ms,p99,0.00
172,1780554669323170560,1780554670323170560,HTTP Blocked,ms,std,0.00
172,1780554669323170560,1780554670323170560,HTTP Chunks Received,count,avg,17.00
172,1780554669323170560,1780554670323170560,HTTP Chunks Received,count,min,17.00
172,1780554669323170560,1780554670323170560,HTTP Chunks Received,count,max,17.00
172,1780554669323170560,1780554670323170560,HTTP Chunks Received,count,sum,17.00
172,1780554669323170560,1780554670323170560,HTTP Chunks Received,count,p1,17.00
172,1780554669323170560,1780554670323170560,HTTP Chunks Received,count,p5,17.00
172,1780554669323170560,1780554670323170560,HTTP Chunks Received,count,p10,17.00
172,1780554669323170560,1780554670323170560,HTTP Chunks Received,count,p25,17.00
172,1780554669323170560,1780554670323170560,HTTP Chunks Received,count,p50,17.00
172,1780554669323170560,1780554670323170560,HTTP Chunks Received,count,p75,17.00
172,1780554669323170560,1780554670323170560,HTTP Chunks Received,count,p90,17.00
172,1780554669323170560,1780554670323170560,HTTP Chunks Received,count,p95,17.00
172,1780554669323170560,1780554670323170560,HTTP Chunks Received,count,p99,17.00
172,1780554669323170560,1780554670323170560,HTTP Chunks Received,count,std,0.00
172,1780554669323170560,1780554670323170560,HTTP Chunks Sent,count,avg,1.00
172,1780554669323170560,1780554670323170560,HTTP Chunks Sent,count,min,1.00
172,1780554669323170560,1780554670323170560,HTTP Chunks Sent,count,max,1.00
172,1780554669323170560,1780554670323170560,HTTP Chunks Sent,count,sum,1.00
172,1780554669323170560,1780554670323170560,HTTP Chunks Sent,count,p1,1.00
172,1780554669323170560,1780554670323170560,HTTP Chunks Sent,count,p5,1.00
172,1780554669323170560,1780554670323170560,HTTP Chunks Sent,count,p10,1.00
172,1780554669323170560,1780554670323170560,HTTP Chunks Sent,count,p25,1.00
172,1780554669323170560,1780554670323170560,HTTP Chunks Sent,count,p50,1.00
172,1780554669323170560,1780554670323170560,HTTP Chunks Sent,count,p75,1.00
172,1780554669323170560,1780554670323170560,HTTP Chunks Sent,count,p90,1.00
172,1780554669323170560,1780554670323170560,HTTP Chunks Sent,count,p95,1.00
172,1780554669323170560,1780554670323170560,HTTP Chunks Sent,count,p99,1.00
172,1780554669323170560,1780554670323170560,HTTP Chunks Sent,count,std,0.00
172,1780554669323170560,1780554670323170560,HTTP Connecting,ms,avg,0.00
172,1780554669323170560,1780554670323170560,HTTP Connecting,ms,min,0.00
172,1780554669323170560,1780554670323170560,HTTP Connecting,ms,max,0.00
172,1780554669323170560,1780554670323170560,HTTP Connecting,ms,sum,0.00
172,1780554669323170560,1780554670323170560,HTTP Connecting,ms,p1,0.00
172,1780554669323170560,1780554670323170560,HTTP Connecting,ms,p5,0.00
172,1780554669323170560,1780554670323170560,HTTP Connecting,ms,p10,0.00
172,1780554669323170560,1780554670323170560,HTTP Connecting,ms,p25,0.00
172,1780554669323170560,1780554670323170560,HTTP Connecting,ms,p50,0.00
172,1780554669323170560,1780554670323170560,HTTP Connecting,ms,p75,0.00
172,1780554669323170560,1780554670323170560,HTTP Connecting,ms,p90,0.00
172,1780554669323170560,1780554670323170560,HTTP Connecting,ms,p95,0.00
172,1780554669323170560,1780554670323170560,HTTP Connecting,ms,p99,0.00
172,1780554669323170560,1780554670323170560,HTTP Connecting,ms,std,0.00
172,1780554669323170560,1780554670323170560,HTTP Connection Overhead,ms,avg,0.00
172,1780554669323170560,1780554670323170560,HTTP Connection Overhead,ms,min,0.00
172,1780554669323170560,1780554670323170560,HTTP Connection Overhead,ms,max,0.00
172,1780554669323170560,1780554670323170560,HTTP Connection Overhead,ms,sum,0.00
172,1780554669323170560,1780554670323170560,HTTP Connection Overhead,ms,p1,0.00
172,1780554669323170560,1780554670323170560,HTTP Connection Overhead,ms,p5,0.00
172,1780554669323170560,1780554670323170560,HTTP Connection Overhead,ms,p10,0.00
172,1780554669323170560,1780554670323170560,HTTP Connection Overhead,ms,p25,0.00
172,1780554669323170560,1780554670323170560,HTTP Connection Overhead,ms,p50,0.00
172,1780554669323170560,1780554670323170560,HTTP Connection Overhead,ms,p75,0.00
172,1780554669323170560,1780554670323170560,HTTP Connection Overhead,ms,p90,0.00
172,1780554669323170560,1780554670323170560,HTTP Connection Overhead,ms,p95,0.00
172,1780554669323170560,1780554670323170560,HTTP Connection Overhead,ms,p99,0.00
172,1780554669323170560,1780554670323170560,HTTP Connection Overhead,ms,std,0.00
172,1780554669323170560,1780554670323170560,HTTP Connection Reused,ratio,avg,1.00
172,1780554669323170560,1780554670323170560,HTTP Connection Reused,ratio,min,1.00
172,1780554669323170560,1780554670323170560,HTTP Connection Reused,ratio,max,1.00
172,1780554669323170560,1780554670323170560,HTTP Connection Reused,ratio,sum,1.00
172,1780554669323170560,1780554670323170560,HTTP Connection Reused,ratio,p1,1.00
172,1780554669323170560,1780554670323170560,HTTP Connection Reused,ratio,p5,1.00
172,1780554669323170560,1780554670323170560,HTTP Connection Reused,ratio,p10,1.00
172,1780554669323170560,1780554670323170560,HTTP Connection Reused,ratio,p25,1.00
172,1780554669323170560,1780554670323170560,HTTP Connection Reused,ratio,p50,1.00
172,1780554669323170560,1780554670323170560,HTTP Connection Reused,ratio,p75,1.00
172,1780554669323170560,1780554670323170560,HTTP Connection Reused,ratio,p90,1.00
172,1780554669323170560,1780554670323170560,HTTP Connection Reused,ratio,p95,1.00
172,1780554669323170560,1780554670323170560,HTTP Connection Reused,ratio,p99,1.00
172,1780554669323170560,1780554670323170560,HTTP Connection Reused,ratio,std,0.00
172,1780554669323170560,1780554670323170560,HTTP Data Received,KB,avg,4.85
172,1780554669323170560,1780554670323170560,HTTP Data Received,KB,min,4.85
172,1780554669323170560,1780554670323170560,HTTP Data Received,KB,max,4.85
172,1780554669323170560,1780554670323170560,HTTP Data Received,KB,sum,4.85
172,1780554669323170560,1780554670323170560,HTTP Data Received,KB,p1,4.85
172,1780554669323170560,1780554670323170560,HTTP Data Received,KB,p5,4.85
172,1780554669323170560,1780554670323170560,HTTP Data Received,KB,p10,4.85
172,1780554669323170560,1780554670323170560,HTTP Data Received,KB,p25,4.85
172,1780554669323170560,1780554670323170560,HTTP Data Received,KB,p50,4.85
172,1780554669323170560,1780554670323170560,HTTP Data Received,KB,p75,4.85
172,1780554669323170560,1780554670323170560,HTTP Data Received,KB,p90,4.85
172,1780554669323170560,1780554670323170560,HTTP Data Received,KB,p95,4.85
172,1780554669323170560,1780554670323170560,HTTP Data Received,KB,p99,4.85
172,1780554669323170560,1780554670323170560,HTTP Data Received,KB,std,0.00
172,1780554669323170560,1780554670323170560,HTTP Data Sent,KB,avg,344.89
172,1780554669323170560,1780554670323170560,HTTP Data Sent,KB,min,344.89
172,1780554669323170560,1780554670323170560,HTTP Data Sent,KB,max,344.89
172,1780554669323170560,1780554670323170560,HTTP Data Sent,KB,sum,344.89
172,1780554669323170560,1780554670323170560,HTTP Data Sent,KB,p1,344.89
172,1780554669323170560,1780554670323170560,HTTP Data Sent,KB,p5,344.89
172,1780554669323170560,1780554670323170560,HTTP Data Sent,KB,p10,344.89
172,1780554669323170560,1780554670323170560,HTTP Data Sent,KB,p25,344.89
172,1780554669323170560,1780554670323170560,HTTP Data Sent,KB,p50,344.89
172,1780554669323170560,1780554670323170560,HTTP Data Sent,KB,p75,344.89
172,1780554669323170560,1780554670323170560,HTTP Data Sent,KB,p90,344.89
172,1780554669323170560,1780554670323170560,HTTP Data Sent,KB,p95,344.89
172,1780554669323170560,1780554670323170560,HTTP Data Sent,KB,p99,344.89
172,1780554669323170560,1780554670323170560,HTTP Data Sent,KB,std,0.00
172,1780554669323170560,1780554670323170560,HTTP DNS Lookup,ms,avg,0.00
172,1780554669323170560,1780554670323170560,HTTP DNS Lookup,ms,min,0.00
172,1780554669323170560,1780554670323170560,HTTP DNS Lookup,ms,max,0.00
172,1780554669323170560,1780554670323170560,HTTP DNS Lookup,ms,sum,0.00
172,1780554669323170560,1780554670323170560,HTTP DNS Lookup,ms,p1,0.00
172,1780554669323170560,1780554670323170560,HTTP DNS Lookup,ms,p5,0.00
172,1780554669323170560,1780554670323170560,HTTP DNS Lookup,ms,p10,0.00
172,1780554669323170560,1780554670323170560,HTTP DNS Lookup,ms,p25,0.00
172,1780554669323170560,1780554670323170560,HTTP DNS Lookup,ms,p50,0.00
172,1780554669323170560,1780554670323170560,HTTP DNS Lookup,ms,p75,0.00
172,1780554669323170560,1780554670323170560,HTTP DNS Lookup,ms,p90,0.00
172,1780554669323170560,1780554670323170560,HTTP DNS Lookup,ms,p95,0.00
172,1780554669323170560,1780554670323170560,HTTP DNS Lookup,ms,p99,0.00
172,1780554669323170560,1780554670323170560,HTTP DNS Lookup,ms,std,0.00
172,1780554669323170560,1780554670323170560,HTTP Duration (excl. conn),ms,avg,1669.50
172,1780554669323170560,1780554670323170560,HTTP Duration (excl. conn),ms,min,1669.50
172,1780554669323170560,1780554670323170560,HTTP Duration (excl. conn),ms,max,1669.50
172,1780554669323170560,1780554670323170560,HTTP Duration (excl. conn),ms,sum,1669.50
172,1780554669323170560,1780554670323170560,HTTP Duration (excl. conn),ms,p1,1669.50
172,1780554669323170560,1780554670323170560,HTTP Duration (excl. conn),ms,p5,1669.50
172,1780554669323170560,1780554670323170560,HTTP Duration (excl. conn),ms,p10,1669.50
172,1780554669323170560,1780554670323170560,HTTP Duration (excl. conn),ms,p25,1669.50
172,1780554669323170560,1780554670323170560,HTTP Duration (excl. conn),ms,p50,1669.50
172,1780554669323170560,1780554670323170560,HTTP Duration (excl. conn),ms,p75,1669.50
172,1780554669323170560,1780554670323170560,HTTP Duration (excl. conn),ms,p90,1669.50
172,1780554669323170560,1780554670323170560,HTTP Duration (excl. conn),ms,p95,1669.50
172,1780554669323170560,1780554670323170560,HTTP Duration (excl. conn),ms,p99,1669.50
172,1780554669323170560,1780554670323170560,HTTP Duration (excl. conn),ms,std,0.00
172,1780554669323170560,1780554670323170560,HTTP Receiving,ms,avg,987.44
172,1780554669323170560,1780554670323170560,HTTP Receiving,ms,min,987.44
172,1780554669323170560,1780554670323170560,HTTP Receiving,ms,max,987.44
172,1780554669323170560,1780554670323170560,HTTP Receiving,ms,sum,987.44
172,1780554669323170560,1780554670323170560,HTTP Receiving,ms,p1,987.44
172,1780554669323170560,1780554670323170560,HTTP Receiving,ms,p5,987.44
172,1780554669323170560,1780554670323170560,HTTP Receiving,ms,p10,987.44
172,1780554669323170560,1780554670323170560,HTTP Receiving,ms,p25,987.44
172,1780554669323170560,1780554670323170560,HTTP Receiving,ms,p50,987.44
172,1780554669323170560,1780554670323170560,HTTP Receiving,ms,p75,987.44
172,1780554669323170560,1780554670323170560,HTTP Receiving,ms,p90,987.44
172,1780554669323170560,1780554670323170560,HTTP Receiving,ms,p95,987.44
172,1780554669323170560,1780554670323170560,HTTP Receiving,ms,p99,987.44
172,1780554669323170560,1780554670323170560,HTTP Receiving,ms,std,0.00
172,1780554669323170560,1780554670323170560,HTTP Sending,ms,avg,0.27
172,1780554669323170560,1780554670323170560,HTTP Sending,ms,min,0.27
172,1780554669323170560,1780554670323170560,HTTP Sending,ms,max,0.27
172,1780554669323170560,1780554670323170560,HTTP Sending,ms,sum,0.27
172,1780554669323170560,1780554670323170560,HTTP Sending,ms,p1,0.27
172,1780554669323170560,1780554670323170560,HTTP Sending,ms,p5,0.27
172,1780554669323170560,1780554670323170560,HTTP Sending,ms,p10,0.27
172,1780554669323170560,1780554670323170560,HTTP Sending,ms,p25,0.27
172,1780554669323170560,1780554670323170560,HTTP Sending,ms,p50,0.27
172,1780554669323170560,1780554670323170560,HTTP Sending,ms,p75,0.27
172,1780554669323170560,1780554670323170560,HTTP Sending,ms,p90,0.27
172,1780554669323170560,1780554670323170560,HTTP Sending,ms,p95,0.27
172,1780554669323170560,1780554670323170560,HTTP Sending,ms,p99,0.27
172,1780554669323170560,1780554670323170560,HTTP Sending,ms,std,0.00
172,1780554669323170560,1780554670323170560,HTTP Total Time,ms,avg,1669.50
172,1780554669323170560,1780554670323170560,HTTP Total Time,ms,min,1669.50
172,1780554669323170560,1780554670323170560,HTTP Total Time,ms,max,1669.50
172,1780554669323170560,1780554670323170560,HTTP Total Time,ms,sum,1669.50
172,1780554669323170560,1780554670323170560,HTTP Total Time,ms,p1,1669.50
172,1780554669323170560,1780554670323170560,HTTP Total Time,ms,p5,1669.50
172,1780554669323170560,1780554670323170560,HTTP Total Time,ms,p10,1669.50
172,1780554669323170560,1780554670323170560,HTTP Total Time,ms,p25,1669.50
172,1780554669323170560,1780554670323170560,HTTP Total Time,ms,p50,1669.50
172,1780554669323170560,1780554670323170560,HTTP Total Time,ms,p75,1669.50
172,1780554669323170560,1780554670323170560,HTTP Total Time,ms,p90,1669.50
172,1780554669323170560,1780554670323170560,HTTP Total Time,ms,p95,1669.50
172,1780554669323170560,1780554670323170560,HTTP Total Time,ms,p99,1669.50
172,1780554669323170560,1780554670323170560,HTTP Total Time,ms,std,0.00
172,1780554669323170560,1780554670323170560,HTTP Waiting (TTFB),ms,avg,681.79
172,1780554669323170560,1780554670323170560,HTTP Waiting (TTFB),ms,min,681.79
172,1780554669323170560,1780554670323170560,HTTP Waiting (TTFB),ms,max,681.79
172,1780554669323170560,1780554670323170560,HTTP Waiting (TTFB),ms,sum,681.79
172,1780554669323170560,1780554670323170560,HTTP Waiting (TTFB),ms,p1,681.79
172,1780554669323170560,1780554670323170560,HTTP Waiting (TTFB),ms,p5,681.79
172,1780554669323170560,1780554670323170560,HTTP Waiting (TTFB),ms,p10,681.79
172,1780554669323170560,1780554670323170560,HTTP Waiting (TTFB),ms,p25,681.79
172,1780554669323170560,1780554670323170560,HTTP Waiting (TTFB),ms,p50,681.79
172,1780554669323170560,1780554670323170560,HTTP Waiting (TTFB),ms,p75,681.79
172,1780554669323170560,1780554670323170560,HTTP Waiting (TTFB),ms,p90,681.79
172,1780554669323170560,1780554670323170560,HTTP Waiting (TTFB),ms,p95,681.79
172,1780554669323170560,1780554670323170560,HTTP Waiting (TTFB),ms,p99,681.79
172,1780554669323170560,1780554670323170560,HTTP Waiting (TTFB),ms,std,0.00
172,1780554669323170560,1780554670323170560,Input Sequence Length,tokens,avg,88992.00
172,1780554669323170560,1780554670323170560,Input Sequence Length,tokens,min,88992.00
172,1780554669323170560,1780554670323170560,Input Sequence Length,tokens,max,88992.00
172,1780554669323170560,1780554670323170560,Input Sequence Length,tokens,sum,88992.00
172,1780554669323170560,1780554670323170560,Input Sequence Length,tokens,p1,88992.00
172,1780554669323170560,1780554670323170560,Input Sequence Length,tokens,p5,88992.00
172,1780554669323170560,1780554670323170560,Input Sequence Length,tokens,p10,88992.00
172,1780554669323170560,1780554670323170560,Input Sequence Length,tokens,p25,88992.00
172,1780554669323170560,1780554670323170560,Input Sequence Length,tokens,p50,88992.00
172,1780554669323170560,1780554670323170560,Input Sequence Length,tokens,p75,88992.00
172,1780554669323170560,1780554670323170560,Input Sequence Length,tokens,p90,88992.00
172,1780554669323170560,1780554670323170560,Input Sequence Length,tokens,p95,88992.00
172,1780554669323170560,1780554670323170560,Input Sequence Length,tokens,p99,88992.00
172,1780554669323170560,1780554670323170560,Input Sequence Length,tokens,std,0.00
172,1780554669323170560,1780554670323170560,Input Token Throughput,tokens/sec,avg,88992.00
172,1780554669323170560,1780554670323170560,Inter Chunk Latency,ms,avg,844.60
172,1780554669323170560,1780554670323170560,Inter Chunk Latency,ms,min,844.08
172,1780554669323170560,1780554670323170560,Inter Chunk Latency,ms,max,844.94
172,1780554669323170560,1780554670323170560,Inter Chunk Latency,ms,sum,13513.58
172,1780554669323170560,1780554670323170560,Inter Chunk Latency,ms,p1,844.09
172,1780554669323170560,1780554670323170560,Inter Chunk Latency,ms,p5,844.14
172,1780554669323170560,1780554670323170560,Inter Chunk Latency,ms,p10,844.17
172,1780554669323170560,1780554670323170560,Inter Chunk Latency,ms,p25,844.19
172,1780554669323170560,1780554670323170560,Inter Chunk Latency,ms,p50,844.77
172,1780554669323170560,1780554670323170560,Inter Chunk Latency,ms,p75,844.90
172,1780554669323170560,1780554670323170560,Inter Chunk Latency,ms,p90,844.92
172,1780554669323170560,1780554670323170560,Inter Chunk Latency,ms,p95,844.93
172,1780554669323170560,1780554670323170560,Inter Chunk Latency,ms,p99,844.93
172,1780554669323170560,1780554670323170560,Inter Chunk Latency,ms,std,0.33
172,1780554669323170560,1780554670323170560,Inter Token Latency,ms,avg,61.71
172,1780554669323170560,1780554670323170560,Inter Token Latency,ms,min,61.71
172,1780554669323170560,1780554670323170560,Inter Token Latency,ms,max,61.71
172,1780554669323170560,1780554670323170560,Inter Token Latency,ms,sum,61.71
172,1780554669323170560,1780554670323170560,Inter Token Latency,ms,p1,61.71
172,1780554669323170560,1780554670323170560,Inter Token Latency,ms,p5,61.71
172,1780554669323170560,1780554670323170560,Inter Token Latency,ms,p10,61.71
172,1780554669323170560,1780554670323170560,Inter Token Latency,ms,p25,61.71
172,1780554669323170560,1780554670323170560,Inter Token Latency,ms,p50,61.71
172,1780554669323170560,1780554670323170560,Inter Token Latency,ms,p75,61.71
172,1780554669323170560,1780554670323170560,Inter Token Latency,ms,p90,61.71
172,1780554669323170560,1780554670323170560,Inter Token Latency,ms,p95,61.71
172,1780554669323170560,1780554670323170560,Inter Token Latency,ms,p99,61.71
172,1780554669323170560,1780554670323170560,Inter Token Latency,ms,std,0.00
172,1780554669323170560,1780554670323170560,Maximum Response Timestamp,ns,avg,1780554671099607808.00
172,1780554669323170560,1780554670323170560,Minimum Request Timestamp,ns,avg,1780554669429984256.00
172,1780554669323170560,1780554670323170560,OSL Mismatch Count,requests,avg,0.00
172,1780554669323170560,1780554670323170560,OSL Mismatch Diff %,%,avg,0.00
172,1780554669323170560,1780554670323170560,OSL Mismatch Diff %,%,min,0.00
172,1780554669323170560,1780554670323170560,OSL Mismatch Diff %,%,max,0.00
172,1780554669323170560,1780554670323170560,OSL Mismatch Diff %,%,sum,0.00
172,1780554669323170560,1780554670323170560,OSL Mismatch Diff %,%,p1,0.00
172,1780554669323170560,1780554670323170560,OSL Mismatch Diff %,%,p5,0.00
172,1780554669323170560,1780554670323170560,OSL Mismatch Diff %,%,p10,0.00
172,1780554669323170560,1780554670323170560,OSL Mismatch Diff %,%,p25,0.00
172,1780554669323170560,1780554670323170560,OSL Mismatch Diff %,%,p50,0.00
172,1780554669323170560,1780554670323170560,OSL Mismatch Diff %,%,p75,0.00
172,1780554669323170560,1780554670323170560,OSL Mismatch Diff %,%,p90,0.00
172,1780554669323170560,1780554670323170560,OSL Mismatch Diff %,%,p95,0.00
172,1780554669323170560,1780554670323170560,OSL Mismatch Diff %,%,p99,0.00
172,1780554669323170560,1780554670323170560,OSL Mismatch Diff %,%,std,0.00
172,1780554669323170560,1780554670323170560,Output Sequence Length,tokens,avg,17.00
172,1780554669323170560,1780554670323170560,Output Sequence Length,tokens,min,17.00
172,1780554669323170560,1780554670323170560,Output Sequence Length,tokens,max,17.00
172,1780554669323170560,1780554670323170560,Output Sequence Length,tokens,sum,17.00
172,1780554669323170560,1780554670323170560,Output Sequence Length,tokens,p1,17.00
172,1780554669323170560,1780554670323170560,Output Sequence Length,tokens,p5,17.00
172,1780554669323170560,1780554670323170560,Output Sequence Length,tokens,p10,17.00
172,1780554669323170560,1780554670323170560,Output Sequence Length,tokens,p25,17.00
172,1780554669323170560,1780554670323170560,Output Sequence Length,tokens,p50,17.00
172,1780554669323170560,1780554670323170560,Output Sequence Length,tokens,p75,17.00
172,1780554669323170560,1780554670323170560,Output Sequence Length,tokens,p90,17.00
172,1780554669323170560,1780554670323170560,Output Sequence Length,tokens,p95,17.00
172,1780554669323170560,1780554670323170560,Output Sequence Length,tokens,p99,17.00
172,1780554669323170560,1780554670323170560,Output Sequence Length,tokens,std,0.00
172,1780554669323170560,1780554670323170560,Output Token Count,tokens,avg,17.00
172,1780554669323170560,1780554670323170560,Output Token Count,tokens,min,17.00
172,1780554669323170560,1780554670323170560,Output Token Count,tokens,max,17.00
172,1780554669323170560,1780554670323170560,Output Token Count,tokens,sum,17.00
172,1780554669323170560,1780554670323170560,Output Token Count,tokens,p1,17.00
172,1780554669323170560,1780554670323170560,Output Token Count,tokens,p5,17.00
172,1780554669323170560,1780554670323170560,Output Token Count,tokens,p10,17.00
172,1780554669323170560,1780554670323170560,Output Token Count,tokens,p25,17.00
172,1780554669323170560,1780554670323170560,Output Token Count,tokens,p50,17.00
172,1780554669323170560,1780554670323170560,Output Token Count,tokens,p75,17.00
172,1780554669323170560,1780554670323170560,Output Token Count,tokens,p90,17.00
172,1780554669323170560,1780554670323170560,Output Token Count,tokens,p95,17.00
172,1780554669323170560,1780554670323170560,Output Token Count,tokens,p99,17.00
172,1780554669323170560,1780554670323170560,Output Token Count,tokens,std,0.00
172,1780554669323170560,1780554670323170560,Output Token Throughput,tokens/sec,avg,17.00
172,1780554669323170560,1780554670323170560,Output Token Throughput Per User,tokens/sec/user,avg,16.20
172,1780554669323170560,1780554670323170560,Output Token Throughput Per User,tokens/sec/user,min,16.20
172,1780554669323170560,1780554670323170560,Output Token Throughput Per User,tokens/sec/user,max,16.20
172,1780554669323170560,1780554670323170560,Output Token Throughput Per User,tokens/sec/user,sum,16.20
172,1780554669323170560,1780554670323170560,Output Token Throughput Per User,tokens/sec/user,p1,16.20
172,1780554669323170560,1780554670323170560,Output Token Throughput Per User,tokens/sec/user,p5,16.20
172,1780554669323170560,1780554670323170560,Output Token Throughput Per User,tokens/sec/user,p10,16.20
172,1780554669323170560,1780554670323170560,Output Token Throughput Per User,tokens/sec/user,p25,16.20
172,1780554669323170560,1780554670323170560,Output Token Throughput Per User,tokens/sec/user,p50,16.20
172,1780554669323170560,1780554670323170560,Output Token Throughput Per User,tokens/sec/user,p75,16.20
172,1780554669323170560,1780554670323170560,Output Token Throughput Per User,tokens/sec/user,p90,16.20
172,1780554669323170560,1780554670323170560,Output Token Throughput Per User,tokens/sec/user,p95,16.20
172,1780554669323170560,1780554670323170560,Output Token Throughput Per User,tokens/sec/user,p99,16.20
172,1780554669323170560,1780554670323170560,Output Token Throughput Per User,tokens/sec/user,std,0.00
172,1780554669323170560,1780554670323170560,Prefill Throughput Per User,tokens/sec/user,avg,130450.54
172,1780554669323170560,1780554670323170560,Prefill Throughput Per User,tokens/sec/user,min,130450.54
172,1780554669323170560,1780554670323170560,Prefill Throughput Per User,tokens/sec/user,max,130450.54
172,1780554669323170560,1780554670323170560,Prefill Throughput Per User,tokens/sec/user,sum,130450.54
172,1780554669323170560,1780554670323170560,Prefill Throughput Per User,tokens/sec/user,p1,130450.54
172,1780554669323170560,1780554670323170560,Prefill Throughput Per User,tokens/sec/user,p5,130450.54
172,1780554669323170560,1780554670323170560,Prefill Throughput Per User,tokens/sec/user,p10,130450.54
172,1780554669323170560,1780554670323170560,Prefill Throughput Per User,tokens/sec/user,p25,130450.54
172,1780554669323170560,1780554670323170560,Prefill Throughput Per User,tokens/sec/user,p50,130450.54
172,1780554669323170560,1780554670323170560,Prefill Throughput Per User,tokens/sec/user,p75,130450.54
172,1780554669323170560,1780554670323170560,Prefill Throughput Per User,tokens/sec/user,p90,130450.54
172,1780554669323170560,1780554670323170560,Prefill Throughput Per User,tokens/sec/user,p95,130450.54
172,1780554669323170560,1780554670323170560,Prefill Throughput Per User,tokens/sec/user,p99,130450.54
172,1780554669323170560,1780554670323170560,Prefill Throughput Per User,tokens/sec/user,std,0.00
172,1780554669323170560,1780554670323170560,Request Count,requests,avg,1.00
172,1780554669323170560,1780554670323170560,Request Latency,ms,avg,1669.62
172,1780554669323170560,1780554670323170560,Request Latency,ms,min,1669.62
172,1780554669323170560,1780554670323170560,Request Latency,ms,max,1669.62
172,1780554669323170560,1780554670323170560,Request Latency,ms,sum,1669.62
172,1780554669323170560,1780554670323170560,Request Latency,ms,p1,1669.62
172,1780554669323170560,1780554670323170560,Request Latency,ms,p5,1669.62
172,1780554669323170560,1780554670323170560,Request Latency,ms,p10,1669.62
172,1780554669323170560,1780554670323170560,Request Latency,ms,p25,1669.62
172,1780554669323170560,1780554670323170560,Request Latency,ms,p50,1669.62
172,1780554669323170560,1780554670323170560,Request Latency,ms,p75,1669.62
172,1780554669323170560,1780554670323170560,Request Latency,ms,p90,1669.62
172,1780554669323170560,1780554670323170560,Request Latency,ms,p95,1669.62
172,1780554669323170560,1780554670323170560,Request Latency,ms,p99,1669.62
172,1780554669323170560,1780554670323170560,Request Latency,ms,std,0.00
172,1780554669323170560,1780554670323170560,Request Throughput,requests/sec,avg,1.00
172,1780554669323170560,1780554670323170560,Requested OSL,tokens,avg,17.00
172,1780554669323170560,1780554670323170560,Requested OSL,tokens,min,17.00
172,1780554669323170560,1780554670323170560,Requested OSL,tokens,max,17.00
172,1780554669323170560,1780554670323170560,Requested OSL,tokens,sum,17.00
172,1780554669323170560,1780554670323170560,Requested OSL,tokens,p1,17.00
172,1780554669323170560,1780554670323170560,Requested OSL,tokens,p5,17.00
172,1780554669323170560,1780554670323170560,Requested OSL,tokens,p10,17.00
172,1780554669323170560,1780554670323170560,Requested OSL,tokens,p25,17.00
172,1780554669323170560,1780554670323170560,Requested OSL,tokens,p50,17.00
172,1780554669323170560,1780554670323170560,Requested OSL,tokens,p75,17.00
172,1780554669323170560,1780554670323170560,Requested OSL,tokens,p90,17.00
172,1780554669323170560,1780554670323170560,Requested OSL,tokens,p95,17.00
172,1780554669323170560,1780554670323170560,Requested OSL,tokens,p99,17.00
172,1780554669323170560,1780554670323170560,Requested OSL,tokens,std,0.00
172,1780554669323170560,1780554670323170560,Time to First Output Token,ms,avg,682.19
172,1780554669323170560,1780554670323170560,Time to First Output Token,ms,min,682.19
172,1780554669323170560,1780554670323170560,Time to First Output Token,ms,max,682.19
172,1780554669323170560,1780554670323170560,Time to First Output Token,ms,sum,682.19
172,1780554669323170560,1780554670323170560,Time to First Output Token,ms,p1,682.19
172,1780554669323170560,1780554670323170560,Time to First Output Token,ms,p5,682.19
172,1780554669323170560,1780554670323170560,Time to First Output Token,ms,p10,682.19
172,1780554669323170560,1780554670323170560,Time to First Output Token,ms,p25,682.19
172,1780554669323170560,1780554670323170560,Time to First Output Token,ms,p50,682.19
172,1780554669323170560,1780554670323170560,Time to First Output Token,ms,p75,682.19
172,1780554669323170560,1780554670323170560,Time to First Output Token,ms,p90,682.19
172,1780554669323170560,1780554670323170560,Time to First Output Token,ms,p95,682.19
172,1780554669323170560,1780554670323170560,Time to First Output Token,ms,p99,682.19
172,1780554669323170560,1780554670323170560,Time to First Output Token,ms,std,0.00
172,1780554669323170560,1780554670323170560,Time to First Token,ms,avg,682.19
172,1780554669323170560,1780554670323170560,Time to First Token,ms,min,682.19
172,1780554669323170560,1780554670323170560,Time to First Token,ms,max,682.19
172,1780554669323170560,1780554670323170560,Time to First Token,ms,sum,682.19
172,1780554669323170560,1780554670323170560,Time to First Token,ms,p1,682.19
172,1780554669323170560,1780554670323170560,Time to First Token,ms,p5,682.19
172,1780554669323170560,1780554670323170560,Time to First Token,ms,p10,682.19
172,1780554669323170560,1780554670323170560,Time to First Token,ms,p25,682.19
172,1780554669323170560,1780554670323170560,Time to First Token,ms,p50,682.19
172,1780554669323170560,1780554670323170560,Time to First Token,ms,p75,682.19
172,1780554669323170560,1780554670323170560,Time to First Token,ms,p90,682.19
172,1780554669323170560,1780554670323170560,Time to First Token,ms,p95,682.19
172,1780554669323170560,1780554670323170560,Time to First Token,ms,p99,682.19
172,1780554669323170560,1780554670323170560,Time to First Token,ms,std,0.00
172,1780554669323170560,1780554670323170560,Time to Second Token,ms,avg,9.36
172,1780554669323170560,1780554670323170560,Time to Second Token,ms,min,9.36
172,1780554669323170560,1780554670323170560,Time to Second Token,ms,max,9.36
172,1780554669323170560,1780554670323170560,Time to Second Token,ms,sum,9.36
172,1780554669323170560,1780554670323170560,Time to Second Token,ms,p1,9.36
172,1780554669323170560,1780554670323170560,Time to Second Token,ms,p5,9.36
172,1780554669323170560,1780554670323170560,Time to Second Token,ms,p10,9.36
172,1780554669323170560,1780554670323170560,Time to Second Token,ms,p25,9.36
172,1780554669323170560,1780554670323170560,Time to Second Token,ms,p50,9.36
172,1780554669323170560,1780554670323170560,Time to Second Token,ms,p75,9.36
172,1780554669323170560,1780554670323170560,Time to Second Token,ms,p90,9.36
172,1780554669323170560,1780554670323170560,Time to Second Token,ms,p95,9.36
172,1780554669323170560,1780554670323170560,Time to Second Token,ms,p99,9.36
172,1780554669323170560,1780554670323170560,Time to Second Token,ms,std,0.00
172,1780554669323170560,1780554670323170560,Tokens In Flight,tokens,avg,548219.13
172,1780554669323170560,1780554670323170560,Tokens In Flight,tokens,min,468590.57
172,1780554669323170560,1780554670323170560,Tokens In Flight,tokens,max,582347.57
172,1780554669323170560,1780554670323170560,Tokens In Flight,tokens,p50,580221.22
172,1780554669323170560,1780554670323170560,Tokens In Flight,tokens,p90,580225.57
172,1780554669323170560,1780554670323170560,Tokens In Flight,tokens,p95,580225.57
172,1780554669323170560,1780554670323170560,Tokens In Flight,tokens,p99,580225.57
172,1780554669323170560,1780554670323170560,Tokens In Flight,tokens,std,48302.98
172,1780554669323170560,1780554670323170560,Total Input Sequence Length,tokens,avg,88992.00
172,1780554669323170560,1780554670323170560,Total Output Sequence Length,tokens,avg,17.00
172,1780554669323170560,1780554670323170560,Total Output Tokens,tokens,avg,17.00
172,1780554669323170560,1780554670323170560,Total Token Throughput,tokens/sec,avg,89009.00
172,1780554669323170560,1780554670323170560,Total Usage Completion Tokens,tokens,avg,17.00
172,1780554669323170560,1780554670323170560,Total Usage Prompt Tokens,tokens,avg,88992.00
172,1780554669323170560,1780554670323170560,Total Usage Total Tokens,tokens,avg,89009.00
172,1780554669323170560,1780554670323170560,Usage Completion Tokens,tokens,avg,17.00
172,1780554669323170560,1780554670323170560,Usage Completion Tokens,tokens,min,17.00
172,1780554669323170560,1780554670323170560,Usage Completion Tokens,tokens,max,17.00
172,1780554669323170560,1780554670323170560,Usage Completion Tokens,tokens,sum,17.00
172,1780554669323170560,1780554670323170560,Usage Completion Tokens,tokens,p1,17.00
172,1780554669323170560,1780554670323170560,Usage Completion Tokens,tokens,p5,17.00
172,1780554669323170560,1780554670323170560,Usage Completion Tokens,tokens,p10,17.00
172,1780554669323170560,1780554670323170560,Usage Completion Tokens,tokens,p25,17.00
172,1780554669323170560,1780554670323170560,Usage Completion Tokens,tokens,p50,17.00
172,1780554669323170560,1780554670323170560,Usage Completion Tokens,tokens,p75,17.00
172,1780554669323170560,1780554670323170560,Usage Completion Tokens,tokens,p90,17.00
172,1780554669323170560,1780554670323170560,Usage Completion Tokens,tokens,p95,17.00
172,1780554669323170560,1780554670323170560,Usage Completion Tokens,tokens,p99,17.00
172,1780554669323170560,1780554670323170560,Usage Completion Tokens,tokens,std,0.00
172,1780554669323170560,1780554670323170560,Usage Prompt Tokens,tokens,avg,88992.00
172,1780554669323170560,1780554670323170560,Usage Prompt Tokens,tokens,min,88992.00
172,1780554669323170560,1780554670323170560,Usage Prompt Tokens,tokens,max,88992.00
172,1780554669323170560,1780554670323170560,Usage Prompt Tokens,tokens,sum,88992.00
172,1780554669323170560,1780554670323170560,Usage Prompt Tokens,tokens,p1,88992.00
172,1780554669323170560,1780554670323170560,Usage Prompt Tokens,tokens,p5,88992.00
172,1780554669323170560,1780554670323170560,Usage Prompt Tokens,tokens,p10,88992.00
172,1780554669323170560,1780554670323170560,Usage Prompt Tokens,tokens,p25,88992.00
172,1780554669323170560,1780554670323170560,Usage Prompt Tokens,tokens,p50,88992.00
172,1780554669323170560,1780554670323170560,Usage Prompt Tokens,tokens,p75,88992.00
172,1780554669323170560,1780554670323170560,Usage Prompt Tokens,tokens,p90,88992.00
172,1780554669323170560,1780554670323170560,Usage Prompt Tokens,tokens,p95,88992.00
172,1780554669323170560,1780554670323170560,Usage Prompt Tokens,tokens,p99,88992.00
172,1780554669323170560,1780554670323170560,Usage Prompt Tokens,tokens,std,0.00
172,1780554669323170560,1780554670323170560,Usage Total Tokens,tokens,avg,89009.00
172,1780554669323170560,1780554670323170560,Usage Total Tokens,tokens,min,89009.00
172,1780554669323170560,1780554670323170560,Usage Total Tokens,tokens,max,89009.00
172,1780554669323170560,1780554670323170560,Usage Total Tokens,tokens,sum,89009.00
172,1780554669323170560,1780554670323170560,Usage Total Tokens,tokens,p1,89009.00
172,1780554669323170560,1780554670323170560,Usage Total Tokens,tokens,p5,89009.00
172,1780554669323170560,1780554670323170560,Usage Total Tokens,tokens,p10,89009.00
172,1780554669323170560,1780554670323170560,Usage Total Tokens,tokens,p25,89009.00
172,1780554669323170560,1780554670323170560,Usage Total Tokens,tokens,p50,89009.00
172,1780554669323170560,1780554670323170560,Usage Total Tokens,tokens,p75,89009.00
172,1780554669323170560,1780554670323170560,Usage Total Tokens,tokens,p90,89009.00
172,1780554669323170560,1780554670323170560,Usage Total Tokens,tokens,p95,89009.00
172,1780554669323170560,1780554670323170560,Usage Total Tokens,tokens,p99,89009.00
172,1780554669323170560,1780554670323170560,Usage Total Tokens,tokens,std,0.00
173,1780554682323170560,1780554683323170560,Active Decode Throughput,tokens/sec,avg,39.90
173,1780554682323170560,1780554683323170560,Active Decode Throughput,tokens/sec,min,33.73
173,1780554682323170560,1780554683323170560,Active Decode Throughput,tokens/sec,max,44.67
173,1780554682323170560,1780554683323170560,Active Decode Throughput,tokens/sec,p50,39.90
173,1780554682323170560,1780554683323170560,Active Decode Throughput,tokens/sec,p90,39.93
173,1780554682323170560,1780554683323170560,Active Decode Throughput,tokens/sec,p95,39.93
173,1780554682323170560,1780554683323170560,Active Decode Throughput,tokens/sec,p99,39.93
173,1780554682323170560,1780554683323170560,Active Decode Throughput,tokens/sec,std,0.02
173,1780554682323170560,1780554683323170560,Active Decode Throughput Per User,tokens/sec/user,avg,7.98
173,1780554682323170560,1780554683323170560,Active Decode Throughput Per User,tokens/sec/user,min,6.75
173,1780554682323170560,1780554683323170560,Active Decode Throughput Per User,tokens/sec/user,max,8.93
173,1780554682323170560,1780554683323170560,Active Decode Throughput Per User,tokens/sec/user,p50,7.98
173,1780554682323170560,1780554683323170560,Active Decode Throughput Per User,tokens/sec/user,p90,7.99
173,1780554682323170560,1780554683323170560,Active Decode Throughput Per User,tokens/sec/user,p95,7.99
173,1780554682323170560,1780554683323170560,Active Decode Throughput Per User,tokens/sec/user,p99,7.99
173,1780554682323170560,1780554683323170560,Active Decode Throughput Per User,tokens/sec/user,std,0.00
173,1780554682323170560,1780554683323170560,Active Prefill Throughput,tokens/sec,avg,9540.55
173,1780554682323170560,1780554683323170560,Active Prefill Throughput,tokens/sec,min,9540.55
173,1780554682323170560,1780554683323170560,Active Prefill Throughput,tokens/sec,max,9540.55
173,1780554682323170560,1780554683323170560,Active Prefill Throughput,tokens/sec,p50,9540.55
173,1780554682323170560,1780554683323170560,Active Prefill Throughput,tokens/sec,p90,9540.55
173,1780554682323170560,1780554683323170560,Active Prefill Throughput,tokens/sec,p95,9540.55
173,1780554682323170560,1780554683323170560,Active Prefill Throughput,tokens/sec,p99,9540.55
173,1780554682323170560,1780554683323170560,Active Prefill Throughput,tokens/sec,std,0.00
173,1780554682323170560,1780554683323170560,Active Prefill Throughput Per User,tokens/sec/user,avg,9540.55
173,1780554682323170560,1780554683323170560,Active Prefill Throughput Per User,tokens/sec/user,min,9540.55
173,1780554682323170560,1780554683323170560,Active Prefill Throughput Per User,tokens/sec/user,max,9540.55
173,1780554682323170560,1780554683323170560,Active Prefill Throughput Per User,tokens/sec/user,p50,9540.55
173,1780554682323170560,1780554683323170560,Active Prefill Throughput Per User,tokens/sec/user,p90,9540.55
173,1780554682323170560,1780554683323170560,Active Prefill Throughput Per User,tokens/sec/user,p95,9540.55
173,1780554682323170560,1780554683323170560,Active Prefill Throughput Per User,tokens/sec/user,p99,9540.55
173,1780554682323170560,1780554683323170560,Active Prefill Throughput Per User,tokens/sec/user,std,0.00
173,1780554682323170560,1780554683323170560,Active Total Throughput,tokens/sec,avg,1459.71
173,1780554682323170560,1780554683323170560,Active Total Throughput,tokens/sec,min,42.33
173,1780554682323170560,1780554683323170560,Active Total Throughput,tokens/sec,max,9582.88
173,1780554682323170560,1780554683323170560,Active Total Throughput,tokens/sec,p50,42.33
173,1780554682323170560,1780554683323170560,Active Total Throughput,tokens/sec,p90,9582.88
173,1780554682323170560,1780554683323170560,Active Total Throughput,tokens/sec,p95,9582.88
173,1780554682323170560,1780554683323170560,Active Total Throughput,tokens/sec,p99,9582.88
173,1780554682323170560,1780554683323170560,Active Total Throughput,tokens/sec,std,3393.17
173,1780554682323170560,1780554683323170560,Benchmark Duration,sec,avg,11.28
173,1780554682323170560,1780554683323170560,E2E Output Token Throughput,tokens/sec/user,avg,0.53
173,1780554682323170560,1780554683323170560,E2E Output Token Throughput,tokens/sec/user,min,0.53
173,1780554682323170560,1780554683323170560,E2E Output Token Throughput,tokens/sec/user,max,0.53
173,1780554682323170560,1780554683323170560,E2E Output Token Throughput,tokens/sec/user,sum,0.53
173,1780554682323170560,1780554683323170560,E2E Output Token Throughput,tokens/sec/user,p1,0.53
173,1780554682323170560,1780554683323170560,E2E Output Token Throughput,tokens/sec/user,p5,0.53
173,1780554682323170560,1780554683323170560,E2E Output Token Throughput,tokens/sec/user,p10,0.53
173,1780554682323170560,1780554683323170560,E2E Output Token Throughput,tokens/sec/user,p25,0.53
173,1780554682323170560,1780554683323170560,E2E Output Token Throughput,tokens/sec/user,p50,0.53
173,1780554682323170560,1780554683323170560,E2E Output Token Throughput,tokens/sec/user,p75,0.53
173,1780554682323170560,1780554683323170560,E2E Output Token Throughput,tokens/sec/user,p90,0.53
173,1780554682323170560,1780554683323170560,E2E Output Token Throughput,tokens/sec/user,p95,0.53
173,1780554682323170560,1780554683323170560,E2E Output Token Throughput,tokens/sec/user,p99,0.53
173,1780554682323170560,1780554683323170560,E2E Output Token Throughput,tokens/sec/user,std,0.00
173,1780554682323170560,1780554683323170560,Effective Concurrency,requests,avg,5.15
173,1780554682323170560,1780554683323170560,Effective Concurrency,requests,min,5.00
173,1780554682323170560,1780554683323170560,Effective Concurrency,requests,max,6.00
173,1780554682323170560,1780554683323170560,Effective Concurrency,requests,p50,5.00
173,1780554682323170560,1780554683323170560,Effective Concurrency,requests,p90,6.00
173,1780554682323170560,1780554683323170560,Effective Concurrency,requests,p95,6.00
173,1780554682323170560,1780554683323170560,Effective Concurrency,requests,p99,6.00
173,1780554682323170560,1780554683323170560,Effective Concurrency,requests,std,0.36
173,1780554682323170560,1780554683323170560,Effective Decode Concurrency,requests,avg,5.00
173,1780554682323170560,1780554683323170560,Effective Decode Concurrency,requests,min,5.00
173,1780554682323170560,1780554683323170560,Effective Decode Concurrency,requests,max,5.00
173,1780554682323170560,1780554683323170560,Effective Decode Concurrency,requests,p50,5.00
173,1780554682323170560,1780554683323170560,Effective Decode Concurrency,requests,p90,5.00
173,1780554682323170560,1780554683323170560,Effective Decode Concurrency,requests,p95,5.00
173,1780554682323170560,1780554683323170560,Effective Decode Concurrency,requests,p99,5.00
173,1780554682323170560,1780554683323170560,Effective Decode Concurrency,requests,std,0.00
173,1780554682323170560,1780554683323170560,Effective Decode Throughput,tokens/sec,avg,39.90
173,1780554682323170560,1780554683323170560,Effective Decode Throughput,tokens/sec,min,33.73
173,1780554682323170560,1780554683323170560,Effective Decode Throughput,tokens/sec,max,44.67
173,1780554682323170560,1780554683323170560,Effective Decode Throughput,tokens/sec,p50,39.90
173,1780554682323170560,1780554683323170560,Effective Decode Throughput,tokens/sec,p90,39.93
173,1780554682323170560,1780554683323170560,Effective Decode Throughput,tokens/sec,p95,39.93
173,1780554682323170560,1780554683323170560,Effective Decode Throughput,tokens/sec,p99,39.93
173,1780554682323170560,1780554683323170560,Effective Decode Throughput,tokens/sec,std,0.02
173,1780554682323170560,1780554683323170560,Effective Decode Throughput Per User,tokens/sec/user,avg,7.98
173,1780554682323170560,1780554683323170560,Effective Decode Throughput Per User,tokens/sec/user,min,6.75
173,1780554682323170560,1780554683323170560,Effective Decode Throughput Per User,tokens/sec/user,max,8.93
173,1780554682323170560,1780554683323170560,Effective Decode Throughput Per User,tokens/sec/user,p50,7.98
173,1780554682323170560,1780554683323170560,Effective Decode Throughput Per User,tokens/sec/user,p90,7.99
173,1780554682323170560,1780554683323170560,Effective Decode Throughput Per User,tokens/sec/user,p95,7.99
173,1780554682323170560,1780554683323170560,Effective Decode Throughput Per User,tokens/sec/user,p99,7.99
173,1780554682323170560,1780554683323170560,Effective Decode Throughput Per User,tokens/sec/user,std,0.00
173,1780554682323170560,1780554683323170560,Effective Prefill Concurrency,requests,avg,0.15
173,1780554682323170560,1780554683323170560,Effective Prefill Concurrency,requests,min,0.00
173,1780554682323170560,1780554683323170560,Effective Prefill Concurrency,requests,max,1.00
173,1780554682323170560,1780554683323170560,Effective Prefill Concurrency,requests,p50,0.00
173,1780554682323170560,1780554683323170560,Effective Prefill Concurrency,requests,p90,1.00
173,1780554682323170560,1780554683323170560,Effective Prefill Concurrency,requests,p95,1.00
173,1780554682323170560,1780554683323170560,Effective Prefill Concurrency,requests,p99,1.00
173,1780554682323170560,1780554683323170560,Effective Prefill Concurrency,requests,std,0.36
173,1780554682323170560,1780554683323170560,Effective Prefill Throughput,tokens/sec,avg,1417.38
173,1780554682323170560,1780554683323170560,Effective Prefill Throughput,tokens/sec,min,0.00
173,1780554682323170560,1780554683323170560,Effective Prefill Throughput,tokens/sec,max,9540.55
173,1780554682323170560,1780554683323170560,Effective Prefill Throughput,tokens/sec,p50,0.00
173,1780554682323170560,1780554683323170560,Effective Prefill Throughput,tokens/sec,p90,9540.55
173,1780554682323170560,1780554683323170560,Effective Prefill Throughput,tokens/sec,p95,9540.55
173,1780554682323170560,1780554683323170560,Effective Prefill Throughput,tokens/sec,p99,9540.55
173,1780554682323170560,1780554683323170560,Effective Prefill Throughput,tokens/sec,std,3393.17
173,1780554682323170560,1780554683323170560,Effective Prefill Throughput Per User,tokens/sec/user,avg,1417.38
173,1780554682323170560,1780554683323170560,Effective Prefill Throughput Per User,tokens/sec/user,min,0.00
173,1780554682323170560,1780554683323170560,Effective Prefill Throughput Per User,tokens/sec/user,max,9540.55
173,1780554682323170560,1780554683323170560,Effective Prefill Throughput Per User,tokens/sec/user,p50,0.00
173,1780554682323170560,1780554683323170560,Effective Prefill Throughput Per User,tokens/sec/user,p90,9540.55
173,1780554682323170560,1780554683323170560,Effective Prefill Throughput Per User,tokens/sec/user,p95,9540.55
173,1780554682323170560,1780554683323170560,Effective Prefill Throughput Per User,tokens/sec/user,p99,9540.55
173,1780554682323170560,1780554683323170560,Effective Prefill Throughput Per User,tokens/sec/user,std,3393.17
173,1780554682323170560,1780554683323170560,Effective Total Throughput,tokens/sec,avg,1459.71
173,1780554682323170560,1780554683323170560,Effective Total Throughput,tokens/sec,min,42.33
173,1780554682323170560,1780554683323170560,Effective Total Throughput,tokens/sec,max,9582.88
173,1780554682323170560,1780554683323170560,Effective Total Throughput,tokens/sec,p50,42.33
173,1780554682323170560,1780554683323170560,Effective Total Throughput,tokens/sec,p90,9582.88
173,1780554682323170560,1780554683323170560,Effective Total Throughput,tokens/sec,p95,9582.88
173,1780554682323170560,1780554683323170560,Effective Total Throughput,tokens/sec,p99,9582.88
173,1780554682323170560,1780554683323170560,Effective Total Throughput,tokens/sec,std,3393.17
173,1780554682323170560,1780554683323170560,HTTP Blocked,ms,avg,0.00
173,1780554682323170560,1780554683323170560,HTTP Blocked,ms,min,0.00
173,1780554682323170560,1780554683323170560,HTTP Blocked,ms,max,0.00
173,1780554682323170560,1780554683323170560,HTTP Blocked,ms,sum,0.00
173,1780554682323170560,1780554683323170560,HTTP Blocked,ms,p1,0.00
173,1780554682323170560,1780554683323170560,HTTP Blocked,ms,p5,0.00
173,1780554682323170560,1780554683323170560,HTTP Blocked,ms,p10,0.00
173,1780554682323170560,1780554683323170560,HTTP Blocked,ms,p25,0.00
173,1780554682323170560,1780554683323170560,HTTP Blocked,ms,p50,0.00
173,1780554682323170560,1780554683323170560,HTTP Blocked,ms,p75,0.00
173,1780554682323170560,1780554683323170560,HTTP Blocked,ms,p90,0.00
173,1780554682323170560,1780554683323170560,HTTP Blocked,ms,p95,0.00
173,1780554682323170560,1780554683323170560,HTTP Blocked,ms,p99,0.00
173,1780554682323170560,1780554683323170560,HTTP Blocked,ms,std,0.00
173,1780554682323170560,1780554683323170560,HTTP Chunks Received,count,avg,6.00
173,1780554682323170560,1780554683323170560,HTTP Chunks Received,count,min,6.00
173,1780554682323170560,1780554683323170560,HTTP Chunks Received,count,max,6.00
173,1780554682323170560,1780554683323170560,HTTP Chunks Received,count,sum,6.00
173,1780554682323170560,1780554683323170560,HTTP Chunks Received,count,p1,6.00
173,1780554682323170560,1780554683323170560,HTTP Chunks Received,count,p5,6.00
173,1780554682323170560,1780554683323170560,HTTP Chunks Received,count,p10,6.00
173,1780554682323170560,1780554683323170560,HTTP Chunks Received,count,p25,6.00
173,1780554682323170560,1780554683323170560,HTTP Chunks Received,count,p50,6.00
173,1780554682323170560,1780554683323170560,HTTP Chunks Received,count,p75,6.00
173,1780554682323170560,1780554683323170560,HTTP Chunks Received,count,p90,6.00
173,1780554682323170560,1780554683323170560,HTTP Chunks Received,count,p95,6.00
173,1780554682323170560,1780554683323170560,HTTP Chunks Received,count,p99,6.00
173,1780554682323170560,1780554683323170560,HTTP Chunks Received,count,std,0.00
173,1780554682323170560,1780554683323170560,HTTP Chunks Sent,count,avg,1.00
173,1780554682323170560,1780554683323170560,HTTP Chunks Sent,count,min,1.00
173,1780554682323170560,1780554683323170560,HTTP Chunks Sent,count,max,1.00
173,1780554682323170560,1780554683323170560,HTTP Chunks Sent,count,sum,1.00
173,1780554682323170560,1780554683323170560,HTTP Chunks Sent,count,p1,1.00
173,1780554682323170560,1780554683323170560,HTTP Chunks Sent,count,p5,1.00
173,1780554682323170560,1780554683323170560,HTTP Chunks Sent,count,p10,1.00
173,1780554682323170560,1780554683323170560,HTTP Chunks Sent,count,p25,1.00
173,1780554682323170560,1780554683323170560,HTTP Chunks Sent,count,p50,1.00
173,1780554682323170560,1780554683323170560,HTTP Chunks Sent,count,p75,1.00
173,1780554682323170560,1780554683323170560,HTTP Chunks Sent,count,p90,1.00
173,1780554682323170560,1780554683323170560,HTTP Chunks Sent,count,p95,1.00
173,1780554682323170560,1780554683323170560,HTTP Chunks Sent,count,p99,1.00
173,1780554682323170560,1780554683323170560,HTTP Chunks Sent,count,std,0.00
173,1780554682323170560,1780554683323170560,HTTP Connecting,ms,avg,0.49
173,1780554682323170560,1780554683323170560,HTTP Connecting,ms,min,0.49
173,1780554682323170560,1780554683323170560,HTTP Connecting,ms,max,0.49
173,1780554682323170560,1780554683323170560,HTTP Connecting,ms,sum,0.49
173,1780554682323170560,1780554683323170560,HTTP Connecting,ms,p1,0.49
173,1780554682323170560,1780554683323170560,HTTP Connecting,ms,p5,0.49
173,1780554682323170560,1780554683323170560,HTTP Connecting,ms,p10,0.49
173,1780554682323170560,1780554683323170560,HTTP Connecting,ms,p25,0.49
173,1780554682323170560,1780554683323170560,HTTP Connecting,ms,p50,0.49
173,1780554682323170560,1780554683323170560,HTTP Connecting,ms,p75,0.49
173,1780554682323170560,1780554683323170560,HTTP Connecting,ms,p90,0.49
173,1780554682323170560,1780554683323170560,HTTP Connecting,ms,p95,0.49
173,1780554682323170560,1780554683323170560,HTTP Connecting,ms,p99,0.49
173,1780554682323170560,1780554683323170560,HTTP Connecting,ms,std,0.00
173,1780554682323170560,1780554683323170560,HTTP Connection Overhead,ms,avg,0.49
173,1780554682323170560,1780554683323170560,HTTP Connection Overhead,ms,min,0.49
173,1780554682323170560,1780554683323170560,HTTP Connection Overhead,ms,max,0.49
173,1780554682323170560,1780554683323170560,HTTP Connection Overhead,ms,sum,0.49
173,1780554682323170560,1780554683323170560,HTTP Connection Overhead,ms,p1,0.49
173,1780554682323170560,1780554683323170560,HTTP Connection Overhead,ms,p5,0.49
173,1780554682323170560,1780554683323170560,HTTP Connection Overhead,ms,p10,0.49
173,1780554682323170560,1780554683323170560,HTTP Connection Overhead,ms,p25,0.49
173,1780554682323170560,1780554683323170560,HTTP Connection Overhead,ms,p50,0.49
173,1780554682323170560,1780554683323170560,HTTP Connection Overhead,ms,p75,0.49
173,1780554682323170560,1780554683323170560,HTTP Connection Overhead,ms,p90,0.49
173,1780554682323170560,1780554683323170560,HTTP Connection Overhead,ms,p95,0.49
173,1780554682323170560,1780554683323170560,HTTP Connection Overhead,ms,p99,0.49
173,1780554682323170560,1780554683323170560,HTTP Connection Overhead,ms,std,0.00
173,1780554682323170560,1780554683323170560,HTTP Connection Reused,ratio,avg,0.00
173,1780554682323170560,1780554683323170560,HTTP Connection Reused,ratio,min,0.00
173,1780554682323170560,1780554683323170560,HTTP Connection Reused,ratio,max,0.00
173,1780554682323170560,1780554683323170560,HTTP Connection Reused,ratio,sum,0.00
173,1780554682323170560,1780554683323170560,HTTP Connection Reused,ratio,p1,0.00
173,1780554682323170560,1780554683323170560,HTTP Connection Reused,ratio,p5,0.00
173,1780554682323170560,1780554683323170560,HTTP Connection Reused,ratio,p10,0.00
173,1780554682323170560,1780554683323170560,HTTP Connection Reused,ratio,p25,0.00
173,1780554682323170560,1780554683323170560,HTTP Connection Reused,ratio,p50,0.00
173,1780554682323170560,1780554683323170560,HTTP Connection Reused,ratio,p75,0.00
173,1780554682323170560,1780554683323170560,HTTP Connection Reused,ratio,p90,0.00
173,1780554682323170560,1780554683323170560,HTTP Connection Reused,ratio,p95,0.00
173,1780554682323170560,1780554683323170560,HTTP Connection Reused,ratio,p99,0.00
173,1780554682323170560,1780554683323170560,HTTP Connection Reused,ratio,std,0.00
173,1780554682323170560,1780554683323170560,HTTP Data Received,KB,avg,2.09
173,1780554682323170560,1780554683323170560,HTTP Data Received,KB,min,2.09
173,1780554682323170560,1780554683323170560,HTTP Data Received,KB,max,2.09
173,1780554682323170560,1780554683323170560,HTTP Data Received,KB,sum,2.09
173,1780554682323170560,1780554683323170560,HTTP Data Received,KB,p1,2.09
173,1780554682323170560,1780554683323170560,HTTP Data Received,KB,p5,2.09
173,1780554682323170560,1780554683323170560,HTTP Data Received,KB,p10,2.09
173,1780554682323170560,1780554683323170560,HTTP Data Received,KB,p25,2.09
173,1780554682323170560,1780554683323170560,HTTP Data Received,KB,p50,2.09
173,1780554682323170560,1780554683323170560,HTTP Data Received,KB,p75,2.09
173,1780554682323170560,1780554683323170560,HTTP Data Received,KB,p90,2.09
173,1780554682323170560,1780554683323170560,HTTP Data Received,KB,p95,2.09
173,1780554682323170560,1780554683323170560,HTTP Data Received,KB,p99,2.09
173,1780554682323170560,1780554683323170560,HTTP Data Received,KB,std,0.00
173,1780554682323170560,1780554683323170560,HTTP Data Sent,KB,avg,344.89
173,1780554682323170560,1780554683323170560,HTTP Data Sent,KB,min,344.89
173,1780554682323170560,1780554683323170560,HTTP Data Sent,KB,max,344.89
173,1780554682323170560,1780554683323170560,HTTP Data Sent,KB,sum,344.89
173,1780554682323170560,1780554683323170560,HTTP Data Sent,KB,p1,344.89
173,1780554682323170560,1780554683323170560,HTTP Data Sent,KB,p5,344.89
173,1780554682323170560,1780554683323170560,HTTP Data Sent,KB,p10,344.89
173,1780554682323170560,1780554683323170560,HTTP Data Sent,KB,p25,344.89
173,1780554682323170560,1780554683323170560,HTTP Data Sent,KB,p50,344.89
173,1780554682323170560,1780554683323170560,HTTP Data Sent,KB,p75,344.89
173,1780554682323170560,1780554683323170560,HTTP Data Sent,KB,p90,344.89
173,1780554682323170560,1780554683323170560,HTTP Data Sent,KB,p95,344.89
173,1780554682323170560,1780554683323170560,HTTP Data Sent,KB,p99,344.89
173,1780554682323170560,1780554683323170560,HTTP Data Sent,KB,std,0.00
173,1780554682323170560,1780554683323170560,HTTP DNS Lookup,ms,avg,0.00
173,1780554682323170560,1780554683323170560,HTTP DNS Lookup,ms,min,0.00
173,1780554682323170560,1780554683323170560,HTTP DNS Lookup,ms,max,0.00
173,1780554682323170560,1780554683323170560,HTTP DNS Lookup,ms,sum,0.00
173,1780554682323170560,1780554683323170560,HTTP DNS Lookup,ms,p1,0.00
173,1780554682323170560,1780554683323170560,HTTP DNS Lookup,ms,p5,0.00
173,1780554682323170560,1780554683323170560,HTTP DNS Lookup,ms,p10,0.00
173,1780554682323170560,1780554683323170560,HTTP DNS Lookup,ms,p25,0.00
173,1780554682323170560,1780554683323170560,HTTP DNS Lookup,ms,p50,0.00
173,1780554682323170560,1780554683323170560,HTTP DNS Lookup,ms,p75,0.00
173,1780554682323170560,1780554683323170560,HTTP DNS Lookup,ms,p90,0.00
173,1780554682323170560,1780554683323170560,HTTP DNS Lookup,ms,p95,0.00
173,1780554682323170560,1780554683323170560,HTTP DNS Lookup,ms,p99,0.00
173,1780554682323170560,1780554683323170560,HTTP DNS Lookup,ms,std,0.00
173,1780554682323170560,1780554683323170560,HTTP Duration (excl. conn),ms,avg,11278.48
173,1780554682323170560,1780554683323170560,HTTP Duration (excl. conn),ms,min,11278.48
173,1780554682323170560,1780554683323170560,HTTP Duration (excl. conn),ms,max,11278.48
173,1780554682323170560,1780554683323170560,HTTP Duration (excl. conn),ms,sum,11278.48
173,1780554682323170560,1780554683323170560,HTTP Duration (excl. conn),ms,p1,11278.48
173,1780554682323170560,1780554683323170560,HTTP Duration (excl. conn),ms,p5,11278.48
173,1780554682323170560,1780554683323170560,HTTP Duration (excl. conn),ms,p10,11278.48
173,1780554682323170560,1780554683323170560,HTTP Duration (excl. conn),ms,p25,11278.48
173,1780554682323170560,1780554683323170560,HTTP Duration (excl. conn),ms,p50,11278.48
173,1780554682323170560,1780554683323170560,HTTP Duration (excl. conn),ms,p75,11278.48
173,1780554682323170560,1780554683323170560,HTTP Duration (excl. conn),ms,p90,11278.48
173,1780554682323170560,1780554683323170560,HTTP Duration (excl. conn),ms,p95,11278.48
173,1780554682323170560,1780554683323170560,HTTP Duration (excl. conn),ms,p99,11278.48
173,1780554682323170560,1780554683323170560,HTTP Duration (excl. conn),ms,std,0.00
173,1780554682323170560,1780554683323170560,HTTP Receiving,ms,avg,1950.82
173,1780554682323170560,1780554683323170560,HTTP Receiving,ms,min,1950.82
173,1780554682323170560,1780554683323170560,HTTP Receiving,ms,max,1950.82
173,1780554682323170560,1780554683323170560,HTTP Receiving,ms,sum,1950.82
173,1780554682323170560,1780554683323170560,HTTP Receiving,ms,p1,1950.82
173,1780554682323170560,1780554683323170560,HTTP Receiving,ms,p5,1950.82
173,1780554682323170560,1780554683323170560,HTTP Receiving,ms,p10,1950.82
173,1780554682323170560,1780554683323170560,HTTP Receiving,ms,p25,1950.82
173,1780554682323170560,1780554683323170560,HTTP Receiving,ms,p50,1950.82
173,1780554682323170560,1780554683323170560,HTTP Receiving,ms,p75,1950.82
173,1780554682323170560,1780554683323170560,HTTP Receiving,ms,p90,1950.82
173,1780554682323170560,1780554683323170560,HTTP Receiving,ms,p95,1950.82
173,1780554682323170560,1780554683323170560,HTTP Receiving,ms,p99,1950.82
173,1780554682323170560,1780554683323170560,HTTP Receiving,ms,std,0.00
173,1780554682323170560,1780554683323170560,HTTP Sending,ms,avg,0.69
173,1780554682323170560,1780554683323170560,HTTP Sending,ms,min,0.69
173,1780554682323170560,1780554683323170560,HTTP Sending,ms,max,0.69
173,1780554682323170560,1780554683323170560,HTTP Sending,ms,sum,0.69
173,1780554682323170560,1780554683323170560,HTTP Sending,ms,p1,0.69
173,1780554682323170560,1780554683323170560,HTTP Sending,ms,p5,0.69
173,1780554682323170560,1780554683323170560,HTTP Sending,ms,p10,0.69
173,1780554682323170560,1780554683323170560,HTTP Sending,ms,p25,0.69
173,1780554682323170560,1780554683323170560,HTTP Sending,ms,p50,0.69
173,1780554682323170560,1780554683323170560,HTTP Sending,ms,p75,0.69
173,1780554682323170560,1780554683323170560,HTTP Sending,ms,p90,0.69
173,1780554682323170560,1780554683323170560,HTTP Sending,ms,p95,0.69
173,1780554682323170560,1780554683323170560,HTTP Sending,ms,p99,0.69
173,1780554682323170560,1780554683323170560,HTTP Sending,ms,std,0.00
173,1780554682323170560,1780554683323170560,HTTP Total Time,ms,avg,11278.97
173,1780554682323170560,1780554683323170560,HTTP Total Time,ms,min,11278.97
173,1780554682323170560,1780554683323170560,HTTP Total Time,ms,max,11278.97
173,1780554682323170560,1780554683323170560,HTTP Total Time,ms,sum,11278.97
173,1780554682323170560,1780554683323170560,HTTP Total Time,ms,p1,11278.97
173,1780554682323170560,1780554683323170560,HTTP Total Time,ms,p5,11278.97
173,1780554682323170560,1780554683323170560,HTTP Total Time,ms,p10,11278.97
173,1780554682323170560,1780554683323170560,HTTP Total Time,ms,p25,11278.97
173,1780554682323170560,1780554683323170560,HTTP Total Time,ms,p50,11278.97
173,1780554682323170560,1780554683323170560,HTTP Total Time,ms,p75,11278.97
173,1780554682323170560,1780554683323170560,HTTP Total Time,ms,p90,11278.97
173,1780554682323170560,1780554683323170560,HTTP Total Time,ms,p95,11278.97
173,1780554682323170560,1780554683323170560,HTTP Total Time,ms,p99,11278.97
173,1780554682323170560,1780554683323170560,HTTP Total Time,ms,std,0.00
173,1780554682323170560,1780554683323170560,HTTP Waiting (TTFB),ms,avg,9326.98
173,1780554682323170560,1780554683323170560,HTTP Waiting (TTFB),ms,min,9326.98
173,1780554682323170560,1780554683323170560,HTTP Waiting (TTFB),ms,max,9326.98
173,1780554682323170560,1780554683323170560,HTTP Waiting (TTFB),ms,sum,9326.98
173,1780554682323170560,1780554683323170560,HTTP Waiting (TTFB),ms,p1,9326.98
173,1780554682323170560,1780554683323170560,HTTP Waiting (TTFB),ms,p5,9326.98
173,1780554682323170560,1780554683323170560,HTTP Waiting (TTFB),ms,p10,9326.98
173,1780554682323170560,1780554683323170560,HTTP Waiting (TTFB),ms,p25,9326.98
173,1780554682323170560,1780554683323170560,HTTP Waiting (TTFB),ms,p50,9326.98
173,1780554682323170560,1780554683323170560,HTTP Waiting (TTFB),ms,p75,9326.98
173,1780554682323170560,1780554683323170560,HTTP Waiting (TTFB),ms,p90,9326.98
173,1780554682323170560,1780554683323170560,HTTP Waiting (TTFB),ms,p95,9326.98
173,1780554682323170560,1780554683323170560,HTTP Waiting (TTFB),ms,p99,9326.98
173,1780554682323170560,1780554683323170560,HTTP Waiting (TTFB),ms,std,0.00
173,1780554682323170560,1780554683323170560,Input Sequence Length,tokens,avg,88992.00
173,1780554682323170560,1780554683323170560,Input Sequence Length,tokens,min,88992.00
173,1780554682323170560,1780554683323170560,Input Sequence Length,tokens,max,88992.00
173,1780554682323170560,1780554683323170560,Input Sequence Length,tokens,sum,88992.00
173,1780554682323170560,1780554683323170560,Input Sequence Length,tokens,p1,88992.00
173,1780554682323170560,1780554683323170560,Input Sequence Length,tokens,p5,88992.00
173,1780554682323170560,1780554683323170560,Input Sequence Length,tokens,p10,88992.00
173,1780554682323170560,1780554683323170560,Input Sequence Length,tokens,p25,88992.00
173,1780554682323170560,1780554683323170560,Input Sequence Length,tokens,p50,88992.00
173,1780554682323170560,1780554683323170560,Input Sequence Length,tokens,p75,88992.00
173,1780554682323170560,1780554683323170560,Input Sequence Length,tokens,p90,88992.00
173,1780554682323170560,1780554683323170560,Input Sequence Length,tokens,p95,88992.00
173,1780554682323170560,1780554683323170560,Input Sequence Length,tokens,p99,88992.00
173,1780554682323170560,1780554683323170560,Input Sequence Length,tokens,std,0.00
173,1780554682323170560,1780554683323170560,Input Token Throughput,tokens/sec,avg,88992.00
173,1780554682323170560,1780554683323170560,Inter Chunk Latency,ms,avg,936.40
173,1780554682323170560,1780554683323170560,Inter Chunk Latency,ms,min,936.36
173,1780554682323170560,1780554683323170560,Inter Chunk Latency,ms,max,936.42
173,1780554682323170560,1780554683323170560,Inter Chunk Latency,ms,sum,4681.98
173,1780554682323170560,1780554683323170560,Inter Chunk Latency,ms,p1,936.36
173,1780554682323170560,1780554683323170560,Inter Chunk Latency,ms,p5,936.36
173,1780554682323170560,1780554683323170560,Inter Chunk Latency,ms,p10,936.36
173,1780554682323170560,1780554683323170560,Inter Chunk Latency,ms,p25,936.37
173,1780554682323170560,1780554683323170560,Inter Chunk Latency,ms,p50,936.41
173,1780554682323170560,1780554683323170560,Inter Chunk Latency,ms,p75,936.42
173,1780554682323170560,1780554683323170560,Inter Chunk Latency,ms,p90,936.42
173,1780554682323170560,1780554683323170560,Inter Chunk Latency,ms,p95,936.42
173,1780554682323170560,1780554683323170560,Inter Chunk Latency,ms,p99,936.42
173,1780554682323170560,1780554683323170560,Inter Chunk Latency,ms,std,0.03
173,1780554682323170560,1780554683323170560,Inter Token Latency,ms,avg,390.16
173,1780554682323170560,1780554683323170560,Inter Token Latency,ms,min,390.16
173,1780554682323170560,1780554683323170560,Inter Token Latency,ms,max,390.16
173,1780554682323170560,1780554683323170560,Inter Token Latency,ms,sum,390.16
173,1780554682323170560,1780554683323170560,Inter Token Latency,ms,p1,390.16
173,1780554682323170560,1780554683323170560,Inter Token Latency,ms,p5,390.16
173,1780554682323170560,1780554683323170560,Inter Token Latency,ms,p10,390.16
173,1780554682323170560,1780554683323170560,Inter Token Latency,ms,p25,390.16
173,1780554682323170560,1780554683323170560,Inter Token Latency,ms,p50,390.16
173,1780554682323170560,1780554683323170560,Inter Token Latency,ms,p75,390.16
173,1780554682323170560,1780554683323170560,Inter Token Latency,ms,p90,390.16
173,1780554682323170560,1780554683323170560,Inter Token Latency,ms,p95,390.16
173,1780554682323170560,1780554683323170560,Inter Token Latency,ms,p99,390.16
173,1780554682323170560,1780554683323170560,Inter Token Latency,ms,std,0.00
173,1780554682323170560,1780554683323170560,Maximum Response Timestamp,ns,avg,1780554694453177856.00
173,1780554682323170560,1780554683323170560,Minimum Request Timestamp,ns,avg,1780554683174606848.00
173,1780554682323170560,1780554683323170560,OSL Mismatch Count,requests,avg,0.00
173,1780554682323170560,1780554683323170560,OSL Mismatch Diff %,%,avg,0.00
173,1780554682323170560,1780554683323170560,OSL Mismatch Diff %,%,min,0.00
173,1780554682323170560,1780554683323170560,OSL Mismatch Diff %,%,max,0.00
173,1780554682323170560,1780554683323170560,OSL Mismatch Diff %,%,sum,0.00
173,1780554682323170560,1780554683323170560,OSL Mismatch Diff %,%,p1,0.00
173,1780554682323170560,1780554683323170560,OSL Mismatch Diff %,%,p5,0.00
173,1780554682323170560,1780554683323170560,OSL Mismatch Diff %,%,p10,0.00
173,1780554682323170560,1780554683323170560,OSL Mismatch Diff %,%,p25,0.00
173,1780554682323170560,1780554683323170560,OSL Mismatch Diff %,%,p50,0.00
173,1780554682323170560,1780554683323170560,OSL Mismatch Diff %,%,p75,0.00
173,1780554682323170560,1780554683323170560,OSL Mismatch Diff %,%,p90,0.00
173,1780554682323170560,1780554683323170560,OSL Mismatch Diff %,%,p95,0.00
173,1780554682323170560,1780554683323170560,OSL Mismatch Diff %,%,p99,0.00
173,1780554682323170560,1780554683323170560,OSL Mismatch Diff %,%,std,0.00
173,1780554682323170560,1780554683323170560,Output Sequence Length,tokens,avg,6.00
173,1780554682323170560,1780554683323170560,Output Sequence Length,tokens,min,6.00
173,1780554682323170560,1780554683323170560,Output Sequence Length,tokens,max,6.00
173,1780554682323170560,1780554683323170560,Output Sequence Length,tokens,sum,6.00
173,1780554682323170560,1780554683323170560,Output Sequence Length,tokens,p1,6.00
173,1780554682323170560,1780554683323170560,Output Sequence Length,tokens,p5,6.00
173,1780554682323170560,1780554683323170560,Output Sequence Length,tokens,p10,6.00
173,1780554682323170560,1780554683323170560,Output Sequence Length,tokens,p25,6.00
173,1780554682323170560,1780554683323170560,Output Sequence Length,tokens,p50,6.00
173,1780554682323170560,1780554683323170560,Output Sequence Length,tokens,p75,6.00
173,1780554682323170560,1780554683323170560,Output Sequence Length,tokens,p90,6.00
173,1780554682323170560,1780554683323170560,Output Sequence Length,tokens,p95,6.00
173,1780554682323170560,1780554683323170560,Output Sequence Length,tokens,p99,6.00
173,1780554682323170560,1780554683323170560,Output Sequence Length,tokens,std,0.00
173,1780554682323170560,1780554683323170560,Output Token Count,tokens,avg,6.00
173,1780554682323170560,1780554683323170560,Output Token Count,tokens,min,6.00
173,1780554682323170560,1780554683323170560,Output Token Count,tokens,max,6.00
173,1780554682323170560,1780554683323170560,Output Token Count,tokens,sum,6.00
173,1780554682323170560,1780554683323170560,Output Token Count,tokens,p1,6.00
173,1780554682323170560,1780554683323170560,Output Token Count,tokens,p5,6.00
173,1780554682323170560,1780554683323170560,Output Token Count,tokens,p10,6.00
173,1780554682323170560,1780554683323170560,Output Token Count,tokens,p25,6.00
173,1780554682323170560,1780554683323170560,Output Token Count,tokens,p50,6.00
173,1780554682323170560,1780554683323170560,Output Token Count,tokens,p75,6.00
173,1780554682323170560,1780554683323170560,Output Token Count,tokens,p90,6.00
173,1780554682323170560,1780554683323170560,Output Token Count,tokens,p95,6.00
173,1780554682323170560,1780554683323170560,Output Token Count,tokens,p99,6.00
173,1780554682323170560,1780554683323170560,Output Token Count,tokens,std,0.00
173,1780554682323170560,1780554683323170560,Output Token Throughput,tokens/sec,avg,6.00
173,1780554682323170560,1780554683323170560,Output Token Throughput Per User,tokens/sec/user,avg,2.56
173,1780554682323170560,1780554683323170560,Output Token Throughput Per User,tokens/sec/user,min,2.56
173,1780554682323170560,1780554683323170560,Output Token Throughput Per User,tokens/sec/user,max,2.56
173,1780554682323170560,1780554683323170560,Output Token Throughput Per User,tokens/sec/user,sum,2.56
173,1780554682323170560,1780554683323170560,Output Token Throughput Per User,tokens/sec/user,p1,2.56
173,1780554682323170560,1780554683323170560,Output Token Throughput Per User,tokens/sec/user,p5,2.56
173,1780554682323170560,1780554683323170560,Output Token Throughput Per User,tokens/sec/user,p10,2.56
173,1780554682323170560,1780554683323170560,Output Token Throughput Per User,tokens/sec/user,p25,2.56
173,1780554682323170560,1780554683323170560,Output Token Throughput Per User,tokens/sec/user,p50,2.56
173,1780554682323170560,1780554683323170560,Output Token Throughput Per User,tokens/sec/user,p75,2.56
173,1780554682323170560,1780554683323170560,Output Token Throughput Per User,tokens/sec/user,p90,2.56
173,1780554682323170560,1780554683323170560,Output Token Throughput Per User,tokens/sec/user,p95,2.56
173,1780554682323170560,1780554683323170560,Output Token Throughput Per User,tokens/sec/user,p99,2.56
173,1780554682323170560,1780554683323170560,Output Token Throughput Per User,tokens/sec/user,std,0.00
173,1780554682323170560,1780554683323170560,Prefill Throughput Per User,tokens/sec/user,avg,9540.55
173,1780554682323170560,1780554683323170560,Prefill Throughput Per User,tokens/sec/user,min,9540.55
173,1780554682323170560,1780554683323170560,Prefill Throughput Per User,tokens/sec/user,max,9540.55
173,1780554682323170560,1780554683323170560,Prefill Throughput Per User,tokens/sec/user,sum,9540.55
173,1780554682323170560,1780554683323170560,Prefill Throughput Per User,tokens/sec/user,p1,9540.55
173,1780554682323170560,1780554683323170560,Prefill Throughput Per User,tokens/sec/user,p5,9540.55
173,1780554682323170560,1780554683323170560,Prefill Throughput Per User,tokens/sec/user,p10,9540.55
173,1780554682323170560,1780554683323170560,Prefill Throughput Per User,tokens/sec/user,p25,9540.55
173,1780554682323170560,1780554683323170560,Prefill Throughput Per User,tokens/sec/user,p50,9540.55
173,1780554682323170560,1780554683323170560,Prefill Throughput Per User,tokens/sec/user,p75,9540.55
173,1780554682323170560,1780554683323170560,Prefill Throughput Per User,tokens/sec/user,p90,9540.55
173,1780554682323170560,1780554683323170560,Prefill Throughput Per User,tokens/sec/user,p95,9540.55
173,1780554682323170560,1780554683323170560,Prefill Throughput Per User,tokens/sec/user,p99,9540.55
173,1780554682323170560,1780554683323170560,Prefill Throughput Per User,tokens/sec/user,std,0.00
173,1780554682323170560,1780554683323170560,Request Count,requests,avg,1.00
173,1780554682323170560,1780554683323170560,Request Latency,ms,avg,11278.57
173,1780554682323170560,1780554683323170560,Request Latency,ms,min,11278.57
173,1780554682323170560,1780554683323170560,Request Latency,ms,max,11278.57
173,1780554682323170560,1780554683323170560,Request Latency,ms,sum,11278.57
173,1780554682323170560,1780554683323170560,Request Latency,ms,p1,11278.57
173,1780554682323170560,1780554683323170560,Request Latency,ms,p5,11278.57
173,1780554682323170560,1780554683323170560,Request Latency,ms,p10,11278.57
173,1780554682323170560,1780554683323170560,Request Latency,ms,p25,11278.57
173,1780554682323170560,1780554683323170560,Request Latency,ms,p50,11278.57
173,1780554682323170560,1780554683323170560,Request Latency,ms,p75,11278.57
173,1780554682323170560,1780554683323170560,Request Latency,ms,p90,11278.57
173,1780554682323170560,1780554683323170560,Request Latency,ms,p95,11278.57
173,1780554682323170560,1780554683323170560,Request Latency,ms,p99,11278.57
173,1780554682323170560,1780554683323170560,Request Latency,ms,std,0.00
173,1780554682323170560,1780554683323170560,Request Throughput,requests/sec,avg,1.00
173,1780554682323170560,1780554683323170560,Requested OSL,tokens,avg,6.00
173,1780554682323170560,1780554683323170560,Requested OSL,tokens,min,6.00
173,1780554682323170560,1780554683323170560,Requested OSL,tokens,max,6.00
173,1780554682323170560,1780554683323170560,Requested OSL,tokens,sum,6.00
173,1780554682323170560,1780554683323170560,Requested OSL,tokens,p1,6.00
173,1780554682323170560,1780554683323170560,Requested OSL,tokens,p5,6.00
173,1780554682323170560,1780554683323170560,Requested OSL,tokens,p10,6.00
173,1780554682323170560,1780554683323170560,Requested OSL,tokens,p25,6.00
173,1780554682323170560,1780554683323170560,Requested OSL,tokens,p50,6.00
173,1780554682323170560,1780554683323170560,Requested OSL,tokens,p75,6.00
173,1780554682323170560,1780554683323170560,Requested OSL,tokens,p90,6.00
173,1780554682323170560,1780554683323170560,Requested OSL,tokens,p95,6.00
173,1780554682323170560,1780554683323170560,Requested OSL,tokens,p99,6.00
173,1780554682323170560,1780554683323170560,Requested OSL,tokens,std,0.00
173,1780554682323170560,1780554683323170560,Time to First Output Token,ms,avg,9327.76
173,1780554682323170560,1780554683323170560,Time to First Output Token,ms,min,9327.76
173,1780554682323170560,1780554683323170560,Time to First Output Token,ms,max,9327.76
173,1780554682323170560,1780554683323170560,Time to First Output Token,ms,sum,9327.76
173,1780554682323170560,1780554683323170560,Time to First Output Token,ms,p1,9327.76
173,1780554682323170560,1780554683323170560,Time to First Output Token,ms,p5,9327.76
173,1780554682323170560,1780554683323170560,Time to First Output Token,ms,p10,9327.76
173,1780554682323170560,1780554683323170560,Time to First Output Token,ms,p25,9327.76
173,1780554682323170560,1780554683323170560,Time to First Output Token,ms,p50,9327.76
173,1780554682323170560,1780554683323170560,Time to First Output Token,ms,p75,9327.76
173,1780554682323170560,1780554683323170560,Time to First Output Token,ms,p90,9327.76
173,1780554682323170560,1780554683323170560,Time to First Output Token,ms,p95,9327.76
173,1780554682323170560,1780554683323170560,Time to First Output Token,ms,p99,9327.76
173,1780554682323170560,1780554683323170560,Time to First Output Token,ms,std,0.00
173,1780554682323170560,1780554683323170560,Time to First Token,ms,avg,9327.76
173,1780554682323170560,1780554683323170560,Time to First Token,ms,min,9327.76
173,1780554682323170560,1780554683323170560,Time to First Token,ms,max,9327.76
173,1780554682323170560,1780554683323170560,Time to First Token,ms,sum,9327.76
173,1780554682323170560,1780554683323170560,Time to First Token,ms,p1,9327.76
173,1780554682323170560,1780554683323170560,Time to First Token,ms,p5,9327.76
173,1780554682323170560,1780554683323170560,Time to First Token,ms,p10,9327.76
173,1780554682323170560,1780554683323170560,Time to First Token,ms,p25,9327.76
173,1780554682323170560,1780554683323170560,Time to First Token,ms,p50,9327.76
173,1780554682323170560,1780554683323170560,Time to First Token,ms,p75,9327.76
173,1780554682323170560,1780554683323170560,Time to First Token,ms,p90,9327.76
173,1780554682323170560,1780554683323170560,Time to First Token,ms,p95,9327.76
173,1780554682323170560,1780554683323170560,Time to First Token,ms,p99,9327.76
173,1780554682323170560,1780554683323170560,Time to First Token,ms,std,0.00
173,1780554682323170560,1780554683323170560,Time to Second Token,ms,avg,122.42
173,1780554682323170560,1780554683323170560,Time to Second Token,ms,min,122.42
173,1780554682323170560,1780554683323170560,Time to Second Token,ms,max,122.42
173,1780554682323170560,1780554683323170560,Time to Second Token,ms,sum,122.42
173,1780554682323170560,1780554683323170560,Time to Second Token,ms,p1,122.42
173,1780554682323170560,1780554683323170560,Time to Second Token,ms,p5,122.42
173,1780554682323170560,1780554683323170560,Time to Second Token,ms,p10,122.42
173,1780554682323170560,1780554683323170560,Time to Second Token,ms,p25,122.42
173,1780554682323170560,1780554683323170560,Time to Second Token,ms,p50,122.42
173,1780554682323170560,1780554683323170560,Time to Second Token,ms,p75,122.42
173,1780554682323170560,1780554683323170560,Time to Second Token,ms,p90,122.42
173,1780554682323170560,1780554683323170560,Time to Second Token,ms,p95,122.42
173,1780554682323170560,1780554683323170560,Time to Second Token,ms,p99,122.42
173,1780554682323170560,1780554683323170560,Time to Second Token,ms,std,0.00
173,1780554682323170560,1780554683323170560,Tokens In Flight,tokens,avg,392878.67
173,1780554682323170560,1780554683323170560,Tokens In Flight,tokens,min,379656.17
173,1780554682323170560,1780554683323170560,Tokens In Flight,tokens,max,468653.53
173,1780554682323170560,1780554683323170560,Tokens In Flight,tokens,p50,379657.17
173,1780554682323170560,1780554683323170560,Tokens In Flight,tokens,p90,468652.53
173,1780554682323170560,1780554683323170560,Tokens In Flight,tokens,p95,468652.53
173,1780554682323170560,1780554683323170560,Tokens In Flight,tokens,p99,468653.53
173,1780554682323170560,1780554683323170560,Tokens In Flight,tokens,std,31651.93
173,1780554682323170560,1780554683323170560,Total Input Sequence Length,tokens,avg,88992.00
173,1780554682323170560,1780554683323170560,Total Output Sequence Length,tokens,avg,6.00
173,1780554682323170560,1780554683323170560,Total Output Tokens,tokens,avg,6.00
173,1780554682323170560,1780554683323170560,Total Token Throughput,tokens/sec,avg,88998.00
173,1780554682323170560,1780554683323170560,Total Usage Completion Tokens,tokens,avg,6.00
173,1780554682323170560,1780554683323170560,Total Usage Prompt Tokens,tokens,avg,88992.00
173,1780554682323170560,1780554683323170560,Total Usage Total Tokens,tokens,avg,88998.00
173,1780554682323170560,1780554683323170560,Usage Completion Tokens,tokens,avg,6.00
173,1780554682323170560,1780554683323170560,Usage Completion Tokens,tokens,min,6.00
173,1780554682323170560,1780554683323170560,Usage Completion Tokens,tokens,max,6.00
173,1780554682323170560,1780554683323170560,Usage Completion Tokens,tokens,sum,6.00
173,1780554682323170560,1780554683323170560,Usage Completion Tokens,tokens,p1,6.00
173,1780554682323170560,1780554683323170560,Usage Completion Tokens,tokens,p5,6.00
173,1780554682323170560,1780554683323170560,Usage Completion Tokens,tokens,p10,6.00
173,1780554682323170560,1780554683323170560,Usage Completion Tokens,tokens,p25,6.00
173,1780554682323170560,1780554683323170560,Usage Completion Tokens,tokens,p50,6.00
173,1780554682323170560,1780554683323170560,Usage Completion Tokens,tokens,p75,6.00
173,1780554682323170560,1780554683323170560,Usage Completion Tokens,tokens,p90,6.00
173,1780554682323170560,1780554683323170560,Usage Completion Tokens,tokens,p95,6.00
173,1780554682323170560,1780554683323170560,Usage Completion Tokens,tokens,p99,6.00
173,1780554682323170560,1780554683323170560,Usage Completion Tokens,tokens,std,0.00
173,1780554682323170560,1780554683323170560,Usage Prompt Tokens,tokens,avg,88992.00
173,1780554682323170560,1780554683323170560,Usage Prompt Tokens,tokens,min,88992.00
173,1780554682323170560,1780554683323170560,Usage Prompt Tokens,tokens,max,88992.00
173,1780554682323170560,1780554683323170560,Usage Prompt Tokens,tokens,sum,88992.00
173,1780554682323170560,1780554683323170560,Usage Prompt Tokens,tokens,p1,88992.00
173,1780554682323170560,1780554683323170560,Usage Prompt Tokens,tokens,p5,88992.00
173,1780554682323170560,1780554683323170560,Usage Prompt Tokens,tokens,p10,88992.00
173,1780554682323170560,1780554683323170560,Usage Prompt Tokens,tokens,p25,88992.00
173,1780554682323170560,1780554683323170560,Usage Prompt Tokens,tokens,p50,88992.00
173,1780554682323170560,1780554683323170560,Usage Prompt Tokens,tokens,p75,88992.00
173,1780554682323170560,1780554683323170560,Usage Prompt Tokens,tokens,p90,88992.00
173,1780554682323170560,1780554683323170560,Usage Prompt Tokens,tokens,p95,88992.00
173,1780554682323170560,1780554683323170560,Usage Prompt Tokens,tokens,p99,88992.00
173,1780554682323170560,1780554683323170560,Usage Prompt Tokens,tokens,std,0.00
173,1780554682323170560,1780554683323170560,Usage Total Tokens,tokens,avg,88998.00
173,1780554682323170560,1780554683323170560,Usage Total Tokens,tokens,min,88998.00
173,1780554682323170560,1780554683323170560,Usage Total Tokens,tokens,max,88998.00
173,1780554682323170560,1780554683323170560,Usage Total Tokens,tokens,sum,88998.00
173,1780554682323170560,1780554683323170560,Usage Total Tokens,tokens,p1,88998.00
173,1780554682323170560,1780554683323170560,Usage Total Tokens,tokens,p5,88998.00
173,1780554682323170560,1780554683323170560,Usage Total Tokens,tokens,p10,88998.00
173,1780554682323170560,1780554683323170560,Usage Total Tokens,tokens,p25,88998.00
173,1780554682323170560,1780554683323170560,Usage Total Tokens,tokens,p50,88998.00
173,1780554682323170560,1780554683323170560,Usage Total Tokens,tokens,p75,88998.00
173,1780554682323170560,1780554683323170560,Usage Total Tokens,tokens,p90,88998.00
173,1780554682323170560,1780554683323170560,Usage Total Tokens,tokens,p95,88998.00
173,1780554682323170560,1780554683323170560,Usage Total Tokens,tokens,p99,88998.00
173,1780554682323170560,1780554683323170560,Usage Total Tokens,tokens,std,0.00
